,TIME,SRC,PACKET_SIZE,CUMULATIVE_PACKET_SIZE,PAGE_NUMBER,TOTAL_PACKET_SIZE
0,0.0,74.125.130.0-255,143,143,13,168722
1,2.5e-05,172.31.36.0-255,66,209,13,168722
2,3.2e-05,74.125.130.0-255,1484,1693,13,168722
3,3.7e-05,172.31.36.0-255,66,1759,13,168722
4,5.2e-05,74.125.130.0-255,2902,4661,13,168722
5,5.6e-05,172.31.36.0-255,66,4727,13,168722
6,6.4e-05,74.125.130.0-255,7156,11883,13,168722
7,6.7e-05,172.31.36.0-255,66,11949,13,168722
8,7e-05,74.125.130.0-255,1484,13433,13,168722
9,7.3e-05,172.31.36.0-255,66,13499,13,168722
10,7.6e-05,74.125.130.0-255,647,14146,13,168722
11,7.9e-05,172.31.36.0-255,66,14212,13,168722
12,0.000306,74.125.130.0-255,1484,15696,13,168722
13,0.000311,172.31.36.0-255,66,15762,13,168722
14,0.000345,74.125.130.0-255,2902,18664,13,168722
15,0.000349,172.31.36.0-255,66,18730,13,168722
16,0.000356,74.125.130.0-255,5738,24468,13,168722
17,0.000358,172.31.36.0-255,66,24534,13,168722
18,0.00039,74.125.130.0-255,6797,31331,13,168722
19,0.000393,172.31.36.0-255,66,31397,13,168722
20,0.000602,74.125.130.0-255,1484,32881,13,168722
21,0.000607,172.31.36.0-255,66,32947,13,168722
22,0.000613,74.125.130.0-255,2902,35849,13,168722
23,0.000615,172.31.36.0-255,66,35915,13,168722
24,0.000649,74.125.130.0-255,5738,41653,13,168722
25,0.000653,172.31.36.0-255,66,41719,13,168722
26,0.000661,74.125.130.0-255,6797,48516,13,168722
27,0.000663,172.31.36.0-255,66,48582,13,168722
28,0.000701,74.125.130.0-255,7156,55738,13,168722
29,0.000705,172.31.36.0-255,66,55804,13,168722
30,0.000739,74.125.130.0-255,5738,61542,13,168722
31,0.000742,172.31.36.0-255,66,61608,13,168722
32,0.000763,74.125.130.0-255,2902,64510,13,168722
33,0.000766,172.31.36.0-255,66,64576,13,168722
34,0.000769,74.125.130.0-255,1125,65701,13,168722
35,0.000807,74.125.130.0-255,360,66061,13,168722
36,0.001094,172.31.36.0-255,66,66127,13,168722
37,0.001227,74.125.130.0-255,383,66510,13,168722
38,0.001745,74.125.130.0-255,1484,67994,13,168722
39,0.001753,172.31.36.0-255,66,68060,13,168722
40,0.00176,74.125.130.0-255,2902,70962,13,168722
41,0.001762,172.31.36.0-255,66,71028,13,168722
42,0.001774,74.125.130.0-255,5738,76766,13,168722
43,0.001777,172.31.36.0-255,66,76832,13,168722
44,0.001782,74.125.130.0-255,2902,79734,13,168722
45,0.001784,172.31.36.0-255,66,79800,13,168722
46,0.001809,74.125.130.0-255,2902,82702,13,168722
47,0.001811,172.31.36.0-255,66,82768,13,168722
48,0.001816,74.125.130.0-255,4320,87088,13,168722
49,0.001818,172.31.36.0-255,66,87154,13,168722
50,0.001845,74.125.130.0-255,2902,90056,13,168722
51,0.001847,172.31.36.0-255,66,90122,13,168722
52,0.001859,74.125.130.0-255,10692,100814,13,168722
53,0.001861,172.31.36.0-255,66,100880,13,168722
54,0.001992,74.125.130.0-255,1484,102364,13,168722
55,0.002017,74.125.130.0-255,2902,105266,13,168722
56,0.002019,172.31.36.0-255,66,105332,13,168722
57,0.002026,74.125.130.0-255,5738,111070,13,168722
58,0.002028,172.31.36.0-255,66,111136,13,168722
59,0.00206,74.125.130.0-255,4320,115456,13,168722
60,0.002062,172.31.36.0-255,66,115522,13,168722
61,0.002069,74.125.130.0-255,5738,121260,13,168722
62,0.002071,172.31.36.0-255,66,121326,13,168722
63,0.002107,172.31.36.0-255,66,121392,13,168722
64,0.002111,74.125.130.0-255,2184,123576,13,168722
65,0.002114,172.31.36.0-255,66,123642,13,168722
66,0.004225,74.125.130.0-255,4320,127962,13,168722
67,0.00423,172.31.36.0-255,66,128028,13,168722
68,0.004253,74.125.130.0-255,1484,129512,13,168722
69,0.006334,74.125.130.0-255,4320,133832,13,168722
70,0.006337,172.31.36.0-255,66,133898,13,168722
71,0.008458,74.125.130.0-255,5738,139636,13,168722
72,0.008466,172.31.36.0-255,66,139702,13,168722
73,0.010586,74.125.130.0-255,5738,145440,13,168722
74,0.010594,172.31.36.0-255,66,145506,13,168722
75,0.01271,74.125.130.0-255,5738,151244,13,168722
76,0.012717,172.31.36.0-255,66,151310,13,168722
77,0.014835,74.125.130.0-255,5738,157048,13,168722
78,0.014842,172.31.36.0-255,66,157114,13,168722
79,0.016975,74.125.130.0-255,5738,162852,13,168722
80,0.016985,172.31.36.0-255,66,162918,13,168722
81,0.019128,74.125.130.0-255,5738,168656,13,168722
82,0.019136,172.31.36.0-255,66,168722,13,168722
83,0.0,74.125.24.0-255,153,153,13,269541
84,2.5e-05,172.31.36.0-255,66,219,13,269541
85,3.2e-05,74.125.24.0-255,1484,1703,13,269541
86,3.7e-05,172.31.36.0-255,66,1769,13,269541
87,4.1e-05,74.125.24.0-255,1484,3253,13,269541
88,4.4e-05,172.31.36.0-255,66,3319,13,269541
89,4.9e-05,74.125.24.0-255,2902,6221,13,269541
90,5.2e-05,172.31.36.0-255,66,6287,13,269541
91,5.9e-05,74.125.24.0-255,5738,12025,13,269541
92,6.2e-05,172.31.36.0-255,66,12091,13,269541
93,9.1e-05,74.125.24.0-255,2055,14146,13,269541
94,9.4e-05,172.31.36.0-255,66,14212,13,269541
95,9.8e-05,74.125.24.0-255,2902,17114,13,269541
96,0.000101,172.31.36.0-255,66,17180,13,269541
97,0.000124,74.125.24.0-255,7156,24336,13,269541
98,0.000127,172.31.36.0-255,66,24402,13,269541
99,0.000156,74.125.24.0-255,6797,31199,13,269541
100,0.000159,172.31.36.0-255,66,31265,13,269541
101,0.000271,74.125.24.0-255,1484,32749,13,269541
102,0.000276,172.31.36.0-255,66,32815,13,269541
103,0.000282,74.125.24.0-255,2902,35717,13,269541
104,0.000285,172.31.36.0-255,66,35783,13,269541
105,0.000288,74.125.24.0-255,1484,37267,13,269541
106,0.00029,172.31.36.0-255,66,37333,13,269541
107,0.000321,74.125.24.0-255,4320,41653,13,269541
108,0.000325,172.31.36.0-255,66,41719,13,269541
109,0.000332,74.125.24.0-255,6797,48516,13,269541
110,0.000334,172.31.36.0-255,66,48582,13,269541
111,0.000339,74.125.24.0-255,5738,54320,13,269541
112,0.000342,172.31.36.0-255,66,54386,13,269541
113,0.000374,74.125.24.0-255,8574,62960,13,269541
114,0.000378,172.31.36.0-255,66,63026,13,269541
115,0.000383,74.125.24.0-255,2543,65569,13,269541
116,0.000385,172.31.36.0-255,66,65635,13,269541
117,0.000388,74.125.24.0-255,400,66035,13,269541
118,0.000423,74.125.24.0-255,374,66409,13,269541
119,0.00067,74.125.24.0-255,1484,67893,13,269541
120,0.000677,172.31.36.0-255,66,67959,13,269541
121,0.000683,74.125.24.0-255,2902,70861,13,269541
122,0.000686,172.31.36.0-255,66,70927,13,269541
123,0.000692,74.125.24.0-255,5738,76665,13,269541
124,0.000695,172.31.36.0-255,66,76731,13,269541
125,0.000698,74.125.24.0-255,1484,78215,13,269541
126,0.000731,172.31.36.0-255,66,78281,13,269541
127,0.000768,74.125.24.0-255,5738,84019,13,269541
128,0.000773,172.31.36.0-255,66,84085,13,269541
129,0.000806,74.125.24.0-255,5020,89105,13,269541
130,0.00081,172.31.36.0-255,66,89171,13,269541
131,0.001189,74.125.24.0-255,1484,90655,13,269541
132,0.001196,74.125.24.0-255,2902,93557,13,269541
133,0.001201,172.31.36.0-255,66,93623,13,269541
134,0.001209,74.125.24.0-255,5738,99361,13,269541
135,0.001211,172.31.36.0-255,66,99427,13,269541
136,0.001216,74.125.24.0-255,2902,102329,13,269541
137,0.001218,172.31.36.0-255,66,102395,13,269541
138,0.00125,74.125.24.0-255,9992,112387,13,269541
139,0.001264,172.31.36.0-255,66,112453,13,269541
140,0.001276,74.125.24.0-255,10692,123145,13,269541
141,0.001279,172.31.36.0-255,66,123211,13,269541
142,0.001697,74.125.24.0-255,1484,124695,13,269541
143,0.001704,74.125.24.0-255,2902,127597,13,269541
144,0.001707,172.31.36.0-255,66,127663,13,269541
145,0.001713,74.125.24.0-255,5738,133401,13,269541
146,0.001715,172.31.36.0-255,66,133467,13,269541
147,0.001719,74.125.24.0-255,2902,136369,13,269541
148,0.001721,172.31.36.0-255,66,136435,13,269541
149,0.001741,74.125.24.0-255,1484,137919,13,269541
150,0.001745,74.125.24.0-255,2902,140821,13,269541
151,0.001747,172.31.36.0-255,66,140887,13,269541
152,0.00177,74.125.24.0-255,8574,149461,13,269541
153,0.001773,172.31.36.0-255,66,149527,13,269541
154,0.00178,74.125.24.0-255,7856,157383,13,269541
155,0.001782,172.31.36.0-255,66,157449,13,269541
156,0.001833,74.125.24.0-255,1484,158933,13,269541
157,0.001836,74.125.24.0-255,1484,160417,13,269541
158,0.001841,172.31.36.0-255,66,160483,13,269541
159,0.00186,74.125.24.0-255,1484,161967,13,269541
160,0.001866,74.125.24.0-255,5738,167705,13,269541
161,0.00187,172.31.36.0-255,66,167771,13,269541
162,0.001908,172.31.36.0-255,66,167837,13,269541
163,0.001911,74.125.24.0-255,1484,169321,13,269541
164,0.001927,74.125.24.0-255,2902,172223,13,269541
165,0.001929,172.31.36.0-255,66,172289,13,269541
166,0.00195,74.125.24.0-255,6438,178727,13,269541
167,0.001953,172.31.36.0-255,66,178793,13,269541
168,0.002002,74.125.24.0-255,1484,180277,13,269541
169,0.002007,74.125.24.0-255,2902,183179,13,269541
170,0.002009,172.31.36.0-255,66,183245,13,269541
171,0.002036,74.125.24.0-255,1484,184729,13,269541
172,0.002052,74.125.24.0-255,2902,187631,13,269541
173,0.002054,172.31.36.0-255,66,187697,13,269541
174,0.002061,74.125.24.0-255,5738,193435,13,269541
175,0.002063,172.31.36.0-255,66,193501,13,269541
176,0.002091,74.125.24.0-255,5738,199239,13,269541
177,0.002093,172.31.36.0-255,66,199305,13,269541
178,0.002101,74.125.24.0-255,7156,206461,13,269541
179,0.002103,172.31.36.0-255,66,206527,13,269541
180,0.002147,74.125.24.0-255,6438,212965,13,269541
181,0.00215,172.31.36.0-255,66,213031,13,269541
182,0.002213,74.125.24.0-255,1484,214515,13,269541
183,0.002216,74.125.24.0-255,1484,215999,13,269541
184,0.002219,172.31.36.0-255,66,216065,13,269541
185,0.00224,74.125.24.0-255,1484,217549,13,269541
186,0.002246,74.125.24.0-255,5738,223287,13,269541
187,0.002249,172.31.36.0-255,66,223353,13,269541
188,0.002252,74.125.24.0-255,1484,224837,13,269541
189,0.002293,172.31.36.0-255,66,224903,13,269541
190,0.002303,74.125.24.0-255,10692,235595,13,269541
191,0.002305,172.31.36.0-255,66,235661,13,269541
192,0.00231,74.125.24.0-255,4320,239981,13,269541
193,0.002312,172.31.36.0-255,66,240047,13,269541
194,0.002347,74.125.24.0-255,8574,248621,13,269541
195,0.00235,172.31.36.0-255,66,248687,13,269541
196,0.002362,172.31.36.0-255,66,248753,13,269541
197,0.002393,74.125.24.0-255,8574,257327,13,269541
198,0.002395,172.31.36.0-255,66,257393,13,269541
199,0.002441,172.31.36.0-255,66,257459,13,269541
200,0.002454,172.31.36.0-255,66,257525,13,269541
201,0.002457,74.125.24.0-255,1484,259009,13,269541
202,0.002471,172.31.36.0-255,66,259075,13,269541
203,0.002479,74.125.24.0-255,9992,269067,13,269541
204,0.002481,172.31.36.0-255,66,269133,13,269541
205,0.002557,172.31.36.0-255,66,269199,13,269541
206,0.00256,74.125.24.0-255,105,269304,13,269541
207,0.004593,172.31.36.0-255,66,269370,13,269541
208,0.004628,172.31.36.0-255,105,269475,13,269541
209,0.00663,74.125.24.0-255,66,269541,13,269541
210,0.0,74.125.68.0-255,152,152,13,372638
211,3.6e-05,172.31.36.0-255,66,218,13,372638
212,5.2e-05,74.125.68.0-255,1484,1702,13,372638
213,5.6e-05,172.31.36.0-255,66,1768,13,372638
214,7.4e-05,74.125.68.0-255,2902,4670,13,372638
215,7.7e-05,172.31.36.0-255,66,4736,13,372638
216,0.00011,74.125.68.0-255,1484,6220,13,372638
217,0.000113,172.31.36.0-255,66,6286,13,372638
218,0.000126,74.125.68.0-255,2902,9188,13,372638
219,0.000129,172.31.36.0-255,66,9254,13,372638
220,0.000179,74.125.68.0-255,4786,14040,13,372638
221,0.000183,172.31.36.0-255,66,14106,13,372638
222,0.00019,74.125.68.0-255,5738,19844,13,372638
223,0.000192,172.31.36.0-255,66,19910,13,372638
224,0.000214,74.125.68.0-255,9992,29902,13,372638
225,0.000217,172.31.36.0-255,66,29968,13,372638
226,0.000244,74.125.68.0-255,1125,31093,13,372638
227,0.000247,172.31.36.0-255,66,31159,13,372638
228,0.000287,74.125.68.0-255,1484,32643,13,372638
229,0.00029,172.31.36.0-255,66,32709,13,372638
230,0.000305,74.125.68.0-255,2902,35611,13,372638
231,0.000308,172.31.36.0-255,66,35677,13,372638
232,0.000314,74.125.68.0-255,4320,39997,13,372638
233,0.000316,172.31.36.0-255,66,40063,13,372638
234,0.000334,74.125.68.0-255,1484,41547,13,372638
235,0.000336,172.31.36.0-255,66,41613,13,372638
236,0.000368,74.125.68.0-255,7156,48769,13,372638
237,0.000371,172.31.36.0-255,66,48835,13,372638
238,0.000377,74.125.68.0-255,5738,54573,13,372638
239,0.000379,172.31.36.0-255,66,54639,13,372638
240,0.000386,74.125.68.0-255,7156,61795,13,372638
241,0.00039,172.31.36.0-255,66,61861,13,372638
242,0.000421,74.125.68.0-255,3936,65797,13,372638
243,0.000425,172.31.36.0-255,66,65863,13,372638
244,0.000428,74.125.68.0-255,108,65971,13,372638
245,0.00061,74.125.68.0-255,1484,67455,13,372638
246,0.000614,172.31.36.0-255,66,67521,13,372638
247,0.000619,74.125.68.0-255,2902,70423,13,372638
248,0.000621,172.31.36.0-255,66,70489,13,372638
249,0.000651,74.125.68.0-255,5738,76227,13,372638
250,0.000654,172.31.36.0-255,66,76293,13,372638
251,0.000658,74.125.68.0-255,2902,79195,13,372638
252,0.000661,172.31.36.0-255,66,79261,13,372638
253,0.00069,74.125.68.0-255,2902,82163,13,372638
254,0.000694,172.31.36.0-255,66,82229,13,372638
255,0.000701,74.125.68.0-255,7156,89385,13,372638
256,0.000703,172.31.36.0-255,66,89451,13,372638
257,0.000708,74.125.68.0-255,5738,95189,13,372638
258,0.000712,172.31.36.0-255,66,95255,13,372638
259,0.000732,74.125.68.0-255,5020,100275,13,372638
260,0.000735,172.31.36.0-255,66,100341,13,372638
261,0.000738,74.125.68.0-255,1484,101825,13,372638
262,0.000755,74.125.68.0-255,8574,110399,13,372638
263,0.000758,172.31.36.0-255,66,110465,13,372638
264,0.000778,74.125.68.0-255,1484,111949,13,372638
265,0.000783,74.125.68.0-255,2902,114851,13,372638
266,0.000786,172.31.36.0-255,66,114917,13,372638
267,0.000812,74.125.68.0-255,2229,117146,13,372638
268,0.000815,172.31.36.0-255,66,117212,13,372638
269,0.000897,74.125.68.0-255,1484,118696,13,372638
270,0.000912,74.125.68.0-255,1484,120180,13,372638
271,0.000915,172.31.36.0-255,66,120246,13,372638
272,0.000943,74.125.68.0-255,2902,123148,13,372638
273,0.000947,172.31.36.0-255,66,123214,13,372638
274,0.000965,74.125.68.0-255,4320,127534,13,372638
275,0.000967,172.31.36.0-255,66,127600,13,372638
276,0.00099,74.125.68.0-255,5738,133338,13,372638
277,0.000993,172.31.36.0-255,66,133404,13,372638
278,0.000995,74.125.68.0-255,1125,134529,13,372638
279,0.001084,74.125.68.0-255,1484,136013,13,372638
280,0.001087,172.31.36.0-255,66,136079,13,372638
281,0.001092,74.125.68.0-255,2902,138981,13,372638
282,0.001095,172.31.36.0-255,66,139047,13,372638
283,0.001107,74.125.68.0-255,1484,140531,13,372638
284,0.001127,74.125.68.0-255,2902,143433,13,372638
285,0.00113,172.31.36.0-255,66,143499,13,372638
286,0.001145,74.125.68.0-255,5738,149237,13,372638
287,0.001148,172.31.36.0-255,66,149303,13,372638
288,0.00117,74.125.68.0-255,5738,155041,13,372638
289,0.001173,172.31.36.0-255,66,155107,13,372638
290,0.001191,74.125.68.0-255,4320,159427,13,372638
291,0.001193,172.31.36.0-255,66,159493,13,372638
292,0.001215,74.125.68.0-255,1484,160977,13,372638
293,0.001232,74.125.68.0-255,5738,166715,13,372638
294,0.001235,172.31.36.0-255,66,166781,13,372638
295,0.001251,74.125.68.0-255,2184,168965,13,372638
296,0.001254,172.31.36.0-255,66,169031,13,372638
297,0.001287,74.125.68.0-255,1484,170515,13,372638
298,0.001305,74.125.68.0-255,2902,173417,13,372638
299,0.001308,172.31.36.0-255,66,173483,13,372638
300,0.001322,74.125.68.0-255,2902,176385,13,372638
301,0.001325,172.31.36.0-255,66,176451,13,372638
302,0.001328,74.125.68.0-255,1484,177935,13,372638
303,0.001355,74.125.68.0-255,2902,180837,13,372638
304,0.001358,172.31.36.0-255,66,180903,13,372638
305,0.001365,74.125.68.0-255,5738,186641,13,372638
306,0.001367,172.31.36.0-255,66,186707,13,372638
307,0.00138,74.125.68.0-255,2902,189609,13,372638
308,0.001383,172.31.36.0-255,66,189675,13,372638
309,0.001389,74.125.68.0-255,5738,195413,13,372638
310,0.001391,172.31.36.0-255,66,195479,13,372638
311,0.001398,74.125.68.0-255,7156,202635,13,372638
312,0.001401,172.31.36.0-255,66,202701,13,372638
313,0.001404,74.125.68.0-255,766,203467,13,372638
314,0.001455,74.125.68.0-255,1484,204951,13,372638
315,0.001459,172.31.36.0-255,66,205017,13,372638
316,0.001465,74.125.68.0-255,4320,209337,13,372638
317,0.001467,172.31.36.0-255,66,209403,13,372638
318,0.001472,74.125.68.0-255,2902,212305,13,372638
319,0.001473,172.31.36.0-255,66,212371,13,372638
320,0.001488,74.125.68.0-255,4320,216691,13,372638
321,0.001492,172.31.36.0-255,66,216757,13,372638
322,0.001519,74.125.68.0-255,8574,225331,13,372638
323,0.001521,172.31.36.0-255,66,225397,13,372638
324,0.001526,74.125.68.0-255,4320,229717,13,372638
325,0.001528,172.31.36.0-255,66,229783,13,372638
326,0.001583,74.125.68.0-255,7156,236939,13,372638
327,0.001586,172.31.36.0-255,66,237005,13,372638
328,0.001605,74.125.68.0-255,766,237771,13,372638
329,0.001639,74.125.68.0-255,1484,239255,13,372638
330,0.001643,172.31.36.0-255,66,239321,13,372638
331,0.001648,74.125.68.0-255,2902,242223,13,372638
332,0.00165,172.31.36.0-255,66,242289,13,372638
333,0.001654,74.125.68.0-255,2902,245191,13,372638
334,0.001657,172.31.36.0-255,66,245257,13,372638
335,0.001684,74.125.68.0-255,2902,248159,13,372638
336,0.001687,172.31.36.0-255,66,248225,13,372638
337,0.001697,74.125.68.0-255,4320,252545,13,372638
338,0.0017,172.31.36.0-255,66,252611,13,372638
339,0.00172,74.125.68.0-255,2902,255513,13,372638
340,0.001723,172.31.36.0-255,66,255579,13,372638
341,0.001743,74.125.68.0-255,4320,259899,13,372638
342,0.001746,172.31.36.0-255,66,259965,13,372638
343,0.001767,74.125.68.0-255,8574,268539,13,372638
344,0.00177,172.31.36.0-255,66,268605,13,372638
345,0.001786,74.125.68.0-255,3602,272207,13,372638
346,0.001789,172.31.36.0-255,66,272273,13,372638
347,0.001957,74.125.68.0-255,1484,273757,13,372638
348,0.001973,74.125.68.0-255,2902,276659,13,372638
349,0.001977,172.31.36.0-255,66,276725,13,372638
350,0.001992,74.125.68.0-255,1484,278209,13,372638
351,0.001996,74.125.68.0-255,2902,281111,13,372638
352,0.001999,172.31.36.0-255,66,281177,13,372638
353,0.002027,74.125.68.0-255,5738,286915,13,372638
354,0.00203,172.31.36.0-255,66,286981,13,372638
355,0.002035,74.125.68.0-255,4320,291301,13,372638
356,0.002037,172.31.36.0-255,66,291367,13,372638
357,0.002052,74.125.68.0-255,4320,295687,13,372638
358,0.002054,172.31.36.0-255,66,295753,13,372638
359,0.002058,74.125.68.0-255,1484,297237,13,372638
360,0.002082,74.125.68.0-255,8574,305811,13,372638
361,0.002085,172.31.36.0-255,66,305877,13,372638
362,0.002088,74.125.68.0-255,766,306643,13,372638
363,0.002156,74.125.68.0-255,1484,308127,13,372638
364,0.00216,172.31.36.0-255,66,308193,13,372638
365,0.002164,74.125.68.0-255,2902,311095,13,372638
366,0.002167,172.31.36.0-255,66,311161,13,372638
367,0.002179,74.125.68.0-255,2902,314063,13,372638
368,0.002181,172.31.36.0-255,66,314129,13,372638
369,0.002204,74.125.68.0-255,2902,317031,13,372638
370,0.002207,172.31.36.0-255,66,317097,13,372638
371,0.002214,74.125.68.0-255,7156,324253,13,372638
372,0.002222,172.31.36.0-255,66,324319,13,372638
373,0.002251,172.31.36.0-255,66,324385,13,372638
374,0.00229,74.125.68.0-255,5738,330123,13,372638
375,0.002293,172.31.36.0-255,66,330189,13,372638
376,0.002311,74.125.68.0-255,6438,336627,13,372638
377,0.002315,172.31.36.0-255,66,336693,13,372638
378,0.002322,74.125.68.0-255,8574,345267,13,372638
379,0.002325,172.31.36.0-255,66,345333,13,372638
380,0.002342,74.125.68.0-255,4320,349653,13,372638
381,0.002344,172.31.36.0-255,66,349719,13,372638
382,0.002349,74.125.68.0-255,2902,352621,13,372638
383,0.002352,172.31.36.0-255,66,352687,13,372638
384,0.00237,74.125.68.0-255,4320,357007,13,372638
385,0.002373,172.31.36.0-255,66,357073,13,372638
386,0.002378,74.125.68.0-255,4320,361393,13,372638
387,0.002381,172.31.36.0-255,66,361459,13,372638
388,0.002399,74.125.68.0-255,3602,365061,13,372638
389,0.002402,172.31.36.0-255,66,365127,13,372638
390,0.002446,74.125.68.0-255,7103,372230,13,372638
391,0.00245,172.31.36.0-255,66,372296,13,372638
392,0.002469,74.125.68.0-255,105,372401,13,372638
393,0.009715,172.31.36.0-255,66,372467,13,372638
394,0.009743,172.31.36.0-255,105,372572,13,372638
395,0.012269,74.125.68.0-255,66,372638,13,372638
396,0.0,172.31.36.0-255,66,66,13,66
397,0.0,74.125.24.0-255,153,153,13,219373
398,2.5e-05,172.31.36.0-255,66,219,13,219373
399,3.3e-05,74.125.24.0-255,1484,1703,13,219373
400,3.7e-05,172.31.36.0-255,66,1769,13,219373
401,4.3e-05,74.125.24.0-255,2902,4671,13,219373
402,4.6e-05,172.31.36.0-255,66,4737,13,219373
403,5.5e-05,74.125.24.0-255,7156,11893,13,219373
404,5.9e-05,172.31.36.0-255,66,11959,13,219373
405,6.3e-05,74.125.24.0-255,2070,14029,13,219373
406,6.6e-05,172.31.36.0-255,66,14095,13,219373
407,0.000199,74.125.24.0-255,1484,15579,13,219373
408,0.000203,172.31.36.0-255,66,15645,13,219373
409,0.000221,74.125.24.0-255,2902,18547,13,219373
410,0.000223,172.31.36.0-255,66,18613,13,219373
411,0.00023,74.125.24.0-255,5738,24351,13,219373
412,0.000233,172.31.36.0-255,66,24417,13,219373
413,0.000254,74.125.24.0-255,1484,25901,13,219373
414,0.000256,172.31.36.0-255,66,25967,13,219373
415,0.000278,74.125.24.0-255,5379,31346,13,219373
416,0.000281,172.31.36.0-255,66,31412,13,219373
417,0.000289,74.125.24.0-255,7156,38568,13,219373
418,0.000291,172.31.36.0-255,66,38634,13,219373
419,0.00034,172.31.36.0-255,66,38700,13,219373
420,0.000346,74.125.24.0-255,4320,43020,13,219373
421,0.000348,172.31.36.0-255,66,43086,13,219373
422,0.000365,74.125.24.0-255,7156,50242,13,219373
423,0.000369,172.31.36.0-255,66,50308,13,219373
424,0.000386,74.125.24.0-255,1484,51792,13,219373
425,0.000388,172.31.36.0-255,66,51858,13,219373
426,0.000393,74.125.24.0-255,2184,54042,13,219373
427,0.000396,172.31.36.0-255,66,54108,13,219373
428,0.000398,74.125.24.0-255,645,54753,13,219373
429,0.000513,74.125.24.0-255,1484,56237,13,219373
430,0.000517,172.31.36.0-255,66,56303,13,219373
431,0.000523,74.125.24.0-255,2902,59205,13,219373
432,0.000526,172.31.36.0-255,66,59271,13,219373
433,0.000529,74.125.24.0-255,1484,60755,13,219373
434,0.000553,74.125.24.0-255,4320,65075,13,219373
435,0.000556,172.31.36.0-255,66,65141,13,219373
436,0.000583,74.125.24.0-255,9992,75133,13,219373
437,0.000586,172.31.36.0-255,66,75199,13,219373
438,0.000596,74.125.24.0-255,1484,76683,13,219373
439,0.000622,74.125.24.0-255,9992,86675,13,219373
440,0.000625,172.31.36.0-255,66,86741,13,219373
441,0.00063,74.125.24.0-255,2184,88925,13,219373
442,0.000633,172.31.36.0-255,66,88991,13,219373
443,0.001357,74.125.24.0-255,1484,90475,13,219373
444,0.001362,74.125.24.0-255,1484,91959,13,219373
445,0.001365,172.31.36.0-255,66,92025,13,219373
446,0.001385,74.125.24.0-255,1484,93509,13,219373
447,0.001391,74.125.24.0-255,5738,99247,13,219373
448,0.001394,172.31.36.0-255,66,99313,13,219373
449,0.001428,172.31.36.0-255,66,99379,13,219373
450,0.001459,74.125.24.0-255,5738,105117,13,219373
451,0.001462,172.31.36.0-255,66,105183,13,219373
452,0.001484,74.125.24.0-255,5020,110203,13,219373
453,0.001488,172.31.36.0-255,66,110269,13,219373
454,0.001718,74.125.24.0-255,1484,111753,13,219373
455,0.001743,74.125.24.0-255,2902,114655,13,219373
456,0.001747,172.31.36.0-255,66,114721,13,219373
457,0.001751,74.125.24.0-255,1484,116205,13,219373
458,0.001771,74.125.24.0-255,4320,120525,13,219373
459,0.001774,172.31.36.0-255,66,120591,13,219373
460,0.001779,74.125.24.0-255,4320,124911,13,219373
461,0.001781,172.31.36.0-255,66,124977,13,219373
462,0.001801,74.125.24.0-255,1484,126461,13,219373
463,0.00184,74.125.24.0-255,9992,136453,13,219373
464,0.001848,74.125.24.0-255,7856,144309,13,219373
465,0.001853,172.31.36.0-255,66,144375,13,219373
466,0.001856,172.31.36.0-255,66,144441,13,219373
467,0.002041,74.125.24.0-255,1484,145925,13,219373
468,0.002048,74.125.24.0-255,2902,148827,13,219373
469,0.002051,172.31.36.0-255,66,148893,13,219373
470,0.002057,74.125.24.0-255,2902,151795,13,219373
471,0.002059,172.31.36.0-255,66,151861,13,219373
472,0.002074,74.125.24.0-255,2902,154763,13,219373
473,0.002076,172.31.36.0-255,66,154829,13,219373
474,0.002082,74.125.24.0-255,4320,159149,13,219373
475,0.002084,172.31.36.0-255,66,159215,13,219373
476,0.002104,74.125.24.0-255,4320,163535,13,219373
477,0.002107,172.31.36.0-255,66,163601,13,219373
478,0.002134,74.125.24.0-255,7156,170757,13,219373
479,0.002137,172.31.36.0-255,66,170823,13,219373
480,0.002145,74.125.24.0-255,7856,178679,13,219373
481,0.002147,172.31.36.0-255,66,178745,13,219373
482,0.00442,74.125.24.0-255,5738,184483,13,219373
483,0.004429,172.31.36.0-255,66,184549,13,219373
484,0.006692,74.125.24.0-255,5738,190287,13,219373
485,0.006699,172.31.36.0-255,66,190353,13,219373
486,0.008969,74.125.24.0-255,5738,196091,13,219373
487,0.008977,172.31.36.0-255,66,196157,13,219373
488,0.011326,74.125.24.0-255,5738,201895,13,219373
489,0.011341,172.31.36.0-255,66,201961,13,219373
490,0.013653,74.125.24.0-255,5738,207699,13,219373
491,0.013673,172.31.36.0-255,66,207765,13,219373
492,0.015999,74.125.24.0-255,5738,213503,13,219373
493,0.016019,172.31.36.0-255,66,213569,13,219373
494,0.018349,74.125.24.0-255,5738,219307,13,219373
495,0.018368,172.31.36.0-255,66,219373,13,219373
496,0.0,74.125.24.0-255,153,153,13,302391
497,1.9e-05,172.31.36.0-255,66,219,13,302391
498,2.5e-05,74.125.24.0-255,1484,1703,13,302391
499,2.9e-05,172.31.36.0-255,66,1769,13,302391
500,5.7e-05,74.125.24.0-255,2902,4671,13,302391
501,6e-05,172.31.36.0-255,66,4737,13,302391
502,6.6e-05,74.125.24.0-255,5738,10475,13,302391
503,6.9e-05,172.31.36.0-255,66,10541,13,302391
504,8e-05,74.125.24.0-255,1484,12025,13,302391
505,8.2e-05,172.31.36.0-255,66,12091,13,302391
506,8.7e-05,74.125.24.0-255,2076,14167,13,302391
507,9e-05,172.31.36.0-255,66,14233,13,302391
508,0.000126,74.125.24.0-255,9992,24225,13,302391
509,0.000129,172.31.36.0-255,66,24291,13,302391
510,0.000151,74.125.24.0-255,1484,25775,13,302391
511,0.000153,172.31.36.0-255,66,25841,13,302391
512,0.000159,74.125.24.0-255,5379,31220,13,302391
513,0.000161,172.31.36.0-255,66,31286,13,302391
514,0.000338,74.125.24.0-255,1484,32770,13,302391
515,0.000342,172.31.36.0-255,66,32836,13,302391
516,0.000347,74.125.24.0-255,2902,35738,13,302391
517,0.00035,172.31.36.0-255,66,35804,13,302391
518,0.000353,74.125.24.0-255,1484,37288,13,302391
519,0.000355,172.31.36.0-255,66,37354,13,302391
520,0.000382,74.125.24.0-255,4320,41674,13,302391
521,0.000386,172.31.36.0-255,66,41740,13,302391
522,0.000403,74.125.24.0-255,5738,47478,13,302391
523,0.000409,172.31.36.0-255,66,47544,13,302391
524,0.000421,74.125.24.0-255,2543,50087,13,302391
525,0.000424,172.31.36.0-255,66,50153,13,302391
526,0.000432,74.125.24.0-255,8574,58727,13,302391
527,0.000434,172.31.36.0-255,66,58793,13,302391
528,0.000437,74.125.24.0-255,1484,60277,13,302391
529,0.000461,74.125.24.0-255,5648,65925,13,302391
530,0.000467,172.31.36.0-255,66,65991,13,302391
531,0.000498,74.125.24.0-255,130,66121,13,302391
532,0.000544,74.125.24.0-255,352,66473,13,302391
533,0.000628,74.125.24.0-255,1484,67957,13,302391
534,0.000632,172.31.36.0-255,66,68023,13,302391
535,0.000638,74.125.24.0-255,2902,70925,13,302391
536,0.00064,172.31.36.0-255,66,70991,13,302391
537,0.000643,74.125.24.0-255,1484,72475,13,302391
538,0.000667,74.125.24.0-255,4320,76795,13,302391
539,0.000671,172.31.36.0-255,66,76861,13,302391
540,0.000681,74.125.24.0-255,2902,79763,13,302391
541,0.000684,172.31.36.0-255,66,79829,13,302391
542,0.000708,74.125.24.0-255,9992,89821,13,302391
543,0.00071,172.31.36.0-255,66,89887,13,302391
544,0.000715,74.125.24.0-255,2902,92789,13,302391
545,0.000717,172.31.36.0-255,66,92855,13,302391
546,0.00074,74.125.24.0-255,7856,100711,13,302391
547,0.000745,172.31.36.0-255,66,100777,13,302391
548,0.000916,74.125.24.0-255,1484,102261,13,302391
549,0.000921,74.125.24.0-255,2902,105163,13,302391
550,0.000924,172.31.36.0-255,66,105229,13,302391
551,0.000932,74.125.24.0-255,5738,110967,13,302391
552,0.000934,172.31.36.0-255,66,111033,13,302391
553,0.000966,74.125.24.0-255,7156,118189,13,302391
554,0.000973,172.31.36.0-255,66,118255,13,302391
555,0.001003,74.125.24.0-255,4320,122575,13,302391
556,0.001014,172.31.36.0-255,66,122641,13,302391
557,0.001028,74.125.24.0-255,1484,124125,13,302391
558,0.001035,74.125.24.0-255,7156,131281,13,302391
559,0.001038,172.31.36.0-255,66,131347,13,302391
560,0.001056,74.125.24.0-255,3602,134949,13,302391
561,0.001058,172.31.36.0-255,66,135015,13,302391
562,0.001247,74.125.24.0-255,1484,136499,13,302391
563,0.001262,74.125.24.0-255,2902,139401,13,302391
564,0.001265,172.31.36.0-255,66,139467,13,302391
565,0.00127,74.125.24.0-255,2902,142369,13,302391
566,0.001272,172.31.36.0-255,66,142435,13,302391
567,0.001286,74.125.24.0-255,2902,145337,13,302391
568,0.00129,172.31.36.0-255,66,145403,13,302391
569,0.001304,74.125.24.0-255,8574,153977,13,302391
570,0.001308,172.31.36.0-255,66,154043,13,302391
571,0.001319,74.125.24.0-255,2902,156945,13,302391
572,0.001322,172.31.36.0-255,66,157011,13,302391
573,0.001331,74.125.24.0-255,9992,167003,13,302391
574,0.001334,172.31.36.0-255,66,167069,13,302391
575,0.001351,74.125.24.0-255,2184,169253,13,302391
576,0.001354,172.31.36.0-255,66,169319,13,302391
577,0.00149,74.125.24.0-255,1484,170803,13,302391
578,0.001503,74.125.24.0-255,2902,173705,13,302391
579,0.001507,172.31.36.0-255,66,173771,13,302391
580,0.001546,74.125.24.0-255,1484,175255,13,302391
581,0.001567,74.125.24.0-255,4320,179575,13,302391
582,0.00157,172.31.36.0-255,66,179641,13,302391
583,0.001582,172.31.36.0-255,66,179707,13,302391
584,0.00159,74.125.24.0-255,8574,188281,13,302391
585,0.001593,172.31.36.0-255,66,188347,13,302391
586,0.001609,74.125.24.0-255,4320,192667,13,302391
587,0.001611,172.31.36.0-255,66,192733,13,302391
588,0.001642,172.31.36.0-255,66,192799,13,302391
589,0.001656,172.31.36.0-255,66,192865,13,302391
590,0.001662,74.125.24.0-255,766,193631,13,302391
591,0.001665,74.125.24.0-255,1484,195115,13,302391
592,0.001669,74.125.24.0-255,2902,198017,13,302391
593,0.001669,172.31.36.0-255,66,198083,13,302391
594,0.001673,172.31.36.0-255,66,198149,13,302391
595,0.001701,74.125.24.0-255,5738,203887,13,302391
596,0.001704,74.125.24.0-255,1484,205371,13,302391
597,0.001707,172.31.36.0-255,66,205437,13,302391
598,0.001727,74.125.24.0-255,9992,215429,13,302391
599,0.001735,172.31.36.0-255,66,215495,13,302391
600,0.001745,74.125.24.0-255,1484,216979,13,302391
601,0.001748,74.125.24.0-255,1484,218463,13,302391
602,0.001758,172.31.36.0-255,66,218529,13,302391
603,0.00178,74.125.24.0-255,4320,222849,13,302391
604,0.001785,172.31.36.0-255,66,222915,13,302391
605,0.001807,74.125.24.0-255,5020,227935,13,302391
606,0.001819,172.31.36.0-255,66,228001,13,302391
607,0.00206,74.125.24.0-255,1484,229485,13,302391
608,0.002067,74.125.24.0-255,2902,232387,13,302391
609,0.002071,172.31.36.0-255,66,232453,13,302391
610,0.002095,74.125.24.0-255,5738,238191,13,302391
611,0.002099,74.125.24.0-255,1484,239675,13,302391
612,0.002105,172.31.36.0-255,66,239741,13,302391
613,0.002137,74.125.24.0-255,4320,244061,13,302391
614,0.002145,172.31.36.0-255,66,244127,13,302391
615,0.002161,74.125.24.0-255,6438,250565,13,302391
616,0.002171,172.31.36.0-255,66,250631,13,302391
617,0.002175,172.31.36.0-255,66,250697,13,302391
618,0.002221,172.31.36.0-255,66,250763,13,302391
619,0.002229,74.125.24.0-255,7856,258619,13,302391
620,0.002233,74.125.24.0-255,1484,260103,13,302391
621,0.002235,172.31.36.0-255,66,260169,13,302391
622,0.002257,74.125.24.0-255,2902,263071,13,302391
623,0.002264,74.125.24.0-255,5738,268809,13,302391
624,0.002268,172.31.36.0-255,66,268875,13,302391
625,0.002287,74.125.24.0-255,1484,270359,13,302391
626,0.002316,74.125.24.0-255,9992,280351,13,302391
627,0.002319,74.125.24.0-255,1484,281835,13,302391
628,0.002321,172.31.36.0-255,66,281901,13,302391
629,0.002381,74.125.24.0-255,10692,292593,13,302391
630,0.002387,172.31.36.0-255,66,292659,13,302391
631,0.004719,74.125.24.0-255,5738,298397,13,302391
632,0.004726,172.31.36.0-255,66,298463,13,302391
633,0.007077,74.125.24.0-255,3691,302154,13,302391
634,0.007081,172.31.36.0-255,66,302220,13,302391
635,0.008381,172.31.36.0-255,105,302325,13,302391
636,0.010693,74.125.24.0-255,66,302391,13,302391
637,0.0,74.125.24.0-255,153,153,13,276264
638,2.9e-05,172.31.36.0-255,66,219,13,276264
639,3.6e-05,74.125.24.0-255,1484,1703,13,276264
640,4e-05,172.31.36.0-255,66,1769,13,276264
641,4.5e-05,74.125.24.0-255,2902,4671,13,276264
642,4.8e-05,172.31.36.0-255,66,4737,13,276264
643,6.4e-05,74.125.24.0-255,7156,11893,13,276264
644,6.7e-05,172.31.36.0-255,66,11959,13,276264
645,7.1e-05,74.125.24.0-255,2018,13977,13,276264
646,7.4e-05,172.31.36.0-255,66,14043,13,276264
647,0.000526,74.125.24.0-255,1484,15527,13,276264
648,0.000533,172.31.36.0-255,66,15593,13,276264
649,0.000542,74.125.24.0-255,2902,18495,13,276264
650,0.000545,172.31.36.0-255,66,18561,13,276264
651,0.000559,74.125.24.0-255,5738,24299,13,276264
652,0.000562,172.31.36.0-255,66,24365,13,276264
653,0.00057,74.125.24.0-255,6797,31162,13,276264
654,0.000573,172.31.36.0-255,66,31228,13,276264
655,0.000685,74.125.24.0-255,1484,32712,13,276264
656,0.000689,172.31.36.0-255,66,32778,13,276264
657,0.000694,74.125.24.0-255,2902,35680,13,276264
658,0.000696,172.31.36.0-255,66,35746,13,276264
659,0.000702,74.125.24.0-255,5738,41484,13,276264
660,0.000705,172.31.36.0-255,66,41550,13,276264
661,0.000739,74.125.24.0-255,4320,45870,13,276264
662,0.000741,172.31.36.0-255,66,45936,13,276264
663,0.000768,74.125.24.0-255,2543,48479,13,276264
664,0.000772,172.31.36.0-255,66,48545,13,276264
665,0.000779,74.125.24.0-255,7156,55701,13,276264
666,0.000781,172.31.36.0-255,66,55767,13,276264
667,0.00079,74.125.24.0-255,9927,65694,13,276264
668,0.000792,172.31.36.0-255,66,65760,13,276264
669,0.000915,74.125.24.0-255,133,65893,13,276264
670,0.001012,74.125.24.0-255,1484,67377,13,276264
671,0.001017,172.31.36.0-255,66,67443,13,276264
672,0.001023,74.125.24.0-255,2902,70345,13,276264
673,0.001026,172.31.36.0-255,66,70411,13,276264
674,0.001031,74.125.24.0-255,5738,76149,13,276264
675,0.001039,172.31.36.0-255,66,76215,13,276264
676,0.001081,172.31.36.0-255,66,76281,13,276264
677,0.001088,74.125.24.0-255,7156,83437,13,276264
678,0.00109,172.31.36.0-255,66,83503,13,276264
679,0.001123,74.125.24.0-255,2543,86046,13,276264
680,0.001125,172.31.36.0-255,66,86112,13,276264
681,0.001372,74.125.24.0-255,1484,87596,13,276264
682,0.001377,74.125.24.0-255,2902,90498,13,276264
683,0.001379,172.31.36.0-255,66,90564,13,276264
684,0.001401,74.125.24.0-255,5738,96302,13,276264
685,0.001403,172.31.36.0-255,66,96368,13,276264
686,0.001419,74.125.24.0-255,5738,102106,13,276264
687,0.001422,172.31.36.0-255,66,102172,13,276264
688,0.001449,74.125.24.0-255,7156,109328,13,276264
689,0.001451,172.31.36.0-255,66,109394,13,276264
690,0.001455,74.125.24.0-255,2902,112296,13,276264
691,0.001457,172.31.36.0-255,66,112362,13,276264
692,0.001473,74.125.24.0-255,5738,118100,13,276264
693,0.001475,172.31.36.0-255,66,118166,13,276264
694,0.001496,74.125.24.0-255,2184,120350,13,276264
695,0.001498,172.31.36.0-255,66,120416,13,276264
696,0.001506,74.125.24.0-255,8574,128990,13,276264
697,0.001508,172.31.36.0-255,66,129056,13,276264
698,0.001539,172.31.36.0-255,66,129122,13,276264
699,0.001567,74.125.24.0-255,5738,134860,13,276264
700,0.001569,172.31.36.0-255,66,134926,13,276264
701,0.0016,74.125.24.0-255,7856,142782,13,276264
702,0.001602,172.31.36.0-255,66,142848,13,276264
703,0.001625,74.125.24.0-255,1484,144332,13,276264
704,0.00163,74.125.24.0-255,2902,147234,13,276264
705,0.001632,172.31.36.0-255,66,147300,13,276264
706,0.00166,74.125.24.0-255,5738,153038,13,276264
707,0.001663,172.31.36.0-255,66,153104,13,276264
708,0.001685,74.125.24.0-255,1484,154588,13,276264
709,0.001702,74.125.24.0-255,7156,161744,13,276264
710,0.001705,172.31.36.0-255,66,161810,13,276264
711,0.001713,74.125.24.0-255,9992,171802,13,276264
712,0.001716,172.31.36.0-255,66,171868,13,276264
713,0.001723,74.125.24.0-255,1484,173352,13,276264
714,0.001742,74.125.24.0-255,3602,176954,13,276264
715,0.001744,172.31.36.0-255,66,177020,13,276264
716,0.001758,74.125.24.0-255,2902,179922,13,276264
717,0.00176,172.31.36.0-255,66,179988,13,276264
718,0.001785,74.125.24.0-255,2902,182890,13,276264
719,0.001787,172.31.36.0-255,66,182956,13,276264
720,0.00179,74.125.24.0-255,1484,184440,13,276264
721,0.001812,74.125.24.0-255,1484,185924,13,276264
722,0.001814,172.31.36.0-255,66,185990,13,276264
723,0.001819,74.125.24.0-255,4320,190310,13,276264
724,0.001821,172.31.36.0-255,66,190376,13,276264
725,0.001831,74.125.24.0-255,5738,196114,13,276264
726,0.001833,172.31.36.0-255,66,196180,13,276264
727,0.001864,74.125.24.0-255,2902,199082,13,276264
728,0.001867,172.31.36.0-255,66,199148,13,276264
729,0.001874,74.125.24.0-255,7156,206304,13,276264
730,0.001876,172.31.36.0-255,66,206370,13,276264
731,0.001896,74.125.24.0-255,5020,211390,13,276264
732,0.0019,172.31.36.0-255,66,211456,13,276264
733,0.001907,74.125.24.0-255,5738,217194,13,276264
734,0.001909,172.31.36.0-255,66,217260,13,276264
735,0.00199,74.125.24.0-255,5738,222998,13,276264
736,0.001995,172.31.36.0-255,66,223064,13,276264
737,0.002007,74.125.24.0-255,7156,230220,13,276264
738,0.00201,172.31.36.0-255,66,230286,13,276264
739,0.002025,74.125.24.0-255,766,231052,13,276264
740,0.002027,172.31.36.0-255,66,231118,13,276264
741,0.003757,172.31.36.0-255,66,231184,13,276264
742,0.004049,74.125.24.0-255,4320,235504,13,276264
743,0.004054,172.31.36.0-255,66,235570,13,276264
744,0.005766,74.125.24.0-255,1484,237054,13,276264
745,0.006061,74.125.24.0-255,4320,241374,13,276264
746,0.006068,172.31.36.0-255,66,241440,13,276264
747,0.008091,74.125.24.0-255,5738,247178,13,276264
748,0.008101,172.31.36.0-255,66,247244,13,276264
749,0.010114,74.125.24.0-255,5738,252982,13,276264
750,0.010121,172.31.36.0-255,66,253048,13,276264
751,0.01216,74.125.24.0-255,5738,258786,13,276264
752,0.012176,172.31.36.0-255,66,258852,13,276264
753,0.014193,74.125.24.0-255,5738,264590,13,276264
754,0.0142,172.31.36.0-255,66,264656,13,276264
755,0.016205,74.125.24.0-255,5738,270394,13,276264
756,0.016212,172.31.36.0-255,66,270460,13,276264
757,0.018231,74.125.24.0-255,5738,276198,13,276264
758,0.018239,172.31.36.0-255,66,276264,13,276264
759,0.0,172.217.194.0-255,295,295,13,329096
760,2.6e-05,172.31.36.0-255,66,361,13,329096
761,3.3e-05,172.217.194.0-255,1484,1845,13,329096
762,3.7e-05,172.31.36.0-255,66,1911,13,329096
763,4.3e-05,172.217.194.0-255,4320,6231,13,329096
764,4.5e-05,172.31.36.0-255,66,6297,13,329096
765,7.3e-05,172.217.194.0-255,7156,13453,13,329096
766,7.5e-05,172.31.36.0-255,66,13519,13,329096
767,7.7e-05,172.217.194.0-255,389,13908,13,329096
768,8.1e-05,172.31.36.0-255,66,13974,13,329096
769,0.000211,172.217.194.0-255,1484,15458,13,329096
770,0.000215,172.31.36.0-255,66,15524,13,329096
771,0.00022,172.217.194.0-255,2902,18426,13,329096
772,0.000223,172.31.36.0-255,66,18492,13,329096
773,0.000229,172.217.194.0-255,5738,24230,13,329096
774,0.000231,172.31.36.0-255,66,24296,13,329096
775,0.000254,172.217.194.0-255,6797,31093,13,329096
776,0.000257,172.31.36.0-255,66,31159,13,329096
777,0.000291,172.217.194.0-255,4320,35479,13,329096
778,0.000295,172.31.36.0-255,66,35545,13,329096
779,0.000325,172.217.194.0-255,9992,45537,13,329096
780,0.000328,172.31.36.0-255,66,45603,13,329096
781,0.000332,172.217.194.0-255,2543,48146,13,329096
782,0.000335,172.31.36.0-255,66,48212,13,329096
783,0.000365,172.217.194.0-255,1484,49696,13,329096
784,0.000369,172.31.36.0-255,66,49762,13,329096
785,0.000373,172.217.194.0-255,1484,51246,13,329096
786,0.000375,172.31.36.0-255,66,51312,13,329096
787,0.000394,172.217.194.0-255,1484,52796,13,329096
788,0.000397,172.31.36.0-255,66,52862,13,329096
789,0.000403,172.217.194.0-255,5738,58600,13,329096
790,0.000407,172.31.36.0-255,66,58666,13,329096
791,0.000425,172.217.194.0-255,2902,61568,13,329096
792,0.000428,172.31.36.0-255,66,61634,13,329096
793,0.000463,172.217.194.0-255,3961,65595,13,329096
794,0.000466,172.31.36.0-255,66,65661,13,329096
795,0.000483,172.217.194.0-255,680,66341,13,329096
796,0.000762,172.217.194.0-255,1484,67825,13,329096
797,0.000766,172.31.36.0-255,66,67891,13,329096
798,0.000771,172.217.194.0-255,2902,70793,13,329096
799,0.000774,172.31.36.0-255,66,70859,13,329096
800,0.000786,172.217.194.0-255,2902,73761,13,329096
801,0.000789,172.31.36.0-255,66,73827,13,329096
802,0.000805,172.217.194.0-255,2902,76729,13,329096
803,0.000809,172.31.36.0-255,66,76795,13,329096
804,0.000815,172.217.194.0-255,5738,82533,13,329096
805,0.000816,172.31.36.0-255,66,82599,13,329096
806,0.000836,172.217.194.0-255,2902,85501,13,329096
807,0.000839,172.31.36.0-255,66,85567,13,329096
808,0.000872,172.217.194.0-255,5738,91305,13,329096
809,0.000875,172.31.36.0-255,66,91371,13,329096
810,0.0009,172.217.194.0-255,9274,100645,13,329096
811,0.000903,172.31.36.0-255,66,100711,13,329096
812,0.001058,172.217.194.0-255,1484,102195,13,329096
813,0.001064,172.217.194.0-255,2902,105097,13,329096
814,0.001067,172.31.36.0-255,66,105163,13,329096
815,0.00107,172.217.194.0-255,1484,106647,13,329096
816,0.001086,172.217.194.0-255,4320,110967,13,329096
817,0.001089,172.31.36.0-255,66,111033,13,329096
818,0.00112,172.31.36.0-255,66,111099,13,329096
819,0.001128,172.217.194.0-255,9992,121091,13,329096
820,0.001131,172.31.36.0-255,66,121157,13,329096
821,0.001151,172.217.194.0-255,766,121923,13,329096
822,0.001199,172.217.194.0-255,1484,123407,13,329096
823,0.001202,172.31.36.0-255,66,123473,13,329096
824,0.001208,172.217.194.0-255,4320,127793,13,329096
825,0.001212,172.31.36.0-255,66,127859,13,329096
826,0.001223,172.217.194.0-255,4320,132179,13,329096
827,0.001226,172.31.36.0-255,66,132245,13,329096
828,0.001248,172.217.194.0-255,2902,135147,13,329096
829,0.00125,172.31.36.0-255,66,135213,13,329096
830,0.001256,172.217.194.0-255,5738,140951,13,329096
831,0.001271,172.31.36.0-255,66,141017,13,329096
832,0.001297,172.217.194.0-255,9992,151009,13,329096
833,0.0013,172.31.36.0-255,66,151075,13,329096
834,0.001305,172.217.194.0-255,5020,156095,13,329096
835,0.001307,172.31.36.0-255,66,156161,13,329096
836,0.00133,172.217.194.0-255,1484,157645,13,329096
837,0.001334,172.217.194.0-255,2902,160547,13,329096
838,0.001336,172.31.36.0-255,66,160613,13,329096
839,0.001384,172.217.194.0-255,5738,166351,13,329096
840,0.001386,172.31.36.0-255,66,166417,13,329096
841,0.001394,172.217.194.0-255,8574,174991,13,329096
842,0.001396,172.31.36.0-255,66,175057,13,329096
843,0.00144,172.217.194.0-255,4320,179377,13,329096
844,0.001444,172.31.36.0-255,66,179443,13,329096
845,0.001469,172.217.194.0-255,10692,190135,13,329096
846,0.001472,172.31.36.0-255,66,190201,13,329096
847,0.00149,172.217.194.0-255,2902,193103,13,329096
848,0.001494,172.31.36.0-255,66,193169,13,329096
849,0.001511,172.217.194.0-255,8574,201743,13,329096
850,0.001516,172.31.36.0-255,66,201809,13,329096
851,0.001553,172.31.36.0-255,66,201875,13,329096
852,0.001578,172.217.194.0-255,2902,204777,13,329096
853,0.00158,172.31.36.0-255,66,204843,13,329096
854,0.001603,172.217.194.0-255,6438,211281,13,329096
855,0.001606,172.31.36.0-255,66,211347,13,329096
856,0.001619,172.217.194.0-255,1484,212831,13,329096
857,0.001631,172.217.194.0-255,2902,215733,13,329096
858,0.001634,172.217.194.0-255,1484,217217,13,329096
859,0.001635,172.31.36.0-255,66,217283,13,329096
860,0.001656,172.217.194.0-255,4320,221603,13,329096
861,0.001659,172.31.36.0-255,66,221669,13,329096
862,0.001664,172.217.194.0-255,4320,225989,13,329096
863,0.001666,172.31.36.0-255,66,226055,13,329096
864,0.001686,172.217.194.0-255,8574,234629,13,329096
865,0.001689,172.31.36.0-255,66,234695,13,329096
866,0.001692,172.217.194.0-255,7156,241851,13,329096
867,0.001694,172.31.36.0-255,66,241917,13,329096
868,0.001729,172.217.194.0-255,3602,245519,13,329096
869,0.001731,172.31.36.0-255,66,245585,13,329096
870,0.001793,172.217.194.0-255,1484,247069,13,329096
871,0.001811,172.217.194.0-255,2902,249971,13,329096
872,0.001814,172.31.36.0-255,66,250037,13,329096
873,0.00182,172.217.194.0-255,5738,255775,13,329096
874,0.001821,172.31.36.0-255,66,255841,13,329096
875,0.001825,172.217.194.0-255,2902,258743,13,329096
876,0.001827,172.31.36.0-255,66,258809,13,329096
877,0.001845,172.217.194.0-255,2902,261711,13,329096
878,0.001847,172.31.36.0-255,66,261777,13,329096
879,0.001853,172.217.194.0-255,7156,268933,13,329096
880,0.001856,172.31.36.0-255,66,268999,13,329096
881,0.001882,172.217.194.0-255,5738,274737,13,329096
882,0.001885,172.31.36.0-255,66,274803,13,329096
883,0.001886,172.217.194.0-255,5020,279823,13,329096
884,0.001888,172.31.36.0-255,66,279889,13,329096
885,0.00197,172.217.194.0-255,1484,281373,13,329096
886,0.001975,172.217.194.0-255,2902,284275,13,329096
887,0.001977,172.31.36.0-255,66,284341,13,329096
888,0.002,172.217.194.0-255,5738,290079,13,329096
889,0.002002,172.31.36.0-255,66,290145,13,329096
890,0.002032,172.31.36.0-255,66,290211,13,329096
891,0.002036,172.217.194.0-255,4320,294531,13,329096
892,0.002038,172.31.36.0-255,66,294597,13,329096
893,0.002052,172.217.194.0-255,5738,300335,13,329096
894,0.002055,172.31.36.0-255,66,300401,13,329096
895,0.002075,172.217.194.0-255,766,301167,13,329096
896,0.002089,172.217.194.0-255,1484,302651,13,329096
897,0.002091,172.31.36.0-255,66,302717,13,329096
898,0.002102,172.217.194.0-255,2902,305619,13,329096
899,0.002105,172.31.36.0-255,66,305685,13,329096
900,0.002117,172.217.194.0-255,1484,307169,13,329096
901,0.002122,172.217.194.0-255,4320,311489,13,329096
902,0.002128,172.31.36.0-255,66,311555,13,329096
903,0.002136,172.217.194.0-255,5738,317293,13,329096
904,0.002138,172.31.36.0-255,66,317359,13,329096
905,0.002173,172.217.194.0-255,5738,323097,13,329096
906,0.002176,172.31.36.0-255,66,323163,13,329096
907,0.002192,172.217.194.0-255,1484,324647,13,329096
908,0.002206,172.31.36.0-255,66,324713,13,329096
909,0.002239,172.217.194.0-255,3975,328688,13,329096
910,0.002242,172.31.36.0-255,66,328754,13,329096
911,0.002245,172.217.194.0-255,105,328859,13,329096
912,0.003072,172.31.36.0-255,66,328925,13,329096
913,0.003096,172.31.36.0-255,105,329030,13,329096
914,0.005575,172.217.194.0-255,66,329096,13,329096
915,0.0,172.217.194.0-255,306,306,13,106491
916,2.7e-05,172.31.36.0-255,66,372,13,106491
917,3.3e-05,172.217.194.0-255,1484,1856,13,106491
918,3.7e-05,172.31.36.0-255,66,1922,13,106491
919,7.2e-05,172.217.194.0-255,4320,6242,13,106491
920,7.9e-05,172.31.36.0-255,66,6308,13,106491
921,8e-05,172.217.194.0-255,7512,13820,13,106491
922,8.3e-05,172.31.36.0-255,66,13886,13,106491
923,0.000324,172.217.194.0-255,1484,15370,13,106491
924,0.00033,172.31.36.0-255,66,15436,13,106491
925,0.000335,172.217.194.0-255,2902,18338,13,106491
926,0.000337,172.31.36.0-255,66,18404,13,106491
927,0.000341,172.217.194.0-255,1484,19888,13,106491
928,0.000349,172.31.36.0-255,66,19954,13,106491
929,0.000381,172.217.194.0-255,4320,24274,13,106491
930,0.000384,172.31.36.0-255,66,24340,13,106491
931,0.000391,172.217.194.0-255,5738,30078,13,106491
932,0.000393,172.31.36.0-255,66,30144,13,106491
933,0.000442,172.217.194.0-255,7156,37300,13,106491
934,0.000446,172.31.36.0-255,66,37366,13,106491
935,0.000478,172.217.194.0-255,6797,44163,13,106491
936,0.000482,172.31.36.0-255,66,44229,13,106491
937,0.000518,172.217.194.0-255,3961,48190,13,106491
938,0.000522,172.31.36.0-255,66,48256,13,106491
939,0.001814,172.217.194.0-255,1484,49740,13,106491
940,0.001821,172.31.36.0-255,66,49806,13,106491
941,0.001831,172.217.194.0-255,2902,52708,13,106491
942,0.001834,172.31.36.0-255,66,52774,13,106491
943,0.001846,172.217.194.0-255,5738,58512,13,106491
944,0.001847,172.31.36.0-255,66,58578,13,106491
945,0.00185,172.217.194.0-255,1484,60062,13,106491
946,0.001853,172.31.36.0-255,66,60128,13,106491
947,0.001904,172.217.194.0-255,5669,65797,13,106491
948,0.001907,172.31.36.0-255,66,65863,13,106491
949,0.004485,172.217.194.0-255,5738,71601,13,106491
950,0.004491,172.31.36.0-255,66,71667,13,106491
951,0.007063,172.217.194.0-255,5738,77405,13,106491
952,0.00707,172.31.36.0-255,66,77471,13,106491
953,0.00966,172.217.194.0-255,5738,83209,13,106491
954,0.00967,172.31.36.0-255,66,83275,13,106491
955,0.012226,172.217.194.0-255,5738,89013,13,106491
956,0.012232,172.31.36.0-255,66,89079,13,106491
957,0.014806,172.217.194.0-255,5738,94817,13,106491
958,0.014815,172.31.36.0-255,66,94883,13,106491
959,0.01737,172.217.194.0-255,5738,100621,13,106491
960,0.017377,172.31.36.0-255,66,100687,13,106491
961,0.019918,172.217.194.0-255,5738,106425,13,106491
962,0.019925,172.31.36.0-255,66,106491,13,106491
963,0.0,172.217.160.0-255,156,156,13,145301
964,2.9e-05,172.31.36.0-255,66,222,13,145301
965,3.7e-05,172.217.160.0-255,1484,1706,13,145301
966,4.1e-05,172.31.36.0-255,66,1772,13,145301
967,4.5e-05,172.217.160.0-255,2902,4674,13,145301
968,5.5e-05,172.31.36.0-255,66,4740,13,145301
969,6.2e-05,172.217.160.0-255,7156,11896,13,145301
970,6.5e-05,172.31.36.0-255,66,11962,13,145301
971,7e-05,172.217.160.0-255,4855,16817,13,145301
972,7.2e-05,172.31.36.0-255,66,16883,13,145301
973,0.000123,172.31.36.0-255,66,16949,13,145301
974,0.000172,172.217.160.0-255,1484,18433,13,145301
975,0.000175,172.31.36.0-255,66,18499,13,145301
976,0.00018,172.217.160.0-255,2902,21401,13,145301
977,0.000182,172.31.36.0-255,66,21467,13,145301
978,0.000185,172.217.160.0-255,1484,22951,13,145301
979,0.000187,172.31.36.0-255,66,23017,13,145301
980,0.000222,172.217.160.0-255,4320,27337,13,145301
981,0.000226,172.31.36.0-255,66,27403,13,145301
982,0.000233,172.217.160.0-255,5738,33141,13,145301
983,0.000235,172.31.36.0-255,66,33207,13,145301
984,0.000272,172.31.36.0-255,66,33273,13,145301
985,0.000302,172.217.160.0-255,4320,37593,13,145301
986,0.000308,172.31.36.0-255,66,37659,13,145301
987,0.000315,172.217.160.0-255,2827,40486,13,145301
988,0.000317,172.31.36.0-255,66,40552,13,145301
989,0.000639,172.217.160.0-255,105,40657,13,145301
990,0.000643,172.31.36.0-255,66,40723,13,145301
991,0.000723,172.217.160.0-255,1484,42207,13,145301
992,0.000727,172.31.36.0-255,66,42273,13,145301
993,0.000732,172.217.160.0-255,2902,45175,13,145301
994,0.000734,172.31.36.0-255,66,45241,13,145301
995,0.00074,172.217.160.0-255,4320,49561,13,145301
996,0.000742,172.31.36.0-255,66,49627,13,145301
997,0.000775,172.217.160.0-255,1484,51111,13,145301
998,0.000784,172.217.160.0-255,6797,57908,13,145301
999,0.000786,172.31.36.0-255,66,57974,13,145301
1000,0.000806,172.31.36.0-255,66,58040,13,145301
1001,0.00081,172.217.160.0-255,2839,60879,13,145301
1002,0.000812,172.31.36.0-255,66,60945,13,145301
1003,0.001489,172.217.160.0-255,1484,62429,13,145301
1004,0.0015,172.217.160.0-255,2902,65331,13,145301
1005,0.001505,172.31.36.0-255,66,65397,13,145301
1006,0.001512,172.217.160.0-255,5738,71135,13,145301
1007,0.001514,172.31.36.0-255,66,71201,13,145301
1008,0.001527,172.217.160.0-255,5738,76939,13,145301
1009,0.001529,172.31.36.0-255,66,77005,13,145301
1010,0.001558,172.217.160.0-255,4320,81325,13,145301
1011,0.001561,172.31.36.0-255,66,81391,13,145301
1012,0.0016,172.31.36.0-255,66,81457,13,145301
1013,0.003247,172.217.160.0-255,5738,87195,13,145301
1014,0.003253,172.31.36.0-255,66,87261,13,145301
1015,0.004888,172.217.160.0-255,5738,92999,13,145301
1016,0.004891,172.31.36.0-255,66,93065,13,145301
1017,0.006522,172.217.160.0-255,5738,98803,13,145301
1018,0.00653,172.31.36.0-255,66,98869,13,145301
1019,0.008167,172.217.160.0-255,5738,104607,13,145301
1020,0.008173,172.31.36.0-255,66,104673,13,145301
1021,0.009806,172.217.160.0-255,5738,110411,13,145301
1022,0.009814,172.31.36.0-255,66,110477,13,145301
1023,0.011442,172.217.160.0-255,5738,116215,13,145301
1024,0.011449,172.31.36.0-255,66,116281,13,145301
1025,0.013077,172.217.160.0-255,5738,122019,13,145301
1026,0.013083,172.31.36.0-255,66,122085,13,145301
1027,0.014712,172.217.160.0-255,5738,127823,13,145301
1028,0.01472,172.31.36.0-255,66,127889,13,145301
1029,0.016348,172.217.160.0-255,5738,133627,13,145301
1030,0.016355,172.31.36.0-255,66,133693,13,145301
1031,0.017989,172.217.160.0-255,5738,139431,13,145301
1032,0.017996,172.31.36.0-255,66,139497,13,145301
1033,0.019626,172.217.160.0-255,5738,145235,13,145301
1034,0.019633,172.31.36.0-255,66,145301,13,145301
1035,0.0,172.217.194.0-255,150,150,13,348688
1036,1.5e-05,172.31.36.0-255,66,216,13,348688
1037,4.5e-05,172.217.194.0-255,1484,1700,13,348688
1038,5e-05,172.31.36.0-255,66,1766,13,348688
1039,5.6e-05,172.217.194.0-255,2902,4668,13,348688
1040,5.9e-05,172.31.36.0-255,66,4734,13,348688
1041,6.5e-05,172.217.194.0-255,4320,9054,13,348688
1042,6.7e-05,172.31.36.0-255,66,9120,13,348688
1043,0.000108,172.217.194.0-255,9193,18313,13,348688
1044,0.000111,172.31.36.0-255,66,18379,13,348688
1045,0.000118,172.217.194.0-255,5738,24117,13,348688
1046,0.00012,172.31.36.0-255,66,24183,13,348688
1047,0.000148,172.217.194.0-255,6797,30980,13,348688
1048,0.000151,172.31.36.0-255,66,31046,13,348688
1049,0.000211,172.217.194.0-255,1484,32530,13,348688
1050,0.000214,172.31.36.0-255,66,32596,13,348688
1051,0.000219,172.217.194.0-255,2902,35498,13,348688
1052,0.000221,172.31.36.0-255,66,35564,13,348688
1053,0.000228,172.217.194.0-255,5738,41302,13,348688
1054,0.000236,172.31.36.0-255,66,41368,13,348688
1055,0.000242,172.217.194.0-255,5738,47106,13,348688
1056,0.000247,172.31.36.0-255,66,47172,13,348688
1057,0.000274,172.217.194.0-255,8215,55387,13,348688
1058,0.000276,172.31.36.0-255,66,55453,13,348688
1059,0.000283,172.217.194.0-255,5738,61191,13,348688
1060,0.000289,172.31.36.0-255,66,61257,13,348688
1061,0.00031,172.217.194.0-255,4219,65476,13,348688
1062,0.000313,172.31.36.0-255,66,65542,13,348688
1063,0.000316,172.217.194.0-255,118,65660,13,348688
1064,0.000319,172.31.36.0-255,66,65726,13,348688
1065,0.000366,172.217.194.0-255,1484,67210,13,348688
1066,0.000369,172.31.36.0-255,66,67276,13,348688
1067,0.000375,172.217.194.0-255,2902,70178,13,348688
1068,0.000377,172.31.36.0-255,66,70244,13,348688
1069,0.000411,172.217.194.0-255,5738,75982,13,348688
1070,0.000414,172.31.36.0-255,66,76048,13,348688
1071,0.000419,172.217.194.0-255,2902,78950,13,348688
1072,0.000421,172.31.36.0-255,66,79016,13,348688
1073,0.000451,172.217.194.0-255,4272,83288,13,348688
1074,0.000454,172.31.36.0-255,66,83354,13,348688
1075,0.00051,172.217.194.0-255,1484,84838,13,348688
1076,0.000524,172.217.194.0-255,2902,87740,13,348688
1077,0.000527,172.31.36.0-255,66,87806,13,348688
1078,0.000533,172.217.194.0-255,5738,93544,13,348688
1079,0.000535,172.31.36.0-255,66,93610,13,348688
1080,0.000578,172.217.194.0-255,6797,100407,13,348688
1081,0.000581,172.31.36.0-255,66,100473,13,348688
1082,0.001679,172.217.194.0-255,1484,101957,13,348688
1083,0.001688,172.217.194.0-255,2902,104859,13,348688
1084,0.001693,172.31.36.0-255,66,104925,13,348688
1085,0.001701,172.217.194.0-255,5738,110663,13,348688
1086,0.001702,172.31.36.0-255,66,110729,13,348688
1087,0.001742,172.31.36.0-255,66,110795,13,348688
1088,0.00175,172.217.194.0-255,7156,117951,13,348688
1089,0.001752,172.31.36.0-255,66,118017,13,348688
1090,0.001781,172.217.194.0-255,3602,121619,13,348688
1091,0.001784,172.31.36.0-255,66,121685,13,348688
1092,0.001915,172.217.194.0-255,1484,123169,13,348688
1093,0.001921,172.217.194.0-255,2902,126071,13,348688
1094,0.001924,172.31.36.0-255,66,126137,13,348688
1095,0.001928,172.217.194.0-255,1484,127621,13,348688
1096,0.001954,172.217.194.0-255,4320,131941,13,348688
1097,0.001956,172.31.36.0-255,66,132007,13,348688
1098,0.001964,172.217.194.0-255,5738,137745,13,348688
1099,0.001966,172.31.36.0-255,66,137811,13,348688
1100,0.001996,172.217.194.0-255,4320,142131,13,348688
1101,0.001998,172.31.36.0-255,66,142197,13,348688
1102,0.002006,172.217.194.0-255,7156,149353,13,348688
1103,0.002008,172.31.36.0-255,66,149419,13,348688
1104,0.002033,172.217.194.0-255,6438,155857,13,348688
1105,0.002035,172.31.36.0-255,66,155923,13,348688
1106,0.002679,172.217.194.0-255,1484,157407,13,348688
1107,0.002696,172.217.194.0-255,2902,160309,13,348688
1108,0.002701,172.31.36.0-255,66,160375,13,348688
1109,0.002709,172.217.194.0-255,4320,164695,13,348688
1110,0.002711,172.31.36.0-255,66,164761,13,348688
1111,0.002739,172.217.194.0-255,4320,169081,13,348688
1112,0.002741,172.31.36.0-255,66,169147,13,348688
1113,0.002771,172.217.194.0-255,4320,173467,13,348688
1114,0.002773,172.31.36.0-255,66,173533,13,348688
1115,0.002783,172.217.194.0-255,9992,183525,13,348688
1116,0.00279,172.31.36.0-255,66,183591,13,348688
1117,0.002798,172.217.194.0-255,6438,190029,13,348688
1118,0.0028,172.31.36.0-255,66,190095,13,348688
1119,0.002853,172.217.194.0-255,2902,192997,13,348688
1120,0.002855,172.31.36.0-255,66,193063,13,348688
1121,0.002861,172.217.194.0-255,4320,197383,13,348688
1122,0.002864,172.31.36.0-255,66,197449,13,348688
1123,0.002867,172.217.194.0-255,1484,198933,13,348688
1124,0.002908,172.217.194.0-255,7156,206089,13,348688
1125,0.002911,172.31.36.0-255,66,206155,13,348688
1126,0.002914,172.217.194.0-255,1484,207639,13,348688
1127,0.002917,172.217.194.0-255,1484,209123,13,348688
1128,0.002919,172.31.36.0-255,66,209189,13,348688
1129,0.002957,172.31.36.0-255,66,209255,13,348688
1130,0.00296,172.217.194.0-255,1484,210739,13,348688
1131,0.002963,172.217.194.0-255,766,211505,13,348688
1132,0.002965,172.31.36.0-255,66,211571,13,348688
1133,0.002972,172.217.194.0-255,4320,215891,13,348688
1134,0.002974,172.31.36.0-255,66,215957,13,348688
1135,0.003019,172.217.194.0-255,5738,221695,13,348688
1136,0.003022,172.31.36.0-255,66,221761,13,348688
1137,0.003035,172.217.194.0-255,5738,227499,13,348688
1138,0.003037,172.31.36.0-255,66,227565,13,348688
1139,0.003064,172.217.194.0-255,1484,229049,13,348688
1140,0.003069,172.217.194.0-255,2902,231951,13,348688
1141,0.003072,172.31.36.0-255,66,232017,13,348688
1142,0.00308,172.217.194.0-255,7156,239173,13,348688
1143,0.003082,172.31.36.0-255,66,239239,13,348688
1144,0.003086,172.217.194.0-255,2902,242141,13,348688
1145,0.003089,172.31.36.0-255,66,242207,13,348688
1146,0.003119,172.217.194.0-255,3602,245809,13,348688
1147,0.003122,172.31.36.0-255,66,245875,13,348688
1148,0.003159,172.217.194.0-255,1484,247359,13,348688
1149,0.003177,172.217.194.0-255,1484,248843,13,348688
1150,0.003179,172.31.36.0-255,66,248909,13,348688
1151,0.003192,172.217.194.0-255,4320,253229,13,348688
1152,0.0032,172.31.36.0-255,66,253295,13,348688
1153,0.003204,172.217.194.0-255,2902,256197,13,348688
1154,0.003206,172.31.36.0-255,66,256263,13,348688
1155,0.003238,172.217.194.0-255,8574,264837,13,348688
1156,0.003241,172.31.36.0-255,66,264903,13,348688
1157,0.003268,172.217.194.0-255,5738,270641,13,348688
1158,0.00327,172.31.36.0-255,66,270707,13,348688
1159,0.003303,172.217.194.0-255,9274,279981,13,348688
1160,0.003306,172.31.36.0-255,66,280047,13,348688
1161,0.003342,172.217.194.0-255,1484,281531,13,348688
1162,0.003372,172.217.194.0-255,1484,283015,13,348688
1163,0.003374,172.31.36.0-255,66,283081,13,348688
1164,0.003379,172.217.194.0-255,2902,285983,13,348688
1165,0.003381,172.31.36.0-255,66,286049,13,348688
1166,0.003412,172.217.194.0-255,5738,291787,13,348688
1167,0.003415,172.31.36.0-255,66,291853,13,348688
1168,0.003419,172.217.194.0-255,2902,294755,13,348688
1169,0.003421,172.31.36.0-255,66,294821,13,348688
1170,0.003441,172.217.194.0-255,4320,299141,13,348688
1171,0.003448,172.31.36.0-255,66,299207,13,348688
1172,0.003455,172.217.194.0-255,5738,304945,13,348688
1173,0.003457,172.31.36.0-255,66,305011,13,348688
1174,0.003495,172.217.194.0-255,8574,313585,13,348688
1175,0.003497,172.31.36.0-255,66,313651,13,348688
1176,0.003501,172.217.194.0-255,766,314417,13,348688
1177,0.003522,172.217.194.0-255,2902,317319,13,348688
1178,0.003524,172.31.36.0-255,66,317385,13,348688
1179,0.003551,172.217.194.0-255,1484,318869,13,348688
1180,0.003558,172.217.194.0-255,5738,324607,13,348688
1181,0.003561,172.31.36.0-255,66,324673,13,348688
1182,0.003573,172.31.36.0-255,66,324739,13,348688
1183,0.003585,172.217.194.0-255,5738,330477,13,348688
1184,0.003588,172.31.36.0-255,66,330543,13,348688
1185,0.003623,172.217.194.0-255,5738,336281,13,348688
1186,0.003626,172.31.36.0-255,66,336347,13,348688
1187,0.003657,172.217.194.0-255,9274,345621,13,348688
1188,0.00366,172.31.36.0-255,66,345687,13,348688
1189,0.003684,172.217.194.0-255,2593,348280,13,348688
1190,0.003686,172.31.36.0-255,66,348346,13,348688
1191,0.003734,172.217.194.0-255,105,348451,13,348688
1192,0.006303,172.31.36.0-255,66,348517,13,348688
1193,0.006343,172.31.36.0-255,105,348622,13,348688
1194,0.008962,172.217.194.0-255,66,348688,13,348688
1195,0.0,172.217.194.0-255,153,153,13,188225
1196,2.7e-05,172.31.36.0-255,66,219,13,188225
1197,3.4e-05,172.217.194.0-255,1484,1703,13,188225
1198,3.8e-05,172.31.36.0-255,66,1769,13,188225
1199,4.3e-05,172.217.194.0-255,2902,4671,13,188225
1200,4.5e-05,172.31.36.0-255,66,4737,13,188225
1201,6e-05,172.217.194.0-255,7156,11893,13,188225
1202,6.3e-05,172.31.36.0-255,66,11959,13,188225
1203,6.8e-05,172.217.194.0-255,2016,13975,13,188225
1204,7e-05,172.31.36.0-255,66,14041,13,188225
1205,0.000119,172.31.36.0-255,66,14107,13,188225
1206,0.000125,172.217.194.0-255,5379,19486,13,188225
1207,0.000128,172.31.36.0-255,66,19552,13,188225
1208,0.0002,172.217.194.0-255,1484,21036,13,188225
1209,0.000203,172.31.36.0-255,66,21102,13,188225
1210,0.000209,172.217.194.0-255,2902,24004,13,188225
1211,0.000211,172.31.36.0-255,66,24070,13,188225
1212,0.000223,172.217.194.0-255,5738,29808,13,188225
1213,0.000226,172.31.36.0-255,66,29874,13,188225
1214,0.000269,172.31.36.0-255,66,29940,13,188225
1215,0.000279,172.217.194.0-255,9887,39827,13,188225
1216,0.000282,172.31.36.0-255,66,39893,13,188225
1217,0.000303,172.217.194.0-255,435,40328,13,188225
1218,0.000308,172.31.36.0-255,66,40394,13,188225
1219,0.000491,172.217.194.0-255,1484,41878,13,188225
1220,0.000495,172.31.36.0-255,66,41944,13,188225
1221,0.0005,172.217.194.0-255,2902,44846,13,188225
1222,0.000503,172.31.36.0-255,66,44912,13,188225
1223,0.000526,172.217.194.0-255,5738,50650,13,188225
1224,0.000534,172.31.36.0-255,66,50716,13,188225
1225,0.000544,172.217.194.0-255,9992,60708,13,188225
1226,0.000547,172.31.36.0-255,66,60774,13,188225
1227,0.000587,172.31.36.0-255,66,60840,13,188225
1228,0.000616,172.217.194.0-255,2184,63024,13,188225
1229,0.00062,172.31.36.0-255,66,63090,13,188225
1230,0.000719,172.217.194.0-255,1484,64574,13,188225
1231,0.000725,172.217.194.0-255,2902,67476,13,188225
1232,0.000728,172.31.36.0-255,66,67542,13,188225
1233,0.000731,172.217.194.0-255,1484,69026,13,188225
1234,0.000762,172.217.194.0-255,4320,73346,13,188225
1235,0.000766,172.31.36.0-255,66,73412,13,188225
1236,0.000784,172.31.36.0-255,66,73478,13,188225
1237,0.00079,172.217.194.0-255,4320,77798,13,188225
1238,0.000792,172.31.36.0-255,66,77864,13,188225
1239,0.000822,172.217.194.0-255,6438,84302,13,188225
1240,0.000826,172.31.36.0-255,66,84368,13,188225
1241,0.001413,172.217.194.0-255,1484,85852,13,188225
1242,0.001435,172.217.194.0-255,1484,87336,13,188225
1243,0.001439,172.31.36.0-255,66,87402,13,188225
1244,0.001445,172.217.194.0-255,2902,90304,13,188225
1245,0.001448,172.31.36.0-255,66,90370,13,188225
1246,0.001452,172.217.194.0-255,2902,93272,13,188225
1247,0.001454,172.31.36.0-255,66,93338,13,188225
1248,0.001479,172.217.194.0-255,2902,96240,13,188225
1249,0.001483,172.31.36.0-255,66,96306,13,188225
1250,0.001503,172.31.36.0-255,66,96372,13,188225
1251,0.001508,172.217.194.0-255,2902,99274,13,188225
1252,0.001511,172.31.36.0-255,66,99340,13,188225
1253,0.001516,172.217.194.0-255,4320,103660,13,188225
1254,0.001518,172.31.36.0-255,66,103726,13,188225
1255,0.001587,172.217.194.0-255,2184,105910,13,188225
1256,0.001592,172.31.36.0-255,66,105976,13,188225
1257,0.001921,172.217.194.0-255,1484,107460,13,188225
1258,0.001929,172.217.194.0-255,2902,110362,13,188225
1259,0.001933,172.31.36.0-255,66,110428,13,188225
1260,0.00194,172.217.194.0-255,5738,116166,13,188225
1261,0.001943,172.31.36.0-255,66,116232,13,188225
1262,0.001955,172.217.194.0-255,2902,119134,13,188225
1263,0.001957,172.31.36.0-255,66,119200,13,188225
1264,0.001989,172.217.194.0-255,5738,124938,13,188225
1265,0.001992,172.31.36.0-255,66,125004,13,188225
1266,0.002008,172.31.36.0-255,66,125070,13,188225
1267,0.002014,172.217.194.0-255,5738,130808,13,188225
1268,0.002016,172.31.36.0-255,66,130874,13,188225
1269,0.002038,172.217.194.0-255,1484,132358,13,188225
1270,0.002083,172.31.36.0-255,66,132424,13,188225
1271,0.002088,172.217.194.0-255,2184,134608,13,188225
1272,0.00209,172.31.36.0-255,66,134674,13,188225
1273,0.002109,172.217.194.0-255,1484,136158,13,188225
1274,0.002154,172.31.36.0-255,66,136224,13,188225
1275,0.002164,172.217.194.0-255,8574,144798,13,188225
1276,0.002167,172.31.36.0-255,66,144864,13,188225
1277,0.002193,172.217.194.0-255,3602,148466,13,188225
1278,0.002196,172.31.36.0-255,66,148532,13,188225
1279,0.002213,172.31.36.0-255,66,148598,13,188225
1280,0.002222,172.217.194.0-255,9992,158590,13,188225
1281,0.002224,172.31.36.0-255,66,158656,13,188225
1282,0.002268,172.217.194.0-255,9992,168648,13,188225
1283,0.002271,172.31.36.0-255,66,168714,13,188225
1284,0.002313,172.31.36.0-255,66,168780,13,188225
1285,0.002325,172.31.36.0-255,66,168846,13,188225
1286,0.002362,172.217.194.0-255,4320,173166,13,188225
1287,0.002364,172.31.36.0-255,66,173232,13,188225
1288,0.002394,172.31.36.0-255,66,173298,13,188225
1289,0.0024,172.217.194.0-255,5020,178318,13,188225
1290,0.002401,172.31.36.0-255,66,178384,13,188225
1291,0.002408,172.217.194.0-255,7156,185540,13,188225
1292,0.00241,172.31.36.0-255,66,185606,13,188225
1293,0.002414,172.217.194.0-255,2211,187817,13,188225
1294,0.002415,172.31.36.0-255,66,187883,13,188225
1295,0.002419,172.217.194.0-255,105,187988,13,188225
1296,0.009592,172.31.36.0-255,66,188054,13,188225
1297,0.00962,172.31.36.0-255,105,188159,13,188225
1298,0.011947,172.217.194.0-255,66,188225,13,188225
1299,0.0,172.217.194.0-255,143,143,13,206053
1300,3.7e-05,172.31.36.0-255,66,209,13,206053
1301,4.5e-05,172.217.194.0-255,1484,1693,13,206053
1302,4.9e-05,172.31.36.0-255,66,1759,13,206053
1303,5.5e-05,172.217.194.0-255,2902,4661,13,206053
1304,6.8e-05,172.31.36.0-255,66,4727,13,206053
1305,7.6e-05,172.217.194.0-255,7156,11883,13,206053
1306,7.9e-05,172.31.36.0-255,66,11949,13,206053
1307,8.7e-05,172.217.194.0-255,7156,19105,13,206053
1308,9e-05,172.31.36.0-255,66,19171,13,206053
1309,0.000129,172.217.194.0-255,4865,24036,13,206053
1310,0.000132,172.31.36.0-255,66,24102,13,206053
1311,0.00014,172.217.194.0-255,6797,30899,13,206053
1312,0.000142,172.31.36.0-255,66,30965,13,206053
1313,0.000175,172.217.194.0-255,1484,32449,13,206053
1314,0.000178,172.31.36.0-255,66,32515,13,206053
1315,0.000199,172.217.194.0-255,2902,35417,13,206053
1316,0.000202,172.31.36.0-255,66,35483,13,206053
1317,0.000205,172.217.194.0-255,1484,36967,13,206053
1318,0.000207,172.31.36.0-255,66,37033,13,206053
1319,0.000239,172.217.194.0-255,4320,41353,13,206053
1320,0.000243,172.31.36.0-255,66,41419,13,206053
1321,0.000246,172.217.194.0-255,1484,42903,13,206053
1322,0.000248,172.31.36.0-255,66,42969,13,206053
1323,0.000287,172.31.36.0-255,66,43035,13,206053
1324,0.000322,172.31.36.0-255,66,43101,13,206053
1325,0.000348,172.217.194.0-255,366,43467,13,206053
1326,0.000351,172.31.36.0-255,66,43533,13,206053
1327,0.000467,172.217.194.0-255,1484,45017,13,206053
1328,0.000471,172.31.36.0-255,66,45083,13,206053
1329,0.000476,172.217.194.0-255,2902,47985,13,206053
1330,0.000479,172.31.36.0-255,66,48051,13,206053
1331,0.000484,172.217.194.0-255,2902,50953,13,206053
1332,0.000493,172.31.36.0-255,66,51019,13,206053
1333,0.000526,172.217.194.0-255,2902,53921,13,206053
1334,0.000529,172.31.36.0-255,66,53987,13,206053
1335,0.000537,172.217.194.0-255,6797,60784,13,206053
1336,0.000539,172.31.36.0-255,66,60850,13,206053
1337,0.000554,172.31.36.0-255,66,60916,13,206053
1338,0.000559,172.217.194.0-255,2543,63459,13,206053
1339,0.000562,172.31.36.0-255,66,63525,13,206053
1340,0.000626,172.217.194.0-255,1484,65009,13,206053
1341,0.000631,172.217.194.0-255,2902,67911,13,206053
1342,0.000635,172.31.36.0-255,66,67977,13,206053
1343,0.000641,172.217.194.0-255,4320,72297,13,206053
1344,0.000646,172.31.36.0-255,66,72363,13,206053
1345,0.000671,172.217.194.0-255,1484,73847,13,206053
1346,0.000686,172.31.36.0-255,66,73913,13,206053
1347,0.000718,172.217.194.0-255,10692,84605,13,206053
1348,0.000722,172.31.36.0-255,66,84671,13,206053
1349,0.000785,172.217.194.0-255,1484,86155,13,206053
1350,0.000791,172.217.194.0-255,2902,89057,13,206053
1351,0.000793,172.31.36.0-255,66,89123,13,206053
1352,0.000812,172.217.194.0-255,4320,93443,13,206053
1353,0.000815,172.31.36.0-255,66,93509,13,206053
1354,0.00084,172.217.194.0-255,1484,94993,13,206053
1355,0.000851,172.217.194.0-255,9992,104985,13,206053
1356,0.000855,172.31.36.0-255,66,105051,13,206053
1357,0.000884,172.217.194.0-255,2902,107953,13,206053
1358,0.000887,172.31.36.0-255,66,108019,13,206053
1359,0.000899,172.217.194.0-255,9992,118011,13,206053
1360,0.000901,172.31.36.0-255,66,118077,13,206053
1361,0.000904,172.217.194.0-255,766,118843,13,206053
1362,0.001036,172.217.194.0-255,1484,120327,13,206053
1363,0.00104,172.31.36.0-255,66,120393,13,206053
1364,0.001067,172.217.194.0-255,2902,123295,13,206053
1365,0.00107,172.31.36.0-255,66,123361,13,206053
1366,0.001075,172.217.194.0-255,4320,127681,13,206053
1367,0.001077,172.31.36.0-255,66,127747,13,206053
1368,0.0011,172.217.194.0-255,8574,136321,13,206053
1369,0.001107,172.31.36.0-255,66,136387,13,206053
1370,0.001138,172.217.194.0-255,9992,146379,13,206053
1371,0.001143,172.31.36.0-255,66,146445,13,206053
1372,0.00117,172.217.194.0-255,6438,152883,13,206053
1373,0.001173,172.31.36.0-255,66,152949,13,206053
1374,0.001271,172.217.194.0-255,1484,154433,13,206053
1375,0.001277,172.217.194.0-255,2902,157335,13,206053
1376,0.00128,172.31.36.0-255,66,157401,13,206053
1377,0.001285,172.217.194.0-255,2902,160303,13,206053
1378,0.001291,172.31.36.0-255,66,160369,13,206053
1379,0.001308,172.217.194.0-255,2902,163271,13,206053
1380,0.00131,172.31.36.0-255,66,163337,13,206053
1381,0.001316,172.217.194.0-255,4320,167657,13,206053
1382,0.001318,172.31.36.0-255,66,167723,13,206053
1383,0.001345,172.217.194.0-255,5738,173461,13,206053
1384,0.001348,172.31.36.0-255,66,173527,13,206053
1385,0.001361,172.31.36.0-255,66,173593,13,206053
1386,0.001365,172.217.194.0-255,2184,175777,13,206053
1387,0.001367,172.31.36.0-255,66,175843,13,206053
1388,0.001419,172.217.194.0-255,1484,177327,13,206053
1389,0.001424,172.217.194.0-255,1484,178811,13,206053
1390,0.001426,172.31.36.0-255,66,178877,13,206053
1391,0.001463,172.217.194.0-255,1484,180361,13,206053
1392,0.00147,172.217.194.0-255,5738,186099,13,206053
1393,0.001473,172.31.36.0-255,66,186165,13,206053
1394,0.001502,172.31.36.0-255,66,186231,13,206053
1395,0.001509,172.217.194.0-255,5738,191969,13,206053
1396,0.001513,172.31.36.0-255,66,192035,13,206053
1397,0.001536,172.217.194.0-255,7156,199191,13,206053
1398,0.001545,172.31.36.0-255,66,199257,13,206053
1399,0.001581,172.31.36.0-255,66,199323,13,206053
1400,0.001606,172.31.36.0-255,66,199389,13,206053
1401,0.00161,172.31.36.0-255,66,199455,13,206053
1402,0.001644,172.217.194.0-255,5738,205193,13,206053
1403,0.00165,172.31.36.0-255,66,205259,13,206053
1404,0.001708,172.31.36.0-255,66,205325,13,206053
1405,0.00173,172.217.194.0-255,320,205645,13,206053
1406,0.001732,172.31.36.0-255,66,205711,13,206053
1407,0.001794,172.217.194.0-255,105,205816,13,206053
1408,0.003362,172.31.36.0-255,66,205882,13,206053
1409,0.003389,172.31.36.0-255,105,205987,13,206053
1410,0.005662,172.217.194.0-255,66,206053,13,206053
1411,0.0,172.217.194.0-255,169,169,13,242832
1412,3.4e-05,172.31.36.0-255,66,235,13,242832
1413,4e-05,172.217.194.0-255,1484,1719,13,242832
1414,4.5e-05,172.31.36.0-255,66,1785,13,242832
1415,5.8e-05,172.217.194.0-255,2902,4687,13,242832
1416,6.2e-05,172.31.36.0-255,66,4753,13,242832
1417,6.9e-05,172.217.194.0-255,7156,11909,13,242832
1418,7.2e-05,172.31.36.0-255,66,11975,13,242832
1419,7.6e-05,172.217.194.0-255,2110,14085,13,242832
1420,7.8e-05,172.31.36.0-255,66,14151,13,242832
1421,0.000135,172.217.194.0-255,1484,15635,13,242832
1422,0.000139,172.31.36.0-255,66,15701,13,242832
1423,0.00015,172.217.194.0-255,1484,17185,13,242832
1424,0.000158,172.31.36.0-255,66,17251,13,242832
1425,0.000184,172.217.194.0-255,1484,18735,13,242832
1426,0.000187,172.31.36.0-255,66,18801,13,242832
1427,0.000194,172.217.194.0-255,5738,24539,13,242832
1428,0.000196,172.31.36.0-255,66,24605,13,242832
1429,0.000207,172.217.194.0-255,6797,31402,13,242832
1430,0.000211,172.31.36.0-255,66,31468,13,242832
1431,0.000256,172.217.194.0-255,1484,32952,13,242832
1432,0.000259,172.31.36.0-255,66,33018,13,242832
1433,0.000265,172.217.194.0-255,2902,35920,13,242832
1434,0.000267,172.31.36.0-255,66,35986,13,242832
1435,0.00027,172.217.194.0-255,1484,37470,13,242832
1436,0.000278,172.31.36.0-255,66,37536,13,242832
1437,0.000292,172.217.194.0-255,4320,41856,13,242832
1438,0.000295,172.31.36.0-255,66,41922,13,242832
1439,0.000318,172.217.194.0-255,5738,47660,13,242832
1440,0.000322,172.31.36.0-255,66,47726,13,242832
1441,0.000347,172.217.194.0-255,8215,55941,13,242832
1442,0.000351,172.31.36.0-255,66,56007,13,242832
1443,0.000359,172.217.194.0-255,9923,65930,13,242832
1444,0.000362,172.31.36.0-255,66,65996,13,242832
1445,0.000386,172.217.194.0-255,365,66361,13,242832
1446,0.000502,172.217.194.0-255,1484,67845,13,242832
1447,0.000505,172.217.194.0-255,1484,69329,13,242832
1448,0.000508,172.31.36.0-255,66,69395,13,242832
1449,0.000522,172.217.194.0-255,1484,70879,13,242832
1450,0.000529,172.31.36.0-255,66,70945,13,242832
1451,0.000536,172.217.194.0-255,5738,76683,13,242832
1452,0.000539,172.31.36.0-255,66,76749,13,242832
1453,0.000585,172.31.36.0-255,66,76815,13,242832
1454,0.0006,172.217.194.0-255,10692,87507,13,242832
1455,0.000603,172.31.36.0-255,66,87573,13,242832
1456,0.000846,172.217.194.0-255,1484,89057,13,242832
1457,0.000851,172.217.194.0-255,1484,90541,13,242832
1458,0.000855,172.31.36.0-255,66,90607,13,242832
1459,0.000868,172.217.194.0-255,1484,92091,13,242832
1460,0.00088,172.217.194.0-255,5738,97829,13,242832
1461,0.000883,172.31.36.0-255,66,97895,13,242832
1462,0.00091,172.217.194.0-255,9992,107887,13,242832
1463,0.000913,172.31.36.0-255,66,107953,13,242832
1464,0.000947,172.217.194.0-255,2902,110855,13,242832
1465,0.000951,172.31.36.0-255,66,110921,13,242832
1466,0.000964,172.217.194.0-255,8574,119495,13,242832
1467,0.000972,172.31.36.0-255,66,119561,13,242832
1468,0.000977,172.217.194.0-255,2184,121745,13,242832
1469,0.000979,172.31.36.0-255,66,121811,13,242832
1470,0.001024,172.217.194.0-255,1484,123295,13,242832
1471,0.00103,172.217.194.0-255,2902,126197,13,242832
1472,0.001033,172.31.36.0-255,66,126263,13,242832
1473,0.001069,172.217.194.0-255,5738,132001,13,242832
1474,0.001073,172.31.36.0-255,66,132067,13,242832
1475,0.001087,172.31.36.0-255,66,132133,13,242832
1476,0.001091,172.217.194.0-255,2902,135035,13,242832
1477,0.0011,172.31.36.0-255,66,135101,13,242832
1478,0.001135,172.217.194.0-255,7856,142957,13,242832
1479,0.001139,172.31.36.0-255,66,143023,13,242832
1480,0.001163,172.217.194.0-255,1484,144507,13,242832
1481,0.001179,172.217.194.0-255,2902,147409,13,242832
1482,0.001182,172.31.36.0-255,66,147475,13,242832
1483,0.001189,172.217.194.0-255,5738,153213,13,242832
1484,0.001192,172.31.36.0-255,66,153279,13,242832
1485,0.001197,172.217.194.0-255,4320,157599,13,242832
1486,0.001206,172.31.36.0-255,66,157665,13,242832
1487,0.001232,172.217.194.0-255,1484,159149,13,242832
1488,0.001246,172.31.36.0-255,66,159215,13,242832
1489,0.001252,172.217.194.0-255,5020,164235,13,242832
1490,0.001254,172.31.36.0-255,66,164301,13,242832
1491,0.001338,172.217.194.0-255,1484,165785,13,242832
1492,0.001343,172.217.194.0-255,2902,168687,13,242832
1493,0.001347,172.31.36.0-255,66,168753,13,242832
1494,0.001368,172.217.194.0-255,5738,174491,13,242832
1495,0.001372,172.31.36.0-255,66,174557,13,242832
1496,0.001415,172.217.194.0-255,2902,177459,13,242832
1497,0.001417,172.31.36.0-255,66,177525,13,242832
1498,0.001421,172.31.36.0-255,66,177591,13,242832
1499,0.001461,172.217.194.0-255,5738,183329,13,242832
1500,0.001465,172.31.36.0-255,66,183395,13,242832
1501,0.001469,172.217.194.0-255,2184,185579,13,242832
1502,0.001471,172.31.36.0-255,66,185645,13,242832
1503,0.001524,172.217.194.0-255,1484,187129,13,242832
1504,0.00154,172.217.194.0-255,2902,190031,13,242832
1505,0.001545,172.31.36.0-255,66,190097,13,242832
1506,0.001546,172.217.194.0-255,5738,195835,13,242832
1507,0.001548,172.31.36.0-255,66,195901,13,242832
1508,0.001594,172.31.36.0-255,66,195967,13,242832
1509,0.001634,172.31.36.0-255,66,196033,13,242832
1510,0.001635,172.217.194.0-255,4320,200353,13,242832
1511,0.001638,172.31.36.0-255,66,200419,13,242832
1512,0.001673,172.217.194.0-255,8574,208993,13,242832
1513,0.001681,172.31.36.0-255,66,209059,13,242832
1514,0.001702,172.31.36.0-255,66,209125,13,242832
1515,0.001737,172.217.194.0-255,1484,210609,13,242832
1516,0.001742,172.217.194.0-255,2902,213511,13,242832
1517,0.001746,172.31.36.0-255,66,213577,13,242832
1518,0.001818,172.217.194.0-255,5738,219315,13,242832
1519,0.001822,172.31.36.0-255,66,219381,13,242832
1520,0.001837,172.31.36.0-255,66,219447,13,242832
1521,0.001852,172.217.194.0-255,10692,230139,13,242832
1522,0.001855,172.31.36.0-255,66,230205,13,242832
1523,0.001868,172.31.36.0-255,66,230271,13,242832
1524,0.001884,172.31.36.0-255,66,230337,13,242832
1525,0.001913,172.217.194.0-255,4320,234657,13,242832
1526,0.001916,172.31.36.0-255,66,234723,13,242832
1527,0.001951,172.217.194.0-255,7425,242148,13,242832
1528,0.001955,172.31.36.0-255,66,242214,13,242832
1529,0.001958,172.217.194.0-255,105,242319,13,242832
1530,0.003397,172.31.36.0-255,66,242385,13,242832
1531,0.003424,172.31.36.0-255,105,242490,13,242832
1532,0.006017,172.217.194.0-255,66,242556,13,242832
1533,0.016749,172.31.36.0-255,105,242661,13,242832
1534,0.018829,157.240.13.0-255,105,242766,13,242832
1535,0.018848,172.31.36.0-255,66,242832,13,242832
1536,0.0,172.217.194.0-255,150,150,13,308625
1537,2.9e-05,172.31.36.0-255,66,216,13,308625
1538,3.6e-05,172.217.194.0-255,1484,1700,13,308625
1539,4.1e-05,172.31.36.0-255,66,1766,13,308625
1540,4.5e-05,172.217.194.0-255,2902,4668,13,308625
1541,4.8e-05,172.31.36.0-255,66,4734,13,308625
1542,5.2e-05,172.217.194.0-255,2902,7636,13,308625
1543,5.4e-05,172.31.36.0-255,66,7702,13,308625
1544,7.7e-05,172.217.194.0-255,1484,9186,13,308625
1545,7.9e-05,172.31.36.0-255,66,9252,13,308625
1546,9.5e-05,172.217.194.0-255,4906,14158,13,308625
1547,9.9e-05,172.31.36.0-255,66,14224,13,308625
1548,0.000272,172.217.194.0-255,1484,15708,13,308625
1549,0.000277,172.31.36.0-255,66,15774,13,308625
1550,0.000283,172.217.194.0-255,2902,18676,13,308625
1551,0.000285,172.31.36.0-255,66,18742,13,308625
1552,0.000291,172.217.194.0-255,5738,24480,13,308625
1553,0.000293,172.31.36.0-255,66,24546,13,308625
1554,0.000337,172.217.194.0-255,6797,31343,13,308625
1555,0.000341,172.31.36.0-255,66,31409,13,308625
1556,0.000471,172.217.194.0-255,1484,32893,13,308625
1557,0.000474,172.31.36.0-255,66,32959,13,308625
1558,0.00048,172.217.194.0-255,2902,35861,13,308625
1559,0.000482,172.31.36.0-255,66,35927,13,308625
1560,0.000498,172.217.194.0-255,1484,37411,13,308625
1561,0.000501,172.31.36.0-255,66,37477,13,308625
1562,0.000526,172.217.194.0-255,4320,41797,13,308625
1563,0.000529,172.31.36.0-255,66,41863,13,308625
1564,0.000561,172.31.36.0-255,66,41929,13,308625
1565,0.000565,172.217.194.0-255,2902,44831,13,308625
1566,0.000568,172.31.36.0-255,66,44897,13,308625
1567,0.000588,172.217.194.0-255,8574,53471,13,308625
1568,0.000592,172.31.36.0-255,66,53537,13,308625
1569,0.000595,172.217.194.0-255,1382,54919,13,308625
1570,0.00062,172.217.194.0-255,117,55036,13,308625
1571,0.000716,172.217.194.0-255,377,55413,13,308625
1572,0.000721,172.31.36.0-255,66,55479,13,308625
1573,0.000895,172.217.194.0-255,1484,56963,13,308625
1574,0.000905,172.217.194.0-255,2902,59865,13,308625
1575,0.000908,172.31.36.0-255,66,59931,13,308625
1576,0.000914,172.217.194.0-255,2902,62833,13,308625
1577,0.000916,172.31.36.0-255,66,62899,13,308625
1578,0.000932,172.217.194.0-255,2902,65801,13,308625
1579,0.000934,172.31.36.0-255,66,65867,13,308625
1580,0.00094,172.217.194.0-255,5738,71605,13,308625
1581,0.000942,172.31.36.0-255,66,71671,13,308625
1582,0.000973,172.217.194.0-255,7156,78827,13,308625
1583,0.000976,172.31.36.0-255,66,78893,13,308625
1584,0.000987,172.217.194.0-255,9992,88885,13,308625
1585,0.00099,172.31.36.0-255,66,88951,13,308625
1586,0.000992,172.217.194.0-255,766,89717,13,308625
1587,0.001524,172.217.194.0-255,1484,91201,13,308625
1588,0.00153,172.31.36.0-255,66,91267,13,308625
1589,0.001536,172.217.194.0-255,2902,94169,13,308625
1590,0.001538,172.31.36.0-255,66,94235,13,308625
1591,0.001544,172.217.194.0-255,5738,99973,13,308625
1592,0.001546,172.31.36.0-255,66,100039,13,308625
1593,0.00157,172.217.194.0-255,5738,105777,13,308625
1594,0.001574,172.31.36.0-255,66,105843,13,308625
1595,0.001589,172.217.194.0-255,7156,112999,13,308625
1596,0.001592,172.31.36.0-255,66,113065,13,308625
1597,0.001594,172.217.194.0-255,1484,114549,13,308625
1598,0.001632,172.217.194.0-255,9274,123823,13,308625
1599,0.001635,172.31.36.0-255,66,123889,13,308625
1600,0.001762,172.217.194.0-255,1484,125373,13,308625
1601,0.001766,172.217.194.0-255,2902,128275,13,308625
1602,0.001768,172.31.36.0-255,66,128341,13,308625
1603,0.00179,172.217.194.0-255,5738,134079,13,308625
1604,0.001793,172.31.36.0-255,66,134145,13,308625
1605,0.001806,172.217.194.0-255,4320,138465,13,308625
1606,0.001808,172.31.36.0-255,66,138531,13,308625
1607,0.001834,172.217.194.0-255,8574,147105,13,308625
1608,0.001836,172.31.36.0-255,66,147171,13,308625
1609,0.001843,172.217.194.0-255,5738,152909,13,308625
1610,0.001845,172.31.36.0-255,66,152975,13,308625
1611,0.001897,172.217.194.0-255,6438,159413,13,308625
1612,0.0019,172.31.36.0-255,66,159479,13,308625
1613,0.001906,172.217.194.0-255,7156,166635,13,308625
1614,0.001908,172.31.36.0-255,66,166701,13,308625
1615,0.001913,172.217.194.0-255,4320,171021,13,308625
1616,0.001916,172.31.36.0-255,66,171087,13,308625
1617,0.001946,172.31.36.0-255,66,171153,13,308625
1618,0.001954,172.217.194.0-255,9274,180427,13,308625
1619,0.001956,172.31.36.0-255,66,180493,13,308625
1620,0.001978,172.217.194.0-255,2902,183395,13,308625
1621,0.00198,172.31.36.0-255,66,183461,13,308625
1622,0.001984,172.217.194.0-255,4320,187781,13,308625
1623,0.001986,172.31.36.0-255,66,187847,13,308625
1624,0.001989,172.217.194.0-255,1484,189331,13,308625
1625,0.002001,172.217.194.0-255,4320,193651,13,308625
1626,0.002004,172.31.36.0-255,66,193717,13,308625
1627,0.002017,172.217.194.0-255,2902,196619,13,308625
1628,0.002019,172.31.36.0-255,66,196685,13,308625
1629,0.002031,172.217.194.0-255,2902,199587,13,308625
1630,0.002034,172.31.36.0-255,66,199653,13,308625
1631,0.002072,172.31.36.0-255,66,199719,13,308625
1632,0.002109,172.217.194.0-255,1484,201203,13,308625
1633,0.002112,172.217.194.0-255,1484,202687,13,308625
1634,0.002115,172.31.36.0-255,66,202753,13,308625
1635,0.002129,172.217.194.0-255,1484,204237,13,308625
1636,0.002135,172.217.194.0-255,5738,209975,13,308625
1637,0.002137,172.31.36.0-255,66,210041,13,308625
1638,0.002172,172.217.194.0-255,5738,215779,13,308625
1639,0.002176,172.31.36.0-255,66,215845,13,308625
1640,0.002201,172.217.194.0-255,7156,223001,13,308625
1641,0.002204,172.31.36.0-255,66,223067,13,308625
1642,0.002213,172.217.194.0-255,10692,233759,13,308625
1643,0.002215,172.31.36.0-255,66,233825,13,308625
1644,0.002247,172.217.194.0-255,1484,235309,13,308625
1645,0.002252,172.217.194.0-255,2902,238211,13,308625
1646,0.002255,172.31.36.0-255,66,238277,13,308625
1647,0.002274,172.217.194.0-255,5738,244015,13,308625
1648,0.002277,172.31.36.0-255,66,244081,13,308625
1649,0.002284,172.217.194.0-255,7156,251237,13,308625
1650,0.002287,172.31.36.0-255,66,251303,13,308625
1651,0.002315,172.217.194.0-255,9992,261295,13,308625
1652,0.002319,172.31.36.0-255,66,261361,13,308625
1653,0.002334,172.217.194.0-255,4320,265681,13,308625
1654,0.002337,172.31.36.0-255,66,265747,13,308625
1655,0.002342,172.217.194.0-255,2184,267931,13,308625
1656,0.002345,172.31.36.0-255,66,267997,13,308625
1657,0.004635,172.217.194.0-255,5738,273735,13,308625
1658,0.004641,172.31.36.0-255,66,273801,13,308625
1659,0.006931,172.217.194.0-255,5738,279539,13,308625
1660,0.006936,172.31.36.0-255,66,279605,13,308625
1661,0.009239,172.217.194.0-255,5738,285343,13,308625
1662,0.009246,172.31.36.0-255,66,285409,13,308625
1663,0.011557,172.217.194.0-255,5738,291147,13,308625
1664,0.011564,172.31.36.0-255,66,291213,13,308625
1665,0.013859,172.217.194.0-255,5738,296951,13,308625
1666,0.013868,172.31.36.0-255,66,297017,13,308625
1667,0.01617,172.217.194.0-255,5738,302755,13,308625
1668,0.016178,172.31.36.0-255,66,302821,13,308625
1669,0.018479,172.217.194.0-255,5738,308559,13,308625
1670,0.018486,172.31.36.0-255,66,308625,13,308625
1671,0.0,172.217.194.0-255,153,153,13,219348
1672,2.2e-05,172.31.36.0-255,66,219,13,219348
1673,3e-05,172.217.194.0-255,1484,1703,13,219348
1674,3.4e-05,172.31.36.0-255,66,1769,13,219348
1675,4.8e-05,172.217.194.0-255,2902,4671,13,219348
1676,5.2e-05,172.31.36.0-255,66,4737,13,219348
1677,6e-05,172.217.194.0-255,7156,11893,13,219348
1678,6.4e-05,172.31.36.0-255,66,11959,13,219348
1679,0.000107,172.217.194.0-255,10544,22503,13,219348
1680,0.00011,172.31.36.0-255,66,22569,13,219348
1681,0.000119,172.217.194.0-255,8215,30784,13,219348
1682,0.000122,172.31.36.0-255,66,30850,13,219348
1683,0.000293,172.217.194.0-255,1484,32334,13,219348
1684,0.000298,172.31.36.0-255,66,32400,13,219348
1685,0.000305,172.217.194.0-255,2902,35302,13,219348
1686,0.000307,172.31.36.0-255,66,35368,13,219348
1687,0.00032,172.217.194.0-255,5738,41106,13,219348
1688,0.000323,172.31.36.0-255,66,41172,13,219348
1689,0.00033,172.217.194.0-255,6797,47969,13,219348
1690,0.000333,172.31.36.0-255,66,48035,13,219348
1691,0.000366,172.217.194.0-255,7156,55191,13,219348
1692,0.000369,172.31.36.0-255,66,55257,13,219348
1693,0.000403,172.217.194.0-255,7156,62413,13,219348
1694,0.000406,172.31.36.0-255,66,62479,13,219348
1695,0.00041,172.217.194.0-255,2835,65314,13,219348
1696,0.000412,172.31.36.0-255,66,65380,13,219348
1697,0.000415,172.217.194.0-255,362,65742,13,219348
1698,0.000417,172.31.36.0-255,66,65808,13,219348
1699,0.000513,172.217.194.0-255,1484,67292,13,219348
1700,0.000517,172.31.36.0-255,66,67358,13,219348
1701,0.000523,172.217.194.0-255,2902,70260,13,219348
1702,0.000525,172.31.36.0-255,66,70326,13,219348
1703,0.000535,172.217.194.0-255,2902,73228,13,219348
1704,0.000537,172.31.36.0-255,66,73294,13,219348
1705,0.000566,172.217.194.0-255,2902,76196,13,219348
1706,0.000568,172.31.36.0-255,66,76262,13,219348
1707,0.000583,172.31.36.0-255,66,76328,13,219348
1708,0.000594,172.217.194.0-255,10692,87020,13,219348
1709,0.000597,172.31.36.0-255,66,87086,13,219348
1710,0.001096,172.217.194.0-255,1484,88570,13,219348
1711,0.001104,172.217.194.0-255,2902,91472,13,219348
1712,0.001108,172.31.36.0-255,66,91538,13,219348
1713,0.001145,172.217.194.0-255,2902,94440,13,219348
1714,0.001148,172.31.36.0-255,66,94506,13,219348
1715,0.001173,172.217.194.0-255,2902,97408,13,219348
1716,0.001176,172.31.36.0-255,66,97474,13,219348
1717,0.001184,172.217.194.0-255,7156,104630,13,219348
1718,0.001186,172.31.36.0-255,66,104696,13,219348
1719,0.001196,172.217.194.0-255,4320,109016,13,219348
1720,0.001198,172.31.36.0-255,66,109082,13,219348
1721,0.001238,172.217.194.0-255,9992,119074,13,219348
1722,0.001241,172.31.36.0-255,66,119140,13,219348
1723,0.001246,172.217.194.0-255,2184,121324,13,219348
1724,0.001247,172.31.36.0-255,66,121390,13,219348
1725,0.001874,172.217.194.0-255,1484,122874,13,219348
1726,0.001881,172.217.194.0-255,2902,125776,13,219348
1727,0.001884,172.31.36.0-255,66,125842,13,219348
1728,0.00189,172.217.194.0-255,2902,128744,13,219348
1729,0.001893,172.31.36.0-255,66,128810,13,219348
1730,0.001911,172.217.194.0-255,2902,131712,13,219348
1731,0.001917,172.31.36.0-255,66,131778,13,219348
1732,0.001932,172.31.36.0-255,66,131844,13,219348
1733,0.001936,172.217.194.0-255,1484,133328,13,219348
1734,0.001966,172.217.194.0-255,4320,137648,13,219348
1735,0.001969,172.31.36.0-255,66,137714,13,219348
1736,0.001998,172.217.194.0-255,5020,142734,13,219348
1737,0.002001,172.31.36.0-255,66,142800,13,219348
1738,0.00218,172.217.194.0-255,1484,144284,13,219348
1739,0.002185,172.217.194.0-255,1484,145768,13,219348
1740,0.002188,172.31.36.0-255,66,145834,13,219348
1741,0.002214,172.217.194.0-255,1484,147318,13,219348
1742,0.002222,172.217.194.0-255,5738,153056,13,219348
1743,0.002225,172.31.36.0-255,66,153122,13,219348
1744,0.00223,172.217.194.0-255,2902,156024,13,219348
1745,0.002232,172.31.36.0-255,66,156090,13,219348
1746,0.002266,172.217.194.0-255,9992,166082,13,219348
1747,0.002268,172.31.36.0-255,66,166148,13,219348
1748,0.002275,172.217.194.0-255,5738,171886,13,219348
1749,0.002277,172.31.36.0-255,66,171952,13,219348
1750,0.002282,172.217.194.0-255,2902,174854,13,219348
1751,0.002283,172.31.36.0-255,66,174920,13,219348
1752,0.002319,172.217.194.0-255,3602,178522,13,219348
1753,0.002321,172.31.36.0-255,66,178588,13,219348
1754,0.002325,172.217.194.0-255,1484,180072,13,219348
1755,0.004583,172.217.194.0-255,4320,184392,13,219348
1756,0.00459,172.31.36.0-255,66,184458,13,219348
1757,0.006848,172.217.194.0-255,1484,185942,13,219348
1758,0.006898,172.217.194.0-255,4320,190262,13,219348
1759,0.006901,172.31.36.0-255,66,190328,13,219348
1760,0.009187,172.217.194.0-255,5738,196066,13,219348
1761,0.009194,172.31.36.0-255,66,196132,13,219348
1762,0.011456,172.217.194.0-255,5738,201870,13,219348
1763,0.011464,172.31.36.0-255,66,201936,13,219348
1764,0.013716,172.217.194.0-255,5738,207674,13,219348
1765,0.013724,172.31.36.0-255,66,207740,13,219348
1766,0.01603,172.217.194.0-255,5738,213478,13,219348
1767,0.016046,172.31.36.0-255,66,213544,13,219348
1768,0.018323,172.217.194.0-255,5738,219282,13,219348
1769,0.018331,172.31.36.0-255,66,219348,13,219348
1770,0.0,172.217.194.0-255,152,152,13,228872
1771,2.8e-05,172.31.36.0-255,66,218,13,228872
1772,3.3e-05,172.217.194.0-255,1484,1702,13,228872
1773,3.8e-05,172.31.36.0-255,66,1768,13,228872
1774,4.4e-05,172.217.194.0-255,2902,4670,13,228872
1775,5.2e-05,172.31.36.0-255,66,4736,13,228872
1776,5.5e-05,172.217.194.0-255,1484,6220,13,228872
1777,5.7e-05,172.31.36.0-255,66,6286,13,228872
1778,9.3e-05,172.217.194.0-255,5738,12024,13,228872
1779,9.7e-05,172.31.36.0-255,66,12090,13,228872
1780,0.000102,172.217.194.0-255,2100,14190,13,228872
1781,0.000104,172.31.36.0-255,66,14256,13,228872
1782,0.000114,172.217.194.0-255,9992,24248,13,228872
1783,0.000116,172.31.36.0-255,66,24314,13,228872
1784,0.000151,172.217.194.0-255,1484,25798,13,228872
1785,0.000154,172.31.36.0-255,66,25864,13,228872
1786,0.000162,172.217.194.0-255,5379,31243,13,228872
1787,0.000164,172.31.36.0-255,66,31309,13,228872
1788,0.000212,172.217.194.0-255,1484,32793,13,228872
1789,0.000215,172.31.36.0-255,66,32859,13,228872
1790,0.000244,172.217.194.0-255,2902,35761,13,228872
1791,0.000247,172.31.36.0-255,66,35827,13,228872
1792,0.000253,172.217.194.0-255,5738,41565,13,228872
1793,0.000255,172.31.36.0-255,66,41631,13,228872
1794,0.00029,172.31.36.0-255,66,41697,13,228872
1795,0.000312,172.217.194.0-255,2902,44599,13,228872
1796,0.000315,172.31.36.0-255,66,44665,13,228872
1797,0.000345,172.217.194.0-255,4320,48985,13,228872
1798,0.000349,172.31.36.0-255,66,49051,13,228872
1799,0.000353,172.217.194.0-255,2834,51885,13,228872
1800,0.000355,172.31.36.0-255,66,51951,13,228872
1801,0.000381,172.217.194.0-255,365,52316,13,228872
1802,0.000466,172.217.194.0-255,1484,53800,13,228872
1803,0.00047,172.217.194.0-255,2902,56702,13,228872
1804,0.000473,172.31.36.0-255,66,56768,13,228872
1805,0.000477,172.31.36.0-255,66,56834,13,228872
1806,0.000496,172.217.194.0-255,5738,62572,13,228872
1807,0.000499,172.31.36.0-255,66,62638,13,228872
1808,0.000546,172.217.194.0-255,6797,69435,13,228872
1809,0.00055,172.31.36.0-255,66,69501,13,228872
1810,0.000576,172.217.194.0-255,1484,70985,13,228872
1811,0.000581,172.217.194.0-255,2902,73887,13,228872
1812,0.000584,172.31.36.0-255,66,73953,13,228872
1813,0.000591,172.217.194.0-255,5738,79691,13,228872
1814,0.000595,172.31.36.0-255,66,79757,13,228872
1815,0.000614,172.217.194.0-255,1484,81241,13,228872
1816,0.000642,172.217.194.0-255,5379,86620,13,228872
1817,0.000646,172.31.36.0-255,66,86686,13,228872
1818,0.002078,172.217.194.0-255,1484,88170,13,228872
1819,0.002102,172.217.194.0-255,2902,91072,13,228872
1820,0.002106,172.31.36.0-255,66,91138,13,228872
1821,0.002114,172.217.194.0-255,5738,96876,13,228872
1822,0.002117,172.31.36.0-255,66,96942,13,228872
1823,0.002125,172.217.194.0-255,7156,104098,13,228872
1824,0.002133,172.31.36.0-255,66,104164,13,228872
1825,0.002156,172.217.194.0-255,2902,107066,13,228872
1826,0.00216,172.31.36.0-255,66,107132,13,228872
1827,0.002199,172.31.36.0-255,66,107198,13,228872
1828,0.002333,172.217.194.0-255,1484,108682,13,228872
1829,0.002352,172.217.194.0-255,2902,111584,13,228872
1830,0.002356,172.31.36.0-255,66,111650,13,228872
1831,0.002363,172.217.194.0-255,5738,117388,13,228872
1832,0.002366,172.31.36.0-255,66,117454,13,228872
1833,0.002411,172.31.36.0-255,66,117520,13,228872
1834,0.002413,172.217.194.0-255,8574,126094,13,228872
1835,0.002416,172.31.36.0-255,66,126160,13,228872
1836,0.002459,172.217.194.0-255,10692,136852,13,228872
1837,0.002463,172.31.36.0-255,66,136918,13,228872
1838,0.002476,172.31.36.0-255,66,136984,13,228872
1839,0.002479,172.217.194.0-255,1484,138468,13,228872
1840,0.002488,172.217.194.0-255,9992,148460,13,228872
1841,0.002491,172.31.36.0-255,66,148526,13,228872
1842,0.00253,172.217.194.0-255,2184,150710,13,228872
1843,0.002533,172.31.36.0-255,66,150776,13,228872
1844,0.002546,172.31.36.0-255,66,150842,13,228872
1845,0.00255,172.217.194.0-255,2184,153026,13,228872
1846,0.002553,172.31.36.0-255,78,153104,13,228872
1847,0.002571,172.31.36.0-255,66,153170,13,228872
1848,0.002614,172.217.194.0-255,9992,163162,13,228872
1849,0.002618,172.31.36.0-255,66,163228,13,228872
1850,0.002664,172.217.194.0-255,8574,171802,13,228872
1851,0.00267,172.31.36.0-255,66,171868,13,228872
1852,0.002679,172.217.194.0-255,9992,181860,13,228872
1853,0.002684,172.217.194.0-255,5020,186880,13,228872
1854,0.002686,172.31.36.0-255,66,186946,13,228872
1855,0.002686,172.217.194.0-255,1484,188430,13,228872
1856,0.002694,172.217.194.0-255,8574,197004,13,228872
1857,0.002696,172.31.36.0-255,66,197070,13,228872
1858,0.002699,172.31.36.0-255,66,197136,13,228872
1859,0.002702,172.217.194.0-255,9992,207128,13,228872
1860,0.002713,172.31.36.0-255,66,207194,13,228872
1861,0.002717,172.31.36.0-255,66,207260,13,228872
1862,0.002732,172.217.194.0-255,8574,215834,13,228872
1863,0.002747,172.31.36.0-255,66,215900,13,228872
1864,0.002764,172.217.194.0-255,5738,221638,13,228872
1865,0.002772,172.31.36.0-255,101,221739,13,228872
1866,0.002784,172.31.36.0-255,66,221805,13,228872
1867,0.002828,172.217.194.0-255,1484,223289,13,228872
1868,0.002834,172.31.36.0-255,66,223355,13,228872
1869,0.002841,172.217.194.0-255,1484,224839,13,228872
1870,0.00285,172.31.36.0-255,66,224905,13,228872
1871,0.002891,172.217.194.0-255,3493,228398,13,228872
1872,0.002894,172.31.36.0-255,66,228464,13,228872
1873,0.002894,172.217.194.0-255,105,228569,13,228872
1874,0.0029,172.31.36.0-255,66,228635,13,228872
1875,0.004263,172.31.36.0-255,105,228740,13,228872
1876,0.005042,172.217.194.0-255,66,228806,13,228872
1877,0.006552,172.217.194.0-255,66,228872,13,228872
1878,0.0,74.125.200.0-255,152,152,13,262132
1879,2.7e-05,172.31.36.0-255,66,218,13,262132
1880,3.4e-05,74.125.200.0-255,1484,1702,13,262132
1881,3.8e-05,172.31.36.0-255,66,1768,13,262132
1882,6.1e-05,74.125.200.0-255,1484,3252,13,262132
1883,6.4e-05,172.31.36.0-255,66,3318,13,262132
1884,7.1e-05,74.125.200.0-255,2902,6220,13,262132
1885,7.4e-05,172.31.36.0-255,66,6286,13,262132
1886,0.000111,74.125.200.0-255,5738,12024,13,262132
1887,0.000114,172.31.36.0-255,66,12090,13,262132
1888,0.000119,74.125.200.0-255,2048,14138,13,262132
1889,0.000121,172.31.36.0-255,66,14204,13,262132
1890,0.00015,74.125.200.0-255,2902,17106,13,262132
1891,0.000153,172.31.36.0-255,66,17172,13,262132
1892,0.000156,74.125.200.0-255,1484,18656,13,262132
1893,0.000158,172.31.36.0-255,66,18722,13,262132
1894,0.000187,74.125.200.0-255,2902,21624,13,262132
1895,0.000192,172.31.36.0-255,66,21690,13,262132
1896,0.000217,74.125.200.0-255,4320,26010,13,262132
1897,0.000221,172.31.36.0-255,66,26076,13,262132
1898,0.000228,74.125.200.0-255,5379,31455,13,262132
1899,0.00023,172.31.36.0-255,66,31521,13,262132
1900,0.000336,74.125.200.0-255,1484,33005,13,262132
1901,0.00034,172.31.36.0-255,66,33071,13,262132
1902,0.000386,74.125.200.0-255,1484,34555,13,262132
1903,0.000391,172.31.36.0-255,66,34621,13,262132
1904,0.000401,74.125.200.0-255,2902,37523,13,262132
1905,0.000409,172.31.36.0-255,66,37589,13,262132
1906,0.000435,74.125.200.0-255,4320,41909,13,262132
1907,0.00044,172.31.36.0-255,66,41975,13,262132
1908,0.000465,74.125.200.0-255,1484,43459,13,262132
1909,0.000469,172.31.36.0-255,66,43525,13,262132
1910,0.000474,74.125.200.0-255,2902,46427,13,262132
1911,0.000476,172.31.36.0-255,66,46493,13,262132
1912,0.000505,74.125.200.0-255,2543,49036,13,262132
1913,0.000507,172.31.36.0-255,66,49102,13,262132
1914,0.00064,74.125.200.0-255,1484,50586,13,262132
1915,0.000646,74.125.200.0-255,2902,53488,13,262132
1916,0.000649,172.31.36.0-255,66,53554,13,262132
1917,0.000672,74.125.200.0-255,1484,55038,13,262132
1918,0.000676,74.125.200.0-255,2902,57940,13,262132
1919,0.000679,172.31.36.0-255,66,58006,13,262132
1920,0.000684,74.125.200.0-255,2902,60908,13,262132
1921,0.000686,172.31.36.0-255,66,60974,13,262132
1922,0.00071,74.125.200.0-255,2902,63876,13,262132
1923,0.000713,172.31.36.0-255,66,63942,13,262132
1924,0.000718,74.125.200.0-255,2543,66485,13,262132
1925,0.000721,172.31.36.0-255,66,66551,13,262132
1926,0.000725,74.125.200.0-255,2902,69453,13,262132
1927,0.000729,74.125.200.0-255,1484,70937,13,262132
1928,0.000733,172.31.36.0-255,66,71003,13,262132
1929,0.000758,74.125.200.0-255,5738,76741,13,262132
1930,0.000762,172.31.36.0-255,66,76807,13,262132
1931,0.000769,74.125.200.0-255,6797,83604,13,262132
1932,0.000771,172.31.36.0-255,66,83670,13,262132
1933,0.000806,74.125.200.0-255,4320,87990,13,262132
1934,0.000809,172.31.36.0-255,66,88056,13,262132
1935,0.000828,74.125.200.0-255,5738,93794,13,262132
1936,0.000832,172.31.36.0-255,66,93860,13,262132
1937,0.000868,74.125.200.0-255,5738,99598,13,262132
1938,0.000871,172.31.36.0-255,66,99664,13,262132
1939,0.000895,74.125.200.0-255,1706,101370,13,262132
1940,0.000899,172.31.36.0-255,66,101436,13,262132
1941,0.001093,74.125.200.0-255,1484,102920,13,262132
1942,0.001097,74.125.200.0-255,1484,104404,13,262132
1943,0.0011,172.31.36.0-255,66,104470,13,262132
1944,0.001129,74.125.200.0-255,1484,105954,13,262132
1945,0.001132,74.125.200.0-255,1484,107438,13,262132
1946,0.001134,172.31.36.0-255,66,107504,13,262132
1947,0.001139,74.125.200.0-255,2902,110406,13,262132
1948,0.001142,172.31.36.0-255,66,110472,13,262132
1949,0.001154,74.125.200.0-255,5738,116210,13,262132
1950,0.001156,172.31.36.0-255,66,116276,13,262132
1951,0.00116,74.125.200.0-255,2902,119178,13,262132
1952,0.001162,172.31.36.0-255,66,119244,13,262132
1953,0.001204,74.125.200.0-255,9992,129236,13,262132
1954,0.001207,172.31.36.0-255,66,129302,13,262132
1955,0.001263,74.125.200.0-255,6438,135740,13,262132
1956,0.001267,172.31.36.0-255,66,135806,13,262132
1957,0.001759,74.125.200.0-255,1484,137290,13,262132
1958,0.001768,74.125.200.0-255,1484,138774,13,262132
1959,0.001772,172.31.36.0-255,66,138840,13,262132
1960,0.001801,74.125.200.0-255,2902,141742,13,262132
1961,0.001805,172.31.36.0-255,66,141808,13,262132
1962,0.001824,74.125.200.0-255,1484,143292,13,262132
1963,0.001829,74.125.200.0-255,2902,146194,13,262132
1964,0.001832,172.31.36.0-255,66,146260,13,262132
1965,0.00189,74.125.200.0-255,5738,151998,13,262132
1966,0.001895,172.31.36.0-255,66,152064,13,262132
1967,0.001948,74.125.200.0-255,5738,157802,13,262132
1968,0.001952,172.31.36.0-255,66,157868,13,262132
1969,0.001958,74.125.200.0-255,5738,163606,13,262132
1970,0.00196,172.31.36.0-255,66,163672,13,262132
1971,0.001987,74.125.200.0-255,1484,165156,13,262132
1972,0.001995,74.125.200.0-255,5020,170176,13,262132
1973,0.001998,172.31.36.0-255,66,170242,13,262132
1974,0.002292,74.125.200.0-255,1484,171726,13,262132
1975,0.0023,74.125.200.0-255,2902,174628,13,262132
1976,0.002305,172.31.36.0-255,66,174694,13,262132
1977,0.002311,74.125.200.0-255,2902,177596,13,262132
1978,0.002314,172.31.36.0-255,66,177662,13,262132
1979,0.002339,74.125.200.0-255,2902,180564,13,262132
1980,0.002347,172.31.36.0-255,66,180630,13,262132
1981,0.002351,74.125.200.0-255,2902,183532,13,262132
1982,0.002354,172.31.36.0-255,66,183598,13,262132
1983,0.002357,74.125.200.0-255,2902,186500,13,262132
1984,0.00236,172.31.36.0-255,66,186566,13,262132
1985,0.002392,74.125.200.0-255,7156,193722,13,262132
1986,0.002396,172.31.36.0-255,66,193788,13,262132
1987,0.002404,74.125.200.0-255,8574,202362,13,262132
1988,0.002408,172.31.36.0-255,66,202428,13,262132
1989,0.00244,74.125.200.0-255,2184,204612,13,262132
1990,0.002443,172.31.36.0-255,66,204678,13,262132
1991,0.002453,74.125.200.0-255,9992,214670,13,262132
1992,0.002455,172.31.36.0-255,66,214736,13,262132
1993,0.002478,74.125.200.0-255,1484,216220,13,262132
1994,0.002484,74.125.200.0-255,4320,220540,13,262132
1995,0.002487,172.31.36.0-255,66,220606,13,262132
1996,0.002493,74.125.200.0-255,5738,226344,13,262132
1997,0.002495,172.31.36.0-255,66,226410,13,262132
1998,0.002542,172.31.36.0-255,66,226476,13,262132
1999,0.002545,74.125.200.0-255,766,227242,13,262132
2000,0.002558,172.31.36.0-255,66,227308,13,262132
2001,0.005093,74.125.200.0-255,5738,233046,13,262132
2002,0.005099,172.31.36.0-255,66,233112,13,262132
2003,0.007626,74.125.200.0-255,5738,238850,13,262132
2004,0.007632,172.31.36.0-255,66,238916,13,262132
2005,0.01015,74.125.200.0-255,5738,244654,13,262132
2006,0.010156,172.31.36.0-255,66,244720,13,262132
2007,0.012681,74.125.200.0-255,5738,250458,13,262132
2008,0.012688,172.31.36.0-255,66,250524,13,262132
2009,0.015243,74.125.200.0-255,5738,256262,13,262132
2010,0.015252,172.31.36.0-255,66,256328,13,262132
2011,0.017778,74.125.200.0-255,5738,262066,13,262132
2012,0.017786,172.31.36.0-255,66,262132,13,262132
2013,0.0,172.217.194.0-255,143,143,13,218690
2014,2.5e-05,172.31.36.0-255,66,209,13,218690
2015,3.2e-05,172.217.194.0-255,1484,1693,13,218690
2016,3.6e-05,172.31.36.0-255,66,1759,13,218690
2017,4.8e-05,172.217.194.0-255,2902,4661,13,218690
2018,5.1e-05,172.31.36.0-255,66,4727,13,218690
2019,5.8e-05,172.217.194.0-255,7156,11883,13,218690
2020,6.1e-05,172.31.36.0-255,66,11949,13,218690
2021,0.000106,172.217.194.0-255,10548,22497,13,218690
2022,0.000109,172.31.36.0-255,66,22563,13,218690
2023,0.000142,172.217.194.0-255,8215,30778,13,218690
2024,0.000145,172.31.36.0-255,66,30844,13,218690
2025,0.000194,172.217.194.0-255,8574,39418,13,218690
2026,0.000198,172.31.36.0-255,66,39484,13,218690
2027,0.000207,172.217.194.0-255,9633,49117,13,218690
2028,0.000209,172.31.36.0-255,66,49183,13,218690
2029,0.000238,172.217.194.0-255,5738,54921,13,218690
2030,0.000246,172.31.36.0-255,66,54987,13,218690
2031,0.000277,172.217.194.0-255,9633,64620,13,218690
2032,0.000281,172.31.36.0-255,66,64686,13,218690
2033,0.000284,172.217.194.0-255,377,65063,13,218690
2034,0.000286,172.31.36.0-255,66,65129,13,218690
2035,0.000316,172.217.194.0-255,98,65227,13,218690
2036,0.000319,172.31.36.0-255,66,65293,13,218690
2037,0.000322,172.217.194.0-255,365,65658,13,218690
2038,0.000325,172.31.36.0-255,66,65724,13,218690
2039,0.000644,172.217.194.0-255,1484,67208,13,218690
2040,0.000649,172.31.36.0-255,66,67274,13,218690
2041,0.000655,172.217.194.0-255,2902,70176,13,218690
2042,0.000657,172.217.194.0-255,1484,71660,13,218690
2043,0.000658,172.31.36.0-255,66,71726,13,218690
2044,0.000662,172.31.36.0-255,66,71792,13,218690
2045,0.000691,172.217.194.0-255,4320,76112,13,218690
2046,0.000694,172.31.36.0-255,66,76178,13,218690
2047,0.000703,172.217.194.0-255,8574,84752,13,218690
2048,0.000706,172.31.36.0-255,66,84818,13,218690
2049,0.000731,172.217.194.0-255,1484,86302,13,218690
2050,0.000736,172.217.194.0-255,4320,90622,13,218690
2051,0.000739,172.31.36.0-255,66,90688,13,218690
2052,0.000776,172.217.194.0-255,9274,99962,13,218690
2053,0.000779,172.31.36.0-255,66,100028,13,218690
2054,0.000784,172.217.194.0-255,2902,102930,13,218690
2055,0.000786,172.31.36.0-255,66,102996,13,218690
2056,0.000832,172.31.36.0-255,66,103062,13,218690
2057,0.00084,172.217.194.0-255,7156,110218,13,218690
2058,0.000843,172.31.36.0-255,66,110284,13,218690
2059,0.000877,172.217.194.0-255,2902,113186,13,218690
2060,0.000881,172.31.36.0-255,66,113252,13,218690
2061,0.00089,172.217.194.0-255,9274,122526,13,218690
2062,0.000892,172.31.36.0-255,66,122592,13,218690
2063,0.000898,172.217.194.0-255,5738,128330,13,218690
2064,0.000901,172.31.36.0-255,66,128396,13,218690
2065,0.000907,172.217.194.0-255,7156,135552,13,218690
2066,0.000911,172.31.36.0-255,66,135618,13,218690
2067,0.000955,172.31.36.0-255,66,135684,13,218690
2068,0.000957,172.217.194.0-255,6438,142122,13,218690
2069,0.00096,172.31.36.0-255,66,142188,13,218690
2070,0.00136,172.217.194.0-255,1484,143672,13,218690
2071,0.001365,172.217.194.0-255,2902,146574,13,218690
2072,0.001369,172.31.36.0-255,66,146640,13,218690
2073,0.001373,172.217.194.0-255,1484,148124,13,218690
2074,0.001397,172.217.194.0-255,4320,152444,13,218690
2075,0.001401,172.31.36.0-255,66,152510,13,218690
2076,0.00142,172.31.36.0-255,66,152576,13,218690
2077,0.001487,172.217.194.0-255,10692,163268,13,218690
2078,0.001491,172.31.36.0-255,66,163334,13,218690
2079,0.001494,172.217.194.0-255,1484,164818,13,218690
2080,0.001522,172.217.194.0-255,2902,167720,13,218690
2081,0.001525,172.31.36.0-255,66,167786,13,218690
2082,0.001532,172.217.194.0-255,5738,173524,13,218690
2083,0.001534,172.31.36.0-255,66,173590,13,218690
2084,0.001557,172.31.36.0-255,66,173656,13,218690
2085,0.001561,172.217.194.0-255,9992,183648,13,218690
2086,0.001563,172.31.36.0-255,66,183714,13,218690
2087,0.001591,172.217.194.0-255,766,184480,13,218690
2088,0.001688,172.217.194.0-255,1484,185964,13,218690
2089,0.001692,172.31.36.0-255,66,186030,13,218690
2090,0.001713,172.217.194.0-255,2902,188932,13,218690
2091,0.001717,172.217.194.0-255,4320,193252,13,218690
2092,0.001717,172.31.36.0-255,66,193318,13,218690
2093,0.00172,172.31.36.0-255,66,193384,13,218690
2094,0.001758,172.217.194.0-255,8574,201958,13,218690
2095,0.001767,172.31.36.0-255,66,202024,13,218690
2096,0.001792,172.31.36.0-255,66,202090,13,218690
2097,0.001794,172.217.194.0-255,7156,209246,13,218690
2098,0.001796,172.31.36.0-255,66,209312,13,218690
2099,0.001841,172.31.36.0-255,66,209378,13,218690
2100,0.001856,172.31.36.0-255,66,209444,13,218690
2101,0.001913,172.31.36.0-255,66,209510,13,218690
2102,0.001916,172.217.194.0-255,1484,210994,13,218690
2103,0.001964,172.31.36.0-255,66,211060,13,218690
2104,0.001972,172.217.194.0-255,7156,218216,13,218690
2105,0.001975,172.31.36.0-255,66,218282,13,218690
2106,0.002017,172.31.36.0-255,66,218348,13,218690
2107,0.002021,172.217.194.0-255,105,218453,13,218690
2108,0.003336,172.31.36.0-255,66,218519,13,218690
2109,0.003364,172.31.36.0-255,105,218624,13,218690
2110,0.00563,172.217.194.0-255,66,218690,13,218690
2111,0.0,74.125.24.0-255,150,150,13,115552
2112,2.2e-05,172.31.36.0-255,66,216,13,115552
2113,2.8e-05,74.125.24.0-255,1484,1700,13,115552
2114,3.3e-05,172.31.36.0-255,66,1766,13,115552
2115,3.8e-05,74.125.24.0-255,2902,4668,13,115552
2116,4.1e-05,172.31.36.0-255,66,4734,13,115552
2117,5.5e-05,74.125.24.0-255,5738,10472,13,115552
2118,5.8e-05,172.31.36.0-255,66,10538,13,115552
2119,6.5e-05,74.125.24.0-255,6282,16820,13,115552
2120,6.8e-05,172.31.36.0-255,66,16886,13,115552
2121,7.1e-05,74.125.24.0-255,1484,18370,13,115552
2122,7.4e-05,172.31.36.0-255,66,18436,13,115552
2123,0.00012,172.31.36.0-255,66,18502,13,115552
2124,0.000904,74.125.24.0-255,1484,19986,13,115552
2125,0.000911,172.31.36.0-255,66,20052,13,115552
2126,0.000921,74.125.24.0-255,2902,22954,13,115552
2127,0.000924,172.31.36.0-255,66,23020,13,115552
2128,0.000937,74.125.24.0-255,5738,28758,13,115552
2129,0.000939,172.31.36.0-255,66,28824,13,115552
2130,0.000968,74.125.24.0-255,1484,30308,13,115552
2131,0.00097,172.31.36.0-255,66,30374,13,115552
2132,0.000997,74.125.24.0-255,2902,33276,13,115552
2133,0.001,172.31.36.0-255,66,33342,13,115552
2134,0.001013,172.31.36.0-255,66,33408,13,115552
2135,0.00102,74.125.24.0-255,7856,41264,13,115552
2136,0.001022,172.31.36.0-255,66,41330,13,115552
2137,0.001026,74.125.24.0-255,401,41731,13,115552
2138,0.001028,172.31.36.0-255,66,41797,13,115552
2139,0.001255,74.125.24.0-255,109,41906,13,115552
2140,0.001262,172.31.36.0-255,66,41972,13,115552
2141,0.001438,74.125.24.0-255,1484,43456,13,115552
2142,0.001446,74.125.24.0-255,2902,46358,13,115552
2143,0.001451,172.31.36.0-255,66,46424,13,115552
2144,0.001457,74.125.24.0-255,4320,50744,13,115552
2145,0.00146,172.31.36.0-255,66,50810,13,115552
2146,0.001478,74.125.24.0-255,1484,52294,13,115552
2147,0.001492,172.31.36.0-255,66,52360,13,115552
2148,0.001536,74.125.24.0-255,7156,59516,13,115552
2149,0.001539,172.31.36.0-255,66,59582,13,115552
2150,0.001562,74.125.24.0-255,3602,63184,13,115552
2151,0.001565,172.31.36.0-255,66,63250,13,115552
2152,0.003489,74.125.24.0-255,1484,64734,13,115552
2153,0.003551,74.125.24.0-255,4320,69054,13,115552
2154,0.003555,172.31.36.0-255,66,69120,13,115552
2155,0.005515,74.125.24.0-255,5738,74858,13,115552
2156,0.005521,172.31.36.0-255,66,74924,13,115552
2157,0.007488,74.125.24.0-255,5738,80662,13,115552
2158,0.007495,172.31.36.0-255,66,80728,13,115552
2159,0.00949,74.125.24.0-255,5738,86466,13,115552
2160,0.009498,172.31.36.0-255,66,86532,13,115552
2161,0.01149,74.125.24.0-255,5738,92270,13,115552
2162,0.011498,172.31.36.0-255,66,92336,13,115552
2163,0.013486,74.125.24.0-255,5738,98074,13,115552
2164,0.013496,172.31.36.0-255,66,98140,13,115552
2165,0.015466,74.125.24.0-255,5738,103878,13,115552
2166,0.015474,172.31.36.0-255,66,103944,13,115552
2167,0.017452,74.125.24.0-255,5738,109682,13,115552
2168,0.017458,172.31.36.0-255,66,109748,13,115552
2169,0.019457,74.125.24.0-255,5738,115486,13,115552
2170,0.019465,172.31.36.0-255,66,115552,13,115552
2171,0.0,74.125.68.0-255,153,153,13,321660
2172,3e-05,172.31.36.0-255,66,219,13,321660
2173,3.7e-05,74.125.68.0-255,1484,1703,13,321660
2174,4.1e-05,172.31.36.0-255,66,1769,13,321660
2175,4.7e-05,74.125.68.0-255,2902,4671,13,321660
2176,4.9e-05,172.31.36.0-255,66,4737,13,321660
2177,6.2e-05,74.125.68.0-255,2902,7639,13,321660
2178,6.4e-05,172.31.36.0-255,66,7705,13,321660
2179,9e-05,74.125.68.0-255,2902,10607,13,321660
2180,9.8e-05,172.31.36.0-255,66,10673,13,321660
2181,0.000105,74.125.68.0-255,6365,17038,13,321660
2182,0.000108,172.31.36.0-255,66,17104,13,321660
2183,0.000147,74.125.68.0-255,8574,25678,13,321660
2184,0.000151,172.31.36.0-255,66,25744,13,321660
2185,0.000183,74.125.68.0-255,5379,31123,13,321660
2186,0.000187,172.31.36.0-255,66,31189,13,321660
2187,0.000264,74.125.68.0-255,1484,32673,13,321660
2188,0.000268,172.31.36.0-255,66,32739,13,321660
2189,0.000295,74.125.68.0-255,2902,35641,13,321660
2190,0.000298,172.31.36.0-255,66,35707,13,321660
2191,0.000304,74.125.68.0-255,5738,41445,13,321660
2192,0.000307,172.31.36.0-255,66,41511,13,321660
2193,0.000331,74.125.68.0-255,6797,48308,13,321660
2194,0.000335,172.31.36.0-255,66,48374,13,321660
2195,0.000354,74.125.68.0-255,2902,51276,13,321660
2196,0.000358,172.31.36.0-255,66,51342,13,321660
2197,0.000392,74.125.68.0-255,4320,55662,13,321660
2198,0.000396,172.31.36.0-255,66,55728,13,321660
2199,0.000404,74.125.68.0-255,8574,64302,13,321660
2200,0.000406,172.31.36.0-255,66,64368,13,321660
2201,0.000433,74.125.68.0-255,1482,65850,13,321660
2202,0.000436,172.31.36.0-255,66,65916,13,321660
2203,0.000506,74.125.68.0-255,1484,67400,13,321660
2204,0.000519,74.125.68.0-255,2902,70302,13,321660
2205,0.000536,172.31.36.0-255,66,70368,13,321660
2206,0.000536,74.125.68.0-255,4320,74688,13,321660
2207,0.000542,172.31.36.0-255,66,74754,13,321660
2208,0.000582,74.125.68.0-255,9633,84387,13,321660
2209,0.000588,74.125.68.0-255,4320,88707,13,321660
2210,0.00059,172.31.36.0-255,66,88773,13,321660
2211,0.000595,172.31.36.0-255,66,88839,13,321660
2212,0.000634,74.125.68.0-255,4320,93159,13,321660
2213,0.000639,172.31.36.0-255,66,93225,13,321660
2214,0.000672,74.125.68.0-255,6797,100022,13,321660
2215,0.000675,74.125.68.0-255,330,100352,13,321660
2216,0.000678,172.31.36.0-255,66,100418,13,321660
2217,0.0007,74.125.68.0-255,1484,101902,13,321660
2218,0.000704,172.31.36.0-255,66,101968,13,321660
2219,0.000714,74.125.68.0-255,4320,106288,13,321660
2220,0.000718,74.125.68.0-255,1484,107772,13,321660
2221,0.000722,172.31.36.0-255,66,107838,13,321660
2222,0.000738,74.125.68.0-255,1484,109322,13,321660
2223,0.000749,74.125.68.0-255,4320,113642,13,321660
2224,0.000752,74.125.68.0-255,1484,115126,13,321660
2225,0.000764,172.31.36.0-255,66,115192,13,321660
2226,0.000796,74.125.68.0-255,7156,122348,13,321660
2227,0.000803,74.125.68.0-255,7156,129504,13,321660
2228,0.000811,172.31.36.0-255,66,129570,13,321660
2229,0.000823,74.125.68.0-255,1484,131054,13,321660
2230,0.000842,74.125.68.0-255,3602,134656,13,321660
2231,0.000848,172.31.36.0-255,66,134722,13,321660
2232,0.001367,74.125.68.0-255,1484,136206,13,321660
2233,0.001373,74.125.68.0-255,2902,139108,13,321660
2234,0.001376,172.31.36.0-255,66,139174,13,321660
2235,0.00138,74.125.68.0-255,1484,140658,13,321660
2236,0.001405,74.125.68.0-255,2902,143560,13,321660
2237,0.001412,74.125.68.0-255,5738,149298,13,321660
2238,0.001414,172.31.36.0-255,66,149364,13,321660
2239,0.001419,172.31.36.0-255,66,149430,13,321660
2240,0.001462,74.125.68.0-255,9992,159422,13,321660
2241,0.001472,172.31.36.0-255,66,159488,13,321660
2242,0.001496,74.125.68.0-255,9274,168762,13,321660
2243,0.001509,172.31.36.0-255,66,168828,13,321660
2244,0.001548,74.125.68.0-255,1484,170312,13,321660
2245,0.001561,74.125.68.0-255,2902,173214,13,321660
2246,0.001565,172.31.36.0-255,66,173280,13,321660
2247,0.00159,74.125.68.0-255,5738,179018,13,321660
2248,0.001595,74.125.68.0-255,2902,181920,13,321660
2249,0.001601,74.125.68.0-255,4320,186240,13,321660
2250,0.001602,172.31.36.0-255,66,186306,13,321660
2251,0.001607,172.31.36.0-255,66,186372,13,321660
2252,0.001643,74.125.68.0-255,8574,194946,13,321660
2253,0.001649,74.125.68.0-255,5738,200684,13,321660
2254,0.001651,172.31.36.0-255,66,200750,13,321660
2255,0.001656,172.31.36.0-255,66,200816,13,321660
2256,0.001688,74.125.68.0-255,2184,203000,13,321660
2257,0.001702,172.31.36.0-255,66,203066,13,321660
2258,0.001761,74.125.68.0-255,1484,204550,13,321660
2259,0.001766,74.125.68.0-255,1484,206034,13,321660
2260,0.001769,172.31.36.0-255,66,206100,13,321660
2261,0.001779,74.125.68.0-255,1484,207584,13,321660
2262,0.001793,74.125.68.0-255,1484,209068,13,321660
2263,0.001805,172.31.36.0-255,66,209134,13,321660
2264,0.001812,74.125.68.0-255,4320,213454,13,321660
2265,0.001821,172.31.36.0-255,66,213520,13,321660
2266,0.001825,74.125.68.0-255,7156,220676,13,321660
2267,0.001834,172.31.36.0-255,66,220742,13,321660
2268,0.001848,74.125.68.0-255,4320,225062,13,321660
2269,0.001861,172.31.36.0-255,66,225128,13,321660
2270,0.001877,74.125.68.0-255,8574,233702,13,321660
2271,0.001881,172.31.36.0-255,66,233768,13,321660
2272,0.001892,74.125.68.0-255,3602,237370,13,321660
2273,0.001897,172.31.36.0-255,66,237436,13,321660
2274,0.001985,74.125.68.0-255,1484,238920,13,321660
2275,0.001999,74.125.68.0-255,2902,241822,13,321660
2276,0.002002,172.31.36.0-255,66,241888,13,321660
2277,0.002016,74.125.68.0-255,4320,246208,13,321660
2278,0.00203,172.31.36.0-255,66,246274,13,321660
2279,0.002032,74.125.68.0-255,1484,247758,13,321660
2280,0.002073,74.125.68.0-255,7156,254914,13,321660
2281,0.0021,74.125.68.0-255,4320,259234,13,321660
2282,0.002169,74.125.68.0-255,1484,260718,13,321660
2283,0.002182,74.125.68.0-255,2902,263620,13,321660
2284,0.002201,74.125.68.0-255,2902,266522,13,321660
2285,0.002204,74.125.68.0-255,1484,268006,13,321660
2286,0.002219,74.125.68.0-255,2902,270908,13,321660
2287,0.002223,74.125.68.0-255,1484,272392,13,321660
2288,0.002245,74.125.68.0-255,7156,279548,13,321660
2289,0.002252,74.125.68.0-255,5738,285286,13,321660
2290,0.002255,74.125.68.0-255,1484,286770,13,321660
2291,0.00606,172.31.36.0-255,66,286836,13,321660
2292,0.008297,74.125.68.0-255,5738,292574,13,321660
2293,0.008304,172.31.36.0-255,66,292640,13,321660
2294,0.010529,74.125.68.0-255,5738,298378,13,321660
2295,0.010536,172.31.36.0-255,66,298444,13,321660
2296,0.012766,74.125.68.0-255,5738,304182,13,321660
2297,0.012773,172.31.36.0-255,66,304248,13,321660
2298,0.015003,74.125.68.0-255,5738,309986,13,321660
2299,0.01501,172.31.36.0-255,66,310052,13,321660
2300,0.017233,74.125.68.0-255,5738,315790,13,321660
2301,0.017238,172.31.36.0-255,66,315856,13,321660
2302,0.01948,74.125.68.0-255,5738,321594,13,321660
2303,0.019489,172.31.36.0-255,66,321660,13,321660
2304,0.0,74.125.24.0-255,153,153,13,280991
2305,3.1e-05,172.31.36.0-255,66,219,13,280991
2306,3.9e-05,74.125.24.0-255,1484,1703,13,280991
2307,4.3e-05,172.31.36.0-255,66,1769,13,280991
2308,4.8e-05,74.125.24.0-255,2902,4671,13,280991
2309,5.1e-05,172.31.36.0-255,66,4737,13,280991
2310,5.7e-05,74.125.24.0-255,4320,9057,13,280991
2311,6e-05,172.31.36.0-255,66,9123,13,280991
2312,6.8e-05,74.125.24.0-255,9110,18233,13,280991
2313,7.1e-05,172.31.36.0-255,66,18299,13,280991
2314,8.4e-05,74.125.24.0-255,1484,19783,13,280991
2315,8.8e-05,172.31.36.0-255,66,19849,13,280991
2316,0.000103,74.125.24.0-255,9992,29841,13,280991
2317,0.000106,172.31.36.0-255,66,29907,13,280991
2318,0.000121,74.125.24.0-255,4320,34227,13,280991
2319,0.000123,172.31.36.0-255,66,34293,13,280991
2320,0.000143,74.125.24.0-255,7156,41449,13,280991
2321,0.000146,172.31.36.0-255,66,41515,13,280991
2322,0.000161,74.125.24.0-255,6438,47953,13,280991
2323,0.000163,172.31.36.0-255,66,48019,13,280991
2324,0.000212,74.125.24.0-255,1484,49503,13,280991
2325,0.000215,172.31.36.0-255,66,49569,13,280991
2326,0.00022,74.125.24.0-255,2902,52471,13,280991
2327,0.000222,172.31.36.0-255,66,52537,13,280991
2328,0.000249,74.125.24.0-255,5738,58275,13,280991
2329,0.000252,172.31.36.0-255,66,58341,13,280991
2330,0.000316,74.125.24.0-255,7132,65473,13,280991
2331,0.00032,172.31.36.0-255,66,65539,13,280991
2332,0.000389,74.125.24.0-255,1484,67023,13,280991
2333,0.000392,172.31.36.0-255,66,67089,13,280991
2334,0.000422,74.125.24.0-255,1484,68573,13,280991
2335,0.000425,172.31.36.0-255,66,68639,13,280991
2336,0.000441,74.125.24.0-255,1484,70123,13,280991
2337,0.000444,172.31.36.0-255,66,70189,13,280991
2338,0.00045,74.125.24.0-255,5738,75927,13,280991
2339,0.000453,172.31.36.0-255,66,75993,13,280991
2340,0.000462,74.125.24.0-255,9992,85985,13,280991
2341,0.000466,172.31.36.0-255,66,86051,13,280991
2342,0.00049,74.125.24.0-255,2902,88953,13,280991
2343,0.000494,172.31.36.0-255,66,89019,13,280991
2344,0.000502,74.125.24.0-255,7156,96175,13,280991
2345,0.000504,172.31.36.0-255,66,96241,13,280991
2346,0.000509,74.125.24.0-255,3602,99843,13,280991
2347,0.000511,172.31.36.0-255,66,99909,13,280991
2348,0.00156,74.125.24.0-255,1484,101393,13,280991
2349,0.001568,172.31.36.0-255,66,101459,13,280991
2350,0.001578,74.125.24.0-255,2902,104361,13,280991
2351,0.00158,172.31.36.0-255,66,104427,13,280991
2352,0.001587,74.125.24.0-255,5738,110165,13,280991
2353,0.001589,172.31.36.0-255,66,110231,13,280991
2354,0.001594,74.125.24.0-255,2902,113133,13,280991
2355,0.001596,172.31.36.0-255,66,113199,13,280991
2356,0.001617,74.125.24.0-255,9992,123191,13,280991
2357,0.001629,74.125.24.0-255,7156,130347,13,280991
2358,0.001655,74.125.24.0-255,3602,133949,13,280991
2359,0.001741,74.125.24.0-255,1484,135433,13,280991
2360,0.00176,74.125.24.0-255,2902,138335,13,280991
2361,0.001765,74.125.24.0-255,4320,142655,13,280991
2362,0.001778,74.125.24.0-255,1484,144139,13,280991
2363,0.001814,74.125.24.0-255,7156,151295,13,280991
2364,0.001829,74.125.24.0-255,3602,154897,13,280991
2365,0.001868,74.125.24.0-255,7156,162053,13,280991
2366,0.001932,74.125.24.0-255,5738,167791,13,280991
2367,0.001949,74.125.24.0-255,3602,171393,13,280991
2368,0.001974,74.125.24.0-255,4320,175713,13,280991
2369,0.001994,74.125.24.0-255,5738,181451,13,280991
2370,0.002005,74.125.24.0-255,2902,184353,13,280991
2371,0.002027,74.125.24.0-255,8574,192927,13,280991
2372,0.002045,74.125.24.0-255,4320,197247,13,280991
2373,0.002063,74.125.24.0-255,7856,205103,13,280991
2374,0.002084,74.125.24.0-255,1484,206587,13,280991
2375,0.002098,74.125.24.0-255,2902,209489,13,280991
2376,0.002113,74.125.24.0-255,2902,212391,13,280991
2377,0.002128,74.125.24.0-255,5738,218129,13,280991
2378,0.002141,74.125.24.0-255,1484,219613,13,280991
2379,0.002188,74.125.24.0-255,2902,222515,13,280991
2380,0.002218,74.125.24.0-255,3602,226117,13,280991
2381,0.002248,74.125.24.0-255,5738,231855,13,280991
2382,0.002256,74.125.24.0-255,8574,240429,13,280991
2383,0.0023,74.125.24.0-255,2902,243331,13,280991
2384,0.00232,74.125.24.0-255,8574,251905,13,280991
2385,0.006514,172.31.36.0-255,66,251971,13,280991
2386,0.008767,74.125.24.0-255,5738,257709,13,280991
2387,0.008774,172.31.36.0-255,66,257775,13,280991
2388,0.011011,74.125.24.0-255,5738,263513,13,280991
2389,0.011018,172.31.36.0-255,66,263579,13,280991
2390,0.013276,74.125.24.0-255,5738,269317,13,280991
2391,0.013283,172.31.36.0-255,66,269383,13,280991
2392,0.015536,74.125.24.0-255,5738,275121,13,280991
2393,0.015547,172.31.36.0-255,66,275187,13,280991
2394,0.01779,74.125.24.0-255,5738,280925,13,280991
2395,0.017799,172.31.36.0-255,66,280991,13,280991
2396,0.0,172.217.194.0-255,153,153,13,283695
2397,2.2e-05,172.31.36.0-255,66,219,13,283695
2398,2.9e-05,172.217.194.0-255,1484,1703,13,283695
2399,3.3e-05,172.31.36.0-255,66,1769,13,283695
2400,3.8e-05,172.217.194.0-255,2902,4671,13,283695
2401,4.8e-05,172.31.36.0-255,66,4737,13,283695
2402,5.4e-05,172.217.194.0-255,7156,11893,13,283695
2403,5.6e-05,172.31.36.0-255,66,11959,13,283695
2404,7.6e-05,172.217.194.0-255,2018,13977,13,283695
2405,8.2e-05,172.31.36.0-255,66,14043,13,283695
2406,8.6e-05,172.217.194.0-255,2902,16945,13,283695
2407,8.8e-05,172.31.36.0-255,66,17011,13,283695
2408,0.000118,172.217.194.0-255,7156,24167,13,283695
2409,0.00012,172.31.36.0-255,66,24233,13,283695
2410,0.000127,172.217.194.0-255,5738,29971,13,283695
2411,0.00013,172.31.36.0-255,66,30037,13,283695
2412,0.000154,172.217.194.0-255,1125,31162,13,283695
2413,0.000157,172.31.36.0-255,66,31228,13,283695
2414,0.000322,172.217.194.0-255,1484,32712,13,283695
2415,0.000326,172.31.36.0-255,66,32778,13,283695
2416,0.000332,172.217.194.0-255,2902,35680,13,283695
2417,0.000334,172.31.36.0-255,66,35746,13,283695
2418,0.000337,172.217.194.0-255,1484,37230,13,283695
2419,0.000345,172.31.36.0-255,66,37296,13,283695
2420,0.000383,172.217.194.0-255,4320,41616,13,283695
2421,0.000386,172.31.36.0-255,66,41682,13,283695
2422,0.000393,172.217.194.0-255,6797,48479,13,283695
2423,0.000396,172.31.36.0-255,66,48545,13,283695
2424,0.000422,172.217.194.0-255,7156,55701,13,283695
2425,0.000425,172.31.36.0-255,66,55767,13,283695
2426,0.000433,172.217.194.0-255,9633,65400,13,283695
2427,0.000435,172.31.36.0-255,66,65466,13,283695
2428,0.000438,172.217.194.0-255,379,65845,13,283695
2429,0.001036,172.31.36.0-255,66,65911,13,283695
2430,0.001083,172.217.194.0-255,364,66275,13,283695
2431,0.001119,172.217.194.0-255,1484,67759,13,283695
2432,0.001122,172.31.36.0-255,66,67825,13,283695
2433,0.001128,172.217.194.0-255,2902,70727,13,283695
2434,0.00113,172.31.36.0-255,66,70793,13,283695
2435,0.001155,172.217.194.0-255,1484,72277,13,283695
2436,0.001163,172.217.194.0-255,9992,82269,13,283695
2437,0.001171,172.31.36.0-255,66,82335,13,283695
2438,0.0012,172.217.194.0-255,7156,89491,13,283695
2439,0.001203,172.31.36.0-255,66,89557,13,283695
2440,0.001237,172.217.194.0-255,10692,100249,13,283695
2441,0.00124,172.31.36.0-255,66,100315,13,283695
2442,0.001252,172.31.36.0-255,66,100381,13,283695
2443,0.001273,172.217.194.0-255,7156,107537,13,283695
2444,0.001276,172.31.36.0-255,66,107603,13,283695
2445,0.0013,172.217.194.0-255,9992,117595,13,283695
2446,0.001302,172.31.36.0-255,66,117661,13,283695
2447,0.00133,172.217.194.0-255,5020,122681,13,283695
2448,0.001363,172.31.36.0-255,66,122747,13,283695
2449,0.001541,172.217.194.0-255,1484,124231,13,283695
2450,0.001547,172.217.194.0-255,2902,127133,13,283695
2451,0.001551,172.31.36.0-255,66,127199,13,283695
2452,0.001589,172.217.194.0-255,5738,132937,13,283695
2453,0.001592,172.31.36.0-255,66,133003,13,283695
2454,0.001604,172.31.36.0-255,66,133069,13,283695
2455,0.00163,172.217.194.0-255,1484,134553,13,283695
2456,0.001633,172.217.194.0-255,1484,136037,13,283695
2457,0.001635,172.31.36.0-255,66,136103,13,283695
2458,0.001643,172.217.194.0-255,7156,143259,13,283695
2459,0.001645,172.31.36.0-255,66,143325,13,283695
2460,0.001666,172.217.194.0-255,2184,145509,13,283695
2461,0.001668,172.31.36.0-255,66,145575,13,283695
2462,0.001873,172.217.194.0-255,1484,147059,13,283695
2463,0.001895,172.217.194.0-255,2902,149961,13,283695
2464,0.001899,172.31.36.0-255,66,150027,13,283695
2465,0.001935,172.217.194.0-255,5738,155765,13,283695
2466,0.001938,172.31.36.0-255,66,155831,13,283695
2467,0.001944,172.217.194.0-255,5738,161569,13,283695
2468,0.001947,172.31.36.0-255,66,161635,13,283695
2469,0.001982,172.217.194.0-255,7156,168791,13,283695
2470,0.001985,172.31.36.0-255,66,168857,13,283695
2471,0.001994,172.217.194.0-255,9992,178849,13,283695
2472,0.001997,172.31.36.0-255,66,178915,13,283695
2473,0.002004,172.217.194.0-255,766,179681,13,283695
2474,0.002025,172.217.194.0-255,1484,181165,13,283695
2475,0.002028,172.31.36.0-255,66,181231,13,283695
2476,0.002033,172.217.194.0-255,2902,184133,13,283695
2477,0.002036,172.31.36.0-255,66,184199,13,283695
2478,0.002047,172.217.194.0-255,5738,189937,13,283695
2479,0.002051,172.31.36.0-255,66,190003,13,283695
2480,0.002054,172.217.194.0-255,1484,191487,13,283695
2481,0.002092,172.31.36.0-255,66,191553,13,283695
2482,0.0021,172.217.194.0-255,8574,200127,13,283695
2483,0.002103,172.31.36.0-255,66,200193,13,283695
2484,0.002111,172.217.194.0-255,1484,201677,13,283695
2485,0.002114,172.217.194.0-255,766,202443,13,283695
2486,0.002115,172.31.36.0-255,66,202509,13,283695
2487,0.002434,172.217.194.0-255,1484,203993,13,283695
2488,0.002446,172.217.194.0-255,1484,205477,13,283695
2489,0.002449,172.217.194.0-255,1484,206961,13,283695
2490,0.002453,172.31.36.0-255,66,207027,13,283695
2491,0.002482,172.217.194.0-255,5738,212765,13,283695
2492,0.002485,172.31.36.0-255,66,212831,13,283695
2493,0.002511,172.217.194.0-255,1484,214315,13,283695
2494,0.002525,172.217.194.0-255,8574,222889,13,283695
2495,0.002528,172.31.36.0-255,66,222955,13,283695
2496,0.002531,172.217.194.0-255,1484,224439,13,283695
2497,0.002535,172.217.194.0-255,2902,227341,13,283695
2498,0.002537,172.31.36.0-255,66,227407,13,283695
2499,0.002575,172.217.194.0-255,9274,236681,13,283695
2500,0.002578,172.31.36.0-255,66,236747,13,283695
2501,0.002603,172.217.194.0-255,1484,238231,13,283695
2502,0.002607,172.217.194.0-255,1484,239715,13,283695
2503,0.002609,172.31.36.0-255,66,239781,13,283695
2504,0.002634,172.217.194.0-255,1484,241265,13,283695
2505,0.00264,172.217.194.0-255,5738,247003,13,283695
2506,0.002643,172.31.36.0-255,66,247069,13,283695
2507,0.00265,172.217.194.0-255,5738,252807,13,283695
2508,0.002652,172.31.36.0-255,66,252873,13,283695
2509,0.002678,172.217.194.0-255,1484,254357,13,283695
2510,0.002692,172.31.36.0-255,66,254423,13,283695
2511,0.0027,172.217.194.0-255,5738,260161,13,283695
2512,0.002702,172.31.36.0-255,66,260227,13,283695
2513,0.002742,172.31.36.0-255,66,260293,13,283695
2514,0.002781,172.217.194.0-255,5738,266031,13,283695
2515,0.002784,172.31.36.0-255,66,266097,13,283695
2516,0.00284,172.31.36.0-255,66,266163,13,283695
2517,0.002844,172.217.194.0-255,2902,269065,13,283695
2518,0.002847,172.31.36.0-255,66,269131,13,283695
2519,0.002896,172.31.36.0-255,66,269197,13,283695
2520,0.002902,172.217.194.0-255,6438,275635,13,283695
2521,0.002905,172.31.36.0-255,66,275701,13,283695
2522,0.002962,172.217.194.0-255,1484,277185,13,283695
2523,0.002966,172.217.194.0-255,2902,280087,13,283695
2524,0.002969,172.31.36.0-255,66,280153,13,283695
2525,0.002987,172.217.194.0-255,3134,283287,13,283695
2526,0.002989,172.31.36.0-255,66,283353,13,283695
2527,0.002992,172.217.194.0-255,105,283458,13,283695
2528,0.008426,172.31.36.0-255,66,283524,13,283695
2529,0.008464,172.31.36.0-255,105,283629,13,283695
2530,0.01048,172.217.194.0-255,66,283695,13,283695
2531,0.0,172.217.194.0-255,146,146,13,219554
2532,2.2e-05,172.31.36.0-255,66,212,13,219554
2533,2.9e-05,172.217.194.0-255,1484,1696,13,219554
2534,3.4e-05,172.31.36.0-255,66,1762,13,219554
2535,4.7e-05,172.217.194.0-255,2902,4664,13,219554
2536,5.1e-05,172.31.36.0-255,66,4730,13,219554
2537,6e-05,172.217.194.0-255,7156,11886,13,219554
2538,6.3e-05,172.31.36.0-255,66,11952,13,219554
2539,6.8e-05,172.217.194.0-255,2092,14044,13,219554
2540,7.1e-05,172.31.36.0-255,66,14110,13,219554
2541,0.000155,172.217.194.0-255,1484,15594,13,219554
2542,0.000159,172.31.36.0-255,66,15660,13,219554
2543,0.000164,172.217.194.0-255,2902,18562,13,219554
2544,0.000167,172.31.36.0-255,66,18628,13,219554
2545,0.00017,172.217.194.0-255,1484,20112,13,219554
2546,0.000176,172.31.36.0-255,66,20178,13,219554
2547,0.000207,172.217.194.0-255,4320,24498,13,219554
2548,0.00021,172.31.36.0-255,66,24564,13,219554
2549,0.000231,172.31.36.0-255,66,24630,13,219554
2550,0.000246,172.31.36.0-255,66,24696,13,219554
2551,0.000288,172.217.194.0-255,9992,34688,13,219554
2552,0.000291,172.31.36.0-255,66,34754,13,219554
2553,0.00032,172.217.194.0-255,3879,38633,13,219554
2554,0.000322,172.31.36.0-255,66,38699,13,219554
2555,0.000325,172.217.194.0-255,401,39100,13,219554
2556,0.000327,172.31.36.0-255,66,39166,13,219554
2557,0.000359,172.217.194.0-255,1484,40650,13,219554
2558,0.000361,172.31.36.0-255,66,40716,13,219554
2559,0.000367,172.217.194.0-255,4320,45036,13,219554
2560,0.00037,172.31.36.0-255,66,45102,13,219554
2561,0.000383,172.217.194.0-255,9992,55094,13,219554
2562,0.000386,172.31.36.0-255,66,55160,13,219554
2563,0.000389,172.217.194.0-255,1125,56285,13,219554
2564,0.000435,172.217.194.0-255,1484,57769,13,219554
2565,0.000438,172.31.36.0-255,66,57835,13,219554
2566,0.000444,172.217.194.0-255,2902,60737,13,219554
2567,0.000446,172.31.36.0-255,66,60803,13,219554
2568,0.000457,172.217.194.0-255,5738,66541,13,219554
2569,0.000459,172.31.36.0-255,66,66607,13,219554
2570,0.000489,172.217.194.0-255,6797,73404,13,219554
2571,0.000492,172.31.36.0-255,66,73470,13,219554
2572,0.000799,172.217.194.0-255,1484,74954,13,219554
2573,0.000807,172.217.194.0-255,2902,77856,13,219554
2574,0.000811,172.31.36.0-255,66,77922,13,219554
2575,0.000817,172.217.194.0-255,2902,80824,13,219554
2576,0.00082,172.31.36.0-255,66,80890,13,219554
2577,0.00084,172.217.194.0-255,2902,83792,13,219554
2578,0.000843,172.31.36.0-255,66,83858,13,219554
2579,0.000856,172.217.194.0-255,9992,93850,13,219554
2580,0.000859,172.31.36.0-255,66,93916,13,219554
2581,0.000932,172.217.194.0-255,8574,102490,13,219554
2582,0.000935,172.31.36.0-255,66,102556,13,219554
2583,0.000968,172.217.194.0-255,5020,107576,13,219554
2584,0.000971,172.31.36.0-255,66,107642,13,219554
2585,0.000985,172.31.36.0-255,66,107708,13,219554
2586,0.001003,172.31.36.0-255,66,107774,13,219554
2587,0.001012,172.217.194.0-255,9274,117048,13,219554
2588,0.001015,172.31.36.0-255,66,117114,13,219554
2589,0.001068,172.217.194.0-255,1484,118598,13,219554
2590,0.001074,172.217.194.0-255,2902,121500,13,219554
2591,0.001077,172.31.36.0-255,66,121566,13,219554
2592,0.00108,172.217.194.0-255,1484,123050,13,219554
2593,0.001107,172.217.194.0-255,4320,127370,13,219554
2594,0.00111,172.31.36.0-255,66,127436,13,219554
2595,0.001117,172.217.194.0-255,5738,133174,13,219554
2596,0.001119,172.31.36.0-255,66,133240,13,219554
2597,0.001138,172.31.36.0-255,66,133306,13,219554
2598,0.001141,172.217.194.0-255,1484,134790,13,219554
2599,0.001166,172.217.194.0-255,3602,138392,13,219554
2600,0.001173,172.31.36.0-255,66,138458,13,219554
2601,0.001201,172.217.194.0-255,5738,144196,13,219554
2602,0.001204,172.31.36.0-255,66,144262,13,219554
2603,0.001211,172.217.194.0-255,5738,150000,13,219554
2604,0.001213,172.31.36.0-255,66,150066,13,219554
2605,0.001231,172.31.36.0-255,66,150132,13,219554
2606,0.001259,172.217.194.0-255,9992,160124,13,219554
2607,0.001261,172.31.36.0-255,66,160190,13,219554
2608,0.001286,172.217.194.0-255,3602,163792,13,219554
2609,0.001288,172.31.36.0-255,66,163858,13,219554
2610,0.001314,172.31.36.0-255,66,163924,13,219554
2611,0.001332,172.31.36.0-255,66,163990,13,219554
2612,0.00134,172.217.194.0-255,8574,172564,13,219554
2613,0.001342,172.31.36.0-255,66,172630,13,219554
2614,0.001381,172.217.194.0-255,9992,182622,13,219554
2615,0.001385,172.31.36.0-255,66,182688,13,219554
2616,0.001398,172.31.36.0-255,66,182754,13,219554
2617,0.001401,172.217.194.0-255,1484,184238,13,219554
2618,0.001405,172.217.194.0-255,2902,187140,13,219554
2619,0.001407,172.31.36.0-255,66,187206,13,219554
2620,0.001411,172.217.194.0-255,1484,188690,13,219554
2621,0.00144,172.217.194.0-255,4320,193010,13,219554
2622,0.001443,172.31.36.0-255,66,193076,13,219554
2623,0.001462,172.31.36.0-255,66,193142,13,219554
2624,0.00147,172.217.194.0-255,8574,201716,13,219554
2625,0.001472,172.31.36.0-255,66,201782,13,219554
2626,0.00156,172.31.36.0-255,66,201848,13,219554
2627,0.00158,172.31.36.0-255,66,201914,13,219554
2628,0.001589,172.217.194.0-255,9274,211188,13,219554
2629,0.001592,172.31.36.0-255,66,211254,13,219554
2630,0.001595,172.217.194.0-255,1484,212738,13,219554
2631,0.00163,172.217.194.0-255,6408,219146,13,219554
2632,0.001633,172.31.36.0-255,66,219212,13,219554
2633,0.001637,172.217.194.0-255,105,219317,13,219554
2634,0.004227,172.31.36.0-255,66,219383,13,219554
2635,0.004265,172.31.36.0-255,105,219488,13,219554
2636,0.006548,172.217.194.0-255,66,219554,13,219554
2637,0.0,172.217.194.0-255,148,148,13,262202
2638,3.6e-05,172.31.36.0-255,66,214,13,262202
2639,4.3e-05,172.217.194.0-255,1484,1698,13,262202
2640,4.7e-05,172.31.36.0-255,66,1764,13,262202
2641,6.1e-05,172.217.194.0-255,2902,4666,13,262202
2642,6.4e-05,172.31.36.0-255,66,4732,13,262202
2643,7.2e-05,172.217.194.0-255,7156,11888,13,262202
2644,7.4e-05,172.31.36.0-255,66,11954,13,262202
2645,7.8e-05,172.217.194.0-255,2000,13954,13,262202
2646,8e-05,172.31.36.0-255,66,14020,13,262202
2647,9.3e-05,172.31.36.0-255,66,14086,13,262202
2648,0.0001,172.217.194.0-255,5379,19465,13,262202
2649,0.000103,172.31.36.0-255,66,19531,13,262202
2650,0.000145,172.217.194.0-255,1484,21015,13,262202
2651,0.000149,172.31.36.0-255,66,21081,13,262202
2652,0.000153,172.217.194.0-255,1484,22565,13,262202
2653,0.000155,172.31.36.0-255,66,22631,13,262202
2654,0.000174,172.217.194.0-255,1484,24115,13,262202
2655,0.00018,172.31.36.0-255,66,24181,13,262202
2656,0.000188,172.217.194.0-255,5738,29919,13,262202
2657,0.000191,172.31.36.0-255,66,29985,13,262202
2658,0.000207,172.31.36.0-255,66,30051,13,262202
2659,0.000217,172.217.194.0-255,9633,39684,13,262202
2660,0.00022,172.31.36.0-255,66,39750,13,262202
2661,0.000246,172.217.194.0-255,382,40132,13,262202
2662,0.000249,172.31.36.0-255,66,40198,13,262202
2663,0.000494,172.217.194.0-255,363,40561,13,262202
2664,0.000499,172.31.36.0-255,66,40627,13,262202
2665,0.000529,172.217.194.0-255,1484,42111,13,262202
2666,0.000532,172.31.36.0-255,66,42177,13,262202
2667,0.000538,172.217.194.0-255,4320,46497,13,262202
2668,0.000541,172.31.36.0-255,66,46563,13,262202
2669,0.000553,172.217.194.0-255,5738,52301,13,262202
2670,0.000556,172.31.36.0-255,66,52367,13,262202
2671,0.000589,172.217.194.0-255,4320,56687,13,262202
2672,0.000592,172.31.36.0-255,66,56753,13,262202
2673,0.000595,172.217.194.0-255,574,57327,13,262202
2674,0.000658,172.217.194.0-255,1484,58811,13,262202
2675,0.000661,172.31.36.0-255,66,58877,13,262202
2676,0.000667,172.217.194.0-255,2902,61779,13,262202
2677,0.00067,172.31.36.0-255,66,61845,13,262202
2678,0.000703,172.217.194.0-255,5738,67583,13,262202
2679,0.000706,172.31.36.0-255,66,67649,13,262202
2680,0.000725,172.217.194.0-255,6797,74446,13,262202
2681,0.000728,172.31.36.0-255,66,74512,13,262202
2682,0.000824,172.217.194.0-255,1484,75996,13,262202
2683,0.000845,172.217.194.0-255,2902,78898,13,262202
2684,0.000848,172.31.36.0-255,66,78964,13,262202
2685,0.000855,172.217.194.0-255,5738,84702,13,262202
2686,0.000857,172.31.36.0-255,66,84768,13,262202
2687,0.000885,172.217.194.0-255,6797,91565,13,262202
2688,0.000888,172.31.36.0-255,66,91631,13,262202
2689,0.000947,172.217.194.0-255,1484,93115,13,262202
2690,0.000952,172.217.194.0-255,2902,96017,13,262202
2691,0.000955,172.31.36.0-255,66,96083,13,262202
2692,0.000962,172.217.194.0-255,5738,101821,13,262202
2693,0.000964,172.31.36.0-255,66,101887,13,262202
2694,0.000982,172.31.36.0-255,66,101953,13,262202
2695,0.000989,172.217.194.0-255,5738,107691,13,262202
2696,0.000991,172.31.36.0-255,66,107757,13,262202
2697,0.001025,172.217.194.0-255,5020,112777,13,262202
2698,0.001028,172.31.36.0-255,66,112843,13,262202
2699,0.001053,172.217.194.0-255,1484,114327,13,262202
2700,0.001056,172.217.194.0-255,1484,115811,13,262202
2701,0.001059,172.31.36.0-255,66,115877,13,262202
2702,0.001071,172.217.194.0-255,1484,117361,13,262202
2703,0.001082,172.217.194.0-255,5738,123099,13,262202
2704,0.001084,172.31.36.0-255,66,123165,13,262202
2705,0.001122,172.31.36.0-255,66,123231,13,262202
2706,0.001125,172.217.194.0-255,1484,124715,13,262202
2707,0.001155,172.217.194.0-255,9274,133989,13,262202
2708,0.001158,172.31.36.0-255,66,134055,13,262202
2709,0.001304,172.217.194.0-255,1484,135539,13,262202
2710,0.001309,172.217.194.0-255,2902,138441,13,262202
2711,0.001312,172.31.36.0-255,66,138507,13,262202
2712,0.001319,172.217.194.0-255,5738,144245,13,262202
2713,0.001321,172.31.36.0-255,66,144311,13,262202
2714,0.001353,172.217.194.0-255,4320,148631,13,262202
2715,0.001356,172.31.36.0-255,66,148697,13,262202
2716,0.001383,172.217.194.0-255,2543,151240,13,262202
2717,0.001386,172.31.36.0-255,66,151306,13,262202
2718,0.001415,172.217.194.0-255,2902,154208,13,262202
2719,0.001418,172.31.36.0-255,66,154274,13,262202
2720,0.001426,172.217.194.0-255,7156,161430,13,262202
2721,0.001428,172.31.36.0-255,66,161496,13,262202
2722,0.001443,172.217.194.0-255,9992,171488,13,262202
2723,0.001446,172.31.36.0-255,66,171554,13,262202
2724,0.001484,172.217.194.0-255,2902,174456,13,262202
2725,0.001488,172.31.36.0-255,66,174522,13,262202
2726,0.001514,172.217.194.0-255,10692,185214,13,262202
2727,0.001518,172.31.36.0-255,66,185280,13,262202
2728,0.001551,172.217.194.0-255,1484,186764,13,262202
2729,0.001557,172.217.194.0-255,2902,189666,13,262202
2730,0.001559,172.31.36.0-255,66,189732,13,262202
2731,0.001563,172.217.194.0-255,1484,191216,13,262202
2732,0.001591,172.217.194.0-255,4320,195536,13,262202
2733,0.001594,172.31.36.0-255,66,195602,13,262202
2734,0.001619,172.31.36.0-255,66,195668,13,262202
2735,0.00165,172.217.194.0-255,10692,206360,13,262202
2736,0.001654,172.31.36.0-255,66,206426,13,262202
2737,0.001716,172.217.194.0-255,1484,207910,13,262202
2738,0.001722,172.217.194.0-255,2902,210812,13,262202
2739,0.001725,172.31.36.0-255,66,210878,13,262202
2740,0.001732,172.217.194.0-255,5738,216616,13,262202
2741,0.001735,172.31.36.0-255,66,216682,13,262202
2742,0.001788,172.31.36.0-255,66,216748,13,262202
2743,0.001831,172.217.194.0-255,10692,227440,13,262202
2744,0.001836,172.31.36.0-255,66,227506,13,262202
2745,0.001881,172.217.194.0-255,2902,230408,13,262202
2746,0.001885,172.31.36.0-255,66,230474,13,262202
2747,0.001916,172.217.194.0-255,2902,233376,13,262202
2748,0.00192,172.31.36.0-255,66,233442,13,262202
2749,0.001927,172.217.194.0-255,7156,240598,13,262202
2750,0.00193,172.31.36.0-255,66,240664,13,262202
2751,0.001951,172.31.36.0-255,66,240730,13,262202
2752,0.001961,172.217.194.0-255,10692,251422,13,262202
2753,0.001964,172.31.36.0-255,66,251488,13,262202
2754,0.001989,172.31.36.0-255,66,251554,13,262202
2755,0.001999,172.217.194.0-255,10143,261697,13,262202
2756,0.002001,172.31.36.0-255,66,261763,13,262202
2757,0.002004,172.217.194.0-255,97,261860,13,262202
2758,0.002007,172.217.194.0-255,105,261965,13,262202
2759,0.009091,172.31.36.0-255,66,262031,13,262202
2760,0.009122,172.31.36.0-255,105,262136,13,262202
2761,0.01168,172.217.194.0-255,66,262202,13,262202
2762,0.0,172.217.194.0-255,143,143,13,235235
2763,1.7e-05,172.31.36.0-255,66,209,13,235235
2764,2.3e-05,172.217.194.0-255,1484,1693,13,235235
2765,2.8e-05,172.31.36.0-255,66,1759,13,235235
2766,4e-05,172.217.194.0-255,2902,4661,13,235235
2767,4.5e-05,172.31.36.0-255,66,4727,13,235235
2768,5.3e-05,172.217.194.0-255,7156,11883,13,235235
2769,5.6e-05,172.31.36.0-255,66,11949,13,235235
2770,0.00011,172.31.36.0-255,66,12015,13,235235
2771,0.000115,172.217.194.0-255,2543,14558,13,235235
2772,0.000118,172.31.36.0-255,66,14624,13,235235
2773,0.000167,172.217.194.0-255,2902,17526,13,235235
2774,0.00017,172.31.36.0-255,66,17592,13,235235
2775,0.000173,172.217.194.0-255,1484,19076,13,235235
2776,0.000176,172.31.36.0-255,66,19142,13,235235
2777,0.000234,172.217.194.0-255,5738,24880,13,235235
2778,0.000237,172.31.36.0-255,66,24946,13,235235
2779,0.000257,172.31.36.0-255,66,25012,13,235235
2780,0.000266,172.217.194.0-255,8574,33586,13,235235
2781,0.000269,172.31.36.0-255,66,33652,13,235235
2782,0.00029,172.217.194.0-255,1398,35050,13,235235
2783,0.000292,172.31.36.0-255,66,35116,13,235235
2784,0.000319,172.217.194.0-255,435,35551,13,235235
2785,0.000323,172.31.36.0-255,66,35617,13,235235
2786,0.000427,172.217.194.0-255,1484,37101,13,235235
2787,0.000431,172.31.36.0-255,66,37167,13,235235
2788,0.000436,172.217.194.0-255,1484,38651,13,235235
2789,0.000439,172.31.36.0-255,66,38717,13,235235
2790,0.000466,172.217.194.0-255,1484,40201,13,235235
2791,0.000469,172.31.36.0-255,66,40267,13,235235
2792,0.000476,172.217.194.0-255,5738,46005,13,235235
2793,0.000478,172.31.36.0-255,66,46071,13,235235
2794,0.000497,172.31.36.0-255,66,46137,13,235235
2795,0.000505,172.217.194.0-255,8574,54711,13,235235
2796,0.000508,172.31.36.0-255,66,54777,13,235235
2797,0.00054,172.217.194.0-255,1484,56261,13,235235
2798,0.000544,172.217.194.0-255,766,57027,13,235235
2799,0.000546,172.31.36.0-255,66,57093,13,235235
2800,0.00057,172.217.194.0-255,1484,58577,13,235235
2801,0.000575,172.217.194.0-255,4320,62897,13,235235
2802,0.000578,172.31.36.0-255,66,62963,13,235235
2803,0.000581,172.217.194.0-255,1484,64447,13,235235
2804,0.000612,172.217.194.0-255,5738,70185,13,235235
2805,0.000614,172.31.36.0-255,66,70251,13,235235
2806,0.000623,172.217.194.0-255,8574,78825,13,235235
2807,0.000625,172.31.36.0-255,66,78891,13,235235
2808,0.000665,172.31.36.0-255,66,78957,13,235235
2809,0.000674,172.217.194.0-255,8574,87531,13,235235
2810,0.000676,172.31.36.0-255,66,87597,13,235235
2811,0.00071,172.217.194.0-255,4320,91917,13,235235
2812,0.000712,172.31.36.0-255,66,91983,13,235235
2813,0.00073,172.31.36.0-255,66,92049,13,235235
2814,0.000759,172.217.194.0-255,7856,99905,13,235235
2815,0.000762,172.31.36.0-255,66,99971,13,235235
2816,0.000787,172.217.194.0-255,8574,108545,13,235235
2817,0.00079,172.31.36.0-255,66,108611,13,235235
2818,0.000797,172.217.194.0-255,5738,114349,13,235235
2819,0.000799,172.31.36.0-255,66,114415,13,235235
2820,0.000834,172.217.194.0-255,7156,121571,13,235235
2821,0.000837,172.31.36.0-255,66,121637,13,235235
2822,0.00084,172.217.194.0-255,1484,123121,13,235235
2823,0.000878,172.217.194.0-255,10692,133813,13,235235
2824,0.000881,172.31.36.0-255,66,133879,13,235235
2825,0.000885,172.217.194.0-255,1484,135363,13,235235
2826,0.000922,172.217.194.0-255,1484,136847,13,235235
2827,0.00096,172.217.194.0-255,2902,139749,13,235235
2828,0.000964,172.31.36.0-255,66,139815,13,235235
2829,0.000967,172.31.36.0-255,66,139881,13,235235
2830,0.001004,172.31.36.0-255,66,139947,13,235235
2831,0.001009,172.217.194.0-255,3602,143549,13,235235
2832,0.001011,172.31.36.0-255,66,143615,13,235235
2833,0.001036,172.31.36.0-255,66,143681,13,235235
2834,0.001094,172.31.36.0-255,66,143747,13,235235
2835,0.001431,172.217.194.0-255,1484,145231,13,235235
2836,0.001437,172.217.194.0-255,2902,148133,13,235235
2837,0.001441,172.31.36.0-255,66,148199,13,235235
2838,0.001447,172.217.194.0-255,4320,152519,13,235235
2839,0.00145,172.31.36.0-255,66,152585,13,235235
2840,0.001484,172.217.194.0-255,5738,158323,13,235235
2841,0.001493,172.217.194.0-255,9992,168315,13,235235
2842,0.001496,172.31.36.0-255,66,168381,13,235235
2843,0.001499,172.31.36.0-255,66,168447,13,235235
2844,0.001509,172.217.194.0-255,1484,169931,13,235235
2845,0.001521,172.217.194.0-255,7856,177787,13,235235
2846,0.001551,172.31.36.0-255,66,177853,13,235235
2847,0.001603,172.217.194.0-255,1484,179337,13,235235
2848,0.001621,172.217.194.0-255,2902,182239,13,235235
2849,0.001625,172.217.194.0-255,2902,185141,13,235235
2850,0.001632,172.31.36.0-255,66,185207,13,235235
2851,0.001641,172.217.194.0-255,2902,188109,13,235235
2852,0.001675,172.217.194.0-255,1484,189593,13,235235
2853,0.001683,172.217.194.0-255,7156,196749,13,235235
2854,0.001693,172.31.36.0-255,66,196815,13,235235
2855,0.001723,172.217.194.0-255,3602,200417,13,235235
2856,0.001729,172.217.194.0-255,4320,204737,13,235235
2857,0.001735,172.217.194.0-255,4320,209057,13,235235
2858,0.00174,172.31.36.0-255,66,209123,13,235235
2859,0.00176,172.217.194.0-255,5738,214861,13,235235
2860,0.001766,172.217.194.0-255,4320,219181,13,235235
2861,0.001782,172.217.194.0-255,9992,229173,13,235235
2862,0.001814,172.31.36.0-255,66,229239,13,235235
2863,0.00184,172.217.194.0-255,3602,232841,13,235235
2864,0.001845,172.217.194.0-255,1885,234726,13,235235
2865,0.001856,172.217.194.0-255,105,234831,13,235235
2866,0.001864,172.31.36.0-255,66,234897,13,235235
2867,0.008441,172.31.36.0-255,101,234998,13,235235
2868,0.008667,172.31.36.0-255,105,235103,13,235235
2869,0.011036,172.217.194.0-255,66,235169,13,235235
2870,0.01124,172.217.194.0-255,66,235235,13,235235
2871,0.0,74.125.130.0-255,153,153,13,199346
2872,3.5e-05,172.31.36.0-255,66,219,13,199346
2873,4.3e-05,74.125.130.0-255,1484,1703,13,199346
2874,4.7e-05,172.31.36.0-255,66,1769,13,199346
2875,6e-05,74.125.130.0-255,2902,4671,13,199346
2876,6.5e-05,172.31.36.0-255,66,4737,13,199346
2877,6.9e-05,74.125.130.0-255,2902,7639,13,199346
2878,7.2e-05,172.31.36.0-255,66,7705,13,199346
2879,7.7e-05,74.125.130.0-255,4320,12025,13,199346
2880,7.9e-05,172.31.36.0-255,66,12091,13,199346
2881,8.4e-05,74.125.130.0-255,4320,16411,13,199346
2882,8.6e-05,172.31.36.0-255,66,16477,13,199346
2883,0.000125,74.125.130.0-255,4957,21434,13,199346
2884,0.000128,172.31.36.0-255,66,21500,13,199346
2885,0.000137,74.125.130.0-255,9633,31133,13,199346
2886,0.000139,172.31.36.0-255,66,31199,13,199346
2887,0.000303,74.125.130.0-255,1484,32683,13,199346
2888,0.000309,172.31.36.0-255,66,32749,13,199346
2889,0.000334,74.125.130.0-255,2902,35651,13,199346
2890,0.000337,172.31.36.0-255,66,35717,13,199346
2891,0.00034,74.125.130.0-255,1484,37201,13,199346
2892,0.000342,172.31.36.0-255,66,37267,13,199346
2893,0.000367,74.125.130.0-255,2902,40169,13,199346
2894,0.00037,172.31.36.0-255,66,40235,13,199346
2895,0.000409,74.125.130.0-255,2902,43137,13,199346
2896,0.000414,172.31.36.0-255,66,43203,13,199346
2897,0.000443,74.125.130.0-255,2902,46105,13,199346
2898,0.000446,172.31.36.0-255,66,46171,13,199346
2899,0.000451,74.125.130.0-255,2543,48714,13,199346
2900,0.000452,172.31.36.0-255,66,48780,13,199346
2901,0.000466,74.125.130.0-255,9992,58772,13,199346
2902,0.000469,172.31.36.0-255,66,58838,13,199346
2903,0.000475,74.125.130.0-255,4320,63158,13,199346
2904,0.000477,172.31.36.0-255,66,63224,13,199346
2905,0.000503,74.125.130.0-255,2543,65767,13,199346
2906,0.000506,172.31.36.0-255,66,65833,13,199346
2907,0.000821,74.125.130.0-255,646,66479,13,199346
2908,0.000851,172.31.36.0-255,66,66545,13,199346
2909,0.001004,74.125.130.0-255,1484,68029,13,199346
2910,0.001013,74.125.130.0-255,1484,69513,13,199346
2911,0.001017,172.31.36.0-255,66,69579,13,199346
2912,0.001047,74.125.130.0-255,1484,71063,13,199346
2913,0.001055,74.125.130.0-255,5738,76801,13,199346
2914,0.001059,172.31.36.0-255,66,76867,13,199346
2915,0.001063,74.125.130.0-255,1484,78351,13,199346
2916,0.001096,74.125.130.0-255,5738,84089,13,199346
2917,0.001099,172.31.36.0-255,66,84155,13,199346
2918,0.001109,74.125.130.0-255,9992,94147,13,199346
2919,0.001111,172.31.36.0-255,66,94213,13,199346
2920,0.001155,74.125.130.0-255,6438,100651,13,199346
2921,0.001159,172.31.36.0-255,66,100717,13,199346
2922,0.001254,74.125.130.0-255,1484,102201,13,199346
2923,0.00128,74.125.130.0-255,2902,105103,13,199346
2924,0.001285,172.31.36.0-255,66,105169,13,199346
2925,0.001321,74.125.130.0-255,5738,110907,13,199346
2926,0.001324,172.31.36.0-255,66,110973,13,199346
2927,0.001333,74.125.130.0-255,7156,118129,13,199346
2928,0.001337,172.31.36.0-255,66,118195,13,199346
2929,0.001378,172.31.36.0-255,66,118261,13,199346
2930,0.001414,74.125.130.0-255,5020,123281,13,199346
2931,0.001417,172.31.36.0-255,66,123347,13,199346
2932,0.001562,74.125.130.0-255,1484,124831,13,199346
2933,0.001569,74.125.130.0-255,2902,127733,13,199346
2934,0.001574,172.31.36.0-255,66,127799,13,199346
2935,0.001604,74.125.130.0-255,5738,133537,13,199346
2936,0.001608,172.31.36.0-255,66,133603,13,199346
2937,0.001612,74.125.130.0-255,1484,135087,13,199346
2938,0.001619,74.125.130.0-255,4320,139407,13,199346
2939,0.001621,172.31.36.0-255,66,139473,13,199346
2940,0.001647,74.125.130.0-255,4320,143793,13,199346
2941,0.00165,172.31.36.0-255,66,143859,13,199346
2942,0.00169,172.31.36.0-255,66,143925,13,199346
2943,0.00363,74.125.130.0-255,5738,149663,13,199346
2944,0.003638,172.31.36.0-255,66,149729,13,199346
2945,0.005564,74.125.130.0-255,1484,151213,13,199346
2946,0.00558,74.125.130.0-255,4320,155533,13,199346
2947,0.005584,172.31.36.0-255,66,155599,13,199346
2948,0.007547,74.125.130.0-255,5738,161337,13,199346
2949,0.007557,172.31.36.0-255,66,161403,13,199346
2950,0.00951,74.125.130.0-255,5738,167141,13,199346
2951,0.009517,172.31.36.0-255,66,167207,13,199346
2952,0.011462,74.125.130.0-255,5738,172945,13,199346
2953,0.011469,172.31.36.0-255,66,173011,13,199346
2954,0.013404,74.125.130.0-255,5738,178749,13,199346
2955,0.013411,172.31.36.0-255,66,178815,13,199346
2956,0.015367,74.125.130.0-255,5738,184553,13,199346
2957,0.015374,172.31.36.0-255,66,184619,13,199346
2958,0.017334,74.125.130.0-255,5738,190357,13,199346
2959,0.017342,172.31.36.0-255,66,190423,13,199346
2960,0.019288,74.125.130.0-255,5738,196161,13,199346
2961,0.019298,172.31.36.0-255,66,196227,13,199346
2962,0.019666,172.31.36.0-255,164,196391,13,199346
2963,0.01977,172.31.36.0-255,1118,197509,13,199346
2964,0.019831,172.31.36.0-255,1514,199023,13,199346
2965,0.019833,172.31.36.0-255,323,199346,13,199346
2966,0.0,172.217.160.0-255,153,153,13,137449
2967,3.4e-05,172.31.36.0-255,66,219,13,137449
2968,4.1e-05,172.217.160.0-255,1484,1703,13,137449
2969,4.6e-05,172.31.36.0-255,66,1769,13,137449
2970,5e-05,172.217.160.0-255,2902,4671,13,137449
2971,5.3e-05,172.31.36.0-255,66,4737,13,137449
2972,6.7e-05,172.217.160.0-255,5738,10475,13,137449
2973,6.9e-05,172.31.36.0-255,66,10541,13,137449
2974,7.6e-05,172.217.160.0-255,6231,16772,13,137449
2975,7.9e-05,172.31.36.0-255,66,16838,13,137449
2976,9.2e-05,172.31.36.0-255,66,16904,13,137449
2977,0.000144,172.217.160.0-255,1484,18388,13,137449
2978,0.000147,172.31.36.0-255,66,18454,13,137449
2979,0.000152,172.217.160.0-255,1484,19938,13,137449
2980,0.000154,172.31.36.0-255,66,20004,13,137449
2981,0.000175,172.217.160.0-255,1484,21488,13,137449
2982,0.000185,172.31.36.0-255,66,21554,13,137449
2983,0.000191,172.217.160.0-255,5738,27292,13,137449
2984,0.000194,172.31.36.0-255,66,27358,13,137449
2985,0.000196,172.217.160.0-255,1484,28842,13,137449
2986,0.000198,172.31.36.0-255,66,28908,13,137449
2987,0.000236,172.217.160.0-255,5379,34287,13,137449
2988,0.000239,172.31.36.0-255,66,34353,13,137449
2989,0.000257,172.31.36.0-255,66,34419,13,137449
2990,0.000285,172.217.160.0-255,2902,37321,13,137449
2991,0.000288,172.31.36.0-255,66,37387,13,137449
2992,0.000292,172.217.160.0-255,2788,40175,13,137449
2993,0.000294,172.31.36.0-255,66,40241,13,137449
2994,0.000888,172.217.160.0-255,120,40361,13,137449
2995,0.000893,172.31.36.0-255,66,40427,13,137449
2996,0.00101,172.217.160.0-255,1484,41911,13,137449
2997,0.001043,172.217.160.0-255,2902,44813,13,137449
2998,0.001047,172.31.36.0-255,66,44879,13,137449
2999,0.001054,172.217.160.0-255,5738,50617,13,137449
3000,0.001056,172.31.36.0-255,66,50683,13,137449
3001,0.001096,172.31.36.0-255,66,50749,13,137449
3002,0.001136,172.217.160.0-255,8574,59323,13,137449
3003,0.001139,172.31.36.0-255,66,59389,13,137449
3004,0.00117,172.217.160.0-255,3961,63350,13,137449
3005,0.001172,172.31.36.0-255,66,63416,13,137449
3006,0.001176,172.217.160.0-255,387,63803,13,137449
3007,0.001856,172.217.160.0-255,1484,65287,13,137449
3008,0.001862,172.31.36.0-255,66,65353,13,137449
3009,0.001867,172.217.160.0-255,2902,68255,13,137449
3010,0.001869,172.31.36.0-255,66,68321,13,137449
3011,0.001876,172.217.160.0-255,5738,74059,13,137449
3012,0.001883,172.31.36.0-255,66,74125,13,137449
3013,0.001886,172.217.160.0-255,1484,75609,13,137449
3014,0.00193,172.31.36.0-255,66,75675,13,137449
3015,0.001935,172.217.160.0-255,2902,78577,13,137449
3016,0.001937,172.31.36.0-255,66,78643,13,137449
3017,0.001966,172.217.160.0-255,7856,86499,13,137449
3018,0.001969,172.31.36.0-255,66,86565,13,137449
3019,0.003913,172.217.160.0-255,4320,90885,13,137449
3020,0.003916,172.31.36.0-255,66,90951,13,137449
3021,0.003929,172.217.160.0-255,1484,92435,13,137449
3022,0.005844,172.217.160.0-255,4320,96755,13,137449
3023,0.005847,172.31.36.0-255,66,96821,13,137449
3024,0.007788,172.217.160.0-255,5738,102559,13,137449
3025,0.007794,172.31.36.0-255,66,102625,13,137449
3026,0.00974,172.217.160.0-255,5738,108363,13,137449
3027,0.009749,172.31.36.0-255,66,108429,13,137449
3028,0.0117,172.217.160.0-255,5738,114167,13,137449
3029,0.011711,172.31.36.0-255,66,114233,13,137449
3030,0.013652,172.217.160.0-255,5738,119971,13,137449
3031,0.013658,172.31.36.0-255,66,120037,13,137449
3032,0.015599,172.217.160.0-255,5738,125775,13,137449
3033,0.015608,172.31.36.0-255,66,125841,13,137449
3034,0.017562,172.217.160.0-255,5738,131579,13,137449
3035,0.017569,172.31.36.0-255,66,131645,13,137449
3036,0.019506,172.217.160.0-255,5738,137383,13,137449
3037,0.019513,172.31.36.0-255,66,137449,13,137449
3038,0.0,74.125.24.0-255,153,153,13,197255
3039,2.6e-05,172.31.36.0-255,66,219,13,197255
3040,3.4e-05,74.125.24.0-255,1484,1703,13,197255
3041,3.7e-05,172.31.36.0-255,66,1769,13,197255
3042,4.2e-05,74.125.24.0-255,2902,4671,13,197255
3043,4.4e-05,172.31.36.0-255,66,4737,13,197255
3044,5.9e-05,74.125.24.0-255,5738,10475,13,197255
3045,6.3e-05,172.31.36.0-255,66,10541,13,197255
3046,0.000107,74.125.24.0-255,3405,13946,13,197255
3047,0.00011,172.31.36.0-255,66,14012,13,197255
3048,0.000162,74.125.24.0-255,1484,15496,13,197255
3049,0.000168,172.31.36.0-255,66,15562,13,197255
3050,0.000173,74.125.24.0-255,2902,18464,13,197255
3051,0.000176,172.31.36.0-255,66,18530,13,197255
3052,0.000179,74.125.24.0-255,1484,20014,13,197255
3053,0.000187,172.31.36.0-255,66,20080,13,197255
3054,0.000211,74.125.24.0-255,4320,24400,13,197255
3055,0.000214,172.31.36.0-255,66,24466,13,197255
3056,0.000217,74.125.24.0-255,1484,25950,13,197255
3057,0.000219,172.31.36.0-255,66,26016,13,197255
3058,0.000247,74.125.24.0-255,4320,30336,13,197255
3059,0.00025,172.31.36.0-255,66,30402,13,197255
3060,0.000275,74.125.24.0-255,1125,31527,13,197255
3061,0.00028,172.31.36.0-255,66,31593,13,197255
3062,0.000286,74.125.24.0-255,5738,37331,13,197255
3063,0.00029,172.31.36.0-255,66,37397,13,197255
3064,0.000324,74.125.24.0-255,7156,44553,13,197255
3065,0.000328,172.31.36.0-255,66,44619,13,197255
3066,0.000354,74.125.24.0-255,3961,48580,13,197255
3067,0.000358,172.31.36.0-255,66,48646,13,197255
3068,0.000383,74.125.24.0-255,4320,52966,13,197255
3069,0.000386,172.31.36.0-255,66,53032,13,197255
3070,0.000446,74.125.24.0-255,8574,61606,13,197255
3071,0.000452,172.31.36.0-255,66,61672,13,197255
3072,0.000457,74.125.24.0-255,3961,65633,13,197255
3073,0.00046,172.31.36.0-255,66,65699,13,197255
3074,0.000594,74.125.24.0-255,390,66089,13,197255
3075,0.000629,74.125.24.0-255,353,66442,13,197255
3076,0.000814,172.31.36.0-255,66,66508,13,197255
3077,0.000906,74.125.24.0-255,1484,67992,13,197255
3078,0.000915,74.125.24.0-255,2902,70894,13,197255
3079,0.000919,172.31.36.0-255,66,70960,13,197255
3080,0.000946,74.125.24.0-255,5738,76698,13,197255
3081,0.000949,172.31.36.0-255,66,76764,13,197255
3082,0.000957,74.125.24.0-255,7156,83920,13,197255
3083,0.000959,172.31.36.0-255,66,83986,13,197255
3084,0.000968,74.125.24.0-255,2902,86888,13,197255
3085,0.000971,172.31.36.0-255,66,86954,13,197255
3086,0.001003,74.125.24.0-255,5738,92692,13,197255
3087,0.001007,172.31.36.0-255,66,92758,13,197255
3088,0.001016,74.125.24.0-255,7856,100614,13,197255
3089,0.001018,172.31.36.0-255,66,100680,13,197255
3090,0.001499,74.125.24.0-255,1484,102164,13,197255
3091,0.001507,74.125.24.0-255,2902,105066,13,197255
3092,0.001511,172.31.36.0-255,66,105132,13,197255
3093,0.001516,74.125.24.0-255,1484,106616,13,197255
3094,0.001548,74.125.24.0-255,4320,110936,13,197255
3095,0.001551,172.31.36.0-255,66,111002,13,197255
3096,0.001558,74.125.24.0-255,7156,118158,13,197255
3097,0.00156,172.31.36.0-255,66,118224,13,197255
3098,0.001592,74.125.24.0-255,5738,123962,13,197255
3099,0.001594,172.31.36.0-255,66,124028,13,197255
3100,0.001599,74.125.24.0-255,4320,128348,13,197255
3101,0.001601,172.31.36.0-255,66,128414,13,197255
3102,0.001617,74.125.24.0-255,4320,132734,13,197255
3103,0.001619,172.31.36.0-255,66,132800,13,197255
3104,0.001637,74.125.24.0-255,2184,134984,13,197255
3105,0.001639,172.31.36.0-255,66,135050,13,197255
3106,0.002101,74.125.24.0-255,1484,136534,13,197255
3107,0.002123,74.125.24.0-255,2902,139436,13,197255
3108,0.002127,172.31.36.0-255,66,139502,13,197255
3109,0.002131,74.125.24.0-255,2902,142404,13,197255
3110,0.002133,172.31.36.0-255,66,142470,13,197255
3111,0.002165,74.125.24.0-255,2902,145372,13,197255
3112,0.002168,172.31.36.0-255,66,145438,13,197255
3113,0.002181,172.31.36.0-255,66,145504,13,197255
3114,0.002221,74.125.24.0-255,7156,152660,13,197255
3115,0.002224,172.31.36.0-255,66,152726,13,197255
3116,0.002246,74.125.24.0-255,3602,156328,13,197255
3117,0.002248,172.31.36.0-255,66,156394,13,197255
3118,0.004511,74.125.24.0-255,1484,157878,13,197255
3119,0.004543,74.125.24.0-255,4320,162198,13,197255
3120,0.004546,172.31.36.0-255,66,162264,13,197255
3121,0.005698,172.31.36.0-255,101,162365,13,197255
3122,0.006827,74.125.24.0-255,5738,168103,13,197255
3123,0.006832,172.31.36.0-255,66,168169,13,197255
3124,0.007957,74.125.24.0-255,66,168235,13,197255
3125,0.009141,74.125.24.0-255,5738,173973,13,197255
3126,0.009149,172.31.36.0-255,66,174039,13,197255
3127,0.011485,74.125.24.0-255,5738,179777,13,197255
3128,0.011497,172.31.36.0-255,66,179843,13,197255
3129,0.013776,74.125.24.0-255,5738,185581,13,197255
3130,0.013785,172.31.36.0-255,66,185647,13,197255
3131,0.016086,74.125.24.0-255,5738,191385,13,197255
3132,0.016096,172.31.36.0-255,66,191451,13,197255
3133,0.018407,74.125.24.0-255,5738,197189,13,197255
3134,0.018414,172.31.36.0-255,66,197255,13,197255
3135,0.0,74.125.200.0-255,150,150,13,219978
3136,3.4e-05,172.31.36.0-255,66,216,13,219978
3137,4.2e-05,74.125.200.0-255,1484,1700,13,219978
3138,4.7e-05,172.31.36.0-255,66,1766,13,219978
3139,5.1e-05,74.125.200.0-255,2902,4668,13,219978
3140,5.4e-05,172.31.36.0-255,66,4734,13,219978
3141,5.8e-05,74.125.200.0-255,2902,7636,13,219978
3142,6.1e-05,172.31.36.0-255,66,7702,13,219978
3143,6.6e-05,74.125.200.0-255,4320,12022,13,219978
3144,6.8e-05,172.31.36.0-255,66,12088,13,219978
3145,9e-05,74.125.200.0-255,2041,14129,13,219978
3146,9.4e-05,172.31.36.0-255,66,14195,13,219978
3147,0.00012,74.125.200.0-255,2902,17097,13,219978
3148,0.000123,172.31.36.0-255,66,17163,13,219978
3149,0.000164,74.125.200.0-255,7156,24319,13,219978
3150,0.000168,172.31.36.0-255,66,24385,13,219978
3151,0.000202,74.125.200.0-255,2902,27287,13,219978
3152,0.000206,172.31.36.0-255,66,27353,13,219978
3153,0.000233,74.125.200.0-255,3961,31314,13,219978
3154,0.000237,172.31.36.0-255,66,31380,13,219978
3155,0.000315,74.125.200.0-255,1484,32864,13,219978
3156,0.000318,172.31.36.0-255,66,32930,13,219978
3157,0.000323,74.125.200.0-255,2902,35832,13,219978
3158,0.000325,172.31.36.0-255,66,35898,13,219978
3159,0.000358,74.125.200.0-255,5738,41636,13,219978
3160,0.000363,172.31.36.0-255,66,41702,13,219978
3161,0.000366,74.125.200.0-255,1484,43186,13,219978
3162,0.000369,172.31.36.0-255,66,43252,13,219978
3163,0.000372,74.125.200.0-255,1484,44736,13,219978
3164,0.000379,172.31.36.0-255,66,44802,13,219978
3165,0.000418,74.125.200.0-255,8215,53017,13,219978
3166,0.000422,172.31.36.0-255,66,53083,13,219978
3167,0.000427,74.125.200.0-255,4320,57403,13,219978
3168,0.000432,74.125.200.0-255,5738,63141,13,219978
3169,0.000432,172.31.36.0-255,66,63207,13,219978
3170,0.000436,172.31.36.0-255,66,63273,13,219978
3171,0.00047,74.125.200.0-255,2852,66125,13,219978
3172,0.000473,172.31.36.0-255,66,66191,13,219978
3173,0.000477,74.125.200.0-255,110,66301,13,219978
3174,0.000523,74.125.200.0-255,335,66636,13,219978
3175,0.00076,74.125.200.0-255,1484,68120,13,219978
3176,0.000764,172.31.36.0-255,66,68186,13,219978
3177,0.000769,74.125.200.0-255,2902,71088,13,219978
3178,0.000771,172.31.36.0-255,66,71154,13,219978
3179,0.000802,74.125.200.0-255,5738,76892,13,219978
3180,0.000805,172.31.36.0-255,66,76958,13,219978
3181,0.000811,74.125.200.0-255,4320,81278,13,219978
3182,0.000813,172.31.36.0-255,66,81344,13,219978
3183,0.00084,74.125.200.0-255,2902,84246,13,219978
3184,0.000847,172.31.36.0-255,66,84312,13,219978
3185,0.000859,172.31.36.0-255,66,84378,13,219978
3186,0.000883,74.125.200.0-255,2902,87280,13,219978
3187,0.000887,172.31.36.0-255,66,87346,13,219978
3188,0.000896,74.125.200.0-255,2184,89530,13,219978
3189,0.0009,172.31.36.0-255,66,89596,13,219978
3190,0.001569,74.125.200.0-255,1484,91080,13,219978
3191,0.001579,74.125.200.0-255,2902,93982,13,219978
3192,0.001584,172.31.36.0-255,66,94048,13,219978
3193,0.001592,74.125.200.0-255,5738,99786,13,219978
3194,0.001594,172.31.36.0-255,66,99852,13,219978
3195,0.001633,74.125.200.0-255,1484,101336,13,219978
3196,0.001672,172.31.36.0-255,66,101402,13,219978
3197,0.001683,74.125.200.0-255,10692,112094,13,219978
3198,0.001685,172.31.36.0-255,66,112160,13,219978
3199,0.00188,74.125.200.0-255,1484,113644,13,219978
3200,0.001888,74.125.200.0-255,2902,116546,13,219978
3201,0.001891,172.31.36.0-255,66,116612,13,219978
3202,0.001897,74.125.200.0-255,2902,119514,13,219978
3203,0.001899,172.31.36.0-255,66,119580,13,219978
3204,0.001931,74.125.200.0-255,2902,122482,13,219978
3205,0.001933,172.31.36.0-255,66,122548,13,219978
3206,0.001939,74.125.200.0-255,4320,126868,13,219978
3207,0.001941,172.31.36.0-255,66,126934,13,219978
3208,0.001951,74.125.200.0-255,5738,132672,13,219978
3209,0.001953,172.31.36.0-255,66,132738,13,219978
3210,0.001958,74.125.200.0-255,2902,135640,13,219978
3211,0.001961,172.31.36.0-255,66,135706,13,219978
3212,0.001992,74.125.200.0-255,8574,144280,13,219978
3213,0.001998,172.31.36.0-255,66,144346,13,219978
3214,0.002003,74.125.200.0-255,2184,146530,13,219978
3215,0.002005,172.31.36.0-255,66,146596,13,219978
3216,0.002242,74.125.200.0-255,1484,148080,13,219978
3217,0.002257,74.125.200.0-255,2902,150982,13,219978
3218,0.00226,172.31.36.0-255,66,151048,13,219978
3219,0.002288,74.125.200.0-255,5738,156786,13,219978
3220,0.00229,172.31.36.0-255,66,156852,13,219978
3221,0.002297,74.125.200.0-255,7156,164008,13,219978
3222,0.002299,172.31.36.0-255,66,164074,13,219978
3223,0.002323,74.125.200.0-255,5738,169812,13,219978
3224,0.002325,172.31.36.0-255,66,169878,13,219978
3225,0.00236,74.125.200.0-255,8574,178452,13,219978
3226,0.002363,172.31.36.0-255,66,178518,13,219978
3227,0.002366,74.125.200.0-255,2184,180702,13,219978
3228,0.002368,172.31.36.0-255,66,180768,13,219978
3229,0.002409,172.31.36.0-255,66,180834,13,219978
3230,0.002412,74.125.200.0-255,1484,182318,13,219978
3231,0.002442,74.125.200.0-255,8574,190892,13,219978
3232,0.007273,172.31.36.0-255,66,190958,13,219978
3233,0.009586,74.125.200.0-255,5738,196696,13,219978
3234,0.009595,172.31.36.0-255,66,196762,13,219978
3235,0.011907,74.125.200.0-255,5738,202500,13,219978
3236,0.011916,172.31.36.0-255,66,202566,13,219978
3237,0.014225,74.125.200.0-255,5738,208304,13,219978
3238,0.014238,172.31.36.0-255,66,208370,13,219978
3239,0.01654,74.125.200.0-255,5738,214108,13,219978
3240,0.016546,172.31.36.0-255,66,214174,13,219978
3241,0.018855,74.125.200.0-255,5738,219912,13,219978
3242,0.018865,172.31.36.0-255,66,219978,13,219978
3243,0.0,74.125.24.0-255,146,146,13,127263
3244,3.4e-05,172.31.36.0-255,66,212,13,127263
3245,4.2e-05,74.125.24.0-255,1484,1696,13,127263
3246,4.6e-05,172.31.36.0-255,66,1762,13,127263
3247,5.1e-05,74.125.24.0-255,2902,4664,13,127263
3248,5.4e-05,172.31.36.0-255,66,4730,13,127263
3249,6.2e-05,74.125.24.0-255,7156,11886,13,127263
3250,6.5e-05,172.31.36.0-255,66,11952,13,127263
3251,6.8e-05,74.125.24.0-255,1484,13436,13,127263
3252,7e-05,172.31.36.0-255,66,13502,13,127263
3253,9.3e-05,74.125.24.0-255,6245,19747,13,127263
3254,9.6e-05,172.31.36.0-255,66,19813,13,127263
3255,0.000106,74.125.24.0-255,9992,29805,13,127263
3256,0.000107,172.31.36.0-255,66,29871,13,127263
3257,0.000128,74.125.24.0-255,1125,30996,13,127263
3258,0.000131,172.31.36.0-255,66,31062,13,127263
3259,0.000391,74.125.24.0-255,1484,32546,13,127263
3260,0.000396,172.31.36.0-255,66,32612,13,127263
3261,0.000401,74.125.24.0-255,2902,35514,13,127263
3262,0.000404,172.31.36.0-255,66,35580,13,127263
3263,0.000408,74.125.24.0-255,2902,38482,13,127263
3264,0.000413,172.31.36.0-255,66,38548,13,127263
3265,0.000434,74.125.24.0-255,2902,41450,13,127263
3266,0.000437,172.31.36.0-255,66,41516,13,127263
3267,0.000473,172.31.36.0-255,66,41582,13,127263
3268,0.000475,74.125.24.0-255,1484,43066,13,127263
3269,0.000478,172.31.36.0-255,66,43132,13,127263
3270,0.000509,74.125.24.0-255,8528,51660,13,127263
3271,0.000514,172.31.36.0-255,66,51726,13,127263
3272,0.000582,74.125.24.0-255,109,51835,13,127263
3273,0.000587,172.31.36.0-255,66,51901,13,127263
3274,0.000772,74.125.24.0-255,1484,53385,13,127263
3275,0.000776,172.31.36.0-255,66,53451,13,127263
3276,0.00079,74.125.24.0-255,2902,56353,13,127263
3277,0.000794,172.31.36.0-255,66,56419,13,127263
3278,0.000797,74.125.24.0-255,1484,57903,13,127263
3279,0.000799,172.31.36.0-255,66,57969,13,127263
3280,0.000821,74.125.24.0-255,4320,62289,13,127263
3281,0.000824,172.31.36.0-255,66,62355,13,127263
3282,0.000828,74.125.24.0-255,1484,63839,13,127263
3283,0.00083,172.31.36.0-255,66,63905,13,127263
3284,0.00086,74.125.24.0-255,9633,73538,13,127263
3285,0.000863,172.31.36.0-255,66,73604,13,127263
3286,0.000876,172.31.36.0-255,66,73670,13,127263
3287,0.000916,74.125.24.0-255,1389,75059,13,127263
3288,0.00092,172.31.36.0-255,66,75125,13,127263
3289,0.00294,74.125.24.0-255,1484,76609,13,127263
3290,0.002946,172.31.36.0-255,66,76675,13,127263
3291,0.002956,74.125.24.0-255,2902,79577,13,127263
3292,0.002958,172.31.36.0-255,66,79643,13,127263
3293,0.002962,74.125.24.0-255,1484,81127,13,127263
3294,0.002964,172.31.36.0-255,66,81193,13,127263
3295,0.004906,74.125.24.0-255,1484,82677,13,127263
3296,0.004909,172.31.36.0-255,66,82743,13,127263
3297,0.004928,74.125.24.0-255,2902,85645,13,127263
3298,0.00493,172.31.36.0-255,66,85711,13,127263
3299,0.004947,74.125.24.0-255,1484,87195,13,127263
3300,0.004949,172.31.36.0-255,66,87261,13,127263
3301,0.006875,74.125.24.0-255,1484,88745,13,127263
3302,0.006881,172.31.36.0-255,66,88811,13,127263
3303,0.006907,74.125.24.0-255,4320,93131,13,127263
3304,0.00691,172.31.36.0-255,66,93197,13,127263
3305,0.008843,74.125.24.0-255,1484,94681,13,127263
3306,0.00885,172.31.36.0-255,66,94747,13,127263
3307,0.008875,74.125.24.0-255,4320,99067,13,127263
3308,0.008878,172.31.36.0-255,66,99133,13,127263
3309,0.010817,74.125.24.0-255,1484,100617,13,127263
3310,0.010824,172.31.36.0-255,66,100683,13,127263
3311,0.010847,74.125.24.0-255,4320,105003,13,127263
3312,0.010854,172.31.36.0-255,66,105069,13,127263
3313,0.012776,74.125.24.0-255,1484,106553,13,127263
3314,0.012799,172.31.36.0-255,66,106619,13,127263
3315,0.012837,74.125.24.0-255,4320,110939,13,127263
3316,0.012862,172.31.36.0-255,66,111005,13,127263
3317,0.014764,74.125.24.0-255,1484,112489,13,127263
3318,0.014772,172.31.36.0-255,66,112555,13,127263
3319,0.014824,74.125.24.0-255,4320,116875,13,127263
3320,0.014867,172.31.36.0-255,66,116941,13,127263
3321,0.01673,74.125.24.0-255,1484,118425,13,127263
3322,0.016832,74.125.24.0-255,2902,121327,13,127263
3323,0.016836,172.31.36.0-255,66,121393,13,127263
3324,0.016854,74.125.24.0-255,1484,122877,13,127263
3325,0.018803,74.125.24.0-255,4320,127197,13,127263
3326,0.018811,172.31.36.0-255,66,127263,13,127263
3327,0.0,172.31.36.0-255,169,169,13,235
3328,0.006446,74.125.24.0-255,66,235,13,235
3329,0.0,74.125.24.0-255,144,144,13,266396
3330,3.6e-05,172.31.36.0-255,66,210,13,266396
3331,4.4e-05,74.125.24.0-255,1484,1694,13,266396
3332,4.8e-05,172.31.36.0-255,66,1760,13,266396
3333,5.3e-05,74.125.24.0-255,2902,4662,13,266396
3334,5.6e-05,172.31.36.0-255,66,4728,13,266396
3335,6.3e-05,74.125.24.0-255,7156,11884,13,266396
3336,6.6e-05,172.31.36.0-255,66,11950,13,266396
3337,7.1e-05,74.125.24.0-255,2902,14852,13,266396
3338,7.3e-05,172.31.36.0-255,66,14918,13,266396
3339,0.000102,74.125.24.0-255,10558,25476,13,266396
3340,0.000105,172.31.36.0-255,66,25542,13,266396
3341,0.00013,74.125.24.0-255,5379,30921,13,266396
3342,0.000133,172.31.36.0-255,66,30987,13,266396
3343,0.000168,74.125.24.0-255,4320,35307,13,266396
3344,0.000171,172.31.36.0-255,66,35373,13,266396
3345,0.000176,74.125.24.0-255,2902,38275,13,266396
3346,0.000178,172.31.36.0-255,66,38341,13,266396
3347,0.000193,74.125.24.0-255,2902,41243,13,266396
3348,0.000195,172.31.36.0-255,66,41309,13,266396
3349,0.00024,74.125.24.0-255,2902,44211,13,266396
3350,0.000242,172.31.36.0-255,66,44277,13,266396
3351,0.000261,74.125.24.0-255,3961,48238,13,266396
3352,0.000264,172.31.36.0-255,66,48304,13,266396
3353,0.000952,74.125.24.0-255,1484,49788,13,266396
3354,0.000958,172.31.36.0-255,66,49854,13,266396
3355,0.000968,74.125.24.0-255,2902,52756,13,266396
3356,0.00097,172.31.36.0-255,66,52822,13,266396
3357,0.000977,74.125.24.0-255,5738,58560,13,266396
3358,0.000979,172.31.36.0-255,66,58626,13,266396
3359,0.001009,74.125.24.0-255,6797,65423,13,266396
3360,0.001011,172.31.36.0-255,66,65489,13,266396
3361,0.001152,74.125.24.0-255,1484,66973,13,266396
3362,0.001159,74.125.24.0-255,2902,69875,13,266396
3363,0.001163,172.31.36.0-255,66,69941,13,266396
3364,0.001172,74.125.24.0-255,5738,75679,13,266396
3365,0.001174,172.31.36.0-255,66,75745,13,266396
3366,0.00118,74.125.24.0-255,5738,81483,13,266396
3367,0.001182,172.31.36.0-255,66,81549,13,266396
3368,0.001207,74.125.24.0-255,1484,83033,13,266396
3369,0.001246,172.31.36.0-255,66,83099,13,266396
3370,0.001252,74.125.24.0-255,3961,87060,13,266396
3371,0.001255,172.31.36.0-255,66,87126,13,266396
3372,0.001447,74.125.24.0-255,1484,88610,13,266396
3373,0.001451,74.125.24.0-255,1484,90094,13,266396
3374,0.001453,172.31.36.0-255,66,90160,13,266396
3375,0.001471,74.125.24.0-255,1484,91644,13,266396
3376,0.001477,74.125.24.0-255,5738,97382,13,266396
3377,0.001479,172.31.36.0-255,66,97448,13,266396
3378,0.001483,74.125.24.0-255,2902,100350,13,266396
3379,0.001485,172.31.36.0-255,66,100416,13,266396
3380,0.001499,74.125.24.0-255,2902,103318,13,266396
3381,0.001502,172.31.36.0-255,66,103384,13,266396
3382,0.001506,74.125.24.0-255,2902,106286,13,266396
3383,0.001508,172.31.36.0-255,66,106352,13,266396
3384,0.001525,74.125.24.0-255,9992,116344,13,266396
3385,0.001527,172.31.36.0-255,66,116410,13,266396
3386,0.00153,74.125.24.0-255,1484,117894,13,266396
3387,0.001552,74.125.24.0-255,3602,121496,13,266396
3388,0.001554,172.31.36.0-255,66,121562,13,266396
3389,0.001583,74.125.24.0-255,2902,124464,13,266396
3390,0.001585,172.31.36.0-255,66,124530,13,266396
3391,0.001599,74.125.24.0-255,2902,127432,13,266396
3392,0.001601,172.31.36.0-255,66,127498,13,266396
3393,0.001607,74.125.24.0-255,5738,133236,13,266396
3394,0.001609,172.31.36.0-255,66,133302,13,266396
3395,0.001632,74.125.24.0-255,1484,134786,13,266396
3396,0.001645,172.31.36.0-255,66,134852,13,266396
3397,0.001661,74.125.24.0-255,1484,136336,13,266396
3398,0.001667,74.125.24.0-255,6438,142774,13,266396
3399,0.00167,172.31.36.0-255,66,142840,13,266396
3400,0.001683,74.125.24.0-255,2902,145742,13,266396
3401,0.001686,172.31.36.0-255,66,145808,13,266396
3402,0.001697,74.125.24.0-255,4320,150128,13,266396
3403,0.001699,172.31.36.0-255,66,150194,13,266396
3404,0.001707,74.125.24.0-255,8574,158768,13,266396
3405,0.00171,172.31.36.0-255,66,158834,13,266396
3406,0.001746,172.31.36.0-255,66,158900,13,266396
3407,0.001763,74.125.24.0-255,2902,161802,13,266396
3408,0.001765,172.31.36.0-255,66,161868,13,266396
3409,0.001768,74.125.24.0-255,766,162634,13,266396
3410,0.001823,74.125.24.0-255,1484,164118,13,266396
3411,0.001826,172.31.36.0-255,66,164184,13,266396
3412,0.00183,74.125.24.0-255,2902,167086,13,266396
3413,0.001832,172.31.36.0-255,66,167152,13,266396
3414,0.001838,74.125.24.0-255,5738,172890,13,266396
3415,0.00184,172.31.36.0-255,66,172956,13,266396
3416,0.001857,74.125.24.0-255,1484,174440,13,266396
3417,0.001885,172.31.36.0-255,66,174506,13,266396
3418,0.001892,74.125.24.0-255,7156,181662,13,266396
3419,0.001894,172.31.36.0-255,66,181728,13,266396
3420,0.001909,74.125.24.0-255,3602,185330,13,266396
3421,0.001912,172.31.36.0-255,66,185396,13,266396
3422,0.00197,74.125.24.0-255,1484,186880,13,266396
3423,0.001975,74.125.24.0-255,2902,189782,13,266396
3424,0.001977,172.31.36.0-255,66,189848,13,266396
3425,0.001998,74.125.24.0-255,4320,194168,13,266396
3426,0.002,172.31.36.0-255,66,194234,13,266396
3427,0.002004,74.125.24.0-255,2902,197136,13,266396
3428,0.002006,172.31.36.0-255,66,197202,13,266396
3429,0.002019,74.125.24.0-255,2902,200104,13,266396
3430,0.002022,172.31.36.0-255,66,200170,13,266396
3431,0.002032,74.125.24.0-255,7156,207326,13,266396
3432,0.002035,172.31.36.0-255,66,207392,13,266396
3433,0.002057,74.125.24.0-255,4320,211712,13,266396
3434,0.002059,172.31.36.0-255,66,211778,13,266396
3435,0.002063,74.125.24.0-255,4320,216098,13,266396
3436,0.002065,172.31.36.0-255,66,216164,13,266396
3437,0.002078,74.125.24.0-255,1484,217648,13,266396
3438,0.002089,74.125.24.0-255,2184,219832,13,266396
3439,0.002092,172.31.36.0-255,66,219898,13,266396
3440,0.004082,74.125.24.0-255,1484,221382,13,266396
3441,0.004149,74.125.24.0-255,4320,225702,13,266396
3442,0.004152,172.31.36.0-255,66,225768,13,266396
3443,0.006188,74.125.24.0-255,5738,231506,13,266396
3444,0.006194,172.31.36.0-255,66,231572,13,266396
3445,0.008258,74.125.24.0-255,5738,237310,13,266396
3446,0.008263,172.31.36.0-255,66,237376,13,266396
3447,0.010296,74.125.24.0-255,5738,243114,13,266396
3448,0.010304,172.31.36.0-255,66,243180,13,266396
3449,0.012326,74.125.24.0-255,5738,248918,13,266396
3450,0.012333,172.31.36.0-255,66,248984,13,266396
3451,0.014376,74.125.24.0-255,5738,254722,13,266396
3452,0.014386,172.31.36.0-255,66,254788,13,266396
3453,0.016453,74.125.24.0-255,5738,260526,13,266396
3454,0.01646,172.31.36.0-255,66,260592,13,266396
3455,0.018525,74.125.24.0-255,5738,266330,13,266396
3456,0.018531,172.31.36.0-255,66,266396,13,266396
3457,0.0,172.217.160.0-255,153,153,13,140197
3458,2.5e-05,172.31.36.0-255,66,219,13,140197
3459,3.2e-05,172.217.160.0-255,1484,1703,13,140197
3460,3.7e-05,172.31.36.0-255,66,1769,13,140197
3461,4.3e-05,172.217.160.0-255,2902,4671,13,140197
3462,4.6e-05,172.31.36.0-255,66,4737,13,140197
3463,5.1e-05,172.217.160.0-255,4320,9057,13,140197
3464,5.4e-05,172.31.36.0-255,66,9123,13,140197
3465,0.000113,172.217.160.0-255,1484,10607,13,140197
3466,0.000116,172.31.36.0-255,66,10673,13,140197
3467,0.000129,172.217.160.0-255,3384,14057,13,140197
3468,0.000132,172.31.36.0-255,66,14123,13,140197
3469,0.000189,172.217.160.0-255,2902,17025,13,140197
3470,0.000192,172.31.36.0-255,66,17091,13,140197
3471,0.000211,172.217.160.0-255,8574,25665,13,140197
3472,0.000213,172.31.36.0-255,66,25731,13,140197
3473,0.000388,172.217.160.0-255,4320,30051,13,140197
3474,0.000393,172.31.36.0-255,66,30117,13,140197
3475,0.000452,172.217.160.0-255,1125,31242,13,140197
3476,0.000455,172.31.36.0-255,66,31308,13,140197
3477,0.000487,172.217.160.0-255,4320,35628,13,140197
3478,0.00049,172.31.36.0-255,66,35694,13,140197
3479,0.000535,172.31.36.0-255,66,35760,13,140197
3480,0.001493,172.217.160.0-255,1484,37244,13,140197
3481,0.0015,172.31.36.0-255,66,37310,13,140197
3482,0.001509,172.217.160.0-255,1484,38794,13,140197
3483,0.001512,172.31.36.0-255,66,38860,13,140197
3484,0.001525,172.217.160.0-255,1484,40344,13,140197
3485,0.001527,172.31.36.0-255,66,40410,13,140197
3486,0.001543,172.217.160.0-255,4320,44730,13,140197
3487,0.001546,172.31.36.0-255,66,44796,13,140197
3488,0.001609,172.217.160.0-255,5738,50534,13,140197
3489,0.001613,172.31.36.0-255,66,50600,13,140197
3490,0.001705,172.217.160.0-255,2543,53143,13,140197
3491,0.001709,172.31.36.0-255,66,53209,13,140197
3492,0.001748,172.217.160.0-255,5738,58947,13,140197
3493,0.001751,172.31.36.0-255,66,59013,13,140197
3494,0.001772,172.217.160.0-255,4320,63333,13,140197
3495,0.001774,172.31.36.0-255,66,63399,13,140197
3496,0.001906,172.217.160.0-255,1484,64883,13,140197
3497,0.001928,172.217.160.0-255,1484,66367,13,140197
3498,0.00193,172.31.36.0-255,66,66433,13,140197
3499,0.001969,172.217.160.0-255,8795,75228,13,140197
3500,0.001972,172.31.36.0-255,66,75294,13,140197
3501,0.002133,172.217.160.0-255,7156,82450,13,140197
3502,0.002138,172.31.36.0-255,66,82516,13,140197
3503,0.002157,172.217.160.0-255,5379,87895,13,140197
3504,0.002159,172.31.36.0-255,66,87961,13,140197
3505,0.004086,172.217.160.0-255,5738,93699,13,140197
3506,0.004093,172.31.36.0-255,66,93765,13,140197
3507,0.006017,172.217.160.0-255,5738,99503,13,140197
3508,0.00602,172.31.36.0-255,66,99569,13,140197
3509,0.007954,172.217.160.0-255,5738,105307,13,140197
3510,0.007961,172.31.36.0-255,66,105373,13,140197
3511,0.009899,172.217.160.0-255,5738,111111,13,140197
3512,0.009906,172.31.36.0-255,66,111177,13,140197
3513,0.011837,172.217.160.0-255,5738,116915,13,140197
3514,0.011845,172.31.36.0-255,66,116981,13,140197
3515,0.013782,172.217.160.0-255,5738,122719,13,140197
3516,0.013791,172.31.36.0-255,66,122785,13,140197
3517,0.015735,172.217.160.0-255,5738,128523,13,140197
3518,0.01575,172.31.36.0-255,66,128589,13,140197
3519,0.017689,172.217.160.0-255,5738,134327,13,140197
3520,0.017695,172.31.36.0-255,66,134393,13,140197
3521,0.019642,172.217.160.0-255,5738,140131,13,140197
3522,0.019649,172.31.36.0-255,66,140197,13,140197
3523,0.0,74.125.24.0-255,146,146,13,298598
3524,2.7e-05,172.31.36.0-255,66,212,13,298598
3525,3.4e-05,74.125.24.0-255,1484,1696,13,298598
3526,3.8e-05,172.31.36.0-255,66,1762,13,298598
3527,4.4e-05,74.125.24.0-255,2902,4664,13,298598
3528,4.8e-05,172.31.36.0-255,66,4730,13,298598
3529,5.5e-05,74.125.24.0-255,5738,10468,13,298598
3530,5.9e-05,172.31.36.0-255,66,10534,13,298598
3531,7e-05,74.125.24.0-255,10612,21146,13,298598
3532,7.3e-05,172.31.36.0-255,66,21212,13,298598
3533,8.2e-05,74.125.24.0-255,9633,30845,13,298598
3534,8.6e-05,172.31.36.0-255,66,30911,13,298598
3535,0.000137,74.125.24.0-255,1484,32395,13,298598
3536,0.00014,172.31.36.0-255,66,32461,13,298598
3537,0.000146,74.125.24.0-255,2902,35363,13,298598
3538,0.000148,172.31.36.0-255,66,35429,13,298598
3539,0.000176,74.125.24.0-255,5738,41167,13,298598
3540,0.000179,172.31.36.0-255,66,41233,13,298598
3541,0.000185,74.125.24.0-255,4320,45553,13,298598
3542,0.000187,172.31.36.0-255,66,45619,13,298598
3543,0.000225,74.125.24.0-255,2543,48162,13,298598
3544,0.000227,172.31.36.0-255,66,48228,13,298598
3545,0.000584,74.125.24.0-255,1484,49712,13,298598
3546,0.00059,172.31.36.0-255,66,49778,13,298598
3547,0.000596,74.125.24.0-255,2902,52680,13,298598
3548,0.000599,172.31.36.0-255,66,52746,13,298598
3549,0.000605,74.125.24.0-255,5738,58484,13,298598
3550,0.000608,172.31.36.0-255,66,58550,13,298598
3551,0.000642,74.125.24.0-255,6797,65347,13,298598
3552,0.000646,172.31.36.0-255,66,65413,13,298598
3553,0.000677,74.125.24.0-255,1484,66897,13,298598
3554,0.00068,172.31.36.0-255,66,66963,13,298598
3555,0.000685,74.125.24.0-255,2902,69865,13,298598
3556,0.000688,172.31.36.0-255,66,69931,13,298598
3557,0.000714,74.125.24.0-255,5738,75669,13,298598
3558,0.000718,172.31.36.0-255,66,75735,13,298598
3559,0.000721,74.125.24.0-255,1484,77219,13,298598
3560,0.000752,172.31.36.0-255,66,77285,13,298598
3561,0.000782,74.125.24.0-255,9992,87277,13,298598
3562,0.000786,172.31.36.0-255,66,87343,13,298598
3563,0.000805,74.125.24.0-255,1704,89047,13,298598
3564,0.000808,172.31.36.0-255,66,89113,13,298598
3565,0.001336,74.125.24.0-255,1484,90597,13,298598
3566,0.001344,74.125.24.0-255,2902,93499,13,298598
3567,0.001348,172.31.36.0-255,66,93565,13,298598
3568,0.001365,74.125.24.0-255,5738,99303,13,298598
3569,0.001369,172.31.36.0-255,66,99369,13,298598
3570,0.001392,74.125.24.0-255,8574,107943,13,298598
3571,0.001394,172.31.36.0-255,66,108009,13,298598
3572,0.001417,74.125.24.0-255,4320,112329,13,298598
3573,0.001419,172.31.36.0-255,66,112395,13,298598
3574,0.001441,74.125.24.0-255,7156,119551,13,298598
3575,0.001444,172.31.36.0-255,66,119617,13,298598
3576,0.00147,74.125.24.0-255,3602,123219,13,298598
3577,0.001473,74.125.24.0-255,1484,124703,13,298598
3578,0.001477,172.31.36.0-255,66,124769,13,298598
3579,0.001486,74.125.24.0-255,1484,126253,13,298598
3580,0.001488,172.31.36.0-255,66,126319,13,298598
3581,0.001514,74.125.24.0-255,1484,127803,13,298598
3582,0.001522,74.125.24.0-255,5738,133541,13,298598
3583,0.001524,172.31.36.0-255,66,133607,13,298598
3584,0.001534,74.125.24.0-255,8574,142181,13,298598
3585,0.001535,172.31.36.0-255,66,142247,13,298598
3586,0.001555,74.125.24.0-255,4320,146567,13,298598
3587,0.001557,172.31.36.0-255,66,146633,13,298598
3588,0.00156,74.125.24.0-255,1484,148117,13,298598
3589,0.0016,74.125.24.0-255,9274,157391,13,298598
3590,0.001603,172.31.36.0-255,66,157457,13,298598
3591,0.001643,74.125.24.0-255,4320,161777,13,298598
3592,0.001646,172.31.36.0-255,66,161843,13,298598
3593,0.001652,74.125.24.0-255,4320,166163,13,298598
3594,0.001655,172.31.36.0-255,66,166229,13,298598
3595,0.001669,74.125.24.0-255,1484,167713,13,298598
3596,0.001675,74.125.24.0-255,4320,172033,13,298598
3597,0.001677,172.31.36.0-255,66,172099,13,298598
3598,0.001699,74.125.24.0-255,7156,179255,13,298598
3599,0.001701,172.31.36.0-255,66,179321,13,298598
3600,0.001708,74.125.24.0-255,5738,185059,13,298598
3601,0.001711,172.31.36.0-255,66,185125,13,298598
3602,0.00173,74.125.24.0-255,6438,191563,13,298598
3603,0.001733,172.31.36.0-255,66,191629,13,298598
3604,0.001893,74.125.24.0-255,1484,193113,13,298598
3605,0.001914,74.125.24.0-255,2902,196015,13,298598
3606,0.001918,172.31.36.0-255,66,196081,13,298598
3607,0.001925,74.125.24.0-255,5738,201819,13,298598
3608,0.001927,172.31.36.0-255,66,201885,13,298598
3609,0.001982,74.125.24.0-255,4320,206205,13,298598
3610,0.001985,172.31.36.0-255,66,206271,13,298598
3611,0.002008,74.125.24.0-255,5738,212009,13,298598
3612,0.002011,172.31.36.0-255,66,212075,13,298598
3613,0.002024,172.31.36.0-255,66,212141,13,298598
3614,0.002028,74.125.24.0-255,2184,214325,13,298598
3615,0.00203,172.31.36.0-255,66,214391,13,298598
3616,0.002046,74.125.24.0-255,1484,215875,13,298598
3617,0.002086,172.31.36.0-255,66,215941,13,298598
3618,0.002098,74.125.24.0-255,5738,221679,13,298598
3619,0.002101,172.31.36.0-255,66,221745,13,298598
3620,0.002141,172.31.36.0-255,66,221811,13,298598
3621,0.00216,74.125.24.0-255,7156,228967,13,298598
3622,0.002163,172.31.36.0-255,66,229033,13,298598
3623,0.002188,74.125.24.0-255,5738,234771,13,298598
3624,0.00219,172.31.36.0-255,66,234837,13,298598
3625,0.002198,74.125.24.0-255,7156,241993,13,298598
3626,0.002201,172.31.36.0-255,66,242059,13,298598
3627,0.002226,74.125.24.0-255,8574,250633,13,298598
3628,0.002228,172.31.36.0-255,66,250699,13,298598
3629,0.002246,74.125.24.0-255,9992,260691,13,298598
3630,0.002258,74.125.24.0-255,3602,264293,13,298598
3631,0.002262,74.125.24.0-255,1484,265777,13,298598
3632,0.00228,74.125.24.0-255,7156,272933,13,298598
3633,0.002316,74.125.24.0-255,2184,275117,13,298598
3634,0.002322,74.125.24.0-255,4320,279437,13,298598
3635,0.002646,172.31.36.0-255,66,279503,13,298598
3636,0.004928,74.125.24.0-255,5738,285241,13,298598
3637,0.004936,172.31.36.0-255,66,285307,13,298598
3638,0.007214,74.125.24.0-255,5738,291045,13,298598
3639,0.007222,172.31.36.0-255,66,291111,13,298598
3640,0.009464,74.125.24.0-255,1484,292595,13,298598
3641,0.009485,74.125.24.0-255,4320,296915,13,298598
3642,0.009488,172.31.36.0-255,66,296981,13,298598
3643,0.011776,74.125.24.0-255,1380,298361,13,298598
3644,0.011922,172.31.36.0-255,66,298427,13,298598
3645,0.01196,172.31.36.0-255,105,298532,13,298598
3646,0.014218,74.125.24.0-255,66,298598,13,298598
3647,0.0,172.217.194.0-255,143,143,13,205483
3648,2.1e-05,172.31.36.0-255,66,209,13,205483
3649,2.9e-05,172.217.194.0-255,1484,1693,13,205483
3650,3.3e-05,172.31.36.0-255,66,1759,13,205483
3651,3.9e-05,172.217.194.0-255,2902,4661,13,205483
3652,4.2e-05,172.31.36.0-255,66,4727,13,205483
3653,5e-05,172.217.194.0-255,7156,11883,13,205483
3654,5.3e-05,172.31.36.0-255,66,11949,13,205483
3655,7.5e-05,172.217.194.0-255,2902,14851,13,205483
3656,7.7e-05,172.31.36.0-255,66,14917,13,205483
3657,0.000111,172.31.36.0-255,66,14983,13,205483
3658,0.000135,172.217.194.0-255,2543,17526,13,205483
3659,0.000137,172.31.36.0-255,66,17592,13,205483
3660,0.000209,172.217.194.0-255,1484,19076,13,205483
3661,0.000213,172.31.36.0-255,66,19142,13,205483
3662,0.000218,172.217.194.0-255,2902,22044,13,205483
3663,0.000221,172.31.36.0-255,66,22110,13,205483
3664,0.000225,172.217.194.0-255,2902,25012,13,205483
3665,0.000227,172.31.36.0-255,66,25078,13,205483
3666,0.000251,172.217.194.0-255,2902,27980,13,205483
3667,0.000254,172.31.36.0-255,66,28046,13,205483
3668,0.000269,172.31.36.0-255,66,28112,13,205483
3669,0.000276,172.217.194.0-255,7156,35268,13,205483
3670,0.000279,172.31.36.0-255,66,35334,13,205483
3671,0.000303,172.217.194.0-255,2902,38236,13,205483
3672,0.000306,172.31.36.0-255,66,38302,13,205483
3673,0.000309,172.217.194.0-255,766,39068,13,205483
3674,0.000311,172.31.36.0-255,66,39134,13,205483
3675,0.000362,172.217.194.0-255,377,39511,13,205483
3676,0.000365,172.31.36.0-255,66,39577,13,205483
3677,0.000383,172.217.194.0-255,99,39676,13,205483
3678,0.000531,172.217.194.0-255,364,40040,13,205483
3679,0.00064,172.217.194.0-255,1484,41524,13,205483
3680,0.000645,172.31.36.0-255,66,41590,13,205483
3681,0.000651,172.217.194.0-255,2902,44492,13,205483
3682,0.000653,172.31.36.0-255,66,44558,13,205483
3683,0.000678,172.217.194.0-255,1484,46042,13,205483
3684,0.000696,172.217.194.0-255,2902,48944,13,205483
3685,0.000698,172.31.36.0-255,66,49010,13,205483
3686,0.000716,172.217.194.0-255,1484,50494,13,205483
3687,0.000719,172.217.194.0-255,1484,51978,13,205483
3688,0.000721,172.31.36.0-255,66,52044,13,205483
3689,0.000749,172.217.194.0-255,8574,60618,13,205483
3690,0.000753,172.31.36.0-255,66,60684,13,205483
3691,0.000767,172.31.36.0-255,66,60750,13,205483
3692,0.00077,172.217.194.0-255,766,61516,13,205483
3693,0.001046,172.217.194.0-255,1484,63000,13,205483
3694,0.001051,172.31.36.0-255,66,63066,13,205483
3695,0.001058,172.217.194.0-255,2902,65968,13,205483
3696,0.00106,172.31.36.0-255,66,66034,13,205483
3697,0.001088,172.217.194.0-255,5738,71772,13,205483
3698,0.001091,172.31.36.0-255,66,71838,13,205483
3699,0.001094,172.217.194.0-255,1484,73322,13,205483
3700,0.001101,172.217.194.0-255,4320,77642,13,205483
3701,0.001103,172.31.36.0-255,66,77708,13,205483
3702,0.001117,172.217.194.0-255,4320,82028,13,205483
3703,0.001119,172.31.36.0-255,66,82094,13,205483
3704,0.001176,172.217.194.0-255,8574,90668,13,205483
3705,0.001179,172.31.36.0-255,66,90734,13,205483
3706,0.001206,172.217.194.0-255,4471,95205,13,205483
3707,0.001209,172.31.36.0-255,66,95271,13,205483
3708,0.001224,172.31.36.0-255,66,95337,13,205483
3709,0.001232,172.217.194.0-255,7156,102493,13,205483
3710,0.001234,172.31.36.0-255,66,102559,13,205483
3711,0.001273,172.31.36.0-255,66,102625,13,205483
3712,0.001297,172.217.194.0-255,1484,104109,13,205483
3713,0.001324,172.217.194.0-255,2902,107011,13,205483
3714,0.001327,172.31.36.0-255,66,107077,13,205483
3715,0.001349,172.217.194.0-255,5738,112815,13,205483
3716,0.001355,172.217.194.0-255,5738,118553,13,205483
3717,0.00136,172.31.36.0-255,66,118619,13,205483
3718,0.001368,172.217.194.0-255,1484,120103,13,205483
3719,0.001374,172.217.194.0-255,5738,125841,13,205483
3720,0.001393,172.217.194.0-255,8574,134415,13,205483
3721,0.001396,172.217.194.0-255,2184,136599,13,205483
3722,0.001399,172.31.36.0-255,66,136665,13,205483
3723,0.001407,172.31.36.0-255,66,136731,13,205483
3724,0.00141,172.31.36.0-255,66,136797,13,205483
3725,0.001545,172.217.194.0-255,1484,138281,13,205483
3726,0.00155,172.217.194.0-255,2902,141183,13,205483
3727,0.001561,172.31.36.0-255,66,141249,13,205483
3728,0.001573,172.217.194.0-255,5738,146987,13,205483
3729,0.001578,172.31.36.0-255,66,147053,13,205483
3730,0.001592,172.217.194.0-255,4320,151373,13,205483
3731,0.001613,172.217.194.0-255,8574,159947,13,205483
3732,0.001627,172.31.36.0-255,66,160013,13,205483
3733,0.001648,172.217.194.0-255,5738,165751,13,205483
3734,0.001655,172.31.36.0-255,66,165817,13,205483
3735,0.001675,172.217.194.0-255,5020,170837,13,205483
3736,0.001686,172.31.36.0-255,66,170903,13,205483
3737,0.001692,172.217.194.0-255,5738,176641,13,205483
3738,0.001708,172.217.194.0-255,5738,182379,13,205483
3739,0.00171,172.217.194.0-255,1484,183863,13,205483
3740,0.001713,172.31.36.0-255,66,183929,13,205483
3741,0.00173,172.217.194.0-255,2902,186831,13,205483
3742,0.001756,172.217.194.0-255,7156,193987,13,205483
3743,0.001777,172.217.194.0-255,5020,199007,13,205483
3744,0.001781,172.31.36.0-255,66,199073,13,205483
3745,0.001786,172.31.36.0-255,66,199139,13,205483
3746,0.001799,172.217.194.0-255,1484,200623,13,205483
3747,0.001838,172.31.36.0-255,66,200689,13,205483
3748,0.001861,172.217.194.0-255,1484,202173,13,205483
3749,0.001912,172.31.36.0-255,66,202239,13,205483
3750,0.001973,172.217.194.0-255,2902,205141,13,205483
3751,0.002001,172.217.194.0-255,105,205246,13,205483
3752,0.006059,172.31.36.0-255,66,205312,13,205483
3753,0.008557,172.31.36.0-255,105,205417,13,205483
3754,0.010838,172.217.194.0-255,66,205483,13,205483
3755,0.0,74.125.24.0-255,431,431,13,136589
3756,2.6e-05,74.125.24.0-255,1484,1915,13,136589
3757,3.7e-05,172.31.36.0-255,66,1981,13,136589
3758,4.5e-05,74.125.24.0-255,4320,6301,13,136589
3759,4.7e-05,172.31.36.0-255,66,6367,13,136589
3760,0.000168,74.125.24.0-255,5738,12105,13,136589
3761,0.000173,172.31.36.0-255,66,12171,13,136589
3762,0.0002,74.125.24.0-255,3405,15576,13,136589
3763,0.000203,172.31.36.0-255,66,15642,13,136589
3764,0.000546,74.125.24.0-255,7156,22798,13,136589
3765,0.000552,172.31.36.0-255,66,22864,13,136589
3766,0.00082,74.125.24.0-255,5738,28602,13,136589
3767,0.000826,172.31.36.0-255,66,28668,13,136589
3768,0.000856,74.125.24.0-255,1484,30152,13,136589
3769,0.002277,74.125.24.0-255,5738,35890,13,136589
3770,0.002384,74.125.24.0-255,8574,44464,13,136589
3771,0.002396,74.125.24.0-255,4320,48784,13,136589
3772,0.002884,74.125.24.0-255,1484,50268,13,136589
3773,0.002897,74.125.24.0-255,5738,56006,13,136589
3774,0.002911,74.125.24.0-255,8574,64580,13,136589
3775,0.002923,74.125.24.0-255,2902,67482,13,136589
3776,0.003632,74.125.24.0-255,5738,73220,13,136589
3777,0.003645,172.31.36.0-255,66,73286,13,136589
3778,0.003674,172.31.36.0-255,66,73352,13,136589
3779,0.003674,74.125.24.0-255,1484,74836,13,136589
3780,0.004125,172.31.36.0-255,66,74902,13,136589
3781,0.005902,172.31.36.0-255,66,74968,13,136589
3782,0.005942,74.125.24.0-255,7156,82124,13,136589
3783,0.006078,74.125.24.0-255,7156,89280,13,136589
3784,0.006544,74.125.24.0-255,1484,90764,13,136589
3785,0.008136,74.125.24.0-255,7974,98738,13,136589
3786,0.008507,172.31.36.0-255,66,98804,13,136589
3787,0.010794,172.31.36.0-255,66,98870,13,136589
3788,0.010841,172.31.36.0-255,66,98936,13,136589
3789,0.010868,74.125.24.0-255,4320,103256,13,136589
3790,0.01087,172.31.36.0-255,66,103322,13,136589
3791,0.010945,172.31.36.0-255,66,103388,13,136589
3792,0.011208,172.31.36.0-255,66,103454,13,136589
3793,0.011247,172.31.36.0-255,66,103520,13,136589
3794,0.013039,74.125.24.0-255,8574,112094,13,136589
3795,0.013045,172.31.36.0-255,66,112160,13,136589
3796,0.01308,74.125.24.0-255,5296,117456,13,136589
3797,0.013083,172.31.36.0-255,66,117522,13,136589
3798,0.013091,74.125.24.0-255,7156,124678,13,136589
3799,0.013093,172.31.36.0-255,66,124744,13,136589
3800,0.013154,172.31.36.0-255,66,124810,13,136589
3801,0.013188,74.125.24.0-255,5738,130548,13,136589
3802,0.013191,172.31.36.0-255,66,130614,13,136589
3803,0.013525,74.125.24.0-255,5738,136352,13,136589
3804,0.013529,172.31.36.0-255,66,136418,13,136589
3805,0.013571,172.31.36.0-255,66,136484,13,136589
3806,0.01387,172.31.36.0-255,105,136589,13,136589
3807,0.0,74.125.68.0-255,152,152,13,192439
3808,2.4e-05,172.31.36.0-255,66,218,13,192439
3809,3e-05,74.125.68.0-255,1484,1702,13,192439
3810,3.5e-05,172.31.36.0-255,66,1768,13,192439
3811,4.9e-05,74.125.68.0-255,2902,4670,13,192439
3812,5.3e-05,172.31.36.0-255,66,4736,13,192439
3813,5.7e-05,74.125.68.0-255,1484,6220,13,192439
3814,6e-05,172.31.36.0-255,66,6286,13,192439
3815,6.4e-05,74.125.68.0-255,2902,9188,13,192439
3816,6.8e-05,172.31.36.0-255,66,9254,13,192439
3817,0.000111,74.125.68.0-255,4855,14109,13,192439
3818,0.000115,172.31.36.0-255,66,14175,13,192439
3819,0.000149,74.125.68.0-255,1484,15659,13,192439
3820,0.000153,172.31.36.0-255,66,15725,13,192439
3821,0.000171,74.125.68.0-255,2902,18627,13,192439
3822,0.000174,172.31.36.0-255,66,18693,13,192439
3823,0.000211,74.125.68.0-255,4320,23013,13,192439
3824,0.000213,172.31.36.0-255,66,23079,13,192439
3825,0.000237,74.125.68.0-255,1484,24563,13,192439
3826,0.000239,172.31.36.0-255,66,24629,13,192439
3827,0.000281,74.125.68.0-255,4320,28949,13,192439
3828,0.000283,172.31.36.0-255,66,29015,13,192439
3829,0.000307,74.125.68.0-255,2543,31558,13,192439
3830,0.000313,172.31.36.0-255,66,31624,13,192439
3831,0.000368,74.125.68.0-255,4320,35944,13,192439
3832,0.000371,172.31.36.0-255,66,36010,13,192439
3833,0.000402,74.125.68.0-255,5738,41748,13,192439
3834,0.000405,172.31.36.0-255,66,41814,13,192439
3835,0.000501,74.125.68.0-255,2902,44716,13,192439
3836,0.000505,172.31.36.0-255,66,44782,13,192439
3837,0.000537,172.31.36.0-255,66,44848,13,192439
3838,0.000746,74.125.68.0-255,5989,50837,13,192439
3839,0.000752,172.31.36.0-255,66,50903,13,192439
3840,0.000818,74.125.68.0-255,7156,58059,13,192439
3841,0.000822,172.31.36.0-255,66,58125,13,192439
3842,0.00091,74.125.68.0-255,7156,65281,13,192439
3843,0.000915,172.31.36.0-255,66,65347,13,192439
3844,0.00094,74.125.68.0-255,8574,73921,13,192439
3845,0.000944,172.31.36.0-255,66,73987,13,192439
3846,0.001113,74.125.68.0-255,7156,81143,13,192439
3847,0.001117,172.31.36.0-255,66,81209,13,192439
3848,0.001148,74.125.68.0-255,3602,84811,13,192439
3849,0.001152,172.31.36.0-255,66,84877,13,192439
3850,0.001253,74.125.68.0-255,1484,86361,13,192439
3851,0.001259,74.125.68.0-255,1484,87845,13,192439
3852,0.001261,172.31.36.0-255,66,87911,13,192439
3853,0.001287,74.125.68.0-255,1484,89395,13,192439
3854,0.001308,74.125.68.0-255,5738,95133,13,192439
3855,0.001311,172.31.36.0-255,66,95199,13,192439
3856,0.00138,74.125.68.0-255,2902,98101,13,192439
3857,0.001386,172.31.36.0-255,66,98167,13,192439
3858,0.001399,74.125.68.0-255,7156,105323,13,192439
3859,0.001406,172.31.36.0-255,66,105389,13,192439
3860,0.001431,74.125.68.0-255,2902,108291,13,192439
3861,0.001434,172.31.36.0-255,66,108357,13,192439
3862,0.001551,74.125.68.0-255,7156,115513,13,192439
3863,0.001555,172.31.36.0-255,66,115579,13,192439
3864,0.001575,74.125.68.0-255,3602,119181,13,192439
3865,0.001577,172.31.36.0-255,66,119247,13,192439
3866,0.001683,74.125.68.0-255,5738,124985,13,192439
3867,0.001687,172.31.36.0-255,66,125051,13,192439
3868,0.001725,172.31.36.0-255,66,125117,13,192439
3869,0.002021,74.125.68.0-255,4320,129437,13,192439
3870,0.002025,172.31.36.0-255,66,129503,13,192439
3871,0.002056,74.125.68.0-255,3602,133105,13,192439
3872,0.002059,172.31.36.0-255,66,133171,13,192439
3873,0.002128,74.125.68.0-255,4320,137491,13,192439
3874,0.002131,172.31.36.0-255,66,137557,13,192439
3875,0.002182,172.31.36.0-255,66,137623,13,192439
3876,0.002573,172.31.36.0-255,66,137689,13,192439
3877,0.002619,172.31.36.0-255,66,137755,13,192439
3878,0.002998,74.125.68.0-255,2902,140657,13,192439
3879,0.003002,172.31.36.0-255,66,140723,13,192439
3880,0.00305,172.31.36.0-255,66,140789,13,192439
3881,0.003072,74.125.68.0-255,5020,145809,13,192439
3882,0.003075,172.31.36.0-255,66,145875,13,192439
3883,0.003475,74.125.68.0-255,7156,153031,13,192439
3884,0.003481,172.31.36.0-255,66,153097,13,192439
3885,0.003542,172.31.36.0-255,66,153163,13,192439
3886,0.005844,74.125.68.0-255,4320,157483,13,192439
3887,0.005851,172.31.36.0-255,66,157549,13,192439
3888,0.005876,74.125.68.0-255,1484,159033,13,192439
3889,0.008138,74.125.68.0-255,4320,163353,13,192439
3890,0.008142,172.31.36.0-255,66,163419,13,192439
3891,0.010447,74.125.68.0-255,5738,169157,13,192439
3892,0.010454,172.31.36.0-255,66,169223,13,192439
3893,0.012756,74.125.68.0-255,5738,174961,13,192439
3894,0.012765,172.31.36.0-255,66,175027,13,192439
3895,0.015054,74.125.68.0-255,5738,180765,13,192439
3896,0.015062,172.31.36.0-255,66,180831,13,192439
3897,0.017374,74.125.68.0-255,5738,186569,13,192439
3898,0.017384,172.31.36.0-255,66,186635,13,192439
3899,0.019733,74.125.68.0-255,5738,192373,13,192439
3900,0.019742,172.31.36.0-255,66,192439,13,192439
3901,0.0,172.217.194.0-255,146,146,13,306586
3902,2.8e-05,172.31.36.0-255,66,212,13,306586
3903,3.5e-05,172.217.194.0-255,1484,1696,13,306586
3904,3.9e-05,172.31.36.0-255,66,1762,13,306586
3905,4.4e-05,172.217.194.0-255,2902,4664,13,306586
3906,5.4e-05,172.31.36.0-255,66,4730,13,306586
3907,6.1e-05,172.217.194.0-255,5738,10468,13,306586
3908,6.3e-05,172.31.36.0-255,66,10534,13,306586
3909,7.2e-05,172.217.194.0-255,9129,19663,13,306586
3910,7.4e-05,172.31.36.0-255,66,19729,13,306586
3911,7.9e-05,172.217.194.0-255,4320,24049,13,306586
3912,8.2e-05,172.31.36.0-255,66,24115,13,306586
3913,0.000117,172.217.194.0-255,5738,29853,13,306586
3914,0.00012,172.31.36.0-255,66,29919,13,306586
3915,0.000127,172.217.194.0-255,8574,38493,13,306586
3916,0.00013,172.31.36.0-255,66,38559,13,306586
3917,0.000149,172.217.194.0-255,9274,47833,13,306586
3918,0.000156,172.31.36.0-255,66,47899,13,306586
3919,0.000161,172.217.194.0-255,4320,52219,13,306586
3920,0.000163,172.31.36.0-255,66,52285,13,306586
3921,0.000193,172.217.194.0-255,5738,58023,13,306586
3922,0.000196,172.31.36.0-255,66,58089,13,306586
3923,0.000199,172.217.194.0-255,1484,59573,13,306586
3924,0.000201,172.31.36.0-255,66,59639,13,306586
3925,0.000231,172.217.194.0-255,5632,65271,13,306586
3926,0.000234,172.31.36.0-255,66,65337,13,306586
3927,0.000257,172.217.194.0-255,5738,71075,13,306586
3928,0.00026,172.31.36.0-255,66,71141,13,306586
3929,0.000287,172.217.194.0-255,1532,72673,13,306586
3930,0.00029,172.31.36.0-255,66,72739,13,306586
3931,0.000297,172.217.194.0-255,5738,78477,13,306586
3932,0.0003,172.31.36.0-255,66,78543,13,306586
3933,0.000334,172.217.194.0-255,3961,82504,13,306586
3934,0.000337,172.31.36.0-255,66,82570,13,306586
3935,0.000364,172.217.194.0-255,4320,86890,13,306586
3936,0.000367,172.31.36.0-255,66,86956,13,306586
3937,0.000398,172.217.194.0-255,5738,92694,13,306586
3938,0.000401,172.31.36.0-255,66,92760,13,306586
3939,0.000435,172.217.194.0-255,7116,99876,13,306586
3940,0.000441,172.31.36.0-255,66,99942,13,306586
3941,0.0006,172.217.194.0-255,1484,101426,13,306586
3942,0.000607,172.217.194.0-255,2902,104328,13,306586
3943,0.00061,172.31.36.0-255,66,104394,13,306586
3944,0.00064,172.217.194.0-255,5738,110132,13,306586
3945,0.000643,172.31.36.0-255,66,110198,13,306586
3946,0.000649,172.217.194.0-255,5738,115936,13,306586
3947,0.000652,172.31.36.0-255,66,116002,13,306586
3948,0.000695,172.217.194.0-255,7156,123158,13,306586
3949,0.000698,172.31.36.0-255,66,123224,13,306586
3950,0.000708,172.217.194.0-255,10692,133916,13,306586
3951,0.000711,172.31.36.0-255,66,133982,13,306586
3952,0.000777,172.217.194.0-255,1484,135466,13,306586
3953,0.000781,172.217.194.0-255,1484,136950,13,306586
3954,0.000783,172.31.36.0-255,66,137016,13,306586
3955,0.000805,172.217.194.0-255,1484,138500,13,306586
3956,0.000811,172.217.194.0-255,4320,142820,13,306586
3957,0.000813,172.31.36.0-255,66,142886,13,306586
3958,0.000838,172.217.194.0-255,1484,144370,13,306586
3959,0.000844,172.217.194.0-255,5738,150108,13,306586
3960,0.000847,172.31.36.0-255,66,150174,13,306586
3961,0.000878,172.217.194.0-255,7156,157330,13,306586
3962,0.000881,172.31.36.0-255,66,157396,13,306586
3963,0.000886,172.217.194.0-255,2902,160298,13,306586
3964,0.000888,172.31.36.0-255,66,160364,13,306586
3965,0.00091,172.217.194.0-255,5738,166102,13,306586
3966,0.000917,172.31.36.0-255,66,166168,13,306586
3967,0.000934,172.217.194.0-255,2184,168352,13,306586
3968,0.000937,172.31.36.0-255,66,168418,13,306586
3969,0.000966,172.217.194.0-255,5738,174156,13,306586
3970,0.000969,172.31.36.0-255,66,174222,13,306586
3971,0.000997,172.217.194.0-255,2902,177124,13,306586
3972,0.001001,172.31.36.0-255,66,177190,13,306586
3973,0.00101,172.217.194.0-255,9992,187182,13,306586
3974,0.001013,172.31.36.0-255,66,187248,13,306586
3975,0.001024,172.217.194.0-255,5738,192986,13,306586
3976,0.001027,172.31.36.0-255,66,193052,13,306586
3977,0.001065,172.217.194.0-255,9274,202326,13,306586
3978,0.001069,172.31.36.0-255,66,202392,13,306586
3979,0.001072,172.217.194.0-255,1484,203876,13,306586
3980,0.001074,172.217.194.0-255,1484,205360,13,306586
3981,0.001078,172.31.36.0-255,66,205426,13,306586
3982,0.001104,172.217.194.0-255,1484,206910,13,306586
3983,0.001111,172.217.194.0-255,5738,212648,13,306586
3984,0.001114,172.31.36.0-255,66,212714,13,306586
3985,0.001117,172.217.194.0-255,1484,214198,13,306586
3986,0.001155,172.31.36.0-255,66,214264,13,306586
3987,0.001164,172.217.194.0-255,10692,224956,13,306586
3988,0.001167,172.31.36.0-255,66,225022,13,306586
3989,0.001195,172.217.194.0-255,1484,226506,13,306586
3990,0.001215,172.217.194.0-255,2902,229408,13,306586
3991,0.001218,172.31.36.0-255,66,229474,13,306586
3992,0.001222,172.217.194.0-255,2902,232376,13,306586
3993,0.001225,172.31.36.0-255,66,232442,13,306586
3994,0.001256,172.217.194.0-255,2902,235344,13,306586
3995,0.001265,172.31.36.0-255,66,235410,13,306586
3996,0.001285,172.31.36.0-255,66,235476,13,306586
3997,0.001295,172.217.194.0-255,10692,246168,13,306586
3998,0.001297,172.31.36.0-255,66,246234,13,306586
3999,0.001462,172.217.194.0-255,1484,247718,13,306586
4000,0.001468,172.217.194.0-255,2902,250620,13,306586
4001,0.001471,172.31.36.0-255,66,250686,13,306586
4002,0.001478,172.217.194.0-255,5738,256424,13,306586
4003,0.001482,172.31.36.0-255,66,256490,13,306586
4004,0.001482,172.217.194.0-255,4320,260810,13,306586
4005,0.001485,172.31.36.0-255,66,260876,13,306586
4006,0.001501,172.31.36.0-255,66,260942,13,306586
4007,0.001509,172.217.194.0-255,7856,268798,13,306586
4008,0.001518,172.217.194.0-255,8574,277372,13,306586
4009,0.001525,172.217.194.0-255,7156,284528,13,306586
4010,0.001569,172.31.36.0-255,66,284594,13,306586
4011,0.001572,172.31.36.0-255,66,284660,13,306586
4012,0.001573,172.31.36.0-255,66,284726,13,306586
4013,0.001606,172.31.36.0-255,66,284792,13,306586
4014,0.001609,172.217.194.0-255,766,285558,13,306586
4015,0.001612,172.217.194.0-255,1484,287042,13,306586
4016,0.001614,172.31.36.0-255,66,287108,13,306586
4017,0.001645,172.217.194.0-255,2902,290010,13,306586
4018,0.001648,172.31.36.0-255,66,290076,13,306586
4019,0.001654,172.217.194.0-255,5738,295814,13,306586
4020,0.001657,172.31.36.0-255,66,295880,13,306586
4021,0.001709,172.31.36.0-255,66,295946,13,306586
4022,0.001722,172.31.36.0-255,66,296012,13,306586
4023,0.001749,172.217.194.0-255,1484,297496,13,306586
4024,0.001753,172.217.194.0-255,2902,300398,13,306586
4025,0.001756,172.31.36.0-255,66,300464,13,306586
4026,0.001762,172.217.194.0-255,5617,306081,13,306586
4027,0.001764,172.31.36.0-255,66,306147,13,306586
4028,0.001767,172.217.194.0-255,97,306244,13,306586
4029,0.001818,172.217.194.0-255,105,306349,13,306586
4030,0.006916,172.31.36.0-255,66,306415,13,306586
4031,0.006941,172.31.36.0-255,105,306520,13,306586
4032,0.008964,172.217.194.0-255,66,306586,13,306586
4033,0.0,172.217.194.0-255,153,153,13,191072
4034,2.2e-05,172.31.36.0-255,66,219,13,191072
4035,2.9e-05,172.217.194.0-255,1484,1703,13,191072
4036,3.3e-05,172.31.36.0-255,66,1769,13,191072
4037,4.7e-05,172.217.194.0-255,2902,4671,13,191072
4038,5e-05,172.31.36.0-255,66,4737,13,191072
4039,5.8e-05,172.217.194.0-255,7156,11893,13,191072
4040,6.1e-05,172.31.36.0-255,66,11959,13,191072
4041,0.00011,172.31.36.0-255,66,12025,13,191072
4042,0.000151,172.217.194.0-255,6797,18822,13,191072
4043,0.000154,172.31.36.0-255,66,18888,13,191072
4044,0.000197,172.217.194.0-255,7156,26044,13,191072
4045,0.000207,172.31.36.0-255,66,26110,13,191072
4046,0.000239,172.217.194.0-255,2902,29012,13,191072
4047,0.000242,172.31.36.0-255,66,29078,13,191072
4048,0.000282,172.31.36.0-255,66,29144,13,191072
4049,0.000349,172.217.194.0-255,4320,33464,13,191072
4050,0.000353,172.31.36.0-255,66,33530,13,191072
4051,0.000382,172.217.194.0-255,5738,39268,13,191072
4052,0.000385,172.31.36.0-255,66,39334,13,191072
4053,0.000422,172.217.194.0-255,1704,41038,13,191072
4054,0.000425,172.31.36.0-255,66,41104,13,191072
4055,0.000444,172.31.36.0-255,66,41170,13,191072
4056,0.000456,172.217.194.0-255,1484,42654,13,191072
4057,0.000458,172.31.36.0-255,66,42720,13,191072
4058,0.000528,172.217.194.0-255,1484,44204,13,191072
4059,0.000531,172.31.36.0-255,66,44270,13,191072
4060,0.000575,172.217.194.0-255,9992,54262,13,191072
4061,0.000577,172.31.36.0-255,66,54328,13,191072
4062,0.000602,172.217.194.0-255,7308,61636,13,191072
4063,0.000606,172.31.36.0-255,66,61702,13,191072
4064,0.000659,172.217.194.0-255,5738,67440,13,191072
4065,0.000663,172.31.36.0-255,66,67506,13,191072
4066,0.000704,172.31.36.0-255,66,67572,13,191072
4067,0.000885,172.217.194.0-255,1484,69056,13,191072
4068,0.00089,172.217.194.0-255,1484,70540,13,191072
4069,0.000893,172.31.36.0-255,66,70606,13,191072
4070,0.000925,172.217.194.0-255,1484,72090,13,191072
4071,0.000932,172.217.194.0-255,5738,77828,13,191072
4072,0.000934,172.31.36.0-255,66,77894,13,191072
4073,0.000938,172.217.194.0-255,1484,79378,13,191072
4074,0.000974,172.31.36.0-255,66,79444,13,191072
4075,0.00104,172.217.194.0-255,5738,85182,13,191072
4076,0.001044,172.31.36.0-255,66,85248,13,191072
4077,0.001072,172.217.194.0-255,1484,86732,13,191072
4078,0.001092,172.217.194.0-255,3602,90334,13,191072
4079,0.001095,172.31.36.0-255,66,90400,13,191072
4080,0.001099,172.217.194.0-255,1484,91884,13,191072
4081,0.001135,172.31.36.0-255,66,91950,13,191072
4082,0.001203,172.217.194.0-255,8574,100524,13,191072
4083,0.001207,172.31.36.0-255,66,100590,13,191072
4084,0.00126,172.217.194.0-255,8574,109164,13,191072
4085,0.001264,172.31.36.0-255,66,109230,13,191072
4086,0.001288,172.217.194.0-255,2570,111800,13,191072
4087,0.001293,172.31.36.0-255,66,111866,13,191072
4088,0.001326,172.217.194.0-255,2902,114768,13,191072
4089,0.001331,172.31.36.0-255,66,114834,13,191072
4090,0.001367,172.31.36.0-255,66,114900,13,191072
4091,0.001476,172.217.194.0-255,7156,122056,13,191072
4092,0.00148,172.31.36.0-255,66,122122,13,191072
4093,0.001505,172.217.194.0-255,5020,127142,13,191072
4094,0.001509,172.31.36.0-255,66,127208,13,191072
4095,0.001571,172.217.194.0-255,9992,137200,13,191072
4096,0.001575,172.31.36.0-255,66,137266,13,191072
4097,0.001601,172.217.194.0-255,2902,140168,13,191072
4098,0.001604,172.31.36.0-255,66,140234,13,191072
4099,0.001649,172.217.194.0-255,5738,145972,13,191072
4100,0.001652,172.31.36.0-255,66,146038,13,191072
4101,0.001703,172.31.36.0-255,66,146104,13,191072
4102,0.001809,172.217.194.0-255,8574,154678,13,191072
4103,0.001813,172.31.36.0-255,66,154744,13,191072
4104,0.001841,172.217.194.0-255,2902,157646,13,191072
4105,0.001844,172.31.36.0-255,66,157712,13,191072
4106,0.001872,172.217.194.0-255,2902,160614,13,191072
4107,0.001874,172.31.36.0-255,66,160680,13,191072
4108,0.001927,172.31.36.0-255,66,160746,13,191072
4109,0.002125,172.31.36.0-255,66,160812,13,191072
4110,0.002142,172.217.194.0-255,4320,165132,13,191072
4111,0.002148,172.31.36.0-255,66,165198,13,191072
4112,0.002226,172.217.194.0-255,5020,170218,13,191072
4113,0.002231,172.31.36.0-255,66,170284,13,191072
4114,0.002259,172.217.194.0-255,5738,176022,13,191072
4115,0.002262,172.31.36.0-255,66,176088,13,191072
4116,0.002286,172.217.194.0-255,1484,177572,13,191072
4117,0.002316,172.217.194.0-255,7156,184728,13,191072
4118,0.00232,172.31.36.0-255,66,184794,13,191072
4119,0.002355,172.31.36.0-255,66,184860,13,191072
4120,0.002493,172.217.194.0-255,5738,190598,13,191072
4121,0.002497,172.31.36.0-255,66,190664,13,191072
4122,0.002544,172.31.36.0-255,66,190730,13,191072
4123,0.004789,172.217.194.0-255,105,190835,13,191072
4124,0.00956,172.31.36.0-255,66,190901,13,191072
4125,0.009599,172.31.36.0-255,105,191006,13,191072
4126,0.011863,172.217.194.0-255,66,191072,13,191072
4127,0.0,74.125.24.0-255,150,150,13,306066
4128,3.2e-05,172.31.36.0-255,66,216,13,306066
4129,3.9e-05,74.125.24.0-255,1484,1700,13,306066
4130,4.3e-05,172.31.36.0-255,66,1766,13,306066
4131,4.9e-05,74.125.24.0-255,2902,4668,13,306066
4132,6.2e-05,172.31.36.0-255,66,4734,13,306066
4133,6.9e-05,74.125.24.0-255,7156,11890,13,306066
4134,7.2e-05,172.31.36.0-255,66,11956,13,306066
4135,7.5e-05,74.125.24.0-255,1484,13440,13,306066
4136,7.7e-05,172.31.36.0-255,66,13506,13,306066
4137,0.000108,74.125.24.0-255,583,14089,13,306066
4138,0.000111,172.31.36.0-255,66,14155,13,306066
4139,0.000139,74.125.24.0-255,1484,15639,13,306066
4140,0.000142,172.31.36.0-255,66,15705,13,306066
4141,0.000147,74.125.24.0-255,2902,18607,13,306066
4142,0.00015,172.31.36.0-255,66,18673,13,306066
4143,0.000156,74.125.24.0-255,4320,22993,13,306066
4144,0.000158,172.31.36.0-255,66,23059,13,306066
4145,0.000191,74.125.24.0-255,1484,24543,13,306066
4146,0.000194,172.31.36.0-255,66,24609,13,306066
4147,0.0002,74.125.24.0-255,4320,28929,13,306066
4148,0.000203,172.31.36.0-255,66,28995,13,306066
4149,0.000227,74.125.24.0-255,2543,31538,13,306066
4150,0.00023,172.31.36.0-255,66,31604,13,306066
4151,0.000257,74.125.24.0-255,2902,34506,13,306066
4152,0.00026,172.31.36.0-255,66,34572,13,306066
4153,0.000292,74.125.24.0-255,7156,41728,13,306066
4154,0.000296,172.31.36.0-255,66,41794,13,306066
4155,0.000327,74.125.24.0-255,6797,48591,13,306066
4156,0.00033,172.31.36.0-255,66,48657,13,306066
4157,0.000552,74.125.24.0-255,1484,50141,13,306066
4158,0.000556,172.31.36.0-255,66,50207,13,306066
4159,0.000562,74.125.24.0-255,2902,53109,13,306066
4160,0.000564,172.31.36.0-255,66,53175,13,306066
4161,0.000577,74.125.24.0-255,5738,58913,13,306066
4162,0.00058,172.31.36.0-255,66,58979,13,306066
4163,0.000623,74.125.24.0-255,5738,64717,13,306066
4164,0.000626,172.31.36.0-255,66,64783,13,306066
4165,0.000643,74.125.24.0-255,1707,66490,13,306066
4166,0.000646,172.31.36.0-255,66,66556,13,306066
4167,0.000668,74.125.24.0-255,5738,72294,13,306066
4168,0.000671,172.31.36.0-255,66,72360,13,306066
4169,0.000698,74.125.24.0-255,2902,75262,13,306066
4170,0.000701,172.31.36.0-255,66,75328,13,306066
4171,0.000706,74.125.24.0-255,4320,79648,13,306066
4172,0.000708,172.31.36.0-255,66,79714,13,306066
4173,0.000777,74.125.24.0-255,8215,87929,13,306066
4174,0.000783,172.31.36.0-255,66,87995,13,306066
4175,0.000784,74.125.24.0-255,8574,96569,13,306066
4176,0.000786,172.31.36.0-255,66,96635,13,306066
4177,0.000789,74.125.24.0-255,3961,100596,13,306066
4178,0.000791,172.31.36.0-255,66,100662,13,306066
4179,0.000871,74.125.24.0-255,1484,102146,13,306066
4180,0.000878,74.125.24.0-255,2902,105048,13,306066
4181,0.000881,172.31.36.0-255,66,105114,13,306066
4182,0.000914,74.125.24.0-255,5738,110852,13,306066
4183,0.000918,172.31.36.0-255,66,110918,13,306066
4184,0.000939,74.125.24.0-255,6246,117164,13,306066
4185,0.000943,172.31.36.0-255,66,117230,13,306066
4186,0.001172,74.125.24.0-255,1484,118714,13,306066
4187,0.001178,74.125.24.0-255,2902,121616,13,306066
4188,0.001182,172.31.36.0-255,66,121682,13,306066
4189,0.001187,74.125.24.0-255,4320,126002,13,306066
4190,0.001189,172.31.36.0-255,66,126068,13,306066
4191,0.001211,74.125.24.0-255,1484,127552,13,306066
4192,0.001217,74.125.24.0-255,4320,131872,13,306066
4193,0.00122,172.31.36.0-255,66,131938,13,306066
4194,0.001259,74.125.24.0-255,8574,140512,13,306066
4195,0.001263,172.31.36.0-255,66,140578,13,306066
4196,0.001272,74.125.24.0-255,9992,150570,13,306066
4197,0.001275,172.31.36.0-255,66,150636,13,306066
4198,0.001285,74.125.24.0-255,766,151402,13,306066
4199,0.001288,74.125.24.0-255,1484,152886,13,306066
4200,0.00129,172.31.36.0-255,66,152952,13,306066
4201,0.001296,74.125.24.0-255,4320,157272,13,306066
4202,0.001298,172.31.36.0-255,66,157338,13,306066
4203,0.001334,74.125.24.0-255,9992,167330,13,306066
4204,0.001342,172.31.36.0-255,66,167396,13,306066
4205,0.001352,74.125.24.0-255,9992,177388,13,306066
4206,0.001356,172.31.36.0-255,66,177454,13,306066
4207,0.001384,74.125.24.0-255,4320,181774,13,306066
4208,0.001389,172.31.36.0-255,66,181840,13,306066
4209,0.001394,74.125.24.0-255,3602,185442,13,306066
4210,0.001396,172.31.36.0-255,66,185508,13,306066
4211,0.001428,74.125.24.0-255,4320,189828,13,306066
4212,0.001431,172.31.36.0-255,66,189894,13,306066
4213,0.001439,74.125.24.0-255,9992,199886,13,306066
4214,0.001447,172.31.36.0-255,66,199952,13,306066
4215,0.001485,172.31.36.0-255,66,200018,13,306066
4216,0.001486,74.125.24.0-255,5738,205756,13,306066
4217,0.001488,172.31.36.0-255,66,205822,13,306066
4218,0.00152,74.125.24.0-255,2184,208006,13,306066
4219,0.001527,172.31.36.0-255,66,208072,13,306066
4220,0.001537,74.125.24.0-255,8574,216646,13,306066
4221,0.00154,172.31.36.0-255,66,216712,13,306066
4222,0.001544,74.125.24.0-255,2902,219614,13,306066
4223,0.001546,172.31.36.0-255,66,219680,13,306066
4224,0.001582,74.125.24.0-255,5738,225418,13,306066
4225,0.001585,172.31.36.0-255,66,225484,13,306066
4226,0.001619,172.31.36.0-255,66,225550,13,306066
4227,0.001642,74.125.24.0-255,2184,227734,13,306066
4228,0.001646,172.31.36.0-255,66,227800,13,306066
4229,0.00167,74.125.24.0-255,1484,229284,13,306066
4230,0.001676,74.125.24.0-255,2902,232186,13,306066
4231,0.001679,172.31.36.0-255,66,232252,13,306066
4232,0.001686,74.125.24.0-255,5738,237990,13,306066
4233,0.001688,172.31.36.0-255,66,238056,13,306066
4234,0.001758,74.125.24.0-255,9992,248048,13,306066
4235,0.001762,172.31.36.0-255,66,248114,13,306066
4236,0.001781,172.31.36.0-255,66,248180,13,306066
4237,0.001804,74.125.24.0-255,1484,249664,13,306066
4238,0.001809,74.125.24.0-255,2902,252566,13,306066
4239,0.001812,172.31.36.0-255,66,252632,13,306066
4240,0.001831,74.125.24.0-255,5738,258370,13,306066
4241,0.001834,172.31.36.0-255,66,258436,13,306066
4242,0.001838,74.125.24.0-255,1484,259920,13,306066
4243,0.001867,172.31.36.0-255,66,259986,13,306066
4244,0.001874,74.125.24.0-255,7156,267142,13,306066
4245,0.001877,172.31.36.0-255,66,267208,13,306066
4246,0.001916,74.125.24.0-255,3602,270810,13,306066
4247,0.001919,172.31.36.0-255,66,270876,13,306066
4248,0.001953,74.125.24.0-255,1484,272360,13,306066
4249,0.001957,74.125.24.0-255,2902,275262,13,306066
4250,0.00196,172.31.36.0-255,66,275328,13,306066
4251,0.001967,74.125.24.0-255,5738,281066,13,306066
4252,0.001969,172.31.36.0-255,66,281132,13,306066
4253,0.002006,172.31.36.0-255,66,281198,13,306066
4254,0.002014,74.125.24.0-255,8574,289772,13,306066
4255,0.00202,172.31.36.0-255,66,289838,13,306066
4256,0.002059,74.125.24.0-255,2184,292022,13,306066
4257,0.002062,172.31.36.0-255,66,292088,13,306066
4258,0.002067,74.125.24.0-255,2902,294990,13,306066
4259,0.002069,172.31.36.0-255,66,295056,13,306066
4260,0.002074,74.125.24.0-255,2902,297958,13,306066
4261,0.002076,172.31.36.0-255,66,298024,13,306066
4262,0.002093,74.125.24.0-255,4320,302344,13,306066
4263,0.002096,172.31.36.0-255,66,302410,13,306066
4264,0.002105,74.125.24.0-255,2902,305312,13,306066
4265,0.002108,172.31.36.0-255,66,305378,13,306066
4266,0.002149,172.31.36.0-255,66,305444,13,306066
4267,0.002152,74.125.24.0-255,97,305541,13,306066
4268,0.002188,74.125.24.0-255,105,305646,13,306066
4269,0.009221,172.31.36.0-255,66,305712,13,306066
4270,0.00925,172.31.36.0-255,105,305817,13,306066
4271,0.01142,74.125.24.0-255,105,305922,13,306066
4272,0.011429,172.31.36.0-255,78,306000,13,306066
4273,0.011504,74.125.24.0-255,66,306066,13,306066
4274,0.0,74.125.68.0-255,153,153,13,198509
4275,2.4e-05,172.31.36.0-255,66,219,13,198509
4276,3.2e-05,74.125.68.0-255,1484,1703,13,198509
4277,3.6e-05,172.31.36.0-255,66,1769,13,198509
4278,5.2e-05,74.125.68.0-255,2902,4671,13,198509
4279,5.5e-05,172.31.36.0-255,66,4737,13,198509
4280,6.1e-05,74.125.68.0-255,4320,9057,13,198509
4281,6.4e-05,172.31.36.0-255,66,9123,13,198509
4282,9.7e-05,74.125.68.0-255,4814,13937,13,198509
4283,0.0001,172.31.36.0-255,66,14003,13,198509
4284,0.000139,74.125.68.0-255,2902,16905,13,198509
4285,0.000142,172.31.36.0-255,66,16971,13,198509
4286,0.00017,74.125.68.0-255,4320,21291,13,198509
4287,0.000173,172.31.36.0-255,66,21357,13,198509
4288,0.000216,74.125.68.0-255,8574,29931,13,198509
4289,0.000219,172.31.36.0-255,66,29997,13,198509
4290,0.000286,74.125.68.0-255,1125,31122,13,198509
4291,0.000289,172.31.36.0-255,66,31188,13,198509
4292,0.000449,74.125.68.0-255,1484,32672,13,198509
4293,0.000455,172.31.36.0-255,66,32738,13,198509
4294,0.000459,74.125.68.0-255,1484,34222,13,198509
4295,0.000461,172.31.36.0-255,66,34288,13,198509
4296,0.000487,74.125.68.0-255,1484,35772,13,198509
4297,0.00049,172.31.36.0-255,66,35838,13,198509
4298,0.000493,74.125.68.0-255,1484,37322,13,198509
4299,0.000496,172.31.36.0-255,66,37388,13,198509
4300,0.000501,74.125.68.0-255,2902,40290,13,198509
4301,0.000504,172.31.36.0-255,66,40356,13,198509
4302,0.000527,74.125.68.0-255,1484,41840,13,198509
4303,0.00053,172.31.36.0-255,66,41906,13,198509
4304,0.000555,74.125.68.0-255,4320,46226,13,198509
4305,0.000562,172.31.36.0-255,66,46292,13,198509
4306,0.000595,74.125.68.0-255,1484,47776,13,198509
4307,0.000612,74.125.68.0-255,5379,53155,13,198509
4308,0.000634,172.31.36.0-255,66,53221,13,198509
4309,0.000698,74.125.68.0-255,2902,56123,13,198509
4310,0.000718,74.125.68.0-255,9944,66067,13,198509
4311,0.000725,172.31.36.0-255,66,66133,13,198509
4312,0.000766,74.125.68.0-255,113,66246,13,198509
4313,0.000995,74.125.68.0-255,331,66577,13,198509
4314,0.00104,74.125.68.0-255,1484,68061,13,198509
4315,0.001057,172.31.36.0-255,66,68127,13,198509
4316,0.001062,74.125.68.0-255,2902,71029,13,198509
4317,0.001066,74.125.68.0-255,2902,73931,13,198509
4318,0.001085,74.125.68.0-255,2902,76833,13,198509
4319,0.001088,172.31.36.0-255,66,76899,13,198509
4320,0.001111,172.31.36.0-255,66,76965,13,198509
4321,0.001146,74.125.68.0-255,9992,86957,13,198509
4322,0.001159,172.31.36.0-255,66,87023,13,198509
4323,0.001243,74.125.68.0-255,9992,97015,13,198509
4324,0.001261,74.125.68.0-255,1484,98499,13,198509
4325,0.001266,172.31.36.0-255,66,98565,13,198509
4326,0.001357,74.125.68.0-255,2184,100749,13,198509
4327,0.001381,74.125.68.0-255,2902,103651,13,198509
4328,0.001387,172.31.36.0-255,66,103717,13,198509
4329,0.00141,74.125.68.0-255,1484,105201,13,198509
4330,0.001432,74.125.68.0-255,5738,110939,13,198509
4331,0.001438,172.31.36.0-255,66,111005,13,198509
4332,0.001491,74.125.68.0-255,1484,112489,13,198509
4333,0.001516,74.125.68.0-255,9992,122481,13,198509
4334,0.001522,172.31.36.0-255,66,122547,13,198509
4335,0.001612,74.125.68.0-255,5738,128285,13,198509
4336,0.001616,172.31.36.0-255,66,128351,13,198509
4337,0.001642,74.125.68.0-255,1484,129835,13,198509
4338,0.001694,74.125.68.0-255,2902,132737,13,198509
4339,0.001703,172.31.36.0-255,66,132803,13,198509
4340,0.001712,74.125.68.0-255,2184,134987,13,198509
4341,0.001717,172.31.36.0-255,66,135053,13,198509
4342,0.001743,74.125.68.0-255,5738,140791,13,198509
4343,0.00176,172.31.36.0-255,66,140857,13,198509
4344,0.001809,74.125.68.0-255,1484,142341,13,198509
4345,0.001858,172.31.36.0-255,66,142407,13,198509
4346,0.001949,74.125.68.0-255,5738,148145,13,198509
4347,0.001953,172.31.36.0-255,66,148211,13,198509
4348,0.001981,74.125.68.0-255,4320,152531,13,198509
4349,0.001996,172.31.36.0-255,66,152597,13,198509
4350,0.002058,74.125.68.0-255,2902,155499,13,198509
4351,0.002074,172.31.36.0-255,66,155565,13,198509
4352,0.002079,74.125.68.0-255,2184,157749,13,198509
4353,0.002084,172.31.36.0-255,66,157815,13,198509
4354,0.004271,74.125.68.0-255,5738,163553,13,198509
4355,0.004278,172.31.36.0-255,66,163619,13,198509
4356,0.006473,74.125.68.0-255,4320,167939,13,198509
4357,0.006491,74.125.68.0-255,1484,169423,13,198509
4358,0.008754,172.31.36.0-255,66,169489,13,198509
4359,0.010968,74.125.68.0-255,5738,175227,13,198509
4360,0.010981,172.31.36.0-255,66,175293,13,198509
4361,0.01318,74.125.68.0-255,5738,181031,13,198509
4362,0.013188,172.31.36.0-255,66,181097,13,198509
4363,0.0154,74.125.68.0-255,5738,186835,13,198509
4364,0.015408,172.31.36.0-255,66,186901,13,198509
4365,0.017626,74.125.68.0-255,5738,192639,13,198509
4366,0.017638,172.31.36.0-255,66,192705,13,198509
4367,0.019857,74.125.68.0-255,5738,198443,13,198509
4368,0.019866,172.31.36.0-255,66,198509,13,198509
4369,0.0,172.217.24.0-255,153,153,13,163846
4370,1.9e-05,172.31.36.0-255,66,219,13,163846
4371,2.6e-05,172.217.24.0-255,1484,1703,13,163846
4372,3.1e-05,172.31.36.0-255,66,1769,13,163846
4373,4.4e-05,172.217.24.0-255,2902,4671,13,163846
4374,4.8e-05,172.31.36.0-255,66,4737,13,163846
4375,5.6e-05,172.217.24.0-255,7156,11893,13,163846
4376,6e-05,172.31.36.0-255,66,11959,13,163846
4377,7.7e-05,172.217.24.0-255,2005,13964,13,163846
4378,8.5e-05,172.31.36.0-255,66,14030,13,163846
4379,0.00059,172.217.24.0-255,1484,15514,13,163846
4380,0.000597,172.31.36.0-255,66,15580,13,163846
4381,0.000607,172.217.24.0-255,2902,18482,13,163846
4382,0.000615,172.31.36.0-255,66,18548,13,163846
4383,0.000622,172.217.24.0-255,5738,24286,13,163846
4384,0.000625,172.31.36.0-255,66,24352,13,163846
4385,0.000633,172.217.24.0-255,6797,31149,13,163846
4386,0.000636,172.31.36.0-255,66,31215,13,163846
4387,0.000871,172.217.24.0-255,1484,32699,13,163846
4388,0.000877,172.31.36.0-255,66,32765,13,163846
4389,0.000883,172.217.24.0-255,2902,35667,13,163846
4390,0.000886,172.31.36.0-255,66,35733,13,163846
4391,0.000898,172.217.24.0-255,5738,41471,13,163846
4392,0.000901,172.31.36.0-255,66,41537,13,163846
4393,0.00094,172.217.24.0-255,4320,45857,13,163846
4394,0.000943,172.31.36.0-255,66,45923,13,163846
4395,0.000961,172.217.24.0-255,2543,48466,13,163846
4396,0.000965,172.31.36.0-255,66,48532,13,163846
4397,0.001193,172.217.24.0-255,1484,50016,13,163846
4398,0.0012,172.31.36.0-255,66,50082,13,163846
4399,0.001207,172.217.24.0-255,2902,52984,13,163846
4400,0.00121,172.31.36.0-255,66,53050,13,163846
4401,0.001223,172.217.24.0-255,5738,58788,13,163846
4402,0.001226,172.31.36.0-255,66,58854,13,163846
4403,0.001233,172.217.24.0-255,4320,63174,13,163846
4404,0.001236,172.31.36.0-255,66,63240,13,163846
4405,0.001276,172.217.24.0-255,2831,66071,13,163846
4406,0.00128,172.31.36.0-255,66,66137,13,163846
4407,0.001651,172.217.24.0-255,390,66527,13,163846
4408,0.001658,172.31.36.0-255,66,66593,13,163846
4409,0.001748,172.217.24.0-255,1484,68077,13,163846
4410,0.001751,172.31.36.0-255,66,68143,13,163846
4411,0.001756,172.217.24.0-255,2902,71045,13,163846
4412,0.001758,172.31.36.0-255,66,71111,13,163846
4413,0.001788,172.217.24.0-255,5738,76849,13,163846
4414,0.001791,172.31.36.0-255,66,76915,13,163846
4415,0.001799,172.217.24.0-255,6797,83712,13,163846
4416,0.001805,172.31.36.0-255,66,83778,13,163846
4417,0.001859,172.217.24.0-255,2902,86680,13,163846
4418,0.001862,172.31.36.0-255,66,86746,13,163846
4419,0.001867,172.217.24.0-255,4320,91066,13,163846
4420,0.00187,172.31.36.0-255,66,91132,13,163846
4421,0.001874,172.217.24.0-255,2902,94034,13,163846
4422,0.001882,172.31.36.0-255,66,94100,13,163846
4423,0.001905,172.217.24.0-255,5738,99838,13,163846
4424,0.001913,172.31.36.0-255,66,99904,13,163846
4425,0.001915,172.217.24.0-255,1125,101029,13,163846
4426,0.001944,172.217.24.0-255,1484,102513,13,163846
4427,0.001958,172.217.24.0-255,2902,105415,13,163846
4428,0.001962,172.217.24.0-255,1484,106899,13,163846
4429,0.00198,172.217.24.0-255,4320,111219,13,163846
4430,0.001987,172.217.24.0-255,6129,117348,13,163846
4431,0.004026,172.31.36.0-255,66,117414,13,163846
4432,0.006003,172.217.24.0-255,5738,123152,13,163846
4433,0.00601,172.31.36.0-255,66,123218,13,163846
4434,0.007982,172.217.24.0-255,5738,128956,13,163846
4435,0.007991,172.31.36.0-255,66,129022,13,163846
4436,0.009965,172.217.24.0-255,5738,134760,13,163846
4437,0.009974,172.31.36.0-255,66,134826,13,163846
4438,0.011957,172.217.24.0-255,5738,140564,13,163846
4439,0.011966,172.31.36.0-255,66,140630,13,163846
4440,0.013954,172.217.24.0-255,5738,146368,13,163846
4441,0.013961,172.31.36.0-255,66,146434,13,163846
4442,0.015946,172.217.24.0-255,5738,152172,13,163846
4443,0.015953,172.31.36.0-255,66,152238,13,163846
4444,0.017939,172.217.24.0-255,5738,157976,13,163846
4445,0.01795,172.31.36.0-255,66,158042,13,163846
4446,0.019934,172.217.24.0-255,5738,163780,13,163846
4447,0.019942,172.31.36.0-255,66,163846,13,163846
4448,0.0,74.125.68.0-255,374,374,13,73946
4449,2.4e-05,172.31.36.0-255,66,440,13,73946
4450,6.3e-05,74.125.68.0-255,1484,1924,13,73946
4451,6.7e-05,172.31.36.0-255,66,1990,13,73946
4452,9.1e-05,74.125.68.0-255,2902,4892,13,73946
4453,9.4e-05,172.31.36.0-255,66,4958,13,73946
4454,0.000187,74.125.68.0-255,1484,6442,13,73946
4455,0.000196,172.31.36.0-255,66,6508,13,73946
4456,0.000233,74.125.68.0-255,2902,9410,13,73946
4457,0.000237,172.31.36.0-255,66,9476,13,73946
4458,0.000348,74.125.68.0-255,6095,15571,13,73946
4459,0.000355,172.31.36.0-255,66,15637,13,73946
4460,0.000573,172.31.36.0-255,66,15703,13,73946
4461,0.000593,74.125.68.0-255,1484,17187,13,73946
4462,0.000595,172.31.36.0-255,66,17253,13,73946
4463,0.001055,74.125.68.0-255,1125,18378,13,73946
4464,0.001062,172.31.36.0-255,66,18444,13,73946
4465,0.001993,74.125.68.0-255,1650,20094,13,73946
4466,0.001999,172.31.36.0-255,66,20160,13,73946
4467,0.002547,74.125.68.0-255,1484,21644,13,73946
4468,0.002553,172.31.36.0-255,66,21710,13,73946
4469,0.003025,74.125.68.0-255,1484,23194,13,73946
4470,0.003028,172.31.36.0-255,66,23260,13,73946
4471,0.003972,74.125.68.0-255,2902,26162,13,73946
4472,0.003979,172.31.36.0-255,66,26228,13,73946
4473,0.004506,74.125.68.0-255,1484,27712,13,73946
4474,0.00451,172.31.36.0-255,66,27778,13,73946
4475,0.004986,74.125.68.0-255,1484,29262,13,73946
4476,0.004988,172.31.36.0-255,66,29328,13,73946
4477,0.005949,74.125.68.0-255,2902,32230,13,73946
4478,0.005952,172.31.36.0-255,66,32296,13,73946
4479,0.006471,74.125.68.0-255,1318,33614,13,73946
4480,0.006475,172.31.36.0-255,66,33680,13,73946
4481,0.006951,74.125.68.0-255,1484,35164,13,73946
4482,0.006956,172.31.36.0-255,66,35230,13,73946
4483,0.007936,74.125.68.0-255,2902,38132,13,73946
4484,0.007942,172.31.36.0-255,66,38198,13,73946
4485,0.008935,74.125.68.0-255,2902,41100,13,73946
4486,0.008941,172.31.36.0-255,66,41166,13,73946
4487,0.009908,74.125.68.0-255,2902,44068,13,73946
4488,0.009917,172.31.36.0-255,66,44134,13,73946
4489,0.010913,74.125.68.0-255,2902,47036,13,73946
4490,0.010921,172.31.36.0-255,66,47102,13,73946
4491,0.011889,74.125.68.0-255,1484,48586,13,73946
4492,0.011896,172.31.36.0-255,66,48652,13,73946
4493,0.011916,74.125.68.0-255,1484,50136,13,73946
4494,0.011919,172.31.36.0-255,66,50202,13,73946
4495,0.012896,74.125.68.0-255,2902,53104,13,73946
4496,0.012903,172.31.36.0-255,66,53170,13,73946
4497,0.013887,74.125.68.0-255,2902,56072,13,73946
4498,0.013893,172.31.36.0-255,66,56138,13,73946
4499,0.014866,74.125.68.0-255,2902,59040,13,73946
4500,0.014872,172.31.36.0-255,66,59106,13,73946
4501,0.015862,74.125.68.0-255,2902,62008,13,73946
4502,0.015869,172.31.36.0-255,66,62074,13,73946
4503,0.016837,74.125.68.0-255,2902,64976,13,73946
4504,0.016844,172.31.36.0-255,66,65042,13,73946
4505,0.017848,74.125.68.0-255,2902,67944,13,73946
4506,0.017855,172.31.36.0-255,66,68010,13,73946
4507,0.01881,74.125.68.0-255,2902,70912,13,73946
4508,0.018817,172.31.36.0-255,66,70978,13,73946
4509,0.01983,74.125.68.0-255,2902,73880,13,73946
4510,0.019838,172.31.36.0-255,66,73946,13,73946
4511,0.0,172.31.36.0-255,66,66,13,66
4512,0.0,172.217.27.0-255,146,146,13,142277
4513,3.1e-05,172.31.36.0-255,66,212,13,142277
4514,3.7e-05,172.217.27.0-255,1484,1696,13,142277
4515,4.1e-05,172.31.36.0-255,66,1762,13,142277
4516,4.5e-05,172.217.27.0-255,2902,4664,13,142277
4517,4.7e-05,172.31.36.0-255,66,4730,13,142277
4518,5.8e-05,172.217.27.0-255,4320,9050,13,142277
4519,6.1e-05,172.31.36.0-255,66,9116,13,142277
4520,0.00011,172.217.27.0-255,4855,13971,13,142277
4521,0.000113,172.31.36.0-255,66,14037,13,142277
4522,0.00047,172.217.27.0-255,1484,15521,13,142277
4523,0.000475,172.31.36.0-255,66,15587,13,142277
4524,0.00048,172.217.27.0-255,2902,18489,13,142277
4525,0.000482,172.31.36.0-255,66,18555,13,142277
4526,0.000511,172.217.27.0-255,2902,21457,13,142277
4527,0.000515,172.31.36.0-255,66,21523,13,142277
4528,0.000547,172.217.27.0-255,2902,24425,13,142277
4529,0.00055,172.31.36.0-255,66,24491,13,142277
4530,0.000574,172.217.27.0-255,1484,25975,13,142277
4531,0.000577,172.31.36.0-255,66,26041,13,142277
4532,0.00061,172.217.27.0-255,9633,35674,13,142277
4533,0.000613,172.31.36.0-255,66,35740,13,142277
4534,0.000719,172.217.27.0-255,4320,40060,13,142277
4535,0.000722,172.31.36.0-255,66,40126,13,142277
4536,0.000752,172.217.27.0-255,5738,45864,13,142277
4537,0.000754,172.31.36.0-255,66,45930,13,142277
4538,0.000841,172.217.27.0-255,7156,53086,13,142277
4539,0.000845,172.31.36.0-255,66,53152,13,142277
4540,0.000888,172.31.36.0-255,66,53218,13,142277
4541,0.001043,172.217.27.0-255,393,53611,13,142277
4542,0.001047,172.31.36.0-255,66,53677,13,142277
4543,0.001273,172.217.27.0-255,114,53791,13,142277
4544,0.001595,172.217.27.0-255,1484,55275,13,142277
4545,0.001601,172.31.36.0-255,66,55341,13,142277
4546,0.001607,172.217.27.0-255,2902,58243,13,142277
4547,0.001609,172.31.36.0-255,66,58309,13,142277
4548,0.001643,172.217.27.0-255,2902,61211,13,142277
4549,0.001645,172.31.36.0-255,66,61277,13,142277
4550,0.001669,172.217.27.0-255,2902,64179,13,142277
4551,0.001671,172.31.36.0-255,66,64245,13,142277
4552,0.001701,172.217.27.0-255,4320,68565,13,142277
4553,0.001703,172.31.36.0-255,66,68631,13,142277
4554,0.001735,172.217.27.0-255,8574,77205,13,142277
4555,0.001738,172.31.36.0-255,66,77271,13,142277
4556,0.001855,172.217.27.0-255,2902,80173,13,142277
4557,0.001858,172.31.36.0-255,66,80239,13,142277
4558,0.001887,172.217.27.0-255,7156,87395,13,142277
4559,0.001889,172.31.36.0-255,66,87461,13,142277
4560,0.00196,172.217.27.0-255,766,88227,13,142277
4561,0.003558,172.217.27.0-255,4320,92547,13,142277
4562,0.003561,172.31.36.0-255,66,92613,13,142277
4563,0.005219,172.217.27.0-255,2902,95515,13,142277
4564,0.005221,172.31.36.0-255,66,95581,13,142277
4565,0.005244,172.217.27.0-255,2902,98483,13,142277
4566,0.005246,172.31.36.0-255,66,98549,13,142277
4567,0.006926,172.217.27.0-255,4320,102869,13,142277
4568,0.006932,172.31.36.0-255,66,102935,13,142277
4569,0.006955,172.217.27.0-255,1484,104419,13,142277
4570,0.008607,172.217.27.0-255,2902,107321,13,142277
4571,0.008614,172.31.36.0-255,66,107387,13,142277
4572,0.008667,172.217.27.0-255,1484,108871,13,142277
4573,0.010303,172.217.27.0-255,4320,113191,13,142277
4574,0.010309,172.31.36.0-255,66,113257,13,142277
4575,0.011982,172.217.27.0-255,5738,118995,13,142277
4576,0.011989,172.31.36.0-255,66,119061,13,142277
4577,0.013665,172.217.27.0-255,5738,124799,13,142277
4578,0.013673,172.31.36.0-255,66,124865,13,142277
4579,0.015354,172.217.27.0-255,5738,130603,13,142277
4580,0.015361,172.31.36.0-255,66,130669,13,142277
4581,0.017042,172.217.27.0-255,5738,136407,13,142277
4582,0.017048,172.31.36.0-255,66,136473,13,142277
4583,0.01873,172.217.27.0-255,5738,142211,13,142277
4584,0.018737,172.31.36.0-255,66,142277,13,142277
4585,0.0,172.253.118.0-255,153,153,13,227278
4586,2.4e-05,172.31.36.0-255,66,219,13,227278
4587,2.9e-05,172.253.118.0-255,1484,1703,13,227278
4588,3.3e-05,172.31.36.0-255,66,1769,13,227278
4589,4.4e-05,172.253.118.0-255,2902,4671,13,227278
4590,4.6e-05,172.31.36.0-255,66,4737,13,227278
4591,4.9e-05,172.253.118.0-255,1484,6221,13,227278
4592,5.1e-05,172.31.36.0-255,66,6287,13,227278
4593,8.2e-05,172.253.118.0-255,5738,12025,13,227278
4594,8.5e-05,172.31.36.0-255,66,12091,13,227278
4595,9e-05,172.253.118.0-255,2074,14165,13,227278
4596,9.1e-05,172.31.36.0-255,66,14231,13,227278
4597,0.000122,172.253.118.0-255,2902,17133,13,227278
4598,0.000125,172.31.36.0-255,66,17199,13,227278
4599,0.000128,172.253.118.0-255,1484,18683,13,227278
4600,0.00013,172.31.36.0-255,66,18749,13,227278
4601,0.000156,172.253.118.0-255,5738,24487,13,227278
4602,0.000158,172.31.36.0-255,66,24553,13,227278
4603,0.00019,172.253.118.0-255,4320,28873,13,227278
4604,0.000193,172.31.36.0-255,66,28939,13,227278
4605,0.00023,172.253.118.0-255,8574,37513,13,227278
4606,0.000234,172.31.36.0-255,66,37579,13,227278
4607,0.000239,172.253.118.0-255,2902,40481,13,227278
4608,0.000241,172.31.36.0-255,66,40547,13,227278
4609,0.00027,172.253.118.0-255,7856,48403,13,227278
4610,0.000273,172.31.36.0-255,66,48469,13,227278
4611,0.000362,172.253.118.0-255,1484,49953,13,227278
4612,0.000366,172.31.36.0-255,66,50019,13,227278
4613,0.000392,172.253.118.0-255,2902,52921,13,227278
4614,0.000396,172.31.36.0-255,66,52987,13,227278
4615,0.000402,172.253.118.0-255,5738,58725,13,227278
4616,0.000408,172.31.36.0-255,66,58791,13,227278
4617,0.000442,172.253.118.0-255,7379,66170,13,227278
4618,0.000446,172.31.36.0-255,66,66236,13,227278
4619,0.000524,172.253.118.0-255,1484,67720,13,227278
4620,0.00053,172.253.118.0-255,2902,70622,13,227278
4621,0.000535,172.31.36.0-255,66,70688,13,227278
4622,0.000542,172.253.118.0-255,1484,72172,13,227278
4623,0.00057,172.253.118.0-255,4320,76492,13,227278
4624,0.000573,172.31.36.0-255,66,76558,13,227278
4625,0.000611,172.31.36.0-255,66,76624,13,227278
4626,0.000646,172.253.118.0-255,8574,85198,13,227278
4627,0.000649,172.31.36.0-255,66,85264,13,227278
4628,0.000673,172.253.118.0-255,2184,87448,13,227278
4629,0.000676,172.31.36.0-255,66,87514,13,227278
4630,0.000871,172.253.118.0-255,1484,88998,13,227278
4631,0.000876,172.253.118.0-255,1484,90482,13,227278
4632,0.000879,172.31.36.0-255,66,90548,13,227278
4633,0.000894,172.253.118.0-255,1484,92032,13,227278
4634,0.000907,172.253.118.0-255,5738,97770,13,227278
4635,0.00091,172.31.36.0-255,66,97836,13,227278
4636,0.000933,172.253.118.0-255,1484,99320,13,227278
4637,0.000958,172.31.36.0-255,66,99386,13,227278
4638,0.000995,172.253.118.0-255,7156,106542,13,227278
4639,0.000998,172.31.36.0-255,66,106608,13,227278
4640,0.001022,172.253.118.0-255,3602,110210,13,227278
4641,0.001026,172.31.36.0-255,66,110276,13,227278
4642,0.001073,172.253.118.0-255,1484,111760,13,227278
4643,0.001089,172.253.118.0-255,2902,114662,13,227278
4644,0.001093,172.31.36.0-255,66,114728,13,227278
4645,0.001124,172.253.118.0-255,5738,120466,13,227278
4646,0.001127,172.31.36.0-255,66,120532,13,227278
4647,0.001159,172.31.36.0-255,66,120598,13,227278
4648,0.001202,172.31.36.0-255,66,120664,13,227278
4649,0.001273,172.253.118.0-255,1484,122148,13,227278
4650,0.001288,172.253.118.0-255,2902,125050,13,227278
4651,0.001291,172.31.36.0-255,66,125116,13,227278
4652,0.001321,172.253.118.0-255,5738,130854,13,227278
4653,0.001324,172.31.36.0-255,66,130920,13,227278
4654,0.00134,172.31.36.0-255,66,130986,13,227278
4655,0.001355,172.253.118.0-255,10692,141678,13,227278
4656,0.001358,172.31.36.0-255,66,141744,13,227278
4657,0.001428,172.253.118.0-255,1484,143228,13,227278
4658,0.001447,172.253.118.0-255,2902,146130,13,227278
4659,0.00145,172.31.36.0-255,66,146196,13,227278
4660,0.001457,172.253.118.0-255,5738,151934,13,227278
4661,0.001459,172.31.36.0-255,66,152000,13,227278
4662,0.001502,172.31.36.0-255,66,152066,13,227278
4663,0.001512,172.253.118.0-255,10692,162758,13,227278
4664,0.001514,172.31.36.0-255,66,162824,13,227278
4665,0.001662,172.253.118.0-255,1484,164308,13,227278
4666,0.001676,172.253.118.0-255,2902,167210,13,227278
4667,0.001679,172.31.36.0-255,66,167276,13,227278
4668,0.00171,172.253.118.0-255,5738,173014,13,227278
4669,0.001713,172.31.36.0-255,66,173080,13,227278
4670,0.00172,172.253.118.0-255,7156,180236,13,227278
4671,0.001723,172.31.36.0-255,66,180302,13,227278
4672,0.001749,172.253.118.0-255,7156,187458,13,227278
4673,0.001752,172.31.36.0-255,66,187524,13,227278
4674,0.001783,172.253.118.0-255,7156,194680,13,227278
4675,0.001787,172.31.36.0-255,66,194746,13,227278
4676,0.001791,172.253.118.0-255,2184,196930,13,227278
4677,0.001793,172.31.36.0-255,66,196996,13,227278
4678,0.001841,172.253.118.0-255,1484,198480,13,227278
4679,0.001845,172.253.118.0-255,1484,199964,13,227278
4680,0.001848,172.31.36.0-255,66,200030,13,227278
4681,0.001881,172.253.118.0-255,1484,201514,13,227278
4682,0.001888,172.253.118.0-255,5738,207252,13,227278
4683,0.001891,172.31.36.0-255,66,207318,13,227278
4684,0.001906,172.31.36.0-255,66,207384,13,227278
4685,0.001913,172.253.118.0-255,7156,214540,13,227278
4686,0.001917,172.31.36.0-255,66,214606,13,227278
4687,0.001995,172.31.36.0-255,66,214672,13,227278
4688,0.002001,172.253.118.0-255,4320,218992,13,227278
4689,0.002003,172.31.36.0-255,66,219058,13,227278
4690,0.002057,172.31.36.0-255,66,219124,13,227278
4691,0.002079,172.31.36.0-255,66,219190,13,227278
4692,0.002084,172.253.118.0-255,3602,222792,13,227278
4693,0.002087,172.31.36.0-255,66,222858,13,227278
4694,0.002092,172.253.118.0-255,4012,226870,13,227278
4695,0.002095,172.31.36.0-255,66,226936,13,227278
4696,0.004136,172.253.118.0-255,105,227041,13,227278
4697,0.01434,172.31.36.0-255,66,227107,13,227278
4698,0.014372,172.31.36.0-255,105,227212,13,227278
4699,0.016414,172.253.118.0-255,66,227278,13,227278
4700,0.0,172.217.194.0-255,153,153,13,265223
4701,1.7e-05,172.31.36.0-255,66,219,13,265223
4702,2.4e-05,172.217.194.0-255,1484,1703,13,265223
4703,2.8e-05,172.31.36.0-255,66,1769,13,265223
4704,3.3e-05,172.217.194.0-255,2902,4671,13,265223
4705,3.5e-05,172.31.36.0-255,66,4737,13,265223
4706,4.2e-05,172.217.194.0-255,7156,11893,13,265223
4707,4.5e-05,172.31.36.0-255,66,11959,13,265223
4708,8e-05,172.31.36.0-255,66,12025,13,265223
4709,0.000101,172.217.194.0-255,4928,16953,13,265223
4710,0.000104,172.31.36.0-255,66,17019,13,265223
4711,0.000109,172.217.194.0-255,2543,19562,13,265223
4712,0.000111,172.31.36.0-255,66,19628,13,265223
4713,0.000133,172.217.194.0-255,5738,25366,13,265223
4714,0.000136,172.31.36.0-255,66,25432,13,265223
4715,0.000142,172.217.194.0-255,5738,31170,13,265223
4716,0.000144,172.31.36.0-255,66,31236,13,265223
4717,0.000165,172.217.194.0-255,1484,32720,13,265223
4718,0.000167,172.31.36.0-255,66,32786,13,265223
4719,0.000189,172.217.194.0-255,3961,36747,13,265223
4720,0.000191,172.31.36.0-255,66,36813,13,265223
4721,0.000331,172.217.194.0-255,1484,38297,13,265223
4722,0.000337,172.31.36.0-255,66,38363,13,265223
4723,0.000359,172.217.194.0-255,2902,41265,13,265223
4724,0.000363,172.31.36.0-255,66,41331,13,265223
4725,0.000365,172.217.194.0-255,5738,47069,13,265223
4726,0.000367,172.31.36.0-255,66,47135,13,265223
4727,0.000384,172.217.194.0-255,2902,50037,13,265223
4728,0.000387,172.31.36.0-255,66,50103,13,265223
4729,0.000406,172.217.194.0-255,4253,54356,13,265223
4730,0.000409,172.31.36.0-255,66,54422,13,265223
4731,0.00098,172.217.194.0-255,385,54807,13,265223
4732,0.001078,172.217.194.0-255,1484,56291,13,265223
4733,0.001083,172.31.36.0-255,66,56357,13,265223
4734,0.001089,172.217.194.0-255,2902,59259,13,265223
4735,0.001091,172.31.36.0-255,66,59325,13,265223
4736,0.001099,172.217.194.0-255,5738,65063,13,265223
4737,0.001101,172.31.36.0-255,66,65129,13,265223
4738,0.001106,172.217.194.0-255,4320,69449,13,265223
4739,0.001108,172.31.36.0-255,66,69515,13,265223
4740,0.001127,172.217.194.0-255,1484,70999,13,265223
4741,0.00113,172.217.194.0-255,576,71575,13,265223
4742,0.001132,172.31.36.0-255,66,71641,13,265223
4743,0.001296,172.217.194.0-255,1484,73125,13,265223
4744,0.001302,172.217.194.0-255,2902,76027,13,265223
4745,0.001306,172.31.36.0-255,66,76093,13,265223
4746,0.001323,172.217.194.0-255,5738,81831,13,265223
4747,0.001326,172.31.36.0-255,66,81897,13,265223
4748,0.00133,172.217.194.0-255,1484,83381,13,265223
4749,0.00136,172.31.36.0-255,66,83447,13,265223
4750,0.001366,172.217.194.0-255,4320,87767,13,265223
4751,0.001368,172.31.36.0-255,66,87833,13,265223
4752,0.001386,172.217.194.0-255,6438,94271,13,265223
4753,0.001389,172.31.36.0-255,66,94337,13,265223
4754,0.001599,172.217.194.0-255,1484,95821,13,265223
4755,0.001603,172.217.194.0-255,1484,97305,13,265223
4756,0.001606,172.31.36.0-255,66,97371,13,265223
4757,0.001625,172.217.194.0-255,1484,98855,13,265223
4758,0.001632,172.217.194.0-255,5738,104593,13,265223
4759,0.001636,172.31.36.0-255,66,104659,13,265223
4760,0.001667,172.217.194.0-255,9992,114651,13,265223
4761,0.00167,172.31.36.0-255,66,114717,13,265223
4762,0.001679,172.217.194.0-255,8574,123291,13,265223
4763,0.001681,172.31.36.0-255,66,123357,13,265223
4764,0.001701,172.217.194.0-255,5020,128377,13,265223
4765,0.001705,172.31.36.0-255,66,128443,13,265223
4766,0.001896,172.217.194.0-255,1484,129927,13,265223
4767,0.001902,172.217.194.0-255,2902,132829,13,265223
4768,0.001906,172.31.36.0-255,66,132895,13,265223
4769,0.001919,172.217.194.0-255,5738,138633,13,265223
4770,0.001922,172.31.36.0-255,66,138699,13,265223
4771,0.001928,172.217.194.0-255,5738,144437,13,265223
4772,0.001931,172.31.36.0-255,66,144503,13,265223
4773,0.001952,172.217.194.0-255,1484,145987,13,265223
4774,0.001965,172.217.194.0-255,1484,147471,13,265223
4775,0.001967,172.31.36.0-255,66,147537,13,265223
4776,0.001998,172.31.36.0-255,66,147603,13,265223
4777,0.002003,172.217.194.0-255,2184,149787,13,265223
4778,0.002005,172.31.36.0-255,66,149853,13,265223
4779,0.002031,172.217.194.0-255,2902,152755,13,265223
4780,0.002035,172.31.36.0-255,66,152821,13,265223
4781,0.002046,172.217.194.0-255,5738,158559,13,265223
4782,0.00205,172.31.36.0-255,66,158625,13,265223
4783,0.002067,172.217.194.0-255,2902,161527,13,265223
4784,0.002074,172.31.36.0-255,66,161593,13,265223
4785,0.002078,172.31.36.0-255,66,161659,13,265223
4786,0.002108,172.217.194.0-255,7156,168815,13,265223
4787,0.002112,172.31.36.0-255,66,168881,13,265223
4788,0.002127,172.217.194.0-255,2184,171065,13,265223
4789,0.002129,172.31.36.0-255,66,171131,13,265223
4790,0.002203,172.217.194.0-255,1484,172615,13,265223
4791,0.002207,172.217.194.0-255,1484,174099,13,265223
4792,0.00221,172.31.36.0-255,66,174165,13,265223
4793,0.002221,172.217.194.0-255,1484,175649,13,265223
4794,0.002238,172.217.194.0-255,5738,181387,13,265223
4795,0.002241,172.31.36.0-255,66,181453,13,265223
4796,0.002248,172.217.194.0-255,7156,188609,13,265223
4797,0.002251,172.31.36.0-255,66,188675,13,265223
4798,0.002256,172.217.194.0-255,2902,191577,13,265223
4799,0.002258,172.31.36.0-255,66,191643,13,265223
4800,0.002288,172.217.194.0-255,5738,197381,13,265223
4801,0.002292,172.31.36.0-255,66,197447,13,265223
4802,0.002296,172.217.194.0-255,4320,201767,13,265223
4803,0.002299,172.31.36.0-255,66,201833,13,265223
4804,0.002324,172.217.194.0-255,3602,205435,13,265223
4805,0.002327,172.31.36.0-255,66,205501,13,265223
4806,0.002373,172.217.194.0-255,1484,206985,13,265223
4807,0.0024,172.217.194.0-255,1484,208469,13,265223
4808,0.002403,172.31.36.0-255,66,208535,13,265223
4809,0.002407,172.217.194.0-255,1484,210019,13,265223
4810,0.002421,172.217.194.0-255,1484,211503,13,265223
4811,0.002424,172.31.36.0-255,66,211569,13,265223
4812,0.00243,172.217.194.0-255,5738,217307,13,265223
4813,0.002432,172.31.36.0-255,66,217373,13,265223
4814,0.002438,172.217.194.0-255,7156,224529,13,265223
4815,0.002441,172.31.36.0-255,66,224595,13,265223
4816,0.004883,172.217.194.0-255,5738,230333,13,265223
4817,0.00489,172.31.36.0-255,66,230399,13,265223
4818,0.007275,172.217.194.0-255,5738,236137,13,265223
4819,0.007278,172.31.36.0-255,66,236203,13,265223
4820,0.009684,172.217.194.0-255,5738,241941,13,265223
4821,0.009692,172.31.36.0-255,66,242007,13,265223
4822,0.012094,172.217.194.0-255,5738,247745,13,265223
4823,0.012101,172.31.36.0-255,66,247811,13,265223
4824,0.014529,172.217.194.0-255,5738,253549,13,265223
4825,0.014543,172.31.36.0-255,66,253615,13,265223
4826,0.016951,172.217.194.0-255,5738,259353,13,265223
4827,0.016962,172.31.36.0-255,66,259419,13,265223
4828,0.019362,172.217.194.0-255,5738,265157,13,265223
4829,0.019369,172.31.36.0-255,66,265223,13,265223
4830,0.0,74.125.24.0-255,152,152,13,95284
4831,2.4e-05,172.31.36.0-255,66,218,13,95284
4832,3.1e-05,74.125.24.0-255,1484,1702,13,95284
4833,3.6e-05,172.31.36.0-255,66,1768,13,95284
4834,4.1e-05,74.125.24.0-255,2902,4670,13,95284
4835,4.3e-05,172.31.36.0-255,66,4736,13,95284
4836,0.000106,74.125.24.0-255,7156,11892,13,95284
4837,0.00011,172.31.36.0-255,66,11958,13,95284
4838,0.00029,74.125.24.0-255,2146,14104,13,95284
4839,0.000295,172.31.36.0-255,66,14170,13,95284
4840,0.00035,74.125.24.0-255,5738,19908,13,95284
4841,0.000354,172.31.36.0-255,66,19974,13,95284
4842,0.000371,74.125.24.0-255,1484,21458,13,95284
4843,0.000373,172.31.36.0-255,66,21524,13,95284
4844,0.000537,74.125.24.0-255,4320,25844,13,95284
4845,0.000543,172.31.36.0-255,66,25910,13,95284
4846,0.00058,172.31.36.0-255,66,25976,13,95284
4847,0.001084,74.125.24.0-255,6438,32414,13,95284
4848,0.00109,172.31.36.0-255,66,32480,13,95284
4849,0.001252,74.125.24.0-255,4320,36800,13,95284
4850,0.001257,172.31.36.0-255,66,36866,13,95284
4851,0.001302,172.31.36.0-255,66,36932,13,95284
4852,0.001325,74.125.24.0-255,5051,41983,13,95284
4853,0.001327,172.31.36.0-255,66,42049,13,95284
4854,0.002245,172.31.36.0-255,66,42115,13,95284
4855,0.002281,172.31.36.0-255,66,42181,13,95284
4856,0.003055,74.125.24.0-255,4320,46501,13,95284
4857,0.003059,172.31.36.0-255,66,46567,13,95284
4858,0.003111,74.125.24.0-255,10692,57259,13,95284
4859,0.003947,74.125.24.0-255,2902,60161,13,95284
4860,0.004306,172.31.36.0-255,66,60227,13,95284
4861,0.004808,172.31.36.0-255,101,60328,13,95284
4862,0.006568,74.125.24.0-255,1484,61812,13,95284
4863,0.006588,74.125.24.0-255,4320,66132,13,95284
4864,0.006593,172.31.36.0-255,66,66198,13,95284
4865,0.007024,74.125.24.0-255,66,66264,13,95284
4866,0.008885,74.125.24.0-255,5738,72002,13,95284
4867,0.008892,172.31.36.0-255,66,72068,13,95284
4868,0.011178,74.125.24.0-255,5738,77806,13,95284
4869,0.011186,172.31.36.0-255,66,77872,13,95284
4870,0.013465,74.125.24.0-255,5738,83610,13,95284
4871,0.013474,172.31.36.0-255,66,83676,13,95284
4872,0.015731,74.125.24.0-255,5738,89414,13,95284
4873,0.015737,172.31.36.0-255,66,89480,13,95284
4874,0.018014,74.125.24.0-255,5738,95218,13,95284
4875,0.018022,172.31.36.0-255,66,95284,13,95284
4876,0.0,74.125.24.0-255,146,146,13,261747
4877,2.9e-05,172.31.36.0-255,66,212,13,261747
4878,3.5e-05,74.125.24.0-255,1484,1696,13,261747
4879,3.9e-05,172.31.36.0-255,66,1762,13,261747
4880,4.4e-05,74.125.24.0-255,2902,4664,13,261747
4881,4.7e-05,172.31.36.0-255,66,4730,13,261747
4882,5.2e-05,74.125.24.0-255,2902,7632,13,261747
4883,5.5e-05,172.31.36.0-255,66,7698,13,261747
4884,7.1e-05,74.125.24.0-255,4320,12018,13,261747
4885,7.4e-05,172.31.36.0-255,66,12084,13,261747
4886,0.000106,74.125.24.0-255,2012,14096,13,261747
4887,0.00011,172.31.36.0-255,66,14162,13,261747
4888,0.000135,74.125.24.0-255,9992,24154,13,261747
4889,0.000138,172.31.36.0-255,66,24220,13,261747
4890,0.000153,74.125.24.0-255,1484,25704,13,261747
4891,0.000155,172.31.36.0-255,66,25770,13,261747
4892,0.000209,74.125.24.0-255,2902,28672,13,261747
4893,0.000213,172.31.36.0-255,66,28738,13,261747
4894,0.00023,74.125.24.0-255,2543,31281,13,261747
4895,0.000234,172.31.36.0-255,66,31347,13,261747
4896,0.000273,74.125.24.0-255,1484,32831,13,261747
4897,0.000276,172.31.36.0-255,66,32897,13,261747
4898,0.000281,74.125.24.0-255,2902,35799,13,261747
4899,0.000284,172.31.36.0-255,66,35865,13,261747
4900,0.000304,74.125.24.0-255,2902,38767,13,261747
4901,0.000308,172.31.36.0-255,66,38833,13,261747
4902,0.000326,74.125.24.0-255,2902,41735,13,261747
4903,0.000329,172.31.36.0-255,66,41801,13,261747
4904,0.000332,74.125.24.0-255,1484,43285,13,261747
4905,0.000335,172.31.36.0-255,66,43351,13,261747
4906,0.000363,74.125.24.0-255,4320,47671,13,261747
4907,0.000368,172.31.36.0-255,66,47737,13,261747
4908,0.000384,74.125.24.0-255,5738,53475,13,261747
4909,0.000387,172.31.36.0-255,66,53541,13,261747
4910,0.000415,74.125.24.0-255,8215,61756,13,261747
4911,0.000419,172.31.36.0-255,66,61822,13,261747
4912,0.0005,74.125.24.0-255,4240,66062,13,261747
4913,0.000503,172.31.36.0-255,66,66128,13,261747
4914,0.000536,74.125.24.0-255,4631,70759,13,261747
4915,0.000539,172.31.36.0-255,66,70825,13,261747
4916,0.000576,74.125.24.0-255,5738,76563,13,261747
4917,0.00058,172.31.36.0-255,66,76629,13,261747
4918,0.000624,74.125.24.0-255,5738,82367,13,261747
4919,0.000628,172.31.36.0-255,66,82433,13,261747
4920,0.000644,74.125.24.0-255,7156,89589,13,261747
4921,0.000647,172.31.36.0-255,66,89655,13,261747
4922,0.00072,74.125.24.0-255,1484,91139,13,261747
4923,0.000741,74.125.24.0-255,5738,96877,13,261747
4924,0.000745,172.31.36.0-255,66,96943,13,261747
4925,0.000787,74.125.24.0-255,3052,99995,13,261747
4926,0.000791,172.31.36.0-255,66,100061,13,261747
4927,0.000825,74.125.24.0-255,4320,104381,13,261747
4928,0.000828,172.31.36.0-255,66,104447,13,261747
4929,0.000853,74.125.24.0-255,8574,113021,13,261747
4930,0.000856,172.31.36.0-255,66,113087,13,261747
4931,0.00091,74.125.24.0-255,4320,117407,13,261747
4932,0.000914,172.31.36.0-255,66,117473,13,261747
4933,0.000946,172.31.36.0-255,66,117539,13,261747
4934,0.001074,74.125.24.0-255,1484,119023,13,261747
4935,0.001094,74.125.24.0-255,2902,121925,13,261747
4936,0.001098,172.31.36.0-255,66,121991,13,261747
4937,0.001121,74.125.24.0-255,5738,127729,13,261747
4938,0.001125,172.31.36.0-255,66,127795,13,261747
4939,0.001169,74.125.24.0-255,8574,136369,13,261747
4940,0.001173,172.31.36.0-255,66,136435,13,261747
4941,0.001193,74.125.24.0-255,4320,140755,13,261747
4942,0.001197,172.31.36.0-255,66,140821,13,261747
4943,0.00127,74.125.24.0-255,4320,145141,13,261747
4944,0.001274,172.31.36.0-255,66,145207,13,261747
4945,0.001309,172.31.36.0-255,66,145273,13,261747
4946,0.001426,74.125.24.0-255,5738,151011,13,261747
4947,0.00143,172.31.36.0-255,66,151077,13,261747
4948,0.001466,172.31.36.0-255,66,151143,13,261747
4949,0.001705,74.125.24.0-255,1484,152627,13,261747
4950,0.001719,74.125.24.0-255,2902,155529,13,261747
4951,0.001722,172.31.36.0-255,66,155595,13,261747
4952,0.001741,74.125.24.0-255,4320,159915,13,261747
4953,0.001746,172.31.36.0-255,66,159981,13,261747
4954,0.001753,74.125.24.0-255,1484,161465,13,261747
4955,0.001774,74.125.24.0-255,2902,164367,13,261747
4956,0.001776,172.31.36.0-255,66,164433,13,261747
4957,0.001795,74.125.24.0-255,1484,165917,13,261747
4958,0.001809,74.125.24.0-255,2902,168819,13,261747
4959,0.001812,172.31.36.0-255,66,168885,13,261747
4960,0.001828,74.125.24.0-255,8574,177459,13,261747
4961,0.001831,172.31.36.0-255,66,177525,13,261747
4962,0.001902,74.125.24.0-255,5738,183263,13,261747
4963,0.001906,172.31.36.0-255,66,183329,13,261747
4964,0.001919,74.125.24.0-255,2184,185513,13,261747
4965,0.001922,172.31.36.0-255,66,185579,13,261747
4966,0.002106,74.125.24.0-255,1484,187063,13,261747
4967,0.002121,74.125.24.0-255,2902,189965,13,261747
4968,0.002124,172.31.36.0-255,66,190031,13,261747
4969,0.002131,74.125.24.0-255,5738,195769,13,261747
4970,0.002133,172.31.36.0-255,66,195835,13,261747
4971,0.002162,74.125.24.0-255,1484,197319,13,261747
4972,0.002198,74.125.24.0-255,7156,204475,13,261747
4973,0.002203,172.31.36.0-255,66,204541,13,261747
4974,0.002221,74.125.24.0-255,4320,208861,13,261747
4975,0.002223,172.31.36.0-255,66,208927,13,261747
4976,0.002289,74.125.24.0-255,1484,210411,13,261747
4977,0.002309,74.125.24.0-255,5738,216149,13,261747
4978,0.002313,172.31.36.0-255,66,216215,13,261747
4979,0.002331,74.125.24.0-255,3602,219817,13,261747
4980,0.002334,172.31.36.0-255,66,219883,13,261747
4981,0.002356,74.125.24.0-255,1484,221367,13,261747
4982,0.002378,172.31.36.0-255,66,221433,13,261747
4983,0.002399,74.125.24.0-255,5738,227171,13,261747
4984,0.002402,172.31.36.0-255,66,227237,13,261747
4985,0.002526,74.125.24.0-255,5738,232975,13,261747
4986,0.002531,172.31.36.0-255,66,233041,13,261747
4987,0.002573,172.31.36.0-255,66,233107,13,261747
4988,0.002819,74.125.24.0-255,7156,240263,13,261747
4989,0.002824,172.31.36.0-255,66,240329,13,261747
4990,0.002849,74.125.24.0-255,7856,248185,13,261747
4991,0.002852,172.31.36.0-255,66,248251,13,261747
4992,0.002899,74.125.24.0-255,4320,252571,13,261747
4993,0.002904,172.31.36.0-255,66,252637,13,261747
4994,0.002949,172.31.36.0-255,66,252703,13,261747
4995,0.003176,74.125.24.0-255,8807,261510,13,261747
4996,0.003183,172.31.36.0-255,66,261576,13,261747
4997,0.004406,172.31.36.0-255,105,261681,13,261747
4998,0.006959,74.125.24.0-255,66,261747,13,261747
4999,0.0,172.217.194.0-255,150,150,13,215259
5000,3.5e-05,172.31.36.0-255,66,216,13,215259
5001,4.2e-05,172.217.194.0-255,1484,1700,13,215259
5002,4.6e-05,172.31.36.0-255,66,1766,13,215259
5003,5e-05,172.217.194.0-255,2902,4668,13,215259
5004,6.2e-05,172.31.36.0-255,66,4734,13,215259
5005,6.9e-05,172.217.194.0-255,5738,10472,13,215259
5006,7.2e-05,172.31.36.0-255,66,10538,13,215259
5007,8.1e-05,172.217.194.0-255,10553,21091,13,215259
5008,8.5e-05,172.31.36.0-255,66,21157,13,215259
5009,0.000131,172.217.194.0-255,8574,29731,13,215259
5010,0.000134,172.31.36.0-255,66,29797,13,215259
5011,0.000139,172.217.194.0-255,1125,30922,13,215259
5012,0.000142,172.31.36.0-255,66,30988,13,215259
5013,0.000209,172.217.194.0-255,1484,32472,13,215259
5014,0.000213,172.31.36.0-255,66,32538,13,215259
5015,0.000243,172.217.194.0-255,1484,34022,13,215259
5016,0.000245,172.31.36.0-255,66,34088,13,215259
5017,0.000276,172.217.194.0-255,1484,35572,13,215259
5018,0.00028,172.31.36.0-255,66,35638,13,215259
5019,0.000287,172.217.194.0-255,5738,41376,13,215259
5020,0.00029,172.31.36.0-255,66,41442,13,215259
5021,0.000301,172.217.194.0-255,4320,45762,13,215259
5022,0.000304,172.31.36.0-255,66,45828,13,215259
5023,0.000317,172.31.36.0-255,66,45894,13,215259
5024,0.000325,172.217.194.0-255,7856,53750,13,215259
5025,0.000327,172.31.36.0-255,66,53816,13,215259
5026,0.000329,172.217.194.0-255,378,54194,13,215259
5027,0.000332,172.31.36.0-255,66,54260,13,215259
5028,0.000379,172.217.194.0-255,98,54358,13,215259
5029,0.000383,172.31.36.0-255,66,54424,13,215259
5030,0.000581,172.217.194.0-255,1484,55908,13,215259
5031,0.000587,172.217.194.0-255,2902,58810,13,215259
5032,0.00059,172.31.36.0-255,66,58876,13,215259
5033,0.000622,172.217.194.0-255,2902,61778,13,215259
5034,0.000625,172.31.36.0-255,66,61844,13,215259
5035,0.000632,172.217.194.0-255,4320,66164,13,215259
5036,0.000634,172.31.36.0-255,66,66230,13,215259
5037,0.000674,172.217.194.0-255,8574,74804,13,215259
5038,0.000678,172.31.36.0-255,66,74870,13,215259
5039,0.000685,172.217.194.0-255,7156,82026,13,215259
5040,0.000688,172.31.36.0-255,66,82092,13,215259
5041,0.000708,172.217.194.0-255,2902,84994,13,215259
5042,0.000711,172.31.36.0-255,66,85060,13,215259
5043,0.000722,172.217.194.0-255,3602,88662,13,215259
5044,0.000724,172.31.36.0-255,66,88728,13,215259
5045,0.000785,172.217.194.0-255,1484,90212,13,215259
5046,0.000801,172.217.194.0-255,2902,93114,13,215259
5047,0.000804,172.31.36.0-255,66,93180,13,215259
5048,0.000808,172.217.194.0-255,1484,94664,13,215259
5049,0.000838,172.217.194.0-255,4320,98984,13,215259
5050,0.000842,172.31.36.0-255,66,99050,13,215259
5051,0.000862,172.31.36.0-255,66,99116,13,215259
5052,0.000869,172.217.194.0-255,7156,106272,13,215259
5053,0.000872,172.31.36.0-255,66,106338,13,215259
5054,0.000924,172.217.194.0-255,5738,112076,13,215259
5055,0.000928,172.31.36.0-255,66,112142,13,215259
5056,0.000976,172.31.36.0-255,66,112208,13,215259
5057,0.000981,172.217.194.0-255,2902,115110,13,215259
5058,0.000983,172.31.36.0-255,66,115176,13,215259
5059,0.001004,172.31.36.0-255,66,115242,13,215259
5060,0.001008,172.217.194.0-255,4320,119562,13,215259
5061,0.001011,172.31.36.0-255,66,119628,13,215259
5062,0.001036,172.217.194.0-255,1484,121112,13,215259
5063,0.001043,172.217.194.0-255,7156,128268,13,215259
5064,0.001051,172.31.36.0-255,66,128334,13,215259
5065,0.001065,172.31.36.0-255,66,128400,13,215259
5066,0.001073,172.217.194.0-255,6438,134838,13,215259
5067,0.001076,172.31.36.0-255,66,134904,13,215259
5068,0.001141,172.31.36.0-255,66,134970,13,215259
5069,0.001151,172.217.194.0-255,10692,145662,13,215259
5070,0.001159,172.31.36.0-255,66,145728,13,215259
5071,0.00119,172.217.194.0-255,2902,148630,13,215259
5072,0.001193,172.31.36.0-255,66,148696,13,215259
5073,0.00125,172.31.36.0-255,66,148762,13,215259
5074,0.001259,172.217.194.0-255,10692,159454,13,215259
5075,0.001261,172.31.36.0-255,66,159520,13,215259
5076,0.001347,172.217.194.0-255,4320,163840,13,215259
5077,0.001352,172.31.36.0-255,66,163906,13,215259
5078,0.001359,172.217.194.0-255,5738,169644,13,215259
5079,0.001361,172.31.36.0-255,66,169710,13,215259
5080,0.001379,172.31.36.0-255,66,169776,13,215259
5081,0.001386,172.217.194.0-255,5738,175514,13,215259
5082,0.001389,172.31.36.0-255,66,175580,13,215259
5083,0.001396,172.217.194.0-255,6438,182018,13,215259
5084,0.001399,172.31.36.0-255,66,182084,13,215259
5085,0.001403,172.217.194.0-255,2902,184986,13,215259
5086,0.001405,172.31.36.0-255,66,185052,13,215259
5087,0.001442,172.217.194.0-255,4320,189372,13,215259
5088,0.001446,172.31.36.0-255,66,189438,13,215259
5089,0.001465,172.31.36.0-255,66,189504,13,215259
5090,0.001517,172.217.194.0-255,8574,198078,13,215259
5091,0.001517,172.31.36.0-255,66,198144,13,215259
5092,0.001521,172.31.36.0-255,66,198210,13,215259
5093,0.001553,172.217.194.0-255,7156,205366,13,215259
5094,0.001557,172.31.36.0-255,66,205432,13,215259
5095,0.001603,172.31.36.0-255,66,205498,13,215259
5096,0.001612,172.217.194.0-255,9353,214851,13,215259
5097,0.001614,172.31.36.0-255,66,214917,13,215259
5098,0.001623,172.217.194.0-255,105,215022,13,215259
5099,0.003624,172.31.36.0-255,66,215088,13,215259
5100,0.003657,172.31.36.0-255,105,215193,13,215259
5101,0.006217,172.217.194.0-255,66,215259,13,215259
5102,0.0,74.125.24.0-255,151,151,13,217575
5103,2.2e-05,172.31.36.0-255,66,217,13,217575
5104,2.9e-05,74.125.24.0-255,1484,1701,13,217575
5105,3.3e-05,172.31.36.0-255,66,1767,13,217575
5106,3.9e-05,74.125.24.0-255,2902,4669,13,217575
5107,4.9e-05,172.31.36.0-255,66,4735,13,217575
5108,5.8e-05,74.125.24.0-255,7156,11891,13,217575
5109,6.2e-05,172.31.36.0-255,66,11957,13,217575
5110,7.1e-05,74.125.24.0-255,7705,19662,13,217575
5111,7.5e-05,172.31.36.0-255,66,19728,13,217575
5112,8.1e-05,74.125.24.0-255,4320,24048,13,217575
5113,8.5e-05,172.31.36.0-255,66,24114,13,217575
5114,0.00013,74.125.24.0-255,6797,30911,13,217575
5115,0.000134,172.31.36.0-255,66,30977,13,217575
5116,0.000223,74.125.24.0-255,1484,32461,13,217575
5117,0.000226,172.31.36.0-255,66,32527,13,217575
5118,0.000231,74.125.24.0-255,2902,35429,13,217575
5119,0.000234,172.31.36.0-255,66,35495,13,217575
5120,0.000271,74.125.24.0-255,5738,41233,13,217575
5121,0.000274,172.31.36.0-255,66,41299,13,217575
5122,0.000281,74.125.24.0-255,6797,48096,13,217575
5123,0.000284,172.31.36.0-255,66,48162,13,217575
5124,0.000287,74.125.24.0-255,1484,49646,13,217575
5125,0.000289,172.31.36.0-255,66,49712,13,217575
5126,0.00034,172.31.36.0-255,66,49778,13,217575
5127,0.000345,74.125.24.0-255,2543,52321,13,217575
5128,0.000347,172.31.36.0-255,66,52387,13,217575
5129,0.00037,74.125.24.0-255,1484,53871,13,217575
5130,0.000372,172.31.36.0-255,66,53937,13,217575
5131,0.000377,74.125.24.0-255,2902,56839,13,217575
5132,0.000379,172.31.36.0-255,66,56905,13,217575
5133,0.000385,74.125.24.0-255,4320,61225,13,217575
5134,0.000407,74.125.24.0-255,1484,62709,13,217575
5135,0.000423,74.125.24.0-255,2902,65611,13,217575
5136,0.000438,74.125.24.0-255,4235,69846,13,217575
5137,0.000501,74.125.24.0-255,1484,71330,13,217575
5138,0.000506,74.125.24.0-255,2902,74232,13,217575
5139,0.000522,74.125.24.0-255,1484,75716,13,217575
5140,0.000537,74.125.24.0-255,4320,80036,13,217575
5141,0.000568,74.125.24.0-255,2902,82938,13,217575
5142,0.000587,74.125.24.0-255,4255,87193,13,217575
5143,0.000629,172.31.36.0-255,66,87259,13,217575
5144,0.000673,74.125.24.0-255,1484,88743,13,217575
5145,0.000679,74.125.24.0-255,2902,91645,13,217575
5146,0.000689,74.125.24.0-255,1484,93129,13,217575
5147,0.000705,74.125.24.0-255,4320,97449,13,217575
5148,0.000712,172.31.36.0-255,66,97515,13,217575
5149,0.000723,74.125.24.0-255,2902,100417,13,217575
5150,0.000755,74.125.24.0-255,5738,106155,13,217575
5151,0.000763,74.125.24.0-255,9992,116147,13,217575
5152,0.00077,74.125.24.0-255,5020,121167,13,217575
5153,0.000777,172.31.36.0-255,66,121233,13,217575
5154,0.001139,74.125.24.0-255,1484,122717,13,217575
5155,0.001145,74.125.24.0-255,2902,125619,13,217575
5156,0.001148,172.31.36.0-255,66,125685,13,217575
5157,0.001196,74.125.24.0-255,5738,131423,13,217575
5158,0.001221,74.125.24.0-255,8574,139997,13,217575
5159,0.00123,172.31.36.0-255,66,140063,13,217575
5160,0.001264,74.125.24.0-255,9992,150055,13,217575
5161,0.00127,74.125.24.0-255,5020,155075,13,217575
5162,0.001282,172.31.36.0-255,66,155141,13,217575
5163,0.001888,74.125.24.0-255,1484,156625,13,217575
5164,0.001895,74.125.24.0-255,2902,159527,13,217575
5165,0.001898,172.31.36.0-255,66,159593,13,217575
5166,0.001929,74.125.24.0-255,5738,165331,13,217575
5167,0.001932,172.31.36.0-255,66,165397,13,217575
5168,0.001975,74.125.24.0-255,10692,176089,13,217575
5169,0.001994,172.31.36.0-255,66,176155,13,217575
5170,0.004355,74.125.24.0-255,5738,181893,13,217575
5171,0.004362,172.31.36.0-255,66,181959,13,217575
5172,0.006696,74.125.24.0-255,2902,184861,13,217575
5173,0.006699,172.31.36.0-255,66,184927,13,217575
5174,0.006724,74.125.24.0-255,2902,187829,13,217575
5175,0.006726,172.31.36.0-255,66,187895,13,217575
5176,0.009042,74.125.24.0-255,2902,190797,13,217575
5177,0.009048,172.31.36.0-255,66,190863,13,217575
5178,0.009103,74.125.24.0-255,2902,193765,13,217575
5179,0.009106,172.31.36.0-255,66,193831,13,217575
5180,0.011432,74.125.24.0-255,2902,196733,13,217575
5181,0.01144,172.31.36.0-255,66,196799,13,217575
5182,0.011494,74.125.24.0-255,2902,199701,13,217575
5183,0.011497,172.31.36.0-255,66,199767,13,217575
5184,0.013808,74.125.24.0-255,2902,202669,13,217575
5185,0.01382,172.31.36.0-255,66,202735,13,217575
5186,0.013853,74.125.24.0-255,2902,205637,13,217575
5187,0.013856,172.31.36.0-255,66,205703,13,217575
5188,0.01615,74.125.24.0-255,2902,208605,13,217575
5189,0.016161,172.31.36.0-255,66,208671,13,217575
5190,0.016194,74.125.24.0-255,2902,211573,13,217575
5191,0.016197,172.31.36.0-255,66,211639,13,217575
5192,0.018491,74.125.24.0-255,2902,214541,13,217575
5193,0.018498,172.31.36.0-255,66,214607,13,217575
5194,0.018553,74.125.24.0-255,2902,217509,13,217575
5195,0.018556,172.31.36.0-255,66,217575,13,217575
5196,0.0,74.125.24.0-255,155,155,13,97347
5197,3.3e-05,172.31.36.0-255,66,221,13,97347
5198,4e-05,74.125.24.0-255,1484,1705,13,97347
5199,4.6e-05,172.31.36.0-255,66,1771,13,97347
5200,5e-05,74.125.24.0-255,2902,4673,13,97347
5201,5.4e-05,172.31.36.0-255,66,4739,13,97347
5202,6.1e-05,74.125.24.0-255,7156,11895,13,97347
5203,6.4e-05,172.31.36.0-255,66,11961,13,97347
5204,6.8e-05,74.125.24.0-255,2015,13976,13,97347
5205,7e-05,172.31.36.0-255,66,14042,13,97347
5206,0.001121,74.125.24.0-255,1484,15526,13,97347
5207,0.001128,172.31.36.0-255,66,15592,13,97347
5208,0.001139,74.125.24.0-255,2902,18494,13,97347
5209,0.001142,172.31.36.0-255,66,18560,13,97347
5210,0.001149,74.125.24.0-255,5738,24298,13,97347
5211,0.001151,172.31.36.0-255,66,24364,13,97347
5212,0.001154,74.125.24.0-255,1484,25848,13,97347
5213,0.001156,172.31.36.0-255,66,25914,13,97347
5214,0.001188,74.125.24.0-255,4320,30234,13,97347
5215,0.001191,172.31.36.0-255,66,30300,13,97347
5216,0.001236,172.31.36.0-255,66,30366,13,97347
5217,0.00124,74.125.24.0-255,4320,34686,13,97347
5218,0.001243,172.31.36.0-255,66,34752,13,97347
5219,0.001297,172.31.36.0-255,66,34818,13,97347
5220,0.00141,74.125.24.0-255,359,35177,13,97347
5221,0.001413,172.31.36.0-255,66,35243,13,97347
5222,0.001438,74.125.24.0-255,132,35375,13,97347
5223,0.001441,172.31.36.0-255,66,35441,13,97347
5224,0.002012,74.125.24.0-255,1484,36925,13,97347
5225,0.002014,172.31.36.0-255,66,36991,13,97347
5226,0.002019,74.125.24.0-255,2902,39893,13,97347
5227,0.002022,172.31.36.0-255,66,39959,13,97347
5228,0.002025,74.125.24.0-255,1484,41443,13,97347
5229,0.002045,74.125.24.0-255,4320,45763,13,97347
5230,0.002047,172.31.36.0-255,66,45829,13,97347
5231,0.00206,172.31.36.0-255,66,45895,13,97347
5232,0.002072,74.125.24.0-255,1484,47379,13,97347
5233,0.002093,74.125.24.0-255,9274,56653,13,97347
5234,0.002096,172.31.36.0-255,66,56719,13,97347
5235,0.004465,74.125.24.0-255,5738,62457,13,97347
5236,0.004473,172.31.36.0-255,66,62523,13,97347
5237,0.006855,74.125.24.0-255,5738,68261,13,97347
5238,0.006869,172.31.36.0-255,66,68327,13,97347
5239,0.009228,74.125.24.0-255,5738,74065,13,97347
5240,0.009239,172.31.36.0-255,66,74131,13,97347
5241,0.011598,74.125.24.0-255,5738,79869,13,97347
5242,0.011608,172.31.36.0-255,66,79935,13,97347
5243,0.013957,74.125.24.0-255,5738,85673,13,97347
5244,0.013967,172.31.36.0-255,66,85739,13,97347
5245,0.016338,74.125.24.0-255,5738,91477,13,97347
5246,0.016351,172.31.36.0-255,66,91543,13,97347
5247,0.01871,74.125.24.0-255,5738,97281,13,97347
5248,0.018722,172.31.36.0-255,66,97347,13,97347
5249,0.0,74.125.24.0-255,153,153,13,160943
5250,3.4e-05,172.31.36.0-255,66,219,13,160943
5251,4.1e-05,74.125.24.0-255,1484,1703,13,160943
5252,4.5e-05,172.31.36.0-255,66,1769,13,160943
5253,4.8e-05,74.125.24.0-255,1484,3253,13,160943
5254,5e-05,172.31.36.0-255,66,3319,13,160943
5255,6.3e-05,74.125.24.0-255,4320,7639,13,160943
5256,6.6e-05,172.31.36.0-255,66,7705,13,160943
5257,7.3e-05,74.125.24.0-255,5738,13443,13,160943
5258,7.5e-05,172.31.36.0-255,66,13509,13,160943
5259,0.000115,74.125.24.0-255,4885,18394,13,160943
5260,0.000119,172.31.36.0-255,66,18460,13,160943
5261,0.000125,74.125.24.0-255,5738,24198,13,160943
5262,0.000128,172.31.36.0-255,66,24264,13,160943
5263,0.000134,74.125.24.0-255,6797,31061,13,160943
5264,0.000142,172.31.36.0-255,66,31127,13,160943
5265,0.000203,74.125.24.0-255,1484,32611,13,160943
5266,0.000208,172.31.36.0-255,66,32677,13,160943
5267,0.000212,74.125.24.0-255,2902,35579,13,160943
5268,0.000215,172.31.36.0-255,66,35645,13,160943
5269,0.000247,74.125.24.0-255,5738,41383,13,160943
5270,0.00025,172.31.36.0-255,66,41449,13,160943
5271,0.000257,74.125.24.0-255,6797,48246,13,160943
5272,0.000259,172.31.36.0-255,66,48312,13,160943
5273,0.000304,172.31.36.0-255,66,48378,13,160943
5274,0.00031,74.125.24.0-255,2816,51194,13,160943
5275,0.000312,172.31.36.0-255,66,51260,13,160943
5276,0.000476,74.125.24.0-255,381,51641,13,160943
5277,0.00048,172.31.36.0-255,66,51707,13,160943
5278,0.000613,74.125.24.0-255,1484,53191,13,160943
5279,0.000617,172.31.36.0-255,66,53257,13,160943
5280,0.000622,74.125.24.0-255,2902,56159,13,160943
5281,0.000629,172.31.36.0-255,66,56225,13,160943
5282,0.000644,74.125.24.0-255,5738,61963,13,160943
5283,0.000653,74.125.24.0-255,2902,64865,13,160943
5284,0.000655,172.31.36.0-255,66,64931,13,160943
5285,0.000663,172.31.36.0-255,66,64997,13,160943
5286,0.000683,74.125.24.0-255,1484,66481,13,160943
5287,0.000712,74.125.24.0-255,9633,76114,13,160943
5288,0.00072,74.125.24.0-255,5738,81852,13,160943
5289,0.000724,172.31.36.0-255,66,81918,13,160943
5290,0.000732,74.125.24.0-255,1484,83402,13,160943
5291,0.000736,74.125.24.0-255,2543,85945,13,160943
5292,0.000739,172.31.36.0-255,66,86011,13,160943
5293,0.001112,74.125.24.0-255,1484,87495,13,160943
5294,0.00113,74.125.24.0-255,2902,90397,13,160943
5295,0.001134,172.31.36.0-255,66,90463,13,160943
5296,0.001158,74.125.24.0-255,1484,91947,13,160943
5297,0.001182,74.125.24.0-255,2902,94849,13,160943
5298,0.001185,172.31.36.0-255,66,94915,13,160943
5299,0.001216,74.125.24.0-255,4320,99235,13,160943
5300,0.00122,172.31.36.0-255,66,99301,13,160943
5301,0.001277,74.125.24.0-255,8574,107875,13,160943
5302,0.001281,172.31.36.0-255,66,107941,13,160943
5303,0.001301,74.125.24.0-255,4320,112261,13,160943
5304,0.001304,172.31.36.0-255,66,112327,13,160943
5305,0.001332,74.125.24.0-255,5738,118065,13,160943
5306,0.001346,74.125.24.0-255,2184,120249,13,160943
5307,0.003647,172.31.36.0-255,66,120315,13,160943
5308,0.005967,74.125.24.0-255,5738,126053,13,160943
5309,0.005974,172.31.36.0-255,66,126119,13,160943
5310,0.008279,74.125.24.0-255,5738,131857,13,160943
5311,0.008285,172.31.36.0-255,66,131923,13,160943
5312,0.010599,74.125.24.0-255,5738,137661,13,160943
5313,0.010606,172.31.36.0-255,66,137727,13,160943
5314,0.012927,74.125.24.0-255,5738,143465,13,160943
5315,0.012934,172.31.36.0-255,66,143531,13,160943
5316,0.015258,74.125.24.0-255,5738,149269,13,160943
5317,0.015271,172.31.36.0-255,66,149335,13,160943
5318,0.017569,74.125.24.0-255,5738,155073,13,160943
5319,0.01758,172.31.36.0-255,66,155139,13,160943
5320,0.019917,74.125.24.0-255,5738,160877,13,160943
5321,0.019924,172.31.36.0-255,66,160943,13,160943
5322,0.0,172.217.194.0-255,162,162,13,300492
5323,2.9e-05,172.31.36.0-255,66,228,13,300492
5324,3.6e-05,172.217.194.0-255,1484,1712,13,300492
5325,4e-05,172.31.36.0-255,66,1778,13,300492
5326,4.5e-05,172.217.194.0-255,2902,4680,13,300492
5327,4.8e-05,172.31.36.0-255,66,4746,13,300492
5328,5.6e-05,172.217.194.0-255,7156,11902,13,300492
5329,5.8e-05,172.31.36.0-255,66,11968,13,300492
5330,9.6e-05,172.31.36.0-255,66,12034,13,300492
5331,0.000101,172.217.194.0-255,3961,15995,13,300492
5332,0.000103,172.31.36.0-255,66,16061,13,300492
5333,0.000154,172.217.194.0-255,1484,17545,13,300492
5334,0.000158,172.31.36.0-255,66,17611,13,300492
5335,0.000164,172.217.194.0-255,2902,20513,13,300492
5336,0.000167,172.31.36.0-255,66,20579,13,300492
5337,0.000173,172.217.194.0-255,4320,24899,13,300492
5338,0.000175,172.31.36.0-255,66,24965,13,300492
5339,0.000202,172.217.194.0-255,1484,26449,13,300492
5340,0.000204,172.31.36.0-255,66,26515,13,300492
5341,0.000213,172.217.194.0-255,6797,33312,13,300492
5342,0.000215,172.31.36.0-255,66,33378,13,300492
5343,0.000219,172.217.194.0-255,2902,36280,13,300492
5344,0.000221,172.31.36.0-255,66,36346,13,300492
5345,0.000259,172.31.36.0-255,66,36412,13,300492
5346,0.000263,172.217.194.0-255,2793,39205,13,300492
5347,0.000265,172.217.194.0-255,115,39320,13,300492
5348,0.000268,172.31.36.0-255,66,39386,13,300492
5349,0.000272,172.31.36.0-255,66,39452,13,300492
5350,0.000351,172.217.194.0-255,1484,40936,13,300492
5351,0.000355,172.31.36.0-255,66,41002,13,300492
5352,0.00036,172.217.194.0-255,2902,43904,13,300492
5353,0.000362,172.217.194.0-255,1484,45388,13,300492
5354,0.000364,172.31.36.0-255,66,45454,13,300492
5355,0.000377,172.217.194.0-255,4320,49774,13,300492
5356,0.000379,172.31.36.0-255,66,49840,13,300492
5357,0.000396,172.217.194.0-255,4320,54160,13,300492
5358,0.0004,172.31.36.0-255,66,54226,13,300492
5359,0.00042,172.217.194.0-255,2284,56510,13,300492
5360,0.000423,172.31.36.0-255,66,56576,13,300492
5361,0.000627,172.217.194.0-255,1484,58060,13,300492
5362,0.000633,172.217.194.0-255,2902,60962,13,300492
5363,0.000636,172.31.36.0-255,66,61028,13,300492
5364,0.000643,172.217.194.0-255,4320,65348,13,300492
5365,0.000645,172.31.36.0-255,66,65414,13,300492
5366,0.000662,172.217.194.0-255,1484,66898,13,300492
5367,0.000669,172.217.194.0-255,5738,72636,13,300492
5368,0.000671,172.31.36.0-255,66,72702,13,300492
5369,0.000712,172.217.194.0-255,5738,78440,13,300492
5370,0.000715,172.31.36.0-255,66,78506,13,300492
5371,0.000733,172.217.194.0-255,1484,79990,13,300492
5372,0.000743,172.217.194.0-255,10692,90682,13,300492
5373,0.000746,172.31.36.0-255,66,90748,13,300492
5374,0.000964,172.217.194.0-255,1484,92232,13,300492
5375,0.000979,172.217.194.0-255,2902,95134,13,300492
5376,0.000983,172.31.36.0-255,66,95200,13,300492
5377,0.000988,172.217.194.0-255,2902,98102,13,300492
5378,0.000989,172.31.36.0-255,66,98168,13,300492
5379,0.001003,172.217.194.0-255,2902,101070,13,300492
5380,0.001006,172.31.36.0-255,66,101136,13,300492
5381,0.001024,172.217.194.0-255,4320,105456,13,300492
5382,0.001027,172.31.36.0-255,66,105522,13,300492
5383,0.001039,172.217.194.0-255,2902,108424,13,300492
5384,0.001042,172.31.36.0-255,66,108490,13,300492
5385,0.001057,172.217.194.0-255,1484,109974,13,300492
5386,0.001078,172.217.194.0-255,9992,119966,13,300492
5387,0.001081,172.31.36.0-255,66,120032,13,300492
5388,0.001102,172.217.194.0-255,4320,124352,13,300492
5389,0.001104,172.31.36.0-255,66,124418,13,300492
5390,0.001123,172.217.194.0-255,766,125184,13,300492
5391,0.001214,172.217.194.0-255,1484,126668,13,300492
5392,0.001218,172.31.36.0-255,66,126734,13,300492
5393,0.001221,172.217.194.0-255,1484,128218,13,300492
5394,0.001233,172.217.194.0-255,1484,129702,13,300492
5395,0.001235,172.31.36.0-255,66,129768,13,300492
5396,0.001238,172.217.194.0-255,1484,131252,13,300492
5397,0.00126,172.217.194.0-255,4320,135572,13,300492
5398,0.001263,172.31.36.0-255,66,135638,13,300492
5399,0.001285,172.217.194.0-255,7156,142794,13,300492
5400,0.001287,172.31.36.0-255,66,142860,13,300492
5401,0.001308,172.217.194.0-255,5738,148598,13,300492
5402,0.001311,172.31.36.0-255,66,148664,13,300492
5403,0.001333,172.217.194.0-255,8574,157238,13,300492
5404,0.001336,172.31.36.0-255,66,157304,13,300492
5405,0.001354,172.217.194.0-255,2184,159488,13,300492
5406,0.001359,172.31.36.0-255,66,159554,13,300492
5407,0.001558,172.217.194.0-255,1484,161038,13,300492
5408,0.001565,172.217.194.0-255,2902,163940,13,300492
5409,0.001568,172.31.36.0-255,66,164006,13,300492
5410,0.001572,172.217.194.0-255,1484,165490,13,300492
5411,0.001592,172.217.194.0-255,4320,169810,13,300492
5412,0.001595,172.31.36.0-255,66,169876,13,300492
5413,0.001614,172.217.194.0-255,4320,174196,13,300492
5414,0.001617,172.31.36.0-255,66,174262,13,300492
5415,0.001635,172.217.194.0-255,4320,178582,13,300492
5416,0.001638,172.31.36.0-255,66,178648,13,300492
5417,0.001653,172.217.194.0-255,5738,184386,13,300492
5418,0.001656,172.31.36.0-255,66,184452,13,300492
5419,0.001671,172.217.194.0-255,4320,188772,13,300492
5420,0.001674,172.31.36.0-255,66,188838,13,300492
5421,0.00168,172.217.194.0-255,5020,193858,13,300492
5422,0.001682,172.31.36.0-255,66,193924,13,300492
5423,0.002099,172.217.194.0-255,1484,195408,13,300492
5424,0.002115,172.217.194.0-255,2902,198310,13,300492
5425,0.002119,172.31.36.0-255,66,198376,13,300492
5426,0.002126,172.217.194.0-255,4320,202696,13,300492
5427,0.002128,172.31.36.0-255,66,202762,13,300492
5428,0.002139,172.217.194.0-255,1484,204246,13,300492
5429,0.002158,172.217.194.0-255,8574,212820,13,300492
5430,0.002161,172.31.36.0-255,66,212886,13,300492
5431,0.002183,172.217.194.0-255,4320,217206,13,300492
5432,0.002186,172.31.36.0-255,66,217272,13,300492
5433,0.002191,172.217.194.0-255,5738,223010,13,300492
5434,0.002193,172.31.36.0-255,66,223076,13,300492
5435,0.00224,172.217.194.0-255,5738,228814,13,300492
5436,0.002244,172.31.36.0-255,66,228880,13,300492
5437,0.002272,172.217.194.0-255,9274,238154,13,300492
5438,0.002274,172.31.36.0-255,66,238220,13,300492
5439,0.002288,172.31.36.0-255,66,238286,13,300492
5440,0.002295,172.217.194.0-255,5738,244024,13,300492
5441,0.002297,172.31.36.0-255,66,244090,13,300492
5442,0.002316,172.217.194.0-255,2184,246274,13,300492
5443,0.002319,172.31.36.0-255,66,246340,13,300492
5444,0.002373,172.217.194.0-255,2902,249242,13,300492
5445,0.002376,172.31.36.0-255,66,249308,13,300492
5446,0.002382,172.217.194.0-255,5738,255046,13,300492
5447,0.002386,172.31.36.0-255,66,255112,13,300492
5448,0.002389,172.217.194.0-255,1484,256596,13,300492
5449,0.002407,172.217.194.0-255,4320,260916,13,300492
5450,0.00241,172.31.36.0-255,66,260982,13,300492
5451,0.00243,172.217.194.0-255,4320,265302,13,300492
5452,0.002433,172.31.36.0-255,66,265368,13,300492
5453,0.002448,172.31.36.0-255,66,265434,13,300492
5454,0.002484,172.217.194.0-255,7156,272590,13,300492
5455,0.002488,172.31.36.0-255,66,272656,13,300492
5456,0.002511,172.217.194.0-255,5020,277676,13,300492
5457,0.002513,172.31.36.0-255,66,277742,13,300492
5458,0.002527,172.31.36.0-255,66,277808,13,300492
5459,0.002535,172.217.194.0-255,7156,284964,13,300492
5460,0.002537,172.31.36.0-255,66,285030,13,300492
5461,0.002558,172.217.194.0-255,1484,286514,13,300492
5462,0.002588,172.217.194.0-255,5738,292252,13,300492
5463,0.002592,172.31.36.0-255,66,292318,13,300492
5464,0.002623,172.31.36.0-255,66,292384,13,300492
5465,0.002631,172.217.194.0-255,7669,300053,13,300492
5466,0.002633,172.31.36.0-255,66,300119,13,300492
5467,0.005199,172.217.194.0-255,136,300255,13,300492
5468,0.005567,172.31.36.0-255,66,300321,13,300492
5469,0.005596,172.31.36.0-255,105,300426,13,300492
5470,0.0081,172.217.194.0-255,66,300492,13,300492
5471,0.0,74.125.68.0-255,297,297,13,316282
5472,3.3e-05,172.31.36.0-255,66,363,13,316282
5473,3.9e-05,74.125.68.0-255,1484,1847,13,316282
5474,4.4e-05,172.31.36.0-255,66,1913,13,316282
5475,5e-05,74.125.68.0-255,2902,4815,13,316282
5476,5.3e-05,172.31.36.0-255,66,4881,13,316282
5477,7e-05,74.125.68.0-255,5738,10619,13,316282
5478,7.2e-05,172.31.36.0-255,66,10685,13,316282
5479,7.8e-05,74.125.68.0-255,3248,13933,13,316282
5480,8e-05,172.31.36.0-255,66,13999,13,316282
5481,0.000129,74.125.68.0-255,1484,15483,13,316282
5482,0.000132,172.31.36.0-255,66,15549,13,316282
5483,0.000149,74.125.68.0-255,2902,18451,13,316282
5484,0.000156,172.31.36.0-255,66,18517,13,316282
5485,0.000163,74.125.68.0-255,5738,24255,13,316282
5486,0.000165,172.31.36.0-255,66,24321,13,316282
5487,0.000171,74.125.68.0-255,4320,28641,13,316282
5488,0.000173,172.31.36.0-255,66,28707,13,316282
5489,0.000204,74.125.68.0-255,2543,31250,13,316282
5490,0.000206,172.31.36.0-255,66,31316,13,316282
5491,0.000252,74.125.68.0-255,1484,32800,13,316282
5492,0.000256,172.31.36.0-255,66,32866,13,316282
5493,0.00026,74.125.68.0-255,1484,34350,13,316282
5494,0.000262,172.31.36.0-255,66,34416,13,316282
5495,0.000283,74.125.68.0-255,1484,35900,13,316282
5496,0.000286,172.31.36.0-255,66,35966,13,316282
5497,0.000292,74.125.68.0-255,4320,40286,13,316282
5498,0.000295,172.31.36.0-255,66,40352,13,316282
5499,0.000323,74.125.68.0-255,4320,44672,13,316282
5500,0.000325,172.31.36.0-255,66,44738,13,316282
5501,0.000348,74.125.68.0-255,3961,48699,13,316282
5502,0.000352,172.31.36.0-255,66,48765,13,316282
5503,0.000626,74.125.68.0-255,1484,50249,13,316282
5504,0.000645,74.125.68.0-255,2902,53151,13,316282
5505,0.000649,172.31.36.0-255,66,53217,13,316282
5506,0.000679,74.125.68.0-255,1484,54701,13,316282
5507,0.000684,74.125.68.0-255,2902,57603,13,316282
5508,0.000687,172.31.36.0-255,66,57669,13,316282
5509,0.000718,74.125.68.0-255,2902,60571,13,316282
5510,0.000722,172.31.36.0-255,66,60637,13,316282
5511,0.000748,74.125.68.0-255,2902,63539,13,316282
5512,0.000752,172.31.36.0-255,66,63605,13,316282
5513,0.000756,74.125.68.0-255,2543,66148,13,316282
5514,0.000758,172.31.36.0-255,66,66214,13,316282
5515,0.000761,74.125.68.0-255,1484,67698,13,316282
5516,0.00079,74.125.68.0-255,2902,70600,13,316282
5517,0.000796,74.125.68.0-255,5738,76338,13,316282
5518,0.000796,172.31.36.0-255,66,76404,13,316282
5519,0.000801,172.31.36.0-255,66,76470,13,316282
5520,0.000838,74.125.68.0-255,6797,83267,13,316282
5521,0.000842,172.31.36.0-255,66,83333,13,316282
5522,0.000845,74.125.68.0-255,648,83981,13,316282
5523,0.000902,74.125.68.0-255,1484,85465,13,316282
5524,0.000906,172.31.36.0-255,66,85531,13,316282
5525,0.000911,74.125.68.0-255,2902,88433,13,316282
5526,0.000914,172.31.36.0-255,66,88499,13,316282
5527,0.000938,74.125.68.0-255,5738,94237,13,316282
5528,0.000941,172.31.36.0-255,66,94303,13,316282
5529,0.000945,74.125.68.0-255,1484,95787,13,316282
5530,0.000977,74.125.68.0-255,5379,101166,13,316282
5531,0.000981,172.31.36.0-255,66,101232,13,316282
5532,0.001008,74.125.68.0-255,1484,102716,13,316282
5533,0.001022,74.125.68.0-255,2902,105618,13,316282
5534,0.001025,172.31.36.0-255,66,105684,13,316282
5535,0.001031,74.125.68.0-255,4320,110004,13,316282
5536,0.001034,172.31.36.0-255,66,110070,13,316282
5537,0.001048,74.125.68.0-255,1484,111554,13,316282
5538,0.001066,74.125.68.0-255,6232,117786,13,316282
5539,0.001069,172.31.36.0-255,66,117852,13,316282
5540,0.001221,74.125.68.0-255,1484,119336,13,316282
5541,0.001226,74.125.68.0-255,1484,120820,13,316282
5542,0.001228,172.31.36.0-255,66,120886,13,316282
5543,0.001255,74.125.68.0-255,1484,122370,13,316282
5544,0.001261,74.125.68.0-255,5738,128108,13,316282
5545,0.001265,172.31.36.0-255,66,128174,13,316282
5546,0.001302,172.31.36.0-255,66,128240,13,316282
5547,0.001333,74.125.68.0-255,1484,129724,13,316282
5548,0.001362,74.125.68.0-255,9274,138998,13,316282
5549,0.001365,172.31.36.0-255,66,139064,13,316282
5550,0.00156,74.125.68.0-255,1484,140548,13,316282
5551,0.001577,74.125.68.0-255,2902,143450,13,316282
5552,0.00158,172.31.36.0-255,66,143516,13,316282
5553,0.001585,74.125.68.0-255,1484,145000,13,316282
5554,0.001608,74.125.68.0-255,2902,147902,13,316282
5555,0.001611,172.31.36.0-255,66,147968,13,316282
5556,0.001642,74.125.68.0-255,5738,153706,13,316282
5557,0.001645,172.31.36.0-255,66,153772,13,316282
5558,0.001653,74.125.68.0-255,9992,163764,13,316282
5559,0.001656,172.31.36.0-255,66,163830,13,316282
5560,0.001688,74.125.68.0-255,4320,168150,13,316282
5561,0.001692,172.31.36.0-255,66,168216,13,316282
5562,0.00172,74.125.68.0-255,5020,173236,13,316282
5563,0.001725,172.31.36.0-255,66,173302,13,316282
5564,0.001956,74.125.68.0-255,1484,174786,13,316282
5565,0.001976,74.125.68.0-255,2902,177688,13,316282
5566,0.001981,172.31.36.0-255,66,177754,13,316282
5567,0.002014,74.125.68.0-255,5738,183492,13,316282
5568,0.002018,172.31.36.0-255,66,183558,13,316282
5569,0.002054,74.125.68.0-255,7156,190714,13,316282
5570,0.002058,172.31.36.0-255,66,190780,13,316282
5571,0.002068,74.125.68.0-255,9992,200772,13,316282
5572,0.00207,172.31.36.0-255,66,200838,13,316282
5573,0.002098,74.125.68.0-255,4320,205158,13,316282
5574,0.002101,172.31.36.0-255,66,205224,13,316282
5575,0.002106,74.125.68.0-255,2184,207408,13,316282
5576,0.002108,172.31.36.0-255,66,207474,13,316282
5577,0.002135,74.125.68.0-255,2902,210376,13,316282
5578,0.002144,172.31.36.0-255,66,210442,13,316282
5579,0.002147,74.125.68.0-255,1484,211926,13,316282
5580,0.002151,74.125.68.0-255,1484,213410,13,316282
5581,0.002153,172.31.36.0-255,66,213476,13,316282
5582,0.002175,74.125.68.0-255,1484,214960,13,316282
5583,0.002182,74.125.68.0-255,5738,220698,13,316282
5584,0.002185,172.31.36.0-255,66,220764,13,316282
5585,0.00221,74.125.68.0-255,5738,226502,13,316282
5586,0.002214,172.31.36.0-255,66,226568,13,316282
5587,0.002235,74.125.68.0-255,4320,230888,13,316282
5588,0.002238,172.31.36.0-255,66,230954,13,316282
5589,0.002283,74.125.68.0-255,8574,239528,13,316282
5590,0.002288,172.31.36.0-255,66,239594,13,316282
5591,0.002315,74.125.68.0-255,2184,241778,13,316282
5592,0.002319,172.31.36.0-255,66,241844,13,316282
5593,0.002321,74.125.68.0-255,1484,243328,13,316282
5594,0.002351,74.125.68.0-255,2902,246230,13,316282
5595,0.002355,172.31.36.0-255,66,246296,13,316282
5596,0.00236,74.125.68.0-255,4320,250616,13,316282
5597,0.002363,172.31.36.0-255,66,250682,13,316282
5598,0.002366,74.125.68.0-255,1484,252166,13,316282
5599,0.002401,74.125.68.0-255,7156,259322,13,316282
5600,0.002405,172.31.36.0-255,66,259388,13,316282
5601,0.002412,74.125.68.0-255,7156,266544,13,316282
5602,0.002415,172.31.36.0-255,66,266610,13,316282
5603,0.002421,74.125.68.0-255,5738,272348,13,316282
5604,0.002423,172.31.36.0-255,66,272414,13,316282
5605,0.002452,74.125.68.0-255,2902,275316,13,316282
5606,0.002455,172.31.36.0-255,66,275382,13,316282
5607,0.002458,74.125.68.0-255,766,276148,13,316282
5608,0.004899,74.125.68.0-255,1484,277632,13,316282
5609,0.004909,172.31.36.0-255,66,277698,13,316282
5610,0.00494,74.125.68.0-255,2902,280600,13,316282
5611,0.004943,172.31.36.0-255,66,280666,13,316282
5612,0.007374,74.125.68.0-255,2902,283568,13,316282
5613,0.007381,172.31.36.0-255,66,283634,13,316282
5614,0.007407,74.125.68.0-255,2902,286536,13,316282
5615,0.00741,172.31.36.0-255,66,286602,13,316282
5616,0.009849,74.125.68.0-255,2902,289504,13,316282
5617,0.009856,172.31.36.0-255,66,289570,13,316282
5618,0.009886,74.125.68.0-255,2902,292472,13,316282
5619,0.009889,172.31.36.0-255,66,292538,13,316282
5620,0.012341,74.125.68.0-255,2902,295440,13,316282
5621,0.01235,172.31.36.0-255,66,295506,13,316282
5622,0.012383,74.125.68.0-255,2902,298408,13,316282
5623,0.012387,172.31.36.0-255,66,298474,13,316282
5624,0.014827,74.125.68.0-255,2902,301376,13,316282
5625,0.014835,172.31.36.0-255,66,301442,13,316282
5626,0.014871,74.125.68.0-255,2902,304344,13,316282
5627,0.014874,172.31.36.0-255,66,304410,13,316282
5628,0.017323,74.125.68.0-255,2902,307312,13,316282
5629,0.017332,172.31.36.0-255,66,307378,13,316282
5630,0.017363,74.125.68.0-255,2902,310280,13,316282
5631,0.017366,172.31.36.0-255,66,310346,13,316282
5632,0.019805,74.125.68.0-255,2902,313248,13,316282
5633,0.019812,172.31.36.0-255,66,313314,13,316282
5634,0.019849,74.125.68.0-255,2902,316216,13,316282
5635,0.019853,172.31.36.0-255,66,316282,13,316282
5636,0.0,172.253.118.0-255,296,296,13,269596
5637,2.8e-05,172.31.36.0-255,66,362,13,269596
5638,3.4e-05,172.253.118.0-255,1484,1846,13,269596
5639,3.8e-05,172.31.36.0-255,66,1912,13,269596
5640,4.5e-05,172.253.118.0-255,4320,6232,13,269596
5641,5.6e-05,172.31.36.0-255,66,6298,13,269596
5642,6.4e-05,172.253.118.0-255,7156,13454,13,269596
5643,6.8e-05,172.31.36.0-255,66,13520,13,269596
5644,9.7e-05,172.253.118.0-255,1905,15425,13,269596
5645,0.000104,172.31.36.0-255,66,15491,13,269596
5646,0.000117,172.31.36.0-255,66,15557,13,269596
5647,0.000129,172.253.118.0-255,2543,18100,13,269596
5648,0.000132,172.31.36.0-255,66,18166,13,269596
5649,0.000369,172.253.118.0-255,1484,19650,13,269596
5650,0.000375,172.31.36.0-255,66,19716,13,269596
5651,0.000381,172.253.118.0-255,2902,22618,13,269596
5652,0.000383,172.31.36.0-255,66,22684,13,269596
5653,0.000403,172.253.118.0-255,2902,25586,13,269596
5654,0.000406,172.31.36.0-255,66,25652,13,269596
5655,0.000416,172.253.118.0-255,4320,29972,13,269596
5656,0.00042,172.31.36.0-255,66,30038,13,269596
5657,0.000459,172.253.118.0-255,8574,38612,13,269596
5658,0.000463,172.31.36.0-255,66,38678,13,269596
5659,0.00047,172.253.118.0-255,5738,44416,13,269596
5660,0.000472,172.31.36.0-255,66,44482,13,269596
5661,0.000506,172.253.118.0-255,7856,52338,13,269596
5662,0.00051,172.31.36.0-255,66,52404,13,269596
5663,0.000562,172.253.118.0-255,362,52766,13,269596
5664,0.000565,172.31.36.0-255,66,52832,13,269596
5665,0.000568,172.253.118.0-255,130,52962,13,269596
5666,0.000571,172.31.36.0-255,66,53028,13,269596
5667,0.000651,172.253.118.0-255,1484,54512,13,269596
5668,0.000672,172.253.118.0-255,2902,57414,13,269596
5669,0.000675,172.31.36.0-255,66,57480,13,269596
5670,0.000712,172.253.118.0-255,5738,63218,13,269596
5671,0.000715,172.31.36.0-255,66,63284,13,269596
5672,0.000721,172.253.118.0-255,4320,67604,13,269596
5673,0.000724,172.31.36.0-255,66,67670,13,269596
5674,0.000744,172.31.36.0-255,66,67736,13,269596
5675,0.000784,172.253.118.0-255,7856,75592,13,269596
5676,0.000787,172.31.36.0-255,66,75658,13,269596
5677,0.000838,172.253.118.0-255,1484,77142,13,269596
5678,0.000852,172.253.118.0-255,1484,78626,13,269596
5679,0.000855,172.31.36.0-255,66,78692,13,269596
5680,0.000872,172.253.118.0-255,1484,80176,13,269596
5681,0.000878,172.253.118.0-255,4320,84496,13,269596
5682,0.00088,172.31.36.0-255,66,84562,13,269596
5683,0.000891,172.253.118.0-255,1484,86046,13,269596
5684,0.000911,172.31.36.0-255,66,86112,13,269596
5685,0.000914,172.253.118.0-255,1484,87596,13,269596
5686,0.000937,172.253.118.0-255,8574,96170,13,269596
5687,0.000941,172.31.36.0-255,66,96236,13,269596
5688,0.000944,172.253.118.0-255,766,97002,13,269596
5689,0.000975,172.253.118.0-255,1484,98486,13,269596
5690,0.000978,172.31.36.0-255,66,98552,13,269596
5691,0.000997,172.253.118.0-255,4320,102872,13,269596
5692,0.001,172.31.36.0-255,66,102938,13,269596
5693,0.001007,172.253.118.0-255,5738,108676,13,269596
5694,0.001009,172.31.36.0-255,66,108742,13,269596
5695,0.001052,172.31.36.0-255,66,108808,13,269596
5696,0.00106,172.253.118.0-255,8574,117382,13,269596
5697,0.001062,172.31.36.0-255,66,117448,13,269596
5698,0.001086,172.253.118.0-255,2184,119632,13,269596
5699,0.001091,172.31.36.0-255,66,119698,13,269596
5700,0.001267,172.253.118.0-255,1484,121182,13,269596
5701,0.001273,172.253.118.0-255,2902,124084,13,269596
5702,0.001276,172.31.36.0-255,66,124150,13,269596
5703,0.001283,172.253.118.0-255,5738,129888,13,269596
5704,0.001285,172.31.36.0-255,66,129954,13,269596
5705,0.00131,172.253.118.0-255,8574,138528,13,269596
5706,0.001313,172.31.36.0-255,66,138594,13,269596
5707,0.001351,172.253.118.0-255,4320,142914,13,269596
5708,0.001355,172.31.36.0-255,66,142980,13,269596
5709,0.001356,172.253.118.0-255,5738,148718,13,269596
5710,0.001359,172.31.36.0-255,66,148784,13,269596
5711,0.001394,172.253.118.0-255,5020,153804,13,269596
5712,0.001398,172.31.36.0-255,66,153870,13,269596
5713,0.001466,172.253.118.0-255,1484,155354,13,269596
5714,0.001479,172.253.118.0-255,2902,158256,13,269596
5715,0.001482,172.31.36.0-255,66,158322,13,269596
5716,0.001511,172.253.118.0-255,5738,164060,13,269596
5717,0.001514,172.31.36.0-255,66,164126,13,269596
5718,0.00153,172.253.118.0-255,1484,165610,13,269596
5719,0.001559,172.253.118.0-255,8574,174184,13,269596
5720,0.001562,172.31.36.0-255,66,174250,13,269596
5721,0.001581,172.31.36.0-255,66,174316,13,269596
5722,0.001587,172.253.118.0-255,3602,177918,13,269596
5723,0.001589,172.31.36.0-255,66,177984,13,269596
5724,0.001593,172.253.118.0-255,2902,180886,13,269596
5725,0.001595,172.31.36.0-255,66,180952,13,269596
5726,0.001658,172.31.36.0-255,66,181018,13,269596
5727,0.001665,172.253.118.0-255,5738,186756,13,269596
5728,0.001668,172.31.36.0-255,66,186822,13,269596
5729,0.001681,172.253.118.0-255,7156,193978,13,269596
5730,0.001684,172.31.36.0-255,66,194044,13,269596
5731,0.001688,172.253.118.0-255,2184,196228,13,269596
5732,0.00169,172.31.36.0-255,66,196294,13,269596
5733,0.001755,172.253.118.0-255,1484,197778,13,269596
5734,0.001761,172.253.118.0-255,2902,200680,13,269596
5735,0.001764,172.31.36.0-255,66,200746,13,269596
5736,0.001771,172.253.118.0-255,5738,206484,13,269596
5737,0.001773,172.31.36.0-255,66,206550,13,269596
5738,0.001784,172.253.118.0-255,4320,210870,13,269596
5739,0.001786,172.31.36.0-255,66,210936,13,269596
5740,0.001794,172.253.118.0-255,8574,219510,13,269596
5741,0.001796,172.31.36.0-255,66,219576,13,269596
5742,0.00183,172.253.118.0-255,2902,222478,13,269596
5743,0.001833,172.31.36.0-255,66,222544,13,269596
5744,0.001841,172.253.118.0-255,7856,230400,13,269596
5745,0.00185,172.31.36.0-255,66,230466,13,269596
5746,0.001916,172.253.118.0-255,1484,231950,13,269596
5747,0.00193,172.253.118.0-255,2902,234852,13,269596
5748,0.001933,172.31.36.0-255,66,234918,13,269596
5749,0.00194,172.253.118.0-255,5738,240656,13,269596
5750,0.001943,172.31.36.0-255,66,240722,13,269596
5751,0.001984,172.31.36.0-255,66,240788,13,269596
5752,0.001988,172.253.118.0-255,1484,242272,13,269596
5753,0.002017,172.253.118.0-255,5738,248010,13,269596
5754,0.00202,172.31.36.0-255,66,248076,13,269596
5755,0.002028,172.253.118.0-255,7856,255932,13,269596
5756,0.002031,172.31.36.0-255,66,255998,13,269596
5757,0.002042,172.253.118.0-255,4320,260318,13,269596
5758,0.002045,172.31.36.0-255,66,260384,13,269596
5759,0.002095,172.31.36.0-255,66,260450,13,269596
5760,0.002115,172.31.36.0-255,66,260516,13,269596
5761,0.002143,172.253.118.0-255,5738,266254,13,269596
5762,0.002147,172.31.36.0-255,66,266320,13,269596
5763,0.002188,172.253.118.0-255,2868,269188,13,269596
5764,0.002192,172.31.36.0-255,66,269254,13,269596
5765,0.002221,172.253.118.0-255,105,269359,13,269596
5766,0.008704,172.31.36.0-255,66,269425,13,269596
5767,0.008733,172.31.36.0-255,105,269530,13,269596
5768,0.011042,172.253.118.0-255,66,269596,13,269596
5769,0.0,216.58.221.0-255,154,154,13,260095
5770,1.7e-05,172.31.36.0-255,66,220,13,260095
5771,2.3e-05,216.58.221.0-255,1484,1704,13,260095
5772,2.7e-05,172.31.36.0-255,66,1770,13,260095
5773,3e-05,216.58.221.0-255,1484,3254,13,260095
5774,4.3e-05,172.31.36.0-255,66,3320,13,260095
5775,7.5e-05,216.58.221.0-255,1484,4804,13,260095
5776,7.8e-05,172.31.36.0-255,66,4870,13,260095
5777,8.6e-05,216.58.221.0-255,7156,12026,13,260095
5778,8.8e-05,172.31.36.0-255,66,12092,13,260095
5779,9.7e-05,216.58.221.0-255,2068,14160,13,260095
5780,9.9e-05,172.31.36.0-255,66,14226,13,260095
5781,0.000104,216.58.221.0-255,2902,17128,13,260095
5782,0.000106,172.31.36.0-255,66,17194,13,260095
5783,0.000112,216.58.221.0-255,7156,24350,13,260095
5784,0.000114,172.31.36.0-255,66,24416,13,260095
5785,0.000121,216.58.221.0-255,6797,31213,13,260095
5786,0.000123,172.31.36.0-255,66,31279,13,260095
5787,0.000166,216.58.221.0-255,1484,32763,13,260095
5788,0.000169,172.31.36.0-255,66,32829,13,260095
5789,0.000173,216.58.221.0-255,2902,35731,13,260095
5790,0.000175,172.31.36.0-255,66,35797,13,260095
5791,0.000179,216.58.221.0-255,2902,38699,13,260095
5792,0.000181,172.31.36.0-255,66,38765,13,260095
5793,0.000213,216.58.221.0-255,2902,41667,13,260095
5794,0.000216,172.31.36.0-255,66,41733,13,260095
5795,0.000223,216.58.221.0-255,6797,48530,13,260095
5796,0.000225,172.31.36.0-255,66,48596,13,260095
5797,0.000294,216.58.221.0-255,1484,50080,13,260095
5798,0.000296,172.31.36.0-255,66,50146,13,260095
5799,0.000301,216.58.221.0-255,2902,53048,13,260095
5800,0.000303,172.31.36.0-255,66,53114,13,260095
5801,0.000339,216.58.221.0-255,5738,58852,13,260095
5802,0.000341,172.31.36.0-255,66,58918,13,260095
5803,0.000348,216.58.221.0-255,6797,65715,13,260095
5804,0.00035,172.31.36.0-255,66,65781,13,260095
5805,0.000367,216.58.221.0-255,391,66172,13,260095
5806,0.000983,216.58.221.0-255,117,66289,13,260095
5807,0.001112,216.58.221.0-255,1484,67773,13,260095
5808,0.001119,172.31.36.0-255,66,67839,13,260095
5809,0.001126,216.58.221.0-255,2902,70741,13,260095
5810,0.001128,172.31.36.0-255,66,70807,13,260095
5811,0.001133,216.58.221.0-255,4320,75127,13,260095
5812,0.001143,172.31.36.0-255,66,75193,13,260095
5813,0.001174,216.58.221.0-255,1484,76677,13,260095
5814,0.001178,216.58.221.0-255,1484,78161,13,260095
5815,0.001181,172.31.36.0-255,66,78227,13,260095
5816,0.001187,216.58.221.0-255,2902,81129,13,260095
5817,0.001188,172.31.36.0-255,66,81195,13,260095
5818,0.001193,216.58.221.0-255,2902,84097,13,260095
5819,0.001195,172.31.36.0-255,66,84163,13,260095
5820,0.001232,216.58.221.0-255,3961,88124,13,260095
5821,0.001235,172.31.36.0-255,66,88190,13,260095
5822,0.001243,216.58.221.0-255,7156,95346,13,260095
5823,0.001246,172.31.36.0-255,66,95412,13,260095
5824,0.001259,216.58.221.0-255,5379,100791,13,260095
5825,0.001262,172.31.36.0-255,66,100857,13,260095
5826,0.001401,216.58.221.0-255,1484,102341,13,260095
5827,0.001407,216.58.221.0-255,2902,105243,13,260095
5828,0.001411,172.31.36.0-255,66,105309,13,260095
5829,0.001416,216.58.221.0-255,4320,109629,13,260095
5830,0.001418,172.31.36.0-255,66,109695,13,260095
5831,0.001436,216.58.221.0-255,1484,111179,13,260095
5832,0.001447,216.58.221.0-255,4320,115499,13,260095
5833,0.001449,172.31.36.0-255,66,115565,13,260095
5834,0.001482,216.58.221.0-255,8574,124139,13,260095
5835,0.001486,172.31.36.0-255,66,124205,13,260095
5836,0.001492,216.58.221.0-255,5738,129943,13,260095
5837,0.001495,172.31.36.0-255,66,130009,13,260095
5838,0.00153,216.58.221.0-255,5020,135029,13,260095
5839,0.001533,172.31.36.0-255,66,135095,13,260095
5840,0.001568,216.58.221.0-255,1484,136579,13,260095
5841,0.001581,216.58.221.0-255,1484,138063,13,260095
5842,0.001584,172.31.36.0-255,66,138129,13,260095
5843,0.001608,216.58.221.0-255,1484,139613,13,260095
5844,0.001615,216.58.221.0-255,5738,145351,13,260095
5845,0.001618,172.31.36.0-255,66,145417,13,260095
5846,0.001622,216.58.221.0-255,2902,148319,13,260095
5847,0.001625,172.31.36.0-255,66,148385,13,260095
5848,0.001629,216.58.221.0-255,2902,151287,13,260095
5849,0.001636,172.31.36.0-255,66,151353,13,260095
5850,0.001672,216.58.221.0-255,1484,152837,13,260095
5851,0.00168,216.58.221.0-255,8574,161411,13,260095
5852,0.001683,172.31.36.0-255,66,161477,13,260095
5853,0.001689,216.58.221.0-255,5738,167215,13,260095
5854,0.001692,172.31.36.0-255,66,167281,13,260095
5855,0.001727,216.58.221.0-255,2184,169465,13,260095
5856,0.001731,172.31.36.0-255,66,169531,13,260095
5857,0.001785,216.58.221.0-255,1484,171015,13,260095
5858,0.001791,216.58.221.0-255,2902,173917,13,260095
5859,0.001794,172.31.36.0-255,66,173983,13,260095
5860,0.001829,216.58.221.0-255,5738,179721,13,260095
5861,0.001833,172.31.36.0-255,66,179787,13,260095
5862,0.00184,216.58.221.0-255,7156,186943,13,260095
5863,0.001842,172.31.36.0-255,66,187009,13,260095
5864,0.001856,216.58.221.0-255,8574,195583,13,260095
5865,0.00186,172.31.36.0-255,66,195649,13,260095
5866,0.001863,216.58.221.0-255,1484,197133,13,260095
5867,0.001899,216.58.221.0-255,6438,203571,13,260095
5868,0.001903,172.31.36.0-255,66,203637,13,260095
5869,0.001945,216.58.221.0-255,1484,205121,13,260095
5870,0.001956,216.58.221.0-255,1484,206605,13,260095
5871,0.001959,172.31.36.0-255,66,206671,13,260095
5872,0.003842,216.58.221.0-255,2902,209573,13,260095
5873,0.003849,172.31.36.0-255,66,209639,13,260095
5874,0.003887,216.58.221.0-255,2902,212541,13,260095
5875,0.00389,172.31.36.0-255,66,212607,13,260095
5876,0.005828,216.58.221.0-255,2902,215509,13,260095
5877,0.005834,172.31.36.0-255,66,215575,13,260095
5878,0.00586,216.58.221.0-255,2902,218477,13,260095
5879,0.005863,172.31.36.0-255,66,218543,13,260095
5880,0.007767,216.58.221.0-255,2902,221445,13,260095
5881,0.007771,172.31.36.0-255,66,221511,13,260095
5882,0.007808,216.58.221.0-255,2902,224413,13,260095
5883,0.007811,172.31.36.0-255,66,224479,13,260095
5884,0.009715,216.58.221.0-255,2902,227381,13,260095
5885,0.009722,172.31.36.0-255,66,227447,13,260095
5886,0.009749,216.58.221.0-255,2902,230349,13,260095
5887,0.009753,172.31.36.0-255,66,230415,13,260095
5888,0.011664,216.58.221.0-255,2902,233317,13,260095
5889,0.011671,172.31.36.0-255,66,233383,13,260095
5890,0.01169,216.58.221.0-255,2902,236285,13,260095
5891,0.011693,172.31.36.0-255,66,236351,13,260095
5892,0.01362,216.58.221.0-255,2902,239253,13,260095
5893,0.013627,172.31.36.0-255,66,239319,13,260095
5894,0.013665,216.58.221.0-255,2902,242221,13,260095
5895,0.013669,172.31.36.0-255,66,242287,13,260095
5896,0.01557,216.58.221.0-255,2902,245189,13,260095
5897,0.015579,172.31.36.0-255,66,245255,13,260095
5898,0.015628,216.58.221.0-255,2902,248157,13,260095
5899,0.015632,172.31.36.0-255,66,248223,13,260095
5900,0.017536,216.58.221.0-255,2902,251125,13,260095
5901,0.017543,172.31.36.0-255,66,251191,13,260095
5902,0.017564,216.58.221.0-255,2902,254093,13,260095
5903,0.017568,172.31.36.0-255,66,254159,13,260095
5904,0.019483,216.58.221.0-255,2902,257061,13,260095
5905,0.019489,172.31.36.0-255,66,257127,13,260095
5906,0.019518,216.58.221.0-255,2902,260029,13,260095
5907,0.01952,172.31.36.0-255,66,260095,13,260095
5908,0.0,74.125.68.0-255,153,153,13,215713
5909,3.4e-05,172.31.36.0-255,66,219,13,215713
5910,4.1e-05,74.125.68.0-255,1484,1703,13,215713
5911,4.6e-05,172.31.36.0-255,66,1769,13,215713
5912,5.1e-05,74.125.68.0-255,2902,4671,13,215713
5913,5.5e-05,172.31.36.0-255,66,4737,13,215713
5914,6.1e-05,74.125.68.0-255,5738,10475,13,215713
5915,6.4e-05,172.31.36.0-255,66,10541,13,215713
5916,0.000106,74.125.68.0-255,7709,18250,13,215713
5917,0.00011,172.31.36.0-255,66,18316,13,215713
5918,0.000119,74.125.68.0-255,8574,26890,13,215713
5919,0.000121,172.31.36.0-255,66,26956,13,215713
5920,0.000151,74.125.68.0-255,3961,30917,13,215713
5921,0.000154,172.31.36.0-255,66,30983,13,215713
5922,0.000208,74.125.68.0-255,1484,32467,13,215713
5923,0.000211,172.31.36.0-255,66,32533,13,215713
5924,0.000226,74.125.68.0-255,2902,35435,13,215713
5925,0.000229,172.31.36.0-255,66,35501,13,215713
5926,0.000232,74.125.68.0-255,1484,36985,13,215713
5927,0.000234,172.31.36.0-255,66,37051,13,215713
5928,0.00025,74.125.68.0-255,2902,39953,13,215713
5929,0.000253,172.31.36.0-255,66,40019,13,215713
5930,0.000282,74.125.68.0-255,5738,45757,13,215713
5931,0.000285,172.31.36.0-255,66,45823,13,215713
5932,0.000308,74.125.68.0-255,3961,49784,13,215713
5933,0.000311,172.31.36.0-255,66,49850,13,215713
5934,0.000316,74.125.68.0-255,2902,52752,13,215713
5935,0.000319,172.31.36.0-255,66,52818,13,215713
5936,0.000352,74.125.68.0-255,9992,62810,13,215713
5937,0.000357,172.31.36.0-255,66,62876,13,215713
5938,0.000376,74.125.68.0-255,2853,65729,13,215713
5939,0.000379,172.31.36.0-255,66,65795,13,215713
5940,0.000382,74.125.68.0-255,376,66171,13,215713
5941,0.000638,74.125.68.0-255,1484,67655,13,215713
5942,0.000643,172.31.36.0-255,66,67721,13,215713
5943,0.000649,74.125.68.0-255,2902,70623,13,215713
5944,0.000651,172.31.36.0-255,66,70689,13,215713
5945,0.000675,74.125.68.0-255,4320,75009,13,215713
5946,0.00068,172.31.36.0-255,66,75075,13,215713
5947,0.000698,74.125.68.0-255,7156,82231,13,215713
5948,0.000701,172.31.36.0-255,66,82297,13,215713
5949,0.000724,74.125.68.0-255,1484,83781,13,215713
5950,0.000736,74.125.68.0-255,5738,89519,13,215713
5951,0.000739,172.31.36.0-255,66,89585,13,215713
5952,0.000758,74.125.68.0-255,1484,91069,13,215713
5953,0.000784,74.125.68.0-255,9274,100343,13,215713
5954,0.000787,172.31.36.0-255,66,100409,13,215713
5955,0.000908,74.125.68.0-255,1484,101893,13,215713
5956,0.00093,74.125.68.0-255,2902,104795,13,215713
5957,0.000934,172.31.36.0-255,66,104861,13,215713
5958,0.000937,74.125.68.0-255,1484,106345,13,215713
5959,0.000958,74.125.68.0-255,2902,109247,13,215713
5960,0.000963,74.125.68.0-255,5738,114985,13,215713
5961,0.000964,172.31.36.0-255,66,115051,13,215713
5962,0.000967,172.31.36.0-255,66,115117,13,215713
5963,0.000994,74.125.68.0-255,5738,120855,13,215713
5964,0.000999,172.31.36.0-255,66,120921,13,215713
5965,0.001011,74.125.68.0-255,4320,125241,13,215713
5966,0.001014,172.31.36.0-255,66,125307,13,215713
5967,0.001041,74.125.68.0-255,4320,129627,13,215713
5968,0.001045,172.31.36.0-255,66,129693,13,215713
5969,0.001059,74.125.68.0-255,5020,134713,13,215713
5970,0.001062,172.31.36.0-255,66,134779,13,215713
5971,0.001761,74.125.68.0-255,1484,136263,13,215713
5972,0.001773,74.125.68.0-255,2902,139165,13,215713
5973,0.001777,172.31.36.0-255,66,139231,13,215713
5974,0.001785,74.125.68.0-255,4320,143551,13,215713
5975,0.001788,172.31.36.0-255,66,143617,13,215713
5976,0.001815,74.125.68.0-255,1484,145101,13,215713
5977,0.001822,74.125.68.0-255,2902,148003,13,215713
5978,0.001824,172.31.36.0-255,66,148069,13,215713
5979,0.00183,74.125.68.0-255,4320,152389,13,215713
5980,0.001832,172.31.36.0-255,66,152455,13,215713
5981,0.001863,74.125.68.0-255,8574,161029,13,215713
5982,0.001865,172.31.36.0-255,66,161095,13,215713
5983,0.001869,74.125.68.0-255,1484,162579,13,215713
5984,0.001887,74.125.68.0-255,2902,165481,13,215713
5985,0.001889,172.31.36.0-255,66,165547,13,215713
5986,0.00191,74.125.68.0-255,3602,169149,13,215713
5987,0.001913,172.31.36.0-255,66,169215,13,215713
5988,0.003962,74.125.68.0-255,1484,170699,13,215713
5989,0.003992,74.125.68.0-255,4320,175019,13,215713
5990,0.003996,172.31.36.0-255,66,175085,13,215713
5991,0.00608,74.125.68.0-255,5738,180823,13,215713
5992,0.006089,172.31.36.0-255,66,180889,13,215713
5993,0.008187,74.125.68.0-255,5738,186627,13,215713
5994,0.008209,172.31.36.0-255,66,186693,13,215713
5995,0.010294,74.125.68.0-255,5738,192431,13,215713
5996,0.010301,172.31.36.0-255,66,192497,13,215713
5997,0.012438,74.125.68.0-255,5738,198235,13,215713
5998,0.012448,172.31.36.0-255,66,198301,13,215713
5999,0.014541,74.125.68.0-255,5738,204039,13,215713
6000,0.014551,172.31.36.0-255,66,204105,13,215713
6001,0.016643,74.125.68.0-255,5738,209843,13,215713
6002,0.016653,172.31.36.0-255,66,209909,13,215713
6003,0.018746,74.125.68.0-255,5738,215647,13,215713
6004,0.018755,172.31.36.0-255,66,215713,13,215713
6005,0.0,172.217.194.0-255,153,153,13,252105
6006,2.3e-05,172.31.36.0-255,66,219,13,252105
6007,3.1e-05,172.217.194.0-255,1484,1703,13,252105
6008,3.6e-05,172.31.36.0-255,66,1769,13,252105
6009,5.3e-05,172.217.194.0-255,2902,4671,13,252105
6010,5.7e-05,172.31.36.0-255,66,4737,13,252105
6011,6.6e-05,172.217.194.0-255,7156,11893,13,252105
6012,6.8e-05,172.31.36.0-255,66,11959,13,252105
6013,7.5e-05,172.217.194.0-255,4887,16846,13,252105
6014,7.8e-05,172.31.36.0-255,66,16912,13,252105
6015,8.4e-05,172.217.194.0-255,4320,21232,13,252105
6016,8.7e-05,172.31.36.0-255,66,21298,13,252105
6017,0.000121,172.217.194.0-255,1484,22782,13,252105
6018,0.000124,172.31.36.0-255,66,22848,13,252105
6019,0.000133,172.217.194.0-255,7156,30004,13,252105
6020,0.000136,172.31.36.0-255,66,30070,13,252105
6021,0.00016,172.217.194.0-255,1125,31195,13,252105
6022,0.000163,172.31.36.0-255,66,31261,13,252105
6023,0.000191,172.217.194.0-255,1484,32745,13,252105
6024,0.000194,172.31.36.0-255,66,32811,13,252105
6025,0.000198,172.217.194.0-255,2902,35713,13,252105
6026,0.000201,172.31.36.0-255,66,35779,13,252105
6027,0.000212,172.217.194.0-255,5738,41517,13,252105
6028,0.000215,172.31.36.0-255,66,41583,13,252105
6029,0.000255,172.217.194.0-255,9633,51216,13,252105
6030,0.000257,172.31.36.0-255,66,51282,13,252105
6031,0.000267,172.217.194.0-255,9992,61274,13,252105
6032,0.000276,172.31.36.0-255,66,61340,13,252105
6033,0.000281,172.217.194.0-255,4234,65574,13,252105
6034,0.000284,172.31.36.0-255,66,65640,13,252105
6035,0.000325,172.217.194.0-255,116,65756,13,252105
6036,0.000327,172.31.36.0-255,66,65822,13,252105
6037,0.000352,172.217.194.0-255,385,66207,13,252105
6038,0.000676,172.217.194.0-255,1484,67691,13,252105
6039,0.000682,172.31.36.0-255,66,67757,13,252105
6040,0.000687,172.217.194.0-255,2902,70659,13,252105
6041,0.00069,172.31.36.0-255,66,70725,13,252105
6042,0.000698,172.217.194.0-255,4320,75045,13,252105
6043,0.000701,172.31.36.0-255,66,75111,13,252105
6044,0.000741,172.217.194.0-255,1484,76595,13,252105
6045,0.000755,172.31.36.0-255,66,76661,13,252105
6046,0.000764,172.217.194.0-255,10692,87353,13,252105
6047,0.000771,172.31.36.0-255,66,87419,13,252105
6048,0.001235,172.217.194.0-255,1484,88903,13,252105
6049,0.001241,172.217.194.0-255,2902,91805,13,252105
6050,0.001244,172.31.36.0-255,66,91871,13,252105
6051,0.001248,172.217.194.0-255,1484,93355,13,252105
6052,0.001272,172.217.194.0-255,4320,97675,13,252105
6053,0.001274,172.31.36.0-255,66,97741,13,252105
6054,0.001281,172.217.194.0-255,5738,103479,13,252105
6055,0.001282,172.31.36.0-255,66,103545,13,252105
6056,0.001305,172.217.194.0-255,7156,110701,13,252105
6057,0.001307,172.31.36.0-255,66,110767,13,252105
6058,0.001318,172.217.194.0-255,8574,119341,13,252105
6059,0.00132,172.31.36.0-255,66,119407,13,252105
6060,0.001349,172.217.194.0-255,2184,121591,13,252105
6061,0.001351,172.31.36.0-255,66,121657,13,252105
6062,0.001504,172.217.194.0-255,1484,123141,13,252105
6063,0.001509,172.217.194.0-255,2902,126043,13,252105
6064,0.001511,172.31.36.0-255,66,126109,13,252105
6065,0.001544,172.217.194.0-255,5738,131847,13,252105
6066,0.001547,172.31.36.0-255,66,131913,13,252105
6067,0.001559,172.31.36.0-255,66,131979,13,252105
6068,0.001573,172.217.194.0-255,10692,142671,13,252105
6069,0.001574,172.31.36.0-255,66,142737,13,252105
6070,0.001737,172.217.194.0-255,1484,144221,13,252105
6071,0.001742,172.217.194.0-255,2902,147123,13,252105
6072,0.001744,172.31.36.0-255,66,147189,13,252105
6073,0.001749,172.217.194.0-255,2902,150091,13,252105
6074,0.001751,172.31.36.0-255,66,150157,13,252105
6075,0.001771,172.217.194.0-255,2902,153059,13,252105
6076,0.001773,172.31.36.0-255,66,153125,13,252105
6077,0.001783,172.217.194.0-255,7156,160281,13,252105
6078,0.001785,172.31.36.0-255,66,160347,13,252105
6079,0.001826,172.31.36.0-255,66,160413,13,252105
6080,0.00183,172.217.194.0-255,2184,162597,13,252105
6081,0.001832,172.31.36.0-255,66,162663,13,252105
6082,0.002222,172.217.194.0-255,1484,164147,13,252105
6083,0.002226,172.217.194.0-255,2902,167049,13,252105
6084,0.002229,172.31.36.0-255,66,167115,13,252105
6085,0.002269,172.217.194.0-255,5738,172853,13,252105
6086,0.002272,172.31.36.0-255,66,172919,13,252105
6087,0.002275,172.217.194.0-255,1484,174403,13,252105
6088,0.002305,172.217.194.0-255,5738,180141,13,252105
6089,0.002308,172.31.36.0-255,66,180207,13,252105
6090,0.002315,172.217.194.0-255,8574,188781,13,252105
6091,0.002317,172.31.36.0-255,66,188847,13,252105
6092,0.00232,172.217.194.0-255,1484,190331,13,252105
6093,0.002348,172.217.194.0-255,6438,196769,13,252105
6094,0.00235,172.31.36.0-255,66,196835,13,252105
6095,0.00249,172.217.194.0-255,1484,198319,13,252105
6096,0.002496,172.217.194.0-255,2902,201221,13,252105
6097,0.002498,172.31.36.0-255,66,201287,13,252105
6098,0.002529,172.217.194.0-255,5738,207025,13,252105
6099,0.002532,172.31.36.0-255,66,207091,13,252105
6100,0.002546,172.217.194.0-255,7156,214247,13,252105
6101,0.002548,172.31.36.0-255,66,214313,13,252105
6102,0.002552,172.217.194.0-255,2902,217215,13,252105
6103,0.002554,172.31.36.0-255,66,217281,13,252105
6104,0.005079,172.217.194.0-255,5738,223019,13,252105
6105,0.005086,172.31.36.0-255,66,223085,13,252105
6106,0.007619,172.217.194.0-255,5738,228823,13,252105
6107,0.007625,172.31.36.0-255,66,228889,13,252105
6108,0.010147,172.217.194.0-255,5738,234627,13,252105
6109,0.010154,172.31.36.0-255,66,234693,13,252105
6110,0.012683,172.217.194.0-255,5738,240431,13,252105
6111,0.012692,172.31.36.0-255,66,240497,13,252105
6112,0.015251,172.217.194.0-255,5738,246235,13,252105
6113,0.015261,172.31.36.0-255,66,246301,13,252105
6114,0.017784,172.217.194.0-255,5738,252039,13,252105
6115,0.017793,172.31.36.0-255,66,252105,13,252105
6116,0.0,74.125.200.0-255,153,153,13,308417
6117,3.3e-05,172.31.36.0-255,66,219,13,308417
6118,4.1e-05,74.125.200.0-255,1484,1703,13,308417
6119,4.6e-05,172.31.36.0-255,66,1769,13,308417
6120,5.1e-05,74.125.200.0-255,2902,4671,13,308417
6121,5.4e-05,172.31.36.0-255,66,4737,13,308417
6122,5.9e-05,74.125.200.0-255,4320,9057,13,308417
6123,6.1e-05,172.31.36.0-255,66,9123,13,308417
6124,8.7e-05,74.125.200.0-255,2902,12025,13,308417
6125,9e-05,172.31.36.0-255,66,12091,13,308417
6126,0.000105,74.125.200.0-255,2054,14145,13,308417
6127,0.000108,172.31.36.0-255,66,14211,13,308417
6128,0.000218,74.125.200.0-255,1484,15695,13,308417
6129,0.000222,172.31.36.0-255,66,15761,13,308417
6130,0.000228,74.125.200.0-255,2902,18663,13,308417
6131,0.000231,172.31.36.0-255,66,18729,13,308417
6132,0.000249,74.125.200.0-255,2902,21631,13,308417
6133,0.000251,172.31.36.0-255,66,21697,13,308417
6134,0.000257,74.125.200.0-255,4320,26017,13,308417
6135,0.000258,172.31.36.0-255,66,26083,13,308417
6136,0.000295,74.125.200.0-255,8215,34298,13,308417
6137,0.000299,172.31.36.0-255,66,34364,13,308417
6138,0.000304,74.125.200.0-255,4320,38684,13,308417
6139,0.000306,172.31.36.0-255,66,38750,13,308417
6140,0.000321,74.125.200.0-255,4320,43070,13,308417
6141,0.000324,172.31.36.0-255,66,43136,13,308417
6142,0.000361,172.31.36.0-255,66,43202,13,308417
6143,0.000406,74.125.200.0-255,9274,52476,13,308417
6144,0.00041,172.31.36.0-255,66,52542,13,308417
6145,0.000426,74.125.200.0-255,401,52943,13,308417
6146,0.000428,172.31.36.0-255,66,53009,13,308417
6147,0.000524,74.125.200.0-255,111,53120,13,308417
6148,0.000556,74.125.200.0-255,329,53449,13,308417
6149,0.000802,172.31.36.0-255,66,53515,13,308417
6150,0.000893,74.125.200.0-255,1484,54999,13,308417
6151,0.000914,74.125.200.0-255,2902,57901,13,308417
6152,0.000918,172.31.36.0-255,66,57967,13,308417
6153,0.000925,74.125.200.0-255,5738,63705,13,308417
6154,0.000927,172.31.36.0-255,66,63771,13,308417
6155,0.000956,74.125.200.0-255,7156,70927,13,308417
6156,0.00096,172.31.36.0-255,66,70993,13,308417
6157,0.000985,74.125.200.0-255,4320,75313,13,308417
6158,0.000989,172.31.36.0-255,66,75379,13,308417
6159,0.001002,172.31.36.0-255,66,75445,13,308417
6160,0.001197,74.125.200.0-255,1484,76929,13,308417
6161,0.001204,74.125.200.0-255,2902,79831,13,308417
6162,0.001208,172.31.36.0-255,66,79897,13,308417
6163,0.001231,74.125.200.0-255,5738,85635,13,308417
6164,0.001235,172.31.36.0-255,66,85701,13,308417
6165,0.001269,172.31.36.0-255,66,85767,13,308417
6166,0.001303,74.125.200.0-255,2902,88669,13,308417
6167,0.001307,172.31.36.0-255,66,88735,13,308417
6168,0.001334,74.125.200.0-255,7856,96591,13,308417
6169,0.001337,172.31.36.0-255,66,96657,13,308417
6170,0.001356,74.125.200.0-255,4320,100977,13,308417
6171,0.00136,172.31.36.0-255,66,101043,13,308417
6172,0.00139,74.125.200.0-255,5738,106781,13,308417
6173,0.001408,74.125.200.0-255,8574,115355,13,308417
6174,0.001414,172.31.36.0-255,66,115421,13,308417
6175,0.001424,172.31.36.0-255,66,115487,13,308417
6176,0.001427,172.31.36.0-255,66,115553,13,308417
6177,0.001431,74.125.200.0-255,1484,117037,13,308417
6178,0.001452,74.125.200.0-255,2184,119221,13,308417
6179,0.001456,172.31.36.0-255,66,119287,13,308417
6180,0.001479,74.125.200.0-255,1484,120771,13,308417
6181,0.001494,74.125.200.0-255,1484,122255,13,308417
6182,0.001497,172.31.36.0-255,66,122321,13,308417
6183,0.001505,74.125.200.0-255,7156,129477,13,308417
6184,0.001506,172.31.36.0-255,66,129543,13,308417
6185,0.001524,74.125.200.0-255,5738,135281,13,308417
6186,0.001526,172.31.36.0-255,66,135347,13,308417
6187,0.001549,74.125.200.0-255,2902,138249,13,308417
6188,0.001551,172.31.36.0-255,66,138315,13,308417
6189,0.001557,74.125.200.0-255,5738,144053,13,308417
6190,0.001559,172.31.36.0-255,66,144119,13,308417
6191,0.001562,74.125.200.0-255,1484,145603,13,308417
6192,0.001582,74.125.200.0-255,5738,151341,13,308417
6193,0.001584,172.31.36.0-255,66,151407,13,308417
6194,0.001607,74.125.200.0-255,2184,153591,13,308417
6195,0.00161,172.31.36.0-255,66,153657,13,308417
6196,0.001688,74.125.200.0-255,1484,155141,13,308417
6197,0.001703,74.125.200.0-255,2902,158043,13,308417
6198,0.001706,172.31.36.0-255,66,158109,13,308417
6199,0.001758,74.125.200.0-255,5738,163847,13,308417
6200,0.001761,172.31.36.0-255,66,163913,13,308417
6201,0.001773,172.31.36.0-255,66,163979,13,308417
6202,0.001777,74.125.200.0-255,4320,168299,13,308417
6203,0.001779,172.31.36.0-255,66,168365,13,308417
6204,0.001814,74.125.200.0-255,6438,174803,13,308417
6205,0.001818,172.31.36.0-255,66,174869,13,308417
6206,0.001861,74.125.200.0-255,2902,177771,13,308417
6207,0.001864,172.31.36.0-255,66,177837,13,308417
6208,0.001868,74.125.200.0-255,1484,179321,13,308417
6209,0.001884,74.125.200.0-255,2902,182223,13,308417
6210,0.001886,172.31.36.0-255,66,182289,13,308417
6211,0.00189,74.125.200.0-255,2902,185191,13,308417
6212,0.001891,172.31.36.0-255,66,185257,13,308417
6213,0.001913,74.125.200.0-255,5738,190995,13,308417
6214,0.001921,172.31.36.0-255,66,191061,13,308417
6215,0.001927,74.125.200.0-255,7156,198217,13,308417
6216,0.00193,172.31.36.0-255,66,198283,13,308417
6217,0.001936,74.125.200.0-255,5738,204021,13,308417
6218,0.001938,172.31.36.0-255,66,204087,13,308417
6219,0.00196,74.125.200.0-255,2902,206989,13,308417
6220,0.001962,172.31.36.0-255,66,207055,13,308417
6221,0.001969,74.125.200.0-255,6438,213493,13,308417
6222,0.001981,172.31.36.0-255,66,213559,13,308417
6223,0.001988,74.125.200.0-255,7156,220715,13,308417
6224,0.001999,172.31.36.0-255,66,220781,13,308417
6225,0.002021,74.125.200.0-255,5738,226519,13,308417
6226,0.002023,172.31.36.0-255,66,226585,13,308417
6227,0.002046,74.125.200.0-255,4320,230905,13,308417
6228,0.002049,172.31.36.0-255,66,230971,13,308417
6229,0.002062,74.125.200.0-255,766,231737,13,308417
6230,0.002077,172.31.36.0-255,66,231803,13,308417
6231,0.002133,74.125.200.0-255,1484,233287,13,308417
6232,0.002138,74.125.200.0-255,2902,236189,13,308417
6233,0.002143,172.31.36.0-255,66,236255,13,308417
6234,0.002159,74.125.200.0-255,5738,241993,13,308417
6235,0.002162,74.125.200.0-255,1484,243477,13,308417
6236,0.002166,172.31.36.0-255,66,243543,13,308417
6237,0.002179,74.125.200.0-255,1484,245027,13,308417
6238,0.002184,74.125.200.0-255,4320,249347,13,308417
6239,0.002194,172.31.36.0-255,66,249413,13,308417
6240,0.002209,74.125.200.0-255,8574,257987,13,308417
6241,0.002213,74.125.200.0-255,4320,262307,13,308417
6242,0.00223,74.125.200.0-255,2902,265209,13,308417
6243,0.00224,172.31.36.0-255,66,265275,13,308417
6244,0.002247,74.125.200.0-255,766,266041,13,308417
6245,0.002284,74.125.200.0-255,1484,267525,13,308417
6246,0.002287,74.125.200.0-255,1484,269009,13,308417
6247,0.002305,172.31.36.0-255,66,269075,13,308417
6248,0.004509,74.125.200.0-255,1484,270559,13,308417
6249,0.00457,74.125.200.0-255,4320,274879,13,308417
6250,0.004575,172.31.36.0-255,66,274945,13,308417
6251,0.006847,74.125.200.0-255,5738,280683,13,308417
6252,0.006854,172.31.36.0-255,66,280749,13,308417
6253,0.009326,74.125.200.0-255,5738,286487,13,308417
6254,0.009337,172.31.36.0-255,66,286553,13,308417
6255,0.011612,74.125.200.0-255,4320,290873,13,308417
6256,0.01162,172.31.36.0-255,66,290939,13,308417
6257,0.011638,74.125.200.0-255,1484,292423,13,308417
6258,0.013903,74.125.200.0-255,4320,296743,13,308417
6259,0.013913,172.31.36.0-255,66,296809,13,308417
6260,0.0162,74.125.200.0-255,5738,302547,13,308417
6261,0.016207,172.31.36.0-255,66,302613,13,308417
6262,0.018484,74.125.200.0-255,5738,308351,13,308417
6263,0.018492,172.31.36.0-255,66,308417,13,308417
6264,0.0,74.125.68.0-255,153,153,13,165892
6265,1.6e-05,172.31.36.0-255,66,219,13,165892
6266,2.4e-05,74.125.68.0-255,1484,1703,13,165892
6267,2.8e-05,172.31.36.0-255,66,1769,13,165892
6268,4.1e-05,74.125.68.0-255,2902,4671,13,165892
6269,4.5e-05,172.31.36.0-255,66,4737,13,165892
6270,5.2e-05,74.125.68.0-255,5738,10475,13,165892
6271,5.5e-05,172.31.36.0-255,66,10541,13,165892
6272,0.000101,74.125.68.0-255,3468,14009,13,165892
6273,0.000104,172.31.36.0-255,66,14075,13,165892
6274,0.000133,74.125.68.0-255,2902,16977,13,165892
6275,0.000136,172.31.36.0-255,66,17043,13,165892
6276,0.000162,74.125.68.0-255,1484,18527,13,165892
6277,0.000164,172.31.36.0-255,66,18593,13,165892
6278,0.000197,74.125.68.0-255,9992,28585,13,165892
6279,0.0002,172.31.36.0-255,66,28651,13,165892
6280,0.000307,74.125.68.0-255,2543,31194,13,165892
6281,0.000314,172.31.36.0-255,66,31260,13,165892
6282,0.000319,74.125.68.0-255,2902,34162,13,165892
6283,0.000321,172.31.36.0-255,66,34228,13,165892
6284,0.000348,74.125.68.0-255,5738,39966,13,165892
6285,0.00035,172.31.36.0-255,66,40032,13,165892
6286,0.000375,74.125.68.0-255,1484,41516,13,165892
6287,0.000377,172.31.36.0-255,66,41582,13,165892
6288,0.000422,74.125.68.0-255,4320,45902,13,165892
6289,0.000426,172.31.36.0-255,66,45968,13,165892
6290,0.000444,74.125.68.0-255,2543,48511,13,165892
6291,0.000447,172.31.36.0-255,66,48577,13,165892
6292,0.000486,74.125.68.0-255,5738,54315,13,165892
6293,0.000489,172.31.36.0-255,66,54381,13,165892
6294,0.00053,172.31.36.0-255,66,54447,13,165892
6295,0.000651,74.125.68.0-255,414,54861,13,165892
6296,0.000674,74.125.68.0-255,1484,56345,13,165892
6297,0.00068,172.31.36.0-255,66,56411,13,165892
6298,0.000691,74.125.68.0-255,4320,60731,13,165892
6299,0.000721,172.31.36.0-255,66,60797,13,165892
6300,0.000758,74.125.68.0-255,7156,67953,13,165892
6301,0.000766,172.31.36.0-255,66,68019,13,165892
6302,0.000782,74.125.68.0-255,2902,70921,13,165892
6303,0.0008,172.31.36.0-255,66,70987,13,165892
6304,0.000843,74.125.68.0-255,5738,76725,13,165892
6305,0.000848,172.31.36.0-255,66,76791,13,165892
6306,0.000924,172.31.36.0-255,66,76857,13,165892
6307,0.001064,172.31.36.0-255,66,76923,13,165892
6308,0.001202,74.125.68.0-255,2902,79825,13,165892
6309,0.001223,74.125.68.0-255,7156,86981,13,165892
6310,0.001229,172.31.36.0-255,66,87047,13,165892
6311,0.001253,74.125.68.0-255,7856,94903,13,165892
6312,0.001272,172.31.36.0-255,66,94969,13,165892
6313,0.001406,172.31.36.0-255,66,95035,13,165892
6314,0.001449,172.31.36.0-255,66,95101,13,165892
6315,0.001766,74.125.68.0-255,9992,105093,13,165892
6316,0.001771,172.31.36.0-255,66,105159,13,165892
6317,0.001799,74.125.68.0-255,5738,110897,13,165892
6318,0.001812,172.31.36.0-255,66,110963,13,165892
6319,0.001927,74.125.68.0-255,7156,118119,13,165892
6320,0.001931,172.31.36.0-255,66,118185,13,165892
6321,0.001974,74.125.68.0-255,9274,127459,13,165892
6322,0.001985,172.31.36.0-255,66,127525,13,165892
6323,0.002042,172.31.36.0-255,101,127626,13,165892
6324,0.002099,74.125.68.0-255,8574,136200,13,165892
6325,0.002105,172.31.36.0-255,66,136266,13,165892
6326,0.002175,172.31.36.0-255,66,136332,13,165892
6327,0.002468,74.125.68.0-255,7156,143488,13,165892
6328,0.002472,172.31.36.0-255,66,143554,13,165892
6329,0.002527,172.31.36.0-255,66,143620,13,165892
6330,0.00269,74.125.68.0-255,7156,150776,13,165892
6331,0.002696,172.31.36.0-255,66,150842,13,165892
6332,0.002807,172.31.36.0-255,66,150908,13,165892
6333,0.003159,74.125.68.0-255,7156,158064,13,165892
6334,0.003167,172.31.36.0-255,66,158130,13,165892
6335,0.003207,172.31.36.0-255,66,158196,13,165892
6336,0.003243,172.31.36.0-255,66,158262,13,165892
6337,0.003598,74.125.68.0-255,7156,165418,13,165892
6338,0.003603,172.31.36.0-255,66,165484,13,165892
6339,0.003658,172.31.36.0-255,66,165550,13,165892
6340,0.004259,74.125.68.0-255,66,165616,13,165892
6341,0.005874,74.125.68.0-255,105,165721,13,165892
6342,0.01023,172.31.36.0-255,105,165826,13,165892
6343,0.017838,74.125.68.0-255,66,165892,13,165892
6344,0.0,172.217.160.0-255,297,297,13,243246
6345,2.8e-05,172.31.36.0-255,66,363,13,243246
6346,3.5e-05,172.217.160.0-255,1484,1847,13,243246
6347,3.9e-05,172.31.36.0-255,66,1913,13,243246
6348,4.8e-05,172.217.160.0-255,4320,6233,13,243246
6349,5.2e-05,172.31.36.0-255,66,6299,13,243246
6350,6.2e-05,172.217.160.0-255,8907,15206,13,243246
6351,6.5e-05,172.31.36.0-255,66,15272,13,243246
6352,7.9e-05,172.31.36.0-255,66,15338,13,243246
6353,8.5e-05,172.217.160.0-255,3961,19299,13,243246
6354,8.8e-05,172.31.36.0-255,66,19365,13,243246
6355,0.000174,172.217.160.0-255,1484,20849,13,243246
6356,0.000177,172.31.36.0-255,66,20915,13,243246
6357,0.000183,172.217.160.0-255,2902,23817,13,243246
6358,0.000186,172.31.36.0-255,66,23883,13,243246
6359,0.000192,172.217.160.0-255,4320,28203,13,243246
6360,0.000194,172.31.36.0-255,66,28269,13,243246
6361,0.000241,172.217.160.0-255,2902,31171,13,243246
6362,0.000244,172.31.36.0-255,66,31237,13,243246
6363,0.000265,172.217.160.0-255,5379,36616,13,243246
6364,0.000268,172.31.36.0-255,66,36682,13,243246
6365,0.000358,172.217.160.0-255,1484,38166,13,243246
6366,0.000362,172.31.36.0-255,66,38232,13,243246
6367,0.000368,172.217.160.0-255,2902,41134,13,243246
6368,0.000371,172.31.36.0-255,66,41200,13,243246
6369,0.000375,172.217.160.0-255,2902,44102,13,243246
6370,0.000378,172.31.36.0-255,66,44168,13,243246
6371,0.000404,172.217.160.0-255,2902,47070,13,243246
6372,0.000406,172.31.36.0-255,66,47136,13,243246
6373,0.000414,172.217.160.0-255,7064,54200,13,243246
6374,0.000417,172.31.36.0-255,66,54266,13,243246
6375,0.00091,172.217.160.0-255,122,54388,13,243246
6376,0.000939,172.217.160.0-255,1484,55872,13,243246
6377,0.000945,172.31.36.0-255,66,55938,13,243246
6378,0.000959,172.217.160.0-255,2902,58840,13,243246
6379,0.000961,172.31.36.0-255,66,58906,13,243246
6380,0.000969,172.217.160.0-255,7156,66062,13,243246
6381,0.000971,172.31.36.0-255,66,66128,13,243246
6382,0.000974,172.217.160.0-255,1484,67612,13,243246
6383,0.001019,172.217.160.0-255,3961,71573,13,243246
6384,0.001022,172.31.36.0-255,66,71639,13,243246
6385,0.001041,172.217.160.0-255,1484,73123,13,243246
6386,0.001061,172.217.160.0-255,2902,76025,13,243246
6387,0.001064,172.31.36.0-255,66,76091,13,243246
6388,0.001087,172.217.160.0-255,5738,81829,13,243246
6389,0.00109,172.31.36.0-255,66,81895,13,243246
6390,0.001094,172.217.160.0-255,2902,84797,13,243246
6391,0.001096,172.31.36.0-255,66,84863,13,243246
6392,0.00112,172.217.160.0-255,3961,88824,13,243246
6393,0.001122,172.31.36.0-255,66,88890,13,243246
6394,0.001495,172.217.160.0-255,1484,90374,13,243246
6395,0.001502,172.217.160.0-255,2902,93276,13,243246
6396,0.001505,172.31.36.0-255,66,93342,13,243246
6397,0.001512,172.217.160.0-255,5738,99080,13,243246
6398,0.001514,172.31.36.0-255,66,99146,13,243246
6399,0.001538,172.217.160.0-255,5738,104884,13,243246
6400,0.001541,172.31.36.0-255,66,104950,13,243246
6401,0.001557,172.217.160.0-255,7156,112106,13,243246
6402,0.00156,172.31.36.0-255,66,112172,13,243246
6403,0.001569,172.217.160.0-255,10692,122864,13,243246
6404,0.001572,172.31.36.0-255,66,122930,13,243246
6405,0.001606,172.217.160.0-255,1484,124414,13,243246
6406,0.001623,172.217.160.0-255,2902,127316,13,243246
6407,0.001626,172.31.36.0-255,66,127382,13,243246
6408,0.001632,172.217.160.0-255,5738,133120,13,243246
6409,0.001634,172.31.36.0-255,66,133186,13,243246
6410,0.00164,172.217.160.0-255,4320,137506,13,243246
6411,0.001642,172.31.36.0-255,66,137572,13,243246
6412,0.00166,172.217.160.0-255,8574,146146,13,243246
6413,0.001662,172.31.36.0-255,66,146212,13,243246
6414,0.001673,172.217.160.0-255,10692,156904,13,243246
6415,0.001675,172.31.36.0-255,66,156970,13,243246
6416,0.001794,172.217.160.0-255,1484,158454,13,243246
6417,0.001799,172.217.160.0-255,2902,161356,13,243246
6418,0.001803,172.31.36.0-255,66,161422,13,243246
6419,0.001809,172.217.160.0-255,5738,167160,13,243246
6420,0.001811,172.31.36.0-255,66,167226,13,243246
6421,0.001826,172.217.160.0-255,4320,171546,13,243246
6422,0.001829,172.31.36.0-255,66,171612,13,243246
6423,0.001857,172.217.160.0-255,8574,180186,13,243246
6424,0.00186,172.31.36.0-255,66,180252,13,243246
6425,0.00187,172.217.160.0-255,10692,190944,13,243246
6426,0.001872,172.31.36.0-255,66,191010,13,243246
6427,0.003752,172.217.160.0-255,5738,196748,13,243246
6428,0.003759,172.31.36.0-255,66,196814,13,243246
6429,0.005652,172.217.160.0-255,5738,202552,13,243246
6430,0.005656,172.31.36.0-255,66,202618,13,243246
6431,0.00754,172.217.160.0-255,5738,208356,13,243246
6432,0.007547,172.31.36.0-255,66,208422,13,243246
6433,0.009428,172.217.160.0-255,5738,214160,13,243246
6434,0.009434,172.31.36.0-255,66,214226,13,243246
6435,0.011314,172.217.160.0-255,5738,219964,13,243246
6436,0.011322,172.31.36.0-255,66,220030,13,243246
6437,0.013205,172.217.160.0-255,5738,225768,13,243246
6438,0.013213,172.31.36.0-255,66,225834,13,243246
6439,0.015102,172.217.160.0-255,5738,231572,13,243246
6440,0.015111,172.31.36.0-255,66,231638,13,243246
6441,0.016999,172.217.160.0-255,5738,237376,13,243246
6442,0.017008,172.31.36.0-255,66,237442,13,243246
6443,0.018894,172.217.160.0-255,5738,243180,13,243246
6444,0.018903,172.31.36.0-255,66,243246,13,243246
6445,0.0,172.217.27.0-255,153,153,13,259386
6446,2.1e-05,172.31.36.0-255,66,219,13,259386
6447,2.9e-05,172.217.27.0-255,1484,1703,13,259386
6448,3.3e-05,172.31.36.0-255,66,1769,13,259386
6449,4.9e-05,172.217.27.0-255,2902,4671,13,259386
6450,5.3e-05,172.31.36.0-255,66,4737,13,259386
6451,5.9e-05,172.217.27.0-255,4320,9057,13,259386
6452,6.2e-05,172.31.36.0-255,66,9123,13,259386
6453,0.000113,172.217.27.0-255,9177,18300,13,259386
6454,0.000117,172.31.36.0-255,66,18366,13,259386
6455,0.000159,172.217.27.0-255,9992,28358,13,259386
6456,0.000162,172.31.36.0-255,66,28424,13,259386
6457,0.000166,172.217.27.0-255,2543,30967,13,259386
6458,0.000169,172.31.36.0-255,66,31033,13,259386
6459,0.000322,172.217.27.0-255,1484,32517,13,259386
6460,0.000326,172.31.36.0-255,66,32583,13,259386
6461,0.000332,172.217.27.0-255,2902,35485,13,259386
6462,0.000334,172.31.36.0-255,66,35551,13,259386
6463,0.000339,172.217.27.0-255,2902,38453,13,259386
6464,0.000347,172.31.36.0-255,66,38519,13,259386
6465,0.000374,172.217.27.0-255,2902,41421,13,259386
6466,0.000396,172.31.36.0-255,66,41487,13,259386
6467,0.000401,172.217.27.0-255,2902,44389,13,259386
6468,0.000404,172.31.36.0-255,66,44455,13,259386
6469,0.000409,172.217.27.0-255,3961,48416,13,259386
6470,0.000412,172.31.36.0-255,66,48482,13,259386
6471,0.000421,172.217.27.0-255,8574,57056,13,259386
6472,0.000424,172.31.36.0-255,66,57122,13,259386
6473,0.000464,172.217.27.0-255,2902,60024,13,259386
6474,0.000466,172.31.36.0-255,66,60090,13,259386
6475,0.000498,172.217.27.0-255,5653,65743,13,259386
6476,0.000502,172.31.36.0-255,66,65809,13,259386
6477,0.000744,172.217.27.0-255,135,65944,13,259386
6478,0.000904,172.217.27.0-255,1484,67428,13,259386
6479,0.00091,172.31.36.0-255,66,67494,13,259386
6480,0.000917,172.217.27.0-255,2902,70396,13,259386
6481,0.000918,172.31.36.0-255,66,70462,13,259386
6482,0.000949,172.217.27.0-255,5738,76200,13,259386
6483,0.000951,172.31.36.0-255,66,76266,13,259386
6484,0.000956,172.217.27.0-255,2902,79168,13,259386
6485,0.000958,172.31.36.0-255,66,79234,13,259386
6486,0.000997,172.217.27.0-255,3961,83195,13,259386
6487,0.001,172.31.36.0-255,66,83261,13,259386
6488,0.001007,172.217.27.0-255,7156,90417,13,259386
6489,0.00101,172.31.36.0-255,66,90483,13,259386
6490,0.001025,172.217.27.0-255,9633,100116,13,259386
6491,0.001027,172.31.36.0-255,66,100182,13,259386
6492,0.001092,172.217.27.0-255,1484,101666,13,259386
6493,0.001095,172.217.27.0-255,1484,103150,13,259386
6494,0.001101,172.31.36.0-255,66,103216,13,259386
6495,0.001123,172.217.27.0-255,1484,104700,13,259386
6496,0.001127,172.217.27.0-255,2902,107602,13,259386
6497,0.00113,172.31.36.0-255,66,107668,13,259386
6498,0.001136,172.217.27.0-255,4320,111988,13,259386
6499,0.001138,172.31.36.0-255,66,112054,13,259386
6500,0.001173,172.217.27.0-255,8574,120628,13,259386
6501,0.001176,172.31.36.0-255,66,120694,13,259386
6502,0.001207,172.217.27.0-255,9992,130686,13,259386
6503,0.001211,172.31.36.0-255,66,130752,13,259386
6504,0.001243,172.217.27.0-255,3602,134354,13,259386
6505,0.001247,172.31.36.0-255,66,134420,13,259386
6506,0.001313,172.217.27.0-255,1484,135904,13,259386
6507,0.001328,172.217.27.0-255,2902,138806,13,259386
6508,0.001331,172.31.36.0-255,66,138872,13,259386
6509,0.001364,172.217.27.0-255,5738,144610,13,259386
6510,0.001368,172.31.36.0-255,66,144676,13,259386
6511,0.001373,172.217.27.0-255,2902,147578,13,259386
6512,0.001375,172.31.36.0-255,66,147644,13,259386
6513,0.001408,172.217.27.0-255,9992,157636,13,259386
6514,0.001411,172.31.36.0-255,66,157702,13,259386
6515,0.001437,172.217.27.0-255,10692,168394,13,259386
6516,0.00144,172.31.36.0-255,66,168460,13,259386
6517,0.001537,172.217.27.0-255,1484,169944,13,259386
6518,0.001544,172.217.27.0-255,2902,172846,13,259386
6519,0.001546,172.31.36.0-255,66,172912,13,259386
6520,0.001579,172.217.27.0-255,5738,178650,13,259386
6521,0.001581,172.31.36.0-255,66,178716,13,259386
6522,0.001587,172.217.27.0-255,4320,183036,13,259386
6523,0.001589,172.31.36.0-255,66,183102,13,259386
6524,0.001624,172.217.27.0-255,5738,188840,13,259386
6525,0.001627,172.31.36.0-255,66,188906,13,259386
6526,0.001635,172.217.27.0-255,8574,197480,13,259386
6527,0.001637,172.31.36.0-255,66,197546,13,259386
6528,0.001708,172.217.27.0-255,4320,201866,13,259386
6529,0.001711,172.31.36.0-255,66,201932,13,259386
6530,0.001737,172.217.27.0-255,766,202698,13,259386
6531,0.002668,172.31.36.0-255,66,202764,13,259386
6532,0.003406,172.217.27.0-255,4320,207084,13,259386
6533,0.003413,172.31.36.0-255,66,207150,13,259386
6534,0.005067,172.217.27.0-255,5738,212888,13,259386
6535,0.005073,172.31.36.0-255,66,212954,13,259386
6536,0.006711,172.217.27.0-255,5738,218692,13,259386
6537,0.006715,172.31.36.0-255,66,218758,13,259386
6538,0.008375,172.217.27.0-255,5738,224496,13,259386
6539,0.00838,172.31.36.0-255,66,224562,13,259386
6540,0.010029,172.217.27.0-255,5738,230300,13,259386
6541,0.010037,172.31.36.0-255,66,230366,13,259386
6542,0.01169,172.217.27.0-255,5738,236104,13,259386
6543,0.011698,172.31.36.0-255,66,236170,13,259386
6544,0.013352,172.217.27.0-255,5738,241908,13,259386
6545,0.013362,172.31.36.0-255,66,241974,13,259386
6546,0.015013,172.217.27.0-255,5738,247712,13,259386
6547,0.01502,172.31.36.0-255,66,247778,13,259386
6548,0.016682,172.217.27.0-255,5738,253516,13,259386
6549,0.01669,172.31.36.0-255,66,253582,13,259386
6550,0.018341,172.217.27.0-255,5738,259320,13,259386
6551,0.018349,172.31.36.0-255,66,259386,13,259386
6552,0.0,74.125.68.0-255,153,153,13,305971
6553,3.7e-05,172.31.36.0-255,66,219,13,305971
6554,4.5e-05,74.125.68.0-255,1484,1703,13,305971
6555,5e-05,172.31.36.0-255,66,1769,13,305971
6556,5.3e-05,74.125.68.0-255,1484,3253,13,305971
6557,5.5e-05,172.31.36.0-255,66,3319,13,305971
6558,6.2e-05,74.125.68.0-255,4320,7639,13,305971
6559,6.5e-05,172.31.36.0-255,66,7705,13,305971
6560,9.5e-05,74.125.68.0-255,6300,14005,13,305971
6561,9.8e-05,172.31.36.0-255,66,14071,13,305971
6562,0.000158,74.125.68.0-255,1484,15555,13,305971
6563,0.000161,172.31.36.0-255,66,15621,13,305971
6564,0.000165,74.125.68.0-255,2902,18523,13,305971
6565,0.000167,172.31.36.0-255,66,18589,13,305971
6566,0.000184,74.125.68.0-255,1484,20073,13,305971
6567,0.000186,172.31.36.0-255,66,20139,13,305971
6568,0.000211,74.125.68.0-255,4320,24459,13,305971
6569,0.000214,172.31.36.0-255,66,24525,13,305971
6570,0.000222,74.125.68.0-255,6797,31322,13,305971
6571,0.000224,172.31.36.0-255,66,31388,13,305971
6572,0.000252,74.125.68.0-255,2902,34290,13,305971
6573,0.000255,172.31.36.0-255,66,34356,13,305971
6574,0.00026,74.125.68.0-255,4320,38676,13,305971
6575,0.000263,172.31.36.0-255,66,38742,13,305971
6576,0.000266,74.125.68.0-255,1484,40226,13,305971
6577,0.000268,172.31.36.0-255,66,40292,13,305971
6578,0.000299,74.125.68.0-255,7156,47448,13,305971
6579,0.000302,172.31.36.0-255,66,47514,13,305971
6580,0.000305,74.125.68.0-255,1125,48639,13,305971
6581,0.000307,172.31.36.0-255,66,48705,13,305971
6582,0.000343,74.125.68.0-255,1484,50189,13,305971
6583,0.000347,172.31.36.0-255,66,50255,13,305971
6584,0.000352,74.125.68.0-255,2902,53157,13,305971
6585,0.000359,172.31.36.0-255,66,53223,13,305971
6586,0.000366,74.125.68.0-255,1484,54707,13,305971
6587,0.000383,74.125.68.0-255,4320,59027,13,305971
6588,0.000394,172.31.36.0-255,66,59093,13,305971
6589,0.000404,74.125.68.0-255,5738,64831,13,305971
6590,0.00041,172.31.36.0-255,66,64897,13,305971
6591,0.000445,74.125.68.0-255,1458,66355,13,305971
6592,0.000618,74.125.68.0-255,110,66465,13,305971
6593,0.000621,172.31.36.0-255,66,66531,13,305971
6594,0.000659,74.125.68.0-255,1484,68015,13,305971
6595,0.000678,74.125.68.0-255,2902,70917,13,305971
6596,0.000691,172.31.36.0-255,66,70983,13,305971
6597,0.000696,74.125.68.0-255,2902,73885,13,305971
6598,0.000708,172.31.36.0-255,66,73951,13,305971
6599,0.00071,74.125.68.0-255,4320,78271,13,305971
6600,0.000721,172.31.36.0-255,66,78337,13,305971
6601,0.000753,74.125.68.0-255,5379,83716,13,305971
6602,0.000758,172.31.36.0-255,66,83782,13,305971
6603,0.000792,74.125.68.0-255,5738,89520,13,305971
6604,0.000796,74.125.68.0-255,2902,92422,13,305971
6605,0.000809,172.31.36.0-255,66,92488,13,305971
6606,0.000816,74.125.68.0-255,4320,96808,13,305971
6607,0.000824,172.31.36.0-255,66,96874,13,305971
6608,0.000857,74.125.68.0-255,4225,101099,13,305971
6609,0.000867,172.31.36.0-255,66,101165,13,305971
6610,0.000903,74.125.68.0-255,1484,102649,13,305971
6611,0.000919,74.125.68.0-255,2902,105551,13,305971
6612,0.000924,172.31.36.0-255,66,105617,13,305971
6613,0.000934,74.125.68.0-255,4320,109937,13,305971
6614,0.000936,172.31.36.0-255,66,110003,13,305971
6615,0.000977,74.125.68.0-255,1484,111487,13,305971
6616,0.000985,74.125.68.0-255,5738,117225,13,305971
6617,0.000991,74.125.68.0-255,7156,124381,13,305971
6618,0.000994,172.31.36.0-255,66,124447,13,305971
6619,0.000999,172.31.36.0-255,66,124513,13,305971
6620,0.001021,74.125.68.0-255,10144,134657,13,305971
6621,0.001025,172.31.36.0-255,66,134723,13,305971
6622,0.001068,74.125.68.0-255,1484,136207,13,305971
6623,0.001094,74.125.68.0-255,2902,139109,13,305971
6624,0.001099,172.31.36.0-255,66,139175,13,305971
6625,0.001124,74.125.68.0-255,5738,144913,13,305971
6626,0.001129,74.125.68.0-255,2902,147815,13,305971
6627,0.001133,74.125.68.0-255,4320,152135,13,305971
6628,0.001134,172.31.36.0-255,66,152201,13,305971
6629,0.001138,74.125.68.0-255,4320,156521,13,305971
6630,0.001141,172.31.36.0-255,66,156587,13,305971
6631,0.001158,74.125.68.0-255,4320,160907,13,305971
6632,0.001158,172.31.36.0-255,66,160973,13,305971
6633,0.001163,74.125.68.0-255,5738,166711,13,305971
6634,0.001163,172.31.36.0-255,66,166777,13,305971
6635,0.001176,172.31.36.0-255,66,166843,13,305971
6636,0.001208,74.125.68.0-255,2184,169027,13,305971
6637,0.001212,172.31.36.0-255,66,169093,13,305971
6638,0.001457,74.125.68.0-255,1484,170577,13,305971
6639,0.001474,74.125.68.0-255,2902,173479,13,305971
6640,0.001479,172.31.36.0-255,66,173545,13,305971
6641,0.001484,74.125.68.0-255,2902,176447,13,305971
6642,0.001493,172.31.36.0-255,66,176513,13,305971
6643,0.001497,74.125.68.0-255,2902,179415,13,305971
6644,0.00151,172.31.36.0-255,66,179481,13,305971
6645,0.00155,74.125.68.0-255,2902,182383,13,305971
6646,0.001554,172.31.36.0-255,66,182449,13,305971
6647,0.001582,74.125.68.0-255,5738,188187,13,305971
6648,0.001588,172.31.36.0-255,66,188253,13,305971
6649,0.001592,74.125.68.0-255,9992,198245,13,305971
6650,0.001598,74.125.68.0-255,5020,203265,13,305971
6651,0.001606,172.31.36.0-255,66,203331,13,305971
6652,0.002155,74.125.68.0-255,1484,204815,13,305971
6653,0.002166,74.125.68.0-255,2902,207717,13,305971
6654,0.002172,172.31.36.0-255,66,207783,13,305971
6655,0.0022,74.125.68.0-255,5738,213521,13,305971
6656,0.002222,74.125.68.0-255,9992,223513,13,305971
6657,0.002251,74.125.68.0-255,2902,226415,13,305971
6658,0.002257,74.125.68.0-255,5738,232153,13,305971
6659,0.002279,74.125.68.0-255,5020,237173,13,305971
6660,0.002363,74.125.68.0-255,1484,238657,13,305971
6661,0.00237,74.125.68.0-255,2902,241559,13,305971
6662,0.002395,74.125.68.0-255,4320,245879,13,305971
6663,0.002408,74.125.68.0-255,2902,248781,13,305971
6664,0.002443,74.125.68.0-255,5738,254519,13,305971
6665,0.002449,74.125.68.0-255,7156,261675,13,305971
6666,0.002458,74.125.68.0-255,8574,270249,13,305971
6667,0.002461,74.125.68.0-255,766,271015,13,305971
6668,0.00257,74.125.68.0-255,1484,272499,13,305971
6669,0.002586,74.125.68.0-255,2902,275401,13,305971
6670,0.002603,74.125.68.0-255,2902,278303,13,305971
6671,0.002617,74.125.68.0-255,2902,281205,13,305971
6672,0.00262,74.125.68.0-255,1484,282689,13,305971
6673,0.008786,172.31.36.0-255,66,282755,13,305971
6674,0.011394,74.125.68.0-255,5738,288493,13,305971
6675,0.01141,172.31.36.0-255,66,288559,13,305971
6676,0.014001,74.125.68.0-255,5738,294297,13,305971
6677,0.014015,172.31.36.0-255,66,294363,13,305971
6678,0.016601,74.125.68.0-255,5738,300101,13,305971
6679,0.016617,172.31.36.0-255,66,300167,13,305971
6680,0.01921,74.125.68.0-255,5738,305905,13,305971
6681,0.019223,172.31.36.0-255,66,305971,13,305971
6682,0.0,172.217.194.0-255,143,143,13,291648
6683,2.4e-05,172.31.36.0-255,66,209,13,291648
6684,3.2e-05,172.217.194.0-255,1484,1693,13,291648
6685,3.7e-05,172.31.36.0-255,66,1759,13,291648
6686,4.3e-05,172.217.194.0-255,2902,4661,13,291648
6687,4.6e-05,172.31.36.0-255,66,4727,13,291648
6688,5.5e-05,172.217.194.0-255,7156,11883,13,291648
6689,5.8e-05,172.31.36.0-255,66,11949,13,291648
6690,6.3e-05,172.217.194.0-255,3447,15396,13,291648
6691,6.6e-05,172.31.36.0-255,66,15462,13,291648
6692,8.1e-05,172.31.36.0-255,66,15528,13,291648
6693,8.6e-05,172.217.194.0-255,2543,18071,13,291648
6694,8.8e-05,172.31.36.0-255,66,18137,13,291648
6695,0.000147,172.217.194.0-255,1484,19621,13,291648
6696,0.00015,172.31.36.0-255,66,19687,13,291648
6697,0.000156,172.217.194.0-255,2902,22589,13,291648
6698,0.000158,172.31.36.0-255,66,22655,13,291648
6699,0.000162,172.217.194.0-255,1484,24139,13,291648
6700,0.000164,172.31.36.0-255,66,24205,13,291648
6701,0.000194,172.217.194.0-255,4320,28525,13,291648
6702,0.000196,172.31.36.0-255,66,28591,13,291648
6703,0.000204,172.217.194.0-255,8574,37165,13,291648
6704,0.000207,172.31.36.0-255,66,37231,13,291648
6705,0.000229,172.217.194.0-255,1125,38356,13,291648
6706,0.000232,172.31.36.0-255,66,38422,13,291648
6707,0.000239,172.217.194.0-255,4320,42742,13,291648
6708,0.000241,172.31.36.0-255,66,42808,13,291648
6709,0.000269,172.217.194.0-255,9943,52751,13,291648
6710,0.000272,172.31.36.0-255,66,52817,13,291648
6711,0.000274,172.217.194.0-255,368,53185,13,291648
6712,0.000276,172.31.36.0-255,66,53251,13,291648
6713,0.000291,172.217.194.0-255,1484,54735,13,291648
6714,0.000319,172.217.194.0-255,4320,59055,13,291648
6715,0.000322,172.31.36.0-255,66,59121,13,291648
6716,0.000332,172.217.194.0-255,9992,69113,13,291648
6717,0.000334,172.31.36.0-255,66,69179,13,291648
6718,0.000337,172.217.194.0-255,575,69754,13,291648
6719,0.000426,172.217.194.0-255,1484,71238,13,291648
6720,0.00043,172.31.36.0-255,66,71304,13,291648
6721,0.000435,172.217.194.0-255,2902,74206,13,291648
6722,0.000438,172.31.36.0-255,66,74272,13,291648
6723,0.000445,172.217.194.0-255,5738,80010,13,291648
6724,0.000447,172.31.36.0-255,66,80076,13,291648
6725,0.000492,172.217.194.0-255,2902,82978,13,291648
6726,0.000494,172.31.36.0-255,66,83044,13,291648
6727,0.000513,172.217.194.0-255,3961,87005,13,291648
6728,0.000515,172.31.36.0-255,66,87071,13,291648
6729,0.000687,172.217.194.0-255,1484,88555,13,291648
6730,0.000693,172.217.194.0-255,2902,91457,13,291648
6731,0.000697,172.31.36.0-255,66,91523,13,291648
6732,0.000702,172.217.194.0-255,2902,94425,13,291648
6733,0.000704,172.31.36.0-255,66,94491,13,291648
6734,0.000718,172.217.194.0-255,2902,97393,13,291648
6735,0.000724,172.31.36.0-255,66,97459,13,291648
6736,0.000737,172.217.194.0-255,7156,104615,13,291648
6737,0.000739,172.31.36.0-255,66,104681,13,291648
6738,0.000756,172.217.194.0-255,5738,110419,13,291648
6739,0.000758,172.31.36.0-255,66,110485,13,291648
6740,0.000768,172.217.194.0-255,10692,121177,13,291648
6741,0.000771,172.31.36.0-255,66,121243,13,291648
6742,0.001017,172.217.194.0-255,1484,122727,13,291648
6743,0.00104,172.217.194.0-255,2902,125629,13,291648
6744,0.001045,172.31.36.0-255,66,125695,13,291648
6745,0.001052,172.217.194.0-255,5738,131433,13,291648
6746,0.001054,172.31.36.0-255,66,131499,13,291648
6747,0.00106,172.217.194.0-255,5738,137237,13,291648
6748,0.001062,172.31.36.0-255,66,137303,13,291648
6749,0.001065,172.217.194.0-255,1484,138787,13,291648
6750,0.001089,172.217.194.0-255,5738,144525,13,291648
6751,0.001092,172.31.36.0-255,66,144591,13,291648
6752,0.001109,172.217.194.0-255,5738,150329,13,291648
6753,0.001112,172.31.36.0-255,66,150395,13,291648
6754,0.001132,172.217.194.0-255,5020,155415,13,291648
6755,0.001134,172.31.36.0-255,66,155481,13,291648
6756,0.001177,172.217.194.0-255,1484,156965,13,291648
6757,0.001182,172.217.194.0-255,2902,159867,13,291648
6758,0.001185,172.31.36.0-255,66,159933,13,291648
6759,0.001217,172.217.194.0-255,5738,165671,13,291648
6760,0.00122,172.31.36.0-255,66,165737,13,291648
6761,0.001223,172.217.194.0-255,1484,167221,13,291648
6762,0.001271,172.217.194.0-255,1484,168705,13,291648
6763,0.001273,172.31.36.0-255,66,168771,13,291648
6764,0.001305,172.31.36.0-255,66,168837,13,291648
6765,0.00131,172.217.194.0-255,4320,173157,13,291648
6766,0.001313,172.31.36.0-255,66,173223,13,291648
6767,0.001319,172.217.194.0-255,5020,178243,13,291648
6768,0.001321,172.31.36.0-255,66,178309,13,291648
6769,0.00138,172.217.194.0-255,1484,179793,13,291648
6770,0.001385,172.217.194.0-255,1484,181277,13,291648
6771,0.001388,172.31.36.0-255,66,181343,13,291648
6772,0.001408,172.217.194.0-255,1484,182827,13,291648
6773,0.001414,172.217.194.0-255,5738,188565,13,291648
6774,0.001417,172.31.36.0-255,66,188631,13,291648
6775,0.001422,172.217.194.0-255,2902,191533,13,291648
6776,0.001424,172.31.36.0-255,66,191599,13,291648
6777,0.00145,172.217.194.0-255,7156,198755,13,291648
6778,0.001453,172.31.36.0-255,66,198821,13,291648
6779,0.001495,172.31.36.0-255,66,198887,13,291648
6780,0.001654,172.217.194.0-255,1484,200371,13,291648
6781,0.00166,172.217.194.0-255,2902,203273,13,291648
6782,0.001663,172.31.36.0-255,66,203339,13,291648
6783,0.001667,172.217.194.0-255,1484,204823,13,291648
6784,0.001685,172.217.194.0-255,4320,209143,13,291648
6785,0.001687,172.31.36.0-255,66,209209,13,291648
6786,0.001693,172.217.194.0-255,4320,213529,13,291648
6787,0.001695,172.31.36.0-255,66,213595,13,291648
6788,0.001739,172.217.194.0-255,8574,222169,13,291648
6789,0.001743,172.31.36.0-255,66,222235,13,291648
6790,0.001753,172.217.194.0-255,10692,232927,13,291648
6791,0.001756,172.31.36.0-255,66,232993,13,291648
6792,0.001824,172.217.194.0-255,1484,234477,13,291648
6793,0.00183,172.217.194.0-255,2902,237379,13,291648
6794,0.001832,172.31.36.0-255,66,237445,13,291648
6795,0.001839,172.217.194.0-255,4320,241765,13,291648
6796,0.001841,172.31.36.0-255,66,241831,13,291648
6797,0.001852,172.217.194.0-255,1484,243315,13,291648
6798,0.001884,172.31.36.0-255,66,243381,13,291648
6799,0.001896,172.217.194.0-255,1484,244865,13,291648
6800,0.001903,172.217.194.0-255,5738,250603,13,291648
6801,0.001906,172.31.36.0-255,66,250669,13,291648
6802,0.00196,172.31.36.0-255,66,250735,13,291648
6803,0.001967,172.217.194.0-255,5738,256473,13,291648
6804,0.001969,172.31.36.0-255,66,256539,13,291648
6805,0.001997,172.31.36.0-255,66,256605,13,291648
6806,0.002003,172.217.194.0-255,5020,261625,13,291648
6807,0.002006,172.31.36.0-255,66,261691,13,291648
6808,0.002032,172.217.194.0-255,4320,266011,13,291648
6809,0.002035,172.31.36.0-255,66,266077,13,291648
6810,0.002061,172.31.36.0-255,66,266143,13,291648
6811,0.002086,172.217.194.0-255,5738,271881,13,291648
6812,0.002089,172.31.36.0-255,66,271947,13,291648
6813,0.002116,172.217.194.0-255,10692,282639,13,291648
6814,0.002119,172.31.36.0-255,66,282705,13,291648
6815,0.002175,172.217.194.0-255,7947,290652,13,291648
6816,0.002178,172.31.36.0-255,66,290718,13,291648
6817,0.002182,172.217.194.0-255,105,290823,13,291648
6818,0.002185,172.217.194.0-255,129,290952,13,291648
6819,0.004308,172.31.36.0-255,105,291057,13,291648
6820,0.004344,172.31.36.0-255,105,291162,13,291648
6821,0.004622,172.31.36.0-255,90,291252,13,291648
6822,0.004632,172.31.36.0-255,66,291318,13,291648
6823,0.006892,172.217.194.0-255,66,291384,13,291648
6824,0.0069,172.217.194.0-255,66,291450,13,291648
6825,0.007196,172.217.194.0-255,66,291516,13,291648
6826,0.007226,172.217.194.0-255,66,291582,13,291648
6827,0.007231,172.31.36.0-255,66,291648,13,291648
6828,0.0,172.31.36.0-255,66,66,13,66
6829,0.0,74.125.130.0-255,153,153,13,223822
6830,2.5e-05,172.31.36.0-255,66,219,13,223822
6831,3.2e-05,74.125.130.0-255,1484,1703,13,223822
6832,3.6e-05,172.31.36.0-255,66,1769,13,223822
6833,4.1e-05,74.125.130.0-255,2902,4671,13,223822
6834,5.2e-05,172.31.36.0-255,66,4737,13,223822
6835,5.9e-05,74.125.130.0-255,7156,11893,13,223822
6836,6.2e-05,172.31.36.0-255,66,11959,13,223822
6837,6.6e-05,74.125.130.0-255,3510,15469,13,223822
6838,7e-05,172.31.36.0-255,66,15535,13,223822
6839,7.5e-05,74.125.130.0-255,4320,19855,13,223822
6840,7.8e-05,172.31.36.0-255,66,19921,13,223822
6841,0.000117,74.125.130.0-255,9992,29913,13,223822
6842,0.000121,172.31.36.0-255,66,29979,13,223822
6843,0.000124,74.125.130.0-255,1125,31104,13,223822
6844,0.000126,172.31.36.0-255,66,31170,13,223822
6845,0.000211,74.125.130.0-255,1484,32654,13,223822
6846,0.000214,172.31.36.0-255,66,32720,13,223822
6847,0.00022,74.125.130.0-255,2902,35622,13,223822
6848,0.000222,172.31.36.0-255,66,35688,13,223822
6849,0.000225,74.125.130.0-255,1484,37172,13,223822
6850,0.000233,172.31.36.0-255,66,37238,13,223822
6851,0.000267,74.125.130.0-255,4320,41558,13,223822
6852,0.000271,172.31.36.0-255,66,41624,13,223822
6853,0.000279,74.125.130.0-255,8574,50198,13,223822
6854,0.000281,172.31.36.0-255,66,50264,13,223822
6855,0.000313,74.125.130.0-255,5379,55643,13,223822
6856,0.000317,172.31.36.0-255,66,55709,13,223822
6857,0.000323,74.125.130.0-255,5738,61447,13,223822
6858,0.000325,172.31.36.0-255,66,61513,13,223822
6859,0.000337,74.125.130.0-255,4212,65725,13,223822
6860,0.00034,172.31.36.0-255,66,65791,13,223822
6861,0.000343,74.125.130.0-255,120,65911,13,223822
6862,0.000371,74.125.130.0-255,381,66292,13,223822
6863,0.000583,74.125.130.0-255,1484,67776,13,223822
6864,0.000588,172.31.36.0-255,66,67842,13,223822
6865,0.000593,74.125.130.0-255,2902,70744,13,223822
6866,0.000595,172.31.36.0-255,66,70810,13,223822
6867,0.000604,74.125.130.0-255,1484,72294,13,223822
6868,0.000625,74.125.130.0-255,4320,76614,13,223822
6869,0.000628,172.31.36.0-255,66,76680,13,223822
6870,0.000636,74.125.130.0-255,6797,83477,13,223822
6871,0.000638,172.31.36.0-255,66,83543,13,223822
6872,0.000702,74.125.130.0-255,4320,87863,13,223822
6873,0.000706,172.31.36.0-255,66,87929,13,223822
6874,0.000723,74.125.130.0-255,2902,90831,13,223822
6875,0.000726,172.31.36.0-255,66,90897,13,223822
6876,0.000734,74.125.130.0-255,8574,99471,13,223822
6877,0.000736,172.31.36.0-255,66,99537,13,223822
6878,0.000739,74.125.130.0-255,1125,100662,13,223822
6879,0.000991,172.31.36.0-255,66,100728,13,223822
6880,0.001206,74.125.130.0-255,1484,102212,13,223822
6881,0.001216,74.125.130.0-255,2902,105114,13,223822
6882,0.00122,172.31.36.0-255,66,105180,13,223822
6883,0.001228,74.125.130.0-255,5738,110918,13,223822
6884,0.00123,172.31.36.0-255,66,110984,13,223822
6885,0.001243,74.125.130.0-255,4320,115304,13,223822
6886,0.001245,172.31.36.0-255,66,115370,13,223822
6887,0.001251,74.125.130.0-255,5738,121108,13,223822
6888,0.001254,172.31.36.0-255,66,121174,13,223822
6889,0.0013,172.31.36.0-255,66,121240,13,223822
6890,0.001304,74.125.130.0-255,2184,123424,13,223822
6891,0.001307,172.31.36.0-255,66,123490,13,223822
6892,0.001841,74.125.130.0-255,1484,124974,13,223822
6893,0.00185,74.125.130.0-255,2902,127876,13,223822
6894,0.001854,172.31.36.0-255,66,127942,13,223822
6895,0.001861,74.125.130.0-255,4320,132262,13,223822
6896,0.001863,172.31.36.0-255,66,132328,13,223822
6897,0.001893,74.125.130.0-255,1484,133812,13,223822
6898,0.001905,172.31.36.0-255,66,133878,13,223822
6899,0.001912,74.125.130.0-255,7156,141034,13,223822
6900,0.001914,172.31.36.0-255,66,141100,13,223822
6901,0.001938,74.125.130.0-255,1484,142584,13,223822
6902,0.001954,74.125.130.0-255,2184,144768,13,223822
6903,0.001956,172.31.36.0-255,66,144834,13,223822
6904,0.001974,74.125.130.0-255,4320,149154,13,223822
6905,0.001977,172.31.36.0-255,66,149220,13,223822
6906,0.002012,74.125.130.0-255,9992,159212,13,223822
6907,0.002015,172.31.36.0-255,66,159278,13,223822
6908,0.002021,74.125.130.0-255,7156,166434,13,223822
6909,0.002023,172.31.36.0-255,66,166500,13,223822
6910,0.002037,74.125.130.0-255,1484,167984,13,223822
6911,0.002064,74.125.130.0-255,10692,178676,13,223822
6912,0.002067,172.31.36.0-255,66,178742,13,223822
6913,0.004067,74.125.130.0-255,5738,184480,13,223822
6914,0.004073,172.31.36.0-255,66,184546,13,223822
6915,0.006085,74.125.130.0-255,4320,188866,13,223822
6916,0.006092,172.31.36.0-255,66,188932,13,223822
6917,0.006126,74.125.130.0-255,1484,190416,13,223822
6918,0.008091,74.125.130.0-255,4320,194736,13,223822
6919,0.008097,172.31.36.0-255,66,194802,13,223822
6920,0.010123,74.125.130.0-255,5738,200540,13,223822
6921,0.010131,172.31.36.0-255,66,200606,13,223822
6922,0.01216,74.125.130.0-255,5738,206344,13,223822
6923,0.012169,172.31.36.0-255,66,206410,13,223822
6924,0.014192,74.125.130.0-255,5738,212148,13,223822
6925,0.014199,172.31.36.0-255,66,212214,13,223822
6926,0.016208,74.125.130.0-255,5738,217952,13,223822
6927,0.016215,172.31.36.0-255,66,218018,13,223822
6928,0.018227,74.125.130.0-255,5738,223756,13,223822
6929,0.018234,172.31.36.0-255,66,223822,13,223822
6930,0.0,172.217.194.0-255,153,153,13,295661
6931,3.9e-05,172.31.36.0-255,66,219,13,295661
6932,4.6e-05,172.217.194.0-255,1484,1703,13,295661
6933,5.1e-05,172.31.36.0-255,66,1769,13,295661
6934,5.6e-05,172.217.194.0-255,2902,4671,13,295661
6935,6.9e-05,172.31.36.0-255,66,4737,13,295661
6936,7.7e-05,172.217.194.0-255,5738,10475,13,295661
6937,8e-05,172.31.36.0-255,66,10541,13,295661
6938,8.7e-05,172.217.194.0-255,6317,16858,13,295661
6939,9e-05,172.31.36.0-255,66,16924,13,295661
6940,9.6e-05,172.217.194.0-255,7156,24080,13,295661
6941,9.9e-05,172.31.36.0-255,66,24146,13,295661
6942,0.000125,172.217.194.0-255,2902,27048,13,295661
6943,0.000128,172.31.36.0-255,66,27114,13,295661
6944,0.000158,172.217.194.0-255,3961,31075,13,295661
6945,0.000161,172.31.36.0-255,66,31141,13,295661
6946,0.000205,172.217.194.0-255,1484,32625,13,295661
6947,0.000211,172.31.36.0-255,66,32691,13,295661
6948,0.000215,172.217.194.0-255,2902,35593,13,295661
6949,0.000218,172.31.36.0-255,66,35659,13,295661
6950,0.000259,172.217.194.0-255,5738,41397,13,295661
6951,0.000263,172.31.36.0-255,66,41463,13,295661
6952,0.000305,172.217.194.0-255,5738,47201,13,295661
6953,0.00031,172.31.36.0-255,66,47267,13,295661
6954,0.000339,172.217.194.0-255,8215,55482,13,295661
6955,0.000343,172.31.36.0-255,66,55548,13,295661
6956,0.000351,172.217.194.0-255,8574,64122,13,295661
6957,0.000354,172.31.36.0-255,66,64188,13,295661
6958,0.000357,172.217.194.0-255,1424,65612,13,295661
6959,0.000358,172.31.36.0-255,66,65678,13,295661
6960,0.000361,172.217.194.0-255,379,66057,13,295661
6961,0.000363,172.31.36.0-255,66,66123,13,295661
6962,0.000563,172.217.194.0-255,1484,67607,13,295661
6963,0.00057,172.217.194.0-255,2902,70509,13,295661
6964,0.000574,172.31.36.0-255,66,70575,13,295661
6965,0.000581,172.217.194.0-255,5738,76313,13,295661
6966,0.000582,172.31.36.0-255,66,76379,13,295661
6967,0.000594,172.217.194.0-255,4320,80699,13,295661
6968,0.000597,172.31.36.0-255,66,80765,13,295661
6969,0.000639,172.31.36.0-255,66,80831,13,295661
6970,0.000644,172.217.194.0-255,4320,85151,13,295661
6971,0.000646,172.31.36.0-255,66,85217,13,295661
6972,0.000668,172.217.194.0-255,3602,88819,13,295661
6973,0.000672,172.31.36.0-255,66,88885,13,295661
6974,0.000866,172.217.194.0-255,1484,90369,13,295661
6975,0.00087,172.217.194.0-255,1484,91853,13,295661
6976,0.000873,172.31.36.0-255,66,91919,13,295661
6977,0.000899,172.217.194.0-255,1484,93403,13,295661
6978,0.000906,172.217.194.0-255,5738,99141,13,295661
6979,0.000909,172.31.36.0-255,66,99207,13,295661
6980,0.000915,172.217.194.0-255,5738,104945,13,295661
6981,0.000917,172.31.36.0-255,66,105011,13,295661
6982,0.000921,172.217.194.0-255,2902,107913,13,295661
6983,0.000922,172.31.36.0-255,66,107979,13,295661
6984,0.000955,172.217.194.0-255,9992,117971,13,295661
6985,0.00096,172.217.194.0-255,5020,122991,13,295661
6986,0.000961,172.31.36.0-255,66,123057,13,295661
6987,0.000965,172.31.36.0-255,66,123123,13,295661
6988,0.001081,172.217.194.0-255,1484,124607,13,295661
6989,0.001085,172.217.194.0-255,1484,126091,13,295661
6990,0.001087,172.31.36.0-255,66,126157,13,295661
6991,0.001111,172.217.194.0-255,1484,127641,13,295661
6992,0.001117,172.217.194.0-255,5738,133379,13,295661
6993,0.00112,172.31.36.0-255,66,133445,13,295661
6994,0.001141,172.217.194.0-255,8574,142019,13,295661
6995,0.001144,172.31.36.0-255,66,142085,13,295661
6996,0.001176,172.217.194.0-255,4320,146405,13,295661
6997,0.001179,172.31.36.0-255,66,146471,13,295661
6998,0.001188,172.217.194.0-255,10692,157163,13,295661
6999,0.00119,172.31.36.0-255,66,157229,13,295661
7000,0.001227,172.217.194.0-255,7156,164385,13,295661
7001,0.001231,172.31.36.0-255,66,164451,13,295661
7002,0.001239,172.217.194.0-255,8574,173025,13,295661
7003,0.001242,172.31.36.0-255,66,173091,13,295661
7004,0.001247,172.217.194.0-255,4320,177411,13,295661
7005,0.00125,172.31.36.0-255,66,177477,13,295661
7006,0.00129,172.31.36.0-255,66,177543,13,295661
7007,0.001293,172.217.194.0-255,766,178309,13,295661
7008,0.00194,172.217.194.0-255,1484,179793,13,295661
7009,0.001947,172.31.36.0-255,66,179859,13,295661
7010,0.001953,172.217.194.0-255,2902,182761,13,295661
7011,0.001956,172.31.36.0-255,66,182827,13,295661
7012,0.00197,172.217.194.0-255,5738,188565,13,295661
7013,0.001973,172.31.36.0-255,66,188631,13,295661
7014,0.001985,172.31.36.0-255,66,188697,13,295661
7015,0.002066,172.217.194.0-255,9992,198689,13,295661
7016,0.002071,172.31.36.0-255,66,198755,13,295661
7017,0.002099,172.217.194.0-255,2184,200939,13,295661
7018,0.002103,172.31.36.0-255,66,201005,13,295661
7019,0.002106,172.217.194.0-255,1484,202489,13,295661
7020,0.002111,172.217.194.0-255,2902,205391,13,295661
7021,0.002113,172.31.36.0-255,66,205457,13,295661
7022,0.002119,172.217.194.0-255,5738,211195,13,295661
7023,0.002122,172.31.36.0-255,66,211261,13,295661
7024,0.002126,172.217.194.0-255,2902,214163,13,295661
7025,0.002128,172.31.36.0-255,66,214229,13,295661
7026,0.002169,172.217.194.0-255,9992,224221,13,295661
7027,0.002171,172.31.36.0-255,66,224287,13,295661
7028,0.002177,172.217.194.0-255,5738,230025,13,295661
7029,0.002179,172.31.36.0-255,66,230091,13,295661
7030,0.002204,172.217.194.0-255,4320,234411,13,295661
7031,0.002206,172.31.36.0-255,66,234477,13,295661
7032,0.002209,172.217.194.0-255,766,235243,13,295661
7033,0.002263,172.217.194.0-255,1484,236727,13,295661
7034,0.002265,172.31.36.0-255,66,236793,13,295661
7035,0.00227,172.217.194.0-255,2902,239695,13,295661
7036,0.002273,172.31.36.0-255,66,239761,13,295661
7037,0.002308,172.217.194.0-255,5738,245499,13,295661
7038,0.00231,172.31.36.0-255,66,245565,13,295661
7039,0.002322,172.31.36.0-255,66,245631,13,295661
7040,0.002351,172.217.194.0-255,1484,247115,13,295661
7041,0.002361,172.217.194.0-255,10692,257807,13,295661
7042,0.002363,172.31.36.0-255,66,257873,13,295661
7043,0.002386,172.217.194.0-255,9992,267865,13,295661
7044,0.002388,172.31.36.0-255,66,267931,13,295661
7045,0.002413,172.217.194.0-255,4320,272251,13,295661
7046,0.002415,172.31.36.0-255,66,272317,13,295661
7047,0.002435,172.31.36.0-255,66,272383,13,295661
7048,0.002459,172.217.194.0-255,1484,273867,13,295661
7049,0.002464,172.217.194.0-255,3602,277469,13,295661
7050,0.002466,172.31.36.0-255,66,277535,13,295661
7051,0.002475,172.217.194.0-255,9992,287527,13,295661
7052,0.002477,172.31.36.0-255,66,287593,13,295661
7053,0.002511,172.31.36.0-255,66,287659,13,295661
7054,0.002527,172.31.36.0-255,66,287725,13,295661
7055,0.002535,172.217.194.0-255,7528,295253,13,295661
7056,0.002538,172.31.36.0-255,66,295319,13,295661
7057,0.002564,172.217.194.0-255,105,295424,13,295661
7058,0.007916,172.31.36.0-255,66,295490,13,295661
7059,0.007948,172.31.36.0-255,105,295595,13,295661
7060,0.010507,172.217.194.0-255,66,295661,13,295661
7061,0.0,172.217.194.0-255,296,296,13,191169
7062,3.1e-05,172.31.36.0-255,66,362,13,191169
7063,3.7e-05,172.217.194.0-255,1484,1846,13,191169
7064,4.1e-05,172.31.36.0-255,66,1912,13,191169
7065,5.5e-05,172.217.194.0-255,4320,6232,13,191169
7066,5.7e-05,172.31.36.0-255,66,6298,13,191169
7067,9.9e-05,172.217.194.0-255,7524,13822,13,191169
7068,0.000102,172.31.36.0-255,66,13888,13,191169
7069,0.000132,172.217.194.0-255,8574,22462,13,191169
7070,0.000137,172.31.36.0-255,66,22528,13,191169
7071,0.000143,172.217.194.0-255,7156,29684,13,191169
7072,0.000145,172.31.36.0-255,66,29750,13,191169
7073,0.000171,172.217.194.0-255,1125,30875,13,191169
7074,0.000174,172.31.36.0-255,66,30941,13,191169
7075,0.000408,172.217.194.0-255,1484,32425,13,191169
7076,0.000413,172.31.36.0-255,66,32491,13,191169
7077,0.000418,172.217.194.0-255,2902,35393,13,191169
7078,0.00042,172.217.194.0-255,1484,36877,13,191169
7079,0.000422,172.31.36.0-255,66,36943,13,191169
7080,0.000426,172.31.36.0-255,66,37009,13,191169
7081,0.000452,172.217.194.0-255,4320,41329,13,191169
7082,0.000455,172.31.36.0-255,66,41395,13,191169
7083,0.000485,172.217.194.0-255,5738,47133,13,191169
7084,0.000488,172.31.36.0-255,66,47199,13,191169
7085,0.000512,172.217.194.0-255,1125,48324,13,191169
7086,0.000514,172.31.36.0-255,66,48390,13,191169
7087,0.000522,172.217.194.0-255,7156,55546,13,191169
7088,0.000524,172.31.36.0-255,66,55612,13,191169
7089,0.00056,172.217.194.0-255,9633,65245,13,191169
7090,0.000564,172.31.36.0-255,66,65311,13,191169
7091,0.000725,172.217.194.0-255,646,65957,13,191169
7092,0.000729,172.31.36.0-255,66,66023,13,191169
7093,0.000828,172.217.194.0-255,1484,67507,13,191169
7094,0.000845,172.217.194.0-255,2902,70409,13,191169
7095,0.000849,172.31.36.0-255,66,70475,13,191169
7096,0.000857,172.217.194.0-255,5738,76213,13,191169
7097,0.000858,172.31.36.0-255,66,76279,13,191169
7098,0.000878,172.217.194.0-255,1484,77763,13,191169
7099,0.000913,172.31.36.0-255,66,77829,13,191169
7100,0.000923,172.217.194.0-255,9992,87821,13,191169
7101,0.000925,172.31.36.0-255,66,87887,13,191169
7102,0.000935,172.217.194.0-255,766,88653,13,191169
7103,0.001092,172.217.194.0-255,1484,90137,13,191169
7104,0.001096,172.31.36.0-255,66,90203,13,191169
7105,0.001103,172.217.194.0-255,2902,93105,13,191169
7106,0.001104,172.31.36.0-255,66,93171,13,191169
7107,0.00111,172.217.194.0-255,5738,98909,13,191169
7108,0.001118,172.31.36.0-255,66,98975,13,191169
7109,0.001172,172.31.36.0-255,66,99041,13,191169
7110,0.001178,172.217.194.0-255,7156,106197,13,191169
7111,0.00118,172.31.36.0-255,66,106263,13,191169
7112,0.00121,172.217.194.0-255,3602,109865,13,191169
7113,0.001213,172.31.36.0-255,66,109931,13,191169
7114,0.001734,172.217.194.0-255,1484,111415,13,191169
7115,0.001741,172.217.194.0-255,2902,114317,13,191169
7116,0.001746,172.31.36.0-255,66,114383,13,191169
7117,0.001753,172.217.194.0-255,5738,120121,13,191169
7118,0.001756,172.31.36.0-255,66,120187,13,191169
7119,0.001839,172.31.36.0-255,66,120253,13,191169
7120,0.001848,172.217.194.0-255,10692,130945,13,191169
7121,0.001882,172.217.194.0-255,4320,135265,13,191169
7122,0.001886,172.217.194.0-255,4320,139585,13,191169
7123,0.001917,172.217.194.0-255,766,140351,13,191169
7124,0.002009,172.217.194.0-255,1484,141835,13,191169
7125,0.002022,172.217.194.0-255,2902,144737,13,191169
7126,0.002043,172.217.194.0-255,5738,150475,13,191169
7127,0.00408,172.31.36.0-255,66,150541,13,191169
7128,0.006089,172.217.194.0-255,5738,156279,13,191169
7129,0.006095,172.31.36.0-255,66,156345,13,191169
7130,0.008107,172.217.194.0-255,5738,162083,13,191169
7131,0.008113,172.31.36.0-255,66,162149,13,191169
7132,0.010115,172.217.194.0-255,5738,167887,13,191169
7133,0.010121,172.31.36.0-255,66,167953,13,191169
7134,0.012145,172.217.194.0-255,5738,173691,13,191169
7135,0.012152,172.31.36.0-255,66,173757,13,191169
7136,0.01417,172.217.194.0-255,5738,179495,13,191169
7137,0.014177,172.31.36.0-255,66,179561,13,191169
7138,0.016172,172.217.194.0-255,5738,185299,13,191169
7139,0.016179,172.31.36.0-255,66,185365,13,191169
7140,0.018194,172.217.194.0-255,5738,191103,13,191169
7141,0.018201,172.31.36.0-255,66,191169,13,191169
7142,0.0,172.217.194.0-255,300,300,13,240287
7143,2.8e-05,172.31.36.0-255,66,366,13,240287
7144,3.4e-05,172.217.194.0-255,1484,1850,13,240287
7145,3.9e-05,172.31.36.0-255,66,1916,13,240287
7146,4.6e-05,172.217.194.0-255,4320,6236,13,240287
7147,4.8e-05,172.31.36.0-255,66,6302,13,240287
7148,5.4e-05,172.217.194.0-255,7156,13458,13,240287
7149,5.6e-05,172.31.36.0-255,66,13524,13,240287
7150,8.4e-05,172.217.194.0-255,4320,17844,13,240287
7151,8.8e-05,172.31.36.0-255,66,17910,13,240287
7152,0.000115,172.31.36.0-255,66,17976,13,240287
7153,0.000137,172.217.194.0-255,1125,19101,13,240287
7154,0.00014,172.31.36.0-255,66,19167,13,240287
7155,0.000175,172.217.194.0-255,1484,20651,13,240287
7156,0.000179,172.31.36.0-255,66,20717,13,240287
7157,0.000191,172.217.194.0-255,1484,22201,13,240287
7158,0.000193,172.31.36.0-255,66,22267,13,240287
7159,0.000211,172.217.194.0-255,1484,23751,13,240287
7160,0.000214,172.31.36.0-255,66,23817,13,240287
7161,0.00022,172.217.194.0-255,5738,29555,13,240287
7162,0.000222,172.31.36.0-255,66,29621,13,240287
7163,0.000262,172.217.194.0-255,9633,39254,13,240287
7164,0.000265,172.31.36.0-255,66,39320,13,240287
7165,0.000274,172.217.194.0-255,9992,49312,13,240287
7166,0.000276,172.31.36.0-255,66,49378,13,240287
7167,0.0003,172.217.194.0-255,4251,53629,13,240287
7168,0.000302,172.31.36.0-255,66,53695,13,240287
7169,0.000305,172.217.194.0-255,98,53793,13,240287
7170,0.000309,172.31.36.0-255,66,53859,13,240287
7171,0.000548,172.217.194.0-255,364,54223,13,240287
7172,0.000552,172.31.36.0-255,66,54289,13,240287
7173,0.000831,172.217.194.0-255,1484,55773,13,240287
7174,0.000863,172.217.194.0-255,1484,57257,13,240287
7175,0.000867,172.31.36.0-255,66,57323,13,240287
7176,0.000885,172.217.194.0-255,1484,58807,13,240287
7177,0.000893,172.217.194.0-255,5738,64545,13,240287
7178,0.000908,172.217.194.0-255,4320,68865,13,240287
7179,0.000917,172.31.36.0-255,66,68931,13,240287
7180,0.000927,172.217.194.0-255,4320,73251,13,240287
7181,0.000932,172.31.36.0-255,66,73317,13,240287
7182,0.000953,172.217.194.0-255,2184,75501,13,240287
7183,0.000958,172.31.36.0-255,66,75567,13,240287
7184,0.001114,172.217.194.0-255,1484,77051,13,240287
7185,0.001119,172.217.194.0-255,2902,79953,13,240287
7186,0.001122,172.31.36.0-255,66,80019,13,240287
7187,0.001129,172.217.194.0-255,5738,85757,13,240287
7188,0.001141,172.31.36.0-255,66,85823,13,240287
7189,0.001154,172.217.194.0-255,4320,90143,13,240287
7190,0.001167,172.31.36.0-255,66,90209,13,240287
7191,0.001173,172.217.194.0-255,4320,94529,13,240287
7192,0.001183,172.31.36.0-255,66,94595,13,240287
7193,0.001227,172.31.36.0-255,66,94661,13,240287
7194,0.001241,172.217.194.0-255,2184,96845,13,240287
7195,0.001245,172.31.36.0-255,66,96911,13,240287
7196,0.001432,172.217.194.0-255,1484,98395,13,240287
7197,0.001452,172.217.194.0-255,2902,101297,13,240287
7198,0.001456,172.31.36.0-255,66,101363,13,240287
7199,0.001465,172.217.194.0-255,5738,107101,13,240287
7200,0.001477,172.217.194.0-255,1484,108585,13,240287
7201,0.00148,172.31.36.0-255,66,108651,13,240287
7202,0.001503,172.31.36.0-255,66,108717,13,240287
7203,0.001503,172.217.194.0-255,2902,111619,13,240287
7204,0.001516,172.31.36.0-255,66,111685,13,240287
7205,0.001536,172.217.194.0-255,7856,119541,13,240287
7206,0.001541,172.31.36.0-255,66,119607,13,240287
7207,0.001563,172.217.194.0-255,1484,121091,13,240287
7208,0.001567,172.217.194.0-255,1484,122575,13,240287
7209,0.001576,172.217.194.0-255,1484,124059,13,240287
7210,0.001577,172.31.36.0-255,66,124125,13,240287
7211,0.0016,172.217.194.0-255,5738,129863,13,240287
7212,0.001613,172.31.36.0-255,66,129929,13,240287
7213,0.00162,172.217.194.0-255,4320,134249,13,240287
7214,0.001627,172.31.36.0-255,66,134315,13,240287
7215,0.00164,172.217.194.0-255,8574,142889,13,240287
7216,0.001645,172.31.36.0-255,66,142955,13,240287
7217,0.001671,172.217.194.0-255,10692,153647,13,240287
7218,0.001686,172.31.36.0-255,66,153713,13,240287
7219,0.001752,172.217.194.0-255,1484,155197,13,240287
7220,0.001757,172.217.194.0-255,2902,158099,13,240287
7221,0.00176,172.31.36.0-255,66,158165,13,240287
7222,0.001799,172.217.194.0-255,5738,163903,13,240287
7223,0.00182,172.217.194.0-255,10692,174595,13,240287
7224,0.001868,172.217.194.0-255,1484,176079,13,240287
7225,0.001871,172.217.194.0-255,1484,177563,13,240287
7226,0.001886,172.217.194.0-255,1484,179047,13,240287
7227,0.001892,172.217.194.0-255,4320,183367,13,240287
7228,0.001911,172.217.194.0-255,1484,184851,13,240287
7229,0.001918,172.217.194.0-255,4320,189171,13,240287
7230,0.001941,172.217.194.0-255,5738,194909,13,240287
7231,0.00198,172.217.194.0-255,1484,196393,13,240287
7232,0.002002,172.217.194.0-255,9992,206385,13,240287
7233,0.00201,172.217.194.0-255,7856,214241,13,240287
7234,0.002035,172.217.194.0-255,10692,224933,13,240287
7235,0.002077,172.217.194.0-255,4320,229253,13,240287
7236,0.002138,172.217.194.0-255,10692,239945,13,240287
7237,0.002187,172.217.194.0-255,105,240050,13,240287
7238,0.005873,172.31.36.0-255,66,240116,13,240287
7239,0.00763,172.31.36.0-255,105,240221,13,240287
7240,0.009987,172.217.194.0-255,66,240287,13,240287
7241,0.0,172.217.194.0-255,153,153,13,334189
7242,1.8e-05,172.31.36.0-255,66,219,13,334189
7243,2.5e-05,172.217.194.0-255,1484,1703,13,334189
7244,3.1e-05,172.31.36.0-255,66,1769,13,334189
7245,3.7e-05,172.217.194.0-255,2902,4671,13,334189
7246,4e-05,172.31.36.0-255,66,4737,13,334189
7247,4.3e-05,172.217.194.0-255,1484,6221,13,334189
7248,4.6e-05,172.31.36.0-255,66,6287,13,334189
7249,7.2e-05,172.217.194.0-255,5738,12025,13,334189
7250,7.6e-05,172.31.36.0-255,66,12091,13,334189
7251,8e-05,172.217.194.0-255,2065,14156,13,334189
7252,8.2e-05,172.31.36.0-255,66,14222,13,334189
7253,0.000183,172.217.194.0-255,1484,15706,13,334189
7254,0.000188,172.31.36.0-255,66,15772,13,334189
7255,0.000193,172.217.194.0-255,2902,18674,13,334189
7256,0.000195,172.31.36.0-255,66,18740,13,334189
7257,0.000198,172.217.194.0-255,1484,20224,13,334189
7258,0.0002,172.31.36.0-255,66,20290,13,334189
7259,0.000224,172.217.194.0-255,4320,24610,13,334189
7260,0.000227,172.31.36.0-255,66,24676,13,334189
7261,0.000232,172.217.194.0-255,4320,28996,13,334189
7262,0.000234,172.31.36.0-255,66,29062,13,334189
7263,0.00027,172.217.194.0-255,2543,31605,13,334189
7264,0.000272,172.31.36.0-255,66,31671,13,334189
7265,0.000284,172.217.194.0-255,1484,33155,13,334189
7266,0.000286,172.31.36.0-255,66,33221,13,334189
7267,0.000299,172.217.194.0-255,1484,34705,13,334189
7268,0.000301,172.31.36.0-255,66,34771,13,334189
7269,0.000306,172.217.194.0-255,2902,37673,13,334189
7270,0.000308,172.31.36.0-255,66,37739,13,334189
7271,0.000332,172.217.194.0-255,4320,42059,13,334189
7272,0.000335,172.31.36.0-255,66,42125,13,334189
7273,0.000341,172.217.194.0-255,5738,47863,13,334189
7274,0.000344,172.31.36.0-255,66,47929,13,334189
7275,0.000357,172.217.194.0-255,1125,49054,13,334189
7276,0.000417,172.217.194.0-255,1484,50538,13,334189
7277,0.00042,172.31.36.0-255,66,50604,13,334189
7278,0.000424,172.217.194.0-255,1484,52088,13,334189
7279,0.000439,172.217.194.0-255,1484,53572,13,334189
7280,0.000441,172.31.36.0-255,66,53638,13,334189
7281,0.000447,172.217.194.0-255,5738,59376,13,334189
7282,0.000451,172.31.36.0-255,66,59442,13,334189
7283,0.000474,172.217.194.0-255,4320,63762,13,334189
7284,0.000477,172.31.36.0-255,66,63828,13,334189
7285,0.000501,172.217.194.0-255,2818,66646,13,334189
7286,0.000504,172.31.36.0-255,66,66712,13,334189
7287,0.00072,172.217.194.0-255,119,66831,13,334189
7288,0.000761,172.217.194.0-255,380,67211,13,334189
7289,0.000908,172.217.194.0-255,1484,68695,13,334189
7290,0.000913,172.31.36.0-255,66,68761,13,334189
7291,0.000919,172.217.194.0-255,2902,71663,13,334189
7292,0.000921,172.31.36.0-255,66,71729,13,334189
7293,0.000925,172.217.194.0-255,1484,73213,13,334189
7294,0.000946,172.217.194.0-255,4320,77533,13,334189
7295,0.000949,172.31.36.0-255,66,77599,13,334189
7296,0.000955,172.217.194.0-255,5738,83337,13,334189
7297,0.000958,172.31.36.0-255,66,83403,13,334189
7298,0.000979,172.217.194.0-255,7156,90559,13,334189
7299,0.000982,172.31.36.0-255,66,90625,13,334189
7300,0.000989,172.217.194.0-255,5738,96363,13,334189
7301,0.000992,172.31.36.0-255,66,96429,13,334189
7302,0.001019,172.217.194.0-255,5020,101449,13,334189
7303,0.001022,172.31.36.0-255,66,101515,13,334189
7304,0.001057,172.217.194.0-255,8574,110089,13,334189
7305,0.00106,172.31.36.0-255,66,110155,13,334189
7306,0.001081,172.217.194.0-255,2902,113057,13,334189
7307,0.001083,172.31.36.0-255,66,113123,13,334189
7308,0.001089,172.217.194.0-255,4830,117953,13,334189
7309,0.001092,172.31.36.0-255,66,118019,13,334189
7310,0.001108,172.217.194.0-255,1484,119503,13,334189
7311,0.001112,172.217.194.0-255,2902,122405,13,334189
7312,0.001114,172.31.36.0-255,66,122471,13,334189
7313,0.001117,172.217.194.0-255,1484,123955,13,334189
7314,0.001136,172.217.194.0-255,4320,128275,13,334189
7315,0.001139,172.31.36.0-255,66,128341,13,334189
7316,0.001177,172.217.194.0-255,4320,132661,13,334189
7317,0.00118,172.31.36.0-255,66,132727,13,334189
7318,0.0012,172.217.194.0-255,2902,135629,13,334189
7319,0.001204,172.31.36.0-255,66,135695,13,334189
7320,0.001231,172.217.194.0-255,8574,144269,13,334189
7321,0.001234,172.31.36.0-255,66,144335,13,334189
7322,0.001253,172.217.194.0-255,2902,147237,13,334189
7323,0.001255,172.31.36.0-255,66,147303,13,334189
7324,0.00128,172.217.194.0-255,5020,152323,13,334189
7325,0.001283,172.31.36.0-255,66,152389,13,334189
7326,0.001322,172.217.194.0-255,5738,158127,13,334189
7327,0.001326,172.31.36.0-255,66,158193,13,334189
7328,0.001351,172.217.194.0-255,7156,165349,13,334189
7329,0.001355,172.31.36.0-255,66,165415,13,334189
7330,0.00136,172.217.194.0-255,4320,169735,13,334189
7331,0.001362,172.31.36.0-255,66,169801,13,334189
7332,0.001385,172.217.194.0-255,9992,179793,13,334189
7333,0.001388,172.31.36.0-255,66,179859,13,334189
7334,0.001395,172.217.194.0-255,6438,186297,13,334189
7335,0.001397,172.31.36.0-255,66,186363,13,334189
7336,0.001487,172.217.194.0-255,1484,187847,13,334189
7337,0.001492,172.217.194.0-255,2902,190749,13,334189
7338,0.001496,172.31.36.0-255,66,190815,13,334189
7339,0.001499,172.217.194.0-255,1484,192299,13,334189
7340,0.001517,172.217.194.0-255,4320,196619,13,334189
7341,0.001522,172.31.36.0-255,66,196685,13,334189
7342,0.001531,172.217.194.0-255,4320,201005,13,334189
7343,0.001535,172.31.36.0-255,66,201071,13,334189
7344,0.001564,172.217.194.0-255,7156,208227,13,334189
7345,0.001567,172.31.36.0-255,66,208293,13,334189
7346,0.001587,172.217.194.0-255,4320,212613,13,334189
7347,0.001589,172.31.36.0-255,66,212679,13,334189
7348,0.001614,172.217.194.0-255,7856,220535,13,334189
7349,0.001617,172.31.36.0-255,66,220601,13,334189
7350,0.001937,172.217.194.0-255,1484,222085,13,334189
7351,0.001944,172.217.194.0-255,2902,224987,13,334189
7352,0.001948,172.31.36.0-255,66,225053,13,334189
7353,0.001955,172.217.194.0-255,5738,230791,13,334189
7354,0.001957,172.31.36.0-255,66,230857,13,334189
7355,0.001983,172.217.194.0-255,4320,235177,13,334189
7356,0.001986,172.31.36.0-255,66,235243,13,334189
7357,0.002011,172.217.194.0-255,8574,243817,13,334189
7358,0.002013,172.31.36.0-255,66,243883,13,334189
7359,0.002044,172.217.194.0-255,4320,248203,13,334189
7360,0.002047,172.31.36.0-255,66,248269,13,334189
7361,0.002077,172.217.194.0-255,6438,254707,13,334189
7362,0.00208,172.31.36.0-255,66,254773,13,334189
7363,0.002138,172.217.194.0-255,1484,256257,13,334189
7364,0.002143,172.217.194.0-255,2902,259159,13,334189
7365,0.002146,172.31.36.0-255,66,259225,13,334189
7366,0.00215,172.217.194.0-255,1484,260709,13,334189
7367,0.00217,172.217.194.0-255,4320,265029,13,334189
7368,0.002173,172.31.36.0-255,66,265095,13,334189
7369,0.002179,172.217.194.0-255,4320,269415,13,334189
7370,0.002181,172.31.36.0-255,66,269481,13,334189
7371,0.0022,172.217.194.0-255,8574,278055,13,334189
7372,0.002204,172.31.36.0-255,66,278121,13,334189
7373,0.002209,172.217.194.0-255,4320,282441,13,334189
7374,0.002211,172.31.36.0-255,66,282507,13,334189
7375,0.002245,172.217.194.0-255,2902,285409,13,334189
7376,0.002249,172.31.36.0-255,66,285475,13,334189
7377,0.002282,172.31.36.0-255,66,285541,13,334189
7378,0.002318,172.217.194.0-255,5738,291279,13,334189
7379,0.00232,172.31.36.0-255,66,291345,13,334189
7380,0.002346,172.217.194.0-255,5738,297083,13,334189
7381,0.002349,172.31.36.0-255,66,297149,13,334189
7382,0.002359,172.217.194.0-255,9274,306423,13,334189
7383,0.002361,172.31.36.0-255,66,306489,13,334189
7384,0.002365,172.217.194.0-255,2902,309391,13,334189
7385,0.002385,172.217.194.0-255,1484,310875,13,334189
7386,0.00239,172.217.194.0-255,5738,316613,13,334189
7387,0.002405,172.217.194.0-255,2902,319515,13,334189
7388,0.002408,172.31.36.0-255,66,319581,13,334189
7389,0.002415,172.31.36.0-255,66,319647,13,334189
7390,0.002429,172.217.194.0-255,9274,328921,13,334189
7391,0.002456,172.31.36.0-255,66,328987,13,334189
7392,0.002466,172.217.194.0-255,2902,331889,13,334189
7393,0.002483,172.31.36.0-255,66,331955,13,334189
7394,0.002511,172.217.194.0-255,1892,333847,13,334189
7395,0.002529,172.217.194.0-255,105,333952,13,334189
7396,0.00254,172.31.36.0-255,66,334018,13,334189
7397,0.009634,172.31.36.0-255,105,334123,13,334189
7398,0.012171,172.217.194.0-255,66,334189,13,334189
7399,0.0,172.31.36.0-255,105,105,13,276
7400,0.002064,157.240.13.0-255,105,210,13,276
7401,0.002075,172.31.36.0-255,66,276,13,276
7402,0.0,172.217.24.0-255,148,148,13,149880
7403,2.3e-05,172.31.36.0-255,66,214,13,149880
7404,3e-05,172.217.24.0-255,1484,1698,13,149880
7405,3.4e-05,172.31.36.0-255,66,1764,13,149880
7406,4e-05,172.217.24.0-255,2902,4666,13,149880
7407,4.3e-05,172.31.36.0-255,66,4732,13,149880
7408,4.6e-05,172.217.24.0-255,1484,6216,13,149880
7409,4.9e-05,172.31.36.0-255,66,6282,13,149880
7410,5.4e-05,172.217.24.0-255,2902,9184,13,149880
7411,5.7e-05,172.31.36.0-255,66,9250,13,149880
7412,0.0001,172.217.24.0-255,4812,14062,13,149880
7413,0.000103,172.31.36.0-255,66,14128,13,149880
7414,0.000171,172.217.24.0-255,1484,15612,13,149880
7415,0.000173,172.31.36.0-255,66,15678,13,149880
7416,0.000177,172.217.24.0-255,1484,17162,13,149880
7417,0.00018,172.31.36.0-255,66,17228,13,149880
7418,0.000194,172.217.24.0-255,1484,18712,13,149880
7419,0.000196,172.31.36.0-255,66,18778,13,149880
7420,0.000202,172.217.24.0-255,5738,24516,13,149880
7421,0.000205,172.31.36.0-255,66,24582,13,149880
7422,0.000208,172.217.24.0-255,1484,26066,13,149880
7423,0.00021,172.31.36.0-255,66,26132,13,149880
7424,0.000234,172.217.24.0-255,5379,31511,13,149880
7425,0.000237,172.31.36.0-255,66,31577,13,149880
7426,0.000255,172.217.24.0-255,2902,34479,13,149880
7427,0.000257,172.31.36.0-255,66,34545,13,149880
7428,0.000282,172.217.24.0-255,8574,43119,13,149880
7429,0.000285,172.31.36.0-255,66,43185,13,149880
7430,0.000302,172.217.24.0-255,2902,46087,13,149880
7431,0.000304,172.31.36.0-255,66,46153,13,149880
7432,0.000322,172.217.24.0-255,2543,48696,13,149880
7433,0.000325,172.31.36.0-255,66,48762,13,149880
7434,0.000904,172.217.24.0-255,1484,50246,13,149880
7435,0.000912,172.217.24.0-255,2902,53148,13,149880
7436,0.000919,172.31.36.0-255,66,53214,13,149880
7437,0.000929,172.217.24.0-255,5738,58952,13,149880
7438,0.000932,172.31.36.0-255,66,59018,13,149880
7439,0.000956,172.217.24.0-255,4320,63338,13,149880
7440,0.000959,172.31.36.0-255,66,63404,13,149880
7441,0.000978,172.217.24.0-255,2872,66276,13,149880
7442,0.000981,172.31.36.0-255,66,66342,13,149880
7443,0.001443,172.217.24.0-255,1484,67826,13,149880
7444,0.001466,172.217.24.0-255,2902,70728,13,149880
7445,0.00147,172.31.36.0-255,66,70794,13,149880
7446,0.001476,172.217.24.0-255,4320,75114,13,149880
7447,0.001479,172.31.36.0-255,66,75180,13,149880
7448,0.001511,172.217.24.0-255,4320,79500,13,149880
7449,0.001515,172.31.36.0-255,66,79566,13,149880
7450,0.001537,172.217.24.0-255,5379,84945,13,149880
7451,0.00154,172.31.36.0-255,66,85011,13,149880
7452,0.001552,172.31.36.0-255,66,85077,13,149880
7453,0.001596,172.217.24.0-255,3663,88740,13,149880
7454,0.001599,172.31.36.0-255,66,88806,13,149880
7455,0.001894,172.217.24.0-255,1484,90290,13,149880
7456,0.001902,172.217.24.0-255,2902,93192,13,149880
7457,0.001906,172.31.36.0-255,66,93258,13,149880
7458,0.001912,172.217.24.0-255,4320,97578,13,149880
7459,0.001915,172.31.36.0-255,66,97644,13,149880
7460,0.003796,172.217.24.0-255,5738,103382,13,149880
7461,0.003801,172.31.36.0-255,66,103448,13,149880
7462,0.005695,172.217.24.0-255,5738,109186,13,149880
7463,0.0057,172.31.36.0-255,66,109252,13,149880
7464,0.007591,172.217.24.0-255,5738,114990,13,149880
7465,0.007597,172.31.36.0-255,66,115056,13,149880
7466,0.009495,172.217.24.0-255,5738,120794,13,149880
7467,0.009502,172.31.36.0-255,66,120860,13,149880
7468,0.011392,172.217.24.0-255,5738,126598,13,149880
7469,0.011399,172.31.36.0-255,66,126664,13,149880
7470,0.013312,172.217.24.0-255,5738,132402,13,149880
7471,0.01332,172.31.36.0-255,66,132468,13,149880
7472,0.01523,172.217.24.0-255,5738,138206,13,149880
7473,0.015238,172.31.36.0-255,66,138272,13,149880
7474,0.017138,172.217.24.0-255,5738,144010,13,149880
7475,0.017145,172.31.36.0-255,66,144076,13,149880
7476,0.01905,172.217.24.0-255,5738,149814,13,149880
7477,0.019057,172.31.36.0-255,66,149880,13,149880
7478,0.0,172.217.194.0-255,153,153,13,160084
7479,3.5e-05,172.31.36.0-255,66,219,13,160084
7480,4.3e-05,172.217.194.0-255,1484,1703,13,160084
7481,4.8e-05,172.31.36.0-255,66,1769,13,160084
7482,6e-05,172.217.194.0-255,2902,4671,13,160084
7483,6.3e-05,172.31.36.0-255,66,4737,13,160084
7484,7.1e-05,172.217.194.0-255,7156,11893,13,160084
7485,7.4e-05,172.31.36.0-255,66,11959,13,160084
7486,8.8e-05,172.217.194.0-255,2055,14014,13,160084
7487,9e-05,172.31.36.0-255,66,14080,13,160084
7488,0.000163,172.217.194.0-255,1484,15564,13,160084
7489,0.000166,172.31.36.0-255,66,15630,13,160084
7490,0.000197,172.217.194.0-255,2902,18532,13,160084
7491,0.000201,172.31.36.0-255,66,18598,13,160084
7492,0.000206,172.217.194.0-255,5738,24336,13,160084
7493,0.000208,172.31.36.0-255,66,24402,13,160084
7494,0.000247,172.217.194.0-255,6797,31199,13,160084
7495,0.000251,172.31.36.0-255,66,31265,13,160084
7496,0.000288,172.217.194.0-255,1484,32749,13,160084
7497,0.00029,172.31.36.0-255,66,32815,13,160084
7498,0.000303,172.217.194.0-255,2902,35717,13,160084
7499,0.00031,172.31.36.0-255,66,35783,13,160084
7500,0.000341,172.217.194.0-255,5738,41521,13,160084
7501,0.000349,172.31.36.0-255,66,41587,13,160084
7502,0.000375,172.217.194.0-255,6797,48384,13,160084
7503,0.000379,172.31.36.0-255,66,48450,13,160084
7504,0.001062,172.217.194.0-255,1484,49934,13,160084
7505,0.001067,172.31.36.0-255,66,50000,13,160084
7506,0.001078,172.217.194.0-255,2902,52902,13,160084
7507,0.001086,172.31.36.0-255,66,52968,13,160084
7508,0.001092,172.217.194.0-255,4320,57288,13,160084
7509,0.001094,172.31.36.0-255,66,57354,13,160084
7510,0.001142,172.217.194.0-255,5738,63092,13,160084
7511,0.001162,172.217.194.0-255,2543,65635,13,160084
7512,0.001504,172.217.194.0-255,647,66282,13,160084
7513,0.001531,172.217.194.0-255,1484,67766,13,160084
7514,0.001543,172.217.194.0-255,4320,72086,13,160084
7515,0.001567,172.217.194.0-255,2902,74988,13,160084
7516,0.001585,172.217.194.0-255,7156,82144,13,160084
7517,0.001661,172.217.194.0-255,5738,87882,13,160084
7518,0.001674,172.217.194.0-255,7156,95038,13,160084
7519,0.00169,172.217.194.0-255,5020,100058,13,160084
7520,0.001795,172.217.194.0-255,5738,105796,13,160084
7521,0.001808,172.217.194.0-255,7156,112952,13,160084
7522,0.001929,172.217.194.0-255,4320,117272,13,160084
7523,0.002185,172.217.194.0-255,3602,120874,13,160084
7524,0.00221,172.217.194.0-255,4320,125194,13,160084
7525,0.00377,172.31.36.0-255,66,125260,13,160084
7526,0.006055,172.217.194.0-255,5738,130998,13,160084
7527,0.006061,172.31.36.0-255,66,131064,13,160084
7528,0.008331,172.217.194.0-255,5738,136802,13,160084
7529,0.00834,172.31.36.0-255,66,136868,13,160084
7530,0.010596,172.217.194.0-255,5738,142606,13,160084
7531,0.010606,172.31.36.0-255,66,142672,13,160084
7532,0.012876,172.217.194.0-255,5738,148410,13,160084
7533,0.01339,172.31.36.0-255,66,148476,13,160084
7534,0.015672,172.217.194.0-255,5738,154214,13,160084
7535,0.015704,172.31.36.0-255,66,154280,13,160084
7536,0.017961,172.217.194.0-255,5738,160018,13,160084
7537,0.017972,172.31.36.0-255,66,160084,13,160084
7538,0.0,74.125.24.0-255,150,150,13,226276
7539,2.2e-05,172.31.36.0-255,66,216,13,226276
7540,2.9e-05,74.125.24.0-255,1484,1700,13,226276
7541,3.4e-05,172.31.36.0-255,66,1766,13,226276
7542,4e-05,74.125.24.0-255,2902,4668,13,226276
7543,4.4e-05,172.31.36.0-255,66,4734,13,226276
7544,5.2e-05,74.125.24.0-255,7156,11890,13,226276
7545,5.5e-05,172.31.36.0-255,66,11956,13,226276
7546,8.3e-05,74.125.24.0-255,6344,18300,13,226276
7547,8.6e-05,172.31.36.0-255,66,18366,13,226276
7548,9.4e-05,74.125.24.0-255,7156,25522,13,226276
7549,9.6e-05,172.31.36.0-255,66,25588,13,226276
7550,0.000128,172.31.36.0-255,66,25654,13,226276
7551,0.00015,74.125.24.0-255,2902,28556,13,226276
7552,0.000152,172.31.36.0-255,66,28622,13,226276
7553,0.00016,74.125.24.0-255,6438,35060,13,226276
7554,0.000162,172.31.36.0-255,66,35126,13,226276
7555,0.000179,74.125.24.0-255,1484,36610,13,226276
7556,0.000181,172.31.36.0-255,66,36676,13,226276
7557,0.00021,172.31.36.0-255,66,36742,13,226276
7558,0.000231,74.125.24.0-255,1423,38165,13,226276
7559,0.000233,172.31.36.0-255,66,38231,13,226276
7560,0.000258,74.125.24.0-255,378,38609,13,226276
7561,0.00026,172.31.36.0-255,66,38675,13,226276
7562,0.00037,74.125.24.0-255,1484,40159,13,226276
7563,0.000375,172.31.36.0-255,66,40225,13,226276
7564,0.00038,74.125.24.0-255,2902,43127,13,226276
7565,0.000383,172.31.36.0-255,66,43193,13,226276
7566,0.000389,74.125.24.0-255,5738,48931,13,226276
7567,0.000392,172.31.36.0-255,66,48997,13,226276
7568,0.000451,172.31.36.0-255,66,49063,13,226276
7569,0.000459,74.125.24.0-255,8574,57637,13,226276
7570,0.000462,172.31.36.0-255,66,57703,13,226276
7571,0.000464,74.125.24.0-255,1125,58828,13,226276
7572,0.00095,74.125.24.0-255,1484,60312,13,226276
7573,0.000956,74.125.24.0-255,2902,63214,13,226276
7574,0.000962,172.31.36.0-255,66,63280,13,226276
7575,0.000966,172.31.36.0-255,66,63346,13,226276
7576,0.000987,74.125.24.0-255,5738,69084,13,226276
7577,0.000989,172.31.36.0-255,66,69150,13,226276
7578,0.000995,74.125.24.0-255,4320,73470,13,226276
7579,0.000997,172.31.36.0-255,66,73536,13,226276
7580,0.001014,74.125.24.0-255,2902,76438,13,226276
7581,0.001017,172.31.36.0-255,66,76504,13,226276
7582,0.001022,74.125.24.0-255,4320,80824,13,226276
7583,0.001024,172.31.36.0-255,66,80890,13,226276
7584,0.001055,74.125.24.0-255,9992,90882,13,226276
7585,0.001057,172.31.36.0-255,66,90948,13,226276
7586,0.001062,74.125.24.0-255,2184,93132,13,226276
7587,0.001064,172.31.36.0-255,66,93198,13,226276
7588,0.001227,74.125.24.0-255,1484,94682,13,226276
7589,0.001234,74.125.24.0-255,2902,97584,13,226276
7590,0.001237,172.31.36.0-255,66,97650,13,226276
7591,0.001262,74.125.24.0-255,5738,103388,13,226276
7592,0.001264,172.31.36.0-255,66,103454,13,226276
7593,0.001299,172.31.36.0-255,66,103520,13,226276
7594,0.001307,74.125.24.0-255,7156,110676,13,226276
7595,0.001309,172.31.36.0-255,66,110742,13,226276
7596,0.001328,74.125.24.0-255,3602,114344,13,226276
7597,0.001331,172.31.36.0-255,66,114410,13,226276
7598,0.001341,74.125.24.0-255,9992,124402,13,226276
7599,0.001343,172.31.36.0-255,66,124468,13,226276
7600,0.001361,74.125.24.0-255,1484,125952,13,226276
7601,0.001394,74.125.24.0-255,1484,127436,13,226276
7602,0.001397,172.31.36.0-255,66,127502,13,226276
7603,0.001429,172.31.36.0-255,66,127568,13,226276
7604,0.001451,74.125.24.0-255,5020,132588,13,226276
7605,0.001454,172.31.36.0-255,66,132654,13,226276
7606,0.001707,74.125.24.0-255,1484,134138,13,226276
7607,0.001727,74.125.24.0-255,2902,137040,13,226276
7608,0.00173,172.31.36.0-255,66,137106,13,226276
7609,0.001737,74.125.24.0-255,5738,142844,13,226276
7610,0.001739,172.31.36.0-255,66,142910,13,226276
7611,0.001763,74.125.24.0-255,2902,145812,13,226276
7612,0.001766,172.31.36.0-255,66,145878,13,226276
7613,0.001793,74.125.24.0-255,9992,155870,13,226276
7614,0.001796,172.31.36.0-255,66,155936,13,226276
7615,0.001805,74.125.24.0-255,8574,164510,13,226276
7616,0.001807,172.31.36.0-255,66,164576,13,226276
7617,0.001833,74.125.24.0-255,2184,166760,13,226276
7618,0.001836,172.31.36.0-255,66,166826,13,226276
7619,0.00189,74.125.24.0-255,1484,168310,13,226276
7620,0.001907,74.125.24.0-255,2902,171212,13,226276
7621,0.001912,172.31.36.0-255,66,171278,13,226276
7622,0.001924,74.125.24.0-255,5738,177016,13,226276
7623,0.001926,172.31.36.0-255,66,177082,13,226276
7624,0.001967,74.125.24.0-255,8574,185656,13,226276
7625,0.00197,172.31.36.0-255,66,185722,13,226276
7626,0.00198,74.125.24.0-255,9992,195714,13,226276
7627,0.001982,172.31.36.0-255,66,195780,13,226276
7628,0.002017,74.125.24.0-255,2902,198682,13,226276
7629,0.00202,172.31.36.0-255,66,198748,13,226276
7630,0.002065,172.31.36.0-255,66,198814,13,226276
7631,0.002081,172.31.36.0-255,66,198880,13,226276
7632,0.00209,74.125.24.0-255,9274,208154,13,226276
7633,0.002092,172.31.36.0-255,66,208220,13,226276
7634,0.002105,172.31.36.0-255,66,208286,13,226276
7635,0.00215,74.125.24.0-255,5020,213306,13,226276
7636,0.002154,172.31.36.0-255,66,213372,13,226276
7637,0.002162,172.31.36.0-255,66,213438,13,226276
7638,0.002167,74.125.24.0-255,2902,216340,13,226276
7639,0.002169,172.31.36.0-255,66,216406,13,226276
7640,0.0022,172.31.36.0-255,66,216472,13,226276
7641,0.002237,172.31.36.0-255,66,216538,13,226276
7642,0.002247,74.125.24.0-255,9330,225868,13,226276
7643,0.002249,172.31.36.0-255,66,225934,13,226276
7644,0.002252,74.125.24.0-255,105,226039,13,226276
7645,0.004066,172.31.36.0-255,66,226105,13,226276
7646,0.004103,172.31.36.0-255,105,226210,13,226276
7647,0.006446,74.125.24.0-255,66,226276,13,226276
7648,0.0,172.217.194.0-255,153,153,13,116756
7649,1.5e-05,172.31.36.0-255,66,219,13,116756
7650,2.2e-05,172.217.194.0-255,1484,1703,13,116756
7651,2.7e-05,172.31.36.0-255,66,1769,13,116756
7652,3.3e-05,172.217.194.0-255,2902,4671,13,116756
7653,3.6e-05,172.31.36.0-255,66,4737,13,116756
7654,5.8e-05,172.217.194.0-255,5738,10475,13,116756
7655,6.2e-05,172.31.36.0-255,66,10541,13,116756
7656,7.5e-05,172.217.194.0-255,1484,12025,13,116756
7657,7.7e-05,172.31.36.0-255,66,12091,13,116756
7658,0.000125,172.217.194.0-255,7156,19247,13,116756
7659,0.000127,172.31.36.0-255,66,19313,13,116756
7660,0.000144,172.217.194.0-255,2039,21352,13,116756
7661,0.000147,172.31.36.0-255,66,21418,13,116756
7662,0.00015,172.217.194.0-255,1484,22902,13,116756
7663,0.000151,172.31.36.0-255,66,22968,13,116756
7664,0.000172,172.217.194.0-255,2902,25870,13,116756
7665,0.000174,172.31.36.0-255,66,25936,13,116756
7666,0.000205,172.217.194.0-255,9992,35928,13,116756
7667,0.000208,172.31.36.0-255,66,35994,13,116756
7668,0.000216,172.217.194.0-255,7156,43150,13,116756
7669,0.000218,172.31.36.0-255,66,43216,13,116756
7670,0.000245,172.217.194.0-255,5020,48236,13,116756
7671,0.000247,172.31.36.0-255,66,48302,13,116756
7672,0.000917,172.217.194.0-255,1484,49786,13,116756
7673,0.000923,172.31.36.0-255,66,49852,13,116756
7674,0.000932,172.217.194.0-255,2902,52754,13,116756
7675,0.000934,172.31.36.0-255,66,52820,13,116756
7676,0.000939,172.217.194.0-255,2902,55722,13,116756
7677,0.000941,172.31.36.0-255,66,55788,13,116756
7678,0.000974,172.217.194.0-255,7156,62944,13,116756
7679,0.000977,172.31.36.0-255,66,63010,13,116756
7680,0.000993,172.217.194.0-255,2862,65872,13,116756
7681,0.001963,172.217.194.0-255,1484,67356,13,116756
7682,0.001972,172.217.194.0-255,2902,70258,13,116756
7683,0.00343,172.31.36.0-255,66,70324,13,116756
7684,0.005383,172.217.194.0-255,5738,76062,13,116756
7685,0.005389,172.31.36.0-255,66,76128,13,116756
7686,0.007374,172.217.194.0-255,5738,81866,13,116756
7687,0.007396,172.31.36.0-255,66,81932,13,116756
7688,0.009377,172.217.194.0-255,5738,87670,13,116756
7689,0.009384,172.31.36.0-255,66,87736,13,116756
7690,0.011361,172.217.194.0-255,5738,93474,13,116756
7691,0.011368,172.31.36.0-255,66,93540,13,116756
7692,0.013362,172.217.194.0-255,5738,99278,13,116756
7693,0.013369,172.31.36.0-255,66,99344,13,116756
7694,0.01534,172.217.194.0-255,5738,105082,13,116756
7695,0.015349,172.31.36.0-255,66,105148,13,116756
7696,0.017306,172.217.194.0-255,5738,110886,13,116756
7697,0.017314,172.31.36.0-255,66,110952,13,116756
7698,0.019275,172.217.194.0-255,5738,116690,13,116756
7699,0.019282,172.31.36.0-255,66,116756,13,116756
7700,0.0,172.31.36.0-255,177,177,13,243
7701,0.005512,172.217.27.0-255,66,243,13,243
7702,0.0,74.125.130.0-255,153,153,13,174859
7703,2.2e-05,172.31.36.0-255,66,219,13,174859
7704,2.9e-05,74.125.130.0-255,1484,1703,13,174859
7705,3.4e-05,172.31.36.0-255,66,1769,13,174859
7706,4e-05,74.125.130.0-255,2902,4671,13,174859
7707,5.1e-05,172.31.36.0-255,66,4737,13,174859
7708,5.4e-05,74.125.130.0-255,1484,6221,13,174859
7709,5.7e-05,172.31.36.0-255,66,6287,13,174859
7710,6.3e-05,74.125.130.0-255,2902,9189,13,174859
7711,6.5e-05,172.31.36.0-255,66,9255,13,174859
7712,9.2e-05,74.125.130.0-255,4894,14149,13,174859
7713,9.5e-05,172.31.36.0-255,66,14215,13,174859
7714,0.000535,74.125.130.0-255,1484,15699,13,174859
7715,0.000541,172.31.36.0-255,66,15765,13,174859
7716,0.000549,74.125.130.0-255,2902,18667,13,174859
7717,0.000552,172.31.36.0-255,66,18733,13,174859
7718,0.000565,74.125.130.0-255,5738,24471,13,174859
7719,0.000567,172.31.36.0-255,66,24537,13,174859
7720,0.000604,74.125.130.0-255,6797,31334,13,174859
7721,0.000607,172.31.36.0-255,66,31400,13,174859
7722,0.000946,74.125.130.0-255,1484,32884,13,174859
7723,0.000954,172.31.36.0-255,66,32950,13,174859
7724,0.000961,74.125.130.0-255,1484,34434,13,174859
7725,0.000965,172.31.36.0-255,66,34500,13,174859
7726,0.000974,74.125.130.0-255,2902,37402,13,174859
7727,0.000977,172.31.36.0-255,66,37468,13,174859
7728,0.001003,74.125.130.0-255,4320,41788,13,174859
7729,0.00101,172.31.36.0-255,66,41854,13,174859
7730,0.001037,74.125.130.0-255,5738,47592,13,174859
7731,0.00104,172.31.36.0-255,66,47658,13,174859
7732,0.001044,74.125.130.0-255,1484,49142,13,174859
7733,0.001046,172.31.36.0-255,66,49208,13,174859
7734,0.001078,74.125.130.0-255,2543,51751,13,174859
7735,0.001081,172.31.36.0-255,66,51817,13,174859
7736,0.001086,74.125.130.0-255,4320,56137,13,174859
7737,0.001088,172.31.36.0-255,66,56203,13,174859
7738,0.001113,74.125.130.0-255,7156,63359,13,174859
7739,0.001116,172.31.36.0-255,66,63425,13,174859
7740,0.00114,74.125.130.0-255,1484,64909,13,174859
7741,0.001151,74.125.130.0-255,1125,66034,13,174859
7742,0.001154,172.31.36.0-255,66,66100,13,174859
7743,0.001333,74.125.130.0-255,356,66456,13,174859
7744,0.001338,74.125.130.0-255,387,66843,13,174859
7745,0.001782,74.125.130.0-255,1484,68327,13,174859
7746,0.001786,172.31.36.0-255,66,68393,13,174859
7747,0.001811,74.125.130.0-255,2902,71295,13,174859
7748,0.001814,172.31.36.0-255,66,71361,13,174859
7749,0.001816,74.125.130.0-255,1484,72845,13,174859
7750,0.00182,74.125.130.0-255,2902,75747,13,174859
7751,0.001822,172.31.36.0-255,66,75813,13,174859
7752,0.001831,74.125.130.0-255,5738,81551,13,174859
7753,0.001834,172.31.36.0-255,66,81617,13,174859
7754,0.00186,74.125.130.0-255,2902,84519,13,174859
7755,0.001862,172.31.36.0-255,66,84585,13,174859
7756,0.001882,74.125.130.0-255,8574,93159,13,174859
7757,0.001885,172.31.36.0-255,66,93225,13,174859
7758,0.001907,74.125.130.0-255,1484,94709,13,174859
7759,0.001928,74.125.130.0-255,6438,101147,13,174859
7760,0.00193,172.31.36.0-255,66,101213,13,174859
7761,0.002189,74.125.130.0-255,1484,102697,13,174859
7762,0.002208,74.125.130.0-255,2902,105599,13,174859
7763,0.00221,172.31.36.0-255,66,105665,13,174859
7764,0.002214,74.125.130.0-255,2902,108567,13,174859
7765,0.002216,172.31.36.0-255,66,108633,13,174859
7766,0.002242,74.125.130.0-255,1484,110117,13,174859
7767,0.002247,74.125.130.0-255,4320,114437,13,174859
7768,0.00225,172.31.36.0-255,66,114503,13,174859
7769,0.002278,74.125.130.0-255,4320,118823,13,174859
7770,0.00228,172.31.36.0-255,66,118889,13,174859
7771,0.002287,74.125.130.0-255,7156,126045,13,174859
7772,0.002289,172.31.36.0-255,66,126111,13,174859
7773,0.002296,74.125.130.0-255,8574,134685,13,174859
7774,0.002315,172.31.36.0-255,66,134751,13,174859
7775,0.002318,74.125.130.0-255,766,135517,13,174859
7776,0.00322,172.31.36.0-255,66,135583,13,174859
7777,0.004684,74.125.130.0-255,4320,139903,13,174859
7778,0.004691,172.31.36.0-255,66,139969,13,174859
7779,0.00561,74.125.130.0-255,1484,141453,13,174859
7780,0.007055,74.125.130.0-255,4320,145773,13,174859
7781,0.007061,172.31.36.0-255,66,145839,13,174859
7782,0.009451,74.125.130.0-255,5738,151577,13,174859
7783,0.009459,172.31.36.0-255,66,151643,13,174859
7784,0.011828,74.125.130.0-255,5738,157381,13,174859
7785,0.011835,172.31.36.0-255,66,157447,13,174859
7786,0.014204,74.125.130.0-255,5738,163185,13,174859
7787,0.014211,172.31.36.0-255,66,163251,13,174859
7788,0.016599,74.125.130.0-255,5738,168989,13,174859
7789,0.016608,172.31.36.0-255,66,169055,13,174859
7790,0.018979,74.125.130.0-255,5738,174793,13,174859
7791,0.018988,172.31.36.0-255,66,174859,13,174859
7792,0.0,172.217.194.0-255,146,146,13,291553
7793,3e-05,172.31.36.0-255,66,212,13,291553
7794,3.6e-05,172.217.194.0-255,1484,1696,13,291553
7795,4.1e-05,172.31.36.0-255,66,1762,13,291553
7796,4.7e-05,172.217.194.0-255,2902,4664,13,291553
7797,5e-05,172.31.36.0-255,66,4730,13,291553
7798,5.8e-05,172.217.194.0-255,7156,11886,13,291553
7799,6e-05,172.31.36.0-255,66,11952,13,291553
7800,8.4e-05,172.217.194.0-255,2050,14002,13,291553
7801,8.6e-05,172.31.36.0-255,66,14068,13,291553
7802,9.1e-05,172.217.194.0-255,2902,16970,13,291553
7803,9.3e-05,172.31.36.0-255,66,17036,13,291553
7804,0.000105,172.217.194.0-255,1484,18520,13,291553
7805,0.000107,172.31.36.0-255,66,18586,13,291553
7806,0.000135,172.217.194.0-255,5738,24324,13,291553
7807,0.000137,172.31.36.0-255,66,24390,13,291553
7808,0.000145,172.217.194.0-255,6797,31187,13,291553
7809,0.000148,172.31.36.0-255,66,31253,13,291553
7810,0.00036,172.217.194.0-255,1484,32737,13,291553
7811,0.000365,172.31.36.0-255,66,32803,13,291553
7812,0.000372,172.217.194.0-255,2902,35705,13,291553
7813,0.000374,172.31.36.0-255,66,35771,13,291553
7814,0.00038,172.217.194.0-255,4320,40091,13,291553
7815,0.000385,172.31.36.0-255,66,40157,13,291553
7816,0.000403,172.217.194.0-255,1484,41641,13,291553
7817,0.000406,172.31.36.0-255,66,41707,13,291553
7818,0.000414,172.217.194.0-255,6797,48504,13,291553
7819,0.000417,172.31.36.0-255,66,48570,13,291553
7820,0.000518,172.217.194.0-255,1484,50054,13,291553
7821,0.000522,172.31.36.0-255,66,50120,13,291553
7822,0.000526,172.217.194.0-255,2902,53022,13,291553
7823,0.000533,172.31.36.0-255,66,53088,13,291553
7824,0.000554,172.217.194.0-255,4320,57408,13,291553
7825,0.000557,172.31.36.0-255,66,57474,13,291553
7826,0.000577,172.217.194.0-255,1484,58958,13,291553
7827,0.000579,172.31.36.0-255,66,59024,13,291553
7828,0.000582,172.217.194.0-255,1484,60508,13,291553
7829,0.000584,172.31.36.0-255,66,60574,13,291553
7830,0.000602,172.217.194.0-255,5961,66535,13,291553
7831,0.000606,172.31.36.0-255,66,66601,13,291553
7832,0.00069,172.217.194.0-255,1484,68085,13,291553
7833,0.000693,172.31.36.0-255,66,68151,13,291553
7834,0.000698,172.217.194.0-255,2902,71053,13,291553
7835,0.0007,172.31.36.0-255,66,71119,13,291553
7836,0.00072,172.217.194.0-255,2902,74021,13,291553
7837,0.000723,172.31.36.0-255,66,74087,13,291553
7838,0.000743,172.217.194.0-255,2902,76989,13,291553
7839,0.000746,172.31.36.0-255,66,77055,13,291553
7840,0.00075,172.217.194.0-255,1484,78539,13,291553
7841,0.000752,172.31.36.0-255,66,78605,13,291553
7842,0.000769,172.217.194.0-255,4828,83433,13,291553
7843,0.000772,172.31.36.0-255,66,83499,13,291553
7844,0.001121,172.217.194.0-255,1484,84983,13,291553
7845,0.001125,172.31.36.0-255,66,85049,13,291553
7846,0.001134,172.217.194.0-255,2902,87951,13,291553
7847,0.001136,172.31.36.0-255,66,88017,13,291553
7848,0.001157,172.217.194.0-255,5738,93755,13,291553
7849,0.001159,172.31.36.0-255,66,93821,13,291553
7850,0.001165,172.217.194.0-255,4320,98141,13,291553
7851,0.001167,172.31.36.0-255,66,98207,13,291553
7852,0.001184,172.217.194.0-255,2902,101109,13,291553
7853,0.001186,172.31.36.0-255,66,101175,13,291553
7854,0.001191,172.217.194.0-255,2902,104077,13,291553
7855,0.001192,172.31.36.0-255,66,104143,13,291553
7856,0.00122,172.31.36.0-255,66,104209,13,291553
7857,0.001224,172.217.194.0-255,2184,106393,13,291553
7858,0.001227,172.31.36.0-255,66,106459,13,291553
7859,0.002613,172.217.194.0-255,1484,107943,13,291553
7860,0.00262,172.31.36.0-255,66,108009,13,291553
7861,0.002626,172.217.194.0-255,2902,110911,13,291553
7862,0.002628,172.31.36.0-255,66,110977,13,291553
7863,0.002633,172.217.194.0-255,2902,113879,13,291553
7864,0.002634,172.31.36.0-255,66,113945,13,291553
7865,0.002661,172.217.194.0-255,2902,116847,13,291553
7866,0.002667,172.217.194.0-255,5738,122585,13,291553
7867,0.002703,172.217.194.0-255,2543,125128,13,291553
7868,0.002719,172.217.194.0-255,2902,128030,13,291553
7869,0.002739,172.217.194.0-255,7156,135186,13,291553
7870,0.002763,172.217.194.0-255,7156,142342,13,291553
7871,0.002773,172.217.194.0-255,1484,143826,13,291553
7872,0.002815,172.217.194.0-255,1484,145310,13,291553
7873,0.002836,172.217.194.0-255,9992,155302,13,291553
7874,0.002852,172.217.194.0-255,2184,157486,13,291553
7875,0.003246,172.217.194.0-255,1484,158970,13,291553
7876,0.00326,172.217.194.0-255,2902,161872,13,291553
7877,0.003274,172.217.194.0-255,2902,164774,13,291553
7878,0.003287,172.217.194.0-255,2902,167676,13,291553
7879,0.003293,172.217.194.0-255,5738,173414,13,291553
7880,0.003305,172.217.194.0-255,7156,180570,13,291553
7881,0.003328,172.217.194.0-255,5738,186308,13,291553
7882,0.003346,172.217.194.0-255,5020,191328,13,291553
7883,0.003376,172.217.194.0-255,4320,195648,13,291553
7884,0.003461,172.217.194.0-255,1484,197132,13,291553
7885,0.003479,172.217.194.0-255,6438,203570,13,291553
7886,0.003501,172.217.194.0-255,1484,205054,13,291553
7887,0.003504,172.217.194.0-255,1484,206538,13,291553
7888,0.003516,172.217.194.0-255,2902,209440,13,291553
7889,0.003569,172.217.194.0-255,9992,219432,13,291553
7890,0.003586,172.217.194.0-255,4320,223752,13,291553
7891,0.003611,172.217.194.0-255,8574,232326,13,291553
7892,0.003636,172.217.194.0-255,9274,241600,13,291553
7893,0.003647,172.217.194.0-255,1484,243084,13,291553
7894,0.003664,172.217.194.0-255,4320,247404,13,291553
7895,0.003677,172.217.194.0-255,5738,253142,13,291553
7896,0.003724,172.217.194.0-255,3602,256744,13,291553
7897,0.003795,172.217.194.0-255,8574,265318,13,291553
7898,0.003811,172.217.194.0-255,7156,272474,13,291553
7899,0.003895,172.217.194.0-255,5738,278212,13,291553
7900,0.003942,172.217.194.0-255,4320,282532,13,291553
7901,0.004042,172.217.194.0-255,8679,291211,13,291553
7902,0.004046,172.217.194.0-255,105,291316,13,291553
7903,0.005859,172.31.36.0-255,66,291382,13,291553
7904,0.008164,172.31.36.0-255,105,291487,13,291553
7905,0.01038,172.217.194.0-255,66,291553,13,291553
7906,0.0,172.217.194.0-255,66,66,13,66
7907,0.0,74.125.24.0-255,153,153,13,239823
7908,1.6e-05,172.31.36.0-255,66,219,13,239823
7909,2.3e-05,74.125.24.0-255,1484,1703,13,239823
7910,2.6e-05,172.31.36.0-255,66,1769,13,239823
7911,4e-05,74.125.24.0-255,2902,4671,13,239823
7912,4.5e-05,172.31.36.0-255,66,4737,13,239823
7913,5.3e-05,74.125.24.0-255,7156,11893,13,239823
7914,5.6e-05,172.31.36.0-255,66,11959,13,239823
7915,6e-05,74.125.24.0-255,1967,13926,13,239823
7916,6.3e-05,172.31.36.0-255,66,13992,13,239823
7917,9.2e-05,74.125.24.0-255,2902,16894,13,239823
7918,9.9e-05,172.31.36.0-255,66,16960,13,239823
7919,0.000102,74.125.24.0-255,1484,18444,13,239823
7920,0.000105,172.31.36.0-255,66,18510,13,239823
7921,0.000135,74.125.24.0-255,5738,24248,13,239823
7922,0.000138,172.31.36.0-255,66,24314,13,239823
7923,0.00017,74.125.24.0-255,6797,31111,13,239823
7924,0.000173,172.31.36.0-255,66,31177,13,239823
7925,0.000248,74.125.24.0-255,1484,32661,13,239823
7926,0.000252,172.31.36.0-255,66,32727,13,239823
7927,0.000257,74.125.24.0-255,2902,35629,13,239823
7928,0.000259,172.31.36.0-255,66,35695,13,239823
7929,0.000264,74.125.24.0-255,2902,38597,13,239823
7930,0.000272,172.31.36.0-255,66,38663,13,239823
7931,0.000285,74.125.24.0-255,2902,41565,13,239823
7932,0.000288,172.31.36.0-255,66,41631,13,239823
7933,0.000305,172.31.36.0-255,66,41697,13,239823
7934,0.000333,74.125.24.0-255,2543,44240,13,239823
7935,0.000335,172.31.36.0-255,66,44306,13,239823
7936,0.000351,74.125.24.0-255,9945,54251,13,239823
7937,0.000354,172.31.36.0-255,66,54317,13,239823
7938,0.000462,74.125.24.0-255,108,54425,13,239823
7939,0.000592,74.125.24.0-255,1484,55909,13,239823
7940,0.000598,172.31.36.0-255,66,55975,13,239823
7941,0.000605,74.125.24.0-255,2902,58877,13,239823
7942,0.000608,172.31.36.0-255,66,58943,13,239823
7943,0.00062,74.125.24.0-255,5738,64681,13,239823
7944,0.000622,172.31.36.0-255,66,64747,13,239823
7945,0.000628,74.125.24.0-255,5738,70485,13,239823
7946,0.000631,172.31.36.0-255,66,70551,13,239823
7947,0.000686,172.31.36.0-255,66,70617,13,239823
7948,0.000692,74.125.24.0-255,3961,74578,13,239823
7949,0.000695,172.31.36.0-255,66,74644,13,239823
7950,0.000899,74.125.24.0-255,1484,76128,13,239823
7951,0.000906,74.125.24.0-255,2902,79030,13,239823
7952,0.00091,172.31.36.0-255,66,79096,13,239823
7953,0.000915,74.125.24.0-255,2902,81998,13,239823
7954,0.000917,172.31.36.0-255,66,82064,13,239823
7955,0.000948,74.125.24.0-255,2902,84966,13,239823
7956,0.00095,172.31.36.0-255,66,85032,13,239823
7957,0.000957,74.125.24.0-255,5738,90770,13,239823
7958,0.00096,172.31.36.0-255,66,90836,13,239823
7959,0.000984,74.125.24.0-255,7156,97992,13,239823
7960,0.000991,172.31.36.0-255,66,98058,13,239823
7961,0.001002,74.125.24.0-255,10692,108750,13,239823
7962,0.001005,172.31.36.0-255,66,108816,13,239823
7963,0.001079,74.125.24.0-255,1484,110300,13,239823
7964,0.001085,74.125.24.0-255,2902,113202,13,239823
7965,0.001088,172.31.36.0-255,66,113268,13,239823
7966,0.001096,74.125.24.0-255,5738,119006,13,239823
7967,0.001104,172.31.36.0-255,66,119072,13,239823
7968,0.001107,74.125.24.0-255,1484,120556,13,239823
7969,0.001154,172.31.36.0-255,66,120622,13,239823
7970,0.001162,74.125.24.0-255,8574,129196,13,239823
7971,0.001165,172.31.36.0-255,66,129262,13,239823
7972,0.001177,74.125.24.0-255,5738,135000,13,239823
7973,0.00118,172.31.36.0-255,66,135066,13,239823
7974,0.00124,172.31.36.0-255,66,135132,13,239823
7975,0.00125,74.125.24.0-255,9992,145124,13,239823
7976,0.001253,172.31.36.0-255,66,145190,13,239823
7977,0.001262,74.125.24.0-255,2184,147374,13,239823
7978,0.001264,172.31.36.0-255,66,147440,13,239823
7979,0.001269,74.125.24.0-255,2902,150342,13,239823
7980,0.001271,172.31.36.0-255,66,150408,13,239823
7981,0.001279,74.125.24.0-255,7156,157564,13,239823
7982,0.001281,172.31.36.0-255,66,157630,13,239823
7983,0.001289,74.125.24.0-255,7156,164786,13,239823
7984,0.001291,172.31.36.0-255,66,164852,13,239823
7985,0.001332,172.31.36.0-255,66,164918,13,239823
7986,0.001335,74.125.24.0-255,766,165684,13,239823
7987,0.001444,74.125.24.0-255,1484,167168,13,239823
7988,0.001447,172.31.36.0-255,66,167234,13,239823
7989,0.001453,74.125.24.0-255,2902,170136,13,239823
7990,0.001455,172.31.36.0-255,66,170202,13,239823
7991,0.001466,74.125.24.0-255,5738,175940,13,239823
7992,0.001468,172.31.36.0-255,66,176006,13,239823
7993,0.001518,172.31.36.0-255,66,176072,13,239823
7994,0.001525,74.125.24.0-255,7156,183228,13,239823
7995,0.001528,172.31.36.0-255,66,183294,13,239823
7996,0.001575,74.125.24.0-255,1484,184778,13,239823
7997,0.001622,172.31.36.0-255,66,184844,13,239823
7998,0.001638,172.31.36.0-255,66,184910,13,239823
7999,0.001643,74.125.24.0-255,3602,188512,13,239823
8000,0.001646,172.31.36.0-255,66,188578,13,239823
8001,0.001682,74.125.24.0-255,1484,190062,13,239823
8002,0.001687,74.125.24.0-255,2902,192964,13,239823
8003,0.00169,172.31.36.0-255,66,193030,13,239823
8004,0.001696,74.125.24.0-255,5738,198768,13,239823
8005,0.001698,172.31.36.0-255,66,198834,13,239823
8006,0.001708,74.125.24.0-255,4320,203154,13,239823
8007,0.00171,172.31.36.0-255,66,203220,13,239823
8008,0.001713,74.125.24.0-255,1484,204704,13,239823
8009,0.001752,74.125.24.0-255,9992,214696,13,239823
8010,0.001756,172.31.36.0-255,66,214762,13,239823
8011,0.001764,74.125.24.0-255,7856,222618,13,239823
8012,0.001766,172.31.36.0-255,66,222684,13,239823
8013,0.001779,74.125.24.0-255,8574,231258,13,239823
8014,0.001782,172.31.36.0-255,66,231324,13,239823
8015,0.00182,172.31.36.0-255,66,231390,13,239823
8016,0.001823,74.125.24.0-255,1484,232874,13,239823
8017,0.001861,172.31.36.0-255,66,232940,13,239823
8018,0.001868,74.125.24.0-255,6475,239415,13,239823
8019,0.001876,172.31.36.0-255,66,239481,13,239823
8020,0.00188,74.125.24.0-255,105,239586,13,239823
8021,0.004423,172.31.36.0-255,66,239652,13,239823
8022,0.004462,172.31.36.0-255,105,239757,13,239823
8023,0.006961,74.125.24.0-255,66,239823,13,239823
8024,0.0,172.217.27.0-255,298,298,13,242254
8025,2.3e-05,172.31.36.0-255,66,364,13,242254
8026,2.8e-05,172.217.27.0-255,1484,1848,13,242254
8027,3.3e-05,172.31.36.0-255,66,1914,13,242254
8028,3.9e-05,172.217.27.0-255,2902,4816,13,242254
8029,4.1e-05,172.31.36.0-255,66,4882,13,242254
8030,4.9e-05,172.217.27.0-255,5738,10620,13,242254
8031,5.1e-05,172.31.36.0-255,66,10686,13,242254
8032,0.000108,172.31.36.0-255,66,10752,13,242254
8033,0.000115,172.217.27.0-255,6797,17549,13,242254
8034,0.000117,172.31.36.0-255,66,17615,13,242254
8035,0.000205,172.217.27.0-255,1484,19099,13,242254
8036,0.000209,172.31.36.0-255,66,19165,13,242254
8037,0.000214,172.217.27.0-255,2902,22067,13,242254
8038,0.000215,172.31.36.0-255,66,22133,13,242254
8039,0.000222,172.217.27.0-255,5738,27871,13,242254
8040,0.000224,172.31.36.0-255,66,27937,13,242254
8041,0.000229,172.217.27.0-255,2902,30839,13,242254
8042,0.000231,172.31.36.0-255,66,30905,13,242254
8043,0.000235,172.217.27.0-255,1484,32389,13,242254
8044,0.000237,172.31.36.0-255,66,32455,13,242254
8045,0.000256,172.217.27.0-255,2902,35357,13,242254
8046,0.000259,172.31.36.0-255,66,35423,13,242254
8047,0.000268,172.217.27.0-255,8574,43997,13,242254
8048,0.00027,172.31.36.0-255,66,44063,13,242254
8049,0.000274,172.217.27.0-255,2902,46965,13,242254
8050,0.000276,172.31.36.0-255,66,47031,13,242254
8051,0.000294,172.217.27.0-255,5020,52051,13,242254
8052,0.000296,172.31.36.0-255,66,52117,13,242254
8053,0.000313,172.217.27.0-255,355,52472,13,242254
8054,0.000316,172.31.36.0-255,66,52538,13,242254
8055,0.000775,172.217.27.0-255,132,52670,13,242254
8056,0.000976,172.217.27.0-255,1484,54154,13,242254
8057,0.00098,172.31.36.0-255,66,54220,13,242254
8058,0.000987,172.217.27.0-255,2902,57122,13,242254
8059,0.000989,172.31.36.0-255,66,57188,13,242254
8060,0.000993,172.217.27.0-255,2902,60090,13,242254
8061,0.000995,172.31.36.0-255,66,60156,13,242254
8062,0.001002,172.217.27.0-255,5738,65894,13,242254
8063,0.001004,172.31.36.0-255,66,65960,13,242254
8064,0.00102,172.217.27.0-255,1484,67444,13,242254
8065,0.001037,172.217.27.0-255,7156,74600,13,242254
8066,0.00104,172.31.36.0-255,66,74666,13,242254
8067,0.001065,172.217.27.0-255,8574,83240,13,242254
8068,0.001067,172.31.36.0-255,66,83306,13,242254
8069,0.001072,172.217.27.0-255,3602,86908,13,242254
8070,0.001074,172.31.36.0-255,66,86974,13,242254
8071,0.00116,172.217.27.0-255,1484,88458,13,242254
8072,0.001166,172.217.27.0-255,2902,91360,13,242254
8073,0.001169,172.31.36.0-255,66,91426,13,242254
8074,0.001193,172.217.27.0-255,5738,97164,13,242254
8075,0.001195,172.31.36.0-255,66,97230,13,242254
8076,0.001201,172.217.27.0-255,2902,100132,13,242254
8077,0.001202,172.31.36.0-255,66,100198,13,242254
8078,0.001232,172.217.27.0-255,4320,104518,13,242254
8079,0.001235,172.31.36.0-255,66,104584,13,242254
8080,0.001243,172.217.27.0-255,8574,113158,13,242254
8081,0.001245,172.31.36.0-255,66,113224,13,242254
8082,0.001251,172.217.27.0-255,4320,117544,13,242254
8083,0.001254,172.31.36.0-255,66,117610,13,242254
8084,0.001281,172.217.27.0-255,3602,121212,13,242254
8085,0.001284,172.31.36.0-255,66,121278,13,242254
8086,0.001357,172.217.27.0-255,1484,122762,13,242254
8087,0.001363,172.217.27.0-255,2902,125664,13,242254
8088,0.001366,172.31.36.0-255,66,125730,13,242254
8089,0.00137,172.217.27.0-255,2902,128632,13,242254
8090,0.001372,172.31.36.0-255,66,128698,13,242254
8091,0.001386,172.217.27.0-255,2902,131600,13,242254
8092,0.001389,172.31.36.0-255,66,131666,13,242254
8093,0.001414,172.31.36.0-255,66,131732,13,242254
8094,0.001425,172.217.27.0-255,1484,133216,13,242254
8095,0.001461,172.217.27.0-255,7156,140372,13,242254
8096,0.001465,172.31.36.0-255,66,140438,13,242254
8097,0.001485,172.217.27.0-255,3602,144040,13,242254
8098,0.001487,172.31.36.0-255,66,144106,13,242254
8099,0.001553,172.217.27.0-255,1484,145590,13,242254
8100,0.001558,172.217.27.0-255,2902,148492,13,242254
8101,0.001561,172.31.36.0-255,66,148558,13,242254
8102,0.001584,172.217.27.0-255,5738,154296,13,242254
8103,0.001587,172.31.36.0-255,66,154362,13,242254
8104,0.001623,172.217.27.0-255,9992,164354,13,242254
8105,0.001626,172.31.36.0-255,66,164420,13,242254
8106,0.001662,172.217.27.0-255,2902,167322,13,242254
8107,0.001664,172.31.36.0-255,66,167388,13,242254
8108,0.001684,172.217.27.0-255,8574,175962,13,242254
8109,0.001687,172.31.36.0-255,66,176028,13,242254
8110,0.001691,172.217.27.0-255,2184,178212,13,242254
8111,0.001694,172.31.36.0-255,66,178278,13,242254
8112,0.003317,172.217.27.0-255,5738,184016,13,242254
8113,0.003324,172.31.36.0-255,66,184082,13,242254
8114,0.00496,172.217.27.0-255,5738,189820,13,242254
8115,0.004966,172.31.36.0-255,66,189886,13,242254
8116,0.006606,172.217.27.0-255,5738,195624,13,242254
8117,0.006613,172.31.36.0-255,66,195690,13,242254
8118,0.00824,172.217.27.0-255,2902,198592,13,242254
8119,0.008243,172.31.36.0-255,66,198658,13,242254
8120,0.008262,172.217.27.0-255,2902,201560,13,242254
8121,0.008265,172.31.36.0-255,66,201626,13,242254
8122,0.009874,172.217.27.0-255,5738,207364,13,242254
8123,0.009881,172.31.36.0-255,66,207430,13,242254
8124,0.011522,172.217.27.0-255,5738,213168,13,242254
8125,0.011529,172.31.36.0-255,66,213234,13,242254
8126,0.013172,172.217.27.0-255,5738,218972,13,242254
8127,0.01318,172.31.36.0-255,66,219038,13,242254
8128,0.014815,172.217.27.0-255,5738,224776,13,242254
8129,0.014822,172.31.36.0-255,66,224842,13,242254
8130,0.016472,172.217.27.0-255,5738,230580,13,242254
8131,0.016481,172.31.36.0-255,66,230646,13,242254
8132,0.018123,172.217.27.0-255,5738,236384,13,242254
8133,0.018133,172.31.36.0-255,66,236450,13,242254
8134,0.019777,172.217.27.0-255,5738,242188,13,242254
8135,0.01979,172.31.36.0-255,66,242254,13,242254
8136,0.0,74.125.24.0-255,143,143,13,238656
8137,1.5e-05,172.31.36.0-255,66,209,13,238656
8138,3.7e-05,74.125.24.0-255,1484,1693,13,238656
8139,4.2e-05,172.31.36.0-255,66,1759,13,238656
8140,4.7e-05,74.125.24.0-255,2902,4661,13,238656
8141,5e-05,172.31.36.0-255,66,4727,13,238656
8142,5.4e-05,74.125.24.0-255,1484,6211,13,238656
8143,5.6e-05,172.31.36.0-255,66,6277,13,238656
8144,8.4e-05,74.125.24.0-255,4320,10597,13,238656
8145,8.7e-05,172.31.36.0-255,66,10663,13,238656
8146,9.2e-05,74.125.24.0-255,4320,14983,13,238656
8147,9.5e-05,172.31.36.0-255,66,15049,13,238656
8148,0.000125,74.125.24.0-255,9164,24213,13,238656
8149,0.000127,172.31.36.0-255,66,24279,13,238656
8150,0.000153,74.125.24.0-255,6797,31076,13,238656
8151,0.000155,172.31.36.0-255,66,31142,13,238656
8152,0.000308,74.125.24.0-255,1484,32626,13,238656
8153,0.000313,172.31.36.0-255,66,32692,13,238656
8154,0.000319,74.125.24.0-255,2902,35594,13,238656
8155,0.000323,172.31.36.0-255,66,35660,13,238656
8156,0.000326,74.125.24.0-255,1484,37144,13,238656
8157,0.000328,172.31.36.0-255,66,37210,13,238656
8158,0.000351,74.125.24.0-255,4320,41530,13,238656
8159,0.000354,172.31.36.0-255,66,41596,13,238656
8160,0.00036,74.125.24.0-255,5738,47334,13,238656
8161,0.000362,172.31.36.0-255,66,47400,13,238656
8162,0.000385,74.125.24.0-255,4320,51720,13,238656
8163,0.000387,172.31.36.0-255,66,51786,13,238656
8164,0.000415,74.125.24.0-255,9633,61419,13,238656
8165,0.000417,172.31.36.0-255,66,61485,13,238656
8166,0.000422,74.125.24.0-255,4232,65717,13,238656
8167,0.000425,172.31.36.0-255,66,65783,13,238656
8168,0.000429,74.125.24.0-255,130,65913,13,238656
8169,0.000659,74.125.24.0-255,1484,67397,13,238656
8170,0.000664,172.31.36.0-255,66,67463,13,238656
8171,0.000669,74.125.24.0-255,2902,70365,13,238656
8172,0.000672,172.31.36.0-255,66,70431,13,238656
8173,0.000706,74.125.24.0-255,5738,76169,13,238656
8174,0.000709,172.31.36.0-255,66,76235,13,238656
8175,0.000717,74.125.24.0-255,6797,83032,13,238656
8176,0.000719,172.31.36.0-255,66,83098,13,238656
8177,0.000766,74.125.24.0-255,8574,91672,13,238656
8178,0.00077,172.31.36.0-255,66,91738,13,238656
8179,0.000779,172.31.36.0-255,66,91804,13,238656
8180,0.000816,74.125.24.0-255,7156,98960,13,238656
8181,0.00082,172.31.36.0-255,66,99026,13,238656
8182,0.000841,74.125.24.0-255,3602,102628,13,238656
8183,0.000844,172.31.36.0-255,66,102694,13,238656
8184,0.000847,74.125.24.0-255,1484,104178,13,238656
8185,0.000875,74.125.24.0-255,9992,114170,13,238656
8186,0.000878,172.31.36.0-255,66,114236,13,238656
8187,0.000884,74.125.24.0-255,5379,119615,13,238656
8188,0.000887,172.31.36.0-255,66,119681,13,238656
8189,0.00089,74.125.24.0-255,1484,121165,13,238656
8190,0.000931,172.31.36.0-255,66,121231,13,238656
8191,0.000946,172.31.36.0-255,66,121297,13,238656
8192,0.000949,74.125.24.0-255,766,122063,13,238656
8193,0.001032,74.125.24.0-255,1484,123547,13,238656
8194,0.001035,172.31.36.0-255,66,123613,13,238656
8195,0.001055,74.125.24.0-255,2902,126515,13,238656
8196,0.001057,172.31.36.0-255,66,126581,13,238656
8197,0.001064,74.125.24.0-255,5738,132319,13,238656
8198,0.001067,172.31.36.0-255,66,132385,13,238656
8199,0.001087,74.125.24.0-255,4320,136705,13,238656
8200,0.00109,172.31.36.0-255,66,136771,13,238656
8201,0.001114,74.125.24.0-255,2902,139673,13,238656
8202,0.001116,172.31.36.0-255,66,139739,13,238656
8203,0.001124,74.125.24.0-255,8574,148313,13,238656
8204,0.001127,172.31.36.0-255,66,148379,13,238656
8205,0.001135,74.125.24.0-255,7856,156235,13,238656
8206,0.001138,172.31.36.0-255,66,156301,13,238656
8207,0.001269,74.125.24.0-255,1484,157785,13,238656
8208,0.001274,74.125.24.0-255,1484,159269,13,238656
8209,0.001277,172.31.36.0-255,66,159335,13,238656
8210,0.001297,74.125.24.0-255,1484,160819,13,238656
8211,0.001304,74.125.24.0-255,5738,166557,13,238656
8212,0.001307,172.31.36.0-255,66,166623,13,238656
8213,0.001314,74.125.24.0-255,5738,172361,13,238656
8214,0.001316,172.31.36.0-255,66,172427,13,238656
8215,0.001343,74.125.24.0-255,7156,179583,13,238656
8216,0.001346,172.31.36.0-255,66,179649,13,238656
8217,0.001354,74.125.24.0-255,8574,188223,13,238656
8218,0.001358,172.31.36.0-255,66,188289,13,238656
8219,0.001379,74.125.24.0-255,2184,190473,13,238656
8220,0.001382,172.31.36.0-255,66,190539,13,238656
8221,0.001441,74.125.24.0-255,1484,192023,13,238656
8222,0.001445,74.125.24.0-255,2902,194925,13,238656
8223,0.001455,172.31.36.0-255,66,194991,13,238656
8224,0.001462,74.125.24.0-255,5738,200729,13,238656
8225,0.001465,172.31.36.0-255,66,200795,13,238656
8226,0.001504,74.125.24.0-255,9992,210787,13,238656
8227,0.001508,172.31.36.0-255,66,210853,13,238656
8228,0.001556,74.125.24.0-255,766,211619,13,238656
8229,0.001572,172.31.36.0-255,66,211685,13,238656
8230,0.001591,74.125.24.0-255,1484,213169,13,238656
8231,0.00164,74.125.24.0-255,9992,223161,13,238656
8232,0.001647,172.31.36.0-255,66,223227,13,238656
8233,0.00168,74.125.24.0-255,3602,226829,13,238656
8234,0.0017,172.31.36.0-255,66,226895,13,238656
8235,0.001753,172.31.36.0-255,66,226961,13,238656
8236,0.001779,74.125.24.0-255,9992,236953,13,238656
8237,0.001781,74.125.24.0-255,1361,238314,13,238656
8238,0.001783,74.125.24.0-255,105,238419,13,238656
8239,0.001809,172.31.36.0-255,66,238485,13,238656
8240,0.008573,172.31.36.0-255,105,238590,13,238656
8241,0.011112,74.125.24.0-255,66,238656,13,238656
8242,0.0,172.217.194.0-255,153,153,13,282732
8243,2.8e-05,172.31.36.0-255,66,219,13,282732
8244,3.5e-05,172.217.194.0-255,1484,1703,13,282732
8245,3.8e-05,172.31.36.0-255,66,1769,13,282732
8246,4.3e-05,172.217.194.0-255,2902,4671,13,282732
8247,4.6e-05,172.31.36.0-255,66,4737,13,282732
8248,5.3e-05,172.217.194.0-255,7156,11893,13,282732
8249,5.6e-05,172.31.36.0-255,66,11959,13,282732
8250,7.7e-05,172.217.194.0-255,2049,14008,13,282732
8251,8e-05,172.31.36.0-255,66,14074,13,282732
8252,8.3e-05,172.217.194.0-255,2902,16976,13,282732
8253,8.6e-05,172.31.36.0-255,66,17042,13,282732
8254,0.000116,172.217.194.0-255,7156,24198,13,282732
8255,0.000119,172.31.36.0-255,66,24264,13,282732
8256,0.000124,172.217.194.0-255,2902,27166,13,282732
8257,0.000126,172.31.36.0-255,66,27232,13,282732
8258,0.000142,172.217.194.0-255,3961,31193,13,282732
8259,0.000144,172.31.36.0-255,66,31259,13,282732
8260,0.000177,172.217.194.0-255,1484,32743,13,282732
8261,0.000181,172.31.36.0-255,66,32809,13,282732
8262,0.000185,172.217.194.0-255,2902,35711,13,282732
8263,0.000187,172.31.36.0-255,66,35777,13,282732
8264,0.000208,172.217.194.0-255,5738,41515,13,282732
8265,0.000211,172.31.36.0-255,66,41581,13,282732
8266,0.000242,172.217.194.0-255,6797,48378,13,282732
8267,0.000246,172.31.36.0-255,66,48444,13,282732
8268,0.000259,172.217.194.0-255,4320,52764,13,282732
8269,0.000261,172.31.36.0-255,66,52830,13,282732
8270,0.00028,172.217.194.0-255,2902,55732,13,282732
8271,0.000284,172.31.36.0-255,66,55798,13,282732
8272,0.000293,172.217.194.0-255,9945,65743,13,282732
8273,0.000295,172.31.36.0-255,66,65809,13,282732
8274,0.00036,172.217.194.0-255,365,66174,13,282732
8275,0.000523,172.217.194.0-255,1484,67658,13,282732
8276,0.000527,172.31.36.0-255,66,67724,13,282732
8277,0.000532,172.217.194.0-255,2902,70626,13,282732
8278,0.000535,172.31.36.0-255,66,70692,13,282732
8279,0.00056,172.217.194.0-255,2902,73594,13,282732
8280,0.000563,172.31.36.0-255,66,73660,13,282732
8281,0.000585,172.217.194.0-255,2902,76562,13,282732
8282,0.000589,172.31.36.0-255,66,76628,13,282732
8283,0.000601,172.31.36.0-255,66,76694,13,282732
8284,0.000608,172.217.194.0-255,7156,83850,13,282732
8285,0.00061,172.31.36.0-255,66,83916,13,282732
8286,0.000644,172.217.194.0-255,3602,87518,13,282732
8287,0.000649,172.31.36.0-255,66,87584,13,282732
8288,0.001023,172.217.194.0-255,1484,89068,13,282732
8289,0.00103,172.217.194.0-255,2902,91970,13,282732
8290,0.001033,172.31.36.0-255,66,92036,13,282732
8291,0.001036,172.217.194.0-255,1484,93520,13,282732
8292,0.001055,172.217.194.0-255,4320,97840,13,282732
8293,0.001059,172.31.36.0-255,66,97906,13,282732
8294,0.001077,172.217.194.0-255,7156,105062,13,282732
8295,0.001081,172.31.36.0-255,66,105128,13,282732
8296,0.001094,172.217.194.0-255,5738,110866,13,282732
8297,0.001096,172.217.194.0-255,1484,112350,13,282732
8298,0.001097,172.31.36.0-255,66,112416,13,282732
8299,0.001111,172.217.194.0-255,7156,119572,13,282732
8300,0.001114,172.31.36.0-255,66,119638,13,282732
8301,0.001127,172.217.194.0-255,2184,121822,13,282732
8302,0.001129,172.31.36.0-255,66,121888,13,282732
8303,0.001203,172.217.194.0-255,1484,123372,13,282732
8304,0.001221,172.217.194.0-255,2902,126274,13,282732
8305,0.001227,172.217.194.0-255,5738,132012,13,282732
8306,0.001227,172.31.36.0-255,66,132078,13,282732
8307,0.001231,172.31.36.0-255,66,132144,13,282732
8308,0.001252,172.217.194.0-255,9992,142136,13,282732
8309,0.001255,172.31.36.0-255,66,142202,13,282732
8310,0.001284,172.217.194.0-255,2902,145104,13,282732
8311,0.001286,172.31.36.0-255,66,145170,13,282732
8312,0.001294,172.217.194.0-255,8574,153744,13,282732
8313,0.001297,172.31.36.0-255,66,153810,13,282732
8314,0.001312,172.217.194.0-255,2184,155994,13,282732
8315,0.001315,172.31.36.0-255,66,156060,13,282732
8316,0.00168,172.217.194.0-255,1484,157544,13,282732
8317,0.001687,172.217.194.0-255,2902,160446,13,282732
8318,0.001691,172.31.36.0-255,66,160512,13,282732
8319,0.001696,172.217.194.0-255,2902,163414,13,282732
8320,0.001698,172.31.36.0-255,66,163480,13,282732
8321,0.001712,172.217.194.0-255,2902,166382,13,282732
8322,0.001715,172.31.36.0-255,66,166448,13,282732
8323,0.001745,172.217.194.0-255,9992,176440,13,282732
8324,0.001749,172.31.36.0-255,66,176506,13,282732
8325,0.001761,172.31.36.0-255,66,176572,13,282732
8326,0.001764,172.217.194.0-255,2184,178756,13,282732
8327,0.001766,172.31.36.0-255,66,178822,13,282732
8328,0.001792,172.217.194.0-255,2902,181724,13,282732
8329,0.001795,172.31.36.0-255,66,181790,13,282732
8330,0.001802,172.217.194.0-255,7156,188946,13,282732
8331,0.001804,172.31.36.0-255,66,189012,13,282732
8332,0.001844,172.31.36.0-255,66,189078,13,282732
8333,0.001852,172.217.194.0-255,7856,196934,13,282732
8334,0.001854,172.31.36.0-255,66,197000,13,282732
8335,0.00189,172.217.194.0-255,1484,198484,13,282732
8336,0.001895,172.217.194.0-255,2902,201386,13,282732
8337,0.001898,172.31.36.0-255,66,201452,13,282732
8338,0.001925,172.217.194.0-255,5738,207190,13,282732
8339,0.001927,172.31.36.0-255,66,207256,13,282732
8340,0.001931,172.217.194.0-255,1484,208740,13,282732
8341,0.001988,172.217.194.0-255,9992,218732,13,282732
8342,0.001991,172.31.36.0-255,66,218798,13,282732
8343,0.002011,172.217.194.0-255,1484,220282,13,282732
8344,0.002015,172.217.194.0-255,1484,221766,13,282732
8345,0.002017,172.31.36.0-255,66,221832,13,282732
8346,0.002026,172.217.194.0-255,9274,231106,13,282732
8347,0.002029,172.31.36.0-255,66,231172,13,282732
8348,0.002033,172.217.194.0-255,2902,234074,13,282732
8349,0.002035,172.31.36.0-255,66,234140,13,282732
8350,0.002069,172.217.194.0-255,7156,241296,13,282732
8351,0.002072,172.31.36.0-255,66,241362,13,282732
8352,0.002075,172.217.194.0-255,1484,242846,13,282732
8353,0.002088,172.217.194.0-255,1484,244330,13,282732
8354,0.00209,172.31.36.0-255,66,244396,13,282732
8355,0.002118,172.217.194.0-255,7856,252252,13,282732
8356,0.002122,172.31.36.0-255,66,252318,13,282732
8357,0.00213,172.217.194.0-255,9992,262310,13,282732
8358,0.002133,172.31.36.0-255,66,262376,13,282732
8359,0.002156,172.217.194.0-255,9992,272368,13,282732
8360,0.002159,172.31.36.0-255,66,272434,13,282732
8361,0.002197,172.31.36.0-255,66,272500,13,282732
8362,0.002217,172.31.36.0-255,66,272566,13,282732
8363,0.002233,172.31.36.0-255,66,272632,13,282732
8364,0.002246,172.217.194.0-255,1484,274116,13,282732
8365,0.002249,172.217.194.0-255,1484,275600,13,282732
8366,0.002253,172.31.36.0-255,66,275666,13,282732
8367,0.002268,172.217.194.0-255,1484,277150,13,282732
8368,0.002286,172.217.194.0-255,2902,280052,13,282732
8369,0.002289,172.31.36.0-255,66,280118,13,282732
8370,0.002308,172.217.194.0-255,2206,282324,13,282732
8371,0.002311,172.31.36.0-255,66,282390,13,282732
8372,0.002314,172.217.194.0-255,105,282495,13,282732
8373,0.003367,172.31.36.0-255,66,282561,13,282732
8374,0.003394,172.31.36.0-255,105,282666,13,282732
8375,0.005727,172.217.194.0-255,66,282732,13,282732
8376,0.0,74.125.24.0-255,153,153,13,192496
8377,2.4e-05,172.31.36.0-255,66,219,13,192496
8378,3.1e-05,74.125.24.0-255,1484,1703,13,192496
8379,3.6e-05,172.31.36.0-255,66,1769,13,192496
8380,5.1e-05,74.125.24.0-255,2902,4671,13,192496
8381,5.5e-05,172.31.36.0-255,66,4737,13,192496
8382,6.3e-05,74.125.24.0-255,7156,11893,13,192496
8383,6.5e-05,172.31.36.0-255,66,11959,13,192496
8384,8.1e-05,172.31.36.0-255,66,12025,13,192496
8385,8.5e-05,74.125.24.0-255,2543,14568,13,192496
8386,8.8e-05,172.31.36.0-255,66,14634,13,192496
8387,0.000142,172.31.36.0-255,66,14700,13,192496
8388,0.000169,74.125.24.0-255,5379,20079,13,192496
8389,0.000171,172.31.36.0-255,66,20145,13,192496
8390,0.000259,74.125.24.0-255,1484,21629,13,192496
8391,0.000262,172.31.36.0-255,66,21695,13,192496
8392,0.00029,74.125.24.0-255,2902,24597,13,192496
8393,0.000293,172.31.36.0-255,66,24663,13,192496
8394,0.000298,74.125.24.0-255,4320,28983,13,192496
8395,0.000301,172.31.36.0-255,66,29049,13,192496
8396,0.000352,74.125.24.0-255,8515,37564,13,192496
8397,0.000355,172.31.36.0-255,66,37630,13,192496
8398,0.000503,74.125.24.0-255,125,37755,13,192496
8399,0.000508,172.31.36.0-255,66,37821,13,192496
8400,0.000681,74.125.24.0-255,1484,39305,13,192496
8401,0.000685,172.31.36.0-255,66,39371,13,192496
8402,0.00069,74.125.24.0-255,2902,42273,13,192496
8403,0.000692,172.31.36.0-255,66,42339,13,192496
8404,0.000702,74.125.24.0-255,2902,45241,13,192496
8405,0.000704,172.31.36.0-255,66,45307,13,192496
8406,0.000736,74.125.24.0-255,7156,52463,13,192496
8407,0.000744,74.125.24.0-255,1484,53947,13,192496
8408,0.000761,74.125.24.0-255,1407,55354,13,192496
8409,0.000772,172.31.36.0-255,66,55420,13,192496
8410,0.001286,74.125.24.0-255,1484,56904,13,192496
8411,0.00131,74.125.24.0-255,2902,59806,13,192496
8412,0.001314,172.31.36.0-255,66,59872,13,192496
8413,0.001321,74.125.24.0-255,4320,64192,13,192496
8414,0.001352,74.125.24.0-255,2902,67094,13,192496
8415,0.001367,74.125.24.0-255,5738,72832,13,192496
8416,0.001372,74.125.24.0-255,2902,75734,13,192496
8417,0.00138,172.31.36.0-255,66,75800,13,192496
8418,0.001389,74.125.24.0-255,2902,78702,13,192496
8419,0.001399,172.31.36.0-255,66,78768,13,192496
8420,0.001436,74.125.24.0-255,7156,85924,13,192496
8421,0.001456,74.125.24.0-255,3602,89526,13,192496
8422,0.001485,172.31.36.0-255,66,89592,13,192496
8423,0.001577,74.125.24.0-255,1484,91076,13,192496
8424,0.001603,74.125.24.0-255,2902,93978,13,192496
8425,0.001617,74.125.24.0-255,2902,96880,13,192496
8426,0.00163,74.125.24.0-255,2902,99782,13,192496
8427,0.00164,172.31.36.0-255,66,99848,13,192496
8428,0.001646,74.125.24.0-255,4320,104168,13,192496
8429,0.001653,74.125.24.0-255,5738,109906,13,192496
8430,0.001664,172.31.36.0-255,66,109972,13,192496
8431,0.001675,74.125.24.0-255,4320,114292,13,192496
8432,0.001691,74.125.24.0-255,2902,117194,13,192496
8433,0.001703,172.31.36.0-255,66,117260,13,192496
8434,0.001716,74.125.24.0-255,5738,122998,13,192496
8435,0.001737,74.125.24.0-255,2184,125182,13,192496
8436,0.001741,74.125.24.0-255,2902,128084,13,192496
8437,0.001747,74.125.24.0-255,4320,132404,13,192496
8438,0.001767,74.125.24.0-255,5738,138142,13,192496
8439,0.001779,74.125.24.0-255,2902,141044,13,192496
8440,0.001796,74.125.24.0-255,8574,149618,13,192496
8441,0.001801,172.31.36.0-255,66,149684,13,192496
8442,0.001825,74.125.24.0-255,1484,151168,13,192496
8443,0.001857,74.125.24.0-255,6438,157606,13,192496
8444,0.001874,172.31.36.0-255,66,157672,13,192496
8445,0.003891,74.125.24.0-255,5738,163410,13,192496
8446,0.003898,172.31.36.0-255,66,163476,13,192496
8447,0.005927,74.125.24.0-255,5738,169214,13,192496
8448,0.007989,172.31.36.0-255,66,169280,13,192496
8449,0.010025,74.125.24.0-255,5738,175018,13,192496
8450,0.010032,172.31.36.0-255,66,175084,13,192496
8451,0.012056,74.125.24.0-255,5738,180822,13,192496
8452,0.01414,172.31.36.0-255,66,180888,13,192496
8453,0.016152,74.125.24.0-255,5738,186626,13,192496
8454,0.016164,172.31.36.0-255,66,186692,13,192496
8455,0.01821,74.125.24.0-255,5738,192430,13,192496
8456,0.018217,172.31.36.0-255,66,192496,13,192496
8457,0.0,74.125.24.0-255,153,153,13,272688
8458,3.6e-05,172.31.36.0-255,66,219,13,272688
8459,4.4e-05,74.125.24.0-255,1484,1703,13,272688
8460,4.8e-05,172.31.36.0-255,66,1769,13,272688
8461,5.3e-05,74.125.24.0-255,2902,4671,13,272688
8462,6.3e-05,172.31.36.0-255,66,4737,13,272688
8463,7e-05,74.125.24.0-255,7156,11893,13,272688
8464,7.4e-05,172.31.36.0-255,66,11959,13,272688
8465,8.8e-05,172.31.36.0-255,66,12025,13,272688
8466,0.000126,74.125.24.0-255,6797,18822,13,272688
8467,0.000133,172.31.36.0-255,66,18888,13,272688
8468,0.000398,74.125.24.0-255,1484,20372,13,272688
8469,0.000403,172.31.36.0-255,66,20438,13,272688
8470,0.000409,74.125.24.0-255,2902,23340,13,272688
8471,0.000411,172.31.36.0-255,66,23406,13,272688
8472,0.000435,74.125.24.0-255,5738,29144,13,272688
8473,0.000443,172.31.36.0-255,66,29210,13,272688
8474,0.00048,74.125.24.0-255,6797,36007,13,272688
8475,0.000485,172.31.36.0-255,66,36073,13,272688
8476,0.000492,74.125.24.0-255,7156,43229,13,272688
8477,0.000494,172.31.36.0-255,66,43295,13,272688
8478,0.000529,74.125.24.0-255,1484,44779,13,272688
8479,0.000533,172.31.36.0-255,66,44845,13,272688
8480,0.000567,74.125.24.0-255,8215,53060,13,272688
8481,0.000571,172.31.36.0-255,66,53126,13,272688
8482,0.00102,74.125.24.0-255,646,53772,13,272688
8483,0.001026,172.31.36.0-255,66,53838,13,272688
8484,0.001211,74.125.24.0-255,1484,55322,13,272688
8485,0.001216,172.31.36.0-255,66,55388,13,272688
8486,0.001223,74.125.24.0-255,2902,58290,13,272688
8487,0.001225,172.31.36.0-255,66,58356,13,272688
8488,0.001233,74.125.24.0-255,5738,64094,13,272688
8489,0.001241,172.31.36.0-255,66,64160,13,272688
8490,0.00125,74.125.24.0-255,7156,71316,13,272688
8491,0.001252,172.31.36.0-255,66,71382,13,272688
8492,0.001295,74.125.24.0-255,5738,77120,13,272688
8493,0.001299,172.31.36.0-255,66,77186,13,272688
8494,0.001308,74.125.24.0-255,9992,87178,13,272688
8495,0.001317,172.31.36.0-255,66,87244,13,272688
8496,0.00132,74.125.24.0-255,766,88010,13,272688
8497,0.001533,74.125.24.0-255,1484,89494,13,272688
8498,0.001538,172.31.36.0-255,66,89560,13,272688
8499,0.001544,74.125.24.0-255,2902,92462,13,272688
8500,0.001546,172.31.36.0-255,66,92528,13,272688
8501,0.001576,74.125.24.0-255,5738,98266,13,272688
8502,0.001578,172.31.36.0-255,66,98332,13,272688
8503,0.001582,74.125.24.0-255,2902,101234,13,272688
8504,0.001583,172.31.36.0-255,66,101300,13,272688
8505,0.001592,74.125.24.0-255,9992,111292,13,272688
8506,0.001594,172.31.36.0-255,66,111358,13,272688
8507,0.001637,74.125.24.0-255,10692,122050,13,272688
8508,0.001641,172.31.36.0-255,66,122116,13,272688
8509,0.001664,74.125.24.0-255,2902,125018,13,272688
8510,0.001666,172.31.36.0-255,66,125084,13,272688
8511,0.001677,74.125.24.0-255,2902,127986,13,272688
8512,0.001679,172.31.36.0-255,66,128052,13,272688
8513,0.00169,74.125.24.0-255,7156,135208,13,272688
8514,0.001692,172.31.36.0-255,66,135274,13,272688
8515,0.001729,172.31.36.0-255,66,135340,13,272688
8516,0.001732,74.125.24.0-255,1484,136824,13,272688
8517,0.001754,74.125.24.0-255,2902,139726,13,272688
8518,0.001756,172.31.36.0-255,66,139792,13,272688
8519,0.00176,74.125.24.0-255,2184,141976,13,272688
8520,0.001762,172.31.36.0-255,66,142042,13,272688
8521,0.001816,74.125.24.0-255,2902,144944,13,272688
8522,0.001818,172.31.36.0-255,66,145010,13,272688
8523,0.001846,74.125.24.0-255,4320,149330,13,272688
8524,0.001848,172.31.36.0-255,66,149396,13,272688
8525,0.001855,74.125.24.0-255,7156,156552,13,272688
8526,0.001858,172.31.36.0-255,66,156618,13,272688
8527,0.001874,74.125.24.0-255,1484,158102,13,272688
8528,0.00189,172.31.36.0-255,66,158168,13,272688
8529,0.001916,74.125.24.0-255,4320,162488,13,272688
8530,0.001919,172.31.36.0-255,66,162554,13,272688
8531,0.001922,74.125.24.0-255,2184,164738,13,272688
8532,0.001924,172.31.36.0-255,66,164804,13,272688
8533,0.001951,74.125.24.0-255,2902,167706,13,272688
8534,0.001953,172.31.36.0-255,66,167772,13,272688
8535,0.00196,74.125.24.0-255,7156,174928,13,272688
8536,0.001962,172.31.36.0-255,66,174994,13,272688
8537,0.00197,74.125.24.0-255,2902,177896,13,272688
8538,0.001972,172.31.36.0-255,66,177962,13,272688
8539,0.001997,74.125.24.0-255,1484,179446,13,272688
8540,0.002015,74.125.24.0-255,9992,189438,13,272688
8541,0.002017,172.31.36.0-255,66,189504,13,272688
8542,0.002023,74.125.24.0-255,5738,195242,13,272688
8543,0.002026,172.31.36.0-255,66,195308,13,272688
8544,0.002054,74.125.24.0-255,3602,198910,13,272688
8545,0.002057,172.31.36.0-255,66,198976,13,272688
8546,0.002146,74.125.24.0-255,1484,200460,13,272688
8547,0.00215,74.125.24.0-255,2902,203362,13,272688
8548,0.002153,172.31.36.0-255,66,203428,13,272688
8549,0.002216,74.125.24.0-255,5738,209166,13,272688
8550,0.002219,172.31.36.0-255,66,209232,13,272688
8551,0.002223,74.125.24.0-255,4320,213552,13,272688
8552,0.002225,172.31.36.0-255,66,213618,13,272688
8553,0.002247,172.31.36.0-255,66,213684,13,272688
8554,0.002254,74.125.24.0-255,7856,221540,13,272688
8555,0.002256,172.31.36.0-255,66,221606,13,272688
8556,0.00228,74.125.24.0-255,1484,223090,13,272688
8557,0.002294,74.125.24.0-255,2902,225992,13,272688
8558,0.002297,172.31.36.0-255,66,226058,13,272688
8559,0.002301,74.125.24.0-255,2902,228960,13,272688
8560,0.002303,172.31.36.0-255,66,229026,13,272688
8561,0.002322,74.125.24.0-255,2902,231928,13,272688
8562,0.002329,172.31.36.0-255,66,231994,13,272688
8563,0.002331,74.125.24.0-255,1484,233478,13,272688
8564,0.004564,74.125.24.0-255,4320,237798,13,272688
8565,0.004568,172.31.36.0-255,66,237864,13,272688
8566,0.006825,74.125.24.0-255,5738,243602,13,272688
8567,0.006833,172.31.36.0-255,66,243668,13,272688
8568,0.009102,74.125.24.0-255,5738,249406,13,272688
8569,0.009108,172.31.36.0-255,66,249472,13,272688
8570,0.011379,74.125.24.0-255,5738,255210,13,272688
8571,0.011387,172.31.36.0-255,66,255276,13,272688
8572,0.013641,74.125.24.0-255,5738,261014,13,272688
8573,0.013652,172.31.36.0-255,66,261080,13,272688
8574,0.01594,74.125.24.0-255,5738,266818,13,272688
8575,0.015949,172.31.36.0-255,66,266884,13,272688
8576,0.01823,74.125.24.0-255,5738,272622,13,272688
8577,0.018239,172.31.36.0-255,66,272688,13,272688
8578,0.0,172.217.194.0-255,298,298,13,195884
8579,3.3e-05,172.31.36.0-255,66,364,13,195884
8580,4e-05,172.217.194.0-255,1484,1848,13,195884
8581,4.4e-05,172.31.36.0-255,66,1914,13,195884
8582,5e-05,172.217.194.0-255,4320,6234,13,195884
8583,6.2e-05,172.31.36.0-255,66,6300,13,195884
8584,6.7e-05,172.217.194.0-255,4320,10620,13,195884
8585,6.9e-05,172.31.36.0-255,66,10686,13,195884
8586,0.000102,172.217.194.0-255,4704,15390,13,195884
8587,0.00011,172.31.36.0-255,66,15456,13,195884
8588,0.000122,172.31.36.0-255,66,15522,13,195884
8589,0.000155,172.217.194.0-255,3961,19483,13,195884
8590,0.000159,172.31.36.0-255,66,19549,13,195884
8591,0.00019,172.217.194.0-255,4320,23869,13,195884
8592,0.000193,172.31.36.0-255,66,23935,13,195884
8593,0.000197,172.217.194.0-255,1484,25419,13,195884
8594,0.000198,172.31.36.0-255,66,25485,13,195884
8595,0.000205,172.217.194.0-255,7156,32641,13,195884
8596,0.000207,172.31.36.0-255,66,32707,13,195884
8597,0.00027,172.31.36.0-255,66,32773,13,195884
8598,0.000276,172.217.194.0-255,4249,37022,13,195884
8599,0.000277,172.31.36.0-255,66,37088,13,195884
8600,0.000281,172.217.194.0-255,98,37186,13,195884
8601,0.000283,172.31.36.0-255,66,37252,13,195884
8602,0.000522,172.217.194.0-255,365,37617,13,195884
8603,0.000527,172.31.36.0-255,66,37683,13,195884
8604,0.000791,172.217.194.0-255,1484,39167,13,195884
8605,0.000795,172.31.36.0-255,66,39233,13,195884
8606,0.0008,172.217.194.0-255,2902,42135,13,195884
8607,0.000802,172.31.36.0-255,66,42201,13,195884
8608,0.000806,172.217.194.0-255,2902,45103,13,195884
8609,0.000813,172.31.36.0-255,66,45169,13,195884
8610,0.00084,172.217.194.0-255,2902,48071,13,195884
8611,0.000844,172.31.36.0-255,66,48137,13,195884
8612,0.000864,172.31.36.0-255,66,48203,13,195884
8613,0.000873,172.217.194.0-255,9633,57836,13,195884
8614,0.000875,172.31.36.0-255,66,57902,13,195884
8615,0.001903,172.217.194.0-255,1484,59386,13,195884
8616,0.001917,172.217.194.0-255,2902,62288,13,195884
8617,0.001922,172.31.36.0-255,66,62354,13,195884
8618,0.00193,172.217.194.0-255,5738,68092,13,195884
8619,0.001931,172.31.36.0-255,66,68158,13,195884
8620,0.001942,172.217.194.0-255,4320,72478,13,195884
8621,0.001944,172.31.36.0-255,66,72544,13,195884
8622,0.001982,172.31.36.0-255,66,72610,13,195884
8623,0.002005,172.217.194.0-255,1484,74094,13,195884
8624,0.002011,172.217.194.0-255,3602,77696,13,195884
8625,0.002013,172.31.36.0-255,66,77762,13,195884
8626,0.002046,172.217.194.0-255,1484,79246,13,195884
8627,0.002064,172.217.194.0-255,2902,82148,13,195884
8628,0.002067,172.31.36.0-255,66,82214,13,195884
8629,0.002073,172.217.194.0-255,5738,87952,13,195884
8630,0.002075,172.31.36.0-255,66,88018,13,195884
8631,0.002105,172.31.36.0-255,66,88084,13,195884
8632,0.002123,172.217.194.0-255,1484,89568,13,195884
8633,0.002126,172.217.194.0-255,1484,91052,13,195884
8634,0.002128,172.31.36.0-255,66,91118,13,195884
8635,0.00216,172.217.194.0-255,9274,100392,13,195884
8636,0.002162,172.31.36.0-255,66,100458,13,195884
8637,0.002168,172.217.194.0-255,5738,106196,13,195884
8638,0.002171,172.31.36.0-255,66,106262,13,195884
8639,0.002198,172.217.194.0-255,5738,112000,13,195884
8640,0.0022,172.31.36.0-255,66,112066,13,195884
8641,0.002203,172.217.194.0-255,1484,113550,13,195884
8642,0.002235,172.31.36.0-255,66,113616,13,195884
8643,0.002254,172.217.194.0-255,7856,121472,13,195884
8644,0.002256,172.31.36.0-255,66,121538,13,195884
8645,0.002304,172.217.194.0-255,1484,123022,13,195884
8646,0.002315,172.217.194.0-255,1484,124506,13,195884
8647,0.002317,172.31.36.0-255,66,124572,13,195884
8648,0.002333,172.217.194.0-255,1484,126056,13,195884
8649,0.002343,172.217.194.0-255,5738,131794,13,195884
8650,0.002346,172.31.36.0-255,66,131860,13,195884
8651,0.002353,172.217.194.0-255,8574,140434,13,195884
8652,0.002355,172.31.36.0-255,66,140500,13,195884
8653,0.0024,172.217.194.0-255,9992,150492,13,195884
8654,0.002403,172.31.36.0-255,66,150558,13,195884
8655,0.002428,172.217.194.0-255,5020,155578,13,195884
8656,0.002431,172.31.36.0-255,66,155644,13,195884
8657,0.002446,172.31.36.0-255,66,155710,13,195884
8658,0.002491,172.217.194.0-255,2902,158612,13,195884
8659,0.002494,172.31.36.0-255,66,158678,13,195884
8660,0.002539,172.31.36.0-255,66,158744,13,195884
8661,0.002543,172.217.194.0-255,2184,160928,13,195884
8662,0.002545,172.31.36.0-255,66,160994,13,195884
8663,0.002749,172.217.194.0-255,1484,162478,13,195884
8664,0.005232,172.217.194.0-255,4320,166798,13,195884
8665,0.005239,172.31.36.0-255,66,166864,13,195884
8666,0.007887,172.217.194.0-255,5738,172602,13,195884
8667,0.007892,172.31.36.0-255,66,172668,13,195884
8668,0.010626,172.217.194.0-255,5738,178406,13,195884
8669,0.010633,172.31.36.0-255,66,178472,13,195884
8670,0.013306,172.217.194.0-255,5738,184210,13,195884
8671,0.013315,172.31.36.0-255,66,184276,13,195884
8672,0.015994,172.217.194.0-255,5738,190014,13,195884
8673,0.016,172.31.36.0-255,66,190080,13,195884
8674,0.018684,172.217.194.0-255,5738,195818,13,195884
8675,0.018692,172.31.36.0-255,66,195884,13,195884
8676,0.0,172.217.194.0-255,146,146,13,287789
8677,2.3e-05,172.31.36.0-255,66,212,13,287789
8678,3.1e-05,172.217.194.0-255,1484,1696,13,287789
8679,3.5e-05,172.31.36.0-255,66,1762,13,287789
8680,4.2e-05,172.217.194.0-255,2902,4664,13,287789
8681,4.5e-05,172.31.36.0-255,66,4730,13,287789
8682,5.4e-05,172.217.194.0-255,7156,11886,13,287789
8683,5.7e-05,172.31.36.0-255,66,11952,13,287789
8684,6.3e-05,172.217.194.0-255,4767,16719,13,287789
8685,6.6e-05,172.31.36.0-255,66,16785,13,287789
8686,9e-05,172.217.194.0-255,1484,18269,13,287789
8687,9.3e-05,172.31.36.0-255,66,18335,13,287789
8688,0.000123,172.31.36.0-255,66,18401,13,287789
8689,0.000191,172.31.36.0-255,66,18467,13,287789
8690,0.000209,172.217.194.0-255,1484,19951,13,287789
8691,0.000211,172.31.36.0-255,66,20017,13,287789
8692,0.000234,172.217.194.0-255,3961,23978,13,287789
8693,0.000236,172.31.36.0-255,66,24044,13,287789
8694,0.000322,172.217.194.0-255,1484,25528,13,287789
8695,0.000326,172.31.36.0-255,66,25594,13,287789
8696,0.000331,172.217.194.0-255,2902,28496,13,287789
8697,0.000333,172.31.36.0-255,66,28562,13,287789
8698,0.000336,172.217.194.0-255,1484,30046,13,287789
8699,0.000339,172.31.36.0-255,66,30112,13,287789
8700,0.000361,172.217.194.0-255,4320,34432,13,287789
8701,0.000364,172.31.36.0-255,66,34498,13,287789
8702,0.00037,172.217.194.0-255,4320,38818,13,287789
8703,0.000373,172.31.36.0-255,66,38884,13,287789
8704,0.000394,172.217.194.0-255,2543,41427,13,287789
8705,0.000396,172.31.36.0-255,66,41493,13,287789
8706,0.000414,172.217.194.0-255,1484,42977,13,287789
8707,0.000418,172.217.194.0-255,1484,44461,13,287789
8708,0.000421,172.31.36.0-255,66,44527,13,287789
8709,0.00044,172.217.194.0-255,1484,46011,13,287789
8710,0.000447,172.217.194.0-255,5738,51749,13,287789
8711,0.000449,172.31.36.0-255,66,51815,13,287789
8712,0.000465,172.217.194.0-255,4320,56135,13,287789
8713,0.000467,172.31.36.0-255,66,56201,13,287789
8714,0.000489,172.217.194.0-255,2543,58744,13,287789
8715,0.000492,172.31.36.0-255,66,58810,13,287789
8716,0.00051,172.217.194.0-255,7156,65966,13,287789
8717,0.000513,172.31.36.0-255,66,66032,13,287789
8718,0.000516,172.217.194.0-255,1484,67516,13,287789
8719,0.000541,172.217.194.0-255,8215,75731,13,287789
8720,0.000543,172.31.36.0-255,66,75797,13,287789
8721,0.00058,172.217.194.0-255,7156,82953,13,287789
8722,0.000584,172.31.36.0-255,66,83019,13,287789
8723,0.000605,172.217.194.0-255,9519,92538,13,287789
8724,0.000608,172.31.36.0-255,66,92604,13,287789
8725,0.000642,172.217.194.0-255,1484,94088,13,287789
8726,0.000647,172.217.194.0-255,2902,96990,13,287789
8727,0.000649,172.31.36.0-255,66,97056,13,287789
8728,0.000674,172.217.194.0-255,4320,101376,13,287789
8729,0.000677,172.31.36.0-255,66,101442,13,287789
8730,0.000697,172.217.194.0-255,1484,102926,13,287789
8731,0.000705,172.217.194.0-255,5887,108813,13,287789
8732,0.000708,172.31.36.0-255,66,108879,13,287789
8733,0.000765,172.217.194.0-255,1484,110363,13,287789
8734,0.000771,172.217.194.0-255,2902,113265,13,287789
8735,0.000774,172.31.36.0-255,66,113331,13,287789
8736,0.000779,172.217.194.0-255,2902,116233,13,287789
8737,0.000781,172.31.36.0-255,66,116299,13,287789
8738,0.000795,172.217.194.0-255,2902,119201,13,287789
8739,0.000798,172.31.36.0-255,66,119267,13,287789
8740,0.000829,172.31.36.0-255,66,119333,13,287789
8741,0.000859,172.217.194.0-255,1484,120817,13,287789
8742,0.00087,172.217.194.0-255,10692,131509,13,287789
8743,0.000873,172.31.36.0-255,66,131575,13,287789
8744,0.001091,172.217.194.0-255,1484,133059,13,287789
8745,0.001097,172.217.194.0-255,2902,135961,13,287789
8746,0.0011,172.31.36.0-255,66,136027,13,287789
8747,0.001104,172.217.194.0-255,1484,137511,13,287789
8748,0.001123,172.217.194.0-255,4320,141831,13,287789
8749,0.001126,172.31.36.0-255,66,141897,13,287789
8750,0.001132,172.217.194.0-255,4320,146217,13,287789
8751,0.001134,172.31.36.0-255,66,146283,13,287789
8752,0.001165,172.217.194.0-255,8574,154857,13,287789
8753,0.001168,172.31.36.0-255,66,154923,13,287789
8754,0.001178,172.217.194.0-255,9992,164915,13,287789
8755,0.00118,172.31.36.0-255,66,164981,13,287789
8756,0.001182,172.217.194.0-255,766,165747,13,287789
8757,0.001451,172.217.194.0-255,1484,167231,13,287789
8758,0.001455,172.31.36.0-255,66,167297,13,287789
8759,0.001461,172.217.194.0-255,2902,170199,13,287789
8760,0.001463,172.31.36.0-255,66,170265,13,287789
8761,0.00147,172.217.194.0-255,5738,176003,13,287789
8762,0.001472,172.31.36.0-255,66,176069,13,287789
8763,0.001507,172.31.36.0-255,66,176135,13,287789
8764,0.001552,172.217.194.0-255,5738,181873,13,287789
8765,0.001554,172.31.36.0-255,66,181939,13,287789
8766,0.001569,172.217.194.0-255,4320,186259,13,287789
8767,0.001572,172.31.36.0-255,66,186325,13,287789
8768,0.001575,172.217.194.0-255,766,187091,13,287789
8769,0.001597,172.217.194.0-255,1484,188575,13,287789
8770,0.0016,172.31.36.0-255,66,188641,13,287789
8771,0.001618,172.217.194.0-255,2902,191543,13,287789
8772,0.001621,172.31.36.0-255,66,191609,13,287789
8773,0.001627,172.217.194.0-255,5738,197347,13,287789
8774,0.001629,172.31.36.0-255,66,197413,13,287789
8775,0.001671,172.31.36.0-255,66,197479,13,287789
8776,0.001681,172.217.194.0-255,10692,208171,13,287789
8777,0.001683,172.31.36.0-255,66,208237,13,287789
8778,0.001768,172.217.194.0-255,1484,209721,13,287789
8779,0.001772,172.217.194.0-255,1484,211205,13,287789
8780,0.001775,172.31.36.0-255,66,211271,13,287789
8781,0.001794,172.217.194.0-255,1484,212755,13,287789
8782,0.001801,172.217.194.0-255,5738,218493,13,287789
8783,0.001803,172.31.36.0-255,66,218559,13,287789
8784,0.001825,172.217.194.0-255,1484,220043,13,287789
8785,0.001874,172.217.194.0-255,5738,225781,13,287789
8786,0.001878,172.31.36.0-255,66,225847,13,287789
8787,0.001898,172.217.194.0-255,2902,228749,13,287789
8788,0.001901,172.31.36.0-255,66,228815,13,287789
8789,0.001911,172.217.194.0-255,9992,238807,13,287789
8790,0.001914,172.31.36.0-255,66,238873,13,287789
8791,0.001919,172.217.194.0-255,3602,242475,13,287789
8792,0.001921,172.31.36.0-255,66,242541,13,287789
8793,0.00199,172.217.194.0-255,1484,244025,13,287789
8794,0.002007,172.217.194.0-255,2902,246927,13,287789
8795,0.00201,172.31.36.0-255,66,246993,13,287789
8796,0.002016,172.217.194.0-255,4320,251313,13,287789
8797,0.002019,172.31.36.0-255,66,251379,13,287789
8798,0.002041,172.217.194.0-255,1484,252863,13,287789
8799,0.002047,172.217.194.0-255,4320,257183,13,287789
8800,0.002049,172.31.36.0-255,66,257249,13,287789
8801,0.002077,172.217.194.0-255,8574,265823,13,287789
8802,0.00208,172.31.36.0-255,66,265889,13,287789
8803,0.002087,172.217.194.0-255,7156,273045,13,287789
8804,0.002089,172.31.36.0-255,66,273111,13,287789
8805,0.002129,172.217.194.0-255,5738,278849,13,287789
8806,0.002133,172.31.36.0-255,66,278915,13,287789
8807,0.00217,172.31.36.0-255,66,278981,13,287789
8808,0.002176,172.217.194.0-255,4320,283301,13,287789
8809,0.002179,172.31.36.0-255,66,283367,13,287789
8810,0.002206,172.31.36.0-255,66,283433,13,287789
8811,0.002228,172.217.194.0-255,2184,285617,13,287789
8812,0.002231,172.31.36.0-255,66,285683,13,287789
8813,0.002235,172.217.194.0-255,1698,287381,13,287789
8814,0.002237,172.31.36.0-255,66,287447,13,287789
8815,0.002255,172.217.194.0-255,105,287552,13,287789
8816,0.004475,172.31.36.0-255,66,287618,13,287789
8817,0.004521,172.31.36.0-255,105,287723,13,287789
8818,0.006776,172.217.194.0-255,66,287789,13,287789
8819,0.0,172.217.194.0-255,152,152,13,212276
8820,1.7e-05,172.31.36.0-255,66,218,13,212276
8821,2.3e-05,172.217.194.0-255,1484,1702,13,212276
8822,2.8e-05,172.31.36.0-255,66,1768,13,212276
8823,3.4e-05,172.217.194.0-255,2902,4670,13,212276
8824,3.8e-05,172.31.36.0-255,66,4736,13,212276
8825,4.6e-05,172.217.194.0-255,7156,11892,13,212276
8826,5e-05,172.31.36.0-255,66,11958,13,212276
8827,5.3e-05,172.217.194.0-255,1484,13442,13,212276
8828,5.6e-05,172.31.36.0-255,66,13508,13,212276
8829,9.1e-05,172.217.194.0-255,686,14194,13,212276
8830,9.4e-05,172.31.36.0-255,66,14260,13,212276
8831,0.000349,172.217.194.0-255,1484,15744,13,212276
8832,0.000355,172.31.36.0-255,66,15810,13,212276
8833,0.000361,172.217.194.0-255,2902,18712,13,212276
8834,0.000365,172.31.36.0-255,66,18778,13,212276
8835,0.00037,172.217.194.0-255,4320,23098,13,212276
8836,0.000372,172.31.36.0-255,66,23164,13,212276
8837,0.000396,172.217.194.0-255,1484,24648,13,212276
8838,0.000398,172.31.36.0-255,66,24714,13,212276
8839,0.000444,172.31.36.0-255,66,24780,13,212276
8840,0.000458,172.31.36.0-255,66,24846,13,212276
8841,0.000462,172.217.194.0-255,2902,27748,13,212276
8842,0.000465,172.31.36.0-255,66,27814,13,212276
8843,0.000497,172.217.194.0-255,9274,37088,13,212276
8844,0.000499,172.217.194.0-255,393,37481,13,212276
8845,0.000503,172.31.36.0-255,66,37547,13,212276
8846,0.000506,172.31.36.0-255,66,37613,13,212276
8847,0.000592,172.217.194.0-255,381,37994,13,212276
8848,0.000597,172.31.36.0-255,66,38060,13,212276
8849,0.000973,172.217.194.0-255,1484,39544,13,212276
8850,0.000979,172.217.194.0-255,2902,42446,13,212276
8851,0.000983,172.31.36.0-255,66,42512,13,212276
8852,0.000987,172.217.194.0-255,1484,43996,13,212276
8853,0.001007,172.217.194.0-255,4320,48316,13,212276
8854,0.00101,172.31.36.0-255,66,48382,13,212276
8855,0.001032,172.217.194.0-255,5738,54120,13,212276
8856,0.001034,172.31.36.0-255,66,54186,13,212276
8857,0.001058,172.217.194.0-255,5738,59924,13,212276
8858,0.001062,172.31.36.0-255,66,59990,13,212276
8859,0.001076,172.31.36.0-255,66,60056,13,212276
8860,0.001742,172.217.194.0-255,1484,61540,13,212276
8861,0.001752,172.217.194.0-255,2902,64442,13,212276
8862,0.001757,172.31.36.0-255,66,64508,13,212276
8863,0.001766,172.217.194.0-255,5738,70246,13,212276
8864,0.001768,172.31.36.0-255,66,70312,13,212276
8865,0.001797,172.31.36.0-255,66,70378,13,212276
8866,0.001804,172.217.194.0-255,5738,76116,13,212276
8867,0.001806,172.31.36.0-255,66,76182,13,212276
8868,0.001827,172.217.194.0-255,5020,81202,13,212276
8869,0.00183,172.31.36.0-255,66,81268,13,212276
8870,0.001901,172.217.194.0-255,1484,82752,13,212276
8871,0.001906,172.217.194.0-255,2902,85654,13,212276
8872,0.001909,172.31.36.0-255,66,85720,13,212276
8873,0.001915,172.217.194.0-255,4320,90040,13,212276
8874,0.001917,172.31.36.0-255,66,90106,13,212276
8875,0.001929,172.217.194.0-255,1484,91590,13,212276
8876,0.001932,172.217.194.0-255,1484,93074,13,212276
8877,0.001934,172.31.36.0-255,66,93140,13,212276
8878,0.001983,172.217.194.0-255,9992,103132,13,212276
8879,0.001985,172.31.36.0-255,66,103198,13,212276
8880,0.002005,172.217.194.0-255,1484,104682,13,212276
8881,0.002014,172.217.194.0-255,9992,114674,13,212276
8882,0.002017,172.31.36.0-255,66,114740,13,212276
8883,0.00203,172.31.36.0-255,66,114806,13,212276
8884,0.002049,172.217.194.0-255,6438,121244,13,212276
8885,0.002063,172.217.194.0-255,4320,125564,13,212276
8886,0.002083,172.217.194.0-255,8574,134138,13,212276
8887,0.002102,172.217.194.0-255,3602,137740,13,212276
8888,0.002153,172.217.194.0-255,1484,139224,13,212276
8889,0.002157,172.217.194.0-255,1484,140708,13,212276
8890,0.002166,172.217.194.0-255,1484,142192,13,212276
8891,0.00219,172.217.194.0-255,5738,147930,13,212276
8892,0.00221,172.217.194.0-255,9992,157922,13,212276
8893,0.002225,172.217.194.0-255,2902,160824,13,212276
8894,0.002234,172.217.194.0-255,9992,170816,13,212276
8895,0.002249,172.217.194.0-255,766,171582,13,212276
8896,0.003962,172.31.36.0-255,66,171648,13,212276
8897,0.006228,172.217.194.0-255,5738,177386,13,212276
8898,0.006235,172.31.36.0-255,66,177452,13,212276
8899,0.008544,172.217.194.0-255,5738,183190,13,212276
8900,0.00855,172.31.36.0-255,66,183256,13,212276
8901,0.010791,172.217.194.0-255,5738,188994,13,212276
8902,0.010799,172.31.36.0-255,66,189060,13,212276
8903,0.013068,172.217.194.0-255,5738,194798,13,212276
8904,0.013076,172.31.36.0-255,66,194864,13,212276
8905,0.015358,172.217.194.0-255,5738,200602,13,212276
8906,0.015366,172.31.36.0-255,66,200668,13,212276
8907,0.017651,172.217.194.0-255,5738,206406,13,212276
8908,0.017661,172.31.36.0-255,66,206472,13,212276
8909,0.019936,172.217.194.0-255,5738,212210,13,212276
8910,0.019945,172.31.36.0-255,66,212276,13,212276
8911,0.0,74.125.130.0-255,153,153,13,260823
8912,2.1e-05,172.31.36.0-255,66,219,13,260823
8913,2.8e-05,74.125.130.0-255,1484,1703,13,260823
8914,3.2e-05,172.31.36.0-255,66,1769,13,260823
8915,3.7e-05,74.125.130.0-255,2902,4671,13,260823
8916,4.1e-05,172.31.36.0-255,66,4737,13,260823
8917,4.9e-05,74.125.130.0-255,7156,11893,13,260823
8918,5.3e-05,172.31.36.0-255,66,11959,13,260823
8919,5.6e-05,74.125.130.0-255,1484,13443,13,260823
8920,5.8e-05,172.31.36.0-255,66,13509,13,260823
8921,8.5e-05,74.125.130.0-255,2148,15657,13,260823
8922,8.7e-05,172.31.36.0-255,66,15723,13,260823
8923,0.000107,74.125.130.0-255,4320,20043,13,260823
8924,0.00011,172.31.36.0-255,66,20109,13,260823
8925,0.000115,74.125.130.0-255,5738,25847,13,260823
8926,0.000118,172.31.36.0-255,66,25913,13,260823
8927,0.000122,74.125.130.0-255,2902,28815,13,260823
8928,0.000125,172.31.36.0-255,66,28881,13,260823
8929,0.000163,74.125.130.0-255,8574,37455,13,260823
8930,0.000166,172.31.36.0-255,66,37521,13,260823
8931,0.000175,74.125.130.0-255,9992,47513,13,260823
8932,0.000178,172.31.36.0-255,66,47579,13,260823
8933,0.000181,74.125.130.0-255,766,48345,13,260823
8934,0.000183,172.31.36.0-255,66,48411,13,260823
8935,0.000607,74.125.130.0-255,1484,49895,13,260823
8936,0.000612,172.31.36.0-255,66,49961,13,260823
8937,0.000618,74.125.130.0-255,2902,52863,13,260823
8938,0.00062,172.31.36.0-255,66,52929,13,260823
8939,0.000626,74.125.130.0-255,4320,57249,13,260823
8940,0.000628,172.31.36.0-255,66,57315,13,260823
8941,0.000648,74.125.130.0-255,1484,58799,13,260823
8942,0.000651,172.31.36.0-255,66,58865,13,260823
8943,0.000657,74.125.130.0-255,4320,63185,13,260823
8944,0.000659,172.31.36.0-255,66,63251,13,260823
8945,0.000662,74.125.130.0-255,1484,64735,13,260823
8946,0.000688,74.125.130.0-255,3961,68696,13,260823
8947,0.000691,172.31.36.0-255,66,68762,13,260823
8948,0.000754,172.31.36.0-255,66,68828,13,260823
8949,0.000758,74.125.130.0-255,2543,71371,13,260823
8950,0.000761,172.31.36.0-255,66,71437,13,260823
8951,0.001027,74.125.130.0-255,1484,72921,13,260823
8952,0.001035,74.125.130.0-255,2902,75823,13,260823
8953,0.001039,172.31.36.0-255,66,75889,13,260823
8954,0.001045,74.125.130.0-255,4320,80209,13,260823
8955,0.001048,172.31.36.0-255,66,80275,13,260823
8956,0.001077,74.125.130.0-255,8574,88849,13,260823
8957,0.00108,172.31.36.0-255,66,88915,13,260823
8958,0.001098,74.125.130.0-255,1484,90399,13,260823
8959,0.001123,74.125.130.0-255,8574,98973,13,260823
8960,0.001127,172.31.36.0-255,66,99039,13,260823
8961,0.001144,74.125.130.0-255,1484,100523,13,260823
8962,0.001161,74.125.130.0-255,5020,105543,13,260823
8963,0.001164,172.31.36.0-255,66,105609,13,260823
8964,0.001232,74.125.130.0-255,1484,107093,13,260823
8965,0.001237,74.125.130.0-255,2902,109995,13,260823
8966,0.001241,172.31.36.0-255,66,110061,13,260823
8967,0.001274,74.125.130.0-255,5738,115799,13,260823
8968,0.001277,172.31.36.0-255,66,115865,13,260823
8969,0.001301,172.31.36.0-255,66,115931,13,260823
8970,0.001307,74.125.130.0-255,5738,121669,13,260823
8971,0.001309,172.31.36.0-255,66,121735,13,260823
8972,0.001312,74.125.130.0-255,1484,123219,13,260823
8973,0.001338,74.125.130.0-255,5020,128239,13,260823
8974,0.001341,172.31.36.0-255,66,128305,13,260823
8975,0.001347,74.125.130.0-255,4320,132625,13,260823
8976,0.001349,172.31.36.0-255,66,132691,13,260823
8977,0.001369,74.125.130.0-255,9992,142683,13,260823
8978,0.001373,172.31.36.0-255,66,142749,13,260823
8979,0.001378,74.125.130.0-255,4320,147069,13,260823
8980,0.00138,172.31.36.0-255,66,147135,13,260823
8981,0.001418,172.31.36.0-255,66,147201,13,260823
8982,0.001422,74.125.130.0-255,2184,149385,13,260823
8983,0.001425,172.31.36.0-255,66,149451,13,260823
8984,0.001475,74.125.130.0-255,1484,150935,13,260823
8985,0.00148,74.125.130.0-255,2902,153837,13,260823
8986,0.001483,172.31.36.0-255,66,153903,13,260823
8987,0.001506,74.125.130.0-255,4320,158223,13,260823
8988,0.001509,172.31.36.0-255,66,158289,13,260823
8989,0.001514,74.125.130.0-255,5738,164027,13,260823
8990,0.001517,172.31.36.0-255,66,164093,13,260823
8991,0.001553,172.31.36.0-255,66,164159,13,260823
8992,0.001561,74.125.130.0-255,7856,172015,13,260823
8993,0.001563,172.31.36.0-255,66,172081,13,260823
8994,0.001803,74.125.130.0-255,1484,173565,13,260823
8995,0.001809,74.125.130.0-255,2902,176467,13,260823
8996,0.001813,172.31.36.0-255,66,176533,13,260823
8997,0.001835,74.125.130.0-255,5738,182271,13,260823
8998,0.001838,172.31.36.0-255,66,182337,13,260823
8999,0.00186,74.125.130.0-255,7156,189493,13,260823
9000,0.001863,172.31.36.0-255,66,189559,13,260823
9001,0.001887,74.125.130.0-255,5738,195297,13,260823
9002,0.00189,172.31.36.0-255,66,195363,13,260823
9003,0.001897,74.125.130.0-255,7156,202519,13,260823
9004,0.0019,172.31.36.0-255,66,202585,13,260823
9005,0.001974,74.125.130.0-255,7156,209741,13,260823
9006,0.001977,172.31.36.0-255,66,209807,13,260823
9007,0.002011,172.31.36.0-255,66,209873,13,260823
9008,0.002026,172.31.36.0-255,66,209939,13,260823
9009,0.003956,74.125.130.0-255,4320,214259,13,260823
9010,0.003962,172.31.36.0-255,66,214325,13,260823
9011,0.003981,74.125.130.0-255,1484,215809,13,260823
9012,0.005898,74.125.130.0-255,4320,220129,13,260823
9013,0.005905,172.31.36.0-255,66,220195,13,260823
9014,0.007841,74.125.130.0-255,5738,225933,13,260823
9015,0.007848,172.31.36.0-255,66,225999,13,260823
9016,0.009793,74.125.130.0-255,5738,231737,13,260823
9017,0.009801,172.31.36.0-255,66,231803,13,260823
9018,0.01173,74.125.130.0-255,5738,237541,13,260823
9019,0.011738,172.31.36.0-255,66,237607,13,260823
9020,0.013674,74.125.130.0-255,5738,243345,13,260823
9021,0.013682,172.31.36.0-255,66,243411,13,260823
9022,0.015618,74.125.130.0-255,5738,249149,13,260823
9023,0.015625,172.31.36.0-255,66,249215,13,260823
9024,0.017561,74.125.130.0-255,5738,254953,13,260823
9025,0.017568,172.31.36.0-255,66,255019,13,260823
9026,0.019499,74.125.130.0-255,5738,260757,13,260823
9027,0.019506,172.31.36.0-255,66,260823,13,260823
9028,0.0,74.125.24.0-255,152,152,13,313681
9029,3.4e-05,172.31.36.0-255,66,218,13,313681
9030,4.2e-05,74.125.24.0-255,1484,1702,13,313681
9031,4.6e-05,172.31.36.0-255,66,1768,13,313681
9032,5.1e-05,74.125.24.0-255,2902,4670,13,313681
9033,5.3e-05,172.31.36.0-255,66,4736,13,313681
9034,6.1e-05,74.125.24.0-255,7156,11892,13,313681
9035,6.3e-05,172.31.36.0-255,66,11958,13,313681
9036,6.6e-05,74.125.24.0-255,1484,13442,13,313681
9037,6.7e-05,172.31.36.0-255,66,13508,13,313681
9038,9.4e-05,74.125.24.0-255,8574,22082,13,313681
9039,9.7e-05,172.31.36.0-255,66,22148,13,313681
9040,0.000123,74.125.24.0-255,6232,28380,13,313681
9041,0.000126,172.31.36.0-255,66,28446,13,313681
9042,0.00013,74.125.24.0-255,2543,30989,13,313681
9043,0.000132,172.31.36.0-255,66,31055,13,313681
9044,0.000186,74.125.24.0-255,1484,32539,13,313681
9045,0.000189,172.31.36.0-255,66,32605,13,313681
9046,0.000194,74.125.24.0-255,2902,35507,13,313681
9047,0.000196,172.31.36.0-255,66,35573,13,313681
9048,0.000225,74.125.24.0-255,5738,41311,13,313681
9049,0.000228,172.31.36.0-255,66,41377,13,313681
9050,0.000235,74.125.24.0-255,6797,48174,13,313681
9051,0.000237,172.31.36.0-255,66,48240,13,313681
9052,0.000255,74.125.24.0-255,4320,52560,13,313681
9053,0.000257,172.31.36.0-255,66,52626,13,313681
9054,0.000279,74.125.24.0-255,9992,62618,13,313681
9055,0.000282,172.31.36.0-255,66,62684,13,313681
9056,0.000286,74.125.24.0-255,2852,65536,13,313681
9057,0.000289,172.31.36.0-255,66,65602,13,313681
9058,0.000292,74.125.24.0-255,112,65714,13,313681
9059,0.000294,172.31.36.0-255,66,65780,13,313681
9060,0.000377,74.125.24.0-255,1484,67264,13,313681
9061,0.000383,74.125.24.0-255,2902,70166,13,313681
9062,0.000386,172.31.36.0-255,66,70232,13,313681
9063,0.000392,74.125.24.0-255,5738,75970,13,313681
9064,0.000395,172.31.36.0-255,66,76036,13,313681
9065,0.000433,74.125.24.0-255,7156,83192,13,313681
9066,0.000437,172.31.36.0-255,66,83258,13,313681
9067,0.000444,74.125.24.0-255,8574,91832,13,313681
9068,0.000446,172.31.36.0-255,66,91898,13,313681
9069,0.000474,74.125.24.0-255,7856,99754,13,313681
9070,0.000478,172.31.36.0-255,66,99820,13,313681
9071,0.000592,74.125.24.0-255,331,100151,13,313681
9072,0.000733,74.125.24.0-255,1484,101635,13,313681
9073,0.000736,172.31.36.0-255,66,101701,13,313681
9074,0.000741,74.125.24.0-255,2902,104603,13,313681
9075,0.000744,172.31.36.0-255,66,104669,13,313681
9076,0.00075,74.125.24.0-255,5738,110407,13,313681
9077,0.000752,172.31.36.0-255,66,110473,13,313681
9078,0.000776,74.125.24.0-255,5738,116211,13,313681
9079,0.000779,172.31.36.0-255,66,116277,13,313681
9080,0.000803,74.125.24.0-255,7156,123433,13,313681
9081,0.000806,172.31.36.0-255,66,123499,13,313681
9082,0.000825,74.125.24.0-255,4320,127819,13,313681
9083,0.000829,172.31.36.0-255,66,127885,13,313681
9084,0.00085,74.125.24.0-255,6438,134323,13,313681
9085,0.000853,172.31.36.0-255,66,134389,13,313681
9086,0.00087,74.125.24.0-255,1484,135873,13,313681
9087,0.000896,74.125.24.0-255,9992,145865,13,313681
9088,0.000899,172.31.36.0-255,66,145931,13,313681
9089,0.000902,74.125.24.0-255,1484,147415,13,313681
9090,0.000906,74.125.24.0-255,2902,150317,13,313681
9091,0.000908,172.31.36.0-255,66,150383,13,313681
9092,0.000925,74.125.24.0-255,4320,154703,13,313681
9093,0.000928,172.31.36.0-255,66,154769,13,313681
9094,0.000945,74.125.24.0-255,7156,161925,13,313681
9095,0.000948,172.31.36.0-255,66,161991,13,313681
9096,0.000954,74.125.24.0-255,6438,168429,13,313681
9097,0.000956,172.31.36.0-255,66,168495,13,313681
9098,0.001067,74.125.24.0-255,1484,169979,13,313681
9099,0.001072,74.125.24.0-255,2902,172881,13,313681
9100,0.001077,172.31.36.0-255,66,172947,13,313681
9101,0.001094,74.125.24.0-255,4320,177267,13,313681
9102,0.001097,172.31.36.0-255,66,177333,13,313681
9103,0.001126,74.125.24.0-255,1484,178817,13,313681
9104,0.00114,172.31.36.0-255,66,178883,13,313681
9105,0.001149,74.125.24.0-255,10692,189575,13,313681
9106,0.001152,172.31.36.0-255,66,189641,13,313681
9107,0.001247,74.125.24.0-255,1484,191125,13,313681
9108,0.001252,74.125.24.0-255,2902,194027,13,313681
9109,0.001255,172.31.36.0-255,66,194093,13,313681
9110,0.001259,74.125.24.0-255,1484,195577,13,313681
9111,0.001279,74.125.24.0-255,4320,199897,13,313681
9112,0.001282,172.31.36.0-255,66,199963,13,313681
9113,0.001285,74.125.24.0-255,1484,201447,13,313681
9114,0.001302,74.125.24.0-255,2902,204349,13,313681
9115,0.001305,172.31.36.0-255,66,204415,13,313681
9116,0.001311,74.125.24.0-255,5738,210153,13,313681
9117,0.001313,172.31.36.0-255,66,210219,13,313681
9118,0.001358,172.31.36.0-255,66,210285,13,313681
9119,0.00136,74.125.24.0-255,766,211051,13,313681
9120,0.001782,74.125.24.0-255,1484,212535,13,313681
9121,0.001787,172.31.36.0-255,66,212601,13,313681
9122,0.001793,74.125.24.0-255,2902,215503,13,313681
9123,0.001797,172.31.36.0-255,66,215569,13,313681
9124,0.001798,74.125.24.0-255,4320,219889,13,313681
9125,0.0018,172.31.36.0-255,66,219955,13,313681
9126,0.001816,74.125.24.0-255,2902,222857,13,313681
9127,0.001819,172.31.36.0-255,66,222923,13,313681
9128,0.001845,74.125.24.0-255,5738,228661,13,313681
9129,0.001848,172.31.36.0-255,66,228727,13,313681
9130,0.001852,74.125.24.0-255,1484,230211,13,313681
9131,0.001884,172.31.36.0-255,66,230277,13,313681
9132,0.001907,74.125.24.0-255,3602,233879,13,313681
9133,0.00191,172.31.36.0-255,66,233945,13,313681
9134,0.00194,74.125.24.0-255,1484,235429,13,313681
9135,0.001945,74.125.24.0-255,2902,238331,13,313681
9136,0.001947,172.31.36.0-255,66,238397,13,313681
9137,0.001971,74.125.24.0-255,5738,244135,13,313681
9138,0.001975,172.31.36.0-255,66,244201,13,313681
9139,0.001982,74.125.24.0-255,5738,249939,13,313681
9140,0.001985,172.31.36.0-255,66,250005,13,313681
9141,0.002004,74.125.24.0-255,7156,257161,13,313681
9142,0.002008,172.31.36.0-255,66,257227,13,313681
9143,0.002018,74.125.24.0-255,10692,267919,13,313681
9144,0.00202,172.31.36.0-255,66,267985,13,313681
9145,0.002023,74.125.24.0-255,1484,269469,13,313681
9146,0.002059,74.125.24.0-255,9992,279461,13,313681
9147,0.002064,172.31.36.0-255,66,279527,13,313681
9148,0.002077,172.31.36.0-255,66,279593,13,313681
9149,0.0021,74.125.24.0-255,2902,282495,13,313681
9150,0.002104,172.31.36.0-255,66,282561,13,313681
9151,0.002128,74.125.24.0-255,8574,291135,13,313681
9152,0.002132,172.31.36.0-255,66,291201,13,313681
9153,0.002148,74.125.24.0-255,7156,298357,13,313681
9154,0.002151,172.31.36.0-255,66,298423,13,313681
9155,0.002182,74.125.24.0-255,2184,300607,13,313681
9156,0.002188,172.31.36.0-255,66,300673,13,313681
9157,0.002237,172.31.36.0-255,66,300739,13,313681
9158,0.002264,74.125.24.0-255,2902,303641,13,313681
9159,0.002267,172.31.36.0-255,66,303707,13,313681
9160,0.002276,74.125.24.0-255,9566,313273,13,313681
9161,0.002279,172.31.36.0-255,66,313339,13,313681
9162,0.002282,74.125.24.0-255,105,313444,13,313681
9163,0.003293,172.31.36.0-255,66,313510,13,313681
9164,0.003319,172.31.36.0-255,105,313615,13,313681
9165,0.0059,74.125.24.0-255,66,313681,13,313681
9166,0.0,74.125.130.0-255,153,153,13,273407
9167,3.4e-05,172.31.36.0-255,66,219,13,273407
9168,4.1e-05,74.125.130.0-255,1484,1703,13,273407
9169,4.5e-05,172.31.36.0-255,66,1769,13,273407
9170,5.1e-05,74.125.130.0-255,2902,4671,13,273407
9171,5.4e-05,172.31.36.0-255,66,4737,13,273407
9172,6e-05,74.125.130.0-255,5738,10475,13,273407
9173,6.2e-05,172.31.36.0-255,66,10541,13,273407
9174,6.7e-05,74.125.130.0-255,4320,14861,13,273407
9175,6.9e-05,172.31.36.0-255,66,14927,13,273407
9176,8.9e-05,74.125.130.0-255,1994,16921,13,273407
9177,9.1e-05,172.31.36.0-255,66,16987,13,273407
9178,9.8e-05,74.125.130.0-255,7156,24143,13,273407
9179,0.0001,172.31.36.0-255,66,24209,13,273407
9180,0.000113,74.125.130.0-255,1484,25693,13,273407
9181,0.000115,172.31.36.0-255,66,25759,13,273407
9182,0.000159,172.31.36.0-255,66,25825,13,273407
9183,0.000169,74.125.130.0-255,7856,33681,13,273407
9184,0.000172,172.31.36.0-255,66,33747,13,273407
9185,0.000206,74.125.130.0-255,1484,35231,13,273407
9186,0.000209,172.31.36.0-255,66,35297,13,273407
9187,0.000213,74.125.130.0-255,1484,36781,13,273407
9188,0.000215,172.31.36.0-255,66,36847,13,273407
9189,0.000228,74.125.130.0-255,1484,38331,13,273407
9190,0.000231,172.31.36.0-255,66,38397,13,273407
9191,0.000237,74.125.130.0-255,4320,42717,13,273407
9192,0.000239,172.31.36.0-255,66,42783,13,273407
9193,0.000259,74.125.130.0-255,5738,48521,13,273407
9194,0.000263,172.31.36.0-255,66,48587,13,273407
9195,0.000285,74.125.130.0-255,1484,50071,13,273407
9196,0.000288,172.31.36.0-255,66,50137,13,273407
9197,0.000308,74.125.130.0-255,1705,51842,13,273407
9198,0.000311,172.31.36.0-255,66,51908,13,273407
9199,0.000315,74.125.130.0-255,1484,53392,13,273407
9200,0.00033,74.125.130.0-255,2902,56294,13,273407
9201,0.000334,172.31.36.0-255,66,56360,13,273407
9202,0.000338,74.125.130.0-255,2902,59262,13,273407
9203,0.000341,172.31.36.0-255,66,59328,13,273407
9204,0.000369,74.125.130.0-255,7156,66484,13,273407
9205,0.000373,172.31.36.0-255,66,66550,13,273407
9206,0.000378,74.125.130.0-255,2543,69093,13,273407
9207,0.00038,172.31.36.0-255,66,69159,13,273407
9208,0.000422,74.125.130.0-255,2902,72061,13,273407
9209,0.000426,172.31.36.0-255,66,72127,13,273407
9210,0.000429,74.125.130.0-255,1484,73611,13,273407
9211,0.000444,74.125.130.0-255,2902,76513,13,273407
9212,0.000448,172.31.36.0-255,66,76579,13,273407
9213,0.000453,74.125.130.0-255,2902,79481,13,273407
9214,0.000455,172.31.36.0-255,66,79547,13,273407
9215,0.000472,74.125.130.0-255,2902,82449,13,273407
9216,0.000474,172.31.36.0-255,66,82515,13,273407
9217,0.000478,74.125.130.0-255,1484,83999,13,273407
9218,0.000495,74.125.130.0-255,2543,86542,13,273407
9219,0.000498,172.31.36.0-255,66,86608,13,273407
9220,0.000755,74.125.130.0-255,1484,88092,13,273407
9221,0.000775,74.125.130.0-255,2902,90994,13,273407
9222,0.000779,172.31.36.0-255,66,91060,13,273407
9223,0.000784,74.125.130.0-255,2902,93962,13,273407
9224,0.000786,172.31.36.0-255,66,94028,13,273407
9225,0.000802,74.125.130.0-255,2902,96930,13,273407
9226,0.000805,172.31.36.0-255,66,96996,13,273407
9227,0.000808,74.125.130.0-255,1484,98480,13,273407
9228,0.000832,74.125.130.0-255,5738,104218,13,273407
9229,0.000836,172.31.36.0-255,66,104284,13,273407
9230,0.000841,74.125.130.0-255,2902,107186,13,273407
9231,0.000842,172.31.36.0-255,66,107252,13,273407
9232,0.000894,74.125.130.0-255,9992,117244,13,273407
9233,0.000897,172.31.36.0-255,66,117310,13,273407
9234,0.000918,74.125.130.0-255,1484,118794,13,273407
9235,0.00092,74.125.130.0-255,1484,120278,13,273407
9236,0.000923,172.31.36.0-255,66,120344,13,273407
9237,0.000926,74.125.130.0-255,766,121110,13,273407
9238,0.001005,74.125.130.0-255,1484,122594,13,273407
9239,0.001008,172.31.36.0-255,66,122660,13,273407
9240,0.001023,74.125.130.0-255,2902,125562,13,273407
9241,0.001025,172.31.36.0-255,66,125628,13,273407
9242,0.001054,74.125.130.0-255,5738,131366,13,273407
9243,0.001057,172.31.36.0-255,66,131432,13,273407
9244,0.001064,74.125.130.0-255,5738,137170,13,273407
9245,0.001066,172.31.36.0-255,66,137236,13,273407
9246,0.001073,74.125.130.0-255,7156,144392,13,273407
9247,0.001075,172.31.36.0-255,66,144458,13,273407
9248,0.001095,74.125.130.0-255,4320,148778,13,273407
9249,0.001099,172.31.36.0-255,66,148844,13,273407
9250,0.001109,74.125.130.0-255,6438,155282,13,273407
9251,0.001112,172.31.36.0-255,66,155348,13,273407
9252,0.00128,74.125.130.0-255,1484,156832,13,273407
9253,0.001286,74.125.130.0-255,2902,159734,13,273407
9254,0.001288,172.31.36.0-255,66,159800,13,273407
9255,0.001291,74.125.130.0-255,1484,161284,13,273407
9256,0.001307,74.125.130.0-255,2902,164186,13,273407
9257,0.001309,172.31.36.0-255,66,164252,13,273407
9258,0.001314,74.125.130.0-255,2902,167154,13,273407
9259,0.001317,172.31.36.0-255,66,167220,13,273407
9260,0.001339,74.125.130.0-255,5738,172958,13,273407
9261,0.001342,172.31.36.0-255,66,173024,13,273407
9262,0.001347,74.125.130.0-255,4320,177344,13,273407
9263,0.001349,172.31.36.0-255,66,177410,13,273407
9264,0.001387,172.31.36.0-255,66,177476,13,273407
9265,0.001399,172.31.36.0-255,66,177542,13,273407
9266,0.001424,74.125.130.0-255,5738,183280,13,273407
9267,0.001427,172.31.36.0-255,66,183346,13,273407
9268,0.001437,74.125.130.0-255,9992,193338,13,273407
9269,0.001439,172.31.36.0-255,66,193404,13,273407
9270,0.001442,74.125.130.0-255,1484,194888,13,273407
9271,0.00146,74.125.130.0-255,5020,199908,13,273407
9272,0.001464,172.31.36.0-255,66,199974,13,273407
9273,0.001493,74.125.130.0-255,7156,207130,13,273407
9274,0.001496,172.31.36.0-255,66,207196,13,273407
9275,0.001499,74.125.130.0-255,1484,208680,13,273407
9276,0.001523,74.125.130.0-255,5738,214418,13,273407
9277,0.001527,172.31.36.0-255,66,214484,13,273407
9278,0.001535,74.125.130.0-255,8574,223058,13,273407
9279,0.001538,172.31.36.0-255,66,223124,13,273407
9280,0.001569,74.125.130.0-255,10692,233816,13,273407
9281,0.001573,172.31.36.0-255,66,233882,13,273407
9282,0.001593,74.125.130.0-255,4320,238202,13,273407
9283,0.001597,172.31.36.0-255,66,238268,13,273407
9284,0.001626,74.125.130.0-255,7156,245424,13,273407
9285,0.001631,172.31.36.0-255,66,245490,13,273407
9286,0.001633,74.125.130.0-255,8574,254064,13,273407
9287,0.001636,172.31.36.0-255,66,254130,13,273407
9288,0.001678,172.31.36.0-255,66,254196,13,273407
9289,0.001688,74.125.130.0-255,3602,257798,13,273407
9290,0.001691,172.31.36.0-255,66,257864,13,273407
9291,0.001743,172.31.36.0-255,66,257930,13,273407
9292,0.001758,74.125.130.0-255,1484,259414,13,273407
9293,0.001781,172.31.36.0-255,66,259480,13,273407
9294,0.00179,74.125.130.0-255,8574,268054,13,273407
9295,0.001792,172.31.36.0-255,66,268120,13,273407
9296,0.001822,172.31.36.0-255,66,268186,13,273407
9297,0.001847,74.125.130.0-255,4716,272902,13,273407
9298,0.00185,172.31.36.0-255,66,272968,13,273407
9299,0.001853,74.125.130.0-255,97,273065,13,273407
9300,0.001855,74.125.130.0-255,105,273170,13,273407
9301,0.003253,172.31.36.0-255,66,273236,13,273407
9302,0.003281,172.31.36.0-255,105,273341,13,273407
9303,0.005467,74.125.130.0-255,66,273407,13,273407
9304,0.0,74.125.24.0-255,226,226,13,77583
9305,2.5e-05,172.31.36.0-255,66,292,13,77583
9306,3.3e-05,74.125.24.0-255,1484,1776,13,77583
9307,6.5e-05,172.31.36.0-255,66,1842,13,77583
9308,7.1e-05,74.125.24.0-255,2902,4744,13,77583
9309,7.5e-05,172.31.36.0-255,66,4810,13,77583
9310,0.000125,74.125.24.0-255,5738,10548,13,77583
9311,0.000129,172.31.36.0-255,66,10614,13,77583
9312,0.00034,74.125.24.0-255,2902,13516,13,77583
9313,0.000346,172.31.36.0-255,66,13582,13,77583
9314,0.000374,74.125.24.0-255,1966,15548,13,77583
9315,0.000377,172.31.36.0-255,66,15614,13,77583
9316,0.000499,74.125.24.0-255,5738,21352,13,77583
9317,0.000503,172.31.36.0-255,66,21418,13,77583
9318,0.000535,74.125.24.0-255,7156,28574,13,77583
9319,0.000538,172.31.36.0-255,66,28640,13,77583
9320,0.000963,74.125.24.0-255,2543,31183,13,77583
9321,0.000968,172.31.36.0-255,66,31249,13,77583
9322,0.002397,74.125.24.0-255,1525,32774,13,77583
9323,0.002425,172.31.36.0-255,66,32840,13,77583
9324,0.003262,74.125.24.0-255,2902,35742,13,77583
9325,0.003268,172.31.36.0-255,66,35808,13,77583
9326,0.004735,74.125.24.0-255,2902,38710,13,77583
9327,0.004743,172.31.36.0-255,66,38776,13,77583
9328,0.005563,74.125.24.0-255,2902,41678,13,77583
9329,0.00557,172.31.36.0-255,66,41744,13,77583
9330,0.00707,74.125.24.0-255,2902,44646,13,77583
9331,0.007082,172.31.36.0-255,66,44712,13,77583
9332,0.007842,74.125.24.0-255,1443,46155,13,77583
9333,0.00785,172.31.36.0-255,66,46221,13,77583
9334,0.007858,74.125.24.0-255,1484,47705,13,77583
9335,0.007861,172.31.36.0-255,66,47771,13,77583
9336,0.009407,74.125.24.0-255,2902,50673,13,77583
9337,0.009422,172.31.36.0-255,66,50739,13,77583
9338,0.010178,74.125.24.0-255,2902,53641,13,77583
9339,0.010187,172.31.36.0-255,66,53707,13,77583
9340,0.011738,74.125.24.0-255,2902,56609,13,77583
9341,0.011753,172.31.36.0-255,66,56675,13,77583
9342,0.012535,74.125.24.0-255,2902,59577,13,77583
9343,0.012544,172.31.36.0-255,66,59643,13,77583
9344,0.014079,74.125.24.0-255,1484,61127,13,77583
9345,0.014096,172.31.36.0-255,66,61193,13,77583
9346,0.014865,74.125.24.0-255,4320,65513,13,77583
9347,0.014878,172.31.36.0-255,66,65579,13,77583
9348,0.016459,74.125.24.0-255,1484,67063,13,77583
9349,0.016475,172.31.36.0-255,66,67129,13,77583
9350,0.017172,74.125.24.0-255,4320,71449,13,77583
9351,0.017181,172.31.36.0-255,66,71515,13,77583
9352,0.018785,74.125.24.0-255,1484,72999,13,77583
9353,0.018807,172.31.36.0-255,66,73065,13,77583
9354,0.019493,74.125.24.0-255,2902,75967,13,77583
9355,0.019502,172.31.36.0-255,66,76033,13,77583
9356,0.019542,74.125.24.0-255,1484,77517,13,77583
9357,0.019546,172.31.36.0-255,66,77583,13,77583
9358,0.0,172.217.27.0-255,150,150,13,179520
9359,3.5e-05,172.31.36.0-255,66,216,13,179520
9360,4.2e-05,172.217.27.0-255,1484,1700,13,179520
9361,4.6e-05,172.31.36.0-255,66,1766,13,179520
9362,5.1e-05,172.217.27.0-255,2902,4668,13,179520
9363,5.3e-05,172.31.36.0-255,66,4734,13,179520
9364,5.8e-05,172.217.27.0-255,4320,9054,13,179520
9365,6e-05,172.31.36.0-255,66,9120,13,179520
9366,9.8e-05,172.217.27.0-255,9117,18237,13,179520
9367,0.000102,172.31.36.0-255,66,18303,13,179520
9368,0.000108,172.217.27.0-255,5738,24041,13,179520
9369,0.00011,172.31.36.0-255,66,24107,13,179520
9370,0.000117,172.217.27.0-255,6797,30904,13,179520
9371,0.000119,172.31.36.0-255,66,30970,13,179520
9372,0.000208,172.217.27.0-255,1484,32454,13,179520
9373,0.000212,172.31.36.0-255,66,32520,13,179520
9374,0.000219,172.217.27.0-255,2902,35422,13,179520
9375,0.000222,172.31.36.0-255,66,35488,13,179520
9376,0.000224,172.217.27.0-255,1484,36972,13,179520
9377,0.000226,172.31.36.0-255,66,37038,13,179520
9378,0.000256,172.217.27.0-255,4320,41358,13,179520
9379,0.00026,172.31.36.0-255,66,41424,13,179520
9380,0.000281,172.217.27.0-255,4320,45744,13,179520
9381,0.000285,172.31.36.0-255,66,45810,13,179520
9382,0.00029,172.217.27.0-255,5738,51548,13,179520
9383,0.000293,172.31.36.0-255,66,51614,13,179520
9384,0.000306,172.31.36.0-255,66,51680,13,179520
9385,0.000309,172.217.27.0-255,2184,53864,13,179520
9386,0.000311,172.31.36.0-255,66,53930,13,179520
9387,0.000314,172.217.27.0-255,360,54290,13,179520
9388,0.000316,172.31.36.0-255,66,54356,13,179520
9389,0.001043,172.217.27.0-255,132,54488,13,179520
9390,0.001077,172.31.36.0-255,66,54554,13,179520
9391,0.00128,172.217.27.0-255,1484,56038,13,179520
9392,0.00129,172.217.27.0-255,2902,58940,13,179520
9393,0.001294,172.217.27.0-255,2902,61842,13,179520
9394,0.00131,172.217.27.0-255,2902,64744,13,179520
9395,0.001314,172.217.27.0-255,1484,66228,13,179520
9396,0.001329,172.217.27.0-255,2902,69130,13,179520
9397,0.001357,172.217.27.0-255,1484,70614,13,179520
9398,0.001379,172.217.27.0-255,7156,77770,13,179520
9399,0.001385,172.217.27.0-255,5738,83508,13,179520
9400,0.001389,172.217.27.0-255,1484,84992,13,179520
9401,0.001395,172.31.36.0-255,66,85058,13,179520
9402,0.001413,172.217.27.0-255,3602,88660,13,179520
9403,0.001448,172.31.36.0-255,66,88726,13,179520
9404,0.001576,172.217.27.0-255,1484,90210,13,179520
9405,0.001581,172.217.27.0-255,1484,91694,13,179520
9406,0.001594,172.217.27.0-255,1484,93178,13,179520
9407,0.001597,172.31.36.0-255,66,93244,13,179520
9408,0.001607,172.217.27.0-255,2902,96146,13,179520
9409,0.001611,172.31.36.0-255,66,96212,13,179520
9410,0.00162,172.217.27.0-255,2902,99114,13,179520
9411,0.001626,172.217.27.0-255,7156,106270,13,179520
9412,0.001641,172.217.27.0-255,7156,113426,13,179520
9413,0.001658,172.217.27.0-255,7156,120582,13,179520
9414,0.001662,172.217.27.0-255,2184,122766,13,179520
9415,0.001683,172.31.36.0-255,66,122832,13,179520
9416,0.003346,172.217.27.0-255,5738,128570,13,179520
9417,0.00335,172.31.36.0-255,66,128636,13,179520
9418,0.005017,172.217.27.0-255,5738,134374,13,179520
9419,0.005022,172.31.36.0-255,66,134440,13,179520
9420,0.006683,172.217.27.0-255,5738,140178,13,179520
9421,0.00669,172.31.36.0-255,66,140244,13,179520
9422,0.008357,172.217.27.0-255,5738,145982,13,179520
9423,0.008364,172.31.36.0-255,66,146048,13,179520
9424,0.010037,172.217.27.0-255,4320,150368,13,179520
9425,0.010043,172.31.36.0-255,66,150434,13,179520
9426,0.010062,172.217.27.0-255,1484,151918,13,179520
9427,0.011715,172.217.27.0-255,4320,156238,13,179520
9428,0.011724,172.31.36.0-255,66,156304,13,179520
9429,0.013405,172.217.27.0-255,5738,162042,13,179520
9430,0.013456,172.31.36.0-255,66,162108,13,179520
9431,0.015122,172.217.27.0-255,5738,167846,13,179520
9432,0.015128,172.31.36.0-255,66,167912,13,179520
9433,0.016792,172.217.27.0-255,5738,173650,13,179520
9434,0.016799,172.31.36.0-255,66,173716,13,179520
9435,0.01846,172.217.27.0-255,5738,179454,13,179520
9436,0.018467,172.31.36.0-255,66,179520,13,179520
9437,0.0,74.125.24.0-255,153,153,13,293251
9438,1.6e-05,172.31.36.0-255,66,219,13,293251
9439,2.3e-05,74.125.24.0-255,1484,1703,13,293251
9440,2.7e-05,172.31.36.0-255,66,1769,13,293251
9441,4.3e-05,74.125.24.0-255,1484,3253,13,293251
9442,4.6e-05,172.31.36.0-255,66,3319,13,293251
9443,6.3e-05,74.125.24.0-255,1484,4803,13,293251
9444,6.6e-05,172.31.36.0-255,66,4869,13,293251
9445,7.2e-05,74.125.24.0-255,4320,9189,13,293251
9446,7.5e-05,172.31.36.0-255,66,9255,13,293251
9447,9.5e-05,74.125.24.0-255,1484,10739,13,293251
9448,9.7e-05,172.31.36.0-255,66,10805,13,293251
9449,0.00011,74.125.24.0-255,1484,12289,13,293251
9450,0.000112,172.31.36.0-255,66,12355,13,293251
9451,0.000131,74.125.24.0-255,1987,14342,13,293251
9452,0.000133,172.31.36.0-255,66,14408,13,293251
9453,0.000186,74.125.24.0-255,1484,15892,13,293251
9454,0.000188,172.31.36.0-255,66,15958,13,293251
9455,0.000192,74.125.24.0-255,1484,17442,13,293251
9456,0.000194,172.31.36.0-255,66,17508,13,293251
9457,0.000209,74.125.24.0-255,1484,18992,13,293251
9458,0.000211,172.31.36.0-255,66,19058,13,293251
9459,0.000216,74.125.24.0-255,4320,23378,13,293251
9460,0.000219,172.31.36.0-255,66,23444,13,293251
9461,0.000231,74.125.24.0-255,1484,24928,13,293251
9462,0.000233,172.31.36.0-255,66,24994,13,293251
9463,0.000265,74.125.24.0-255,1484,26478,13,293251
9464,0.000268,172.31.36.0-255,66,26544,13,293251
9465,0.000289,74.125.24.0-255,5379,31923,13,293251
9466,0.000292,172.31.36.0-255,66,31989,13,293251
9467,0.000344,74.125.24.0-255,1484,33473,13,293251
9468,0.000347,172.31.36.0-255,66,33539,13,293251
9469,0.000352,74.125.24.0-255,2902,36441,13,293251
9470,0.000354,172.31.36.0-255,66,36507,13,293251
9471,0.000365,74.125.24.0-255,1484,37991,13,293251
9472,0.000384,74.125.24.0-255,1484,39475,13,293251
9473,0.000386,172.31.36.0-255,66,39541,13,293251
9474,0.000394,74.125.24.0-255,7156,46697,13,293251
9475,0.000396,172.31.36.0-255,66,46763,13,293251
9476,0.000421,74.125.24.0-255,5738,52501,13,293251
9477,0.000424,172.31.36.0-255,66,52567,13,293251
9478,0.000449,74.125.24.0-255,6797,59364,13,293251
9479,0.000453,172.31.36.0-255,66,59430,13,293251
9480,0.000522,74.125.24.0-255,4320,63750,13,293251
9481,0.000526,172.31.36.0-255,66,63816,13,293251
9482,0.000543,74.125.24.0-255,2839,66655,13,293251
9483,0.000546,172.31.36.0-255,66,66721,13,293251
9484,0.000562,74.125.24.0-255,381,67102,13,293251
9485,0.000666,74.125.24.0-255,1484,68586,13,293251
9486,0.000671,172.31.36.0-255,66,68652,13,293251
9487,0.000677,74.125.24.0-255,2902,71554,13,293251
9488,0.000679,172.31.36.0-255,66,71620,13,293251
9489,0.000709,74.125.24.0-255,5738,77358,13,293251
9490,0.000713,172.31.36.0-255,66,77424,13,293251
9491,0.000736,74.125.24.0-255,6797,84221,13,293251
9492,0.000739,172.31.36.0-255,66,84287,13,293251
9493,0.000758,74.125.24.0-255,4320,88607,13,293251
9494,0.000761,172.31.36.0-255,66,88673,13,293251
9495,0.000788,74.125.24.0-255,2902,91575,13,293251
9496,0.000792,172.31.36.0-255,66,91641,13,293251
9497,0.000797,74.125.24.0-255,4320,95961,13,293251
9498,0.000799,172.31.36.0-255,66,96027,13,293251
9499,0.000821,74.125.24.0-255,1484,97511,13,293251
9500,0.000843,74.125.24.0-255,3961,101472,13,293251
9501,0.000846,172.31.36.0-255,66,101538,13,293251
9502,0.001926,74.125.24.0-255,1484,103022,13,293251
9503,0.001935,74.125.24.0-255,2902,105924,13,293251
9504,0.00194,172.31.36.0-255,66,105990,13,293251
9505,0.001948,74.125.24.0-255,5738,111728,13,293251
9506,0.00195,172.31.36.0-255,66,111794,13,293251
9507,0.001984,172.31.36.0-255,66,111860,13,293251
9508,0.001991,74.125.24.0-255,7156,119016,13,293251
9509,0.001993,172.31.36.0-255,66,119082,13,293251
9510,0.002022,74.125.24.0-255,3602,122684,13,293251
9511,0.002024,172.31.36.0-255,66,122750,13,293251
9512,0.002048,74.125.24.0-255,1484,124234,13,293251
9513,0.002062,74.125.24.0-255,2902,127136,13,293251
9514,0.002065,172.31.36.0-255,66,127202,13,293251
9515,0.002071,74.125.24.0-255,4320,131522,13,293251
9516,0.002073,172.31.36.0-255,66,131588,13,293251
9517,0.002093,74.125.24.0-255,5738,137326,13,293251
9518,0.002095,172.31.36.0-255,66,137392,13,293251
9519,0.002098,74.125.24.0-255,1484,138876,13,293251
9520,0.002133,74.125.24.0-255,5738,144614,13,293251
9521,0.002135,172.31.36.0-255,66,144680,13,293251
9522,0.002168,172.31.36.0-255,66,144746,13,293251
9523,0.002207,74.125.24.0-255,5738,150484,13,293251
9524,0.002209,172.31.36.0-255,66,150550,13,293251
9525,0.002241,172.31.36.0-255,66,150616,13,293251
9526,0.002249,74.125.24.0-255,8574,159190,13,293251
9527,0.002251,172.31.36.0-255,66,159256,13,293251
9528,0.002258,74.125.24.0-255,6438,165694,13,293251
9529,0.002261,172.31.36.0-255,66,165760,13,293251
9530,0.002332,74.125.24.0-255,1484,167244,13,293251
9531,0.002338,74.125.24.0-255,2902,170146,13,293251
9532,0.002342,172.31.36.0-255,66,170212,13,293251
9533,0.002347,74.125.24.0-255,2902,173114,13,293251
9534,0.002349,172.31.36.0-255,66,173180,13,293251
9535,0.002365,74.125.24.0-255,2902,176082,13,293251
9536,0.002367,172.31.36.0-255,66,176148,13,293251
9537,0.002389,74.125.24.0-255,2902,179050,13,293251
9538,0.002392,172.31.36.0-255,66,179116,13,293251
9539,0.002422,74.125.24.0-255,8574,187690,13,293251
9540,0.002425,172.31.36.0-255,66,187756,13,293251
9541,0.002439,172.31.36.0-255,66,187822,13,293251
9542,0.002442,74.125.24.0-255,1484,189306,13,293251
9543,0.002447,74.125.24.0-255,2902,192208,13,293251
9544,0.002449,172.31.36.0-255,66,192274,13,293251
9545,0.002452,74.125.24.0-255,1484,193758,13,293251
9546,0.002473,74.125.24.0-255,4320,198078,13,293251
9547,0.002477,172.31.36.0-255,66,198144,13,293251
9548,0.002488,74.125.24.0-255,4320,202464,13,293251
9549,0.002491,172.31.36.0-255,66,202530,13,293251
9550,0.002517,74.125.24.0-255,2902,205432,13,293251
9551,0.002519,172.31.36.0-255,66,205498,13,293251
9552,0.002523,74.125.24.0-255,1484,206982,13,293251
9553,0.002533,74.125.24.0-255,9992,216974,13,293251
9554,0.002536,172.31.36.0-255,66,217040,13,293251
9555,0.002539,74.125.24.0-255,1484,218524,13,293251
9556,0.002544,74.125.24.0-255,3602,222126,13,293251
9557,0.002546,172.31.36.0-255,66,222192,13,293251
9558,0.002621,74.125.24.0-255,1484,223676,13,293251
9559,0.002648,74.125.24.0-255,2902,226578,13,293251
9560,0.002651,172.31.36.0-255,66,226644,13,293251
9561,0.002658,74.125.24.0-255,5738,232382,13,293251
9562,0.00266,172.31.36.0-255,66,232448,13,293251
9563,0.002682,74.125.24.0-255,2902,235350,13,293251
9564,0.002684,172.31.36.0-255,66,235416,13,293251
9565,0.002706,74.125.24.0-255,5738,241154,13,293251
9566,0.002708,172.31.36.0-255,66,241220,13,293251
9567,0.002729,74.125.24.0-255,4320,245540,13,293251
9568,0.002731,172.31.36.0-255,66,245606,13,293251
9569,0.002734,74.125.24.0-255,1484,247090,13,293251
9570,0.002737,74.125.24.0-255,1484,248574,13,293251
9571,0.002739,172.31.36.0-255,66,248640,13,293251
9572,0.00276,74.125.24.0-255,5738,254378,13,293251
9573,0.002762,172.31.36.0-255,66,254444,13,293251
9574,0.002782,74.125.24.0-255,2184,256628,13,293251
9575,0.002784,172.31.36.0-255,66,256694,13,293251
9576,0.002809,74.125.24.0-255,1484,258178,13,293251
9577,0.002814,74.125.24.0-255,2902,261080,13,293251
9578,0.002817,172.31.36.0-255,66,261146,13,293251
9579,0.00282,74.125.24.0-255,1484,262630,13,293251
9580,0.002839,74.125.24.0-255,4320,266950,13,293251
9581,0.002842,172.31.36.0-255,66,267016,13,293251
9582,0.002856,172.31.36.0-255,66,267082,13,293251
9583,0.002866,74.125.24.0-255,9992,277074,13,293251
9584,0.002868,172.31.36.0-255,66,277140,13,293251
9585,0.002871,74.125.24.0-255,766,277906,13,293251
9586,0.002884,74.125.24.0-255,1484,279390,13,293251
9587,0.002886,172.31.36.0-255,66,279456,13,293251
9588,0.00289,74.125.24.0-255,1484,280940,13,293251
9589,0.002913,74.125.24.0-255,5738,286678,13,293251
9590,0.002916,172.31.36.0-255,66,286744,13,293251
9591,0.002936,74.125.24.0-255,2902,289646,13,293251
9592,0.002939,172.31.36.0-255,66,289712,13,293251
9593,0.002951,172.31.36.0-255,66,289778,13,293251
9594,0.002989,74.125.24.0-255,2902,292680,13,293251
9595,0.002991,172.31.36.0-255,66,292746,13,293251
9596,0.003022,172.31.36.0-255,66,292812,13,293251
9597,0.003025,74.125.24.0-255,97,292909,13,293251
9598,0.003028,74.125.24.0-255,105,293014,13,293251
9599,0.010982,172.31.36.0-255,66,293080,13,293251
9600,0.011044,172.31.36.0-255,105,293185,13,293251
9601,0.013348,74.125.24.0-255,66,293251,13,293251
9602,0.0,74.125.68.0-255,299,299,13,181763
9603,1.5e-05,172.31.36.0-255,66,365,13,181763
9604,3.9e-05,74.125.68.0-255,1484,1849,13,181763
9605,4.4e-05,172.31.36.0-255,66,1915,13,181763
9606,5e-05,74.125.68.0-255,2902,4817,13,181763
9607,5.4e-05,172.31.36.0-255,66,4883,13,181763
9608,5.7e-05,74.125.68.0-255,1484,6367,13,181763
9609,5.9e-05,172.31.36.0-255,66,6433,13,181763
9610,7.7e-05,74.125.68.0-255,1484,7917,13,181763
9611,8e-05,172.31.36.0-255,66,7983,13,181763
9612,8.6e-05,74.125.68.0-255,4320,12303,13,181763
9613,8.9e-05,172.31.36.0-255,66,12369,13,181763
9614,0.000113,74.125.68.0-255,1822,14191,13,181763
9615,0.000115,172.31.36.0-255,66,14257,13,181763
9616,0.000208,74.125.68.0-255,1484,15741,13,181763
9617,0.000211,172.31.36.0-255,66,15807,13,181763
9618,0.000227,74.125.68.0-255,2902,18709,13,181763
9619,0.00023,172.31.36.0-255,66,18775,13,181763
9620,0.000248,74.125.68.0-255,4320,23095,13,181763
9621,0.000251,172.31.36.0-255,66,23161,13,181763
9622,0.000292,74.125.68.0-255,1484,24645,13,181763
9623,0.000294,172.31.36.0-255,66,24711,13,181763
9624,0.000318,74.125.68.0-255,6797,31508,13,181763
9625,0.00032,172.31.36.0-255,66,31574,13,181763
9626,0.000495,74.125.68.0-255,1484,33058,13,181763
9627,0.000499,172.31.36.0-255,66,33124,13,181763
9628,0.000521,74.125.68.0-255,2902,36026,13,181763
9629,0.000525,172.31.36.0-255,66,36092,13,181763
9630,0.000532,74.125.68.0-255,5738,41830,13,181763
9631,0.000535,172.31.36.0-255,66,41896,13,181763
9632,0.000538,74.125.68.0-255,1484,43380,13,181763
9633,0.00054,172.31.36.0-255,66,43446,13,181763
9634,0.000569,74.125.68.0-255,2902,46348,13,181763
9635,0.000572,172.31.36.0-255,66,46414,13,181763
9636,0.000602,74.125.68.0-255,4320,50734,13,181763
9637,0.000605,172.31.36.0-255,66,50800,13,181763
9638,0.000628,74.125.68.0-255,2543,53343,13,181763
9639,0.000631,172.31.36.0-255,66,53409,13,181763
9640,0.000638,74.125.68.0-255,7156,60565,13,181763
9641,0.000641,172.31.36.0-255,66,60631,13,181763
9642,0.000646,74.125.68.0-255,5379,66010,13,181763
9643,0.000649,172.31.36.0-255,66,66076,13,181763
9644,0.000875,74.125.68.0-255,647,66723,13,181763
9645,0.001051,74.125.68.0-255,1484,68207,13,181763
9646,0.001056,172.31.36.0-255,66,68273,13,181763
9647,0.001062,74.125.68.0-255,2902,71175,13,181763
9648,0.001064,172.31.36.0-255,66,71241,13,181763
9649,0.001091,74.125.68.0-255,5738,76979,13,181763
9650,0.001094,172.31.36.0-255,66,77045,13,181763
9651,0.001118,74.125.68.0-255,6797,83842,13,181763
9652,0.001121,172.31.36.0-255,66,83908,13,181763
9653,0.001154,74.125.68.0-255,8574,92482,13,181763
9654,0.001156,172.31.36.0-255,66,92548,13,181763
9655,0.001193,74.125.68.0-255,4320,96868,13,181763
9656,0.001197,172.31.36.0-255,66,96934,13,181763
9657,0.001215,74.125.68.0-255,2902,99836,13,181763
9658,0.001217,172.31.36.0-255,66,99902,13,181763
9659,0.001258,74.125.68.0-255,1125,101027,13,181763
9660,0.001468,172.31.36.0-255,66,101093,13,181763
9661,0.001729,74.125.68.0-255,1484,102577,13,181763
9662,0.001738,74.125.68.0-255,2902,105479,13,181763
9663,0.001742,172.31.36.0-255,66,105545,13,181763
9664,0.001747,74.125.68.0-255,1484,107029,13,181763
9665,0.00175,74.125.68.0-255,1484,108513,13,181763
9666,0.001752,172.31.36.0-255,66,108579,13,181763
9667,0.001775,74.125.68.0-255,1484,110063,13,181763
9668,0.001783,74.125.68.0-255,5738,115801,13,181763
9669,0.001785,172.31.36.0-255,66,115867,13,181763
9670,0.001833,74.125.68.0-255,9992,125859,13,181763
9671,0.001836,172.31.36.0-255,66,125925,13,181763
9672,0.001852,74.125.68.0-255,1484,127409,13,181763
9673,0.001876,74.125.68.0-255,7856,135265,13,181763
9674,0.00188,172.31.36.0-255,66,135331,13,181763
9675,0.004102,74.125.68.0-255,5738,141069,13,181763
9676,0.004109,172.31.36.0-255,66,141135,13,181763
9677,0.006335,74.125.68.0-255,5738,146873,13,181763
9678,0.00634,172.31.36.0-255,66,146939,13,181763
9679,0.008561,74.125.68.0-255,5738,152677,13,181763
9680,0.008568,172.31.36.0-255,66,152743,13,181763
9681,0.010798,74.125.68.0-255,5738,158481,13,181763
9682,0.010806,172.31.36.0-255,66,158547,13,181763
9683,0.013032,74.125.68.0-255,5738,164285,13,181763
9684,0.01304,172.31.36.0-255,66,164351,13,181763
9685,0.015279,74.125.68.0-255,5738,170089,13,181763
9686,0.015287,172.31.36.0-255,66,170155,13,181763
9687,0.017529,74.125.68.0-255,5738,175893,13,181763
9688,0.01754,172.31.36.0-255,66,175959,13,181763
9689,0.019776,74.125.68.0-255,5738,181697,13,181763
9690,0.019783,172.31.36.0-255,66,181763,13,181763
9691,0.0,172.217.194.0-255,298,298,13,288722
9692,2.4e-05,172.31.36.0-255,66,364,13,288722
9693,3e-05,172.217.194.0-255,1484,1848,13,288722
9694,3.5e-05,172.31.36.0-255,66,1914,13,288722
9695,4.1e-05,172.217.194.0-255,4320,6234,13,288722
9696,4.4e-05,172.31.36.0-255,66,6300,13,288722
9697,4.9e-05,172.217.194.0-255,5738,12038,13,288722
9698,5.2e-05,172.31.36.0-255,66,12104,13,288722
9699,0.0001,172.217.194.0-255,9992,22096,13,288722
9700,0.000104,172.31.36.0-255,66,22162,13,288722
9701,0.000123,172.217.194.0-255,1820,23982,13,288722
9702,0.000125,172.31.36.0-255,66,24048,13,288722
9703,0.000132,172.217.194.0-255,7156,31204,13,288722
9704,0.000136,172.31.36.0-255,66,31270,13,288722
9705,0.000156,172.217.194.0-255,5738,37008,13,288722
9706,0.000159,172.31.36.0-255,66,37074,13,288722
9707,0.000165,172.217.194.0-255,5738,42812,13,288722
9708,0.000166,172.31.36.0-255,66,42878,13,288722
9709,0.000199,172.217.194.0-255,5020,47898,13,288722
9710,0.000202,172.31.36.0-255,66,47964,13,288722
9711,0.000577,172.217.194.0-255,1484,49448,13,288722
9712,0.000583,172.31.36.0-255,66,49514,13,288722
9713,0.000589,172.217.194.0-255,2902,52416,13,288722
9714,0.000592,172.31.36.0-255,66,52482,13,288722
9715,0.000607,172.217.194.0-255,4320,56802,13,288722
9716,0.00061,172.31.36.0-255,66,56868,13,288722
9717,0.000624,172.217.194.0-255,1484,58352,13,288722
9718,0.000626,172.31.36.0-255,66,58418,13,288722
9719,0.000659,172.217.194.0-255,4320,62738,13,288722
9720,0.000663,172.31.36.0-255,66,62804,13,288722
9721,0.000675,172.217.194.0-255,3132,65936,13,288722
9722,0.000678,172.31.36.0-255,66,66002,13,288722
9723,0.001047,172.217.194.0-255,1484,67486,13,288722
9724,0.001063,172.217.194.0-255,2902,70388,13,288722
9725,0.001067,172.31.36.0-255,66,70454,13,288722
9726,0.001094,172.217.194.0-255,4320,74774,13,288722
9727,0.001097,172.31.36.0-255,66,74840,13,288722
9728,0.001111,172.217.194.0-255,1484,76324,13,288722
9729,0.001114,172.217.194.0-255,1484,77808,13,288722
9730,0.001116,172.31.36.0-255,66,77874,13,288722
9731,0.001142,172.217.194.0-255,7156,85030,13,288722
9732,0.001144,172.31.36.0-255,66,85096,13,288722
9733,0.001153,172.217.194.0-255,1484,86580,13,288722
9734,0.001165,172.217.194.0-255,7156,93736,13,288722
9735,0.001167,172.31.36.0-255,66,93802,13,288722
9736,0.001183,172.217.194.0-255,2902,96704,13,288722
9737,0.001184,172.31.36.0-255,66,96770,13,288722
9738,0.001209,172.217.194.0-255,3602,100372,13,288722
9739,0.001211,172.31.36.0-255,66,100438,13,288722
9740,0.001746,172.217.194.0-255,1484,101922,13,288722
9741,0.001756,172.217.194.0-255,2902,104824,13,288722
9742,0.001758,172.31.36.0-255,66,104890,13,288722
9743,0.001772,172.217.194.0-255,2902,107792,13,288722
9744,0.001774,172.31.36.0-255,66,107858,13,288722
9745,0.001789,172.217.194.0-255,2902,110760,13,288722
9746,0.001791,172.31.36.0-255,66,110826,13,288722
9747,0.001809,172.217.194.0-255,2902,113728,13,288722
9748,0.00181,172.31.36.0-255,66,113794,13,288722
9749,0.00183,172.217.194.0-255,9992,123786,13,288722
9750,0.001832,172.31.36.0-255,66,123852,13,288722
9751,0.001855,172.217.194.0-255,1484,125336,13,288722
9752,0.001875,172.217.194.0-255,8574,133910,13,288722
9753,0.001877,172.31.36.0-255,66,133976,13,288722
9754,0.001893,172.217.194.0-255,766,134742,13,288722
9755,0.001937,172.217.194.0-255,2902,137644,13,288722
9756,0.001939,172.31.36.0-255,66,137710,13,288722
9757,0.001983,172.31.36.0-255,66,137776,13,288722
9758,0.00199,172.217.194.0-255,7856,145632,13,288722
9759,0.001992,172.31.36.0-255,66,145698,13,288722
9760,0.002034,172.217.194.0-255,1484,147182,13,288722
9761,0.002053,172.217.194.0-255,2902,150084,13,288722
9762,0.002055,172.31.36.0-255,66,150150,13,288722
9763,0.002085,172.217.194.0-255,2902,153052,13,288722
9764,0.002087,172.31.36.0-255,66,153118,13,288722
9765,0.002101,172.217.194.0-255,2902,156020,13,288722
9766,0.002103,172.31.36.0-255,66,156086,13,288722
9767,0.002115,172.217.194.0-255,4320,160406,13,288722
9768,0.002116,172.31.36.0-255,66,160472,13,288722
9769,0.002133,172.217.194.0-255,5738,166210,13,288722
9770,0.002135,172.31.36.0-255,66,166276,13,288722
9771,0.002139,172.217.194.0-255,4320,170596,13,288722
9772,0.002141,172.31.36.0-255,66,170662,13,288722
9773,0.0022,172.217.194.0-255,5738,176400,13,288722
9774,0.002202,172.31.36.0-255,66,176466,13,288722
9775,0.002221,172.217.194.0-255,5020,181486,13,288722
9776,0.002223,172.31.36.0-255,66,181552,13,288722
9777,0.002225,172.217.194.0-255,1484,183036,13,288722
9778,0.002248,172.217.194.0-255,8574,191610,13,288722
9779,0.00225,172.31.36.0-255,66,191676,13,288722
9780,0.002262,172.217.194.0-255,1484,193160,13,288722
9781,0.002269,172.217.194.0-255,8574,201734,13,288722
9782,0.002271,172.31.36.0-255,66,201800,13,288722
9783,0.002318,172.217.194.0-255,1484,203284,13,288722
9784,0.002339,172.217.194.0-255,9992,213276,13,288722
9785,0.002341,172.31.36.0-255,66,213342,13,288722
9786,0.002362,172.217.194.0-255,7856,221198,13,288722
9787,0.002364,172.31.36.0-255,66,221264,13,288722
9788,0.002381,172.217.194.0-255,1484,222748,13,288722
9789,0.002403,172.217.194.0-255,8574,231322,13,288722
9790,0.002405,172.31.36.0-255,66,231388,13,288722
9791,0.002432,172.217.194.0-255,9992,241380,13,288722
9792,0.002434,172.31.36.0-255,66,241446,13,288722
9793,0.002436,172.217.194.0-255,766,242212,13,288722
9794,0.002438,172.31.36.0-255,78,242290,13,288722
9795,0.002443,172.217.194.0-255,5738,248028,13,288722
9796,0.002445,172.31.36.0-255,66,248094,13,288722
9797,0.00482,172.217.194.0-255,5738,253832,13,288722
9798,0.004828,172.31.36.0-255,66,253898,13,288722
9799,0.007192,172.217.194.0-255,5738,259636,13,288722
9800,0.007197,172.31.36.0-255,66,259702,13,288722
9801,0.009529,172.217.194.0-255,5738,265440,13,288722
9802,0.009538,172.31.36.0-255,66,265506,13,288722
9803,0.011855,172.217.194.0-255,5738,271244,13,288722
9804,0.011863,172.31.36.0-255,66,271310,13,288722
9805,0.014252,172.217.194.0-255,5738,277048,13,288722
9806,0.014266,172.31.36.0-255,66,277114,13,288722
9807,0.016662,172.217.194.0-255,5738,282852,13,288722
9808,0.016668,172.31.36.0-255,66,282918,13,288722
9809,0.019053,172.217.194.0-255,5738,288656,13,288722
9810,0.019059,172.31.36.0-255,66,288722,13,288722
9811,0.0,172.217.194.0-255,143,143,13,129670
9812,2.7e-05,172.31.36.0-255,66,209,13,129670
9813,3.5e-05,172.217.194.0-255,1484,1693,13,129670
9814,4.1e-05,172.31.36.0-255,66,1759,13,129670
9815,5.6e-05,172.217.194.0-255,2902,4661,13,129670
9816,6e-05,172.31.36.0-255,66,4727,13,129670
9817,6.9e-05,172.217.194.0-255,7156,11883,13,129670
9818,7.2e-05,172.31.36.0-255,66,11949,13,129670
9819,9.9e-05,172.217.194.0-255,1996,13945,13,129670
9820,0.000106,172.31.36.0-255,66,14011,13,129670
9821,0.000254,172.217.194.0-255,1484,15495,13,129670
9822,0.000258,172.31.36.0-255,66,15561,13,129670
9823,0.000264,172.217.194.0-255,2902,18463,13,129670
9824,0.000267,172.31.36.0-255,66,18529,13,129670
9825,0.000278,172.217.194.0-255,4320,22849,13,129670
9826,0.000281,172.31.36.0-255,66,22915,13,129670
9827,0.000306,172.217.194.0-255,1484,24399,13,129670
9828,0.000309,172.31.36.0-255,66,24465,13,129670
9829,0.000315,172.217.194.0-255,5738,30203,13,129670
9830,0.000318,172.31.36.0-255,66,30269,13,129670
9831,0.000323,172.217.194.0-255,4320,34589,13,129670
9832,0.000326,172.31.36.0-255,66,34655,13,129670
9833,0.000354,172.217.194.0-255,9633,44288,13,129670
9834,0.000357,172.31.36.0-255,66,44354,13,129670
9835,0.000363,172.217.194.0-255,3961,48315,13,129670
9836,0.000364,172.31.36.0-255,66,48381,13,129670
9837,0.001321,172.217.194.0-255,1484,49865,13,129670
9838,0.001328,172.31.36.0-255,66,49931,13,129670
9839,0.001339,172.217.194.0-255,2902,52833,13,129670
9840,0.001342,172.31.36.0-255,66,52899,13,129670
9841,0.001354,172.217.194.0-255,5738,58637,13,129670
9842,0.001356,172.31.36.0-255,66,58703,13,129670
9843,0.001364,172.217.194.0-255,6797,65500,13,129670
9844,0.001367,172.31.36.0-255,66,65566,13,129670
9845,0.001406,172.217.194.0-255,2066,67632,13,129670
9846,0.001409,172.31.36.0-255,66,67698,13,129670
9847,0.001414,172.217.194.0-255,2902,70600,13,129670
9848,0.001416,172.31.36.0-255,66,70666,13,129670
9849,0.001435,172.217.194.0-255,2902,73568,13,129670
9850,0.001437,172.31.36.0-255,66,73634,13,129670
9851,0.001464,172.217.194.0-255,4320,77954,13,129670
9852,0.001467,172.31.36.0-255,66,78020,13,129670
9853,0.001471,172.217.194.0-255,1484,79504,13,129670
9854,0.001506,172.31.36.0-255,66,79570,13,129670
9855,0.001513,172.217.194.0-255,4320,83890,13,129670
9856,0.001515,172.31.36.0-255,66,83956,13,129670
9857,0.001541,172.217.194.0-255,5020,88976,13,129670
9858,0.001545,172.31.36.0-255,66,89042,13,129670
9859,0.004053,172.217.194.0-255,5738,94780,13,129670
9860,0.004065,172.31.36.0-255,66,94846,13,129670
9861,0.006559,172.217.194.0-255,5738,100584,13,129670
9862,0.006569,172.31.36.0-255,66,100650,13,129670
9863,0.009095,172.217.194.0-255,5738,106388,13,129670
9864,0.009106,172.31.36.0-255,66,106454,13,129670
9865,0.011705,172.217.194.0-255,5738,112192,13,129670
9866,0.011719,172.31.36.0-255,66,112258,13,129670
9867,0.014257,172.217.194.0-255,5738,117996,13,129670
9868,0.014272,172.31.36.0-255,66,118062,13,129670
9869,0.016809,172.217.194.0-255,5738,123800,13,129670
9870,0.016824,172.31.36.0-255,66,123866,13,129670
9871,0.019336,172.217.194.0-255,5738,129604,13,129670
9872,0.01935,172.31.36.0-255,66,129670,13,129670
9873,0.0,172.217.160.0-255,153,153,13,152808
9874,2.3e-05,172.31.36.0-255,66,219,13,152808
9875,3.1e-05,172.217.160.0-255,1484,1703,13,152808
9876,3.5e-05,172.31.36.0-255,66,1769,13,152808
9877,4.1e-05,172.217.160.0-255,2902,4671,13,152808
9878,4.5e-05,172.31.36.0-255,66,4737,13,152808
9879,5e-05,172.217.160.0-255,2902,7639,13,152808
9880,5.2e-05,172.31.36.0-255,66,7705,13,152808
9881,7.6e-05,172.217.160.0-255,4320,12025,13,152808
9882,7.9e-05,172.31.36.0-255,66,12091,13,152808
9883,9.5e-05,172.217.160.0-255,2032,14123,13,152808
9884,9.9e-05,172.31.36.0-255,66,14189,13,152808
9885,0.00013,172.217.160.0-255,4320,18509,13,152808
9886,0.000132,172.31.36.0-255,66,18575,13,152808
9887,0.000139,172.217.160.0-255,5738,24313,13,152808
9888,0.000141,172.31.36.0-255,66,24379,13,152808
9889,0.000163,172.217.160.0-255,6797,31176,13,152808
9890,0.000166,172.31.36.0-255,66,31242,13,152808
9891,0.000207,172.217.160.0-255,5738,36980,13,152808
9892,0.00021,172.31.36.0-255,66,37046,13,152808
9893,0.000231,172.217.160.0-255,1484,38530,13,152808
9894,0.000236,172.217.160.0-255,5738,44268,13,152808
9895,0.00024,172.31.36.0-255,66,44334,13,152808
9896,0.000243,172.31.36.0-255,66,44400,13,152808
9897,0.000259,172.217.160.0-255,2902,47302,13,152808
9898,0.000261,172.31.36.0-255,66,47368,13,152808
9899,0.000265,172.217.160.0-255,1125,48493,13,152808
9900,0.000267,172.31.36.0-255,66,48559,13,152808
9901,0.000324,172.217.160.0-255,1484,50043,13,152808
9902,0.000327,172.31.36.0-255,66,50109,13,152808
9903,0.000333,172.217.160.0-255,2902,53011,13,152808
9904,0.000336,172.31.36.0-255,66,53077,13,152808
9905,0.000343,172.217.160.0-255,5738,58815,13,152808
9906,0.000345,172.31.36.0-255,66,58881,13,152808
9907,0.000367,172.217.160.0-255,1484,60365,13,152808
9908,0.000394,172.217.160.0-255,5648,66013,13,152808
9909,0.000397,172.31.36.0-255,66,66079,13,152808
9910,0.001522,172.217.160.0-255,123,66202,13,152808
9911,0.001542,172.217.160.0-255,1484,67686,13,152808
9912,0.001547,172.31.36.0-255,66,67752,13,152808
9913,0.001553,172.217.160.0-255,2902,70654,13,152808
9914,0.001556,172.31.36.0-255,66,70720,13,152808
9915,0.001579,172.217.160.0-255,5738,76458,13,152808
9916,0.001582,172.31.36.0-255,66,76524,13,152808
9917,0.001598,172.217.160.0-255,4320,80844,13,152808
9918,0.0016,172.31.36.0-255,66,80910,13,152808
9919,0.001621,172.217.160.0-255,2543,83453,13,152808
9920,0.001624,172.31.36.0-255,66,83519,13,152808
9921,0.001632,172.217.160.0-255,7156,90675,13,152808
9922,0.001633,172.31.36.0-255,66,90741,13,152808
9923,0.001647,172.217.160.0-255,2902,93643,13,152808
9924,0.001649,172.31.36.0-255,66,93709,13,152808
9925,0.001671,172.217.160.0-255,6797,100506,13,152808
9926,0.001673,172.31.36.0-255,66,100572,13,152808
9927,0.003579,172.217.160.0-255,5738,106310,13,152808
9928,0.003586,172.31.36.0-255,66,106376,13,152808
9929,0.005492,172.217.160.0-255,5738,112114,13,152808
9930,0.005496,172.31.36.0-255,66,112180,13,152808
9931,0.007412,172.217.160.0-255,5738,117918,13,152808
9932,0.007419,172.31.36.0-255,66,117984,13,152808
9933,0.00934,172.217.160.0-255,5738,123722,13,152808
9934,0.009348,172.31.36.0-255,66,123788,13,152808
9935,0.011265,172.217.160.0-255,5738,129526,13,152808
9936,0.011273,172.31.36.0-255,66,129592,13,152808
9937,0.01319,172.217.160.0-255,5738,135330,13,152808
9938,0.013197,172.31.36.0-255,66,135396,13,152808
9939,0.015124,172.217.160.0-255,5738,141134,13,152808
9940,0.015133,172.31.36.0-255,66,141200,13,152808
9941,0.017089,172.217.160.0-255,5738,146938,13,152808
9942,0.017096,172.31.36.0-255,66,147004,13,152808
9943,0.019005,172.217.160.0-255,5738,152742,13,152808
9944,0.019009,172.31.36.0-255,66,152808,13,152808
9945,0.0,172.217.194.0-255,297,297,13,212825
9946,3.3e-05,172.31.36.0-255,66,363,13,212825
9947,3.9e-05,172.217.194.0-255,1484,1847,13,212825
9948,4.4e-05,172.31.36.0-255,66,1913,13,212825
9949,5e-05,172.217.194.0-255,4320,6233,13,212825
9950,6.1e-05,172.31.36.0-255,66,6299,13,212825
9951,6.8e-05,172.217.194.0-255,5738,12037,13,212825
9952,7e-05,172.31.36.0-255,66,12103,13,212825
9953,7.7e-05,172.217.194.0-255,7156,19259,13,212825
9954,8e-05,172.31.36.0-255,66,19325,13,212825
9955,0.000117,172.217.194.0-255,4686,24011,13,212825
9956,0.00012,172.31.36.0-255,66,24077,13,212825
9957,0.000127,172.217.194.0-255,6797,30874,13,212825
9958,0.000129,172.31.36.0-255,66,30940,13,212825
9959,0.000159,172.217.194.0-255,1484,32424,13,212825
9960,0.000161,172.31.36.0-255,66,32490,13,212825
9961,0.000166,172.217.194.0-255,2902,35392,13,212825
9962,0.000169,172.31.36.0-255,66,35458,13,212825
9963,0.000175,172.217.194.0-255,5738,41196,13,212825
9964,0.000177,172.31.36.0-255,66,41262,13,212825
9965,0.000222,172.217.194.0-255,7156,48418,13,212825
9966,0.000225,172.31.36.0-255,66,48484,13,212825
9967,0.000263,172.217.194.0-255,6797,55281,13,212825
9968,0.000266,172.31.36.0-255,66,55347,13,212825
9969,0.000275,172.217.194.0-255,9921,65268,13,212825
9970,0.000277,172.31.36.0-255,66,65334,13,212825
9971,0.000412,172.217.194.0-255,98,65432,13,212825
9972,0.000416,172.31.36.0-255,66,65498,13,212825
9973,0.00048,172.217.194.0-255,365,65863,13,212825
9974,0.000484,172.31.36.0-255,66,65929,13,212825
9975,0.000604,172.217.194.0-255,1484,67413,13,212825
9976,0.000608,172.31.36.0-255,66,67479,13,212825
9977,0.000614,172.217.194.0-255,2902,70381,13,212825
9978,0.000617,172.217.194.0-255,1484,71865,13,212825
9979,0.000619,172.31.36.0-255,66,71931,13,212825
9980,0.000653,172.217.194.0-255,4320,76251,13,212825
9981,0.000657,172.31.36.0-255,66,76317,13,212825
9982,0.000671,172.31.36.0-255,66,76383,13,212825
9983,0.000685,172.217.194.0-255,8574,84957,13,212825
9984,0.000687,172.31.36.0-255,66,85023,13,212825
9985,0.00072,172.217.194.0-255,7156,92179,13,212825
9986,0.000724,172.31.36.0-255,66,92245,13,212825
9987,0.000761,172.217.194.0-255,1484,93729,13,212825
9988,0.000763,172.31.36.0-255,66,93795,13,212825
9989,0.000765,172.217.194.0-255,2902,96697,13,212825
9990,0.000767,172.217.194.0-255,1484,98181,13,212825
9991,0.000769,172.31.36.0-255,66,98247,13,212825
9992,0.000799,172.217.194.0-255,4320,102567,13,212825
9993,0.000809,172.217.194.0-255,2902,105469,13,212825
9994,0.000812,172.31.36.0-255,66,105535,13,212825
9995,0.000842,172.217.194.0-255,9992,115527,13,212825
9996,0.000849,172.217.194.0-255,5738,121265,13,212825
9997,0.000851,172.31.36.0-255,66,121331,13,212825
9998,0.000857,172.31.36.0-255,66,121397,13,212825
9999,0.000879,172.217.194.0-255,5020,126417,13,212825
10000,0.000882,172.31.36.0-255,66,126483,13,212825
10001,0.001368,172.217.194.0-255,1484,127967,13,212825
10002,0.001382,172.217.194.0-255,2902,130869,13,212825
10003,0.001386,172.31.36.0-255,66,130935,13,212825
10004,0.001393,172.217.194.0-255,4320,135255,13,212825
10005,0.001395,172.31.36.0-255,66,135321,13,212825
10006,0.00142,172.217.194.0-255,1484,136805,13,212825
10007,0.001429,172.217.194.0-255,8574,145379,13,212825
10008,0.001432,172.31.36.0-255,66,145445,13,212825
10009,0.001466,172.217.194.0-255,4320,149765,13,212825
10010,0.00147,172.31.36.0-255,66,149831,13,212825
10011,0.00148,172.217.194.0-255,10692,160523,13,212825
10012,0.001487,172.31.36.0-255,66,160589,13,212825
10013,0.003494,172.217.194.0-255,5738,166327,13,212825
10014,0.0035,172.31.36.0-255,66,166393,13,212825
10015,0.005515,172.217.194.0-255,5738,172131,13,212825
10016,0.005518,172.31.36.0-255,66,172197,13,212825
10017,0.007535,172.217.194.0-255,5738,177935,13,212825
10018,0.00754,172.31.36.0-255,66,178001,13,212825
10019,0.009566,172.217.194.0-255,5738,183739,13,212825
10020,0.009572,172.31.36.0-255,66,183805,13,212825
10021,0.011613,172.217.194.0-255,5738,189543,13,212825
10022,0.011622,172.31.36.0-255,66,189609,13,212825
10023,0.013632,172.217.194.0-255,5738,195347,13,212825
10024,0.013642,172.31.36.0-255,66,195413,13,212825
10025,0.015644,172.217.194.0-255,5738,201151,13,212825
10026,0.015651,172.31.36.0-255,66,201217,13,212825
10027,0.017676,172.217.194.0-255,5738,206955,13,212825
10028,0.017683,172.31.36.0-255,66,207021,13,212825
10029,0.019701,172.217.194.0-255,5738,212759,13,212825
10030,0.019708,172.31.36.0-255,66,212825,13,212825
10031,0.0,172.217.194.0-255,153,153,13,243198
10032,3.5e-05,172.31.36.0-255,66,219,13,243198
10033,4.2e-05,172.217.194.0-255,1484,1703,13,243198
10034,4.6e-05,172.31.36.0-255,66,1769,13,243198
10035,5.1e-05,172.217.194.0-255,2902,4671,13,243198
10036,5.4e-05,172.31.36.0-255,66,4737,13,243198
10037,7e-05,172.217.194.0-255,7156,11893,13,243198
10038,7.3e-05,172.31.36.0-255,66,11959,13,243198
10039,7.6e-05,172.217.194.0-255,2054,14013,13,243198
10040,7.9e-05,172.31.36.0-255,66,14079,13,243198
10041,0.00014,172.31.36.0-255,66,14145,13,243198
10042,0.000143,172.217.194.0-255,1125,15270,13,243198
10043,0.000147,172.31.36.0-255,66,15336,13,243198
10044,0.000191,172.217.194.0-255,1484,16820,13,243198
10045,0.000195,172.31.36.0-255,66,16886,13,243198
10046,0.000222,172.217.194.0-255,2902,19788,13,243198
10047,0.000226,172.31.36.0-255,66,19854,13,243198
10048,0.000231,172.217.194.0-255,2902,22756,13,243198
10049,0.000233,172.31.36.0-255,66,22822,13,243198
10050,0.000257,172.217.194.0-255,2902,25724,13,243198
10051,0.000264,172.31.36.0-255,66,25790,13,243198
10052,0.000273,172.217.194.0-255,9633,35423,13,243198
10053,0.000276,172.31.36.0-255,66,35489,13,243198
10054,0.000297,172.217.194.0-255,2902,38391,13,243198
10055,0.000301,172.31.36.0-255,66,38457,13,243198
10056,0.000332,172.217.194.0-255,7156,45613,13,243198
10057,0.000337,172.31.36.0-255,66,45679,13,243198
10058,0.000342,172.217.194.0-255,4251,49930,13,243198
10059,0.000347,172.31.36.0-255,66,49996,13,243198
10060,0.000381,172.217.194.0-255,365,50361,13,243198
10061,0.000385,172.31.36.0-255,66,50427,13,243198
10062,0.000721,172.217.194.0-255,1484,51911,13,243198
10063,0.000737,172.217.194.0-255,2902,54813,13,243198
10064,0.00074,172.31.36.0-255,66,54879,13,243198
10065,0.000748,172.217.194.0-255,5738,60617,13,243198
10066,0.00075,172.31.36.0-255,66,60683,13,243198
10067,0.000786,172.217.194.0-255,8574,69257,13,243198
10068,0.000789,172.31.36.0-255,66,69323,13,243198
10069,0.000818,172.217.194.0-255,4320,73643,13,243198
10070,0.000821,172.31.36.0-255,66,73709,13,243198
10071,0.000856,172.217.194.0-255,10692,84401,13,243198
10072,0.00086,172.31.36.0-255,66,84467,13,243198
10073,0.001335,172.217.194.0-255,1484,85951,13,243198
10074,0.001345,172.217.194.0-255,2902,88853,13,243198
10075,0.00135,172.31.36.0-255,66,88919,13,243198
10076,0.001357,172.217.194.0-255,5738,94657,13,243198
10077,0.001359,172.31.36.0-255,66,94723,13,243198
10078,0.001394,172.217.194.0-255,5738,100461,13,243198
10079,0.001397,172.31.36.0-255,66,100527,13,243198
10080,0.001426,172.217.194.0-255,4320,104847,13,243198
10081,0.001428,172.31.36.0-255,66,104913,13,243198
10082,0.001447,172.31.36.0-255,66,104979,13,243198
10083,0.001451,172.217.194.0-255,2184,107163,13,243198
10084,0.001453,172.31.36.0-255,66,107229,13,243198
10085,0.001744,172.217.194.0-255,1484,108713,13,243198
10086,0.001752,172.217.194.0-255,2902,111615,13,243198
10087,0.001756,172.31.36.0-255,66,111681,13,243198
10088,0.001783,172.217.194.0-255,5738,117419,13,243198
10089,0.001785,172.31.36.0-255,66,117485,13,243198
10090,0.001789,172.217.194.0-255,2902,120387,13,243198
10091,0.001791,172.31.36.0-255,66,120453,13,243198
10092,0.001823,172.217.194.0-255,4320,124773,13,243198
10093,0.001825,172.31.36.0-255,66,124839,13,243198
10094,0.001843,172.31.36.0-255,66,124905,13,243198
10095,0.001847,172.217.194.0-255,2184,127089,13,243198
10096,0.001848,172.31.36.0-255,66,127155,13,243198
10097,0.001872,172.217.194.0-255,2902,130057,13,243198
10098,0.001875,172.31.36.0-255,66,130123,13,243198
10099,0.001914,172.31.36.0-255,66,130189,13,243198
10100,0.00193,172.31.36.0-255,66,130255,13,243198
10101,0.001954,172.217.194.0-255,3602,133857,13,243198
10102,0.001956,172.31.36.0-255,66,133923,13,243198
10103,0.001979,172.217.194.0-255,4320,138243,13,243198
10104,0.001981,172.31.36.0-255,66,138309,13,243198
10105,0.00202,172.217.194.0-255,5738,144047,13,243198
10106,0.002024,172.31.36.0-255,66,144113,13,243198
10107,0.00203,172.217.194.0-255,4320,148433,13,243198
10108,0.002033,172.31.36.0-255,66,148499,13,243198
10109,0.002036,172.217.194.0-255,1484,149983,13,243198
10110,0.00205,172.217.194.0-255,9992,159975,13,243198
10111,0.002054,172.31.36.0-255,66,160041,13,243198
10112,0.002102,172.217.194.0-255,2902,162943,13,243198
10113,0.002105,172.31.36.0-255,66,163009,13,243198
10114,0.002128,172.217.194.0-255,5020,168029,13,243198
10115,0.00213,172.31.36.0-255,66,168095,13,243198
10116,0.002138,172.217.194.0-255,8574,176669,13,243198
10117,0.002141,172.31.36.0-255,66,176735,13,243198
10118,0.002202,172.217.194.0-255,4320,181055,13,243198
10119,0.002205,172.31.36.0-255,66,181121,13,243198
10120,0.00223,172.31.36.0-255,66,181187,13,243198
10121,0.002235,172.217.194.0-255,5738,186925,13,243198
10122,0.002237,172.31.36.0-255,66,186991,13,243198
10123,0.00224,172.217.194.0-255,766,187757,13,243198
10124,0.00226,172.217.194.0-255,7156,194913,13,243198
10125,0.002263,172.31.36.0-255,66,194979,13,243198
10126,0.002305,172.31.36.0-255,66,195045,13,243198
10127,0.002307,172.217.194.0-255,1484,196529,13,243198
10128,0.002309,172.31.36.0-255,78,196607,13,243198
10129,0.002315,172.217.194.0-255,4320,200927,13,243198
10130,0.002317,172.31.36.0-255,78,201005,13,243198
10131,0.00232,172.217.194.0-255,1484,202489,13,243198
10132,0.002327,172.31.36.0-255,66,202555,13,243198
10133,0.00233,172.217.194.0-255,1484,204039,13,243198
10134,0.002332,172.31.36.0-255,78,204117,13,243198
10135,0.002347,172.31.36.0-255,66,204183,13,243198
10136,0.002354,172.217.194.0-255,8574,212757,13,243198
10137,0.002356,172.31.36.0-255,66,212823,13,243198
10138,0.002358,172.217.194.0-255,1484,214307,13,243198
10139,0.002371,172.31.36.0-255,66,214373,13,243198
10140,0.002396,172.217.194.0-255,766,215139,13,243198
10141,0.002405,172.217.194.0-255,2902,218041,13,243198
10142,0.002407,172.31.36.0-255,66,218107,13,243198
10143,0.002415,172.217.194.0-255,8574,226681,13,243198
10144,0.002417,172.31.36.0-255,66,226747,13,243198
10145,0.002431,172.31.36.0-255,66,226813,13,243198
10146,0.002436,172.217.194.0-255,5738,232551,13,243198
10147,0.002438,172.31.36.0-255,66,232617,13,243198
10148,0.00247,172.217.194.0-255,4320,236937,13,243198
10149,0.002472,172.31.36.0-255,66,237003,13,243198
10150,0.002494,172.217.194.0-255,5690,242693,13,243198
10151,0.002496,172.31.36.0-255,66,242759,13,243198
10152,0.002499,172.217.194.0-255,97,242856,13,243198
10153,0.002521,172.217.194.0-255,105,242961,13,243198
10154,0.00901,172.31.36.0-255,66,243027,13,243198
10155,0.009039,172.31.36.0-255,105,243132,13,243198
10156,0.010974,172.217.194.0-255,66,243198,13,243198
10157,0.0,74.125.24.0-255,153,153,13,112179
10158,3.5e-05,172.31.36.0-255,66,219,13,112179
10159,4.2e-05,74.125.24.0-255,1484,1703,13,112179
10160,4.6e-05,172.31.36.0-255,66,1769,13,112179
10161,5.1e-05,74.125.24.0-255,2902,4671,13,112179
10162,5.4e-05,172.31.36.0-255,66,4737,13,112179
10163,5.9e-05,74.125.24.0-255,4320,9057,13,112179
10164,6.2e-05,172.31.36.0-255,66,9123,13,112179
10165,7.9e-05,74.125.24.0-255,1484,10607,13,112179
10166,8.1e-05,172.31.36.0-255,66,10673,13,112179
10167,0.000125,172.31.36.0-255,66,10739,13,112179
10168,0.000133,74.125.24.0-255,6797,17536,13,112179
10169,0.000135,172.31.36.0-255,66,17602,13,112179
10170,0.000243,74.125.24.0-255,1484,19086,13,112179
10171,0.000247,172.31.36.0-255,66,19152,13,112179
10172,0.000266,74.125.24.0-255,2902,22054,13,112179
10173,0.000269,172.31.36.0-255,66,22120,13,112179
10174,0.000275,74.125.24.0-255,5738,27858,13,112179
10175,0.000278,172.31.36.0-255,66,27924,13,112179
10176,0.000318,172.31.36.0-255,66,27990,13,112179
10177,0.000325,74.125.24.0-255,7156,35146,13,112179
10178,0.000327,172.31.36.0-255,66,35212,13,112179
10179,0.00037,74.125.24.0-255,2543,37755,13,112179
10180,0.000373,172.31.36.0-255,66,37821,13,112179
10181,0.002257,74.125.24.0-255,646,38467,13,112179
10182,0.002264,172.31.36.0-255,66,38533,13,112179
10183,0.002297,74.125.24.0-255,1484,40017,13,112179
10184,0.002299,172.31.36.0-255,66,40083,13,112179
10185,0.002305,74.125.24.0-255,2902,42985,13,112179
10186,0.002307,172.31.36.0-255,66,43051,13,112179
10187,0.002335,74.125.24.0-255,5738,48789,13,112179
10188,0.002339,172.31.36.0-255,66,48855,13,112179
10189,0.002346,74.125.24.0-255,5738,54593,13,112179
10190,0.002348,172.31.36.0-255,66,54659,13,112179
10191,0.002369,74.125.24.0-255,7156,61815,13,112179
10192,0.002372,172.31.36.0-255,66,61881,13,112179
10193,0.002379,74.125.24.0-255,7156,69037,13,112179
10194,0.002382,172.31.36.0-255,66,69103,13,112179
10195,0.002394,74.125.24.0-255,1484,70587,13,112179
10196,0.002412,74.125.24.0-255,2184,72771,13,112179
10197,0.002415,172.31.36.0-255,66,72837,13,112179
10198,0.004766,74.125.24.0-255,1484,74321,13,112179
10199,0.004815,74.125.24.0-255,2902,77223,13,112179
10200,0.004819,172.31.36.0-255,66,77289,13,112179
10201,0.004832,74.125.24.0-255,1484,78773,13,112179
10202,0.007217,74.125.24.0-255,4320,83093,13,112179
10203,0.007224,172.31.36.0-255,66,83159,13,112179
10204,0.009606,74.125.24.0-255,5738,88897,13,112179
10205,0.009612,172.31.36.0-255,66,88963,13,112179
10206,0.011999,74.125.24.0-255,5738,94701,13,112179
10207,0.012009,172.31.36.0-255,66,94767,13,112179
10208,0.014393,74.125.24.0-255,5738,100505,13,112179
10209,0.014402,172.31.36.0-255,66,100571,13,112179
10210,0.016781,74.125.24.0-255,5738,106309,13,112179
10211,0.016791,172.31.36.0-255,66,106375,13,112179
10212,0.019178,74.125.24.0-255,5738,112113,13,112179
10213,0.019186,172.31.36.0-255,66,112179,13,112179
10214,0.0,172.217.194.0-255,153,153,13,92672
10215,2.4e-05,172.31.36.0-255,66,219,13,92672
10216,3.1e-05,172.217.194.0-255,1484,1703,13,92672
10217,3.6e-05,172.31.36.0-255,66,1769,13,92672
10218,3.9e-05,172.217.194.0-255,1484,3253,13,92672
10219,4.3e-05,172.31.36.0-255,66,3319,13,92672
10220,4.9e-05,172.217.194.0-255,2902,6221,13,92672
10221,5.2e-05,172.31.36.0-255,66,6287,13,92672
10222,5.9e-05,172.217.194.0-255,5738,12025,13,92672
10223,6.3e-05,172.31.36.0-255,66,12091,13,92672
10224,8.1e-05,172.217.194.0-255,2070,14161,13,92672
10225,8.3e-05,172.31.36.0-255,66,14227,13,92672
10226,8.9e-05,172.217.194.0-255,2902,17129,13,92672
10227,9.2e-05,172.31.36.0-255,66,17195,13,92672
10228,0.000119,172.217.194.0-255,7156,24351,13,92672
10229,0.000122,172.31.36.0-255,66,24417,13,92672
10230,0.000125,172.217.194.0-255,1484,25901,13,92672
10231,0.000128,172.31.36.0-255,66,25967,13,92672
10232,0.000151,172.217.194.0-255,5738,31705,13,92672
10233,0.000153,172.31.36.0-255,66,31771,13,92672
10234,0.000189,172.31.36.0-255,66,31837,13,92672
10235,0.000207,172.217.194.0-255,1484,33321,13,92672
10236,0.000209,172.31.36.0-255,66,33387,13,92672
10237,0.000212,172.217.194.0-255,766,34153,13,92672
10238,0.000214,172.31.36.0-255,66,34219,13,92672
10239,0.001473,172.217.194.0-255,1484,35703,13,92672
10240,0.001481,172.31.36.0-255,66,35769,13,92672
10241,0.001489,172.217.194.0-255,2902,38671,13,92672
10242,0.001491,172.31.36.0-255,66,38737,13,92672
10243,0.001495,172.217.194.0-255,1484,40221,13,92672
10244,0.001497,172.31.36.0-255,66,40287,13,92672
10245,0.001525,172.217.194.0-255,4320,44607,13,92672
10246,0.001527,172.31.36.0-255,66,44673,13,92672
10247,0.001531,172.217.194.0-255,2902,47575,13,92672
10248,0.001533,172.31.36.0-255,66,47641,13,92672
10249,0.001563,172.217.194.0-255,4271,51912,13,92672
10250,0.001566,172.31.36.0-255,66,51978,13,92672
10251,0.003848,172.217.194.0-255,1484,53462,13,92672
10252,0.003869,172.217.194.0-255,4320,57782,13,92672
10253,0.003874,172.31.36.0-255,66,57848,13,92672
10254,0.00616,172.217.194.0-255,5738,63586,13,92672
10255,0.006167,172.31.36.0-255,66,63652,13,92672
10256,0.008477,172.217.194.0-255,5738,69390,13,92672
10257,0.008488,172.31.36.0-255,66,69456,13,92672
10258,0.010808,172.217.194.0-255,5738,75194,13,92672
10259,0.01082,172.31.36.0-255,66,75260,13,92672
10260,0.013184,172.217.194.0-255,5738,80998,13,92672
10261,0.013191,172.31.36.0-255,66,81064,13,92672
10262,0.015498,172.217.194.0-255,5738,86802,13,92672
10263,0.015506,172.31.36.0-255,66,86868,13,92672
10264,0.017782,172.217.194.0-255,5738,92606,13,92672
10265,0.017792,172.31.36.0-255,66,92672,13,92672
10266,0.0,172.217.194.0-255,152,152,13,230990
10267,2.9e-05,172.31.36.0-255,66,218,13,230990
10268,3.7e-05,172.217.194.0-255,1484,1702,13,230990
10269,4.2e-05,172.31.36.0-255,66,1768,13,230990
10270,4.7e-05,172.217.194.0-255,2902,4670,13,230990
10271,4.9e-05,172.31.36.0-255,66,4736,13,230990
10272,6.3e-05,172.217.194.0-255,7156,11892,13,230990
10273,6.6e-05,172.31.36.0-255,66,11958,13,230990
10274,7e-05,172.217.194.0-255,2011,13969,13,230990
10275,7.2e-05,172.31.36.0-255,66,14035,13,230990
10276,0.000289,172.217.194.0-255,1484,15519,13,230990
10277,0.000294,172.31.36.0-255,66,15585,13,230990
10278,0.000299,172.217.194.0-255,1484,17069,13,230990
10279,0.000302,172.31.36.0-255,66,17135,13,230990
10280,0.00032,172.217.194.0-255,1484,18619,13,230990
10281,0.000322,172.31.36.0-255,66,18685,13,230990
10282,0.000329,172.217.194.0-255,5738,24423,13,230990
10283,0.000337,172.31.36.0-255,66,24489,13,230990
10284,0.000382,172.217.194.0-255,6797,31286,13,230990
10285,0.000386,172.31.36.0-255,66,31352,13,230990
10286,0.000525,172.217.194.0-255,1484,32836,13,230990
10287,0.00053,172.31.36.0-255,66,32902,13,230990
10288,0.000561,172.217.194.0-255,1484,34386,13,230990
10289,0.000564,172.31.36.0-255,66,34452,13,230990
10290,0.000591,172.217.194.0-255,1484,35936,13,230990
10291,0.000595,172.31.36.0-255,66,36002,13,230990
10292,0.000602,172.217.194.0-255,5738,41740,13,230990
10293,0.000604,172.31.36.0-255,66,41806,13,230990
10294,0.00061,172.217.194.0-255,5738,47544,13,230990
10295,0.000613,172.31.36.0-255,66,47610,13,230990
10296,0.000615,172.217.194.0-255,1125,48735,13,230990
10297,0.000617,172.31.36.0-255,66,48801,13,230990
10298,0.00106,172.217.194.0-255,1484,50285,13,230990
10299,0.001071,172.217.194.0-255,2902,53187,13,230990
10300,0.001075,172.31.36.0-255,66,53253,13,230990
10301,0.001105,172.217.194.0-255,5738,58991,13,230990
10302,0.001108,172.31.36.0-255,66,59057,13,230990
10303,0.001132,172.217.194.0-255,6797,65854,13,230990
10304,0.001135,172.31.36.0-255,66,65920,13,230990
10305,0.001159,172.217.194.0-255,4320,70240,13,230990
10306,0.001162,172.31.36.0-255,66,70306,13,230990
10307,0.00118,172.217.194.0-255,2902,73208,13,230990
10308,0.001182,172.31.36.0-255,66,73274,13,230990
10309,0.001193,172.217.194.0-255,8574,81848,13,230990
10310,0.001195,172.31.36.0-255,66,81914,13,230990
10311,0.001224,172.217.194.0-255,2902,84816,13,230990
10312,0.001229,172.31.36.0-255,66,84882,13,230990
10313,0.001259,172.217.194.0-255,4541,89423,13,230990
10314,0.001263,172.31.36.0-255,66,89489,13,230990
10315,0.001271,172.217.194.0-255,8574,98063,13,230990
10316,0.001273,172.31.36.0-255,66,98129,13,230990
10317,0.001279,172.217.194.0-255,2543,100672,13,230990
10318,0.001282,172.31.36.0-255,66,100738,13,230990
10319,0.001322,172.217.194.0-255,2902,103640,13,230990
10320,0.001324,172.31.36.0-255,66,103706,13,230990
10321,0.001329,172.217.194.0-255,4320,108026,13,230990
10322,0.001332,172.31.36.0-255,66,108092,13,230990
10323,0.001336,172.217.194.0-255,2902,110994,13,230990
10324,0.001343,172.31.36.0-255,66,111060,13,230990
10325,0.001368,172.217.194.0-255,5738,116798,13,230990
10326,0.001371,172.31.36.0-255,66,116864,13,230990
10327,0.001373,172.217.194.0-255,562,117426,13,230990
10328,0.00156,172.217.194.0-255,1484,118910,13,230990
10329,0.001562,172.31.36.0-255,66,118976,13,230990
10330,0.001566,172.217.194.0-255,2902,121878,13,230990
10331,0.001569,172.31.36.0-255,66,121944,13,230990
10332,0.001597,172.217.194.0-255,5738,127682,13,230990
10333,0.0016,172.31.36.0-255,66,127748,13,230990
10334,0.001604,172.217.194.0-255,2902,130650,13,230990
10335,0.001605,172.31.36.0-255,66,130716,13,230990
10336,0.001632,172.217.194.0-255,9992,140708,13,230990
10337,0.001634,172.31.36.0-255,66,140774,13,230990
10338,0.001638,172.217.194.0-255,2902,143676,13,230990
10339,0.00164,172.31.36.0-255,66,143742,13,230990
10340,0.001672,172.217.194.0-255,7856,151598,13,230990
10341,0.001675,172.31.36.0-255,66,151664,13,230990
10342,0.001997,172.217.194.0-255,1484,153148,13,230990
10343,0.002002,172.217.194.0-255,2902,156050,13,230990
10344,0.002005,172.31.36.0-255,66,156116,13,230990
10345,0.002025,172.217.194.0-255,4320,160436,13,230990
10346,0.002027,172.31.36.0-255,66,160502,13,230990
10347,0.00205,172.217.194.0-255,1484,161986,13,230990
10348,0.002063,172.31.36.0-255,66,162052,13,230990
10349,0.002068,172.217.194.0-255,4320,166372,13,230990
10350,0.002071,172.31.36.0-255,66,166438,13,230990
10351,0.002091,172.217.194.0-255,4320,170758,13,230990
10352,0.002094,172.31.36.0-255,66,170824,13,230990
10353,0.00211,172.217.194.0-255,2184,173008,13,230990
10354,0.002112,172.31.36.0-255,66,173074,13,230990
10355,0.002252,172.217.194.0-255,1484,174558,13,230990
10356,0.002257,172.217.194.0-255,2902,177460,13,230990
10357,0.002259,172.31.36.0-255,66,177526,13,230990
10358,0.002263,172.217.194.0-255,2902,180428,13,230990
10359,0.002265,172.31.36.0-255,66,180494,13,230990
10360,0.002286,172.217.194.0-255,2902,183396,13,230990
10361,0.002288,172.31.36.0-255,66,183462,13,230990
10362,0.002294,172.217.194.0-255,1484,184946,13,230990
10363,0.002325,172.31.36.0-255,66,185012,13,230990
10364,0.002333,172.217.194.0-255,8574,193586,13,230990
10365,0.002336,172.31.36.0-255,66,193652,13,230990
10366,0.0024,172.217.194.0-255,2184,195836,13,230990
10367,0.002403,172.31.36.0-255,66,195902,13,230990
10368,0.004967,172.217.194.0-255,1484,197386,13,230990
10369,0.004977,172.217.194.0-255,1484,198870,13,230990
10370,0.004979,172.31.36.0-255,66,198936,13,230990
10371,0.005011,172.217.194.0-255,1484,200420,13,230990
10372,0.00502,172.217.194.0-255,1484,201904,13,230990
10373,0.005022,172.31.36.0-255,66,201970,13,230990
10374,0.007644,172.217.194.0-255,5738,207708,13,230990
10375,0.007651,172.31.36.0-255,66,207774,13,230990
10376,0.010297,172.217.194.0-255,5738,213512,13,230990
10377,0.010305,172.31.36.0-255,66,213578,13,230990
10378,0.012916,172.217.194.0-255,5738,219316,13,230990
10379,0.012924,172.31.36.0-255,66,219382,13,230990
10380,0.015538,172.217.194.0-255,5738,225120,13,230990
10381,0.015548,172.31.36.0-255,66,225186,13,230990
10382,0.01822,172.217.194.0-255,5738,230924,13,230990
10383,0.018231,172.31.36.0-255,66,230990,13,230990
10384,0.0,74.125.68.0-255,153,153,13,169917
10385,7e-05,172.31.36.0-255,66,219,13,169917
10386,7.6e-05,74.125.68.0-255,1484,1703,13,169917
10387,8.1e-05,172.31.36.0-255,66,1769,13,169917
10388,9.3e-05,74.125.68.0-255,2902,4671,13,169917
10389,9.5e-05,172.31.36.0-255,66,4737,13,169917
10390,9.8e-05,74.125.68.0-255,1484,6221,13,169917
10391,0.0001,172.31.36.0-255,66,6287,13,169917
10392,0.000104,74.125.68.0-255,2902,9189,13,169917
10393,0.000106,172.31.36.0-255,66,9255,13,169917
10394,0.000112,74.125.68.0-255,4922,14177,13,169917
10395,0.000115,172.31.36.0-255,66,14243,13,169917
10396,0.000672,74.125.68.0-255,1484,15727,13,169917
10397,0.000678,172.31.36.0-255,66,15793,13,169917
10398,0.000686,74.125.68.0-255,1484,17277,13,169917
10399,0.000688,172.31.36.0-255,66,17343,13,169917
10400,0.00072,74.125.68.0-255,1484,18827,13,169917
10401,0.00073,172.31.36.0-255,66,18893,13,169917
10402,0.000737,74.125.68.0-255,5738,24631,13,169917
10403,0.000739,172.31.36.0-255,66,24697,13,169917
10404,0.000744,74.125.68.0-255,4320,29017,13,169917
10405,0.000746,172.31.36.0-255,66,29083,13,169917
10406,0.000785,74.125.68.0-255,2543,31626,13,169917
10407,0.000789,172.31.36.0-255,66,31692,13,169917
10408,0.000838,74.125.68.0-255,1484,33176,13,169917
10409,0.000843,172.31.36.0-255,66,33242,13,169917
10410,0.000848,74.125.68.0-255,2902,36144,13,169917
10411,0.000851,172.31.36.0-255,66,36210,13,169917
10412,0.000873,74.125.68.0-255,4320,40530,13,169917
10413,0.000877,172.31.36.0-255,66,40596,13,169917
10414,0.000921,74.125.68.0-255,5738,46334,13,169917
10415,0.000926,172.31.36.0-255,66,46400,13,169917
10416,0.000957,74.125.68.0-255,2543,48943,13,169917
10417,0.000961,172.31.36.0-255,66,49009,13,169917
10418,0.000985,74.125.68.0-255,1484,50493,13,169917
10419,0.000988,172.31.36.0-255,66,50559,13,169917
10420,0.000994,74.125.68.0-255,2902,53461,13,169917
10421,0.000997,172.31.36.0-255,66,53527,13,169917
10422,0.001004,74.125.68.0-255,5738,59265,13,169917
10423,0.001006,172.31.36.0-255,66,59331,13,169917
10424,0.001009,74.125.68.0-255,2902,62233,13,169917
10425,0.001012,172.31.36.0-255,66,62299,13,169917
10426,0.001016,74.125.68.0-255,2902,65201,13,169917
10427,0.001018,172.31.36.0-255,66,65267,13,169917
10428,0.001044,74.125.68.0-255,1125,66392,13,169917
10429,0.001401,74.125.68.0-255,647,67039,13,169917
10430,0.001407,172.31.36.0-255,66,67105,13,169917
10431,0.001715,74.125.68.0-255,1484,68589,13,169917
10432,0.001722,74.125.68.0-255,1484,70073,13,169917
10433,0.001725,172.31.36.0-255,66,70139,13,169917
10434,0.001745,74.125.68.0-255,1484,71623,13,169917
10435,0.001751,74.125.68.0-255,5738,77361,13,169917
10436,0.001753,172.31.36.0-255,66,77427,13,169917
10437,0.001789,74.125.68.0-255,5738,83165,13,169917
10438,0.001792,172.31.36.0-255,66,83231,13,169917
10439,0.001799,74.125.68.0-255,7156,90387,13,169917
10440,0.001801,172.31.36.0-255,66,90453,13,169917
10441,0.001831,74.125.68.0-255,10692,101145,13,169917
10442,0.001833,172.31.36.0-255,66,101211,13,169917
10443,0.002298,74.125.68.0-255,1484,102695,13,169917
10444,0.002315,74.125.68.0-255,2902,105597,13,169917
10445,0.002318,172.31.36.0-255,66,105663,13,169917
10446,0.002342,74.125.68.0-255,1484,107147,13,169917
10447,0.002356,74.125.68.0-255,2902,110049,13,169917
10448,0.002358,172.31.36.0-255,66,110115,13,169917
10449,0.002365,74.125.68.0-255,8574,118689,13,169917
10450,0.002366,172.31.36.0-255,66,118755,13,169917
10451,0.002374,74.125.68.0-255,2902,121657,13,169917
10452,0.002376,172.31.36.0-255,66,121723,13,169917
10453,0.002398,74.125.68.0-255,4320,126043,13,169917
10454,0.002399,172.31.36.0-255,66,126109,13,169917
10455,0.004683,74.125.68.0-255,1484,127593,13,169917
10456,0.004715,74.125.68.0-255,4320,131913,13,169917
10457,0.004719,172.31.36.0-255,66,131979,13,169917
10458,0.007047,74.125.68.0-255,5738,137717,13,169917
10459,0.007053,172.31.36.0-255,66,137783,13,169917
10460,0.009373,74.125.68.0-255,5738,143521,13,169917
10461,0.00938,172.31.36.0-255,66,143587,13,169917
10462,0.011694,74.125.68.0-255,5738,149325,13,169917
10463,0.0117,172.31.36.0-255,66,149391,13,169917
10464,0.014027,74.125.68.0-255,5738,155129,13,169917
10465,0.014035,172.31.36.0-255,66,155195,13,169917
10466,0.016377,74.125.68.0-255,5738,160933,13,169917
10467,0.016384,172.31.36.0-255,66,160999,13,169917
10468,0.018543,172.31.36.0-255,159,161158,13,169917
10469,0.018596,172.31.36.0-255,1118,162276,13,169917
10470,0.018688,172.31.36.0-255,1514,163790,13,169917
10471,0.01869,172.31.36.0-255,323,164113,13,169917
10472,0.018713,74.125.68.0-255,5738,169851,13,169917
10473,0.018718,172.31.36.0-255,66,169917,13,169917
10474,0.0,74.125.68.0-255,471,471,13,268416
10475,3.2e-05,172.31.36.0-255,66,537,13,268416
10476,3.8e-05,74.125.68.0-255,1484,2021,13,268416
10477,4.2e-05,172.31.36.0-255,66,2087,13,268416
10478,4.9e-05,74.125.68.0-255,4320,6407,13,268416
10479,5.2e-05,172.31.36.0-255,66,6473,13,268416
10480,5.5e-05,74.125.68.0-255,1484,7957,13,268416
10481,5.7e-05,172.31.36.0-255,66,8023,13,268416
10482,6.1e-05,74.125.68.0-255,1484,9507,13,268416
10483,6.3e-05,172.31.36.0-255,66,9573,13,268416
10484,8.5e-05,74.125.68.0-255,1484,11057,13,268416
10485,8.8e-05,172.31.36.0-255,66,11123,13,268416
10486,9.7e-05,74.125.68.0-255,6056,17179,13,268416
10487,9.9e-05,172.31.36.0-255,66,17245,13,268416
10488,0.000104,74.125.68.0-255,2902,20147,13,268416
10489,0.000105,172.31.36.0-255,66,20213,13,268416
10490,0.000137,74.125.68.0-255,1484,21697,13,268416
10491,0.00014,172.31.36.0-255,66,21763,13,268416
10492,0.000164,74.125.68.0-255,9633,31396,13,268416
10493,0.000168,172.31.36.0-255,66,31462,13,268416
10494,0.000239,74.125.68.0-255,1484,32946,13,268416
10495,0.000242,172.31.36.0-255,66,33012,13,268416
10496,0.000255,74.125.68.0-255,2902,35914,13,268416
10497,0.000259,172.31.36.0-255,66,35980,13,268416
10498,0.000283,74.125.68.0-255,2902,38882,13,268416
10499,0.000286,172.31.36.0-255,66,38948,13,268416
10500,0.000303,74.125.68.0-255,1484,40432,13,268416
10501,0.000305,172.31.36.0-255,66,40498,13,268416
10502,0.000308,74.125.68.0-255,1484,41982,13,268416
10503,0.00031,172.31.36.0-255,66,42048,13,268416
10504,0.00033,74.125.68.0-255,4320,46368,13,268416
10505,0.000333,172.31.36.0-255,66,46434,13,268416
10506,0.000336,74.125.68.0-255,1484,47918,13,268416
10507,0.000363,74.125.68.0-255,5738,53656,13,268416
10508,0.000367,172.31.36.0-255,66,53722,13,268416
10509,0.000374,74.125.68.0-255,5738,59460,13,268416
10510,0.000377,172.31.36.0-255,66,59526,13,268416
10511,0.000406,74.125.68.0-255,1484,61010,13,268416
10512,0.000427,74.125.68.0-255,5020,66030,13,268416
10513,0.000431,172.31.36.0-255,66,66096,13,268416
10514,0.000434,74.125.68.0-255,365,66461,13,268416
10515,0.000485,74.125.68.0-255,129,66590,13,268416
10516,0.000525,74.125.68.0-255,1484,68074,13,268416
10517,0.00053,172.31.36.0-255,66,68140,13,268416
10518,0.000544,74.125.68.0-255,2902,71042,13,268416
10519,0.000547,172.31.36.0-255,66,71108,13,268416
10520,0.000571,74.125.68.0-255,2902,74010,13,268416
10521,0.000575,172.31.36.0-255,66,74076,13,268416
10522,0.000578,74.125.68.0-255,1484,75560,13,268416
10523,0.000597,74.125.68.0-255,2902,78462,13,268416
10524,0.0006,172.31.36.0-255,66,78528,13,268416
10525,0.000608,74.125.68.0-255,8574,87102,13,268416
10526,0.00061,172.31.36.0-255,66,87168,13,268416
10527,0.000615,74.125.68.0-255,4320,91488,13,268416
10528,0.000618,172.31.36.0-255,66,91554,13,268416
10529,0.000623,74.125.68.0-255,4320,95874,13,268416
10530,0.000625,172.31.36.0-255,66,95940,13,268416
10531,0.000638,74.125.68.0-255,1484,97424,13,268416
10532,0.000666,74.125.68.0-255,3602,101026,13,268416
10533,0.00067,172.31.36.0-255,66,101092,13,268416
10534,0.001335,74.125.68.0-255,1484,102576,13,268416
10535,0.001346,74.125.68.0-255,2902,105478,13,268416
10536,0.00135,172.31.36.0-255,66,105544,13,268416
10537,0.001375,74.125.68.0-255,5738,111282,13,268416
10538,0.001379,172.31.36.0-255,66,111348,13,268416
10539,0.001384,74.125.68.0-255,2902,114250,13,268416
10540,0.001386,172.31.36.0-255,66,114316,13,268416
10541,0.001409,74.125.68.0-255,4320,118636,13,268416
10542,0.001413,172.31.36.0-255,66,118702,13,268416
10543,0.001439,74.125.68.0-255,9992,128694,13,268416
10544,0.001442,172.31.36.0-255,66,128760,13,268416
10545,0.001464,74.125.68.0-255,4320,133080,13,268416
10546,0.001467,172.31.36.0-255,66,133146,13,268416
10547,0.00149,74.125.68.0-255,2184,135330,13,268416
10548,0.001494,172.31.36.0-255,66,135396,13,268416
10549,0.001578,74.125.68.0-255,1484,136880,13,268416
10550,0.001583,74.125.68.0-255,1484,138364,13,268416
10551,0.001587,172.31.36.0-255,66,138430,13,268416
10552,0.001606,74.125.68.0-255,1484,139914,13,268416
10553,0.001613,74.125.68.0-255,5738,145652,13,268416
10554,0.001615,172.31.36.0-255,66,145718,13,268416
10555,0.001621,74.125.68.0-255,4320,150038,13,268416
10556,0.001624,172.31.36.0-255,66,150104,13,268416
10557,0.001627,74.125.68.0-255,1484,151588,13,268416
10558,0.001648,74.125.68.0-255,4320,155908,13,268416
10559,0.001651,172.31.36.0-255,66,155974,13,268416
10560,0.001684,74.125.68.0-255,1484,157458,13,268416
10561,0.001705,74.125.68.0-255,9992,167450,13,268416
10562,0.001708,172.31.36.0-255,66,167516,13,268416
10563,0.001712,74.125.68.0-255,2184,169700,13,268416
10564,0.001715,172.31.36.0-255,66,169766,13,268416
10565,0.001718,74.125.68.0-255,1484,171250,13,268416
10566,0.001752,172.31.36.0-255,66,171316,13,268416
10567,0.001776,74.125.68.0-255,7156,178472,13,268416
10568,0.001779,172.31.36.0-255,66,178538,13,268416
10569,0.001811,74.125.68.0-255,9992,188530,13,268416
10570,0.001815,172.31.36.0-255,66,188596,13,268416
10571,0.001818,74.125.68.0-255,766,189362,13,268416
10572,0.001851,74.125.68.0-255,9992,199354,13,268416
10573,0.001855,172.31.36.0-255,66,199420,13,268416
10574,0.001888,74.125.68.0-255,7156,206576,13,268416
10575,0.001893,172.31.36.0-255,66,206642,13,268416
10576,0.001913,74.125.68.0-255,4320,210962,13,268416
10577,0.001917,172.31.36.0-255,66,211028,13,268416
10578,0.001921,74.125.68.0-255,2902,213930,13,268416
10579,0.001923,172.31.36.0-255,66,213996,13,268416
10580,0.001957,74.125.68.0-255,9274,223270,13,268416
10581,0.001962,172.31.36.0-255,66,223336,13,268416
10582,0.003989,74.125.68.0-255,5738,229074,13,268416
10583,0.003995,172.31.36.0-255,66,229140,13,268416
10584,0.006023,74.125.68.0-255,4320,233460,13,268416
10585,0.006027,172.31.36.0-255,66,233526,13,268416
10586,0.006047,74.125.68.0-255,1484,235010,13,268416
10587,0.008072,74.125.68.0-255,4320,239330,13,268416
10588,0.008079,172.31.36.0-255,66,239396,13,268416
10589,0.010121,74.125.68.0-255,5738,245134,13,268416
10590,0.010129,172.31.36.0-255,66,245200,13,268416
10591,0.012179,74.125.68.0-255,5738,250938,13,268416
10592,0.012186,172.31.36.0-255,66,251004,13,268416
10593,0.014223,74.125.68.0-255,5738,256742,13,268416
10594,0.014233,172.31.36.0-255,66,256808,13,268416
10595,0.016291,74.125.68.0-255,5738,262546,13,268416
10596,0.016299,172.31.36.0-255,66,262612,13,268416
10597,0.018406,74.125.68.0-255,5738,268350,13,268416
10598,0.018415,172.31.36.0-255,66,268416,13,268416
10599,0.0,74.125.200.0-255,344,344,13,209936
10600,2.9e-05,172.31.36.0-255,66,410,13,209936
10601,3.6e-05,74.125.200.0-255,1484,1894,13,209936
10602,4e-05,172.31.36.0-255,66,1960,13,209936
10603,4.4e-05,74.125.200.0-255,1484,3444,13,209936
10604,4.6e-05,172.31.36.0-255,66,3510,13,209936
10605,6.9e-05,74.125.200.0-255,1484,4994,13,209936
10606,7.2e-05,172.31.36.0-255,66,5060,13,209936
10607,8e-05,74.125.200.0-255,5738,10798,13,209936
10608,8.2e-05,172.31.36.0-255,66,10864,13,209936
10609,8.8e-05,74.125.200.0-255,3521,14385,13,209936
10610,9e-05,172.31.36.0-255,66,14451,13,209936
10611,0.000187,74.125.200.0-255,1484,15935,13,209936
10612,0.000191,172.31.36.0-255,66,16001,13,209936
10613,0.000214,74.125.200.0-255,2902,18903,13,209936
10614,0.000217,172.31.36.0-255,66,18969,13,209936
10615,0.000222,74.125.200.0-255,2902,21871,13,209936
10616,0.000224,172.31.36.0-255,66,21937,13,209936
10617,0.000239,74.125.200.0-255,2902,24839,13,209936
10618,0.000242,172.31.36.0-255,66,24905,13,209936
10619,0.000249,74.125.200.0-255,6797,31702,13,209936
10620,0.000251,172.31.36.0-255,66,31768,13,209936
10621,0.000288,74.125.200.0-255,5738,37506,13,209936
10622,0.000292,172.31.36.0-255,66,37572,13,209936
10623,0.000311,74.125.200.0-255,1484,39056,13,209936
10624,0.000329,172.31.36.0-255,66,39122,13,209936
10625,0.000335,74.125.200.0-255,4320,43442,13,209936
10626,0.000338,172.31.36.0-255,66,43508,13,209936
10627,0.000343,74.125.200.0-255,2902,46410,13,209936
10628,0.000346,172.31.36.0-255,66,46476,13,209936
10629,0.000369,74.125.200.0-255,2543,49019,13,209936
10630,0.000373,172.31.36.0-255,66,49085,13,209936
10631,0.00038,74.125.200.0-255,5738,54823,13,209936
10632,0.000383,172.31.36.0-255,66,54889,13,209936
10633,0.000396,74.125.200.0-255,4320,59209,13,209936
10634,0.000399,172.31.36.0-255,66,59275,13,209936
10635,0.000427,74.125.200.0-255,5738,65013,13,209936
10636,0.00043,172.31.36.0-255,66,65079,13,209936
10637,0.000434,74.125.200.0-255,1434,66513,13,209936
10638,0.00074,74.125.200.0-255,111,66624,13,209936
10639,0.000791,74.125.200.0-255,1484,68108,13,209936
10640,0.000795,172.31.36.0-255,66,68174,13,209936
10641,0.000799,74.125.200.0-255,1484,69658,13,209936
10642,0.000813,74.125.200.0-255,1484,71142,13,209936
10643,0.000815,172.31.36.0-255,66,71208,13,209936
10644,0.000819,74.125.200.0-255,1484,72692,13,209936
10645,0.000838,74.125.200.0-255,4320,77012,13,209936
10646,0.00084,172.31.36.0-255,66,77078,13,209936
10647,0.000844,74.125.200.0-255,1484,78562,13,209936
10648,0.000868,74.125.200.0-255,8574,87136,13,209936
10649,0.000871,172.31.36.0-255,66,87202,13,209936
10650,0.000879,74.125.200.0-255,8574,95776,13,209936
10651,0.000882,172.31.36.0-255,66,95842,13,209936
10652,0.000903,74.125.200.0-255,2902,98744,13,209936
10653,0.000906,172.31.36.0-255,66,98810,13,209936
10654,0.00091,74.125.200.0-255,2184,100994,13,209936
10655,0.000912,172.31.36.0-255,66,101060,13,209936
10656,0.000915,74.125.200.0-255,332,101392,13,209936
10657,0.00101,74.125.200.0-255,1484,102876,13,209936
10658,0.001015,172.31.36.0-255,66,102942,13,209936
10659,0.00102,74.125.200.0-255,2902,105844,13,209936
10660,0.001021,172.31.36.0-255,66,105910,13,209936
10661,0.001064,74.125.200.0-255,5738,111648,13,209936
10662,0.001067,172.31.36.0-255,66,111714,13,209936
10663,0.001072,74.125.200.0-255,2902,114616,13,209936
10664,0.001074,172.31.36.0-255,66,114682,13,209936
10665,0.001081,74.125.200.0-255,7156,121838,13,209936
10666,0.001083,172.31.36.0-255,66,121904,13,209936
10667,0.001102,74.125.200.0-255,2902,124806,13,209936
10668,0.001105,172.31.36.0-255,66,124872,13,209936
10669,0.001113,74.125.200.0-255,8574,133446,13,209936
10670,0.001115,172.31.36.0-255,66,133512,13,209936
10671,0.00113,74.125.200.0-255,2184,135696,13,209936
10672,0.001133,172.31.36.0-255,66,135762,13,209936
10673,0.002011,74.125.200.0-255,1484,137246,13,209936
10674,0.002033,74.125.200.0-255,2902,140148,13,209936
10675,0.002038,172.31.36.0-255,66,140214,13,209936
10676,0.002042,74.125.200.0-255,1484,141698,13,209936
10677,0.002061,74.125.200.0-255,4320,146018,13,209936
10678,0.002064,172.31.36.0-255,66,146084,13,209936
10679,0.002068,74.125.200.0-255,4320,150404,13,209936
10680,0.002071,172.31.36.0-255,66,150470,13,209936
10681,0.0021,74.125.200.0-255,5738,156208,13,209936
10682,0.002103,172.31.36.0-255,66,156274,13,209936
10683,0.002122,74.125.200.0-255,2902,159176,13,209936
10684,0.002125,172.31.36.0-255,66,159242,13,209936
10685,0.002149,74.125.200.0-255,4320,163562,13,209936
10686,0.002153,172.31.36.0-255,66,163628,13,209936
10687,0.002166,74.125.200.0-255,4320,167948,13,209936
10688,0.002169,172.31.36.0-255,66,168014,13,209936
10689,0.002187,74.125.200.0-255,2184,170198,13,209936
10690,0.00219,172.31.36.0-255,66,170264,13,209936
10691,0.004421,74.125.200.0-255,2902,173166,13,209936
10692,0.004427,172.31.36.0-255,66,173232,13,209936
10693,0.004452,74.125.200.0-255,2902,176134,13,209936
10694,0.004455,172.31.36.0-255,66,176200,13,209936
10695,0.006696,74.125.200.0-255,2902,179102,13,209936
10696,0.006703,172.31.36.0-255,66,179168,13,209936
10697,0.006731,74.125.200.0-255,2902,182070,13,209936
10698,0.006734,172.31.36.0-255,66,182136,13,209936
10699,0.008989,74.125.200.0-255,2902,185038,13,209936
10700,0.008996,172.31.36.0-255,66,185104,13,209936
10701,0.009016,74.125.200.0-255,2902,188006,13,209936
10702,0.009018,172.31.36.0-255,66,188072,13,209936
10703,0.011263,74.125.200.0-255,4320,192392,13,209936
10704,0.011272,172.31.36.0-255,66,192458,13,209936
10705,0.011305,74.125.200.0-255,1484,193942,13,209936
10706,0.013554,74.125.200.0-255,4320,198262,13,209936
10707,0.013563,172.31.36.0-255,66,198328,13,209936
10708,0.015836,74.125.200.0-255,5738,204066,13,209936
10709,0.015845,172.31.36.0-255,66,204132,13,209936
10710,0.018128,74.125.200.0-255,5738,209870,13,209936
10711,0.018134,172.31.36.0-255,66,209936,13,209936
10712,0.0,74.125.68.0-255,153,153,13,190242
10713,2.3e-05,172.31.36.0-255,66,219,13,190242
10714,5.9e-05,74.125.68.0-255,1484,1703,13,190242
10715,6.4e-05,172.31.36.0-255,66,1769,13,190242
10716,7e-05,74.125.68.0-255,2902,4671,13,190242
10717,7.2e-05,172.31.36.0-255,66,4737,13,190242
10718,7.5e-05,74.125.68.0-255,1484,6221,13,190242
10719,7.8e-05,172.31.36.0-255,66,6287,13,190242
10720,8.4e-05,74.125.68.0-255,2902,9189,13,190242
10721,8.8e-05,172.31.36.0-255,66,9255,13,190242
10722,0.000117,74.125.68.0-255,1484,10739,13,190242
10723,0.000119,172.31.36.0-255,66,10805,13,190242
10724,0.000156,74.125.68.0-255,4868,15673,13,190242
10725,0.000159,172.31.36.0-255,66,15739,13,190242
10726,0.000163,74.125.68.0-255,2902,18641,13,190242
10727,0.000165,172.31.36.0-255,66,18707,13,190242
10728,0.000176,74.125.68.0-255,4320,23027,13,190242
10729,0.000178,172.31.36.0-255,66,23093,13,190242
10730,0.000186,74.125.68.0-255,8215,31308,13,190242
10731,0.000189,172.31.36.0-255,66,31374,13,190242
10732,0.000297,74.125.68.0-255,1484,32858,13,190242
10733,0.000301,172.31.36.0-255,66,32924,13,190242
10734,0.000306,74.125.68.0-255,2902,35826,13,190242
10735,0.000309,172.31.36.0-255,66,35892,13,190242
10736,0.000342,74.125.68.0-255,5738,41630,13,190242
10737,0.000345,172.31.36.0-255,66,41696,13,190242
10738,0.000352,74.125.68.0-255,6797,48493,13,190242
10739,0.000354,172.31.36.0-255,66,48559,13,190242
10740,0.000375,74.125.68.0-255,1484,50043,13,190242
10741,0.000378,172.31.36.0-255,66,50109,13,190242
10742,0.000406,74.125.68.0-255,7156,57265,13,190242
10743,0.000409,172.31.36.0-255,66,57331,13,190242
10744,0.000446,74.125.68.0-255,8484,65815,13,190242
10745,0.000545,172.31.36.0-255,66,65881,13,190242
10746,0.000557,74.125.68.0-255,131,66012,13,190242
10747,0.000725,74.125.68.0-255,1484,67496,13,190242
10748,0.000742,74.125.68.0-255,2902,70398,13,190242
10749,0.00076,74.125.68.0-255,1484,71882,13,190242
10750,0.000764,172.31.36.0-255,66,71948,13,190242
10751,0.000773,74.125.68.0-255,2902,74850,13,190242
10752,0.000784,172.31.36.0-255,66,74916,13,190242
10753,0.000796,74.125.68.0-255,5738,80654,13,190242
10754,0.000817,74.125.68.0-255,2543,83197,13,190242
10755,0.00082,74.125.68.0-255,1484,84681,13,190242
10756,0.000835,74.125.68.0-255,1484,86165,13,190242
10757,0.000851,74.125.68.0-255,4320,90485,13,190242
10758,0.000856,172.31.36.0-255,66,90551,13,190242
10759,0.000868,74.125.68.0-255,2902,93453,13,190242
10760,0.000874,74.125.68.0-255,1484,94937,13,190242
10761,0.00089,74.125.68.0-255,2902,97839,13,190242
10762,0.000903,172.31.36.0-255,66,97905,13,190242
10763,0.000914,74.125.68.0-255,2543,100448,13,190242
10764,0.000942,172.31.36.0-255,66,100514,13,190242
10765,0.001344,74.125.68.0-255,352,100866,13,190242
10766,0.001425,172.31.36.0-255,66,100932,13,190242
10767,0.001522,74.125.68.0-255,1484,102416,13,190242
10768,0.00153,74.125.68.0-255,2902,105318,13,190242
10769,0.001546,74.125.68.0-255,4320,109638,13,190242
10770,0.001563,74.125.68.0-255,1484,111122,13,190242
10771,0.001575,74.125.68.0-255,2902,114024,13,190242
10772,0.001591,74.125.68.0-255,2902,116926,13,190242
10773,0.001604,74.125.68.0-255,2902,119828,13,190242
10774,0.001618,74.125.68.0-255,4320,124148,13,190242
10775,0.00164,74.125.68.0-255,1484,125632,13,190242
10776,0.001657,74.125.68.0-255,5738,131370,13,190242
10777,0.001673,74.125.68.0-255,3602,134972,13,190242
10778,0.002144,74.125.68.0-255,1484,136456,13,190242
10779,0.00215,74.125.68.0-255,1484,137940,13,190242
10780,0.002164,74.125.68.0-255,1484,139424,13,190242
10781,0.002171,74.125.68.0-255,4320,143744,13,190242
10782,0.002183,74.125.68.0-255,1484,145228,13,190242
10783,0.002209,74.125.68.0-255,7156,152384,13,190242
10784,0.002235,74.125.68.0-255,7156,159540,13,190242
10785,0.002247,74.125.68.0-255,1484,161024,13,190242
10786,0.00225,74.125.68.0-255,1484,162508,13,190242
10787,0.007584,172.31.36.0-255,66,162574,13,190242
10788,0.009827,74.125.68.0-255,5738,168312,13,190242
10789,0.009835,172.31.36.0-255,66,168378,13,190242
10790,0.012047,74.125.68.0-255,4320,172698,13,190242
10791,0.012056,172.31.36.0-255,66,172764,13,190242
10792,0.012086,74.125.68.0-255,1484,174248,13,190242
10793,0.014272,74.125.68.0-255,4320,178568,13,190242
10794,0.014283,172.31.36.0-255,66,178634,13,190242
10795,0.016505,74.125.68.0-255,5738,184372,13,190242
10796,0.016557,172.31.36.0-255,66,184438,13,190242
10797,0.018787,74.125.68.0-255,5738,190176,13,190242
10798,0.018795,172.31.36.0-255,66,190242,13,190242
10799,0.0,74.125.68.0-255,143,143,13,163892
10800,2.2e-05,172.31.36.0-255,66,209,13,163892
10801,3e-05,74.125.68.0-255,1484,1693,13,163892
10802,3.4e-05,172.31.36.0-255,66,1759,13,163892
10803,3.7e-05,74.125.68.0-255,1484,3243,13,163892
10804,3.9e-05,172.31.36.0-255,66,3309,13,163892
10805,4.5e-05,74.125.68.0-255,2902,6211,13,163892
10806,4.8e-05,172.31.36.0-255,66,6277,13,163892
10807,8.4e-05,74.125.68.0-255,5738,12015,13,163892
10808,8.7e-05,172.31.36.0-255,66,12081,13,163892
10809,0.000137,74.125.68.0-255,4922,17003,13,163892
10810,0.00014,172.31.36.0-255,66,17069,13,163892
10811,0.000161,74.125.68.0-255,4320,21389,13,163892
10812,0.000164,172.31.36.0-255,66,21455,13,163892
10813,0.000185,74.125.68.0-255,1484,22939,13,163892
10814,0.000187,172.31.36.0-255,66,23005,13,163892
10815,0.000193,74.125.68.0-255,4320,27325,13,163892
10816,0.000195,172.31.36.0-255,66,27391,13,163892
10817,0.000221,74.125.68.0-255,3961,31352,13,163892
10818,0.000224,172.31.36.0-255,66,31418,13,163892
10819,0.000331,74.125.68.0-255,1484,32902,13,163892
10820,0.000335,172.31.36.0-255,66,32968,13,163892
10821,0.000339,74.125.68.0-255,1484,34452,13,163892
10822,0.000341,172.31.36.0-255,66,34518,13,163892
10823,0.000356,74.125.68.0-255,1484,36002,13,163892
10824,0.000358,172.31.36.0-255,66,36068,13,163892
10825,0.000384,74.125.68.0-255,2902,38970,13,163892
10826,0.000387,172.31.36.0-255,66,39036,13,163892
10827,0.000411,74.125.68.0-255,2902,41938,13,163892
10828,0.000414,172.31.36.0-255,66,42004,13,163892
10829,0.000423,74.125.68.0-255,6797,48801,13,163892
10830,0.000425,172.31.36.0-255,66,48867,13,163892
10831,0.000429,74.125.68.0-255,2902,51769,13,163892
10832,0.000433,172.31.36.0-255,66,51835,13,163892
10833,0.000439,74.125.68.0-255,4320,56155,13,163892
10834,0.000441,172.31.36.0-255,66,56221,13,163892
10835,0.000469,74.125.68.0-255,5738,61959,13,163892
10836,0.000471,172.31.36.0-255,66,62025,13,163892
10837,0.000489,74.125.68.0-255,2902,64927,13,163892
10838,0.000491,172.31.36.0-255,66,64993,13,163892
10839,0.000494,74.125.68.0-255,1125,66118,13,163892
10840,0.000511,74.125.68.0-255,355,66473,13,163892
10841,0.000678,74.125.68.0-255,388,66861,13,163892
10842,0.000683,172.31.36.0-255,66,66927,13,163892
10843,0.000798,74.125.68.0-255,1484,68411,13,163892
10844,0.000821,74.125.68.0-255,1484,69895,13,163892
10845,0.000824,172.31.36.0-255,66,69961,13,163892
10846,0.000843,74.125.68.0-255,1484,71445,13,163892
10847,0.000849,74.125.68.0-255,4320,75765,13,163892
10848,0.000851,172.31.36.0-255,66,75831,13,163892
10849,0.000864,74.125.68.0-255,1484,77315,13,163892
10850,0.00087,74.125.68.0-255,4320,81635,13,163892
10851,0.000872,172.31.36.0-255,66,81701,13,163892
10852,0.000876,74.125.68.0-255,1484,83185,13,163892
10853,0.000905,172.31.36.0-255,66,83251,13,163892
10854,0.000911,74.125.68.0-255,4320,87571,13,163892
10855,0.000913,172.31.36.0-255,66,87637,13,163892
10856,0.000936,74.125.68.0-255,2543,90180,13,163892
10857,0.000939,172.31.36.0-255,66,90246,13,163892
10858,0.002147,74.125.68.0-255,1484,91730,13,163892
10859,0.002156,74.125.68.0-255,1484,93214,13,163892
10860,0.002161,172.31.36.0-255,66,93280,13,163892
10861,0.002167,74.125.68.0-255,1484,94764,13,163892
10862,0.002182,74.125.68.0-255,1484,96248,13,163892
10863,0.002184,172.31.36.0-255,66,96314,13,163892
10864,0.002198,74.125.68.0-255,2902,99216,13,163892
10865,0.0022,172.31.36.0-255,66,99282,13,163892
10866,0.002223,74.125.68.0-255,2902,102184,13,163892
10867,0.002225,172.31.36.0-255,66,102250,13,163892
10868,0.002233,74.125.68.0-255,7156,109406,13,163892
10869,0.002235,172.31.36.0-255,66,109472,13,163892
10870,0.002272,74.125.68.0-255,9992,119464,13,163892
10871,0.002275,172.31.36.0-255,66,119530,13,163892
10872,0.002306,74.125.68.0-255,4320,123850,13,163892
10873,0.002308,172.31.36.0-255,66,123916,13,163892
10874,0.002312,74.125.68.0-255,766,124682,13,163892
10875,0.004567,74.125.68.0-255,4320,129002,13,163892
10876,0.00457,172.31.36.0-255,66,129068,13,163892
10877,0.006835,74.125.68.0-255,5738,134806,13,163892
10878,0.006841,172.31.36.0-255,66,134872,13,163892
10879,0.009102,74.125.68.0-255,5738,140610,13,163892
10880,0.00911,172.31.36.0-255,66,140676,13,163892
10881,0.011373,74.125.68.0-255,5738,146414,13,163892
10882,0.011382,172.31.36.0-255,66,146480,13,163892
10883,0.013659,74.125.68.0-255,5738,152218,13,163892
10884,0.013667,172.31.36.0-255,66,152284,13,163892
10885,0.015926,74.125.68.0-255,5738,158022,13,163892
10886,0.015934,172.31.36.0-255,66,158088,13,163892
10887,0.018186,74.125.68.0-255,5738,163826,13,163892
10888,0.018193,172.31.36.0-255,66,163892,13,163892
10889,0.0,172.217.24.0-255,146,146,13,356558
10890,1.6e-05,172.31.36.0-255,66,212,13,356558
10891,2.3e-05,172.217.24.0-255,1484,1696,13,356558
10892,2.8e-05,172.31.36.0-255,66,1762,13,356558
10893,3.4e-05,172.217.24.0-255,2902,4664,13,356558
10894,3.8e-05,172.31.36.0-255,66,4730,13,356558
10895,4.5e-05,172.217.24.0-255,7156,11886,13,356558
10896,4.9e-05,172.31.36.0-255,66,11952,13,356558
10897,7.4e-05,172.217.24.0-255,2000,13952,13,356558
10898,7.7e-05,172.31.36.0-255,66,14018,13,356558
10899,9.5e-05,172.217.24.0-255,2902,16920,13,356558
10900,9.8e-05,172.31.36.0-255,66,16986,13,356558
10901,0.000126,172.217.24.0-255,7156,24142,13,356558
10902,0.000128,172.31.36.0-255,66,24208,13,356558
10903,0.000172,172.217.24.0-255,5738,29946,13,356558
10904,0.000175,172.31.36.0-255,66,30012,13,356558
10905,0.000192,172.217.24.0-255,1125,31137,13,356558
10906,0.000195,172.31.36.0-255,66,31203,13,356558
10907,0.000273,172.217.24.0-255,1484,32687,13,356558
10908,0.000277,172.31.36.0-255,66,32753,13,356558
10909,0.000282,172.217.24.0-255,2902,35655,13,356558
10910,0.000285,172.31.36.0-255,66,35721,13,356558
10911,0.000291,172.217.24.0-255,5738,41459,13,356558
10912,0.000294,172.31.36.0-255,66,41525,13,356558
10913,0.00032,172.217.24.0-255,6797,48322,13,356558
10914,0.000323,172.31.36.0-255,66,48388,13,356558
10915,0.000452,172.217.24.0-255,1484,49872,13,356558
10916,0.000456,172.31.36.0-255,66,49938,13,356558
10917,0.000462,172.217.24.0-255,2902,52840,13,356558
10918,0.000465,172.31.36.0-255,66,52906,13,356558
10919,0.000469,172.217.24.0-255,2902,55808,13,356558
10920,0.000471,172.31.36.0-255,66,55874,13,356558
10921,0.000476,172.217.24.0-255,2902,58776,13,356558
10922,0.000478,172.31.36.0-255,66,58842,13,356558
10923,0.000496,172.217.24.0-255,1484,60326,13,356558
10924,0.000499,172.31.36.0-255,66,60392,13,356558
10925,0.00053,172.217.24.0-255,5379,65771,13,356558
10926,0.000533,172.31.36.0-255,66,65837,13,356558
10927,0.000586,172.217.24.0-255,398,66235,13,356558
10928,0.000589,172.31.36.0-255,66,66301,13,356558
10929,0.001068,172.217.24.0-255,114,66415,13,356558
10930,0.001073,172.31.36.0-255,66,66481,13,356558
10931,0.00124,172.217.24.0-255,1484,67965,13,356558
10932,0.001246,172.31.36.0-255,66,68031,13,356558
10933,0.001254,172.217.24.0-255,2902,70933,13,356558
10934,0.001257,172.31.36.0-255,66,70999,13,356558
10935,0.001263,172.217.24.0-255,4320,75319,13,356558
10936,0.001265,172.31.36.0-255,66,75385,13,356558
10937,0.001315,172.217.24.0-255,7156,82541,13,356558
10938,0.001318,172.31.36.0-255,66,82607,13,356558
10939,0.001338,172.217.24.0-255,2543,85150,13,356558
10940,0.00134,172.31.36.0-255,66,85216,13,356558
10941,0.001355,172.31.36.0-255,66,85282,13,356558
10942,0.001359,172.217.24.0-255,1125,86407,13,356558
10943,0.001686,172.217.24.0-255,1484,87891,13,356558
10944,0.001693,172.31.36.0-255,66,87957,13,356558
10945,0.0017,172.217.24.0-255,2902,90859,13,356558
10946,0.001702,172.31.36.0-255,66,90925,13,356558
10947,0.001705,172.217.24.0-255,1484,92409,13,356558
10948,0.001725,172.217.24.0-255,1484,93893,13,356558
10949,0.001727,172.31.36.0-255,66,93959,13,356558
10950,0.001733,172.217.24.0-255,4320,98279,13,356558
10951,0.001735,172.31.36.0-255,66,98345,13,356558
10952,0.001776,172.217.24.0-255,8574,106919,13,356558
10953,0.001779,172.31.36.0-255,66,106985,13,356558
10954,0.001785,172.217.24.0-255,4320,111305,13,356558
10955,0.001788,172.31.36.0-255,66,111371,13,356558
10956,0.001795,172.217.24.0-255,5738,117109,13,356558
10957,0.001797,172.31.36.0-255,66,117175,13,356558
10958,0.00182,172.217.24.0-255,3602,120777,13,356558
10959,0.001823,172.31.36.0-255,66,120843,13,356558
10960,0.001946,172.217.24.0-255,1484,122327,13,356558
10961,0.001952,172.217.24.0-255,1484,123811,13,356558
10962,0.001955,172.31.36.0-255,66,123877,13,356558
10963,0.001976,172.217.24.0-255,2902,126779,13,356558
10964,0.001979,172.31.36.0-255,66,126845,13,356558
10965,0.001985,172.217.24.0-255,4320,131165,13,356558
10966,0.001988,172.31.36.0-255,66,131231,13,356558
10967,0.002,172.217.24.0-255,1484,132715,13,356558
10968,0.002025,172.217.24.0-255,5738,138453,13,356558
10969,0.002028,172.31.36.0-255,66,138519,13,356558
10970,0.002035,172.217.24.0-255,7156,145675,13,356558
10971,0.002037,172.31.36.0-255,66,145741,13,356558
10972,0.002046,172.217.24.0-255,8574,154315,13,356558
10973,0.002049,172.31.36.0-255,66,154381,13,356558
10974,0.002051,172.217.24.0-255,766,155147,13,356558
10975,0.002146,172.217.24.0-255,1484,156631,13,356558
10976,0.002151,172.31.36.0-255,66,156697,13,356558
10977,0.002157,172.217.24.0-255,2902,159599,13,356558
10978,0.002159,172.31.36.0-255,66,159665,13,356558
10979,0.002163,172.217.24.0-255,1484,161149,13,356558
10980,0.002191,172.217.24.0-255,4320,165469,13,356558
10981,0.002193,172.31.36.0-255,66,165535,13,356558
10982,0.002201,172.217.24.0-255,7156,172691,13,356558
10983,0.002203,172.31.36.0-255,66,172757,13,356558
10984,0.002212,172.217.24.0-255,8574,181331,13,356558
10985,0.002214,172.31.36.0-255,66,181397,13,356558
10986,0.002217,172.217.24.0-255,1484,182881,13,356558
10987,0.002219,172.217.24.0-255,1484,184365,13,356558
10988,0.002221,172.31.36.0-255,66,184431,13,356558
10989,0.002226,172.217.24.0-255,2902,187333,13,356558
10990,0.002228,172.31.36.0-255,66,187399,13,356558
10991,0.002253,172.217.24.0-255,2184,189583,13,356558
10992,0.002255,172.31.36.0-255,66,189649,13,356558
10993,0.002288,172.217.24.0-255,1484,191133,13,356558
10994,0.002291,172.217.24.0-255,1484,192617,13,356558
10995,0.002294,172.31.36.0-255,66,192683,13,356558
10996,0.002311,172.217.24.0-255,1484,194167,13,356558
10997,0.002318,172.217.24.0-255,5738,199905,13,356558
10998,0.00232,172.31.36.0-255,66,199971,13,356558
10999,0.00234,172.217.24.0-255,4320,204291,13,356558
11000,0.002344,172.31.36.0-255,66,204357,13,356558
11001,0.002351,172.217.24.0-255,7156,211513,13,356558
11002,0.002353,172.31.36.0-255,66,211579,13,356558
11003,0.00237,172.217.24.0-255,4320,215899,13,356558
11004,0.002373,172.31.36.0-255,66,215965,13,356558
11005,0.002378,172.217.24.0-255,4320,220285,13,356558
11006,0.00238,172.31.36.0-255,66,220351,13,356558
11007,0.0024,172.217.24.0-255,3602,223953,13,356558
11008,0.002464,172.217.24.0-255,1484,225437,13,356558
11009,0.002481,172.217.24.0-255,2902,228339,13,356558
11010,0.002485,172.217.24.0-255,2902,231241,13,356558
11011,0.0025,172.217.24.0-255,2902,234143,13,356558
11012,0.002537,172.217.24.0-255,9992,244135,13,356558
11013,0.002553,172.217.24.0-255,2902,247037,13,356558
11014,0.002559,172.217.24.0-255,7156,254193,13,356558
11015,0.002563,172.217.24.0-255,3602,257795,13,356558
11016,0.002677,172.217.24.0-255,1484,259279,13,356558
11017,0.002682,172.217.24.0-255,2902,262181,13,356558
11018,0.002702,172.217.24.0-255,5738,267919,13,356558
11019,0.002715,172.217.24.0-255,1484,269403,13,356558
11020,0.002745,172.217.24.0-255,8574,277977,13,356558
11021,0.002784,172.217.24.0-255,2184,280161,13,356558
11022,0.003073,172.217.24.0-255,1484,281645,13,356558
11023,0.003079,172.217.24.0-255,2902,284547,13,356558
11024,0.003106,172.217.24.0-255,5738,290285,13,356558
11025,0.003111,172.217.24.0-255,2902,293187,13,356558
11026,0.003125,172.217.24.0-255,4320,297507,13,356558
11027,0.003144,172.217.24.0-255,8574,306081,13,356558
11028,0.003166,172.217.24.0-255,5738,311819,13,356558
11029,0.00317,172.217.24.0-255,2184,314003,13,356558
11030,0.003207,172.217.24.0-255,7156,321159,13,356558
11031,0.003222,172.217.24.0-255,1484,322643,13,356558
11032,0.003231,172.217.24.0-255,9992,332635,13,356558
11033,0.003234,172.217.24.0-255,1484,334119,13,356558
11034,0.003257,172.217.24.0-255,7156,341275,13,356558
11035,0.003286,172.217.24.0-255,6438,347713,13,356558
11036,0.003318,172.217.24.0-255,8503,356216,13,356558
11037,0.003355,172.217.24.0-255,105,356321,13,356558
11038,0.008154,172.31.36.0-255,66,356387,13,356558
11039,0.010269,172.31.36.0-255,105,356492,13,356558
11040,0.012182,172.217.24.0-255,66,356558,13,356558
11041,0.0,172.217.194.0-255,153,153,13,253125
11042,2.1e-05,172.31.36.0-255,66,219,13,253125
11043,2.8e-05,172.217.194.0-255,1484,1703,13,253125
11044,3.3e-05,172.31.36.0-255,66,1769,13,253125
11045,3.9e-05,172.217.194.0-255,2902,4671,13,253125
11046,4.9e-05,172.31.36.0-255,66,4737,13,253125
11047,5.5e-05,172.217.194.0-255,4320,9057,13,253125
11048,5.8e-05,172.31.36.0-255,66,9123,13,253125
11049,7.8e-05,172.217.194.0-255,5738,14861,13,253125
11050,8.1e-05,172.31.36.0-255,66,14927,13,253125
11051,0.000112,172.217.194.0-255,3432,18359,13,253125
11052,0.000115,172.31.36.0-255,66,18425,13,253125
11053,0.000153,172.217.194.0-255,7156,25581,13,253125
11054,0.000156,172.31.36.0-255,66,25647,13,253125
11055,0.000179,172.217.194.0-255,2902,28549,13,253125
11056,0.000182,172.31.36.0-255,66,28615,13,253125
11057,0.000187,172.217.194.0-255,2543,31158,13,253125
11058,0.000189,172.31.36.0-255,66,31224,13,253125
11059,0.000274,172.217.194.0-255,1484,32708,13,253125
11060,0.000278,172.31.36.0-255,66,32774,13,253125
11061,0.000283,172.217.194.0-255,2902,35676,13,253125
11062,0.000285,172.31.36.0-255,66,35742,13,253125
11063,0.000289,172.217.194.0-255,2902,38644,13,253125
11064,0.000291,172.31.36.0-255,66,38710,13,253125
11065,0.00032,172.217.194.0-255,2902,41612,13,253125
11066,0.000322,172.31.36.0-255,66,41678,13,253125
11067,0.000337,172.31.36.0-255,66,41744,13,253125
11068,0.000341,172.217.194.0-255,2902,44646,13,253125
11069,0.000344,172.31.36.0-255,66,44712,13,253125
11070,0.000376,172.217.194.0-255,7049,51761,13,253125
11071,0.000379,172.31.36.0-255,66,51827,13,253125
11072,0.000383,172.217.194.0-255,117,51944,13,253125
11073,0.000437,172.217.194.0-255,1484,53428,13,253125
11074,0.00044,172.31.36.0-255,66,53494,13,253125
11075,0.000444,172.217.194.0-255,1484,54978,13,253125
11076,0.000471,172.217.194.0-255,1484,56462,13,253125
11077,0.000474,172.31.36.0-255,66,56528,13,253125
11078,0.000481,172.217.194.0-255,5738,62266,13,253125
11079,0.000483,172.31.36.0-255,66,62332,13,253125
11080,0.000493,172.217.194.0-255,4320,66652,13,253125
11081,0.000495,172.31.36.0-255,66,66718,13,253125
11082,0.00053,172.217.194.0-255,9633,76351,13,253125
11083,0.000533,172.31.36.0-255,66,76417,13,253125
11084,0.000541,172.217.194.0-255,7156,83573,13,253125
11085,0.000544,172.31.36.0-255,66,83639,13,253125
11086,0.000548,172.217.194.0-255,2860,86499,13,253125
11087,0.000551,172.31.36.0-255,66,86565,13,253125
11088,0.000613,172.217.194.0-255,1484,88049,13,253125
11089,0.00063,172.217.194.0-255,2902,90951,13,253125
11090,0.000633,172.31.36.0-255,66,91017,13,253125
11091,0.00064,172.217.194.0-255,5738,96755,13,253125
11092,0.000642,172.31.36.0-255,66,96821,13,253125
11093,0.000663,172.217.194.0-255,2902,99723,13,253125
11094,0.000666,172.31.36.0-255,66,99789,13,253125
11095,0.000695,172.217.194.0-255,9992,109781,13,253125
11096,0.000697,172.31.36.0-255,66,109847,13,253125
11097,0.000701,172.217.194.0-255,1484,111331,13,253125
11098,0.00074,172.217.194.0-255,9274,120605,13,253125
11099,0.000743,172.31.36.0-255,66,120671,13,253125
11100,0.000746,172.217.194.0-255,1484,122155,13,253125
11101,0.000774,172.217.194.0-255,2902,125057,13,253125
11102,0.000776,172.31.36.0-255,66,125123,13,253125
11103,0.000782,172.217.194.0-255,4320,129443,13,253125
11104,0.000785,172.31.36.0-255,66,129509,13,253125
11105,0.00081,172.217.194.0-255,1484,130993,13,253125
11106,0.000817,172.217.194.0-255,4320,135313,13,253125
11107,0.000819,172.31.36.0-255,66,135379,13,253125
11108,0.000825,172.217.194.0-255,4320,139699,13,253125
11109,0.000828,172.31.36.0-255,66,139765,13,253125
11110,0.000868,172.217.194.0-255,7156,146921,13,253125
11111,0.000872,172.31.36.0-255,66,146987,13,253125
11112,0.000879,172.217.194.0-255,7156,154143,13,253125
11113,0.000882,172.31.36.0-255,66,154209,13,253125
11114,0.000884,172.217.194.0-255,766,154975,13,253125
11115,0.000997,172.217.194.0-255,1484,156459,13,253125
11116,0.001002,172.31.36.0-255,66,156525,13,253125
11117,0.001007,172.217.194.0-255,2902,159427,13,253125
11118,0.00101,172.31.36.0-255,66,159493,13,253125
11119,0.00104,172.217.194.0-255,5738,165231,13,253125
11120,0.001043,172.31.36.0-255,66,165297,13,253125
11121,0.001049,172.217.194.0-255,5738,171035,13,253125
11122,0.001051,172.31.36.0-255,66,171101,13,253125
11123,0.001072,172.217.194.0-255,1484,172585,13,253125
11124,0.001089,172.31.36.0-255,66,172651,13,253125
11125,0.001115,172.217.194.0-255,2184,174835,13,253125
11126,0.001118,172.31.36.0-255,66,174901,13,253125
11127,0.001218,172.217.194.0-255,1484,176385,13,253125
11128,0.001224,172.217.194.0-255,2902,179287,13,253125
11129,0.001227,172.31.36.0-255,66,179353,13,253125
11130,0.00127,172.217.194.0-255,2902,182255,13,253125
11131,0.001272,172.31.36.0-255,66,182321,13,253125
11132,0.001301,172.217.194.0-255,2902,185223,13,253125
11133,0.001304,172.31.36.0-255,66,185289,13,253125
11134,0.001309,172.217.194.0-255,4320,189609,13,253125
11135,0.001311,172.31.36.0-255,66,189675,13,253125
11136,0.001325,172.31.36.0-255,66,189741,13,253125
11137,0.001333,172.217.194.0-255,8574,198315,13,253125
11138,0.001335,172.31.36.0-255,66,198381,13,253125
11139,0.001366,172.217.194.0-255,7856,206237,13,253125
11140,0.001369,172.31.36.0-255,66,206303,13,253125
11141,0.001381,172.217.194.0-255,7156,213459,13,253125
11142,0.001384,172.31.36.0-255,66,213525,13,253125
11143,0.001434,172.217.194.0-255,9992,223517,13,253125
11144,0.001437,172.31.36.0-255,66,223583,13,253125
11145,0.001445,172.217.194.0-255,7856,231439,13,253125
11146,0.001448,172.31.36.0-255,66,231505,13,253125
11147,0.001468,172.31.36.0-255,66,231571,13,253125
11148,0.001503,172.217.194.0-255,2902,234473,13,253125
11149,0.001506,172.31.36.0-255,66,234539,13,253125
11150,0.001514,172.217.194.0-255,6438,240977,13,253125
11151,0.001516,172.31.36.0-255,66,241043,13,253125
11152,0.001544,172.31.36.0-255,66,241109,13,253125
11153,0.001547,172.217.194.0-255,1484,242593,13,253125
11154,0.001586,172.31.36.0-255,66,242659,13,253125
11155,0.001641,172.217.194.0-255,9992,252651,13,253125
11156,0.001645,172.31.36.0-255,66,252717,13,253125
11157,0.001662,172.31.36.0-255,66,252783,13,253125
11158,0.001665,172.217.194.0-255,105,252888,13,253125
11159,0.004614,172.31.36.0-255,66,252954,13,253125
11160,0.004653,172.31.36.0-255,105,253059,13,253125
11161,0.006674,172.217.194.0-255,66,253125,13,253125
11162,0.0,74.125.130.0-255,153,153,13,151774
11163,2.4e-05,172.31.36.0-255,66,219,13,151774
11164,3.1e-05,74.125.130.0-255,1484,1703,13,151774
11165,3.8e-05,172.31.36.0-255,66,1769,13,151774
11166,4.3e-05,74.125.130.0-255,2902,4671,13,151774
11167,4.6e-05,172.31.36.0-255,66,4737,13,151774
11168,5.2e-05,74.125.130.0-255,4320,9057,13,151774
11169,5.5e-05,172.31.36.0-255,66,9123,13,151774
11170,8.5e-05,74.125.130.0-255,4866,13989,13,151774
11171,8.8e-05,172.31.36.0-255,66,14055,13,151774
11172,0.000458,74.125.130.0-255,1484,15539,13,151774
11173,0.000464,172.31.36.0-255,66,15605,13,151774
11174,0.000471,74.125.130.0-255,2902,18507,13,151774
11175,0.000473,172.31.36.0-255,66,18573,13,151774
11176,0.000479,74.125.130.0-255,4320,22893,13,151774
11177,0.000482,172.31.36.0-255,66,22959,13,151774
11178,0.000488,74.125.130.0-255,5738,28697,13,151774
11179,0.000491,172.31.36.0-255,66,28763,13,151774
11180,0.000531,74.125.130.0-255,2543,31306,13,151774
11181,0.000534,172.31.36.0-255,66,31372,13,151774
11182,0.000566,74.125.130.0-255,2902,34274,13,151774
11183,0.00057,172.31.36.0-255,66,34340,13,151774
11184,0.000573,74.125.130.0-255,1484,35824,13,151774
11185,0.000575,172.31.36.0-255,66,35890,13,151774
11186,0.000595,74.125.130.0-255,4320,40210,13,151774
11187,0.000601,74.125.130.0-255,7156,47366,13,151774
11188,0.000605,172.31.36.0-255,66,47432,13,151774
11189,0.000612,172.31.36.0-255,66,47498,13,151774
11190,0.000616,74.125.130.0-255,1125,48623,13,151774
11191,0.000618,172.31.36.0-255,66,48689,13,151774
11192,0.000822,74.125.130.0-255,1484,50173,13,151774
11193,0.000827,172.31.36.0-255,66,50239,13,151774
11194,0.000833,74.125.130.0-255,2902,53141,13,151774
11195,0.000839,74.125.130.0-255,4320,57461,13,151774
11196,0.000861,74.125.130.0-255,2902,60363,13,151774
11197,0.000865,172.31.36.0-255,66,60429,13,151774
11198,0.00087,172.31.36.0-255,66,60495,13,151774
11199,0.000888,74.125.130.0-255,5959,66454,13,151774
11200,0.000908,172.31.36.0-255,66,66520,13,151774
11201,0.001132,74.125.130.0-255,1484,68004,13,151774
11202,0.001152,74.125.130.0-255,2902,70906,13,151774
11203,0.001155,172.31.36.0-255,66,70972,13,151774
11204,0.001159,74.125.130.0-255,1484,72456,13,151774
11205,0.001178,74.125.130.0-255,4320,76776,13,151774
11206,0.001189,172.31.36.0-255,66,76842,13,151774
11207,0.001195,74.125.130.0-255,4320,81162,13,151774
11208,0.0012,172.31.36.0-255,66,81228,13,151774
11209,0.001219,74.125.130.0-255,9633,90861,13,151774
11210,0.001239,172.31.36.0-255,66,90927,13,151774
11211,0.001246,74.125.130.0-255,7156,98083,13,151774
11212,0.001251,172.31.36.0-255,66,98149,13,151774
11213,0.001259,74.125.130.0-255,2543,100692,13,151774
11214,0.001285,172.31.36.0-255,66,100758,13,151774
11215,0.003278,74.125.130.0-255,2902,103660,13,151774
11216,0.003287,172.31.36.0-255,66,103726,13,151774
11217,0.003307,74.125.130.0-255,2902,106628,13,151774
11218,0.00331,172.31.36.0-255,66,106694,13,151774
11219,0.005308,74.125.130.0-255,4320,111014,13,151774
11220,0.005315,172.31.36.0-255,66,111080,13,151774
11221,0.005334,74.125.130.0-255,1484,112564,13,151774
11222,0.00734,74.125.130.0-255,4320,116884,13,151774
11223,0.007347,172.31.36.0-255,66,116950,13,151774
11224,0.009368,74.125.130.0-255,5738,122688,13,151774
11225,0.009375,172.31.36.0-255,66,122754,13,151774
11226,0.011395,74.125.130.0-255,5738,128492,13,151774
11227,0.011404,172.31.36.0-255,66,128558,13,151774
11228,0.013434,74.125.130.0-255,5738,134296,13,151774
11229,0.013442,172.31.36.0-255,66,134362,13,151774
11230,0.015463,74.125.130.0-255,5738,140100,13,151774
11231,0.015472,172.31.36.0-255,66,140166,13,151774
11232,0.017489,74.125.130.0-255,5738,145904,13,151774
11233,0.017499,172.31.36.0-255,66,145970,13,151774
11234,0.019516,74.125.130.0-255,5738,151708,13,151774
11235,0.019524,172.31.36.0-255,66,151774,13,151774
11236,0.0,74.125.200.0-255,146,146,13,280248
11237,2.1e-05,172.31.36.0-255,66,212,13,280248
11238,2.9e-05,74.125.200.0-255,1484,1696,13,280248
11239,3.3e-05,172.31.36.0-255,66,1762,13,280248
11240,4e-05,74.125.200.0-255,2902,4664,13,280248
11241,4.3e-05,172.31.36.0-255,66,4730,13,280248
11242,5e-05,74.125.200.0-255,5738,10468,13,280248
11243,5.3e-05,172.31.36.0-255,66,10534,13,280248
11244,7.2e-05,74.125.200.0-255,1484,12018,13,280248
11245,7.5e-05,172.31.36.0-255,66,12084,13,280248
11246,9.4e-05,74.125.200.0-255,2076,14160,13,280248
11247,9.7e-05,172.31.36.0-255,66,14226,13,280248
11248,0.000206,74.125.200.0-255,1484,15710,13,280248
11249,0.00021,172.31.36.0-255,66,15776,13,280248
11250,0.000232,74.125.200.0-255,2902,18678,13,280248
11251,0.000235,172.31.36.0-255,66,18744,13,280248
11252,0.00024,74.125.200.0-255,2902,21646,13,280248
11253,0.000242,172.31.36.0-255,66,21712,13,280248
11254,0.00026,74.125.200.0-255,1484,23196,13,280248
11255,0.000262,172.31.36.0-255,66,23262,13,280248
11256,0.000306,74.125.200.0-255,9633,32895,13,280248
11257,0.000309,172.31.36.0-255,66,32961,13,280248
11258,0.000317,74.125.200.0-255,7156,40117,13,280248
11259,0.000319,172.31.36.0-255,66,40183,13,280248
11260,0.000347,74.125.200.0-255,2902,43085,13,280248
11261,0.00035,172.31.36.0-255,66,43151,13,280248
11262,0.000356,74.125.200.0-255,5379,48530,13,280248
11263,0.000358,172.31.36.0-255,66,48596,13,280248
11264,0.000839,74.125.200.0-255,1484,50080,13,280248
11265,0.000844,172.31.36.0-255,66,50146,13,280248
11266,0.000851,74.125.200.0-255,2902,53048,13,280248
11267,0.000853,172.31.36.0-255,66,53114,13,280248
11268,0.000894,74.125.200.0-255,5738,58852,13,280248
11269,0.000897,172.31.36.0-255,66,58918,13,280248
11270,0.000914,74.125.200.0-255,1484,60402,13,280248
11271,0.000938,74.125.200.0-255,5379,65781,13,280248
11272,0.000941,172.31.36.0-255,66,65847,13,280248
11273,0.000944,74.125.200.0-255,1484,67331,13,280248
11274,0.000978,74.125.200.0-255,2902,70233,13,280248
11275,0.000981,172.31.36.0-255,66,70299,13,280248
11276,0.000998,74.125.200.0-255,2902,73201,13,280248
11277,0.001,172.31.36.0-255,66,73267,13,280248
11278,0.00102,74.125.200.0-255,1484,74751,13,280248
11279,0.001044,74.125.200.0-255,4320,79071,13,280248
11280,0.001047,172.31.36.0-255,66,79137,13,280248
11281,0.001094,74.125.200.0-255,4320,83457,13,280248
11282,0.001098,172.31.36.0-255,66,83523,13,280248
11283,0.001121,74.125.200.0-255,5738,89261,13,280248
11284,0.001125,172.31.36.0-255,66,89327,13,280248
11285,0.001165,74.125.200.0-255,10692,100019,13,280248
11286,0.001168,172.31.36.0-255,66,100085,13,280248
11287,0.001231,74.125.200.0-255,1484,101569,13,280248
11288,0.001246,74.125.200.0-255,2902,104471,13,280248
11289,0.00125,172.31.36.0-255,66,104537,13,280248
11290,0.001263,74.125.200.0-255,1484,106021,13,280248
11291,0.001282,74.125.200.0-255,4320,110341,13,280248
11292,0.001285,172.31.36.0-255,66,110407,13,280248
11293,0.001315,74.125.200.0-255,4320,114727,13,280248
11294,0.001318,172.31.36.0-255,66,114793,13,280248
11295,0.001338,74.125.200.0-255,2425,117218,13,280248
11296,0.00134,172.31.36.0-255,66,117284,13,280248
11297,0.001346,74.125.200.0-255,4320,121604,13,280248
11298,0.001348,172.31.36.0-255,66,121670,13,280248
11299,0.001376,74.125.200.0-255,4320,125990,13,280248
11300,0.001379,172.31.36.0-255,66,126056,13,280248
11301,0.001398,74.125.200.0-255,1484,127540,13,280248
11302,0.001404,74.125.200.0-255,4320,131860,13,280248
11303,0.001407,172.31.36.0-255,66,131926,13,280248
11304,0.001413,74.125.200.0-255,5738,137664,13,280248
11305,0.001415,172.31.36.0-255,66,137730,13,280248
11306,0.00144,74.125.200.0-255,2902,140632,13,280248
11307,0.001442,172.31.36.0-255,66,140698,13,280248
11308,0.001462,74.125.200.0-255,8574,149272,13,280248
11309,0.001465,172.31.36.0-255,66,149338,13,280248
11310,0.0015,74.125.200.0-255,2184,151522,13,280248
11311,0.001503,172.31.36.0-255,66,151588,13,280248
11312,0.001602,74.125.200.0-255,1484,153072,13,280248
11313,0.001608,74.125.200.0-255,2902,155974,13,280248
11314,0.00161,172.31.36.0-255,66,156040,13,280248
11315,0.001636,74.125.200.0-255,5738,161778,13,280248
11316,0.001639,172.31.36.0-255,66,161844,13,280248
11317,0.001652,74.125.200.0-255,1484,163328,13,280248
11318,0.001677,74.125.200.0-255,8574,171902,13,280248
11319,0.00168,172.31.36.0-255,66,171968,13,280248
11320,0.001693,172.31.36.0-255,66,172034,13,280248
11321,0.001729,74.125.200.0-255,2184,174218,13,280248
11322,0.001732,172.31.36.0-255,66,174284,13,280248
11323,0.00191,74.125.200.0-255,1484,175768,13,280248
11324,0.001916,74.125.200.0-255,2902,178670,13,280248
11325,0.00192,172.31.36.0-255,66,178736,13,280248
11326,0.001941,74.125.200.0-255,5738,184474,13,280248
11327,0.001945,74.125.200.0-255,2902,187376,13,280248
11328,0.00195,172.31.36.0-255,66,187442,13,280248
11329,0.001954,172.31.36.0-255,66,187508,13,280248
11330,0.001968,74.125.200.0-255,1484,188992,13,280248
11331,0.001974,74.125.200.0-255,5738,194730,13,280248
11332,0.001977,172.31.36.0-255,66,194796,13,280248
11333,0.001998,74.125.200.0-255,8574,203370,13,280248
11334,0.002001,172.31.36.0-255,66,203436,13,280248
11335,0.002024,74.125.200.0-255,2902,206338,13,280248
11336,0.002026,172.31.36.0-255,66,206404,13,280248
11337,0.002074,74.125.200.0-255,4320,210724,13,280248
11338,0.002079,172.31.36.0-255,66,210790,13,280248
11339,0.002087,172.31.36.0-255,66,210856,13,280248
11340,0.002119,74.125.200.0-255,2902,213758,13,280248
11341,0.002122,172.31.36.0-255,66,213824,13,280248
11342,0.002158,172.31.36.0-255,66,213890,13,280248
11343,0.002167,74.125.200.0-255,2184,216074,13,280248
11344,0.002169,172.31.36.0-255,66,216140,13,280248
11345,0.002215,74.125.200.0-255,2902,219042,13,280248
11346,0.002218,172.31.36.0-255,66,219108,13,280248
11347,0.002224,74.125.200.0-255,4320,223428,13,280248
11348,0.002226,172.31.36.0-255,66,223494,13,280248
11349,0.002238,74.125.200.0-255,1484,224978,13,280248
11350,0.002258,74.125.200.0-255,7156,232134,13,280248
11351,0.002261,172.31.36.0-255,66,232200,13,280248
11352,0.002268,74.125.200.0-255,5738,237938,13,280248
11353,0.00227,172.31.36.0-255,66,238004,13,280248
11354,0.002295,74.125.200.0-255,2902,240906,13,280248
11355,0.002298,172.31.36.0-255,66,240972,13,280248
11356,0.004523,74.125.200.0-255,4320,245292,13,280248
11357,0.004531,172.31.36.0-255,66,245358,13,280248
11358,0.00455,74.125.200.0-255,1484,246842,13,280248
11359,0.006773,74.125.200.0-255,4320,251162,13,280248
11360,0.00678,172.31.36.0-255,66,251228,13,280248
11361,0.009028,74.125.200.0-255,5738,256966,13,280248
11362,0.009035,172.31.36.0-255,66,257032,13,280248
11363,0.011309,74.125.200.0-255,5738,262770,13,280248
11364,0.011316,172.31.36.0-255,66,262836,13,280248
11365,0.013579,74.125.200.0-255,5738,268574,13,280248
11366,0.013588,172.31.36.0-255,66,268640,13,280248
11367,0.015844,74.125.200.0-255,5738,274378,13,280248
11368,0.015852,172.31.36.0-255,66,274444,13,280248
11369,0.018105,74.125.200.0-255,5738,280182,13,280248
11370,0.018118,172.31.36.0-255,66,280248,13,280248
11371,0.0,74.125.24.0-255,150,150,13,243899
11372,0.000105,172.31.36.0-255,66,216,13,243899
11373,0.000113,74.125.24.0-255,1484,1700,13,243899
11374,0.000118,172.31.36.0-255,66,1766,13,243899
11375,0.000132,74.125.24.0-255,2902,4668,13,243899
11376,0.000135,172.31.36.0-255,66,4734,13,243899
11377,0.000144,74.125.24.0-255,7156,11890,13,243899
11378,0.000147,172.31.36.0-255,66,11956,13,243899
11379,0.00015,74.125.24.0-255,2024,13980,13,243899
11380,0.000153,172.31.36.0-255,66,14046,13,243899
11381,0.000157,74.125.24.0-255,1484,15530,13,243899
11382,0.000158,172.31.36.0-255,66,15596,13,243899
11383,0.000164,74.125.24.0-255,2902,18498,13,243899
11384,0.000166,172.31.36.0-255,66,18564,13,243899
11385,0.000173,74.125.24.0-255,5738,24302,13,243899
11386,0.000176,172.31.36.0-255,66,24368,13,243899
11387,0.000182,74.125.24.0-255,4320,28688,13,243899
11388,0.000185,172.31.36.0-255,66,28754,13,243899
11389,0.000221,74.125.24.0-255,2543,31297,13,243899
11390,0.000224,172.31.36.0-255,66,31363,13,243899
11391,0.000233,74.125.24.0-255,7156,38519,13,243899
11392,0.000235,172.31.36.0-255,66,38585,13,243899
11393,0.00026,172.31.36.0-255,66,38651,13,243899
11394,0.000273,74.125.24.0-255,9992,48643,13,243899
11395,0.000274,172.31.36.0-255,66,48709,13,243899
11396,0.000302,74.125.24.0-255,1066,49775,13,243899
11397,0.000304,172.31.36.0-255,66,49841,13,243899
11398,0.000331,74.125.24.0-255,124,49965,13,243899
11399,0.000339,172.31.36.0-255,66,50031,13,243899
11400,0.000342,74.125.24.0-255,352,50383,13,243899
11401,0.000345,172.31.36.0-255,66,50449,13,243899
11402,0.000961,74.125.24.0-255,1484,51933,13,243899
11403,0.000969,74.125.24.0-255,2902,54835,13,243899
11404,0.000973,172.31.36.0-255,66,54901,13,243899
11405,0.000979,74.125.24.0-255,4320,59221,13,243899
11406,0.000981,172.31.36.0-255,66,59287,13,243899
11407,0.001,74.125.24.0-255,1484,60771,13,243899
11408,0.00101,74.125.24.0-255,4320,65091,13,243899
11409,0.001013,172.31.36.0-255,66,65157,13,243899
11410,0.00105,172.31.36.0-255,66,65223,13,243899
11411,0.001058,74.125.24.0-255,7856,73079,13,243899
11412,0.00106,172.31.36.0-255,66,73145,13,243899
11413,0.001087,74.125.24.0-255,1484,74629,13,243899
11414,0.001106,74.125.24.0-255,2902,77531,13,243899
11415,0.001109,172.31.36.0-255,66,77597,13,243899
11416,0.001116,74.125.24.0-255,5738,83335,13,243899
11417,0.001118,172.31.36.0-255,66,83401,13,243899
11418,0.00113,74.125.24.0-255,4320,87721,13,243899
11419,0.001133,172.31.36.0-255,66,87787,13,243899
11420,0.00117,74.125.24.0-255,8574,96361,13,243899
11421,0.001173,172.31.36.0-255,66,96427,13,243899
11422,0.001179,74.125.24.0-255,5738,102165,13,243899
11423,0.001181,172.31.36.0-255,66,102231,13,243899
11424,0.001192,74.125.24.0-255,2902,105133,13,243899
11425,0.001195,172.31.36.0-255,66,105199,13,243899
11426,0.001225,74.125.24.0-255,2184,107383,13,243899
11427,0.001231,172.31.36.0-255,66,107449,13,243899
11428,0.001355,74.125.24.0-255,1484,108933,13,243899
11429,0.001361,74.125.24.0-255,2902,111835,13,243899
11430,0.001364,172.31.36.0-255,66,111901,13,243899
11431,0.001368,74.125.24.0-255,1484,113385,13,243899
11432,0.00139,74.125.24.0-255,4320,117705,13,243899
11433,0.001393,172.31.36.0-255,66,117771,13,243899
11434,0.001398,74.125.24.0-255,4320,122091,13,243899
11435,0.001401,172.31.36.0-255,66,122157,13,243899
11436,0.001478,172.31.36.0-255,66,122223,13,243899
11437,0.001487,74.125.24.0-255,7856,130079,13,243899
11438,0.001489,172.31.36.0-255,66,130145,13,243899
11439,0.001962,74.125.24.0-255,1484,131629,13,243899
11440,0.001973,74.125.24.0-255,2902,134531,13,243899
11441,0.001977,172.31.36.0-255,66,134597,13,243899
11442,0.002005,74.125.24.0-255,5738,140335,13,243899
11443,0.002009,172.31.36.0-255,66,140401,13,243899
11444,0.002013,74.125.24.0-255,1484,141885,13,243899
11445,0.002038,74.125.24.0-255,2902,144787,13,243899
11446,0.002041,172.31.36.0-255,66,144853,13,243899
11447,0.002051,74.125.24.0-255,9992,154845,13,243899
11448,0.002053,172.31.36.0-255,66,154911,13,243899
11449,0.002082,74.125.24.0-255,1484,156395,13,243899
11450,0.002091,74.125.24.0-255,7856,164251,13,243899
11451,0.002094,172.31.36.0-255,66,164317,13,243899
11452,0.002151,74.125.24.0-255,1484,165801,13,243899
11453,0.00217,74.125.24.0-255,2902,168703,13,243899
11454,0.002175,172.31.36.0-255,66,168769,13,243899
11455,0.002181,74.125.24.0-255,5738,174507,13,243899
11456,0.002183,172.31.36.0-255,66,174573,13,243899
11457,0.002213,74.125.24.0-255,8574,183147,13,243899
11458,0.002215,172.31.36.0-255,66,183213,13,243899
11459,0.002241,74.125.24.0-255,2902,186115,13,243899
11460,0.002244,172.31.36.0-255,66,186181,13,243899
11461,0.002285,172.31.36.0-255,66,186247,13,243899
11462,0.002292,74.125.24.0-255,5738,191985,13,243899
11463,0.002295,172.31.36.0-255,66,192051,13,243899
11464,0.002324,172.31.36.0-255,66,192117,13,243899
11465,0.002359,74.125.24.0-255,8574,200691,13,243899
11466,0.002363,172.31.36.0-255,66,200757,13,243899
11467,0.002367,74.125.24.0-255,2184,202941,13,243899
11468,0.002369,172.31.36.0-255,66,203007,13,243899
11469,0.004615,74.125.24.0-255,5738,208745,13,243899
11470,0.004626,172.31.36.0-255,66,208811,13,243899
11471,0.00687,74.125.24.0-255,2902,211713,13,243899
11472,0.006877,172.31.36.0-255,66,211779,13,243899
11473,0.006905,74.125.24.0-255,2902,214681,13,243899
11474,0.006908,172.31.36.0-255,66,214747,13,243899
11475,0.009146,74.125.24.0-255,2902,217649,13,243899
11476,0.00916,172.31.36.0-255,66,217715,13,243899
11477,0.00919,74.125.24.0-255,2902,220617,13,243899
11478,0.009194,172.31.36.0-255,66,220683,13,243899
11479,0.011422,74.125.24.0-255,5738,226421,13,243899
11480,0.01144,172.31.36.0-255,66,226487,13,243899
11481,0.013729,74.125.24.0-255,5738,232225,13,243899
11482,0.013744,172.31.36.0-255,66,232291,13,243899
11483,0.016025,74.125.24.0-255,5738,238029,13,243899
11484,0.016039,172.31.36.0-255,66,238095,13,243899
11485,0.018298,74.125.24.0-255,5738,243833,13,243899
11486,0.018307,172.31.36.0-255,66,243899,13,243899
11487,0.0,172.31.36.0-255,130,130,13,1769
11488,0.000552,172.31.36.0-255,236,366,13,1769
11489,0.000585,172.31.36.0-255,381,747,13,1769
11490,0.002947,74.125.68.0-255,66,813,13,1769
11491,0.003043,74.125.68.0-255,630,1443,13,1769
11492,0.003054,172.31.36.0-255,66,1509,13,1769
11493,0.003264,172.31.36.0-255,97,1606,13,1769
11494,0.003571,74.125.68.0-255,97,1703,13,1769
11495,0.009747,74.125.68.0-255,66,1769,13,1769
11496,0.0,74.125.24.0-255,155,155,13,300444
11497,2.6e-05,172.31.36.0-255,66,221,13,300444
11498,3.4e-05,74.125.24.0-255,1484,1705,13,300444
11499,3.9e-05,172.31.36.0-255,66,1771,13,300444
11500,4.6e-05,74.125.24.0-255,2902,4673,13,300444
11501,5.6e-05,172.31.36.0-255,66,4739,13,300444
11502,6.2e-05,74.125.24.0-255,2902,7641,13,300444
11503,6.5e-05,172.31.36.0-255,66,7707,13,300444
11504,8.2e-05,74.125.24.0-255,1484,9191,13,300444
11505,8.5e-05,172.31.36.0-255,66,9257,13,300444
11506,0.000105,172.31.36.0-255,66,9323,13,300444
11507,0.000115,74.125.24.0-255,9633,18956,13,300444
11508,0.000117,172.31.36.0-255,66,19022,13,300444
11509,0.000306,74.125.24.0-255,1484,20506,13,300444
11510,0.000311,172.31.36.0-255,66,20572,13,300444
11511,0.000316,74.125.24.0-255,1484,22056,13,300444
11512,0.000318,172.31.36.0-255,66,22122,13,300444
11513,0.000338,74.125.24.0-255,1484,23606,13,300444
11514,0.00034,172.31.36.0-255,66,23672,13,300444
11515,0.000352,74.125.24.0-255,5738,29410,13,300444
11516,0.000354,172.31.36.0-255,66,29476,13,300444
11517,0.000389,74.125.24.0-255,6797,36273,13,300444
11518,0.000392,172.31.36.0-255,66,36339,13,300444
11519,0.000399,74.125.24.0-255,7156,43495,13,300444
11520,0.000402,172.31.36.0-255,66,43561,13,300444
11521,0.000412,74.125.24.0-255,5738,49299,13,300444
11522,0.000415,172.31.36.0-255,66,49365,13,300444
11523,0.000445,74.125.24.0-255,3961,53326,13,300444
11524,0.000448,172.31.36.0-255,66,53392,13,300444
11525,0.000891,74.125.24.0-255,645,54037,13,300444
11526,0.000896,172.31.36.0-255,66,54103,13,300444
11527,0.001028,74.125.24.0-255,1484,55587,13,300444
11528,0.001035,74.125.24.0-255,2902,58489,13,300444
11529,0.001047,172.31.36.0-255,66,58555,13,300444
11530,0.001055,74.125.24.0-255,5738,64293,13,300444
11531,0.001057,172.31.36.0-255,66,64359,13,300444
11532,0.00107,74.125.24.0-255,7156,71515,13,300444
11533,0.001072,172.31.36.0-255,66,71581,13,300444
11534,0.001124,172.31.36.0-255,66,71647,13,300444
11535,0.001129,74.125.24.0-255,2184,73831,13,300444
11536,0.001131,172.31.36.0-255,66,73897,13,300444
11537,0.001343,74.125.24.0-255,1484,75381,13,300444
11538,0.001356,74.125.24.0-255,2902,78283,13,300444
11539,0.00136,172.31.36.0-255,66,78349,13,300444
11540,0.001365,74.125.24.0-255,1484,79833,13,300444
11541,0.00139,74.125.24.0-255,4320,84153,13,300444
11542,0.001394,172.31.36.0-255,66,84219,13,300444
11543,0.001418,74.125.24.0-255,2902,87121,13,300444
11544,0.001421,172.31.36.0-255,66,87187,13,300444
11545,0.001443,74.125.24.0-255,8574,95761,13,300444
11546,0.001446,172.31.36.0-255,66,95827,13,300444
11547,0.001473,74.125.24.0-255,1484,97311,13,300444
11548,0.001479,74.125.24.0-255,4320,101631,13,300444
11549,0.001481,172.31.36.0-255,66,101697,13,300444
11550,0.001488,74.125.24.0-255,6438,108135,13,300444
11551,0.00149,172.31.36.0-255,66,108201,13,300444
11552,0.001783,74.125.24.0-255,1484,109685,13,300444
11553,0.001788,74.125.24.0-255,2902,112587,13,300444
11554,0.001794,172.31.36.0-255,66,112653,13,300444
11555,0.001814,74.125.24.0-255,5738,118391,13,300444
11556,0.001816,172.31.36.0-255,66,118457,13,300444
11557,0.001821,74.125.24.0-255,4320,122777,13,300444
11558,0.001823,172.31.36.0-255,66,122843,13,300444
11559,0.001867,172.31.36.0-255,66,122909,13,300444
11560,0.001875,74.125.24.0-255,7156,130065,13,300444
11561,0.001877,172.31.36.0-255,66,130131,13,300444
11562,0.001904,74.125.24.0-255,766,130897,13,300444
11563,0.001936,74.125.24.0-255,5738,136635,13,300444
11564,0.00194,172.31.36.0-255,66,136701,13,300444
11565,0.001973,74.125.24.0-255,9992,146693,13,300444
11566,0.001977,172.31.36.0-255,66,146759,13,300444
11567,0.002,172.31.36.0-255,66,146825,13,300444
11568,0.002002,74.125.24.0-255,766,147591,13,300444
11569,0.002063,74.125.24.0-255,1484,149075,13,300444
11570,0.002066,172.31.36.0-255,66,149141,13,300444
11571,0.002071,74.125.24.0-255,2902,152043,13,300444
11572,0.002073,172.31.36.0-255,66,152109,13,300444
11573,0.002078,74.125.24.0-255,2902,155011,13,300444
11574,0.002086,172.31.36.0-255,66,155077,13,300444
11575,0.002123,74.125.24.0-255,2902,157979,13,300444
11576,0.002126,172.31.36.0-255,66,158045,13,300444
11577,0.002133,74.125.24.0-255,5738,163783,13,300444
11578,0.002135,172.31.36.0-255,66,163849,13,300444
11579,0.00215,172.31.36.0-255,66,163915,13,300444
11580,0.002157,74.125.24.0-255,5020,168935,13,300444
11581,0.002159,172.31.36.0-255,66,169001,13,300444
11582,0.002256,74.125.24.0-255,1484,170485,13,300444
11583,0.002274,74.125.24.0-255,2902,173387,13,300444
11584,0.002277,172.31.36.0-255,66,173453,13,300444
11585,0.002281,74.125.24.0-255,1484,174937,13,300444
11586,0.002302,74.125.24.0-255,4320,179257,13,300444
11587,0.002305,74.125.24.0-255,2902,182159,13,300444
11588,0.002312,172.31.36.0-255,66,182225,13,300444
11589,0.002314,172.31.36.0-255,66,182291,13,300444
11590,0.002379,74.125.24.0-255,4320,186611,13,300444
11591,0.002383,172.31.36.0-255,66,186677,13,300444
11592,0.002389,74.125.24.0-255,5738,192415,13,300444
11593,0.002392,172.31.36.0-255,66,192481,13,300444
11594,0.002423,74.125.24.0-255,9992,202473,13,300444
11595,0.002426,172.31.36.0-255,66,202539,13,300444
11596,0.002453,74.125.24.0-255,2902,205441,13,300444
11597,0.002456,172.31.36.0-255,66,205507,13,300444
11598,0.002494,74.125.24.0-255,6438,211945,13,300444
11599,0.002498,172.31.36.0-255,66,212011,13,300444
11600,0.002507,74.125.24.0-255,9992,222003,13,300444
11601,0.002517,172.31.36.0-255,66,222069,13,300444
11602,0.002525,74.125.24.0-255,7156,229225,13,300444
11603,0.002528,172.31.36.0-255,66,229291,13,300444
11604,0.002561,74.125.24.0-255,4320,233611,13,300444
11605,0.002565,172.31.36.0-255,66,233677,13,300444
11606,0.002574,74.125.24.0-255,6438,240115,13,300444
11607,0.002577,172.31.36.0-255,66,240181,13,300444
11608,0.00259,74.125.24.0-255,7156,247337,13,300444
11609,0.002593,172.31.36.0-255,66,247403,13,300444
11610,0.002625,74.125.24.0-255,8574,255977,13,300444
11611,0.002629,172.31.36.0-255,66,256043,13,300444
11612,0.002656,74.125.24.0-255,7156,263199,13,300444
11613,0.002668,74.125.24.0-255,8574,271773,13,300444
11614,0.002675,172.31.36.0-255,66,271839,13,300444
11615,0.002678,172.31.36.0-255,66,271905,13,300444
11616,0.002742,74.125.24.0-255,7856,279761,13,300444
11617,0.002747,172.31.36.0-255,66,279827,13,300444
11618,0.002762,172.31.36.0-255,66,279893,13,300444
11619,0.002773,74.125.24.0-255,10692,290585,13,300444
11620,0.002775,172.31.36.0-255,66,290651,13,300444
11621,0.002779,74.125.24.0-255,1484,292135,13,300444
11622,0.002787,74.125.24.0-255,7901,300036,13,300444
11623,0.002791,172.31.36.0-255,66,300102,13,300444
11624,0.002795,74.125.24.0-255,105,300207,13,300444
11625,0.008774,172.31.36.0-255,66,300273,13,300444
11626,0.008836,172.31.36.0-255,105,300378,13,300444
11627,0.011432,74.125.24.0-255,66,300444,13,300444
11628,0.0,74.125.200.0-255,66,66,13,66
11629,0.0,172.217.194.0-255,297,297,13,246106
11630,2.4e-05,172.31.36.0-255,66,363,13,246106
11631,3.1e-05,172.217.194.0-255,1484,1847,13,246106
11632,3.5e-05,172.31.36.0-255,66,1913,13,246106
11633,4.2e-05,172.217.194.0-255,4320,6233,13,246106
11634,4.5e-05,172.31.36.0-255,66,6299,13,246106
11635,5.5e-05,172.217.194.0-255,8958,15257,13,246106
11636,5.8e-05,172.31.36.0-255,66,15323,13,246106
11637,6.3e-05,172.217.194.0-255,4320,19643,13,246106
11638,6.6e-05,172.31.36.0-255,66,19709,13,246106
11639,9.9e-05,172.31.36.0-255,66,19775,13,246106
11640,0.000142,172.217.194.0-255,1484,21259,13,246106
11641,0.000145,172.31.36.0-255,66,21325,13,246106
11642,0.00015,172.217.194.0-255,2902,24227,13,246106
11643,0.000153,172.31.36.0-255,66,24293,13,246106
11644,0.000159,172.217.194.0-255,5738,30031,13,246106
11645,0.000161,172.31.36.0-255,66,30097,13,246106
11646,0.000203,172.31.36.0-255,66,30163,13,246106
11647,0.000213,172.217.194.0-255,9924,40087,13,246106
11648,0.000215,172.31.36.0-255,66,40153,13,246106
11649,0.000238,172.217.194.0-255,365,40518,13,246106
11650,0.00024,172.31.36.0-255,66,40584,13,246106
11651,0.000389,172.217.194.0-255,1484,42068,13,246106
11652,0.000394,172.31.36.0-255,66,42134,13,246106
11653,0.0004,172.217.194.0-255,2902,45036,13,246106
11654,0.000402,172.31.36.0-255,66,45102,13,246106
11655,0.000409,172.217.194.0-255,5738,50840,13,246106
11656,0.000411,172.31.36.0-255,66,50906,13,246106
11657,0.000436,172.217.194.0-255,4320,55226,13,246106
11658,0.000438,172.31.36.0-255,66,55292,13,246106
11659,0.000462,172.217.194.0-255,8574,63866,13,246106
11660,0.000465,172.31.36.0-255,66,63932,13,246106
11661,0.000475,172.217.194.0-255,10692,74624,13,246106
11662,0.000477,172.31.36.0-255,66,74690,13,246106
11663,0.000726,172.217.194.0-255,1484,76174,13,246106
11664,0.000733,172.217.194.0-255,2902,79076,13,246106
11665,0.000737,172.31.36.0-255,66,79142,13,246106
11666,0.000744,172.217.194.0-255,5738,84880,13,246106
11667,0.000746,172.31.36.0-255,66,84946,13,246106
11668,0.000763,172.217.194.0-255,1484,86430,13,246106
11669,0.000792,172.31.36.0-255,66,86496,13,246106
11670,0.000841,172.217.194.0-255,10692,97188,13,246106
11671,0.000846,172.31.36.0-255,66,97254,13,246106
11672,0.000863,172.217.194.0-255,7156,104410,13,246106
11673,0.000867,172.31.36.0-255,66,104476,13,246106
11674,0.000898,172.217.194.0-255,1484,105960,13,246106
11675,0.000907,172.217.194.0-255,9992,115952,13,246106
11676,0.00091,172.31.36.0-255,66,116018,13,246106
11677,0.000915,172.217.194.0-255,2902,118920,13,246106
11678,0.000917,172.31.36.0-255,66,118986,13,246106
11679,0.000957,172.31.36.0-255,66,119052,13,246106
11680,0.001305,172.217.194.0-255,1484,120536,13,246106
11681,0.001327,172.217.194.0-255,2902,123438,13,246106
11682,0.001331,172.31.36.0-255,66,123504,13,246106
11683,0.001339,172.217.194.0-255,5738,129242,13,246106
11684,0.001341,172.31.36.0-255,66,129308,13,246106
11685,0.001399,172.31.36.0-255,66,129374,13,246106
11686,0.001409,172.217.194.0-255,10692,140066,13,246106
11687,0.001412,172.31.36.0-255,66,140132,13,246106
11688,0.001518,172.217.194.0-255,1484,141616,13,246106
11689,0.001524,172.217.194.0-255,2902,144518,13,246106
11690,0.001527,172.31.36.0-255,66,144584,13,246106
11691,0.001552,172.217.194.0-255,5738,150322,13,246106
11692,0.001555,172.31.36.0-255,66,150388,13,246106
11693,0.001562,172.217.194.0-255,7156,157544,13,246106
11694,0.001564,172.31.36.0-255,66,157610,13,246106
11695,0.001582,172.217.194.0-255,5738,163348,13,246106
11696,0.001584,172.31.36.0-255,66,163414,13,246106
11697,0.001592,172.217.194.0-255,8574,171988,13,246106
11698,0.001594,172.31.36.0-255,66,172054,13,246106
11699,0.001646,172.31.36.0-255,66,172120,13,246106
11700,0.001682,172.217.194.0-255,9274,181394,13,246106
11701,0.001685,172.31.36.0-255,66,181460,13,246106
11702,0.001698,172.31.36.0-255,66,181526,13,246106
11703,0.001708,172.217.194.0-255,9992,191518,13,246106
11704,0.001711,172.31.36.0-255,66,191584,13,246106
11705,0.001755,172.31.36.0-255,66,191650,13,246106
11706,0.001761,172.217.194.0-255,5020,196670,13,246106
11707,0.001764,172.31.36.0-255,66,196736,13,246106
11708,0.001984,172.217.194.0-255,1484,198220,13,246106
11709,0.001999,172.217.194.0-255,2902,201122,13,246106
11710,0.002003,172.31.36.0-255,66,201188,13,246106
11711,0.002023,172.217.194.0-255,5738,206926,13,246106
11712,0.002025,172.31.36.0-255,66,206992,13,246106
11713,0.002061,172.31.36.0-255,66,207058,13,246106
11714,0.002072,172.217.194.0-255,9992,217050,13,246106
11715,0.002074,172.31.36.0-255,66,217116,13,246106
11716,0.002115,172.217.194.0-255,5738,222854,13,246106
11717,0.002119,172.31.36.0-255,66,222920,13,246106
11718,0.002148,172.217.194.0-255,9274,232194,13,246106
11719,0.002151,172.31.36.0-255,66,232260,13,246106
11720,0.002168,172.31.36.0-255,66,232326,13,246106
11721,0.002173,172.217.194.0-255,3602,235928,13,246106
11722,0.002175,172.31.36.0-255,66,235994,13,246106
11723,0.002238,172.217.194.0-255,5738,241732,13,246106
11724,0.002241,172.31.36.0-255,66,241798,13,246106
11725,0.002261,172.217.194.0-255,3900,245698,13,246106
11726,0.002264,172.31.36.0-255,66,245764,13,246106
11727,0.002279,172.217.194.0-255,105,245869,13,246106
11728,0.004211,172.31.36.0-255,66,245935,13,246106
11729,0.004251,172.31.36.0-255,105,246040,13,246106
11730,0.006773,172.217.194.0-255,66,246106,13,246106
11731,0.0,74.125.200.0-255,144,144,13,311265
11732,2.1e-05,172.31.36.0-255,66,210,13,311265
11733,2.9e-05,74.125.200.0-255,1484,1694,13,311265
11734,3.3e-05,172.31.36.0-255,66,1760,13,311265
11735,3.8e-05,74.125.200.0-255,2902,4662,13,311265
11736,4.1e-05,172.31.36.0-255,66,4728,13,311265
11737,4.5e-05,74.125.200.0-255,1484,6212,13,311265
11738,4.8e-05,172.31.36.0-255,66,6278,13,311265
11739,5.3e-05,74.125.200.0-255,2902,9180,13,311265
11740,5.6e-05,172.31.36.0-255,66,9246,13,311265
11741,9.8e-05,74.125.200.0-255,4883,14129,13,311265
11742,0.000102,172.31.36.0-255,66,14195,13,311265
11743,0.000109,74.125.200.0-255,5738,19933,13,311265
11744,0.000111,172.31.36.0-255,66,19999,13,311265
11745,0.000152,74.125.200.0-255,4320,24319,13,311265
11746,0.000155,172.31.36.0-255,66,24385,13,311265
11747,0.00016,74.125.200.0-255,4320,28705,13,311265
11748,0.000162,172.31.36.0-255,66,28771,13,311265
11749,0.000183,74.125.200.0-255,1484,30255,13,311265
11750,0.000185,172.31.36.0-255,66,30321,13,311265
11751,0.000191,74.125.200.0-255,5738,36059,13,311265
11752,0.000193,172.31.36.0-255,66,36125,13,311265
11753,0.000197,74.125.200.0-255,2902,39027,13,311265
11754,0.0002,172.31.36.0-255,66,39093,13,311265
11755,0.000228,74.125.200.0-255,4320,43413,13,311265
11756,0.000231,172.31.36.0-255,66,43479,13,311265
11757,0.000236,74.125.200.0-255,5020,48499,13,311265
11758,0.000239,172.31.36.0-255,66,48565,13,311265
11759,0.000336,74.125.200.0-255,1484,50049,13,311265
11760,0.00034,172.31.36.0-255,66,50115,13,311265
11761,0.000356,74.125.200.0-255,2902,53017,13,311265
11762,0.000359,172.31.36.0-255,66,53083,13,311265
11763,0.000364,74.125.200.0-255,4320,57403,13,311265
11764,0.000366,172.31.36.0-255,66,57469,13,311265
11765,0.00037,74.125.200.0-255,1484,58953,13,311265
11766,0.000399,74.125.200.0-255,6797,65750,13,311265
11767,0.000402,172.31.36.0-255,66,65816,13,311265
11768,0.000416,74.125.200.0-255,645,66461,13,311265
11769,0.000457,74.125.200.0-255,1484,67945,13,311265
11770,0.000459,172.31.36.0-255,66,68011,13,311265
11771,0.000479,74.125.200.0-255,4320,72331,13,311265
11772,0.000483,172.31.36.0-255,66,72397,13,311265
11773,0.000487,74.125.200.0-255,2902,75299,13,311265
11774,0.000488,172.31.36.0-255,66,75365,13,311265
11775,0.000513,74.125.200.0-255,4320,79685,13,311265
11776,0.000516,172.31.36.0-255,66,79751,13,311265
11777,0.000522,74.125.200.0-255,5738,85489,13,311265
11778,0.000524,172.31.36.0-255,66,85555,13,311265
11779,0.000542,74.125.200.0-255,2902,88457,13,311265
11780,0.000545,172.31.36.0-255,66,88523,13,311265
11781,0.000552,74.125.200.0-255,7156,95679,13,311265
11782,0.000554,172.31.36.0-255,66,95745,13,311265
11783,0.000577,74.125.200.0-255,1484,97229,13,311265
11784,0.000591,74.125.200.0-255,3602,100831,13,311265
11785,0.000594,172.31.36.0-255,66,100897,13,311265
11786,0.000886,74.125.200.0-255,1484,102381,13,311265
11787,0.000892,74.125.200.0-255,1484,103865,13,311265
11788,0.000895,172.31.36.0-255,66,103931,13,311265
11789,0.000916,74.125.200.0-255,1484,105415,13,311265
11790,0.000936,74.125.200.0-255,5738,111153,13,311265
11791,0.000941,74.125.200.0-255,5738,116891,13,311265
11792,0.000943,74.125.200.0-255,1484,118375,13,311265
11793,0.000948,172.31.36.0-255,66,118441,13,311265
11794,0.000951,172.31.36.0-255,66,118507,13,311265
11795,0.000962,74.125.200.0-255,5738,124245,13,311265
11796,0.000964,172.31.36.0-255,66,124311,13,311265
11797,0.000988,74.125.200.0-255,7156,131467,13,311265
11798,0.000991,172.31.36.0-255,66,131533,13,311265
11799,0.001013,74.125.200.0-255,2902,134435,13,311265
11800,0.001015,172.31.36.0-255,66,134501,13,311265
11801,0.001018,74.125.200.0-255,766,135267,13,311265
11802,0.001316,74.125.200.0-255,1484,136751,13,311265
11803,0.00132,172.31.36.0-255,66,136817,13,311265
11804,0.001324,74.125.200.0-255,1484,138301,13,311265
11805,0.00134,74.125.200.0-255,1484,139785,13,311265
11806,0.001343,172.31.36.0-255,66,139851,13,311265
11807,0.001345,74.125.200.0-255,1484,141335,13,311265
11808,0.001349,74.125.200.0-255,2902,144237,13,311265
11809,0.001351,172.31.36.0-255,66,144303,13,311265
11810,0.001356,74.125.200.0-255,2902,147205,13,311265
11811,0.001358,172.31.36.0-255,66,147271,13,311265
11812,0.001376,74.125.200.0-255,2902,150173,13,311265
11813,0.001378,172.31.36.0-255,66,150239,13,311265
11814,0.001392,74.125.200.0-255,2902,153141,13,311265
11815,0.001394,172.31.36.0-255,66,153207,13,311265
11816,0.00142,74.125.200.0-255,9992,163199,13,311265
11817,0.001423,172.31.36.0-255,66,163265,13,311265
11818,0.00144,74.125.200.0-255,2902,166167,13,311265
11819,0.001442,172.31.36.0-255,66,166233,13,311265
11820,0.001467,74.125.200.0-255,3602,169835,13,311265
11821,0.00147,172.31.36.0-255,66,169901,13,311265
11822,0.001836,74.125.200.0-255,1484,171385,13,311265
11823,0.001854,74.125.200.0-255,2902,174287,13,311265
11824,0.001858,172.31.36.0-255,66,174353,13,311265
11825,0.001878,74.125.200.0-255,5738,180091,13,311265
11826,0.00188,172.31.36.0-255,66,180157,13,311265
11827,0.0019,74.125.200.0-255,4320,184477,13,311265
11828,0.001903,172.31.36.0-255,66,184543,13,311265
11829,0.001922,74.125.200.0-255,1484,186027,13,311265
11830,0.001938,74.125.200.0-255,5738,191765,13,311265
11831,0.001941,172.31.36.0-255,66,191831,13,311265
11832,0.001959,74.125.200.0-255,1484,193315,13,311265
11833,0.001962,74.125.200.0-255,1484,194799,13,311265
11834,0.001964,172.31.36.0-255,66,194865,13,311265
11835,0.002022,74.125.200.0-255,9274,204139,13,311265
11836,0.002025,172.31.36.0-255,66,204205,13,311265
11837,0.002108,74.125.200.0-255,1484,205689,13,311265
11838,0.002125,74.125.200.0-255,2902,208591,13,311265
11839,0.00213,172.31.36.0-255,66,208657,13,311265
11840,0.002168,74.125.200.0-255,2902,211559,13,311265
11841,0.002171,172.31.36.0-255,66,211625,13,311265
11842,0.002189,74.125.200.0-255,1484,213109,13,311265
11843,0.002204,74.125.200.0-255,5738,218847,13,311265
11844,0.002206,172.31.36.0-255,66,218913,13,311265
11845,0.00223,74.125.200.0-255,7156,226069,13,311265
11846,0.002233,172.31.36.0-255,66,226135,13,311265
11847,0.002259,74.125.200.0-255,2902,229037,13,311265
11848,0.002263,172.31.36.0-255,66,229103,13,311265
11849,0.002268,74.125.200.0-255,4320,233423,13,311265
11850,0.00227,172.31.36.0-255,66,233489,13,311265
11851,0.002305,74.125.200.0-255,4320,237809,13,311265
11852,0.002308,172.31.36.0-255,66,237875,13,311265
11853,0.002326,74.125.200.0-255,766,238641,13,311265
11854,0.00242,74.125.200.0-255,1484,240125,13,311265
11855,0.002425,172.31.36.0-255,66,240191,13,311265
11856,0.002434,74.125.200.0-255,2902,243093,13,311265
11857,0.002436,172.31.36.0-255,66,243159,13,311265
11858,0.002466,74.125.200.0-255,5738,248897,13,311265
11859,0.002469,172.31.36.0-255,66,248963,13,311265
11860,0.002479,74.125.200.0-255,2902,251865,13,311265
11861,0.002481,172.31.36.0-255,66,251931,13,311265
11862,0.002486,74.125.200.0-255,4320,256251,13,311265
11863,0.002488,172.31.36.0-255,66,256317,13,311265
11864,0.002514,74.125.200.0-255,8574,264891,13,311265
11865,0.002516,172.31.36.0-255,66,264957,13,311265
11866,0.002521,74.125.200.0-255,2902,267859,13,311265
11867,0.002523,172.31.36.0-255,66,267925,13,311265
11868,0.002539,74.125.200.0-255,2902,270827,13,311265
11869,0.002542,172.31.36.0-255,66,270893,13,311265
11870,0.002577,74.125.200.0-255,2184,273077,13,311265
11871,0.002579,172.31.36.0-255,66,273143,13,311265
11872,0.002584,74.125.200.0-255,2902,276045,13,311265
11873,0.002586,172.31.36.0-255,66,276111,13,311265
11874,0.002588,74.125.200.0-255,1484,277595,13,311265
11875,0.00513,74.125.200.0-255,1484,279079,13,311265
11876,0.005137,172.31.36.0-255,66,279145,13,311265
11877,0.005156,74.125.200.0-255,2902,282047,13,311265
11878,0.005159,172.31.36.0-255,66,282113,13,311265
11879,0.007692,74.125.200.0-255,2902,285015,13,311265
11880,0.007698,172.31.36.0-255,66,285081,13,311265
11881,0.007717,74.125.200.0-255,2902,287983,13,311265
11882,0.007719,172.31.36.0-255,66,288049,13,311265
11883,0.010282,74.125.200.0-255,5738,293787,13,311265
11884,0.01029,172.31.36.0-255,66,293853,13,311265
11885,0.012871,74.125.200.0-255,5738,299591,13,311265
11886,0.012885,172.31.36.0-255,66,299657,13,311265
11887,0.015448,74.125.200.0-255,5738,305395,13,311265
11888,0.015456,172.31.36.0-255,66,305461,13,311265
11889,0.018019,74.125.200.0-255,5738,311199,13,311265
11890,0.018026,172.31.36.0-255,66,311265,13,311265
11891,0.0,172.253.118.0-255,153,153,13,240550
11892,2.9e-05,172.31.36.0-255,66,219,13,240550
11893,3.7e-05,172.253.118.0-255,1484,1703,13,240550
11894,4.2e-05,172.31.36.0-255,66,1769,13,240550
11895,4.6e-05,172.253.118.0-255,2902,4671,13,240550
11896,4.9e-05,172.31.36.0-255,66,4737,13,240550
11897,6.4e-05,172.253.118.0-255,7156,11893,13,240550
11898,6.6e-05,172.31.36.0-255,66,11959,13,240550
11899,9.8e-05,172.253.118.0-255,2102,14061,13,240550
11900,0.000101,172.31.36.0-255,66,14127,13,240550
11901,0.000167,172.253.118.0-255,1484,15611,13,240550
11902,0.000173,172.31.36.0-255,66,15677,13,240550
11903,0.000178,172.253.118.0-255,2902,18579,13,240550
11904,0.00018,172.31.36.0-255,66,18645,13,240550
11905,0.000183,172.253.118.0-255,1484,20129,13,240550
11906,0.000185,172.31.36.0-255,66,20195,13,240550
11907,0.000206,172.253.118.0-255,4320,24515,13,240550
11908,0.000214,172.31.36.0-255,66,24581,13,240550
11909,0.00023,172.253.118.0-255,6797,31378,13,240550
11910,0.000232,172.31.36.0-255,66,31444,13,240550
11911,0.000243,172.253.118.0-255,7156,38600,13,240550
11912,0.000246,172.31.36.0-255,66,38666,13,240550
11913,0.00028,172.253.118.0-255,5738,44404,13,240550
11914,0.000284,172.31.36.0-255,66,44470,13,240550
11915,0.000313,172.253.118.0-255,3961,48431,13,240550
11916,0.000317,172.31.36.0-255,66,48497,13,240550
11917,0.000356,172.253.118.0-255,7156,55653,13,240550
11918,0.000362,172.31.36.0-255,66,55719,13,240550
11919,0.000363,172.253.118.0-255,8574,64293,13,240550
11920,0.000366,172.31.36.0-255,66,64359,13,240550
11921,0.000368,172.253.118.0-255,1125,65484,13,240550
11922,0.000371,172.31.36.0-255,66,65550,13,240550
11923,0.000868,172.253.118.0-255,393,65943,13,240550
11924,0.001094,172.253.118.0-255,1484,67427,13,240550
11925,0.001099,172.31.36.0-255,66,67493,13,240550
11926,0.001105,172.253.118.0-255,2902,70395,13,240550
11927,0.001108,172.31.36.0-255,66,70461,13,240550
11928,0.001139,172.253.118.0-255,5738,76199,13,240550
11929,0.001142,172.31.36.0-255,66,76265,13,240550
11930,0.00115,172.253.118.0-255,8574,84839,13,240550
11931,0.001152,172.31.36.0-255,66,84905,13,240550
11932,0.001191,172.253.118.0-255,7156,92061,13,240550
11933,0.001196,172.31.36.0-255,66,92127,13,240550
11934,0.001229,172.253.118.0-255,8141,100268,13,240550
11935,0.001232,172.31.36.0-255,66,100334,13,240550
11936,0.001424,172.253.118.0-255,1484,101818,13,240550
11937,0.00144,172.253.118.0-255,2902,104720,13,240550
11938,0.001444,172.31.36.0-255,66,104786,13,240550
11939,0.001451,172.253.118.0-255,5738,110524,13,240550
11940,0.001453,172.31.36.0-255,66,110590,13,240550
11941,0.001494,172.31.36.0-255,66,110656,13,240550
11942,0.001519,172.253.118.0-255,1484,112140,13,240550
11943,0.001528,172.253.118.0-255,9992,122132,13,240550
11944,0.00153,172.253.118.0-255,766,122898,13,240550
11945,0.001783,172.253.118.0-255,1484,124382,13,240550
11946,0.001798,172.253.118.0-255,2902,127284,13,240550
11947,0.001819,172.253.118.0-255,5738,133022,13,240550
11948,0.001832,172.253.118.0-255,5738,138760,13,240550
11949,0.001855,172.253.118.0-255,7156,145916,13,240550
11950,0.001861,172.253.118.0-255,7156,153072,13,240550
11951,0.001897,172.253.118.0-255,3602,156674,13,240550
11952,0.001919,172.253.118.0-255,4320,160994,13,240550
11953,0.00195,172.253.118.0-255,9992,170986,13,240550
11954,0.001954,172.253.118.0-255,1484,172470,13,240550
11955,0.001985,172.253.118.0-255,1484,173954,13,240550
11956,0.001999,172.253.118.0-255,5738,179692,13,240550
11957,0.002014,172.253.118.0-255,5738,185430,13,240550
11958,0.002016,172.253.118.0-255,1484,186914,13,240550
11959,0.002032,172.253.118.0-255,3602,190516,13,240550
11960,0.002086,172.253.118.0-255,1484,192000,13,240550
11961,0.002099,172.253.118.0-255,2902,194902,13,240550
11962,0.002104,172.253.118.0-255,4320,199222,13,240550
11963,0.002116,172.253.118.0-255,1484,200706,13,240550
11964,0.002165,172.253.118.0-255,4320,205026,13,240550
11965,0.002183,172.253.118.0-255,6438,211464,13,240550
11966,0.006495,172.31.36.0-255,66,211530,13,240550
11967,0.008796,172.253.118.0-255,5738,217268,13,240550
11968,0.008804,172.31.36.0-255,66,217334,13,240550
11969,0.011102,172.253.118.0-255,5738,223072,13,240550
11970,0.01111,172.31.36.0-255,66,223138,13,240550
11971,0.013416,172.253.118.0-255,5738,228876,13,240550
11972,0.013427,172.31.36.0-255,66,228942,13,240550
11973,0.015735,172.253.118.0-255,5738,234680,13,240550
11974,0.015748,172.31.36.0-255,66,234746,13,240550
11975,0.018049,172.253.118.0-255,5738,240484,13,240550
11976,0.01806,172.31.36.0-255,66,240550,13,240550
11977,0.0,172.217.194.0-255,153,153,13,273978
11978,2.7e-05,172.31.36.0-255,66,219,13,273978
11979,3.3e-05,172.217.194.0-255,1484,1703,13,273978
11980,3.7e-05,172.31.36.0-255,66,1769,13,273978
11981,4.2e-05,172.217.194.0-255,2902,4671,13,273978
11982,4.5e-05,172.31.36.0-255,66,4737,13,273978
11983,5.8e-05,172.217.194.0-255,4320,9057,13,273978
11984,6.2e-05,172.31.36.0-255,66,9123,13,273978
11985,6.8e-05,172.217.194.0-255,5738,14861,13,273978
11986,7.1e-05,172.31.36.0-255,66,14927,13,273978
11987,0.000105,172.217.194.0-255,3527,18454,13,273978
11988,0.000108,172.31.36.0-255,66,18520,13,273978
11989,0.000113,172.217.194.0-255,4320,22840,13,273978
11990,0.000116,172.31.36.0-255,66,22906,13,273978
11991,0.000152,172.217.194.0-255,8215,31121,13,273978
11992,0.000157,172.31.36.0-255,66,31187,13,273978
11993,0.000183,172.217.194.0-255,1484,32671,13,273978
11994,0.000186,172.31.36.0-255,66,32737,13,273978
11995,0.000191,172.217.194.0-255,2902,35639,13,273978
11996,0.000193,172.31.36.0-255,66,35705,13,273978
11997,0.000223,172.217.194.0-255,5738,41443,13,273978
11998,0.000226,172.31.36.0-255,66,41509,13,273978
11999,0.000232,172.217.194.0-255,5738,47247,13,273978
12000,0.000235,172.31.36.0-255,66,47313,13,273978
12001,0.00026,172.217.194.0-255,7156,54469,13,273978
12002,0.000268,172.31.36.0-255,66,54535,13,273978
12003,0.000276,172.217.194.0-255,8574,63109,13,273978
12004,0.000279,172.31.36.0-255,66,63175,13,273978
12005,0.000306,172.217.194.0-255,2496,65671,13,273978
12006,0.00031,172.31.36.0-255,66,65737,13,273978
12007,0.000318,172.217.194.0-255,101,65838,13,273978
12008,0.00032,172.31.36.0-255,66,65904,13,273978
12009,0.000412,172.217.194.0-255,1484,67388,13,273978
12010,0.000417,172.217.194.0-255,1484,68872,13,273978
12011,0.00042,172.31.36.0-255,66,68938,13,273978
12012,0.000446,172.217.194.0-255,1484,70422,13,273978
12013,0.000466,172.217.194.0-255,5738,76160,13,273978
12014,0.000469,172.31.36.0-255,66,76226,13,273978
12015,0.000476,172.217.194.0-255,5738,81964,13,273978
12016,0.000478,172.31.36.0-255,66,82030,13,273978
12017,0.000504,172.217.194.0-255,5738,87768,13,273978
12018,0.000507,172.31.36.0-255,66,87834,13,273978
12019,0.000542,172.217.194.0-255,7156,94990,13,273978
12020,0.000546,172.31.36.0-255,66,95056,13,273978
12021,0.000552,172.217.194.0-255,5316,100372,13,273978
12022,0.000554,172.31.36.0-255,66,100438,13,273978
12023,0.000595,172.217.194.0-255,1484,101922,13,273978
12024,0.000609,172.217.194.0-255,2902,104824,13,273978
12025,0.000613,172.31.36.0-255,66,104890,13,273978
12026,0.000616,172.217.194.0-255,1484,106374,13,273978
12027,0.000644,172.217.194.0-255,4320,110694,13,273978
12028,0.000649,172.31.36.0-255,66,110760,13,273978
12029,0.00068,172.217.194.0-255,2902,113662,13,273978
12030,0.000684,172.31.36.0-255,66,113728,13,273978
12031,0.000716,172.217.194.0-255,9992,123720,13,273978
12032,0.00072,172.31.36.0-255,66,123786,13,273978
12033,0.000763,172.217.194.0-255,2902,126688,13,273978
12034,0.000766,172.31.36.0-255,66,126754,13,273978
12035,0.000798,172.217.194.0-255,7306,134060,13,273978
12036,0.000801,172.31.36.0-255,66,134126,13,273978
12037,0.000804,172.217.194.0-255,1484,135610,13,273978
12038,0.000831,172.217.194.0-255,7156,142766,13,273978
12039,0.000836,172.31.36.0-255,66,142832,13,273978
12040,0.000867,172.217.194.0-255,2902,145734,13,273978
12041,0.00087,172.31.36.0-255,66,145800,13,273978
12042,0.000878,172.217.194.0-255,8574,154374,13,273978
12043,0.000882,172.31.36.0-255,66,154440,13,273978
12044,0.000895,172.31.36.0-255,66,154506,13,273978
12045,0.000898,172.217.194.0-255,1484,155990,13,273978
12046,0.000901,172.217.194.0-255,2902,158892,13,273978
12047,0.000903,172.31.36.0-255,66,158958,13,273978
12048,0.000914,172.217.194.0-255,5738,164696,13,273978
12049,0.000935,172.217.194.0-255,10692,175388,13,273978
12050,0.000939,172.217.194.0-255,1484,176872,13,273978
12051,0.000944,172.217.194.0-255,2902,179774,13,273978
12052,0.000949,172.217.194.0-255,5738,185512,13,273978
12053,0.001007,172.31.36.0-255,66,185578,13,273978
12054,0.00101,172.31.36.0-255,66,185644,13,273978
12055,0.001011,172.31.36.0-255,66,185710,13,273978
12056,0.001012,172.31.36.0-255,66,185776,13,273978
12057,0.001013,172.31.36.0-255,66,185842,13,273978
12058,0.001013,172.31.36.0-255,66,185908,13,273978
12059,0.001047,172.217.194.0-255,10692,196600,13,273978
12060,0.001051,172.31.36.0-255,66,196666,13,273978
12061,0.001476,172.217.194.0-255,1484,198150,13,273978
12062,0.001482,172.217.194.0-255,2902,201052,13,273978
12063,0.001485,172.31.36.0-255,66,201118,13,273978
12064,0.001489,172.217.194.0-255,1484,202602,13,273978
12065,0.001516,172.217.194.0-255,4320,206922,13,273978
12066,0.001519,172.31.36.0-255,66,206988,13,273978
12067,0.001523,172.217.194.0-255,2902,209890,13,273978
12068,0.001528,172.217.194.0-255,4320,214210,13,273978
12069,0.001529,172.31.36.0-255,66,214276,13,273978
12070,0.001533,172.31.36.0-255,66,214342,13,273978
12071,0.001559,172.217.194.0-255,8574,222916,13,273978
12072,0.001562,172.31.36.0-255,66,222982,13,273978
12073,0.00157,172.217.194.0-255,7856,230838,13,273978
12074,0.001573,172.31.36.0-255,66,230904,13,273978
12075,0.001688,172.217.194.0-255,1484,232388,13,273978
12076,0.001694,172.217.194.0-255,2902,235290,13,273978
12077,0.001698,172.31.36.0-255,66,235356,13,273978
12078,0.001703,172.217.194.0-255,2902,238258,13,273978
12079,0.001705,172.31.36.0-255,66,238324,13,273978
12080,0.001737,172.217.194.0-255,2902,241226,13,273978
12081,0.001742,172.31.36.0-255,66,241292,13,273978
12082,0.001754,172.217.194.0-255,7156,248448,13,273978
12083,0.001757,172.31.36.0-255,66,248514,13,273978
12084,0.001771,172.31.36.0-255,66,248580,13,273978
12085,0.001774,172.217.194.0-255,1484,250064,13,273978
12086,0.001827,172.31.36.0-255,66,250130,13,273978
12087,0.001838,172.31.36.0-255,66,250196,13,273978
12088,0.00188,172.217.194.0-255,7856,258052,13,273978
12089,0.001884,172.31.36.0-255,66,258118,13,273978
12090,0.001901,172.31.36.0-255,66,258184,13,273978
12091,0.001904,172.217.194.0-255,1484,259668,13,273978
12092,0.00194,172.31.36.0-255,66,259734,13,273978
12093,0.001974,172.217.194.0-255,7856,267590,13,273978
12094,0.001979,172.31.36.0-255,66,267656,13,273978
12095,0.00198,172.217.194.0-255,5914,273570,13,273978
12096,0.001982,172.217.194.0-255,105,273675,13,273978
12097,0.001983,172.31.36.0-255,66,273741,13,273978
12098,0.003321,172.31.36.0-255,66,273807,13,273978
12099,0.003347,172.31.36.0-255,105,273912,13,273978
12100,0.005892,172.217.194.0-255,66,273978,13,273978
12101,0.0,172.217.194.0-255,152,152,13,247767
12102,2.4e-05,172.31.36.0-255,66,218,13,247767
12103,3.1e-05,172.217.194.0-255,1484,1702,13,247767
12104,3.6e-05,172.31.36.0-255,66,1768,13,247767
12105,4.2e-05,172.217.194.0-255,2902,4670,13,247767
12106,4.5e-05,172.31.36.0-255,66,4736,13,247767
12107,5.3e-05,172.217.194.0-255,7156,11892,13,247767
12108,5.6e-05,172.31.36.0-255,66,11958,13,247767
12109,7.6e-05,172.217.194.0-255,7156,19114,13,247767
12110,7.9e-05,172.31.36.0-255,66,19180,13,247767
12111,0.000105,172.217.194.0-255,4909,24089,13,247767
12112,0.000108,172.31.36.0-255,66,24155,13,247767
12113,0.000113,172.217.194.0-255,4320,28475,13,247767
12114,0.000115,172.31.36.0-255,66,28541,13,247767
12115,0.000134,172.217.194.0-255,2543,31084,13,247767
12116,0.000136,172.31.36.0-255,66,31150,13,247767
12117,0.000141,172.217.194.0-255,2902,34052,13,247767
12118,0.000159,172.31.36.0-255,66,34118,13,247767
12119,0.000185,172.217.194.0-255,4320,38438,13,247767
12120,0.000188,172.31.36.0-255,66,38504,13,247767
12121,0.000195,172.217.194.0-255,7156,45660,13,247767
12122,0.000198,172.31.36.0-255,66,45726,13,247767
12123,0.000224,172.217.194.0-255,2543,48269,13,247767
12124,0.000226,172.31.36.0-255,66,48335,13,247767
12125,0.000292,172.217.194.0-255,1484,49819,13,247767
12126,0.000296,172.31.36.0-255,66,49885,13,247767
12127,0.000301,172.217.194.0-255,2902,52787,13,247767
12128,0.000303,172.31.36.0-255,66,52853,13,247767
12129,0.000331,172.217.194.0-255,5738,58591,13,247767
12130,0.000334,172.31.36.0-255,66,58657,13,247767
12131,0.000367,172.217.194.0-255,5738,64395,13,247767
12132,0.000369,172.31.36.0-255,66,64461,13,247767
12133,0.000386,172.217.194.0-255,1705,66166,13,247767
12134,0.000388,172.31.36.0-255,66,66232,13,247767
12135,0.000423,172.217.194.0-255,1484,67716,13,247767
12136,0.000427,172.217.194.0-255,1484,69200,13,247767
12137,0.000429,172.31.36.0-255,66,69266,13,247767
12138,0.000448,172.217.194.0-255,1484,70750,13,247767
12139,0.000456,172.217.194.0-255,5738,76488,13,247767
12140,0.000458,172.31.36.0-255,66,76554,13,247767
12141,0.000484,172.217.194.0-255,4320,80874,13,247767
12142,0.000486,172.31.36.0-255,66,80940,13,247767
12143,0.000509,172.217.194.0-255,1994,82934,13,247767
12144,0.000511,172.31.36.0-255,66,83000,13,247767
12145,0.000774,172.217.194.0-255,1484,84484,13,247767
12146,0.000781,172.217.194.0-255,2902,87386,13,247767
12147,0.000785,172.31.36.0-255,66,87452,13,247767
12148,0.000792,172.217.194.0-255,5738,93190,13,247767
12149,0.000795,172.31.36.0-255,66,93256,13,247767
12150,0.000834,172.31.36.0-255,66,93322,13,247767
12151,0.000874,172.217.194.0-255,10692,104014,13,247767
12152,0.000878,172.31.36.0-255,66,104080,13,247767
12153,0.001019,172.217.194.0-255,1484,105564,13,247767
12154,0.001025,172.217.194.0-255,2902,108466,13,247767
12155,0.001028,172.31.36.0-255,66,108532,13,247767
12156,0.001036,172.217.194.0-255,5738,114270,13,247767
12157,0.001039,172.31.36.0-255,66,114336,13,247767
12158,0.001099,172.31.36.0-255,66,114402,13,247767
12159,0.001105,172.217.194.0-255,5738,120140,13,247767
12160,0.001107,172.31.36.0-255,66,120206,13,247767
12161,0.00111,172.217.194.0-255,1484,121690,13,247767
12162,0.001132,172.217.194.0-255,3602,125292,13,247767
12163,0.001135,172.31.36.0-255,66,125358,13,247767
12164,0.001142,172.217.194.0-255,5738,131096,13,247767
12165,0.001144,172.31.36.0-255,66,131162,13,247767
12166,0.001186,172.31.36.0-255,66,131228,13,247767
12167,0.001195,172.217.194.0-255,9992,141220,13,247767
12168,0.001198,172.31.36.0-255,66,141286,13,247767
12169,0.00122,172.217.194.0-255,5738,147024,13,247767
12170,0.001223,172.31.36.0-255,66,147090,13,247767
12171,0.001252,172.31.36.0-255,66,147156,13,247767
12172,0.001268,172.31.36.0-255,66,147222,13,247767
12173,0.001398,172.217.194.0-255,1484,148706,13,247767
12174,0.001402,172.217.194.0-255,1484,150190,13,247767
12175,0.001406,172.31.36.0-255,66,150256,13,247767
12176,0.001426,172.217.194.0-255,1484,151740,13,247767
12177,0.001433,172.217.194.0-255,5738,157478,13,247767
12178,0.001436,172.31.36.0-255,66,157544,13,247767
12179,0.001443,172.217.194.0-255,5738,163282,13,247767
12180,0.001445,172.31.36.0-255,66,163348,13,247767
12181,0.001471,172.217.194.0-255,5738,169086,13,247767
12182,0.001476,172.31.36.0-255,66,169152,13,247767
12183,0.001502,172.217.194.0-255,8574,177726,13,247767
12184,0.001505,172.31.36.0-255,66,177792,13,247767
12185,0.001522,172.217.194.0-255,3602,181394,13,247767
12186,0.001524,172.31.36.0-255,66,181460,13,247767
12187,0.001688,172.217.194.0-255,1484,182944,13,247767
12188,0.001695,172.217.194.0-255,2902,185846,13,247767
12189,0.001698,172.31.36.0-255,66,185912,13,247767
12190,0.001703,172.217.194.0-255,2902,188814,13,247767
12191,0.001706,172.31.36.0-255,66,188880,13,247767
12192,0.001719,172.217.194.0-255,2902,191782,13,247767
12193,0.001722,172.31.36.0-255,66,191848,13,247767
12194,0.001739,172.31.36.0-255,66,191914,13,247767
12195,0.00178,172.217.194.0-255,5738,197652,13,247767
12196,0.001783,172.31.36.0-255,66,197718,13,247767
12197,0.001803,172.217.194.0-255,5020,202738,13,247767
12198,0.001806,172.31.36.0-255,66,202804,13,247767
12199,0.001865,172.217.194.0-255,1484,204288,13,247767
12200,0.001871,172.217.194.0-255,2902,207190,13,247767
12201,0.001874,172.31.36.0-255,66,207256,13,247767
12202,0.001877,172.217.194.0-255,1484,208740,13,247767
12203,0.001898,172.217.194.0-255,4320,213060,13,247767
12204,0.001904,172.217.194.0-255,5738,218798,13,247767
12205,0.001908,172.31.36.0-255,66,218864,13,247767
12206,0.001911,172.31.36.0-255,66,218930,13,247767
12207,0.001923,172.217.194.0-255,7156,226086,13,247767
12208,0.001926,172.31.36.0-255,66,226152,13,247767
12209,0.001947,172.217.194.0-255,5738,231890,13,247767
12210,0.00195,172.31.36.0-255,66,231956,13,247767
12211,0.001956,172.217.194.0-255,5020,236976,13,247767
12212,0.001959,172.31.36.0-255,66,237042,13,247767
12213,0.002,172.217.194.0-255,8574,245616,13,247767
12214,0.002004,172.31.36.0-255,66,245682,13,247767
12215,0.002027,172.31.36.0-255,66,245748,13,247767
12216,0.002041,172.31.36.0-255,66,245814,13,247767
12217,0.002081,172.31.36.0-255,66,245880,13,247767
12218,0.002118,172.217.194.0-255,1479,247359,13,247767
12219,0.002122,172.31.36.0-255,66,247425,13,247767
12220,0.002134,172.217.194.0-255,105,247530,13,247767
12221,0.002138,172.31.36.0-255,66,247596,13,247767
12222,0.00436,172.31.36.0-255,105,247701,13,247767
12223,0.006534,172.217.194.0-255,66,247767,13,247767
12224,0.0,172.217.194.0-255,150,150,13,92063
12225,2.2e-05,172.31.36.0-255,66,216,13,92063
12226,3e-05,172.217.194.0-255,1484,1700,13,92063
12227,3.4e-05,172.31.36.0-255,66,1766,13,92063
12228,4e-05,172.217.194.0-255,2902,4668,13,92063
12229,5.2e-05,172.31.36.0-255,66,4734,13,92063
12230,0.000138,172.217.194.0-255,7156,11890,13,92063
12231,0.000143,172.31.36.0-255,66,11956,13,92063
12232,0.000412,172.217.194.0-255,2041,13997,13,92063
12233,0.000418,172.31.36.0-255,66,14063,13,92063
12234,0.000483,172.217.194.0-255,5738,19801,13,92063
12235,0.000487,172.31.36.0-255,66,19867,13,92063
12236,0.000519,172.217.194.0-255,9992,29859,13,92063
12237,0.000522,172.31.36.0-255,66,29925,13,92063
12238,0.001088,172.31.36.0-255,66,29991,13,92063
12239,0.001116,172.217.194.0-255,2543,32534,13,92063
12240,0.001119,172.31.36.0-255,66,32600,13,92063
12241,0.00171,172.31.36.0-255,66,32666,13,92063
12242,0.001742,172.217.194.0-255,6765,39431,13,92063
12243,0.001745,172.31.36.0-255,66,39497,13,92063
12244,0.002376,172.217.194.0-255,7156,46653,13,92063
12245,0.002379,172.31.36.0-255,66,46719,13,92063
12246,0.002423,172.31.36.0-255,66,46785,13,92063
12247,0.003334,172.217.194.0-255,4320,51105,13,92063
12248,0.003339,172.31.36.0-255,66,51171,13,92063
12249,0.00338,172.31.36.0-255,66,51237,13,92063
12250,0.00537,172.217.194.0-255,1484,52721,13,92063
12251,0.005373,172.31.36.0-255,66,52787,13,92063
12252,0.005402,172.217.194.0-255,4320,57107,13,92063
12253,0.006085,172.31.36.0-255,66,57173,13,92063
12254,0.007389,172.217.194.0-255,1484,58657,13,92063
12255,0.008081,172.217.194.0-255,4320,62977,13,92063
12256,0.008089,172.31.36.0-255,66,63043,13,92063
12257,0.010118,172.217.194.0-255,5738,68781,13,92063
12258,0.01013,172.31.36.0-255,66,68847,13,92063
12259,0.012137,172.217.194.0-255,5738,74585,13,92063
12260,0.012145,172.31.36.0-255,66,74651,13,92063
12261,0.014173,172.217.194.0-255,5738,80389,13,92063
12262,0.014182,172.31.36.0-255,66,80455,13,92063
12263,0.016197,172.217.194.0-255,5738,86193,13,92063
12264,0.016204,172.31.36.0-255,66,86259,13,92063
12265,0.018206,172.217.194.0-255,5738,91997,13,92063
12266,0.018214,172.31.36.0-255,66,92063,13,92063
12267,0.0,74.125.24.0-255,153,153,13,143930
12268,1.6e-05,172.31.36.0-255,66,219,13,143930
12269,2.4e-05,74.125.24.0-255,1484,1703,13,143930
12270,2.9e-05,172.31.36.0-255,66,1769,13,143930
12271,5.4e-05,74.125.24.0-255,1484,3253,13,143930
12272,6e-05,172.31.36.0-255,66,3319,13,143930
12273,6.6e-05,74.125.24.0-255,2902,6221,13,143930
12274,6.9e-05,172.31.36.0-255,66,6287,13,143930
12275,7.3e-05,74.125.24.0-255,2902,9189,13,143930
12276,7.6e-05,172.31.36.0-255,66,9255,13,143930
12277,0.000101,74.125.24.0-255,2902,12157,13,143930
12278,0.000103,172.31.36.0-255,66,12223,13,143930
12279,0.000108,74.125.24.0-255,2056,14279,13,143930
12280,0.000111,172.31.36.0-255,66,14345,13,143930
12281,0.000144,74.125.24.0-255,9992,24337,13,143930
12282,0.000148,172.31.36.0-255,66,24403,13,143930
12283,0.000181,74.125.24.0-255,2902,27305,13,143930
12284,0.000183,172.31.36.0-255,66,27371,13,143930
12285,0.000211,74.125.24.0-255,3961,31332,13,143930
12286,0.000215,172.31.36.0-255,66,31398,13,143930
12287,0.000264,74.125.24.0-255,1484,32882,13,143930
12288,0.000267,172.31.36.0-255,66,32948,13,143930
12289,0.00027,74.125.24.0-255,1484,34432,13,143930
12290,0.000273,172.31.36.0-255,66,34498,13,143930
12291,0.000292,74.125.24.0-255,1484,35982,13,143930
12292,0.000295,172.31.36.0-255,66,36048,13,143930
12293,0.000301,74.125.24.0-255,4320,40368,13,143930
12294,0.000303,172.31.36.0-255,66,40434,13,143930
12295,0.000333,74.125.24.0-255,1484,41918,13,143930
12296,0.000336,172.31.36.0-255,66,41984,13,143930
12297,0.000352,172.31.36.0-255,66,42050,13,143930
12298,0.000357,74.125.24.0-255,4320,46370,13,143930
12299,0.00036,172.31.36.0-255,66,46436,13,143930
12300,0.000401,74.125.24.0-255,6734,53170,13,143930
12301,0.000404,172.31.36.0-255,66,53236,13,143930
12302,0.000407,74.125.24.0-255,127,53363,13,143930
12303,0.000648,74.125.24.0-255,351,53714,13,143930
12304,0.000771,74.125.24.0-255,1484,55198,13,143930
12305,0.000776,172.31.36.0-255,66,55264,13,143930
12306,0.000783,74.125.24.0-255,2902,58166,13,143930
12307,0.000785,172.31.36.0-255,66,58232,13,143930
12308,0.000793,74.125.24.0-255,1484,59716,13,143930
12309,0.000823,74.125.24.0-255,5738,65454,13,143930
12310,0.000825,172.31.36.0-255,66,65520,13,143930
12311,0.000859,74.125.24.0-255,4830,70350,13,143930
12312,0.000862,172.31.36.0-255,66,70416,13,143930
12313,0.001161,74.125.24.0-255,1484,71900,13,143930
12314,0.001166,74.125.24.0-255,1484,73384,13,143930
12315,0.001169,172.31.36.0-255,66,73450,13,143930
12316,0.001188,74.125.24.0-255,1484,74934,13,143930
12317,0.001194,74.125.24.0-255,5738,80672,13,143930
12318,0.001197,172.31.36.0-255,66,80738,13,143930
12319,0.001227,74.125.24.0-255,9992,90730,13,143930
12320,0.00123,172.31.36.0-255,66,90796,13,143930
12321,0.001257,74.125.24.0-255,5738,96534,13,143930
12322,0.00126,172.31.36.0-255,66,96600,13,143930
12323,0.001283,74.125.24.0-255,7156,103756,13,143930
12324,0.001292,172.31.36.0-255,66,103822,13,143930
12325,0.001296,74.125.24.0-255,766,104588,13,143930
12326,0.001677,172.31.36.0-255,66,104654,13,143930
12327,0.00393,74.125.24.0-255,4320,108974,13,143930
12328,0.003938,172.31.36.0-255,66,109040,13,143930
12329,0.00427,74.125.24.0-255,1484,110524,13,143930
12330,0.006528,74.125.24.0-255,4320,114844,13,143930
12331,0.006535,172.31.36.0-255,66,114910,13,143930
12332,0.009214,74.125.24.0-255,5738,120648,13,143930
12333,0.009223,172.31.36.0-255,66,120714,13,143930
12334,0.011887,74.125.24.0-255,5738,126452,13,143930
12335,0.011902,172.31.36.0-255,66,126518,13,143930
12336,0.01453,74.125.24.0-255,5738,132256,13,143930
12337,0.014544,172.31.36.0-255,66,132322,13,143930
12338,0.017201,74.125.24.0-255,5738,138060,13,143930
12339,0.01721,172.31.36.0-255,66,138126,13,143930
12340,0.019862,74.125.24.0-255,5738,143864,13,143930
12341,0.019871,172.31.36.0-255,66,143930,13,143930
12342,0.0,74.125.24.0-255,288,288,13,175603
12343,2.1e-05,172.31.36.0-255,66,354,13,175603
12344,2.8e-05,74.125.24.0-255,1484,1838,13,175603
12345,3.2e-05,172.31.36.0-255,66,1904,13,175603
12346,4.8e-05,74.125.24.0-255,4320,6224,13,175603
12347,5.1e-05,172.31.36.0-255,66,6290,13,175603
12348,5.9e-05,74.125.24.0-255,5738,12028,13,175603
12349,6.2e-05,172.31.36.0-255,66,12094,13,175603
12350,9.1e-05,74.125.24.0-255,1741,13835,13,175603
12351,9.4e-05,172.31.36.0-255,66,13901,13,175603
12352,9.7e-05,74.125.24.0-255,1484,15385,13,175603
12353,9.9e-05,172.31.36.0-255,66,15451,13,175603
12354,0.000113,74.125.24.0-255,2902,18353,13,175603
12355,0.000117,172.31.36.0-255,66,18419,13,175603
12356,0.000122,74.125.24.0-255,4320,22739,13,175603
12357,0.000128,172.31.36.0-255,66,22805,13,175603
12358,0.000157,74.125.24.0-255,1484,24289,13,175603
12359,0.000159,172.31.36.0-255,66,24355,13,175603
12360,0.000167,74.125.24.0-255,6797,31152,13,175603
12361,0.00017,172.31.36.0-255,66,31218,13,175603
12362,0.000267,74.125.24.0-255,1484,32702,13,175603
12363,0.000271,172.31.36.0-255,66,32768,13,175603
12364,0.000302,74.125.24.0-255,2902,35670,13,175603
12365,0.000305,172.31.36.0-255,66,35736,13,175603
12366,0.000311,74.125.24.0-255,5738,41474,13,175603
12367,0.000314,172.31.36.0-255,66,41540,13,175603
12368,0.000335,74.125.24.0-255,2902,44442,13,175603
12369,0.000337,172.31.36.0-255,66,44508,13,175603
12370,0.000361,74.125.24.0-255,3961,48469,13,175603
12371,0.000364,172.31.36.0-255,66,48535,13,175603
12372,0.000997,74.125.24.0-255,1484,50019,13,175603
12373,0.001003,172.31.36.0-255,66,50085,13,175603
12374,0.001011,74.125.24.0-255,2902,52987,13,175603
12375,0.001014,172.31.36.0-255,66,53053,13,175603
12376,0.001026,74.125.24.0-255,5738,58791,13,175603
12377,0.001028,172.31.36.0-255,66,58857,13,175603
12378,0.001059,74.125.24.0-255,6797,65654,13,175603
12379,0.001062,172.31.36.0-255,66,65720,13,175603
12380,0.001217,74.125.24.0-255,1484,67204,13,175603
12381,0.001239,74.125.24.0-255,2902,70106,13,175603
12382,0.001243,172.31.36.0-255,66,70172,13,175603
12383,0.00125,74.125.24.0-255,4320,74492,13,175603
12384,0.001252,172.31.36.0-255,66,74558,13,175603
12385,0.001281,74.125.24.0-255,1484,76042,13,175603
12386,0.001289,74.125.24.0-255,7378,83420,13,175603
12387,0.001292,172.31.36.0-255,66,83486,13,175603
12388,0.001338,74.125.24.0-255,1484,84970,13,175603
12389,0.001352,74.125.24.0-255,2902,87872,13,175603
12390,0.001355,172.31.36.0-255,66,87938,13,175603
12391,0.001382,74.125.24.0-255,5738,93676,13,175603
12392,0.001385,172.31.36.0-255,66,93742,13,175603
12393,0.001393,74.125.24.0-255,6797,100539,13,175603
12394,0.001395,172.31.36.0-255,66,100605,13,175603
12395,0.001872,74.125.24.0-255,1484,102089,13,175603
12396,0.001881,74.125.24.0-255,2902,104991,13,175603
12397,0.001885,172.31.36.0-255,66,105057,13,175603
12398,0.001892,74.125.24.0-255,4320,109377,13,175603
12399,0.001894,172.31.36.0-255,66,109443,13,175603
12400,0.001925,74.125.24.0-255,1484,110927,13,175603
12401,0.001932,74.125.24.0-255,7156,118083,13,175603
12402,0.001935,172.31.36.0-255,66,118149,13,175603
12403,0.001944,74.125.24.0-255,8574,126723,13,175603
12404,0.001946,172.31.36.0-255,66,126789,13,175603
12405,0.001979,74.125.24.0-255,5738,132527,13,175603
12406,0.001982,172.31.36.0-255,66,132593,13,175603
12407,0.001986,74.125.24.0-255,2184,134777,13,175603
12408,0.001989,172.31.36.0-255,66,134843,13,175603
12409,0.004261,74.125.24.0-255,2902,137745,13,175603
12410,0.004268,172.31.36.0-255,66,137811,13,175603
12411,0.004292,74.125.24.0-255,2902,140713,13,175603
12412,0.004296,172.31.36.0-255,66,140779,13,175603
12413,0.006535,74.125.24.0-255,5738,146517,13,175603
12414,0.006539,172.31.36.0-255,66,146583,13,175603
12415,0.00883,74.125.24.0-255,5738,152321,13,175603
12416,0.008838,172.31.36.0-255,66,152387,13,175603
12417,0.01112,74.125.24.0-255,5738,158125,13,175603
12418,0.011127,172.31.36.0-255,66,158191,13,175603
12419,0.013398,74.125.24.0-255,5738,163929,13,175603
12420,0.013405,172.31.36.0-255,66,163995,13,175603
12421,0.015693,74.125.24.0-255,5738,169733,13,175603
12422,0.015703,172.31.36.0-255,66,169799,13,175603
12423,0.017993,74.125.24.0-255,5738,175537,13,175603
12424,0.018002,172.31.36.0-255,66,175603,13,175603
12425,0.0,74.125.200.0-255,152,152,13,272818
12426,2.6e-05,172.31.36.0-255,66,218,13,272818
12427,3.3e-05,74.125.200.0-255,1484,1702,13,272818
12428,3.8e-05,172.31.36.0-255,66,1768,13,272818
12429,4.1e-05,74.125.200.0-255,1484,3252,13,272818
12430,5.2e-05,172.31.36.0-255,66,3318,13,272818
12431,5.9e-05,74.125.200.0-255,2902,6220,13,272818
12432,6.2e-05,172.31.36.0-255,66,6286,13,272818
12433,8.4e-05,74.125.200.0-255,4320,10606,13,272818
12434,9.1e-05,172.31.36.0-255,66,10672,13,272818
12435,0.000118,74.125.200.0-255,1484,12156,13,272818
12436,0.00012,172.31.36.0-255,66,12222,13,272818
12437,0.000127,74.125.200.0-255,4320,16542,13,272818
12438,0.000129,172.31.36.0-255,66,16608,13,272818
12439,0.000153,74.125.200.0-255,2035,18643,13,272818
12440,0.000155,172.31.36.0-255,66,18709,13,272818
12441,0.00016,74.125.200.0-255,2902,21611,13,272818
12442,0.000163,172.31.36.0-255,66,21677,13,272818
12443,0.000188,74.125.200.0-255,4320,25997,13,272818
12444,0.000191,172.31.36.0-255,66,26063,13,272818
12445,0.000194,74.125.200.0-255,1484,27547,13,272818
12446,0.000197,172.31.36.0-255,66,27613,13,272818
12447,0.000205,74.125.200.0-255,2902,30515,13,272818
12448,0.000207,172.31.36.0-255,66,30581,13,272818
12449,0.00023,74.125.200.0-255,1125,31706,13,272818
12450,0.000232,172.31.36.0-255,66,31772,13,272818
12451,0.000548,74.125.200.0-255,1484,33256,13,272818
12452,0.000554,172.31.36.0-255,66,33322,13,272818
12453,0.000587,74.125.200.0-255,2902,36224,13,272818
12454,0.00059,172.31.36.0-255,66,36290,13,272818
12455,0.000616,74.125.200.0-255,2902,39192,13,272818
12456,0.000619,172.31.36.0-255,66,39258,13,272818
12457,0.000645,74.125.200.0-255,4320,43578,13,272818
12458,0.000648,172.31.36.0-255,66,43644,13,272818
12459,0.000652,74.125.200.0-255,2902,46546,13,272818
12460,0.000654,172.31.36.0-255,66,46612,13,272818
12461,0.000684,74.125.200.0-255,4320,50932,13,272818
12462,0.000688,172.31.36.0-255,66,50998,13,272818
12463,0.000695,74.125.200.0-255,5738,56736,13,272818
12464,0.000697,172.31.36.0-255,66,56802,13,272818
12465,0.00072,74.125.200.0-255,2902,59704,13,272818
12466,0.000723,172.31.36.0-255,66,59770,13,272818
12467,0.000759,74.125.200.0-255,6438,66208,13,272818
12468,0.000762,172.31.36.0-255,66,66274,13,272818
12469,0.000905,74.125.200.0-255,398,66672,13,272818
12470,0.000954,74.125.200.0-255,1484,68156,13,272818
12471,0.000958,172.31.36.0-255,66,68222,13,272818
12472,0.000963,74.125.200.0-255,2902,71124,13,272818
12473,0.000965,172.31.36.0-255,66,71190,13,272818
12474,0.000976,74.125.200.0-255,4320,75510,13,272818
12475,0.000978,172.31.36.0-255,66,75576,13,272818
12476,0.001007,74.125.200.0-255,1484,77060,13,272818
12477,0.001018,74.125.200.0-255,9992,87052,13,272818
12478,0.001021,172.31.36.0-255,66,87118,13,272818
12479,0.001096,172.31.36.0-255,66,87184,13,272818
12480,0.0011,74.125.200.0-255,2184,89368,13,272818
12481,0.001102,172.31.36.0-255,66,89434,13,272818
12482,0.001106,74.125.200.0-255,1484,90918,13,272818
12483,0.00111,74.125.200.0-255,2902,93820,13,272818
12484,0.001112,172.31.36.0-255,66,93886,13,272818
12485,0.00114,74.125.200.0-255,5738,99624,13,272818
12486,0.001143,172.31.36.0-255,66,99690,13,272818
12487,0.001175,74.125.200.0-255,6496,106186,13,272818
12488,0.001178,172.31.36.0-255,66,106252,13,272818
12489,0.001309,74.125.200.0-255,1484,107736,13,272818
12490,0.001313,74.125.200.0-255,1484,109220,13,272818
12491,0.001316,172.31.36.0-255,66,109286,13,272818
12492,0.001347,74.125.200.0-255,1484,110770,13,272818
12493,0.001355,74.125.200.0-255,5738,116508,13,272818
12494,0.001357,172.31.36.0-255,66,116574,13,272818
12495,0.001365,74.125.200.0-255,7156,123730,13,272818
12496,0.001367,172.31.36.0-255,66,123796,13,272818
12497,0.001377,74.125.200.0-255,4320,128116,13,272818
12498,0.00138,172.31.36.0-255,66,128182,13,272818
12499,0.001408,74.125.200.0-255,4320,132502,13,272818
12500,0.001411,172.31.36.0-255,66,132568,13,272818
12501,0.001418,74.125.200.0-255,5738,138306,13,272818
12502,0.00142,172.31.36.0-255,66,138372,13,272818
12503,0.001445,74.125.200.0-255,2184,140556,13,272818
12504,0.001448,172.31.36.0-255,66,140622,13,272818
12505,0.001567,74.125.200.0-255,1484,142106,13,272818
12506,0.001574,74.125.200.0-255,2902,145008,13,272818
12507,0.001576,172.31.36.0-255,66,145074,13,272818
12508,0.001615,74.125.200.0-255,5738,150812,13,272818
12509,0.001618,172.31.36.0-255,66,150878,13,272818
12510,0.001622,74.125.200.0-255,1484,152362,13,272818
12511,0.001627,74.125.200.0-255,2902,155264,13,272818
12512,0.001629,172.31.36.0-255,66,155330,13,272818
12513,0.001633,74.125.200.0-255,2902,158232,13,272818
12514,0.001635,172.31.36.0-255,66,158298,13,272818
12515,0.001667,74.125.200.0-255,2902,161200,13,272818
12516,0.00167,172.31.36.0-255,66,161266,13,272818
12517,0.001676,74.125.200.0-255,5738,167004,13,272818
12518,0.001679,172.31.36.0-255,66,167070,13,272818
12519,0.001685,74.125.200.0-255,5738,172808,13,272818
12520,0.001688,172.31.36.0-255,66,172874,13,272818
12521,0.001716,74.125.200.0-255,1484,174358,13,272818
12522,0.001719,74.125.200.0-255,766,175124,13,272818
12523,0.001721,172.31.36.0-255,66,175190,13,272818
12524,0.001725,74.125.200.0-255,1484,176674,13,272818
12525,0.001731,74.125.200.0-255,4320,180994,13,272818
12526,0.001733,172.31.36.0-255,66,181060,13,272818
12527,0.001766,74.125.200.0-255,9992,191052,13,272818
12528,0.001769,172.31.36.0-255,66,191118,13,272818
12529,0.001775,74.125.200.0-255,4320,195438,13,272818
12530,0.001776,172.31.36.0-255,66,195504,13,272818
12531,0.001823,74.125.200.0-255,2902,198406,13,272818
12532,0.001827,172.31.36.0-255,66,198472,13,272818
12533,0.00186,74.125.200.0-255,10692,209164,13,272818
12534,0.001862,172.31.36.0-255,66,209230,13,272818
12535,0.002091,74.125.200.0-255,1484,210714,13,272818
12536,0.002111,74.125.200.0-255,2902,213616,13,272818
12537,0.002115,172.31.36.0-255,66,213682,13,272818
12538,0.00214,74.125.200.0-255,1484,215166,13,272818
12539,0.002145,74.125.200.0-255,2902,218068,13,272818
12540,0.002147,172.31.36.0-255,66,218134,13,272818
12541,0.002171,74.125.200.0-255,4320,222454,13,272818
12542,0.002174,172.31.36.0-255,66,222520,13,272818
12543,0.002177,74.125.200.0-255,1484,224004,13,272818
12544,0.002198,74.125.200.0-255,4320,228324,13,272818
12545,0.002201,172.31.36.0-255,66,228390,13,272818
12546,0.002242,172.31.36.0-255,66,228456,13,272818
12547,0.002246,74.125.200.0-255,3602,232058,13,272818
12548,0.002248,172.31.36.0-255,66,232124,13,272818
12549,0.004515,74.125.200.0-255,1484,233608,13,272818
12550,0.004534,74.125.200.0-255,4320,237928,13,272818
12551,0.004539,172.31.36.0-255,66,237994,13,272818
12552,0.006815,74.125.200.0-255,5738,243732,13,272818
12553,0.00682,172.31.36.0-255,66,243798,13,272818
12554,0.009161,74.125.200.0-255,5738,249536,13,272818
12555,0.009177,172.31.36.0-255,66,249602,13,272818
12556,0.011474,74.125.200.0-255,5738,255340,13,272818
12557,0.011487,172.31.36.0-255,66,255406,13,272818
12558,0.013793,74.125.200.0-255,5738,261144,13,272818
12559,0.013809,172.31.36.0-255,66,261210,13,272818
12560,0.016124,74.125.200.0-255,5738,266948,13,272818
12561,0.016142,172.31.36.0-255,66,267014,13,272818
12562,0.018457,74.125.200.0-255,5738,272752,13,272818
12563,0.018475,172.31.36.0-255,66,272818,13,272818
12564,0.0,74.125.24.0-255,153,153,13,320163
12565,4.6e-05,172.31.36.0-255,66,219,13,320163
12566,5.3e-05,74.125.24.0-255,1484,1703,13,320163
12567,5.7e-05,172.31.36.0-255,66,1769,13,320163
12568,7.3e-05,74.125.24.0-255,2902,4671,13,320163
12569,7.8e-05,172.31.36.0-255,66,4737,13,320163
12570,8.4e-05,74.125.24.0-255,5738,10475,13,320163
12571,8.7e-05,172.31.36.0-255,66,10541,13,320163
12572,0.000114,74.125.24.0-255,1484,12025,13,320163
12573,0.000117,172.31.36.0-255,66,12091,13,320163
12574,0.000157,74.125.24.0-255,9138,21229,13,320163
12575,0.000161,172.31.36.0-255,66,21295,13,320163
12576,0.000171,74.125.24.0-255,9633,30928,13,320163
12577,0.000183,172.31.36.0-255,66,30994,13,320163
12578,0.00021,74.125.24.0-255,1484,32478,13,320163
12579,0.000213,172.31.36.0-255,66,32544,13,320163
12580,0.000218,74.125.24.0-255,2902,35446,13,320163
12581,0.00022,172.31.36.0-255,66,35512,13,320163
12582,0.000249,74.125.24.0-255,5738,41250,13,320163
12583,0.000252,172.31.36.0-255,66,41316,13,320163
12584,0.000278,74.125.24.0-255,4320,45636,13,320163
12585,0.000282,172.31.36.0-255,66,45702,13,320163
12586,0.000317,74.125.24.0-255,9633,55335,13,320163
12587,0.000321,172.31.36.0-255,66,55401,13,320163
12588,0.00033,74.125.24.0-255,9633,65034,13,320163
12589,0.000333,172.31.36.0-255,66,65100,13,320163
12590,0.000495,74.125.24.0-255,646,65746,13,320163
12591,0.000499,172.31.36.0-255,66,65812,13,320163
12592,0.00101,74.125.24.0-255,1484,67296,13,320163
12593,0.001016,172.31.36.0-255,66,67362,13,320163
12594,0.001026,74.125.24.0-255,2902,70264,13,320163
12595,0.001035,172.31.36.0-255,66,70330,13,320163
12596,0.001041,74.125.24.0-255,4320,74650,13,320163
12597,0.001051,74.125.24.0-255,8574,83224,13,320163
12598,0.001111,74.125.24.0-255,2184,85408,13,320163
12599,0.001523,74.125.24.0-255,1484,86892,13,320163
12600,0.001545,74.125.24.0-255,2902,89794,13,320163
12601,0.001549,74.125.24.0-255,4320,94114,13,320163
12602,0.00156,74.125.24.0-255,1484,95598,13,320163
12603,0.001579,74.125.24.0-255,7156,102754,13,320163
12604,0.00159,74.125.24.0-255,1484,104238,13,320163
12605,0.001595,74.125.24.0-255,5738,109976,13,320163
12606,0.001606,74.125.24.0-255,4320,114296,13,320163
12607,0.001629,74.125.24.0-255,5020,119316,13,320163
12608,0.001657,74.125.24.0-255,2902,122218,13,320163
12609,0.001667,74.125.24.0-255,2902,125120,13,320163
12610,0.00167,74.125.24.0-255,1484,126604,13,320163
12611,0.001688,74.125.24.0-255,4320,130924,13,320163
12612,0.001707,74.125.24.0-255,7156,138080,13,320163
12613,0.001716,74.125.24.0-255,2902,140982,13,320163
12614,0.001729,74.125.24.0-255,2902,143884,13,320163
12615,0.001731,74.125.24.0-255,1484,145368,13,320163
12616,0.001754,74.125.24.0-255,7856,153224,13,320163
12617,0.001794,74.125.24.0-255,1484,154708,13,320163
12618,0.001803,74.125.24.0-255,2902,157610,13,320163
12619,0.001821,74.125.24.0-255,5738,163348,13,320163
12620,0.001825,74.125.24.0-255,2902,166250,13,320163
12621,0.001854,74.125.24.0-255,7156,173406,13,320163
12622,0.001863,74.125.24.0-255,2902,176308,13,320163
12623,0.001912,74.125.24.0-255,2902,179210,13,320163
12624,0.001926,74.125.24.0-255,7856,187066,13,320163
12625,0.0024,74.125.24.0-255,1484,188550,13,320163
12626,0.002414,74.125.24.0-255,2902,191452,13,320163
12627,0.002417,74.125.24.0-255,1484,192936,13,320163
12628,0.002436,74.125.24.0-255,4320,197256,13,320163
12629,0.00244,74.125.24.0-255,4320,201576,13,320163
12630,0.002456,74.125.24.0-255,4320,205896,13,320163
12631,0.002488,74.125.24.0-255,1484,207380,13,320163
12632,0.002506,74.125.24.0-255,8574,215954,13,320163
12633,0.00252,74.125.24.0-255,5020,220974,13,320163
12634,0.002716,74.125.24.0-255,1484,222458,13,320163
12635,0.002732,74.125.24.0-255,2902,225360,13,320163
12636,0.002734,74.125.24.0-255,1484,226844,13,320163
12637,0.00275,74.125.24.0-255,2902,229746,13,320163
12638,0.00277,74.125.24.0-255,4320,234066,13,320163
12639,0.002783,74.125.24.0-255,1484,235550,13,320163
12640,0.002786,74.125.24.0-255,1484,237034,13,320163
12641,0.002815,74.125.24.0-255,9992,247026,13,320163
12642,0.002841,74.125.24.0-255,7856,254882,13,320163
12643,0.002857,74.125.24.0-255,2902,257784,13,320163
12644,0.002872,74.125.24.0-255,1484,259268,13,320163
12645,0.002907,74.125.24.0-255,5738,265006,13,320163
12646,0.002922,74.125.24.0-255,5738,270744,13,320163
12647,0.002925,74.125.24.0-255,1484,272228,13,320163
12648,0.002927,74.125.24.0-255,1484,273712,13,320163
12649,0.002948,74.125.24.0-255,7156,280868,13,320163
12650,0.002969,74.125.24.0-255,9274,290142,13,320163
12651,0.002993,74.125.24.0-255,5738,295880,13,320163
12652,0.003027,74.125.24.0-255,3602,299482,13,320163
12653,0.003054,74.125.24.0-255,4320,303802,13,320163
12654,0.003105,74.125.24.0-255,6438,310240,13,320163
12655,0.003175,74.125.24.0-255,1484,311724,13,320163
12656,0.00318,74.125.24.0-255,2902,314626,13,320163
12657,0.003234,74.125.24.0-255,5195,319821,13,320163
12658,0.003256,74.125.24.0-255,105,319926,13,320163
12659,0.006236,172.31.36.0-255,66,319992,13,320163
12660,0.008683,172.31.36.0-255,105,320097,13,320163
12661,0.01127,74.125.24.0-255,66,320163,13,320163
12662,0.0,172.217.26.0-255,152,152,13,256251
12663,2.9e-05,172.31.36.0-255,66,218,13,256251
12664,3.5e-05,172.217.26.0-255,1484,1702,13,256251
12665,4e-05,172.31.36.0-255,66,1768,13,256251
12666,4.4e-05,172.217.26.0-255,2902,4670,13,256251
12667,4.6e-05,172.31.36.0-255,66,4736,13,256251
12668,5.1e-05,172.217.26.0-255,2902,7638,13,256251
12669,5.4e-05,172.31.36.0-255,66,7704,13,256251
12670,5.9e-05,172.217.26.0-255,4320,12024,13,256251
12671,6.1e-05,172.31.36.0-255,66,12090,13,256251
12672,8.6e-05,172.217.26.0-255,2079,14169,13,256251
12673,8.8e-05,172.31.36.0-255,66,14235,13,256251
12674,9.2e-05,172.217.26.0-255,1484,15719,13,256251
12675,9.4e-05,172.31.36.0-255,66,15785,13,256251
12676,0.000108,172.217.26.0-255,1484,17269,13,256251
12677,0.00011,172.31.36.0-255,66,17335,13,256251
12678,0.000115,172.217.26.0-255,2902,20237,13,256251
12679,0.000117,172.31.36.0-255,66,20303,13,256251
12680,0.000138,172.217.26.0-255,4320,24623,13,256251
12681,0.000141,172.31.36.0-255,66,24689,13,256251
12682,0.000147,172.217.26.0-255,5738,30427,13,256251
12683,0.000149,172.31.36.0-255,66,30493,13,256251
12684,0.000172,172.217.26.0-255,1125,31618,13,256251
12685,0.000175,172.31.36.0-255,66,31684,13,256251
12686,0.000389,172.217.26.0-255,1484,33168,13,256251
12687,0.000393,172.31.36.0-255,66,33234,13,256251
12688,0.000399,172.217.26.0-255,2902,36136,13,256251
12689,0.000402,172.31.36.0-255,66,36202,13,256251
12690,0.000405,172.217.26.0-255,1484,37686,13,256251
12691,0.000407,172.31.36.0-255,66,37752,13,256251
12692,0.000425,172.217.26.0-255,4320,42072,13,256251
12693,0.000428,172.31.36.0-255,66,42138,13,256251
12694,0.000445,172.217.26.0-255,5738,47876,13,256251
12695,0.000448,172.31.36.0-255,66,47942,13,256251
12696,0.000472,172.217.26.0-255,8215,56157,13,256251
12697,0.000476,172.31.36.0-255,66,56223,13,256251
12698,0.000502,172.217.26.0-255,2902,59125,13,256251
12699,0.000504,172.31.36.0-255,66,59191,13,256251
12700,0.000532,172.217.26.0-255,6797,65988,13,256251
12701,0.000535,172.31.36.0-255,66,66054,13,256251
12702,0.000539,172.217.26.0-255,356,66410,13,256251
12703,0.000807,172.31.36.0-255,66,66476,13,256251
12704,0.001147,172.217.26.0-255,389,66865,13,256251
12705,0.001182,172.31.36.0-255,66,66931,13,256251
12706,0.001301,172.217.26.0-255,1484,68415,13,256251
12707,0.001309,172.217.26.0-255,2902,71317,13,256251
12708,0.001313,172.31.36.0-255,66,71383,13,256251
12709,0.001321,172.217.26.0-255,5738,77121,13,256251
12710,0.001323,172.31.36.0-255,66,77187,13,256251
12711,0.001351,172.217.26.0-255,6797,83984,13,256251
12712,0.001355,172.31.36.0-255,66,84050,13,256251
12713,0.001386,172.217.26.0-255,5738,89788,13,256251
12714,0.001388,172.31.36.0-255,66,89854,13,256251
12715,0.001417,172.217.26.0-255,1484,91338,13,256251
12716,0.001426,172.217.26.0-255,9633,100971,13,256251
12717,0.00143,172.31.36.0-255,66,101037,13,256251
12718,0.001506,172.217.26.0-255,1484,102521,13,256251
12719,0.001512,172.217.26.0-255,2902,105423,13,256251
12720,0.001514,172.31.36.0-255,66,105489,13,256251
12721,0.001518,172.217.26.0-255,1484,106973,13,256251
12722,0.001537,172.217.26.0-255,4320,111293,13,256251
12723,0.001539,172.31.36.0-255,66,111359,13,256251
12724,0.001546,172.217.26.0-255,7156,118515,13,256251
12725,0.001548,172.31.36.0-255,66,118581,13,256251
12726,0.001554,172.217.26.0-255,4320,122901,13,256251
12727,0.001557,172.31.36.0-255,66,122967,13,256251
12728,0.00158,172.217.26.0-255,4320,127287,13,256251
12729,0.001583,172.31.36.0-255,66,127353,13,256251
12730,0.001606,172.217.26.0-255,7856,135209,13,256251
12731,0.001609,172.31.36.0-255,66,135275,13,256251
12732,0.001665,172.217.26.0-255,1484,136759,13,256251
12733,0.00167,172.217.26.0-255,2902,139661,13,256251
12734,0.001673,172.31.36.0-255,66,139727,13,256251
12735,0.001698,172.217.26.0-255,5738,145465,13,256251
12736,0.001701,172.31.36.0-255,66,145531,13,256251
12737,0.001703,172.217.26.0-255,1484,147015,13,256251
12738,0.001707,172.217.26.0-255,2902,149917,13,256251
12739,0.001709,172.31.36.0-255,66,149983,13,256251
12740,0.001712,172.217.26.0-255,1484,151467,13,256251
12741,0.001737,172.217.26.0-255,4320,155787,13,256251
12742,0.00174,172.31.36.0-255,66,155853,13,256251
12743,0.001747,172.217.26.0-255,7156,163009,13,256251
12744,0.001749,172.31.36.0-255,66,163075,13,256251
12745,0.001768,172.217.26.0-255,5738,168813,13,256251
12746,0.001771,172.31.36.0-255,66,168879,13,256251
12747,0.001786,172.217.26.0-255,766,169645,13,256251
12748,0.001871,172.217.26.0-255,1484,171129,13,256251
12749,0.001875,172.31.36.0-255,66,171195,13,256251
12750,0.00188,172.217.26.0-255,2902,174097,13,256251
12751,0.001882,172.31.36.0-255,66,174163,13,256251
12752,0.001885,172.217.26.0-255,1484,175647,13,256251
12753,0.001913,172.217.26.0-255,4320,179967,13,256251
12754,0.001918,172.217.26.0-255,5738,185705,13,256251
12755,0.001923,172.217.26.0-255,5738,191443,13,256251
12756,0.001926,172.31.36.0-255,66,191509,13,256251
12757,0.001929,172.31.36.0-255,66,191575,13,256251
12758,0.001931,172.31.36.0-255,66,191641,13,256251
12759,0.001945,172.217.26.0-255,1484,193125,13,256251
12760,0.00197,172.217.26.0-255,8574,201699,13,256251
12761,0.001974,172.31.36.0-255,66,201765,13,256251
12762,0.00199,172.217.26.0-255,2184,203949,13,256251
12763,0.001992,172.31.36.0-255,66,204015,13,256251
12764,0.003943,172.217.26.0-255,5738,209753,13,256251
12765,0.00395,172.31.36.0-255,66,209819,13,256251
12766,0.005925,172.217.26.0-255,5738,215557,13,256251
12767,0.00593,172.31.36.0-255,66,215623,13,256251
12768,0.007914,172.217.26.0-255,5738,221361,13,256251
12769,0.007921,172.31.36.0-255,66,221427,13,256251
12770,0.009899,172.217.26.0-255,5738,227165,13,256251
12771,0.009906,172.31.36.0-255,66,227231,13,256251
12772,0.011887,172.217.26.0-255,5738,232969,13,256251
12773,0.011898,172.31.36.0-255,66,233035,13,256251
12774,0.013872,172.217.26.0-255,5738,238773,13,256251
12775,0.013881,172.31.36.0-255,66,238839,13,256251
12776,0.015861,172.217.26.0-255,5738,244577,13,256251
12777,0.015872,172.31.36.0-255,66,244643,13,256251
12778,0.017849,172.217.26.0-255,5738,250381,13,256251
12779,0.017856,172.31.36.0-255,66,250447,13,256251
12780,0.01986,172.217.26.0-255,5738,256185,13,256251
12781,0.019868,172.31.36.0-255,66,256251,13,256251
12782,0.0,74.125.200.0-255,226,226,13,84634
12783,2.4e-05,172.31.36.0-255,66,292,13,84634
12784,3.1e-05,74.125.200.0-255,1484,1776,13,84634
12785,3.5e-05,172.31.36.0-255,66,1842,13,84634
12786,7.4e-05,74.125.200.0-255,4320,6162,13,84634
12787,7.6e-05,172.31.36.0-255,66,6228,13,84634
12788,0.000242,74.125.200.0-255,5738,11966,13,84634
12789,0.000247,172.31.36.0-255,66,12032,13,84634
12790,0.000259,74.125.200.0-255,1484,13516,13,84634
12791,0.000261,172.31.36.0-255,66,13582,13,84634
12792,0.000533,74.125.200.0-255,5738,19320,13,84634
12793,0.000537,172.31.36.0-255,66,19386,13,84634
12794,0.000561,74.125.200.0-255,7731,27117,13,84634
12795,0.000565,172.31.36.0-255,66,27183,13,84634
12796,0.001074,74.125.200.0-255,3961,31144,13,84634
12797,0.001081,172.31.36.0-255,66,31210,13,84634
12798,0.001224,74.125.200.0-255,2902,34112,13,84634
12799,0.001229,172.31.36.0-255,66,34178,13,84634
12800,0.00125,74.125.200.0-255,2902,37080,13,84634
12801,0.001252,172.31.36.0-255,66,37146,13,84634
12802,0.002236,74.125.200.0-255,2902,40048,13,84634
12803,0.002241,172.31.36.0-255,66,40114,13,84634
12804,0.003484,74.125.200.0-255,2902,43016,13,84634
12805,0.003489,172.31.36.0-255,66,43082,13,84634
12806,0.004455,74.125.200.0-255,2902,45984,13,84634
12807,0.004461,172.31.36.0-255,66,46050,13,84634
12808,0.005703,74.125.200.0-255,2902,48952,13,84634
12809,0.00571,172.31.36.0-255,66,49018,13,84634
12810,0.006668,74.125.200.0-255,2902,51920,13,84634
12811,0.006675,172.31.36.0-255,66,51986,13,84634
12812,0.007918,74.125.200.0-255,2902,54888,13,84634
12813,0.007926,172.31.36.0-255,66,54954,13,84634
12814,0.008895,74.125.200.0-255,2902,57856,13,84634
12815,0.008904,172.31.36.0-255,66,57922,13,84634
12816,0.010158,74.125.200.0-255,2902,60824,13,84634
12817,0.010167,172.31.36.0-255,66,60890,13,84634
12818,0.01112,74.125.200.0-255,2902,63792,13,84634
12819,0.01113,172.31.36.0-255,66,63858,13,84634
12820,0.012408,74.125.200.0-255,2902,66760,13,84634
12821,0.012418,172.31.36.0-255,66,66826,13,84634
12822,0.013353,74.125.200.0-255,2902,69728,13,84634
12823,0.013362,172.31.36.0-255,66,69794,13,84634
12824,0.014659,74.125.200.0-255,2902,72696,13,84634
12825,0.014673,172.31.36.0-255,66,72762,13,84634
12826,0.015596,74.125.200.0-255,2902,75664,13,84634
12827,0.015605,172.31.36.0-255,66,75730,13,84634
12828,0.016898,74.125.200.0-255,2902,78632,13,84634
12829,0.016909,172.31.36.0-255,66,78698,13,84634
12830,0.01783,74.125.200.0-255,2902,81600,13,84634
12831,0.017839,172.31.36.0-255,66,81666,13,84634
12832,0.019133,74.125.200.0-255,2902,84568,13,84634
12833,0.019145,172.31.36.0-255,66,84634,13,84634
12834,0.0,172.217.194.0-255,299,299,13,199301
12835,1.5e-05,172.31.36.0-255,66,365,13,199301
12836,2.2e-05,172.217.194.0-255,1484,1849,13,199301
12837,2.6e-05,172.31.36.0-255,66,1915,13,199301
12838,3.3e-05,172.217.194.0-255,4320,6235,13,199301
12839,3.7e-05,172.31.36.0-255,66,6301,13,199301
12840,7.6e-05,172.217.194.0-255,8931,15232,13,199301
12841,8e-05,172.31.36.0-255,66,15298,13,199301
12842,9.3e-05,172.31.36.0-255,66,15364,13,199301
12843,0.000127,172.217.194.0-255,3961,19325,13,199301
12844,0.00013,172.31.36.0-255,66,19391,13,199301
12845,0.000235,172.217.194.0-255,1484,20875,13,199301
12846,0.00024,172.31.36.0-255,66,20941,13,199301
12847,0.000245,172.217.194.0-255,2902,23843,13,199301
12848,0.000248,172.31.36.0-255,66,23909,13,199301
12849,0.000255,172.217.194.0-255,5738,29647,13,199301
12850,0.000258,172.31.36.0-255,66,29713,13,199301
12851,0.000261,172.217.194.0-255,1484,31197,13,199301
12852,0.000263,172.31.36.0-255,66,31263,13,199301
12853,0.000282,172.217.194.0-255,2902,34165,13,199301
12854,0.000284,172.31.36.0-255,66,34231,13,199301
12855,0.000309,172.217.194.0-255,2902,37133,13,199301
12856,0.000311,172.31.36.0-255,66,37199,13,199301
12857,0.000346,172.31.36.0-255,66,37265,13,199301
12858,0.00035,172.217.194.0-255,2543,39808,13,199301
12859,0.000353,172.31.36.0-255,66,39874,13,199301
12860,0.0013,172.217.194.0-255,645,40519,13,199301
12861,0.001307,172.31.36.0-255,66,40585,13,199301
12862,0.0015,172.217.194.0-255,1484,42069,13,199301
12863,0.001506,172.31.36.0-255,66,42135,13,199301
12864,0.001513,172.217.194.0-255,2902,45037,13,199301
12865,0.00152,172.217.194.0-255,4320,49357,13,199301
12866,0.001533,172.217.194.0-255,1484,50841,13,199301
12867,0.001538,172.217.194.0-255,2902,53743,13,199301
12868,0.001567,172.217.194.0-255,9992,63735,13,199301
12869,0.001577,172.217.194.0-255,9992,73727,13,199301
12870,0.00158,172.217.194.0-255,766,74493,13,199301
12871,0.002073,172.217.194.0-255,1484,75977,13,199301
12872,0.002091,172.217.194.0-255,2902,78879,13,199301
12873,0.002111,172.217.194.0-255,5738,84617,13,199301
12874,0.002114,172.217.194.0-255,1484,86101,13,199301
12875,0.002118,172.217.194.0-255,1484,87585,13,199301
12876,0.002135,172.217.194.0-255,7156,94741,13,199301
12877,0.002169,172.217.194.0-255,7156,101897,13,199301
12878,0.002193,172.217.194.0-255,6438,108335,13,199301
12879,0.002425,172.217.194.0-255,1484,109819,13,199301
12880,0.002439,172.217.194.0-255,2902,112721,13,199301
12881,0.002454,172.217.194.0-255,5738,118459,13,199301
12882,0.002479,172.217.194.0-255,2902,121361,13,199301
12883,0.002492,172.217.194.0-255,2902,124263,13,199301
12884,0.002498,172.217.194.0-255,4320,128583,13,199301
12885,0.002523,172.217.194.0-255,8574,137157,13,199301
12886,0.002529,172.217.194.0-255,5020,142177,13,199301
12887,0.002558,172.217.194.0-255,8574,150751,13,199301
12888,0.002622,172.217.194.0-255,8574,159325,13,199301
12889,0.002637,172.217.194.0-255,1484,160809,13,199301
12890,0.002642,172.217.194.0-255,3602,164411,13,199301
12891,0.003578,172.31.36.0-255,66,164477,13,199301
12892,0.006134,172.217.194.0-255,5738,170215,13,199301
12893,0.006143,172.31.36.0-255,66,170281,13,199301
12894,0.008692,172.217.194.0-255,5738,176019,13,199301
12895,0.008698,172.31.36.0-255,66,176085,13,199301
12896,0.011227,172.217.194.0-255,5738,181823,13,199301
12897,0.011234,172.31.36.0-255,66,181889,13,199301
12898,0.013775,172.217.194.0-255,5738,187627,13,199301
12899,0.014774,172.31.36.0-255,66,187693,13,199301
12900,0.017323,172.217.194.0-255,5738,193431,13,199301
12901,0.017335,172.31.36.0-255,66,193497,13,199301
12902,0.019864,172.217.194.0-255,5738,199235,13,199301
12903,0.019874,172.31.36.0-255,66,199301,13,199301
12904,0.0,74.125.24.0-255,153,153,13,175381
12905,1.5e-05,172.31.36.0-255,66,219,13,175381
12906,2.3e-05,74.125.24.0-255,1484,1703,13,175381
12907,2.7e-05,172.31.36.0-255,66,1769,13,175381
12908,3.2e-05,74.125.24.0-255,2902,4671,13,175381
12909,3.5e-05,172.31.36.0-255,66,4737,13,175381
12910,4.3e-05,74.125.24.0-255,7156,11893,13,175381
12911,4.6e-05,172.31.36.0-255,66,11959,13,175381
12912,8.8e-05,74.125.24.0-255,7690,19649,13,175381
12913,9.2e-05,172.31.36.0-255,66,19715,13,175381
12914,0.000132,74.125.24.0-255,8574,28289,13,175381
12915,0.000135,172.31.36.0-255,66,28355,13,175381
12916,0.000151,74.125.24.0-255,2543,30898,13,175381
12917,0.000154,172.31.36.0-255,66,30964,13,175381
12918,0.000672,74.125.24.0-255,1484,32448,13,175381
12919,0.000677,172.31.36.0-255,66,32514,13,175381
12920,0.000684,74.125.24.0-255,1484,33998,13,175381
12921,0.000686,172.31.36.0-255,66,34064,13,175381
12922,0.000699,74.125.24.0-255,1484,35548,13,175381
12923,0.000701,172.31.36.0-255,66,35614,13,175381
12924,0.000705,74.125.24.0-255,2902,38516,13,175381
12925,0.000707,172.31.36.0-255,66,38582,13,175381
12926,0.000728,74.125.24.0-255,2902,41484,13,175381
12927,0.000731,172.31.36.0-255,66,41550,13,175381
12928,0.000735,74.125.24.0-255,2902,44452,13,175381
12929,0.000737,172.31.36.0-255,66,44518,13,175381
12930,0.000757,74.125.24.0-255,2902,47420,13,175381
12931,0.000759,172.31.36.0-255,66,47486,13,175381
12932,0.000782,74.125.24.0-255,1125,48611,13,175381
12933,0.000784,172.31.36.0-255,66,48677,13,175381
12934,0.001609,74.125.24.0-255,1484,50161,13,175381
12935,0.001616,172.31.36.0-255,66,50227,13,175381
12936,0.001623,74.125.24.0-255,2902,53129,13,175381
12937,0.001625,172.31.36.0-255,66,53195,13,175381
12938,0.001632,74.125.24.0-255,5738,58933,13,175381
12939,0.001634,172.31.36.0-255,66,58999,13,175381
12940,0.001674,74.125.24.0-255,2902,61901,13,175381
12941,0.001676,172.31.36.0-255,66,61967,13,175381
12942,0.001702,74.125.24.0-255,3961,65928,13,175381
12943,0.001704,172.31.36.0-255,66,65994,13,175381
12944,0.001712,74.125.24.0-255,7156,73150,13,175381
12945,0.001715,172.31.36.0-255,66,73216,13,175381
12946,0.001719,74.125.24.0-255,2902,76118,13,175381
12947,0.001721,172.31.36.0-255,66,76184,13,175381
12948,0.001749,74.125.24.0-255,8574,84758,13,175381
12949,0.001752,172.31.36.0-255,66,84824,13,175381
12950,0.001786,74.125.24.0-255,5738,90562,13,175381
12951,0.001788,172.31.36.0-255,66,90628,13,175381
12952,0.001807,74.125.24.0-255,7156,97784,13,175381
12953,0.001809,172.31.36.0-255,66,97850,13,175381
12954,0.001813,74.125.24.0-255,2184,100034,13,175381
12955,0.001815,172.31.36.0-255,66,100100,13,175381
12956,0.001908,74.125.24.0-255,415,100515,13,175381
12957,0.001936,74.125.24.0-255,1484,101999,13,175381
12958,0.001939,172.31.36.0-255,66,102065,13,175381
12959,0.001963,74.125.24.0-255,4320,106385,13,175381
12960,0.001965,172.31.36.0-255,66,106451,13,175381
12961,0.00197,74.125.24.0-255,2902,109353,13,175381
12962,0.001972,172.31.36.0-255,66,109419,13,175381
12963,0.001995,74.125.24.0-255,7156,116575,13,175381
12964,0.001997,172.31.36.0-255,66,116641,13,175381
12965,0.002004,74.125.24.0-255,5738,122379,13,175381
12966,0.002007,172.31.36.0-255,66,122445,13,175381
12967,0.00203,74.125.24.0-255,2902,125347,13,175381
12968,0.002033,172.31.36.0-255,66,125413,13,175381
12969,0.002058,74.125.24.0-255,9274,134687,13,175381
12970,0.00206,172.31.36.0-255,66,134753,13,175381
12971,0.004277,74.125.24.0-255,5738,140491,13,175381
12972,0.004283,172.31.36.0-255,66,140557,13,175381
12973,0.006547,74.125.24.0-255,5738,146295,13,175381
12974,0.006555,172.31.36.0-255,66,146361,13,175381
12975,0.008795,74.125.24.0-255,5738,152099,13,175381
12976,0.008809,172.31.36.0-255,66,152165,13,175381
12977,0.011093,74.125.24.0-255,5738,157903,13,175381
12978,0.011103,172.31.36.0-255,66,157969,13,175381
12979,0.013324,74.125.24.0-255,5738,163707,13,175381
12980,0.013331,172.31.36.0-255,66,163773,13,175381
12981,0.015592,74.125.24.0-255,5738,169511,13,175381
12982,0.0156,172.31.36.0-255,66,169577,13,175381
12983,0.017848,74.125.24.0-255,5738,175315,13,175381
12984,0.017859,172.31.36.0-255,66,175381,13,175381
12985,0.0,172.217.194.0-255,66,66,13,66
12986,0.0,172.217.194.0-255,153,153,13,229861
12987,2.7e-05,172.31.36.0-255,66,219,13,229861
12988,3.4e-05,172.217.194.0-255,1484,1703,13,229861
12989,3.8e-05,172.31.36.0-255,66,1769,13,229861
12990,4.3e-05,172.217.194.0-255,2902,4671,13,229861
12991,4.6e-05,172.31.36.0-255,66,4737,13,229861
12992,6.1e-05,172.217.194.0-255,5738,10475,13,229861
12993,6.4e-05,172.31.36.0-255,66,10541,13,229861
12994,7.2e-05,172.217.194.0-255,8574,19115,13,229861
12995,7.4e-05,172.31.36.0-255,66,19181,13,229861
12996,0.000107,172.217.194.0-255,2048,21229,13,229861
12997,0.00011,172.31.36.0-255,66,21295,13,229861
12998,0.000119,172.217.194.0-255,9633,30928,13,229861
12999,0.000121,172.31.36.0-255,66,30994,13,229861
13000,0.000147,172.217.194.0-255,1484,32478,13,229861
13001,0.00015,172.31.36.0-255,66,32544,13,229861
13002,0.000155,172.217.194.0-255,2902,35446,13,229861
13003,0.000157,172.31.36.0-255,66,35512,13,229861
13004,0.000171,172.217.194.0-255,5738,41250,13,229861
13005,0.000174,172.31.36.0-255,66,41316,13,229861
13006,0.000211,172.31.36.0-255,66,41382,13,229861
13007,0.00022,172.217.194.0-255,9992,51374,13,229861
13008,0.000223,172.31.36.0-255,66,51440,13,229861
13009,0.000247,172.217.194.0-255,1097,52537,13,229861
13010,0.00025,172.31.36.0-255,66,52603,13,229861
13011,0.000282,172.217.194.0-255,378,52981,13,229861
13012,0.000286,172.31.36.0-255,66,53047,13,229861
13013,0.000389,172.217.194.0-255,1484,54531,13,229861
13014,0.000394,172.31.36.0-255,66,54597,13,229861
13015,0.000399,172.217.194.0-255,2902,57499,13,229861
13016,0.000402,172.31.36.0-255,66,57565,13,229861
13017,0.000427,172.217.194.0-255,5738,63303,13,229861
13018,0.000431,172.31.36.0-255,66,63369,13,229861
13019,0.000461,172.217.194.0-255,6797,70166,13,229861
13020,0.000465,172.31.36.0-255,66,70232,13,229861
13021,0.000491,172.217.194.0-255,7156,77388,13,229861
13022,0.000494,172.31.36.0-255,66,77454,13,229861
13023,0.000528,172.217.194.0-255,9633,87087,13,229861
13024,0.000533,172.31.36.0-255,66,87153,13,229861
13025,0.001232,172.217.194.0-255,1484,88637,13,229861
13026,0.001242,172.217.194.0-255,2902,91539,13,229861
13027,0.001246,172.31.36.0-255,66,91605,13,229861
13028,0.001257,172.217.194.0-255,5738,97343,13,229861
13029,0.00126,172.31.36.0-255,66,97409,13,229861
13030,0.001263,172.217.194.0-255,1484,98893,13,229861
13031,0.00128,172.217.194.0-255,8574,107467,13,229861
13032,0.001282,172.31.36.0-255,66,107533,13,229861
13033,0.001333,172.217.194.0-255,8574,116107,13,229861
13034,0.001337,172.31.36.0-255,66,116173,13,229861
13035,0.001365,172.217.194.0-255,5020,121193,13,229861
13036,0.00137,172.31.36.0-255,66,121259,13,229861
13037,0.001439,172.217.194.0-255,1484,122743,13,229861
13038,0.001447,172.217.194.0-255,2902,125645,13,229861
13039,0.00145,172.31.36.0-255,66,125711,13,229861
13040,0.001457,172.217.194.0-255,5738,131449,13,229861
13041,0.00146,172.31.36.0-255,66,131515,13,229861
13042,0.001467,172.217.194.0-255,5738,137253,13,229861
13043,0.001469,172.31.36.0-255,66,137319,13,229861
13044,0.001508,172.217.194.0-255,4320,141639,13,229861
13045,0.001512,172.31.36.0-255,66,141705,13,229861
13046,0.001558,172.31.36.0-255,66,141771,13,229861
13047,0.001813,172.217.194.0-255,1484,143255,13,229861
13048,0.001821,172.217.194.0-255,2902,146157,13,229861
13049,0.001825,172.31.36.0-255,66,146223,13,229861
13050,0.001835,172.217.194.0-255,5738,151961,13,229861
13051,0.001844,172.31.36.0-255,66,152027,13,229861
13052,0.001888,172.217.194.0-255,7156,159183,13,229861
13053,0.00189,172.31.36.0-255,66,159249,13,229861
13054,0.001921,172.217.194.0-255,5738,164987,13,229861
13055,0.001925,172.31.36.0-255,66,165053,13,229861
13056,0.001934,172.217.194.0-255,10692,175745,13,229861
13057,0.001941,172.31.36.0-255,66,175811,13,229861
13058,0.002326,172.217.194.0-255,1484,177295,13,229861
13059,0.002344,172.217.194.0-255,2902,180197,13,229861
13060,0.002347,172.31.36.0-255,66,180263,13,229861
13061,0.002351,172.217.194.0-255,1484,181747,13,229861
13062,0.002374,172.217.194.0-255,4320,186067,13,229861
13063,0.002376,172.31.36.0-255,66,186133,13,229861
13064,0.002381,172.217.194.0-255,2902,189035,13,229861
13065,0.002382,172.31.36.0-255,66,189101,13,229861
13066,0.004699,172.217.194.0-255,2902,192003,13,229861
13067,0.004704,172.31.36.0-255,66,192069,13,229861
13068,0.004729,172.217.194.0-255,2902,194971,13,229861
13069,0.004731,172.31.36.0-255,66,195037,13,229861
13070,0.007059,172.217.194.0-255,5738,200775,13,229861
13071,0.007062,172.31.36.0-255,66,200841,13,229861
13072,0.009398,172.217.194.0-255,5738,206579,13,229861
13073,0.009405,172.31.36.0-255,66,206645,13,229861
13074,0.011743,172.217.194.0-255,5738,212383,13,229861
13075,0.011753,172.31.36.0-255,66,212449,13,229861
13076,0.014102,172.217.194.0-255,5738,218187,13,229861
13077,0.014108,172.31.36.0-255,66,218253,13,229861
13078,0.016456,172.217.194.0-255,5738,223991,13,229861
13079,0.016464,172.31.36.0-255,66,224057,13,229861
13080,0.018867,172.217.194.0-255,5738,229795,13,229861
13081,0.018877,172.31.36.0-255,66,229861,13,229861
13082,0.0,172.217.194.0-255,153,153,13,173753
13083,2.1e-05,172.31.36.0-255,66,219,13,173753
13084,2.8e-05,172.217.194.0-255,1484,1703,13,173753
13085,3.3e-05,172.31.36.0-255,66,1769,13,173753
13086,4.6e-05,172.217.194.0-255,2902,4671,13,173753
13087,5.1e-05,172.31.36.0-255,66,4737,13,173753
13088,5.4e-05,172.217.194.0-255,1484,6221,13,173753
13089,5.7e-05,172.31.36.0-255,66,6287,13,173753
13090,6.4e-05,172.217.194.0-255,5738,12025,13,173753
13091,6.7e-05,172.31.36.0-255,66,12091,13,173753
13092,0.000102,172.217.194.0-255,6262,18353,13,173753
13093,0.000106,172.31.36.0-255,66,18419,13,173753
13094,0.000114,172.217.194.0-255,7156,25575,13,173753
13095,0.000117,172.31.36.0-255,66,25641,13,173753
13096,0.000155,172.217.194.0-255,5379,31020,13,173753
13097,0.000157,172.31.36.0-255,66,31086,13,173753
13098,0.000161,172.217.194.0-255,1484,32570,13,173753
13099,0.000164,172.31.36.0-255,66,32636,13,173753
13100,0.0002,172.217.194.0-255,4320,36956,13,173753
13101,0.000204,172.31.36.0-255,66,37022,13,173753
13102,0.000212,172.217.194.0-255,8574,45596,13,173753
13103,0.000214,172.31.36.0-255,66,45662,13,173753
13104,0.000238,172.217.194.0-255,2543,48205,13,173753
13105,0.000241,172.31.36.0-255,66,48271,13,173753
13106,0.000368,172.217.194.0-255,1484,49755,13,173753
13107,0.000371,172.31.36.0-255,66,49821,13,173753
13108,0.000376,172.217.194.0-255,2902,52723,13,173753
13109,0.000379,172.31.36.0-255,66,52789,13,173753
13110,0.000407,172.217.194.0-255,5738,58527,13,173753
13111,0.00041,172.31.36.0-255,66,58593,13,173753
13112,0.00046,172.217.194.0-255,7408,66001,13,173753
13113,0.000463,172.31.36.0-255,66,66067,13,173753
13114,0.000516,172.217.194.0-255,1484,67551,13,173753
13115,0.000534,172.217.194.0-255,2902,70453,13,173753
13116,0.000537,172.31.36.0-255,66,70519,13,173753
13117,0.000567,172.217.194.0-255,5738,76257,13,173753
13118,0.000571,172.31.36.0-255,66,76323,13,173753
13119,0.000607,172.217.194.0-255,9633,85956,13,173753
13120,0.00061,172.31.36.0-255,66,86022,13,173753
13121,0.000615,172.217.194.0-255,4320,90342,13,173753
13122,0.000619,172.31.36.0-255,66,90408,13,173753
13123,0.000647,172.217.194.0-255,5738,96146,13,173753
13124,0.00065,172.31.36.0-255,66,96212,13,173753
13125,0.000656,172.217.194.0-255,3961,100173,13,173753
13126,0.000659,172.31.36.0-255,66,100239,13,173753
13127,0.001122,172.217.194.0-255,1484,101723,13,173753
13128,0.001129,172.217.194.0-255,2902,104625,13,173753
13129,0.001133,172.31.36.0-255,66,104691,13,173753
13130,0.001142,172.217.194.0-255,5738,110429,13,173753
13131,0.001144,172.31.36.0-255,66,110495,13,173753
13132,0.001195,172.31.36.0-255,66,110561,13,173753
13133,0.001203,172.217.194.0-255,7156,117717,13,173753
13134,0.001206,172.31.36.0-255,66,117783,13,173753
13135,0.001234,172.217.194.0-255,3602,121385,13,173753
13136,0.001238,172.31.36.0-255,66,121451,13,173753
13137,0.003256,172.217.194.0-255,1484,122935,13,173753
13138,0.003279,172.217.194.0-255,4320,127255,13,173753
13139,0.003285,172.31.36.0-255,66,127321,13,173753
13140,0.00535,172.217.194.0-255,5738,133059,13,173753
13141,0.005357,172.31.36.0-255,66,133125,13,173753
13142,0.007434,172.217.194.0-255,5738,138863,13,173753
13143,0.00744,172.31.36.0-255,66,138929,13,173753
13144,0.009503,172.217.194.0-255,5738,144667,13,173753
13145,0.009511,172.31.36.0-255,66,144733,13,173753
13146,0.011584,172.217.194.0-255,5738,150471,13,173753
13147,0.011592,172.31.36.0-255,66,150537,13,173753
13148,0.013651,172.217.194.0-255,5738,156275,13,173753
13149,0.013659,172.31.36.0-255,66,156341,13,173753
13150,0.015731,172.217.194.0-255,5738,162079,13,173753
13151,0.01574,172.31.36.0-255,66,162145,13,173753
13152,0.017819,172.217.194.0-255,5738,167883,13,173753
13153,0.017827,172.31.36.0-255,66,167949,13,173753
13154,0.019888,172.217.194.0-255,5738,173687,13,173753
13155,0.019895,172.31.36.0-255,66,173753,13,173753
13156,0.0,172.217.194.0-255,150,150,13,257145
13157,3.3e-05,172.31.36.0-255,66,216,13,257145
13158,4e-05,172.217.194.0-255,1484,1700,13,257145
13159,4.4e-05,172.31.36.0-255,66,1766,13,257145
13160,4.9e-05,172.217.194.0-255,2902,4668,13,257145
13161,5.2e-05,172.31.36.0-255,66,4734,13,257145
13162,5.9e-05,172.217.194.0-255,7156,11890,13,257145
13163,6.2e-05,172.31.36.0-255,66,11956,13,257145
13164,0.000104,172.31.36.0-255,66,12022,13,257145
13165,0.000107,172.217.194.0-255,2543,14565,13,257145
13166,0.000109,172.31.36.0-255,66,14631,13,257145
13167,0.00014,172.217.194.0-255,1484,16115,13,257145
13168,0.000142,172.31.36.0-255,66,16181,13,257145
13169,0.000172,172.31.36.0-255,66,16247,13,257145
13170,0.000207,172.217.194.0-255,3961,20208,13,257145
13171,0.000211,172.31.36.0-255,66,20274,13,257145
13172,0.000379,172.217.194.0-255,1484,21758,13,257145
13173,0.000382,172.31.36.0-255,66,21824,13,257145
13174,0.000388,172.217.194.0-255,2902,24726,13,257145
13175,0.000389,172.31.36.0-255,66,24792,13,257145
13176,0.000409,172.217.194.0-255,5738,30530,13,257145
13177,0.000412,172.31.36.0-255,66,30596,13,257145
13178,0.000455,172.217.194.0-255,5738,36334,13,257145
13179,0.00046,172.31.36.0-255,66,36400,13,257145
13180,0.000471,172.217.194.0-255,1708,38108,13,257145
13181,0.000474,172.31.36.0-255,66,38174,13,257145
13182,0.000514,172.217.194.0-255,1484,39658,13,257145
13183,0.000517,172.31.36.0-255,66,39724,13,257145
13184,0.000522,172.217.194.0-255,2902,42626,13,257145
13185,0.000525,172.31.36.0-255,66,42692,13,257145
13186,0.00054,172.217.194.0-255,5738,48430,13,257145
13187,0.000543,172.31.36.0-255,66,48496,13,257145
13188,0.000548,172.217.194.0-255,4320,52816,13,257145
13189,0.00055,172.31.36.0-255,66,52882,13,257145
13190,0.000563,172.217.194.0-255,1991,54873,13,257145
13191,0.000565,172.31.36.0-255,66,54939,13,257145
13192,0.000776,172.217.194.0-255,1484,56423,13,257145
13193,0.000782,172.217.194.0-255,2902,59325,13,257145
13194,0.000785,172.31.36.0-255,66,59391,13,257145
13195,0.000791,172.217.194.0-255,1484,60875,13,257145
13196,0.000808,172.217.194.0-255,4320,65195,13,257145
13197,0.000811,172.31.36.0-255,66,65261,13,257145
13198,0.000816,172.217.194.0-255,5738,70999,13,257145
13199,0.000819,172.31.36.0-255,66,71065,13,257145
13200,0.000831,172.217.194.0-255,2902,73967,13,257145
13201,0.000834,172.31.36.0-255,66,74033,13,257145
13202,0.000858,172.217.194.0-255,9992,84025,13,257145
13203,0.000861,172.31.36.0-255,66,84091,13,257145
13204,0.000866,172.217.194.0-255,5020,89111,13,257145
13205,0.000868,172.31.36.0-255,66,89177,13,257145
13206,0.001082,172.217.194.0-255,1484,90661,13,257145
13207,0.001087,172.217.194.0-255,2902,93563,13,257145
13208,0.00109,172.31.36.0-255,66,93629,13,257145
13209,0.001094,172.217.194.0-255,2902,96531,13,257145
13210,0.001097,172.31.36.0-255,66,96597,13,257145
13211,0.001109,172.217.194.0-255,2902,99499,13,257145
13212,0.001112,172.31.36.0-255,66,99565,13,257145
13213,0.001143,172.217.194.0-255,7156,106721,13,257145
13214,0.001146,172.31.36.0-255,66,106787,13,257145
13215,0.001168,172.217.194.0-255,1484,108271,13,257145
13216,0.001182,172.31.36.0-255,66,108337,13,257145
13217,0.001243,172.217.194.0-255,1484,109821,13,257145
13218,0.001246,172.217.194.0-255,1484,111305,13,257145
13219,0.001249,172.31.36.0-255,66,111371,13,257145
13220,0.001269,172.217.194.0-255,1484,112855,13,257145
13221,0.001275,172.217.194.0-255,5738,118593,13,257145
13222,0.001277,172.31.36.0-255,66,118659,13,257145
13223,0.00129,172.217.194.0-255,4320,122979,13,257145
13224,0.001293,172.31.36.0-255,66,123045,13,257145
13225,0.001323,172.217.194.0-255,8574,131619,13,257145
13226,0.001326,172.31.36.0-255,66,131685,13,257145
13227,0.001335,172.217.194.0-255,10692,142377,13,257145
13228,0.001337,172.31.36.0-255,66,142443,13,257145
13229,0.001427,172.217.194.0-255,1484,143927,13,257145
13230,0.001443,172.217.194.0-255,2902,146829,13,257145
13231,0.001446,172.31.36.0-255,66,146895,13,257145
13232,0.001452,172.217.194.0-255,5738,152633,13,257145
13233,0.001454,172.31.36.0-255,66,152699,13,257145
13234,0.001467,172.217.194.0-255,2902,155601,13,257145
13235,0.001469,172.31.36.0-255,66,155667,13,257145
13236,0.001497,172.217.194.0-255,7156,162823,13,257145
13237,0.0015,172.31.36.0-255,66,162889,13,257145
13238,0.001524,172.217.194.0-255,4320,167209,13,257145
13239,0.001526,172.31.36.0-255,66,167275,13,257145
13240,0.001545,172.217.194.0-255,9274,176549,13,257145
13241,0.001547,172.31.36.0-255,66,176615,13,257145
13242,0.001619,172.217.194.0-255,1484,178099,13,257145
13243,0.00163,172.217.194.0-255,2902,181001,13,257145
13244,0.001633,172.31.36.0-255,66,181067,13,257145
13245,0.001638,172.217.194.0-255,2902,183969,13,257145
13246,0.00164,172.31.36.0-255,66,184035,13,257145
13247,0.001655,172.217.194.0-255,2902,186937,13,257145
13248,0.001657,172.31.36.0-255,66,187003,13,257145
13249,0.001671,172.31.36.0-255,66,187069,13,257145
13250,0.001675,172.217.194.0-255,4320,191389,13,257145
13251,0.001677,172.31.36.0-255,66,191455,13,257145
13252,0.001707,172.217.194.0-255,6438,197893,13,257145
13253,0.00171,172.31.36.0-255,66,197959,13,257145
13254,0.001728,172.217.194.0-255,1484,199443,13,257145
13255,0.001756,172.31.36.0-255,66,199509,13,257145
13256,0.001777,172.217.194.0-255,5738,205247,13,257145
13257,0.00178,172.31.36.0-255,66,205313,13,257145
13258,0.001785,172.217.194.0-255,4320,209633,13,257145
13259,0.001787,172.31.36.0-255,66,209699,13,257145
13260,0.001807,172.217.194.0-255,9274,218973,13,257145
13261,0.00181,172.31.36.0-255,66,219039,13,257145
13262,0.001813,172.217.194.0-255,1484,220523,13,257145
13263,0.001857,172.31.36.0-255,66,220589,13,257145
13264,0.001869,172.31.36.0-255,66,220655,13,257145
13265,0.001889,172.217.194.0-255,7856,228511,13,257145
13266,0.001892,172.31.36.0-255,66,228577,13,257145
13267,0.001945,172.217.194.0-255,8574,237151,13,257145
13268,0.001948,172.31.36.0-255,66,237217,13,257145
13269,0.001961,172.31.36.0-255,66,237283,13,257145
13270,0.001984,172.217.194.0-255,5738,243021,13,257145
13271,0.001987,172.31.36.0-255,66,243087,13,257145
13272,0.00199,172.217.194.0-255,1484,244571,13,257145
13273,0.001994,172.217.194.0-255,4320,248891,13,257145
13274,0.001997,172.31.36.0-255,66,248957,13,257145
13275,0.002035,172.31.36.0-255,66,249023,13,257145
13276,0.002037,172.217.194.0-255,1484,250507,13,257145
13277,0.002044,172.217.194.0-255,6230,256737,13,257145
13278,0.002046,172.31.36.0-255,66,256803,13,257145
13279,0.002069,172.217.194.0-255,105,256908,13,257145
13280,0.005907,172.31.36.0-255,66,256974,13,257145
13281,0.005931,172.31.36.0-255,105,257079,13,257145
13282,0.008225,172.217.194.0-255,66,257145,13,257145
13283,0.0,74.125.130.0-255,153,153,13,318398
13284,2.3e-05,172.31.36.0-255,66,219,13,318398
13285,3.1e-05,74.125.130.0-255,1484,1703,13,318398
13286,3.5e-05,172.31.36.0-255,66,1769,13,318398
13287,4.9e-05,74.125.130.0-255,2902,4671,13,318398
13288,5.3e-05,172.31.36.0-255,66,4737,13,318398
13289,6e-05,74.125.130.0-255,5738,10475,13,318398
13290,6.3e-05,172.31.36.0-255,66,10541,13,318398
13291,9.7e-05,74.125.130.0-255,3466,14007,13,318398
13292,0.0001,172.31.36.0-255,66,14073,13,318398
13293,0.000129,74.125.130.0-255,4320,18393,13,318398
13294,0.000131,172.31.36.0-255,66,18459,13,318398
13295,0.000161,74.125.130.0-255,4320,22779,13,318398
13296,0.000164,172.31.36.0-255,66,22845,13,318398
13297,0.000168,74.125.130.0-255,2902,25747,13,318398
13298,0.00017,172.31.36.0-255,66,25813,13,318398
13299,0.000195,74.125.130.0-255,2902,28715,13,318398
13300,0.000198,172.31.36.0-255,66,28781,13,318398
13301,0.00021,74.125.130.0-255,5738,34519,13,318398
13302,0.000213,172.31.36.0-255,66,34585,13,318398
13303,0.00025,74.125.130.0-255,7156,41741,13,318398
13304,0.000253,172.31.36.0-255,66,41807,13,318398
13305,0.000257,74.125.130.0-255,2902,44709,13,318398
13306,0.00026,172.31.36.0-255,66,44775,13,318398
13307,0.000266,74.125.130.0-255,3602,48377,13,318398
13308,0.000275,172.31.36.0-255,66,48443,13,318398
13309,0.000443,74.125.130.0-255,1484,49927,13,318398
13310,0.000446,172.31.36.0-255,66,49993,13,318398
13311,0.000466,74.125.130.0-255,2902,52895,13,318398
13312,0.000469,172.31.36.0-255,66,52961,13,318398
13313,0.000502,74.125.130.0-255,5738,58699,13,318398
13314,0.000505,172.31.36.0-255,66,58765,13,318398
13315,0.000507,74.125.130.0-255,1484,60249,13,318398
13316,0.000555,74.125.130.0-255,2902,63151,13,318398
13317,0.000578,74.125.130.0-255,2834,65985,13,318398
13318,0.000779,74.125.130.0-255,1484,67469,13,318398
13319,0.000785,74.125.130.0-255,2902,70371,13,318398
13320,0.000803,74.125.130.0-255,1484,71855,13,318398
13321,0.000835,74.125.130.0-255,2902,74757,13,318398
13322,0.000841,74.125.130.0-255,5738,80495,13,318398
13323,0.000857,74.125.130.0-255,5738,86233,13,318398
13324,0.000875,74.125.130.0-255,5738,91971,13,318398
13325,0.00088,74.125.130.0-255,4320,96291,13,318398
13326,0.000912,74.125.130.0-255,3602,99893,13,318398
13327,0.000936,74.125.130.0-255,4320,104213,13,318398
13328,0.00096,74.125.130.0-255,4320,108533,13,318398
13329,0.000981,74.125.130.0-255,5738,114271,13,318398
13330,0.000984,74.125.130.0-255,1484,115755,13,318398
13331,0.001019,74.125.130.0-255,1484,117239,13,318398
13332,0.001046,74.125.130.0-255,5020,122259,13,318398
13333,0.001053,74.125.130.0-255,5738,127997,13,318398
13334,0.001069,74.125.130.0-255,7156,135153,13,318398
13335,0.00108,74.125.130.0-255,2902,138055,13,318398
13336,0.001094,74.125.130.0-255,4320,142375,13,318398
13337,0.001122,74.125.130.0-255,7156,149531,13,318398
13338,0.001129,74.125.130.0-255,6438,155969,13,318398
13339,0.001209,74.125.130.0-255,364,156333,13,318398
13340,0.001221,172.31.36.0-255,66,156399,13,318398
13341,0.001248,74.125.130.0-255,1484,157883,13,318398
13342,0.001265,74.125.130.0-255,2902,160785,13,318398
13343,0.00128,74.125.130.0-255,4320,165105,13,318398
13344,0.0013,74.125.130.0-255,5738,170843,13,318398
13345,0.001311,74.125.130.0-255,2902,173745,13,318398
13346,0.001318,74.125.130.0-255,4320,178065,13,318398
13347,0.001372,74.125.130.0-255,5738,183803,13,318398
13348,0.001399,74.125.130.0-255,6438,190241,13,318398
13349,0.001527,172.31.36.0-255,66,190307,13,318398
13350,0.00157,74.125.130.0-255,1484,191791,13,318398
13351,0.001576,74.125.130.0-255,2902,194693,13,318398
13352,0.001595,74.125.130.0-255,5738,200431,13,318398
13353,0.001608,172.31.36.0-255,66,200497,13,318398
13354,0.001641,74.125.130.0-255,9992,210489,13,318398
13355,0.001676,74.125.130.0-255,2184,212673,13,318398
13356,0.001683,172.31.36.0-255,66,212739,13,318398
13357,0.00182,74.125.130.0-255,1484,214223,13,318398
13358,0.001826,74.125.130.0-255,2902,217125,13,318398
13359,0.001831,172.31.36.0-255,66,217191,13,318398
13360,0.001843,74.125.130.0-255,5738,222929,13,318398
13361,0.001869,172.31.36.0-255,66,222995,13,318398
13362,0.00188,74.125.130.0-255,5738,228733,13,318398
13363,0.001906,74.125.130.0-255,7156,235889,13,318398
13364,0.00193,74.125.130.0-255,7156,243045,13,318398
13365,0.001936,172.31.36.0-255,66,243111,13,318398
13366,0.001948,74.125.130.0-255,6438,249549,13,318398
13367,0.001953,74.125.130.0-255,4320,253869,13,318398
13368,0.001968,172.31.36.0-255,66,253935,13,318398
13369,0.002001,74.125.130.0-255,9992,263927,13,318398
13370,0.002019,74.125.130.0-255,9992,273919,13,318398
13371,0.002026,74.125.130.0-255,6438,280357,13,318398
13372,0.00207,172.31.36.0-255,66,280423,13,318398
13373,0.002121,74.125.130.0-255,4320,284743,13,318398
13374,0.002145,172.31.36.0-255,66,284809,13,318398
13375,0.002189,74.125.130.0-255,5738,290547,13,318398
13376,0.002196,172.31.36.0-255,66,290613,13,318398
13377,0.002229,74.125.130.0-255,7156,297769,13,318398
13378,0.002236,74.125.130.0-255,7156,304925,13,318398
13379,0.002241,74.125.130.0-255,2902,307827,13,318398
13380,0.002254,74.125.130.0-255,5020,312847,13,318398
13381,0.00226,74.125.130.0-255,4320,317167,13,318398
13382,0.002265,172.31.36.0-255,66,317233,13,318398
13383,0.002292,74.125.130.0-255,823,318056,13,318398
13384,0.004517,74.125.130.0-255,105,318161,13,318398
13385,0.004936,172.31.36.0-255,66,318227,13,318398
13386,0.004973,172.31.36.0-255,105,318332,13,318398
13387,0.007202,74.125.130.0-255,66,318398,13,318398
13388,0.0,172.217.194.0-255,153,153,13,121547
13389,2.9e-05,172.31.36.0-255,66,219,13,121547
13390,4.9e-05,172.217.194.0-255,1484,1703,13,121547
13391,5.3e-05,172.31.36.0-255,66,1769,13,121547
13392,5.8e-05,172.217.194.0-255,2902,4671,13,121547
13393,6.1e-05,172.31.36.0-255,66,4737,13,121547
13394,6.7e-05,172.217.194.0-255,5738,10475,13,121547
13395,7e-05,172.31.36.0-255,66,10541,13,121547
13396,0.000113,172.31.36.0-255,66,10607,13,121547
13397,0.00012,172.217.194.0-255,6797,17404,13,121547
13398,0.000122,172.31.36.0-255,66,17470,13,121547
13399,0.000467,172.217.194.0-255,1484,18954,13,121547
13400,0.000472,172.31.36.0-255,66,19020,13,121547
13401,0.000493,172.217.194.0-255,2902,21922,13,121547
13402,0.000496,172.31.36.0-255,66,21988,13,121547
13403,0.000502,172.217.194.0-255,5738,27726,13,121547
13404,0.000505,172.31.36.0-255,66,27792,13,121547
13405,0.000537,172.217.194.0-255,8574,36366,13,121547
13406,0.000539,172.31.36.0-255,66,36432,13,121547
13407,0.000584,172.217.194.0-255,5738,42170,13,121547
13408,0.000588,172.31.36.0-255,66,42236,13,121547
13409,0.000611,172.217.194.0-255,9274,51510,13,121547
13410,0.000614,172.31.36.0-255,66,51576,13,121547
13411,0.000958,172.217.194.0-255,381,51957,13,121547
13412,0.000963,172.31.36.0-255,66,52023,13,121547
13413,0.001011,172.217.194.0-255,1484,53507,13,121547
13414,0.001015,172.31.36.0-255,66,53573,13,121547
13415,0.001049,172.217.194.0-255,1484,55057,13,121547
13416,0.001053,172.31.36.0-255,66,55123,13,121547
13417,0.001059,172.217.194.0-255,2902,58025,13,121547
13418,0.001061,172.31.36.0-255,66,58091,13,121547
13419,0.001089,172.217.194.0-255,5738,63829,13,121547
13420,0.001094,172.31.36.0-255,66,63895,13,121547
13421,0.001104,172.217.194.0-255,4320,68215,13,121547
13422,0.001106,172.31.36.0-255,66,68281,13,121547
13423,0.001118,172.217.194.0-255,1484,69765,13,121547
13424,0.00113,172.217.194.0-255,1484,71249,13,121547
13425,0.001133,172.31.36.0-255,66,71315,13,121547
13426,0.001165,172.31.36.0-255,66,71381,13,121547
13427,0.001188,172.217.194.0-255,3602,74983,13,121547
13428,0.001191,172.31.36.0-255,66,75049,13,121547
13429,0.00341,172.217.194.0-255,1484,76533,13,121547
13430,0.003493,172.217.194.0-255,4320,80853,13,121547
13431,0.003498,172.31.36.0-255,66,80919,13,121547
13432,0.005776,172.217.194.0-255,5738,86657,13,121547
13433,0.005782,172.31.36.0-255,66,86723,13,121547
13434,0.008054,172.217.194.0-255,5738,92461,13,121547
13435,0.008061,172.31.36.0-255,66,92527,13,121547
13436,0.010351,172.217.194.0-255,5738,98265,13,121547
13437,0.010358,172.31.36.0-255,66,98331,13,121547
13438,0.012641,172.217.194.0-255,5738,104069,13,121547
13439,0.012651,172.31.36.0-255,66,104135,13,121547
13440,0.014958,172.217.194.0-255,5738,109873,13,121547
13441,0.014963,172.31.36.0-255,66,109939,13,121547
13442,0.017244,172.217.194.0-255,5738,115677,13,121547
13443,0.017251,172.31.36.0-255,66,115743,13,121547
13444,0.019557,172.217.194.0-255,5738,121481,13,121547
13445,0.019565,172.31.36.0-255,66,121547,13,121547
13446,0.0,172.31.36.0-255,74,74,13,74
13447,0.0,74.125.130.0-255,150,150,13,216288
13448,3e-05,172.31.36.0-255,66,216,13,216288
13449,3.7e-05,74.125.130.0-255,1484,1700,13,216288
13450,4.1e-05,172.31.36.0-255,66,1766,13,216288
13451,7.5e-05,74.125.130.0-255,2902,4668,13,216288
13452,7.8e-05,172.31.36.0-255,66,4734,13,216288
13453,8.1e-05,74.125.130.0-255,1484,6218,13,216288
13454,8.4e-05,172.31.36.0-255,66,6284,13,216288
13455,0.000108,74.125.130.0-255,4320,10604,13,216288
13456,0.000116,172.31.36.0-255,66,10670,13,216288
13457,0.000119,74.125.130.0-255,1484,12154,13,216288
13458,0.000121,172.31.36.0-255,66,12220,13,216288
13459,0.000148,74.125.130.0-255,4803,17023,13,216288
13460,0.000155,172.31.36.0-255,66,17089,13,216288
13461,0.000158,74.125.130.0-255,1484,18573,13,216288
13462,0.000161,172.31.36.0-255,66,18639,13,216288
13463,0.000166,74.125.130.0-255,2902,21541,13,216288
13464,0.000171,172.31.36.0-255,66,21607,13,216288
13465,0.000174,74.125.130.0-255,1484,23091,13,216288
13466,0.000177,172.31.36.0-255,66,23157,13,216288
13467,0.00021,74.125.130.0-255,4320,27477,13,216288
13468,0.000214,172.31.36.0-255,66,27543,13,216288
13469,0.000217,74.125.130.0-255,1484,29027,13,216288
13470,0.000219,172.31.36.0-255,66,29093,13,216288
13471,0.000244,74.125.130.0-255,2543,31636,13,216288
13472,0.000247,172.31.36.0-255,66,31702,13,216288
13473,0.000375,74.125.130.0-255,1484,33186,13,216288
13474,0.000378,172.31.36.0-255,66,33252,13,216288
13475,0.000403,74.125.130.0-255,1484,34736,13,216288
13476,0.000406,172.31.36.0-255,66,34802,13,216288
13477,0.00041,74.125.130.0-255,2902,37704,13,216288
13478,0.000413,172.31.36.0-255,66,37770,13,216288
13479,0.000441,74.125.130.0-255,5738,43508,13,216288
13480,0.000444,172.31.36.0-255,66,43574,13,216288
13481,0.000447,74.125.130.0-255,1484,45058,13,216288
13482,0.000468,74.125.130.0-255,2902,47960,13,216288
13483,0.000471,172.31.36.0-255,66,48026,13,216288
13484,0.000498,74.125.130.0-255,5738,53764,13,216288
13485,0.000501,172.31.36.0-255,66,53830,13,216288
13486,0.000505,74.125.130.0-255,2902,56732,13,216288
13487,0.000507,172.31.36.0-255,66,56798,13,216288
13488,0.000558,74.125.130.0-255,4320,61118,13,216288
13489,0.000561,172.31.36.0-255,66,61184,13,216288
13490,0.000568,74.125.130.0-255,5020,66204,13,216288
13491,0.00057,172.31.36.0-255,66,66270,13,216288
13492,0.000577,74.125.130.0-255,378,66648,13,216288
13493,0.000621,74.125.130.0-255,98,66746,13,216288
13494,0.000718,172.31.36.0-255,66,66812,13,216288
13495,0.000842,74.125.130.0-255,1484,68296,13,216288
13496,0.000866,74.125.130.0-255,2902,71198,13,216288
13497,0.00087,172.31.36.0-255,66,71264,13,216288
13498,0.000903,74.125.130.0-255,5738,77002,13,216288
13499,0.000906,172.31.36.0-255,66,77068,13,216288
13500,0.000909,74.125.130.0-255,1484,78552,13,216288
13501,0.000912,74.125.130.0-255,1484,80036,13,216288
13502,0.000914,172.31.36.0-255,66,80102,13,216288
13503,0.000943,74.125.130.0-255,1484,81586,13,216288
13504,0.000949,74.125.130.0-255,5738,87324,13,216288
13505,0.000951,172.31.36.0-255,66,87390,13,216288
13506,0.000954,74.125.130.0-255,1484,88874,13,216288
13507,0.000978,74.125.130.0-255,2902,91776,13,216288
13508,0.000981,172.31.36.0-255,66,91842,13,216288
13509,0.001009,74.125.130.0-255,5738,97580,13,216288
13510,0.001011,172.31.36.0-255,66,97646,13,216288
13511,0.001014,74.125.130.0-255,1484,99130,13,216288
13512,0.00104,74.125.130.0-255,2184,101314,13,216288
13513,0.001044,172.31.36.0-255,66,101380,13,216288
13514,0.001424,74.125.130.0-255,1484,102864,13,216288
13515,0.001432,74.125.130.0-255,2902,105766,13,216288
13516,0.001435,172.31.36.0-255,66,105832,13,216288
13517,0.001458,74.125.130.0-255,4320,110152,13,216288
13518,0.00146,172.31.36.0-255,66,110218,13,216288
13519,0.001483,74.125.130.0-255,1484,111702,13,216288
13520,0.001489,74.125.130.0-255,7156,118858,13,216288
13521,0.001491,172.31.36.0-255,66,118924,13,216288
13522,0.00152,74.125.130.0-255,7156,126080,13,216288
13523,0.001522,172.31.36.0-255,66,126146,13,216288
13524,0.001551,74.125.130.0-255,7156,133302,13,216288
13525,0.001554,172.31.36.0-255,66,133368,13,216288
13526,0.001563,74.125.130.0-255,2184,135552,13,216288
13527,0.001565,172.31.36.0-255,66,135618,13,216288
13528,0.001668,74.125.130.0-255,1484,137102,13,216288
13529,0.001671,74.125.130.0-255,1484,138586,13,216288
13530,0.001674,172.31.36.0-255,66,138652,13,216288
13531,0.001694,74.125.130.0-255,1484,140136,13,216288
13532,0.001699,74.125.130.0-255,5738,145874,13,216288
13533,0.001701,172.31.36.0-255,66,145940,13,216288
13534,0.001703,74.125.130.0-255,1484,147424,13,216288
13535,0.001725,74.125.130.0-255,4320,151744,13,216288
13536,0.001728,172.31.36.0-255,66,151810,13,216288
13537,0.001733,74.125.130.0-255,5738,157548,13,216288
13538,0.001735,172.31.36.0-255,66,157614,13,216288
13539,0.00175,74.125.130.0-255,1484,159098,13,216288
13540,0.001774,74.125.130.0-255,10692,169790,13,216288
13541,0.001776,172.31.36.0-255,66,169856,13,216288
13542,0.003793,74.125.130.0-255,5738,175594,13,216288
13543,0.003798,172.31.36.0-255,66,175660,13,216288
13544,0.005819,74.125.130.0-255,5738,181398,13,216288
13545,0.005825,172.31.36.0-255,66,181464,13,216288
13546,0.007842,74.125.130.0-255,5738,187202,13,216288
13547,0.007849,172.31.36.0-255,66,187268,13,216288
13548,0.009888,74.125.130.0-255,5738,193006,13,216288
13549,0.009896,172.31.36.0-255,66,193072,13,216288
13550,0.011997,74.125.130.0-255,5738,198810,13,216288
13551,0.012005,172.31.36.0-255,66,198876,13,216288
13552,0.014035,74.125.130.0-255,5738,204614,13,216288
13553,0.014044,172.31.36.0-255,66,204680,13,216288
13554,0.016073,74.125.130.0-255,5738,210418,13,216288
13555,0.01608,172.31.36.0-255,66,210484,13,216288
13556,0.018103,74.125.130.0-255,5738,216222,13,216288
13557,0.01811,172.31.36.0-255,66,216288,13,216288
13558,0.0,172.217.194.0-255,153,153,13,194890
13559,3.2e-05,172.31.36.0-255,66,219,13,194890
13560,3.9e-05,172.217.194.0-255,1484,1703,13,194890
13561,4.4e-05,172.31.36.0-255,66,1769,13,194890
13562,4.9e-05,172.217.194.0-255,2902,4671,13,194890
13563,5.2e-05,172.31.36.0-255,66,4737,13,194890
13564,6.6e-05,172.217.194.0-255,7156,11893,13,194890
13565,7e-05,172.31.36.0-255,66,11959,13,194890
13566,9.4e-05,172.217.194.0-255,3486,15445,13,194890
13567,9.8e-05,172.31.36.0-255,66,15511,13,194890
13568,0.000104,172.217.194.0-255,4320,19831,13,194890
13569,0.000107,172.31.36.0-255,66,19897,13,194890
13570,0.000113,172.217.194.0-255,5738,25635,13,194890
13571,0.000115,172.31.36.0-255,66,25701,13,194890
13572,0.000143,172.217.194.0-255,4320,30021,13,194890
13573,0.000147,172.31.36.0-255,66,30087,13,194890
13574,0.00015,172.217.194.0-255,1125,31212,13,194890
13575,0.000152,172.31.36.0-255,66,31278,13,194890
13576,0.000187,172.217.194.0-255,1484,32762,13,194890
13577,0.00019,172.31.36.0-255,66,32828,13,194890
13578,0.000216,172.217.194.0-255,2902,35730,13,194890
13579,0.000219,172.31.36.0-255,66,35796,13,194890
13580,0.000226,172.217.194.0-255,4320,40116,13,194890
13581,0.000228,172.31.36.0-255,66,40182,13,194890
13582,0.000259,172.217.194.0-255,1484,41666,13,194890
13583,0.000261,172.31.36.0-255,66,41732,13,194890
13584,0.000267,172.217.194.0-255,5738,47470,13,194890
13585,0.00027,172.31.36.0-255,66,47536,13,194890
13586,0.000297,172.217.194.0-255,1125,48661,13,194890
13587,0.000302,172.31.36.0-255,66,48727,13,194890
13588,0.000494,172.217.194.0-255,1484,50211,13,194890
13589,0.000499,172.31.36.0-255,66,50277,13,194890
13590,0.000505,172.217.194.0-255,2902,53179,13,194890
13591,0.000508,172.31.36.0-255,66,53245,13,194890
13592,0.000513,172.217.194.0-255,2902,56147,13,194890
13593,0.000522,172.31.36.0-255,66,56213,13,194890
13594,0.000558,172.217.194.0-255,2902,59115,13,194890
13595,0.000562,172.31.36.0-255,66,59181,13,194890
13596,0.000571,172.217.194.0-255,7376,66557,13,194890
13597,0.000573,172.31.36.0-255,66,66623,13,194890
13598,0.001503,172.217.194.0-255,1484,68107,13,194890
13599,0.001515,172.217.194.0-255,2902,71009,13,194890
13600,0.001519,172.31.36.0-255,66,71075,13,194890
13601,0.001527,172.217.194.0-255,5738,76813,13,194890
13602,0.001529,172.31.36.0-255,66,76879,13,194890
13603,0.00154,172.217.194.0-255,1484,78363,13,194890
13604,0.001574,172.31.36.0-255,66,78429,13,194890
13605,0.001582,172.217.194.0-255,7156,85585,13,194890
13606,0.001584,172.31.36.0-255,66,85651,13,194890
13607,0.001606,172.217.194.0-255,3602,89253,13,194890
13608,0.001609,172.31.36.0-255,66,89319,13,194890
13609,0.00169,172.217.194.0-255,1484,90803,13,194890
13610,0.001699,172.217.194.0-255,2902,93705,13,194890
13611,0.001702,172.31.36.0-255,66,93771,13,194890
13612,0.001707,172.217.194.0-255,2902,96673,13,194890
13613,0.001708,172.31.36.0-255,66,96739,13,194890
13614,0.001732,172.217.194.0-255,2902,99641,13,194890
13615,0.001734,172.31.36.0-255,66,99707,13,194890
13616,0.001744,172.217.194.0-255,4320,104027,13,194890
13617,0.001745,172.31.36.0-255,66,104093,13,194890
13618,0.001771,172.217.194.0-255,5738,109831,13,194890
13619,0.001774,172.31.36.0-255,66,109897,13,194890
13620,0.001789,172.31.36.0-255,66,109963,13,194890
13621,0.001791,172.217.194.0-255,1484,111447,13,194890
13622,0.001821,172.217.194.0-255,9992,121439,13,194890
13623,0.001823,172.31.36.0-255,66,121505,13,194890
13624,0.001837,172.217.194.0-255,2902,124407,13,194890
13625,0.001843,172.31.36.0-255,66,124473,13,194890
13626,0.001851,172.217.194.0-255,8574,133047,13,194890
13627,0.001853,172.31.36.0-255,66,133113,13,194890
13628,0.001878,172.217.194.0-255,5738,138851,13,194890
13629,0.001881,172.31.36.0-255,66,138917,13,194890
13630,0.001922,172.217.194.0-255,7156,146073,13,194890
13631,0.001925,172.31.36.0-255,66,146139,13,194890
13632,0.001969,172.31.36.0-255,66,146205,13,194890
13633,0.00199,172.31.36.0-255,66,146271,13,194890
13634,0.002009,172.31.36.0-255,66,146337,13,194890
13635,0.002041,172.217.194.0-255,6438,152775,13,194890
13636,0.0021,172.217.194.0-255,1484,154259,13,194890
13637,0.002149,172.217.194.0-255,2902,157161,13,194890
13638,0.002156,172.217.194.0-255,8574,165735,13,194890
13639,0.00219,172.217.194.0-255,4320,170055,13,194890
13640,0.002208,172.217.194.0-255,8574,178629,13,194890
13641,0.002223,172.217.194.0-255,8574,187203,13,194890
13642,0.002241,172.217.194.0-255,3602,190805,13,194890
13643,0.002275,172.217.194.0-255,1484,192289,13,194890
13644,0.002319,172.217.194.0-255,2259,194548,13,194890
13645,0.002322,172.217.194.0-255,105,194653,13,194890
13646,0.003921,172.31.36.0-255,66,194719,13,194890
13647,0.006394,172.31.36.0-255,105,194824,13,194890
13648,0.008706,172.217.194.0-255,66,194890,13,194890
13649,0.0,172.31.36.0-255,66,66,13,66
13650,0.0,172.253.118.0-255,66,66,13,66
13651,0.0,74.125.130.0-255,150,150,13,378458
13652,2.2e-05,172.31.36.0-255,66,216,13,378458
13653,2.8e-05,74.125.130.0-255,1484,1700,13,378458
13654,3.3e-05,172.31.36.0-255,66,1766,13,378458
13655,3.7e-05,74.125.130.0-255,2902,4668,13,378458
13656,4.7e-05,172.31.36.0-255,66,4734,13,378458
13657,5.2e-05,74.125.130.0-255,2902,7636,13,378458
13658,5.4e-05,172.31.36.0-255,66,7702,13,378458
13659,8e-05,74.125.130.0-255,4320,12022,13,378458
13660,8.2e-05,172.31.36.0-255,66,12088,13,378458
13661,9.3e-05,74.125.130.0-255,2902,14990,13,378458
13662,9.9e-05,172.31.36.0-255,66,15056,13,378458
13663,0.000131,74.125.130.0-255,6263,21319,13,378458
13664,0.000134,172.31.36.0-255,66,21385,13,378458
13665,0.000139,74.125.130.0-255,4320,25705,13,378458
13666,0.00014,172.31.36.0-255,66,25771,13,378458
13667,0.000166,74.125.130.0-255,4320,30091,13,378458
13668,0.000168,172.31.36.0-255,66,30157,13,378458
13669,0.000185,74.125.130.0-255,1125,31282,13,378458
13670,0.000186,172.31.36.0-255,66,31348,13,378458
13671,0.000245,74.125.130.0-255,1484,32832,13,378458
13672,0.000248,172.31.36.0-255,66,32898,13,378458
13673,0.000251,74.125.130.0-255,1484,34382,13,378458
13674,0.000253,172.31.36.0-255,66,34448,13,378458
13675,0.000274,74.125.130.0-255,1484,35932,13,378458
13676,0.000276,172.31.36.0-255,66,35998,13,378458
13677,0.000282,74.125.130.0-255,4320,40318,13,378458
13678,0.000284,172.31.36.0-255,66,40384,13,378458
13679,0.00032,74.125.130.0-255,8574,48958,13,378458
13680,0.000323,172.31.36.0-255,66,49024,13,378458
13681,0.000328,74.125.130.0-255,5738,54762,13,378458
13682,0.00033,172.31.36.0-255,66,54828,13,378458
13683,0.000334,74.125.130.0-255,2902,57730,13,378458
13684,0.000336,172.31.36.0-255,66,57796,13,378458
13685,0.000361,74.125.130.0-255,4320,62116,13,378458
13686,0.000364,172.31.36.0-255,66,62182,13,378458
13687,0.000369,74.125.130.0-255,3602,65784,13,378458
13688,0.000371,172.31.36.0-255,66,65850,13,378458
13689,0.000408,74.125.130.0-255,382,66232,13,378458
13690,0.000428,74.125.130.0-255,99,66331,13,378458
13691,0.000658,74.125.130.0-255,1484,67815,13,378458
13692,0.000662,172.31.36.0-255,66,67881,13,378458
13693,0.000679,74.125.130.0-255,2902,70783,13,378458
13694,0.000682,172.31.36.0-255,66,70849,13,378458
13695,0.000685,74.125.130.0-255,1484,72333,13,378458
13696,0.000707,74.125.130.0-255,4320,76653,13,378458
13697,0.000709,172.31.36.0-255,66,76719,13,378458
13698,0.000729,74.125.130.0-255,5738,82457,13,378458
13699,0.000731,172.31.36.0-255,66,82523,13,378458
13700,0.000761,74.125.130.0-255,7156,89679,13,378458
13701,0.000764,172.31.36.0-255,66,89745,13,378458
13702,0.000769,74.125.130.0-255,4320,94065,13,378458
13703,0.000771,172.31.36.0-255,66,94131,13,378458
13704,0.000802,74.125.130.0-255,8987,103118,13,378458
13705,0.000805,172.31.36.0-255,66,103184,13,378458
13706,0.000811,74.125.130.0-255,5738,108922,13,378458
13707,0.000813,172.31.36.0-255,66,108988,13,378458
13708,0.000842,74.125.130.0-255,8574,117562,13,378458
13709,0.000845,172.31.36.0-255,66,117628,13,378458
13710,0.00085,74.125.130.0-255,5738,123366,13,378458
13711,0.000851,172.31.36.0-255,66,123432,13,378458
13712,0.000862,74.125.130.0-255,7156,130588,13,378458
13713,0.000864,172.31.36.0-255,66,130654,13,378458
13714,0.000912,74.125.130.0-255,3602,134256,13,378458
13715,0.000914,172.31.36.0-255,66,134322,13,378458
13716,0.001083,74.125.130.0-255,1484,135806,13,378458
13717,0.001095,74.125.130.0-255,2902,138708,13,378458
13718,0.001099,172.31.36.0-255,66,138774,13,378458
13719,0.001109,74.125.130.0-255,1484,140258,13,378458
13720,0.001129,74.125.130.0-255,4320,144578,13,378458
13721,0.001132,74.125.130.0-255,2902,147480,13,378458
13722,0.001132,172.31.36.0-255,66,147546,13,378458
13723,0.001135,172.31.36.0-255,66,147612,13,378458
13724,0.001136,74.125.130.0-255,4320,151932,13,378458
13725,0.001138,172.31.36.0-255,66,151998,13,378458
13726,0.001171,74.125.130.0-255,8574,160572,13,378458
13727,0.001175,172.31.36.0-255,66,160638,13,378458
13728,0.00118,74.125.130.0-255,4320,164958,13,378458
13729,0.001182,172.31.36.0-255,66,165024,13,378458
13730,0.001208,74.125.130.0-255,1484,166508,13,378458
13731,0.001223,74.125.130.0-255,2184,168692,13,378458
13732,0.001226,172.31.36.0-255,66,168758,13,378458
13733,0.001442,74.125.130.0-255,1484,170242,13,378458
13734,0.001449,74.125.130.0-255,1484,171726,13,378458
13735,0.001452,172.31.36.0-255,66,171792,13,378458
13736,0.001476,74.125.130.0-255,1484,173276,13,378458
13737,0.001481,74.125.130.0-255,4320,177596,13,378458
13738,0.001484,172.31.36.0-255,66,177662,13,378458
13739,0.001515,74.125.130.0-255,5738,183400,13,378458
13740,0.001518,172.31.36.0-255,66,183466,13,378458
13741,0.001549,74.125.130.0-255,9992,193458,13,378458
13742,0.001552,172.31.36.0-255,66,193524,13,378458
13743,0.00159,74.125.130.0-255,5738,199262,13,378458
13744,0.001593,172.31.36.0-255,66,199328,13,378458
13745,0.00162,74.125.130.0-255,3602,202930,13,378458
13746,0.001623,172.31.36.0-255,66,202996,13,378458
13747,0.001686,74.125.130.0-255,1484,204480,13,378458
13748,0.001691,74.125.130.0-255,2902,207382,13,378458
13749,0.001693,172.31.36.0-255,66,207448,13,378458
13750,0.001712,74.125.130.0-255,2902,210350,13,378458
13751,0.001714,172.31.36.0-255,66,210416,13,378458
13752,0.001738,74.125.130.0-255,2902,213318,13,378458
13753,0.001741,172.31.36.0-255,66,213384,13,378458
13754,0.001747,74.125.130.0-255,5738,219122,13,378458
13755,0.001748,172.31.36.0-255,66,219188,13,378458
13756,0.001753,74.125.130.0-255,5738,224926,13,378458
13757,0.001755,172.31.36.0-255,66,224992,13,378458
13758,0.001773,74.125.130.0-255,1484,226476,13,378458
13759,0.001776,74.125.130.0-255,1484,227960,13,378458
13760,0.001778,172.31.36.0-255,66,228026,13,378458
13761,0.001808,74.125.130.0-255,9274,237300,13,378458
13762,0.001811,172.31.36.0-255,66,237366,13,378458
13763,0.001837,74.125.130.0-255,4320,241686,13,378458
13764,0.00184,172.31.36.0-255,66,241752,13,378458
13765,0.001858,74.125.130.0-255,7156,248908,13,378458
13766,0.00186,172.31.36.0-255,66,248974,13,378458
13767,0.001889,74.125.130.0-255,9992,258966,13,378458
13768,0.001894,172.31.36.0-255,66,259032,13,378458
13769,0.001912,74.125.130.0-255,2902,261934,13,378458
13770,0.001914,172.31.36.0-255,66,262000,13,378458
13771,0.001918,74.125.130.0-255,2902,264902,13,378458
13772,0.001919,172.31.36.0-255,66,264968,13,378458
13773,0.001938,74.125.130.0-255,4320,269288,13,378458
13774,0.001941,172.31.36.0-255,66,269354,13,378458
13775,0.001979,74.125.130.0-255,3602,272956,13,378458
13776,0.001981,172.31.36.0-255,66,273022,13,378458
13777,0.001988,74.125.130.0-255,8574,281596,13,378458
13778,0.00199,172.31.36.0-255,66,281662,13,378458
13779,0.001994,74.125.130.0-255,5738,287400,13,378458
13780,0.001996,172.31.36.0-255,66,287466,13,378458
13781,0.002018,74.125.130.0-255,2902,290368,13,378458
13782,0.00202,172.31.36.0-255,66,290434,13,378458
13783,0.002027,74.125.130.0-255,9992,300426,13,378458
13784,0.002029,172.31.36.0-255,66,300492,13,378458
13785,0.002032,74.125.130.0-255,2902,303394,13,378458
13786,0.002034,172.31.36.0-255,66,303460,13,378458
13787,0.002056,74.125.130.0-255,2184,305644,13,378458
13788,0.002058,172.31.36.0-255,66,305710,13,378458
13789,0.002061,74.125.130.0-255,1484,307194,13,378458
13790,0.002087,74.125.130.0-255,4320,311514,13,378458
13791,0.002089,172.31.36.0-255,66,311580,13,378458
13792,0.002094,74.125.130.0-255,5738,317318,13,378458
13793,0.002096,172.31.36.0-255,66,317384,13,378458
13794,0.002135,74.125.130.0-255,2902,320286,13,378458
13795,0.002137,172.31.36.0-255,66,320352,13,378458
13796,0.002164,74.125.130.0-255,4320,324672,13,378458
13797,0.002167,172.31.36.0-255,66,324738,13,378458
13798,0.002174,74.125.130.0-255,8574,333312,13,378458
13799,0.002176,172.31.36.0-255,66,333378,13,378458
13800,0.004277,74.125.130.0-255,4320,337698,13,378458
13801,0.004279,172.31.36.0-255,66,337764,13,378458
13802,0.004301,74.125.130.0-255,1484,339248,13,378458
13803,0.006388,74.125.130.0-255,4320,343568,13,378458
13804,0.006394,172.31.36.0-255,66,343634,13,378458
13805,0.00859,74.125.130.0-255,5738,349372,13,378458
13806,0.008614,172.31.36.0-255,66,349438,13,378458
13807,0.010755,74.125.130.0-255,5738,355176,13,378458
13808,0.010772,172.31.36.0-255,66,355242,13,378458
13809,0.01291,74.125.130.0-255,5738,360980,13,378458
13810,0.012925,172.31.36.0-255,66,361046,13,378458
13811,0.01505,74.125.130.0-255,5738,366784,13,378458
13812,0.015056,172.31.36.0-255,66,366850,13,378458
13813,0.017189,74.125.130.0-255,5738,372588,13,378458
13814,0.017197,172.31.36.0-255,66,372654,13,378458
13815,0.019328,74.125.130.0-255,5738,378392,13,378458
13816,0.019335,172.31.36.0-255,66,378458,13,378458
13817,0.0,74.125.68.0-255,153,153,13,210866
13818,3.8e-05,172.31.36.0-255,66,219,13,210866
13819,4.6e-05,74.125.68.0-255,1484,1703,13,210866
13820,5.1e-05,172.31.36.0-255,66,1769,13,210866
13821,5.5e-05,74.125.68.0-255,2902,4671,13,210866
13822,5.8e-05,172.31.36.0-255,66,4737,13,210866
13823,6.5e-05,74.125.68.0-255,5738,10475,13,210866
13824,6.8e-05,172.31.36.0-255,66,10541,13,210866
13825,8.6e-05,74.125.68.0-255,3466,14007,13,210866
13826,8.8e-05,172.31.36.0-255,66,14073,13,210866
13827,0.00035,74.125.68.0-255,1484,15557,13,210866
13828,0.000355,172.31.36.0-255,66,15623,13,210866
13829,0.000361,74.125.68.0-255,2902,18525,13,210866
13830,0.000363,172.31.36.0-255,66,18591,13,210866
13831,0.000382,74.125.68.0-255,4320,22911,13,210866
13832,0.000388,172.31.36.0-255,66,22977,13,210866
13833,0.000424,74.125.68.0-255,2902,25879,13,210866
13834,0.000428,172.31.36.0-255,66,25945,13,210866
13835,0.000465,74.125.68.0-255,5379,31324,13,210866
13836,0.00047,172.31.36.0-255,66,31390,13,210866
13837,0.000553,74.125.68.0-255,1484,32874,13,210866
13838,0.000559,172.31.36.0-255,66,32940,13,210866
13839,0.000563,74.125.68.0-255,1484,34424,13,210866
13840,0.000565,172.31.36.0-255,66,34490,13,210866
13841,0.00057,74.125.68.0-255,2902,37392,13,210866
13842,0.000572,172.31.36.0-255,66,37458,13,210866
13843,0.000604,74.125.68.0-255,5738,43196,13,210866
13844,0.000607,172.31.36.0-255,66,43262,13,210866
13845,0.000611,74.125.68.0-255,1484,44746,13,210866
13846,0.000613,172.31.36.0-255,66,44812,13,210866
13847,0.000631,74.125.68.0-255,3961,48773,13,210866
13848,0.000634,172.31.36.0-255,66,48839,13,210866
13849,0.000641,74.125.68.0-255,5738,54577,13,210866
13850,0.000643,172.31.36.0-255,66,54643,13,210866
13851,0.000668,74.125.68.0-255,1484,56127,13,210866
13852,0.0007,74.125.68.0-255,9633,65760,13,210866
13853,0.000704,172.31.36.0-255,66,65826,13,210866
13854,0.000707,74.125.68.0-255,422,66248,13,210866
13855,0.000783,74.125.68.0-255,352,66600,13,210866
13856,0.000915,172.31.36.0-255,66,66666,13,210866
13857,0.001142,74.125.68.0-255,1484,68150,13,210866
13858,0.00115,74.125.68.0-255,1484,69634,13,210866
13859,0.001154,172.31.36.0-255,66,69700,13,210866
13860,0.001171,74.125.68.0-255,1484,71184,13,210866
13861,0.001187,74.125.68.0-255,5738,76922,13,210866
13862,0.001191,172.31.36.0-255,66,76988,13,210866
13863,0.0012,74.125.68.0-255,8574,85562,13,210866
13864,0.001202,172.31.36.0-255,66,85628,13,210866
13865,0.001229,74.125.68.0-255,9992,95620,13,210866
13866,0.001232,172.31.36.0-255,66,95686,13,210866
13867,0.001257,74.125.68.0-255,5020,100706,13,210866
13868,0.001259,172.31.36.0-255,66,100772,13,210866
13869,0.0016,74.125.68.0-255,1484,102256,13,210866
13870,0.001606,74.125.68.0-255,1484,103740,13,210866
13871,0.001609,172.31.36.0-255,66,103806,13,210866
13872,0.001626,74.125.68.0-255,1484,105290,13,210866
13873,0.001649,74.125.68.0-255,1484,106774,13,210866
13874,0.001651,172.31.36.0-255,66,106840,13,210866
13875,0.001665,74.125.68.0-255,2902,109742,13,210866
13876,0.001667,172.31.36.0-255,66,109808,13,210866
13877,0.001683,74.125.68.0-255,2902,112710,13,210866
13878,0.001685,172.31.36.0-255,66,112776,13,210866
13879,0.001706,74.125.68.0-255,2902,115678,13,210866
13880,0.001709,172.31.36.0-255,66,115744,13,210866
13881,0.001711,74.125.68.0-255,1484,117228,13,210866
13882,0.001715,74.125.68.0-255,1484,118712,13,210866
13883,0.001717,172.31.36.0-255,66,118778,13,210866
13884,0.001731,74.125.68.0-255,1484,120262,13,210866
13885,0.001746,74.125.68.0-255,2902,123164,13,210866
13886,0.001748,172.31.36.0-255,66,123230,13,210866
13887,0.001763,74.125.68.0-255,2902,126132,13,210866
13888,0.001766,172.31.36.0-255,66,126198,13,210866
13889,0.001775,74.125.68.0-255,1484,127682,13,210866
13890,0.001821,74.125.68.0-255,2902,130584,13,210866
13891,0.001824,172.31.36.0-255,66,130650,13,210866
13892,0.001829,74.125.68.0-255,5020,135670,13,210866
13893,0.001831,172.31.36.0-255,66,135736,13,210866
13894,0.001874,74.125.68.0-255,1484,137220,13,210866
13895,0.001887,74.125.68.0-255,1484,138704,13,210866
13896,0.001889,172.31.36.0-255,66,138770,13,210866
13897,0.001905,74.125.68.0-255,1484,140254,13,210866
13898,0.001911,74.125.68.0-255,4320,144574,13,210866
13899,0.001913,172.31.36.0-255,66,144640,13,210866
13900,0.001933,74.125.68.0-255,5738,150378,13,210866
13901,0.001936,172.31.36.0-255,66,150444,13,210866
13902,0.001959,74.125.68.0-255,8574,159018,13,210866
13903,0.001961,172.31.36.0-255,66,159084,13,210866
13904,0.001979,74.125.68.0-255,2902,161986,13,210866
13905,0.001982,172.31.36.0-255,66,162052,13,210866
13906,0.001985,74.125.68.0-255,2902,164954,13,210866
13907,0.001987,172.31.36.0-255,66,165020,13,210866
13908,0.002024,74.125.68.0-255,5020,170040,13,210866
13909,0.002026,172.31.36.0-255,66,170106,13,210866
13910,0.004251,74.125.68.0-255,5738,175844,13,210866
13911,0.004254,172.31.36.0-255,66,175910,13,210866
13912,0.006512,74.125.68.0-255,5738,181648,13,210866
13913,0.00652,172.31.36.0-255,66,181714,13,210866
13914,0.008769,74.125.68.0-255,2902,184616,13,210866
13915,0.008776,172.31.36.0-255,66,184682,13,210866
13916,0.0088,74.125.68.0-255,2902,187584,13,210866
13917,0.008803,172.31.36.0-255,66,187650,13,210866
13918,0.011036,74.125.68.0-255,5738,193388,13,210866
13919,0.011044,172.31.36.0-255,66,193454,13,210866
13920,0.013287,74.125.68.0-255,5738,199192,13,210866
13921,0.013298,172.31.36.0-255,66,199258,13,210866
13922,0.015535,74.125.68.0-255,5738,204996,13,210866
13923,0.015542,172.31.36.0-255,66,205062,13,210866
13924,0.017785,74.125.68.0-255,5738,210800,13,210866
13925,0.017794,172.31.36.0-255,66,210866,13,210866
13926,0.0,74.125.24.0-255,149,149,13,198041
13927,3.5e-05,172.31.36.0-255,66,215,13,198041
13928,4.2e-05,74.125.24.0-255,1484,1699,13,198041
13929,4.6e-05,172.31.36.0-255,66,1765,13,198041
13930,5.1e-05,74.125.24.0-255,2902,4667,13,198041
13931,5.3e-05,172.31.36.0-255,66,4733,13,198041
13932,7e-05,74.125.24.0-255,7156,11889,13,198041
13933,7.4e-05,172.31.36.0-255,66,11955,13,198041
13934,7.8e-05,74.125.24.0-255,2085,14040,13,198041
13935,8e-05,172.31.36.0-255,66,14106,13,198041
13936,0.000129,74.125.24.0-255,1484,15590,13,198041
13937,0.000132,172.31.36.0-255,66,15656,13,198041
13938,0.000137,74.125.24.0-255,2902,18558,13,198041
13939,0.00014,172.31.36.0-255,66,18624,13,198041
13940,0.000174,74.125.24.0-255,5738,24362,13,198041
13941,0.000178,172.31.36.0-255,66,24428,13,198041
13942,0.000184,74.125.24.0-255,6797,31225,13,198041
13943,0.000186,172.31.36.0-255,66,31291,13,198041
13944,0.000371,74.125.24.0-255,1484,32775,13,198041
13945,0.000375,172.31.36.0-255,66,32841,13,198041
13946,0.000394,74.125.24.0-255,2902,35743,13,198041
13947,0.000397,172.31.36.0-255,66,35809,13,198041
13948,0.000426,74.125.24.0-255,5738,41547,13,198041
13949,0.00043,74.125.24.0-255,2902,44449,13,198041
13950,0.000432,172.31.36.0-255,66,44515,13,198041
13951,0.000436,172.31.36.0-255,66,44581,13,198041
13952,0.000465,74.125.24.0-255,3961,48542,13,198041
13953,0.000469,172.31.36.0-255,66,48608,13,198041
13954,0.000476,74.125.24.0-255,7156,55764,13,198041
13955,0.000479,172.31.36.0-255,66,55830,13,198041
13956,0.000483,74.125.24.0-255,2902,58732,13,198041
13957,0.000485,172.31.36.0-255,66,58798,13,198041
13958,0.000518,74.125.24.0-255,6797,65595,13,198041
13959,0.000522,172.31.36.0-255,66,65661,13,198041
13960,0.001371,74.125.24.0-255,646,66307,13,198041
13961,0.0014,74.125.24.0-255,1484,67791,13,198041
13962,0.001405,172.31.36.0-255,66,67857,13,198041
13963,0.001412,74.125.24.0-255,4320,72177,13,198041
13964,0.001414,172.31.36.0-255,66,72243,13,198041
13965,0.001448,74.125.24.0-255,9992,82235,13,198041
13966,0.00145,172.31.36.0-255,66,82301,13,198041
13967,0.001455,74.125.24.0-255,5738,88039,13,198041
13968,0.001457,172.31.36.0-255,66,88105,13,198041
13969,0.001502,74.125.24.0-255,1484,89589,13,198041
13970,0.001518,74.125.24.0-255,5738,95327,13,198041
13971,0.00152,172.31.36.0-255,66,95393,13,198041
13972,0.00155,74.125.24.0-255,5020,100413,13,198041
13973,0.001552,172.31.36.0-255,66,100479,13,198041
13974,0.001722,74.125.24.0-255,1484,101963,13,198041
13975,0.001741,74.125.24.0-255,2902,104865,13,198041
13976,0.001744,172.31.36.0-255,66,104931,13,198041
13977,0.001751,74.125.24.0-255,5738,110669,13,198041
13978,0.001753,172.31.36.0-255,66,110735,13,198041
13979,0.001777,74.125.24.0-255,9992,120727,13,198041
13980,0.001782,172.31.36.0-255,66,120793,13,198041
13981,0.001818,172.31.36.0-255,66,120859,13,198041
13982,0.001839,74.125.24.0-255,2184,123043,13,198041
13983,0.001842,172.31.36.0-255,66,123109,13,198041
13984,0.00188,74.125.24.0-255,1484,124593,13,198041
13985,0.001893,74.125.24.0-255,2902,127495,13,198041
13986,0.001896,172.31.36.0-255,66,127561,13,198041
13987,0.001902,74.125.24.0-255,5738,133299,13,198041
13988,0.001904,172.31.36.0-255,66,133365,13,198041
13989,0.001924,74.125.24.0-255,1484,134849,13,198041
13990,0.001949,172.31.36.0-255,66,134915,13,198041
13991,0.001982,74.125.24.0-255,10692,145607,13,198041
13992,0.001986,172.31.36.0-255,66,145673,13,198041
13993,0.002019,74.125.24.0-255,1484,147157,13,198041
13994,0.003986,74.125.24.0-255,4320,151477,13,198041
13995,0.003991,172.31.36.0-255,66,151543,13,198041
13996,0.005961,74.125.24.0-255,1484,153027,13,198041
13997,0.005978,74.125.24.0-255,4320,157347,13,198041
13998,0.005981,172.31.36.0-255,66,157413,13,198041
13999,0.007948,74.125.24.0-255,5738,163151,13,198041
14000,0.007954,172.31.36.0-255,66,163217,13,198041
14001,0.009918,74.125.24.0-255,5738,168955,13,198041
14002,0.009923,172.31.36.0-255,66,169021,13,198041
14003,0.011932,74.125.24.0-255,5738,174759,13,198041
14004,0.011939,172.31.36.0-255,66,174825,13,198041
14005,0.013917,74.125.24.0-255,5738,180563,13,198041
14006,0.013928,172.31.36.0-255,66,180629,13,198041
14007,0.015902,74.125.24.0-255,5738,186367,13,198041
14008,0.015911,172.31.36.0-255,66,186433,13,198041
14009,0.017937,74.125.24.0-255,5738,192171,13,198041
14010,0.017945,172.31.36.0-255,66,192237,13,198041
14011,0.019902,74.125.24.0-255,5738,197975,13,198041
14012,0.01991,172.31.36.0-255,66,198041,13,198041
14013,0.0,74.125.200.0-255,153,153,13,344089
14014,2e-05,172.31.36.0-255,66,219,13,344089
14015,2.7e-05,74.125.200.0-255,1484,1703,13,344089
14016,3.1e-05,172.31.36.0-255,66,1769,13,344089
14017,3.6e-05,74.125.200.0-255,2902,4671,13,344089
14018,3.9e-05,172.31.36.0-255,66,4737,13,344089
14019,5.2e-05,74.125.200.0-255,4320,9057,13,344089
14020,5.5e-05,172.31.36.0-255,66,9123,13,344089
14021,8.8e-05,74.125.200.0-255,4794,13917,13,344089
14022,9.2e-05,172.31.36.0-255,66,13983,13,344089
14023,0.000196,74.125.200.0-255,1484,15467,13,344089
14024,0.0002,172.31.36.0-255,66,15533,13,344089
14025,0.000206,74.125.200.0-255,2902,18435,13,344089
14026,0.000208,172.31.36.0-255,66,18501,13,344089
14027,0.000232,74.125.200.0-255,5738,24239,13,344089
14028,0.000235,172.31.36.0-255,66,24305,13,344089
14029,0.000245,74.125.200.0-255,4320,28625,13,344089
14030,0.000247,172.31.36.0-255,66,28691,13,344089
14031,0.000272,74.125.200.0-255,2543,31234,13,344089
14032,0.000279,172.31.36.0-255,66,31300,13,344089
14033,0.000285,74.125.200.0-255,4320,35620,13,344089
14034,0.000288,172.31.36.0-255,66,35686,13,344089
14035,0.000322,74.125.200.0-255,7156,42842,13,344089
14036,0.000325,172.31.36.0-255,66,42908,13,344089
14037,0.000335,74.125.200.0-255,8574,51482,13,344089
14038,0.000337,172.31.36.0-255,66,51548,13,344089
14039,0.000372,74.125.200.0-255,4320,55868,13,344089
14040,0.000374,172.31.36.0-255,66,55934,13,344089
14041,0.00038,74.125.200.0-255,4320,60254,13,344089
14042,0.000382,172.31.36.0-255,66,60320,13,344089
14043,0.00041,74.125.200.0-255,4320,64640,13,344089
14044,0.000412,172.31.36.0-255,66,64706,13,344089
14045,0.000423,74.125.200.0-255,766,65472,13,344089
14046,0.00043,74.125.200.0-255,412,65884,13,344089
14047,0.000574,74.125.200.0-255,331,66215,13,344089
14048,0.000606,74.125.200.0-255,1484,67699,13,344089
14049,0.00061,172.31.36.0-255,66,67765,13,344089
14050,0.000635,74.125.200.0-255,4320,72085,13,344089
14051,0.000638,172.31.36.0-255,66,72151,13,344089
14052,0.000643,74.125.200.0-255,4320,76471,13,344089
14053,0.000646,172.31.36.0-255,66,76537,13,344089
14054,0.000651,74.125.200.0-255,4320,80857,13,344089
14055,0.000653,172.31.36.0-255,66,80923,13,344089
14056,0.000683,74.125.200.0-255,1484,82407,13,344089
14057,0.000692,74.125.200.0-255,8574,90981,13,344089
14058,0.000695,172.31.36.0-255,66,91047,13,344089
14059,0.000721,74.125.200.0-255,2902,93949,13,344089
14060,0.000724,172.31.36.0-255,66,94015,13,344089
14061,0.000729,74.125.200.0-255,4320,98335,13,344089
14062,0.000731,172.31.36.0-255,66,98401,13,344089
14063,0.000752,74.125.200.0-255,2184,100585,13,344089
14064,0.000758,172.31.36.0-255,66,100651,13,344089
14065,0.000917,74.125.200.0-255,1484,102135,13,344089
14066,0.000921,74.125.200.0-255,1484,103619,13,344089
14067,0.000924,172.31.36.0-255,66,103685,13,344089
14068,0.00095,74.125.200.0-255,1484,105169,13,344089
14069,0.000957,74.125.200.0-255,5738,110907,13,344089
14070,0.00096,172.31.36.0-255,66,110973,13,344089
14071,0.000967,74.125.200.0-255,5738,116711,13,344089
14072,0.000969,172.31.36.0-255,66,116777,13,344089
14073,0.000983,74.125.200.0-255,1484,118261,13,344089
14074,0.000986,74.125.200.0-255,1484,119745,13,344089
14075,0.000988,172.31.36.0-255,66,119811,13,344089
14076,0.001036,172.31.36.0-255,66,119877,13,344089
14077,0.001041,74.125.200.0-255,2184,122061,13,344089
14078,0.001043,172.31.36.0-255,66,122127,13,344089
14079,0.001314,74.125.200.0-255,1484,123611,13,344089
14080,0.001319,74.125.200.0-255,1484,125095,13,344089
14081,0.001322,172.31.36.0-255,66,125161,13,344089
14082,0.001338,74.125.200.0-255,1484,126645,13,344089
14083,0.001349,74.125.200.0-255,5738,132383,13,344089
14084,0.001352,172.31.36.0-255,66,132449,13,344089
14085,0.001414,74.125.200.0-255,9992,142441,13,344089
14086,0.001417,172.31.36.0-255,66,142507,13,344089
14087,0.001434,172.31.36.0-255,66,142573,13,344089
14088,0.001438,74.125.200.0-255,2184,144757,13,344089
14089,0.00144,172.31.36.0-255,66,144823,13,344089
14090,0.00147,74.125.200.0-255,2902,147725,13,344089
14091,0.001473,172.31.36.0-255,66,147791,13,344089
14092,0.001478,74.125.200.0-255,4320,152111,13,344089
14093,0.00148,172.31.36.0-255,66,152177,13,344089
14094,0.001485,74.125.200.0-255,2902,155079,13,344089
14095,0.001487,172.31.36.0-255,66,155145,13,344089
14096,0.001509,74.125.200.0-255,5738,160883,13,344089
14097,0.001512,172.31.36.0-255,66,160949,13,344089
14098,0.001522,74.125.200.0-255,4320,165269,13,344089
14099,0.001525,172.31.36.0-255,66,165335,13,344089
14100,0.001531,74.125.200.0-255,5738,171073,13,344089
14101,0.001535,172.31.36.0-255,66,171139,13,344089
14102,0.001569,74.125.200.0-255,5738,176877,13,344089
14103,0.001572,172.31.36.0-255,66,176943,13,344089
14104,0.001607,74.125.200.0-255,2184,179127,13,344089
14105,0.00161,172.31.36.0-255,66,179193,13,344089
14106,0.001697,74.125.200.0-255,1484,180677,13,344089
14107,0.001701,74.125.200.0-255,1484,182161,13,344089
14108,0.001704,172.31.36.0-255,66,182227,13,344089
14109,0.001732,74.125.200.0-255,1484,183711,13,344089
14110,0.001738,74.125.200.0-255,4320,188031,13,344089
14111,0.00174,172.31.36.0-255,66,188097,13,344089
14112,0.001748,74.125.200.0-255,7156,195253,13,344089
14113,0.00175,172.31.36.0-255,66,195319,13,344089
14114,0.001785,74.125.200.0-255,1484,196803,13,344089
14115,0.001794,74.125.200.0-255,8574,205377,13,344089
14116,0.001796,172.31.36.0-255,66,205443,13,344089
14117,0.00182,74.125.200.0-255,7156,212599,13,344089
14118,0.001823,172.31.36.0-255,66,212665,13,344089
14119,0.001849,74.125.200.0-255,766,213431,13,344089
14120,0.001894,74.125.200.0-255,1484,214915,13,344089
14121,0.001897,172.31.36.0-255,66,214981,13,344089
14122,0.001916,74.125.200.0-255,2902,217883,13,344089
14123,0.001919,172.31.36.0-255,66,217949,13,344089
14124,0.001938,74.125.200.0-255,4320,222269,13,344089
14125,0.00194,172.31.36.0-255,66,222335,13,344089
14126,0.001983,74.125.200.0-255,8574,230909,13,344089
14127,0.001986,172.31.36.0-255,66,230975,13,344089
14128,0.00199,74.125.200.0-255,2902,233877,13,344089
14129,0.001993,172.31.36.0-255,66,233943,13,344089
14130,0.001998,74.125.200.0-255,2902,236845,13,344089
14131,0.002,172.31.36.0-255,66,236911,13,344089
14132,0.002028,74.125.200.0-255,9992,246903,13,344089
14133,0.002031,172.31.36.0-255,66,246969,13,344089
14134,0.002034,74.125.200.0-255,766,247735,13,344089
14135,0.002059,74.125.200.0-255,1484,249219,13,344089
14136,0.002062,172.31.36.0-255,66,249285,13,344089
14137,0.002067,74.125.200.0-255,4320,253605,13,344089
14138,0.00207,172.31.36.0-255,66,253671,13,344089
14139,0.002098,74.125.200.0-255,5738,259409,13,344089
14140,0.0021,172.31.36.0-255,66,259475,13,344089
14141,0.002105,74.125.200.0-255,2902,262377,13,344089
14142,0.002108,172.31.36.0-255,66,262443,13,344089
14143,0.002141,74.125.200.0-255,8574,271017,13,344089
14144,0.002144,172.31.36.0-255,66,271083,13,344089
14145,0.002146,74.125.200.0-255,1484,272567,13,344089
14146,0.002181,74.125.200.0-255,7156,279723,13,344089
14147,0.002184,172.31.36.0-255,66,279789,13,344089
14148,0.002221,74.125.200.0-255,6438,286227,13,344089
14149,0.002238,74.125.200.0-255,7156,293383,13,344089
14150,0.002246,74.125.200.0-255,7856,301239,13,344089
14151,0.00229,172.31.36.0-255,66,301305,13,344089
14152,0.002295,172.31.36.0-255,66,301371,13,344089
14153,0.002298,172.31.36.0-255,66,301437,13,344089
14154,0.002301,172.31.36.0-255,66,301503,13,344089
14155,0.002317,74.125.200.0-255,2902,304405,13,344089
14156,0.002324,172.31.36.0-255,66,304471,13,344089
14157,0.002327,74.125.200.0-255,1484,305955,13,344089
14158,0.00233,74.125.200.0-255,1484,307439,13,344089
14159,0.002332,172.31.36.0-255,66,307505,13,344089
14160,0.002335,74.125.200.0-255,1484,308989,13,344089
14161,0.002337,74.125.200.0-255,1484,310473,13,344089
14162,0.002339,172.31.36.0-255,66,310539,13,344089
14163,0.002347,74.125.200.0-255,7156,317695,13,344089
14164,0.002353,74.125.200.0-255,2902,320597,13,344089
14165,0.002358,172.31.36.0-255,66,320663,13,344089
14166,0.00236,172.31.36.0-255,66,320729,13,344089
14167,0.002379,74.125.200.0-255,7156,327885,13,344089
14168,0.002381,172.31.36.0-255,66,327951,13,344089
14169,0.002415,74.125.200.0-255,4320,332271,13,344089
14170,0.002419,172.31.36.0-255,66,332337,13,344089
14171,0.002424,74.125.200.0-255,3602,335939,13,344089
14172,0.002427,172.31.36.0-255,66,336005,13,344089
14173,0.002438,74.125.200.0-255,7478,343483,13,344089
14174,0.002441,172.31.36.0-255,66,343549,13,344089
14175,0.002444,74.125.200.0-255,97,343646,13,344089
14176,0.00247,74.125.200.0-255,105,343751,13,344089
14177,0.003256,172.31.36.0-255,101,343852,13,344089
14178,0.004752,172.31.36.0-255,105,343957,13,344089
14179,0.005469,74.125.200.0-255,66,344023,13,344089
14180,0.00695,74.125.200.0-255,66,344089,13,344089
14181,0.0,74.125.24.0-255,153,153,13,172458
14182,3.1e-05,172.31.36.0-255,66,219,13,172458
14183,3.8e-05,74.125.24.0-255,1484,1703,13,172458
14184,6.3e-05,172.31.36.0-255,66,1769,13,172458
14185,6.9e-05,74.125.24.0-255,2902,4671,13,172458
14186,7.2e-05,172.31.36.0-255,66,4737,13,172458
14187,7.9e-05,74.125.24.0-255,7156,11893,13,172458
14188,8.3e-05,172.31.36.0-255,66,11959,13,172458
14189,0.000114,74.125.24.0-255,2028,13987,13,172458
14190,0.000117,172.31.36.0-255,66,14053,13,172458
14191,0.000304,74.125.24.0-255,1484,15537,13,172458
14192,0.000309,172.31.36.0-255,66,15603,13,172458
14193,0.000315,74.125.24.0-255,2902,18505,13,172458
14194,0.000318,172.31.36.0-255,66,18571,13,172458
14195,0.000355,74.125.24.0-255,5738,24309,13,172458
14196,0.000359,172.31.36.0-255,66,24375,13,172458
14197,0.000381,74.125.24.0-255,6797,31172,13,172458
14198,0.000384,172.31.36.0-255,66,31238,13,172458
14199,0.000459,74.125.24.0-255,1484,32722,13,172458
14200,0.000463,172.31.36.0-255,66,32788,13,172458
14201,0.000468,74.125.24.0-255,2902,35690,13,172458
14202,0.00047,172.31.36.0-255,66,35756,13,172458
14203,0.000492,74.125.24.0-255,1484,37240,13,172458
14204,0.000495,172.31.36.0-255,66,37306,13,172458
14205,0.000531,74.125.24.0-255,4320,41626,13,172458
14206,0.000534,172.31.36.0-255,66,41692,13,172458
14207,0.000556,172.31.36.0-255,66,41758,13,172458
14208,0.00059,74.125.24.0-255,9944,51702,13,172458
14209,0.000595,172.31.36.0-255,66,51768,13,172458
14210,0.000619,74.125.24.0-255,110,51878,13,172458
14211,0.000622,172.31.36.0-255,66,51944,13,172458
14212,0.000755,74.125.24.0-255,1484,53428,13,172458
14213,0.00077,74.125.24.0-255,2902,56330,13,172458
14214,0.000774,172.31.36.0-255,66,56396,13,172458
14215,0.00078,74.125.24.0-255,5738,62134,13,172458
14216,0.000782,172.31.36.0-255,66,62200,13,172458
14217,0.00081,74.125.24.0-255,5738,67938,13,172458
14218,0.000813,172.31.36.0-255,66,68004,13,172458
14219,0.000836,74.125.24.0-255,8215,76219,13,172458
14220,0.00084,172.31.36.0-255,66,76285,13,172458
14221,0.000849,74.125.24.0-255,9633,85918,13,172458
14222,0.000852,172.31.36.0-255,66,85984,13,172458
14223,0.001128,74.125.24.0-255,1484,87468,13,172458
14224,0.001133,74.125.24.0-255,1484,88952,13,172458
14225,0.001136,172.31.36.0-255,66,89018,13,172458
14226,0.001147,74.125.24.0-255,1484,90502,13,172458
14227,0.001158,74.125.24.0-255,5738,96240,13,172458
14228,0.001161,172.31.36.0-255,66,96306,13,172458
14229,0.00119,74.125.24.0-255,9992,106298,13,172458
14230,0.001194,172.31.36.0-255,66,106364,13,172458
14231,0.00122,74.125.24.0-255,2902,109266,13,172458
14232,0.001223,172.31.36.0-255,66,109332,13,172458
14233,0.001229,74.125.24.0-255,4320,113652,13,172458
14234,0.001231,172.31.36.0-255,66,113718,13,172458
14235,0.001254,74.125.24.0-255,6438,120156,13,172458
14236,0.001259,172.31.36.0-255,66,120222,13,172458
14237,0.003322,74.125.24.0-255,5738,125960,13,172458
14238,0.003329,172.31.36.0-255,66,126026,13,172458
14239,0.005398,74.125.24.0-255,5738,131764,13,172458
14240,0.005404,172.31.36.0-255,66,131830,13,172458
14241,0.007448,74.125.24.0-255,5738,137568,13,172458
14242,0.007454,172.31.36.0-255,66,137634,13,172458
14243,0.009523,74.125.24.0-255,5738,143372,13,172458
14244,0.009531,172.31.36.0-255,66,143438,13,172458
14245,0.011604,74.125.24.0-255,5738,149176,13,172458
14246,0.011612,172.31.36.0-255,66,149242,13,172458
14247,0.013705,74.125.24.0-255,5738,154980,13,172458
14248,0.013713,172.31.36.0-255,66,155046,13,172458
14249,0.015762,74.125.24.0-255,5738,160784,13,172458
14250,0.015768,172.31.36.0-255,66,160850,13,172458
14251,0.017876,74.125.24.0-255,5738,166588,13,172458
14252,0.017888,172.31.36.0-255,66,166654,13,172458
14253,0.019957,74.125.24.0-255,5738,172392,13,172458
14254,0.019969,172.31.36.0-255,66,172458,13,172458
14255,0.0,172.217.194.0-255,153,153,13,186176
14256,1.7e-05,172.31.36.0-255,66,219,13,186176
14257,2.5e-05,172.217.194.0-255,1484,1703,13,186176
14258,2.9e-05,172.31.36.0-255,66,1769,13,186176
14259,3.4e-05,172.217.194.0-255,2902,4671,13,186176
14260,3.7e-05,172.31.36.0-255,66,4737,13,186176
14261,4.5e-05,172.217.194.0-255,7156,11893,13,186176
14262,4.8e-05,172.31.36.0-255,66,11959,13,186176
14263,5.2e-05,172.217.194.0-255,2057,14016,13,186176
14264,5.5e-05,172.31.36.0-255,66,14082,13,186176
14265,0.000199,172.217.194.0-255,1484,15566,13,186176
14266,0.000204,172.31.36.0-255,66,15632,13,186176
14267,0.00021,172.217.194.0-255,2902,18534,13,186176
14268,0.000212,172.31.36.0-255,66,18600,13,186176
14269,0.000219,172.217.194.0-255,5738,24338,13,186176
14270,0.000221,172.31.36.0-255,66,24404,13,186176
14271,0.000242,172.217.194.0-255,4320,28724,13,186176
14272,0.000244,172.31.36.0-255,66,28790,13,186176
14273,0.000259,172.217.194.0-255,1484,30274,13,186176
14274,0.000261,172.31.36.0-255,66,30340,13,186176
14275,0.000264,172.217.194.0-255,1125,31465,13,186176
14276,0.000266,172.31.36.0-255,66,31531,13,186176
14277,0.000303,172.217.194.0-255,1484,33015,13,186176
14278,0.000306,172.31.36.0-255,66,33081,13,186176
14279,0.00031,172.217.194.0-255,1484,34565,13,186176
14280,0.000312,172.31.36.0-255,66,34631,13,186176
14281,0.000328,172.217.194.0-255,2902,37533,13,186176
14282,0.000331,172.31.36.0-255,66,37599,13,186176
14283,0.000361,172.217.194.0-255,5738,43337,13,186176
14284,0.000363,172.31.36.0-255,66,43403,13,186176
14285,0.000381,172.217.194.0-255,2902,46305,13,186176
14286,0.000383,172.31.36.0-255,66,46371,13,186176
14287,0.000388,172.217.194.0-255,2902,49273,13,186176
14288,0.00039,172.31.36.0-255,66,49339,13,186176
14289,0.000421,172.217.194.0-255,8215,57554,13,186176
14290,0.000424,172.31.36.0-255,66,57620,13,186176
14291,0.00045,172.217.194.0-255,2902,60522,13,186176
14292,0.000453,172.31.36.0-255,66,60588,13,186176
14293,0.000475,172.217.194.0-255,5707,66295,13,186176
14294,0.000477,172.31.36.0-255,66,66361,13,186176
14295,0.001028,172.217.194.0-255,381,66742,13,186176
14296,0.001075,172.31.36.0-255,66,66808,13,186176
14297,0.00161,172.217.194.0-255,1484,68292,13,186176
14298,0.001621,172.217.194.0-255,2902,71194,13,186176
14299,0.001626,172.31.36.0-255,66,71260,13,186176
14300,0.001634,172.217.194.0-255,5738,76998,13,186176
14301,0.001636,172.31.36.0-255,66,77064,13,186176
14302,0.001659,172.217.194.0-255,5738,82802,13,186176
14303,0.001661,172.31.36.0-255,66,82868,13,186176
14304,0.001678,172.217.194.0-255,4320,87188,13,186176
14305,0.00168,172.31.36.0-255,66,87254,13,186176
14306,0.001717,172.31.36.0-255,66,87320,13,186176
14307,0.001721,172.217.194.0-255,766,88086,13,186176
14308,0.001961,172.217.194.0-255,1484,89570,13,186176
14309,0.001965,172.31.36.0-255,66,89636,13,186176
14310,0.001971,172.217.194.0-255,2902,92538,13,186176
14311,0.001973,172.31.36.0-255,66,92604,13,186176
14312,0.001999,172.217.194.0-255,5738,98342,13,186176
14313,0.002001,172.31.36.0-255,66,98408,13,186176
14314,0.002007,172.217.194.0-255,4320,102728,13,186176
14315,0.002009,172.31.36.0-255,66,102794,13,186176
14316,0.002032,172.217.194.0-255,8574,111368,13,186176
14317,0.002034,172.31.36.0-255,66,111434,13,186176
14318,0.00204,172.217.194.0-255,5738,117172,13,186176
14319,0.002042,172.31.36.0-255,66,117238,13,186176
14320,0.002062,172.217.194.0-255,5020,122258,13,186176
14321,0.002065,172.31.36.0-255,66,122324,13,186176
14322,0.002236,172.217.194.0-255,1484,123808,13,186176
14323,0.002241,172.217.194.0-255,2902,126710,13,186176
14324,0.002244,172.31.36.0-255,66,126776,13,186176
14325,0.00225,172.217.194.0-255,5738,132514,13,186176
14326,0.002253,172.31.36.0-255,66,132580,13,186176
14327,0.002256,172.217.194.0-255,1484,134064,13,186176
14328,0.002288,172.31.36.0-255,66,134130,13,186176
14329,0.002306,172.217.194.0-255,1484,135614,13,186176
14330,0.002324,172.217.194.0-255,7156,142770,13,186176
14331,0.002326,172.31.36.0-255,66,142836,13,186176
14332,0.002345,172.217.194.0-255,2184,145020,13,186176
14333,0.002347,172.31.36.0-255,66,145086,13,186176
14334,0.004636,172.217.194.0-255,2902,147988,13,186176
14335,0.00464,172.31.36.0-255,66,148054,13,186176
14336,0.004664,172.217.194.0-255,2902,150956,13,186176
14337,0.004666,172.31.36.0-255,66,151022,13,186176
14338,0.00693,172.217.194.0-255,2902,153924,13,186176
14339,0.006937,172.31.36.0-255,66,153990,13,186176
14340,0.006956,172.217.194.0-255,1484,155474,13,186176
14341,0.006968,172.217.194.0-255,1484,156958,13,186176
14342,0.00697,172.31.36.0-255,66,157024,13,186176
14343,0.009224,172.217.194.0-255,2902,159926,13,186176
14344,0.009231,172.31.36.0-255,66,159992,13,186176
14345,0.009254,172.217.194.0-255,2902,162894,13,186176
14346,0.009257,172.31.36.0-255,66,162960,13,186176
14347,0.011511,172.217.194.0-255,5738,168698,13,186176
14348,0.011518,172.31.36.0-255,66,168764,13,186176
14349,0.01378,172.217.194.0-255,5738,174502,13,186176
14350,0.013787,172.31.36.0-255,66,174568,13,186176
14351,0.016081,172.217.194.0-255,5738,180306,13,186176
14352,0.016089,172.31.36.0-255,66,180372,13,186176
14353,0.018357,172.217.194.0-255,5738,186110,13,186176
14354,0.018366,172.31.36.0-255,66,186176,13,186176
14355,0.0,172.217.194.0-255,143,143,13,128312
14356,1.5e-05,172.31.36.0-255,66,209,13,128312
14357,2.2e-05,172.217.194.0-255,1484,1693,13,128312
14358,2.7e-05,172.31.36.0-255,66,1759,13,128312
14359,3.2e-05,172.217.194.0-255,2902,4661,13,128312
14360,3.5e-05,172.31.36.0-255,66,4727,13,128312
14361,4.3e-05,172.217.194.0-255,7156,11883,13,128312
14362,4.6e-05,172.31.36.0-255,66,11949,13,128312
14363,6.6e-05,172.217.194.0-255,2081,14030,13,128312
14364,6.9e-05,172.31.36.0-255,66,14096,13,128312
14365,0.000323,172.217.194.0-255,1484,15580,13,128312
14366,0.000329,172.31.36.0-255,66,15646,13,128312
14367,0.000336,172.217.194.0-255,2902,18548,13,128312
14368,0.000339,172.31.36.0-255,66,18614,13,128312
14369,0.000343,172.217.194.0-255,2902,21516,13,128312
14370,0.000346,172.31.36.0-255,66,21582,13,128312
14371,0.000372,172.217.194.0-255,2902,24484,13,128312
14372,0.000375,172.31.36.0-255,66,24550,13,128312
14373,0.000391,172.217.194.0-255,6797,31347,13,128312
14374,0.000394,172.31.36.0-255,66,31413,13,128312
14375,0.000427,172.217.194.0-255,2902,34315,13,128312
14376,0.00043,172.31.36.0-255,66,34381,13,128312
14377,0.000435,172.217.194.0-255,4320,38701,13,128312
14378,0.000437,172.31.36.0-255,66,38767,13,128312
14379,0.000443,172.217.194.0-255,4320,43087,13,128312
14380,0.000446,172.31.36.0-255,66,43153,13,128312
14381,0.000475,172.217.194.0-255,4320,47473,13,128312
14382,0.000477,172.217.194.0-255,1125,48598,13,128312
14383,0.000482,172.31.36.0-255,66,48664,13,128312
14384,0.000484,172.31.36.0-255,66,48730,13,128312
14385,0.001828,172.217.194.0-255,1484,50214,13,128312
14386,0.001835,172.31.36.0-255,66,50280,13,128312
14387,0.001845,172.217.194.0-255,2902,53182,13,128312
14388,0.001847,172.31.36.0-255,66,53248,13,128312
14389,0.001864,172.217.194.0-255,4320,57568,13,128312
14390,0.001866,172.31.36.0-255,66,57634,13,128312
14391,0.001887,172.217.194.0-255,1484,59118,13,128312
14392,0.001902,172.217.194.0-255,4320,63438,13,128312
14393,0.001904,172.31.36.0-255,66,63504,13,128312
14394,0.001924,172.217.194.0-255,2543,66047,13,128312
14395,0.001926,172.31.36.0-255,66,66113,13,128312
14396,0.001979,172.217.194.0-255,1484,67597,13,128312
14397,0.001983,172.217.194.0-255,2902,70499,13,128312
14398,0.001986,172.31.36.0-255,66,70565,13,128312
14399,0.002022,172.217.194.0-255,5738,76303,13,128312
14400,0.002024,172.31.36.0-255,66,76369,13,128312
14401,0.002068,172.31.36.0-255,66,76435,13,128312
14402,0.002106,172.217.194.0-255,2902,79337,13,128312
14403,0.002108,172.31.36.0-255,66,79403,13,128312
14404,0.002133,172.217.194.0-255,8215,87618,13,128312
14405,0.002136,172.31.36.0-255,66,87684,13,128312
14406,0.00443,172.217.194.0-255,5738,93422,13,128312
14407,0.004434,172.31.36.0-255,66,93488,13,128312
14408,0.006746,172.217.194.0-255,5738,99226,13,128312
14409,0.006753,172.31.36.0-255,66,99292,13,128312
14410,0.009105,172.217.194.0-255,5738,105030,13,128312
14411,0.009112,172.31.36.0-255,66,105096,13,128312
14412,0.011435,172.217.194.0-255,5738,110834,13,128312
14413,0.011443,172.31.36.0-255,66,110900,13,128312
14414,0.01376,172.217.194.0-255,5738,116638,13,128312
14415,0.013772,172.31.36.0-255,66,116704,13,128312
14416,0.016137,172.217.194.0-255,5738,122442,13,128312
14417,0.016145,172.31.36.0-255,66,122508,13,128312
14418,0.018469,172.217.194.0-255,5738,128246,13,128312
14419,0.018478,172.31.36.0-255,66,128312,13,128312
14420,0.0,74.125.130.0-255,153,153,13,244778
14421,2.5e-05,172.31.36.0-255,66,219,13,244778
14422,3.2e-05,74.125.130.0-255,1484,1703,13,244778
14423,3.7e-05,172.31.36.0-255,66,1769,13,244778
14424,4.4e-05,74.125.130.0-255,2902,4671,13,244778
14425,4.7e-05,172.31.36.0-255,66,4737,13,244778
14426,5e-05,74.125.130.0-255,1484,6221,13,244778
14427,5.3e-05,172.31.36.0-255,66,6287,13,244778
14428,5.6e-05,74.125.130.0-255,1484,7771,13,244778
14429,6e-05,172.31.36.0-255,66,7837,13,244778
14430,8.7e-05,74.125.130.0-255,1484,9321,13,244778
14431,9e-05,172.31.36.0-255,66,9387,13,244778
14432,9.3e-05,74.125.130.0-255,1484,10871,13,244778
14433,9.6e-05,172.31.36.0-255,66,10937,13,244778
14434,0.000114,74.125.130.0-255,3519,14456,13,244778
14435,0.000116,172.31.36.0-255,66,14522,13,244778
14436,0.000132,74.125.130.0-255,5738,20260,13,244778
14437,0.000134,172.31.36.0-255,66,20326,13,244778
14438,0.00016,74.125.130.0-255,4320,24646,13,244778
14439,0.000162,172.31.36.0-255,66,24712,13,244778
14440,0.000169,74.125.130.0-255,5738,30450,13,244778
14441,0.000172,172.31.36.0-255,66,30516,13,244778
14442,0.000186,74.125.130.0-255,1125,31641,13,244778
14443,0.000188,172.31.36.0-255,66,31707,13,244778
14444,0.000342,74.125.130.0-255,1484,33191,13,244778
14445,0.000347,172.31.36.0-255,66,33257,13,244778
14446,0.000361,74.125.130.0-255,1484,34741,13,244778
14447,0.000363,172.31.36.0-255,66,34807,13,244778
14448,0.000385,74.125.130.0-255,1484,36291,13,244778
14449,0.000387,172.31.36.0-255,66,36357,13,244778
14450,0.000396,74.125.130.0-255,5738,42095,13,244778
14451,0.000399,172.31.36.0-255,66,42161,13,244778
14452,0.000405,74.125.130.0-255,5738,47899,13,244778
14453,0.000407,172.31.36.0-255,66,47965,13,244778
14454,0.000412,74.125.130.0-255,2902,50867,13,244778
14455,0.000414,172.31.36.0-255,66,50933,13,244778
14456,0.000436,74.125.130.0-255,4320,55253,13,244778
14457,0.000439,172.31.36.0-255,66,55319,13,244778
14458,0.00046,74.125.130.0-255,10692,66011,13,244778
14459,0.000463,172.31.36.0-255,66,66077,13,244778
14460,0.000478,74.125.130.0-255,342,66419,13,244778
14461,0.000931,74.125.130.0-255,119,66538,13,244778
14462,0.001121,172.31.36.0-255,66,66604,13,244778
14463,0.001163,74.125.130.0-255,1484,68088,13,244778
14464,0.001191,74.125.130.0-255,2902,70990,13,244778
14465,0.001194,172.31.36.0-255,66,71056,13,244778
14466,0.001199,74.125.130.0-255,2902,73958,13,244778
14467,0.001201,172.31.36.0-255,66,74024,13,244778
14468,0.001213,74.125.130.0-255,1484,75508,13,244778
14469,0.001241,74.125.130.0-255,5738,81246,13,244778
14470,0.001243,172.31.36.0-255,66,81312,13,244778
14471,0.001258,74.125.130.0-255,4320,85632,13,244778
14472,0.00126,172.31.36.0-255,66,85698,13,244778
14473,0.001299,74.125.130.0-255,2902,88600,13,244778
14474,0.001302,172.31.36.0-255,66,88666,13,244778
14475,0.001321,74.125.130.0-255,2902,91568,13,244778
14476,0.001323,172.31.36.0-255,66,91634,13,244778
14477,0.001328,74.125.130.0-255,4320,95954,13,244778
14478,0.00133,172.31.36.0-255,66,96020,13,244778
14479,0.001337,74.125.130.0-255,5020,101040,13,244778
14480,0.001339,172.31.36.0-255,66,101106,13,244778
14481,0.001484,74.125.130.0-255,1484,102590,13,244778
14482,0.001489,74.125.130.0-255,2902,105492,13,244778
14483,0.001493,172.31.36.0-255,66,105558,13,244778
14484,0.001513,74.125.130.0-255,2902,108460,13,244778
14485,0.001515,172.31.36.0-255,66,108526,13,244778
14486,0.00152,74.125.130.0-255,2902,111428,13,244778
14487,0.001522,172.31.36.0-255,66,111494,13,244778
14488,0.001534,74.125.130.0-255,1484,112978,13,244778
14489,0.001546,74.125.130.0-255,2902,115880,13,244778
14490,0.001548,172.31.36.0-255,66,115946,13,244778
14491,0.001562,74.125.130.0-255,5738,121684,13,244778
14492,0.001564,172.31.36.0-255,66,121750,13,244778
14493,0.001569,74.125.130.0-255,2902,124652,13,244778
14494,0.001571,172.31.36.0-255,66,124718,13,244778
14495,0.001617,74.125.130.0-255,4320,129038,13,244778
14496,0.00162,172.31.36.0-255,66,129104,13,244778
14497,0.001642,74.125.130.0-255,6438,135542,13,244778
14498,0.001644,172.31.36.0-255,66,135608,13,244778
14499,0.001783,74.125.130.0-255,1484,137092,13,244778
14500,0.001802,74.125.130.0-255,2902,139994,13,244778
14501,0.001805,172.31.36.0-255,66,140060,13,244778
14502,0.001808,74.125.130.0-255,1484,141544,13,244778
14503,0.001825,74.125.130.0-255,2902,144446,13,244778
14504,0.001829,172.31.36.0-255,66,144512,13,244778
14505,0.00185,74.125.130.0-255,5738,150250,13,244778
14506,0.001852,172.31.36.0-255,66,150316,13,244778
14507,0.001855,74.125.130.0-255,1484,151800,13,244778
14508,0.001875,74.125.130.0-255,4320,156120,13,244778
14509,0.001878,172.31.36.0-255,66,156186,13,244778
14510,0.001881,74.125.130.0-255,1484,157670,13,244778
14511,0.001901,74.125.130.0-255,5738,163408,13,244778
14512,0.001904,172.31.36.0-255,66,163474,13,244778
14513,0.001907,74.125.130.0-255,1484,164958,13,244778
14514,0.001934,74.125.130.0-255,5020,169978,13,244778
14515,0.001937,172.31.36.0-255,66,170044,13,244778
14516,0.002211,74.125.130.0-255,1484,171528,13,244778
14517,0.00223,74.125.130.0-255,2902,174430,13,244778
14518,0.002233,172.31.36.0-255,66,174496,13,244778
14519,0.002259,74.125.130.0-255,5738,180234,13,244778
14520,0.002261,172.31.36.0-255,66,180300,13,244778
14521,0.002265,74.125.130.0-255,1484,181784,13,244778
14522,0.002287,74.125.130.0-255,7156,188940,13,244778
14523,0.002291,172.31.36.0-255,66,189006,13,244778
14524,0.002301,74.125.130.0-255,9992,198998,13,244778
14525,0.002303,172.31.36.0-255,66,199064,13,244778
14526,0.00233,74.125.130.0-255,5020,204084,13,244778
14527,0.002333,172.31.36.0-255,66,204150,13,244778
14528,0.004628,74.125.130.0-255,5738,209888,13,244778
14529,0.004635,172.31.36.0-255,66,209954,13,244778
14530,0.006946,74.125.130.0-255,5738,215692,13,244778
14531,0.006953,172.31.36.0-255,66,215758,13,244778
14532,0.009267,74.125.130.0-255,5738,221496,13,244778
14533,0.009273,172.31.36.0-255,66,221562,13,244778
14534,0.011574,74.125.130.0-255,5738,227300,13,244778
14535,0.011582,172.31.36.0-255,66,227366,13,244778
14536,0.013895,74.125.130.0-255,5738,233104,13,244778
14537,0.013905,172.31.36.0-255,66,233170,13,244778
14538,0.016229,74.125.130.0-255,5738,238908,13,244778
14539,0.016241,172.31.36.0-255,66,238974,13,244778
14540,0.018568,74.125.130.0-255,5738,244712,13,244778
14541,0.018576,172.31.36.0-255,66,244778,13,244778
14542,0.0,172.217.194.0-255,150,150,13,253720
14543,1.8e-05,172.31.36.0-255,66,216,13,253720
14544,2.6e-05,172.217.194.0-255,1484,1700,13,253720
14545,3.1e-05,172.31.36.0-255,66,1766,13,253720
14546,3.7e-05,172.217.194.0-255,2902,4668,13,253720
14547,4.8e-05,172.31.36.0-255,66,4734,13,253720
14548,5.7e-05,172.217.194.0-255,7156,11890,13,253720
14549,6e-05,172.31.36.0-255,66,11956,13,253720
14550,0.000101,172.217.194.0-255,10549,22505,13,253720
14551,0.000104,172.31.36.0-255,66,22571,13,253720
14552,0.000111,172.217.194.0-255,5738,28309,13,253720
14553,0.000114,172.31.36.0-255,66,28375,13,253720
14554,0.000143,172.217.194.0-255,2543,30918,13,253720
14555,0.000146,172.31.36.0-255,66,30984,13,253720
14556,0.000171,172.217.194.0-255,1484,32468,13,253720
14557,0.000174,172.31.36.0-255,66,32534,13,253720
14558,0.000179,172.217.194.0-255,2902,35436,13,253720
14559,0.000182,172.31.36.0-255,66,35502,13,253720
14560,0.000195,172.217.194.0-255,5738,41240,13,253720
14561,0.000198,172.31.36.0-255,66,41306,13,253720
14562,0.000257,172.31.36.0-255,66,41372,13,253720
14563,0.000267,172.217.194.0-255,10692,52064,13,253720
14564,0.000274,172.31.36.0-255,66,52130,13,253720
14565,0.000276,172.217.194.0-255,390,52520,13,253720
14566,0.000278,172.31.36.0-255,66,52586,13,253720
14567,0.000333,172.217.194.0-255,1484,54070,13,253720
14568,0.000336,172.31.36.0-255,66,54136,13,253720
14569,0.000364,172.217.194.0-255,2902,57038,13,253720
14570,0.000366,172.31.36.0-255,66,57104,13,253720
14571,0.000373,172.217.194.0-255,5738,62842,13,253720
14572,0.000375,172.31.36.0-255,66,62908,13,253720
14573,0.000378,172.217.194.0-255,1484,64392,13,253720
14574,0.000416,172.217.194.0-255,9992,74384,13,253720
14575,0.000419,172.31.36.0-255,66,74450,13,253720
14576,0.000437,172.31.36.0-255,66,74516,13,253720
14577,0.000857,172.217.194.0-255,1484,76000,13,253720
14578,0.000864,172.217.194.0-255,2902,78902,13,253720
14579,0.000868,172.31.36.0-255,66,78968,13,253720
14580,0.000875,172.217.194.0-255,5738,84706,13,253720
14581,0.000877,172.31.36.0-255,66,84772,13,253720
14582,0.000926,172.217.194.0-255,8574,93346,13,253720
14583,0.000929,172.31.36.0-255,66,93412,13,253720
14584,0.000957,172.217.194.0-255,4320,97732,13,253720
14585,0.000961,172.31.36.0-255,66,97798,13,253720
14586,0.001001,172.217.194.0-255,10692,108490,13,253720
14587,0.001005,172.31.36.0-255,66,108556,13,253720
14588,0.001183,172.217.194.0-255,1484,110040,13,253720
14589,0.00119,172.217.194.0-255,2902,112942,13,253720
14590,0.001194,172.31.36.0-255,66,113008,13,253720
14591,0.001202,172.217.194.0-255,5738,118746,13,253720
14592,0.001204,172.31.36.0-255,66,118812,13,253720
14593,0.001213,172.217.194.0-255,1484,120296,13,253720
14594,0.001245,172.31.36.0-255,66,120362,13,253720
14595,0.001248,172.217.194.0-255,1484,121846,13,253720
14596,0.001278,172.217.194.0-255,7156,129002,13,253720
14597,0.001281,172.31.36.0-255,66,129068,13,253720
14598,0.001304,172.217.194.0-255,2184,131252,13,253720
14599,0.001307,172.31.36.0-255,66,131318,13,253720
14600,0.001599,172.217.194.0-255,1484,132802,13,253720
14601,0.001606,172.217.194.0-255,2902,135704,13,253720
14602,0.001609,172.31.36.0-255,66,135770,13,253720
14603,0.001614,172.217.194.0-255,2902,138672,13,253720
14604,0.001616,172.31.36.0-255,66,138738,13,253720
14605,0.001648,172.217.194.0-255,2902,141640,13,253720
14606,0.001651,172.31.36.0-255,66,141706,13,253720
14607,0.001664,172.31.36.0-255,66,141772,13,253720
14608,0.001678,172.217.194.0-255,8574,150346,13,253720
14609,0.00168,172.31.36.0-255,66,150412,13,253720
14610,0.001713,172.217.194.0-255,2184,152596,13,253720
14611,0.001715,172.31.36.0-255,66,152662,13,253720
14612,0.001892,172.217.194.0-255,1484,154146,13,253720
14613,0.00191,172.217.194.0-255,2902,157048,13,253720
14614,0.001914,172.31.36.0-255,66,157114,13,253720
14615,0.001921,172.217.194.0-255,5738,162852,13,253720
14616,0.001923,172.31.36.0-255,66,162918,13,253720
14617,0.001941,172.31.36.0-255,66,162984,13,253720
14618,0.002001,172.217.194.0-255,10692,173676,13,253720
14619,0.002004,172.31.36.0-255,66,173742,13,253720
14620,0.002041,172.217.194.0-255,1484,175226,13,253720
14621,0.002045,172.217.194.0-255,1484,176710,13,253720
14622,0.002048,172.31.36.0-255,66,176776,13,253720
14623,0.002074,172.217.194.0-255,1484,178260,13,253720
14624,0.00208,172.217.194.0-255,5738,183998,13,253720
14625,0.002083,172.31.36.0-255,66,184064,13,253720
14626,0.002125,172.31.36.0-255,66,184130,13,253720
14627,0.002136,172.217.194.0-255,10692,194822,13,253720
14628,0.002139,172.31.36.0-255,66,194888,13,253720
14629,0.002193,172.217.194.0-255,1484,196372,13,253720
14630,0.002197,172.217.194.0-255,1484,197856,13,253720
14631,0.002199,172.31.36.0-255,66,197922,13,253720
14632,0.002223,172.217.194.0-255,1484,199406,13,253720
14633,0.00223,172.217.194.0-255,4320,203726,13,253720
14634,0.002233,172.31.36.0-255,66,203792,13,253720
14635,0.002243,172.217.194.0-255,8574,212366,13,253720
14636,0.00225,172.31.36.0-255,66,212432,13,253720
14637,0.004458,172.217.194.0-255,2902,215334,13,253720
14638,0.004466,172.31.36.0-255,66,215400,13,253720
14639,0.0045,172.217.194.0-255,2902,218302,13,253720
14640,0.004503,172.31.36.0-255,66,218368,13,253720
14641,0.006692,172.217.194.0-255,2902,221270,13,253720
14642,0.006696,172.31.36.0-255,66,221336,13,253720
14643,0.006768,172.217.194.0-255,2902,224238,13,253720
14644,0.006772,172.31.36.0-255,66,224304,13,253720
14645,0.008935,172.217.194.0-255,2902,227206,13,253720
14646,0.008943,172.31.36.0-255,66,227272,13,253720
14647,0.009001,172.217.194.0-255,2902,230174,13,253720
14648,0.009005,172.31.36.0-255,66,230240,13,253720
14649,0.011187,172.217.194.0-255,2902,233142,13,253720
14650,0.011195,172.31.36.0-255,66,233208,13,253720
14651,0.011228,172.217.194.0-255,2902,236110,13,253720
14652,0.011231,172.31.36.0-255,66,236176,13,253720
14653,0.013412,172.217.194.0-255,2902,239078,13,253720
14654,0.01342,172.31.36.0-255,66,239144,13,253720
14655,0.013461,172.217.194.0-255,2902,242046,13,253720
14656,0.013464,172.31.36.0-255,66,242112,13,253720
14657,0.015713,172.217.194.0-255,5738,247850,13,253720
14658,0.015721,172.31.36.0-255,66,247916,13,253720
14659,0.017965,172.217.194.0-255,5738,253654,13,253720
14660,0.017976,172.31.36.0-255,66,253720,13,253720
14661,0.0,172.217.194.0-255,153,153,13,236603
14662,3.8e-05,172.31.36.0-255,66,219,13,236603
14663,4.6e-05,172.217.194.0-255,1484,1703,13,236603
14664,5e-05,172.31.36.0-255,66,1769,13,236603
14665,5.6e-05,172.217.194.0-255,2902,4671,13,236603
14666,5.9e-05,172.31.36.0-255,66,4737,13,236603
14667,6.6e-05,172.217.194.0-255,7156,11893,13,236603
14668,6.9e-05,172.31.36.0-255,66,11959,13,236603
14669,7.3e-05,172.217.194.0-255,2088,14047,13,236603
14670,7.5e-05,172.31.36.0-255,66,14113,13,236603
14671,0.000261,172.217.194.0-255,1484,15597,13,236603
14672,0.000267,172.31.36.0-255,66,15663,13,236603
14673,0.000273,172.217.194.0-255,2902,18565,13,236603
14674,0.000276,172.31.36.0-255,66,18631,13,236603
14675,0.00029,172.217.194.0-255,1484,20115,13,236603
14676,0.000292,172.31.36.0-255,66,20181,13,236603
14677,0.00032,172.217.194.0-255,4320,24501,13,236603
14678,0.000324,172.31.36.0-255,66,24567,13,236603
14679,0.000329,172.217.194.0-255,4320,28887,13,236603
14680,0.000334,172.31.36.0-255,66,28953,13,236603
14681,0.000359,172.217.194.0-255,7156,36109,13,236603
14682,0.000363,172.31.36.0-255,66,36175,13,236603
14683,0.000387,172.217.194.0-255,5379,41554,13,236603
14684,0.000391,172.31.36.0-255,66,41620,13,236603
14685,0.000401,172.217.194.0-255,9992,51612,13,236603
14686,0.000404,172.31.36.0-255,66,51678,13,236603
14687,0.000442,172.31.36.0-255,66,51744,13,236603
14688,0.000469,172.217.194.0-255,380,52124,13,236603
14689,0.000472,172.31.36.0-255,66,52190,13,236603
14690,0.000877,172.217.194.0-255,1484,53674,13,236603
14691,0.000882,172.31.36.0-255,66,53740,13,236603
14692,0.000888,172.217.194.0-255,2902,56642,13,236603
14693,0.00089,172.31.36.0-255,66,56708,13,236603
14694,0.000896,172.217.194.0-255,5738,62446,13,236603
14695,0.000898,172.31.36.0-255,66,62512,13,236603
14696,0.000933,172.31.36.0-255,66,62578,13,236603
14697,0.000934,172.217.194.0-255,4320,66898,13,236603
14698,0.000937,172.31.36.0-255,66,66964,13,236603
14699,0.000961,172.217.194.0-255,5738,72702,13,236603
14700,0.000964,172.31.36.0-255,66,72768,13,236603
14701,0.000968,172.217.194.0-255,766,73534,13,236603
14702,0.001124,172.217.194.0-255,1484,75018,13,236603
14703,0.001128,172.31.36.0-255,66,75084,13,236603
14704,0.001134,172.217.194.0-255,2902,77986,13,236603
14705,0.001136,172.31.36.0-255,66,78052,13,236603
14706,0.001141,172.217.194.0-255,2902,80954,13,236603
14707,0.001143,172.31.36.0-255,66,81020,13,236603
14708,0.00117,172.217.194.0-255,2902,83922,13,236603
14709,0.001173,172.31.36.0-255,66,83988,13,236603
14710,0.001186,172.31.36.0-255,66,84054,13,236603
14711,0.001219,172.217.194.0-255,10692,94746,13,236603
14712,0.001223,172.31.36.0-255,66,94812,13,236603
14713,0.001429,172.217.194.0-255,1484,96296,13,236603
14714,0.001435,172.217.194.0-255,2902,99198,13,236603
14715,0.001438,172.31.36.0-255,66,99264,13,236603
14716,0.001455,172.217.194.0-255,5738,105002,13,236603
14717,0.001459,172.31.36.0-255,66,105068,13,236603
14718,0.001495,172.31.36.0-255,66,105134,13,236603
14719,0.001502,172.217.194.0-255,5738,110872,13,236603
14720,0.001505,172.31.36.0-255,66,110938,13,236603
14721,0.00153,172.217.194.0-255,5020,115958,13,236603
14722,0.001533,172.31.36.0-255,66,116024,13,236603
14723,0.00165,172.217.194.0-255,1484,117508,13,236603
14724,0.001709,172.217.194.0-255,2902,120410,13,236603
14725,0.001713,172.31.36.0-255,66,120476,13,236603
14726,0.00172,172.217.194.0-255,5738,126214,13,236603
14727,0.001723,172.31.36.0-255,66,126280,13,236603
14728,0.001737,172.31.36.0-255,66,126346,13,236603
14729,0.00177,172.31.36.0-255,66,126412,13,236603
14730,0.001904,172.217.194.0-255,1484,127896,13,236603
14731,0.001919,172.217.194.0-255,2902,130798,13,236603
14732,0.001923,172.31.36.0-255,66,130864,13,236603
14733,0.001948,172.217.194.0-255,5738,136602,13,236603
14734,0.001952,172.31.36.0-255,66,136668,13,236603
14735,0.00196,172.217.194.0-255,8574,145242,13,236603
14736,0.001963,172.31.36.0-255,66,145308,13,236603
14737,0.001978,172.217.194.0-255,2902,148210,13,236603
14738,0.001982,172.31.36.0-255,66,148276,13,236603
14739,0.001999,172.217.194.0-255,2902,151178,13,236603
14740,0.002001,172.31.36.0-255,66,151244,13,236603
14741,0.00203,172.217.194.0-255,9274,160518,13,236603
14742,0.002034,172.31.36.0-255,66,160584,13,236603
14743,0.002152,172.217.194.0-255,1484,162068,13,236603
14744,0.002167,172.217.194.0-255,2902,164970,13,236603
14745,0.002169,172.217.194.0-255,1484,166454,13,236603
14746,0.002171,172.31.36.0-255,66,166520,13,236603
14747,0.002192,172.217.194.0-255,4320,170840,13,236603
14748,0.002195,172.31.36.0-255,66,170906,13,236603
14749,0.002208,172.217.194.0-255,1484,172390,13,236603
14750,0.002237,172.217.194.0-255,8574,180964,13,236603
14751,0.002241,172.31.36.0-255,66,181030,13,236603
14752,0.002253,172.217.194.0-255,1484,182514,13,236603
14753,0.002254,172.31.36.0-255,66,182580,13,236603
14754,0.002282,172.31.36.0-255,66,182646,13,236603
14755,0.002291,172.217.194.0-255,8574,191220,13,236603
14756,0.002295,172.31.36.0-255,66,191286,13,236603
14757,0.00232,172.217.194.0-255,5738,197024,13,236603
14758,0.002344,172.31.36.0-255,66,197090,13,236603
14759,0.002363,172.31.36.0-255,66,197156,13,236603
14760,0.002381,172.31.36.0-255,66,197222,13,236603
14761,0.002395,172.31.36.0-255,66,197288,13,236603
14762,0.002404,172.217.194.0-255,8574,205862,13,236603
14763,0.002408,172.31.36.0-255,66,205928,13,236603
14764,0.002436,172.217.194.0-255,7156,213084,13,236603
14765,0.00244,172.31.36.0-255,66,213150,13,236603
14766,0.002448,172.217.194.0-255,9992,223142,13,236603
14767,0.002451,172.31.36.0-255,66,223208,13,236603
14768,0.004833,172.217.194.0-255,5738,228946,13,236603
14769,0.004849,172.31.36.0-255,66,229012,13,236603
14770,0.00723,172.217.194.0-255,5738,234750,13,236603
14771,0.00724,172.31.36.0-255,66,234816,13,236603
14772,0.009624,172.217.194.0-255,1550,236366,13,236603
14773,0.009632,172.31.36.0-255,66,236432,13,236603
14774,0.010624,172.31.36.0-255,105,236537,13,236603
14775,0.01299,172.217.194.0-255,66,236603,13,236603
14776,0.0,74.125.68.0-255,146,146,13,385812
14777,3.2e-05,172.31.36.0-255,66,212,13,385812
14778,3.9e-05,74.125.68.0-255,1484,1696,13,385812
14779,4.3e-05,172.31.36.0-255,66,1762,13,385812
14780,4.6e-05,74.125.68.0-255,1484,3246,13,385812
14781,4.8e-05,172.31.36.0-255,66,3312,13,385812
14782,5.4e-05,74.125.68.0-255,2902,6214,13,385812
14783,5.6e-05,172.31.36.0-255,66,6280,13,385812
14784,6.2e-05,74.125.68.0-255,4320,10600,13,385812
14785,6.4e-05,172.31.36.0-255,66,10666,13,385812
14786,8.9e-05,74.125.68.0-255,1484,12150,13,385812
14787,9.1e-05,172.31.36.0-255,66,12216,13,385812
14788,9.5e-05,74.125.68.0-255,1964,14180,13,385812
14789,9.7e-05,172.31.36.0-255,66,14246,13,385812
14790,0.000159,74.125.68.0-255,1484,15730,13,385812
14791,0.000163,172.31.36.0-255,66,15796,13,385812
14792,0.000168,74.125.68.0-255,2902,18698,13,385812
14793,0.00017,172.31.36.0-255,66,18764,13,385812
14794,0.000219,74.125.68.0-255,5738,24502,13,385812
14795,0.000222,172.31.36.0-255,66,24568,13,385812
14796,0.000227,74.125.68.0-255,2902,27470,13,385812
14797,0.000229,172.31.36.0-255,66,27536,13,385812
14798,0.000244,74.125.68.0-255,3961,31497,13,385812
14799,0.000246,172.31.36.0-255,66,31563,13,385812
14800,0.00025,74.125.68.0-255,1484,33047,13,385812
14801,0.000252,172.31.36.0-255,66,33113,13,385812
14802,0.000275,74.125.68.0-255,2902,36015,13,385812
14803,0.000277,172.31.36.0-255,66,36081,13,385812
14804,0.000281,74.125.68.0-255,2902,38983,13,385812
14805,0.000283,172.31.36.0-255,66,39049,13,385812
14806,0.0003,74.125.68.0-255,2902,41951,13,385812
14807,0.000303,172.31.36.0-255,66,42017,13,385812
14808,0.000306,74.125.68.0-255,2902,44919,13,385812
14809,0.000309,172.31.36.0-255,66,44985,13,385812
14810,0.000333,74.125.68.0-255,1484,46469,13,385812
14811,0.000356,74.125.68.0-255,2543,49012,13,385812
14812,0.000359,172.31.36.0-255,66,49078,13,385812
14813,0.000396,74.125.68.0-255,4320,53398,13,385812
14814,0.0004,172.31.36.0-255,66,53464,13,385812
14815,0.000407,74.125.68.0-255,4320,57784,13,385812
14816,0.000409,172.31.36.0-255,66,57850,13,385812
14817,0.000416,74.125.68.0-255,5738,63588,13,385812
14818,0.000421,172.31.36.0-255,66,63654,13,385812
14819,0.000446,74.125.68.0-255,2543,66197,13,385812
14820,0.00045,172.31.36.0-255,66,66263,13,385812
14821,0.000473,74.125.68.0-255,415,66678,13,385812
14822,0.000555,74.125.68.0-255,1484,68162,13,385812
14823,0.000559,172.31.36.0-255,66,68228,13,385812
14824,0.000571,74.125.68.0-255,2902,71130,13,385812
14825,0.000574,172.31.36.0-255,66,71196,13,385812
14826,0.000588,74.125.68.0-255,2902,74098,13,385812
14827,0.000591,172.31.36.0-255,66,74164,13,385812
14828,0.000617,74.125.68.0-255,2902,77066,13,385812
14829,0.00062,172.31.36.0-255,66,77132,13,385812
14830,0.000625,74.125.68.0-255,2902,80034,13,385812
14831,0.000627,172.31.36.0-255,66,80100,13,385812
14832,0.000633,74.125.68.0-255,3961,84061,13,385812
14833,0.000635,172.31.36.0-255,66,84127,13,385812
14834,0.000638,74.125.68.0-255,329,84456,13,385812
14835,0.000686,74.125.68.0-255,1484,85940,13,385812
14836,0.000689,172.31.36.0-255,66,86006,13,385812
14837,0.000701,74.125.68.0-255,1484,87490,13,385812
14838,0.000706,74.125.68.0-255,2902,90392,13,385812
14839,0.000709,172.31.36.0-255,66,90458,13,385812
14840,0.000721,74.125.68.0-255,4320,94778,13,385812
14841,0.000724,172.31.36.0-255,66,94844,13,385812
14842,0.000746,74.125.68.0-255,1484,96328,13,385812
14843,0.000752,74.125.68.0-255,5379,101707,13,385812
14844,0.000755,172.31.36.0-255,66,101773,13,385812
14845,0.001003,74.125.68.0-255,1484,103257,13,385812
14846,0.001017,74.125.68.0-255,2902,106159,13,385812
14847,0.00102,172.31.36.0-255,66,106225,13,385812
14848,0.001045,74.125.68.0-255,5738,111963,13,385812
14849,0.001048,172.31.36.0-255,66,112029,13,385812
14850,0.001068,74.125.68.0-255,7156,119185,13,385812
14851,0.001071,172.31.36.0-255,66,119251,13,385812
14852,0.001074,74.125.68.0-255,1484,120735,13,385812
14853,0.001096,74.125.68.0-255,7156,127891,13,385812
14854,0.001099,172.31.36.0-255,66,127957,13,385812
14855,0.001132,74.125.68.0-255,5738,133695,13,385812
14856,0.001136,172.31.36.0-255,66,133761,13,385812
14857,0.001152,74.125.68.0-255,2184,135945,13,385812
14858,0.001155,172.31.36.0-255,66,136011,13,385812
14859,0.001282,74.125.68.0-255,1484,137495,13,385812
14860,0.001294,74.125.68.0-255,1484,138979,13,385812
14861,0.001298,172.31.36.0-255,66,139045,13,385812
14862,0.001317,74.125.68.0-255,1484,140529,13,385812
14863,0.001321,74.125.68.0-255,1484,142013,13,385812
14864,0.001323,172.31.36.0-255,66,142079,13,385812
14865,0.001328,74.125.68.0-255,2902,144981,13,385812
14866,0.001331,172.31.36.0-255,66,145047,13,385812
14867,0.001354,74.125.68.0-255,5738,150785,13,385812
14868,0.001357,172.31.36.0-255,66,150851,13,385812
14869,0.001383,74.125.68.0-255,2902,153753,13,385812
14870,0.001386,172.31.36.0-255,66,153819,13,385812
14871,0.001412,74.125.68.0-255,9992,163811,13,385812
14872,0.001415,172.31.36.0-255,66,163877,13,385812
14873,0.001429,74.125.68.0-255,4320,168197,13,385812
14874,0.001433,172.31.36.0-255,66,168263,13,385812
14875,0.001441,74.125.68.0-255,2184,170447,13,385812
14876,0.001444,172.31.36.0-255,66,170513,13,385812
14877,0.001458,74.125.68.0-255,1484,171997,13,385812
14878,0.00147,74.125.68.0-255,1484,173481,13,385812
14879,0.001473,172.31.36.0-255,66,173547,13,385812
14880,0.00149,74.125.68.0-255,1484,175031,13,385812
14881,0.001509,74.125.68.0-255,2902,177933,13,385812
14882,0.001512,172.31.36.0-255,66,177999,13,385812
14883,0.001529,74.125.68.0-255,5738,183737,13,385812
14884,0.001532,172.31.36.0-255,66,183803,13,385812
14885,0.001556,74.125.68.0-255,7156,190959,13,385812
14886,0.001559,172.31.36.0-255,66,191025,13,385812
14887,0.001584,74.125.68.0-255,4320,195345,13,385812
14888,0.001586,172.31.36.0-255,66,195411,13,385812
14889,0.001606,74.125.68.0-255,2902,198313,13,385812
14890,0.001609,172.31.36.0-255,66,198379,13,385812
14891,0.001627,74.125.68.0-255,2902,201281,13,385812
14892,0.00163,172.31.36.0-255,66,201347,13,385812
14893,0.001648,74.125.68.0-255,3602,204949,13,385812
14894,0.001651,172.31.36.0-255,66,205015,13,385812
14895,0.002019,74.125.68.0-255,1484,206499,13,385812
14896,0.002038,74.125.68.0-255,2902,209401,13,385812
14897,0.002042,172.31.36.0-255,66,209467,13,385812
14898,0.002047,74.125.68.0-255,4320,213787,13,385812
14899,0.002049,172.31.36.0-255,66,213853,13,385812
14900,0.002061,74.125.68.0-255,1484,215337,13,385812
14901,0.002065,74.125.68.0-255,2902,218239,13,385812
14902,0.002067,172.31.36.0-255,66,218305,13,385812
14903,0.002093,74.125.68.0-255,5738,224043,13,385812
14904,0.002096,172.31.36.0-255,66,224109,13,385812
14905,0.002122,74.125.68.0-255,4320,228429,13,385812
14906,0.002125,172.31.36.0-255,66,228495,13,385812
14907,0.002135,74.125.68.0-255,9992,238487,13,385812
14908,0.002137,172.31.36.0-255,66,238553,13,385812
14909,0.002155,74.125.68.0-255,766,239319,13,385812
14910,0.00218,74.125.68.0-255,1484,240803,13,385812
14911,0.002183,172.31.36.0-255,66,240869,13,385812
14912,0.002189,74.125.68.0-255,2902,243771,13,385812
14913,0.002191,172.31.36.0-255,66,243837,13,385812
14914,0.002215,74.125.68.0-255,1484,245321,13,385812
14915,0.00222,74.125.68.0-255,2902,248223,13,385812
14916,0.002223,172.31.36.0-255,66,248289,13,385812
14917,0.002232,74.125.68.0-255,4320,252609,13,385812
14918,0.002235,172.31.36.0-255,66,252675,13,385812
14919,0.00224,74.125.68.0-255,4320,256995,13,385812
14920,0.002242,172.31.36.0-255,66,257061,13,385812
14921,0.002273,74.125.68.0-255,4320,261381,13,385812
14922,0.002277,172.31.36.0-255,66,261447,13,385812
14923,0.002283,74.125.68.0-255,5738,267185,13,385812
14924,0.002285,172.31.36.0-255,66,267251,13,385812
14925,0.002291,74.125.68.0-255,6438,273689,13,385812
14926,0.002294,172.31.36.0-255,66,273755,13,385812
14927,0.002823,74.125.68.0-255,1484,275239,13,385812
14928,0.002829,74.125.68.0-255,1484,276723,13,385812
14929,0.002833,172.31.36.0-255,66,276789,13,385812
14930,0.002851,74.125.68.0-255,1484,278273,13,385812
14931,0.002855,74.125.68.0-255,2902,281175,13,385812
14932,0.002858,172.31.36.0-255,66,281241,13,385812
14933,0.002861,74.125.68.0-255,1484,282725,13,385812
14934,0.002874,74.125.68.0-255,1484,284209,13,385812
14935,0.002877,172.31.36.0-255,66,284275,13,385812
14936,0.002894,74.125.68.0-255,1484,285759,13,385812
14937,0.002897,74.125.68.0-255,1484,287243,13,385812
14938,0.002899,172.31.36.0-255,66,287309,13,385812
14939,0.002919,74.125.68.0-255,7156,294465,13,385812
14940,0.002921,172.31.36.0-255,66,294531,13,385812
14941,0.002934,74.125.68.0-255,2902,297433,13,385812
14942,0.002936,172.31.36.0-255,66,297499,13,385812
14943,0.002942,74.125.68.0-255,5738,303237,13,385812
14944,0.002944,172.31.36.0-255,66,303303,13,385812
14945,0.002948,74.125.68.0-255,4320,307623,13,385812
14946,0.00295,172.31.36.0-255,66,307689,13,385812
14947,0.002953,74.125.68.0-255,766,308455,13,385812
14948,0.003191,74.125.68.0-255,1484,309939,13,385812
14949,0.003193,172.31.36.0-255,66,310005,13,385812
14950,0.003209,74.125.68.0-255,1484,311489,13,385812
14951,0.003212,74.125.68.0-255,1484,312973,13,385812
14952,0.003214,172.31.36.0-255,66,313039,13,385812
14953,0.003236,74.125.68.0-255,1484,314523,13,385812
14954,0.00324,74.125.68.0-255,4320,318843,13,385812
14955,0.003242,172.31.36.0-255,66,318909,13,385812
14956,0.003245,74.125.68.0-255,1484,320393,13,385812
14957,0.003265,74.125.68.0-255,7156,327549,13,385812
14958,0.003267,172.31.36.0-255,66,327615,13,385812
14959,0.00327,74.125.68.0-255,1484,329099,13,385812
14960,0.003274,74.125.68.0-255,2902,332001,13,385812
14961,0.003276,172.31.36.0-255,66,332067,13,385812
14962,0.003278,74.125.68.0-255,1484,333551,13,385812
14963,0.003299,74.125.68.0-255,4320,337871,13,385812
14964,0.003301,172.31.36.0-255,66,337937,13,385812
14965,0.003304,74.125.68.0-255,1484,339421,13,385812
14966,0.00332,74.125.68.0-255,3602,343023,13,385812
14967,0.003323,172.31.36.0-255,66,343089,13,385812
14968,0.003325,74.125.68.0-255,1484,344573,13,385812
14969,0.003342,74.125.68.0-255,2902,347475,13,385812
14970,0.003344,172.31.36.0-255,66,347541,13,385812
14971,0.003347,74.125.68.0-255,1484,349025,13,385812
14972,0.003364,74.125.68.0-255,4320,353345,13,385812
14973,0.003366,172.31.36.0-255,66,353411,13,385812
14974,0.003384,74.125.68.0-255,2902,356313,13,385812
14975,0.003386,172.31.36.0-255,66,356379,13,385812
14976,0.003404,74.125.68.0-255,2902,359281,13,385812
14977,0.003406,172.31.36.0-255,66,359347,13,385812
14978,0.003413,74.125.68.0-255,7156,366503,13,385812
14979,0.003415,172.31.36.0-255,66,366569,13,385812
14980,0.003433,74.125.68.0-255,4320,370889,13,385812
14981,0.003435,172.31.36.0-255,66,370955,13,385812
14982,0.003455,74.125.68.0-255,6438,377393,13,385812
14983,0.003457,172.31.36.0-255,66,377459,13,385812
14984,0.003648,74.125.68.0-255,1484,378943,13,385812
14985,0.003651,74.125.68.0-255,1484,380427,13,385812
14986,0.003652,172.31.36.0-255,66,380493,13,385812
14987,0.003667,74.125.68.0-255,1484,381977,13,385812
14988,0.003669,74.125.68.0-255,1484,383461,13,385812
14989,0.003672,172.31.36.0-255,66,383527,13,385812
14990,0.003692,74.125.68.0-255,1780,385307,13,385812
14991,0.003694,172.31.36.0-255,66,385373,13,385812
14992,0.003697,74.125.68.0-255,97,385470,13,385812
14993,0.003738,74.125.68.0-255,105,385575,13,385812
14994,0.008205,172.31.36.0-255,66,385641,13,385812
14995,0.008233,172.31.36.0-255,105,385746,13,385812
14996,0.01078,74.125.68.0-255,66,385812,13,385812
14997,0.0,74.125.68.0-255,152,152,13,197542
14998,2.3e-05,172.31.36.0-255,66,218,13,197542
14999,3.2e-05,74.125.68.0-255,1484,1702,13,197542
15000,3.7e-05,172.31.36.0-255,66,1768,13,197542
15001,5e-05,74.125.68.0-255,1484,3252,13,197542
15002,5.4e-05,172.31.36.0-255,66,3318,13,197542
15003,6e-05,74.125.68.0-255,2902,6220,13,197542
15004,6.3e-05,172.31.36.0-255,66,6286,13,197542
15005,6.9e-05,74.125.68.0-255,5738,12024,13,197542
15006,7.2e-05,172.31.36.0-255,66,12090,13,197542
15007,8.8e-05,74.125.68.0-255,2076,14166,13,197542
15008,9e-05,172.31.36.0-255,66,14232,13,197542
15009,0.000515,74.125.68.0-255,1484,15716,13,197542
15010,0.000523,172.31.36.0-255,66,15782,13,197542
15011,0.000529,74.125.68.0-255,2902,18684,13,197542
15012,0.000531,172.31.36.0-255,66,18750,13,197542
15013,0.000543,74.125.68.0-255,4320,23070,13,197542
15014,0.000545,172.31.36.0-255,66,23136,13,197542
15015,0.000577,74.125.68.0-255,8215,31351,13,197542
15016,0.000585,172.31.36.0-255,66,31417,13,197542
15017,0.000771,74.125.68.0-255,1484,32901,13,197542
15018,0.000775,172.31.36.0-255,66,32967,13,197542
15019,0.000804,74.125.68.0-255,2902,35869,13,197542
15020,0.000807,172.31.36.0-255,66,35935,13,197542
15021,0.000832,74.125.68.0-255,5738,41673,13,197542
15022,0.000834,172.31.36.0-255,66,41739,13,197542
15023,0.00088,74.125.68.0-255,6797,48536,13,197542
15024,0.000883,172.31.36.0-255,66,48602,13,197542
15025,0.000888,74.125.68.0-255,2902,51504,13,197542
15026,0.00089,172.31.36.0-255,66,51570,13,197542
15027,0.000895,74.125.68.0-255,4320,55890,13,197542
15028,0.000897,172.31.36.0-255,66,55956,13,197542
15029,0.00091,74.125.68.0-255,5738,61694,13,197542
15030,0.000912,172.31.36.0-255,66,61760,13,197542
15031,0.000942,74.125.68.0-255,2902,64662,13,197542
15032,0.000945,172.31.36.0-255,66,64728,13,197542
15033,0.000949,74.125.68.0-255,1125,65853,13,197542
15034,0.001346,74.125.68.0-255,646,66499,13,197542
15035,0.001353,172.31.36.0-255,66,66565,13,197542
15036,0.001453,74.125.68.0-255,1484,68049,13,197542
15037,0.001471,74.125.68.0-255,2902,70951,13,197542
15038,0.001475,172.31.36.0-255,66,71017,13,197542
15039,0.001511,74.125.68.0-255,5738,76755,13,197542
15040,0.001515,172.31.36.0-255,66,76821,13,197542
15041,0.001548,74.125.68.0-255,6797,83618,13,197542
15042,0.001552,74.125.68.0-255,1484,85102,13,197542
15043,0.001566,74.125.68.0-255,7156,92258,13,197542
15044,0.001597,74.125.68.0-255,8215,100473,13,197542
15045,0.001933,74.125.68.0-255,1484,101957,13,197542
15046,0.001937,74.125.68.0-255,2902,104859,13,197542
15047,0.00194,74.125.68.0-255,1484,106343,13,197542
15048,0.001962,74.125.68.0-255,2902,109245,13,197542
15049,0.001965,74.125.68.0-255,1484,110729,13,197542
15050,0.001982,74.125.68.0-255,4320,115049,13,197542
15051,0.001999,74.125.68.0-255,4320,119369,13,197542
15052,0.002024,74.125.68.0-255,5738,125107,13,197542
15053,0.002069,74.125.68.0-255,4320,129427,13,197542
15054,0.002087,74.125.68.0-255,5020,134447,13,197542
15055,0.002412,74.125.68.0-255,1484,135931,13,197542
15056,0.002437,74.125.68.0-255,2902,138833,13,197542
15057,0.002488,74.125.68.0-255,5738,144571,13,197542
15058,0.002493,74.125.68.0-255,4320,148891,13,197542
15059,0.002499,74.125.68.0-255,5738,154629,13,197542
15060,0.00251,74.125.68.0-255,1484,156113,13,197542
15061,0.002534,74.125.68.0-255,9992,166105,13,197542
15062,0.002538,74.125.68.0-255,2184,168289,13,197542
15063,0.006047,172.31.36.0-255,66,168355,13,197542
15064,0.006363,172.31.36.0-255,101,168456,13,197542
15065,0.008577,74.125.68.0-255,5738,174194,13,197542
15066,0.008584,172.31.36.0-255,66,174260,13,197542
15067,0.008831,74.125.68.0-255,66,174326,13,197542
15068,0.011099,74.125.68.0-255,5738,180064,13,197542
15069,0.011105,172.31.36.0-255,66,180130,13,197542
15070,0.013651,74.125.68.0-255,5738,185868,13,197542
15071,0.013662,172.31.36.0-255,66,185934,13,197542
15072,0.016185,74.125.68.0-255,5738,191672,13,197542
15073,0.016194,172.31.36.0-255,66,191738,13,197542
15074,0.018713,74.125.68.0-255,5738,197476,13,197542
15075,0.018722,172.31.36.0-255,66,197542,13,197542
15076,0.0,172.217.194.0-255,151,151,13,142054
15077,3e-05,172.31.36.0-255,66,217,13,142054
15078,3.7e-05,172.217.194.0-255,1484,1701,13,142054
15079,4.1e-05,172.31.36.0-255,66,1767,13,142054
15080,4.6e-05,172.217.194.0-255,2902,4669,13,142054
15081,4.9e-05,172.31.36.0-255,66,4735,13,142054
15082,5.5e-05,172.217.194.0-255,4320,9055,13,142054
15083,5.7e-05,172.31.36.0-255,66,9121,13,142054
15084,6.2e-05,172.217.194.0-255,4320,13441,13,142054
15085,6.4e-05,172.31.36.0-255,66,13507,13,142054
15086,8.3e-05,172.217.194.0-255,4809,18316,13,142054
15087,8.5e-05,172.31.36.0-255,66,18382,13,142054
15088,9e-05,172.217.194.0-255,2902,21284,13,142054
15089,9.1e-05,172.31.36.0-255,66,21350,13,142054
15090,0.000118,172.217.194.0-255,9992,31342,13,142054
15091,0.000121,172.31.36.0-255,66,31408,13,142054
15092,0.000139,172.217.194.0-255,2902,34310,13,142054
15093,0.000142,172.31.36.0-255,66,34376,13,142054
15094,0.000172,172.31.36.0-255,66,34442,13,142054
15095,0.000199,172.217.194.0-255,2902,37344,13,142054
15096,0.000202,172.31.36.0-255,66,37410,13,142054
15097,0.000228,172.31.36.0-255,66,37476,13,142054
15098,0.000232,172.217.194.0-255,1714,39190,13,142054
15099,0.000235,172.31.36.0-255,66,39256,13,142054
15100,0.000404,172.217.194.0-255,1484,40740,13,142054
15101,0.000408,172.31.36.0-255,66,40806,13,142054
15102,0.000413,172.217.194.0-255,2902,43708,13,142054
15103,0.000416,172.31.36.0-255,66,43774,13,142054
15104,0.000422,172.217.194.0-255,5738,49512,13,142054
15105,0.000424,172.31.36.0-255,66,49578,13,142054
15106,0.000427,172.217.194.0-255,1484,51062,13,142054
15107,0.00046,172.217.194.0-255,9992,61054,13,142054
15108,0.000463,172.31.36.0-255,66,61120,13,142054
15109,0.00051,172.31.36.0-255,66,61186,13,142054
15110,0.000902,172.217.194.0-255,1484,62670,13,142054
15111,0.000908,172.217.194.0-255,2902,65572,13,142054
15112,0.000912,172.31.36.0-255,66,65638,13,142054
15113,0.000919,172.217.194.0-255,5738,71376,13,142054
15114,0.000921,172.31.36.0-255,66,71442,13,142054
15115,0.00095,172.217.194.0-255,5738,77180,13,142054
15116,0.000953,172.31.36.0-255,66,77246,13,142054
15117,0.000976,172.217.194.0-255,2902,80148,13,142054
15118,0.000979,172.31.36.0-255,66,80214,13,142054
15119,0.000988,172.217.194.0-255,9992,90206,13,142054
15120,0.00099,172.31.36.0-255,66,90272,13,142054
15121,0.000994,172.217.194.0-255,2902,93174,13,142054
15122,0.000997,172.31.36.0-255,66,93240,13,142054
15123,0.00101,172.217.194.0-255,2184,95424,13,142054
15124,0.001013,172.31.36.0-255,66,95490,13,142054
15125,0.003114,172.217.194.0-255,5738,101228,13,142054
15126,0.00312,172.31.36.0-255,66,101294,13,142054
15127,0.005218,172.217.194.0-255,5738,107032,13,142054
15128,0.005222,172.31.36.0-255,66,107098,13,142054
15129,0.007348,172.217.194.0-255,5738,112836,13,142054
15130,0.007354,172.31.36.0-255,66,112902,13,142054
15131,0.009498,172.217.194.0-255,5738,118640,13,142054
15132,0.009505,172.31.36.0-255,66,118706,13,142054
15133,0.011597,172.217.194.0-255,5738,124444,13,142054
15134,0.011604,172.31.36.0-255,66,124510,13,142054
15135,0.013703,172.217.194.0-255,2902,127412,13,142054
15136,0.01371,172.31.36.0-255,66,127478,13,142054
15137,0.013733,172.217.194.0-255,2902,130380,13,142054
15138,0.013736,172.31.36.0-255,66,130446,13,142054
15139,0.015853,172.217.194.0-255,5738,136184,13,142054
15140,0.015859,172.31.36.0-255,66,136250,13,142054
15141,0.018001,172.217.194.0-255,5738,141988,13,142054
15142,0.018007,172.31.36.0-255,66,142054,13,142054
15143,0.0,74.125.24.0-255,143,143,13,311640
15144,2.8e-05,172.31.36.0-255,66,209,13,311640
15145,3.4e-05,74.125.24.0-255,1484,1693,13,311640
15146,3.9e-05,172.31.36.0-255,66,1759,13,311640
15147,4.6e-05,74.125.24.0-255,2902,4661,13,311640
15148,4.9e-05,172.31.36.0-255,66,4727,13,311640
15149,5.8e-05,74.125.24.0-255,7156,11883,13,311640
15150,6.1e-05,172.31.36.0-255,66,11949,13,311640
15151,8.3e-05,74.125.24.0-255,2022,13971,13,311640
15152,8.6e-05,172.31.36.0-255,66,14037,13,311640
15153,0.000149,74.125.24.0-255,1484,15521,13,311640
15154,0.000152,172.31.36.0-255,66,15587,13,311640
15155,0.000157,74.125.24.0-255,2902,18489,13,311640
15156,0.00016,172.31.36.0-255,66,18555,13,311640
15157,0.000163,74.125.24.0-255,1484,20039,13,311640
15158,0.000165,172.31.36.0-255,66,20105,13,311640
15159,0.000195,74.125.24.0-255,4320,24425,13,311640
15160,0.000198,172.31.36.0-255,66,24491,13,311640
15161,0.000205,74.125.24.0-255,6797,31288,13,311640
15162,0.000208,172.31.36.0-255,66,31354,13,311640
15163,0.000239,172.31.36.0-255,66,31420,13,311640
15164,0.000258,74.125.24.0-255,1484,32904,13,311640
15165,0.00026,172.31.36.0-255,66,32970,13,311640
15166,0.000277,74.125.24.0-255,3961,36931,13,311640
15167,0.000279,172.31.36.0-255,66,36997,13,311640
15168,0.000302,74.125.24.0-255,4320,41317,13,311640
15169,0.000305,172.31.36.0-255,66,41383,13,311640
15170,0.000349,74.125.24.0-255,9992,51375,13,311640
15171,0.000352,172.31.36.0-255,66,51441,13,311640
15172,0.000376,74.125.24.0-255,2874,54315,13,311640
15173,0.000379,172.31.36.0-255,66,54381,13,311640
15174,0.000396,74.125.24.0-255,113,54494,13,311640
15175,0.000413,74.125.24.0-255,332,54826,13,311640
15176,0.000599,74.125.24.0-255,1484,56310,13,311640
15177,0.000604,172.31.36.0-255,66,56376,13,311640
15178,0.00061,74.125.24.0-255,2902,59278,13,311640
15179,0.000613,172.31.36.0-255,66,59344,13,311640
15180,0.00062,74.125.24.0-255,5738,65082,13,311640
15181,0.000623,172.31.36.0-255,66,65148,13,311640
15182,0.000631,74.125.24.0-255,6797,71945,13,311640
15183,0.000633,172.31.36.0-255,66,72011,13,311640
15184,0.000695,74.125.24.0-255,9992,82003,13,311640
15185,0.000698,172.31.36.0-255,66,82069,13,311640
15186,0.000716,74.125.24.0-255,1484,83553,13,311640
15187,0.000742,74.125.24.0-255,5379,88932,13,311640
15188,0.000745,172.31.36.0-255,66,88998,13,311640
15189,0.001269,74.125.24.0-255,1484,90482,13,311640
15190,0.001276,74.125.24.0-255,2902,93384,13,311640
15191,0.001279,172.31.36.0-255,66,93450,13,311640
15192,0.001283,74.125.24.0-255,1484,94934,13,311640
15193,0.001303,74.125.24.0-255,4320,99254,13,311640
15194,0.001305,172.31.36.0-255,66,99320,13,311640
15195,0.001327,74.125.24.0-255,5738,105058,13,311640
15196,0.00133,172.31.36.0-255,66,105124,13,311640
15197,0.001364,74.125.24.0-255,7156,112280,13,311640
15198,0.001368,172.31.36.0-255,66,112346,13,311640
15199,0.001378,74.125.24.0-255,10692,123038,13,311640
15200,0.001381,172.31.36.0-255,66,123104,13,311640
15201,0.001402,74.125.24.0-255,1484,124588,13,311640
15202,0.001408,74.125.24.0-255,2902,127490,13,311640
15203,0.00141,172.31.36.0-255,66,127556,13,311640
15204,0.001413,74.125.24.0-255,1484,129040,13,311640
15205,0.001433,74.125.24.0-255,4320,133360,13,311640
15206,0.001435,172.31.36.0-255,66,133426,13,311640
15207,0.001444,74.125.24.0-255,7156,140582,13,311640
15208,0.001447,172.31.36.0-255,66,140648,13,311640
15209,0.001472,74.125.24.0-255,1484,142132,13,311640
15210,0.001482,74.125.24.0-255,9992,152124,13,311640
15211,0.001484,172.31.36.0-255,66,152190,13,311640
15212,0.001488,74.125.24.0-255,1484,153674,13,311640
15213,0.001505,74.125.24.0-255,3602,157276,13,311640
15214,0.001508,172.31.36.0-255,66,157342,13,311640
15215,0.00155,74.125.24.0-255,1484,158826,13,311640
15216,0.001565,74.125.24.0-255,2902,161728,13,311640
15217,0.001569,172.31.36.0-255,66,161794,13,311640
15218,0.001576,74.125.24.0-255,5738,167532,13,311640
15219,0.001579,172.31.36.0-255,66,167598,13,311640
15220,0.001615,74.125.24.0-255,2902,170500,13,311640
15221,0.00162,172.31.36.0-255,66,170566,13,311640
15222,0.001623,172.31.36.0-255,66,170632,13,311640
15223,0.001644,74.125.24.0-255,9274,179906,13,311640
15224,0.001648,172.31.36.0-255,66,179972,13,311640
15225,0.001752,74.125.24.0-255,1484,181456,13,311640
15226,0.001756,74.125.24.0-255,1484,182940,13,311640
15227,0.001759,172.31.36.0-255,66,183006,13,311640
15228,0.00178,74.125.24.0-255,1484,184490,13,311640
15229,0.001787,74.125.24.0-255,5738,190228,13,311640
15230,0.001789,172.31.36.0-255,66,190294,13,311640
15231,0.001824,74.125.24.0-255,9992,200286,13,311640
15232,0.001827,172.31.36.0-255,66,200352,13,311640
15233,0.001853,74.125.24.0-255,8574,208926,13,311640
15234,0.001856,172.31.36.0-255,66,208992,13,311640
15235,0.001881,74.125.24.0-255,5020,214012,13,311640
15236,0.001885,172.31.36.0-255,66,214078,13,311640
15237,0.002095,74.125.24.0-255,1484,215562,13,311640
15238,0.002102,74.125.24.0-255,2902,218464,13,311640
15239,0.002105,172.31.36.0-255,66,218530,13,311640
15240,0.002128,74.125.24.0-255,5738,224268,13,311640
15241,0.00213,172.31.36.0-255,66,224334,13,311640
15242,0.002137,74.125.24.0-255,5738,230072,13,311640
15243,0.002139,172.31.36.0-255,66,230138,13,311640
15244,0.002161,74.125.24.0-255,7156,237294,13,311640
15245,0.002167,74.125.24.0-255,4320,241614,13,311640
15246,0.00217,172.31.36.0-255,66,241680,13,311640
15247,0.00221,74.125.24.0-255,6438,248118,13,311640
15248,0.002496,74.125.24.0-255,1484,249602,13,311640
15249,0.0025,74.125.24.0-255,1484,251086,13,311640
15250,0.002511,74.125.24.0-255,1484,252570,13,311640
15251,0.002513,74.125.24.0-255,1484,254054,13,311640
15252,0.002533,74.125.24.0-255,4320,258374,13,311640
15253,0.00254,74.125.24.0-255,5738,264112,13,311640
15254,0.002563,74.125.24.0-255,7156,271268,13,311640
15255,0.002569,74.125.24.0-255,5738,277006,13,311640
15256,0.002611,74.125.24.0-255,5020,282026,13,311640
15257,0.006593,172.31.36.0-255,66,282092,13,311640
15258,0.006598,172.31.36.0-255,66,282158,13,311640
15259,0.006602,172.31.36.0-255,66,282224,13,311640
15260,0.006606,172.31.36.0-255,66,282290,13,311640
15261,0.006618,172.31.36.0-255,66,282356,13,311640
15262,0.006621,172.31.36.0-255,66,282422,13,311640
15263,0.006624,172.31.36.0-255,66,282488,13,311640
15264,0.006627,172.31.36.0-255,66,282554,13,311640
15265,0.00663,172.31.36.0-255,66,282620,13,311640
15266,0.009198,74.125.24.0-255,5738,288358,13,311640
15267,0.009204,172.31.36.0-255,66,288424,13,311640
15268,0.011744,74.125.24.0-255,5738,294162,13,311640
15269,0.01175,172.31.36.0-255,66,294228,13,311640
15270,0.014321,74.125.24.0-255,5738,299966,13,311640
15271,0.014329,172.31.36.0-255,66,300032,13,311640
15272,0.016911,74.125.24.0-255,5738,305770,13,311640
15273,0.016919,172.31.36.0-255,66,305836,13,311640
15274,0.019452,74.125.24.0-255,5738,311574,13,311640
15275,0.01946,172.31.36.0-255,66,311640,13,311640
15276,0.0,74.125.24.0-255,148,148,13,302699
15277,3.4e-05,172.31.36.0-255,66,214,13,302699
15278,4.2e-05,74.125.24.0-255,1484,1698,13,302699
15279,4.6e-05,172.31.36.0-255,66,1764,13,302699
15280,5.3e-05,74.125.24.0-255,2902,4666,13,302699
15281,5.6e-05,172.31.36.0-255,66,4732,13,302699
15282,6.4e-05,74.125.24.0-255,7156,11888,13,302699
15283,6.7e-05,172.31.36.0-255,66,11954,13,302699
15284,7.1e-05,74.125.24.0-255,2011,13965,13,302699
15285,7.3e-05,172.31.36.0-255,66,14031,13,302699
15286,7.8e-05,74.125.24.0-255,2902,16933,13,302699
15287,8.1e-05,172.31.36.0-255,66,16999,13,302699
15288,8.6e-05,74.125.24.0-255,4320,21319,13,302699
15289,8.8e-05,172.31.36.0-255,66,21385,13,302699
15290,0.000111,74.125.24.0-255,2902,24287,13,302699
15291,0.000113,172.31.36.0-255,66,24353,13,302699
15292,0.000122,74.125.24.0-255,6797,31150,13,302699
15293,0.000124,172.31.36.0-255,66,31216,13,302699
15294,0.000232,74.125.24.0-255,1484,32700,13,302699
15295,0.000235,172.31.36.0-255,66,32766,13,302699
15296,0.000241,74.125.24.0-255,2902,35668,13,302699
15297,0.000243,172.31.36.0-255,66,35734,13,302699
15298,0.000266,74.125.24.0-255,2902,38636,13,302699
15299,0.000269,172.31.36.0-255,66,38702,13,302699
15300,0.000273,74.125.24.0-255,2902,41604,13,302699
15301,0.000276,172.31.36.0-255,66,41670,13,302699
15302,0.000288,74.125.24.0-255,1484,43154,13,302699
15303,0.00029,172.31.36.0-255,66,43220,13,302699
15304,0.000319,74.125.24.0-255,8574,51794,13,302699
15305,0.000322,172.31.36.0-255,66,51860,13,302699
15306,0.000378,74.125.24.0-255,1125,52985,13,302699
15307,0.00038,172.31.36.0-255,66,53051,13,302699
15308,0.000387,74.125.24.0-255,2902,55953,13,302699
15309,0.000389,172.31.36.0-255,66,56019,13,302699
15310,0.000399,74.125.24.0-255,9946,65965,13,302699
15311,0.000401,172.31.36.0-255,66,66031,13,302699
15312,0.000404,74.125.24.0-255,111,66142,13,302699
15313,0.000408,74.125.24.0-255,330,66472,13,302699
15314,0.000709,74.125.24.0-255,1484,67956,13,302699
15315,0.000715,172.31.36.0-255,66,68022,13,302699
15316,0.000721,74.125.24.0-255,2902,70924,13,302699
15317,0.000723,172.31.36.0-255,66,70990,13,302699
15318,0.000729,74.125.24.0-255,4320,75310,13,302699
15319,0.000732,172.31.36.0-255,66,75376,13,302699
15320,0.000744,74.125.24.0-255,1484,76860,13,302699
15321,0.000748,74.125.24.0-255,1484,78344,13,302699
15322,0.00075,172.31.36.0-255,66,78410,13,302699
15323,0.000794,172.31.36.0-255,66,78476,13,302699
15324,0.000801,74.125.24.0-255,5738,84214,13,302699
15325,0.000803,172.31.36.0-255,66,84280,13,302699
15326,0.000808,74.125.24.0-255,2902,87182,13,302699
15327,0.00081,172.31.36.0-255,66,87248,13,302699
15328,0.000834,74.125.24.0-255,2184,89432,13,302699
15329,0.000839,172.31.36.0-255,66,89498,13,302699
15330,0.001075,74.125.24.0-255,1484,90982,13,302699
15331,0.001092,74.125.24.0-255,2902,93884,13,302699
15332,0.001096,172.31.36.0-255,66,93950,13,302699
15333,0.001101,74.125.24.0-255,2902,96852,13,302699
15334,0.001103,172.31.36.0-255,66,96918,13,302699
15335,0.00111,74.125.24.0-255,7156,104074,13,302699
15336,0.001112,172.31.36.0-255,66,104140,13,302699
15337,0.001155,74.125.24.0-255,2902,107042,13,302699
15338,0.00116,172.31.36.0-255,66,107108,13,302699
15339,0.001167,172.31.36.0-255,66,107174,13,302699
15340,0.001181,74.125.24.0-255,766,107940,13,302699
15341,0.00123,74.125.24.0-255,1484,109424,13,302699
15342,0.001236,172.31.36.0-255,66,109490,13,302699
15343,0.001249,74.125.24.0-255,4320,113810,13,302699
15344,0.001251,172.31.36.0-255,66,113876,13,302699
15345,0.001278,74.125.24.0-255,7156,121032,13,302699
15346,0.001281,172.31.36.0-255,66,121098,13,302699
15347,0.00132,74.125.24.0-255,4320,125418,13,302699
15348,0.001359,172.31.36.0-255,66,125484,13,302699
15349,0.001361,172.31.36.0-255,66,125550,13,302699
15350,0.001378,74.125.24.0-255,766,126316,13,302699
15351,0.001381,74.125.24.0-255,1484,127800,13,302699
15352,0.001383,172.31.36.0-255,66,127866,13,302699
15353,0.001389,74.125.24.0-255,4320,132186,13,302699
15354,0.001391,172.31.36.0-255,66,132252,13,302699
15355,0.001419,74.125.24.0-255,4320,136572,13,302699
15356,0.001422,172.31.36.0-255,66,136638,13,302699
15357,0.001432,74.125.24.0-255,9992,146630,13,302699
15358,0.001434,172.31.36.0-255,66,146696,13,302699
15359,0.00146,74.125.24.0-255,2902,149598,13,302699
15360,0.001463,172.31.36.0-255,66,149664,13,302699
15361,0.00149,74.125.24.0-255,10692,160356,13,302699
15362,0.001493,172.31.36.0-255,66,160422,13,302699
15363,0.001687,74.125.24.0-255,1484,161906,13,302699
15364,0.001702,74.125.24.0-255,2902,164808,13,302699
15365,0.001705,172.31.36.0-255,66,164874,13,302699
15366,0.001709,74.125.24.0-255,1484,166358,13,302699
15367,0.001729,74.125.24.0-255,4320,170678,13,302699
15368,0.001733,172.31.36.0-255,66,170744,13,302699
15369,0.001748,74.125.24.0-255,5738,176482,13,302699
15370,0.00175,172.31.36.0-255,66,176548,13,302699
15371,0.001755,74.125.24.0-255,2902,179450,13,302699
15372,0.001757,172.31.36.0-255,66,179516,13,302699
15373,0.001775,74.125.24.0-255,4320,183836,13,302699
15374,0.001777,172.31.36.0-255,66,183902,13,302699
15375,0.001791,74.125.24.0-255,2902,186804,13,302699
15376,0.001794,172.31.36.0-255,66,186870,13,302699
15377,0.001819,74.125.24.0-255,7856,194726,13,302699
15378,0.001823,172.31.36.0-255,66,194792,13,302699
15379,0.00186,74.125.24.0-255,4320,199112,13,302699
15380,0.001863,172.31.36.0-255,66,199178,13,302699
15381,0.00187,74.125.24.0-255,5738,204916,13,302699
15382,0.001872,172.31.36.0-255,66,204982,13,302699
15383,0.001919,172.31.36.0-255,66,205048,13,302699
15384,0.001926,74.125.24.0-255,5738,210786,13,302699
15385,0.001929,172.31.36.0-255,66,210852,13,302699
15386,0.001962,74.125.24.0-255,6438,217290,13,302699
15387,0.001966,172.31.36.0-255,66,217356,13,302699
15388,0.002008,74.125.24.0-255,1484,218840,13,302699
15389,0.002023,74.125.24.0-255,2902,221742,13,302699
15390,0.002025,172.31.36.0-255,66,221808,13,302699
15391,0.002049,74.125.24.0-255,5738,227546,13,302699
15392,0.002051,172.31.36.0-255,66,227612,13,302699
15393,0.002057,74.125.24.0-255,4320,231932,13,302699
15394,0.002059,172.31.36.0-255,66,231998,13,302699
15395,0.002066,74.125.24.0-255,5738,237736,13,302699
15396,0.002069,172.31.36.0-255,66,237802,13,302699
15397,0.002096,74.125.24.0-255,5738,243540,13,302699
15398,0.002099,172.31.36.0-255,66,243606,13,302699
15399,0.002102,74.125.24.0-255,1484,245090,13,302699
15400,0.002105,74.125.24.0-255,1484,246574,13,302699
15401,0.002107,172.31.36.0-255,66,246640,13,302699
15402,0.002111,74.125.24.0-255,2902,249542,13,302699
15403,0.002114,172.31.36.0-255,66,249608,13,302699
15404,0.002147,74.125.24.0-255,2184,251792,13,302699
15405,0.002161,172.31.36.0-255,66,251858,13,302699
15406,0.002183,74.125.24.0-255,2902,254760,13,302699
15407,0.002186,74.125.24.0-255,1484,256244,13,302699
15408,0.002191,172.31.36.0-255,66,256310,13,302699
15409,0.002204,74.125.24.0-255,5738,262048,13,302699
15410,0.002227,74.125.24.0-255,8574,270622,13,302699
15411,0.00223,74.125.24.0-255,1484,272106,13,302699
15412,0.002242,172.31.36.0-255,66,272172,13,302699
15413,0.002247,74.125.24.0-255,2902,275074,13,302699
15414,0.002251,172.31.36.0-255,66,275140,13,302699
15415,0.002264,74.125.24.0-255,9992,285132,13,302699
15416,0.002287,74.125.24.0-255,766,285898,13,302699
15417,0.002304,172.31.36.0-255,66,285964,13,302699
15418,0.002308,74.125.24.0-255,1484,287448,13,302699
15419,0.00238,172.31.36.0-255,66,287514,13,302699
15420,0.002392,74.125.24.0-255,4320,291834,13,302699
15421,0.002408,74.125.24.0-255,3602,295436,13,302699
15422,0.002415,74.125.24.0-255,6921,302357,13,302699
15423,0.002418,74.125.24.0-255,105,302462,13,302699
15424,0.002447,172.31.36.0-255,66,302528,13,302699
15425,0.01344,172.31.36.0-255,105,302633,13,302699
15426,0.015409,74.125.24.0-255,66,302699,13,302699
15427,0.0,172.217.194.0-255,153,153,13,268860
15428,3.4e-05,172.31.36.0-255,66,219,13,268860
15429,4.1e-05,172.217.194.0-255,1484,1703,13,268860
15430,4.6e-05,172.31.36.0-255,66,1769,13,268860
15431,5.1e-05,172.217.194.0-255,2902,4671,13,268860
15432,5.4e-05,172.31.36.0-255,66,4737,13,268860
15433,6.1e-05,172.217.194.0-255,7156,11893,13,268860
15434,6.4e-05,172.31.36.0-255,66,11959,13,268860
15435,6.8e-05,172.217.194.0-255,2047,14006,13,268860
15436,7e-05,172.31.36.0-255,66,14072,13,268860
15437,0.000111,172.217.194.0-255,2902,16974,13,268860
15438,0.000114,172.31.36.0-255,66,17040,13,268860
15439,0.000118,172.217.194.0-255,1484,18524,13,268860
15440,0.000119,172.31.36.0-255,66,18590,13,268860
15441,0.000126,172.217.194.0-255,5738,24328,13,268860
15442,0.000128,172.31.36.0-255,66,24394,13,268860
15443,0.000168,172.217.194.0-255,8574,32968,13,268860
15444,0.000173,172.31.36.0-255,66,33034,13,268860
15445,0.000192,172.217.194.0-255,5379,38413,13,268860
15446,0.000194,172.31.36.0-255,66,38479,13,268860
15447,0.000214,172.217.194.0-255,4320,42799,13,268860
15448,0.000216,172.31.36.0-255,66,42865,13,268860
15449,0.000242,172.217.194.0-255,8215,51080,13,268860
15450,0.000245,172.31.36.0-255,66,51146,13,268860
15451,0.000257,172.31.36.0-255,66,51212,13,268860
15452,0.000261,172.217.194.0-255,1736,52948,13,268860
15453,0.000263,172.31.36.0-255,66,53014,13,268860
15454,0.000318,172.217.194.0-255,1484,54498,13,268860
15455,0.000322,172.31.36.0-255,66,54564,13,268860
15456,0.000326,172.217.194.0-255,2902,57466,13,268860
15457,0.000329,172.31.36.0-255,66,57532,13,268860
15458,0.000364,172.217.194.0-255,1484,59016,13,268860
15459,0.000381,172.217.194.0-255,4320,63336,13,268860
15460,0.000384,172.31.36.0-255,66,63402,13,268860
15461,0.000391,172.217.194.0-255,6248,69650,13,268860
15462,0.000393,172.31.36.0-255,66,69716,13,268860
15463,0.000532,172.217.194.0-255,1484,71200,13,268860
15464,0.000538,172.217.194.0-255,2902,74102,13,268860
15465,0.000541,172.31.36.0-255,66,74168,13,268860
15466,0.000566,172.217.194.0-255,5738,79906,13,268860
15467,0.000569,172.31.36.0-255,66,79972,13,268860
15468,0.000576,172.217.194.0-255,7156,87128,13,268860
15469,0.000581,172.31.36.0-255,66,87194,13,268860
15470,0.00059,172.217.194.0-255,4320,91514,13,268860
15471,0.000593,172.31.36.0-255,66,91580,13,268860
15472,0.000614,172.217.194.0-255,9992,101572,13,268860
15473,0.000617,172.31.36.0-255,66,101638,13,268860
15474,0.000622,172.217.194.0-255,2184,103822,13,268860
15475,0.000624,172.31.36.0-255,66,103888,13,268860
15476,0.000652,172.217.194.0-255,2902,106790,13,268860
15477,0.000657,172.31.36.0-255,66,106856,13,268860
15478,0.000659,172.217.194.0-255,7156,114012,13,268860
15479,0.000662,172.31.36.0-255,66,114078,13,268860
15480,0.000706,172.31.36.0-255,66,114144,13,268860
15481,0.000725,172.217.194.0-255,4320,118464,13,268860
15482,0.000728,172.31.36.0-255,66,118530,13,268860
15483,0.000752,172.217.194.0-255,6438,124968,13,268860
15484,0.000755,172.31.36.0-255,66,125034,13,268860
15485,0.000769,172.31.36.0-255,66,125100,13,268860
15486,0.000776,172.217.194.0-255,8574,133674,13,268860
15487,0.000779,172.31.36.0-255,66,133740,13,268860
15488,0.000803,172.217.194.0-255,1484,135224,13,268860
15489,0.000816,172.31.36.0-255,66,135290,13,268860
15490,0.000819,172.217.194.0-255,766,136056,13,268860
15491,0.00091,172.217.194.0-255,1484,137540,13,268860
15492,0.000914,172.31.36.0-255,66,137606,13,268860
15493,0.00092,172.217.194.0-255,2902,140508,13,268860
15494,0.000923,172.31.36.0-255,66,140574,13,268860
15495,0.000928,172.217.194.0-255,2902,143476,13,268860
15496,0.000931,172.31.36.0-255,66,143542,13,268860
15497,0.000949,172.217.194.0-255,2902,146444,13,268860
15498,0.000951,172.31.36.0-255,66,146510,13,268860
15499,0.000979,172.31.36.0-255,66,146576,13,268860
15500,0.001004,172.217.194.0-255,1484,148060,13,268860
15501,0.001012,172.217.194.0-255,9992,158052,13,268860
15502,0.001015,172.31.36.0-255,66,158118,13,268860
15503,0.001018,172.217.194.0-255,766,158884,13,268860
15504,0.001031,172.217.194.0-255,1484,160368,13,268860
15505,0.001034,172.31.36.0-255,66,160434,13,268860
15506,0.001039,172.217.194.0-255,2902,163336,13,268860
15507,0.001041,172.31.36.0-255,66,163402,13,268860
15508,0.001058,172.217.194.0-255,1484,164886,13,268860
15509,0.001061,172.217.194.0-255,1484,166370,13,268860
15510,0.001065,172.31.36.0-255,66,166436,13,268860
15511,0.001093,172.217.194.0-255,8574,175010,13,268860
15512,0.001096,172.31.36.0-255,66,175076,13,268860
15513,0.001111,172.31.36.0-255,66,175142,13,268860
15514,0.00119,172.217.194.0-255,5738,180880,13,268860
15515,0.001194,172.31.36.0-255,66,180946,13,268860
15516,0.00123,172.31.36.0-255,66,181012,13,268860
15517,0.001237,172.217.194.0-255,7856,188868,13,268860
15518,0.00124,172.31.36.0-255,66,188934,13,268860
15519,0.001247,172.217.194.0-255,8574,197508,13,268860
15520,0.00125,172.31.36.0-255,66,197574,13,268860
15521,0.001258,172.217.194.0-255,9992,207566,13,268860
15522,0.00126,172.31.36.0-255,66,207632,13,268860
15523,0.0013,172.217.194.0-255,5738,213370,13,268860
15524,0.001303,172.31.36.0-255,66,213436,13,268860
15525,0.00133,172.217.194.0-255,9274,222710,13,268860
15526,0.001333,172.31.36.0-255,66,222776,13,268860
15527,0.001337,172.217.194.0-255,2902,225678,13,268860
15528,0.001339,172.31.36.0-255,66,225744,13,268860
15529,0.001356,172.217.194.0-255,8574,234318,13,268860
15530,0.001359,172.31.36.0-255,66,234384,13,268860
15531,0.001373,172.31.36.0-255,66,234450,13,268860
15532,0.001396,172.217.194.0-255,5738,240188,13,268860
15533,0.0014,172.31.36.0-255,66,240254,13,268860
15534,0.001419,172.217.194.0-255,3602,243856,13,268860
15535,0.001423,172.31.36.0-255,66,243922,13,268860
15536,0.001429,172.217.194.0-255,5738,249660,13,268860
15537,0.001432,172.31.36.0-255,66,249726,13,268860
15538,0.001446,172.217.194.0-255,4320,254046,13,268860
15539,0.00145,172.31.36.0-255,66,254112,13,268860
15540,0.001455,172.217.194.0-255,4320,258432,13,268860
15541,0.001457,172.31.36.0-255,66,258498,13,268860
15542,0.001484,172.217.194.0-255,5738,264236,13,268860
15543,0.001487,172.31.36.0-255,66,264302,13,268860
15544,0.001492,172.217.194.0-255,4150,268452,13,268860
15545,0.001494,172.31.36.0-255,66,268518,13,268860
15546,0.001518,172.217.194.0-255,105,268623,13,268860
15547,0.003253,172.31.36.0-255,66,268689,13,268860
15548,0.003281,172.31.36.0-255,105,268794,13,268860
15549,0.005624,172.217.194.0-255,66,268860,13,268860
15550,0.0,172.253.118.0-255,154,154,13,284177
15551,2.5e-05,172.31.36.0-255,66,220,13,284177
15552,3.1e-05,172.253.118.0-255,1484,1704,13,284177
15553,3.6e-05,172.31.36.0-255,66,1770,13,284177
15554,4e-05,172.253.118.0-255,2902,4672,13,284177
15555,4.3e-05,172.31.36.0-255,66,4738,13,284177
15556,5.1e-05,172.253.118.0-255,7156,11894,13,284177
15557,5.4e-05,172.31.36.0-255,66,11960,13,284177
15558,5.8e-05,172.253.118.0-255,2030,13990,13,284177
15559,6e-05,172.31.36.0-255,66,14056,13,284177
15560,0.000105,172.31.36.0-255,66,14122,13,284177
15561,0.00011,172.253.118.0-255,5379,19501,13,284177
15562,0.000112,172.31.36.0-255,66,19567,13,284177
15563,0.00021,172.253.118.0-255,1484,21051,13,284177
15564,0.000214,172.31.36.0-255,66,21117,13,284177
15565,0.000221,172.253.118.0-255,2902,24019,13,284177
15566,0.000223,172.31.36.0-255,66,24085,13,284177
15567,0.000242,172.253.118.0-255,5738,29823,13,284177
15568,0.000246,172.31.36.0-255,66,29889,13,284177
15569,0.000249,172.253.118.0-255,1484,31373,13,284177
15570,0.000251,172.31.36.0-255,66,31439,13,284177
15571,0.00028,172.253.118.0-255,8574,40013,13,284177
15572,0.000285,172.31.36.0-255,66,40079,13,284177
15573,0.000315,172.253.118.0-255,8574,48653,13,284177
15574,0.000319,172.31.36.0-255,66,48719,13,284177
15575,0.000341,172.253.118.0-255,5020,53739,13,284177
15576,0.000344,172.31.36.0-255,66,53805,13,284177
15577,0.000347,172.253.118.0-255,427,54232,13,284177
15578,0.000349,172.31.36.0-255,66,54298,13,284177
15579,0.000492,172.253.118.0-255,1484,55782,13,284177
15580,0.000496,172.31.36.0-255,66,55848,13,284177
15581,0.000501,172.253.118.0-255,2902,58750,13,284177
15582,0.000503,172.31.36.0-255,66,58816,13,284177
15583,0.000509,172.253.118.0-255,4320,63136,13,284177
15584,0.000511,172.31.36.0-255,66,63202,13,284177
15585,0.000532,172.253.118.0-255,1484,64686,13,284177
15586,0.000538,172.253.118.0-255,2902,67588,13,284177
15587,0.00054,172.31.36.0-255,66,67654,13,284177
15588,0.000565,172.253.118.0-255,9992,77646,13,284177
15589,0.000568,172.31.36.0-255,66,77712,13,284177
15590,0.000577,172.253.118.0-255,8574,86286,13,284177
15591,0.000579,172.31.36.0-255,66,86352,13,284177
15592,0.000606,172.253.118.0-255,2184,88536,13,284177
15593,0.000609,172.31.36.0-255,66,88602,13,284177
15594,0.000722,172.253.118.0-255,1484,90086,13,284177
15595,0.000736,172.253.118.0-255,2902,92988,13,284177
15596,0.000739,172.31.36.0-255,66,93054,13,284177
15597,0.000745,172.253.118.0-255,5738,98792,13,284177
15598,0.000747,172.31.36.0-255,66,98858,13,284177
15599,0.000752,172.253.118.0-255,2902,101760,13,284177
15600,0.000756,172.31.36.0-255,66,101826,13,284177
15601,0.000776,172.253.118.0-255,1484,103310,13,284177
15602,0.0008,172.253.118.0-255,8574,111884,13,284177
15603,0.000804,172.31.36.0-255,66,111950,13,284177
15604,0.00081,172.253.118.0-255,4320,116270,13,284177
15605,0.000812,172.31.36.0-255,66,116336,13,284177
15606,0.000827,172.253.118.0-255,5738,122074,13,284177
15607,0.00083,172.31.36.0-255,66,122140,13,284177
15608,0.000844,172.253.118.0-255,766,122906,13,284177
15609,0.000962,172.253.118.0-255,1484,124390,13,284177
15610,0.000966,172.31.36.0-255,66,124456,13,284177
15611,0.001015,172.253.118.0-255,2902,127358,13,284177
15612,0.001018,172.31.36.0-255,66,127424,13,284177
15613,0.001025,172.253.118.0-255,5738,133162,13,284177
15614,0.001027,172.31.36.0-255,66,133228,13,284177
15615,0.001032,172.253.118.0-255,4320,137548,13,284177
15616,0.001035,172.31.36.0-255,66,137614,13,284177
15617,0.00104,172.253.118.0-255,5738,143352,13,284177
15618,0.001042,172.31.36.0-255,66,143418,13,284177
15619,0.001069,172.253.118.0-255,5738,149156,13,284177
15620,0.001072,172.31.36.0-255,66,149222,13,284177
15621,0.001081,172.253.118.0-255,7856,157078,13,284177
15622,0.001084,172.31.36.0-255,66,157144,13,284177
15623,0.001113,172.253.118.0-255,8574,165718,13,284177
15624,0.001117,172.31.36.0-255,66,165784,13,284177
15625,0.00112,172.253.118.0-255,2902,168686,13,284177
15626,0.001123,172.31.36.0-255,66,168752,13,284177
15627,0.001176,172.31.36.0-255,66,168818,13,284177
15628,0.001178,172.253.118.0-255,5738,174556,13,284177
15629,0.00118,172.31.36.0-255,66,174622,13,284177
15630,0.001215,172.253.118.0-255,3602,178224,13,284177
15631,0.001219,172.31.36.0-255,66,178290,13,284177
15632,0.001317,172.253.118.0-255,1484,179774,13,284177
15633,0.00134,172.253.118.0-255,2902,182676,13,284177
15634,0.001343,172.31.36.0-255,66,182742,13,284177
15635,0.001349,172.253.118.0-255,5738,188480,13,284177
15636,0.001351,172.31.36.0-255,66,188546,13,284177
15637,0.001382,172.253.118.0-255,5738,194284,13,284177
15638,0.001385,172.31.36.0-255,66,194350,13,284177
15639,0.001421,172.31.36.0-255,66,194416,13,284177
15640,0.001427,172.253.118.0-255,5020,199436,13,284177
15641,0.001429,172.31.36.0-255,66,199502,13,284177
15642,0.001634,172.253.118.0-255,1484,200986,13,284177
15643,0.00164,172.253.118.0-255,2902,203888,13,284177
15644,0.001643,172.31.36.0-255,66,203954,13,284177
15645,0.001647,172.253.118.0-255,1484,205438,13,284177
15646,0.001668,172.253.118.0-255,4320,209758,13,284177
15647,0.001671,172.31.36.0-255,66,209824,13,284177
15648,0.001682,172.253.118.0-255,7156,216980,13,284177
15649,0.001685,172.31.36.0-255,66,217046,13,284177
15650,0.001721,172.31.36.0-255,66,217112,13,284177
15651,0.001727,172.253.118.0-255,4320,221432,13,284177
15652,0.001729,172.31.36.0-255,66,221498,13,284177
15653,0.001763,172.253.118.0-255,5020,226518,13,284177
15654,0.001765,172.31.36.0-255,66,226584,13,284177
15655,0.001774,172.253.118.0-255,9992,236576,13,284177
15656,0.001778,172.31.36.0-255,66,236642,13,284177
15657,0.001793,172.31.36.0-255,66,236708,13,284177
15658,0.001833,172.253.118.0-255,10692,247400,13,284177
15659,0.001836,172.31.36.0-255,66,247466,13,284177
15660,0.001846,172.253.118.0-255,1484,248950,13,284177
15661,0.00187,172.253.118.0-255,9992,258942,13,284177
15662,0.001879,172.31.36.0-255,66,259008,13,284177
15663,0.001912,172.253.118.0-255,4320,263328,13,284177
15664,0.001916,172.31.36.0-255,66,263394,13,284177
15665,0.001936,172.253.118.0-255,5738,269132,13,284177
15666,0.001939,172.31.36.0-255,66,269198,13,284177
15667,0.001953,172.31.36.0-255,66,269264,13,284177
15668,0.001967,172.31.36.0-255,66,269330,13,284177
15669,0.001999,172.253.118.0-255,5738,275068,13,284177
15670,0.002002,172.31.36.0-255,66,275134,13,284177
15671,0.002011,172.253.118.0-255,7856,282990,13,284177
15672,0.002014,172.31.36.0-255,66,283056,13,284177
15673,0.002017,172.253.118.0-255,678,283734,13,284177
15674,0.002032,172.253.118.0-255,105,283839,13,284177
15675,0.003253,172.31.36.0-255,101,283940,13,284177
15676,0.003423,172.31.36.0-255,105,284045,13,284177
15677,0.005558,172.253.118.0-255,66,284111,13,284177
15678,0.005712,172.253.118.0-255,66,284177,13,284177
15679,0.0,74.125.68.0-255,153,153,13,362657
15680,1.8e-05,172.31.36.0-255,66,219,13,362657
15681,2.7e-05,74.125.68.0-255,1484,1703,13,362657
15682,3.1e-05,172.31.36.0-255,66,1769,13,362657
15683,3.8e-05,74.125.68.0-255,2902,4671,13,362657
15684,4.1e-05,172.31.36.0-255,66,4737,13,362657
15685,6.5e-05,74.125.68.0-255,4320,9057,13,362657
15686,6.8e-05,172.31.36.0-255,66,9123,13,362657
15687,7.5e-05,74.125.68.0-255,4784,13907,13,362657
15688,7.7e-05,172.31.36.0-255,66,13973,13,362657
15689,0.000411,74.125.68.0-255,1484,15457,13,362657
15690,0.000417,172.31.36.0-255,66,15523,13,362657
15691,0.000456,74.125.68.0-255,1484,17007,13,362657
15692,0.000459,172.31.36.0-255,66,17073,13,362657
15693,0.000473,74.125.68.0-255,1484,18557,13,362657
15694,0.000475,172.31.36.0-255,66,18623,13,362657
15695,0.000478,74.125.68.0-255,1484,20107,13,362657
15696,0.000481,172.31.36.0-255,66,20173,13,362657
15697,0.000488,74.125.68.0-255,5738,25911,13,362657
15698,0.000492,172.31.36.0-255,66,25977,13,362657
15699,0.000537,74.125.68.0-255,5379,31356,13,362657
15700,0.000541,172.31.36.0-255,66,31422,13,362657
15701,0.000718,74.125.68.0-255,1484,32906,13,362657
15702,0.000722,172.31.36.0-255,66,32972,13,362657
15703,0.000728,74.125.68.0-255,2902,35874,13,362657
15704,0.00073,172.31.36.0-255,66,35940,13,362657
15705,0.000761,74.125.68.0-255,5738,41678,13,362657
15706,0.000764,172.31.36.0-255,66,41744,13,362657
15707,0.000767,74.125.68.0-255,1484,43228,13,362657
15708,0.000768,172.31.36.0-255,66,43294,13,362657
15709,0.000786,74.125.68.0-255,2902,46196,13,362657
15710,0.000788,172.31.36.0-255,66,46262,13,362657
15711,0.000808,74.125.68.0-255,1484,47746,13,362657
15712,0.000832,74.125.68.0-255,5379,53125,13,362657
15713,0.000835,172.31.36.0-255,66,53191,13,362657
15714,0.000842,74.125.68.0-255,7156,60347,13,362657
15715,0.000845,172.31.36.0-255,66,60413,13,362657
15716,0.000865,74.125.68.0-255,1484,61897,13,362657
15717,0.000887,74.125.68.0-255,4272,66169,13,362657
15718,0.00089,172.31.36.0-255,66,66235,13,362657
15719,0.000894,74.125.68.0-255,111,66346,13,362657
15720,0.001121,74.125.68.0-255,1484,67830,13,362657
15721,0.001126,172.31.36.0-255,66,67896,13,362657
15722,0.001131,74.125.68.0-255,2902,70798,13,362657
15723,0.001133,172.31.36.0-255,66,70864,13,362657
15724,0.001136,74.125.68.0-255,1484,72348,13,362657
15725,0.001159,74.125.68.0-255,4320,76668,13,362657
15726,0.001162,172.31.36.0-255,66,76734,13,362657
15727,0.001167,74.125.68.0-255,2902,79636,13,362657
15728,0.001169,172.31.36.0-255,66,79702,13,362657
15729,0.001185,74.125.68.0-255,3961,83663,13,362657
15730,0.001188,172.31.36.0-255,66,83729,13,362657
15731,0.001193,74.125.68.0-255,4320,88049,13,362657
15732,0.001195,172.31.36.0-255,66,88115,13,362657
15733,0.001219,74.125.68.0-255,2902,91017,13,362657
15734,0.001223,172.31.36.0-255,66,91083,13,362657
15735,0.001229,74.125.68.0-255,4320,95403,13,362657
15736,0.001231,172.31.36.0-255,66,95469,13,362657
15737,0.001247,74.125.68.0-255,5379,100848,13,362657
15738,0.001251,172.31.36.0-255,66,100914,13,362657
15739,0.001547,74.125.68.0-255,1484,102398,13,362657
15740,0.001555,74.125.68.0-255,2902,105300,13,362657
15741,0.001558,172.31.36.0-255,66,105366,13,362657
15742,0.001567,74.125.68.0-255,5738,111104,13,362657
15743,0.001569,172.31.36.0-255,66,111170,13,362657
15744,0.001574,74.125.68.0-255,2902,114072,13,362657
15745,0.001576,172.31.36.0-255,66,114138,13,362657
15746,0.001623,74.125.68.0-255,9992,124130,13,362657
15747,0.001625,172.31.36.0-255,66,124196,13,362657
15748,0.001635,74.125.68.0-255,8574,132770,13,362657
15749,0.001637,172.31.36.0-255,66,132836,13,362657
15750,0.001669,74.125.68.0-255,2184,135020,13,362657
15751,0.001672,172.31.36.0-255,66,135086,13,362657
15752,0.001981,74.125.68.0-255,1484,136570,13,362657
15753,0.001989,74.125.68.0-255,2902,139472,13,362657
15754,0.001993,172.31.36.0-255,66,139538,13,362657
15755,0.00202,74.125.68.0-255,5738,145276,13,362657
15756,0.002023,172.31.36.0-255,66,145342,13,362657
15757,0.002027,74.125.68.0-255,2902,148244,13,362657
15758,0.00203,172.31.36.0-255,66,148310,13,362657
15759,0.002046,74.125.68.0-255,4320,152630,13,362657
15760,0.002049,172.31.36.0-255,66,152696,13,362657
15761,0.002069,74.125.68.0-255,5738,158434,13,362657
15762,0.002072,172.31.36.0-255,66,158500,13,362657
15763,0.002098,74.125.68.0-255,7156,165656,13,362657
15764,0.002101,172.31.36.0-255,66,165722,13,362657
15765,0.002116,74.125.68.0-255,1484,167206,13,362657
15766,0.002132,74.125.68.0-255,2184,169390,13,362657
15767,0.002136,172.31.36.0-255,66,169456,13,362657
15768,0.00298,74.125.68.0-255,1484,170940,13,362657
15769,0.002987,74.125.68.0-255,1484,172424,13,362657
15770,0.00299,172.31.36.0-255,66,172490,13,362657
15771,0.003011,74.125.68.0-255,1484,173974,13,362657
15772,0.003019,74.125.68.0-255,5738,179712,13,362657
15773,0.003022,172.31.36.0-255,66,179778,13,362657
15774,0.003028,74.125.68.0-255,4320,184098,13,362657
15775,0.003031,172.31.36.0-255,66,184164,13,362657
15776,0.003034,74.125.68.0-255,1484,185648,13,362657
15777,0.003047,74.125.68.0-255,1484,187132,13,362657
15778,0.003049,172.31.36.0-255,66,187198,13,362657
15779,0.003065,74.125.68.0-255,2902,190100,13,362657
15780,0.003068,172.31.36.0-255,66,190166,13,362657
15781,0.003089,74.125.68.0-255,1484,191650,13,362657
15782,0.003094,74.125.68.0-255,2902,194552,13,362657
15783,0.003096,172.31.36.0-255,66,194618,13,362657
15784,0.003099,74.125.68.0-255,1484,196102,13,362657
15785,0.003119,74.125.68.0-255,5738,201840,13,362657
15786,0.003122,172.31.36.0-255,66,201906,13,362657
15787,0.003126,74.125.68.0-255,2184,204090,13,362657
15788,0.003128,172.31.36.0-255,66,204156,13,362657
15789,0.003238,74.125.68.0-255,1484,205640,13,362657
15790,0.003259,74.125.68.0-255,2902,208542,13,362657
15791,0.003262,172.31.36.0-255,66,208608,13,362657
15792,0.003285,74.125.68.0-255,4320,212928,13,362657
15793,0.003287,172.31.36.0-255,66,212994,13,362657
15794,0.003325,74.125.68.0-255,4320,217314,13,362657
15795,0.003328,172.31.36.0-255,66,217380,13,362657
15796,0.003347,74.125.68.0-255,1484,218864,13,362657
15797,0.003361,172.31.36.0-255,66,218930,13,362657
15798,0.003367,74.125.68.0-255,5738,224668,13,362657
15799,0.00337,172.31.36.0-255,66,224734,13,362657
15800,0.003388,74.125.68.0-255,2184,226918,13,362657
15801,0.00339,172.31.36.0-255,66,226984,13,362657
15802,0.003492,74.125.68.0-255,1484,228468,13,362657
15803,0.003514,74.125.68.0-255,2902,231370,13,362657
15804,0.003517,172.31.36.0-255,66,231436,13,362657
15805,0.00352,74.125.68.0-255,1484,232920,13,362657
15806,0.003532,74.125.68.0-255,1484,234404,13,362657
15807,0.003535,172.31.36.0-255,66,234470,13,362657
15808,0.00354,74.125.68.0-255,2902,237372,13,362657
15809,0.003542,172.31.36.0-255,66,237438,13,362657
15810,0.00356,74.125.68.0-255,1484,238922,13,362657
15811,0.003574,74.125.68.0-255,8574,247496,13,362657
15812,0.003576,172.31.36.0-255,66,247562,13,362657
15813,0.003582,74.125.68.0-255,4320,251882,13,362657
15814,0.003584,172.31.36.0-255,66,251948,13,362657
15815,0.003604,74.125.68.0-255,2902,254850,13,362657
15816,0.003606,172.31.36.0-255,66,254916,13,362657
15817,0.003639,74.125.68.0-255,2902,257818,13,362657
15818,0.003643,172.31.36.0-255,66,257884,13,362657
15819,0.003664,74.125.68.0-255,3602,261486,13,362657
15820,0.003667,172.31.36.0-255,66,261552,13,362657
15821,0.003752,74.125.68.0-255,1484,263036,13,362657
15822,0.003758,74.125.68.0-255,2902,265938,13,362657
15823,0.003761,172.31.36.0-255,66,266004,13,362657
15824,0.003767,74.125.68.0-255,5738,271742,13,362657
15825,0.00377,172.31.36.0-255,66,271808,13,362657
15826,0.00379,74.125.68.0-255,5738,277546,13,362657
15827,0.003793,172.31.36.0-255,66,277612,13,362657
15828,0.003822,74.125.68.0-255,7156,284768,13,362657
15829,0.003825,172.31.36.0-255,66,284834,13,362657
15830,0.003831,74.125.68.0-255,5738,290572,13,362657
15831,0.003833,172.31.36.0-255,66,290638,13,362657
15832,0.003839,74.125.68.0-255,4320,294958,13,362657
15833,0.003841,172.31.36.0-255,66,295024,13,362657
15834,0.003869,74.125.68.0-255,3602,298626,13,362657
15835,0.003873,172.31.36.0-255,66,298692,13,362657
15836,0.003875,74.125.68.0-255,1484,300176,13,362657
15837,0.003879,74.125.68.0-255,1484,301660,13,362657
15838,0.003881,172.31.36.0-255,66,301726,13,362657
15839,0.003904,74.125.68.0-255,9992,311718,13,362657
15840,0.003907,172.31.36.0-255,66,311784,13,362657
15841,0.003914,74.125.68.0-255,5738,317522,13,362657
15842,0.003917,172.31.36.0-255,66,317588,13,362657
15843,0.003921,74.125.68.0-255,1484,319072,13,362657
15844,0.003925,74.125.68.0-255,2902,321974,13,362657
15845,0.003928,172.31.36.0-255,66,322040,13,362657
15846,0.003935,74.125.68.0-255,5738,327778,13,362657
15847,0.003937,172.31.36.0-255,66,327844,13,362657
15848,0.00395,74.125.68.0-255,2184,330028,13,362657
15849,0.003953,172.31.36.0-255,66,330094,13,362657
15850,0.003975,74.125.68.0-255,1484,331578,13,362657
15851,0.003979,74.125.68.0-255,1484,333062,13,362657
15852,0.003981,172.31.36.0-255,66,333128,13,362657
15853,0.003997,74.125.68.0-255,1484,334612,13,362657
15854,0.004041,74.125.68.0-255,4320,338932,13,362657
15855,0.004044,172.31.36.0-255,66,338998,13,362657
15856,0.004063,74.125.68.0-255,1484,340482,13,362657
15857,0.00407,74.125.68.0-255,7156,347638,13,362657
15858,0.004073,172.31.36.0-255,66,347704,13,362657
15859,0.004081,74.125.68.0-255,8574,356278,13,362657
15860,0.004084,172.31.36.0-255,66,356344,13,362657
15861,0.004111,74.125.68.0-255,5738,362082,13,362657
15862,0.004114,172.31.36.0-255,66,362148,13,362657
15863,0.004128,172.31.36.0-255,66,362214,13,362657
15864,0.004159,74.125.68.0-255,105,362319,13,362657
15865,0.007089,172.31.36.0-255,101,362420,13,362657
15866,0.007265,172.31.36.0-255,105,362525,13,362657
15867,0.009345,74.125.68.0-255,66,362591,13,362657
15868,0.009507,74.125.68.0-255,66,362657,13,362657
15869,0.0,74.125.24.0-255,143,143,13,281957
15870,2.2e-05,172.31.36.0-255,66,209,13,281957
15871,2.9e-05,74.125.24.0-255,1484,1693,13,281957
15872,3.3e-05,172.31.36.0-255,66,1759,13,281957
15873,3.9e-05,74.125.24.0-255,2902,4661,13,281957
15874,4.2e-05,172.31.36.0-255,66,4727,13,281957
15875,5e-05,74.125.24.0-255,7156,11883,13,281957
15876,5.2e-05,172.31.36.0-255,66,11949,13,281957
15877,5.6e-05,74.125.24.0-255,1939,13888,13,281957
15878,5.8e-05,172.31.36.0-255,66,13954,13,281957
15879,0.000265,74.125.24.0-255,1484,15438,13,281957
15880,0.000271,172.31.36.0-255,66,15504,13,281957
15881,0.000277,74.125.24.0-255,2902,18406,13,281957
15882,0.00028,172.31.36.0-255,66,18472,13,281957
15883,0.000286,74.125.24.0-255,5738,24210,13,281957
15884,0.000288,172.31.36.0-255,66,24276,13,281957
15885,0.000318,74.125.24.0-255,6797,31073,13,281957
15886,0.000321,172.31.36.0-255,66,31139,13,281957
15887,0.000361,74.125.24.0-255,8574,39713,13,281957
15888,0.000365,172.31.36.0-255,66,39779,13,281957
15889,0.000404,74.125.24.0-255,4320,44099,13,281957
15890,0.000406,172.31.36.0-255,66,44165,13,281957
15891,0.000425,74.125.24.0-255,3961,48126,13,281957
15892,0.000427,172.31.36.0-255,66,48192,13,281957
15893,0.000591,74.125.24.0-255,1484,49676,13,281957
15894,0.000596,172.31.36.0-255,66,49742,13,281957
15895,0.000601,74.125.24.0-255,2902,52644,13,281957
15896,0.000604,172.31.36.0-255,66,52710,13,281957
15897,0.000607,74.125.24.0-255,1484,54194,13,281957
15898,0.000609,172.31.36.0-255,66,54260,13,281957
15899,0.000634,74.125.24.0-255,4320,58580,13,281957
15900,0.000638,172.31.36.0-255,66,58646,13,281957
15901,0.000657,74.125.24.0-255,5738,64384,13,281957
15902,0.000659,172.31.36.0-255,66,64450,13,281957
15903,0.000671,74.125.24.0-255,1706,66156,13,281957
15904,0.000673,172.31.36.0-255,66,66222,13,281957
15905,0.000708,74.125.24.0-255,1484,67706,13,281957
15906,0.000724,74.125.24.0-255,2902,70608,13,281957
15907,0.000727,172.31.36.0-255,66,70674,13,281957
15908,0.000734,74.125.24.0-255,5738,76412,13,281957
15909,0.000736,172.31.36.0-255,66,76478,13,281957
15910,0.000773,172.31.36.0-255,66,76544,13,281957
15911,0.000815,74.125.24.0-255,9633,86177,13,281957
15912,0.000819,172.31.36.0-255,66,86243,13,281957
15913,0.001312,74.125.24.0-255,1484,87727,13,281957
15914,0.001332,74.125.24.0-255,2902,90629,13,281957
15915,0.001336,172.31.36.0-255,66,90695,13,281957
15916,0.001343,74.125.24.0-255,5738,96433,13,281957
15917,0.001345,172.31.36.0-255,66,96499,13,281957
15918,0.001369,74.125.24.0-255,8574,105073,13,281957
15919,0.001372,172.31.36.0-255,66,105139,13,281957
15920,0.001406,74.125.24.0-255,4320,109459,13,281957
15921,0.001408,172.31.36.0-255,66,109525,13,281957
15922,0.001419,74.125.24.0-255,10692,120217,13,281957
15923,0.00142,172.31.36.0-255,66,120283,13,281957
15924,0.001424,74.125.24.0-255,1484,121767,13,281957
15925,0.001441,74.125.24.0-255,2902,124669,13,281957
15926,0.001443,172.31.36.0-255,66,124735,13,281957
15927,0.001451,74.125.24.0-255,5738,130473,13,281957
15928,0.001453,172.31.36.0-255,66,130539,13,281957
15929,0.001494,172.31.36.0-255,66,130605,13,281957
15930,0.001498,74.125.24.0-255,1484,132089,13,281957
15931,0.001536,74.125.24.0-255,9274,141363,13,281957
15932,0.001539,172.31.36.0-255,66,141429,13,281957
15933,0.001546,74.125.24.0-255,7156,148585,13,281957
15934,0.001548,172.31.36.0-255,66,148651,13,281957
15935,0.001568,74.125.24.0-255,2902,151553,13,281957
15936,0.001571,172.31.36.0-255,66,151619,13,281957
15937,0.001591,74.125.24.0-255,5738,157357,13,281957
15938,0.001593,172.31.36.0-255,66,157423,13,281957
15939,0.001632,172.31.36.0-255,66,157489,13,281957
15940,0.001637,74.125.24.0-255,2184,159673,13,281957
15941,0.001639,172.31.36.0-255,66,159739,13,281957
15942,0.001706,172.31.36.0-255,66,159805,13,281957
15943,0.001711,74.125.24.0-255,2902,162707,13,281957
15944,0.001714,172.31.36.0-255,66,162773,13,281957
15945,0.001744,74.125.24.0-255,10692,173465,13,281957
15946,0.001747,172.31.36.0-255,66,173531,13,281957
15947,0.001762,172.31.36.0-255,66,173597,13,281957
15948,0.001773,74.125.24.0-255,5738,179335,13,281957
15949,0.001776,172.31.36.0-255,66,179401,13,281957
15950,0.001798,74.125.24.0-255,2902,182303,13,281957
15951,0.001801,172.31.36.0-255,66,182369,13,281957
15952,0.001832,74.125.24.0-255,10692,193061,13,281957
15953,0.001835,172.31.36.0-255,66,193127,13,281957
15954,0.001852,74.125.24.0-255,1484,194611,13,281957
15955,0.001877,74.125.24.0-255,9992,204603,13,281957
15956,0.001881,172.31.36.0-255,66,204669,13,281957
15957,0.001894,172.31.36.0-255,66,204735,13,281957
15958,0.001925,74.125.24.0-255,9274,214009,13,281957
15959,0.001929,172.31.36.0-255,66,214075,13,281957
15960,0.001952,74.125.24.0-255,1484,215559,13,281957
15961,0.001976,74.125.24.0-255,2902,218461,13,281957
15962,0.001979,172.31.36.0-255,66,218527,13,281957
15963,0.001985,74.125.24.0-255,5738,224265,13,281957
15964,0.001988,172.31.36.0-255,66,224331,13,281957
15965,0.001992,74.125.24.0-255,2902,227233,13,281957
15966,0.001994,172.31.36.0-255,66,227299,13,281957
15967,0.002027,74.125.24.0-255,9992,237291,13,281957
15968,0.002031,172.31.36.0-255,66,237357,13,281957
15969,0.00204,74.125.24.0-255,9992,247349,13,281957
15970,0.002043,172.31.36.0-255,66,247415,13,281957
15971,0.002045,74.125.24.0-255,766,248181,13,281957
15972,0.002093,74.125.24.0-255,1484,249665,13,281957
15973,0.002097,172.31.36.0-255,66,249731,13,281957
15974,0.002103,74.125.24.0-255,4320,254051,13,281957
15975,0.002105,172.31.36.0-255,66,254117,13,281957
15976,0.002109,74.125.24.0-255,1484,255601,13,281957
15977,0.002134,74.125.24.0-255,2902,258503,13,281957
15978,0.002136,172.31.36.0-255,66,258569,13,281957
15979,0.002143,74.125.24.0-255,5738,264307,13,281957
15980,0.002145,172.31.36.0-255,66,264373,13,281957
15981,0.002164,74.125.24.0-255,7156,271529,13,281957
15982,0.002167,172.31.36.0-255,66,271595,13,281957
15983,0.002199,172.31.36.0-255,66,271661,13,281957
15984,0.002216,74.125.24.0-255,4320,275981,13,281957
15985,0.002237,74.125.24.0-255,5568,281549,13,281957
15986,0.002242,172.31.36.0-255,66,281615,13,281957
15987,0.002272,74.125.24.0-255,105,281720,13,281957
15988,0.008656,172.31.36.0-255,66,281786,13,281957
15989,0.008701,172.31.36.0-255,105,281891,13,281957
15990,0.011042,74.125.24.0-255,66,281957,13,281957
15991,0.0,74.125.130.0-255,153,153,13,135684
15992,3e-05,172.31.36.0-255,66,219,13,135684
15993,3.7e-05,74.125.130.0-255,1484,1703,13,135684
15994,4e-05,172.31.36.0-255,66,1769,13,135684
15995,4.5e-05,74.125.130.0-255,2902,4671,13,135684
15996,5.5e-05,172.31.36.0-255,66,4737,13,135684
15997,5.9e-05,74.125.130.0-255,2902,7639,13,135684
15998,6.1e-05,172.31.36.0-255,66,7705,13,135684
15999,9.3e-05,74.125.130.0-255,2902,10607,13,135684
16000,9.6e-05,172.31.36.0-255,66,10673,13,135684
16001,0.000102,74.125.130.0-255,6265,16938,13,135684
16002,0.000104,172.31.36.0-255,66,17004,13,135684
16003,0.000107,74.125.130.0-255,2902,19906,13,135684
16004,0.000108,172.31.36.0-255,66,19972,13,135684
16005,0.000118,74.125.130.0-255,4320,24292,13,135684
16006,0.00012,172.31.36.0-255,66,24358,13,135684
16007,0.000148,74.125.130.0-255,2902,27260,13,135684
16008,0.00015,172.31.36.0-255,66,27326,13,135684
16009,0.000169,74.125.130.0-255,5738,33064,13,135684
16010,0.000172,172.31.36.0-255,66,33130,13,135684
16011,0.000195,74.125.130.0-255,4320,37450,13,135684
16012,0.000198,172.31.36.0-255,66,37516,13,135684
16013,0.00022,74.125.130.0-255,2902,40418,13,135684
16014,0.000222,172.31.36.0-255,66,40484,13,135684
16015,0.000248,74.125.130.0-255,4320,44804,13,135684
16016,0.000252,172.31.36.0-255,66,44870,13,135684
16017,0.000255,74.125.130.0-255,1484,46354,13,135684
16018,0.000257,172.31.36.0-255,66,46420,13,135684
16019,0.000282,74.125.130.0-255,1484,47904,13,135684
16020,0.000288,172.31.36.0-255,66,47970,13,135684
16021,0.00031,74.125.130.0-255,2184,50154,13,135684
16022,0.000313,172.31.36.0-255,66,50220,13,135684
16023,0.000316,74.125.130.0-255,1484,51704,13,135684
16024,0.000337,74.125.130.0-255,1484,53188,13,135684
16025,0.000341,74.125.130.0-255,2902,56090,13,135684
16026,0.000347,172.31.36.0-255,66,56156,13,135684
16027,0.000353,74.125.130.0-255,4320,60476,13,135684
16028,0.000356,74.125.130.0-255,1484,61960,13,135684
16029,0.000363,172.31.36.0-255,66,62026,13,135684
16030,0.000375,74.125.130.0-255,1484,63510,13,135684
16031,0.000413,74.125.130.0-255,2795,66305,13,135684
16032,0.000422,172.31.36.0-255,66,66371,13,135684
16033,0.000651,74.125.130.0-255,119,66490,13,135684
16034,0.000692,172.31.36.0-255,66,66556,13,135684
16035,0.000976,74.125.130.0-255,1484,68040,13,135684
16036,0.000982,74.125.130.0-255,1484,69524,13,135684
16037,0.000994,74.125.130.0-255,1484,71008,13,135684
16038,0.000999,74.125.130.0-255,4320,75328,13,135684
16039,0.001018,74.125.130.0-255,1484,76812,13,135684
16040,0.00102,74.125.130.0-255,1484,78296,13,135684
16041,0.001023,74.125.130.0-255,2902,81198,13,135684
16042,0.001037,74.125.130.0-255,2902,84100,13,135684
16043,0.001049,74.125.130.0-255,2902,87002,13,135684
16044,0.001067,74.125.130.0-255,4320,91322,13,135684
16045,0.001128,74.125.130.0-255,1484,92806,13,135684
16046,0.001143,74.125.130.0-255,1484,94290,13,135684
16047,0.001148,74.125.130.0-255,4320,98610,13,135684
16048,0.00117,74.125.130.0-255,2184,100794,13,135684
16049,0.003842,172.31.36.0-255,66,100860,13,135684
16050,0.006311,74.125.130.0-255,5738,106598,13,135684
16051,0.006316,172.31.36.0-255,66,106664,13,135684
16052,0.008786,74.125.130.0-255,5738,112402,13,135684
16053,0.008793,172.31.36.0-255,66,112468,13,135684
16054,0.011263,74.125.130.0-255,5738,118206,13,135684
16055,0.011271,172.31.36.0-255,66,118272,13,135684
16056,0.013741,74.125.130.0-255,5738,124010,13,135684
16057,0.013748,172.31.36.0-255,66,124076,13,135684
16058,0.016234,74.125.130.0-255,5738,129814,13,135684
16059,0.016243,172.31.36.0-255,66,129880,13,135684
16060,0.018724,74.125.130.0-255,5738,135618,13,135684
16061,0.018733,172.31.36.0-255,66,135684,13,135684
16062,0.0,172.31.36.0-255,105,105,13,276
16063,0.001803,157.240.13.0-255,105,210,13,276
16064,0.001816,172.31.36.0-255,66,276,13,276
16065,0.0,74.125.68.0-255,153,153,13,283136
16066,2.6e-05,172.31.36.0-255,66,219,13,283136
16067,3.3e-05,74.125.68.0-255,1484,1703,13,283136
16068,3.8e-05,172.31.36.0-255,66,1769,13,283136
16069,4.5e-05,74.125.68.0-255,2902,4671,13,283136
16070,4.9e-05,172.31.36.0-255,66,4737,13,283136
16071,5.6e-05,74.125.68.0-255,5738,10475,13,283136
16072,5.9e-05,172.31.36.0-255,66,10541,13,283136
16073,0.000107,74.125.68.0-255,3467,14008,13,283136
16074,0.00011,172.31.36.0-255,66,14074,13,283136
16075,0.000457,74.125.68.0-255,1484,15558,13,283136
16076,0.000463,172.31.36.0-255,66,15624,13,283136
16077,0.000469,74.125.68.0-255,2902,18526,13,283136
16078,0.000471,172.31.36.0-255,66,18592,13,283136
16079,0.00049,74.125.68.0-255,5738,24330,13,283136
16080,0.000493,172.31.36.0-255,66,24396,13,283136
16081,0.000523,74.125.68.0-255,6797,31193,13,283136
16082,0.000526,172.31.36.0-255,66,31259,13,283136
16083,0.000552,74.125.68.0-255,7156,38415,13,283136
16084,0.000556,172.31.36.0-255,66,38481,13,283136
16085,0.000563,74.125.68.0-255,5738,44219,13,283136
16086,0.000565,172.31.36.0-255,66,44285,13,283136
16087,0.000588,74.125.68.0-255,1484,45769,13,283136
16088,0.00059,172.31.36.0-255,66,45835,13,283136
16089,0.0006,74.125.68.0-255,8574,54409,13,283136
16090,0.000603,172.31.36.0-255,66,54475,13,283136
16091,0.000641,74.125.68.0-255,10692,65167,13,283136
16092,0.000645,172.31.36.0-255,66,65233,13,283136
16093,0.000648,74.125.68.0-255,443,65676,13,283136
16094,0.00065,172.31.36.0-255,66,65742,13,283136
16095,0.00073,74.125.68.0-255,1484,67226,13,283136
16096,0.000735,172.31.36.0-255,66,67292,13,283136
16097,0.000748,74.125.68.0-255,2902,70194,13,283136
16098,0.000751,172.31.36.0-255,66,70260,13,283136
16099,0.000759,74.125.68.0-255,5738,75998,13,283136
16100,0.000762,172.31.36.0-255,66,76064,13,283136
16101,0.000784,74.125.68.0-255,7156,83220,13,283136
16102,0.000787,172.31.36.0-255,66,83286,13,283136
16103,0.000805,74.125.68.0-255,1484,84770,13,283136
16104,0.00083,74.125.68.0-255,8574,93344,13,283136
16105,0.000834,172.31.36.0-255,66,93410,13,283136
16106,0.000859,74.125.68.0-255,1484,94894,13,283136
16107,0.000875,74.125.68.0-255,5286,100180,13,283136
16108,0.000878,172.31.36.0-255,66,100246,13,283136
16109,0.001215,74.125.68.0-255,1484,101730,13,283136
16110,0.001234,74.125.68.0-255,2902,104632,13,283136
16111,0.001241,74.125.68.0-255,5738,110370,13,283136
16112,0.001246,172.31.36.0-255,66,110436,13,283136
16113,0.001253,172.31.36.0-255,66,110502,13,283136
16114,0.001301,74.125.68.0-255,4320,114822,13,283136
16115,0.001303,172.31.36.0-255,66,114888,13,283136
16116,0.001319,74.125.68.0-255,1484,116372,13,283136
16117,0.001325,74.125.68.0-255,7156,123528,13,283136
16118,0.00133,74.125.68.0-255,4320,127848,13,283136
16119,0.001334,172.31.36.0-255,66,127914,13,283136
16120,0.001337,172.31.36.0-255,66,127980,13,283136
16121,0.001362,74.125.68.0-255,6438,134418,13,283136
16122,0.001366,172.31.36.0-255,66,134484,13,283136
16123,0.001649,74.125.68.0-255,1484,135968,13,283136
16124,0.001668,74.125.68.0-255,1484,137452,13,283136
16125,0.001672,172.31.36.0-255,66,137518,13,283136
16126,0.001678,74.125.68.0-255,2902,140420,13,283136
16127,0.00168,172.31.36.0-255,66,140486,13,283136
16128,0.001683,74.125.68.0-255,1484,141970,13,283136
16129,0.001702,74.125.68.0-255,4320,146290,13,283136
16130,0.001704,172.31.36.0-255,66,146356,13,283136
16131,0.001741,74.125.68.0-255,9992,156348,13,283136
16132,0.001744,172.31.36.0-255,66,156414,13,283136
16133,0.001752,74.125.68.0-255,7156,163570,13,283136
16134,0.001754,172.31.36.0-255,66,163636,13,283136
16135,0.001776,74.125.68.0-255,4320,167956,13,283136
16136,0.001779,74.125.68.0-255,766,168722,13,283136
16137,0.001782,172.31.36.0-255,66,168788,13,283136
16138,0.001819,74.125.68.0-255,1484,170272,13,283136
16139,0.001823,172.31.36.0-255,66,170338,13,283136
16140,0.001837,74.125.68.0-255,2902,173240,13,283136
16141,0.00184,172.31.36.0-255,66,173306,13,283136
16142,0.001845,74.125.68.0-255,2902,176208,13,283136
16143,0.001848,172.31.36.0-255,66,176274,13,283136
16144,0.001873,74.125.68.0-255,2902,179176,13,283136
16145,0.001876,172.31.36.0-255,66,179242,13,283136
16146,0.001884,74.125.68.0-255,7156,186398,13,283136
16147,0.001886,172.31.36.0-255,66,186464,13,283136
16148,0.001889,74.125.68.0-255,1484,187948,13,283136
16149,0.001919,74.125.68.0-255,7156,195104,13,283136
16150,0.001923,172.31.36.0-255,66,195170,13,283136
16151,0.00193,74.125.68.0-255,7156,202326,13,283136
16152,0.001932,172.31.36.0-255,66,202392,13,283136
16153,0.00195,74.125.68.0-255,766,203158,13,283136
16154,0.002151,74.125.68.0-255,1484,204642,13,283136
16155,0.002155,172.31.36.0-255,66,204708,13,283136
16156,0.002161,74.125.68.0-255,2902,207610,13,283136
16157,0.002163,172.31.36.0-255,66,207676,13,283136
16158,0.002167,74.125.68.0-255,1484,209160,13,283136
16159,0.002192,74.125.68.0-255,2902,212062,13,283136
16160,0.002194,172.31.36.0-255,66,212128,13,283136
16161,0.002201,74.125.68.0-255,5738,217866,13,283136
16162,0.002203,172.31.36.0-255,66,217932,13,283136
16163,0.002232,74.125.68.0-255,5738,223670,13,283136
16164,0.002235,172.31.36.0-255,66,223736,13,283136
16165,0.002254,74.125.68.0-255,5738,229474,13,283136
16166,0.002256,172.31.36.0-255,66,229540,13,283136
16167,0.002279,74.125.68.0-255,4320,233860,13,283136
16168,0.002281,172.31.36.0-255,66,233926,13,283136
16169,0.002295,74.125.68.0-255,3602,237528,13,283136
16170,0.002298,172.31.36.0-255,66,237594,13,283136
16171,0.002334,74.125.68.0-255,1484,239078,13,283136
16172,0.002356,74.125.68.0-255,2902,241980,13,283136
16173,0.002359,172.31.36.0-255,66,242046,13,283136
16174,0.004627,74.125.68.0-255,1484,243530,13,283136
16175,0.004684,74.125.68.0-255,1484,245014,13,283136
16176,0.004689,172.31.36.0-255,66,245080,13,283136
16177,0.00471,74.125.68.0-255,2902,247982,13,283136
16178,0.004713,172.31.36.0-255,66,248048,13,283136
16179,0.007018,74.125.68.0-255,2902,250950,13,283136
16180,0.007021,172.31.36.0-255,66,251016,13,283136
16181,0.007046,74.125.68.0-255,2902,253918,13,283136
16182,0.007048,172.31.36.0-255,66,253984,13,283136
16183,0.00935,74.125.68.0-255,2902,256886,13,283136
16184,0.009358,172.31.36.0-255,66,256952,13,283136
16185,0.009379,74.125.68.0-255,2902,259854,13,283136
16186,0.009381,172.31.36.0-255,66,259920,13,283136
16187,0.011704,74.125.68.0-255,5738,265658,13,283136
16188,0.011712,172.31.36.0-255,66,265724,13,283136
16189,0.014048,74.125.68.0-255,5738,271462,13,283136
16190,0.014057,172.31.36.0-255,66,271528,13,283136
16191,0.016417,74.125.68.0-255,5738,277266,13,283136
16192,0.016426,172.31.36.0-255,66,277332,13,283136
16193,0.018772,74.125.68.0-255,5738,283070,13,283136
16194,0.018781,172.31.36.0-255,66,283136,13,283136
16195,0.0,172.31.36.0-255,66,66,13,66
16196,0.0,74.125.130.0-255,153,153,13,239757
16197,2.4e-05,172.31.36.0-255,66,219,13,239757
16198,3.1e-05,74.125.130.0-255,1484,1703,13,239757
16199,3.5e-05,172.31.36.0-255,66,1769,13,239757
16200,4.2e-05,74.125.130.0-255,2902,4671,13,239757
16201,4.5e-05,172.31.36.0-255,66,4737,13,239757
16202,5.2e-05,74.125.130.0-255,4320,9057,13,239757
16203,5.5e-05,172.31.36.0-255,66,9123,13,239757
16204,7.5e-05,74.125.130.0-255,1484,10607,13,239757
16205,7.8e-05,172.31.36.0-255,66,10673,13,239757
16206,0.000103,74.125.130.0-255,3457,14130,13,239757
16207,0.000106,172.31.36.0-255,66,14196,13,239757
16208,0.000134,74.125.130.0-255,1484,15680,13,239757
16209,0.000136,172.31.36.0-255,66,15746,13,239757
16210,0.00015,74.125.130.0-255,2902,18648,13,239757
16211,0.000153,172.31.36.0-255,66,18714,13,239757
16212,0.000176,74.125.130.0-255,2902,21616,13,239757
16213,0.00018,172.31.36.0-255,66,21682,13,239757
16214,0.000215,74.125.130.0-255,2902,24584,13,239757
16215,0.000217,172.31.36.0-255,66,24650,13,239757
16216,0.000234,74.125.130.0-255,1484,26134,13,239757
16217,0.000236,172.31.36.0-255,66,26200,13,239757
16218,0.000243,74.125.130.0-255,5379,31579,13,239757
16219,0.000245,172.31.36.0-255,66,31645,13,239757
16220,0.000369,74.125.130.0-255,1484,33129,13,239757
16221,0.000374,172.31.36.0-255,66,33195,13,239757
16222,0.000379,74.125.130.0-255,1484,34679,13,239757
16223,0.000381,172.31.36.0-255,66,34745,13,239757
16224,0.000394,74.125.130.0-255,1484,36229,13,239757
16225,0.000397,172.31.36.0-255,66,36295,13,239757
16226,0.000404,74.125.130.0-255,5738,42033,13,239757
16227,0.000406,172.31.36.0-255,66,42099,13,239757
16228,0.000428,74.125.130.0-255,4320,46419,13,239757
16229,0.000431,172.31.36.0-255,66,46485,13,239757
16230,0.000452,74.125.130.0-255,2543,49028,13,239757
16231,0.000455,172.31.36.0-255,66,49094,13,239757
16232,0.000463,74.125.130.0-255,7156,56250,13,239757
16233,0.000465,172.31.36.0-255,66,56316,13,239757
16234,0.000496,74.125.130.0-255,7156,63472,13,239757
16235,0.000499,172.31.36.0-255,66,63538,13,239757
16236,0.000529,74.125.130.0-255,2543,66081,13,239757
16237,0.000532,172.31.36.0-255,66,66147,13,239757
16238,0.000634,74.125.130.0-255,646,66793,13,239757
16239,0.000841,74.125.130.0-255,1484,68277,13,239757
16240,0.000846,172.31.36.0-255,66,68343,13,239757
16241,0.000851,74.125.130.0-255,2902,71245,13,239757
16242,0.000853,172.31.36.0-255,66,71311,13,239757
16243,0.000859,74.125.130.0-255,4320,75631,13,239757
16244,0.000861,172.31.36.0-255,66,75697,13,239757
16245,0.000882,74.125.130.0-255,1484,77181,13,239757
16246,0.000887,74.125.130.0-255,2902,80083,13,239757
16247,0.00089,172.31.36.0-255,66,80149,13,239757
16248,0.000896,74.125.130.0-255,4320,84469,13,239757
16249,0.000898,172.31.36.0-255,66,84535,13,239757
16250,0.000922,74.125.130.0-255,7156,91691,13,239757
16251,0.000924,172.31.36.0-255,66,91757,13,239757
16252,0.000941,74.125.130.0-255,1484,93241,13,239757
16253,0.000946,74.125.130.0-255,2902,96143,13,239757
16254,0.000949,172.31.36.0-255,66,96209,13,239757
16255,0.000984,74.125.130.0-255,5020,101229,13,239757
16256,0.000987,172.31.36.0-255,66,101295,13,239757
16257,0.001519,74.125.130.0-255,1484,102779,13,239757
16258,0.001541,74.125.130.0-255,2902,105681,13,239757
16259,0.001545,172.31.36.0-255,66,105747,13,239757
16260,0.001569,74.125.130.0-255,5738,111485,13,239757
16261,0.001571,172.31.36.0-255,66,111551,13,239757
16262,0.001597,74.125.130.0-255,7156,118707,13,239757
16263,0.001599,172.31.36.0-255,66,118773,13,239757
16264,0.001602,74.125.130.0-255,1484,120257,13,239757
16265,0.001622,74.125.130.0-255,7156,127413,13,239757
16266,0.001624,172.31.36.0-255,66,127479,13,239757
16267,0.001645,74.125.130.0-255,5738,133217,13,239757
16268,0.001648,172.31.36.0-255,66,133283,13,239757
16269,0.001661,74.125.130.0-255,2184,135467,13,239757
16270,0.001664,172.31.36.0-255,66,135533,13,239757
16271,0.002064,74.125.130.0-255,1484,137017,13,239757
16272,0.002072,74.125.130.0-255,2902,139919,13,239757
16273,0.002076,172.31.36.0-255,66,139985,13,239757
16274,0.002081,74.125.130.0-255,1484,141469,13,239757
16275,0.0021,74.125.130.0-255,4320,145789,13,239757
16276,0.002103,172.31.36.0-255,66,145855,13,239757
16277,0.002106,74.125.130.0-255,1484,147339,13,239757
16278,0.002125,74.125.130.0-255,5738,153077,13,239757
16279,0.002128,172.31.36.0-255,66,153143,13,239757
16280,0.002154,74.125.130.0-255,4320,157463,13,239757
16281,0.002157,172.31.36.0-255,66,157529,13,239757
16282,0.002182,74.125.130.0-255,7156,164685,13,239757
16283,0.002184,172.31.36.0-255,66,164751,13,239757
16284,0.002202,74.125.130.0-255,2902,167653,13,239757
16285,0.002204,172.31.36.0-255,66,167719,13,239757
16286,0.00223,74.125.130.0-255,2184,169903,13,239757
16287,0.002233,172.31.36.0-255,66,169969,13,239757
16288,0.002489,74.125.130.0-255,1484,171453,13,239757
16289,0.002495,74.125.130.0-255,1484,172937,13,239757
16290,0.002499,172.31.36.0-255,66,173003,13,239757
16291,0.002515,74.125.130.0-255,1484,174487,13,239757
16292,0.002523,74.125.130.0-255,5738,180225,13,239757
16293,0.002525,172.31.36.0-255,66,180291,13,239757
16294,0.002538,74.125.130.0-255,1484,181775,13,239757
16295,0.002558,74.125.130.0-255,7156,188931,13,239757
16296,0.002561,172.31.36.0-255,66,188997,13,239757
16297,0.002564,74.125.130.0-255,1484,190481,13,239757
16298,0.002582,74.125.130.0-255,8574,199055,13,239757
16299,0.002585,172.31.36.0-255,66,199121,13,239757
16300,0.00259,74.125.130.0-255,2902,202023,13,239757
16301,0.002592,172.31.36.0-255,66,202089,13,239757
16302,0.002606,74.125.130.0-255,1484,203573,13,239757
16303,0.00262,74.125.130.0-255,766,204339,13,239757
16304,0.002622,172.31.36.0-255,66,204405,13,239757
16305,0.00521,74.125.130.0-255,2902,207307,13,239757
16306,0.005217,172.31.36.0-255,66,207373,13,239757
16307,0.005272,74.125.130.0-255,2902,210275,13,239757
16308,0.005275,172.31.36.0-255,66,210341,13,239757
16309,0.00782,74.125.130.0-255,2902,213243,13,239757
16310,0.007826,172.31.36.0-255,66,213309,13,239757
16311,0.007872,74.125.130.0-255,2902,216211,13,239757
16312,0.007875,172.31.36.0-255,66,216277,13,239757
16313,0.010439,74.125.130.0-255,2902,219179,13,239757
16314,0.010447,172.31.36.0-255,66,219245,13,239757
16315,0.010481,74.125.130.0-255,2902,222147,13,239757
16316,0.010484,172.31.36.0-255,66,222213,13,239757
16317,0.013064,74.125.130.0-255,2902,225115,13,239757
16318,0.013074,172.31.36.0-255,66,225181,13,239757
16319,0.013093,74.125.130.0-255,2902,228083,13,239757
16320,0.013096,172.31.36.0-255,66,228149,13,239757
16321,0.015699,74.125.130.0-255,5738,233887,13,239757
16322,0.015709,172.31.36.0-255,66,233953,13,239757
16323,0.018338,74.125.130.0-255,5738,239691,13,239757
16324,0.018347,172.31.36.0-255,66,239757,13,239757
16325,0.0,172.217.194.0-255,153,153,13,170648
16326,3.5e-05,172.31.36.0-255,66,219,13,170648
16327,4.2e-05,172.217.194.0-255,1484,1703,13,170648
16328,4.7e-05,172.31.36.0-255,66,1769,13,170648
16329,5.2e-05,172.217.194.0-255,2902,4671,13,170648
16330,5.4e-05,172.31.36.0-255,66,4737,13,170648
16331,6e-05,172.217.194.0-255,7156,11893,13,170648
16332,6.3e-05,172.31.36.0-255,66,11959,13,170648
16333,6.8e-05,172.217.194.0-255,4876,16835,13,170648
16334,7.1e-05,172.31.36.0-255,66,16901,13,170648
16335,8e-05,172.217.194.0-255,8574,25475,13,170648
16336,8.2e-05,172.31.36.0-255,66,25541,13,170648
16337,0.000107,172.217.194.0-255,5379,30920,13,170648
16338,0.00011,172.31.36.0-255,66,30986,13,170648
16339,0.000126,172.217.194.0-255,1484,32470,13,170648
16340,0.000128,172.31.36.0-255,66,32536,13,170648
16341,0.000133,172.217.194.0-255,2902,35438,13,170648
16342,0.000135,172.31.36.0-255,66,35504,13,170648
16343,0.000165,172.217.194.0-255,5738,41242,13,170648
16344,0.000168,172.31.36.0-255,66,41308,13,170648
16345,0.000215,172.217.194.0-255,6797,48105,13,170648
16346,0.000218,172.31.36.0-255,66,48171,13,170648
16347,0.001804,172.217.194.0-255,1484,49655,13,170648
16348,0.001811,172.31.36.0-255,66,49721,13,170648
16349,0.001821,172.217.194.0-255,2902,52623,13,170648
16350,0.001823,172.31.36.0-255,66,52689,13,170648
16351,0.00183,172.217.194.0-255,5738,58427,13,170648
16352,0.001832,172.31.36.0-255,66,58493,13,170648
16353,0.001854,172.217.194.0-255,6797,65290,13,170648
16354,0.001857,172.31.36.0-255,66,65356,13,170648
16355,0.00188,172.217.194.0-255,7156,72512,13,170648
16356,0.001882,172.31.36.0-255,66,72578,13,170648
16357,0.001906,172.217.194.0-255,7156,79734,13,170648
16358,0.001908,172.31.36.0-255,66,79800,13,170648
16359,0.001914,172.217.194.0-255,4320,84120,13,170648
16360,0.001915,172.31.36.0-255,66,84186,13,170648
16361,0.001941,172.31.36.0-255,66,84252,13,170648
16362,0.002064,172.217.194.0-255,1484,85736,13,170648
16363,0.002081,172.217.194.0-255,2902,88638,13,170648
16364,0.002083,172.217.194.0-255,1484,90122,13,170648
16365,0.002088,172.31.36.0-255,66,90188,13,170648
16366,0.002102,172.217.194.0-255,4320,94508,13,170648
16367,0.002105,172.31.36.0-255,66,94574,13,170648
16368,0.002112,172.217.194.0-255,6814,101388,13,170648
16369,0.002114,172.31.36.0-255,66,101454,13,170648
16370,0.002183,172.217.194.0-255,1484,102938,13,170648
16371,0.0022,172.217.194.0-255,2902,105840,13,170648
16372,0.002203,172.31.36.0-255,66,105906,13,170648
16373,0.002239,172.217.194.0-255,5738,111644,13,170648
16374,0.002242,172.31.36.0-255,66,111710,13,170648
16375,0.00226,172.217.194.0-255,1484,113194,13,170648
16376,0.002274,172.217.194.0-255,1484,114678,13,170648
16377,0.002277,172.31.36.0-255,66,114744,13,170648
16378,0.002303,172.217.194.0-255,9992,124736,13,170648
16379,0.002306,172.31.36.0-255,66,124802,13,170648
16380,0.002313,172.217.194.0-255,7156,131958,13,170648
16381,0.002315,172.31.36.0-255,66,132024,13,170648
16382,0.00234,172.217.194.0-255,1484,133508,13,170648
16383,0.002344,172.217.194.0-255,2184,135692,13,170648
16384,0.002346,172.31.36.0-255,66,135758,13,170648
16385,0.004892,172.217.194.0-255,1484,137242,13,170648
16386,0.004934,172.217.194.0-255,4320,141562,13,170648
16387,0.004939,172.31.36.0-255,66,141628,13,170648
16388,0.007527,172.217.194.0-255,5738,147366,13,170648
16389,0.007535,172.31.36.0-255,66,147432,13,170648
16390,0.010118,172.217.194.0-255,5738,153170,13,170648
16391,0.010128,172.31.36.0-255,66,153236,13,170648
16392,0.012684,172.217.194.0-255,5738,158974,13,170648
16393,0.012698,172.31.36.0-255,66,159040,13,170648
16394,0.01529,172.217.194.0-255,5738,164778,13,170648
16395,0.015299,172.31.36.0-255,66,164844,13,170648
16396,0.017876,172.217.194.0-255,5738,170582,13,170648
16397,0.017887,172.31.36.0-255,66,170648,13,170648
16398,0.0,74.125.130.0-255,153,153,13,344355
16399,2.1e-05,172.31.36.0-255,66,219,13,344355
16400,2.9e-05,74.125.130.0-255,1484,1703,13,344355
16401,3.4e-05,172.31.36.0-255,66,1769,13,344355
16402,4e-05,74.125.130.0-255,2902,4671,13,344355
16403,5.4e-05,172.31.36.0-255,66,4737,13,344355
16404,6.2e-05,74.125.130.0-255,5738,10475,13,344355
16405,6.6e-05,172.31.36.0-255,66,10541,13,344355
16406,8.7e-05,74.125.130.0-255,6267,16808,13,344355
16407,9.5e-05,172.31.36.0-255,66,16874,13,344355
16408,0.000126,74.125.130.0-255,8574,25448,13,344355
16409,0.000129,172.31.36.0-255,66,25514,13,344355
16410,0.000156,74.125.130.0-255,4320,29834,13,344355
16411,0.000159,172.31.36.0-255,66,29900,13,344355
16412,0.000183,74.125.130.0-255,1125,31025,13,344355
16413,0.000186,172.31.36.0-255,66,31091,13,344355
16414,0.000274,74.125.130.0-255,1484,32575,13,344355
16415,0.000278,172.31.36.0-255,66,32641,13,344355
16416,0.000283,74.125.130.0-255,2902,35543,13,344355
16417,0.000286,172.31.36.0-255,66,35609,13,344355
16418,0.000291,74.125.130.0-255,2902,38511,13,344355
16419,0.000293,172.31.36.0-255,66,38577,13,344355
16420,0.000334,74.125.130.0-255,2902,41479,13,344355
16421,0.000338,172.31.36.0-255,66,41545,13,344355
16422,0.000344,74.125.130.0-255,4320,45865,13,344355
16423,0.000347,172.31.36.0-255,66,45931,13,344355
16424,0.000353,74.125.130.0-255,5379,51310,13,344355
16425,0.000356,172.31.36.0-255,66,51376,13,344355
16426,0.000362,74.125.130.0-255,4320,55696,13,344355
16427,0.000365,172.31.36.0-255,66,55762,13,344355
16428,0.000408,74.125.130.0-255,5738,61500,13,344355
16429,0.000411,172.31.36.0-255,66,61566,13,344355
16430,0.000417,74.125.130.0-255,4280,65846,13,344355
16431,0.000419,172.31.36.0-255,66,65912,13,344355
16432,0.000444,74.125.130.0-255,367,66279,13,344355
16433,0.000606,74.125.130.0-255,1484,67763,13,344355
16434,0.000612,172.31.36.0-255,66,67829,13,344355
16435,0.000648,74.125.130.0-255,2902,70731,13,344355
16436,0.000651,172.31.36.0-255,66,70797,13,344355
16437,0.000659,74.125.130.0-255,5738,76535,13,344355
16438,0.000661,172.31.36.0-255,66,76601,13,344355
16439,0.000667,74.125.130.0-255,4320,80921,13,344355
16440,0.000669,172.31.36.0-255,66,80987,13,344355
16441,0.000711,74.125.130.0-255,8574,89561,13,344355
16442,0.000715,172.31.36.0-255,66,89627,13,344355
16443,0.000724,74.125.130.0-255,8574,98201,13,344355
16444,0.000726,172.31.36.0-255,66,98267,13,344355
16445,0.000759,74.125.130.0-255,1635,99902,13,344355
16446,0.000778,172.31.36.0-255,66,99968,13,344355
16447,0.000851,74.125.130.0-255,1484,101452,13,344355
16448,0.000854,74.125.130.0-255,1484,102936,13,344355
16449,0.000861,172.31.36.0-255,66,103002,13,344355
16450,0.000889,74.125.130.0-255,2902,105904,13,344355
16451,0.000892,172.31.36.0-255,66,105970,13,344355
16452,0.000898,74.125.130.0-255,5738,111708,13,344355
16453,0.000901,172.31.36.0-255,66,111774,13,344355
16454,0.000945,172.31.36.0-255,66,111840,13,344355
16455,0.000984,74.125.130.0-255,8574,120414,13,344355
16456,0.000988,172.31.36.0-255,66,120480,13,344355
16457,0.001015,74.125.130.0-255,2184,122664,13,344355
16458,0.001019,172.31.36.0-255,66,122730,13,344355
16459,0.001158,74.125.130.0-255,1484,124214,13,344355
16460,0.001162,74.125.130.0-255,1484,125698,13,344355
16461,0.001165,172.31.36.0-255,66,125764,13,344355
16462,0.001193,74.125.130.0-255,1484,127248,13,344355
16463,0.001201,74.125.130.0-255,5738,132986,13,344355
16464,0.001203,172.31.36.0-255,66,133052,13,344355
16465,0.001245,172.31.36.0-255,66,133118,13,344355
16466,0.001254,74.125.130.0-255,9992,143110,13,344355
16467,0.001256,172.31.36.0-255,66,143176,13,344355
16468,0.001285,74.125.130.0-255,2184,145360,13,344355
16469,0.001288,172.31.36.0-255,66,145426,13,344355
16470,0.001348,74.125.130.0-255,1484,146910,13,344355
16471,0.001353,74.125.130.0-255,2902,149812,13,344355
16472,0.001356,172.31.36.0-255,66,149878,13,344355
16473,0.001359,74.125.130.0-255,1484,151362,13,344355
16474,0.001387,74.125.130.0-255,2902,154264,13,344355
16475,0.001389,172.31.36.0-255,66,154330,13,344355
16476,0.001396,74.125.130.0-255,5738,160068,13,344355
16477,0.001399,172.31.36.0-255,66,160134,13,344355
16478,0.001429,74.125.130.0-255,4320,164454,13,344355
16479,0.001432,172.31.36.0-255,66,164520,13,344355
16480,0.00146,74.125.130.0-255,7156,171676,13,344355
16481,0.001462,172.31.36.0-255,66,171742,13,344355
16482,0.0015,74.125.130.0-255,7856,179598,13,344355
16483,0.001504,172.31.36.0-255,66,179664,13,344355
16484,0.001528,74.125.130.0-255,1484,181148,13,344355
16485,0.001565,74.125.130.0-255,2902,184050,13,344355
16486,0.001568,172.31.36.0-255,66,184116,13,344355
16487,0.001575,74.125.130.0-255,5738,189854,13,344355
16488,0.001577,172.31.36.0-255,66,189920,13,344355
16489,0.001581,74.125.130.0-255,2902,192822,13,344355
16490,0.001583,172.31.36.0-255,66,192888,13,344355
16491,0.001587,74.125.130.0-255,1484,194372,13,344355
16492,0.001622,74.125.130.0-255,2902,197274,13,344355
16493,0.001625,172.31.36.0-255,66,197340,13,344355
16494,0.001634,74.125.130.0-255,8574,205914,13,344355
16495,0.001637,172.31.36.0-255,66,205980,13,344355
16496,0.001674,74.125.130.0-255,5738,211718,13,344355
16497,0.00168,172.31.36.0-255,66,211784,13,344355
16498,0.00169,74.125.130.0-255,2184,213968,13,344355
16499,0.001692,172.31.36.0-255,66,214034,13,344355
16500,0.001736,74.125.130.0-255,1484,215518,13,344355
16501,0.001758,74.125.130.0-255,2902,218420,13,344355
16502,0.001761,172.31.36.0-255,66,218486,13,344355
16503,0.001766,74.125.130.0-255,2902,221388,13,344355
16504,0.001768,172.31.36.0-255,66,221454,13,344355
16505,0.001795,74.125.130.0-255,2902,224356,13,344355
16506,0.001802,172.31.36.0-255,66,224422,13,344355
16507,0.001807,74.125.130.0-255,2902,227324,13,344355
16508,0.001809,172.31.36.0-255,66,227390,13,344355
16509,0.00182,74.125.130.0-255,4320,231710,13,344355
16510,0.001822,172.31.36.0-255,66,231776,13,344355
16511,0.001831,74.125.130.0-255,8574,240350,13,344355
16512,0.001834,172.31.36.0-255,66,240416,13,344355
16513,0.00184,74.125.130.0-255,5738,246154,13,344355
16514,0.001842,172.31.36.0-255,66,246220,13,344355
16515,0.001879,74.125.130.0-255,2184,248404,13,344355
16516,0.001882,172.31.36.0-255,66,248470,13,344355
16517,0.001984,74.125.130.0-255,1484,249954,13,344355
16518,0.002,74.125.130.0-255,2902,252856,13,344355
16519,0.002003,172.31.36.0-255,66,252922,13,344355
16520,0.00201,74.125.130.0-255,5738,258660,13,344355
16521,0.002013,172.31.36.0-255,66,258726,13,344355
16522,0.002052,74.125.130.0-255,7156,265882,13,344355
16523,0.002055,172.31.36.0-255,66,265948,13,344355
16524,0.002063,74.125.130.0-255,8574,274522,13,344355
16525,0.002066,172.31.36.0-255,66,274588,13,344355
16526,0.00211,74.125.130.0-255,7856,282444,13,344355
16527,0.002114,172.31.36.0-255,66,282510,13,344355
16528,0.002155,74.125.130.0-255,1484,283994,13,344355
16529,0.002176,74.125.130.0-255,2902,286896,13,344355
16530,0.002179,172.31.36.0-255,66,286962,13,344355
16531,0.002184,74.125.130.0-255,2902,289864,13,344355
16532,0.002213,74.125.130.0-255,4320,294184,13,344355
16533,0.00222,74.125.130.0-255,5738,299922,13,344355
16534,0.002251,74.125.130.0-255,2902,302824,13,344355
16535,0.002259,74.125.130.0-255,7156,309980,13,344355
16536,0.002263,74.125.130.0-255,2902,312882,13,344355
16537,0.002283,74.125.130.0-255,5020,317902,13,344355
16538,0.002287,74.125.130.0-255,1484,319386,13,344355
16539,0.002313,74.125.130.0-255,4320,323706,13,344355
16540,0.002321,74.125.130.0-255,7156,330862,13,344355
16541,0.002407,74.125.130.0-255,2902,333764,13,344355
16542,0.002422,74.125.130.0-255,4320,338084,13,344355
16543,0.002435,74.125.130.0-255,4320,342404,13,344355
16544,0.002454,74.125.130.0-255,1609,344013,13,344355
16545,0.002473,74.125.130.0-255,105,344118,13,344355
16546,0.00627,172.31.36.0-255,66,344184,13,344355
16547,0.008723,172.31.36.0-255,105,344289,13,344355
16548,0.011178,74.125.130.0-255,66,344355,13,344355
16549,0.0,172.217.194.0-255,186,186,13,273425
16550,2.5e-05,172.31.36.0-255,66,252,13,273425
16551,3.3e-05,172.217.194.0-255,1484,1736,13,273425
16552,3.8e-05,172.31.36.0-255,66,1802,13,273425
16553,5.2e-05,172.217.194.0-255,2902,4704,13,273425
16554,5.6e-05,172.31.36.0-255,66,4770,13,273425
16555,6.1e-05,172.217.194.0-255,2902,7672,13,273425
16556,6.4e-05,172.31.36.0-255,66,7738,13,273425
16557,0.000102,172.217.194.0-255,6320,14058,13,273425
16558,0.000105,172.31.36.0-255,66,14124,13,273425
16559,0.000228,172.217.194.0-255,1484,15608,13,273425
16560,0.000232,172.31.36.0-255,66,15674,13,273425
16561,0.000237,172.217.194.0-255,2902,18576,13,273425
16562,0.00024,172.31.36.0-255,66,18642,13,273425
16563,0.000244,172.217.194.0-255,2902,21544,13,273425
16564,0.000252,172.31.36.0-255,66,21610,13,273425
16565,0.000286,172.217.194.0-255,2902,24512,13,273425
16566,0.000289,172.31.36.0-255,66,24578,13,273425
16567,0.000298,172.217.194.0-255,6797,31375,13,273425
16568,0.0003,172.31.36.0-255,66,31441,13,273425
16569,0.000389,172.217.194.0-255,1484,32925,13,273425
16570,0.000393,172.31.36.0-255,66,32991,13,273425
16571,0.000399,172.217.194.0-255,2902,35893,13,273425
16572,0.000402,172.31.36.0-255,66,35959,13,273425
16573,0.000431,172.217.194.0-255,5738,41697,13,273425
16574,0.000434,172.31.36.0-255,66,41763,13,273425
16575,0.00044,172.217.194.0-255,4320,46083,13,273425
16576,0.000443,172.31.36.0-255,66,46149,13,273425
16577,0.000509,172.217.194.0-255,2543,48692,13,273425
16578,0.000512,172.31.36.0-255,66,48758,13,273425
16579,0.000824,172.217.194.0-255,1484,50242,13,273425
16580,0.00083,172.31.36.0-255,66,50308,13,273425
16581,0.000836,172.217.194.0-255,2902,53210,13,273425
16582,0.00084,172.31.36.0-255,66,53276,13,273425
16583,0.000846,172.217.194.0-255,4320,57596,13,273425
16584,0.000854,172.31.36.0-255,66,57662,13,273425
16585,0.00086,172.217.194.0-255,5738,63400,13,273425
16586,0.000862,172.31.36.0-255,66,63466,13,273425
16587,0.00089,172.217.194.0-255,2543,66009,13,273425
16588,0.000897,172.31.36.0-255,66,66075,13,273425
16589,0.001412,172.217.194.0-255,1484,67559,13,273425
16590,0.00142,172.217.194.0-255,2902,70461,13,273425
16591,0.001423,172.31.36.0-255,66,70527,13,273425
16592,0.001431,172.217.194.0-255,5738,76265,13,273425
16593,0.001433,172.31.36.0-255,66,76331,13,273425
16594,0.001474,172.217.194.0-255,9992,86323,13,273425
16595,0.001477,172.31.36.0-255,66,86389,13,273425
16596,0.001505,172.217.194.0-255,2902,89291,13,273425
16597,0.001508,172.31.36.0-255,66,89357,13,273425
16598,0.001511,172.217.194.0-255,1484,90841,13,273425
16599,0.001525,172.217.194.0-255,9274,100115,13,273425
16600,0.001528,172.31.36.0-255,66,100181,13,273425
16601,0.001866,172.217.194.0-255,1484,101665,13,273425
16602,0.001875,172.217.194.0-255,2902,104567,13,273425
16603,0.001879,172.31.36.0-255,66,104633,13,273425
16604,0.001901,172.217.194.0-255,5738,110371,13,273425
16605,0.001903,172.31.36.0-255,66,110437,13,273425
16606,0.001909,172.217.194.0-255,4320,114757,13,273425
16607,0.001911,172.31.36.0-255,66,114823,13,273425
16608,0.001915,172.217.194.0-255,1484,116307,13,273425
16609,0.001956,172.217.194.0-255,9992,126299,13,273425
16610,0.001958,172.31.36.0-255,66,126365,13,273425
16611,0.001967,172.217.194.0-255,7856,134221,13,273425
16612,0.001969,172.31.36.0-255,66,134287,13,273425
16613,0.002176,172.217.194.0-255,1484,135771,13,273425
16614,0.002182,172.217.194.0-255,1484,137255,13,273425
16615,0.002185,172.31.36.0-255,66,137321,13,273425
16616,0.002214,172.217.194.0-255,1484,138805,13,273425
16617,0.002222,172.217.194.0-255,5738,144543,13,273425
16618,0.002225,172.31.36.0-255,66,144609,13,273425
16619,0.002231,172.217.194.0-255,2902,147511,13,273425
16620,0.002233,172.31.36.0-255,66,147577,13,273425
16621,0.002263,172.217.194.0-255,5738,153315,13,273425
16622,0.002265,172.31.36.0-255,66,153381,13,273425
16623,0.002293,172.217.194.0-255,4320,157701,13,273425
16624,0.002295,172.31.36.0-255,66,157767,13,273425
16625,0.002304,172.217.194.0-255,8574,166341,13,273425
16626,0.002311,172.31.36.0-255,66,166407,13,273425
16627,0.002349,172.217.194.0-255,4320,170727,13,273425
16628,0.002353,172.31.36.0-255,66,170793,13,273425
16629,0.002388,172.217.194.0-255,10692,181485,13,273425
16630,0.002391,172.31.36.0-255,66,181551,13,273425
16631,0.002407,172.31.36.0-255,66,181617,13,273425
16632,0.002413,172.217.194.0-255,5020,186637,13,273425
16633,0.002415,172.31.36.0-255,66,186703,13,273425
16634,0.002418,172.217.194.0-255,1484,188187,13,273425
16635,0.002449,172.217.194.0-255,2902,191089,13,273425
16636,0.002452,172.31.36.0-255,66,191155,13,273425
16637,0.002459,172.217.194.0-255,5738,196893,13,273425
16638,0.002462,172.31.36.0-255,66,196959,13,273425
16639,0.002472,172.217.194.0-255,4320,201279,13,273425
16640,0.002474,172.31.36.0-255,66,201345,13,273425
16641,0.002509,172.217.194.0-255,4320,205665,13,273425
16642,0.002512,172.31.36.0-255,66,205731,13,273425
16643,0.002519,172.217.194.0-255,1484,207215,13,273425
16644,0.002532,172.31.36.0-255,66,207281,13,273425
16645,0.002537,172.217.194.0-255,3602,210883,13,273425
16646,0.00254,172.31.36.0-255,66,210949,13,273425
16647,0.002545,172.217.194.0-255,4320,215269,13,273425
16648,0.002547,172.31.36.0-255,66,215335,13,273425
16649,0.002555,172.217.194.0-255,5738,221073,13,273425
16650,0.002557,172.31.36.0-255,66,221139,13,273425
16651,0.002595,172.217.194.0-255,4320,225459,13,273425
16652,0.002598,172.31.36.0-255,66,225525,13,273425
16653,0.002624,172.31.36.0-255,66,225591,13,273425
16654,0.002629,172.217.194.0-255,2902,228493,13,273425
16655,0.002631,172.31.36.0-255,66,228559,13,273425
16656,0.002673,172.31.36.0-255,66,228625,13,273425
16657,0.002677,172.217.194.0-255,1484,230109,13,273425
16658,0.002682,172.217.194.0-255,4320,234429,13,273425
16659,0.002685,172.31.36.0-255,66,234495,13,273425
16660,0.002705,172.31.36.0-255,66,234561,13,273425
16661,0.002713,172.217.194.0-255,8574,243135,13,273425
16662,0.002719,172.31.36.0-255,66,243201,13,273425
16663,0.002755,172.31.36.0-255,66,243267,13,273425
16664,0.00278,172.217.194.0-255,766,244033,13,273425
16665,0.002839,172.217.194.0-255,9992,254025,13,273425
16666,0.002863,172.217.194.0-255,4320,258345,13,273425
16667,0.00287,172.217.194.0-255,5020,263365,13,273425
16668,0.002879,172.217.194.0-255,9718,273083,13,273425
16669,0.0029,172.217.194.0-255,105,273188,13,273425
16670,0.009155,172.31.36.0-255,66,273254,13,273425
16671,0.011367,172.31.36.0-255,105,273359,13,273425
16672,0.013699,172.217.194.0-255,66,273425,13,273425
16673,0.0,74.125.24.0-255,215,215,13,140895
16674,2.6e-05,172.31.36.0-255,66,281,13,140895
16675,3.3e-05,74.125.24.0-255,1484,1765,13,140895
16676,3.7e-05,172.31.36.0-255,66,1831,13,140895
16677,5e-05,74.125.24.0-255,4320,6151,13,140895
16678,5.4e-05,172.31.36.0-255,66,6217,13,140895
16679,5.9e-05,74.125.24.0-255,4320,10537,13,140895
16680,6.1e-05,172.31.36.0-255,66,10603,13,140895
16681,9e-05,74.125.24.0-255,4876,15479,13,140895
16682,9.3e-05,172.31.36.0-255,66,15545,13,140895
16683,9.9e-05,74.125.24.0-255,5738,21283,13,140895
16684,0.000102,172.31.36.0-255,66,21349,13,140895
16685,0.000129,74.125.24.0-255,4320,25669,13,140895
16686,0.000133,172.31.36.0-255,66,25735,13,140895
16687,0.000138,74.125.24.0-255,5379,31114,13,140895
16688,0.00014,172.31.36.0-255,66,31180,13,140895
16689,0.000453,74.125.24.0-255,1484,32664,13,140895
16690,0.000457,172.31.36.0-255,66,32730,13,140895
16691,0.000463,74.125.24.0-255,2902,35632,13,140895
16692,0.000466,172.31.36.0-255,66,35698,13,140895
16693,0.000479,74.125.24.0-255,5738,41436,13,140895
16694,0.000483,172.31.36.0-255,66,41502,13,140895
16695,0.000524,74.125.24.0-255,4320,45822,13,140895
16696,0.000528,172.31.36.0-255,66,45888,13,140895
16697,0.000558,74.125.24.0-255,8574,54462,13,140895
16698,0.000562,172.31.36.0-255,66,54528,13,140895
16699,0.000593,74.125.24.0-255,10692,65220,13,140895
16700,0.000597,172.31.36.0-255,66,65286,13,140895
16701,0.000677,74.125.24.0-255,399,65685,13,140895
16702,0.000683,172.31.36.0-255,66,65751,13,140895
16703,0.001665,74.125.24.0-255,344,66095,13,140895
16704,0.001672,172.31.36.0-255,66,66161,13,140895
16705,0.001886,74.125.24.0-255,1484,67645,13,140895
16706,0.001914,74.125.24.0-255,1484,69129,13,140895
16707,0.001917,172.31.36.0-255,66,69195,13,140895
16708,0.001934,74.125.24.0-255,1484,70679,13,140895
16709,0.00194,74.125.24.0-255,5738,76417,13,140895
16710,0.001943,172.31.36.0-255,66,76483,13,140895
16711,0.00195,74.125.24.0-255,8574,85057,13,140895
16712,0.001952,172.31.36.0-255,66,85123,13,140895
16713,0.001988,74.125.24.0-255,9992,95115,13,140895
16714,0.00199,172.31.36.0-255,66,95181,13,140895
16715,0.001996,74.125.24.0-255,5020,100201,13,140895
16716,0.001998,172.31.36.0-255,66,100267,13,140895
16717,0.004344,74.125.24.0-255,5738,106005,13,140895
16718,0.00435,172.31.36.0-255,66,106071,13,140895
16719,0.006695,74.125.24.0-255,5738,111809,13,140895
16720,0.006702,172.31.36.0-255,66,111875,13,140895
16721,0.009014,74.125.24.0-255,5738,117613,13,140895
16722,0.009023,172.31.36.0-255,66,117679,13,140895
16723,0.011393,74.125.24.0-255,5738,123417,13,140895
16724,0.011401,172.31.36.0-255,66,123483,13,140895
16725,0.013748,74.125.24.0-255,5738,129221,13,140895
16726,0.013757,172.31.36.0-255,66,129287,13,140895
16727,0.016128,74.125.24.0-255,5738,135025,13,140895
16728,0.016138,172.31.36.0-255,66,135091,13,140895
16729,0.018452,74.125.24.0-255,5738,140829,13,140895
16730,0.01846,172.31.36.0-255,66,140895,13,140895
16731,0.0,172.217.194.0-255,146,146,13,229143
16732,2.8e-05,172.31.36.0-255,66,212,13,229143
16733,3.4e-05,172.217.194.0-255,1484,1696,13,229143
16734,3.8e-05,172.31.36.0-255,66,1762,13,229143
16735,5.5e-05,172.217.194.0-255,2902,4664,13,229143
16736,5.8e-05,172.31.36.0-255,66,4730,13,229143
16737,7.4e-05,172.217.194.0-255,5738,10468,13,229143
16738,7.7e-05,172.31.36.0-255,66,10534,13,229143
16739,9.6e-05,172.217.194.0-255,3471,14005,13,229143
16740,9.8e-05,172.31.36.0-255,66,14071,13,229143
16741,0.000493,172.217.194.0-255,1484,15555,13,229143
16742,0.000499,172.31.36.0-255,66,15621,13,229143
16743,0.000509,172.217.194.0-255,2902,18523,13,229143
16744,0.000512,172.31.36.0-255,66,18589,13,229143
16745,0.000518,172.217.194.0-255,4320,22909,13,229143
16746,0.000521,172.31.36.0-255,66,22975,13,229143
16747,0.000546,172.217.194.0-255,5738,28713,13,229143
16748,0.00055,172.31.36.0-255,66,28779,13,229143
16749,0.000569,172.217.194.0-255,3961,32740,13,229143
16750,0.000573,172.31.36.0-255,66,32806,13,229143
16751,0.000583,172.217.194.0-255,9992,42798,13,229143
16752,0.000585,172.31.36.0-255,66,42864,13,229143
16753,0.000628,172.217.194.0-255,5379,48243,13,229143
16754,0.000634,172.31.36.0-255,66,48309,13,229143
16755,0.000655,172.217.194.0-255,5738,54047,13,229143
16756,0.000659,172.31.36.0-255,66,54113,13,229143
16757,0.000686,172.217.194.0-255,7156,61269,13,229143
16758,0.000689,172.31.36.0-255,66,61335,13,229143
16759,0.00071,172.217.194.0-255,3961,65296,13,229143
16760,0.000714,172.31.36.0-255,66,65362,13,229143
16761,0.000743,172.217.194.0-255,645,66007,13,229143
16762,0.000746,172.31.36.0-255,66,66073,13,229143
16763,0.000951,172.217.194.0-255,1484,67557,13,229143
16764,0.000958,172.217.194.0-255,2902,70459,13,229143
16765,0.000962,172.31.36.0-255,66,70525,13,229143
16766,0.00097,172.217.194.0-255,5738,76263,13,229143
16767,0.000972,172.31.36.0-255,66,76329,13,229143
16768,0.001004,172.217.194.0-255,1484,77813,13,229143
16769,0.001013,172.217.194.0-255,8574,86387,13,229143
16770,0.001016,172.31.36.0-255,66,86453,13,229143
16771,0.001039,172.217.194.0-255,4320,90773,13,229143
16772,0.001045,172.31.36.0-255,66,90839,13,229143
16773,0.001065,172.217.194.0-255,9274,100113,13,229143
16774,0.001071,172.31.36.0-255,66,100179,13,229143
16775,0.001136,172.217.194.0-255,1484,101663,13,229143
16776,0.001141,172.217.194.0-255,2902,104565,13,229143
16777,0.001143,172.217.194.0-255,1484,106049,13,229143
16778,0.001149,172.31.36.0-255,66,106115,13,229143
16779,0.001167,172.217.194.0-255,4320,110435,13,229143
16780,0.00117,172.31.36.0-255,66,110501,13,229143
16781,0.001189,172.217.194.0-255,5738,116239,13,229143
16782,0.001192,172.31.36.0-255,66,116305,13,229143
16783,0.001209,172.217.194.0-255,2902,119207,13,229143
16784,0.001211,172.31.36.0-255,66,119273,13,229143
16785,0.001233,172.217.194.0-255,9992,129265,13,229143
16786,0.001236,172.31.36.0-255,66,129331,13,229143
16787,0.001288,172.217.194.0-255,5020,134351,13,229143
16788,0.001292,172.31.36.0-255,66,134417,13,229143
16789,0.001325,172.217.194.0-255,9992,144409,13,229143
16790,0.001328,172.31.36.0-255,66,144475,13,229143
16791,0.001362,172.217.194.0-255,2902,147377,13,229143
16792,0.001366,172.31.36.0-255,66,147443,13,229143
16793,0.00139,172.31.36.0-255,66,147509,13,229143
16794,0.001454,172.217.194.0-255,6438,153947,13,229143
16795,0.001457,172.31.36.0-255,66,154013,13,229143
16796,0.001697,172.217.194.0-255,1484,155497,13,229143
16797,0.001703,172.217.194.0-255,2902,158399,13,229143
16798,0.001706,172.31.36.0-255,66,158465,13,229143
16799,0.00171,172.217.194.0-255,1484,159949,13,229143
16800,0.001731,172.217.194.0-255,4320,164269,13,229143
16801,0.001734,172.31.36.0-255,66,164335,13,229143
16802,0.00174,172.217.194.0-255,7156,171491,13,229143
16803,0.001742,172.31.36.0-255,66,171557,13,229143
16804,0.001785,172.217.194.0-255,5738,177295,13,229143
16805,0.00179,172.31.36.0-255,66,177361,13,229143
16806,0.001811,172.217.194.0-255,8574,185935,13,229143
16807,0.001815,172.31.36.0-255,66,186001,13,229143
16808,0.001867,172.217.194.0-255,2184,188185,13,229143
16809,0.00187,172.31.36.0-255,66,188251,13,229143
16810,0.004059,172.217.194.0-255,2902,191153,13,229143
16811,0.004064,172.31.36.0-255,66,191219,13,229143
16812,0.004104,172.217.194.0-255,2902,194121,13,229143
16813,0.004107,172.31.36.0-255,66,194187,13,229143
16814,0.0063,172.217.194.0-255,2902,197089,13,229143
16815,0.006306,172.31.36.0-255,66,197155,13,229143
16816,0.006353,172.217.194.0-255,2902,200057,13,229143
16817,0.006358,172.31.36.0-255,66,200123,13,229143
16818,0.008716,172.217.194.0-255,5738,205861,13,229143
16819,0.008724,172.31.36.0-255,66,205927,13,229143
16820,0.010958,172.217.194.0-255,5738,211665,13,229143
16821,0.010967,172.31.36.0-255,66,211731,13,229143
16822,0.013214,172.217.194.0-255,5738,217469,13,229143
16823,0.013223,172.31.36.0-255,66,217535,13,229143
16824,0.015515,172.217.194.0-255,5738,223273,13,229143
16825,0.015523,172.31.36.0-255,66,223339,13,229143
16826,0.017792,172.217.194.0-255,5738,229077,13,229143
16827,0.017802,172.31.36.0-255,66,229143,13,229143
16828,0.0,74.125.130.0-255,159,159,13,175452
16829,2.2e-05,172.31.36.0-255,66,225,13,175452
16830,2.9e-05,74.125.130.0-255,1484,1709,13,175452
16831,3.3e-05,172.31.36.0-255,66,1775,13,175452
16832,5.7e-05,74.125.130.0-255,2902,4677,13,175452
16833,6e-05,172.31.36.0-255,66,4743,13,175452
16834,8.9e-05,74.125.130.0-255,4320,9063,13,175452
16835,9.2e-05,172.31.36.0-255,66,9129,13,175452
16836,0.000114,74.125.130.0-255,4855,13984,13,175452
16837,0.000117,172.31.36.0-255,66,14050,13,175452
16838,0.000127,74.125.130.0-255,1484,15534,13,175452
16839,0.000129,172.31.36.0-255,66,15600,13,175452
16840,0.000146,74.125.130.0-255,2902,18502,13,175452
16841,0.000148,172.31.36.0-255,66,18568,13,175452
16842,0.000177,74.125.130.0-255,2902,21470,13,175452
16843,0.00018,172.31.36.0-255,66,21536,13,175452
16844,0.000195,74.125.130.0-255,1484,23020,13,175452
16845,0.000197,172.31.36.0-255,66,23086,13,175452
16846,0.000223,74.125.130.0-255,5738,28824,13,175452
16847,0.000226,172.31.36.0-255,66,28890,13,175452
16848,0.00023,74.125.130.0-255,2543,31433,13,175452
16849,0.000232,172.31.36.0-255,66,31499,13,175452
16850,0.000383,74.125.130.0-255,1484,32983,13,175452
16851,0.000387,172.31.36.0-255,66,33049,13,175452
16852,0.000403,74.125.130.0-255,2902,35951,13,175452
16853,0.000406,172.31.36.0-255,66,36017,13,175452
16854,0.000431,74.125.130.0-255,5738,41755,13,175452
16855,0.000434,172.31.36.0-255,66,41821,13,175452
16856,0.000439,74.125.130.0-255,4320,46141,13,175452
16857,0.00044,172.31.36.0-255,66,46207,13,175452
16858,0.000446,74.125.130.0-255,4320,50527,13,175452
16859,0.000448,172.31.36.0-255,66,50593,13,175452
16860,0.000477,74.125.130.0-255,1484,52077,13,175452
16861,0.000486,74.125.130.0-255,8574,60651,13,175452
16862,0.000503,74.125.130.0-255,2902,63553,13,175452
16863,0.000515,172.31.36.0-255,66,63619,13,175452
16864,0.00053,74.125.130.0-255,2497,66116,13,175452
16865,0.000545,172.31.36.0-255,66,66182,13,175452
16866,0.00085,74.125.130.0-255,364,66546,13,175452
16867,0.000897,74.125.130.0-255,1484,68030,13,175452
16868,0.000902,172.31.36.0-255,66,68096,13,175452
16869,0.000913,74.125.130.0-255,4320,72416,13,175452
16870,0.000931,172.31.36.0-255,66,72482,13,175452
16871,0.000942,74.125.130.0-255,5738,78220,13,175452
16872,0.000959,172.31.36.0-255,66,78286,13,175452
16873,0.000965,74.125.130.0-255,4320,82606,13,175452
16874,0.000968,74.125.130.0-255,2902,85508,13,175452
16875,0.000973,172.31.36.0-255,66,85574,13,175452
16876,0.000999,74.125.130.0-255,8574,94148,13,175452
16877,0.001006,74.125.130.0-255,6438,100586,13,175452
16878,0.001023,172.31.36.0-255,66,100652,13,175452
16879,0.001506,74.125.130.0-255,1484,102136,13,175452
16880,0.001514,74.125.130.0-255,2902,105038,13,175452
16881,0.001518,172.31.36.0-255,66,105104,13,175452
16882,0.00155,74.125.130.0-255,4320,109424,13,175452
16883,0.001601,74.125.130.0-255,2902,112326,13,175452
16884,0.001612,74.125.130.0-255,2902,115228,13,175452
16885,0.001616,74.125.130.0-255,2902,118130,13,175452
16886,0.001634,74.125.130.0-255,4320,122450,13,175452
16887,0.001637,74.125.130.0-255,1484,123934,13,175452
16888,0.001654,74.125.130.0-255,4320,128254,13,175452
16889,0.001674,74.125.130.0-255,4320,132574,13,175452
16890,0.001687,74.125.130.0-255,2184,134758,13,175452
16891,0.005077,172.31.36.0-255,66,134824,13,175452
16892,0.007104,74.125.130.0-255,5738,140562,13,175452
16893,0.007111,172.31.36.0-255,66,140628,13,175452
16894,0.009138,74.125.130.0-255,5738,146366,13,175452
16895,0.009147,172.31.36.0-255,66,146432,13,175452
16896,0.011168,74.125.130.0-255,5738,152170,13,175452
16897,0.011595,172.31.36.0-255,66,152236,13,175452
16898,0.013633,74.125.130.0-255,5738,157974,13,175452
16899,0.013646,172.31.36.0-255,66,158040,13,175452
16900,0.015674,74.125.130.0-255,5738,163778,13,175452
16901,0.015686,172.31.36.0-255,66,163844,13,175452
16902,0.017708,74.125.130.0-255,5738,169582,13,175452
16903,0.017716,172.31.36.0-255,66,169648,13,175452
16904,0.019736,74.125.130.0-255,5738,175386,13,175452
16905,0.019742,172.31.36.0-255,66,175452,13,175452
16906,0.0,74.125.24.0-255,146,146,13,310165
16907,1.7e-05,172.31.36.0-255,66,212,13,310165
16908,2.4e-05,74.125.24.0-255,1484,1696,13,310165
16909,2.9e-05,172.31.36.0-255,66,1762,13,310165
16910,3.5e-05,74.125.24.0-255,2902,4664,13,310165
16911,4.5e-05,172.31.36.0-255,66,4730,13,310165
16912,5.3e-05,74.125.24.0-255,7156,11886,13,310165
16913,5.6e-05,172.31.36.0-255,66,11952,13,310165
16914,6.1e-05,74.125.24.0-255,2066,14018,13,310165
16915,6.3e-05,172.31.36.0-255,66,14084,13,310165
16916,7e-05,74.125.24.0-255,5738,19822,13,310165
16917,7.2e-05,172.31.36.0-255,66,19888,13,310165
16918,9.1e-05,74.125.24.0-255,5738,25626,13,310165
16919,9.4e-05,172.31.36.0-255,66,25692,13,310165
16920,0.000106,74.125.24.0-255,5379,31071,13,310165
16921,0.000109,172.31.36.0-255,66,31137,13,310165
16922,0.000182,74.125.24.0-255,1484,32621,13,310165
16923,0.000185,172.31.36.0-255,66,32687,13,310165
16924,0.00019,74.125.24.0-255,2902,35589,13,310165
16925,0.000192,172.31.36.0-255,66,35655,13,310165
16926,0.000199,74.125.24.0-255,5738,41393,13,310165
16927,0.000206,172.31.36.0-255,66,41459,13,310165
16928,0.000257,172.31.36.0-255,66,41525,13,310165
16929,0.000284,74.125.24.0-255,1125,42650,13,310165
16930,0.000287,172.31.36.0-255,66,42716,13,310165
16931,0.000295,74.125.24.0-255,8574,51290,13,310165
16932,0.000298,172.31.36.0-255,66,51356,13,310165
16933,0.000301,74.125.24.0-255,1480,52836,13,310165
16934,0.000302,172.31.36.0-255,66,52902,13,310165
16935,0.000402,74.125.24.0-255,1484,54386,13,310165
16936,0.000406,172.31.36.0-255,66,54452,13,310165
16937,0.000411,74.125.24.0-255,2902,57354,13,310165
16938,0.000414,172.31.36.0-255,66,57420,13,310165
16939,0.000435,74.125.24.0-255,5738,63158,13,310165
16940,0.000438,172.31.36.0-255,66,63224,13,310165
16941,0.000498,74.125.24.0-255,8574,71798,13,310165
16942,0.000501,172.31.36.0-255,66,71864,13,310165
16943,0.00052,74.125.24.0-255,5379,77243,13,310165
16944,0.000523,172.31.36.0-255,66,77309,13,310165
16945,0.000526,74.125.24.0-255,1484,78793,13,310165
16946,0.000554,74.125.24.0-255,8480,87273,13,310165
16947,0.000557,172.31.36.0-255,66,87339,13,310165
16948,0.000728,74.125.24.0-255,1484,88823,13,310165
16949,0.000734,74.125.24.0-255,2902,91725,13,310165
16950,0.000737,172.31.36.0-255,66,91791,13,310165
16951,0.000746,74.125.24.0-255,5738,97529,13,310165
16952,0.000748,172.31.36.0-255,66,97595,13,310165
16953,0.000787,172.31.36.0-255,66,97661,13,310165
16954,0.000797,74.125.24.0-255,9992,107653,13,310165
16955,0.000799,172.31.36.0-255,66,107719,13,310165
16956,0.000857,74.125.24.0-255,7156,114875,13,310165
16957,0.00086,172.31.36.0-255,66,114941,13,310165
16958,0.000906,172.31.36.0-255,66,115007,13,310165
16959,0.000916,74.125.24.0-255,10692,125699,13,310165
16960,0.000923,172.31.36.0-255,66,125765,13,310165
16961,0.00096,74.125.24.0-255,1484,127249,13,310165
16962,0.000993,74.125.24.0-255,2902,130151,13,310165
16963,0.000996,172.31.36.0-255,66,130217,13,310165
16964,0.001,74.125.24.0-255,1484,131701,13,310165
16965,0.001028,74.125.24.0-255,4320,136021,13,310165
16966,0.001032,172.31.36.0-255,66,136087,13,310165
16967,0.00105,172.31.36.0-255,66,136153,13,310165
16968,0.001059,74.125.24.0-255,8574,144727,13,310165
16969,0.001062,172.31.36.0-255,66,144793,13,310165
16970,0.001082,74.125.24.0-255,1484,146277,13,310165
16971,0.001101,74.125.24.0-255,766,147043,13,310165
16972,0.001104,172.31.36.0-255,66,147109,13,310165
16973,0.001131,74.125.24.0-255,2902,150011,13,310165
16974,0.001134,172.31.36.0-255,66,150077,13,310165
16975,0.001141,74.125.24.0-255,5738,155815,13,310165
16976,0.001144,172.31.36.0-255,66,155881,13,310165
16977,0.001169,74.125.24.0-255,1484,157365,13,310165
16978,0.001174,74.125.24.0-255,2902,160267,13,310165
16979,0.001177,172.31.36.0-255,66,160333,13,310165
16980,0.001241,74.125.24.0-255,7156,167489,13,310165
16981,0.001246,172.31.36.0-255,66,167555,13,310165
16982,0.001269,74.125.24.0-255,4320,171875,13,310165
16983,0.001272,172.31.36.0-255,66,171941,13,310165
16984,0.001279,74.125.24.0-255,7156,179097,13,310165
16985,0.001281,172.31.36.0-255,66,179163,13,310165
16986,0.001285,74.125.24.0-255,2184,181347,13,310165
16987,0.001288,172.31.36.0-255,66,181413,13,310165
16988,0.001318,74.125.24.0-255,1484,182897,13,310165
16989,0.001323,74.125.24.0-255,2902,185799,13,310165
16990,0.001326,172.31.36.0-255,66,185865,13,310165
16991,0.001332,74.125.24.0-255,5738,191603,13,310165
16992,0.001334,172.31.36.0-255,66,191669,13,310165
16993,0.001374,74.125.24.0-255,9992,201661,13,310165
16994,0.001377,172.31.36.0-255,66,201727,13,310165
16995,0.00141,74.125.24.0-255,7156,208883,13,310165
16996,0.001412,172.31.36.0-255,66,208949,13,310165
16997,0.001449,74.125.24.0-255,6438,215387,13,310165
16998,0.001451,172.31.36.0-255,66,215453,13,310165
16999,0.001595,74.125.24.0-255,1484,216937,13,310165
17000,0.001611,74.125.24.0-255,2902,219839,13,310165
17001,0.001616,172.31.36.0-255,66,219905,13,310165
17002,0.00162,74.125.24.0-255,2902,222807,13,310165
17003,0.001623,172.31.36.0-255,66,222873,13,310165
17004,0.001642,74.125.24.0-255,2902,225775,13,310165
17005,0.001645,172.31.36.0-255,66,225841,13,310165
17006,0.001658,74.125.24.0-255,9992,235833,13,310165
17007,0.00166,172.31.36.0-255,66,235899,13,310165
17008,0.001683,74.125.24.0-255,2902,238801,13,310165
17009,0.001685,172.31.36.0-255,66,238867,13,310165
17010,0.001693,74.125.24.0-255,8574,247441,13,310165
17011,0.001696,172.31.36.0-255,66,247507,13,310165
17012,0.001719,74.125.24.0-255,2184,249691,13,310165
17013,0.001721,172.31.36.0-255,66,249757,13,310165
17014,0.001747,74.125.24.0-255,2902,252659,13,310165
17015,0.00175,172.31.36.0-255,66,252725,13,310165
17016,0.001781,74.125.24.0-255,5738,258463,13,310165
17017,0.001784,172.31.36.0-255,66,258529,13,310165
17018,0.001793,74.125.24.0-255,9992,268521,13,310165
17019,0.001796,172.31.36.0-255,66,268587,13,310165
17020,0.001822,74.125.24.0-255,5738,274325,13,310165
17021,0.001824,172.31.36.0-255,66,274391,13,310165
17022,0.001853,74.125.24.0-255,10692,285083,13,310165
17023,0.001856,172.31.36.0-255,66,285149,13,310165
17024,0.001872,172.31.36.0-255,66,285215,13,310165
17025,0.001881,74.125.24.0-255,9992,295207,13,310165
17026,0.001883,172.31.36.0-255,66,295273,13,310165
17027,0.001911,74.125.24.0-255,5020,300293,13,310165
17028,0.001914,172.31.36.0-255,66,300359,13,310165
17029,0.001921,74.125.24.0-255,7156,307515,13,310165
17030,0.001923,172.31.36.0-255,66,307581,13,310165
17031,0.001946,74.125.24.0-255,2176,309757,13,310165
17032,0.001948,172.31.36.0-255,66,309823,13,310165
17033,0.001952,74.125.24.0-255,105,309928,13,310165
17034,0.007583,172.31.36.0-255,66,309994,13,310165
17035,0.007623,172.31.36.0-255,105,310099,13,310165
17036,0.009518,74.125.24.0-255,66,310165,13,310165
17037,0.0,74.125.24.0-255,146,146,13,275152
17038,2.2e-05,172.31.36.0-255,66,212,13,275152
17039,2.9e-05,74.125.24.0-255,1484,1696,13,275152
17040,3.4e-05,172.31.36.0-255,66,1762,13,275152
17041,3.9e-05,74.125.24.0-255,2902,4664,13,275152
17042,4.2e-05,172.31.36.0-255,66,4730,13,275152
17043,4.7e-05,74.125.24.0-255,5738,10468,13,275152
17044,5e-05,172.31.36.0-255,66,10534,13,275152
17045,7.5e-05,74.125.24.0-255,6268,16802,13,275152
17046,7.8e-05,172.31.36.0-255,66,16868,13,275152
17047,8.2e-05,74.125.24.0-255,1484,18352,13,275152
17048,8.4e-05,172.31.36.0-255,66,18418,13,275152
17049,0.000121,172.31.36.0-255,66,18484,13,275152
17050,0.00016,74.125.24.0-255,1484,19968,13,275152
17051,0.000164,172.31.36.0-255,66,20034,13,275152
17052,0.00018,74.125.24.0-255,2902,22936,13,275152
17053,0.000183,172.31.36.0-255,66,23002,13,275152
17054,0.000189,74.125.24.0-255,5738,28740,13,275152
17055,0.000191,172.31.36.0-255,66,28806,13,275152
17056,0.000223,74.125.24.0-255,6797,35603,13,275152
17057,0.000226,172.31.36.0-255,66,35669,13,275152
17058,0.000539,74.125.24.0-255,1484,37153,13,275152
17059,0.000547,172.31.36.0-255,66,37219,13,275152
17060,0.000564,74.125.24.0-255,2902,40121,13,275152
17061,0.000568,172.31.36.0-255,66,40187,13,275152
17062,0.000574,74.125.24.0-255,5738,45925,13,275152
17063,0.000577,172.31.36.0-255,66,45991,13,275152
17064,0.000606,74.125.24.0-255,7142,53133,13,275152
17065,0.00061,172.31.36.0-255,66,53199,13,275152
17066,0.000636,74.125.24.0-255,333,53532,13,275152
17067,0.000639,172.31.36.0-255,66,53598,13,275152
17068,0.000772,74.125.24.0-255,1484,55082,13,275152
17069,0.00078,74.125.24.0-255,2902,57984,13,275152
17070,0.000784,172.31.36.0-255,66,58050,13,275152
17071,0.000791,74.125.24.0-255,5738,63788,13,275152
17072,0.000793,172.31.36.0-255,66,63854,13,275152
17073,0.000798,74.125.24.0-255,4320,68174,13,275152
17074,0.0008,172.31.36.0-255,66,68240,13,275152
17075,0.000849,74.125.24.0-255,7156,75396,13,275152
17076,0.000853,172.31.36.0-255,66,75462,13,275152
17077,0.000866,74.125.24.0-255,2543,78005,13,275152
17078,0.000869,172.31.36.0-255,66,78071,13,275152
17079,0.000903,74.125.24.0-255,4320,82391,13,275152
17080,0.000908,172.31.36.0-255,66,82457,13,275152
17081,0.000932,74.125.24.0-255,5379,87836,13,275152
17082,0.000935,172.31.36.0-255,66,87902,13,275152
17083,0.001197,74.125.24.0-255,1484,89386,13,275152
17084,0.001204,74.125.24.0-255,2902,92288,13,275152
17085,0.001208,172.31.36.0-255,66,92354,13,275152
17086,0.001233,74.125.24.0-255,5738,98092,13,275152
17087,0.001236,172.31.36.0-255,66,98158,13,275152
17088,0.001253,74.125.24.0-255,4320,102478,13,275152
17089,0.001255,172.31.36.0-255,66,102544,13,275152
17090,0.001282,74.125.24.0-255,8574,111118,13,275152
17091,0.001284,172.31.36.0-255,66,111184,13,275152
17092,0.001304,74.125.24.0-255,4320,115504,13,275152
17093,0.001306,172.31.36.0-255,66,115570,13,275152
17094,0.001326,74.125.24.0-255,6438,122008,13,275152
17095,0.001329,172.31.36.0-255,66,122074,13,275152
17096,0.001702,74.125.24.0-255,1484,123558,13,275152
17097,0.001707,74.125.24.0-255,2902,126460,13,275152
17098,0.00171,74.125.24.0-255,2902,129362,13,275152
17099,0.001715,172.31.36.0-255,66,129428,13,275152
17100,0.001718,172.31.36.0-255,66,129494,13,275152
17101,0.001728,74.125.24.0-255,2902,132396,13,275152
17102,0.001731,172.31.36.0-255,66,132462,13,275152
17103,0.001748,74.125.24.0-255,8574,141036,13,275152
17104,0.00175,172.31.36.0-255,66,141102,13,275152
17105,0.001767,74.125.24.0-255,4320,145422,13,275152
17106,0.00177,172.31.36.0-255,66,145488,13,275152
17107,0.001777,74.125.24.0-255,8574,154062,13,275152
17108,0.001778,172.31.36.0-255,66,154128,13,275152
17109,0.001801,74.125.24.0-255,2184,156312,13,275152
17110,0.001804,172.31.36.0-255,66,156378,13,275152
17111,0.001823,74.125.24.0-255,2902,159280,13,275152
17112,0.001825,172.31.36.0-255,66,159346,13,275152
17113,0.001859,74.125.24.0-255,1484,160830,13,275152
17114,0.001878,74.125.24.0-255,5738,166568,13,275152
17115,0.00188,172.31.36.0-255,66,166634,13,275152
17116,0.001893,172.31.36.0-255,66,166700,13,275152
17117,0.001915,74.125.24.0-255,7156,173856,13,275152
17118,0.001917,172.31.36.0-255,66,173922,13,275152
17119,0.001932,74.125.24.0-255,3602,177524,13,275152
17120,0.001934,172.31.36.0-255,66,177590,13,275152
17121,0.00195,74.125.24.0-255,4320,181910,13,275152
17122,0.001952,172.31.36.0-255,66,181976,13,275152
17123,0.001982,74.125.24.0-255,7156,189132,13,275152
17124,0.001986,172.31.36.0-255,66,189198,13,275152
17125,0.001991,74.125.24.0-255,5738,194936,13,275152
17126,0.001993,172.31.36.0-255,66,195002,13,275152
17127,0.00201,74.125.24.0-255,2902,197904,13,275152
17128,0.002013,172.31.36.0-255,66,197970,13,275152
17129,0.002033,172.31.36.0-255,66,198036,13,275152
17130,0.002055,74.125.24.0-255,2184,200220,13,275152
17131,0.002058,172.31.36.0-255,66,200286,13,275152
17132,0.002105,74.125.24.0-255,1484,201770,13,275152
17133,0.002118,74.125.24.0-255,2902,204672,13,275152
17134,0.002121,172.31.36.0-255,66,204738,13,275152
17135,0.002132,74.125.24.0-255,1484,206222,13,275152
17136,0.002152,74.125.24.0-255,4320,210542,13,275152
17137,0.002156,172.31.36.0-255,66,210608,13,275152
17138,0.002178,74.125.24.0-255,8574,219182,13,275152
17139,0.002181,172.31.36.0-255,66,219248,13,275152
17140,0.002197,74.125.24.0-255,2902,222150,13,275152
17141,0.0022,172.31.36.0-255,66,222216,13,275152
17142,0.002206,74.125.24.0-255,7156,229372,13,275152
17143,0.002208,172.31.36.0-255,66,229438,13,275152
17144,0.00223,74.125.24.0-255,5020,234458,13,275152
17145,0.002233,172.31.36.0-255,66,234524,13,275152
17146,0.004522,74.125.24.0-255,5738,240262,13,275152
17147,0.004532,172.31.36.0-255,66,240328,13,275152
17148,0.006836,74.125.24.0-255,5738,246066,13,275152
17149,0.006852,172.31.36.0-255,66,246132,13,275152
17150,0.009174,74.125.24.0-255,5738,251870,13,275152
17151,0.009192,172.31.36.0-255,66,251936,13,275152
17152,0.011516,74.125.24.0-255,5738,257674,13,275152
17153,0.011533,172.31.36.0-255,66,257740,13,275152
17154,0.013829,74.125.24.0-255,5738,263478,13,275152
17155,0.013837,172.31.36.0-255,66,263544,13,275152
17156,0.016122,74.125.24.0-255,5738,269282,13,275152
17157,0.016129,172.31.36.0-255,66,269348,13,275152
17158,0.018391,74.125.24.0-255,5738,275086,13,275152
17159,0.0184,172.31.36.0-255,66,275152,13,275152
17160,0.0,74.125.68.0-255,153,153,13,333029
17161,3.1e-05,172.31.36.0-255,66,219,13,333029
17162,3.9e-05,74.125.68.0-255,1484,1703,13,333029
17163,4.2e-05,172.31.36.0-255,66,1769,13,333029
17164,5.9e-05,74.125.68.0-255,2902,4671,13,333029
17165,6.3e-05,172.31.36.0-255,66,4737,13,333029
17166,6.7e-05,74.125.68.0-255,2902,7639,13,333029
17167,6.9e-05,172.31.36.0-255,66,7705,13,333029
17168,8.7e-05,74.125.68.0-255,4320,12025,13,333029
17169,9e-05,172.31.36.0-255,66,12091,13,333029
17170,0.000126,74.125.68.0-255,2083,14174,13,333029
17171,0.00013,172.31.36.0-255,66,14240,13,333029
17172,0.000207,74.125.68.0-255,1484,15724,13,333029
17173,0.00021,172.31.36.0-255,66,15790,13,333029
17174,0.000224,74.125.68.0-255,2902,18692,13,333029
17175,0.000227,172.31.36.0-255,66,18758,13,333029
17176,0.000251,74.125.68.0-255,4320,23078,13,333029
17177,0.000253,172.31.36.0-255,66,23144,13,333029
17178,0.000272,74.125.68.0-255,1484,24628,13,333029
17179,0.000274,172.31.36.0-255,66,24694,13,333029
17180,0.000283,74.125.68.0-255,6797,31491,13,333029
17181,0.000286,172.31.36.0-255,66,31557,13,333029
17182,0.000292,74.125.68.0-255,7156,38713,13,333029
17183,0.000294,172.31.36.0-255,66,38779,13,333029
17184,0.000322,74.125.68.0-255,8574,47353,13,333029
17185,0.000325,172.31.36.0-255,66,47419,13,333029
17186,0.000331,74.125.68.0-255,4320,51739,13,333029
17187,0.000334,172.31.36.0-255,66,51805,13,333029
17188,0.00035,74.125.68.0-255,5738,57543,13,333029
17189,0.000353,172.31.36.0-255,66,57609,13,333029
17190,0.000357,74.125.68.0-255,2902,60511,13,333029
17191,0.00036,172.31.36.0-255,66,60577,13,333029
17192,0.000381,74.125.68.0-255,5020,65597,13,333029
17193,0.000385,172.31.36.0-255,66,65663,13,333029
17194,0.000406,74.125.68.0-255,402,66065,13,333029
17195,0.000535,74.125.68.0-255,1484,67549,13,333029
17196,0.000538,172.31.36.0-255,66,67615,13,333029
17197,0.000543,74.125.68.0-255,2902,70517,13,333029
17198,0.000546,172.31.36.0-255,66,70583,13,333029
17199,0.000574,74.125.68.0-255,4320,74903,13,333029
17200,0.000577,172.31.36.0-255,66,74969,13,333029
17201,0.000582,74.125.68.0-255,2902,77871,13,333029
17202,0.000585,172.31.36.0-255,66,77937,13,333029
17203,0.000599,74.125.68.0-255,2902,80839,13,333029
17204,0.000601,172.31.36.0-255,66,80905,13,333029
17205,0.000607,74.125.68.0-255,4320,85225,13,333029
17206,0.000609,172.31.36.0-255,66,85291,13,333029
17207,0.00063,74.125.68.0-255,7156,92447,13,333029
17208,0.000633,172.31.36.0-255,66,92513,13,333029
17209,0.000639,74.125.68.0-255,4320,96833,13,333029
17210,0.000642,172.31.36.0-255,66,96899,13,333029
17211,0.000672,74.125.68.0-255,3602,100501,13,333029
17212,0.000675,172.31.36.0-255,66,100567,13,333029
17213,0.000956,74.125.68.0-255,1484,102051,13,333029
17214,0.000971,74.125.68.0-255,2902,104953,13,333029
17215,0.000977,172.31.36.0-255,66,105019,13,333029
17216,0.000995,74.125.68.0-255,5738,110757,13,333029
17217,0.000998,172.31.36.0-255,66,110823,13,333029
17218,0.001011,74.125.68.0-255,1484,112307,13,333029
17219,0.001029,74.125.68.0-255,7156,119463,13,333029
17220,0.001032,172.31.36.0-255,66,119529,13,333029
17221,0.001055,74.125.68.0-255,4320,123849,13,333029
17222,0.001058,172.31.36.0-255,66,123915,13,333029
17223,0.001063,74.125.68.0-255,4320,128235,13,333029
17224,0.001065,172.31.36.0-255,66,128301,13,333029
17225,0.001115,74.125.68.0-255,6438,134739,13,333029
17226,0.001118,172.31.36.0-255,66,134805,13,333029
17227,0.001134,74.125.68.0-255,5738,140543,13,333029
17228,0.001137,172.31.36.0-255,66,140609,13,333029
17229,0.001148,74.125.68.0-255,1484,142093,13,333029
17230,0.001157,74.125.68.0-255,8574,150667,13,333029
17231,0.001159,172.31.36.0-255,66,150733,13,333029
17232,0.001184,74.125.68.0-255,2902,153635,13,333029
17233,0.001188,172.31.36.0-255,66,153701,13,333029
17234,0.001215,74.125.68.0-255,9992,163693,13,333029
17235,0.001219,172.31.36.0-255,66,163759,13,333029
17236,0.001223,74.125.68.0-255,1484,165243,13,333029
17237,0.001247,74.125.68.0-255,3602,168845,13,333029
17238,0.00125,172.31.36.0-255,66,168911,13,333029
17239,0.001603,74.125.68.0-255,1484,170395,13,333029
17240,0.001622,74.125.68.0-255,2902,173297,13,333029
17241,0.001626,172.31.36.0-255,66,173363,13,333029
17242,0.001629,74.125.68.0-255,1484,174847,13,333029
17243,0.00165,74.125.68.0-255,4320,179167,13,333029
17244,0.001653,172.31.36.0-255,66,179233,13,333029
17245,0.001661,74.125.68.0-255,7156,186389,13,333029
17246,0.001663,172.31.36.0-255,66,186455,13,333029
17247,0.001702,172.31.36.0-255,66,186521,13,333029
17248,0.001716,74.125.68.0-255,2902,189423,13,333029
17249,0.001718,172.31.36.0-255,66,189489,13,333029
17250,0.00173,74.125.68.0-255,2184,191673,13,333029
17251,0.001733,172.31.36.0-255,66,191739,13,333029
17252,0.001831,74.125.68.0-255,1484,193223,13,333029
17253,0.001847,74.125.68.0-255,2902,196125,13,333029
17254,0.00185,172.31.36.0-255,66,196191,13,333029
17255,0.001872,74.125.68.0-255,5738,201929,13,333029
17256,0.001875,172.31.36.0-255,66,201995,13,333029
17257,0.00189,74.125.68.0-255,4320,206315,13,333029
17258,0.001892,172.31.36.0-255,66,206381,13,333029
17259,0.00191,74.125.68.0-255,4320,210701,13,333029
17260,0.001915,74.125.68.0-255,5738,216439,13,333029
17261,0.001919,172.31.36.0-255,66,216505,13,333029
17262,0.001923,172.31.36.0-255,66,216571,13,333029
17263,0.001939,74.125.68.0-255,4320,220891,13,333029
17264,0.001942,172.31.36.0-255,66,220957,13,333029
17265,0.001948,74.125.68.0-255,5020,225977,13,333029
17266,0.00195,172.31.36.0-255,66,226043,13,333029
17267,0.002027,74.125.68.0-255,1484,227527,13,333029
17268,0.00204,74.125.68.0-255,2902,230429,13,333029
17269,0.002043,172.31.36.0-255,66,230495,13,333029
17270,0.002058,74.125.68.0-255,2902,233397,13,333029
17271,0.002061,172.31.36.0-255,66,233463,13,333029
17272,0.002074,74.125.68.0-255,2902,236365,13,333029
17273,0.002076,172.31.36.0-255,66,236431,13,333029
17274,0.002093,74.125.68.0-255,1484,237915,13,333029
17275,0.002114,74.125.68.0-255,7156,245071,13,333029
17276,0.002123,172.31.36.0-255,66,245137,13,333029
17277,0.00213,74.125.68.0-255,4320,249457,13,333029
17278,0.002132,172.31.36.0-255,66,249523,13,333029
17279,0.002175,172.31.36.0-255,66,249589,13,333029
17280,0.002183,74.125.68.0-255,7156,256745,13,333029
17281,0.002185,172.31.36.0-255,66,256811,13,333029
17282,0.00221,74.125.68.0-255,7156,263967,13,333029
17283,0.002214,172.31.36.0-255,66,264033,13,333029
17284,0.00222,74.125.68.0-255,5738,269771,13,333029
17285,0.002223,172.31.36.0-255,66,269837,13,333029
17286,0.002257,74.125.68.0-255,7156,276993,13,333029
17287,0.002261,172.31.36.0-255,66,277059,13,333029
17288,0.002287,74.125.68.0-255,3602,280661,13,333029
17289,0.002292,172.31.36.0-255,66,280727,13,333029
17290,0.002304,172.31.36.0-255,66,280793,13,333029
17291,0.002312,74.125.68.0-255,8574,289367,13,333029
17292,0.002314,172.31.36.0-255,66,289433,13,333029
17293,0.002318,74.125.68.0-255,2902,292335,13,333029
17294,0.002321,172.31.36.0-255,66,292401,13,333029
17295,0.004595,74.125.68.0-255,5738,298139,13,333029
17296,0.004602,172.31.36.0-255,66,298205,13,333029
17297,0.006891,74.125.68.0-255,5738,303943,13,333029
17298,0.006896,172.31.36.0-255,66,304009,13,333029
17299,0.009184,74.125.68.0-255,5738,309747,13,333029
17300,0.009191,172.31.36.0-255,66,309813,13,333029
17301,0.011478,74.125.68.0-255,5738,315551,13,333029
17302,0.011485,172.31.36.0-255,66,315617,13,333029
17303,0.013769,74.125.68.0-255,5738,321355,13,333029
17304,0.013778,172.31.36.0-255,66,321421,13,333029
17305,0.016091,74.125.68.0-255,5738,327159,13,333029
17306,0.016102,172.31.36.0-255,66,327225,13,333029
17307,0.018387,74.125.68.0-255,5738,332963,13,333029
17308,0.018398,172.31.36.0-255,66,333029,13,333029
17309,0.0,172.217.194.0-255,156,156,13,246556
17310,2.5e-05,172.31.36.0-255,66,222,13,246556
17311,3.3e-05,172.217.194.0-255,1484,1706,13,246556
17312,3.8e-05,172.31.36.0-255,66,1772,13,246556
17313,6.6e-05,172.217.194.0-255,2902,4674,13,246556
17314,7e-05,172.31.36.0-255,66,4740,13,246556
17315,7.8e-05,172.217.194.0-255,7156,11896,13,246556
17316,8e-05,172.31.36.0-255,66,11962,13,246556
17317,8.9e-05,172.217.194.0-255,9147,21109,13,246556
17318,9.1e-05,172.31.36.0-255,66,21175,13,246556
17319,9.7e-05,172.217.194.0-255,5738,26913,13,246556
17320,0.0001,172.31.36.0-255,66,26979,13,246556
17321,0.000135,172.217.194.0-255,3961,30940,13,246556
17322,0.000139,172.31.36.0-255,66,31006,13,246556
17323,0.000196,172.217.194.0-255,1484,32490,13,246556
17324,0.000198,172.31.36.0-255,66,32556,13,246556
17325,0.000203,172.217.194.0-255,2902,35458,13,246556
17326,0.000205,172.31.36.0-255,66,35524,13,246556
17327,0.000233,172.217.194.0-255,5738,41262,13,246556
17328,0.000236,172.31.36.0-255,66,41328,13,246556
17329,0.000276,172.31.36.0-255,66,41394,13,246556
17330,0.000278,172.217.194.0-255,1484,42878,13,246556
17331,0.00028,172.31.36.0-255,66,42944,13,246556
17332,0.00032,172.217.194.0-255,8467,51411,13,246556
17333,0.000323,172.31.36.0-255,66,51477,13,246556
17334,0.000326,172.217.194.0-255,116,51593,13,246556
17335,0.000327,172.31.36.0-255,66,51659,13,246556
17336,0.000429,172.217.194.0-255,1484,53143,13,246556
17337,0.000432,172.31.36.0-255,66,53209,13,246556
17338,0.000437,172.217.194.0-255,2902,56111,13,246556
17339,0.00044,172.31.36.0-255,66,56177,13,246556
17340,0.000444,172.217.194.0-255,2902,59079,13,246556
17341,0.000452,172.31.36.0-255,66,59145,13,246556
17342,0.000483,172.217.194.0-255,2902,62047,13,246556
17343,0.000485,172.31.36.0-255,66,62113,13,246556
17344,0.000517,172.217.194.0-255,2902,65015,13,246556
17345,0.00052,172.31.36.0-255,66,65081,13,246556
17346,0.00056,172.31.36.0-255,66,65147,13,246556
17347,0.000568,172.217.194.0-255,9633,74780,13,246556
17348,0.00057,172.31.36.0-255,66,74846,13,246556
17349,0.001391,172.217.194.0-255,1484,76330,13,246556
17350,0.001399,172.217.194.0-255,2902,79232,13,246556
17351,0.001403,172.31.36.0-255,66,79298,13,246556
17352,0.001409,172.217.194.0-255,2902,82200,13,246556
17353,0.001411,172.31.36.0-255,66,82266,13,246556
17354,0.00144,172.217.194.0-255,2902,85168,13,246556
17355,0.001442,172.31.36.0-255,66,85234,13,246556
17356,0.001454,172.217.194.0-255,9992,95226,13,246556
17357,0.001455,172.31.36.0-255,66,95292,13,246556
17358,0.00148,172.217.194.0-255,4320,99612,13,246556
17359,0.001482,172.31.36.0-255,66,99678,13,246556
17360,0.001513,172.217.194.0-255,9274,108952,13,246556
17361,0.001515,172.31.36.0-255,66,109018,13,246556
17362,0.001648,172.217.194.0-255,1484,110502,13,246556
17363,0.001653,172.217.194.0-255,2902,113404,13,246556
17364,0.001655,172.31.36.0-255,66,113470,13,246556
17365,0.001684,172.217.194.0-255,5738,119208,13,246556
17366,0.001687,172.31.36.0-255,66,119274,13,246556
17367,0.001689,172.217.194.0-255,1484,120758,13,246556
17368,0.001712,172.217.194.0-255,5738,126496,13,246556
17369,0.001715,172.31.36.0-255,66,126562,13,246556
17370,0.001736,172.217.194.0-255,8574,135136,13,246556
17371,0.001739,172.31.36.0-255,66,135202,13,246556
17372,0.001753,172.217.194.0-255,5738,140940,13,246556
17373,0.001759,172.31.36.0-255,66,141006,13,246556
17374,0.001763,172.217.194.0-255,2184,143190,13,246556
17375,0.001765,172.31.36.0-255,66,143256,13,246556
17376,0.001798,172.217.194.0-255,5738,148994,13,246556
17377,0.001801,172.31.36.0-255,66,149060,13,246556
17378,0.001824,172.217.194.0-255,9992,159052,13,246556
17379,0.001826,172.31.36.0-255,66,159118,13,246556
17380,0.001838,172.31.36.0-255,66,159184,13,246556
17381,0.001874,172.217.194.0-255,5738,164922,13,246556
17382,0.001877,172.31.36.0-255,66,164988,13,246556
17383,0.00188,172.217.194.0-255,766,165754,13,246556
17384,0.002004,172.217.194.0-255,1484,167238,13,246556
17385,0.002008,172.31.36.0-255,66,167304,13,246556
17386,0.002013,172.217.194.0-255,2902,170206,13,246556
17387,0.002015,172.31.36.0-255,66,170272,13,246556
17388,0.00202,172.217.194.0-255,2902,173174,13,246556
17389,0.002027,172.31.36.0-255,66,173240,13,246556
17390,0.002066,172.217.194.0-255,2902,176142,13,246556
17391,0.002069,172.31.36.0-255,66,176208,13,246556
17392,0.002076,172.217.194.0-255,7156,183364,13,246556
17393,0.002078,172.31.36.0-255,66,183430,13,246556
17394,0.00209,172.217.194.0-255,8574,192004,13,246556
17395,0.002092,172.31.36.0-255,66,192070,13,246556
17396,0.002095,172.217.194.0-255,1484,193554,13,246556
17397,0.002129,172.217.194.0-255,6438,199992,13,246556
17398,0.002132,172.31.36.0-255,66,200058,13,246556
17399,0.004278,172.217.194.0-255,5738,205796,13,246556
17400,0.004288,172.31.36.0-255,66,205862,13,246556
17401,0.006377,172.217.194.0-255,1484,207346,13,246556
17402,0.006395,172.217.194.0-255,4320,211666,13,246556
17403,0.006398,172.31.36.0-255,66,211732,13,246556
17404,0.008547,172.217.194.0-255,5738,217470,13,246556
17405,0.008553,172.31.36.0-255,66,217536,13,246556
17406,0.010649,172.217.194.0-255,5738,223274,13,246556
17407,0.010656,172.31.36.0-255,66,223340,13,246556
17408,0.012804,172.217.194.0-255,5738,229078,13,246556
17409,0.012812,172.31.36.0-255,66,229144,13,246556
17410,0.014926,172.217.194.0-255,5738,234882,13,246556
17411,0.014934,172.31.36.0-255,66,234948,13,246556
17412,0.017035,172.217.194.0-255,5738,240686,13,246556
17413,0.017045,172.31.36.0-255,66,240752,13,246556
17414,0.019205,172.217.194.0-255,5738,246490,13,246556
17415,0.019214,172.31.36.0-255,66,246556,13,246556
17416,0.0,74.125.24.0-255,153,153,13,212010
17417,2.4e-05,172.31.36.0-255,66,219,13,212010
17418,3.2e-05,74.125.24.0-255,1484,1703,13,212010
17419,3.7e-05,172.31.36.0-255,66,1769,13,212010
17420,4.2e-05,74.125.24.0-255,2902,4671,13,212010
17421,4.5e-05,172.31.36.0-255,66,4737,13,212010
17422,5.1e-05,74.125.24.0-255,4320,9057,13,212010
17423,5.5e-05,172.31.36.0-255,66,9123,13,212010
17424,8.1e-05,74.125.24.0-255,2902,12025,13,212010
17425,8.4e-05,172.31.36.0-255,66,12091,13,212010
17426,8.9e-05,74.125.24.0-255,2000,14091,13,212010
17427,9.1e-05,172.31.36.0-255,66,14157,13,212010
17428,0.000104,172.31.36.0-255,66,14223,13,212010
17429,0.000131,74.125.24.0-255,5379,19602,13,212010
17430,0.000133,172.31.36.0-255,66,19668,13,212010
17431,0.000184,74.125.24.0-255,1484,21152,13,212010
17432,0.000186,172.31.36.0-255,66,21218,13,212010
17433,0.000191,74.125.24.0-255,1484,22702,13,212010
17434,0.000193,172.31.36.0-255,66,22768,13,212010
17435,0.000206,74.125.24.0-255,1484,24252,13,212010
17436,0.000208,172.31.36.0-255,66,24318,13,212010
17437,0.000215,74.125.24.0-255,5738,30056,13,212010
17438,0.000217,172.31.36.0-255,66,30122,13,212010
17439,0.000294,74.125.24.0-255,6797,36919,13,212010
17440,0.000299,172.31.36.0-255,66,36985,13,212010
17441,0.000866,74.125.24.0-255,1484,38469,13,212010
17442,0.000872,172.31.36.0-255,66,38535,13,212010
17443,0.00089,74.125.24.0-255,2902,41437,13,212010
17444,0.000893,172.31.36.0-255,66,41503,13,212010
17445,0.000899,74.125.24.0-255,4320,45823,13,212010
17446,0.000901,172.31.36.0-255,66,45889,13,212010
17447,0.000943,74.125.24.0-255,5738,51627,13,212010
17448,0.000945,172.31.36.0-255,66,51693,13,212010
17449,0.000968,74.125.24.0-255,3961,55654,13,212010
17450,0.00097,172.31.36.0-255,66,55720,13,212010
17451,0.000977,74.125.24.0-255,5738,61458,13,212010
17452,0.000979,172.31.36.0-255,66,61524,13,212010
17453,0.001016,74.125.24.0-255,9633,71157,13,212010
17454,0.001019,172.31.36.0-255,66,71223,13,212010
17455,0.001023,74.125.24.0-255,2902,74125,13,212010
17456,0.001025,172.31.36.0-255,66,74191,13,212010
17457,0.001043,74.125.24.0-255,7156,81347,13,212010
17458,0.001046,172.31.36.0-255,66,81413,13,212010
17459,0.001107,74.125.24.0-255,2902,84315,13,212010
17460,0.00111,172.31.36.0-255,66,84381,13,212010
17461,0.001131,74.125.24.0-255,4541,88922,13,212010
17462,0.001134,172.31.36.0-255,66,88988,13,212010
17463,0.001149,74.125.24.0-255,2902,91890,13,212010
17464,0.001152,172.31.36.0-255,66,91956,13,212010
17465,0.001157,74.125.24.0-255,4320,96276,13,212010
17466,0.001159,172.31.36.0-255,66,96342,13,212010
17467,0.001173,74.125.24.0-255,2902,99244,13,212010
17468,0.001175,172.31.36.0-255,66,99310,13,212010
17469,0.001196,74.125.24.0-255,5738,105048,13,212010
17470,0.001199,172.31.36.0-255,66,105114,13,212010
17471,0.001201,74.125.24.0-255,562,105676,13,212010
17472,0.001264,74.125.24.0-255,1484,107160,13,212010
17473,0.001268,172.31.36.0-255,66,107226,13,212010
17474,0.001272,74.125.24.0-255,2902,110128,13,212010
17475,0.001275,172.31.36.0-255,66,110194,13,212010
17476,0.001304,74.125.24.0-255,5738,115932,13,212010
17477,0.001307,172.31.36.0-255,66,115998,13,212010
17478,0.001313,74.125.24.0-255,5738,121736,13,212010
17479,0.001316,172.31.36.0-255,66,121802,13,212010
17480,0.001336,74.125.24.0-255,1484,123286,13,212010
17481,0.001352,172.31.36.0-255,66,123352,13,212010
17482,0.001356,74.125.24.0-255,2184,125536,13,212010
17483,0.001358,172.31.36.0-255,66,125602,13,212010
17484,0.001846,74.125.24.0-255,1484,127086,13,212010
17485,0.001854,74.125.24.0-255,2902,129988,13,212010
17486,0.001857,172.31.36.0-255,66,130054,13,212010
17487,0.00188,74.125.24.0-255,4320,134374,13,212010
17488,0.001883,74.125.24.0-255,1484,135858,13,212010
17489,0.001886,172.31.36.0-255,66,135924,13,212010
17490,0.001899,74.125.24.0-255,7156,143080,13,212010
17491,0.001902,172.31.36.0-255,66,143146,13,212010
17492,0.001933,74.125.24.0-255,9992,153138,13,212010
17493,0.001935,172.31.36.0-255,66,153204,13,212010
17494,0.001958,74.125.24.0-255,1484,154688,13,212010
17495,0.001977,74.125.24.0-255,5020,159708,13,212010
17496,0.001979,172.31.36.0-255,66,159774,13,212010
17497,0.003941,74.125.24.0-255,5738,165512,13,212010
17498,0.003949,172.31.36.0-255,66,165578,13,212010
17499,0.005906,74.125.24.0-255,5738,171316,13,212010
17500,0.00591,172.31.36.0-255,66,171382,13,212010
17501,0.00789,74.125.24.0-255,5738,177120,13,212010
17502,0.007896,172.31.36.0-255,66,177186,13,212010
17503,0.00989,74.125.24.0-255,5738,182924,13,212010
17504,0.009905,172.31.36.0-255,66,182990,13,212010
17505,0.011871,74.125.24.0-255,5738,188728,13,212010
17506,0.011882,172.31.36.0-255,66,188794,13,212010
17507,0.013874,74.125.24.0-255,5738,194532,13,212010
17508,0.013883,172.31.36.0-255,66,194598,13,212010
17509,0.015878,74.125.24.0-255,5738,200336,13,212010
17510,0.015887,172.31.36.0-255,66,200402,13,212010
17511,0.017834,74.125.24.0-255,5738,206140,13,212010
17512,0.01784,172.31.36.0-255,66,206206,13,212010
17513,0.019825,74.125.24.0-255,5738,211944,13,212010
17514,0.019832,172.31.36.0-255,66,212010,13,212010
17515,0.0,74.125.24.0-255,291,291,13,205205
17516,1.5e-05,172.31.36.0-255,66,357,13,205205
17517,2.2e-05,74.125.24.0-255,1484,1841,13,205205
17518,2.6e-05,172.31.36.0-255,66,1907,13,205205
17519,3.4e-05,74.125.24.0-255,4320,6227,13,205205
17520,4.5e-05,172.31.36.0-255,66,6293,13,205205
17521,5.1e-05,74.125.24.0-255,4320,10613,13,205205
17522,5.4e-05,172.31.36.0-255,66,10679,13,205205
17523,6.5e-05,74.125.24.0-255,10324,21003,13,205205
17524,6.7e-05,172.31.36.0-255,66,21069,13,205205
17525,7.7e-05,74.125.24.0-255,9633,30702,13,205205
17526,8e-05,172.31.36.0-255,66,30768,13,205205
17527,0.000128,74.125.24.0-255,1484,32252,13,205205
17528,0.000131,172.31.36.0-255,66,32318,13,205205
17529,0.000137,74.125.24.0-255,2902,35220,13,205205
17530,0.000138,172.31.36.0-255,66,35286,13,205205
17531,0.000143,74.125.24.0-255,2902,38188,13,205205
17532,0.000145,172.31.36.0-255,66,38254,13,205205
17533,0.000169,74.125.24.0-255,2902,41156,13,205205
17534,0.000172,172.31.36.0-255,66,41222,13,205205
17535,0.000186,74.125.24.0-255,8215,49437,13,205205
17536,0.000188,172.31.36.0-255,66,49503,13,205205
17537,0.000193,74.125.24.0-255,2902,52405,13,205205
17538,0.000195,172.31.36.0-255,66,52471,13,205205
17539,0.00024,172.31.36.0-255,66,52537,13,205205
17540,0.000294,74.125.24.0-255,137,52674,13,205205
17541,0.000297,172.31.36.0-255,66,52740,13,205205
17542,0.000443,74.125.24.0-255,1484,54224,13,205205
17543,0.000449,172.31.36.0-255,66,54290,13,205205
17544,0.000452,74.125.24.0-255,1484,55774,13,205205
17545,0.000454,172.31.36.0-255,66,55840,13,205205
17546,0.000478,74.125.24.0-255,1484,57324,13,205205
17547,0.00049,74.125.24.0-255,5738,63062,13,205205
17548,0.000493,172.31.36.0-255,66,63128,13,205205
17549,0.0005,74.125.24.0-255,5738,68866,13,205205
17550,0.000502,172.31.36.0-255,66,68932,13,205205
17551,0.000551,172.31.36.0-255,66,68998,13,205205
17552,0.000556,74.125.24.0-255,3961,72959,13,205205
17553,0.000559,172.31.36.0-255,66,73025,13,205205
17554,0.000562,74.125.24.0-255,350,73375,13,205205
17555,0.000755,74.125.24.0-255,1484,74859,13,205205
17556,0.000761,172.31.36.0-255,66,74925,13,205205
17557,0.000767,74.125.24.0-255,2902,77827,13,205205
17558,0.000769,172.31.36.0-255,66,77893,13,205205
17559,0.000781,74.125.24.0-255,5738,83631,13,205205
17560,0.000783,172.31.36.0-255,66,83697,13,205205
17561,0.00079,74.125.24.0-255,5738,89435,13,205205
17562,0.000792,172.31.36.0-255,66,89501,13,205205
17563,0.000841,172.31.36.0-255,66,89567,13,205205
17564,0.00085,74.125.24.0-255,7856,97423,13,205205
17565,0.000852,172.31.36.0-255,66,97489,13,205205
17566,0.000865,74.125.24.0-255,8574,106063,13,205205
17567,0.000867,172.31.36.0-255,66,106129,13,205205
17568,0.000943,172.31.36.0-255,66,106195,13,205205
17569,0.000948,74.125.24.0-255,3602,109797,13,205205
17570,0.000951,172.31.36.0-255,66,109863,13,205205
17571,0.00112,74.125.24.0-255,1484,111347,13,205205
17572,0.001127,74.125.24.0-255,2902,114249,13,205205
17573,0.00113,172.31.36.0-255,66,114315,13,205205
17574,0.001137,74.125.24.0-255,5738,120053,13,205205
17575,0.001139,172.31.36.0-255,66,120119,13,205205
17576,0.001144,74.125.24.0-255,2902,123021,13,205205
17577,0.001151,172.31.36.0-255,66,123087,13,205205
17578,0.001185,74.125.24.0-255,1484,124571,13,205205
17579,0.001204,172.31.36.0-255,66,124637,13,205205
17580,0.001213,74.125.24.0-255,7856,132493,13,205205
17581,0.001216,172.31.36.0-255,66,132559,13,205205
17582,0.001264,172.31.36.0-255,101,132660,13,205205
17583,0.001523,74.125.24.0-255,1484,134144,13,205205
17584,0.001528,74.125.24.0-255,1484,135628,13,205205
17585,0.001531,172.31.36.0-255,66,135694,13,205205
17586,0.001558,74.125.24.0-255,1484,137178,13,205205
17587,0.001562,74.125.24.0-255,1484,138662,13,205205
17588,0.001564,172.31.36.0-255,66,138728,13,205205
17589,0.001568,74.125.24.0-255,1484,140212,13,205205
17590,0.00159,74.125.24.0-255,1484,141696,13,205205
17591,0.001592,172.31.36.0-255,66,141762,13,205205
17592,0.001599,74.125.24.0-255,5738,147500,13,205205
17593,0.001602,172.31.36.0-255,66,147566,13,205205
17594,0.001609,74.125.24.0-255,5738,153304,13,205205
17595,0.001616,172.31.36.0-255,66,153370,13,205205
17596,0.001619,74.125.24.0-255,1484,154854,13,205205
17597,0.00168,172.31.36.0-255,66,154920,13,205205
17598,0.001683,74.125.24.0-255,766,155686,13,205205
17599,0.001732,74.125.24.0-255,1484,157170,13,205205
17600,0.001735,172.31.36.0-255,66,157236,13,205205
17601,0.001741,74.125.24.0-255,2902,160138,13,205205
17602,0.001743,172.31.36.0-255,66,160204,13,205205
17603,0.00175,74.125.24.0-255,5738,165942,13,205205
17604,0.001758,172.31.36.0-255,66,166008,13,205205
17605,0.001763,74.125.24.0-255,4320,170328,13,205205
17606,0.001767,172.31.36.0-255,66,170394,13,205205
17607,0.001775,74.125.24.0-255,2902,173296,13,205205
17608,0.001778,172.31.36.0-255,66,173362,13,205205
17609,0.001815,74.125.24.0-255,8574,181936,13,205205
17610,0.001819,172.31.36.0-255,66,182002,13,205205
17611,0.001843,172.31.36.0-255,66,182068,13,205205
17612,0.001849,74.125.24.0-255,5738,187806,13,205205
17613,0.001852,172.31.36.0-255,66,187872,13,205205
17614,0.001891,172.31.36.0-255,66,187938,13,205205
17615,0.001907,172.31.36.0-255,66,188004,13,205205
17616,0.001982,172.31.36.0-255,66,188070,13,205205
17617,0.002008,74.125.24.0-255,7856,195926,13,205205
17618,0.00201,172.31.36.0-255,66,195992,13,205205
17619,0.002033,172.31.36.0-255,66,196058,13,205205
17620,0.002042,74.125.24.0-255,7856,203914,13,205205
17621,0.002046,74.125.24.0-255,634,204548,13,205205
17622,0.002049,74.125.24.0-255,105,204653,13,205205
17623,0.002053,172.31.36.0-255,66,204719,13,205205
17624,0.003549,74.125.24.0-255,66,204785,13,205205
17625,0.010428,172.31.36.0-255,66,204851,13,205205
17626,0.010463,172.31.36.0-255,105,204956,13,205205
17627,0.011728,74.125.24.0-255,105,205061,13,205205
17628,0.011736,172.31.36.0-255,78,205139,13,205205
17629,0.016747,74.125.24.0-255,66,205205,13,205205
17630,0.0,74.125.24.0-255,153,153,13,242008
17631,2.4e-05,172.31.36.0-255,66,219,13,242008
17632,3.1e-05,74.125.24.0-255,1484,1703,13,242008
17633,3.7e-05,172.31.36.0-255,66,1769,13,242008
17634,4.2e-05,74.125.24.0-255,2902,4671,13,242008
17635,4.5e-05,172.31.36.0-255,66,4737,13,242008
17636,5.3e-05,74.125.24.0-255,7156,11893,13,242008
17637,5.6e-05,172.31.36.0-255,66,11959,13,242008
17638,6e-05,74.125.24.0-255,2012,13971,13,242008
17639,6.3e-05,172.31.36.0-255,66,14037,13,242008
17640,0.000248,74.125.24.0-255,1484,15521,13,242008
17641,0.000253,172.31.36.0-255,66,15587,13,242008
17642,0.000259,74.125.24.0-255,2902,18489,13,242008
17643,0.000262,172.31.36.0-255,66,18555,13,242008
17644,0.000268,74.125.24.0-255,5738,24293,13,242008
17645,0.000271,172.31.36.0-255,66,24359,13,242008
17646,0.000319,74.125.24.0-255,2902,27261,13,242008
17647,0.000322,172.31.36.0-255,66,27327,13,242008
17648,0.000342,74.125.24.0-255,3961,31288,13,242008
17649,0.000345,172.31.36.0-255,66,31354,13,242008
17650,0.000459,74.125.24.0-255,1484,32838,13,242008
17651,0.000463,172.31.36.0-255,66,32904,13,242008
17652,0.000467,74.125.24.0-255,1484,34388,13,242008
17653,0.00047,172.31.36.0-255,66,34454,13,242008
17654,0.000484,74.125.24.0-255,1484,35938,13,242008
17655,0.000487,172.31.36.0-255,66,36004,13,242008
17656,0.000493,74.125.24.0-255,5738,41742,13,242008
17657,0.000496,172.31.36.0-255,66,41808,13,242008
17658,0.000538,172.31.36.0-255,66,41874,13,242008
17659,0.000555,74.125.24.0-255,7156,49030,13,242008
17660,0.000558,172.31.36.0-255,66,49096,13,242008
17661,0.000588,74.125.24.0-255,4320,53416,13,242008
17662,0.000592,74.125.24.0-255,1125,54541,13,242008
17663,0.000609,172.31.36.0-255,66,54607,13,242008
17664,0.000623,74.125.24.0-255,647,55254,13,242008
17665,0.001082,74.125.24.0-255,1484,56738,13,242008
17666,0.001088,172.31.36.0-255,66,56804,13,242008
17667,0.001094,74.125.24.0-255,2902,59706,13,242008
17668,0.0011,74.125.24.0-255,5738,65444,13,242008
17669,0.001119,74.125.24.0-255,7156,72600,13,242008
17670,0.001141,74.125.24.0-255,5738,78338,13,242008
17671,0.001147,74.125.24.0-255,7156,85494,13,242008
17672,0.001174,74.125.24.0-255,2902,88396,13,242008
17673,0.001188,74.125.24.0-255,766,89162,13,242008
17674,0.001364,74.125.24.0-255,1484,90646,13,242008
17675,0.00137,74.125.24.0-255,2902,93548,13,242008
17676,0.001392,74.125.24.0-255,5738,99286,13,242008
17677,0.001418,74.125.24.0-255,2902,102188,13,242008
17678,0.001454,74.125.24.0-255,9992,112180,13,242008
17679,0.001462,74.125.24.0-255,5738,117918,13,242008
17680,0.00149,74.125.24.0-255,5020,122938,13,242008
17681,0.001527,74.125.24.0-255,1484,124422,13,242008
17682,0.001531,74.125.24.0-255,1484,125906,13,242008
17683,0.001549,74.125.24.0-255,1484,127390,13,242008
17684,0.001555,74.125.24.0-255,5738,133128,13,242008
17685,0.001567,74.125.24.0-255,1484,134612,13,242008
17686,0.001623,74.125.24.0-255,9992,144604,13,242008
17687,0.001635,74.125.24.0-255,1484,146088,13,242008
17688,0.001642,74.125.24.0-255,7156,153244,13,242008
17689,0.001647,74.125.24.0-255,3602,156846,13,242008
17690,0.001719,74.125.24.0-255,1484,158330,13,242008
17691,0.001725,74.125.24.0-255,2902,161232,13,242008
17692,0.001746,74.125.24.0-255,5738,166970,13,242008
17693,0.001766,74.125.24.0-255,5738,172708,13,242008
17694,0.001782,74.125.24.0-255,7156,179864,13,242008
17695,0.001807,74.125.24.0-255,10692,190556,13,242008
17696,0.001962,74.125.24.0-255,1484,192040,13,242008
17697,0.001969,74.125.24.0-255,2902,194942,13,242008
17698,0.001993,74.125.24.0-255,5738,200680,13,242008
17699,0.001999,74.125.24.0-255,4320,205000,13,242008
17700,0.002038,74.125.24.0-255,1484,206484,13,242008
17701,0.002054,74.125.24.0-255,6438,212922,13,242008
17702,0.005526,172.31.36.0-255,66,212988,13,242008
17703,0.007802,74.125.24.0-255,5738,218726,13,242008
17704,0.007808,172.31.36.0-255,66,218792,13,242008
17705,0.010065,74.125.24.0-255,5738,224530,13,242008
17706,0.010072,172.31.36.0-255,66,224596,13,242008
17707,0.012373,74.125.24.0-255,5738,230334,13,242008
17708,0.01328,172.31.36.0-255,66,230400,13,242008
17709,0.015569,74.125.24.0-255,5738,236138,13,242008
17710,0.015586,172.31.36.0-255,66,236204,13,242008
17711,0.017823,74.125.24.0-255,5738,241942,13,242008
17712,0.017836,172.31.36.0-255,66,242008,13,242008
17713,0.0,74.125.24.0-255,153,153,13,195936
17714,2.7e-05,172.31.36.0-255,66,219,13,195936
17715,8.2e-05,74.125.24.0-255,1484,1703,13,195936
17716,8.6e-05,172.31.36.0-255,66,1769,13,195936
17717,0.0001,74.125.24.0-255,2902,4671,13,195936
17718,0.000104,172.31.36.0-255,66,4737,13,195936
17719,0.000111,74.125.24.0-255,7156,11893,13,195936
17720,0.000114,172.31.36.0-255,66,11959,13,195936
17721,0.000132,172.31.36.0-255,66,12025,13,195936
17722,0.000136,74.125.24.0-255,2543,14568,13,195936
17723,0.000139,172.31.36.0-255,66,14634,13,195936
17724,0.000173,74.125.24.0-255,1484,16118,13,195936
17725,0.000175,172.31.36.0-255,66,16184,13,195936
17726,0.000204,74.125.24.0-255,2902,19086,13,195936
17727,0.000208,172.31.36.0-255,66,19152,13,195936
17728,0.000215,74.125.24.0-255,5738,24890,13,195936
17729,0.000217,172.31.36.0-255,66,24956,13,195936
17730,0.000262,172.31.36.0-255,66,25022,13,195936
17731,0.000291,74.125.24.0-255,1125,26147,13,195936
17732,0.000294,172.31.36.0-255,66,26213,13,195936
17733,0.000334,74.125.24.0-255,9633,35846,13,195936
17734,0.000339,172.31.36.0-255,66,35912,13,195936
17735,0.00035,74.125.24.0-255,645,36557,13,195936
17736,0.000355,172.31.36.0-255,66,36623,13,195936
17737,0.001127,74.125.24.0-255,1484,38107,13,195936
17738,0.001134,172.31.36.0-255,66,38173,13,195936
17739,0.001144,74.125.24.0-255,2902,41075,13,195936
17740,0.001146,172.31.36.0-255,66,41141,13,195936
17741,0.001159,74.125.24.0-255,5738,46879,13,195936
17742,0.001162,172.31.36.0-255,66,46945,13,195936
17743,0.001168,74.125.24.0-255,4320,51265,13,195936
17744,0.00117,172.31.36.0-255,66,51331,13,195936
17745,0.001218,74.125.24.0-255,8574,59905,13,195936
17746,0.001222,172.31.36.0-255,66,59971,13,195936
17747,0.00123,74.125.24.0-255,8574,68545,13,195936
17748,0.001232,172.31.36.0-255,66,68611,13,195936
17749,0.001244,74.125.24.0-255,2184,70795,13,195936
17750,0.001246,172.31.36.0-255,66,70861,13,195936
17751,0.001801,74.125.24.0-255,1484,72345,13,195936
17752,0.001835,74.125.24.0-255,2902,75247,13,195936
17753,0.001839,172.31.36.0-255,66,75313,13,195936
17754,0.001846,74.125.24.0-255,5738,81051,13,195936
17755,0.001848,172.31.36.0-255,66,81117,13,195936
17756,0.001877,74.125.24.0-255,5738,86855,13,195936
17757,0.001879,172.31.36.0-255,66,86921,13,195936
17758,0.001906,74.125.24.0-255,5738,92659,13,195936
17759,0.001908,172.31.36.0-255,66,92725,13,195936
17760,0.001942,172.31.36.0-255,66,92791,13,195936
17761,0.001945,74.125.24.0-255,766,93557,13,195936
17762,0.002338,74.125.24.0-255,1484,95041,13,195936
17763,0.002341,172.31.36.0-255,66,95107,13,195936
17764,0.002346,74.125.24.0-255,2902,98009,13,195936
17765,0.002348,172.31.36.0-255,66,98075,13,195936
17766,0.002351,74.125.24.0-255,1484,99559,13,195936
17767,0.002379,74.125.24.0-255,4320,103879,13,195936
17768,0.002382,172.31.36.0-255,66,103945,13,195936
17769,0.002387,74.125.24.0-255,4320,108265,13,195936
17770,0.002389,172.31.36.0-255,66,108331,13,195936
17771,0.002391,74.125.24.0-255,1484,109815,13,195936
17772,0.002423,74.125.24.0-255,9992,119807,13,195936
17773,0.002425,172.31.36.0-255,66,119873,13,195936
17774,0.002459,74.125.24.0-255,7856,127729,13,195936
17775,0.002462,172.31.36.0-255,66,127795,13,195936
17776,0.00256,74.125.24.0-255,1484,129279,13,195936
17777,0.002587,74.125.24.0-255,2902,132181,13,195936
17778,0.002589,172.31.36.0-255,66,132247,13,195936
17779,0.002593,74.125.24.0-255,2902,135149,13,195936
17780,0.002595,172.31.36.0-255,66,135215,13,195936
17781,0.002612,74.125.24.0-255,2902,138117,13,195936
17782,0.002615,172.31.36.0-255,66,138183,13,195936
17783,0.002621,74.125.24.0-255,5738,143921,13,195936
17784,0.002624,172.31.36.0-255,66,143987,13,195936
17785,0.002648,74.125.24.0-255,1484,145471,13,195936
17786,0.002667,74.125.24.0-255,5738,151209,13,195936
17787,0.002669,172.31.36.0-255,66,151275,13,195936
17788,0.002701,74.125.24.0-255,5738,157013,13,195936
17789,0.002703,172.31.36.0-255,66,157079,13,195936
17790,0.002724,74.125.24.0-255,2902,159981,13,195936
17791,0.002726,172.31.36.0-255,66,160047,13,195936
17792,0.00273,74.125.24.0-255,2184,162231,13,195936
17793,0.002731,172.31.36.0-255,66,162297,13,195936
17794,0.003792,172.31.36.0-255,101,162398,13,195936
17795,0.005367,74.125.24.0-255,4320,166718,13,195936
17796,0.005373,172.31.36.0-255,66,166784,13,195936
17797,0.005396,74.125.24.0-255,1484,168268,13,195936
17798,0.006376,74.125.24.0-255,66,168334,13,195936
17799,0.007977,74.125.24.0-255,4320,172654,13,195936
17800,0.007984,172.31.36.0-255,66,172720,13,195936
17801,0.01061,74.125.24.0-255,5738,178458,13,195936
17802,0.010619,172.31.36.0-255,66,178524,13,195936
17803,0.013287,74.125.24.0-255,5738,184262,13,195936
17804,0.013297,172.31.36.0-255,66,184328,13,195936
17805,0.015902,74.125.24.0-255,5738,190066,13,195936
17806,0.015919,172.31.36.0-255,66,190132,13,195936
17807,0.018541,74.125.24.0-255,5738,195870,13,195936
17808,0.018552,172.31.36.0-255,66,195936,13,195936
17809,0.0,74.125.200.0-255,153,153,13,201738
17810,1.8e-05,172.31.36.0-255,66,219,13,201738
17811,2.4e-05,74.125.200.0-255,1484,1703,13,201738
17812,2.8e-05,172.31.36.0-255,66,1769,13,201738
17813,3.2e-05,74.125.200.0-255,1484,3253,13,201738
17814,3.4e-05,172.31.36.0-255,66,3319,13,201738
17815,6.7e-05,74.125.200.0-255,2902,6221,13,201738
17816,7e-05,172.31.36.0-255,66,6287,13,201738
17817,7.7e-05,74.125.200.0-255,5738,12025,13,201738
17818,8e-05,172.31.36.0-255,66,12091,13,201738
17819,8.4e-05,74.125.200.0-255,2020,14111,13,201738
17820,8.6e-05,172.31.36.0-255,66,14177,13,201738
17821,0.000125,74.125.200.0-255,2902,17079,13,201738
17822,0.000128,172.31.36.0-255,66,17145,13,201738
17823,0.000131,74.125.200.0-255,1484,18629,13,201738
17824,0.000133,172.31.36.0-255,66,18695,13,201738
17825,0.000154,74.125.200.0-255,2902,21597,13,201738
17826,0.000156,172.31.36.0-255,66,21663,13,201738
17827,0.000159,74.125.200.0-255,1484,23147,13,201738
17828,0.000161,172.31.36.0-255,66,23213,13,201738
17829,0.000191,74.125.200.0-255,7156,30369,13,201738
17830,0.000194,172.31.36.0-255,66,30435,13,201738
17831,0.000198,74.125.200.0-255,1125,31560,13,201738
17832,0.0002,172.31.36.0-255,66,31626,13,201738
17833,0.000374,74.125.200.0-255,1484,33110,13,201738
17834,0.00038,172.31.36.0-255,66,33176,13,201738
17835,0.000386,74.125.200.0-255,2902,36078,13,201738
17836,0.000389,172.31.36.0-255,66,36144,13,201738
17837,0.000392,74.125.200.0-255,1484,37628,13,201738
17838,0.000394,172.31.36.0-255,66,37694,13,201738
17839,0.000414,74.125.200.0-255,2902,40596,13,201738
17840,0.000417,172.31.36.0-255,66,40662,13,201738
17841,0.000434,74.125.200.0-255,5738,46400,13,201738
17842,0.000436,172.31.36.0-255,66,46466,13,201738
17843,0.000452,74.125.200.0-255,3961,50427,13,201738
17844,0.000454,172.31.36.0-255,66,50493,13,201738
17845,0.000464,74.125.200.0-255,9992,60485,13,201738
17846,0.000467,172.31.36.0-255,66,60551,13,201738
17847,0.000497,74.125.200.0-255,5379,65930,13,201738
17848,0.0005,172.31.36.0-255,66,65996,13,201738
17849,0.000514,74.125.200.0-255,444,66440,13,201738
17850,0.000556,74.125.200.0-255,332,66772,13,201738
17851,0.000912,74.125.200.0-255,1484,68256,13,201738
17852,0.000916,172.31.36.0-255,66,68322,13,201738
17853,0.000922,74.125.200.0-255,2902,71224,13,201738
17854,0.000925,172.31.36.0-255,66,71290,13,201738
17855,0.000955,74.125.200.0-255,5738,77028,13,201738
17856,0.000958,172.31.36.0-255,66,77094,13,201738
17857,0.000966,74.125.200.0-255,7156,84250,13,201738
17858,0.000968,172.31.36.0-255,66,84316,13,201738
17859,0.00102,172.31.36.0-255,66,84382,13,201738
17860,0.001024,74.125.200.0-255,2184,86566,13,201738
17861,0.001027,172.31.36.0-255,66,86632,13,201738
17862,0.001561,74.125.200.0-255,1484,88116,13,201738
17863,0.00157,74.125.200.0-255,2902,91018,13,201738
17864,0.001574,172.31.36.0-255,66,91084,13,201738
17865,0.001599,74.125.200.0-255,5738,96822,13,201738
17866,0.001601,172.31.36.0-255,66,96888,13,201738
17867,0.001619,74.125.200.0-255,2902,99790,13,201738
17868,0.001621,172.31.36.0-255,66,99856,13,201738
17869,0.001647,74.125.200.0-255,9992,109848,13,201738
17870,0.00165,172.31.36.0-255,66,109914,13,201738
17871,0.00167,74.125.200.0-255,5738,115652,13,201738
17872,0.001673,172.31.36.0-255,66,115718,13,201738
17873,0.001692,74.125.200.0-255,5020,120738,13,201738
17874,0.001695,172.31.36.0-255,66,120804,13,201738
17875,0.001879,74.125.200.0-255,1484,122288,13,201738
17876,0.001886,74.125.200.0-255,2902,125190,13,201738
17877,0.001889,172.31.36.0-255,66,125256,13,201738
17878,0.001906,74.125.200.0-255,5738,130994,13,201738
17879,0.001908,172.31.36.0-255,66,131060,13,201738
17880,0.001913,74.125.200.0-255,2902,133962,13,201738
17881,0.001915,172.31.36.0-255,66,134028,13,201738
17882,0.001939,74.125.200.0-255,4320,138348,13,201738
17883,0.001941,172.31.36.0-255,66,138414,13,201738
17884,0.001945,74.125.200.0-255,1484,139898,13,201738
17885,0.001962,74.125.200.0-255,7156,147054,13,201738
17886,0.001964,172.31.36.0-255,66,147120,13,201738
17887,0.001969,74.125.200.0-255,2902,150022,13,201738
17888,0.001971,172.31.36.0-255,66,150088,13,201738
17889,0.002064,74.125.200.0-255,5020,155108,13,201738
17890,0.002068,172.31.36.0-255,66,155174,13,201738
17891,0.004097,74.125.200.0-255,2902,158076,13,201738
17892,0.004103,172.31.36.0-255,66,158142,13,201738
17893,0.004122,74.125.200.0-255,2902,161044,13,201738
17894,0.004125,172.31.36.0-255,66,161110,13,201738
17895,0.006119,74.125.200.0-255,5738,166848,13,201738
17896,0.006123,172.31.36.0-255,66,166914,13,201738
17897,0.008148,74.125.200.0-255,5738,172652,13,201738
17898,0.008154,172.31.36.0-255,66,172718,13,201738
17899,0.010166,74.125.200.0-255,5738,178456,13,201738
17900,0.010172,172.31.36.0-255,66,178522,13,201738
17901,0.012189,74.125.200.0-255,5738,184260,13,201738
17902,0.012197,172.31.36.0-255,66,184326,13,201738
17903,0.01422,74.125.200.0-255,5738,190064,13,201738
17904,0.014228,172.31.36.0-255,66,190130,13,201738
17905,0.016264,74.125.200.0-255,5738,195868,13,201738
17906,0.016272,172.31.36.0-255,66,195934,13,201738
17907,0.0183,74.125.200.0-255,5738,201672,13,201738
17908,0.018309,172.31.36.0-255,66,201738,13,201738
17909,0.0,74.125.200.0-255,152,152,13,357507
17910,2.7e-05,172.31.36.0-255,66,218,13,357507
17911,3.4e-05,74.125.200.0-255,1484,1702,13,357507
17912,3.8e-05,172.31.36.0-255,66,1768,13,357507
17913,4.3e-05,74.125.200.0-255,2902,4670,13,357507
17914,4.5e-05,172.31.36.0-255,66,4736,13,357507
17915,4.9e-05,74.125.200.0-255,2902,7638,13,357507
17916,5.2e-05,172.31.36.0-255,66,7704,13,357507
17917,8.1e-05,74.125.200.0-255,4320,12024,13,357507
17918,8.6e-05,172.31.36.0-255,66,12090,13,357507
17919,9e-05,74.125.200.0-255,7675,19765,13,357507
17920,9.3e-05,172.31.36.0-255,66,19831,13,357507
17921,0.000115,74.125.200.0-255,8574,28405,13,357507
17922,0.000118,172.31.36.0-255,66,28471,13,357507
17923,0.000139,74.125.200.0-255,2543,31014,13,357507
17924,0.000143,172.31.36.0-255,66,31080,13,357507
17925,0.000169,74.125.200.0-255,1484,32564,13,357507
17926,0.000172,172.31.36.0-255,66,32630,13,357507
17927,0.000175,74.125.200.0-255,1484,34114,13,357507
17928,0.000177,172.31.36.0-255,66,34180,13,357507
17929,0.000194,74.125.200.0-255,1484,35664,13,357507
17930,0.000196,172.31.36.0-255,66,35730,13,357507
17931,0.000204,74.125.200.0-255,5738,41468,13,357507
17932,0.000206,172.31.36.0-255,66,41534,13,357507
17933,0.000214,74.125.200.0-255,6797,48331,13,357507
17934,0.000218,172.31.36.0-255,66,48397,13,357507
17935,0.000416,74.125.200.0-255,1484,49881,13,357507
17936,0.00042,172.31.36.0-255,66,49947,13,357507
17937,0.000426,74.125.200.0-255,2902,52849,13,357507
17938,0.000429,172.31.36.0-255,66,52915,13,357507
17939,0.000432,74.125.200.0-255,1484,54399,13,357507
17940,0.000434,172.31.36.0-255,66,54465,13,357507
17941,0.000463,74.125.200.0-255,4320,58785,13,357507
17942,0.000466,172.31.36.0-255,66,58851,13,357507
17943,0.000473,74.125.200.0-255,6797,65648,13,357507
17944,0.000475,172.31.36.0-255,66,65714,13,357507
17945,0.000529,74.125.200.0-255,1484,67198,13,357507
17946,0.000548,74.125.200.0-255,1484,68682,13,357507
17947,0.000551,172.31.36.0-255,66,68748,13,357507
17948,0.000571,74.125.200.0-255,1484,70232,13,357507
17949,0.000576,74.125.200.0-255,5738,75970,13,357507
17950,0.000579,172.31.36.0-255,66,76036,13,357507
17951,0.000583,74.125.200.0-255,1484,77520,13,357507
17952,0.000596,74.125.200.0-255,2902,80422,13,357507
17953,0.000599,172.31.36.0-255,66,80488,13,357507
17954,0.000612,74.125.200.0-255,2543,83031,13,357507
17955,0.000615,172.31.36.0-255,66,83097,13,357507
17956,0.000649,74.125.200.0-255,1484,84581,13,357507
17957,0.00067,74.125.200.0-255,5738,90319,13,357507
17958,0.000673,172.31.36.0-255,66,90385,13,357507
17959,0.000695,74.125.200.0-255,4320,94705,13,357507
17960,0.000698,172.31.36.0-255,66,94771,13,357507
17961,0.000715,74.125.200.0-255,1484,96255,13,357507
17962,0.000733,74.125.200.0-255,4542,100797,13,357507
17963,0.000736,172.31.36.0-255,66,100863,13,357507
17964,0.000946,74.125.200.0-255,1484,102347,13,357507
17965,0.000976,74.125.200.0-255,1484,103831,13,357507
17966,0.000981,172.31.36.0-255,66,103897,13,357507
17967,0.001,74.125.200.0-255,1484,105381,13,357507
17968,0.001005,74.125.200.0-255,2902,108283,13,357507
17969,0.001008,172.31.36.0-255,66,108349,13,357507
17970,0.001012,74.125.200.0-255,4320,112669,13,357507
17971,0.001014,172.31.36.0-255,66,112735,13,357507
17972,0.001021,74.125.200.0-255,7156,119891,13,357507
17973,0.001023,172.31.36.0-255,66,119957,13,357507
17974,0.001046,74.125.200.0-255,1484,121441,13,357507
17975,0.00105,74.125.200.0-255,4320,125761,13,357507
17976,0.001053,172.31.36.0-255,66,125827,13,357507
17977,0.001062,74.125.200.0-255,9274,135101,13,357507
17978,0.001064,172.31.36.0-255,66,135167,13,357507
17979,0.001261,74.125.200.0-255,1484,136651,13,357507
17980,0.001266,74.125.200.0-255,2902,139553,13,357507
17981,0.001269,172.31.36.0-255,66,139619,13,357507
17982,0.001295,74.125.200.0-255,5738,145357,13,357507
17983,0.001298,172.31.36.0-255,66,145423,13,357507
17984,0.001301,74.125.200.0-255,1484,146907,13,357507
17985,0.001305,74.125.200.0-255,2902,149809,13,357507
17986,0.001307,172.31.36.0-255,66,149875,13,357507
17987,0.001312,74.125.200.0-255,5738,155613,13,357507
17988,0.001315,172.31.36.0-255,66,155679,13,357507
17989,0.001338,74.125.200.0-255,9992,165671,13,357507
17990,0.001341,172.31.36.0-255,66,165737,13,357507
17991,0.001369,74.125.200.0-255,3602,169339,13,357507
17992,0.001373,172.31.36.0-255,66,169405,13,357507
17993,0.001611,74.125.200.0-255,1484,170889,13,357507
17994,0.001629,74.125.200.0-255,1484,172373,13,357507
17995,0.001632,172.31.36.0-255,66,172439,13,357507
17996,0.001635,74.125.200.0-255,1484,173923,13,357507
17997,0.001654,74.125.200.0-255,1484,175407,13,357507
17998,0.001657,172.31.36.0-255,66,175473,13,357507
17999,0.001663,74.125.200.0-255,5738,181211,13,357507
18000,0.001665,172.31.36.0-255,66,181277,13,357507
18001,0.001668,74.125.200.0-255,1484,182761,13,357507
18002,0.001702,74.125.200.0-255,9992,192753,13,357507
18003,0.001706,172.31.36.0-255,66,192819,13,357507
18004,0.001714,74.125.200.0-255,10692,203511,13,357507
18005,0.001717,172.31.36.0-255,66,203577,13,357507
18006,0.001852,74.125.200.0-255,1484,205061,13,357507
18007,0.001855,74.125.200.0-255,1484,206545,13,357507
18008,0.001858,172.31.36.0-255,66,206611,13,357507
18009,0.001876,74.125.200.0-255,1484,208095,13,357507
18010,0.001887,74.125.200.0-255,1484,209579,13,357507
18011,0.00189,172.31.36.0-255,66,209645,13,357507
18012,0.001913,74.125.200.0-255,4320,213965,13,357507
18013,0.001916,172.31.36.0-255,66,214031,13,357507
18014,0.00192,74.125.200.0-255,2902,216933,13,357507
18015,0.001923,172.31.36.0-255,66,216999,13,357507
18016,0.00193,74.125.200.0-255,9992,226991,13,357507
18017,0.001933,172.31.36.0-255,66,227057,13,357507
18018,0.001954,74.125.200.0-255,4320,231377,13,357507
18019,0.001957,172.31.36.0-255,66,231443,13,357507
18020,0.001979,74.125.200.0-255,4320,235763,13,357507
18021,0.002,172.31.36.0-255,66,235829,13,357507
18022,0.002023,74.125.200.0-255,2184,238013,13,357507
18023,0.002026,172.31.36.0-255,66,238079,13,357507
18024,0.002116,74.125.200.0-255,1484,239563,13,357507
18025,0.00212,74.125.200.0-255,1484,241047,13,357507
18026,0.002122,172.31.36.0-255,66,241113,13,357507
18027,0.002143,74.125.200.0-255,1484,242597,13,357507
18028,0.002149,74.125.200.0-255,5738,248335,13,357507
18029,0.002151,172.31.36.0-255,66,248401,13,357507
18030,0.002154,74.125.200.0-255,1484,249885,13,357507
18031,0.002181,74.125.200.0-255,5738,255623,13,357507
18032,0.002184,172.31.36.0-255,66,255689,13,357507
18033,0.002198,172.31.36.0-255,66,255755,13,357507
18034,0.002202,74.125.200.0-255,2184,257939,13,357507
18035,0.002205,172.31.36.0-255,66,258005,13,357507
18036,0.002235,74.125.200.0-255,4320,262325,13,357507
18037,0.00224,172.31.36.0-255,66,262391,13,357507
18038,0.002266,74.125.200.0-255,7156,269547,13,357507
18039,0.00227,172.31.36.0-255,66,269613,13,357507
18040,0.002295,172.31.36.0-255,66,269679,13,357507
18041,0.002367,74.125.200.0-255,10692,280371,13,357507
18042,0.002372,74.125.200.0-255,4320,284691,13,357507
18043,0.002375,172.31.36.0-255,66,284757,13,357507
18044,0.002378,172.31.36.0-255,66,284823,13,357507
18045,0.002396,74.125.200.0-255,5738,290561,13,357507
18046,0.002399,172.31.36.0-255,66,290627,13,357507
18047,0.002405,74.125.200.0-255,5738,296365,13,357507
18048,0.002407,172.31.36.0-255,66,296431,13,357507
18049,0.002433,74.125.200.0-255,5738,302169,13,357507
18050,0.002437,172.31.36.0-255,66,302235,13,357507
18051,0.002441,74.125.200.0-255,2902,305137,13,357507
18052,0.002443,172.31.36.0-255,66,305203,13,357507
18053,0.002446,74.125.200.0-255,1484,306687,13,357507
18054,0.002474,74.125.200.0-255,6438,313125,13,357507
18055,0.002478,172.31.36.0-255,66,313191,13,357507
18056,0.002498,74.125.200.0-255,1484,314675,13,357507
18057,0.002509,74.125.200.0-255,1484,316159,13,357507
18058,0.002512,172.31.36.0-255,66,316225,13,357507
18059,0.002533,74.125.200.0-255,1484,317709,13,357507
18060,0.002539,74.125.200.0-255,5738,323447,13,357507
18061,0.002542,172.31.36.0-255,66,323513,13,357507
18062,0.002549,74.125.200.0-255,7156,330669,13,357507
18063,0.002552,172.31.36.0-255,66,330735,13,357507
18064,0.002557,74.125.200.0-255,4320,335055,13,357507
18065,0.002559,172.31.36.0-255,66,335121,13,357507
18066,0.002597,74.125.200.0-255,9992,345113,13,357507
18067,0.002602,172.31.36.0-255,66,345179,13,357507
18068,0.002606,74.125.200.0-255,2184,347363,13,357507
18069,0.002608,172.31.36.0-255,66,347429,13,357507
18070,0.002612,74.125.200.0-255,2902,350331,13,357507
18071,0.002613,172.31.36.0-255,66,350397,13,357507
18072,0.002616,74.125.200.0-255,1484,351881,13,357507
18073,0.002655,74.125.200.0-255,1484,353365,13,357507
18074,0.002659,172.31.36.0-255,66,353431,13,357507
18075,0.002665,74.125.200.0-255,3571,357002,13,357507
18076,0.002667,172.31.36.0-255,66,357068,13,357507
18077,0.00267,74.125.200.0-255,97,357165,13,357507
18078,0.002672,74.125.200.0-255,105,357270,13,357507
18079,0.008042,172.31.36.0-255,66,357336,13,357507
18080,0.008073,172.31.36.0-255,105,357441,13,357507
18081,0.010043,74.125.200.0-255,66,357507,13,357507
18082,0.0,74.125.24.0-255,143,143,13,145771
18083,2.4e-05,172.31.36.0-255,66,209,13,145771
18084,3.1e-05,74.125.24.0-255,1484,1693,13,145771
18085,3.5e-05,172.31.36.0-255,66,1759,13,145771
18086,4e-05,74.125.24.0-255,2902,4661,13,145771
18087,4.4e-05,172.31.36.0-255,66,4727,13,145771
18088,7.2e-05,74.125.24.0-255,2902,7629,13,145771
18089,7.5e-05,172.31.36.0-255,66,7695,13,145771
18090,8.1e-05,74.125.24.0-255,4320,12015,13,145771
18091,8.4e-05,172.31.36.0-255,66,12081,13,145771
18092,0.000104,74.125.24.0-255,2039,14120,13,145771
18093,0.000106,172.31.36.0-255,66,14186,13,145771
18094,0.000177,74.125.24.0-255,1484,15670,13,145771
18095,0.000181,172.31.36.0-255,66,15736,13,145771
18096,0.000195,74.125.24.0-255,2902,18638,13,145771
18097,0.000197,172.31.36.0-255,66,18704,13,145771
18098,0.000228,74.125.24.0-255,5738,24442,13,145771
18099,0.000231,172.31.36.0-255,66,24508,13,145771
18100,0.000254,74.125.24.0-255,6797,31305,13,145771
18101,0.000258,172.31.36.0-255,66,31371,13,145771
18102,0.000298,74.125.24.0-255,2902,34273,13,145771
18103,0.000301,172.31.36.0-255,66,34339,13,145771
18104,0.000323,74.125.24.0-255,4320,38659,13,145771
18105,0.000325,172.31.36.0-255,66,38725,13,145771
18106,0.000331,74.125.24.0-255,4320,43045,13,145771
18107,0.000333,172.31.36.0-255,66,43111,13,145771
18108,0.000373,74.125.24.0-255,5379,48490,13,145771
18109,0.000376,172.31.36.0-255,66,48556,13,145771
18110,0.000653,74.125.24.0-255,1484,50040,13,145771
18111,0.000657,172.31.36.0-255,66,50106,13,145771
18112,0.000663,74.125.24.0-255,2902,53008,13,145771
18113,0.000666,172.31.36.0-255,66,53074,13,145771
18114,0.000673,74.125.24.0-255,5738,58812,13,145771
18115,0.000676,172.31.36.0-255,66,58878,13,145771
18116,0.000719,74.125.24.0-255,7377,66255,13,145771
18117,0.000723,172.31.36.0-255,66,66321,13,145771
18118,0.000784,74.125.24.0-255,1484,67805,13,145771
18119,0.00079,74.125.24.0-255,2902,70707,13,145771
18120,0.000793,172.31.36.0-255,66,70773,13,145771
18121,0.000813,74.125.24.0-255,4320,75093,13,145771
18122,0.000815,172.31.36.0-255,66,75159,13,145771
18123,0.000843,74.125.24.0-255,4320,79479,13,145771
18124,0.000846,172.31.36.0-255,66,79545,13,145771
18125,0.000869,74.125.24.0-255,5379,84924,13,145771
18126,0.000872,172.31.36.0-255,66,84990,13,145771
18127,0.000879,74.125.24.0-255,5738,90728,13,145771
18128,0.000881,172.31.36.0-255,66,90794,13,145771
18129,0.000907,74.125.24.0-255,7156,97950,13,145771
18130,0.00091,172.31.36.0-255,66,98016,13,145771
18131,0.000929,74.125.24.0-255,2543,100559,13,145771
18132,0.000931,172.31.36.0-255,66,100625,13,145771
18133,0.003672,74.125.24.0-255,1484,102109,13,145771
18134,0.003684,74.125.24.0-255,2902,105011,13,145771
18135,0.003688,172.31.36.0-255,66,105077,13,145771
18136,0.003709,74.125.24.0-255,1484,106561,13,145771
18137,0.005986,74.125.24.0-255,4320,110881,13,145771
18138,0.005993,172.31.36.0-255,66,110947,13,145771
18139,0.00831,74.125.24.0-255,5738,116685,13,145771
18140,0.008317,172.31.36.0-255,66,116751,13,145771
18141,0.010646,74.125.24.0-255,5738,122489,13,145771
18142,0.010657,172.31.36.0-255,66,122555,13,145771
18143,0.012979,74.125.24.0-255,5738,128293,13,145771
18144,0.012987,172.31.36.0-255,66,128359,13,145771
18145,0.015289,74.125.24.0-255,5738,134097,13,145771
18146,0.015296,172.31.36.0-255,66,134163,13,145771
18147,0.01764,74.125.24.0-255,5738,139901,13,145771
18148,0.017653,172.31.36.0-255,66,139967,13,145771
18149,0.01996,74.125.24.0-255,5738,145705,13,145771
18150,0.019969,172.31.36.0-255,66,145771,13,145771
18151,0.0,172.217.194.0-255,152,152,13,249764
18152,2.4e-05,172.31.36.0-255,66,218,13,249764
18153,3.3e-05,172.217.194.0-255,1484,1702,13,249764
18154,3.8e-05,172.31.36.0-255,66,1768,13,249764
18155,5.3e-05,172.217.194.0-255,2902,4670,13,249764
18156,5.7e-05,172.31.36.0-255,66,4736,13,249764
18157,6.5e-05,172.217.194.0-255,7156,11892,13,249764
18158,6.9e-05,172.31.36.0-255,66,11958,13,249764
18159,8.5e-05,172.31.36.0-255,66,12024,13,249764
18160,0.000117,172.217.194.0-255,5379,17403,13,249764
18161,0.00012,172.31.36.0-255,66,17469,13,249764
18162,0.000475,172.217.194.0-255,1484,18953,13,249764
18163,0.000482,172.31.36.0-255,66,19019,13,249764
18164,0.000489,172.217.194.0-255,2902,21921,13,249764
18165,0.000491,172.31.36.0-255,66,21987,13,249764
18166,0.000505,172.217.194.0-255,5738,27725,13,249764
18167,0.000507,172.31.36.0-255,66,27791,13,249764
18168,0.000537,172.217.194.0-255,9633,37424,13,249764
18169,0.00054,172.31.36.0-255,66,37490,13,249764
18170,0.000551,172.217.194.0-255,9992,47482,13,249764
18171,0.000553,172.31.36.0-255,66,47548,13,249764
18172,0.000569,172.217.194.0-255,3961,51509,13,249764
18173,0.000571,172.31.36.0-255,66,51575,13,249764
18174,0.000595,172.217.194.0-255,378,51953,13,249764
18175,0.0006,172.31.36.0-255,66,52019,13,249764
18176,0.000772,172.217.194.0-255,1484,53503,13,249764
18177,0.000777,172.31.36.0-255,66,53569,13,249764
18178,0.000781,172.217.194.0-255,1484,55053,13,249764
18179,0.000783,172.31.36.0-255,66,55119,13,249764
18180,0.000815,172.217.194.0-255,1484,56603,13,249764
18181,0.000818,172.31.36.0-255,66,56669,13,249764
18182,0.000827,172.217.194.0-255,5738,62407,13,249764
18183,0.00083,172.31.36.0-255,66,62473,13,249764
18184,0.00084,172.217.194.0-255,9633,72106,13,249764
18185,0.000843,172.31.36.0-255,66,72172,13,249764
18186,0.000878,172.217.194.0-255,8574,80746,13,249764
18187,0.000881,172.31.36.0-255,66,80812,13,249764
18188,0.000918,172.217.194.0-255,8574,89386,13,249764
18189,0.000922,172.31.36.0-255,66,89452,13,249764
18190,0.000939,172.31.36.0-255,66,89518,13,249764
18191,0.001237,172.217.194.0-255,1484,91002,13,249764
18192,0.001259,172.217.194.0-255,2902,93904,13,249764
18193,0.001263,172.31.36.0-255,66,93970,13,249764
18194,0.001273,172.217.194.0-255,5738,99708,13,249764
18195,0.00128,172.31.36.0-255,66,99774,13,249764
18196,0.001288,172.217.194.0-255,5738,105512,13,249764
18197,0.00129,172.31.36.0-255,66,105578,13,249764
18198,0.001332,172.31.36.0-255,66,105644,13,249764
18199,0.001339,172.217.194.0-255,5738,111382,13,249764
18200,0.001341,172.31.36.0-255,66,111448,13,249764
18201,0.001377,172.217.194.0-255,7156,118604,13,249764
18202,0.00138,172.31.36.0-255,66,118670,13,249764
18203,0.00139,172.217.194.0-255,7856,126526,13,249764
18204,0.001392,172.31.36.0-255,66,126592,13,249764
18205,0.001545,172.217.194.0-255,1484,128076,13,249764
18206,0.001565,172.217.194.0-255,2902,130978,13,249764
18207,0.001569,172.31.36.0-255,66,131044,13,249764
18208,0.001595,172.217.194.0-255,4320,135364,13,249764
18209,0.001599,172.31.36.0-255,66,135430,13,249764
18210,0.001626,172.217.194.0-255,5738,141168,13,249764
18211,0.001628,172.31.36.0-255,66,141234,13,249764
18212,0.001657,172.217.194.0-255,2902,144136,13,249764
18213,0.001676,172.31.36.0-255,66,144202,13,249764
18214,0.001684,172.31.36.0-255,66,144268,13,249764
18215,0.001783,172.217.194.0-255,1484,145752,13,249764
18216,0.001787,172.217.194.0-255,1484,147236,13,249764
18217,0.00179,172.31.36.0-255,66,147302,13,249764
18218,0.001816,172.217.194.0-255,1484,148786,13,249764
18219,0.001824,172.217.194.0-255,5738,154524,13,249764
18220,0.001828,172.31.36.0-255,66,154590,13,249764
18221,0.001838,172.217.194.0-255,2902,157492,13,249764
18222,0.001849,172.31.36.0-255,66,157558,13,249764
18223,0.001868,172.217.194.0-255,9992,167550,13,249764
18224,0.001871,172.31.36.0-255,66,167616,13,249764
18225,0.00192,172.217.194.0-255,10692,178308,13,249764
18226,0.001923,172.31.36.0-255,66,178374,13,249764
18227,0.001947,172.217.194.0-255,1484,179858,13,249764
18228,0.001953,172.217.194.0-255,2902,182760,13,249764
18229,0.001956,172.31.36.0-255,66,182826,13,249764
18230,0.001963,172.217.194.0-255,5738,188564,13,249764
18231,0.001966,172.31.36.0-255,66,188630,13,249764
18232,0.001971,172.217.194.0-255,2902,191532,13,249764
18233,0.001974,172.31.36.0-255,66,191598,13,249764
18234,0.002028,172.217.194.0-255,9992,201590,13,249764
18235,0.002032,172.31.36.0-255,66,201656,13,249764
18236,0.002041,172.217.194.0-255,8574,210230,13,249764
18237,0.002044,172.31.36.0-255,66,210296,13,249764
18238,0.002052,172.217.194.0-255,8574,218870,13,249764
18239,0.002055,172.31.36.0-255,66,218936,13,249764
18240,0.002088,172.217.194.0-255,5020,223956,13,249764
18241,0.002108,172.217.194.0-255,5738,229694,13,249764
18242,0.002154,172.31.36.0-255,66,229760,13,249764
18243,0.002157,172.31.36.0-255,66,229826,13,249764
18244,0.002159,172.31.36.0-255,66,229892,13,249764
18245,0.002211,172.217.194.0-255,5020,234912,13,249764
18246,0.002247,172.31.36.0-255,66,234978,13,249764
18247,0.002256,172.217.194.0-255,7156,242134,13,249764
18248,0.002261,172.31.36.0-255,66,242200,13,249764
18249,0.002307,172.217.194.0-255,7156,249356,13,249764
18250,0.002348,172.31.36.0-255,66,249422,13,249764
18251,0.004636,172.217.194.0-255,105,249527,13,249764
18252,0.008719,172.31.36.0-255,66,249593,13,249764
18253,0.008776,172.31.36.0-255,105,249698,13,249764
18254,0.011086,172.217.194.0-255,66,249764,13,249764
18255,0.0,172.217.194.0-255,153,153,13,190829
18256,2e-05,172.31.36.0-255,66,219,13,190829
18257,2.7e-05,172.217.194.0-255,1484,1703,13,190829
18258,3.1e-05,172.31.36.0-255,66,1769,13,190829
18259,4.5e-05,172.217.194.0-255,2902,4671,13,190829
18260,4.8e-05,172.31.36.0-255,66,4737,13,190829
18261,5.4e-05,172.217.194.0-255,4320,9057,13,190829
18262,5.7e-05,172.31.36.0-255,66,9123,13,190829
18263,0.000102,172.217.194.0-255,9992,19115,13,190829
18264,0.000105,172.31.36.0-255,66,19181,13,190829
18265,0.00014,172.217.194.0-255,2067,21248,13,190829
18266,0.000142,172.31.36.0-255,66,21314,13,190829
18267,0.000151,172.217.194.0-255,8574,29888,13,190829
18268,0.000158,172.31.36.0-255,66,29954,13,190829
18269,0.000161,172.217.194.0-255,1125,31079,13,190829
18270,0.000163,172.31.36.0-255,66,31145,13,190829
18271,0.000214,172.217.194.0-255,1484,32629,13,190829
18272,0.000216,172.31.36.0-255,66,32695,13,190829
18273,0.000241,172.217.194.0-255,2902,35597,13,190829
18274,0.000244,172.31.36.0-255,66,35663,13,190829
18275,0.000251,172.217.194.0-255,5738,41401,13,190829
18276,0.000253,172.31.36.0-255,66,41467,13,190829
18277,0.000274,172.217.194.0-255,2902,44369,13,190829
18278,0.000276,172.31.36.0-255,66,44435,13,190829
18279,0.000298,172.217.194.0-255,4320,48755,13,190829
18280,0.000301,172.31.36.0-255,66,48821,13,190829
18281,0.000308,172.217.194.0-255,1484,50305,13,190829
18282,0.00031,172.31.36.0-255,66,50371,13,190829
18283,0.000344,172.217.194.0-255,7156,57527,13,190829
18284,0.000347,172.31.36.0-255,66,57593,13,190829
18285,0.00035,172.217.194.0-255,1484,59077,13,190829
18286,0.000352,172.31.36.0-255,66,59143,13,190829
18287,0.000377,172.217.194.0-255,4320,63463,13,190829
18288,0.00038,172.31.36.0-255,66,63529,13,190829
18289,0.00041,172.217.194.0-255,2496,66025,13,190829
18290,0.000412,172.31.36.0-255,66,66091,13,190829
18291,0.000416,172.217.194.0-255,364,66455,13,190829
18292,0.000442,172.217.194.0-255,1484,67939,13,190829
18293,0.000445,172.31.36.0-255,66,68005,13,190829
18294,0.000471,172.217.194.0-255,4320,72325,13,190829
18295,0.000474,172.31.36.0-255,66,72391,13,190829
18296,0.000503,172.217.194.0-255,4320,76711,13,190829
18297,0.000506,172.31.36.0-255,66,76777,13,190829
18298,0.000515,172.217.194.0-255,9992,86769,13,190829
18299,0.000517,172.31.36.0-255,66,86835,13,190829
18300,0.000528,172.217.194.0-255,5738,92573,13,190829
18301,0.000531,172.31.36.0-255,66,92639,13,190829
18302,0.000556,172.217.194.0-255,5738,98377,13,190829
18303,0.000558,172.31.36.0-255,66,98443,13,190829
18304,0.000566,172.217.194.0-255,2184,100627,13,190829
18305,0.000568,172.31.36.0-255,66,100693,13,190829
18306,0.001398,172.217.194.0-255,1484,102177,13,190829
18307,0.001405,172.217.194.0-255,2902,105079,13,190829
18308,0.001409,172.31.36.0-255,66,105145,13,190829
18309,0.001415,172.217.194.0-255,4320,109465,13,190829
18310,0.001417,172.31.36.0-255,66,109531,13,190829
18311,0.001451,172.217.194.0-255,1484,111015,13,190829
18312,0.001459,172.217.194.0-255,8574,119589,13,190829
18313,0.001464,172.31.36.0-255,66,119655,13,190829
18314,0.001521,172.217.194.0-255,8574,128229,13,190829
18315,0.001524,172.31.36.0-255,66,128295,13,190829
18316,0.001561,172.217.194.0-255,6262,134557,13,190829
18317,0.001578,172.31.36.0-255,66,134623,13,190829
18318,0.001597,172.31.36.0-255,66,134689,13,190829
18319,0.001612,172.31.36.0-255,66,134755,13,190829
18320,0.001679,172.217.194.0-255,1484,136239,13,190829
18321,0.001683,172.217.194.0-255,1484,137723,13,190829
18322,0.001686,172.31.36.0-255,66,137789,13,190829
18323,0.001704,172.217.194.0-255,1484,139273,13,190829
18324,0.001711,172.217.194.0-255,5738,145011,13,190829
18325,0.001714,172.31.36.0-255,66,145077,13,190829
18326,0.001719,172.217.194.0-255,4320,149397,13,190829
18327,0.001722,172.31.36.0-255,66,149463,13,190829
18328,0.001756,172.217.194.0-255,8574,158037,13,190829
18329,0.001759,172.31.36.0-255,66,158103,13,190829
18330,0.001768,172.217.194.0-255,9992,168095,13,190829
18331,0.001775,172.31.36.0-255,66,168161,13,190829
18332,0.001809,172.31.36.0-255,66,168227,13,190829
18333,0.001838,172.31.36.0-255,66,168293,13,190829
18334,0.001841,172.217.194.0-255,1484,169777,13,190829
18335,0.001877,172.31.36.0-255,66,169843,13,190829
18336,0.001955,172.31.36.0-255,66,169909,13,190829
18337,0.001958,172.31.36.0-255,66,169975,13,190829
18338,0.001961,172.31.36.0-255,66,170041,13,190829
18339,0.001975,172.217.194.0-255,2902,172943,13,190829
18340,0.001981,172.31.36.0-255,66,173009,13,190829
18341,0.002028,172.31.36.0-255,66,173075,13,190829
18342,0.002089,172.217.194.0-255,8574,181649,13,190829
18343,0.002091,172.31.36.0-255,66,181715,13,190829
18344,0.002128,172.217.194.0-255,8574,190289,13,190829
18345,0.002131,172.31.36.0-255,66,190355,13,190829
18346,0.002178,172.31.36.0-255,66,190421,13,190829
18347,0.002198,172.31.36.0-255,66,190487,13,190829
18348,0.002201,172.217.194.0-255,105,190592,13,190829
18349,0.008068,172.31.36.0-255,66,190658,13,190829
18350,0.008111,172.31.36.0-255,105,190763,13,190829
18351,0.01056,172.217.194.0-255,66,190829,13,190829
18352,0.0,74.125.24.0-255,297,297,13,181052
18353,3.7e-05,172.31.36.0-255,66,363,13,181052
18354,4.7e-05,74.125.24.0-255,1484,1847,13,181052
18355,5.1e-05,172.31.36.0-255,66,1913,13,181052
18356,6.6e-05,74.125.24.0-255,4320,6233,13,181052
18357,6.9e-05,172.31.36.0-255,66,6299,13,181052
18358,7.4e-05,74.125.24.0-255,4320,10619,13,181052
18359,7.8e-05,172.31.36.0-255,66,10685,13,181052
18360,8.3e-05,74.125.24.0-255,3286,13971,13,181052
18361,8.6e-05,172.31.36.0-255,66,14037,13,181052
18362,0.000487,74.125.24.0-255,1484,15521,13,181052
18363,0.000493,172.31.36.0-255,66,15587,13,181052
18364,0.000499,74.125.24.0-255,2902,18489,13,181052
18365,0.000502,172.31.36.0-255,66,18555,13,181052
18366,0.000533,74.125.24.0-255,4320,22875,13,181052
18367,0.000538,172.31.36.0-255,66,22941,13,181052
18368,0.000565,74.125.24.0-255,1484,24425,13,181052
18369,0.000569,172.31.36.0-255,66,24491,13,181052
18370,0.000575,74.125.24.0-255,2902,27393,13,181052
18371,0.000577,172.31.36.0-255,66,27459,13,181052
18372,0.000601,74.125.24.0-255,5738,33197,13,181052
18373,0.000605,172.31.36.0-255,66,33263,13,181052
18374,0.000626,74.125.24.0-255,5379,38642,13,181052
18375,0.00063,172.31.36.0-255,66,38708,13,181052
18376,0.000643,172.31.36.0-255,66,38774,13,181052
18377,0.00065,74.125.24.0-255,5738,44512,13,181052
18378,0.000652,172.31.36.0-255,66,44578,13,181052
18379,0.000667,74.125.24.0-255,5738,50316,13,181052
18380,0.000675,172.31.36.0-255,66,50382,13,181052
18381,0.000696,74.125.24.0-255,3602,53984,13,181052
18382,0.000699,172.31.36.0-255,66,54050,13,181052
18383,0.000723,74.125.24.0-255,411,54461,13,181052
18384,0.000795,74.125.24.0-255,331,54792,13,181052
18385,0.000983,172.31.36.0-255,66,54858,13,181052
18386,0.001265,74.125.24.0-255,1484,56342,13,181052
18387,0.001294,74.125.24.0-255,2902,59244,13,181052
18388,0.001299,172.31.36.0-255,66,59310,13,181052
18389,0.001306,74.125.24.0-255,2902,62212,13,181052
18390,0.001308,172.31.36.0-255,66,62278,13,181052
18391,0.001339,74.125.24.0-255,7156,69434,13,181052
18392,0.001343,172.31.36.0-255,66,69500,13,181052
18393,0.001384,74.125.24.0-255,8574,78074,13,181052
18394,0.001387,172.31.36.0-255,66,78140,13,181052
18395,0.001395,74.125.24.0-255,7156,85296,13,181052
18396,0.001397,172.31.36.0-255,66,85362,13,181052
18397,0.001466,172.31.36.0-255,66,85428,13,181052
18398,0.001479,172.31.36.0-255,66,85494,13,181052
18399,0.001487,74.125.24.0-255,8574,94068,13,181052
18400,0.00149,172.31.36.0-255,66,94134,13,181052
18401,0.00153,74.125.24.0-255,3602,97736,13,181052
18402,0.001533,172.31.36.0-255,66,97802,13,181052
18403,0.001602,74.125.24.0-255,1484,99286,13,181052
18404,0.001618,74.125.24.0-255,2902,102188,13,181052
18405,0.001624,172.31.36.0-255,66,102254,13,181052
18406,0.001631,74.125.24.0-255,5738,107992,13,181052
18407,0.001634,172.31.36.0-255,66,108058,13,181052
18408,0.001647,74.125.24.0-255,7156,115214,13,181052
18409,0.00165,172.31.36.0-255,66,115280,13,181052
18410,0.001678,74.125.24.0-255,2902,118182,13,181052
18411,0.001681,172.31.36.0-255,66,118248,13,181052
18412,0.001689,74.125.24.0-255,7156,125404,13,181052
18413,0.001692,172.31.36.0-255,66,125470,13,181052
18414,0.001727,74.125.24.0-255,1484,126954,13,181052
18415,0.001743,74.125.24.0-255,5020,131974,13,181052
18416,0.001747,172.31.36.0-255,66,132040,13,181052
18417,0.001778,74.125.24.0-255,1484,133524,13,181052
18418,0.0018,74.125.24.0-255,4320,137844,13,181052
18419,0.001804,172.31.36.0-255,66,137910,13,181052
18420,0.001831,74.125.24.0-255,1484,139394,13,181052
18421,0.001843,172.31.36.0-255,66,139460,13,181052
18422,0.001863,172.31.36.0-255,66,139526,13,181052
18423,0.001867,74.125.24.0-255,2184,141710,13,181052
18424,0.001869,172.31.36.0-255,66,141776,13,181052
18425,0.004137,74.125.24.0-255,5738,147514,13,181052
18426,0.004146,172.31.36.0-255,66,147580,13,181052
18427,0.006403,74.125.24.0-255,5738,153318,13,181052
18428,0.00641,172.31.36.0-255,66,153384,13,181052
18429,0.008656,74.125.24.0-255,4320,157704,13,181052
18430,0.00866,172.31.36.0-255,66,157770,13,181052
18431,0.008685,74.125.24.0-255,1484,159254,13,181052
18432,0.010945,74.125.24.0-255,4320,163574,13,181052
18433,0.010952,172.31.36.0-255,66,163640,13,181052
18434,0.013253,74.125.24.0-255,5738,169378,13,181052
18435,0.013262,172.31.36.0-255,66,169444,13,181052
18436,0.015554,74.125.24.0-255,5738,175182,13,181052
18437,0.015589,172.31.36.0-255,66,175248,13,181052
18438,0.01789,74.125.24.0-255,5738,180986,13,181052
18439,0.017897,172.31.36.0-255,66,181052,13,181052
18440,0.0,74.125.68.0-255,185,185,13,176437
18441,2.1e-05,172.31.36.0-255,66,251,13,176437
18442,2.8e-05,74.125.68.0-255,1484,1735,13,176437
18443,3.1e-05,172.31.36.0-255,66,1801,13,176437
18444,3.7e-05,74.125.68.0-255,2902,4703,13,176437
18445,4e-05,172.31.36.0-255,66,4769,13,176437
18446,7.3e-05,74.125.68.0-255,5738,10507,13,176437
18447,7.5e-05,172.31.36.0-255,66,10573,13,176437
18448,7.9e-05,74.125.68.0-255,2902,13475,13,176437
18449,8.1e-05,172.31.36.0-255,66,13541,13,176437
18450,0.000105,74.125.68.0-255,3437,16978,13,176437
18451,0.000108,172.31.36.0-255,66,17044,13,176437
18452,0.000124,74.125.68.0-255,4320,21364,13,176437
18453,0.000126,172.31.36.0-255,66,21430,13,176437
18454,0.00014,74.125.68.0-255,1484,22914,13,176437
18455,0.000142,172.31.36.0-255,66,22980,13,176437
18456,0.000147,74.125.68.0-255,4320,27300,13,176437
18457,0.000149,172.31.36.0-255,66,27366,13,176437
18458,0.000172,74.125.68.0-255,2902,30268,13,176437
18459,0.000174,172.31.36.0-255,66,30334,13,176437
18460,0.000177,74.125.68.0-255,1125,31459,13,176437
18461,0.000178,172.31.36.0-255,66,31525,13,176437
18462,0.000432,74.125.68.0-255,1484,33009,13,176437
18463,0.000438,172.31.36.0-255,66,33075,13,176437
18464,0.000443,74.125.68.0-255,2902,35977,13,176437
18465,0.000446,172.31.36.0-255,66,36043,13,176437
18466,0.000457,74.125.68.0-255,1484,37527,13,176437
18467,0.000459,172.31.36.0-255,66,37593,13,176437
18468,0.000483,74.125.68.0-255,4320,41913,13,176437
18469,0.000486,172.31.36.0-255,66,41979,13,176437
18470,0.000491,74.125.68.0-255,4320,46299,13,176437
18471,0.000493,172.31.36.0-255,66,46365,13,176437
18472,0.000517,74.125.68.0-255,2543,48908,13,176437
18473,0.000519,172.31.36.0-255,66,48974,13,176437
18474,0.000726,74.125.68.0-255,1484,50458,13,176437
18475,0.000731,74.125.68.0-255,1484,51942,13,176437
18476,0.000734,172.31.36.0-255,66,52008,13,176437
18477,0.000752,74.125.68.0-255,1484,53492,13,176437
18478,0.000759,74.125.68.0-255,5738,59230,13,176437
18479,0.000761,172.31.36.0-255,66,59296,13,176437
18480,0.000776,74.125.68.0-255,4320,63616,13,176437
18481,0.000778,172.31.36.0-255,66,63682,13,176437
18482,0.000797,74.125.68.0-255,1484,65166,13,176437
18483,0.000814,74.125.68.0-255,1125,66291,13,176437
18484,0.000817,172.31.36.0-255,66,66357,13,176437
18485,0.000963,74.125.68.0-255,1484,67841,13,176437
18486,0.00098,74.125.68.0-255,2902,70743,13,176437
18487,0.000983,172.31.36.0-255,66,70809,13,176437
18488,0.001007,74.125.68.0-255,5738,76547,13,176437
18489,0.00101,172.31.36.0-255,66,76613,13,176437
18490,0.00103,74.125.68.0-255,4320,80933,13,176437
18491,0.001033,172.31.36.0-255,66,80999,13,176437
18492,0.001051,74.125.68.0-255,3961,84960,13,176437
18493,0.001053,172.31.36.0-255,66,85026,13,176437
18494,0.001058,74.125.68.0-255,2902,87928,13,176437
18495,0.00106,172.31.36.0-255,66,87994,13,176437
18496,0.00108,74.125.68.0-255,5738,93732,13,176437
18497,0.001083,172.31.36.0-255,66,93798,13,176437
18498,0.00109,74.125.68.0-255,7377,101175,13,176437
18499,0.001092,172.31.36.0-255,66,101241,13,176437
18500,0.002079,74.125.68.0-255,1484,102725,13,176437
18501,0.002104,74.125.68.0-255,2902,105627,13,176437
18502,0.002108,172.31.36.0-255,66,105693,13,176437
18503,0.002114,74.125.68.0-255,2902,108595,13,176437
18504,0.002116,172.31.36.0-255,66,108661,13,176437
18505,0.002131,74.125.68.0-255,2902,111563,13,176437
18506,0.002132,172.31.36.0-255,66,111629,13,176437
18507,0.002137,74.125.68.0-255,2902,114531,13,176437
18508,0.002138,172.31.36.0-255,66,114597,13,176437
18509,0.002172,74.125.68.0-255,4320,118917,13,176437
18510,0.002174,172.31.36.0-255,66,118983,13,176437
18511,0.002198,74.125.68.0-255,5738,124721,13,176437
18512,0.0022,172.31.36.0-255,66,124787,13,176437
18513,0.002216,74.125.68.0-255,1484,126271,13,176437
18514,0.002232,74.125.68.0-255,5738,132009,13,176437
18515,0.002234,172.31.36.0-255,66,132075,13,176437
18516,0.002254,74.125.68.0-255,3602,135677,13,176437
18517,0.002256,172.31.36.0-255,66,135743,13,176437
18518,0.00451,74.125.68.0-255,1484,137227,13,176437
18519,0.004558,74.125.68.0-255,4320,141547,13,176437
18520,0.004565,172.31.36.0-255,66,141613,13,176437
18521,0.006842,74.125.68.0-255,5738,147351,13,176437
18522,0.006848,172.31.36.0-255,66,147417,13,176437
18523,0.009133,74.125.68.0-255,5738,153155,13,176437
18524,0.009141,172.31.36.0-255,66,153221,13,176437
18525,0.011418,74.125.68.0-255,5738,158959,13,176437
18526,0.011428,172.31.36.0-255,66,159025,13,176437
18527,0.013741,74.125.68.0-255,5738,164763,13,176437
18528,0.013757,172.31.36.0-255,66,164829,13,176437
18529,0.016054,74.125.68.0-255,5738,170567,13,176437
18530,0.016072,172.31.36.0-255,66,170633,13,176437
18531,0.018359,74.125.68.0-255,5738,176371,13,176437
18532,0.018373,172.31.36.0-255,66,176437,13,176437
18533,0.0,172.217.194.0-255,154,154,13,284000
18534,2.3e-05,172.31.36.0-255,66,220,13,284000
18535,3e-05,172.217.194.0-255,1484,1704,13,284000
18536,3.4e-05,172.31.36.0-255,66,1770,13,284000
18537,4.7e-05,172.217.194.0-255,2902,4672,13,284000
18538,5e-05,172.31.36.0-255,66,4738,13,284000
18539,5.6e-05,172.217.194.0-255,5738,10476,13,284000
18540,6e-05,172.31.36.0-255,66,10542,13,284000
18541,9.8e-05,172.217.194.0-255,4320,14862,13,284000
18542,0.000101,172.31.36.0-255,66,14928,13,284000
18543,0.000133,172.217.194.0-255,6187,21115,13,284000
18544,0.000135,172.31.36.0-255,66,21181,13,284000
18545,0.000144,172.217.194.0-255,9633,30814,13,284000
18546,0.000146,172.31.36.0-255,66,30880,13,284000
18547,0.000157,172.217.194.0-255,5738,36618,13,284000
18548,0.00016,172.31.36.0-255,66,36684,13,284000
18549,0.000167,172.217.194.0-255,7156,43840,13,284000
18550,0.000169,172.31.36.0-255,66,43906,13,284000
18551,0.000174,172.217.194.0-255,3961,47867,13,284000
18552,0.000176,172.31.36.0-255,66,47933,13,284000
18553,0.000501,172.217.194.0-255,1484,49417,13,284000
18554,0.000506,172.31.36.0-255,66,49483,13,284000
18555,0.000513,172.217.194.0-255,2902,52385,13,284000
18556,0.000516,172.31.36.0-255,66,52451,13,284000
18557,0.000545,172.217.194.0-255,4320,56771,13,284000
18558,0.000548,172.31.36.0-255,66,56837,13,284000
18559,0.000571,172.217.194.0-255,1484,58321,13,284000
18560,0.000574,172.31.36.0-255,66,58387,13,284000
18561,0.000602,172.217.194.0-255,2902,61289,13,284000
18562,0.000605,172.31.36.0-255,66,61355,13,284000
18563,0.000633,172.217.194.0-255,3961,65316,13,284000
18564,0.000636,172.31.36.0-255,66,65382,13,284000
18565,0.000644,172.217.194.0-255,7156,72538,13,284000
18566,0.000646,172.31.36.0-255,66,72604,13,284000
18567,0.000648,172.217.194.0-255,1484,74088,13,284000
18568,0.000691,172.217.194.0-255,8574,82662,13,284000
18569,0.000693,172.31.36.0-255,66,82728,13,284000
18570,0.000721,172.217.194.0-255,2543,85271,13,284000
18571,0.000723,172.31.36.0-255,66,85337,13,284000
18572,0.000733,172.217.194.0-255,9992,95329,13,284000
18573,0.00074,172.31.36.0-255,66,95395,13,284000
18574,0.000745,172.217.194.0-255,3961,99356,13,284000
18575,0.000748,172.31.36.0-255,66,99422,13,284000
18576,0.000777,172.217.194.0-255,4320,103742,13,284000
18577,0.000779,172.31.36.0-255,66,103808,13,284000
18578,0.000789,172.217.194.0-255,4320,108128,13,284000
18579,0.000792,172.31.36.0-255,66,108194,13,284000
18580,0.000798,172.217.194.0-255,5738,113932,13,284000
18581,0.000801,172.31.36.0-255,66,113998,13,284000
18582,0.00083,172.217.194.0-255,4320,118318,13,284000
18583,0.000833,172.31.36.0-255,66,118384,13,284000
18584,0.000854,172.31.36.0-255,66,118450,13,284000
18585,0.000881,172.217.194.0-255,4320,122770,13,284000
18586,0.000883,172.31.36.0-255,66,122836,13,284000
18587,0.000916,172.217.194.0-255,5738,128574,13,284000
18588,0.000923,172.217.194.0-255,7156,135730,13,284000
18589,0.000928,172.31.36.0-255,66,135796,13,284000
18590,0.000931,172.31.36.0-255,66,135862,13,284000
18591,0.00094,172.217.194.0-255,4320,140182,13,284000
18592,0.000947,172.31.36.0-255,66,140248,13,284000
18593,0.000997,172.31.36.0-255,66,140314,13,284000
18594,0.001007,172.217.194.0-255,9992,150306,13,284000
18595,0.001009,172.31.36.0-255,66,150372,13,284000
18596,0.001027,172.31.36.0-255,66,150438,13,284000
18597,0.001034,172.217.194.0-255,5738,156176,13,284000
18598,0.001036,172.31.36.0-255,66,156242,13,284000
18599,0.001069,172.217.194.0-255,6438,162680,13,284000
18600,0.001072,172.31.36.0-255,66,162746,13,284000
18601,0.001304,172.217.194.0-255,1484,164230,13,284000
18602,0.00131,172.217.194.0-255,2902,167132,13,284000
18603,0.001313,172.31.36.0-255,66,167198,13,284000
18604,0.001318,172.217.194.0-255,4320,171518,13,284000
18605,0.001321,172.31.36.0-255,66,171584,13,284000
18606,0.001354,172.217.194.0-255,1484,173068,13,284000
18607,0.001367,172.217.194.0-255,5738,178806,13,284000
18608,0.00137,172.31.36.0-255,66,178872,13,284000
18609,0.001376,172.217.194.0-255,5738,184610,13,284000
18610,0.001378,172.31.36.0-255,66,184676,13,284000
18611,0.001417,172.217.194.0-255,7156,191832,13,284000
18612,0.00142,172.31.36.0-255,66,191898,13,284000
18613,0.001425,172.217.194.0-255,5020,196918,13,284000
18614,0.001427,172.31.36.0-255,66,196984,13,284000
18615,0.00149,172.217.194.0-255,1484,198468,13,284000
18616,0.001496,172.217.194.0-255,2902,201370,13,284000
18617,0.001499,172.31.36.0-255,66,201436,13,284000
18618,0.001526,172.217.194.0-255,5738,207174,13,284000
18619,0.001529,172.31.36.0-255,66,207240,13,284000
18620,0.001567,172.31.36.0-255,66,207306,13,284000
18621,0.00157,172.217.194.0-255,1484,208790,13,284000
18622,0.001607,172.217.194.0-255,9274,218064,13,284000
18623,0.001609,172.31.36.0-255,66,218130,13,284000
18624,0.001675,172.217.194.0-255,1484,219614,13,284000
18625,0.00168,172.217.194.0-255,2902,222516,13,284000
18626,0.001682,172.31.36.0-255,66,222582,13,284000
18627,0.001688,172.217.194.0-255,5738,228320,13,284000
18628,0.00169,172.31.36.0-255,66,228386,13,284000
18629,0.001707,172.31.36.0-255,66,228452,13,284000
18630,0.001714,172.217.194.0-255,7156,235608,13,284000
18631,0.001717,172.31.36.0-255,66,235674,13,284000
18632,0.001757,172.217.194.0-255,3602,239276,13,284000
18633,0.00176,172.31.36.0-255,66,239342,13,284000
18634,0.002068,172.217.194.0-255,1484,240826,13,284000
18635,0.002076,172.217.194.0-255,2902,243728,13,284000
18636,0.00208,172.31.36.0-255,66,243794,13,284000
18637,0.002116,172.217.194.0-255,5738,249532,13,284000
18638,0.002118,172.31.36.0-255,66,249598,13,284000
18639,0.002154,172.31.36.0-255,66,249664,13,284000
18640,0.002161,172.217.194.0-255,5738,255402,13,284000
18641,0.002163,172.31.36.0-255,66,255468,13,284000
18642,0.002188,172.217.194.0-255,5020,260488,13,284000
18643,0.00219,172.31.36.0-255,66,260554,13,284000
18644,0.002228,172.217.194.0-255,5738,266292,13,284000
18645,0.002231,172.217.194.0-255,1484,267776,13,284000
18646,0.002238,172.217.194.0-255,7156,274932,13,284000
18647,0.00226,172.217.194.0-255,8726,283658,13,284000
18648,0.002263,172.217.194.0-255,105,283763,13,284000
18649,0.008204,172.31.36.0-255,66,283829,13,284000
18650,0.011078,172.31.36.0-255,105,283934,13,284000
18651,0.013422,172.217.194.0-255,66,284000,13,284000
18652,0.0,172.217.194.0-255,147,147,13,142417
18653,3.5e-05,172.31.36.0-255,66,213,13,142417
18654,4.3e-05,172.217.194.0-255,1484,1697,13,142417
18655,4.8e-05,172.31.36.0-255,66,1763,13,142417
18656,6.1e-05,172.217.194.0-255,2902,4665,13,142417
18657,6.5e-05,172.31.36.0-255,66,4731,13,142417
18658,9.3e-05,172.217.194.0-255,1484,6215,13,142417
18659,9.5e-05,172.31.36.0-255,66,6281,13,142417
18660,0.000124,172.217.194.0-255,2902,9183,13,142417
18661,0.000127,172.31.36.0-255,66,9249,13,142417
18662,0.000132,172.217.194.0-255,4320,13569,13,142417
18663,0.000134,172.31.36.0-255,66,13635,13,142417
18664,0.000163,172.217.194.0-255,650,14285,13,142417
18665,0.000165,172.31.36.0-255,66,14351,13,142417
18666,0.000459,172.217.194.0-255,1484,15835,13,142417
18667,0.000464,172.31.36.0-255,66,15901,13,142417
18668,0.000472,172.217.194.0-255,2902,18803,13,142417
18669,0.000475,172.31.36.0-255,66,18869,13,142417
18670,0.000489,172.217.194.0-255,5738,24607,13,142417
18671,0.000491,172.31.36.0-255,66,24673,13,142417
18672,0.000518,172.217.194.0-255,2902,27575,13,142417
18673,0.000521,172.31.36.0-255,66,27641,13,142417
18674,0.000553,172.217.194.0-255,5379,33020,13,142417
18675,0.000558,172.31.36.0-255,66,33086,13,142417
18676,0.000567,172.217.194.0-255,8574,41660,13,142417
18677,0.00057,172.31.36.0-255,66,41726,13,142417
18678,0.000583,172.217.194.0-255,7156,48882,13,142417
18679,0.000586,172.31.36.0-255,66,48948,13,142417
18680,0.000649,172.217.194.0-255,8574,57522,13,142417
18681,0.000654,172.31.36.0-255,66,57588,13,142417
18682,0.000661,172.217.194.0-255,7156,64744,13,142417
18683,0.000664,172.31.36.0-255,66,64810,13,142417
18684,0.000674,172.217.194.0-255,766,65576,13,142417
18685,0.000705,172.217.194.0-255,340,65916,13,142417
18686,0.001875,172.217.194.0-255,117,66033,13,142417
18687,0.001941,172.217.194.0-255,1484,67517,13,142417
18688,0.001946,172.31.36.0-255,66,67583,13,142417
18689,0.001975,172.217.194.0-255,2902,70485,13,142417
18690,0.001978,172.31.36.0-255,66,70551,13,142417
18691,0.001982,172.217.194.0-255,2902,73453,13,142417
18692,0.001984,172.31.36.0-255,66,73519,13,142417
18693,0.002013,172.217.194.0-255,2902,76421,13,142417
18694,0.002015,172.31.36.0-255,66,76487,13,142417
18695,0.002038,172.217.194.0-255,1484,77971,13,142417
18696,0.002099,172.217.194.0-255,1484,79455,13,142417
18697,0.002101,172.31.36.0-255,66,79521,13,142417
18698,0.002122,172.217.194.0-255,1484,81005,13,142417
18699,0.002136,172.217.194.0-255,1484,82489,13,142417
18700,0.002138,172.31.36.0-255,66,82555,13,142417
18701,0.002143,172.217.194.0-255,2902,85457,13,142417
18702,0.002145,172.31.36.0-255,66,85523,13,142417
18703,0.002165,172.217.194.0-255,2902,88425,13,142417
18704,0.002172,172.31.36.0-255,66,88491,13,142417
18705,0.002175,172.217.194.0-255,1484,89975,13,142417
18706,0.002183,172.217.194.0-255,8574,98549,13,142417
18707,0.002185,172.31.36.0-255,66,98615,13,142417
18708,0.002212,172.217.194.0-255,2184,100799,13,142417
18709,0.002214,172.31.36.0-255,66,100865,13,142417
18710,0.004447,172.217.194.0-255,2902,103767,13,142417
18711,0.004455,172.31.36.0-255,66,103833,13,142417
18712,0.004484,172.217.194.0-255,2902,106735,13,142417
18713,0.004489,172.31.36.0-255,66,106801,13,142417
18714,0.006716,172.217.194.0-255,2902,109703,13,142417
18715,0.006773,172.31.36.0-255,66,109769,13,142417
18716,0.007014,172.217.194.0-255,2902,112671,13,142417
18717,0.007019,172.31.36.0-255,66,112737,13,142417
18718,0.009057,172.217.194.0-255,2902,115639,13,142417
18719,0.009064,172.31.36.0-255,66,115705,13,142417
18720,0.009274,172.217.194.0-255,2902,118607,13,142417
18721,0.009279,172.31.36.0-255,66,118673,13,142417
18722,0.011355,172.217.194.0-255,2902,121575,13,142417
18723,0.011362,172.31.36.0-255,66,121641,13,142417
18724,0.011577,172.217.194.0-255,2902,124543,13,142417
18725,0.011584,172.31.36.0-255,66,124609,13,142417
18726,0.013634,172.217.194.0-255,2902,127511,13,142417
18727,0.013641,172.31.36.0-255,66,127577,13,142417
18728,0.013862,172.217.194.0-255,2902,130479,13,142417
18729,0.013868,172.31.36.0-255,66,130545,13,142417
18730,0.01593,172.217.194.0-255,2902,133447,13,142417
18731,0.01594,172.31.36.0-255,66,133513,13,142417
18732,0.016153,172.217.194.0-255,2902,136415,13,142417
18733,0.016159,172.31.36.0-255,66,136481,13,142417
18734,0.018207,172.217.194.0-255,2902,139383,13,142417
18735,0.018213,172.31.36.0-255,66,139449,13,142417
18736,0.018438,172.217.194.0-255,2902,142351,13,142417
18737,0.018444,172.31.36.0-255,66,142417,13,142417
18738,0.0,74.125.68.0-255,298,298,13,149991
18739,2.7e-05,172.31.36.0-255,66,364,13,149991
18740,3.4e-05,74.125.68.0-255,1484,1848,13,149991
18741,3.8e-05,172.31.36.0-255,66,1914,13,149991
18742,4.4e-05,74.125.68.0-255,2902,4816,13,149991
18743,5.8e-05,172.31.36.0-255,66,4882,13,149991
18744,6.5e-05,74.125.68.0-255,5738,10620,13,149991
18745,6.9e-05,172.31.36.0-255,66,10686,13,149991
18746,0.000116,74.125.68.0-255,6113,16799,13,149991
18747,0.000121,172.31.36.0-255,66,16865,13,149991
18748,0.00017,74.125.68.0-255,7156,24021,13,149991
18749,0.000173,172.31.36.0-255,66,24087,13,149991
18750,0.000253,74.125.68.0-255,4320,28407,13,149991
18751,0.000256,172.31.36.0-255,66,28473,13,149991
18752,0.000274,74.125.68.0-255,2543,31016,13,149991
18753,0.000276,172.31.36.0-255,66,31082,13,149991
18754,0.000326,74.125.68.0-255,2902,33984,13,149991
18755,0.00033,172.31.36.0-255,66,34050,13,149991
18756,0.000356,74.125.68.0-255,5738,39788,13,149991
18757,0.000359,172.31.36.0-255,66,39854,13,149991
18758,0.000389,74.125.68.0-255,5738,45592,13,149991
18759,0.000392,172.31.36.0-255,66,45658,13,149991
18760,0.000482,74.125.68.0-255,2902,48560,13,149991
18761,0.000485,172.31.36.0-255,66,48626,13,149991
18762,0.000539,172.31.36.0-255,66,48692,13,149991
18763,0.000672,74.125.68.0-255,413,49105,13,149991
18764,0.000676,172.31.36.0-255,66,49171,13,149991
18765,0.0007,74.125.68.0-255,1484,50655,13,149991
18766,0.000703,172.31.36.0-255,66,50721,13,149991
18767,0.000707,74.125.68.0-255,1484,52205,13,149991
18768,0.000709,172.31.36.0-255,66,52271,13,149991
18769,0.000741,74.125.68.0-255,2902,55173,13,149991
18770,0.000744,172.31.36.0-255,66,55239,13,149991
18771,0.000777,74.125.68.0-255,9992,65231,13,149991
18772,0.00078,172.31.36.0-255,66,65297,13,149991
18773,0.000871,74.125.68.0-255,5738,71035,13,149991
18774,0.000876,172.31.36.0-255,66,71101,13,149991
18775,0.000919,172.31.36.0-255,66,71167,13,149991
18776,0.001326,74.125.68.0-255,1484,72651,13,149991
18777,0.001332,74.125.68.0-255,1484,74135,13,149991
18778,0.001335,172.31.36.0-255,66,74201,13,149991
18779,0.001356,74.125.68.0-255,2902,77103,13,149991
18780,0.001358,172.31.36.0-255,66,77169,13,149991
18781,0.001397,74.125.68.0-255,1484,78653,13,149991
18782,0.001419,74.125.68.0-255,1484,80137,13,149991
18783,0.001424,74.125.68.0-255,4320,84457,13,149991
18784,0.001429,172.31.36.0-255,66,84523,13,149991
18785,0.001432,172.31.36.0-255,66,84589,13,149991
18786,0.001443,74.125.68.0-255,5738,90327,13,149991
18787,0.00145,172.31.36.0-255,66,90393,13,149991
18788,0.001472,74.125.68.0-255,2902,93295,13,149991
18789,0.001474,172.31.36.0-255,66,93361,13,149991
18790,0.00155,74.125.68.0-255,5738,99099,13,149991
18791,0.001554,172.31.36.0-255,66,99165,13,149991
18792,0.001608,74.125.68.0-255,4320,103485,13,149991
18793,0.001611,172.31.36.0-255,66,103551,13,149991
18794,0.001636,74.125.68.0-255,2184,105735,13,149991
18795,0.001639,172.31.36.0-255,66,105801,13,149991
18796,0.002258,74.125.68.0-255,1484,107285,13,149991
18797,0.002269,74.125.68.0-255,2902,110187,13,149991
18798,0.002273,172.31.36.0-255,66,110253,13,149991
18799,0.002278,74.125.68.0-255,1484,111737,13,149991
18800,0.0045,74.125.68.0-255,4320,116057,13,149991
18801,0.004512,172.31.36.0-255,66,116123,13,149991
18802,0.006753,74.125.68.0-255,2902,119025,13,149991
18803,0.006757,172.31.36.0-255,66,119091,13,149991
18804,0.006786,74.125.68.0-255,2902,121993,13,149991
18805,0.006789,172.31.36.0-255,66,122059,13,149991
18806,0.009044,74.125.68.0-255,2902,124961,13,149991
18807,0.009053,172.31.36.0-255,66,125027,13,149991
18808,0.009088,74.125.68.0-255,2902,127929,13,149991
18809,0.009092,172.31.36.0-255,66,127995,13,149991
18810,0.011289,74.125.68.0-255,2902,130897,13,149991
18811,0.011298,172.31.36.0-255,66,130963,13,149991
18812,0.011325,74.125.68.0-255,2902,133865,13,149991
18813,0.011328,172.31.36.0-255,66,133931,13,149991
18814,0.01353,74.125.68.0-255,4320,138251,13,149991
18815,0.01354,172.31.36.0-255,66,138317,13,149991
18816,0.013569,74.125.68.0-255,1484,139801,13,149991
18817,0.015787,74.125.68.0-255,4320,144121,13,149991
18818,0.015797,172.31.36.0-255,66,144187,13,149991
18819,0.018064,74.125.68.0-255,5738,149925,13,149991
18820,0.018082,172.31.36.0-255,66,149991,13,149991
18821,0.0,74.125.24.0-255,146,146,13,139983
18822,2.8e-05,172.31.36.0-255,66,212,13,139983
18823,3.4e-05,74.125.24.0-255,1484,1696,13,139983
18824,3.8e-05,172.31.36.0-255,66,1762,13,139983
18825,5.5e-05,74.125.24.0-255,2902,4664,13,139983
18826,5.7e-05,172.31.36.0-255,66,4730,13,139983
18827,6.2e-05,74.125.24.0-255,2902,7632,13,139983
18828,6.3e-05,172.31.36.0-255,66,7698,13,139983
18829,8.7e-05,74.125.24.0-255,4320,12018,13,139983
18830,9e-05,172.31.36.0-255,66,12084,13,139983
18831,9.5e-05,74.125.24.0-255,2032,14116,13,139983
18832,9.7e-05,172.31.36.0-255,66,14182,13,139983
18833,0.000128,74.125.24.0-255,7156,21338,13,139983
18834,0.00013,172.31.36.0-255,66,21404,13,139983
18835,0.000151,74.125.24.0-255,4320,25724,13,139983
18836,0.000154,172.31.36.0-255,66,25790,13,139983
18837,0.000159,74.125.24.0-255,5379,31169,13,139983
18838,0.000161,172.31.36.0-255,66,31235,13,139983
18839,0.000306,74.125.24.0-255,1484,32719,13,139983
18840,0.00031,172.31.36.0-255,66,32785,13,139983
18841,0.000315,74.125.24.0-255,2902,35687,13,139983
18842,0.000318,172.31.36.0-255,66,35753,13,139983
18843,0.000337,74.125.24.0-255,4320,40073,13,139983
18844,0.00034,172.31.36.0-255,66,40139,13,139983
18845,0.00039,74.125.24.0-255,4320,44459,13,139983
18846,0.000393,172.31.36.0-255,66,44525,13,139983
18847,0.000412,74.125.24.0-255,5379,49904,13,139983
18848,0.000415,172.31.36.0-255,66,49970,13,139983
18849,0.000422,74.125.24.0-255,8574,58544,13,139983
18850,0.000424,172.31.36.0-255,66,58610,13,139983
18851,0.000444,74.125.24.0-255,1484,60094,13,139983
18852,0.000447,172.31.36.0-255,66,60160,13,139983
18853,0.000453,74.125.24.0-255,5652,65812,13,139983
18854,0.000455,172.31.36.0-255,66,65878,13,139983
18855,0.000473,74.125.24.0-255,129,66007,13,139983
18856,0.00061,74.125.24.0-255,1484,67491,13,139983
18857,0.000614,172.31.36.0-255,66,67557,13,139983
18858,0.000619,74.125.24.0-255,2902,70459,13,139983
18859,0.00062,172.31.36.0-255,66,70525,13,139983
18860,0.000624,74.125.24.0-255,2902,73427,13,139983
18861,0.000628,172.31.36.0-255,66,73493,13,139983
18862,0.000637,74.125.24.0-255,2902,76395,13,139983
18863,0.000639,172.31.36.0-255,66,76461,13,139983
18864,0.000642,74.125.24.0-255,1484,77945,13,139983
18865,0.000673,74.125.24.0-255,1484,79429,13,139983
18866,0.000676,172.31.36.0-255,66,79495,13,139983
18867,0.000698,74.125.24.0-255,8215,87710,13,139983
18868,0.000701,172.31.36.0-255,66,87776,13,139983
18869,0.000708,74.125.24.0-255,8574,96350,13,139983
18870,0.00071,172.31.36.0-255,66,96416,13,139983
18871,0.000741,74.125.24.0-255,1484,97900,13,139983
18872,0.000754,74.125.24.0-255,2543,100443,13,139983
18873,0.000758,172.31.36.0-255,66,100509,13,139983
18874,0.003244,74.125.24.0-255,1484,101993,13,139983
18875,0.00329,74.125.24.0-255,1484,103477,13,139983
18876,0.003294,172.31.36.0-255,66,103543,13,139983
18877,0.003314,74.125.24.0-255,2902,106445,13,139983
18878,0.003316,172.31.36.0-255,66,106511,13,139983
18879,0.005844,74.125.24.0-255,4320,110831,13,139983
18880,0.005849,172.31.36.0-255,66,110897,13,139983
18881,0.005865,74.125.24.0-255,1484,112381,13,139983
18882,0.008413,74.125.24.0-255,4320,116701,13,139983
18883,0.008421,172.31.36.0-255,66,116767,13,139983
18884,0.010951,74.125.24.0-255,5738,122505,13,139983
18885,0.010963,172.31.36.0-255,66,122571,13,139983
18886,0.013554,74.125.24.0-255,5738,128309,13,139983
18887,0.013566,172.31.36.0-255,66,128375,13,139983
18888,0.016123,74.125.24.0-255,5738,134113,13,139983
18889,0.016133,172.31.36.0-255,66,134179,13,139983
18890,0.018737,74.125.24.0-255,5738,139917,13,139983
18891,0.018749,172.31.36.0-255,66,139983,13,139983
18892,0.0,74.125.24.0-255,152,152,13,306400
18893,2.7e-05,172.31.36.0-255,66,218,13,306400
18894,3.3e-05,74.125.24.0-255,1484,1702,13,306400
18895,3.8e-05,172.31.36.0-255,66,1768,13,306400
18896,4.2e-05,74.125.24.0-255,2902,4670,13,306400
18897,5.4e-05,172.31.36.0-255,66,4736,13,306400
18898,6.1e-05,74.125.24.0-255,7156,11892,13,306400
18899,6.4e-05,172.31.36.0-255,66,11958,13,306400
18900,6.7e-05,74.125.24.0-255,1975,13933,13,306400
18901,7e-05,172.31.36.0-255,66,13999,13,306400
18902,0.000125,74.125.24.0-255,2902,16901,13,306400
18903,0.000129,172.31.36.0-255,66,16967,13,306400
18904,0.000156,74.125.24.0-255,4320,21287,13,306400
18905,0.00016,172.31.36.0-255,66,21353,13,306400
18906,0.00017,74.125.24.0-255,8574,29927,13,306400
18907,0.000172,172.31.36.0-255,66,29993,13,306400
18908,0.00018,74.125.24.0-255,1125,31118,13,306400
18909,0.000182,172.31.36.0-255,66,31184,13,306400
18910,0.000335,74.125.24.0-255,1484,32668,13,306400
18911,0.000341,172.31.36.0-255,66,32734,13,306400
18912,0.000347,74.125.24.0-255,2902,35636,13,306400
18913,0.000349,172.31.36.0-255,66,35702,13,306400
18914,0.000352,74.125.24.0-255,1484,37186,13,306400
18915,0.000361,172.31.36.0-255,66,37252,13,306400
18916,0.000389,74.125.24.0-255,4320,41572,13,306400
18917,0.000393,172.31.36.0-255,66,41638,13,306400
18918,0.0004,74.125.24.0-255,6797,48435,13,306400
18919,0.000402,172.31.36.0-255,66,48501,13,306400
18920,0.000428,74.125.24.0-255,1484,49985,13,306400
18921,0.000431,172.31.36.0-255,66,50051,13,306400
18922,0.000436,74.125.24.0-255,2902,52953,13,306400
18923,0.000438,172.31.36.0-255,66,53019,13,306400
18924,0.000441,74.125.24.0-255,1484,54503,13,306400
18925,0.000468,74.125.24.0-255,4320,58823,13,306400
18926,0.000471,172.31.36.0-255,66,58889,13,306400
18927,0.000478,74.125.24.0-255,5738,64627,13,306400
18928,0.00048,172.31.36.0-255,66,64693,13,306400
18929,0.00052,74.125.24.0-255,1125,65818,13,306400
18930,0.000566,74.125.24.0-255,647,66465,13,306400
18931,0.000571,172.31.36.0-255,66,66531,13,306400
18932,0.000894,74.125.24.0-255,1484,68015,13,306400
18933,0.000903,74.125.24.0-255,2902,70917,13,306400
18934,0.000908,172.31.36.0-255,66,70983,13,306400
18935,0.000915,74.125.24.0-255,5738,76721,13,306400
18936,0.000917,172.31.36.0-255,66,76787,13,306400
18937,0.000936,74.125.24.0-255,4320,81107,13,306400
18938,0.000939,172.31.36.0-255,66,81173,13,306400
18939,0.000969,74.125.24.0-255,2543,83716,13,306400
18940,0.000973,172.31.36.0-255,66,83782,13,306400
18941,0.001023,74.125.24.0-255,1484,85266,13,306400
18942,0.001028,74.125.24.0-255,2902,88168,13,306400
18943,0.001031,172.31.36.0-255,66,88234,13,306400
18944,0.001065,74.125.24.0-255,5738,93972,13,306400
18945,0.001068,172.31.36.0-255,66,94038,13,306400
18946,0.001097,74.125.24.0-255,7156,101194,13,306400
18947,0.0011,172.31.36.0-255,66,101260,13,306400
18948,0.001133,74.125.24.0-255,1484,102744,13,306400
18949,0.001142,74.125.24.0-255,9992,112736,13,306400
18950,0.001144,172.31.36.0-255,66,112802,13,306400
18951,0.001152,74.125.24.0-255,4470,117272,13,306400
18952,0.001154,172.31.36.0-255,66,117338,13,306400
18953,0.00119,74.125.24.0-255,1484,118822,13,306400
18954,0.001195,74.125.24.0-255,2902,121724,13,306400
18955,0.001198,172.31.36.0-255,66,121790,13,306400
18956,0.001238,74.125.24.0-255,4320,126110,13,306400
18957,0.001241,172.31.36.0-255,66,126176,13,306400
18958,0.001249,74.125.24.0-255,5738,131914,13,306400
18959,0.001251,172.31.36.0-255,66,131980,13,306400
18960,0.001286,172.31.36.0-255,66,132046,13,306400
18961,0.001295,74.125.24.0-255,7856,139902,13,306400
18962,0.001297,172.31.36.0-255,66,139968,13,306400
18963,0.001333,74.125.24.0-255,1484,141452,13,306400
18964,0.001339,74.125.24.0-255,2902,144354,13,306400
18965,0.001342,172.31.36.0-255,66,144420,13,306400
18966,0.001368,74.125.24.0-255,5738,150158,13,306400
18967,0.001372,172.31.36.0-255,66,150224,13,306400
18968,0.001406,74.125.24.0-255,6797,157021,13,306400
18969,0.00141,172.31.36.0-255,66,157087,13,306400
18970,0.001446,74.125.24.0-255,1484,158571,13,306400
18971,0.001464,74.125.24.0-255,2902,161473,13,306400
18972,0.001468,172.31.36.0-255,66,161539,13,306400
18973,0.001475,74.125.24.0-255,5738,167277,13,306400
18974,0.001478,172.31.36.0-255,66,167343,13,306400
18975,0.001487,74.125.24.0-255,2902,170245,13,306400
18976,0.001489,172.31.36.0-255,66,170311,13,306400
18977,0.001533,74.125.24.0-255,9992,180303,13,306400
18978,0.001537,172.31.36.0-255,66,180369,13,306400
18979,0.001543,74.125.24.0-255,4320,184689,13,306400
18980,0.001545,172.31.36.0-255,66,184755,13,306400
18981,0.001571,74.125.24.0-255,5738,190493,13,306400
18982,0.001573,172.31.36.0-255,66,190559,13,306400
18983,0.001576,74.125.24.0-255,766,191325,13,306400
18984,0.002012,74.125.24.0-255,1484,192809,13,306400
18985,0.002015,172.31.36.0-255,66,192875,13,306400
18986,0.002018,74.125.24.0-255,1484,194359,13,306400
18987,0.002038,74.125.24.0-255,1484,195843,13,306400
18988,0.00204,172.31.36.0-255,66,195909,13,306400
18989,0.002046,74.125.24.0-255,5738,201647,13,306400
18990,0.002048,172.31.36.0-255,66,201713,13,306400
18991,0.002114,74.125.24.0-255,9992,211705,13,306400
18992,0.002118,172.31.36.0-255,66,211771,13,306400
18993,0.002139,74.125.24.0-255,2902,214673,13,306400
18994,0.002141,172.31.36.0-255,66,214739,13,306400
18995,0.00215,74.125.24.0-255,10692,225431,13,306400
18996,0.002157,172.31.36.0-255,66,225497,13,306400
18997,0.002159,74.125.24.0-255,1484,226981,13,306400
18998,0.002163,74.125.24.0-255,2902,229883,13,306400
18999,0.002165,172.31.36.0-255,66,229949,13,306400
19000,0.002171,74.125.24.0-255,5738,235687,13,306400
19001,0.002174,172.31.36.0-255,66,235753,13,306400
19002,0.002214,172.31.36.0-255,66,235819,13,306400
19003,0.00222,74.125.24.0-255,5738,241557,13,306400
19004,0.002222,172.31.36.0-255,66,241623,13,306400
19005,0.002247,74.125.24.0-255,5738,247361,13,306400
19006,0.002249,172.31.36.0-255,66,247427,13,306400
19007,0.002294,172.31.36.0-255,66,247493,13,306400
19008,0.002299,74.125.24.0-255,2902,250395,13,306400
19009,0.002301,172.31.36.0-255,66,250461,13,306400
19010,0.002307,74.125.24.0-255,5738,256199,13,306400
19011,0.002309,172.31.36.0-255,66,256265,13,306400
19012,0.002336,74.125.24.0-255,9274,265539,13,306400
19013,0.002338,172.31.36.0-255,66,265605,13,306400
19014,0.004673,74.125.24.0-255,5738,271343,13,306400
19015,0.00468,172.31.36.0-255,66,271409,13,306400
19016,0.007033,74.125.24.0-255,5738,277147,13,306400
19017,0.00704,172.31.36.0-255,66,277213,13,306400
19018,0.007696,172.31.36.0-255,101,277314,13,306400
19019,0.009402,74.125.24.0-255,5738,283052,13,306400
19020,0.009409,172.31.36.0-255,66,283118,13,306400
19021,0.009992,74.125.24.0-255,66,283184,13,306400
19022,0.011762,74.125.24.0-255,5738,288922,13,306400
19023,0.011768,172.31.36.0-255,66,288988,13,306400
19024,0.014103,74.125.24.0-255,5738,294726,13,306400
19025,0.01411,172.31.36.0-255,66,294792,13,306400
19026,0.016442,74.125.24.0-255,5738,300530,13,306400
19027,0.01645,172.31.36.0-255,66,300596,13,306400
19028,0.018823,74.125.24.0-255,5738,306334,13,306400
19029,0.018832,172.31.36.0-255,66,306400,13,306400
19030,0.0,74.125.24.0-255,152,152,13,203883
19031,2.9e-05,172.31.36.0-255,66,218,13,203883
19032,3.5e-05,74.125.24.0-255,1484,1702,13,203883
19033,3.9e-05,172.31.36.0-255,66,1768,13,203883
19034,4.2e-05,74.125.24.0-255,2902,4670,13,203883
19035,4.4e-05,172.31.36.0-255,66,4736,13,203883
19036,5.1e-05,74.125.24.0-255,7156,11892,13,203883
19037,5.2e-05,172.31.36.0-255,66,11958,13,203883
19038,7.4e-05,74.125.24.0-255,2028,13986,13,203883
19039,7.6e-05,172.31.36.0-255,66,14052,13,203883
19040,0.00031,74.125.24.0-255,1484,15536,13,203883
19041,0.000313,74.125.24.0-255,1484,17020,13,203883
19042,0.000316,172.31.36.0-255,66,17086,13,203883
19043,0.00032,172.31.36.0-255,66,17152,13,203883
19044,0.000331,74.125.24.0-255,1484,18636,13,203883
19045,0.000333,172.31.36.0-255,66,18702,13,203883
19046,0.000338,74.125.24.0-255,4320,23022,13,203883
19047,0.000339,172.31.36.0-255,66,23088,13,203883
19048,0.000357,74.125.24.0-255,1484,24572,13,203883
19049,0.000359,172.31.36.0-255,66,24638,13,203883
19050,0.000397,74.125.24.0-255,6797,31435,13,203883
19051,0.0004,172.31.36.0-255,66,31501,13,203883
19052,0.000523,74.125.24.0-255,1484,32985,13,203883
19053,0.000527,172.31.36.0-255,66,33051,13,203883
19054,0.000546,74.125.24.0-255,2902,35953,13,203883
19055,0.000548,172.31.36.0-255,66,36019,13,203883
19056,0.000553,74.125.24.0-255,5738,41757,13,203883
19057,0.000555,172.31.36.0-255,66,41823,13,203883
19058,0.000609,172.31.36.0-255,66,41889,13,203883
19059,0.000616,74.125.24.0-255,8574,50463,13,203883
19060,0.000619,172.31.36.0-255,66,50529,13,203883
19061,0.00064,74.125.24.0-255,1459,51988,13,203883
19062,0.000686,74.125.24.0-255,111,52099,13,203883
19063,0.00069,74.125.24.0-255,330,52429,13,203883
19064,0.00072,172.31.36.0-255,66,52495,13,203883
19065,0.00118,74.125.24.0-255,1484,53979,13,203883
19066,0.001189,74.125.24.0-255,2902,56881,13,203883
19067,0.001193,172.31.36.0-255,66,56947,13,203883
19068,0.0012,74.125.24.0-255,5738,62685,13,203883
19069,0.001202,172.31.36.0-255,66,62751,13,203883
19070,0.00122,74.125.24.0-255,5738,68489,13,203883
19071,0.001237,74.125.24.0-255,7156,75645,13,203883
19072,0.001259,74.125.24.0-255,7156,82801,13,203883
19073,0.001262,172.31.36.0-255,66,82867,13,203883
19074,0.001266,172.31.36.0-255,66,82933,13,203883
19075,0.001275,74.125.24.0-255,3602,86535,13,203883
19076,0.001307,172.31.36.0-255,66,86601,13,203883
19077,0.002003,74.125.24.0-255,1484,88085,13,203883
19078,0.002026,74.125.24.0-255,2902,90987,13,203883
19079,0.00203,172.31.36.0-255,66,91053,13,203883
19080,0.002038,74.125.24.0-255,5738,96791,13,203883
19081,0.00204,172.31.36.0-255,66,96857,13,203883
19082,0.002086,172.31.36.0-255,66,96923,13,203883
19083,0.002108,74.125.24.0-255,5738,102661,13,203883
19084,0.002137,74.125.24.0-255,5020,107681,13,203883
19085,0.00215,172.31.36.0-255,66,107747,13,203883
19086,0.002171,74.125.24.0-255,4320,112067,13,203883
19087,0.002175,172.31.36.0-255,66,112133,13,203883
19088,0.002217,74.125.24.0-255,8574,120707,13,203883
19089,0.002252,74.125.24.0-255,1484,122191,13,203883
19090,0.002265,172.31.36.0-255,66,122257,13,203883
19091,0.002289,74.125.24.0-255,9274,131531,13,203883
19092,0.002305,74.125.24.0-255,5738,137269,13,203883
19093,0.002311,172.31.36.0-255,66,137335,13,203883
19094,0.00232,74.125.24.0-255,5738,143073,13,203883
19095,0.002324,74.125.24.0-255,2902,145975,13,203883
19096,0.002333,172.31.36.0-255,66,146041,13,203883
19097,0.002342,74.125.24.0-255,9992,156033,13,203883
19098,0.002394,74.125.24.0-255,7156,163189,13,203883
19099,0.002405,172.31.36.0-255,66,163255,13,203883
19100,0.004692,74.125.24.0-255,5738,168993,13,203883
19101,0.004699,172.31.36.0-255,66,169059,13,203883
19102,0.007035,74.125.24.0-255,5738,174797,13,203883
19103,0.007041,172.31.36.0-255,66,174863,13,203883
19104,0.009379,74.125.24.0-255,5738,180601,13,203883
19105,0.009385,172.31.36.0-255,66,180667,13,203883
19106,0.01173,74.125.24.0-255,5738,186405,13,203883
19107,0.011736,172.31.36.0-255,66,186471,13,203883
19108,0.014069,74.125.24.0-255,5738,192209,13,203883
19109,0.014076,172.31.36.0-255,66,192275,13,203883
19110,0.016416,74.125.24.0-255,5738,198013,13,203883
19111,0.016421,172.31.36.0-255,66,198079,13,203883
19112,0.018738,74.125.24.0-255,5738,203817,13,203883
19113,0.018745,172.31.36.0-255,66,203883,13,203883
19114,0.0,172.217.194.0-255,143,143,13,301084
19115,3.4e-05,172.31.36.0-255,66,209,13,301084
19116,4.2e-05,172.217.194.0-255,1484,1693,13,301084
19117,4.5e-05,172.31.36.0-255,66,1759,13,301084
19118,5.8e-05,172.217.194.0-255,2902,4661,13,301084
19119,6.2e-05,172.31.36.0-255,66,4727,13,301084
19120,7e-05,172.217.194.0-255,7156,11883,13,301084
19121,7.2e-05,172.31.36.0-255,66,11949,13,301084
19122,0.000105,172.217.194.0-255,2089,14038,13,301084
19123,0.000108,172.31.36.0-255,66,14104,13,301084
19124,0.000127,172.217.194.0-255,2902,17006,13,301084
19125,0.00013,172.31.36.0-255,66,17072,13,301084
19126,0.000137,172.217.194.0-255,7156,24228,13,301084
19127,0.00014,172.31.36.0-255,66,24294,13,301084
19128,0.000163,172.217.194.0-255,6797,31091,13,301084
19129,0.000168,172.31.36.0-255,66,31157,13,301084
19130,0.000261,172.217.194.0-255,1484,32641,13,301084
19131,0.000265,172.217.194.0-255,2902,35543,13,301084
19132,0.000266,172.31.36.0-255,66,35609,13,301084
19133,0.00027,172.31.36.0-255,66,35675,13,301084
19134,0.000296,172.217.194.0-255,5738,41413,13,301084
19135,0.0003,172.31.36.0-255,66,41479,13,301084
19136,0.000305,172.217.194.0-255,2902,44381,13,301084
19137,0.000308,172.31.36.0-255,66,44447,13,301084
19138,0.000332,172.217.194.0-255,2902,47349,13,301084
19139,0.000337,172.31.36.0-255,66,47415,13,301084
19140,0.00034,172.217.194.0-255,1484,48899,13,301084
19141,0.000342,172.31.36.0-255,66,48965,13,301084
19142,0.000383,172.31.36.0-255,66,49031,13,301084
19143,0.000388,172.217.194.0-255,3961,52992,13,301084
19144,0.000391,172.31.36.0-255,66,53058,13,301084
19145,0.000443,172.217.194.0-255,364,53422,13,301084
19146,0.000449,172.217.194.0-255,378,53800,13,301084
19147,0.000614,172.217.194.0-255,1484,55284,13,301084
19148,0.000618,172.31.36.0-255,66,55350,13,301084
19149,0.000623,172.217.194.0-255,2902,58252,13,301084
19150,0.000625,172.31.36.0-255,66,58318,13,301084
19151,0.00063,172.217.194.0-255,2902,61220,13,301084
19152,0.000638,172.31.36.0-255,66,61286,13,301084
19153,0.00067,172.217.194.0-255,1484,62770,13,301084
19154,0.000678,172.217.194.0-255,8574,71344,13,301084
19155,0.000681,172.31.36.0-255,66,71410,13,301084
19156,0.000699,172.31.36.0-255,66,71476,13,301084
19157,0.00071,172.217.194.0-255,1484,72960,13,301084
19158,0.000731,172.217.194.0-255,2902,75862,13,301084
19159,0.000734,172.31.36.0-255,66,75928,13,301084
19160,0.00074,172.217.194.0-255,4320,80248,13,301084
19161,0.000742,172.31.36.0-255,66,80314,13,301084
19162,0.000766,172.217.194.0-255,1484,81798,13,301084
19163,0.00079,172.217.194.0-255,8574,90372,13,301084
19164,0.000794,172.31.36.0-255,66,90438,13,301084
19165,0.000819,172.217.194.0-255,4320,94758,13,301084
19166,0.000823,172.31.36.0-255,66,94824,13,301084
19167,0.000836,172.217.194.0-255,2902,97726,13,301084
19168,0.000843,172.31.36.0-255,66,97792,13,301084
19169,0.000876,172.217.194.0-255,7856,105648,13,301084
19170,0.00088,172.31.36.0-255,66,105714,13,301084
19171,0.000913,172.31.36.0-255,66,105780,13,301084
19172,0.000928,172.31.36.0-255,66,105846,13,301084
19173,0.000935,172.217.194.0-255,7156,113002,13,301084
19174,0.000938,172.31.36.0-255,66,113068,13,301084
19175,0.000963,172.217.194.0-255,2184,115252,13,301084
19176,0.000966,172.31.36.0-255,66,115318,13,301084
19177,0.00106,172.217.194.0-255,1484,116802,13,301084
19178,0.001075,172.217.194.0-255,2902,119704,13,301084
19179,0.001079,172.31.36.0-255,66,119770,13,301084
19180,0.001084,172.217.194.0-255,4320,124090,13,301084
19181,0.001087,172.31.36.0-255,66,124156,13,301084
19182,0.001104,172.217.194.0-255,1484,125640,13,301084
19183,0.001117,172.217.194.0-255,8574,134214,13,301084
19184,0.001132,172.31.36.0-255,66,134280,13,301084
19185,0.001151,172.217.194.0-255,4320,138600,13,301084
19186,0.001154,172.31.36.0-255,66,138666,13,301084
19187,0.001164,172.217.194.0-255,9992,148658,13,301084
19188,0.001166,172.217.194.0-255,766,149424,13,301084
19189,0.001167,172.31.36.0-255,66,149490,13,301084
19190,0.001284,172.217.194.0-255,1484,150974,13,301084
19191,0.001289,172.31.36.0-255,66,151040,13,301084
19192,0.001293,172.217.194.0-255,2902,153942,13,301084
19193,0.001296,172.31.36.0-255,66,154008,13,301084
19194,0.001299,172.217.194.0-255,1484,155492,13,301084
19195,0.001323,172.217.194.0-255,4320,159812,13,301084
19196,0.001326,172.31.36.0-255,66,159878,13,301084
19197,0.001332,172.217.194.0-255,4320,164198,13,301084
19198,0.001334,172.31.36.0-255,66,164264,13,301084
19199,0.001339,172.217.194.0-255,4320,168584,13,301084
19200,0.001341,172.31.36.0-255,66,168650,13,301084
19201,0.001376,172.217.194.0-255,7156,175806,13,301084
19202,0.001379,172.31.36.0-255,66,175872,13,301084
19203,0.001388,172.217.194.0-255,7856,183728,13,301084
19204,0.00139,172.31.36.0-255,66,183794,13,301084
19205,0.002015,172.217.194.0-255,1484,185278,13,301084
19206,0.002039,172.217.194.0-255,2902,188180,13,301084
19207,0.002043,172.31.36.0-255,66,188246,13,301084
19208,0.00205,172.217.194.0-255,5738,193984,13,301084
19209,0.002052,172.31.36.0-255,66,194050,13,301084
19210,0.002145,172.31.36.0-255,66,194116,13,301084
19211,0.002155,172.217.194.0-255,10692,204808,13,301084
19212,0.002157,172.31.36.0-255,66,204874,13,301084
19213,0.00216,172.217.194.0-255,1484,206358,13,301084
19214,0.002186,172.217.194.0-255,2902,209260,13,301084
19215,0.002189,172.31.36.0-255,66,209326,13,301084
19216,0.002211,172.217.194.0-255,5738,215064,13,301084
19217,0.002213,172.31.36.0-255,66,215130,13,301084
19218,0.002227,172.31.36.0-255,66,215196,13,301084
19219,0.002233,172.217.194.0-255,5738,220934,13,301084
19220,0.002236,172.31.36.0-255,66,221000,13,301084
19221,0.002269,172.217.194.0-255,5020,226020,13,301084
19222,0.002272,172.31.36.0-255,66,226086,13,301084
19223,0.002296,172.217.194.0-255,1484,227570,13,301084
19224,0.002309,172.217.194.0-255,2902,230472,13,301084
19225,0.002312,172.31.36.0-255,66,230538,13,301084
19226,0.002317,172.217.194.0-255,2902,233440,13,301084
19227,0.002319,172.31.36.0-255,66,233506,13,301084
19228,0.002347,172.217.194.0-255,2902,236408,13,301084
19229,0.00235,172.31.36.0-255,66,236474,13,301084
19230,0.002356,172.217.194.0-255,4320,240794,13,301084
19231,0.002358,172.31.36.0-255,66,240860,13,301084
19232,0.002365,172.217.194.0-255,7156,248016,13,301084
19233,0.002367,172.31.36.0-255,66,248082,13,301084
19234,0.002404,172.217.194.0-255,4320,252402,13,301084
19235,0.002407,172.31.36.0-255,66,252468,13,301084
19236,0.002415,172.217.194.0-255,7856,260324,13,301084
19237,0.002417,172.31.36.0-255,66,260390,13,301084
19238,0.004786,172.217.194.0-255,5738,266128,13,301084
19239,0.004793,172.31.36.0-255,66,266194,13,301084
19240,0.007142,172.217.194.0-255,5738,271932,13,301084
19241,0.007147,172.31.36.0-255,66,271998,13,301084
19242,0.009532,172.217.194.0-255,5738,277736,13,301084
19243,0.00954,172.31.36.0-255,66,277802,13,301084
19244,0.011935,172.217.194.0-255,5738,283540,13,301084
19245,0.011944,172.31.36.0-255,66,283606,13,301084
19246,0.014273,172.217.194.0-255,5738,289344,13,301084
19247,0.014288,172.31.36.0-255,66,289410,13,301084
19248,0.016619,172.217.194.0-255,5738,295148,13,301084
19249,0.016628,172.31.36.0-255,66,295214,13,301084
19250,0.018989,172.217.194.0-255,4320,299534,13,301084
19251,0.018995,172.31.36.0-255,66,299600,13,301084
19252,0.019027,172.217.194.0-255,1484,301084,13,301084
19253,0.0,172.217.27.0-255,153,153,13,266025
19254,3.5e-05,172.31.36.0-255,66,219,13,266025
19255,4.2e-05,172.217.27.0-255,1484,1703,13,266025
19256,4.6e-05,172.31.36.0-255,66,1769,13,266025
19257,5e-05,172.217.27.0-255,2902,4671,13,266025
19258,5.4e-05,172.31.36.0-255,66,4737,13,266025
19259,6e-05,172.217.27.0-255,5738,10475,13,266025
19260,6.3e-05,172.31.36.0-255,66,10541,13,266025
19261,6.9e-05,172.217.27.0-255,3522,14063,13,266025
19262,7.2e-05,172.31.36.0-255,66,14129,13,266025
19263,7.7e-05,172.217.27.0-255,4320,18449,13,266025
19264,7.9e-05,172.31.36.0-255,66,18515,13,266025
19265,0.000111,172.217.27.0-255,7156,25671,13,266025
19266,0.000114,172.31.36.0-255,66,25737,13,266025
19267,0.000174,172.217.27.0-255,5379,31116,13,266025
19268,0.000178,172.31.36.0-255,66,31182,13,266025
19269,0.000272,172.217.27.0-255,1484,32666,13,266025
19270,0.000278,172.31.36.0-255,66,32732,13,266025
19271,0.000282,172.217.27.0-255,1484,34216,13,266025
19272,0.000284,172.31.36.0-255,66,34282,13,266025
19273,0.000299,172.217.27.0-255,1484,35766,13,266025
19274,0.000302,172.31.36.0-255,66,35832,13,266025
19275,0.000309,172.217.27.0-255,5738,41570,13,266025
19276,0.000312,172.31.36.0-255,66,41636,13,266025
19277,0.000341,172.217.27.0-255,6797,48433,13,266025
19278,0.000346,172.31.36.0-255,66,48499,13,266025
19279,0.000366,172.217.27.0-255,2902,51401,13,266025
19280,0.000369,172.31.36.0-255,66,51467,13,266025
19281,0.000397,172.217.27.0-255,4320,55787,13,266025
19282,0.000402,172.31.36.0-255,66,55853,13,266025
19283,0.000409,172.217.27.0-255,7156,63009,13,266025
19284,0.000412,172.31.36.0-255,66,63075,13,266025
19285,0.000427,172.217.27.0-255,2806,65881,13,266025
19286,0.00043,172.31.36.0-255,66,65947,13,266025
19287,0.000653,172.217.27.0-255,142,66089,13,266025
19288,0.000772,172.31.36.0-255,66,66155,13,266025
19289,0.000827,172.217.27.0-255,1484,67639,13,266025
19290,0.000835,172.217.27.0-255,2902,70541,13,266025
19291,0.000838,172.31.36.0-255,66,70607,13,266025
19292,0.000859,172.217.27.0-255,5738,76345,13,266025
19293,0.000861,172.31.36.0-255,66,76411,13,266025
19294,0.00088,172.217.27.0-255,6797,83208,13,266025
19295,0.000882,172.31.36.0-255,66,83274,13,266025
19296,0.000912,172.217.27.0-255,7156,90430,13,266025
19297,0.000916,172.31.36.0-255,66,90496,13,266025
19298,0.000963,172.217.27.0-255,8574,99070,13,266025
19299,0.000967,172.31.36.0-255,66,99136,13,266025
19300,0.000971,172.217.27.0-255,1384,100520,13,266025
19301,0.00104,172.217.27.0-255,1484,102004,13,266025
19302,0.001045,172.31.36.0-255,66,102070,13,266025
19303,0.001051,172.217.27.0-255,2902,104972,13,266025
19304,0.001053,172.31.36.0-255,66,105038,13,266025
19305,0.00106,172.217.27.0-255,5738,110776,13,266025
19306,0.001062,172.31.36.0-255,66,110842,13,266025
19307,0.001096,172.217.27.0-255,8574,119416,13,266025
19308,0.0011,172.31.36.0-255,66,119482,13,266025
19309,0.001104,172.217.27.0-255,1484,120966,13,266025
19310,0.001129,172.217.27.0-255,8574,129540,13,266025
19311,0.001133,172.31.36.0-255,66,129606,13,266025
19312,0.001182,172.217.27.0-255,5020,134626,13,266025
19313,0.001187,172.31.36.0-255,66,134692,13,266025
19314,0.001244,172.217.27.0-255,1484,136176,13,266025
19315,0.001248,172.217.27.0-255,1484,137660,13,266025
19316,0.001251,172.31.36.0-255,66,137726,13,266025
19317,0.001266,172.217.27.0-255,1484,139210,13,266025
19318,0.001273,172.217.27.0-255,5738,144948,13,266025
19319,0.001275,172.31.36.0-255,66,145014,13,266025
19320,0.001305,172.217.27.0-255,1484,146498,13,266025
19321,0.00131,172.31.36.0-255,66,146564,13,266025
19322,0.001336,172.217.27.0-255,9274,155838,13,266025
19323,0.00134,172.31.36.0-255,66,155904,13,266025
19324,0.00138,172.217.27.0-255,1484,157388,13,266025
19325,0.001387,172.217.27.0-255,2902,160290,13,266025
19326,0.00139,172.31.36.0-255,66,160356,13,266025
19327,0.001414,172.217.27.0-255,5738,166094,13,266025
19328,0.001418,172.31.36.0-255,66,166160,13,266025
19329,0.001424,172.217.27.0-255,2902,169062,13,266025
19330,0.001427,172.31.36.0-255,66,169128,13,266025
19331,0.001456,172.217.27.0-255,4320,173448,13,266025
19332,0.00146,172.31.36.0-255,66,173514,13,266025
19333,0.00147,172.217.27.0-255,9992,183506,13,266025
19334,0.001473,172.31.36.0-255,66,183572,13,266025
19335,0.001497,172.217.27.0-255,4320,187892,13,266025
19336,0.0015,172.31.36.0-255,66,187958,13,266025
19337,0.001504,172.217.27.0-255,2184,190142,13,266025
19338,0.001506,172.31.36.0-255,66,190208,13,266025
19339,0.001613,172.217.27.0-255,1484,191692,13,266025
19340,0.001618,172.217.27.0-255,2902,194594,13,266025
19341,0.001621,172.31.36.0-255,66,194660,13,266025
19342,0.001625,172.217.27.0-255,2902,197562,13,266025
19343,0.001627,172.31.36.0-255,66,197628,13,266025
19344,0.001641,172.217.27.0-255,2902,200530,13,266025
19345,0.001643,172.31.36.0-255,66,200596,13,266025
19346,0.001684,172.217.27.0-255,7156,207752,13,266025
19347,0.001687,172.31.36.0-255,66,207818,13,266025
19348,0.003345,172.217.27.0-255,5738,213556,13,266025
19349,0.003351,172.31.36.0-255,66,213622,13,266025
19350,0.003544,172.31.36.0-255,101,213723,13,266025
19351,0.005005,172.217.27.0-255,5738,219461,13,266025
19352,0.00501,172.31.36.0-255,66,219527,13,266025
19353,0.005162,172.217.27.0-255,66,219593,13,266025
19354,0.006722,172.217.27.0-255,5738,225331,13,266025
19355,0.006729,172.31.36.0-255,66,225397,13,266025
19356,0.008401,172.217.27.0-255,5738,231135,13,266025
19357,0.008408,172.31.36.0-255,66,231201,13,266025
19358,0.010063,172.217.27.0-255,5738,236939,13,266025
19359,0.01007,172.31.36.0-255,66,237005,13,266025
19360,0.011737,172.217.27.0-255,5738,242743,13,266025
19361,0.011745,172.31.36.0-255,66,242809,13,266025
19362,0.013413,172.217.27.0-255,5738,248547,13,266025
19363,0.01342,172.31.36.0-255,66,248613,13,266025
19364,0.015094,172.217.27.0-255,5738,254351,13,266025
19365,0.015101,172.31.36.0-255,66,254417,13,266025
19366,0.016764,172.217.27.0-255,5738,260155,13,266025
19367,0.016772,172.31.36.0-255,66,260221,13,266025
19368,0.018434,172.217.27.0-255,5738,265959,13,266025
19369,0.018442,172.31.36.0-255,66,266025,13,266025
19370,0.0,74.125.68.0-255,153,153,13,135914
19371,2.3e-05,172.31.36.0-255,66,219,13,135914
19372,3.1e-05,74.125.68.0-255,1484,1703,13,135914
19373,3.5e-05,172.31.36.0-255,66,1769,13,135914
19374,4.1e-05,74.125.68.0-255,2902,4671,13,135914
19375,4.5e-05,172.31.36.0-255,66,4737,13,135914
19376,5.2e-05,74.125.68.0-255,5738,10475,13,135914
19377,5.5e-05,172.31.36.0-255,66,10541,13,135914
19378,0.000101,74.125.68.0-255,3471,14012,13,135914
19379,0.000104,172.31.36.0-255,66,14078,13,135914
19380,0.00012,74.125.68.0-255,4320,18398,13,135914
19381,0.000123,172.31.36.0-255,66,18464,13,135914
19382,0.000163,74.125.68.0-255,5738,24202,13,135914
19383,0.000165,172.31.36.0-255,66,24268,13,135914
19384,0.000183,74.125.68.0-255,1484,25752,13,135914
19385,0.000185,172.31.36.0-255,66,25818,13,135914
19386,0.000204,74.125.68.0-255,1484,27302,13,135914
19387,0.000207,172.31.36.0-255,66,27368,13,135914
19388,0.000228,74.125.68.0-255,3961,31329,13,135914
19389,0.00023,172.31.36.0-255,66,31395,13,135914
19390,0.000245,74.125.68.0-255,1484,32879,13,135914
19391,0.000247,172.31.36.0-255,66,32945,13,135914
19392,0.000262,74.125.68.0-255,1484,34429,13,135914
19393,0.000265,172.31.36.0-255,66,34495,13,135914
19394,0.000293,74.125.68.0-255,1484,35979,13,135914
19395,0.000295,172.31.36.0-255,66,36045,13,135914
19396,0.000301,74.125.68.0-255,5738,41783,13,135914
19397,0.000304,172.31.36.0-255,66,41849,13,135914
19398,0.000311,74.125.68.0-255,6797,48646,13,135914
19399,0.000314,172.31.36.0-255,66,48712,13,135914
19400,0.00032,74.125.68.0-255,4320,53032,13,135914
19401,0.000322,172.31.36.0-255,66,53098,13,135914
19402,0.000345,74.125.68.0-255,2902,56000,13,135914
19403,0.000347,172.31.36.0-255,66,56066,13,135914
19404,0.000355,74.125.68.0-255,7156,63222,13,135914
19405,0.000357,172.31.36.0-255,66,63288,13,135914
19406,0.000373,74.125.68.0-255,2543,65831,13,135914
19407,0.000375,172.31.36.0-255,66,65897,13,135914
19408,0.001978,74.125.68.0-255,645,66542,13,135914
19409,0.002159,74.125.68.0-255,1484,68026,13,135914
19410,0.002164,172.31.36.0-255,66,68092,13,135914
19411,0.002185,74.125.68.0-255,2902,70994,13,135914
19412,0.002187,172.31.36.0-255,66,71060,13,135914
19413,0.002194,74.125.68.0-255,4320,75380,13,135914
19414,0.002196,172.31.36.0-255,66,75446,13,135914
19415,0.00221,74.125.68.0-255,1484,76930,13,135914
19416,0.002239,74.125.68.0-255,4320,81250,13,135914
19417,0.002241,172.31.36.0-255,66,81316,13,135914
19418,0.002253,74.125.68.0-255,1995,83311,13,135914
19419,0.002254,172.31.36.0-255,66,83377,13,135914
19420,0.002379,74.125.68.0-255,1484,84861,13,135914
19421,0.002399,74.125.68.0-255,2902,87763,13,135914
19422,0.002401,172.31.36.0-255,66,87829,13,135914
19423,0.002405,74.125.68.0-255,1484,89313,13,135914
19424,0.00242,74.125.68.0-255,4320,93633,13,135914
19425,0.002422,172.31.36.0-255,66,93699,13,135914
19426,0.002428,74.125.68.0-255,4320,98019,13,135914
19427,0.00243,172.31.36.0-255,66,98085,13,135914
19428,0.002441,74.125.68.0-255,1484,99569,13,135914
19429,0.002457,74.125.68.0-255,1125,100694,13,135914
19430,0.00246,172.31.36.0-255,66,100760,13,135914
19431,0.004943,74.125.68.0-255,2902,103662,13,135914
19432,0.004949,172.31.36.0-255,66,103728,13,135914
19433,0.004967,74.125.68.0-255,1484,105212,13,135914
19434,0.004983,74.125.68.0-255,1484,106696,13,135914
19435,0.004985,172.31.36.0-255,66,106762,13,135914
19436,0.00748,74.125.68.0-255,2902,109664,13,135914
19437,0.007486,172.31.36.0-255,66,109730,13,135914
19438,0.007501,74.125.68.0-255,2902,112632,13,135914
19439,0.007503,172.31.36.0-255,66,112698,13,135914
19440,0.010019,74.125.68.0-255,5738,118436,13,135914
19441,0.010028,172.31.36.0-255,66,118502,13,135914
19442,0.012555,74.125.68.0-255,5738,124240,13,135914
19443,0.012568,172.31.36.0-255,66,124306,13,135914
19444,0.015114,74.125.68.0-255,5738,130044,13,135914
19445,0.015129,172.31.36.0-255,66,130110,13,135914
19446,0.017667,74.125.68.0-255,5738,135848,13,135914
19447,0.017681,172.31.36.0-255,66,135914,13,135914
19448,0.0,172.217.194.0-255,153,153,13,239659
19449,2.6e-05,172.31.36.0-255,66,219,13,239659
19450,3.3e-05,172.217.194.0-255,1484,1703,13,239659
19451,3.7e-05,172.31.36.0-255,66,1769,13,239659
19452,4.2e-05,172.217.194.0-255,2902,4671,13,239659
19453,4.4e-05,172.31.36.0-255,66,4737,13,239659
19454,5.8e-05,172.217.194.0-255,7156,11893,13,239659
19455,6.1e-05,172.31.36.0-255,66,11959,13,239659
19456,9.1e-05,172.217.194.0-255,2033,13992,13,239659
19457,9.5e-05,172.31.36.0-255,66,14058,13,239659
19458,0.000173,172.217.194.0-255,1484,15542,13,239659
19459,0.000177,172.31.36.0-255,66,15608,13,239659
19460,0.000182,172.217.194.0-255,1484,17092,13,239659
19461,0.000184,172.31.36.0-255,66,17158,13,239659
19462,0.000216,172.217.194.0-255,1484,18642,13,239659
19463,0.000219,172.31.36.0-255,66,18708,13,239659
19464,0.000225,172.217.194.0-255,5738,24446,13,239659
19465,0.000228,172.31.36.0-255,66,24512,13,239659
19466,0.000254,172.217.194.0-255,6797,31309,13,239659
19467,0.000257,172.31.36.0-255,66,31375,13,239659
19468,0.000707,172.217.194.0-255,1484,32859,13,239659
19469,0.000712,172.31.36.0-255,66,32925,13,239659
19470,0.000721,172.217.194.0-255,2902,35827,13,239659
19471,0.000725,172.31.36.0-255,66,35893,13,239659
19472,0.000739,172.217.194.0-255,5738,41631,13,239659
19473,0.000742,172.31.36.0-255,66,41697,13,239659
19474,0.000782,172.217.194.0-255,6797,48494,13,239659
19475,0.000786,172.31.36.0-255,66,48560,13,239659
19476,0.000811,172.217.194.0-255,1484,50044,13,239659
19477,0.000815,172.31.36.0-255,66,50110,13,239659
19478,0.000819,172.217.194.0-255,2902,53012,13,239659
19479,0.000821,172.31.36.0-255,66,53078,13,239659
19480,0.000827,172.217.194.0-255,2902,55980,13,239659
19481,0.000835,172.31.36.0-255,66,56046,13,239659
19482,0.000864,172.217.194.0-255,2902,58948,13,239659
19483,0.000872,172.31.36.0-255,66,59014,13,239659
19484,0.00088,172.217.194.0-255,6797,65811,13,239659
19485,0.000896,172.31.36.0-255,66,65877,13,239659
19486,0.000899,172.217.194.0-255,646,66523,13,239659
19487,0.001433,172.217.194.0-255,1484,68007,13,239659
19488,0.001439,172.31.36.0-255,66,68073,13,239659
19489,0.001446,172.217.194.0-255,2902,70975,13,239659
19490,0.001449,172.31.36.0-255,66,71041,13,239659
19491,0.00146,172.217.194.0-255,5738,76779,13,239659
19492,0.001462,172.31.36.0-255,66,76845,13,239659
19493,0.001468,172.217.194.0-255,5738,82583,13,239659
19494,0.00147,172.31.36.0-255,66,82649,13,239659
19495,0.001518,172.31.36.0-255,66,82715,13,239659
19496,0.001524,172.217.194.0-255,5020,87735,13,239659
19497,0.001525,172.31.36.0-255,66,87801,13,239659
19498,0.001626,172.217.194.0-255,1484,89285,13,239659
19499,0.001638,172.217.194.0-255,2902,92187,13,239659
19500,0.001641,172.31.36.0-255,66,92253,13,239659
19501,0.001669,172.217.194.0-255,5738,97991,13,239659
19502,0.001671,172.31.36.0-255,66,98057,13,239659
19503,0.001676,172.217.194.0-255,4320,102377,13,239659
19504,0.001678,172.31.36.0-255,66,102443,13,239659
19505,0.001699,172.217.194.0-255,1484,103927,13,239659
19506,0.001729,172.217.194.0-255,9992,113919,13,239659
19507,0.001731,172.31.36.0-255,66,113985,13,239659
19508,0.001738,172.217.194.0-255,7156,121141,13,239659
19509,0.00174,172.31.36.0-255,66,121207,13,239659
19510,0.001754,172.217.194.0-255,217,121424,13,239659
19511,0.001832,172.217.194.0-255,1484,122908,13,239659
19512,0.001834,172.31.36.0-255,66,122974,13,239659
19513,0.001838,172.217.194.0-255,1484,124458,13,239659
19514,0.001855,172.217.194.0-255,1484,125942,13,239659
19515,0.001857,172.31.36.0-255,66,126008,13,239659
19516,0.001864,172.217.194.0-255,5738,131746,13,239659
19517,0.001866,172.31.36.0-255,66,131812,13,239659
19518,0.001874,172.217.194.0-255,1484,133296,13,239659
19519,0.001899,172.217.194.0-255,9992,143288,13,239659
19520,0.001902,172.31.36.0-255,66,143354,13,239659
19521,0.001923,172.217.194.0-255,7156,150510,13,239659
19522,0.001925,172.31.36.0-255,66,150576,13,239659
19523,0.00195,172.31.36.0-255,66,150642,13,239659
19524,0.001963,172.31.36.0-255,66,150708,13,239659
19525,0.001992,172.217.194.0-255,4320,155028,13,239659
19526,0.001994,172.31.36.0-255,66,155094,13,239659
19527,0.00202,172.217.194.0-255,7856,162950,13,239659
19528,0.002022,172.31.36.0-255,66,163016,13,239659
19529,0.002026,172.217.194.0-255,2902,165918,13,239659
19530,0.002028,172.31.36.0-255,66,165984,13,239659
19531,0.002069,172.217.194.0-255,9992,175976,13,239659
19532,0.002072,172.31.36.0-255,66,176042,13,239659
19533,0.002077,172.217.194.0-255,3961,180003,13,239659
19534,0.002078,172.31.36.0-255,66,180069,13,239659
19535,0.002332,172.217.194.0-255,1484,181553,13,239659
19536,0.002347,172.217.194.0-255,2902,184455,13,239659
19537,0.002349,172.31.36.0-255,66,184521,13,239659
19538,0.002355,172.217.194.0-255,5738,190259,13,239659
19539,0.002357,172.31.36.0-255,66,190325,13,239659
19540,0.002388,172.217.194.0-255,9992,200317,13,239659
19541,0.002391,172.31.36.0-255,66,200383,13,239659
19542,0.004717,172.217.194.0-255,5738,206121,13,239659
19543,0.004726,172.31.36.0-255,66,206187,13,239659
19544,0.007096,172.217.194.0-255,4320,210507,13,239659
19545,0.007103,172.31.36.0-255,66,210573,13,239659
19546,0.007132,172.217.194.0-255,1484,212057,13,239659
19547,0.009451,172.217.194.0-255,4320,216377,13,239659
19548,0.009457,172.31.36.0-255,66,216443,13,239659
19549,0.011762,172.217.194.0-255,5738,222181,13,239659
19550,0.011769,172.31.36.0-255,66,222247,13,239659
19551,0.014144,172.217.194.0-255,5738,227985,13,239659
19552,0.014151,172.31.36.0-255,66,228051,13,239659
19553,0.016481,172.217.194.0-255,5738,233789,13,239659
19554,0.016489,172.31.36.0-255,66,233855,13,239659
19555,0.018853,172.217.194.0-255,5738,239593,13,239659
19556,0.018866,172.31.36.0-255,66,239659,13,239659
19557,0.0,74.125.24.0-255,146,146,13,204423
19558,3.4e-05,172.31.36.0-255,66,212,13,204423
19559,4.2e-05,74.125.24.0-255,1484,1696,13,204423
19560,4.6e-05,172.31.36.0-255,66,1762,13,204423
19561,5.1e-05,74.125.24.0-255,2902,4664,13,204423
19562,5.3e-05,172.31.36.0-255,66,4730,13,204423
19563,6.1e-05,74.125.24.0-255,5738,10468,13,204423
19564,6.3e-05,172.31.36.0-255,66,10534,13,204423
19565,7.3e-05,74.125.24.0-255,10578,21112,13,204423
19566,7.5e-05,172.31.36.0-255,66,21178,13,204423
19567,0.000108,74.125.24.0-255,9633,30811,13,204423
19568,0.000113,172.31.36.0-255,66,30877,13,204423
19569,0.000163,74.125.24.0-255,1484,32361,13,204423
19570,0.000169,172.31.36.0-255,66,32427,13,204423
19571,0.000174,74.125.24.0-255,2902,35329,13,204423
19572,0.000176,172.31.36.0-255,66,35395,13,204423
19573,0.000189,74.125.24.0-255,1484,36879,13,204423
19574,0.000192,172.31.36.0-255,66,36945,13,204423
19575,0.000217,74.125.24.0-255,4320,41265,13,204423
19576,0.000222,172.31.36.0-255,66,41331,13,204423
19577,0.000226,74.125.24.0-255,2902,44233,13,204423
19578,0.000228,172.31.36.0-255,66,44299,13,204423
19579,0.000256,172.31.36.0-255,66,44365,13,204423
19580,0.000262,74.125.24.0-255,7156,51521,13,204423
19581,0.000265,172.31.36.0-255,66,51587,13,204423
19582,0.000287,74.125.24.0-255,2852,54439,13,204423
19583,0.000289,172.31.36.0-255,66,54505,13,204423
19584,0.000351,74.125.24.0-255,109,54614,13,204423
19585,0.000356,172.31.36.0-255,66,54680,13,204423
19586,0.00036,74.125.24.0-255,333,55013,13,204423
19587,0.000363,172.31.36.0-255,66,55079,13,204423
19588,0.000575,74.125.24.0-255,1484,56563,13,204423
19589,0.000591,74.125.24.0-255,2902,59465,13,204423
19590,0.000595,172.31.36.0-255,66,59531,13,204423
19591,0.000602,74.125.24.0-255,5738,65269,13,204423
19592,0.000604,172.31.36.0-255,66,65335,13,204423
19593,0.000632,74.125.24.0-255,8574,73909,13,204423
19594,0.000635,172.31.36.0-255,66,73975,13,204423
19595,0.000657,74.125.24.0-255,4320,78295,13,204423
19596,0.000661,172.31.36.0-255,66,78361,13,204423
19597,0.00067,74.125.24.0-255,9992,88353,13,204423
19598,0.000672,172.31.36.0-255,66,88419,13,204423
19599,0.000692,74.125.24.0-255,766,89185,13,204423
19600,0.000876,74.125.24.0-255,1484,90669,13,204423
19601,0.00088,172.31.36.0-255,66,90735,13,204423
19602,0.000887,74.125.24.0-255,2902,93637,13,204423
19603,0.000889,172.31.36.0-255,66,93703,13,204423
19604,0.000893,74.125.24.0-255,1484,95187,13,204423
19605,0.000912,74.125.24.0-255,4320,99507,13,204423
19606,0.000917,74.125.24.0-255,5738,105245,13,204423
19607,0.000918,172.31.36.0-255,66,105311,13,204423
19608,0.000922,172.31.36.0-255,66,105377,13,204423
19609,0.000978,74.125.24.0-255,2902,108279,13,204423
19610,0.000978,172.31.36.0-255,66,108345,13,204423
19611,0.000982,172.31.36.0-255,66,108411,13,204423
19612,0.001019,74.125.24.0-255,2184,110595,13,204423
19613,0.001022,172.31.36.0-255,66,110661,13,204423
19614,0.001078,74.125.24.0-255,2902,113563,13,204423
19615,0.001081,172.31.36.0-255,66,113629,13,204423
19616,0.001087,74.125.24.0-255,4320,117949,13,204423
19617,0.001089,172.31.36.0-255,66,118015,13,204423
19618,0.001114,74.125.24.0-255,8574,126589,13,204423
19619,0.001118,172.31.36.0-255,66,126655,13,204423
19620,0.00112,74.125.24.0-255,5738,132393,13,204423
19621,0.001122,172.31.36.0-255,66,132459,13,204423
19622,0.001177,74.125.24.0-255,7156,139615,13,204423
19623,0.001182,172.31.36.0-255,66,139681,13,204423
19624,0.001199,74.125.24.0-255,5020,144701,13,204423
19625,0.001202,172.31.36.0-255,66,144767,13,204423
19626,0.001241,172.31.36.0-255,66,144833,13,204423
19627,0.001249,74.125.24.0-255,8574,153407,13,204423
19628,0.001251,172.31.36.0-255,66,153473,13,204423
19629,0.001296,172.31.36.0-255,66,153539,13,204423
19630,0.003286,74.125.24.0-255,5738,159277,13,204423
19631,0.003295,172.31.36.0-255,66,159343,13,204423
19632,0.005306,74.125.24.0-255,4320,163663,13,204423
19633,0.00531,172.31.36.0-255,66,163729,13,204423
19634,0.005327,74.125.24.0-255,1484,165213,13,204423
19635,0.007307,74.125.24.0-255,4320,169533,13,204423
19636,0.007312,172.31.36.0-255,66,169599,13,204423
19637,0.009301,74.125.24.0-255,5738,175337,13,204423
19638,0.009308,172.31.36.0-255,66,175403,13,204423
19639,0.011287,74.125.24.0-255,5738,181141,13,204423
19640,0.011295,172.31.36.0-255,66,181207,13,204423
19641,0.013324,74.125.24.0-255,5738,186945,13,204423
19642,0.013332,172.31.36.0-255,66,187011,13,204423
19643,0.015275,74.125.24.0-255,5738,192749,13,204423
19644,0.015282,172.31.36.0-255,66,192815,13,204423
19645,0.017278,74.125.24.0-255,5738,198553,13,204423
19646,0.017285,172.31.36.0-255,66,198619,13,204423
19647,0.019242,74.125.24.0-255,5738,204357,13,204423
19648,0.019252,172.31.36.0-255,66,204423,13,204423
19649,0.0,74.125.200.0-255,146,146,13,310396
19650,2.5e-05,172.31.36.0-255,66,212,13,310396
19651,5.2e-05,74.125.200.0-255,1484,1696,13,310396
19652,5.8e-05,172.31.36.0-255,66,1762,13,310396
19653,6.4e-05,74.125.200.0-255,2902,4664,13,310396
19654,6.7e-05,172.31.36.0-255,66,4730,13,310396
19655,7.2e-05,74.125.200.0-255,4320,9050,13,310396
19656,7.4e-05,172.31.36.0-255,66,9116,13,310396
19657,7.8e-05,74.125.200.0-255,1484,10600,13,310396
19658,8e-05,172.31.36.0-255,66,10666,13,310396
19659,0.000113,74.125.200.0-255,3485,14151,13,310396
19660,0.000117,172.31.36.0-255,66,14217,13,310396
19661,0.000129,74.125.200.0-255,5738,19955,13,310396
19662,0.000132,172.31.36.0-255,66,20021,13,310396
19663,0.000136,74.125.200.0-255,2902,22923,13,310396
19664,0.000137,172.31.36.0-255,66,22989,13,310396
19665,0.000176,74.125.200.0-255,4320,27309,13,310396
19666,0.00018,172.31.36.0-255,66,27375,13,310396
19667,0.000186,74.125.200.0-255,3961,31336,13,310396
19668,0.000188,172.31.36.0-255,66,31402,13,310396
19669,0.000248,74.125.200.0-255,1484,32886,13,310396
19670,0.000252,172.31.36.0-255,66,32952,13,310396
19671,0.000257,74.125.200.0-255,2902,35854,13,310396
19672,0.000259,172.31.36.0-255,66,35920,13,310396
19673,0.000298,74.125.200.0-255,1484,37404,13,310396
19674,0.000301,172.31.36.0-255,66,37470,13,310396
19675,0.000306,74.125.200.0-255,2902,40372,13,310396
19676,0.000308,172.31.36.0-255,66,40438,13,310396
19677,0.000314,74.125.200.0-255,5738,46176,13,310396
19678,0.000316,172.31.36.0-255,66,46242,13,310396
19679,0.000338,74.125.200.0-255,2543,48785,13,310396
19680,0.00034,172.31.36.0-255,66,48851,13,310396
19681,0.000344,74.125.200.0-255,2902,51753,13,310396
19682,0.000345,172.31.36.0-255,66,51819,13,310396
19683,0.000362,74.125.200.0-255,1484,53303,13,310396
19684,0.000385,74.125.200.0-255,5738,59041,13,310396
19685,0.000387,172.31.36.0-255,66,59107,13,310396
19686,0.000392,74.125.200.0-255,4320,63427,13,310396
19687,0.000394,172.31.36.0-255,66,63493,13,310396
19688,0.000431,74.125.200.0-255,2543,66036,13,310396
19689,0.000433,172.31.36.0-255,66,66102,13,310396
19690,0.000487,74.125.200.0-255,391,66493,13,310396
19691,0.000513,74.125.200.0-255,353,66846,13,310396
19692,0.000558,74.125.200.0-255,1484,68330,13,310396
19693,0.000562,172.31.36.0-255,66,68396,13,310396
19694,0.000584,74.125.200.0-255,4320,72716,13,310396
19695,0.000587,172.31.36.0-255,66,72782,13,310396
19696,0.000593,74.125.200.0-255,4320,77102,13,310396
19697,0.000595,172.31.36.0-255,66,77168,13,310396
19698,0.000637,74.125.200.0-255,5738,82906,13,310396
19699,0.000641,172.31.36.0-255,66,82972,13,310396
19700,0.000649,74.125.200.0-255,8574,91546,13,310396
19701,0.000652,172.31.36.0-255,66,91612,13,310396
19702,0.000684,74.125.200.0-255,9274,100886,13,310396
19703,0.000689,172.31.36.0-255,66,100952,13,310396
19704,0.000877,74.125.200.0-255,1484,102436,13,310396
19705,0.000883,74.125.200.0-255,2902,105338,13,310396
19706,0.000887,172.31.36.0-255,66,105404,13,310396
19707,0.000893,74.125.200.0-255,2902,108306,13,310396
19708,0.000895,172.31.36.0-255,66,108372,13,310396
19709,0.000901,74.125.200.0-255,4320,112692,13,310396
19710,0.000911,172.31.36.0-255,66,112758,13,310396
19711,0.000947,74.125.200.0-255,8574,121332,13,310396
19712,0.000952,172.31.36.0-255,66,121398,13,310396
19713,0.000959,74.125.200.0-255,5738,127136,13,310396
19714,0.000963,172.31.36.0-255,66,127202,13,310396
19715,0.000985,74.125.200.0-255,1484,128686,13,310396
19716,0.001019,74.125.200.0-255,6438,135124,13,310396
19717,0.001023,172.31.36.0-255,66,135190,13,310396
19718,0.001482,74.125.200.0-255,1484,136674,13,310396
19719,0.001491,74.125.200.0-255,2902,139576,13,310396
19720,0.001496,172.31.36.0-255,66,139642,13,310396
19721,0.001501,74.125.200.0-255,2902,142544,13,310396
19722,0.001503,172.31.36.0-255,66,142610,13,310396
19723,0.001508,74.125.200.0-255,4320,146930,13,310396
19724,0.001517,172.31.36.0-255,66,146996,13,310396
19725,0.001559,74.125.200.0-255,8574,155570,13,310396
19726,0.001565,172.31.36.0-255,66,155636,13,310396
19727,0.001572,74.125.200.0-255,7156,162792,13,310396
19728,0.001574,172.31.36.0-255,66,162858,13,310396
19729,0.001608,74.125.200.0-255,6438,169296,13,310396
19730,0.001612,172.31.36.0-255,66,169362,13,310396
19731,0.001681,74.125.200.0-255,1484,170846,13,310396
19732,0.001687,74.125.200.0-255,2902,173748,13,310396
19733,0.00169,172.31.36.0-255,66,173814,13,310396
19734,0.001693,74.125.200.0-255,1484,175298,13,310396
19735,0.001714,74.125.200.0-255,2902,178200,13,310396
19736,0.001716,172.31.36.0-255,66,178266,13,310396
19737,0.001747,74.125.200.0-255,5738,184004,13,310396
19738,0.001749,172.31.36.0-255,66,184070,13,310396
19739,0.001753,74.125.200.0-255,1484,185554,13,310396
19740,0.001775,74.125.200.0-255,2902,188456,13,310396
19741,0.001777,172.31.36.0-255,66,188522,13,310396
19742,0.001784,74.125.200.0-255,5738,194260,13,310396
19743,0.001786,172.31.36.0-255,66,194326,13,310396
19744,0.001817,74.125.200.0-255,9274,203600,13,310396
19745,0.00182,172.31.36.0-255,66,203666,13,310396
19746,0.001939,74.125.200.0-255,1484,205150,13,310396
19747,0.001954,74.125.200.0-255,1484,206634,13,310396
19748,0.001957,172.31.36.0-255,66,206700,13,310396
19749,0.001982,74.125.200.0-255,1484,208184,13,310396
19750,0.001987,74.125.200.0-255,4320,212504,13,310396
19751,0.001989,172.31.36.0-255,66,212570,13,310396
19752,0.001993,74.125.200.0-255,2902,215472,13,310396
19753,0.001995,172.31.36.0-255,66,215538,13,310396
19754,0.002027,74.125.200.0-255,5738,221276,13,310396
19755,0.002029,172.31.36.0-255,66,221342,13,310396
19756,0.002034,74.125.200.0-255,2902,224244,13,310396
19757,0.002035,172.31.36.0-255,66,224310,13,310396
19758,0.002043,74.125.200.0-255,8574,232884,13,310396
19759,0.002045,172.31.36.0-255,66,232950,13,310396
19760,0.002072,74.125.200.0-255,4320,237270,13,310396
19761,0.002074,74.125.200.0-255,766,238036,13,310396
19762,0.002084,172.31.36.0-255,66,238102,13,310396
19763,0.002115,74.125.200.0-255,1484,239586,13,310396
19764,0.002118,172.31.36.0-255,66,239652,13,310396
19765,0.002145,74.125.200.0-255,2902,242554,13,310396
19766,0.002148,172.31.36.0-255,66,242620,13,310396
19767,0.002154,74.125.200.0-255,5738,248358,13,310396
19768,0.002156,172.31.36.0-255,66,248424,13,310396
19769,0.00222,74.125.200.0-255,7156,255580,13,310396
19770,0.002224,172.31.36.0-255,66,255646,13,310396
19771,0.002236,172.31.36.0-255,66,255712,13,310396
19772,0.00227,172.31.36.0-255,66,255778,13,310396
19773,0.002293,74.125.200.0-255,2184,257962,13,310396
19774,0.002295,172.31.36.0-255,66,258028,13,310396
19775,0.0023,74.125.200.0-255,4320,262348,13,310396
19776,0.002303,172.31.36.0-255,66,262414,13,310396
19777,0.002319,74.125.200.0-255,7156,269570,13,310396
19778,0.002321,172.31.36.0-255,66,269636,13,310396
19779,0.002355,172.31.36.0-255,66,269702,13,310396
19780,0.002358,74.125.200.0-255,1484,271186,13,310396
19781,0.004662,74.125.200.0-255,4320,275506,13,310396
19782,0.004668,172.31.36.0-255,66,275572,13,310396
19783,0.006982,74.125.200.0-255,5738,281310,13,310396
19784,0.00699,172.31.36.0-255,66,281376,13,310396
19785,0.009313,74.125.200.0-255,5738,287114,13,310396
19786,0.00932,172.31.36.0-255,66,287180,13,310396
19787,0.011638,74.125.200.0-255,5738,292918,13,310396
19788,0.011644,172.31.36.0-255,66,292984,13,310396
19789,0.013965,74.125.200.0-255,5738,298722,13,310396
19790,0.013971,172.31.36.0-255,66,298788,13,310396
19791,0.016284,74.125.200.0-255,5738,304526,13,310396
19792,0.016291,172.31.36.0-255,66,304592,13,310396
19793,0.018617,74.125.200.0-255,5738,310330,13,310396
19794,0.018627,172.31.36.0-255,66,310396,13,310396
19795,0.0,172.31.36.0-255,105,105,13,276
19796,0.002138,157.240.13.0-255,105,210,13,276
19797,0.002153,172.31.36.0-255,66,276,13,276
19798,0.0,74.125.24.0-255,153,153,13,174994
19799,2.6e-05,172.31.36.0-255,66,219,13,174994
19800,3.3e-05,74.125.24.0-255,1484,1703,13,174994
19801,3.7e-05,172.31.36.0-255,66,1769,13,174994
19802,4.2e-05,74.125.24.0-255,2902,4671,13,174994
19803,4.4e-05,172.31.36.0-255,66,4737,13,174994
19804,5.1e-05,74.125.24.0-255,4320,9057,13,174994
19805,5.4e-05,172.31.36.0-255,66,9123,13,174994
19806,6.9e-05,74.125.24.0-255,1484,10607,13,174994
19807,7.1e-05,172.31.36.0-255,66,10673,13,174994
19808,0.000107,74.125.24.0-255,3455,14128,13,174994
19809,0.00011,172.31.36.0-255,66,14194,13,174994
19810,0.000297,74.125.24.0-255,1484,15678,13,174994
19811,0.000302,172.31.36.0-255,66,15744,13,174994
19812,0.000307,74.125.24.0-255,2902,18646,13,174994
19813,0.000309,172.31.36.0-255,66,18712,13,174994
19814,0.000316,74.125.24.0-255,5738,24450,13,174994
19815,0.000319,172.31.36.0-255,66,24516,13,174994
19816,0.00034,74.125.24.0-255,5738,30254,13,174994
19817,0.000345,172.31.36.0-255,66,30320,13,174994
19818,0.000373,74.125.24.0-255,1484,31804,13,174994
19819,0.000377,172.31.36.0-255,66,31870,13,174994
19820,0.000397,74.125.24.0-255,9992,41862,13,174994
19821,0.000401,172.31.36.0-255,66,41928,13,174994
19822,0.000425,74.125.24.0-255,2543,44471,13,174994
19823,0.000428,172.31.36.0-255,66,44537,13,174994
19824,0.000434,74.125.24.0-255,3961,48498,13,174994
19825,0.000436,172.31.36.0-255,66,48564,13,174994
19826,0.000854,74.125.24.0-255,1484,50048,13,174994
19827,0.000859,172.31.36.0-255,66,50114,13,174994
19828,0.000869,74.125.24.0-255,2902,53016,13,174994
19829,0.000872,172.31.36.0-255,66,53082,13,174994
19830,0.000921,74.125.24.0-255,2902,55984,13,174994
19831,0.000925,172.31.36.0-255,66,56050,13,174994
19832,0.000933,74.125.24.0-255,7156,63206,13,174994
19833,0.000935,172.31.36.0-255,66,63272,13,174994
19834,0.000954,74.125.24.0-255,5379,68651,13,174994
19835,0.000957,172.31.36.0-255,66,68717,13,174994
19836,0.000961,74.125.24.0-255,2902,71619,13,174994
19837,0.000963,172.31.36.0-255,66,71685,13,174994
19838,0.000977,74.125.24.0-255,2902,74587,13,174994
19839,0.000979,172.31.36.0-255,66,74653,13,174994
19840,0.000982,74.125.24.0-255,1484,76137,13,174994
19841,0.001036,74.125.24.0-255,2902,79039,13,174994
19842,0.001039,172.31.36.0-255,66,79105,13,174994
19843,0.001059,74.125.24.0-255,3961,83066,13,174994
19844,0.001062,172.31.36.0-255,66,83132,13,174994
19845,0.001065,74.125.24.0-255,1484,84616,13,174994
19846,0.001086,74.125.24.0-255,5738,90354,13,174994
19847,0.001088,172.31.36.0-255,66,90420,13,174994
19848,0.001109,74.125.24.0-255,7156,97576,13,174994
19849,0.001112,172.31.36.0-255,66,97642,13,174994
19850,0.001129,74.125.24.0-255,2902,100544,13,174994
19851,0.001133,172.31.36.0-255,66,100610,13,174994
19852,0.001166,74.125.24.0-255,9633,110243,13,174994
19853,0.00117,172.31.36.0-255,66,110309,13,174994
19854,0.001174,74.125.24.0-255,1484,111793,13,174994
19855,0.001196,74.125.24.0-255,5264,117057,13,174994
19856,0.001199,172.31.36.0-255,66,117123,13,174994
19857,0.002064,74.125.24.0-255,1484,118607,13,174994
19858,0.002071,74.125.24.0-255,2902,121509,13,174994
19859,0.002075,172.31.36.0-255,66,121575,13,174994
19860,0.002082,74.125.24.0-255,5738,127313,13,174994
19861,0.002085,172.31.36.0-255,66,127379,13,174994
19862,0.002114,74.125.24.0-255,6921,134300,13,174994
19863,0.002116,172.31.36.0-255,66,134366,13,174994
19864,0.004487,74.125.24.0-255,5738,140104,13,174994
19865,0.004493,172.31.36.0-255,66,140170,13,174994
19866,0.006815,74.125.24.0-255,5738,145908,13,174994
19867,0.00682,172.31.36.0-255,66,145974,13,174994
19868,0.009188,74.125.24.0-255,5738,151712,13,174994
19869,0.009196,172.31.36.0-255,66,151778,13,174994
19870,0.01155,74.125.24.0-255,5738,157516,13,174994
19871,0.011559,172.31.36.0-255,66,157582,13,174994
19872,0.013986,74.125.24.0-255,5738,163320,13,174994
19873,0.013997,172.31.36.0-255,66,163386,13,174994
19874,0.016332,74.125.24.0-255,5738,169124,13,174994
19875,0.016341,172.31.36.0-255,66,169190,13,174994
19876,0.018731,74.125.24.0-255,5738,174928,13,174994
19877,0.018739,172.31.36.0-255,66,174994,13,174994
19878,0.0,172.217.194.0-255,66,66,13,66
19879,0.0,172.217.194.0-255,146,146,13,313021
19880,2.4e-05,172.31.36.0-255,66,212,13,313021
19881,3.1e-05,172.217.194.0-255,1484,1696,13,313021
19882,3.6e-05,172.31.36.0-255,66,1762,13,313021
19883,4.2e-05,172.217.194.0-255,2902,4664,13,313021
19884,4.6e-05,172.31.36.0-255,66,4730,13,313021
19885,5.4e-05,172.217.194.0-255,7156,11886,13,313021
19886,5.7e-05,172.31.36.0-255,66,11952,13,313021
19887,6.1e-05,172.217.194.0-255,2069,14021,13,313021
19888,6.4e-05,172.31.36.0-255,66,14087,13,313021
19889,0.0001,172.31.36.0-255,66,14153,13,313021
19890,0.000106,172.217.194.0-255,5379,19532,13,313021
19891,0.000109,172.31.36.0-255,66,19598,13,313021
19892,0.000228,172.217.194.0-255,1484,21082,13,313021
19893,0.000246,172.31.36.0-255,66,21148,13,313021
19894,0.000252,172.217.194.0-255,2902,24050,13,313021
19895,0.000254,172.31.36.0-255,66,24116,13,313021
19896,0.000261,172.217.194.0-255,5738,29854,13,313021
19897,0.000265,172.31.36.0-255,66,29920,13,313021
19898,0.000285,172.217.194.0-255,1484,31404,13,313021
19899,0.000288,172.31.36.0-255,66,31470,13,313021
19900,0.00032,172.31.36.0-255,66,31536,13,313021
19901,0.00035,172.217.194.0-255,5738,37274,13,313021
19902,0.000352,172.31.36.0-255,66,37340,13,313021
19903,0.000368,172.217.194.0-255,5379,42719,13,313021
19904,0.00037,172.31.36.0-255,66,42785,13,313021
19905,0.000534,172.217.194.0-255,647,43432,13,313021
19906,0.000539,172.31.36.0-255,66,43498,13,313021
19907,0.000998,172.217.194.0-255,1484,44982,13,313021
19908,0.001003,172.31.36.0-255,66,45048,13,313021
19909,0.001009,172.217.194.0-255,2902,47950,13,313021
19910,0.001012,172.31.36.0-255,66,48016,13,313021
19911,0.001041,172.217.194.0-255,4320,52336,13,313021
19912,0.001043,172.31.36.0-255,66,52402,13,313021
19913,0.001064,172.217.194.0-255,1484,53886,13,313021
19914,0.001072,172.217.194.0-255,5738,59624,13,313021
19915,0.001074,172.31.36.0-255,66,59690,13,313021
19916,0.001079,172.217.194.0-255,2902,62592,13,313021
19917,0.001081,172.31.36.0-255,66,62658,13,313021
19918,0.001103,172.217.194.0-255,9992,72650,13,313021
19919,0.001106,172.31.36.0-255,66,72716,13,313021
19920,0.00113,172.217.194.0-255,1484,74200,13,313021
19921,0.001147,172.217.194.0-255,3602,77802,13,313021
19922,0.001149,172.31.36.0-255,66,77868,13,313021
19923,0.001164,172.217.194.0-255,1484,79352,13,313021
19924,0.00118,172.217.194.0-255,2902,82254,13,313021
19925,0.001183,172.31.36.0-255,66,82320,13,313021
19926,0.001188,172.217.194.0-255,2902,85222,13,313021
19927,0.00119,172.31.36.0-255,66,85288,13,313021
19928,0.001202,172.217.194.0-255,2902,88190,13,313021
19929,0.001204,172.31.36.0-255,66,88256,13,313021
19930,0.001222,172.217.194.0-255,2902,91158,13,313021
19931,0.001224,172.31.36.0-255,66,91224,13,313021
19932,0.001242,172.217.194.0-255,4320,95544,13,313021
19933,0.001244,172.31.36.0-255,66,95610,13,313021
19934,0.001262,172.217.194.0-255,5738,101348,13,313021
19935,0.001265,172.31.36.0-255,66,101414,13,313021
19936,0.001319,172.217.194.0-255,7156,108570,13,313021
19937,0.001323,172.31.36.0-255,66,108636,13,313021
19938,0.001342,172.217.194.0-255,3602,112238,13,313021
19939,0.001344,172.31.36.0-255,66,112304,13,313021
19940,0.001348,172.217.194.0-255,1484,113788,13,313021
19941,0.001378,172.217.194.0-255,2902,116690,13,313021
19942,0.001381,172.31.36.0-255,66,116756,13,313021
19943,0.001388,172.217.194.0-255,5738,122494,13,313021
19944,0.00139,172.31.36.0-255,66,122560,13,313021
19945,0.001411,172.217.194.0-255,1484,124044,13,313021
19946,0.001437,172.31.36.0-255,66,124110,13,313021
19947,0.001472,172.217.194.0-255,2902,127012,13,313021
19948,0.001475,172.31.36.0-255,66,127078,13,313021
19949,0.0015,172.217.194.0-255,7856,134934,13,313021
19950,0.001504,172.31.36.0-255,66,135000,13,313021
19951,0.001657,172.217.194.0-255,1484,136484,13,313021
19952,0.001675,172.217.194.0-255,2902,139386,13,313021
19953,0.00168,172.31.36.0-255,66,139452,13,313021
19954,0.001729,172.217.194.0-255,5738,145190,13,313021
19955,0.001734,172.31.36.0-255,66,145256,13,313021
19956,0.001759,172.217.194.0-255,4320,149576,13,313021
19957,0.001762,172.31.36.0-255,66,149642,13,313021
19958,0.001777,172.217.194.0-255,2902,152544,13,313021
19959,0.00178,172.31.36.0-255,66,152610,13,313021
19960,0.001784,172.217.194.0-255,2902,155512,13,313021
19961,0.001786,172.31.36.0-255,66,155578,13,313021
19962,0.00182,172.217.194.0-255,4320,159898,13,313021
19963,0.001823,172.31.36.0-255,66,159964,13,313021
19964,0.001852,172.217.194.0-255,7156,167120,13,313021
19965,0.001855,172.31.36.0-255,66,167186,13,313021
19966,0.001859,172.217.194.0-255,2184,169370,13,313021
19967,0.001861,172.31.36.0-255,66,169436,13,313021
19968,0.002,172.217.194.0-255,1484,170920,13,313021
19969,0.002016,172.217.194.0-255,2902,173822,13,313021
19970,0.00202,172.31.36.0-255,66,173888,13,313021
19971,0.002024,172.217.194.0-255,2902,176790,13,313021
19972,0.002026,172.31.36.0-255,66,176856,13,313021
19973,0.002039,172.217.194.0-255,1484,178340,13,313021
19974,0.002071,172.217.194.0-255,4320,182660,13,313021
19975,0.002074,172.31.36.0-255,66,182726,13,313021
19976,0.002092,172.217.194.0-255,4320,187046,13,313021
19977,0.002094,172.31.36.0-255,66,187112,13,313021
19978,0.002101,172.217.194.0-255,7156,194268,13,313021
19979,0.002103,172.31.36.0-255,66,194334,13,313021
19980,0.002149,172.217.194.0-255,8574,202908,13,313021
19981,0.002152,172.31.36.0-255,66,202974,13,313021
19982,0.002173,172.217.194.0-255,6438,209412,13,313021
19983,0.002178,172.31.36.0-255,66,209478,13,313021
19984,0.002197,172.217.194.0-255,2902,212380,13,313021
19985,0.002199,172.31.36.0-255,66,212446,13,313021
19986,0.002226,172.217.194.0-255,9992,222438,13,313021
19987,0.00223,172.217.194.0-255,2902,225340,13,313021
19988,0.002235,172.31.36.0-255,66,225406,13,313021
19989,0.002266,172.217.194.0-255,766,226172,13,313021
19990,0.002294,172.217.194.0-255,1484,227656,13,313021
19991,0.002312,172.217.194.0-255,2902,230558,13,313021
19992,0.002322,172.217.194.0-255,1484,232042,13,313021
19993,0.002337,172.217.194.0-255,4320,236362,13,313021
19994,0.002396,172.217.194.0-255,1484,237846,13,313021
19995,0.002407,172.217.194.0-255,10692,248538,13,313021
19996,0.002431,172.217.194.0-255,1484,250022,13,313021
19997,0.002443,172.217.194.0-255,2902,252924,13,313021
19998,0.002457,172.217.194.0-255,2902,255826,13,313021
19999,0.002467,172.217.194.0-255,2902,258728,13,313021
20000,0.002485,172.217.194.0-255,4320,263048,13,313021
20001,0.002503,172.217.194.0-255,8574,271622,13,313021
20002,0.002511,172.217.194.0-255,7156,278778,13,313021
20003,0.002529,172.217.194.0-255,3602,282380,13,313021
20004,0.00256,172.217.194.0-255,1484,283864,13,313021
20005,0.002561,172.217.194.0-255,1484,285348,13,313021
20006,0.002576,172.217.194.0-255,1484,286832,13,313021
20007,0.00258,172.217.194.0-255,2902,289734,13,313021
20008,0.002586,172.217.194.0-255,7156,296890,13,313021
20009,0.002604,172.217.194.0-255,6438,303328,13,313021
20010,0.00262,172.217.194.0-255,1484,304812,13,313021
20011,0.002635,172.217.194.0-255,5738,310550,13,313021
20012,0.00265,172.217.194.0-255,797,311347,13,313021
20013,0.002685,172.217.194.0-255,105,311452,13,313021
20014,0.007005,172.31.36.0-255,66,311518,13,313021
20015,0.007013,172.31.36.0-255,66,311584,13,313021
20016,0.007017,172.31.36.0-255,66,311650,13,313021
20017,0.007029,172.31.36.0-255,66,311716,13,313021
20018,0.007033,172.31.36.0-255,66,311782,13,313021
20019,0.007036,172.31.36.0-255,66,311848,13,313021
20020,0.00704,172.31.36.0-255,66,311914,13,313021
20021,0.007043,172.31.36.0-255,66,311980,13,313021
20022,0.007046,172.31.36.0-255,66,312046,13,313021
20023,0.007049,172.31.36.0-255,66,312112,13,313021
20024,0.007052,172.31.36.0-255,66,312178,13,313021
20025,0.007055,172.31.36.0-255,66,312244,13,313021
20026,0.007058,172.31.36.0-255,66,312310,13,313021
20027,0.007061,172.31.36.0-255,66,312376,13,313021
20028,0.007065,172.31.36.0-255,78,312454,13,313021
20029,0.007068,172.31.36.0-255,66,312520,13,313021
20030,0.007072,172.31.36.0-255,66,312586,13,313021
20031,0.007075,172.31.36.0-255,66,312652,13,313021
20032,0.007078,172.31.36.0-255,66,312718,13,313021
20033,0.007082,172.31.36.0-255,66,312784,13,313021
20034,0.009239,172.31.36.0-255,66,312850,13,313021
20035,0.009278,172.31.36.0-255,105,312955,13,313021
20036,0.011528,172.217.194.0-255,66,313021,13,313021
20037,0.0,74.125.24.0-255,153,153,13,114026
20038,2.7e-05,172.31.36.0-255,66,219,13,114026
20039,3.3e-05,74.125.24.0-255,1484,1703,13,114026
20040,3.8e-05,172.31.36.0-255,66,1769,13,114026
20041,4.3e-05,74.125.24.0-255,2902,4671,13,114026
20042,5.3e-05,172.31.36.0-255,66,4737,13,114026
20043,9e-05,74.125.24.0-255,5738,10475,13,114026
20044,9.5e-05,172.31.36.0-255,66,10541,13,114026
20045,9.8e-05,74.125.24.0-255,1484,12025,13,114026
20046,0.0001,172.31.36.0-255,66,12091,13,114026
20047,0.000126,74.125.24.0-255,2018,14109,13,114026
20048,0.000133,172.31.36.0-255,66,14175,13,114026
20049,0.000962,74.125.24.0-255,1484,15659,13,114026
20050,0.00097,172.31.36.0-255,66,15725,13,114026
20051,0.00098,74.125.24.0-255,2902,18627,13,114026
20052,0.000983,172.31.36.0-255,66,18693,13,114026
20053,0.001001,74.125.24.0-255,5738,24431,13,114026
20054,0.001004,172.31.36.0-255,66,24497,13,114026
20055,0.001035,74.125.24.0-255,6797,31294,13,114026
20056,0.001039,172.31.36.0-255,66,31360,13,114026
20057,0.001117,74.125.24.0-255,1484,32844,13,114026
20058,0.001122,172.31.36.0-255,66,32910,13,114026
20059,0.001127,74.125.24.0-255,2902,35812,13,114026
20060,0.00113,172.31.36.0-255,66,35878,13,114026
20061,0.00114,74.125.24.0-255,5738,41616,13,114026
20062,0.001143,172.31.36.0-255,66,41682,13,114026
20063,0.001165,74.125.24.0-255,1484,43166,13,114026
20064,0.001167,172.31.36.0-255,66,43232,13,114026
20065,0.001192,74.125.24.0-255,5379,48611,13,114026
20066,0.001199,172.31.36.0-255,66,48677,13,114026
20067,0.001203,74.125.24.0-255,2902,51579,13,114026
20068,0.001205,172.31.36.0-255,66,51645,13,114026
20069,0.001238,74.125.24.0-255,4320,55965,13,114026
20070,0.001248,74.125.24.0-255,9633,65598,13,114026
20071,0.001261,172.31.36.0-255,66,65664,13,114026
20072,0.001366,74.125.24.0-255,413,66077,13,114026
20073,0.00162,172.31.36.0-255,66,66143,13,114026
20074,0.001806,74.125.24.0-255,329,66472,13,114026
20075,0.00183,172.31.36.0-255,66,66538,13,114026
20076,0.003331,74.125.24.0-255,2902,69440,13,114026
20077,0.003337,172.31.36.0-255,66,69506,13,114026
20078,0.003912,74.125.24.0-255,2902,72408,13,114026
20079,0.003918,172.31.36.0-255,66,72474,13,114026
20080,0.005426,74.125.24.0-255,2902,75376,13,114026
20081,0.005433,172.31.36.0-255,66,75442,13,114026
20082,0.005972,74.125.24.0-255,2902,78344,13,114026
20083,0.005978,172.31.36.0-255,66,78410,13,114026
20084,0.007505,74.125.24.0-255,2902,81312,13,114026
20085,0.007511,172.31.36.0-255,66,81378,13,114026
20086,0.008063,74.125.24.0-255,2902,84280,13,114026
20087,0.00807,172.31.36.0-255,66,84346,13,114026
20088,0.009599,74.125.24.0-255,2902,87248,13,114026
20089,0.009607,172.31.36.0-255,66,87314,13,114026
20090,0.010123,74.125.24.0-255,2902,90216,13,114026
20091,0.010129,172.31.36.0-255,66,90282,13,114026
20092,0.011676,74.125.24.0-255,2902,93184,13,114026
20093,0.011683,172.31.36.0-255,66,93250,13,114026
20094,0.012181,74.125.24.0-255,2902,96152,13,114026
20095,0.012187,172.31.36.0-255,66,96218,13,114026
20096,0.013774,74.125.24.0-255,2902,99120,13,114026
20097,0.01378,172.31.36.0-255,66,99186,13,114026
20098,0.014259,74.125.24.0-255,2902,102088,13,114026
20099,0.014264,172.31.36.0-255,66,102154,13,114026
20100,0.015832,74.125.24.0-255,2902,105056,13,114026
20101,0.015839,172.31.36.0-255,66,105122,13,114026
20102,0.016314,74.125.24.0-255,2902,108024,13,114026
20103,0.01632,172.31.36.0-255,66,108090,13,114026
20104,0.018034,74.125.24.0-255,2902,110992,13,114026
20105,0.018041,172.31.36.0-255,66,111058,13,114026
20106,0.018378,74.125.24.0-255,2902,113960,13,114026
20107,0.018385,172.31.36.0-255,66,114026,13,114026
20108,0.0,172.217.194.0-255,156,156,13,222836
20109,1.1e-05,172.31.36.0-255,66,222,13,222836
20110,4.3e-05,172.217.194.0-255,1484,1706,13,222836
20111,4.7e-05,172.31.36.0-255,66,1772,13,222836
20112,5.2e-05,172.217.194.0-255,2902,4674,13,222836
20113,5.4e-05,172.31.36.0-255,66,4740,13,222836
20114,8.5e-05,172.217.194.0-255,7156,11896,13,222836
20115,8.8e-05,172.31.36.0-255,66,11962,13,222836
20116,9.2e-05,172.217.194.0-255,2076,14038,13,222836
20117,9.6e-05,172.31.36.0-255,66,14104,13,222836
20118,0.000135,172.217.194.0-255,1484,15588,13,222836
20119,0.000139,172.31.36.0-255,66,15654,13,222836
20120,0.000174,172.217.194.0-255,9992,25646,13,222836
20121,0.000177,172.31.36.0-255,66,25712,13,222836
20122,0.000201,172.217.194.0-255,5379,31091,13,222836
20123,0.000204,172.31.36.0-255,66,31157,13,222836
20124,0.000466,172.217.194.0-255,1484,32641,13,222836
20125,0.000472,172.217.194.0-255,2902,35543,13,222836
20126,0.000478,172.217.194.0-255,5738,41281,13,222836
20127,0.000484,172.31.36.0-255,66,41347,13,222836
20128,0.000494,172.31.36.0-255,66,41413,13,222836
20129,0.000497,172.31.36.0-255,66,41479,13,222836
20130,0.000503,172.217.194.0-255,2902,44381,13,222836
20131,0.00051,172.31.36.0-255,66,44447,13,222836
20132,0.000541,172.217.194.0-255,3961,48408,13,222836
20133,0.000544,172.31.36.0-255,66,48474,13,222836
20134,0.000552,172.217.194.0-255,7156,55630,13,222836
20135,0.000554,172.31.36.0-255,66,55696,13,222836
20136,0.000566,172.217.194.0-255,5738,61434,13,222836
20137,0.000568,172.31.36.0-255,66,61500,13,222836
20138,0.000597,172.217.194.0-255,3961,65461,13,222836
20139,0.0006,172.31.36.0-255,66,65527,13,222836
20140,0.000636,172.217.194.0-255,646,66173,13,222836
20141,0.000732,172.217.194.0-255,1484,67657,13,222836
20142,0.000737,172.31.36.0-255,66,67723,13,222836
20143,0.000743,172.217.194.0-255,2902,70625,13,222836
20144,0.000746,172.31.36.0-255,66,70691,13,222836
20145,0.000753,172.217.194.0-255,5738,76429,13,222836
20146,0.000755,172.31.36.0-255,66,76495,13,222836
20147,0.000766,172.217.194.0-255,6797,83292,13,222836
20148,0.000768,172.31.36.0-255,66,83358,13,222836
20149,0.000806,172.217.194.0-255,7156,90514,13,222836
20150,0.00081,172.31.36.0-255,66,90580,13,222836
20151,0.000818,172.217.194.0-255,8574,99154,13,222836
20152,0.000821,172.31.36.0-255,66,99220,13,222836
20153,0.000858,172.217.194.0-255,1125,100345,13,222836
20154,0.000861,172.217.194.0-255,1484,101829,13,222836
20155,0.000863,172.31.36.0-255,66,101895,13,222836
20156,0.000869,172.217.194.0-255,4320,106215,13,222836
20157,0.000872,172.31.36.0-255,66,106281,13,222836
20158,0.00091,172.217.194.0-255,9992,116273,13,222836
20159,0.000913,172.31.36.0-255,66,116339,13,222836
20160,0.000916,172.217.194.0-255,576,116915,13,222836
20161,0.00096,172.217.194.0-255,7156,124071,13,222836
20162,0.000964,172.31.36.0-255,66,124137,13,222836
20163,0.000972,172.217.194.0-255,8574,132711,13,222836
20164,0.000975,172.31.36.0-255,66,132777,13,222836
20165,0.000992,172.217.194.0-255,1125,133902,13,222836
20166,0.001207,172.217.194.0-255,1484,135386,13,222836
20167,0.001212,172.31.36.0-255,66,135452,13,222836
20168,0.001217,172.217.194.0-255,2902,138354,13,222836
20169,0.00122,172.31.36.0-255,66,138420,13,222836
20170,0.001231,172.217.194.0-255,5738,144158,13,222836
20171,0.001234,172.31.36.0-255,66,144224,13,222836
20172,0.001274,172.31.36.0-255,66,144290,13,222836
20173,0.001284,172.217.194.0-255,9992,154282,13,222836
20174,0.001287,172.31.36.0-255,66,154348,13,222836
20175,0.001294,172.217.194.0-255,766,155114,13,222836
20176,0.001962,172.217.194.0-255,1484,156598,13,222836
20177,0.001967,172.31.36.0-255,66,156664,13,222836
20178,0.001973,172.217.194.0-255,2902,159566,13,222836
20179,0.001975,172.31.36.0-255,66,159632,13,222836
20180,0.001986,172.217.194.0-255,5738,165370,13,222836
20181,0.001988,172.31.36.0-255,66,165436,13,222836
20182,0.002042,172.31.36.0-255,66,165502,13,222836
20183,0.002045,172.217.194.0-255,766,166268,13,222836
20184,0.002048,172.31.36.0-255,78,166346,13,222836
20185,0.002057,172.217.194.0-255,9992,176338,13,222836
20186,0.00206,172.31.36.0-255,66,176404,13,222836
20187,0.004059,172.217.194.0-255,5738,182142,13,222836
20188,0.004067,172.31.36.0-255,66,182208,13,222836
20189,0.006086,172.217.194.0-255,5738,187946,13,222836
20190,0.00609,172.31.36.0-255,66,188012,13,222836
20191,0.008109,172.217.194.0-255,5738,193750,13,222836
20192,0.008116,172.31.36.0-255,66,193816,13,222836
20193,0.010108,172.217.194.0-255,5738,199554,13,222836
20194,0.010116,172.31.36.0-255,66,199620,13,222836
20195,0.012138,172.217.194.0-255,5738,205358,13,222836
20196,0.012147,172.31.36.0-255,66,205424,13,222836
20197,0.014152,172.217.194.0-255,5738,211162,13,222836
20198,0.014159,172.31.36.0-255,66,211228,13,222836
20199,0.016209,172.217.194.0-255,5738,216966,13,222836
20200,0.01622,172.31.36.0-255,66,217032,13,222836
20201,0.018229,172.217.194.0-255,5738,222770,13,222836
20202,0.018236,172.31.36.0-255,66,222836,13,222836
20203,0.0,74.125.68.0-255,150,150,13,242582
20204,2.2e-05,172.31.36.0-255,66,216,13,242582
20205,3e-05,74.125.68.0-255,1484,1700,13,242582
20206,3.4e-05,172.31.36.0-255,66,1766,13,242582
20207,4e-05,74.125.68.0-255,2902,4668,13,242582
20208,5.4e-05,172.31.36.0-255,66,4734,13,242582
20209,6.2e-05,74.125.68.0-255,7156,11890,13,242582
20210,6.6e-05,172.31.36.0-255,66,11956,13,242582
20211,7e-05,74.125.68.0-255,2092,14048,13,242582
20212,7.3e-05,172.31.36.0-255,66,14114,13,242582
20213,7.8e-05,74.125.68.0-255,2902,17016,13,242582
20214,8.1e-05,172.31.36.0-255,66,17082,13,242582
20215,0.000119,74.125.68.0-255,4320,21402,13,242582
20216,0.000122,172.31.36.0-255,66,21468,13,242582
20217,0.000148,74.125.68.0-255,5738,27206,13,242582
20218,0.000151,172.31.36.0-255,66,27272,13,242582
20219,0.000154,74.125.68.0-255,1484,28756,13,242582
20220,0.000156,172.31.36.0-255,66,28822,13,242582
20221,0.000161,74.125.68.0-255,2543,31365,13,242582
20222,0.000163,172.31.36.0-255,66,31431,13,242582
20223,0.000284,74.125.68.0-255,1484,32915,13,242582
20224,0.000287,172.31.36.0-255,66,32981,13,242582
20225,0.000291,74.125.68.0-255,1484,34465,13,242582
20226,0.000294,172.31.36.0-255,66,34531,13,242582
20227,0.000344,74.125.68.0-255,2902,37433,13,242582
20228,0.000347,172.31.36.0-255,66,37499,13,242582
20229,0.00037,74.125.68.0-255,1484,38983,13,242582
20230,0.000373,172.31.36.0-255,66,39049,13,242582
20231,0.000403,74.125.68.0-255,1484,40533,13,242582
20232,0.000405,172.31.36.0-255,66,40599,13,242582
20233,0.000449,74.125.68.0-255,2902,43501,13,242582
20234,0.000453,172.31.36.0-255,66,43567,13,242582
20235,0.000476,74.125.68.0-255,4320,47887,13,242582
20236,0.000479,172.31.36.0-255,66,47953,13,242582
20237,0.00051,74.125.68.0-255,8574,56527,13,242582
20238,0.000513,172.31.36.0-255,66,56593,13,242582
20239,0.000518,74.125.68.0-255,2902,59495,13,242582
20240,0.00052,172.31.36.0-255,66,59561,13,242582
20241,0.000566,74.125.68.0-255,6438,65999,13,242582
20242,0.000569,172.31.36.0-255,66,66065,13,242582
20243,0.000597,74.125.68.0-255,428,66493,13,242582
20244,0.000664,74.125.68.0-255,1484,67977,13,242582
20245,0.000668,172.31.36.0-255,66,68043,13,242582
20246,0.000673,74.125.68.0-255,2902,70945,13,242582
20247,0.000676,172.31.36.0-255,66,71011,13,242582
20248,0.000699,74.125.68.0-255,5738,76749,13,242582
20249,0.000702,172.31.36.0-255,66,76815,13,242582
20250,0.000706,74.125.68.0-255,2902,79717,13,242582
20251,0.000708,172.31.36.0-255,66,79783,13,242582
20252,0.000742,74.125.68.0-255,2902,82685,13,242582
20253,0.000745,172.31.36.0-255,66,82751,13,242582
20254,0.000753,74.125.68.0-255,7156,89907,13,242582
20255,0.000755,172.31.36.0-255,66,89973,13,242582
20256,0.000773,74.125.68.0-255,2902,92875,13,242582
20257,0.000776,172.31.36.0-255,66,92941,13,242582
20258,0.000802,74.125.68.0-255,4320,97261,13,242582
20259,0.000805,172.31.36.0-255,66,97327,13,242582
20260,0.000807,74.125.68.0-255,1484,98811,13,242582
20261,0.000836,74.125.68.0-255,2184,100995,13,242582
20262,0.000838,172.31.36.0-255,66,101061,13,242582
20263,0.000885,74.125.68.0-255,1484,102545,13,242582
20264,0.000919,74.125.68.0-255,2902,105447,13,242582
20265,0.000923,172.31.36.0-255,66,105513,13,242582
20266,0.00093,74.125.68.0-255,5738,111251,13,242582
20267,0.000932,172.31.36.0-255,66,111317,13,242582
20268,0.000944,74.125.68.0-255,6497,117814,13,242582
20269,0.000947,172.31.36.0-255,66,117880,13,242582
20270,0.000984,74.125.68.0-255,8574,126454,13,242582
20271,0.000988,172.31.36.0-255,66,126520,13,242582
20272,0.000997,74.125.68.0-255,8574,135094,13,242582
20273,0.000999,172.31.36.0-255,66,135160,13,242582
20274,0.001029,74.125.68.0-255,1484,136644,13,242582
20275,0.001039,74.125.68.0-255,9992,146636,13,242582
20276,0.001042,172.31.36.0-255,66,146702,13,242582
20277,0.001067,74.125.68.0-255,5020,151722,13,242582
20278,0.00107,172.31.36.0-255,66,151788,13,242582
20279,0.001666,74.125.68.0-255,1484,153272,13,242582
20280,0.001681,74.125.68.0-255,2902,156174,13,242582
20281,0.001685,172.31.36.0-255,66,156240,13,242582
20282,0.001721,74.125.68.0-255,5738,161978,13,242582
20283,0.001724,172.31.36.0-255,66,162044,13,242582
20284,0.001731,74.125.68.0-255,5738,167782,13,242582
20285,0.001733,172.31.36.0-255,66,167848,13,242582
20286,0.001744,74.125.68.0-255,7156,175004,13,242582
20287,0.001746,172.31.36.0-255,66,175070,13,242582
20288,0.001788,74.125.68.0-255,10692,185762,13,242582
20289,0.001799,172.31.36.0-255,66,185828,13,242582
20290,0.001942,74.125.68.0-255,1484,187312,13,242582
20291,0.001958,74.125.68.0-255,2902,190214,13,242582
20292,0.001962,172.31.36.0-255,66,190280,13,242582
20293,0.003729,74.125.68.0-255,1484,191764,13,242582
20294,0.003896,74.125.68.0-255,4320,196084,13,242582
20295,0.003902,172.31.36.0-255,66,196150,13,242582
20296,0.005852,74.125.68.0-255,5738,201888,13,242582
20297,0.005858,172.31.36.0-255,66,201954,13,242582
20298,0.007805,74.125.68.0-255,5738,207692,13,242582
20299,0.007809,172.31.36.0-255,66,207758,13,242582
20300,0.009747,74.125.68.0-255,5738,213496,13,242582
20301,0.009754,172.31.36.0-255,66,213562,13,242582
20302,0.011732,74.125.68.0-255,5738,219300,13,242582
20303,0.01174,172.31.36.0-255,66,219366,13,242582
20304,0.013703,74.125.68.0-255,5738,225104,13,242582
20305,0.013711,172.31.36.0-255,66,225170,13,242582
20306,0.015662,74.125.68.0-255,5738,230908,13,242582
20307,0.015668,172.31.36.0-255,66,230974,13,242582
20308,0.017615,74.125.68.0-255,5738,236712,13,242582
20309,0.017623,172.31.36.0-255,66,236778,13,242582
20310,0.019564,74.125.68.0-255,5738,242516,13,242582
20311,0.019571,172.31.36.0-255,66,242582,13,242582
20312,0.0,74.125.130.0-255,155,155,13,111790
20313,2.1e-05,172.31.36.0-255,66,221,13,111790
20314,2.8e-05,74.125.130.0-255,1484,1705,13,111790
20315,3.2e-05,172.31.36.0-255,66,1771,13,111790
20316,3.6e-05,74.125.130.0-255,2902,4673,13,111790
20317,3.9e-05,172.31.36.0-255,66,4739,13,111790
20318,6.9e-05,74.125.130.0-255,5738,10477,13,111790
20319,7.1e-05,172.31.36.0-255,66,10543,13,111790
20320,0.000107,74.125.130.0-255,3503,14046,13,111790
20321,0.00011,172.31.36.0-255,66,14112,13,111790
20322,0.000158,74.125.130.0-255,4320,18432,13,111790
20323,0.000163,172.31.36.0-255,66,18498,13,111790
20324,0.000168,74.125.130.0-255,4320,22818,13,111790
20325,0.00017,172.31.36.0-255,66,22884,13,111790
20326,0.00018,74.125.130.0-255,1484,24368,13,111790
20327,0.000182,172.31.36.0-255,66,24434,13,111790
20328,0.000222,74.125.130.0-255,6797,31231,13,111790
20329,0.000224,172.31.36.0-255,66,31297,13,111790
20330,0.000476,74.125.130.0-255,1484,32781,13,111790
20331,0.00048,172.31.36.0-255,66,32847,13,111790
20332,0.000485,74.125.130.0-255,2902,35749,13,111790
20333,0.000487,172.31.36.0-255,66,35815,13,111790
20334,0.000514,74.125.130.0-255,5738,41553,13,111790
20335,0.000517,172.31.36.0-255,66,41619,13,111790
20336,0.000522,74.125.130.0-255,4320,45939,13,111790
20337,0.000524,172.31.36.0-255,66,46005,13,111790
20338,0.000536,74.125.130.0-255,1484,47489,13,111790
20339,0.00054,172.31.36.0-255,66,47555,13,111790
20340,0.00055,74.125.130.0-255,5738,53293,13,111790
20341,0.000553,172.31.36.0-255,66,53359,13,111790
20342,0.000567,74.125.130.0-255,1125,54484,13,111790
20343,0.00057,172.31.36.0-255,66,54550,13,111790
20344,0.000574,74.125.130.0-255,2902,57452,13,111790
20345,0.000576,172.31.36.0-255,66,57518,13,111790
20346,0.0006,74.125.130.0-255,4320,61838,13,111790
20347,0.000602,172.31.36.0-255,66,61904,13,111790
20348,0.00063,74.125.130.0-255,3961,65865,13,111790
20349,0.000633,172.31.36.0-255,66,65931,13,111790
20350,0.000896,74.125.130.0-255,647,66578,13,111790
20351,0.002959,74.125.130.0-255,1484,68062,13,111790
20352,0.002965,172.31.36.0-255,66,68128,13,111790
20353,0.002986,74.125.130.0-255,2902,71030,13,111790
20354,0.002988,172.31.36.0-255,66,71096,13,111790
20355,0.005246,74.125.130.0-255,1484,72580,13,111790
20356,0.005261,74.125.130.0-255,4320,76900,13,111790
20357,0.005264,172.31.36.0-255,66,76966,13,111790
20358,0.007563,74.125.130.0-255,5738,82704,13,111790
20359,0.007571,172.31.36.0-255,66,82770,13,111790
20360,0.009871,74.125.130.0-255,5738,88508,13,111790
20361,0.00988,172.31.36.0-255,66,88574,13,111790
20362,0.01219,74.125.130.0-255,5738,94312,13,111790
20363,0.012197,172.31.36.0-255,66,94378,13,111790
20364,0.014484,74.125.130.0-255,5738,100116,13,111790
20365,0.014494,172.31.36.0-255,66,100182,13,111790
20366,0.016785,74.125.130.0-255,5738,105920,13,111790
20367,0.016792,172.31.36.0-255,66,105986,13,111790
20368,0.019087,74.125.130.0-255,5738,111724,13,111790
20369,0.019094,172.31.36.0-255,66,111790,13,111790
20370,0.0,172.217.194.0-255,152,152,13,236993
20371,4e-05,172.31.36.0-255,66,218,13,236993
20372,4.7e-05,172.217.194.0-255,1484,1702,13,236993
20373,5.2e-05,172.31.36.0-255,66,1768,13,236993
20374,5.7e-05,172.217.194.0-255,2902,4670,13,236993
20375,6e-05,172.31.36.0-255,66,4736,13,236993
20376,6.6e-05,172.217.194.0-255,5738,10474,13,236993
20377,6.9e-05,172.31.36.0-255,66,10540,13,236993
20378,7.2e-05,172.217.194.0-255,1484,12024,13,236993
20379,7.4e-05,172.31.36.0-255,66,12090,13,236993
20380,9.8e-05,172.217.194.0-255,2069,14159,13,236993
20381,0.0001,172.31.36.0-255,66,14225,13,236993
20382,0.000219,172.217.194.0-255,1484,15709,13,236993
20383,0.000225,172.31.36.0-255,66,15775,13,236993
20384,0.000232,172.217.194.0-255,2902,18677,13,236993
20385,0.000235,172.31.36.0-255,66,18743,13,236993
20386,0.000262,172.217.194.0-255,5738,24481,13,236993
20387,0.000266,172.31.36.0-255,66,24547,13,236993
20388,0.000292,172.217.194.0-255,6797,31344,13,236993
20389,0.000294,172.31.36.0-255,66,31410,13,236993
20390,0.000978,172.217.194.0-255,1484,32894,13,236993
20391,0.000983,172.31.36.0-255,66,32960,13,236993
20392,0.000993,172.217.194.0-255,2902,35862,13,236993
20393,0.000995,172.31.36.0-255,66,35928,13,236993
20394,0.001001,172.217.194.0-255,5738,41666,13,236993
20395,0.001003,172.31.36.0-255,66,41732,13,236993
20396,0.001029,172.217.194.0-255,2902,44634,13,236993
20397,0.001032,172.31.36.0-255,66,44700,13,236993
20398,0.001059,172.31.36.0-255,66,44766,13,236993
20399,0.001082,172.217.194.0-255,5738,50504,13,236993
20400,0.001084,172.31.36.0-255,66,50570,13,236993
20401,0.001097,172.217.194.0-255,4212,54782,13,236993
20402,0.0011,172.31.36.0-255,66,54848,13,236993
20403,0.001103,172.217.194.0-255,435,55283,13,236993
20404,0.001296,172.217.194.0-255,1484,56767,13,236993
20405,0.0013,172.31.36.0-255,66,56833,13,236993
20406,0.001303,172.217.194.0-255,1484,58317,13,236993
20407,0.001316,172.217.194.0-255,1484,59801,13,236993
20408,0.001317,172.31.36.0-255,66,59867,13,236993
20409,0.00132,172.217.194.0-255,1484,61351,13,236993
20410,0.001333,172.217.194.0-255,2902,64253,13,236993
20411,0.001335,172.31.36.0-255,66,64319,13,236993
20412,0.00135,172.217.194.0-255,1484,65803,13,236993
20413,0.001355,172.217.194.0-255,7156,72959,13,236993
20414,0.001357,172.31.36.0-255,66,73025,13,236993
20415,0.00139,172.31.36.0-255,66,73091,13,236993
20416,0.001393,172.217.194.0-255,2184,75275,13,236993
20417,0.001394,172.31.36.0-255,66,75341,13,236993
20418,0.001515,172.217.194.0-255,1484,76825,13,236993
20419,0.001533,172.217.194.0-255,2902,79727,13,236993
20420,0.001535,172.31.36.0-255,66,79793,13,236993
20421,0.00154,172.217.194.0-255,5738,85531,13,236993
20422,0.001542,172.31.36.0-255,66,85597,13,236993
20423,0.001562,172.217.194.0-255,2902,88499,13,236993
20424,0.001564,172.31.36.0-255,66,88565,13,236993
20425,0.001586,172.217.194.0-255,9992,98557,13,236993
20426,0.001588,172.31.36.0-255,66,98623,13,236993
20427,0.00159,172.217.194.0-255,1484,100107,13,236993
20428,0.001623,172.217.194.0-255,9274,109381,13,236993
20429,0.001626,172.31.36.0-255,66,109447,13,236993
20430,0.001803,172.217.194.0-255,1484,110931,13,236993
20431,0.001819,172.217.194.0-255,2902,113833,13,236993
20432,0.001821,172.31.36.0-255,66,113899,13,236993
20433,0.001826,172.217.194.0-255,2902,116801,13,236993
20434,0.001828,172.31.36.0-255,66,116867,13,236993
20435,0.001842,172.217.194.0-255,2902,119769,13,236993
20436,0.001844,172.31.36.0-255,66,119835,13,236993
20437,0.001848,172.217.194.0-255,2902,122737,13,236993
20438,0.001849,172.31.36.0-255,66,122803,13,236993
20439,0.001864,172.217.194.0-255,2902,125705,13,236993
20440,0.001866,172.31.36.0-255,66,125771,13,236993
20441,0.001884,172.217.194.0-255,7156,132927,13,236993
20442,0.001886,172.31.36.0-255,66,132993,13,236993
20443,0.001918,172.217.194.0-255,1484,134477,13,236993
20444,0.001939,172.217.194.0-255,9274,143751,13,236993
20445,0.001941,172.31.36.0-255,66,143817,13,236993
20446,0.001944,172.217.194.0-255,1484,145301,13,236993
20447,0.001953,172.217.194.0-255,1484,146785,13,236993
20448,0.001954,172.31.36.0-255,66,146851,13,236993
20449,0.001969,172.217.194.0-255,1484,148335,13,236993
20450,0.001975,172.217.194.0-255,5738,154073,13,236993
20451,0.001977,172.31.36.0-255,66,154139,13,236993
20452,0.002004,172.217.194.0-255,8574,162713,13,236993
20453,0.002006,172.31.36.0-255,66,162779,13,236993
20454,0.002023,172.217.194.0-255,4320,167099,13,236993
20455,0.002025,172.31.36.0-255,66,167165,13,236993
20456,0.00206,172.217.194.0-255,2902,170067,13,236993
20457,0.002063,172.31.36.0-255,66,170133,13,236993
20458,0.002077,172.217.194.0-255,5738,175871,13,236993
20459,0.002079,172.31.36.0-255,66,175937,13,236993
20460,0.002092,172.217.194.0-255,4320,180257,13,236993
20461,0.002094,172.31.36.0-255,66,180323,13,236993
20462,0.002122,172.217.194.0-255,7856,188179,13,236993
20463,0.002124,172.31.36.0-255,66,188245,13,236993
20464,0.00214,172.31.36.0-255,66,188311,13,236993
20465,0.002143,172.217.194.0-255,2184,190495,13,236993
20466,0.002146,172.31.36.0-255,66,190561,13,236993
20467,0.004182,172.217.194.0-255,5738,196299,13,236993
20468,0.004185,172.31.36.0-255,66,196365,13,236993
20469,0.006244,172.217.194.0-255,5738,202103,13,236993
20470,0.006252,172.31.36.0-255,66,202169,13,236993
20471,0.008279,172.217.194.0-255,5738,207907,13,236993
20472,0.00829,172.31.36.0-255,66,207973,13,236993
20473,0.010341,172.217.194.0-255,5738,213711,13,236993
20474,0.010356,172.31.36.0-255,66,213777,13,236993
20475,0.012405,172.217.194.0-255,5738,219515,13,236993
20476,0.012424,172.31.36.0-255,66,219581,13,236993
20477,0.014474,172.217.194.0-255,5738,225319,13,236993
20478,0.014492,172.31.36.0-255,66,225385,13,236993
20479,0.016563,172.217.194.0-255,5738,231123,13,236993
20480,0.01658,172.31.36.0-255,66,231189,13,236993
20481,0.018622,172.217.194.0-255,5738,236927,13,236993
20482,0.018633,172.31.36.0-255,66,236993,13,236993
20483,0.0,172.31.36.0-255,105,105,13,276
20484,0.001705,157.240.13.0-255,105,210,13,276
20485,0.001721,172.31.36.0-255,66,276,13,276
20486,0.0,74.125.24.0-255,153,153,13,229860
20487,3e-05,172.31.36.0-255,66,219,13,229860
20488,3.7e-05,74.125.24.0-255,1484,1703,13,229860
20489,4.1e-05,172.31.36.0-255,66,1769,13,229860
20490,4.5e-05,74.125.24.0-255,2902,4671,13,229860
20491,4.8e-05,172.31.36.0-255,66,4737,13,229860
20492,6.3e-05,74.125.24.0-255,7156,11893,13,229860
20493,6.6e-05,172.31.36.0-255,66,11959,13,229860
20494,7e-05,74.125.24.0-255,2005,13964,13,229860
20495,7.2e-05,172.31.36.0-255,66,14030,13,229860
20496,0.000102,74.125.24.0-255,1484,15514,13,229860
20497,0.000104,172.31.36.0-255,66,15580,13,229860
20498,0.000132,74.125.24.0-255,2902,18482,13,229860
20499,0.000136,172.31.36.0-255,66,18548,13,229860
20500,0.000142,74.125.24.0-255,5738,24286,13,229860
20501,0.000144,172.31.36.0-255,66,24352,13,229860
20502,0.000149,74.125.24.0-255,4320,28672,13,229860
20503,0.000151,172.31.36.0-255,66,28738,13,229860
20504,0.000197,74.125.24.0-255,2543,31281,13,229860
20505,0.000201,172.31.36.0-255,66,31347,13,229860
20506,0.000544,74.125.24.0-255,1484,32831,13,229860
20507,0.000548,172.31.36.0-255,66,32897,13,229860
20508,0.000556,74.125.24.0-255,2902,35799,13,229860
20509,0.000558,172.31.36.0-255,66,35865,13,229860
20510,0.000571,74.125.24.0-255,5738,41603,13,229860
20511,0.000573,172.31.36.0-255,66,41669,13,229860
20512,0.000622,74.125.24.0-255,4320,45989,13,229860
20513,0.000626,172.31.36.0-255,66,46055,13,229860
20514,0.000654,74.125.24.0-255,2543,48598,13,229860
20515,0.000657,172.31.36.0-255,66,48664,13,229860
20516,0.000785,74.125.24.0-255,1484,50148,13,229860
20517,0.00079,172.31.36.0-255,66,50214,13,229860
20518,0.000796,74.125.24.0-255,2902,53116,13,229860
20519,0.000798,172.31.36.0-255,66,53182,13,229860
20520,0.000802,74.125.24.0-255,1484,54666,13,229860
20521,0.000834,74.125.24.0-255,4320,58986,13,229860
20522,0.000837,172.31.36.0-255,66,59052,13,229860
20523,0.000871,74.125.24.0-255,7126,66178,13,229860
20524,0.000876,172.31.36.0-255,66,66244,13,229860
20525,0.000879,74.125.24.0-255,348,66592,13,229860
20526,0.000912,74.125.24.0-255,1484,68076,13,229860
20527,0.000915,172.31.36.0-255,66,68142,13,229860
20528,0.00092,74.125.24.0-255,2902,71044,13,229860
20529,0.000922,172.31.36.0-255,66,71110,13,229860
20530,0.000943,74.125.24.0-255,1484,72594,13,229860
20531,0.000957,74.125.24.0-255,9992,82586,13,229860
20532,0.000961,172.31.36.0-255,66,82652,13,229860
20533,0.000985,74.125.24.0-255,1125,83777,13,229860
20534,0.001108,74.125.24.0-255,1484,85261,13,229860
20535,0.001114,172.31.36.0-255,66,85327,13,229860
20536,0.001119,74.125.24.0-255,2902,88229,13,229860
20537,0.001121,172.31.36.0-255,66,88295,13,229860
20538,0.001126,74.125.24.0-255,5738,94033,13,229860
20539,0.001129,172.31.36.0-255,66,94099,13,229860
20540,0.001169,74.125.24.0-255,6797,100896,13,229860
20541,0.001172,172.31.36.0-255,66,100962,13,229860
20542,0.001576,74.125.24.0-255,1484,102446,13,229860
20543,0.001581,74.125.24.0-255,2902,105348,13,229860
20544,0.001584,172.31.36.0-255,66,105414,13,229860
20545,0.001611,74.125.24.0-255,5738,111152,13,229860
20546,0.001613,172.31.36.0-255,66,111218,13,229860
20547,0.001646,172.31.36.0-255,66,111284,13,229860
20548,0.001655,74.125.24.0-255,9992,121276,13,229860
20549,0.001657,172.31.36.0-255,66,121342,13,229860
20550,0.00168,74.125.24.0-255,766,122108,13,229860
20551,0.001826,74.125.24.0-255,1484,123592,13,229860
20552,0.001828,172.31.36.0-255,66,123658,13,229860
20553,0.00184,74.125.24.0-255,2902,126560,13,229860
20554,0.001847,172.31.36.0-255,66,126626,13,229860
20555,0.001875,74.125.24.0-255,5738,132364,13,229860
20556,0.001878,172.31.36.0-255,66,132430,13,229860
20557,0.001899,74.125.24.0-255,9992,142422,13,229860
20558,0.001902,172.31.36.0-255,66,142488,13,229860
20559,0.001923,74.125.24.0-255,2902,145390,13,229860
20560,0.001925,172.31.36.0-255,66,145456,13,229860
20561,0.001951,74.125.24.0-255,5738,151194,13,229860
20562,0.001954,172.31.36.0-255,66,151260,13,229860
20563,0.001977,74.125.24.0-255,5020,156280,13,229860
20564,0.00198,172.31.36.0-255,66,156346,13,229860
20565,0.002044,74.125.24.0-255,1484,157830,13,229860
20566,0.002063,74.125.24.0-255,2902,160732,13,229860
20567,0.002065,172.31.36.0-255,66,160798,13,229860
20568,0.002067,74.125.24.0-255,1484,162282,13,229860
20569,0.002095,74.125.24.0-255,4320,166602,13,229860
20570,0.002097,172.31.36.0-255,66,166668,13,229860
20571,0.002103,74.125.24.0-255,7156,173824,13,229860
20572,0.002105,172.31.36.0-255,66,173890,13,229860
20573,0.002131,74.125.24.0-255,7156,181046,13,229860
20574,0.002134,172.31.36.0-255,66,181112,13,229860
20575,0.00216,74.125.24.0-255,7156,188268,13,229860
20576,0.002162,172.31.36.0-255,66,188334,13,229860
20577,0.002165,74.125.24.0-255,2184,190518,13,229860
20578,0.002168,172.31.36.0-255,66,190584,13,229860
20579,0.004406,74.125.24.0-255,4320,194904,13,229860
20580,0.00441,172.31.36.0-255,66,194970,13,229860
20581,0.004421,74.125.24.0-255,1484,196454,13,229860
20582,0.006663,74.125.24.0-255,4320,200774,13,229860
20583,0.00667,172.31.36.0-255,66,200840,13,229860
20584,0.008938,74.125.24.0-255,5738,206578,13,229860
20585,0.008947,172.31.36.0-255,66,206644,13,229860
20586,0.011233,74.125.24.0-255,5738,212382,13,229860
20587,0.011241,172.31.36.0-255,66,212448,13,229860
20588,0.013599,74.125.24.0-255,5738,218186,13,229860
20589,0.013613,172.31.36.0-255,66,218252,13,229860
20590,0.015868,74.125.24.0-255,5738,223990,13,229860
20591,0.015877,172.31.36.0-255,66,224056,13,229860
20592,0.018145,74.125.24.0-255,5738,229794,13,229860
20593,0.018151,172.31.36.0-255,66,229860,13,229860
20594,0.0,74.125.24.0-255,152,152,13,97558
20595,2.3e-05,172.31.36.0-255,66,218,13,97558
20596,3.1e-05,74.125.24.0-255,1484,1702,13,97558
20597,3.5e-05,172.31.36.0-255,66,1768,13,97558
20598,4.7e-05,74.125.24.0-255,2902,4670,13,97558
20599,5e-05,172.31.36.0-255,66,4736,13,97558
20600,5.4e-05,74.125.24.0-255,2902,7638,13,97558
20601,5.7e-05,172.31.36.0-255,66,7704,13,97558
20602,0.000107,74.125.24.0-255,7729,15433,13,97558
20603,0.00011,172.31.36.0-255,66,15499,13,97558
20604,0.000228,74.125.24.0-255,7156,22655,13,97558
20605,0.000232,172.31.36.0-255,66,22721,13,97558
20606,0.000259,74.125.24.0-255,8215,30936,13,97558
20607,0.000262,172.31.36.0-255,66,31002,13,97558
20608,0.000464,74.125.24.0-255,5738,36740,13,97558
20609,0.000469,172.31.36.0-255,66,36806,13,97558
20610,0.000512,74.125.24.0-255,9992,46798,13,97558
20611,0.000515,172.31.36.0-255,66,46864,13,97558
20612,0.00072,172.31.36.0-255,66,46930,13,97558
20613,0.000747,74.125.24.0-255,3602,50532,13,97558
20614,0.00075,172.31.36.0-255,66,50598,13,97558
20615,0.001018,172.31.36.0-255,66,50664,13,97558
20616,0.001068,172.31.36.0-255,66,50730,13,97558
20617,0.00158,172.31.36.0-255,66,50796,13,97558
20618,0.001782,74.125.24.0-255,5738,56534,13,97558
20619,0.001788,172.31.36.0-255,66,56600,13,97558
20620,0.001841,172.31.36.0-255,66,56666,13,97558
20621,0.002246,172.31.36.0-255,66,56732,13,97558
20622,0.002343,172.31.36.0-255,66,56798,13,97558
20623,0.003226,172.31.36.0-255,66,56864,13,97558
20624,0.003297,172.31.36.0-255,66,56930,13,97558
20625,0.005593,74.125.24.0-255,5738,62668,13,97558
20626,0.005605,172.31.36.0-255,66,62734,13,97558
20627,0.007889,74.125.24.0-255,5738,68472,13,97558
20628,0.007894,172.31.36.0-255,66,68538,13,97558
20629,0.010204,74.125.24.0-255,5738,74276,13,97558
20630,0.010217,172.31.36.0-255,66,74342,13,97558
20631,0.012552,74.125.24.0-255,5738,80080,13,97558
20632,0.01257,172.31.36.0-255,66,80146,13,97558
20633,0.014986,74.125.24.0-255,5738,85884,13,97558
20634,0.015,172.31.36.0-255,66,85950,13,97558
20635,0.017334,74.125.24.0-255,5738,91688,13,97558
20636,0.017352,172.31.36.0-255,66,91754,13,97558
20637,0.019688,74.125.24.0-255,5738,97492,13,97558
20638,0.019702,172.31.36.0-255,66,97558,13,97558
20639,0.0,74.125.24.0-255,153,153,13,196973
20640,2.1e-05,172.31.36.0-255,66,219,13,196973
20641,2.8e-05,74.125.24.0-255,1484,1703,13,196973
20642,3.3e-05,172.31.36.0-255,66,1769,13,196973
20643,4.7e-05,74.125.24.0-255,2902,4671,13,196973
20644,5e-05,172.31.36.0-255,66,4737,13,196973
20645,5.9e-05,74.125.24.0-255,7156,11893,13,196973
20646,6.2e-05,172.31.36.0-255,66,11959,13,196973
20647,0.000109,74.125.24.0-255,7643,19602,13,196973
20648,0.000113,172.31.36.0-255,66,19668,13,196973
20649,0.000122,74.125.24.0-255,8574,28242,13,196973
20650,0.000125,172.31.36.0-255,66,28308,13,196973
20651,0.000129,74.125.24.0-255,2543,30851,13,196973
20652,0.000132,172.31.36.0-255,66,30917,13,196973
20653,0.000391,74.125.24.0-255,1484,32401,13,196973
20654,0.000397,172.31.36.0-255,66,32467,13,196973
20655,0.000404,74.125.24.0-255,2902,35369,13,196973
20656,0.000406,172.31.36.0-255,66,35435,13,196973
20657,0.000439,74.125.24.0-255,5738,41173,13,196973
20658,0.000442,172.31.36.0-255,66,41239,13,196973
20659,0.000473,74.125.24.0-255,9992,51231,13,196973
20660,0.000477,172.31.36.0-255,66,51297,13,196973
20661,0.000483,74.125.24.0-255,5738,57035,13,196973
20662,0.000486,172.31.36.0-255,66,57101,13,196973
20663,0.000493,74.125.24.0-255,5738,62839,13,196973
20664,0.000496,172.31.36.0-255,66,62905,13,196973
20665,0.00052,74.125.24.0-255,1484,64389,13,196973
20666,0.000522,172.31.36.0-255,66,64455,13,196973
20667,0.000526,74.125.24.0-255,766,65221,13,196973
20668,0.000528,172.31.36.0-255,66,65287,13,196973
20669,0.000564,74.125.24.0-255,391,65678,13,196973
20670,0.000566,172.31.36.0-255,66,65744,13,196973
20671,0.000596,74.125.24.0-255,353,66097,13,196973
20672,0.000803,74.125.24.0-255,1484,67581,13,196973
20673,0.000819,74.125.24.0-255,2902,70483,13,196973
20674,0.000832,74.125.24.0-255,1484,71967,13,196973
20675,0.000848,74.125.24.0-255,4320,76287,13,196973
20676,0.000875,74.125.24.0-255,1484,77771,13,196973
20677,0.000897,74.125.24.0-255,6797,84568,13,196973
20678,0.000904,74.125.24.0-255,7156,91724,13,196973
20679,0.000914,74.125.24.0-255,1484,93208,13,196973
20680,0.00094,74.125.24.0-255,6797,100005,13,196973
20681,0.000953,172.31.36.0-255,66,100071,13,196973
20682,0.002028,74.125.24.0-255,1484,101555,13,196973
20683,0.002036,74.125.24.0-255,2902,104457,13,196973
20684,0.002041,172.31.36.0-255,66,104523,13,196973
20685,0.002049,74.125.24.0-255,5738,110261,13,196973
20686,0.002055,74.125.24.0-255,5738,115999,13,196973
20687,0.002077,74.125.24.0-255,4320,120319,13,196973
20688,0.002103,74.125.24.0-255,5738,126057,13,196973
20689,0.002124,74.125.24.0-255,7856,133913,13,196973
20690,0.002221,74.125.24.0-255,1484,135397,13,196973
20691,0.002226,74.125.24.0-255,1484,136881,13,196973
20692,0.002237,74.125.24.0-255,1484,138365,13,196973
20693,0.002269,74.125.24.0-255,4320,142685,13,196973
20694,0.002292,74.125.24.0-255,1484,144169,13,196973
20695,0.002302,74.125.24.0-255,9992,154161,13,196973
20696,0.002315,74.125.24.0-255,2902,157063,13,196973
20697,0.002323,74.125.24.0-255,7156,164219,13,196973
20698,0.00234,74.125.24.0-255,2902,167121,13,196973
20699,0.002342,74.125.24.0-255,766,167887,13,196973
20700,0.007891,172.31.36.0-255,66,167953,13,196973
20701,0.010197,74.125.24.0-255,5738,173691,13,196973
20702,0.010208,172.31.36.0-255,66,173757,13,196973
20703,0.01255,74.125.24.0-255,5738,179495,13,196973
20704,0.012565,172.31.36.0-255,66,179561,13,196973
20705,0.014884,74.125.24.0-255,5738,185299,13,196973
20706,0.01491,172.31.36.0-255,66,185365,13,196973
20707,0.017243,74.125.24.0-255,5738,191103,13,196973
20708,0.017256,172.31.36.0-255,66,191169,13,196973
20709,0.01958,74.125.24.0-255,5738,196907,13,196973
20710,0.019589,172.31.36.0-255,66,196973,13,196973
20711,0.0,172.217.194.0-255,156,156,13,248777
20712,3.6e-05,172.31.36.0-255,66,222,13,248777
20713,4.2e-05,172.217.194.0-255,1484,1706,13,248777
20714,4.7e-05,172.31.36.0-255,66,1772,13,248777
20715,5.2e-05,172.217.194.0-255,2902,4674,13,248777
20716,6.4e-05,172.31.36.0-255,66,4740,13,248777
20717,7.1e-05,172.217.194.0-255,7156,11896,13,248777
20718,7.4e-05,172.31.36.0-255,66,11962,13,248777
20719,7.8e-05,172.217.194.0-255,2057,14019,13,248777
20720,8e-05,172.31.36.0-255,66,14085,13,248777
20721,8.5e-05,172.217.194.0-255,2902,16987,13,248777
20722,8.7e-05,172.31.36.0-255,66,17053,13,248777
20723,9.1e-05,172.217.194.0-255,2902,19955,13,248777
20724,9.6e-05,172.31.36.0-255,66,20021,13,248777
20725,0.00013,172.217.194.0-255,4320,24341,13,248777
20726,0.000134,172.31.36.0-255,66,24407,13,248777
20727,0.00014,172.217.194.0-255,5738,30145,13,248777
20728,0.000142,172.31.36.0-255,66,30211,13,248777
20729,0.000145,172.217.194.0-255,1125,31336,13,248777
20730,0.000147,172.31.36.0-255,66,31402,13,248777
20731,0.000193,172.217.194.0-255,1484,32886,13,248777
20732,0.000197,172.31.36.0-255,66,32952,13,248777
20733,0.000204,172.217.194.0-255,4320,37272,13,248777
20734,0.000209,172.31.36.0-255,66,37338,13,248777
20735,0.000221,172.217.194.0-255,5738,43076,13,248777
20736,0.000223,172.31.36.0-255,66,43142,13,248777
20737,0.000263,172.31.36.0-255,66,43208,13,248777
20738,0.000298,172.217.194.0-255,9907,53115,13,248777
20739,0.000301,172.31.36.0-255,66,53181,13,248777
20740,0.000304,172.217.194.0-255,119,53300,13,248777
20741,0.000306,172.31.36.0-255,66,53366,13,248777
20742,0.000309,172.217.194.0-255,382,53748,13,248777
20743,0.000673,172.217.194.0-255,1484,55232,13,248777
20744,0.000676,172.217.194.0-255,1484,56716,13,248777
20745,0.000678,172.31.36.0-255,66,56782,13,248777
20746,0.000685,172.217.194.0-255,1484,58266,13,248777
20747,0.000688,172.31.36.0-255,66,58332,13,248777
20748,0.000697,172.217.194.0-255,4320,62652,13,248777
20749,0.0007,172.31.36.0-255,66,62718,13,248777
20750,0.000738,172.217.194.0-255,1484,64202,13,248777
20751,0.000751,172.31.36.0-255,66,64268,13,248777
20752,0.000758,172.217.194.0-255,8574,72842,13,248777
20753,0.00076,172.31.36.0-255,66,72908,13,248777
20754,0.000803,172.217.194.0-255,2184,75092,13,248777
20755,0.000806,172.31.36.0-255,66,75158,13,248777
20756,0.001185,172.217.194.0-255,1484,76642,13,248777
20757,0.001193,172.217.194.0-255,2902,79544,13,248777
20758,0.001197,172.31.36.0-255,66,79610,13,248777
20759,0.001204,172.217.194.0-255,5738,85348,13,248777
20760,0.001206,172.31.36.0-255,66,85414,13,248777
20761,0.001243,172.31.36.0-255,66,85480,13,248777
20762,0.001248,172.217.194.0-255,2902,88382,13,248777
20763,0.001249,172.31.36.0-255,66,88448,13,248777
20764,0.001286,172.217.194.0-255,7156,95604,13,248777
20765,0.001289,172.31.36.0-255,66,95670,13,248777
20766,0.001293,172.217.194.0-255,766,96436,13,248777
20767,0.00149,172.217.194.0-255,1484,97920,13,248777
20768,0.001495,172.31.36.0-255,66,97986,13,248777
20769,0.001501,172.217.194.0-255,2902,100888,13,248777
20770,0.001502,172.31.36.0-255,66,100954,13,248777
20771,0.001508,172.217.194.0-255,5738,106692,13,248777
20772,0.001509,172.31.36.0-255,66,106758,13,248777
20773,0.001564,172.31.36.0-255,66,106824,13,248777
20774,0.001573,172.217.194.0-255,10692,117516,13,248777
20775,0.001574,172.31.36.0-255,66,117582,13,248777
20776,0.001599,172.217.194.0-255,5738,123320,13,248777
20777,0.001601,172.31.36.0-255,66,123386,13,248777
20778,0.001632,172.217.194.0-255,7156,130542,13,248777
20779,0.001634,172.31.36.0-255,66,130608,13,248777
20780,0.001646,172.31.36.0-255,66,130674,13,248777
20781,0.001651,172.217.194.0-255,6438,137112,13,248777
20782,0.001653,172.31.36.0-255,66,137178,13,248777
20783,0.001693,172.217.194.0-255,1484,138662,13,248777
20784,0.001695,172.217.194.0-255,1484,140146,13,248777
20785,0.001697,172.31.36.0-255,66,140212,13,248777
20786,0.001719,172.217.194.0-255,1484,141696,13,248777
20787,0.001724,172.217.194.0-255,5738,147434,13,248777
20788,0.001726,172.31.36.0-255,66,147500,13,248777
20789,0.001729,172.217.194.0-255,1484,148984,13,248777
20790,0.001762,172.31.36.0-255,66,149050,13,248777
20791,0.001769,172.217.194.0-255,8574,157624,13,248777
20792,0.001771,172.31.36.0-255,66,157690,13,248777
20793,0.00179,172.217.194.0-255,2184,159874,13,248777
20794,0.001792,172.31.36.0-255,66,159940,13,248777
20795,0.001877,172.217.194.0-255,1484,161424,13,248777
20796,0.001886,172.217.194.0-255,1484,162908,13,248777
20797,0.001887,172.31.36.0-255,66,162974,13,248777
20798,0.001898,172.217.194.0-255,1484,164458,13,248777
20799,0.001906,172.217.194.0-255,5738,170196,13,248777
20800,0.001908,172.31.36.0-255,66,170262,13,248777
20801,0.001913,172.217.194.0-255,4320,174582,13,248777
20802,0.001914,172.31.36.0-255,66,174648,13,248777
20803,0.001947,172.217.194.0-255,8574,183222,13,248777
20804,0.00195,172.31.36.0-255,66,183288,13,248777
20805,0.001953,172.217.194.0-255,2902,186190,13,248777
20806,0.001955,172.31.36.0-255,66,186256,13,248777
20807,0.001988,172.217.194.0-255,7856,194112,13,248777
20808,0.001991,172.31.36.0-255,66,194178,13,248777
20809,0.001994,172.217.194.0-255,2902,197080,13,248777
20810,0.001996,172.31.36.0-255,66,197146,13,248777
20811,0.002024,172.217.194.0-255,8574,205720,13,248777
20812,0.002027,172.31.36.0-255,66,205786,13,248777
20813,0.002043,172.31.36.0-255,66,205852,13,248777
20814,0.002089,172.217.194.0-255,2902,208754,13,248777
20815,0.002091,172.31.36.0-255,66,208820,13,248777
20816,0.002121,172.217.194.0-255,6438,215258,13,248777
20817,0.002123,172.31.36.0-255,66,215324,13,248777
20818,0.002126,172.217.194.0-255,1484,216808,13,248777
20819,0.002129,172.217.194.0-255,2902,219710,13,248777
20820,0.002131,172.31.36.0-255,66,219776,13,248777
20821,0.002136,172.217.194.0-255,5738,225514,13,248777
20822,0.002138,172.31.36.0-255,66,225580,13,248777
20823,0.00214,172.217.194.0-255,1484,227064,13,248777
20824,0.002177,172.31.36.0-255,66,227130,13,248777
20825,0.002184,172.217.194.0-255,9992,237122,13,248777
20826,0.002186,172.31.36.0-255,66,237188,13,248777
20827,0.002207,172.217.194.0-255,2902,240090,13,248777
20828,0.00221,172.31.36.0-255,66,240156,13,248777
20829,0.00225,172.31.36.0-255,66,240222,13,248777
20830,0.002263,172.31.36.0-255,66,240288,13,248777
20831,0.00227,172.217.194.0-255,8081,248369,13,248777
20832,0.002272,172.31.36.0-255,66,248435,13,248777
20833,0.004499,172.217.194.0-255,105,248540,13,248777
20834,0.007134,172.31.36.0-255,66,248606,13,248777
20835,0.007161,172.31.36.0-255,105,248711,13,248777
20836,0.009384,172.217.194.0-255,66,248777,13,248777
20837,0.0,74.125.24.0-255,155,155,13,269994
20838,2.9e-05,172.31.36.0-255,66,221,13,269994
20839,3.6e-05,74.125.24.0-255,1484,1705,13,269994
20840,4.1e-05,172.31.36.0-255,66,1771,13,269994
20841,4.6e-05,74.125.24.0-255,2902,4673,13,269994
20842,4.8e-05,172.31.36.0-255,66,4739,13,269994
20843,5.5e-05,74.125.24.0-255,7156,11895,13,269994
20844,5.9e-05,172.31.36.0-255,66,11961,13,269994
20845,6.8e-05,74.125.24.0-255,10574,22535,13,269994
20846,7.1e-05,172.31.36.0-255,66,22601,13,269994
20847,9.3e-05,74.125.24.0-255,1484,24085,13,269994
20848,9.5e-05,172.31.36.0-255,66,24151,13,269994
20849,0.00012,74.125.24.0-255,6797,30948,13,269994
20850,0.000122,172.31.36.0-255,66,31014,13,269994
20851,0.000154,74.125.24.0-255,1484,32498,13,269994
20852,0.000157,172.31.36.0-255,66,32564,13,269994
20853,0.00017,74.125.24.0-255,2902,35466,13,269994
20854,0.000173,172.31.36.0-255,66,35532,13,269994
20855,0.000199,74.125.24.0-255,5738,41270,13,269994
20856,0.000202,172.31.36.0-255,66,41336,13,269994
20857,0.000213,74.125.24.0-255,6797,48133,13,269994
20858,0.000216,172.31.36.0-255,66,48199,13,269994
20859,0.000254,172.31.36.0-255,66,48265,13,269994
20860,0.000272,74.125.24.0-255,1484,49749,13,269994
20861,0.000274,172.31.36.0-255,66,49815,13,269994
20862,0.000279,74.125.24.0-255,2543,52358,13,269994
20863,0.000281,172.31.36.0-255,66,52424,13,269994
20864,0.000572,74.125.24.0-255,648,53072,13,269994
20865,0.000578,172.31.36.0-255,66,53138,13,269994
20866,0.000669,74.125.24.0-255,1484,54622,13,269994
20867,0.000673,172.31.36.0-255,66,54688,13,269994
20868,0.000679,74.125.24.0-255,2902,57590,13,269994
20869,0.000682,172.31.36.0-255,66,57656,13,269994
20870,0.000687,74.125.24.0-255,4320,61976,13,269994
20871,0.00069,172.31.36.0-255,66,62042,13,269994
20872,0.000712,74.125.24.0-255,1484,63526,13,269994
20873,0.000721,74.125.24.0-255,8215,71741,13,269994
20874,0.000724,172.31.36.0-255,66,71807,13,269994
20875,0.00073,74.125.24.0-255,4320,76127,13,269994
20876,0.000733,172.31.36.0-255,66,76193,13,269994
20877,0.000759,172.31.36.0-255,66,76259,13,269994
20878,0.000783,74.125.24.0-255,1484,77743,13,269994
20879,0.000788,74.125.24.0-255,2902,80645,13,269994
20880,0.00079,172.31.36.0-255,66,80711,13,269994
20881,0.000797,74.125.24.0-255,5738,86449,13,269994
20882,0.000799,172.31.36.0-255,66,86515,13,269994
20883,0.00083,74.125.24.0-255,7156,93671,13,269994
20884,0.000833,172.31.36.0-255,66,93737,13,269994
20885,0.000847,172.31.36.0-255,66,93803,13,269994
20886,0.000865,74.125.24.0-255,2902,96705,13,269994
20887,0.000868,172.31.36.0-255,66,96771,13,269994
20888,0.000872,74.125.24.0-255,2184,98955,13,269994
20889,0.000874,172.31.36.0-255,66,99021,13,269994
20890,0.000877,74.125.24.0-255,1484,100505,13,269994
20891,0.00089,74.125.24.0-255,1484,101989,13,269994
20892,0.000892,172.31.36.0-255,66,102055,13,269994
20893,0.0009,74.125.24.0-255,7156,109211,13,269994
20894,0.000902,172.31.36.0-255,66,109277,13,269994
20895,0.000906,74.125.24.0-255,2902,112179,13,269994
20896,0.000908,172.31.36.0-255,66,112245,13,269994
20897,0.000931,74.125.24.0-255,5738,117983,13,269994
20898,0.000934,172.31.36.0-255,66,118049,13,269994
20899,0.000963,74.125.24.0-255,5738,123787,13,269994
20900,0.000968,172.31.36.0-255,66,123853,13,269994
20901,0.000993,74.125.24.0-255,9274,133127,13,269994
20902,0.000996,172.31.36.0-255,66,133193,13,269994
20903,0.001151,74.125.24.0-255,1484,134677,13,269994
20904,0.001158,74.125.24.0-255,2902,137579,13,269994
20905,0.001162,172.31.36.0-255,66,137645,13,269994
20906,0.001168,74.125.24.0-255,5738,143383,13,269994
20907,0.001171,172.31.36.0-255,66,143449,13,269994
20908,0.001189,74.125.24.0-255,4320,147769,13,269994
20909,0.001191,172.31.36.0-255,66,147835,13,269994
20910,0.001211,74.125.24.0-255,8574,156409,13,269994
20911,0.001215,172.31.36.0-255,66,156475,13,269994
20912,0.001223,74.125.24.0-255,10692,167167,13,269994
20913,0.001226,172.31.36.0-255,66,167233,13,269994
20914,0.001897,74.125.24.0-255,1484,168717,13,269994
20915,0.001909,74.125.24.0-255,2902,171619,13,269994
20916,0.001911,172.31.36.0-255,66,171685,13,269994
20917,0.001935,74.125.24.0-255,4320,176005,13,269994
20918,0.001937,172.31.36.0-255,66,176071,13,269994
20919,0.001953,74.125.24.0-255,1484,177555,13,269994
20920,0.00196,74.125.24.0-255,8574,186129,13,269994
20921,0.001962,172.31.36.0-255,66,186195,13,269994
20922,0.002003,74.125.24.0-255,9992,196187,13,269994
20923,0.002006,172.31.36.0-255,66,196253,13,269994
20924,0.002026,74.125.24.0-255,5020,201273,13,269994
20925,0.002027,172.31.36.0-255,66,201339,13,269994
20926,0.002064,74.125.24.0-255,1484,202823,13,269994
20927,0.002077,74.125.24.0-255,2902,205725,13,269994
20928,0.00208,172.31.36.0-255,66,205791,13,269994
20929,0.002083,74.125.24.0-255,1484,207275,13,269994
20930,0.002103,74.125.24.0-255,4320,211595,13,269994
20931,0.002105,172.31.36.0-255,66,211661,13,269994
20932,0.002109,74.125.24.0-255,4320,215981,13,269994
20933,0.002111,172.31.36.0-255,66,216047,13,269994
20934,0.002146,74.125.24.0-255,1484,217531,13,269994
20935,0.002174,172.31.36.0-255,66,217597,13,269994
20936,0.002179,74.125.24.0-255,3602,221199,13,269994
20937,0.002182,172.31.36.0-255,66,221265,13,269994
20938,0.002208,74.125.24.0-255,1484,222749,13,269994
20939,0.002211,74.125.24.0-255,1484,224233,13,269994
20940,0.002213,172.31.36.0-255,66,224299,13,269994
20941,0.002229,74.125.24.0-255,1484,225783,13,269994
20942,0.002235,74.125.24.0-255,5738,231521,13,269994
20943,0.002237,172.31.36.0-255,66,231587,13,269994
20944,0.002268,74.125.24.0-255,9992,241579,13,269994
20945,0.002271,172.31.36.0-255,66,241645,13,269994
20946,0.002317,172.31.36.0-255,66,241711,13,269994
20947,0.002338,74.125.24.0-255,2184,243895,13,269994
20948,0.002341,172.31.36.0-255,66,243961,13,269994
20949,0.002358,172.31.36.0-255,66,244027,13,269994
20950,0.002367,74.125.24.0-255,9992,254019,13,269994
20951,0.002369,172.31.36.0-255,66,254085,13,269994
20952,0.002404,74.125.24.0-255,7156,261241,13,269994
20953,0.002407,172.31.36.0-255,66,261307,13,269994
20954,0.002441,172.31.36.0-255,66,261373,13,269994
20955,0.002466,172.31.36.0-255,66,261439,13,269994
20956,0.002488,74.125.24.0-255,8147,269586,13,269994
20957,0.002491,172.31.36.0-255,66,269652,13,269994
20958,0.002493,74.125.24.0-255,105,269757,13,269994
20959,0.005783,172.31.36.0-255,66,269823,13,269994
20960,0.005811,172.31.36.0-255,105,269928,13,269994
20961,0.0084,74.125.24.0-255,66,269994,13,269994
20962,0.0,74.125.24.0-255,152,152,13,234512
20963,3.2e-05,172.31.36.0-255,66,218,13,234512
20964,4e-05,74.125.24.0-255,1484,1702,13,234512
20965,4.4e-05,172.31.36.0-255,66,1768,13,234512
20966,5e-05,74.125.24.0-255,2902,4670,13,234512
20967,5.2e-05,172.31.36.0-255,66,4736,13,234512
20968,5.7e-05,74.125.24.0-255,4320,9056,13,234512
20969,6e-05,172.31.36.0-255,66,9122,13,234512
20970,8.6e-05,74.125.24.0-255,4841,13963,13,234512
20971,8.8e-05,172.31.36.0-255,66,14029,13,234512
20972,9.1e-05,74.125.24.0-255,1484,15513,13,234512
20973,9.3e-05,172.31.36.0-255,66,15579,13,234512
20974,0.000115,74.125.24.0-255,4320,19899,13,234512
20975,0.000117,172.31.36.0-255,66,19965,13,234512
20976,0.00016,172.31.36.0-255,66,20031,13,234512
20977,0.000243,74.125.24.0-255,1484,21515,13,234512
20978,0.000246,172.31.36.0-255,66,21581,13,234512
20979,0.000252,74.125.24.0-255,2902,24483,13,234512
20980,0.000255,172.31.36.0-255,66,24549,13,234512
20981,0.00028,74.125.24.0-255,5738,30287,13,234512
20982,0.000284,172.31.36.0-255,66,30353,13,234512
20983,0.000288,74.125.24.0-255,1484,31837,13,234512
20984,0.000289,172.31.36.0-255,66,31903,13,234512
20985,0.000309,74.125.24.0-255,5379,37282,13,234512
20986,0.000313,172.31.36.0-255,66,37348,13,234512
20987,0.000317,74.125.24.0-255,2902,40250,13,234512
20988,0.00032,172.31.36.0-255,66,40316,13,234512
20989,0.000333,172.31.36.0-255,101,40417,13,234512
20990,0.000343,74.125.24.0-255,4320,44737,13,234512
20991,0.000347,172.31.36.0-255,66,44803,13,234512
20992,0.000379,74.125.24.0-255,9933,54736,13,234512
20993,0.000383,172.31.36.0-255,66,54802,13,234512
20994,0.000427,74.125.24.0-255,130,54932,13,234512
20995,0.000606,74.125.24.0-255,1484,56416,13,234512
20996,0.000611,172.31.36.0-255,66,56482,13,234512
20997,0.000616,74.125.24.0-255,2902,59384,13,234512
20998,0.000619,172.31.36.0-255,66,59450,13,234512
20999,0.000626,74.125.24.0-255,5738,65188,13,234512
21000,0.000628,172.31.36.0-255,66,65254,13,234512
21001,0.000649,74.125.24.0-255,1484,66738,13,234512
21002,0.000671,74.125.24.0-255,2902,69640,13,234512
21003,0.000674,172.31.36.0-255,66,69706,13,234512
21004,0.000708,74.125.24.0-255,6797,76503,13,234512
21005,0.000711,172.31.36.0-255,66,76569,13,234512
21006,0.000724,172.31.36.0-255,66,76635,13,234512
21007,0.000727,74.125.24.0-255,347,76982,13,234512
21008,0.00089,74.125.24.0-255,1484,78466,13,234512
21009,0.000894,172.31.36.0-255,66,78532,13,234512
21010,0.0009,74.125.24.0-255,2902,81434,13,234512
21011,0.000902,172.31.36.0-255,66,81500,13,234512
21012,0.000923,74.125.24.0-255,5738,87238,13,234512
21013,0.000927,172.31.36.0-255,66,87304,13,234512
21014,0.000951,74.125.24.0-255,2902,90206,13,234512
21015,0.000955,172.31.36.0-255,66,90272,13,234512
21016,0.000981,74.125.24.0-255,9992,100264,13,234512
21017,0.000984,172.31.36.0-255,66,100330,13,234512
21018,0.000988,74.125.24.0-255,1484,101814,13,234512
21019,0.001003,74.125.24.0-255,2902,104716,13,234512
21020,0.001005,172.31.36.0-255,66,104782,13,234512
21021,0.001012,74.125.24.0-255,6438,111220,13,234512
21022,0.001018,172.31.36.0-255,66,111286,13,234512
21023,0.001508,74.125.24.0-255,1484,112770,13,234512
21024,0.001518,74.125.24.0-255,2902,115672,13,234512
21025,0.001522,172.31.36.0-255,66,115738,13,234512
21026,0.001552,74.125.24.0-255,5738,121476,13,234512
21027,0.001555,172.31.36.0-255,66,121542,13,234512
21028,0.001561,74.125.24.0-255,2902,124444,13,234512
21029,0.001563,172.31.36.0-255,66,124510,13,234512
21030,0.00158,74.125.24.0-255,5738,130248,13,234512
21031,0.001582,172.31.36.0-255,66,130314,13,234512
21032,0.001618,74.125.24.0-255,5738,136052,13,234512
21033,0.001622,172.31.36.0-255,66,136118,13,234512
21034,0.001646,74.125.24.0-255,9274,145392,13,234512
21035,0.00165,172.31.36.0-255,66,145458,13,234512
21036,0.001675,74.125.24.0-255,1484,146942,13,234512
21037,0.001707,172.31.36.0-255,66,147008,13,234512
21038,0.001728,74.125.24.0-255,2902,149910,13,234512
21039,0.001731,172.31.36.0-255,66,149976,13,234512
21040,0.00174,74.125.24.0-255,8574,158550,13,234512
21041,0.001742,172.31.36.0-255,66,158616,13,234512
21042,0.001768,74.125.24.0-255,5738,164354,13,234512
21043,0.00177,172.31.36.0-255,66,164420,13,234512
21044,0.001791,74.125.24.0-255,3602,168022,13,234512
21045,0.001793,172.31.36.0-255,66,168088,13,234512
21046,0.001911,74.125.24.0-255,1484,169572,13,234512
21047,0.00193,74.125.24.0-255,2902,172474,13,234512
21048,0.001934,172.31.36.0-255,66,172540,13,234512
21049,0.001938,74.125.24.0-255,1484,174024,13,234512
21050,0.001952,74.125.24.0-255,1484,175508,13,234512
21051,0.001954,172.31.36.0-255,66,175574,13,234512
21052,0.001968,74.125.24.0-255,2902,178476,13,234512
21053,0.001972,172.31.36.0-255,66,178542,13,234512
21054,0.002046,172.31.36.0-255,66,178608,13,234512
21055,0.002057,74.125.24.0-255,9992,188600,13,234512
21056,0.00206,172.31.36.0-255,66,188666,13,234512
21057,0.002062,74.125.24.0-255,766,189432,13,234512
21058,0.002351,74.125.24.0-255,66,189498,13,234512
21059,0.004073,74.125.24.0-255,4320,193818,13,234512
21060,0.004076,172.31.36.0-255,66,193884,13,234512
21061,0.006086,74.125.24.0-255,5738,199622,13,234512
21062,0.00609,172.31.36.0-255,66,199688,13,234512
21063,0.008118,74.125.24.0-255,5738,205426,13,234512
21064,0.008125,172.31.36.0-255,66,205492,13,234512
21065,0.010121,74.125.24.0-255,5738,211230,13,234512
21066,0.010128,172.31.36.0-255,66,211296,13,234512
21067,0.012126,74.125.24.0-255,5738,217034,13,234512
21068,0.012133,172.31.36.0-255,66,217100,13,234512
21069,0.014148,74.125.24.0-255,5738,222838,13,234512
21070,0.014161,172.31.36.0-255,66,222904,13,234512
21071,0.01618,74.125.24.0-255,5738,228642,13,234512
21072,0.016189,172.31.36.0-255,66,228708,13,234512
21073,0.018224,74.125.24.0-255,5738,234446,13,234512
21074,0.018231,172.31.36.0-255,66,234512,13,234512
21075,0.0,172.217.194.0-255,153,153,13,203251
21076,3.3e-05,172.31.36.0-255,66,219,13,203251
21077,4e-05,172.217.194.0-255,1484,1703,13,203251
21078,4.4e-05,172.31.36.0-255,66,1769,13,203251
21079,4.8e-05,172.217.194.0-255,2902,4671,13,203251
21080,5.1e-05,172.31.36.0-255,66,4737,13,203251
21081,5.7e-05,172.217.194.0-255,7156,11893,13,203251
21082,6e-05,172.31.36.0-255,66,11959,13,203251
21083,9e-05,172.217.194.0-255,10521,22480,13,203251
21084,9.3e-05,172.31.36.0-255,66,22546,13,203251
21085,0.000122,172.217.194.0-255,1484,24030,13,203251
21086,0.000124,172.31.36.0-255,66,24096,13,203251
21087,0.000148,172.217.194.0-255,6797,30893,13,203251
21088,0.000151,172.31.36.0-255,66,30959,13,203251
21089,0.000158,172.217.194.0-255,8574,39533,13,203251
21090,0.00016,172.31.36.0-255,66,39599,13,203251
21091,0.000189,172.217.194.0-255,1484,41083,13,203251
21092,0.000191,172.31.36.0-255,66,41149,13,203251
21093,0.000216,172.217.194.0-255,6797,47946,13,203251
21094,0.000219,172.31.36.0-255,66,48012,13,203251
21095,0.000266,172.217.194.0-255,1484,49496,13,203251
21096,0.000269,172.31.36.0-255,66,49562,13,203251
21097,0.000273,172.217.194.0-255,2902,52464,13,203251
21098,0.000275,172.31.36.0-255,66,52530,13,203251
21099,0.000291,172.217.194.0-255,5738,58268,13,203251
21100,0.000296,172.31.36.0-255,66,58334,13,203251
21101,0.000335,172.217.194.0-255,5738,64072,13,203251
21102,0.000338,172.31.36.0-255,66,64138,13,203251
21103,0.000349,172.217.194.0-255,1707,65845,13,203251
21104,0.000354,172.31.36.0-255,66,65911,13,203251
21105,0.000509,172.217.194.0-255,1484,67395,13,203251
21106,0.000514,172.31.36.0-255,66,67461,13,203251
21107,0.000527,172.217.194.0-255,2902,70363,13,203251
21108,0.000532,172.31.36.0-255,66,70429,13,203251
21109,0.000553,172.217.194.0-255,4320,74749,13,203251
21110,0.000564,172.217.194.0-255,1484,76233,13,203251
21111,0.000564,172.31.36.0-255,66,76299,13,203251
21112,0.000576,172.217.194.0-255,2902,79201,13,203251
21113,0.000589,172.31.36.0-255,66,79267,13,203251
21114,0.000592,172.217.194.0-255,3961,83228,13,203251
21115,0.0006,172.31.36.0-255,66,83294,13,203251
21116,0.000619,172.217.194.0-255,5738,89032,13,203251
21117,0.000621,172.31.36.0-255,66,89098,13,203251
21118,0.000643,172.217.194.0-255,1484,90582,13,203251
21119,0.000647,172.217.194.0-255,2902,93484,13,203251
21120,0.000652,172.31.36.0-255,66,93550,13,203251
21121,0.000687,172.217.194.0-255,4320,97870,13,203251
21122,0.000694,172.31.36.0-255,66,97936,13,203251
21123,0.000705,172.217.194.0-255,2543,100479,13,203251
21124,0.00071,172.31.36.0-255,66,100545,13,203251
21125,0.001511,172.217.194.0-255,1484,102029,13,203251
21126,0.00152,172.217.194.0-255,2902,104931,13,203251
21127,0.001524,172.31.36.0-255,66,104997,13,203251
21128,0.001544,172.217.194.0-255,5738,110735,13,203251
21129,0.001553,172.217.194.0-255,2902,113637,13,203251
21130,0.001563,172.217.194.0-255,1484,115121,13,203251
21131,0.001575,172.217.194.0-255,1484,116605,13,203251
21132,0.001598,172.217.194.0-255,9992,126597,13,203251
21133,0.001615,172.217.194.0-255,1484,128081,13,203251
21134,0.001633,172.217.194.0-255,6438,134519,13,203251
21135,0.002055,172.217.194.0-255,1484,136003,13,203251
21136,0.002071,172.217.194.0-255,2902,138905,13,203251
21137,0.002077,172.217.194.0-255,5738,144643,13,203251
21138,0.002091,172.217.194.0-255,2902,147545,13,203251
21139,0.002104,172.217.194.0-255,7156,154701,13,203251
21140,0.002115,172.217.194.0-255,2902,157603,13,203251
21141,0.002119,172.217.194.0-255,2902,160505,13,203251
21142,0.002143,172.217.194.0-255,7856,168361,13,203251
21143,0.00548,172.31.36.0-255,66,168427,13,203251
21144,0.00771,172.217.194.0-255,5738,174165,13,203251
21145,0.007718,172.31.36.0-255,66,174231,13,203251
21146,0.009978,172.217.194.0-255,5738,179969,13,203251
21147,0.009986,172.31.36.0-255,66,180035,13,203251
21148,0.012227,172.217.194.0-255,5738,185773,13,203251
21149,0.013163,172.31.36.0-255,66,185839,13,203251
21150,0.015381,172.217.194.0-255,5738,191577,13,203251
21151,0.015391,172.31.36.0-255,66,191643,13,203251
21152,0.017632,172.217.194.0-255,5738,197381,13,203251
21153,0.01764,172.31.36.0-255,66,197447,13,203251
21154,0.019886,172.217.194.0-255,5738,203185,13,203251
21155,0.019894,172.31.36.0-255,66,203251,13,203251
21156,0.0,172.217.194.0-255,143,143,13,234699
21157,2.1e-05,172.31.36.0-255,66,209,13,234699
21158,2.9e-05,172.217.194.0-255,1484,1693,13,234699
21159,3.3e-05,172.31.36.0-255,66,1759,13,234699
21160,4.7e-05,172.217.194.0-255,2902,4661,13,234699
21161,5.1e-05,172.31.36.0-255,66,4727,13,234699
21162,5.9e-05,172.217.194.0-255,7156,11883,13,234699
21163,6.3e-05,172.31.36.0-255,66,11949,13,234699
21164,6.7e-05,172.217.194.0-255,2041,13990,13,234699
21165,7.1e-05,172.31.36.0-255,66,14056,13,234699
21166,0.000101,172.217.194.0-255,1484,15540,13,234699
21167,0.000104,172.31.36.0-255,66,15606,13,234699
21168,0.00011,172.217.194.0-255,2902,18508,13,234699
21169,0.000113,172.31.36.0-255,66,18574,13,234699
21170,0.00012,172.217.194.0-255,5738,24312,13,234699
21171,0.000123,172.31.36.0-255,66,24378,13,234699
21172,0.000151,172.217.194.0-255,6797,31175,13,234699
21173,0.000154,172.31.36.0-255,66,31241,13,234699
21174,0.00022,172.217.194.0-255,1484,32725,13,234699
21175,0.000223,172.31.36.0-255,66,32791,13,234699
21176,0.000228,172.217.194.0-255,2902,35693,13,234699
21177,0.00023,172.31.36.0-255,66,35759,13,234699
21178,0.000247,172.217.194.0-255,2902,38661,13,234699
21179,0.00025,172.31.36.0-255,66,38727,13,234699
21180,0.000274,172.217.194.0-255,2902,41629,13,234699
21181,0.000276,172.31.36.0-255,66,41695,13,234699
21182,0.000284,172.217.194.0-255,6797,48492,13,234699
21183,0.000286,172.31.36.0-255,66,48558,13,234699
21184,0.000293,172.217.194.0-255,5738,54296,13,234699
21185,0.000295,172.31.36.0-255,66,54362,13,234699
21186,0.000333,172.217.194.0-255,8574,62936,13,234699
21187,0.000336,172.31.36.0-255,66,63002,13,234699
21188,0.00034,172.217.194.0-255,2832,65834,13,234699
21189,0.000341,172.31.36.0-255,66,65900,13,234699
21190,0.000436,172.217.194.0-255,367,66267,13,234699
21191,0.000696,172.217.194.0-255,1484,67751,13,234699
21192,0.000702,172.31.36.0-255,66,67817,13,234699
21193,0.000709,172.217.194.0-255,2902,70719,13,234699
21194,0.000712,172.31.36.0-255,66,70785,13,234699
21195,0.000723,172.217.194.0-255,5738,76523,13,234699
21196,0.000726,172.31.36.0-255,66,76589,13,234699
21197,0.000772,172.31.36.0-255,66,76655,13,234699
21198,0.000779,172.217.194.0-255,7156,83811,13,234699
21199,0.000781,172.31.36.0-255,66,83877,13,234699
21200,0.00081,172.217.194.0-255,3602,87479,13,234699
21201,0.000813,172.31.36.0-255,66,87545,13,234699
21202,0.000915,172.217.194.0-255,1484,89029,13,234699
21203,0.00093,172.217.194.0-255,2902,91931,13,234699
21204,0.000934,172.31.36.0-255,66,91997,13,234699
21205,0.000941,172.217.194.0-255,5738,97735,13,234699
21206,0.000943,172.31.36.0-255,66,97801,13,234699
21207,0.000972,172.31.36.0-255,66,97867,13,234699
21208,0.001011,172.217.194.0-255,4320,102187,13,234699
21209,0.001014,172.31.36.0-255,66,102253,13,234699
21210,0.001045,172.217.194.0-255,6438,108691,13,234699
21211,0.001048,172.31.36.0-255,66,108757,13,234699
21212,0.001348,172.217.194.0-255,1484,110241,13,234699
21213,0.001356,172.217.194.0-255,2902,113143,13,234699
21214,0.001361,172.31.36.0-255,66,113209,13,234699
21215,0.001368,172.217.194.0-255,5738,118947,13,234699
21216,0.001371,172.31.36.0-255,66,119013,13,234699
21217,0.001415,172.31.36.0-255,66,119079,13,234699
21218,0.001456,172.217.194.0-255,2902,121981,13,234699
21219,0.001459,172.31.36.0-255,66,122047,13,234699
21220,0.001477,172.217.194.0-255,7856,129903,13,234699
21221,0.001483,172.31.36.0-255,66,129969,13,234699
21222,0.001487,172.217.194.0-255,2902,132871,13,234699
21223,0.001489,172.31.36.0-255,66,132937,13,234699
21224,0.001494,172.217.194.0-255,4320,137257,13,234699
21225,0.001497,172.31.36.0-255,66,137323,13,234699
21226,0.001505,172.217.194.0-255,8574,145897,13,234699
21227,0.001507,172.31.36.0-255,66,145963,13,234699
21228,0.001555,172.31.36.0-255,66,146029,13,234699
21229,0.001588,172.217.194.0-255,1484,147513,13,234699
21230,0.001593,172.217.194.0-255,2902,150415,13,234699
21231,0.001595,172.31.36.0-255,66,150481,13,234699
21232,0.001599,172.217.194.0-255,1484,151965,13,234699
21233,0.001621,172.217.194.0-255,4320,156285,13,234699
21234,0.001624,172.31.36.0-255,66,156351,13,234699
21235,0.00163,172.217.194.0-255,5738,162089,13,234699
21236,0.001633,172.31.36.0-255,66,162155,13,234699
21237,0.001638,172.217.194.0-255,4320,166475,13,234699
21238,0.00164,172.31.36.0-255,66,166541,13,234699
21239,0.001672,172.217.194.0-255,8574,175115,13,234699
21240,0.001675,172.31.36.0-255,66,175181,13,234699
21241,0.001681,172.217.194.0-255,5020,180201,13,234699
21242,0.001683,172.31.36.0-255,66,180267,13,234699
21243,0.001763,172.217.194.0-255,1484,181751,13,234699
21244,0.001769,172.217.194.0-255,2902,184653,13,234699
21245,0.001772,172.31.36.0-255,66,184719,13,234699
21246,0.001792,172.217.194.0-255,5738,190457,13,234699
21247,0.001795,172.31.36.0-255,66,190523,13,234699
21248,0.001853,172.31.36.0-255,66,190589,13,234699
21249,0.001861,172.217.194.0-255,8574,199163,13,234699
21250,0.001864,172.31.36.0-255,66,199229,13,234699
21251,0.001899,172.217.194.0-255,2184,201413,13,234699
21252,0.001901,172.31.36.0-255,66,201479,13,234699
21253,0.001905,172.217.194.0-255,2902,204381,13,234699
21254,0.001907,172.31.36.0-255,66,204447,13,234699
21255,0.001914,172.217.194.0-255,5738,210185,13,234699
21256,0.001921,172.31.36.0-255,66,210251,13,234699
21257,0.001954,172.217.194.0-255,1484,211735,13,234699
21258,0.001964,172.217.194.0-255,9992,221727,13,234699
21259,0.001968,172.31.36.0-255,66,221793,13,234699
21260,0.001971,172.217.194.0-255,1484,223277,13,234699
21261,0.002017,172.31.36.0-255,66,223343,13,234699
21262,0.002034,172.31.36.0-255,66,223409,13,234699
21263,0.002063,172.217.194.0-255,9992,233401,13,234699
21264,0.002066,172.31.36.0-255,66,233467,13,234699
21265,0.002137,172.217.194.0-255,890,234357,13,234699
21266,0.002194,172.217.194.0-255,105,234462,13,234699
21267,0.005312,172.31.36.0-255,66,234528,13,234699
21268,0.008113,172.31.36.0-255,105,234633,13,234699
21269,0.010389,172.217.194.0-255,66,234699,13,234699
21270,0.0,74.125.200.0-255,152,152,13,175585
21271,3.9e-05,172.31.36.0-255,66,218,13,175585
21272,4.6e-05,74.125.200.0-255,1484,1702,13,175585
21273,5.1e-05,172.31.36.0-255,66,1768,13,175585
21274,5.6e-05,74.125.200.0-255,2902,4670,13,175585
21275,5.8e-05,172.31.36.0-255,66,4736,13,175585
21276,6.6e-05,74.125.200.0-255,7156,11892,13,175585
21277,6.9e-05,172.31.36.0-255,66,11958,13,175585
21278,7.4e-05,74.125.200.0-255,2058,14016,13,175585
21279,7.6e-05,172.31.36.0-255,66,14082,13,175585
21280,7.9e-05,74.125.200.0-255,1484,15566,13,175585
21281,8.1e-05,172.31.36.0-255,66,15632,13,175585
21282,0.000112,74.125.200.0-255,2902,18534,13,175585
21283,0.000115,172.31.36.0-255,66,18600,13,175585
21284,0.000127,74.125.200.0-255,5738,24338,13,175585
21285,0.00013,172.31.36.0-255,66,24404,13,175585
21286,0.000137,74.125.200.0-255,6797,31201,13,175585
21287,0.000139,172.31.36.0-255,66,31267,13,175585
21288,0.000188,74.125.200.0-255,1484,32751,13,175585
21289,0.000191,172.31.36.0-255,66,32817,13,175585
21290,0.00022,74.125.200.0-255,2902,35719,13,175585
21291,0.000222,172.31.36.0-255,66,35785,13,175585
21292,0.000229,74.125.200.0-255,5738,41523,13,175585
21293,0.000232,172.31.36.0-255,66,41589,13,175585
21294,0.000245,74.125.200.0-255,6797,48386,13,175585
21295,0.000248,172.31.36.0-255,66,48452,13,175585
21296,0.001066,74.125.200.0-255,1484,49936,13,175585
21297,0.001073,172.31.36.0-255,66,50002,13,175585
21298,0.001082,74.125.200.0-255,2902,52904,13,175585
21299,0.001085,172.31.36.0-255,66,52970,13,175585
21300,0.001098,74.125.200.0-255,5738,58708,13,175585
21301,0.0011,172.31.36.0-255,66,58774,13,175585
21302,0.001105,74.125.200.0-255,2902,61676,13,175585
21303,0.001107,172.31.36.0-255,66,61742,13,175585
21304,0.001112,74.125.200.0-255,3961,65703,13,175585
21305,0.001113,172.31.36.0-255,66,65769,13,175585
21306,0.001154,74.125.200.0-255,8574,74343,13,175585
21307,0.001158,172.31.36.0-255,66,74409,13,175585
21308,0.001194,74.125.200.0-255,2902,77311,13,175585
21309,0.001197,172.31.36.0-255,66,77377,13,175585
21310,0.001228,74.125.200.0-255,5379,82756,13,175585
21311,0.001233,172.31.36.0-255,66,82822,13,175585
21312,0.001241,74.125.200.0-255,8574,91396,13,175585
21313,0.001243,172.31.36.0-255,66,91462,13,175585
21314,0.001255,74.125.200.0-255,5738,97200,13,175585
21315,0.001257,172.31.36.0-255,66,97266,13,175585
21316,0.00128,74.125.200.0-255,3123,100389,13,175585
21317,0.001287,172.31.36.0-255,66,100455,13,175585
21318,0.002107,74.125.200.0-255,1484,101939,13,175585
21319,0.00213,74.125.200.0-255,2902,104841,13,175585
21320,0.002133,172.31.36.0-255,66,104907,13,175585
21321,0.002136,74.125.200.0-255,1484,106391,13,175585
21322,0.002152,74.125.200.0-255,4320,110711,13,175585
21323,0.002153,172.31.36.0-255,66,110777,13,175585
21324,0.002156,74.125.200.0-255,1484,112261,13,175585
21325,0.002158,74.125.200.0-255,1484,113745,13,175585
21326,0.00216,172.31.36.0-255,66,113811,13,175585
21327,0.002183,74.125.200.0-255,1484,115295,13,175585
21328,0.002188,74.125.200.0-255,5738,121033,13,175585
21329,0.00219,172.31.36.0-255,66,121099,13,175585
21330,0.002214,74.125.200.0-255,2902,124001,13,175585
21331,0.002216,172.31.36.0-255,66,124067,13,175585
21332,0.002241,74.125.200.0-255,8574,132641,13,175585
21333,0.002243,172.31.36.0-255,66,132707,13,175585
21334,0.002254,74.125.200.0-255,2184,134891,13,175585
21335,0.002261,172.31.36.0-255,66,134957,13,175585
21336,0.004499,74.125.200.0-255,5738,140695,13,175585
21337,0.004503,172.31.36.0-255,66,140761,13,175585
21338,0.006777,74.125.200.0-255,5738,146499,13,175585
21339,0.006783,172.31.36.0-255,66,146565,13,175585
21340,0.009053,74.125.200.0-255,5738,152303,13,175585
21341,0.009063,172.31.36.0-255,66,152369,13,175585
21342,0.011329,74.125.200.0-255,5738,158107,13,175585
21343,0.01134,172.31.36.0-255,66,158173,13,175585
21344,0.013601,74.125.200.0-255,5738,163911,13,175585
21345,0.013612,172.31.36.0-255,66,163977,13,175585
21346,0.015874,74.125.200.0-255,5738,169715,13,175585
21347,0.015882,172.31.36.0-255,66,169781,13,175585
21348,0.018141,74.125.200.0-255,5738,175519,13,175585
21349,0.018148,172.31.36.0-255,66,175585,13,175585
21350,0.0,172.217.194.0-255,153,153,13,285357
21351,2.3e-05,172.31.36.0-255,66,219,13,285357
21352,3.1e-05,172.217.194.0-255,1484,1703,13,285357
21353,3.5e-05,172.31.36.0-255,66,1769,13,285357
21354,4.2e-05,172.217.194.0-255,2902,4671,13,285357
21355,4.6e-05,172.31.36.0-255,66,4737,13,285357
21356,5e-05,172.217.194.0-255,2902,7639,13,285357
21357,5.3e-05,172.31.36.0-255,66,7705,13,285357
21358,6.5e-05,172.217.194.0-255,10494,18199,13,285357
21359,6.8e-05,172.31.36.0-255,66,18265,13,285357
21360,7.6e-05,172.217.194.0-255,7156,25421,13,285357
21361,7.9e-05,172.31.36.0-255,66,25487,13,285357
21362,0.000107,172.217.194.0-255,5379,30866,13,285357
21363,0.00011,172.31.36.0-255,66,30932,13,285357
21364,0.000127,172.217.194.0-255,1484,32416,13,285357
21365,0.000129,172.31.36.0-255,66,32482,13,285357
21366,0.00015,172.217.194.0-255,2902,35384,13,285357
21367,0.000152,172.31.36.0-255,66,35450,13,285357
21368,0.000156,172.217.194.0-255,1484,36934,13,285357
21369,0.000158,172.31.36.0-255,66,37000,13,285357
21370,0.000183,172.217.194.0-255,4320,41320,13,285357
21371,0.000186,172.31.36.0-255,66,41386,13,285357
21372,0.000192,172.217.194.0-255,5738,47124,13,285357
21373,0.000194,172.31.36.0-255,66,47190,13,285357
21374,0.000241,172.217.194.0-255,1125,48315,13,285357
21375,0.000244,172.31.36.0-255,66,48381,13,285357
21376,0.000598,172.217.194.0-255,1484,49865,13,285357
21377,0.000604,172.31.36.0-255,66,49931,13,285357
21378,0.000609,172.217.194.0-255,2902,52833,13,285357
21379,0.000612,172.31.36.0-255,66,52899,13,285357
21380,0.000619,172.217.194.0-255,5738,58637,13,285357
21381,0.000622,172.31.36.0-255,66,58703,13,285357
21382,0.000669,172.217.194.0-255,6797,65500,13,285357
21383,0.000672,172.31.36.0-255,66,65566,13,285357
21384,0.000675,172.217.194.0-255,362,65928,13,285357
21385,0.000702,172.217.194.0-255,381,66309,13,285357
21386,0.001104,172.31.36.0-255,66,66375,13,285357
21387,0.00111,172.217.194.0-255,1484,67859,13,285357
21388,0.001126,172.217.194.0-255,2902,70761,13,285357
21389,0.001129,172.31.36.0-255,66,70827,13,285357
21390,0.001132,172.217.194.0-255,1484,72311,13,285357
21391,0.001135,172.217.194.0-255,1484,73795,13,285357
21392,0.001137,172.31.36.0-255,66,73861,13,285357
21393,0.00116,172.217.194.0-255,4320,78181,13,285357
21394,0.001163,172.31.36.0-255,66,78247,13,285357
21395,0.001182,172.217.194.0-255,5379,83626,13,285357
21396,0.001185,172.31.36.0-255,66,83692,13,285357
21397,0.001214,172.217.194.0-255,5738,89430,13,285357
21398,0.001217,172.31.36.0-255,66,89496,13,285357
21399,0.00125,172.217.194.0-255,4320,93816,13,285357
21400,0.001253,172.31.36.0-255,66,93882,13,285357
21401,0.001276,172.217.194.0-255,6797,100679,13,285357
21402,0.001279,172.31.36.0-255,66,100745,13,285357
21403,0.001316,172.217.194.0-255,1484,102229,13,285357
21404,0.001335,172.217.194.0-255,2902,105131,13,285357
21405,0.001338,172.31.36.0-255,66,105197,13,285357
21406,0.001364,172.217.194.0-255,5738,110935,13,285357
21407,0.001368,172.217.194.0-255,2902,113837,13,285357
21408,0.001372,172.31.36.0-255,66,113903,13,285357
21409,0.001376,172.31.36.0-255,66,113969,13,285357
21410,0.001403,172.217.194.0-255,9992,123961,13,285357
21411,0.001406,172.31.36.0-255,66,124027,13,285357
21412,0.001416,172.217.194.0-255,10692,134719,13,285357
21413,0.001419,172.31.36.0-255,66,134785,13,285357
21414,0.001587,172.217.194.0-255,1484,136269,13,285357
21415,0.001594,172.217.194.0-255,2902,139171,13,285357
21416,0.001598,172.31.36.0-255,66,139237,13,285357
21417,0.001618,172.217.194.0-255,4320,143557,13,285357
21418,0.001621,172.31.36.0-255,66,143623,13,285357
21419,0.001638,172.217.194.0-255,1484,145107,13,285357
21420,0.001653,172.31.36.0-255,66,145173,13,285357
21421,0.001661,172.217.194.0-255,8574,153747,13,285357
21422,0.001664,172.31.36.0-255,66,153813,13,285357
21423,0.001706,172.217.194.0-255,2184,155997,13,285357
21424,0.001709,172.31.36.0-255,66,156063,13,285357
21425,0.002026,172.217.194.0-255,1484,157547,13,285357
21426,0.002033,172.217.194.0-255,2902,160449,13,285357
21427,0.002036,172.31.36.0-255,66,160515,13,285357
21428,0.00204,172.217.194.0-255,1484,161999,13,285357
21429,0.002059,172.217.194.0-255,4320,166319,13,285357
21430,0.002062,172.31.36.0-255,66,166385,13,285357
21431,0.002096,172.31.36.0-255,66,166451,13,285357
21432,0.002101,172.217.194.0-255,2902,169353,13,285357
21433,0.002103,172.31.36.0-255,66,169419,13,285357
21434,0.00212,172.217.194.0-255,7856,177275,13,285357
21435,0.002123,172.31.36.0-255,66,177341,13,285357
21436,0.002154,172.217.194.0-255,1484,178825,13,285357
21437,0.002175,172.217.194.0-255,2902,181727,13,285357
21438,0.002178,172.31.36.0-255,66,181793,13,285357
21439,0.002185,172.217.194.0-255,5738,187531,13,285357
21440,0.002187,172.31.36.0-255,66,187597,13,285357
21441,0.002212,172.217.194.0-255,4320,191917,13,285357
21442,0.002214,172.31.36.0-255,66,191983,13,285357
21443,0.002239,172.217.194.0-255,8574,200557,13,285357
21444,0.002242,172.31.36.0-255,66,200623,13,285357
21445,0.002245,172.217.194.0-255,1484,202107,13,285357
21446,0.002267,172.217.194.0-255,7156,209263,13,285357
21447,0.002271,172.31.36.0-255,66,209329,13,285357
21448,0.00229,172.217.194.0-255,2184,211513,13,285357
21449,0.002293,172.31.36.0-255,66,211579,13,285357
21450,0.00233,172.217.194.0-255,2902,214481,13,285357
21451,0.002332,172.31.36.0-255,66,214547,13,285357
21452,0.002356,172.217.194.0-255,1484,216031,13,285357
21453,0.002363,172.217.194.0-255,5738,221769,13,285357
21454,0.002365,172.31.36.0-255,66,221835,13,285357
21455,0.002395,172.31.36.0-255,66,221901,13,285357
21456,0.002407,172.31.36.0-255,66,221967,13,285357
21457,0.002415,172.217.194.0-255,9992,231959,13,285357
21458,0.002418,172.31.36.0-255,66,232025,13,285357
21459,0.002438,172.217.194.0-255,2902,234927,13,285357
21460,0.002442,172.31.36.0-255,66,234993,13,285357
21461,0.002474,172.31.36.0-255,66,235059,13,285357
21462,0.002489,172.31.36.0-255,66,235125,13,285357
21463,0.002503,172.31.36.0-255,66,235191,13,285357
21464,0.002527,172.217.194.0-255,2902,238093,13,285357
21465,0.00253,172.31.36.0-255,66,238159,13,285357
21466,0.002538,172.217.194.0-255,8574,246733,13,285357
21467,0.002541,172.31.36.0-255,66,246799,13,285357
21468,0.002567,172.217.194.0-255,3602,250401,13,285357
21469,0.00257,172.31.36.0-255,66,250467,13,285357
21470,0.005156,172.217.194.0-255,1484,251951,13,285357
21471,0.005196,172.217.194.0-255,4320,256271,13,285357
21472,0.005203,172.31.36.0-255,66,256337,13,285357
21473,0.007824,172.217.194.0-255,5738,262075,13,285357
21474,0.007832,172.31.36.0-255,66,262141,13,285357
21475,0.010453,172.217.194.0-255,5738,267879,13,285357
21476,0.01046,172.31.36.0-255,66,267945,13,285357
21477,0.013051,172.217.194.0-255,5738,273683,13,285357
21478,0.01306,172.31.36.0-255,66,273749,13,285357
21479,0.015667,172.217.194.0-255,5738,279487,13,285357
21480,0.015676,172.31.36.0-255,66,279553,13,285357
21481,0.018293,172.217.194.0-255,5738,285291,13,285357
21482,0.018301,172.31.36.0-255,66,285357,13,285357
21483,0.0,74.125.130.0-255,578,578,13,128075
21484,1.4e-05,74.125.130.0-255,1484,2062,13,128075
21485,2.3e-05,172.31.36.0-255,66,2128,13,128075
21486,3.3e-05,74.125.130.0-255,4320,6448,13,128075
21487,3.6e-05,172.31.36.0-255,66,6514,13,128075
21488,0.000179,74.125.130.0-255,5738,12252,13,128075
21489,0.000184,172.31.36.0-255,66,12318,13,128075
21490,0.000418,74.125.130.0-255,1880,14198,13,128075
21491,0.000423,172.31.36.0-255,66,14264,13,128075
21492,0.000483,74.125.130.0-255,2902,17166,13,128075
21493,0.000487,172.31.36.0-255,66,17232,13,128075
21494,0.000514,74.125.130.0-255,7156,24388,13,128075
21495,0.000517,172.31.36.0-255,66,24454,13,128075
21496,0.0009,74.125.130.0-255,5738,30192,13,128075
21497,0.000906,172.31.36.0-255,66,30258,13,128075
21498,0.002133,172.31.36.0-255,66,30324,13,128075
21499,0.002383,74.125.130.0-255,2902,33226,13,128075
21500,0.002389,172.31.36.0-255,66,33292,13,128075
21501,0.002407,74.125.130.0-255,1484,34776,13,128075
21502,0.002596,74.125.130.0-255,5738,40514,13,128075
21503,0.003312,74.125.130.0-255,2902,43416,13,128075
21504,0.003939,74.125.130.0-255,7156,50572,13,128075
21505,0.004204,74.125.130.0-255,7156,57728,13,128075
21506,0.004225,74.125.130.0-255,4320,62048,13,128075
21507,0.004458,74.125.130.0-255,4320,66368,13,128075
21508,0.006329,172.31.36.0-255,66,66434,13,128075
21509,0.008432,172.31.36.0-255,66,66500,13,128075
21510,0.008454,74.125.130.0-255,5738,72238,13,128075
21511,0.008457,172.31.36.0-255,66,72304,13,128075
21512,0.008558,74.125.130.0-255,5738,78042,13,128075
21513,0.008563,172.31.36.0-255,66,78108,13,128075
21514,0.008626,172.31.36.0-255,66,78174,13,128075
21515,0.0089,74.125.130.0-255,8574,86748,13,128075
21516,0.008905,172.31.36.0-255,66,86814,13,128075
21517,0.008959,172.31.36.0-255,66,86880,13,128075
21518,0.009739,74.125.130.0-255,9992,96872,13,128075
21519,0.009744,172.31.36.0-255,66,96938,13,128075
21520,0.009781,172.31.36.0-255,66,97004,13,128075
21521,0.010508,74.125.130.0-255,5738,102742,13,128075
21522,0.010514,172.31.36.0-255,66,102808,13,128075
21523,0.010553,172.31.36.0-255,66,102874,13,128075
21524,0.010693,74.125.130.0-255,4320,107194,13,128075
21525,0.010698,172.31.36.0-255,66,107260,13,128075
21526,0.010736,172.31.36.0-255,66,107326,13,128075
21527,0.010777,172.31.36.0-255,66,107392,13,128075
21528,0.010797,74.125.130.0-255,7156,114548,13,128075
21529,0.0108,172.31.36.0-255,66,114614,13,128075
21530,0.011578,74.125.130.0-255,2902,117516,13,128075
21531,0.011584,172.31.36.0-255,66,117582,13,128075
21532,0.011622,172.31.36.0-255,66,117648,13,128075
21533,0.011651,172.31.36.0-255,66,117714,13,128075
21534,0.011698,74.125.130.0-255,9992,127706,13,128075
21535,0.011701,172.31.36.0-255,66,127772,13,128075
21536,0.012476,172.31.36.0-255,66,127838,13,128075
21537,0.012513,172.31.36.0-255,66,127904,13,128075
21538,0.012837,172.31.36.0-255,105,128009,13,128075
21539,0.01855,74.125.130.0-255,66,128075,13,128075
21540,0.0,216.58.221.0-255,153,153,13,231274
21541,2.8e-05,172.31.36.0-255,66,219,13,231274
21542,3.5e-05,216.58.221.0-255,1484,1703,13,231274
21543,3.9e-05,172.31.36.0-255,66,1769,13,231274
21544,4.4e-05,216.58.221.0-255,2902,4671,13,231274
21545,4.7e-05,172.31.36.0-255,66,4737,13,231274
21546,6.2e-05,216.58.221.0-255,5738,10475,13,231274
21547,6.6e-05,172.31.36.0-255,66,10541,13,231274
21548,0.0001,216.58.221.0-255,6300,16841,13,231274
21549,0.000103,172.31.36.0-255,66,16907,13,231274
21550,0.000109,216.58.221.0-255,7156,24063,13,231274
21551,0.000111,172.31.36.0-255,66,24129,13,231274
21552,0.000116,216.58.221.0-255,2902,27031,13,231274
21553,0.000118,172.31.36.0-255,66,27097,13,231274
21554,0.000168,172.31.36.0-255,66,27163,13,231274
21555,0.000178,216.58.221.0-255,7856,35019,13,231274
21556,0.00018,172.31.36.0-255,66,35085,13,231274
21557,0.000188,216.58.221.0-255,8574,43659,13,231274
21558,0.00019,172.31.36.0-255,66,43725,13,231274
21559,0.000194,216.58.221.0-255,2902,46627,13,231274
21560,0.000196,172.31.36.0-255,66,46693,13,231274
21561,0.000256,216.58.221.0-255,5672,52365,13,231274
21562,0.00026,172.31.36.0-255,66,52431,13,231274
21563,0.000813,216.58.221.0-255,132,52563,13,231274
21564,0.000817,172.31.36.0-255,66,52629,13,231274
21565,0.001255,216.58.221.0-255,1484,54113,13,231274
21566,0.001261,172.31.36.0-255,66,54179,13,231274
21567,0.001272,216.58.221.0-255,2902,57081,13,231274
21568,0.001274,172.31.36.0-255,66,57147,13,231274
21569,0.001288,216.58.221.0-255,5738,62885,13,231274
21570,0.00129,172.31.36.0-255,66,62951,13,231274
21571,0.001296,216.58.221.0-255,4320,67271,13,231274
21572,0.001298,172.31.36.0-255,66,67337,13,231274
21573,0.00133,216.58.221.0-255,8574,75911,13,231274
21574,0.001332,172.31.36.0-255,66,75977,13,231274
21575,0.001373,216.58.221.0-255,10692,86669,13,231274
21576,0.001377,172.31.36.0-255,66,86735,13,231274
21577,0.001407,216.58.221.0-255,7156,93891,13,231274
21578,0.00141,172.31.36.0-255,66,93957,13,231274
21579,0.001417,216.58.221.0-255,5738,99695,13,231274
21580,0.001419,172.31.36.0-255,66,99761,13,231274
21581,0.001442,216.58.221.0-255,2902,102663,13,231274
21582,0.001444,172.31.36.0-255,66,102729,13,231274
21583,0.001452,216.58.221.0-255,5738,108467,13,231274
21584,0.001455,172.31.36.0-255,66,108533,13,231274
21585,0.001501,172.31.36.0-255,66,108599,13,231274
21586,0.001504,216.58.221.0-255,766,109365,13,231274
21587,0.001522,172.31.36.0-255,66,109431,13,231274
21588,0.001528,216.58.221.0-255,5738,115169,13,231274
21589,0.001529,172.31.36.0-255,66,115235,13,231274
21590,0.001573,216.58.221.0-255,5738,120973,13,231274
21591,0.001577,172.31.36.0-255,66,121039,13,231274
21592,0.001603,216.58.221.0-255,2184,123223,13,231274
21593,0.001606,172.31.36.0-255,66,123289,13,231274
21594,0.001643,216.58.221.0-255,1484,124773,13,231274
21595,0.001658,216.58.221.0-255,2902,127675,13,231274
21596,0.001662,172.31.36.0-255,66,127741,13,231274
21597,0.001691,216.58.221.0-255,5738,133479,13,231274
21598,0.001696,172.31.36.0-255,66,133545,13,231274
21599,0.001738,172.31.36.0-255,66,133611,13,231274
21600,0.001761,216.58.221.0-255,1484,135095,13,231274
21601,0.00178,216.58.221.0-255,7156,142251,13,231274
21602,0.001783,172.31.36.0-255,66,142317,13,231274
21603,0.001807,216.58.221.0-255,2184,144501,13,231274
21604,0.00181,172.31.36.0-255,66,144567,13,231274
21605,0.00186,216.58.221.0-255,1484,146051,13,231274
21606,0.001863,216.58.221.0-255,1484,147535,13,231274
21607,0.001865,172.31.36.0-255,66,147601,13,231274
21608,0.001888,216.58.221.0-255,1484,149085,13,231274
21609,0.001905,216.58.221.0-255,4320,153405,13,231274
21610,0.001907,172.31.36.0-255,66,153471,13,231274
21611,0.001929,216.58.221.0-255,5738,159209,13,231274
21612,0.001932,172.31.36.0-255,66,159275,13,231274
21613,0.001975,216.58.221.0-255,9992,169267,13,231274
21614,0.001978,172.31.36.0-255,66,169333,13,231274
21615,0.002017,216.58.221.0-255,5738,175071,13,231274
21616,0.002019,172.31.36.0-255,66,175137,13,231274
21617,0.002035,216.58.221.0-255,3602,178739,13,231274
21618,0.002038,172.31.36.0-255,66,178805,13,231274
21619,0.003986,216.58.221.0-255,1484,180289,13,231274
21620,0.004043,216.58.221.0-255,4320,184609,13,231274
21621,0.004049,172.31.36.0-255,66,184675,13,231274
21622,0.004646,172.31.36.0-255,101,184776,13,231274
21623,0.006044,216.58.221.0-255,5738,190514,13,231274
21624,0.00605,172.31.36.0-255,66,190580,13,231274
21625,0.006578,216.58.221.0-255,66,190646,13,231274
21626,0.008022,216.58.221.0-255,5738,196384,13,231274
21627,0.008028,172.31.36.0-255,66,196450,13,231274
21628,0.010009,216.58.221.0-255,5738,202188,13,231274
21629,0.010015,172.31.36.0-255,66,202254,13,231274
21630,0.012001,216.58.221.0-255,5738,207992,13,231274
21631,0.012007,172.31.36.0-255,66,208058,13,231274
21632,0.014,216.58.221.0-255,5738,213796,13,231274
21633,0.014007,172.31.36.0-255,66,213862,13,231274
21634,0.015993,216.58.221.0-255,5738,219600,13,231274
21635,0.015999,172.31.36.0-255,66,219666,13,231274
21636,0.017973,216.58.221.0-255,5738,225404,13,231274
21637,0.01798,172.31.36.0-255,66,225470,13,231274
21638,0.019971,216.58.221.0-255,5738,231208,13,231274
21639,0.019983,172.31.36.0-255,66,231274,13,231274
21640,0.0,172.217.194.0-255,296,296,13,331991
21641,3.2e-05,172.31.36.0-255,66,362,13,331991
21642,3.8e-05,172.217.194.0-255,1484,1846,13,331991
21643,4.2e-05,172.31.36.0-255,66,1912,13,331991
21644,4.7e-05,172.217.194.0-255,2902,4814,13,331991
21645,5e-05,172.31.36.0-255,66,4880,13,331991
21646,5.6e-05,172.217.194.0-255,5738,10618,13,331991
21647,6e-05,172.31.36.0-255,66,10684,13,331991
21648,6.4e-05,172.217.194.0-255,3293,13977,13,331991
21649,6.6e-05,172.31.36.0-255,66,14043,13,331991
21650,0.000109,172.217.194.0-255,4320,18363,13,331991
21651,0.000112,172.31.36.0-255,66,18429,13,331991
21652,0.000117,172.217.194.0-255,4320,22749,13,331991
21653,0.00012,172.31.36.0-255,66,22815,13,331991
21654,0.000136,172.217.194.0-255,5738,28553,13,331991
21655,0.000139,172.31.36.0-255,66,28619,13,331991
21656,0.000168,172.217.194.0-255,2543,31162,13,331991
21657,0.00017,172.31.36.0-255,66,31228,13,331991
21658,0.000229,172.217.194.0-255,1484,32712,13,331991
21659,0.000232,172.31.36.0-255,66,32778,13,331991
21660,0.000238,172.217.194.0-255,2902,35680,13,331991
21661,0.00024,172.31.36.0-255,66,35746,13,331991
21662,0.000245,172.217.194.0-255,4320,40066,13,331991
21663,0.000248,172.31.36.0-255,66,40132,13,331991
21664,0.000276,172.217.194.0-255,1484,41616,13,331991
21665,0.000279,172.31.36.0-255,66,41682,13,331991
21666,0.000286,172.217.194.0-255,6797,48479,13,331991
21667,0.000289,172.31.36.0-255,66,48545,13,331991
21668,0.000584,172.217.194.0-255,1484,50029,13,331991
21669,0.000588,172.31.36.0-255,66,50095,13,331991
21670,0.000594,172.217.194.0-255,2902,52997,13,331991
21671,0.000595,172.31.36.0-255,66,53063,13,331991
21672,0.0006,172.217.194.0-255,2902,55965,13,331991
21673,0.000604,172.31.36.0-255,66,56031,13,331991
21674,0.000613,172.217.194.0-255,2902,58933,13,331991
21675,0.000616,172.31.36.0-255,66,58999,13,331991
21676,0.000619,172.217.194.0-255,1484,60483,13,331991
21677,0.000646,172.217.194.0-255,5379,65862,13,331991
21678,0.000649,172.31.36.0-255,66,65928,13,331991
21679,0.000716,172.217.194.0-255,646,66574,13,331991
21680,0.000747,172.31.36.0-255,66,66640,13,331991
21681,0.000751,172.217.194.0-255,1484,68124,13,331991
21682,0.000766,172.217.194.0-255,4320,72444,13,331991
21683,0.000769,172.31.36.0-255,66,72510,13,331991
21684,0.00079,172.217.194.0-255,1484,73994,13,331991
21685,0.000806,172.217.194.0-255,5738,79732,13,331991
21686,0.000809,172.31.36.0-255,66,79798,13,331991
21687,0.000824,172.217.194.0-255,2902,82700,13,331991
21688,0.000827,172.31.36.0-255,66,82766,13,331991
21689,0.000852,172.31.36.0-255,66,82832,13,331991
21690,0.000883,172.217.194.0-255,1484,84316,13,331991
21691,0.000903,172.217.194.0-255,3602,87918,13,331991
21692,0.000906,172.31.36.0-255,66,87984,13,331991
21693,0.001008,172.217.194.0-255,1484,89468,13,331991
21694,0.001013,172.217.194.0-255,2902,92370,13,331991
21695,0.001016,172.31.36.0-255,66,92436,13,331991
21696,0.001035,172.217.194.0-255,5738,98174,13,331991
21697,0.001037,172.31.36.0-255,66,98240,13,331991
21698,0.001059,172.217.194.0-255,4320,102560,13,331991
21699,0.001062,172.31.36.0-255,66,102626,13,331991
21700,0.0011,172.217.194.0-255,7156,109782,13,331991
21701,0.001104,172.31.36.0-255,66,109848,13,331991
21702,0.001121,172.217.194.0-255,4320,114168,13,331991
21703,0.001124,172.31.36.0-255,66,114234,13,331991
21704,0.001132,172.217.194.0-255,7856,122090,13,331991
21705,0.001135,172.31.36.0-255,66,122156,13,331991
21706,0.001155,172.217.194.0-255,1484,123640,13,331991
21707,0.001174,172.217.194.0-255,2902,126542,13,331991
21708,0.001176,172.31.36.0-255,66,126608,13,331991
21709,0.001194,172.217.194.0-255,2902,129510,13,331991
21710,0.001197,172.31.36.0-255,66,129576,13,331991
21711,0.001221,172.217.194.0-255,7156,136732,13,331991
21712,0.001224,172.31.36.0-255,66,136798,13,331991
21713,0.001247,172.217.194.0-255,8574,145372,13,331991
21714,0.001249,172.31.36.0-255,66,145438,13,331991
21715,0.001264,172.217.194.0-255,5738,151176,13,331991
21716,0.001266,172.31.36.0-255,66,151242,13,331991
21717,0.001298,172.217.194.0-255,5020,156262,13,331991
21718,0.001301,172.31.36.0-255,66,156328,13,331991
21719,0.001755,172.217.194.0-255,1484,157812,13,331991
21720,0.001766,172.217.194.0-255,2902,160714,13,331991
21721,0.00177,172.31.36.0-255,66,160780,13,331991
21722,0.001776,172.217.194.0-255,2902,163682,13,331991
21723,0.001778,172.31.36.0-255,66,163748,13,331991
21724,0.001796,172.217.194.0-255,2902,166650,13,331991
21725,0.001799,172.31.36.0-255,66,166716,13,331991
21726,0.001802,172.217.194.0-255,1484,168200,13,331991
21727,0.001817,172.217.194.0-255,2902,171102,13,331991
21728,0.001819,172.31.36.0-255,66,171168,13,331991
21729,0.001827,172.217.194.0-255,7156,178324,13,331991
21730,0.001829,172.31.36.0-255,66,178390,13,331991
21731,0.001848,172.217.194.0-255,4320,182710,13,331991
21732,0.00185,172.31.36.0-255,66,182776,13,331991
21733,0.001856,172.217.194.0-255,4320,187096,13,331991
21734,0.001858,172.31.36.0-255,66,187162,13,331991
21735,0.001877,172.217.194.0-255,3602,190764,13,331991
21736,0.00188,172.31.36.0-255,66,190830,13,331991
21737,0.002138,172.217.194.0-255,1484,192314,13,331991
21738,0.002146,172.217.194.0-255,2902,195216,13,331991
21739,0.00215,172.31.36.0-255,66,195282,13,331991
21740,0.002158,172.217.194.0-255,4320,199602,13,331991
21741,0.002161,172.31.36.0-255,66,199668,13,331991
21742,0.002182,172.217.194.0-255,1484,201152,13,331991
21743,0.002197,172.31.36.0-255,66,201218,13,331991
21744,0.002214,172.217.194.0-255,1484,202702,13,331991
21745,0.002224,172.217.194.0-255,10692,213394,13,331991
21746,0.002226,172.31.36.0-255,66,213460,13,331991
21747,0.00226,172.217.194.0-255,1484,214944,13,331991
21748,0.002271,172.217.194.0-255,1484,216428,13,331991
21749,0.002275,172.31.36.0-255,66,216494,13,331991
21750,0.002295,172.217.194.0-255,1484,217978,13,331991
21751,0.002302,172.217.194.0-255,5738,223716,13,331991
21752,0.002304,172.31.36.0-255,66,223782,13,331991
21753,0.002317,172.217.194.0-255,8574,232356,13,331991
21754,0.00232,172.31.36.0-255,66,232422,13,331991
21755,0.00237,172.217.194.0-255,4320,236742,13,331991
21756,0.002373,172.31.36.0-255,66,236808,13,331991
21757,0.002396,172.217.194.0-255,10692,247500,13,331991
21758,0.0024,172.31.36.0-255,66,247566,13,331991
21759,0.002428,172.217.194.0-255,1484,249050,13,331991
21760,0.002434,172.217.194.0-255,2902,251952,13,331991
21761,0.002436,172.31.36.0-255,66,252018,13,331991
21762,0.002442,172.217.194.0-255,4320,256338,13,331991
21763,0.002444,172.31.36.0-255,66,256404,13,331991
21764,0.002465,172.217.194.0-255,1484,257888,13,331991
21765,0.002473,172.217.194.0-255,8574,266462,13,331991
21766,0.002475,172.31.36.0-255,66,266528,13,331991
21767,0.002499,172.217.194.0-255,4320,270848,13,331991
21768,0.002501,172.31.36.0-255,66,270914,13,331991
21769,0.00251,172.217.194.0-255,9992,280906,13,331991
21770,0.002513,172.31.36.0-255,66,280972,13,331991
21771,0.002515,172.217.194.0-255,766,281738,13,331991
21772,0.002562,172.217.194.0-255,1484,283222,13,331991
21773,0.002564,172.31.36.0-255,66,283288,13,331991
21774,0.002569,172.217.194.0-255,4320,287608,13,331991
21775,0.002572,172.31.36.0-255,66,287674,13,331991
21776,0.002578,172.217.194.0-255,7156,294830,13,331991
21777,0.002581,172.31.36.0-255,66,294896,13,331991
21778,0.002596,172.217.194.0-255,2902,297798,13,331991
21779,0.002598,172.31.36.0-255,66,297864,13,331991
21780,0.002603,172.217.194.0-255,4320,302184,13,331991
21781,0.002605,172.31.36.0-255,66,302250,13,331991
21782,0.002616,172.217.194.0-255,2902,305152,13,331991
21783,0.002618,172.31.36.0-255,66,305218,13,331991
21784,0.002658,172.31.36.0-255,66,305284,13,331991
21785,0.002671,172.31.36.0-255,66,305350,13,331991
21786,0.002679,172.217.194.0-255,9992,315342,13,331991
21787,0.002682,172.31.36.0-255,66,315408,13,331991
21788,0.002685,172.217.194.0-255,1484,316892,13,331991
21789,0.00269,172.217.194.0-255,5020,321912,13,331991
21790,0.002692,172.31.36.0-255,66,321978,13,331991
21791,0.002694,172.217.194.0-255,1484,323462,13,331991
21792,0.002727,172.217.194.0-255,7156,330618,13,331991
21793,0.002742,172.217.194.0-255,1031,331649,13,331991
21794,0.002745,172.217.194.0-255,105,331754,13,331991
21795,0.006873,172.31.36.0-255,66,331820,13,331991
21796,0.008573,172.31.36.0-255,105,331925,13,331991
21797,0.011072,172.217.194.0-255,66,331991,13,331991
21798,0.0,172.217.194.0-255,152,152,13,314340
21799,2.3e-05,172.31.36.0-255,66,218,13,314340
21800,3e-05,172.217.194.0-255,1484,1702,13,314340
21801,3.5e-05,172.31.36.0-255,66,1768,13,314340
21802,4.1e-05,172.217.194.0-255,2902,4670,13,314340
21803,4.3e-05,172.31.36.0-255,66,4736,13,314340
21804,4.8e-05,172.217.194.0-255,2902,7638,13,314340
21805,5.1e-05,172.31.36.0-255,66,7704,13,314340
21806,9.3e-05,172.217.194.0-255,5738,13442,13,314340
21807,9.7e-05,172.31.36.0-255,66,13508,13,314340
21808,0.000116,172.217.194.0-255,2048,15556,13,314340
21809,0.000119,172.31.36.0-255,66,15622,13,314340
21810,0.000127,172.217.194.0-255,8574,24196,13,314340
21811,0.00013,172.31.36.0-255,66,24262,13,314340
21812,0.000146,172.217.194.0-255,1484,25746,13,314340
21813,0.000149,172.31.36.0-255,66,25812,13,314340
21814,0.000177,172.217.194.0-255,5379,31191,13,314340
21815,0.00018,172.31.36.0-255,66,31257,13,314340
21816,0.000245,172.217.194.0-255,1484,32741,13,314340
21817,0.000248,172.31.36.0-255,66,32807,13,314340
21818,0.000264,172.217.194.0-255,2902,35709,13,314340
21819,0.000266,172.31.36.0-255,66,35775,13,314340
21820,0.000293,172.217.194.0-255,5738,41513,13,314340
21821,0.000296,172.31.36.0-255,66,41579,13,314340
21822,0.000315,172.217.194.0-255,4320,45899,13,314340
21823,0.000317,172.31.36.0-255,66,45965,13,314340
21824,0.00034,172.217.194.0-255,2543,48508,13,314340
21825,0.000342,172.31.36.0-255,66,48574,13,314340
21826,0.000815,172.217.194.0-255,1484,50058,13,314340
21827,0.00082,172.31.36.0-255,66,50124,13,314340
21828,0.000825,172.217.194.0-255,1484,51608,13,314340
21829,0.000827,172.31.36.0-255,66,51674,13,314340
21830,0.000841,172.217.194.0-255,1484,53158,13,314340
21831,0.000845,172.217.194.0-255,2902,56060,13,314340
21832,0.00085,172.31.36.0-255,66,56126,13,314340
21833,0.000873,172.217.194.0-255,2902,59028,13,314340
21834,0.000875,172.31.36.0-255,66,59094,13,314340
21835,0.000882,172.217.194.0-255,5738,64832,13,314340
21836,0.000884,172.31.36.0-255,66,64898,13,314340
21837,0.000905,172.217.194.0-255,1125,66023,13,314340
21838,0.00092,172.217.194.0-255,1484,67507,13,314340
21839,0.000924,172.217.194.0-255,2902,70409,13,314340
21840,0.000928,172.31.36.0-255,66,70475,13,314340
21841,0.00093,172.31.36.0-255,66,70541,13,314340
21842,0.000955,172.217.194.0-255,5738,76279,13,314340
21843,0.000959,172.217.194.0-255,2902,79181,13,314340
21844,0.000965,172.31.36.0-255,66,79247,13,314340
21845,0.000973,172.31.36.0-255,66,79313,13,314340
21846,0.000978,172.217.194.0-255,3961,83274,13,314340
21847,0.000981,172.31.36.0-255,66,83340,13,314340
21848,0.000986,172.217.194.0-255,4320,87660,13,314340
21849,0.000988,172.31.36.0-255,66,87726,13,314340
21850,0.001024,172.217.194.0-255,9992,97718,13,314340
21851,0.001028,172.31.36.0-255,66,97784,13,314340
21852,0.001033,172.217.194.0-255,3123,100907,13,314340
21853,0.001036,172.31.36.0-255,66,100973,13,314340
21854,0.001055,172.217.194.0-255,8574,109547,13,314340
21855,0.001058,172.31.36.0-255,66,109613,13,314340
21856,0.001079,172.217.194.0-255,1484,111097,13,314340
21857,0.001104,172.217.194.0-255,6234,117331,13,314340
21858,0.001107,172.31.36.0-255,66,117397,13,314340
21859,0.001136,172.217.194.0-255,7156,124553,13,314340
21860,0.001139,172.31.36.0-255,66,124619,13,314340
21861,0.001145,172.217.194.0-255,5738,130357,13,314340
21862,0.001147,172.31.36.0-255,66,130423,13,314340
21863,0.001174,172.217.194.0-255,7156,137579,13,314340
21864,0.001177,172.31.36.0-255,66,137645,13,314340
21865,0.001202,172.217.194.0-255,7156,144801,13,314340
21866,0.001206,172.31.36.0-255,66,144867,13,314340
21867,0.001225,172.217.194.0-255,4320,149187,13,314340
21868,0.001228,172.31.36.0-255,66,149253,13,314340
21869,0.001231,172.217.194.0-255,1484,150737,13,314340
21870,0.001249,172.217.194.0-255,766,151503,13,314340
21871,0.001251,172.31.36.0-255,66,151569,13,314340
21872,0.001389,172.217.194.0-255,1484,153053,13,314340
21873,0.001407,172.217.194.0-255,2902,155955,13,314340
21874,0.00141,172.31.36.0-255,66,156021,13,314340
21875,0.001415,172.217.194.0-255,2902,158923,13,314340
21876,0.001417,172.31.36.0-255,66,158989,13,314340
21877,0.001431,172.217.194.0-255,2902,161891,13,314340
21878,0.001433,172.31.36.0-255,66,161957,13,314340
21879,0.001458,172.217.194.0-255,7156,169113,13,314340
21880,0.001461,172.31.36.0-255,66,169179,13,314340
21881,0.00149,172.217.194.0-255,5738,174917,13,314340
21882,0.001494,172.31.36.0-255,66,174983,13,314340
21883,0.001502,172.217.194.0-255,8574,183557,13,314340
21884,0.001505,172.31.36.0-255,66,183623,13,314340
21885,0.001524,172.217.194.0-255,2184,185807,13,314340
21886,0.001527,172.31.36.0-255,66,185873,13,314340
21887,0.001876,172.217.194.0-255,1484,187357,13,314340
21888,0.00189,172.217.194.0-255,2902,190259,13,314340
21889,0.001894,172.31.36.0-255,66,190325,13,314340
21890,0.0019,172.217.194.0-255,4320,194645,13,314340
21891,0.001902,172.31.36.0-255,66,194711,13,314340
21892,0.001914,172.217.194.0-255,1484,196195,13,314340
21893,0.001969,172.31.36.0-255,66,196261,13,314340
21894,0.001982,172.31.36.0-255,66,196327,13,314340
21895,0.00225,172.217.194.0-255,1484,197811,13,314340
21896,0.002255,172.217.194.0-255,2902,200713,13,314340
21897,0.00226,172.31.36.0-255,66,200779,13,314340
21898,0.002282,172.217.194.0-255,5738,206517,13,314340
21899,0.002297,172.31.36.0-255,66,206583,13,314340
21900,0.002313,172.31.36.0-255,66,206649,13,314340
21901,0.002359,172.217.194.0-255,4320,210969,13,314340
21902,0.002362,172.31.36.0-255,66,211035,13,314340
21903,0.002389,172.217.194.0-255,6438,217473,13,314340
21904,0.002391,172.31.36.0-255,66,217539,13,314340
21905,0.00245,172.217.194.0-255,1484,219023,13,314340
21906,0.002456,172.217.194.0-255,2902,221925,13,314340
21907,0.002458,172.31.36.0-255,66,221991,13,314340
21908,0.002463,172.217.194.0-255,2902,224893,13,314340
21909,0.002465,172.31.36.0-255,66,224959,13,314340
21910,0.002484,172.217.194.0-255,2902,227861,13,314340
21911,0.002487,172.31.36.0-255,66,227927,13,314340
21912,0.002493,172.217.194.0-255,5738,233665,13,314340
21913,0.002496,172.31.36.0-255,66,233731,13,314340
21914,0.002501,172.217.194.0-255,4320,238051,13,314340
21915,0.002503,172.31.36.0-255,66,238117,13,314340
21916,0.00253,172.217.194.0-255,8574,246691,13,314340
21917,0.002533,172.31.36.0-255,66,246757,13,314340
21918,0.002541,172.217.194.0-255,8574,255331,13,314340
21919,0.002544,172.31.36.0-255,66,255397,13,314340
21920,0.002584,172.217.194.0-255,9274,264671,13,314340
21921,0.002588,172.31.36.0-255,66,264737,13,314340
21922,0.002606,172.31.36.0-255,66,264803,13,314340
21923,0.00262,172.31.36.0-255,66,264869,13,314340
21924,0.002626,172.217.194.0-255,4320,269189,13,314340
21925,0.002628,172.31.36.0-255,66,269255,13,314340
21926,0.002661,172.217.194.0-255,7156,276411,13,314340
21927,0.002665,172.31.36.0-255,66,276477,13,314340
21928,0.002668,172.217.194.0-255,1484,277961,13,314340
21929,0.002672,172.217.194.0-255,2902,280863,13,314340
21930,0.002675,172.31.36.0-255,66,280929,13,314340
21931,0.002679,172.217.194.0-255,2902,283831,13,314340
21932,0.002681,172.31.36.0-255,66,283897,13,314340
21933,0.002685,172.217.194.0-255,2902,286799,13,314340
21934,0.002687,172.31.36.0-255,66,286865,13,314340
21935,0.002715,172.217.194.0-255,2184,289049,13,314340
21936,0.002718,172.31.36.0-255,66,289115,13,314340
21937,0.002722,172.217.194.0-255,2902,292017,13,314340
21938,0.002724,172.31.36.0-255,66,292083,13,314340
21939,0.002733,172.217.194.0-255,8574,300657,13,314340
21940,0.002736,172.31.36.0-255,66,300723,13,314340
21941,0.00274,172.217.194.0-255,2902,303625,13,314340
21942,0.002742,172.31.36.0-255,66,303691,13,314340
21943,0.002762,172.217.194.0-255,2902,306593,13,314340
21944,0.002764,172.31.36.0-255,66,306659,13,314340
21945,0.002769,172.217.194.0-255,2902,309561,13,314340
21946,0.002772,172.31.36.0-255,66,309627,13,314340
21947,0.002777,172.217.194.0-255,4204,313831,13,314340
21948,0.002779,172.31.36.0-255,66,313897,13,314340
21949,0.002782,172.217.194.0-255,105,314002,13,314340
21950,0.004931,172.31.36.0-255,101,314103,13,314340
21951,0.006664,172.31.36.0-255,105,314208,13,314340
21952,0.007464,172.217.194.0-255,66,314274,13,314340
21953,0.009218,172.217.194.0-255,66,314340,13,314340
21954,0.0,74.125.24.0-255,66,66,13,66
21955,0.0,172.217.194.0-255,153,153,13,328644
21956,3.2e-05,172.31.36.0-255,66,219,13,328644
21957,4e-05,172.217.194.0-255,1484,1703,13,328644
21958,4.4e-05,172.31.36.0-255,66,1769,13,328644
21959,4.7e-05,172.217.194.0-255,1484,3253,13,328644
21960,5e-05,172.31.36.0-255,66,3319,13,328644
21961,7.4e-05,172.217.194.0-255,4320,7639,13,328644
21962,7.7e-05,172.31.36.0-255,66,7705,13,328644
21963,0.000115,172.217.194.0-255,5738,13443,13,328644
21964,0.000118,172.31.36.0-255,66,13509,13,328644
21965,0.000142,172.217.194.0-255,4875,18384,13,328644
21966,0.000145,172.31.36.0-255,66,18450,13,328644
21967,0.000153,172.217.194.0-255,8574,27024,13,328644
21968,0.000155,172.31.36.0-255,66,27090,13,328644
21969,0.000175,172.217.194.0-255,2902,29992,13,328644
21970,0.000178,172.31.36.0-255,66,30058,13,328644
21971,0.000181,172.217.194.0-255,1125,31183,13,328644
21972,0.000183,172.31.36.0-255,66,31249,13,328644
21973,0.000287,172.217.194.0-255,1484,32733,13,328644
21974,0.000291,172.31.36.0-255,66,32799,13,328644
21975,0.000305,172.217.194.0-255,2902,35701,13,328644
21976,0.000309,172.31.36.0-255,66,35767,13,328644
21977,0.000328,172.217.194.0-255,5738,41505,13,328644
21978,0.000331,172.31.36.0-255,66,41571,13,328644
21979,0.000376,172.217.194.0-255,5738,47309,13,328644
21980,0.00038,172.31.36.0-255,66,47375,13,328644
21981,0.000398,172.217.194.0-255,6797,54172,13,328644
21982,0.000403,172.31.36.0-255,66,54238,13,328644
21983,0.000412,172.217.194.0-255,2902,57140,13,328644
21984,0.000415,172.31.36.0-255,66,57206,13,328644
21985,0.000438,172.217.194.0-255,8468,65674,13,328644
21986,0.000442,172.31.36.0-255,66,65740,13,328644
21987,0.000445,172.217.194.0-255,116,65856,13,328644
21988,0.000567,172.217.194.0-255,1484,67340,13,328644
21989,0.00057,172.31.36.0-255,66,67406,13,328644
21990,0.000616,172.217.194.0-255,2902,70308,13,328644
21991,0.000621,172.31.36.0-255,66,70374,13,328644
21992,0.000646,172.217.194.0-255,4320,74694,13,328644
21993,0.000649,172.31.36.0-255,66,74760,13,328644
21994,0.000655,172.217.194.0-255,5738,80498,13,328644
21995,0.000657,172.31.36.0-255,66,80564,13,328644
21996,0.00066,172.217.194.0-255,1484,82048,13,328644
21997,0.000687,172.217.194.0-255,9992,92040,13,328644
21998,0.00069,172.31.36.0-255,66,92106,13,328644
21999,0.000695,172.217.194.0-255,4320,96426,13,328644
22000,0.000699,172.31.36.0-255,66,96492,13,328644
22001,0.000732,172.217.194.0-255,3602,100094,13,328644
22002,0.000737,172.31.36.0-255,66,100160,13,328644
22003,0.000854,172.217.194.0-255,1484,101644,13,328644
22004,0.000858,172.217.194.0-255,1484,103128,13,328644
22005,0.000861,172.31.36.0-255,66,103194,13,328644
22006,0.000874,172.217.194.0-255,1484,104678,13,328644
22007,0.000882,172.217.194.0-255,5738,110416,13,328644
22008,0.000885,172.31.36.0-255,66,110482,13,328644
22009,0.000907,172.217.194.0-255,1484,111966,13,328644
22010,0.000939,172.31.36.0-255,66,112032,13,328644
22011,0.000947,172.217.194.0-255,8574,120606,13,328644
22012,0.00095,172.31.36.0-255,66,120672,13,328644
22013,0.000972,172.217.194.0-255,2184,122856,13,328644
22014,0.000975,172.31.36.0-255,66,122922,13,328644
22015,0.001054,172.217.194.0-255,1484,124406,13,328644
22016,0.001058,172.217.194.0-255,1484,125890,13,328644
22017,0.001061,172.31.36.0-255,66,125956,13,328644
22018,0.00108,172.217.194.0-255,1484,127440,13,328644
22019,0.001085,172.217.194.0-255,2902,130342,13,328644
22020,0.001087,172.31.36.0-255,66,130408,13,328644
22021,0.001106,172.217.194.0-255,2902,133310,13,328644
22022,0.001109,172.31.36.0-255,66,133376,13,328644
22023,0.001125,172.217.194.0-255,4320,137696,13,328644
22024,0.001127,172.31.36.0-255,66,137762,13,328644
22025,0.001161,172.31.36.0-255,66,137828,13,328644
22026,0.001203,172.217.194.0-255,3602,141430,13,328644
22027,0.001207,172.31.36.0-255,66,141496,13,328644
22028,0.001379,172.217.194.0-255,1484,142980,13,328644
22029,0.001397,172.217.194.0-255,2902,145882,13,328644
22030,0.001401,172.31.36.0-255,66,145948,13,328644
22031,0.001422,172.217.194.0-255,5738,151686,13,328644
22032,0.001426,172.31.36.0-255,66,151752,13,328644
22033,0.001478,172.217.194.0-255,5738,157490,13,328644
22034,0.001482,172.31.36.0-255,66,157556,13,328644
22035,0.001504,172.217.194.0-255,7156,164712,13,328644
22036,0.001507,172.31.36.0-255,66,164778,13,328644
22037,0.001542,172.217.194.0-255,2902,167680,13,328644
22038,0.001546,172.31.36.0-255,66,167746,13,328644
22039,0.001567,172.217.194.0-255,4320,172066,13,328644
22040,0.00157,172.31.36.0-255,66,172132,13,328644
22041,0.00159,172.217.194.0-255,5020,177152,13,328644
22042,0.001593,172.31.36.0-255,66,177218,13,328644
22043,0.001606,172.31.36.0-255,66,177284,13,328644
22044,0.001614,172.217.194.0-255,8574,185858,13,328644
22045,0.001617,172.31.36.0-255,66,185924,13,328644
22046,0.001636,172.217.194.0-255,7156,193080,13,328644
22047,0.001639,172.31.36.0-255,66,193146,13,328644
22048,0.00166,172.217.194.0-255,2902,196048,13,328644
22049,0.001663,172.31.36.0-255,66,196114,13,328644
22050,0.001666,172.217.194.0-255,766,196880,13,328644
22051,0.001757,172.217.194.0-255,1484,198364,13,328644
22052,0.00176,172.31.36.0-255,66,198430,13,328644
22053,0.00178,172.217.194.0-255,2902,201332,13,328644
22054,0.001783,172.31.36.0-255,66,201398,13,328644
22055,0.00181,172.217.194.0-255,4320,205718,13,328644
22056,0.001813,172.31.36.0-255,66,205784,13,328644
22057,0.00184,172.217.194.0-255,7156,212940,13,328644
22058,0.001843,172.31.36.0-255,66,213006,13,328644
22059,0.001863,172.217.194.0-255,1484,214490,13,328644
22060,0.001868,172.217.194.0-255,2902,217392,13,328644
22061,0.001872,172.31.36.0-255,66,217458,13,328644
22062,0.001887,172.31.36.0-255,66,217524,13,328644
22063,0.001889,172.217.194.0-255,766,218290,13,328644
22064,0.002261,172.217.194.0-255,1484,219774,13,328644
22065,0.002267,172.217.194.0-255,2902,222676,13,328644
22066,0.002268,172.31.36.0-255,66,222742,13,328644
22067,0.002272,172.31.36.0-255,66,222808,13,328644
22068,0.002292,172.217.194.0-255,5738,228546,13,328644
22069,0.002296,172.31.36.0-255,66,228612,13,328644
22070,0.002303,172.217.194.0-255,7156,235768,13,328644
22071,0.002305,172.31.36.0-255,66,235834,13,328644
22072,0.002318,172.217.194.0-255,1484,237318,13,328644
22073,0.002324,172.217.194.0-255,5738,243056,13,328644
22074,0.002327,172.31.36.0-255,66,243122,13,328644
22075,0.002355,172.217.194.0-255,4320,247442,13,328644
22076,0.002358,172.31.36.0-255,66,247508,13,328644
22077,0.002364,172.217.194.0-255,5020,252528,13,328644
22078,0.002366,172.31.36.0-255,66,252594,13,328644
22079,0.002369,172.217.194.0-255,5738,258332,13,328644
22080,0.002371,172.31.36.0-255,66,258398,13,328644
22081,0.002393,172.217.194.0-255,4320,262718,13,328644
22082,0.002396,172.31.36.0-255,66,262784,13,328644
22083,0.002412,172.217.194.0-255,8574,271358,13,328644
22084,0.002415,172.31.36.0-255,66,271424,13,328644
22085,0.002423,172.217.194.0-255,8574,279998,13,328644
22086,0.002425,172.31.36.0-255,66,280064,13,328644
22087,0.002499,172.217.194.0-255,7156,287220,13,328644
22088,0.002503,172.31.36.0-255,66,287286,13,328644
22089,0.002522,172.217.194.0-255,8574,295860,13,328644
22090,0.002525,172.31.36.0-255,66,295926,13,328644
22091,0.002544,172.217.194.0-255,7856,303782,13,328644
22092,0.002548,172.31.36.0-255,66,303848,13,328644
22093,0.002583,172.217.194.0-255,9992,313840,13,328644
22094,0.002587,172.31.36.0-255,66,313906,13,328644
22095,0.002604,172.217.194.0-255,5738,319644,13,328644
22096,0.002607,172.31.36.0-255,66,319710,13,328644
22097,0.002616,172.217.194.0-255,8526,328236,13,328644
22098,0.002618,172.31.36.0-255,66,328302,13,328644
22099,0.002621,172.217.194.0-255,105,328407,13,328644
22100,0.003374,172.31.36.0-255,66,328473,13,328644
22101,0.003401,172.31.36.0-255,105,328578,13,328644
22102,0.005992,172.217.194.0-255,66,328644,13,328644
22103,0.0,172.217.194.0-255,146,146,13,319129
22104,2.5e-05,172.31.36.0-255,66,212,13,319129
22105,3.3e-05,172.217.194.0-255,1484,1696,13,319129
22106,3.8e-05,172.31.36.0-255,66,1762,13,319129
22107,4.4e-05,172.217.194.0-255,2902,4664,13,319129
22108,4.7e-05,172.31.36.0-255,66,4730,13,319129
22109,5.5e-05,172.217.194.0-255,7156,11886,13,319129
22110,5.7e-05,172.31.36.0-255,66,11952,13,319129
22111,6.3e-05,172.217.194.0-255,3429,15381,13,319129
22112,6.5e-05,172.31.36.0-255,66,15447,13,319129
22113,8.2e-05,172.31.36.0-255,66,15513,13,319129
22114,8.7e-05,172.217.194.0-255,2543,18056,13,319129
22115,9e-05,172.31.36.0-255,66,18122,13,319129
22116,0.000125,172.217.194.0-255,1484,19606,13,319129
22117,0.000128,172.31.36.0-255,66,19672,13,319129
22118,0.000133,172.217.194.0-255,2902,22574,13,319129
22119,0.000136,172.31.36.0-255,66,22640,13,319129
22120,0.00014,172.217.194.0-255,1484,24124,13,319129
22121,0.000142,172.31.36.0-255,66,24190,13,319129
22122,0.000167,172.217.194.0-255,4320,28510,13,319129
22123,0.00017,172.31.36.0-255,66,28576,13,319129
22124,0.000185,172.217.194.0-255,4320,32896,13,319129
22125,0.000188,172.31.36.0-255,66,32962,13,319129
22126,0.000211,172.217.194.0-255,9633,42595,13,319129
22127,0.000214,172.31.36.0-255,66,42661,13,319129
22128,0.000233,172.217.194.0-255,2902,45563,13,319129
22129,0.000235,172.31.36.0-255,66,45629,13,319129
22130,0.000262,172.217.194.0-255,7386,53015,13,319129
22131,0.000265,172.31.36.0-255,66,53081,13,319129
22132,0.000282,172.217.194.0-255,1484,54565,13,319129
22133,0.000284,172.31.36.0-255,66,54631,13,319129
22134,0.000289,172.217.194.0-255,2902,57533,13,319129
22135,0.000292,172.31.36.0-255,66,57599,13,319129
22136,0.000319,172.217.194.0-255,5738,63337,13,319129
22137,0.000322,172.31.36.0-255,66,63403,13,319129
22138,0.000325,172.217.194.0-255,1484,64887,13,319129
22139,0.000341,172.217.194.0-255,5738,70625,13,319129
22140,0.000343,172.31.36.0-255,66,70691,13,319129
22141,0.000373,172.217.194.0-255,6797,77488,13,319129
22142,0.000376,172.31.36.0-255,66,77554,13,319129
22143,0.000379,172.217.194.0-255,1484,79038,13,319129
22144,0.000406,172.217.194.0-255,7666,86704,13,319129
22145,0.000409,172.31.36.0-255,66,86770,13,319129
22146,0.000414,172.217.194.0-255,4320,91090,13,319129
22147,0.000416,172.31.36.0-255,66,91156,13,319129
22148,0.000435,172.217.194.0-255,5738,96894,13,319129
22149,0.000437,172.31.36.0-255,66,96960,13,319129
22150,0.000441,172.217.194.0-255,2902,99862,13,319129
22151,0.000444,172.31.36.0-255,66,99928,13,319129
22152,0.000461,172.217.194.0-255,3961,103889,13,319129
22153,0.000464,172.31.36.0-255,66,103955,13,319129
22154,0.000624,172.217.194.0-255,1484,105439,13,319129
22155,0.000631,172.217.194.0-255,2902,108341,13,319129
22156,0.000635,172.31.36.0-255,66,108407,13,319129
22157,0.000661,172.217.194.0-255,5738,114145,13,319129
22158,0.000664,172.31.36.0-255,66,114211,13,319129
22159,0.00067,172.217.194.0-255,5738,119949,13,319129
22160,0.000673,172.31.36.0-255,66,120015,13,319129
22161,0.000691,172.217.194.0-255,7156,127171,13,319129
22162,0.000694,172.31.36.0-255,66,127237,13,319129
22163,0.000701,172.217.194.0-255,8574,135811,13,319129
22164,0.000704,172.31.36.0-255,66,135877,13,319129
22165,0.00072,172.217.194.0-255,2184,138061,13,319129
22166,0.000723,172.31.36.0-255,66,138127,13,319129
22167,0.000814,172.217.194.0-255,1484,139611,13,319129
22168,0.00082,172.217.194.0-255,2902,142513,13,319129
22169,0.000824,172.31.36.0-255,66,142579,13,319129
22170,0.000845,172.217.194.0-255,5738,148317,13,319129
22171,0.000849,172.31.36.0-255,66,148383,13,319129
22172,0.000852,172.217.194.0-255,1484,149867,13,319129
22173,0.000869,172.217.194.0-255,5738,155605,13,319129
22174,0.000872,172.31.36.0-255,66,155671,13,319129
22175,0.000898,172.217.194.0-255,5738,161409,13,319129
22176,0.000901,172.31.36.0-255,66,161475,13,319129
22177,0.000911,172.217.194.0-255,10692,172167,13,319129
22178,0.000913,172.31.36.0-255,66,172233,13,319129
22179,0.000977,172.217.194.0-255,1484,173717,13,319129
22180,0.000981,172.217.194.0-255,1484,175201,13,319129
22181,0.000983,172.31.36.0-255,66,175267,13,319129
22182,0.001001,172.217.194.0-255,1484,176751,13,319129
22183,0.001007,172.217.194.0-255,2902,179653,13,319129
22184,0.001009,172.31.36.0-255,66,179719,13,319129
22185,0.001026,172.217.194.0-255,2902,182621,13,319129
22186,0.001029,172.31.36.0-255,66,182687,13,319129
22187,0.001032,172.217.194.0-255,1484,184171,13,319129
22188,0.001063,172.31.36.0-255,66,184237,13,319129
22189,0.001072,172.217.194.0-255,9992,194229,13,319129
22190,0.001074,172.31.36.0-255,66,194295,13,319129
22191,0.001077,172.217.194.0-255,766,195061,13,319129
22192,0.001162,172.217.194.0-255,1484,196545,13,319129
22193,0.001165,172.31.36.0-255,66,196611,13,319129
22194,0.001171,172.217.194.0-255,2902,199513,13,319129
22195,0.001173,172.31.36.0-255,66,199579,13,319129
22196,0.001179,172.217.194.0-255,4320,203899,13,319129
22197,0.001181,172.31.36.0-255,66,203965,13,319129
22198,0.001207,172.217.194.0-255,1484,205449,13,319129
22199,0.001214,172.217.194.0-255,5738,211187,13,319129
22200,0.001216,172.31.36.0-255,66,211253,13,319129
22201,0.00123,172.31.36.0-255,66,211319,13,319129
22202,0.001257,172.217.194.0-255,5020,216339,13,319129
22203,0.00126,172.31.36.0-255,66,216405,13,319129
22204,0.001298,172.217.194.0-255,1484,217889,13,319129
22205,0.001303,172.217.194.0-255,2902,220791,13,319129
22206,0.001306,172.31.36.0-255,66,220857,13,319129
22207,0.001337,172.217.194.0-255,5738,226595,13,319129
22208,0.001341,172.31.36.0-255,66,226661,13,319129
22209,0.001346,172.217.194.0-255,4320,230981,13,319129
22210,0.001348,172.31.36.0-255,66,231047,13,319129
22211,0.001351,172.217.194.0-255,1484,232531,13,319129
22212,0.001378,172.217.194.0-255,9992,242523,13,319129
22213,0.001381,172.31.36.0-255,66,242589,13,319129
22214,0.001406,172.217.194.0-255,7856,250445,13,319129
22215,0.001409,172.31.36.0-255,66,250511,13,319129
22216,0.001468,172.217.194.0-255,1484,251995,13,319129
22217,0.001482,172.217.194.0-255,2902,254897,13,319129
22218,0.001485,172.31.36.0-255,66,254963,13,319129
22219,0.001492,172.217.194.0-255,5738,260701,13,319129
22220,0.001494,172.31.36.0-255,66,260767,13,319129
22221,0.001498,172.217.194.0-255,1484,262251,13,319129
22222,0.001527,172.217.194.0-255,8574,270825,13,319129
22223,0.00153,172.31.36.0-255,66,270891,13,319129
22224,0.001572,172.217.194.0-255,8574,279465,13,319129
22225,0.001576,172.31.36.0-255,66,279531,13,319129
22226,0.001598,172.217.194.0-255,5020,284551,13,319129
22227,0.001601,172.31.36.0-255,66,284617,13,319129
22228,0.001632,172.217.194.0-255,1484,286101,13,319129
22229,0.001637,172.217.194.0-255,2902,289003,13,319129
22230,0.00164,172.31.36.0-255,66,289069,13,319129
22231,0.001665,172.217.194.0-255,5738,294807,13,319129
22232,0.001668,172.31.36.0-255,66,294873,13,319129
22233,0.001671,172.217.194.0-255,1484,296357,13,319129
22234,0.00168,172.217.194.0-255,8574,304931,13,319129
22235,0.001682,172.31.36.0-255,66,304997,13,319129
22236,0.001709,172.217.194.0-255,4320,309317,13,319129
22237,0.001713,172.31.36.0-255,66,309383,13,319129
22238,0.001745,172.31.36.0-255,66,309449,13,319129
22239,0.001793,172.31.36.0-255,66,309515,13,319129
22240,0.001818,172.217.194.0-255,4320,313835,13,319129
22241,0.001824,172.217.194.0-255,4820,318655,13,319129
22242,0.001826,172.217.194.0-255,105,318760,13,319129
22243,0.00183,172.31.36.0-255,66,318826,13,319129
22244,0.001839,172.31.36.0-255,66,318892,13,319129
22245,0.004517,172.31.36.0-255,66,318958,13,319129
22246,0.004579,172.31.36.0-255,105,319063,13,319129
22247,0.006897,172.217.194.0-255,66,319129,13,319129
22248,0.0,172.217.194.0-255,153,153,13,340845
22249,3.3e-05,172.31.36.0-255,66,219,13,340845
22250,4e-05,172.217.194.0-255,1484,1703,13,340845
22251,4.5e-05,172.31.36.0-255,66,1769,13,340845
22252,5e-05,172.217.194.0-255,2902,4671,13,340845
22253,5.4e-05,172.31.36.0-255,66,4737,13,340845
22254,6.2e-05,172.217.194.0-255,7156,11893,13,340845
22255,6.5e-05,172.31.36.0-255,66,11959,13,340845
22256,9.6e-05,172.31.36.0-255,66,12025,13,340845
22257,0.000133,172.217.194.0-255,3961,15986,13,340845
22258,0.000136,172.31.36.0-255,66,16052,13,340845
22259,0.00035,172.217.194.0-255,1484,17536,13,340845
22260,0.000355,172.31.36.0-255,66,17602,13,340845
22261,0.00036,172.217.194.0-255,2902,20504,13,340845
22262,0.000363,172.31.36.0-255,66,20570,13,340845
22263,0.00039,172.217.194.0-255,5738,26308,13,340845
22264,0.000394,172.31.36.0-255,66,26374,13,340845
22265,0.000435,172.217.194.0-255,8574,34948,13,340845
22266,0.000439,172.31.36.0-255,66,35014,13,340845
22267,0.000457,172.217.194.0-255,5379,40393,13,340845
22268,0.000461,172.31.36.0-255,66,40459,13,340845
22269,0.000479,172.217.194.0-255,5738,46197,13,340845
22270,0.000482,172.31.36.0-255,66,46263,13,340845
22271,0.000506,172.217.194.0-255,4216,50479,13,340845
22272,0.000509,172.31.36.0-255,66,50545,13,340845
22273,0.000512,172.217.194.0-255,118,50663,13,340845
22274,0.000516,172.31.36.0-255,66,50729,13,340845
22275,0.000615,172.217.194.0-255,1484,52213,13,340845
22276,0.00062,172.31.36.0-255,66,52279,13,340845
22277,0.000624,172.217.194.0-255,1484,53763,13,340845
22278,0.000626,172.31.36.0-255,66,53829,13,340845
22279,0.000643,172.217.194.0-255,1484,55313,13,340845
22280,0.000651,172.217.194.0-255,5738,61051,13,340845
22281,0.000654,172.31.36.0-255,66,61117,13,340845
22282,0.00066,172.217.194.0-255,2902,64019,13,340845
22283,0.000662,172.31.36.0-255,66,64085,13,340845
22284,0.000686,172.217.194.0-255,9992,74077,13,340845
22285,0.000691,172.31.36.0-255,66,74143,13,340845
22286,0.000696,172.217.194.0-255,10692,84835,13,340845
22287,0.0007,172.31.36.0-255,66,84901,13,340845
22288,0.000702,172.217.194.0-255,380,85281,13,340845
22289,0.000734,172.217.194.0-255,1484,86765,13,340845
22290,0.000737,172.31.36.0-255,66,86831,13,340845
22291,0.000747,172.217.194.0-255,2902,89733,13,340845
22292,0.00075,172.31.36.0-255,66,89799,13,340845
22293,0.000762,172.217.194.0-255,1484,91283,13,340845
22294,0.000768,172.217.194.0-255,5738,97021,13,340845
22295,0.000771,172.31.36.0-255,66,97087,13,340845
22296,0.0008,172.217.194.0-255,4320,101407,13,340845
22297,0.000804,172.31.36.0-255,66,101473,13,340845
22298,0.000811,172.217.194.0-255,8574,110047,13,340845
22299,0.000813,172.31.36.0-255,66,110113,13,340845
22300,0.000836,172.217.194.0-255,4320,114433,13,340845
22301,0.00084,172.31.36.0-255,66,114499,13,340845
22302,0.000851,172.217.194.0-255,4470,118969,13,340845
22303,0.000855,172.31.36.0-255,66,119035,13,340845
22304,0.000879,172.217.194.0-255,2902,121937,13,340845
22305,0.000882,172.31.36.0-255,66,122003,13,340845
22306,0.0009,172.217.194.0-255,1484,123487,13,340845
22307,0.000906,172.217.194.0-255,5738,129225,13,340845
22308,0.00091,172.31.36.0-255,66,129291,13,340845
22309,0.000916,172.217.194.0-255,5738,135029,13,340845
22310,0.000918,172.31.36.0-255,66,135095,13,340845
22311,0.000943,172.217.194.0-255,5738,140833,13,340845
22312,0.000949,172.31.36.0-255,66,140899,13,340845
22313,0.000955,172.31.36.0-255,66,140965,13,340845
22314,0.000985,172.217.194.0-255,4320,145285,13,340845
22315,0.000989,172.31.36.0-255,66,145351,13,340845
22316,0.001009,172.217.194.0-255,1484,146835,13,340845
22317,0.001017,172.217.194.0-255,7156,153991,13,340845
22318,0.001019,172.31.36.0-255,66,154057,13,340845
22319,0.001031,172.31.36.0-255,66,154123,13,340845
22320,0.001044,172.217.194.0-255,2902,157025,13,340845
22321,0.001047,172.31.36.0-255,66,157091,13,340845
22322,0.001053,172.217.194.0-255,6438,163529,13,340845
22323,0.001056,172.31.36.0-255,66,163595,13,340845
22324,0.001368,172.217.194.0-255,1484,165079,13,340845
22325,0.001373,172.217.194.0-255,1484,166563,13,340845
22326,0.001376,172.31.36.0-255,66,166629,13,340845
22327,0.001393,172.217.194.0-255,1484,168113,13,340845
22328,0.00141,172.217.194.0-255,1484,169597,13,340845
22329,0.001412,172.31.36.0-255,66,169663,13,340845
22330,0.001417,172.217.194.0-255,2902,172565,13,340845
22331,0.001419,172.31.36.0-255,66,172631,13,340845
22332,0.001475,172.217.194.0-255,5738,178369,13,340845
22333,0.001479,172.31.36.0-255,66,178435,13,340845
22334,0.001485,172.217.194.0-255,7156,185591,13,340845
22335,0.001488,172.31.36.0-255,66,185657,13,340845
22336,0.001513,172.217.194.0-255,4320,189977,13,340845
22337,0.001516,172.31.36.0-255,66,190043,13,340845
22338,0.001535,172.217.194.0-255,7856,197899,13,340845
22339,0.001538,172.31.36.0-255,66,197965,13,340845
22340,0.00206,172.217.194.0-255,1484,199449,13,340845
22341,0.002066,172.217.194.0-255,2902,202351,13,340845
22342,0.00207,172.31.36.0-255,66,202417,13,340845
22343,0.002075,172.217.194.0-255,2902,205319,13,340845
22344,0.002078,172.31.36.0-255,66,205385,13,340845
22345,0.002091,172.217.194.0-255,2902,208287,13,340845
22346,0.002094,172.31.36.0-255,66,208353,13,340845
22347,0.002099,172.217.194.0-255,2902,211255,13,340845
22348,0.002101,172.31.36.0-255,66,211321,13,340845
22349,0.002141,172.217.194.0-255,9992,221313,13,340845
22350,0.002145,172.31.36.0-255,66,221379,13,340845
22351,0.002152,172.217.194.0-255,7156,228535,13,340845
22352,0.002154,172.31.36.0-255,66,228601,13,340845
22353,0.002183,172.217.194.0-255,8574,237175,13,340845
22354,0.002187,172.31.36.0-255,66,237241,13,340845
22355,0.002209,172.217.194.0-255,6438,243679,13,340845
22356,0.002212,172.31.36.0-255,66,243745,13,340845
22357,0.002216,172.217.194.0-255,1484,245229,13,340845
22358,0.002241,172.217.194.0-255,8574,253803,13,340845
22359,0.002246,172.31.36.0-255,66,253869,13,340845
22360,0.00227,172.217.194.0-255,5738,259607,13,340845
22361,0.002274,172.31.36.0-255,66,259673,13,340845
22362,0.002281,172.217.194.0-255,6438,266111,13,340845
22363,0.002283,172.31.36.0-255,66,266177,13,340845
22364,0.002286,172.217.194.0-255,1484,267661,13,340845
22365,0.002317,172.217.194.0-255,8574,276235,13,340845
22366,0.002322,172.31.36.0-255,66,276301,13,340845
22367,0.002334,172.217.194.0-255,4320,280621,13,340845
22368,0.002337,172.31.36.0-255,66,280687,13,340845
22369,0.002368,172.217.194.0-255,9992,290679,13,340845
22370,0.002372,172.31.36.0-255,66,290745,13,340845
22371,0.002378,172.217.194.0-255,5738,296483,13,340845
22372,0.002381,172.31.36.0-255,66,296549,13,340845
22373,0.002408,172.217.194.0-255,3602,300151,13,340845
22374,0.002412,172.31.36.0-255,66,300217,13,340845
22375,0.004664,172.217.194.0-255,5738,305955,13,340845
22376,0.004672,172.31.36.0-255,66,306021,13,340845
22377,0.006923,172.217.194.0-255,5738,311759,13,340845
22378,0.006929,172.31.36.0-255,66,311825,13,340845
22379,0.009181,172.217.194.0-255,5738,317563,13,340845
22380,0.009187,172.31.36.0-255,66,317629,13,340845
22381,0.01146,172.217.194.0-255,5738,323367,13,340845
22382,0.011468,172.31.36.0-255,66,323433,13,340845
22383,0.013758,172.217.194.0-255,5738,329171,13,340845
22384,0.013766,172.31.36.0-255,66,329237,13,340845
22385,0.016033,172.217.194.0-255,5738,334975,13,340845
22386,0.016041,172.31.36.0-255,66,335041,13,340845
22387,0.018302,172.217.194.0-255,5738,340779,13,340845
22388,0.018312,172.31.36.0-255,66,340845,13,340845
22389,0.0,74.125.24.0-255,153,153,13,111767
22390,3.1e-05,172.31.36.0-255,66,219,13,111767
22391,3.9e-05,74.125.24.0-255,1484,1703,13,111767
22392,4.4e-05,172.31.36.0-255,66,1769,13,111767
22393,4.9e-05,74.125.24.0-255,2902,4671,13,111767
22394,5.2e-05,172.31.36.0-255,66,4737,13,111767
22395,5.7e-05,74.125.24.0-255,4320,9057,13,111767
22396,5.9e-05,172.31.36.0-255,66,9123,13,111767
22397,6.5e-05,74.125.24.0-255,4902,14025,13,111767
22398,6.8e-05,172.31.36.0-255,66,14091,13,111767
22399,0.001149,74.125.24.0-255,1484,15575,13,111767
22400,0.001157,172.31.36.0-255,66,15641,13,111767
22401,0.00118,74.125.24.0-255,2902,18543,13,111767
22402,0.001182,172.31.36.0-255,66,18609,13,111767
22403,0.001189,74.125.24.0-255,5738,24347,13,111767
22404,0.001192,172.31.36.0-255,66,24413,13,111767
22405,0.001218,74.125.24.0-255,6797,31210,13,111767
22406,0.001221,172.31.36.0-255,66,31276,13,111767
22407,0.001376,74.125.24.0-255,1484,32760,13,111767
22408,0.00138,172.31.36.0-255,66,32826,13,111767
22409,0.001401,74.125.24.0-255,2902,35728,13,111767
22410,0.001405,172.31.36.0-255,66,35794,13,111767
22411,0.001408,74.125.24.0-255,1484,37278,13,111767
22412,0.00141,172.31.36.0-255,66,37344,13,111767
22413,0.001438,74.125.24.0-255,4320,41664,13,111767
22414,0.001441,172.31.36.0-255,66,41730,13,111767
22415,0.001445,74.125.24.0-255,1484,43214,13,111767
22416,0.001447,172.31.36.0-255,66,43280,13,111767
22417,0.001465,74.125.24.0-255,5379,48659,13,111767
22418,0.001468,172.31.36.0-255,66,48725,13,111767
22419,0.001473,74.125.24.0-255,2902,51627,13,111767
22420,0.001475,172.31.36.0-255,66,51693,13,111767
22421,0.001494,74.125.24.0-255,2902,54595,13,111767
22422,0.001504,172.31.36.0-255,66,54661,13,111767
22423,0.001516,74.125.24.0-255,2902,57563,13,111767
22424,0.00152,172.31.36.0-255,66,57629,13,111767
22425,0.001534,74.125.24.0-255,8215,65844,13,111767
22426,0.001548,172.31.36.0-255,66,65910,13,111767
22427,0.00403,74.125.24.0-255,645,66555,13,111767
22428,0.004087,172.31.36.0-255,66,66621,13,111767
22429,0.004527,74.125.24.0-255,1484,68105,13,111767
22430,0.004535,74.125.24.0-255,2902,71007,13,111767
22431,0.004597,172.31.36.0-255,66,71073,13,111767
22432,0.006135,74.125.24.0-255,1484,72557,13,111767
22433,0.006655,74.125.24.0-255,4320,76877,13,111767
22434,0.006662,172.31.36.0-255,66,76943,13,111767
22435,0.008746,74.125.24.0-255,5738,82681,13,111767
22436,0.008802,172.31.36.0-255,66,82747,13,111767
22437,0.01086,74.125.24.0-255,5738,88485,13,111767
22438,0.010868,172.31.36.0-255,66,88551,13,111767
22439,0.012923,74.125.24.0-255,5738,94289,13,111767
22440,0.012933,172.31.36.0-255,66,94355,13,111767
22441,0.015011,74.125.24.0-255,5738,100093,13,111767
22442,0.015021,172.31.36.0-255,66,100159,13,111767
22443,0.017085,74.125.24.0-255,5738,105897,13,111767
22444,0.017092,172.31.36.0-255,66,105963,13,111767
22445,0.01917,74.125.24.0-255,5738,111701,13,111767
22446,0.019178,172.31.36.0-255,66,111767,13,111767
22447,0.0,74.125.24.0-255,152,152,13,277725
22448,3.4e-05,172.31.36.0-255,66,218,13,277725
22449,4.1e-05,74.125.24.0-255,1484,1702,13,277725
22450,4.6e-05,172.31.36.0-255,66,1768,13,277725
22451,5.2e-05,74.125.24.0-255,2902,4670,13,277725
22452,5.5e-05,172.31.36.0-255,66,4736,13,277725
22453,6.2e-05,74.125.24.0-255,7156,11892,13,277725
22454,6.6e-05,172.31.36.0-255,66,11958,13,277725
22455,7.1e-05,74.125.24.0-255,2047,14005,13,277725
22456,7.4e-05,172.31.36.0-255,66,14071,13,277725
22457,0.000385,74.125.24.0-255,1484,15555,13,277725
22458,0.000391,172.31.36.0-255,66,15621,13,277725
22459,0.0004,74.125.24.0-255,2902,18523,13,277725
22460,0.000403,172.31.36.0-255,66,18589,13,277725
22461,0.000409,74.125.24.0-255,4320,22909,13,277725
22462,0.000411,172.31.36.0-255,66,22975,13,277725
22463,0.000473,74.125.24.0-255,5738,28713,13,277725
22464,0.000478,172.31.36.0-255,66,28779,13,277725
22465,0.000503,74.125.24.0-255,2543,31322,13,277725
22466,0.000511,74.125.24.0-255,8574,39896,13,277725
22467,0.000518,74.125.24.0-255,7156,47052,13,277725
22468,0.000524,172.31.36.0-255,66,47118,13,277725
22469,0.000534,172.31.36.0-255,66,47184,13,277725
22470,0.000537,172.31.36.0-255,66,47250,13,277725
22471,0.000541,74.125.24.0-255,1484,48734,13,277725
22472,0.000544,172.31.36.0-255,66,48800,13,277725
22473,0.000553,74.125.24.0-255,9992,58792,13,277725
22474,0.000556,172.31.36.0-255,66,58858,13,277725
22475,0.000583,74.125.24.0-255,6438,65296,13,277725
22476,0.000588,172.31.36.0-255,66,65362,13,277725
22477,0.000619,74.125.24.0-255,411,65773,13,277725
22478,0.000626,172.31.36.0-255,66,65839,13,277725
22479,0.000764,74.125.24.0-255,1484,67323,13,277725
22480,0.000773,74.125.24.0-255,2902,70225,13,277725
22481,0.000797,74.125.24.0-255,5738,75963,13,277725
22482,0.000812,74.125.24.0-255,1484,77447,13,277725
22483,0.000827,74.125.24.0-255,4320,81767,13,277725
22484,0.000846,74.125.24.0-255,7156,88923,13,277725
22485,0.000859,74.125.24.0-255,5738,94661,13,277725
22486,0.000864,74.125.24.0-255,4320,98981,13,277725
22487,0.000891,74.125.24.0-255,766,99747,13,277725
22488,0.000933,74.125.24.0-255,1484,101231,13,277725
22489,0.000957,74.125.24.0-255,2902,104133,13,277725
22490,0.000963,74.125.24.0-255,5738,109871,13,277725
22491,0.000969,74.125.24.0-255,5738,115609,13,277725
22492,0.000995,74.125.24.0-255,5738,121347,13,277725
22493,0.001014,74.125.24.0-255,7156,128503,13,277725
22494,0.001056,74.125.24.0-255,4320,132823,13,277725
22495,0.001082,74.125.24.0-255,7856,140679,13,277725
22496,0.001106,74.125.24.0-255,331,141010,13,277725
22497,0.001614,74.125.24.0-255,1484,142494,13,277725
22498,0.001622,74.125.24.0-255,2902,145396,13,277725
22499,0.001644,74.125.24.0-255,5738,151134,13,277725
22500,0.001648,74.125.24.0-255,1484,152618,13,277725
22501,0.001664,74.125.24.0-255,8574,161192,13,277725
22502,0.001676,74.125.24.0-255,2902,164094,13,277725
22503,0.001682,74.125.24.0-255,5738,169832,13,277725
22504,0.001723,74.125.24.0-255,5020,174852,13,277725
22505,0.001967,74.125.24.0-255,1484,176336,13,277725
22506,0.001982,74.125.24.0-255,1484,177820,13,277725
22507,0.001995,74.125.24.0-255,1484,179304,13,277725
22508,0.001999,74.125.24.0-255,2902,182206,13,277725
22509,0.002017,74.125.24.0-255,2902,185108,13,277725
22510,0.002033,74.125.24.0-255,4320,189428,13,277725
22511,0.00205,74.125.24.0-255,8574,198002,13,277725
22512,0.002094,74.125.24.0-255,7156,205158,13,277725
22513,0.002109,74.125.24.0-255,3602,208760,13,277725
22514,0.002189,74.125.24.0-255,1484,210244,13,277725
22515,0.002208,74.125.24.0-255,2902,213146,13,277725
22516,0.002211,74.125.24.0-255,1484,214630,13,277725
22517,0.00223,74.125.24.0-255,4320,218950,13,277725
22518,0.002236,74.125.24.0-255,7156,226106,13,277725
22519,0.002248,74.125.24.0-255,1484,227590,13,277725
22520,0.002268,74.125.24.0-255,5738,233328,13,277725
22521,0.002287,74.125.24.0-255,7156,240484,13,277725
22522,0.002291,74.125.24.0-255,2184,242668,13,277725
22523,0.004457,172.31.36.0-255,66,242734,13,277725
22524,0.004973,172.31.36.0-255,101,242835,13,277725
22525,0.006754,74.125.24.0-255,5738,248573,13,277725
22526,0.006762,172.31.36.0-255,66,248639,13,277725
22527,0.007218,74.125.24.0-255,66,248705,13,277725
22528,0.009024,74.125.24.0-255,5738,254443,13,277725
22529,0.009032,172.31.36.0-255,66,254509,13,277725
22530,0.011289,74.125.24.0-255,5738,260247,13,277725
22531,0.011298,172.31.36.0-255,66,260313,13,277725
22532,0.013583,74.125.24.0-255,5738,266051,13,277725
22533,0.013592,172.31.36.0-255,66,266117,13,277725
22534,0.015909,74.125.24.0-255,5738,271855,13,277725
22535,0.015918,172.31.36.0-255,66,271921,13,277725
22536,0.0182,74.125.24.0-255,5738,277659,13,277725
22537,0.018209,172.31.36.0-255,66,277725,13,277725
22538,0.0,172.217.194.0-255,297,297,13,322128
22539,2.8e-05,172.31.36.0-255,66,363,13,322128
22540,3.5e-05,172.217.194.0-255,1484,1847,13,322128
22541,3.9e-05,172.31.36.0-255,66,1913,13,322128
22542,4.4e-05,172.217.194.0-255,4320,6233,13,322128
22543,4.6e-05,172.31.36.0-255,66,6299,13,322128
22544,5.1e-05,172.217.194.0-255,4320,10619,13,322128
22545,5.4e-05,172.31.36.0-255,66,10685,13,322128
22546,0.000101,172.217.194.0-255,10377,21062,13,322128
22547,0.000105,172.31.36.0-255,66,21128,13,322128
22548,0.00011,172.217.194.0-255,4320,25448,13,322128
22549,0.000111,172.31.36.0-255,66,25514,13,322128
22550,0.000157,172.217.194.0-255,5379,30893,13,322128
22551,0.00016,172.31.36.0-255,66,30959,13,322128
22552,0.000254,172.217.194.0-255,1484,32443,13,322128
22553,0.000257,172.31.36.0-255,66,32509,13,322128
22554,0.000271,172.217.194.0-255,2902,35411,13,322128
22555,0.000273,172.31.36.0-255,66,35477,13,322128
22556,0.00028,172.217.194.0-255,4320,39797,13,322128
22557,0.000282,172.31.36.0-255,66,39863,13,322128
22558,0.000299,172.217.194.0-255,1484,41347,13,322128
22559,0.000302,172.31.36.0-255,66,41413,13,322128
22560,0.000305,172.217.194.0-255,1484,42897,13,322128
22561,0.000307,172.31.36.0-255,66,42963,13,322128
22562,0.000341,172.31.36.0-255,66,43029,13,322128
22563,0.000354,172.217.194.0-255,1484,44513,13,322128
22564,0.000357,172.31.36.0-255,66,44579,13,322128
22565,0.000378,172.217.194.0-255,8536,53115,13,322128
22566,0.000383,172.31.36.0-255,66,53181,13,322128
22567,0.000393,172.217.194.0-255,365,53546,13,322128
22568,0.000395,172.31.36.0-255,66,53612,13,322128
22569,0.000528,172.217.194.0-255,1484,55096,13,322128
22570,0.00055,172.217.194.0-255,2902,57998,13,322128
22571,0.000554,172.31.36.0-255,66,58064,13,322128
22572,0.000558,172.217.194.0-255,1484,59548,13,322128
22573,0.000577,172.217.194.0-255,4320,63868,13,322128
22574,0.00058,172.31.36.0-255,66,63934,13,322128
22575,0.000586,172.217.194.0-255,2902,66836,13,322128
22576,0.000589,172.31.36.0-255,66,66902,13,322128
22577,0.000627,172.217.194.0-255,5738,72640,13,322128
22578,0.00063,172.31.36.0-255,66,72706,13,322128
22579,0.000657,172.217.194.0-255,1484,74190,13,322128
22580,0.000673,172.31.36.0-255,66,74256,13,322128
22581,0.000862,172.217.194.0-255,1484,75740,13,322128
22582,0.000877,172.217.194.0-255,2902,78642,13,322128
22583,0.000881,172.31.36.0-255,66,78708,13,322128
22584,0.000884,172.217.194.0-255,1484,80192,13,322128
22585,0.0009,172.217.194.0-255,4320,84512,13,322128
22586,0.000904,172.31.36.0-255,66,84578,13,322128
22587,0.000929,172.217.194.0-255,8574,93152,13,322128
22588,0.000933,172.31.36.0-255,66,93218,13,322128
22589,0.000975,172.217.194.0-255,5738,98956,13,322128
22590,0.000978,172.31.36.0-255,66,99022,13,322128
22591,0.001004,172.217.194.0-255,9274,108296,13,322128
22592,0.001009,172.31.36.0-255,66,108362,13,322128
22593,0.001249,172.217.194.0-255,1484,109846,13,322128
22594,0.00127,172.217.194.0-255,2902,112748,13,322128
22595,0.001274,172.31.36.0-255,66,112814,13,322128
22596,0.001281,172.217.194.0-255,5738,118552,13,322128
22597,0.001283,172.31.36.0-255,66,118618,13,322128
22598,0.001289,172.217.194.0-255,4320,122938,13,322128
22599,0.001291,172.31.36.0-255,66,123004,13,322128
22600,0.001323,172.217.194.0-255,8574,131578,13,322128
22601,0.001326,172.31.36.0-255,66,131644,13,322128
22602,0.001333,172.217.194.0-255,5738,137382,13,322128
22603,0.001334,172.31.36.0-255,66,137448,13,322128
22604,0.001351,172.217.194.0-255,5020,142468,13,322128
22605,0.001354,172.31.36.0-255,66,142534,13,322128
22606,0.001374,172.217.194.0-255,4320,146854,13,322128
22607,0.001376,172.31.36.0-255,66,146920,13,322128
22608,0.001393,172.217.194.0-255,5738,152658,13,322128
22609,0.001396,172.31.36.0-255,66,152724,13,322128
22610,0.001404,172.217.194.0-255,8574,161298,13,322128
22611,0.001407,172.31.36.0-255,66,161364,13,322128
22612,0.001425,172.217.194.0-255,2902,164266,13,322128
22613,0.001428,172.31.36.0-255,66,164332,13,322128
22614,0.001434,172.217.194.0-255,5738,170070,13,322128
22615,0.001436,172.31.36.0-255,66,170136,13,322128
22616,0.001457,172.217.194.0-255,6438,176574,13,322128
22617,0.00146,172.31.36.0-255,66,176640,13,322128
22618,0.001496,172.217.194.0-255,1484,178124,13,322128
22619,0.001501,172.217.194.0-255,2902,181026,13,322128
22620,0.001503,172.217.194.0-255,1484,182510,13,322128
22621,0.001507,172.31.36.0-255,66,182576,13,322128
22622,0.001524,172.217.194.0-255,4320,186896,13,322128
22623,0.001528,172.31.36.0-255,66,186962,13,322128
22624,0.001534,172.217.194.0-255,5738,192700,13,322128
22625,0.001536,172.31.36.0-255,66,192766,13,322128
22626,0.001542,172.217.194.0-255,5738,198504,13,322128
22627,0.001544,172.31.36.0-255,66,198570,13,322128
22628,0.001566,172.217.194.0-255,1484,200054,13,322128
22629,0.001569,172.217.194.0-255,1484,201538,13,322128
22630,0.001574,172.31.36.0-255,66,201604,13,322128
22631,0.001596,172.217.194.0-255,9274,210878,13,322128
22632,0.001599,172.31.36.0-255,66,210944,13,322128
22633,0.001637,172.217.194.0-255,1484,212428,13,322128
22634,0.001651,172.217.194.0-255,2902,215330,13,322128
22635,0.001654,172.31.36.0-255,66,215396,13,322128
22636,0.001675,172.217.194.0-255,5738,221134,13,322128
22637,0.001678,172.31.36.0-255,66,221200,13,322128
22638,0.001682,172.217.194.0-255,2902,224102,13,322128
22639,0.001685,172.31.36.0-255,66,224168,13,322128
22640,0.001695,172.217.194.0-255,1484,225652,13,322128
22641,0.001726,172.217.194.0-255,8574,234226,13,322128
22642,0.00173,172.31.36.0-255,66,234292,13,322128
22643,0.001734,172.217.194.0-255,2902,237194,13,322128
22644,0.001736,172.31.36.0-255,66,237260,13,322128
22645,0.001753,172.217.194.0-255,5738,242998,13,322128
22646,0.001756,172.31.36.0-255,66,243064,13,322128
22647,0.001809,172.217.194.0-255,2184,245248,13,322128
22648,0.001812,172.31.36.0-255,66,245314,13,322128
22649,0.001829,172.217.194.0-255,1484,246798,13,322128
22650,0.001845,172.217.194.0-255,2902,249700,13,322128
22651,0.001847,172.31.36.0-255,66,249766,13,322128
22652,0.00186,172.217.194.0-255,2902,252668,13,322128
22653,0.001862,172.31.36.0-255,66,252734,13,322128
22654,0.001879,172.217.194.0-255,2902,255636,13,322128
22655,0.001881,172.31.36.0-255,66,255702,13,322128
22656,0.001884,172.217.194.0-255,1484,257186,13,322128
22657,0.001906,172.217.194.0-255,7156,264342,13,322128
22658,0.00191,172.31.36.0-255,66,264408,13,322128
22659,0.00192,172.217.194.0-255,4320,268728,13,322128
22660,0.001923,172.31.36.0-255,66,268794,13,322128
22661,0.001931,172.217.194.0-255,8574,277368,13,322128
22662,0.001934,172.31.36.0-255,66,277434,13,322128
22663,0.001955,172.217.194.0-255,2184,279618,13,322128
22664,0.001959,172.31.36.0-255,66,279684,13,322128
22665,0.001964,172.217.194.0-255,2902,282586,13,322128
22666,0.001966,172.31.36.0-255,66,282652,13,322128
22667,0.001972,172.217.194.0-255,5738,288390,13,322128
22668,0.001975,172.31.36.0-255,66,288456,13,322128
22669,0.001993,172.217.194.0-255,1484,289940,13,322128
22670,0.002,172.217.194.0-255,7156,297096,13,322128
22671,0.002003,172.31.36.0-255,66,297162,13,322128
22672,0.002035,172.217.194.0-255,8574,305736,13,322128
22673,0.002039,172.31.36.0-255,66,305802,13,322128
22674,0.002062,172.217.194.0-255,7156,312958,13,322128
22675,0.002066,172.31.36.0-255,66,313024,13,322128
22676,0.002069,172.217.194.0-255,766,313790,13,322128
22677,0.002074,172.217.194.0-255,5738,319528,13,322128
22678,0.002077,172.31.36.0-255,66,319594,13,322128
22679,0.002126,172.31.36.0-255,66,319660,13,322128
22680,0.002137,172.31.36.0-255,66,319726,13,322128
22681,0.002166,172.31.36.0-255,66,319792,13,322128
22682,0.002184,172.217.194.0-255,1928,321720,13,322128
22683,0.002187,172.31.36.0-255,66,321786,13,322128
22684,0.00219,172.217.194.0-255,105,321891,13,322128
22685,0.005098,172.31.36.0-255,66,321957,13,322128
22686,0.005125,172.31.36.0-255,105,322062,13,322128
22687,0.0076,172.217.194.0-255,66,322128,13,322128
22688,0.0,172.253.118.0-255,153,153,13,260428
22689,3e-05,172.31.36.0-255,66,219,13,260428
22690,3.8e-05,172.253.118.0-255,1484,1703,13,260428
22691,4.2e-05,172.31.36.0-255,66,1769,13,260428
22692,4.8e-05,172.253.118.0-255,2902,4671,13,260428
22693,5e-05,172.31.36.0-255,66,4737,13,260428
22694,5.8e-05,172.253.118.0-255,5738,10475,13,260428
22695,6.1e-05,172.31.36.0-255,66,10541,13,260428
22696,0.000104,172.253.118.0-255,4940,15481,13,260428
22697,0.000109,172.31.36.0-255,66,15547,13,260428
22698,0.000115,172.253.118.0-255,4320,19867,13,260428
22699,0.000117,172.31.36.0-255,66,19933,13,260428
22700,0.000136,172.253.118.0-255,1484,21417,13,260428
22701,0.000138,172.31.36.0-255,66,21483,13,260428
22702,0.000147,172.253.118.0-255,9633,31116,13,260428
22703,0.000149,172.31.36.0-255,66,31182,13,260428
22704,0.000239,172.253.118.0-255,1484,32666,13,260428
22705,0.000243,172.31.36.0-255,66,32732,13,260428
22706,0.000249,172.253.118.0-255,2902,35634,13,260428
22707,0.000252,172.31.36.0-255,66,35700,13,260428
22708,0.000258,172.253.118.0-255,5738,41438,13,260428
22709,0.00026,172.31.36.0-255,66,41504,13,260428
22710,0.000288,172.253.118.0-255,8215,49719,13,260428
22711,0.000292,172.31.36.0-255,66,49785,13,260428
22712,0.0003,172.253.118.0-255,8574,58359,13,260428
22713,0.000302,172.31.36.0-255,66,58425,13,260428
22714,0.000365,172.253.118.0-255,7066,65491,13,260428
22715,0.000371,172.31.36.0-255,66,65557,13,260428
22716,0.000411,172.253.118.0-255,386,65943,13,260428
22717,0.000414,172.31.36.0-255,66,66009,13,260428
22718,0.000491,172.253.118.0-255,1484,67493,13,260428
22719,0.000496,172.31.36.0-255,66,67559,13,260428
22720,0.0005,172.253.118.0-255,2902,70461,13,260428
22721,0.000503,172.31.36.0-255,66,70527,13,260428
22722,0.00051,172.253.118.0-255,5738,76265,13,260428
22723,0.000513,172.31.36.0-255,66,76331,13,260428
22724,0.00054,172.253.118.0-255,6797,83128,13,260428
22725,0.000544,172.31.36.0-255,66,83194,13,260428
22726,0.00057,172.31.36.0-255,66,83260,13,260428
22727,0.000594,172.253.118.0-255,2902,86162,13,260428
22728,0.000598,172.31.36.0-255,66,86228,13,260428
22729,0.000603,172.253.118.0-255,2543,88771,13,260428
22730,0.000606,172.31.36.0-255,66,88837,13,260428
22731,0.000646,172.253.118.0-255,1484,90321,13,260428
22732,0.000668,172.253.118.0-255,2902,93223,13,260428
22733,0.000672,172.31.36.0-255,66,93289,13,260428
22734,0.000678,172.253.118.0-255,4320,97609,13,260428
22735,0.00068,172.31.36.0-255,66,97675,13,260428
22736,0.000707,172.253.118.0-255,2902,100577,13,260428
22737,0.00071,172.31.36.0-255,66,100643,13,260428
22738,0.000734,172.253.118.0-255,5738,106381,13,260428
22739,0.00074,172.31.36.0-255,66,106447,13,260428
22740,0.000746,172.253.118.0-255,5738,112185,13,260428
22741,0.000749,172.31.36.0-255,66,112251,13,260428
22742,0.000788,172.253.118.0-255,8574,120825,13,260428
22743,0.000794,172.31.36.0-255,66,120891,13,260428
22744,0.000811,172.253.118.0-255,2184,123075,13,260428
22745,0.000816,172.31.36.0-255,66,123141,13,260428
22746,0.000854,172.253.118.0-255,1484,124625,13,260428
22747,0.000859,172.253.118.0-255,1484,126109,13,260428
22748,0.000862,172.31.36.0-255,66,126175,13,260428
22749,0.000902,172.253.118.0-255,1484,127659,13,260428
22750,0.00091,172.253.118.0-255,5738,133397,13,260428
22751,0.000914,172.31.36.0-255,66,133463,13,260428
22752,0.00092,172.253.118.0-255,7156,140619,13,260428
22753,0.000923,172.31.36.0-255,66,140685,13,260428
22754,0.000926,172.253.118.0-255,1484,142169,13,260428
22755,0.000957,172.253.118.0-255,9992,152161,13,260428
22756,0.000962,172.31.36.0-255,66,152227,13,260428
22757,0.000984,172.253.118.0-255,5020,157247,13,260428
22758,0.000989,172.31.36.0-255,66,157313,13,260428
22759,0.001093,172.253.118.0-255,1484,158797,13,260428
22760,0.0011,172.253.118.0-255,2902,161699,13,260428
22761,0.001104,172.31.36.0-255,66,161765,13,260428
22762,0.001108,172.253.118.0-255,1484,163249,13,260428
22763,0.001128,172.253.118.0-255,4320,167569,13,260428
22764,0.001132,172.31.36.0-255,66,167635,13,260428
22765,0.001158,172.253.118.0-255,5738,173373,13,260428
22766,0.001162,172.31.36.0-255,66,173439,13,260428
22767,0.001168,172.253.118.0-255,7156,180595,13,260428
22768,0.001171,172.31.36.0-255,66,180661,13,260428
22769,0.001205,172.253.118.0-255,10692,191353,13,260428
22770,0.00121,172.31.36.0-255,66,191419,13,260428
22771,0.001403,172.253.118.0-255,1484,192903,13,260428
22772,0.00141,172.253.118.0-255,2902,195805,13,260428
22773,0.001414,172.31.36.0-255,66,195871,13,260428
22774,0.001422,172.253.118.0-255,5738,201609,13,260428
22775,0.001424,172.31.36.0-255,66,201675,13,260428
22776,0.001463,172.253.118.0-255,9992,211667,13,260428
22777,0.001466,172.31.36.0-255,66,211733,13,260428
22778,0.001486,172.253.118.0-255,5738,217471,13,260428
22779,0.00149,172.31.36.0-255,66,217537,13,260428
22780,0.001521,172.31.36.0-255,66,217603,13,260428
22781,0.001563,172.253.118.0-255,7156,224759,13,260428
22782,0.001566,172.31.36.0-255,66,224825,13,260428
22783,0.00159,172.253.118.0-255,1484,226309,13,260428
22784,0.001617,172.31.36.0-255,66,226375,13,260428
22785,0.001632,172.31.36.0-255,66,226441,13,260428
22786,0.001654,172.253.118.0-255,2902,229343,13,260428
22787,0.001656,172.31.36.0-255,66,229409,13,260428
22788,0.001673,172.31.36.0-255,66,229475,13,260428
22789,0.001702,172.253.118.0-255,2184,231659,13,260428
22790,0.001712,172.253.118.0-255,8574,240233,13,260428
22791,0.001716,172.253.118.0-255,4320,244553,13,260428
22792,0.001721,172.31.36.0-255,66,244619,13,260428
22793,0.001725,172.31.36.0-255,66,244685,13,260428
22794,0.001728,172.31.36.0-255,66,244751,13,260428
22795,0.001765,172.31.36.0-255,66,244817,13,260428
22796,0.001776,172.31.36.0-255,66,244883,13,260428
22797,0.001817,172.31.36.0-255,66,244949,13,260428
22798,0.001823,172.253.118.0-255,5020,249969,13,260428
22799,0.001825,172.31.36.0-255,66,250035,13,260428
22800,0.00183,172.253.118.0-255,4320,254355,13,260428
22801,0.001832,172.31.36.0-255,66,254421,13,260428
22802,0.001861,172.253.118.0-255,5498,259919,13,260428
22803,0.001864,172.31.36.0-255,66,259985,13,260428
22804,0.001867,172.253.118.0-255,105,260090,13,260428
22805,0.002264,172.31.36.0-255,101,260191,13,260428
22806,0.004263,172.253.118.0-255,66,260257,13,260428
22807,0.004542,172.31.36.0-255,105,260362,13,260428
22808,0.006532,172.253.118.0-255,66,260428,13,260428
22809,0.0,74.125.68.0-255,146,146,13,103256
22810,3.4e-05,172.31.36.0-255,66,212,13,103256
22811,4.1e-05,74.125.68.0-255,1484,1696,13,103256
22812,4.6e-05,172.31.36.0-255,66,1762,13,103256
22813,5e-05,74.125.68.0-255,2902,4664,13,103256
22814,5.2e-05,172.31.36.0-255,66,4730,13,103256
22815,6.9e-05,74.125.68.0-255,7156,11886,13,103256
22816,7.3e-05,172.31.36.0-255,66,11952,13,103256
22817,7.7e-05,74.125.68.0-255,2038,13990,13,103256
22818,7.9e-05,172.31.36.0-255,66,14056,13,103256
22819,0.000188,74.125.68.0-255,1484,15540,13,103256
22820,0.000192,172.31.36.0-255,66,15606,13,103256
22821,0.000198,74.125.68.0-255,2902,18508,13,103256
22822,0.000201,172.31.36.0-255,66,18574,13,103256
22823,0.000204,74.125.68.0-255,1484,20058,13,103256
22824,0.000211,172.31.36.0-255,66,20124,13,103256
22825,0.000241,74.125.68.0-255,1484,21608,13,103256
22826,0.000244,172.31.36.0-255,66,21674,13,103256
22827,0.00025,74.125.68.0-255,4320,25994,13,103256
22828,0.000252,172.31.36.0-255,66,26060,13,103256
22829,0.000254,74.125.68.0-255,1484,27544,13,103256
22830,0.000259,172.31.36.0-255,66,27610,13,103256
22831,0.000285,74.125.68.0-255,3961,31571,13,103256
22832,0.000288,172.31.36.0-255,66,31637,13,103256
22833,0.000534,74.125.68.0-255,1484,33121,13,103256
22834,0.000538,172.31.36.0-255,66,33187,13,103256
22835,0.000543,74.125.68.0-255,2902,36089,13,103256
22836,0.000546,172.31.36.0-255,66,36155,13,103256
22837,0.000577,74.125.68.0-255,5738,41893,13,103256
22838,0.00058,172.31.36.0-255,66,41959,13,103256
22839,0.000585,74.125.68.0-255,4320,46279,13,103256
22840,0.000588,172.31.36.0-255,66,46345,13,103256
22841,0.000621,74.125.68.0-255,2543,48888,13,103256
22842,0.000623,172.31.36.0-255,66,48954,13,103256
22843,0.001142,74.125.68.0-255,1484,50438,13,103256
22844,0.001148,172.31.36.0-255,66,50504,13,103256
22845,0.001157,74.125.68.0-255,2902,53406,13,103256
22846,0.001174,74.125.68.0-255,1484,54890,13,103256
22847,0.001207,74.125.68.0-255,2902,57792,13,103256
22848,0.001222,74.125.68.0-255,2902,60694,13,103256
22849,0.001226,74.125.68.0-255,2902,63596,13,103256
22850,0.001269,74.125.68.0-255,1484,65080,13,103256
22851,0.001281,74.125.68.0-255,1471,66551,13,103256
22852,0.001511,74.125.68.0-255,331,66882,13,103256
22853,0.002275,74.125.68.0-255,1484,68366,13,103256
22854,0.003551,172.31.36.0-255,66,68432,13,103256
22855,0.005815,74.125.68.0-255,5738,74170,13,103256
22856,0.00582,172.31.36.0-255,66,74236,13,103256
22857,0.008068,74.125.68.0-255,5738,79974,13,103256
22858,0.008074,172.31.36.0-255,66,80040,13,103256
22859,0.010321,74.125.68.0-255,5738,85778,13,103256
22860,0.011372,172.31.36.0-255,66,85844,13,103256
22861,0.013631,74.125.68.0-255,5738,91582,13,103256
22862,0.013643,172.31.36.0-255,66,91648,13,103256
22863,0.015901,74.125.68.0-255,5738,97386,13,103256
22864,0.01591,172.31.36.0-255,66,97452,13,103256
22865,0.018176,74.125.68.0-255,5738,103190,13,103256
22866,0.018184,172.31.36.0-255,66,103256,13,103256
22867,0.0,74.125.24.0-255,66,66,13,66
22868,0.0,74.125.68.0-255,153,153,13,181047
22869,3e-05,172.31.36.0-255,66,219,13,181047
22870,3.7e-05,74.125.68.0-255,1484,1703,13,181047
22871,4.1e-05,172.31.36.0-255,66,1769,13,181047
22872,4.6e-05,74.125.68.0-255,2902,4671,13,181047
22873,4.8e-05,172.31.36.0-255,66,4737,13,181047
22874,5.5e-05,74.125.68.0-255,5738,10475,13,181047
22875,5.8e-05,172.31.36.0-255,66,10541,13,181047
22876,8.6e-05,74.125.68.0-255,3428,13969,13,181047
22877,8.9e-05,172.31.36.0-255,66,14035,13,181047
22878,0.000756,74.125.68.0-255,1484,15519,13,181047
22879,0.000761,172.31.36.0-255,66,15585,13,181047
22880,0.00077,74.125.68.0-255,2902,18487,13,181047
22881,0.000772,172.31.36.0-255,66,18553,13,181047
22882,0.000775,74.125.68.0-255,1484,20037,13,181047
22883,0.000776,172.31.36.0-255,66,20103,13,181047
22884,0.000802,74.125.68.0-255,2902,23005,13,181047
22885,0.000805,172.31.36.0-255,66,23071,13,181047
22886,0.000812,74.125.68.0-255,5738,28809,13,181047
22887,0.000813,172.31.36.0-255,66,28875,13,181047
22888,0.000834,74.125.68.0-255,2543,31418,13,181047
22889,0.000838,172.31.36.0-255,66,31484,13,181047
22890,0.000892,74.125.68.0-255,1484,32968,13,181047
22891,0.000895,172.31.36.0-255,66,33034,13,181047
22892,0.0009,74.125.68.0-255,2902,35936,13,181047
22893,0.000903,172.31.36.0-255,66,36002,13,181047
22894,0.000929,74.125.68.0-255,5738,41740,13,181047
22895,0.000932,172.31.36.0-255,66,41806,13,181047
22896,0.000934,74.125.68.0-255,1484,43290,13,181047
22897,0.000936,172.31.36.0-255,66,43356,13,181047
22898,0.000949,74.125.68.0-255,2902,46258,13,181047
22899,0.000951,172.31.36.0-255,66,46324,13,181047
22900,0.00099,74.125.68.0-255,2543,48867,13,181047
22901,0.000991,172.31.36.0-255,66,48933,13,181047
22902,0.001211,74.125.68.0-255,1484,50417,13,181047
22903,0.001224,74.125.68.0-255,1484,51901,13,181047
22904,0.001225,172.31.36.0-255,66,51967,13,181047
22905,0.001238,74.125.68.0-255,1484,53451,13,181047
22906,0.00126,74.125.68.0-255,4320,57771,13,181047
22907,0.001262,172.31.36.0-255,66,57837,13,181047
22908,0.001278,74.125.68.0-255,2902,60739,13,181047
22909,0.001279,172.31.36.0-255,66,60805,13,181047
22910,0.001293,74.125.68.0-255,2902,63707,13,181047
22911,0.001295,172.31.36.0-255,66,63773,13,181047
22912,0.001315,74.125.68.0-255,3124,66897,13,181047
22913,0.001317,172.31.36.0-255,66,66963,13,181047
22914,0.001343,74.125.68.0-255,1484,68447,13,181047
22915,0.001345,74.125.68.0-255,1484,69931,13,181047
22916,0.001347,172.31.36.0-255,66,69997,13,181047
22917,0.001363,74.125.68.0-255,1484,71481,13,181047
22918,0.001368,74.125.68.0-255,4320,75801,13,181047
22919,0.00137,172.31.36.0-255,66,75867,13,181047
22920,0.00138,74.125.68.0-255,1484,77351,13,181047
22921,0.001382,74.125.68.0-255,1484,78835,13,181047
22922,0.001384,172.31.36.0-255,66,78901,13,181047
22923,0.0014,74.125.68.0-255,5379,84280,13,181047
22924,0.001402,172.31.36.0-255,66,84346,13,181047
22925,0.00144,74.125.68.0-255,1484,85830,13,181047
22926,0.00145,74.125.68.0-255,2902,88732,13,181047
22927,0.001452,172.31.36.0-255,66,88798,13,181047
22928,0.001467,74.125.68.0-255,1484,90282,13,181047
22929,0.001483,74.125.68.0-255,4320,94602,13,181047
22930,0.001485,172.31.36.0-255,66,94668,13,181047
22931,0.001503,74.125.68.0-255,4320,98988,13,181047
22932,0.001505,172.31.36.0-255,66,99054,13,181047
22933,0.001525,74.125.68.0-255,2543,101597,13,181047
22934,0.001527,172.31.36.0-255,66,101663,13,181047
22935,0.00181,74.125.68.0-255,1484,103147,13,181047
22936,0.001823,74.125.68.0-255,2902,106049,13,181047
22937,0.001825,172.31.36.0-255,66,106115,13,181047
22938,0.001841,74.125.68.0-255,4320,110435,13,181047
22939,0.001843,172.31.36.0-255,66,110501,13,181047
22940,0.001858,74.125.68.0-255,1484,111985,13,181047
22941,0.001863,74.125.68.0-255,5738,117723,13,181047
22942,0.001865,172.31.36.0-255,66,117789,13,181047
22943,0.001883,74.125.68.0-255,1484,119273,13,181047
22944,0.001894,74.125.68.0-255,4320,123593,13,181047
22945,0.001896,172.31.36.0-255,66,123659,13,181047
22946,0.001909,74.125.68.0-255,7156,130815,13,181047
22947,0.001911,172.31.36.0-255,66,130881,13,181047
22948,0.001948,74.125.68.0-255,4320,135201,13,181047
22949,0.00195,172.31.36.0-255,66,135267,13,181047
22950,0.001964,74.125.68.0-255,766,136033,13,181047
22951,0.003952,74.125.68.0-255,4320,140353,13,181047
22952,0.003958,172.31.36.0-255,66,140419,13,181047
22953,0.005962,74.125.68.0-255,5738,146157,13,181047
22954,0.005968,172.31.36.0-255,66,146223,13,181047
22955,0.00798,74.125.68.0-255,5738,151961,13,181047
22956,0.007988,172.31.36.0-255,66,152027,13,181047
22957,0.010014,74.125.68.0-255,5738,157765,13,181047
22958,0.010022,172.31.36.0-255,66,157831,13,181047
22959,0.012063,74.125.68.0-255,5738,163569,13,181047
22960,0.012071,172.31.36.0-255,66,163635,13,181047
22961,0.01409,74.125.68.0-255,5738,169373,13,181047
22962,0.014101,172.31.36.0-255,66,169439,13,181047
22963,0.016107,74.125.68.0-255,5738,175177,13,181047
22964,0.016114,172.31.36.0-255,66,175243,13,181047
22965,0.018121,74.125.68.0-255,5738,180981,13,181047
22966,0.018128,172.31.36.0-255,66,181047,13,181047
22967,0.0,74.125.24.0-255,146,146,13,248363
22968,3.4e-05,172.31.36.0-255,66,212,13,248363
22969,4e-05,74.125.24.0-255,1484,1696,13,248363
22970,4.5e-05,172.31.36.0-255,66,1762,13,248363
22971,5e-05,74.125.24.0-255,2902,4664,13,248363
22972,5.3e-05,172.31.36.0-255,66,4730,13,248363
22973,6e-05,74.125.24.0-255,7156,11886,13,248363
22974,6.2e-05,172.31.36.0-255,66,11952,13,248363
22975,6.6e-05,74.125.24.0-255,2105,14057,13,248363
22976,6.9e-05,172.31.36.0-255,66,14123,13,248363
22977,0.000449,74.125.24.0-255,1484,15607,13,248363
22978,0.000455,172.31.36.0-255,66,15673,13,248363
22979,0.000464,74.125.24.0-255,2902,18575,13,248363
22980,0.000466,172.31.36.0-255,66,18641,13,248363
22981,0.000485,74.125.24.0-255,1484,20125,13,248363
22982,0.000487,172.31.36.0-255,66,20191,13,248363
22983,0.00051,74.125.24.0-255,4320,24511,13,248363
22984,0.000513,172.31.36.0-255,66,24577,13,248363
22985,0.000523,74.125.24.0-255,9992,34569,13,248363
22986,0.000527,172.31.36.0-255,66,34635,13,248363
22987,0.00055,74.125.24.0-255,3961,38596,13,248363
22988,0.000553,172.31.36.0-255,66,38662,13,248363
22989,0.000623,74.125.24.0-255,7156,45818,13,248363
22990,0.000628,172.31.36.0-255,66,45884,13,248363
22991,0.000646,74.125.24.0-255,2543,48427,13,248363
22992,0.000649,172.31.36.0-255,66,48493,13,248363
22993,0.000709,74.125.24.0-255,1484,49977,13,248363
22994,0.000713,172.31.36.0-255,66,50043,13,248363
22995,0.000718,74.125.24.0-255,2902,52945,13,248363
22996,0.00072,172.31.36.0-255,66,53011,13,248363
22997,0.000724,74.125.24.0-255,2902,55913,13,248363
22998,0.000727,172.31.36.0-255,66,55979,13,248363
22999,0.000743,74.125.24.0-255,2902,58881,13,248363
23000,0.000745,172.31.36.0-255,66,58947,13,248363
23001,0.00075,74.125.24.0-255,2902,61849,13,248363
23002,0.000753,172.31.36.0-255,66,61915,13,248363
23003,0.000775,74.125.24.0-255,3961,65876,13,248363
23004,0.000778,172.31.36.0-255,66,65942,13,248363
23005,0.000781,74.125.24.0-255,645,66587,13,248363
23006,0.00085,74.125.24.0-255,1484,68071,13,248363
23007,0.000854,172.31.36.0-255,66,68137,13,248363
23008,0.000859,74.125.24.0-255,2902,71039,13,248363
23009,0.000862,172.31.36.0-255,66,71105,13,248363
23010,0.00089,74.125.24.0-255,5738,76843,13,248363
23011,0.000893,172.31.36.0-255,66,76909,13,248363
23012,0.000896,74.125.24.0-255,1484,78393,13,248363
23013,0.000929,172.31.36.0-255,66,78459,13,248363
23014,0.000974,172.31.36.0-255,66,78525,13,248363
23015,0.001669,74.125.24.0-255,1484,80009,13,248363
23016,0.001681,74.125.24.0-255,2902,82911,13,248363
23017,0.001684,172.31.36.0-255,66,82977,13,248363
23018,0.001704,74.125.24.0-255,5738,88715,13,248363
23019,0.001707,172.31.36.0-255,66,88781,13,248363
23020,0.001732,74.125.24.0-255,4320,93101,13,248363
23021,0.001734,172.31.36.0-255,66,93167,13,248363
23022,0.001754,74.125.24.0-255,8574,101741,13,248363
23023,0.001757,172.31.36.0-255,66,101807,13,248363
23024,0.001763,74.125.24.0-255,7156,108963,13,248363
23025,0.001766,172.31.36.0-255,66,109029,13,248363
23026,0.001783,74.125.24.0-255,3602,112631,13,248363
23027,0.001785,172.31.36.0-255,66,112697,13,248363
23028,0.001969,74.125.24.0-255,1484,114181,13,248363
23029,0.001982,74.125.24.0-255,2902,117083,13,248363
23030,0.001985,172.31.36.0-255,66,117149,13,248363
23031,0.001988,74.125.24.0-255,1484,118633,13,248363
23032,0.002006,74.125.24.0-255,4320,122953,13,248363
23033,0.002009,172.31.36.0-255,66,123019,13,248363
23034,0.002011,74.125.24.0-255,1484,124503,13,248363
23035,0.002019,74.125.24.0-255,8574,133077,13,248363
23036,0.002021,172.31.36.0-255,66,133143,13,248363
23037,0.002051,74.125.24.0-255,4320,137463,13,248363
23038,0.002053,172.31.36.0-255,66,137529,13,248363
23039,0.002076,74.125.24.0-255,10692,148221,13,248363
23040,0.002078,172.31.36.0-255,66,148287,13,248363
23041,0.002106,172.31.36.0-255,66,148353,13,248363
23042,0.002118,74.125.24.0-255,4320,152673,13,248363
23043,0.00212,172.31.36.0-255,66,152739,13,248363
23044,0.002146,74.125.24.0-255,9992,162731,13,248363
23045,0.002149,172.31.36.0-255,66,162797,13,248363
23046,0.002152,74.125.24.0-255,1484,164281,13,248363
23047,0.002178,74.125.24.0-255,5020,169301,13,248363
23048,0.002181,172.31.36.0-255,66,169367,13,248363
23049,0.002232,74.125.24.0-255,1484,170851,13,248363
23050,0.002236,74.125.24.0-255,2902,173753,13,248363
23051,0.002238,172.31.36.0-255,66,173819,13,248363
23052,0.002243,74.125.24.0-255,5738,179557,13,248363
23053,0.002245,172.31.36.0-255,66,179623,13,248363
23054,0.00225,74.125.24.0-255,4320,183943,13,248363
23055,0.002252,172.31.36.0-255,66,184009,13,248363
23056,0.002268,74.125.24.0-255,2902,186911,13,248363
23057,0.00227,172.31.36.0-255,66,186977,13,248363
23058,0.002316,172.31.36.0-255,66,187043,13,248363
23059,0.002333,74.125.24.0-255,2902,189945,13,248363
23060,0.002335,172.31.36.0-255,66,190011,13,248363
23061,0.002337,74.125.24.0-255,1484,191495,13,248363
23062,0.002353,74.125.24.0-255,766,192261,13,248363
23063,0.002355,172.31.36.0-255,66,192327,13,248363
23064,0.002438,74.125.24.0-255,1484,193811,13,248363
23065,0.002455,74.125.24.0-255,2902,196713,13,248363
23066,0.002458,172.31.36.0-255,66,196779,13,248363
23067,0.002477,74.125.24.0-255,2902,199681,13,248363
23068,0.002479,172.31.36.0-255,66,199747,13,248363
23069,0.002499,74.125.24.0-255,2902,202649,13,248363
23070,0.002501,172.31.36.0-255,66,202715,13,248363
23071,0.002518,74.125.24.0-255,1484,204199,13,248363
23072,0.002541,74.125.24.0-255,9274,213473,13,248363
23073,0.003161,172.31.36.0-255,66,213539,13,248363
23074,0.005696,74.125.24.0-255,5738,219277,13,248363
23075,0.005703,172.31.36.0-255,66,219343,13,248363
23076,0.008275,74.125.24.0-255,5738,225081,13,248363
23077,0.008283,172.31.36.0-255,66,225147,13,248363
23078,0.010856,74.125.24.0-255,5738,230885,13,248363
23079,0.010872,172.31.36.0-255,66,230951,13,248363
23080,0.01343,74.125.24.0-255,5738,236689,13,248363
23081,0.013442,172.31.36.0-255,66,236755,13,248363
23082,0.015989,74.125.24.0-255,5738,242493,13,248363
23083,0.016004,172.31.36.0-255,66,242559,13,248363
23084,0.018569,74.125.24.0-255,5738,248297,13,248363
23085,0.018576,172.31.36.0-255,66,248363,13,248363
23086,0.0,74.125.68.0-255,153,153,13,265613
23087,2.1e-05,172.31.36.0-255,66,219,13,265613
23088,2.8e-05,74.125.68.0-255,1484,1703,13,265613
23089,3.1e-05,172.31.36.0-255,66,1769,13,265613
23090,4.5e-05,74.125.68.0-255,2902,4671,13,265613
23091,4.9e-05,172.31.36.0-255,66,4737,13,265613
23092,5.6e-05,74.125.68.0-255,7156,11893,13,265613
23093,5.8e-05,172.31.36.0-255,66,11959,13,265613
23094,7.9e-05,74.125.68.0-255,2067,14026,13,265613
23095,8.1e-05,172.31.36.0-255,66,14092,13,265613
23096,0.000113,74.125.68.0-255,2902,16994,13,265613
23097,0.000115,172.31.36.0-255,66,17060,13,265613
23098,0.000119,74.125.68.0-255,1484,18544,13,265613
23099,0.000121,172.31.36.0-255,66,18610,13,265613
23100,0.000144,74.125.68.0-255,2902,21512,13,265613
23101,0.000147,172.31.36.0-255,66,21578,13,265613
23102,0.000176,74.125.68.0-255,5738,27316,13,265613
23103,0.000179,172.31.36.0-255,66,27382,13,265613
23104,0.000184,74.125.68.0-255,4320,31702,13,265613
23105,0.000185,172.31.36.0-255,66,31768,13,265613
23106,0.000207,74.125.68.0-255,2902,34670,13,265613
23107,0.000213,172.31.36.0-255,66,34736,13,265613
23108,0.000216,74.125.68.0-255,1484,36220,13,265613
23109,0.000218,172.31.36.0-255,66,36286,13,265613
23110,0.000259,74.125.68.0-255,9992,46278,13,265613
23111,0.000263,172.31.36.0-255,66,46344,13,265613
23112,0.000267,74.125.68.0-255,2184,48528,13,265613
23113,0.000269,172.31.36.0-255,66,48594,13,265613
23114,0.000308,74.125.68.0-255,2902,51496,13,265613
23115,0.000311,172.31.36.0-255,66,51562,13,265613
23116,0.000313,74.125.68.0-255,1484,53046,13,265613
23117,0.000315,172.31.36.0-255,66,53112,13,265613
23118,0.000318,74.125.68.0-255,1484,54596,13,265613
23119,0.000335,74.125.68.0-255,1484,56080,13,265613
23120,0.000337,172.31.36.0-255,66,56146,13,265613
23121,0.000347,74.125.68.0-255,4320,60466,13,265613
23122,0.000349,172.31.36.0-255,66,60532,13,265613
23123,0.000369,74.125.68.0-255,1484,62016,13,265613
23124,0.000379,74.125.68.0-255,4541,66557,13,265613
23125,0.000382,172.31.36.0-255,66,66623,13,265613
23126,0.000428,74.125.68.0-255,1484,68107,13,265613
23127,0.000445,74.125.68.0-255,2902,71009,13,265613
23128,0.000448,172.31.36.0-255,66,71075,13,265613
23129,0.000452,74.125.68.0-255,1484,72559,13,265613
23130,0.000476,74.125.68.0-255,4320,76879,13,265613
23131,0.000479,172.31.36.0-255,66,76945,13,265613
23132,0.000483,74.125.68.0-255,2902,79847,13,265613
23133,0.000485,172.31.36.0-255,66,79913,13,265613
23134,0.000506,74.125.68.0-255,3961,83874,13,265613
23135,0.000509,172.31.36.0-255,66,83940,13,265613
23136,0.000511,74.125.68.0-255,1484,85424,13,265613
23137,0.000541,74.125.68.0-255,2902,88326,13,265613
23138,0.000543,172.31.36.0-255,66,88392,13,265613
23139,0.00055,74.125.68.0-255,5738,94130,13,265613
23140,0.000552,172.31.36.0-255,66,94196,13,265613
23141,0.000578,74.125.68.0-255,6797,100993,13,265613
23142,0.000581,172.31.36.0-255,66,101059,13,265613
23143,0.001308,74.125.68.0-255,1484,102543,13,265613
23144,0.001329,74.125.68.0-255,1484,104027,13,265613
23145,0.001333,172.31.36.0-255,66,104093,13,265613
23146,0.001339,74.125.68.0-255,2902,106995,13,265613
23147,0.001342,172.31.36.0-255,66,107061,13,265613
23148,0.001377,74.125.68.0-255,5738,112799,13,265613
23149,0.00138,172.31.36.0-255,66,112865,13,265613
23150,0.001385,74.125.68.0-255,4320,117185,13,265613
23151,0.001387,172.31.36.0-255,66,117251,13,265613
23152,0.001421,74.125.68.0-255,4320,121571,13,265613
23153,0.001424,172.31.36.0-255,66,121637,13,265613
23154,0.001433,74.125.68.0-255,9992,131629,13,265613
23155,0.001441,172.31.36.0-255,66,131695,13,265613
23156,0.001447,74.125.68.0-255,3602,135297,13,265613
23157,0.001449,172.31.36.0-255,66,135363,13,265613
23158,0.001455,74.125.68.0-255,4320,139683,13,265613
23159,0.001457,172.31.36.0-255,66,139749,13,265613
23160,0.001486,74.125.68.0-255,7156,146905,13,265613
23161,0.001488,172.31.36.0-255,66,146971,13,265613
23162,0.001516,74.125.68.0-255,1484,148455,13,265613
23163,0.001525,74.125.68.0-255,9992,158447,13,265613
23164,0.001527,172.31.36.0-255,66,158513,13,265613
23165,0.001583,74.125.68.0-255,9992,168505,13,265613
23166,0.001587,172.31.36.0-255,66,168571,13,265613
23167,0.001591,74.125.68.0-255,766,169337,13,265613
23168,0.001758,74.125.68.0-255,1484,170821,13,265613
23169,0.001764,172.31.36.0-255,66,170887,13,265613
23170,0.001768,74.125.68.0-255,1484,172371,13,265613
23171,0.001791,74.125.68.0-255,1484,173855,13,265613
23172,0.001794,172.31.36.0-255,66,173921,13,265613
23173,0.001801,74.125.68.0-255,5738,179659,13,265613
23174,0.001803,172.31.36.0-255,66,179725,13,265613
23175,0.001836,74.125.68.0-255,7156,186881,13,265613
23176,0.001839,172.31.36.0-255,66,186947,13,265613
23177,0.00188,172.31.36.0-255,66,187013,13,265613
23178,0.001914,74.125.68.0-255,3602,190615,13,265613
23179,0.001917,172.31.36.0-255,66,190681,13,265613
23180,0.002101,74.125.68.0-255,1484,192165,13,265613
23181,0.002124,74.125.68.0-255,2902,195067,13,265613
23182,0.002128,172.31.36.0-255,66,195133,13,265613
23183,0.002135,74.125.68.0-255,5738,200871,13,265613
23184,0.002137,172.31.36.0-255,66,200937,13,265613
23185,0.002141,74.125.68.0-255,2902,203839,13,265613
23186,0.002148,172.31.36.0-255,66,203905,13,265613
23187,0.002172,74.125.68.0-255,2902,206807,13,265613
23188,0.002175,172.31.36.0-255,66,206873,13,265613
23189,0.002187,74.125.68.0-255,7156,214029,13,265613
23190,0.002189,172.31.36.0-255,66,214095,13,265613
23191,0.002192,74.125.68.0-255,1484,215579,13,265613
23192,0.002231,74.125.68.0-255,9274,224853,13,265613
23193,0.002236,172.31.36.0-255,66,224919,13,265613
23194,0.00227,74.125.68.0-255,1484,226403,13,265613
23195,0.004508,74.125.68.0-255,4320,230723,13,265613
23196,0.004521,172.31.36.0-255,66,230789,13,265613
23197,0.006771,74.125.68.0-255,5738,236527,13,265613
23198,0.006776,172.31.36.0-255,66,236593,13,265613
23199,0.009045,74.125.68.0-255,5738,242331,13,265613
23200,0.009052,172.31.36.0-255,66,242397,13,265613
23201,0.01131,74.125.68.0-255,5738,248135,13,265613
23202,0.011318,172.31.36.0-255,66,248201,13,265613
23203,0.01358,74.125.68.0-255,5738,253939,13,265613
23204,0.013588,172.31.36.0-255,66,254005,13,265613
23205,0.015845,74.125.68.0-255,5738,259743,13,265613
23206,0.015856,172.31.36.0-255,66,259809,13,265613
23207,0.018161,74.125.68.0-255,5738,265547,13,265613
23208,0.018168,172.31.36.0-255,66,265613,13,265613
23209,0.0,172.217.160.0-255,152,152,13,164791
23210,4.7e-05,172.31.36.0-255,66,218,13,164791
23211,5.4e-05,172.217.160.0-255,1484,1702,13,164791
23212,5.8e-05,172.31.36.0-255,66,1768,13,164791
23213,6.4e-05,172.217.160.0-255,2902,4670,13,164791
23214,6.7e-05,172.31.36.0-255,66,4736,13,164791
23215,7.5e-05,172.217.160.0-255,7156,11892,13,164791
23216,7.8e-05,172.31.36.0-255,66,11958,13,164791
23217,8.2e-05,172.217.160.0-255,2093,14051,13,164791
23218,8.5e-05,172.31.36.0-255,66,14117,13,164791
23219,9e-05,172.217.160.0-255,2902,17019,13,164791
23220,9.3e-05,172.31.36.0-255,66,17085,13,164791
23221,0.0001,172.217.160.0-255,7156,24241,13,164791
23222,0.000103,172.31.36.0-255,66,24307,13,164791
23223,0.000108,172.217.160.0-255,4320,28627,13,164791
23224,0.00011,172.31.36.0-255,66,28693,13,164791
23225,0.00014,172.217.160.0-255,2543,31236,13,164791
23226,0.000144,172.31.36.0-255,66,31302,13,164791
23227,0.000319,172.217.160.0-255,1484,32786,13,164791
23228,0.000324,172.31.36.0-255,66,32852,13,164791
23229,0.00033,172.217.160.0-255,2902,35754,13,164791
23230,0.000333,172.31.36.0-255,66,35820,13,164791
23231,0.000338,172.217.160.0-255,4320,40140,13,164791
23232,0.000342,172.31.36.0-255,66,40206,13,164791
23233,0.000357,172.217.160.0-255,1484,41690,13,164791
23234,0.00036,172.217.160.0-255,1484,43174,13,164791
23235,0.000362,172.31.36.0-255,66,43240,13,164791
23236,0.000366,172.31.36.0-255,66,43306,13,164791
23237,0.000389,172.217.160.0-255,5379,48685,13,164791
23238,0.000393,172.31.36.0-255,66,48751,13,164791
23239,0.000413,172.217.160.0-255,1484,50235,13,164791
23240,0.000416,172.31.36.0-255,66,50301,13,164791
23241,0.000421,172.217.160.0-255,2902,53203,13,164791
23242,0.000423,172.31.36.0-255,66,53269,13,164791
23243,0.00045,172.217.160.0-255,5738,59007,13,164791
23244,0.000454,172.31.36.0-255,66,59073,13,164791
23245,0.000477,172.217.160.0-255,6797,65870,13,164791
23246,0.000481,172.31.36.0-255,66,65936,13,164791
23247,0.000499,172.217.160.0-255,334,66270,13,164791
23248,0.000751,172.217.160.0-255,123,66393,13,164791
23249,0.000816,172.217.160.0-255,382,66775,13,164791
23250,0.000883,172.31.36.0-255,66,66841,13,164791
23251,0.001205,172.217.160.0-255,1484,68325,13,164791
23252,0.001215,172.217.160.0-255,2902,71227,13,164791
23253,0.001219,172.31.36.0-255,66,71293,13,164791
23254,0.001226,172.217.160.0-255,4320,75613,13,164791
23255,0.001228,172.31.36.0-255,66,75679,13,164791
23256,0.001248,172.217.160.0-255,1484,77163,13,164791
23257,0.001253,172.217.160.0-255,2902,80065,13,164791
23258,0.001256,172.31.36.0-255,66,80131,13,164791
23259,0.001281,172.217.160.0-255,9992,90123,13,164791
23260,0.001284,172.31.36.0-255,66,90189,13,164791
23261,0.001294,172.217.160.0-255,10692,100881,13,164791
23262,0.001296,172.31.36.0-255,66,100947,13,164791
23263,0.002922,172.217.160.0-255,5738,106685,13,164791
23264,0.002929,172.31.36.0-255,66,106751,13,164791
23265,0.004554,172.217.160.0-255,5738,112489,13,164791
23266,0.004557,172.31.36.0-255,66,112555,13,164791
23267,0.00621,172.217.160.0-255,5738,118293,13,164791
23268,0.006214,172.31.36.0-255,66,118359,13,164791
23269,0.007852,172.217.160.0-255,5738,124097,13,164791
23270,0.007863,172.31.36.0-255,66,124163,13,164791
23271,0.009501,172.217.160.0-255,5738,129901,13,164791
23272,0.009512,172.31.36.0-255,66,129967,13,164791
23273,0.011155,172.217.160.0-255,5738,135705,13,164791
23274,0.011168,172.31.36.0-255,66,135771,13,164791
23275,0.012801,172.217.160.0-255,5738,141509,13,164791
23276,0.01281,172.31.36.0-255,66,141575,13,164791
23277,0.014454,172.217.160.0-255,5738,147313,13,164791
23278,0.014467,172.31.36.0-255,66,147379,13,164791
23279,0.016132,172.217.160.0-255,5738,153117,13,164791
23280,0.016148,172.31.36.0-255,66,153183,13,164791
23281,0.017786,172.217.160.0-255,5738,158921,13,164791
23282,0.017797,172.31.36.0-255,66,158987,13,164791
23283,0.019436,172.217.160.0-255,5738,164725,13,164791
23284,0.019449,172.31.36.0-255,66,164791,13,164791
23285,0.0,172.31.36.0-255,105,105,13,276
23286,0.001777,157.240.13.0-255,105,210,13,276
23287,0.001781,172.31.36.0-255,66,276,13,276
23288,0.0,74.125.68.0-255,153,153,13,341031
23289,1.7e-05,172.31.36.0-255,66,219,13,341031
23290,2.4e-05,74.125.68.0-255,1484,1703,13,341031
23291,2.8e-05,172.31.36.0-255,66,1769,13,341031
23292,3.1e-05,74.125.68.0-255,1484,3253,13,341031
23293,3.4e-05,172.31.36.0-255,66,3319,13,341031
23294,4.1e-05,74.125.68.0-255,2902,6221,13,341031
23295,4.4e-05,172.31.36.0-255,66,6287,13,341031
23296,7.6e-05,74.125.68.0-255,5738,12025,13,341031
23297,7.9e-05,172.31.36.0-255,66,12091,13,341031
23298,8.3e-05,74.125.68.0-255,2902,14993,13,341031
23299,8.6e-05,172.31.36.0-255,66,15059,13,341031
23300,0.0001,74.125.68.0-255,2041,17100,13,341031
23301,0.000102,172.31.36.0-255,66,17166,13,341031
23302,0.000106,74.125.68.0-255,2902,20068,13,341031
23303,0.000109,172.31.36.0-255,66,20134,13,341031
23304,0.000133,74.125.68.0-255,2902,23036,13,341031
23305,0.000135,172.31.36.0-255,66,23102,13,341031
23306,0.000139,74.125.68.0-255,1484,24586,13,341031
23307,0.000141,172.31.36.0-255,66,24652,13,341031
23308,0.000162,74.125.68.0-255,6797,31449,13,341031
23309,0.000165,172.31.36.0-255,66,31515,13,341031
23310,0.000207,74.125.68.0-255,1484,32999,13,341031
23311,0.00021,172.31.36.0-255,66,33065,13,341031
23312,0.000214,74.125.68.0-255,2902,35967,13,341031
23313,0.000217,172.31.36.0-255,66,36033,13,341031
23314,0.000223,74.125.68.0-255,5738,41771,13,341031
23315,0.000225,172.31.36.0-255,66,41837,13,341031
23316,0.000228,74.125.68.0-255,1484,43321,13,341031
23317,0.00023,172.31.36.0-255,66,43387,13,341031
23318,0.000251,74.125.68.0-255,2902,46289,13,341031
23319,0.000253,172.31.36.0-255,66,46355,13,341031
23320,0.000292,74.125.68.0-255,2543,48898,13,341031
23321,0.000344,74.125.68.0-255,2902,51800,13,341031
23322,0.000347,74.125.68.0-255,1484,53284,13,341031
23323,0.000352,74.125.68.0-255,2902,56186,13,341031
23324,0.000365,74.125.68.0-255,5738,61924,13,341031
23325,0.000394,74.125.68.0-255,4307,66231,13,341031
23326,0.000496,172.31.36.0-255,66,66297,13,341031
23327,0.000576,74.125.68.0-255,333,66630,13,341031
23328,0.000729,74.125.68.0-255,1484,68114,13,341031
23329,0.000735,74.125.68.0-255,2902,71016,13,341031
23330,0.000758,74.125.68.0-255,4320,75336,13,341031
23331,0.000763,172.31.36.0-255,66,75402,13,341031
23332,0.000772,172.31.36.0-255,66,75468,13,341031
23333,0.000805,74.125.68.0-255,8215,83683,13,341031
23334,0.00081,172.31.36.0-255,66,83749,13,341031
23335,0.000836,74.125.68.0-255,1484,85233,13,341031
23336,0.000854,74.125.68.0-255,4320,89553,13,341031
23337,0.000859,74.125.68.0-255,2902,92455,13,341031
23338,0.000877,74.125.68.0-255,4320,96775,13,341031
23339,0.00088,172.31.36.0-255,66,96841,13,341031
23340,0.000885,172.31.36.0-255,66,96907,13,341031
23341,0.000895,74.125.68.0-255,3961,100868,13,341031
23342,0.000918,172.31.36.0-255,66,100934,13,341031
23343,0.00117,74.125.68.0-255,1484,102418,13,341031
23344,0.001193,74.125.68.0-255,1484,103902,13,341031
23345,0.001196,172.31.36.0-255,66,103968,13,341031
23346,0.001216,74.125.68.0-255,1484,105452,13,341031
23347,0.00122,74.125.68.0-255,1484,106936,13,341031
23348,0.001237,74.125.68.0-255,2902,109838,13,341031
23349,0.00124,74.125.68.0-255,1484,111322,13,341031
23350,0.001242,172.31.36.0-255,66,111388,13,341031
23351,0.001248,172.31.36.0-255,66,111454,13,341031
23352,0.001267,74.125.68.0-255,7156,118610,13,341031
23353,0.001269,74.125.68.0-255,1484,120094,13,341031
23354,0.001279,172.31.36.0-255,66,120160,13,341031
23355,0.001289,74.125.68.0-255,4320,124480,13,341031
23356,0.001291,74.125.68.0-255,1484,125964,13,341031
23357,0.001296,172.31.36.0-255,66,126030,13,341031
23358,0.001308,74.125.68.0-255,5738,131768,13,341031
23359,0.001314,74.125.68.0-255,3602,135370,13,341031
23360,0.001342,172.31.36.0-255,66,135436,13,341031
23361,0.001362,74.125.68.0-255,1484,136920,13,341031
23362,0.001383,74.125.68.0-255,2902,139822,13,341031
23363,0.001399,172.31.36.0-255,66,139888,13,341031
23364,0.001407,74.125.68.0-255,1484,141372,13,341031
23365,0.001422,74.125.68.0-255,2902,144274,13,341031
23366,0.001426,74.125.68.0-255,1484,145758,13,341031
23367,0.001442,74.125.68.0-255,4320,150078,13,341031
23368,0.001458,172.31.36.0-255,66,150144,13,341031
23369,0.001466,74.125.68.0-255,1484,151628,13,341031
23370,0.001485,74.125.68.0-255,9992,161620,13,341031
23371,0.001491,74.125.68.0-255,4320,165940,13,341031
23372,0.00151,74.125.68.0-255,1484,167424,13,341031
23373,0.001527,74.125.68.0-255,2184,169608,13,341031
23374,0.001534,172.31.36.0-255,66,169674,13,341031
23375,0.001561,74.125.68.0-255,2902,172576,13,341031
23376,0.001568,74.125.68.0-255,4320,176896,13,341031
23377,0.001574,172.31.36.0-255,66,176962,13,341031
23378,0.001611,74.125.68.0-255,5738,182700,13,341031
23379,0.001628,74.125.68.0-255,2902,185602,13,341031
23380,0.001637,172.31.36.0-255,66,185668,13,341031
23381,0.001648,74.125.68.0-255,4320,189988,13,341031
23382,0.001654,172.31.36.0-255,66,190054,13,341031
23383,0.001668,74.125.68.0-255,5738,195792,13,341031
23384,0.001688,74.125.68.0-255,5738,201530,13,341031
23385,0.001693,172.31.36.0-255,66,201596,13,341031
23386,0.00171,74.125.68.0-255,2184,203780,13,341031
23387,0.001719,172.31.36.0-255,66,203846,13,341031
23388,0.001735,74.125.68.0-255,1484,205330,13,341031
23389,0.00175,74.125.68.0-255,1484,206814,13,341031
23390,0.001766,74.125.68.0-255,4320,211134,13,341031
23391,0.001769,74.125.68.0-255,1484,212618,13,341031
23392,0.001774,172.31.36.0-255,66,212684,13,341031
23393,0.001791,74.125.68.0-255,4320,217004,13,341031
23394,0.001853,74.125.68.0-255,4320,221324,13,341031
23395,0.001858,172.31.36.0-255,66,221390,13,341031
23396,0.001903,74.125.68.0-255,3602,224992,13,341031
23397,0.001906,74.125.68.0-255,1484,226476,13,341031
23398,0.00191,172.31.36.0-255,66,226542,13,341031
23399,0.001927,74.125.68.0-255,5738,232280,13,341031
23400,0.001932,172.31.36.0-255,66,232346,13,341031
23401,0.001956,74.125.68.0-255,8574,240920,13,341031
23402,0.001963,74.125.68.0-255,5738,246658,13,341031
23403,0.00198,74.125.68.0-255,2184,248842,13,341031
23404,0.001983,172.31.36.0-255,66,248908,13,341031
23405,0.001988,172.31.36.0-255,66,248974,13,341031
23406,0.002002,74.125.68.0-255,2902,251876,13,341031
23407,0.002019,172.31.36.0-255,66,251942,13,341031
23408,0.002034,74.125.68.0-255,5738,257680,13,341031
23409,0.002051,74.125.68.0-255,1484,259164,13,341031
23410,0.002058,74.125.68.0-255,5738,264902,13,341031
23411,0.002072,74.125.68.0-255,2902,267804,13,341031
23412,0.002076,74.125.68.0-255,2902,270706,13,341031
23413,0.002079,172.31.36.0-255,66,270772,13,341031
23414,0.002084,172.31.36.0-255,66,270838,13,341031
23415,0.002107,74.125.68.0-255,9992,280830,13,341031
23416,0.002123,172.31.36.0-255,66,280896,13,341031
23417,0.002127,74.125.68.0-255,2184,283080,13,341031
23418,0.002137,172.31.36.0-255,66,283146,13,341031
23419,0.00216,74.125.68.0-255,1484,284630,13,341031
23420,0.002179,74.125.68.0-255,1484,286114,13,341031
23421,0.002182,74.125.68.0-255,1484,287598,13,341031
23422,0.002192,172.31.36.0-255,66,287664,13,341031
23423,0.002197,74.125.68.0-255,2902,290566,13,341031
23424,0.002201,172.31.36.0-255,66,290632,13,341031
23425,0.002213,74.125.68.0-255,2902,293534,13,341031
23426,0.002232,74.125.68.0-255,2902,296436,13,341031
23427,0.00224,172.31.36.0-255,66,296502,13,341031
23428,0.002249,74.125.68.0-255,4320,300822,13,341031
23429,0.002263,74.125.68.0-255,4320,305142,13,341031
23430,0.002268,172.31.36.0-255,66,305208,13,341031
23431,0.002292,74.125.68.0-255,8574,313782,13,341031
23432,0.002298,172.31.36.0-255,66,313848,13,341031
23433,0.002307,74.125.68.0-255,1484,315332,13,341031
23434,0.002311,74.125.68.0-255,2184,317516,13,341031
23435,0.00233,172.31.36.0-255,66,317582,13,341031
23436,0.002776,172.31.36.0-255,101,317683,13,341031
23437,0.004592,74.125.68.0-255,1484,319167,13,341031
23438,0.004627,74.125.68.0-255,4320,323487,13,341031
23439,0.004632,172.31.36.0-255,66,323553,13,341031
23440,0.005055,74.125.68.0-255,66,323619,13,341031
23441,0.006937,74.125.68.0-255,5738,329357,13,341031
23442,0.00972,172.31.36.0-255,66,329423,13,341031
23443,0.01203,74.125.68.0-255,5738,335161,13,341031
23444,0.01204,172.31.36.0-255,66,335227,13,341031
23445,0.014354,74.125.68.0-255,5738,340965,13,341031
23446,0.019878,172.31.36.0-255,66,341031,13,341031
23447,0.0,74.125.24.0-255,153,153,13,314098
23448,2.6e-05,172.31.36.0-255,66,219,13,314098
23449,3.2e-05,74.125.24.0-255,1484,1703,13,314098
23450,3.6e-05,172.31.36.0-255,66,1769,13,314098
23451,4.1e-05,74.125.24.0-255,2902,4671,13,314098
23452,5.5e-05,172.31.36.0-255,66,4737,13,314098
23453,5.8e-05,74.125.24.0-255,1484,6221,13,314098
23454,6e-05,172.31.36.0-255,66,6287,13,314098
23455,6.8e-05,74.125.24.0-255,5738,12025,13,314098
23456,7e-05,172.31.36.0-255,66,12091,13,314098
23457,0.0001,74.125.24.0-255,2038,14129,13,314098
23458,0.000103,172.31.36.0-255,66,14195,13,314098
23459,0.000125,74.125.24.0-255,2902,17097,13,314098
23460,0.000129,172.31.36.0-255,66,17163,13,314098
23461,0.000134,74.125.24.0-255,4320,21483,13,314098
23462,0.000136,172.31.36.0-255,66,21549,13,314098
23463,0.000177,74.125.24.0-255,8574,30123,13,314098
23464,0.000181,172.31.36.0-255,66,30189,13,314098
23465,0.000184,74.125.24.0-255,1484,31673,13,314098
23466,0.000186,172.31.36.0-255,66,31739,13,314098
23467,0.000221,74.125.24.0-255,8215,39954,13,314098
23468,0.000225,172.31.36.0-255,66,40020,13,314098
23469,0.000239,74.125.24.0-255,4320,44340,13,314098
23470,0.000245,172.31.36.0-255,66,44406,13,314098
23471,0.000263,74.125.24.0-255,3961,48367,13,314098
23472,0.000266,172.31.36.0-255,66,48433,13,314098
23473,0.000273,74.125.24.0-255,8574,57007,13,314098
23474,0.000276,172.31.36.0-255,66,57073,13,314098
23475,0.000288,74.125.24.0-255,2902,59975,13,314098
23476,0.000291,172.31.36.0-255,66,60041,13,314098
23477,0.000318,74.125.24.0-255,5379,65420,13,314098
23478,0.00032,74.125.24.0-255,398,65818,13,314098
23479,0.000324,172.31.36.0-255,66,65884,13,314098
23480,0.000605,74.125.24.0-255,346,66230,13,314098
23481,0.00077,74.125.24.0-255,1484,67714,13,314098
23482,0.000775,172.31.36.0-255,66,67780,13,314098
23483,0.000781,74.125.24.0-255,2902,70682,13,314098
23484,0.000783,172.31.36.0-255,66,70748,13,314098
23485,0.000789,74.125.24.0-255,5738,76486,13,314098
23486,0.000798,172.31.36.0-255,66,76552,13,314098
23487,0.000804,74.125.24.0-255,4320,80872,13,314098
23488,0.000806,172.31.36.0-255,66,80938,13,314098
23489,0.000845,172.31.36.0-255,66,81004,13,314098
23490,0.0009,74.125.24.0-255,7856,88860,13,314098
23491,0.000903,172.31.36.0-255,66,88926,13,314098
23492,0.00109,74.125.24.0-255,1484,90410,13,314098
23493,0.001098,74.125.24.0-255,2902,93312,13,314098
23494,0.001101,172.31.36.0-255,66,93378,13,314098
23495,0.001133,74.125.24.0-255,5738,99116,13,314098
23496,0.001137,172.31.36.0-255,66,99182,13,314098
23497,0.00115,172.31.36.0-255,66,99248,13,314098
23498,0.001185,74.125.24.0-255,1484,100732,13,314098
23499,0.001196,74.125.24.0-255,10692,111424,13,314098
23500,0.001199,172.31.36.0-255,66,111490,13,314098
23501,0.001678,74.125.24.0-255,1484,112974,13,314098
23502,0.001688,74.125.24.0-255,2902,115876,13,314098
23503,0.001692,172.31.36.0-255,66,115942,13,314098
23504,0.0017,74.125.24.0-255,5738,121680,13,314098
23505,0.001702,172.31.36.0-255,66,121746,13,314098
23506,0.001716,74.125.24.0-255,7156,128902,13,314098
23507,0.001719,172.31.36.0-255,66,128968,13,314098
23508,0.001732,74.125.24.0-255,2902,131870,13,314098
23509,0.001734,172.31.36.0-255,66,131936,13,314098
23510,0.001767,74.125.24.0-255,5738,137674,13,314098
23511,0.00177,172.31.36.0-255,66,137740,13,314098
23512,0.00179,74.125.24.0-255,7856,145596,13,314098
23513,0.001793,172.31.36.0-255,66,145662,13,314098
23514,0.002158,74.125.24.0-255,1484,147146,13,314098
23515,0.002165,74.125.24.0-255,2902,150048,13,314098
23516,0.002169,172.31.36.0-255,66,150114,13,314098
23517,0.002174,74.125.24.0-255,2902,153016,13,314098
23518,0.002176,172.31.36.0-255,66,153082,13,314098
23519,0.002193,74.125.24.0-255,2902,155984,13,314098
23520,0.002195,172.31.36.0-255,66,156050,13,314098
23521,0.002201,74.125.24.0-255,5738,161788,13,314098
23522,0.002207,172.31.36.0-255,66,161854,13,314098
23523,0.002242,74.125.24.0-255,7156,169010,13,314098
23524,0.002245,172.31.36.0-255,66,169076,13,314098
23525,0.002254,74.125.24.0-255,10692,179768,13,314098
23526,0.002257,172.31.36.0-255,66,179834,13,314098
23527,0.002298,74.125.24.0-255,1484,181318,13,314098
23528,0.002312,74.125.24.0-255,2902,184220,13,314098
23529,0.002315,172.31.36.0-255,66,184286,13,314098
23530,0.002322,74.125.24.0-255,5738,190024,13,314098
23531,0.002323,172.31.36.0-255,66,190090,13,314098
23532,0.002347,74.125.24.0-255,7156,197246,13,314098
23533,0.002351,172.31.36.0-255,66,197312,13,314098
23534,0.002385,74.125.24.0-255,9992,207304,13,314098
23535,0.002388,172.31.36.0-255,66,207370,13,314098
23536,0.002411,74.125.24.0-255,4320,211690,13,314098
23537,0.002414,172.31.36.0-255,66,211756,13,314098
23538,0.00242,74.125.24.0-255,5738,217494,13,314098
23539,0.002422,172.31.36.0-255,66,217560,13,314098
23540,0.002456,74.125.24.0-255,9274,226834,13,314098
23541,0.002458,172.31.36.0-255,66,226900,13,314098
23542,0.002462,74.125.24.0-255,2902,229802,13,314098
23543,0.002465,172.31.36.0-255,66,229868,13,314098
23544,0.002472,74.125.24.0-255,1484,231352,13,314098
23545,0.00248,74.125.24.0-255,8574,239926,13,314098
23546,0.002483,172.31.36.0-255,66,239992,13,314098
23547,0.002506,74.125.24.0-255,7856,247848,13,314098
23548,0.002509,172.31.36.0-255,66,247914,13,314098
23549,0.002532,74.125.24.0-255,1484,249398,13,314098
23550,0.00255,74.125.24.0-255,1484,250882,13,314098
23551,0.002553,172.31.36.0-255,66,250948,13,314098
23552,0.002559,74.125.24.0-255,4320,255268,13,314098
23553,0.002561,172.31.36.0-255,66,255334,13,314098
23554,0.002596,74.125.24.0-255,2902,258236,13,314098
23555,0.002598,172.31.36.0-255,66,258302,13,314098
23556,0.002627,74.125.24.0-255,4320,262622,13,314098
23557,0.00263,172.31.36.0-255,66,262688,13,314098
23558,0.002643,172.31.36.0-255,66,262754,13,314098
23559,0.002648,74.125.24.0-255,5738,268492,13,314098
23560,0.002651,172.31.36.0-255,66,268558,13,314098
23561,0.002653,74.125.24.0-255,766,269324,13,314098
23562,0.002676,74.125.24.0-255,1484,270808,13,314098
23563,0.002678,172.31.36.0-255,66,270874,13,314098
23564,0.002687,74.125.24.0-255,2902,273776,13,314098
23565,0.002689,172.31.36.0-255,66,273842,13,314098
23566,0.002693,74.125.24.0-255,2902,276744,13,314098
23567,0.002695,172.31.36.0-255,66,276810,13,314098
23568,0.002706,74.125.24.0-255,2902,279712,13,314098
23569,0.002708,172.31.36.0-255,66,279778,13,314098
23570,0.00274,172.31.36.0-255,66,279844,13,314098
23571,0.002748,74.125.24.0-255,8574,288418,13,314098
23572,0.00275,172.31.36.0-255,66,288484,13,314098
23573,0.002775,74.125.24.0-255,2902,291386,13,314098
23574,0.002777,172.31.36.0-255,66,291452,13,314098
23575,0.002814,172.31.36.0-255,66,291518,13,314098
23576,0.002818,74.125.24.0-255,2902,294420,13,314098
23577,0.00282,172.31.36.0-255,66,294486,13,314098
23578,0.002856,74.125.24.0-255,8574,303060,13,314098
23579,0.002858,172.31.36.0-255,66,303126,13,314098
23580,0.002867,74.125.24.0-255,10564,313690,13,314098
23581,0.002874,172.31.36.0-255,66,313756,13,314098
23582,0.002896,74.125.24.0-255,105,313861,13,314098
23583,0.009497,172.31.36.0-255,66,313927,13,314098
23584,0.009527,172.31.36.0-255,105,314032,13,314098
23585,0.011839,74.125.24.0-255,66,314098,13,314098
23586,0.0,216.58.203.0-255,146,146,13,156357
23587,3.6e-05,172.31.36.0-255,66,212,13,156357
23588,4.3e-05,216.58.203.0-255,1484,1696,13,156357
23589,4.8e-05,172.31.36.0-255,66,1762,13,156357
23590,6.2e-05,216.58.203.0-255,2902,4664,13,156357
23591,6.5e-05,172.31.36.0-255,66,4730,13,156357
23592,7.3e-05,216.58.203.0-255,7156,11886,13,156357
23593,7.6e-05,172.31.36.0-255,66,11952,13,156357
23594,8e-05,216.58.203.0-255,2003,13955,13,156357
23595,8.2e-05,172.31.36.0-255,66,14021,13,156357
23596,0.000147,216.58.203.0-255,1484,15505,13,156357
23597,0.000151,172.31.36.0-255,66,15571,13,156357
23598,0.000169,216.58.203.0-255,2902,18473,13,156357
23599,0.000172,172.31.36.0-255,66,18539,13,156357
23600,0.00018,216.58.203.0-255,5738,24277,13,156357
23601,0.000183,172.31.36.0-255,66,24343,13,156357
23602,0.000218,216.58.203.0-255,6797,31140,13,156357
23603,0.00022,172.31.36.0-255,66,31206,13,156357
23604,0.000431,216.58.203.0-255,1484,32690,13,156357
23605,0.000435,172.31.36.0-255,66,32756,13,156357
23606,0.000467,216.58.203.0-255,2902,35658,13,156357
23607,0.00047,172.31.36.0-255,66,35724,13,156357
23608,0.000476,216.58.203.0-255,5738,41462,13,156357
23609,0.000479,172.31.36.0-255,66,41528,13,156357
23610,0.000482,216.58.203.0-255,1484,43012,13,156357
23611,0.00049,172.31.36.0-255,66,43078,13,156357
23612,0.000533,172.31.36.0-255,66,43144,13,156357
23613,0.000536,216.58.203.0-255,1484,44628,13,156357
23614,0.000542,172.31.36.0-255,66,44694,13,156357
23615,0.000562,216.58.203.0-255,9962,54656,13,156357
23616,0.000565,172.31.36.0-255,66,54722,13,156357
23617,0.000778,216.58.203.0-255,350,55072,13,156357
23618,0.000881,172.31.36.0-255,66,55138,13,156357
23619,0.000909,216.58.203.0-255,1484,56622,13,156357
23620,0.000915,216.58.203.0-255,2902,59524,13,156357
23621,0.000919,172.31.36.0-255,66,59590,13,156357
23622,0.000951,216.58.203.0-255,5738,65328,13,156357
23623,0.000954,172.31.36.0-255,66,65394,13,156357
23624,0.000957,216.58.203.0-255,1484,66878,13,156357
23625,0.000961,216.58.203.0-255,2902,69780,13,156357
23626,0.000963,172.31.36.0-255,66,69846,13,156357
23627,0.000972,216.58.203.0-255,1484,71330,13,156357
23628,0.000998,216.58.203.0-255,5379,76709,13,156357
23629,0.001001,172.31.36.0-255,66,76775,13,156357
23630,0.001014,172.31.36.0-255,66,76841,13,156357
23631,0.00144,216.58.203.0-255,1484,78325,13,156357
23632,0.00145,216.58.203.0-255,2902,81227,13,156357
23633,0.001454,172.31.36.0-255,66,81293,13,156357
23634,0.00146,216.58.203.0-255,2902,84195,13,156357
23635,0.001462,172.31.36.0-255,66,84261,13,156357
23636,0.001489,216.58.203.0-255,2902,87163,13,156357
23637,0.001492,172.31.36.0-255,66,87229,13,156357
23638,0.001511,172.31.36.0-255,66,87295,13,156357
23639,0.001521,216.58.203.0-255,8574,95869,13,156357
23640,0.001524,172.31.36.0-255,66,95935,13,156357
23641,0.001577,216.58.203.0-255,2184,98119,13,156357
23642,0.00158,172.31.36.0-255,66,98185,13,156357
23643,0.003208,216.58.203.0-255,2902,101087,13,156357
23644,0.003219,172.31.36.0-255,66,101153,13,156357
23645,0.003249,216.58.203.0-255,2902,104055,13,156357
23646,0.003252,172.31.36.0-255,66,104121,13,156357
23647,0.004904,216.58.203.0-255,5738,109859,13,156357
23648,0.004911,172.31.36.0-255,66,109925,13,156357
23649,0.00658,216.58.203.0-255,5738,115663,13,156357
23650,0.006583,172.31.36.0-255,66,115729,13,156357
23651,0.008271,216.58.203.0-255,5738,121467,13,156357
23652,0.008278,172.31.36.0-255,66,121533,13,156357
23653,0.009963,216.58.203.0-255,5738,127271,13,156357
23654,0.009973,172.31.36.0-255,66,127337,13,156357
23655,0.011663,216.58.203.0-255,5738,133075,13,156357
23656,0.011675,172.31.36.0-255,66,133141,13,156357
23657,0.013372,216.58.203.0-255,5738,138879,13,156357
23658,0.013386,172.31.36.0-255,66,138945,13,156357
23659,0.015103,216.58.203.0-255,5738,144683,13,156357
23660,0.015121,172.31.36.0-255,66,144749,13,156357
23661,0.016803,216.58.203.0-255,5738,150487,13,156357
23662,0.01681,172.31.36.0-255,66,150553,13,156357
23663,0.018514,216.58.203.0-255,5738,156291,13,156357
23664,0.018531,172.31.36.0-255,66,156357,13,156357
23665,0.0,74.125.24.0-255,153,153,13,159325
23666,1.8e-05,172.31.36.0-255,66,219,13,159325
23667,2.5e-05,74.125.24.0-255,1484,1703,13,159325
23668,2.9e-05,172.31.36.0-255,66,1769,13,159325
23669,4.4e-05,74.125.24.0-255,2902,4671,13,159325
23670,4.9e-05,172.31.36.0-255,66,4737,13,159325
23671,5.7e-05,74.125.24.0-255,7156,11893,13,159325
23672,6.1e-05,172.31.36.0-255,66,11959,13,159325
23673,6.5e-05,74.125.24.0-255,2054,14013,13,159325
23674,6.7e-05,172.31.36.0-255,66,14079,13,159325
23675,9.8e-05,74.125.24.0-255,7156,21235,13,159325
23676,0.000101,172.31.36.0-255,66,21301,13,159325
23677,0.000135,74.125.24.0-255,4320,25621,13,159325
23678,0.000138,172.31.36.0-255,66,25687,13,159325
23679,0.000144,74.125.24.0-255,5379,31066,13,159325
23680,0.000147,172.31.36.0-255,66,31132,13,159325
23681,0.000201,74.125.24.0-255,1484,32616,13,159325
23682,0.000204,172.31.36.0-255,66,32682,13,159325
23683,0.000211,74.125.24.0-255,2902,35584,13,159325
23684,0.000213,172.31.36.0-255,66,35650,13,159325
23685,0.000241,74.125.24.0-255,5738,41388,13,159325
23686,0.000244,172.31.36.0-255,66,41454,13,159325
23687,0.000283,172.31.36.0-255,66,41520,13,159325
23688,0.000286,74.125.24.0-255,1484,43004,13,159325
23689,0.000289,172.31.36.0-255,66,43070,13,159325
23690,0.000325,74.125.24.0-255,9571,52641,13,159325
23691,0.000328,172.31.36.0-255,66,52707,13,159325
23692,0.000549,74.125.24.0-255,132,52839,13,159325
23693,0.000554,172.31.36.0-255,66,52905,13,159325
23694,0.00076,74.125.24.0-255,1484,54389,13,159325
23695,0.000764,172.31.36.0-255,66,54455,13,159325
23696,0.000778,74.125.24.0-255,2902,57357,13,159325
23697,0.000783,172.31.36.0-255,66,57423,13,159325
23698,0.000788,74.125.24.0-255,2902,60325,13,159325
23699,0.00079,172.31.36.0-255,66,60391,13,159325
23700,0.000828,74.125.24.0-255,2902,63293,13,159325
23701,0.000831,172.31.36.0-255,66,63359,13,159325
23702,0.000848,172.31.36.0-255,66,63425,13,159325
23703,0.000861,74.125.24.0-255,10692,74117,13,159325
23704,0.000863,172.31.36.0-255,66,74183,13,159325
23705,0.00128,74.125.24.0-255,1484,75667,13,159325
23706,0.001288,74.125.24.0-255,2902,78569,13,159325
23707,0.001292,172.31.36.0-255,66,78635,13,159325
23708,0.001299,74.125.24.0-255,5738,84373,13,159325
23709,0.001301,172.31.36.0-255,66,84439,13,159325
23710,0.001345,172.31.36.0-255,66,84505,13,159325
23711,0.001382,74.125.24.0-255,7156,91661,13,159325
23712,0.001385,172.31.36.0-255,66,91727,13,159325
23713,0.001413,74.125.24.0-255,3602,95329,13,159325
23714,0.001416,172.31.36.0-255,66,95395,13,159325
23715,0.001651,74.125.24.0-255,1484,96879,13,159325
23716,0.001657,74.125.24.0-255,2902,99781,13,159325
23717,0.00166,172.31.36.0-255,66,99847,13,159325
23718,0.001693,74.125.24.0-255,5738,105585,13,159325
23719,0.001696,172.31.36.0-255,66,105651,13,159325
23720,0.001699,74.125.24.0-255,1484,107135,13,159325
23721,0.001711,74.125.24.0-255,8574,115709,13,159325
23722,0.001713,172.31.36.0-255,66,115775,13,159325
23723,0.001791,172.31.36.0-255,66,115841,13,159325
23724,0.001814,172.31.36.0-255,66,115907,13,159325
23725,0.001837,74.125.24.0-255,1484,117391,13,159325
23726,0.001874,74.125.24.0-255,7856,125247,13,159325
23727,0.001877,172.31.36.0-255,66,125313,13,159325
23728,0.001909,74.125.24.0-255,7156,132469,13,159325
23729,0.001912,172.31.36.0-255,66,132535,13,159325
23730,0.00194,74.125.24.0-255,4320,136855,13,159325
23731,0.001943,172.31.36.0-255,66,136921,13,159325
23732,0.001949,74.125.24.0-255,4320,141241,13,159325
23733,0.001951,172.31.36.0-255,66,141307,13,159325
23734,0.001986,172.31.36.0-255,66,141373,13,159325
23735,0.002076,172.31.36.0-255,66,141439,13,159325
23736,0.002161,74.125.24.0-255,7156,148595,13,159325
23737,0.002165,172.31.36.0-255,66,148661,13,159325
23738,0.002222,172.31.36.0-255,66,148727,13,159325
23739,0.002296,74.125.24.0-255,9992,158719,13,159325
23740,0.002301,172.31.36.0-255,66,158785,13,159325
23741,0.002403,172.31.36.0-255,66,158851,13,159325
23742,0.002431,172.31.36.0-255,66,158917,13,159325
23743,0.00253,172.31.36.0-255,66,158983,13,159325
23744,0.002557,74.125.24.0-255,105,159088,13,159325
23745,0.009714,172.31.36.0-255,66,159154,13,159325
23746,0.009747,172.31.36.0-255,105,159259,13,159325
23747,0.012194,74.125.24.0-255,66,159325,13,159325
23748,0.0,74.125.68.0-255,153,153,13,360033
23749,1.3e-05,172.31.36.0-255,66,219,13,360033
23750,3.3e-05,74.125.68.0-255,1484,1703,13,360033
23751,3.7e-05,172.31.36.0-255,66,1769,13,360033
23752,4.3e-05,74.125.68.0-255,2902,4671,13,360033
23753,4.6e-05,172.31.36.0-255,66,4737,13,360033
23754,5.1e-05,74.125.68.0-255,2902,7639,13,360033
23755,5.3e-05,172.31.36.0-255,66,7705,13,360033
23756,8.2e-05,74.125.68.0-255,4320,12025,13,360033
23757,8.5e-05,172.31.36.0-255,66,12091,13,360033
23758,0.000105,74.125.68.0-255,2066,14157,13,360033
23759,0.000107,172.31.36.0-255,66,14223,13,360033
23760,0.000162,74.125.68.0-255,2902,17125,13,360033
23761,0.000165,172.31.36.0-255,66,17191,13,360033
23762,0.000169,74.125.68.0-255,2902,20093,13,360033
23763,0.000172,172.31.36.0-255,66,20159,13,360033
23764,0.000177,74.125.68.0-255,4320,24479,13,360033
23765,0.000179,172.31.36.0-255,66,24545,13,360033
23766,0.000203,74.125.68.0-255,2902,27447,13,360033
23767,0.000206,172.31.36.0-255,66,27513,13,360033
23768,0.000226,74.125.68.0-255,3961,31474,13,360033
23769,0.000229,172.31.36.0-255,66,31540,13,360033
23770,0.000401,74.125.68.0-255,1484,33024,13,360033
23771,0.000407,172.31.36.0-255,66,33090,13,360033
23772,0.000431,74.125.68.0-255,2902,35992,13,360033
23773,0.000435,172.31.36.0-255,66,36058,13,360033
23774,0.000441,74.125.68.0-255,5738,41796,13,360033
23775,0.000443,172.31.36.0-255,66,41862,13,360033
23776,0.000471,74.125.68.0-255,8215,50077,13,360033
23777,0.000475,172.31.36.0-255,66,50143,13,360033
23778,0.000479,74.125.68.0-255,2902,53045,13,360033
23779,0.000481,172.31.36.0-255,66,53111,13,360033
23780,0.00051,74.125.68.0-255,5738,58849,13,360033
23781,0.000514,172.31.36.0-255,66,58915,13,360033
23782,0.000521,74.125.68.0-255,6797,65712,13,360033
23783,0.000524,172.31.36.0-255,66,65778,13,360033
23784,0.000542,74.125.68.0-255,413,66191,13,360033
23785,0.000581,74.125.68.0-255,331,66522,13,360033
23786,0.000857,74.125.68.0-255,1484,68006,13,360033
23787,0.000861,172.31.36.0-255,66,68072,13,360033
23788,0.000891,74.125.68.0-255,2902,70974,13,360033
23789,0.000894,172.31.36.0-255,66,71040,13,360033
23790,0.000901,74.125.68.0-255,4320,75360,13,360033
23791,0.000903,172.31.36.0-255,66,75426,13,360033
23792,0.000907,74.125.68.0-255,2902,78328,13,360033
23793,0.000909,172.31.36.0-255,66,78394,13,360033
23794,0.000929,74.125.68.0-255,5738,84132,13,360033
23795,0.000932,172.31.36.0-255,66,84198,13,360033
23796,0.000939,74.125.68.0-255,7156,91354,13,360033
23797,0.000941,172.31.36.0-255,66,91420,13,360033
23798,0.000961,74.125.68.0-255,1484,92904,13,360033
23799,0.000985,74.125.68.0-255,7856,100760,13,360033
23800,0.000988,172.31.36.0-255,66,100826,13,360033
23801,0.001019,74.125.68.0-255,1484,102310,13,360033
23802,0.001031,74.125.68.0-255,2902,105212,13,360033
23803,0.001034,172.31.36.0-255,66,105278,13,360033
23804,0.001051,74.125.68.0-255,1484,106762,13,360033
23805,0.001067,74.125.68.0-255,4320,111082,13,360033
23806,0.00107,172.31.36.0-255,66,111148,13,360033
23807,0.001077,74.125.68.0-255,7156,118304,13,360033
23808,0.00108,172.31.36.0-255,66,118370,13,360033
23809,0.001109,74.125.68.0-255,1484,119854,13,360033
23810,0.001133,74.125.68.0-255,7156,127010,13,360033
23811,0.001136,172.31.36.0-255,66,127076,13,360033
23812,0.001145,74.125.68.0-255,7856,134932,13,360033
23813,0.001147,172.31.36.0-255,66,134998,13,360033
23814,0.001169,74.125.68.0-255,1484,136482,13,360033
23815,0.001174,74.125.68.0-255,2902,139384,13,360033
23816,0.001177,172.31.36.0-255,66,139450,13,360033
23817,0.0012,74.125.68.0-255,5738,145188,13,360033
23818,0.001203,172.31.36.0-255,66,145254,13,360033
23819,0.001219,74.125.68.0-255,1484,146738,13,360033
23820,0.001233,74.125.68.0-255,4320,151058,13,360033
23821,0.001236,172.31.36.0-255,66,151124,13,360033
23822,0.001262,74.125.68.0-255,7156,158280,13,360033
23823,0.001265,172.31.36.0-255,66,158346,13,360033
23824,0.001283,74.125.68.0-255,1484,159830,13,360033
23825,0.0013,74.125.68.0-255,9274,169104,13,360033
23826,0.001303,172.31.36.0-255,66,169170,13,360033
23827,0.00132,74.125.68.0-255,2902,172072,13,360033
23828,0.001323,172.31.36.0-255,66,172138,13,360033
23829,0.001332,74.125.68.0-255,2902,175040,13,360033
23830,0.001335,172.31.36.0-255,66,175106,13,360033
23831,0.001348,74.125.68.0-255,1484,176590,13,360033
23832,0.001352,74.125.68.0-255,2902,179492,13,360033
23833,0.001355,172.31.36.0-255,66,179558,13,360033
23834,0.001387,74.125.68.0-255,5738,185296,13,360033
23835,0.001391,172.31.36.0-255,66,185362,13,360033
23836,0.001397,74.125.68.0-255,5738,191100,13,360033
23837,0.001399,172.31.36.0-255,66,191166,13,360033
23838,0.001406,74.125.68.0-255,7156,198322,13,360033
23839,0.001409,172.31.36.0-255,66,198388,13,360033
23840,0.001438,74.125.68.0-255,5020,203408,13,360033
23841,0.001441,172.31.36.0-255,66,203474,13,360033
23842,0.001483,74.125.68.0-255,1484,204958,13,360033
23843,0.001497,74.125.68.0-255,2902,207860,13,360033
23844,0.0015,172.31.36.0-255,66,207926,13,360033
23845,0.001504,74.125.68.0-255,1484,209410,13,360033
23846,0.001523,74.125.68.0-255,4320,213730,13,360033
23847,0.001526,172.31.36.0-255,66,213796,13,360033
23848,0.00153,74.125.68.0-255,2902,216698,13,360033
23849,0.001532,172.31.36.0-255,66,216764,13,360033
23850,0.001567,74.125.68.0-255,9992,226756,13,360033
23851,0.001569,172.31.36.0-255,66,226822,13,360033
23852,0.001588,74.125.68.0-255,4320,231142,13,360033
23853,0.001592,172.31.36.0-255,66,231208,13,360033
23854,0.001618,74.125.68.0-255,6438,237646,13,360033
23855,0.001621,172.31.36.0-255,66,237712,13,360033
23856,0.001675,74.125.68.0-255,1484,239196,13,360033
23857,0.001694,74.125.68.0-255,2902,242098,13,360033
23858,0.001697,172.31.36.0-255,66,242164,13,360033
23859,0.001704,74.125.68.0-255,5738,247902,13,360033
23860,0.001707,172.31.36.0-255,66,247968,13,360033
23861,0.001747,74.125.68.0-255,7156,255124,13,360033
23862,0.00175,172.31.36.0-255,66,255190,13,360033
23863,0.001779,74.125.68.0-255,4320,259510,13,360033
23864,0.001782,172.31.36.0-255,66,259576,13,360033
23865,0.001796,172.31.36.0-255,66,259642,13,360033
23866,0.001846,74.125.68.0-255,1484,261126,13,360033
23867,0.001861,74.125.68.0-255,2902,264028,13,360033
23868,0.001863,172.31.36.0-255,66,264094,13,360033
23869,0.001881,74.125.68.0-255,5738,269832,13,360033
23870,0.001884,172.31.36.0-255,66,269898,13,360033
23871,0.001888,74.125.68.0-255,2902,272800,13,360033
23872,0.00189,172.31.36.0-255,66,272866,13,360033
23873,0.001896,74.125.68.0-255,4320,277186,13,360033
23874,0.001899,172.31.36.0-255,66,277252,13,360033
23875,0.001913,74.125.68.0-255,1484,278736,13,360033
23876,0.001929,74.125.68.0-255,7156,285892,13,360033
23877,0.001932,172.31.36.0-255,66,285958,13,360033
23878,0.001935,74.125.68.0-255,1484,287442,13,360033
23879,0.001956,74.125.68.0-255,5738,293180,13,360033
23880,0.001995,172.31.36.0-255,66,293246,13,360033
23881,0.002012,74.125.68.0-255,7856,301102,13,360033
23882,0.002015,172.31.36.0-255,66,301168,13,360033
23883,0.002021,74.125.68.0-255,5738,306906,13,360033
23884,0.002023,172.31.36.0-255,66,306972,13,360033
23885,0.002031,74.125.68.0-255,7156,314128,13,360033
23886,0.002033,172.31.36.0-255,66,314194,13,360033
23887,0.002036,74.125.68.0-255,1484,315678,13,360033
23888,0.002077,172.31.36.0-255,66,315744,13,360033
23889,0.002081,74.125.68.0-255,1484,317228,13,360033
23890,0.002099,74.125.68.0-255,2902,320130,13,360033
23891,0.002101,172.31.36.0-255,66,320196,13,360033
23892,0.002106,74.125.68.0-255,2902,323098,13,360033
23893,0.002109,172.31.36.0-255,66,323164,13,360033
23894,0.002124,74.125.68.0-255,2902,326066,13,360033
23895,0.002126,172.31.36.0-255,66,326132,13,360033
23896,0.002145,74.125.68.0-255,5738,331870,13,360033
23897,0.002147,172.31.36.0-255,66,331936,13,360033
23898,0.002167,74.125.68.0-255,4320,336256,13,360033
23899,0.00217,172.31.36.0-255,66,336322,13,360033
23900,0.002173,74.125.68.0-255,1484,337806,13,360033
23901,0.002197,74.125.68.0-255,8574,346380,13,360033
23902,0.002201,172.31.36.0-255,66,346446,13,360033
23903,0.002212,74.125.68.0-255,1484,347930,13,360033
23904,0.002217,74.125.68.0-255,2184,350114,13,360033
23905,0.002219,172.31.36.0-255,66,350180,13,360033
23906,0.002223,74.125.68.0-255,2902,353082,13,360033
23907,0.002225,172.31.36.0-255,66,353148,13,360033
23908,0.004432,74.125.68.0-255,5738,358886,13,360033
23909,0.00444,172.31.36.0-255,66,358952,13,360033
23910,0.006633,74.125.68.0-255,844,359796,13,360033
23911,0.008585,172.31.36.0-255,66,359862,13,360033
23912,0.008622,172.31.36.0-255,105,359967,13,360033
23913,0.010805,74.125.68.0-255,66,360033,13,360033
23914,0.0,172.217.194.0-255,153,153,13,262833
23915,2.2e-05,172.31.36.0-255,66,219,13,262833
23916,3e-05,172.217.194.0-255,1484,1703,13,262833
23917,3.5e-05,172.31.36.0-255,66,1769,13,262833
23918,4.1e-05,172.217.194.0-255,2902,4671,13,262833
23919,4.5e-05,172.31.36.0-255,66,4737,13,262833
23920,5.3e-05,172.217.194.0-255,5738,10475,13,262833
23921,5.6e-05,172.31.36.0-255,66,10541,13,262833
23922,6.1e-05,172.217.194.0-255,2902,13443,13,262833
23923,6.5e-05,172.31.36.0-255,66,13509,13,262833
23924,8.9e-05,172.217.194.0-255,615,14124,13,262833
23925,9.2e-05,172.31.36.0-255,66,14190,13,262833
23926,0.000158,172.217.194.0-255,1484,15674,13,262833
23927,0.000161,172.31.36.0-255,66,15740,13,262833
23928,0.000166,172.217.194.0-255,2902,18642,13,262833
23929,0.000169,172.31.36.0-255,66,18708,13,262833
23930,0.000198,172.217.194.0-255,5738,24446,13,262833
23931,0.000201,172.31.36.0-255,66,24512,13,262833
23932,0.000227,172.217.194.0-255,9633,34145,13,262833
23933,0.00023,172.31.36.0-255,66,34211,13,262833
23934,0.000237,172.217.194.0-255,5738,39949,13,262833
23935,0.000239,172.31.36.0-255,66,40015,13,262833
23936,0.000255,172.217.194.0-255,4320,44335,13,262833
23937,0.000259,172.31.36.0-255,66,44401,13,262833
23938,0.000302,172.31.36.0-255,66,44467,13,262833
23939,0.00032,172.217.194.0-255,2184,46651,13,262833
23940,0.000322,172.31.36.0-255,66,46717,13,262833
23941,0.000354,172.217.194.0-255,708,47425,13,262833
23942,0.000357,172.31.36.0-255,66,47491,13,262833
23943,0.000525,172.217.194.0-255,1484,48975,13,262833
23944,0.00053,172.31.36.0-255,66,49041,13,262833
23945,0.000535,172.217.194.0-255,2902,51943,13,262833
23946,0.000538,172.31.36.0-255,66,52009,13,262833
23947,0.000557,172.217.194.0-255,5738,57747,13,262833
23948,0.00056,172.31.36.0-255,66,57813,13,262833
23949,0.00059,172.31.36.0-255,66,57879,13,262833
23950,0.000635,172.217.194.0-255,7156,65035,13,262833
23951,0.000639,172.31.36.0-255,66,65101,13,262833
23952,0.000658,172.217.194.0-255,3602,68703,13,262833
23953,0.000661,172.31.36.0-255,66,68769,13,262833
23954,0.00073,172.217.194.0-255,1484,70253,13,262833
23955,0.000735,172.217.194.0-255,1484,71737,13,262833
23956,0.000738,172.31.36.0-255,66,71803,13,262833
23957,0.000758,172.217.194.0-255,1484,73287,13,262833
23958,0.000766,172.217.194.0-255,5738,79025,13,262833
23959,0.000768,172.31.36.0-255,66,79091,13,262833
23960,0.000792,172.217.194.0-255,9992,89083,13,262833
23961,0.000795,172.31.36.0-255,66,89149,13,262833
23962,0.000809,172.31.36.0-255,66,89215,13,262833
23963,0.000821,172.217.194.0-255,2184,91399,13,262833
23964,0.000823,172.31.36.0-255,66,91465,13,262833
23965,0.001272,172.217.194.0-255,1484,92949,13,262833
23966,0.001279,172.217.194.0-255,2902,95851,13,262833
23967,0.001282,172.31.36.0-255,66,95917,13,262833
23968,0.001308,172.217.194.0-255,5738,101655,13,262833
23969,0.001311,172.31.36.0-255,66,101721,13,262833
23970,0.001317,172.217.194.0-255,4320,106041,13,262833
23971,0.001319,172.31.36.0-255,66,106107,13,262833
23972,0.001373,172.217.194.0-255,4320,110427,13,262833
23973,0.001377,172.31.36.0-255,66,110493,13,262833
23974,0.001413,172.217.194.0-255,4320,114813,13,262833
23975,0.001415,172.31.36.0-255,66,114879,13,262833
23976,0.001441,172.217.194.0-255,10692,125571,13,262833
23977,0.001443,172.31.36.0-255,66,125637,13,262833
23978,0.001475,172.217.194.0-255,1484,127121,13,262833
23979,0.001481,172.217.194.0-255,2902,130023,13,262833
23980,0.001483,172.31.36.0-255,66,130089,13,262833
23981,0.001507,172.217.194.0-255,5738,135827,13,262833
23982,0.001509,172.31.36.0-255,66,135893,13,262833
23983,0.001515,172.217.194.0-255,4320,140213,13,262833
23984,0.001518,172.31.36.0-255,66,140279,13,262833
23985,0.001538,172.217.194.0-255,7156,147435,13,262833
23986,0.001541,172.31.36.0-255,66,147501,13,262833
23987,0.001573,172.217.194.0-255,5738,153239,13,262833
23988,0.001576,172.31.36.0-255,66,153305,13,262833
23989,0.0016,172.217.194.0-255,6438,159743,13,262833
23990,0.001603,172.31.36.0-255,66,159809,13,262833
23991,0.001659,172.217.194.0-255,1484,161293,13,262833
23992,0.001665,172.217.194.0-255,2902,164195,13,262833
23993,0.001668,172.31.36.0-255,66,164261,13,262833
23994,0.001689,172.217.194.0-255,5738,169999,13,262833
23995,0.001692,172.31.36.0-255,66,170065,13,262833
23996,0.001712,172.217.194.0-255,5738,175803,13,262833
23997,0.001715,172.31.36.0-255,66,175869,13,262833
23998,0.001745,172.217.194.0-255,7156,183025,13,262833
23999,0.001748,172.31.36.0-255,66,183091,13,262833
24000,0.001759,172.217.194.0-255,10692,193783,13,262833
24001,0.001762,172.31.36.0-255,66,193849,13,262833
24002,0.001784,172.217.194.0-255,1484,195333,13,262833
24003,0.001789,172.217.194.0-255,2902,198235,13,262833
24004,0.001792,172.31.36.0-255,66,198301,13,262833
24005,0.001798,172.217.194.0-255,5738,204039,13,262833
24006,0.001801,172.31.36.0-255,66,204105,13,262833
24007,0.001852,172.31.36.0-255,66,204171,13,262833
24008,0.001863,172.217.194.0-255,9992,214163,13,262833
24009,0.001866,172.31.36.0-255,66,214229,13,262833
24010,0.001898,172.31.36.0-255,66,214295,13,262833
24011,0.001937,172.217.194.0-255,10692,224987,13,262833
24012,0.001941,172.31.36.0-255,66,225053,13,262833
24013,0.001956,172.31.36.0-255,66,225119,13,262833
24014,0.001962,172.217.194.0-255,4320,229439,13,262833
24015,0.001965,172.31.36.0-255,66,229505,13,262833
24016,0.002019,172.31.36.0-255,66,229571,13,262833
24017,0.002116,172.217.194.0-255,1484,231055,13,262833
24018,0.002166,172.217.194.0-255,2902,233957,13,262833
24019,0.00217,172.31.36.0-255,66,234023,13,262833
24020,0.002177,172.217.194.0-255,5738,239761,13,262833
24021,0.002179,172.31.36.0-255,66,239827,13,262833
24022,0.002184,172.217.194.0-255,4320,244147,13,262833
24023,0.002187,172.31.36.0-255,66,244213,13,262833
24024,0.0022,172.31.36.0-255,66,244279,13,262833
24025,0.002209,172.217.194.0-255,7856,252135,13,262833
24026,0.002212,172.31.36.0-255,66,252201,13,262833
24027,0.002235,172.217.194.0-255,8574,260775,13,262833
24028,0.002237,172.31.36.0-255,66,260841,13,262833
24029,0.002262,172.217.194.0-255,1584,262425,13,262833
24030,0.002264,172.31.36.0-255,66,262491,13,262833
24031,0.002302,172.217.194.0-255,105,262596,13,262833
24032,0.009712,172.31.36.0-255,66,262662,13,262833
24033,0.009756,172.31.36.0-255,105,262767,13,262833
24034,0.012294,172.217.194.0-255,66,262833,13,262833
24035,0.0,172.31.36.0-255,105,105,13,276
24036,0.002087,157.240.13.0-255,105,210,13,276
24037,0.002098,172.31.36.0-255,66,276,13,276
24038,0.0,74.125.24.0-255,154,154,13,200024
24039,2.3e-05,172.31.36.0-255,66,220,13,200024
24040,3.1e-05,74.125.24.0-255,1484,1704,13,200024
24041,3.5e-05,172.31.36.0-255,66,1770,13,200024
24042,4.1e-05,74.125.24.0-255,2902,4672,13,200024
24043,4.5e-05,172.31.36.0-255,66,4738,13,200024
24044,5.3e-05,74.125.24.0-255,7156,11894,13,200024
24045,5.6e-05,172.31.36.0-255,66,11960,13,200024
24046,8.6e-05,74.125.24.0-255,2027,13987,13,200024
24047,8.8e-05,172.31.36.0-255,66,14053,13,200024
24048,0.000123,74.125.24.0-255,2902,16955,13,200024
24049,0.000126,172.31.36.0-255,66,17021,13,200024
24050,0.000132,74.125.24.0-255,4320,21341,13,200024
24051,0.000134,172.31.36.0-255,66,21407,13,200024
24052,0.000166,74.125.24.0-255,8574,29981,13,200024
24053,0.00017,172.31.36.0-255,66,30047,13,200024
24054,0.000188,74.125.24.0-255,1125,31172,13,200024
24055,0.00019,172.31.36.0-255,66,31238,13,200024
24056,0.000298,74.125.24.0-255,1484,32722,13,200024
24057,0.000302,172.31.36.0-255,66,32788,13,200024
24058,0.000307,74.125.24.0-255,1484,34272,13,200024
24059,0.000309,172.31.36.0-255,66,34338,13,200024
24060,0.000323,74.125.24.0-255,1484,35822,13,200024
24061,0.000326,172.31.36.0-255,66,35888,13,200024
24062,0.000333,74.125.24.0-255,5738,41626,13,200024
24063,0.000336,172.31.36.0-255,66,41692,13,200024
24064,0.000381,172.31.36.0-255,66,41758,13,200024
24065,0.000385,74.125.24.0-255,1484,43242,13,200024
24066,0.000386,172.31.36.0-255,66,43308,13,200024
24067,0.000405,74.125.24.0-255,7156,50464,13,200024
24068,0.000409,172.31.36.0-255,66,50530,13,200024
24069,0.000479,74.125.24.0-255,1707,52237,13,200024
24070,0.000483,172.31.36.0-255,66,52303,13,200024
24071,0.000663,74.125.24.0-255,1484,53787,13,200024
24072,0.000671,74.125.24.0-255,2902,56689,13,200024
24073,0.000675,172.31.36.0-255,66,56755,13,200024
24074,0.000683,74.125.24.0-255,5738,62493,13,200024
24075,0.000685,172.31.36.0-255,66,62559,13,200024
24076,0.000719,172.31.36.0-255,66,62625,13,200024
24077,0.000737,74.125.24.0-255,1484,64109,13,200024
24078,0.000747,74.125.24.0-255,9992,74101,13,200024
24079,0.000751,172.31.36.0-255,66,74167,13,200024
24080,0.000754,74.125.24.0-255,766,74933,13,200024
24081,0.001216,74.125.24.0-255,1484,76417,13,200024
24082,0.001221,172.31.36.0-255,66,76483,13,200024
24083,0.001227,74.125.24.0-255,2902,79385,13,200024
24084,0.001229,172.31.36.0-255,66,79451,13,200024
24085,0.001233,74.125.24.0-255,1484,80935,13,200024
24086,0.001262,74.125.24.0-255,4320,85255,13,200024
24087,0.001265,172.31.36.0-255,66,85321,13,200024
24088,0.001278,172.31.36.0-255,66,85387,13,200024
24089,0.001285,74.125.24.0-255,5738,91125,13,200024
24090,0.001287,172.31.36.0-255,66,91191,13,200024
24091,0.001309,74.125.24.0-255,5020,96211,13,200024
24092,0.001312,172.31.36.0-255,66,96277,13,200024
24093,0.001425,74.125.24.0-255,1484,97761,13,200024
24094,0.001428,74.125.24.0-255,1484,99245,13,200024
24095,0.001433,172.31.36.0-255,66,99311,13,200024
24096,0.001463,74.125.24.0-255,1484,100795,13,200024
24097,0.001471,74.125.24.0-255,5738,106533,13,200024
24098,0.001474,172.31.36.0-255,66,106599,13,200024
24099,0.001488,172.31.36.0-255,66,106665,13,200024
24100,0.001503,74.125.24.0-255,1484,108149,13,200024
24101,0.001509,74.125.24.0-255,4320,112469,13,200024
24102,0.001511,172.31.36.0-255,66,112535,13,200024
24103,0.001528,74.125.24.0-255,2902,115437,13,200024
24104,0.001531,172.31.36.0-255,66,115503,13,200024
24105,0.001549,74.125.24.0-255,3602,119105,13,200024
24106,0.001553,172.31.36.0-255,66,119171,13,200024
24107,0.001687,74.125.24.0-255,1484,120655,13,200024
24108,0.001694,74.125.24.0-255,2902,123557,13,200024
24109,0.001697,172.31.36.0-255,66,123623,13,200024
24110,0.001721,74.125.24.0-255,5738,129361,13,200024
24111,0.001725,172.31.36.0-255,66,129427,13,200024
24112,0.001728,74.125.24.0-255,1484,130911,13,200024
24113,0.001743,74.125.24.0-255,2902,133813,13,200024
24114,0.001745,172.31.36.0-255,66,133879,13,200024
24115,0.001771,74.125.24.0-255,7156,141035,13,200024
24116,0.001775,172.31.36.0-255,66,141101,13,200024
24117,0.001797,74.125.24.0-255,1484,142585,13,200024
24118,0.001813,172.31.36.0-255,66,142651,13,200024
24119,0.001831,172.31.36.0-255,66,142717,13,200024
24120,0.0019,172.31.36.0-255,66,142783,13,200024
24121,0.001914,172.31.36.0-255,66,142849,13,200024
24122,0.00192,74.125.24.0-255,4320,147169,13,200024
24123,0.001942,74.125.24.0-255,4320,151489,13,200024
24124,0.00196,74.125.24.0-255,7156,158645,13,200024
24125,0.001982,74.125.24.0-255,7856,166501,13,200024
24126,0.001991,74.125.24.0-255,8574,175075,13,200024
24127,0.002009,74.125.24.0-255,1484,176559,13,200024
24128,0.002051,74.125.24.0-255,10692,187251,13,200024
24129,0.002101,74.125.24.0-255,5020,192271,13,200024
24130,0.002171,74.125.24.0-255,7411,199682,13,200024
24131,0.002174,74.125.24.0-255,105,199787,13,200024
24132,0.005774,172.31.36.0-255,66,199853,13,200024
24133,0.008029,172.31.36.0-255,105,199958,13,200024
24134,0.010126,74.125.24.0-255,66,200024,13,200024
24135,0.0,74.125.200.0-255,159,159,13,164133
24136,2.2e-05,172.31.36.0-255,66,225,13,164133
24137,3e-05,74.125.200.0-255,1484,1709,13,164133
24138,3.4e-05,172.31.36.0-255,66,1775,13,164133
24139,4.7e-05,74.125.200.0-255,2902,4677,13,164133
24140,5.1e-05,172.31.36.0-255,66,4743,13,164133
24141,5.7e-05,74.125.200.0-255,4320,9063,13,164133
24142,6e-05,172.31.36.0-255,66,9129,13,164133
24143,6.6e-05,74.125.200.0-255,4881,14010,13,164133
24144,6.9e-05,172.31.36.0-255,66,14076,13,164133
24145,0.000177,74.125.200.0-255,1484,15560,13,164133
24146,0.000181,172.31.36.0-255,66,15626,13,164133
24147,0.000201,74.125.200.0-255,2902,18528,13,164133
24148,0.000203,172.31.36.0-255,66,18594,13,164133
24149,0.000208,74.125.200.0-255,2902,21496,13,164133
24150,0.000211,172.31.36.0-255,66,21562,13,164133
24151,0.000242,74.125.200.0-255,2902,24464,13,164133
24152,0.000245,172.31.36.0-255,66,24530,13,164133
24153,0.000255,74.125.200.0-255,6797,31327,13,164133
24154,0.000257,172.31.36.0-255,66,31393,13,164133
24155,0.000422,74.125.200.0-255,1484,32877,13,164133
24156,0.000427,172.31.36.0-255,66,32943,13,164133
24157,0.000431,74.125.200.0-255,1484,34427,13,164133
24158,0.000434,172.31.36.0-255,66,34493,13,164133
24159,0.000462,74.125.200.0-255,1484,35977,13,164133
24160,0.000464,172.31.36.0-255,66,36043,13,164133
24161,0.000468,74.125.200.0-255,1484,37527,13,164133
24162,0.00047,172.31.36.0-255,66,37593,13,164133
24163,0.000475,74.125.200.0-255,2902,40495,13,164133
24164,0.000478,172.31.36.0-255,66,40561,13,164133
24165,0.000484,74.125.200.0-255,5738,46299,13,164133
24166,0.000487,172.31.36.0-255,66,46365,13,164133
24167,0.000512,74.125.200.0-255,4320,50685,13,164133
24168,0.000541,74.125.200.0-255,3961,54646,13,164133
24169,0.000549,74.125.200.0-255,8574,63220,13,164133
24170,0.000553,74.125.200.0-255,2543,65763,13,164133
24171,0.000568,172.31.36.0-255,66,65829,13,164133
24172,0.00062,74.125.200.0-255,410,66239,13,164133
24173,0.000709,74.125.200.0-255,332,66571,13,164133
24174,0.000993,74.125.200.0-255,1484,68055,13,164133
24175,0.000998,172.31.36.0-255,66,68121,13,164133
24176,0.001004,74.125.200.0-255,2902,71023,13,164133
24177,0.001025,74.125.200.0-255,5738,76761,13,164133
24178,0.001041,172.31.36.0-255,66,76827,13,164133
24179,0.001054,74.125.200.0-255,4320,81147,13,164133
24180,0.00108,74.125.200.0-255,8574,89721,13,164133
24181,0.001088,172.31.36.0-255,66,89787,13,164133
24182,0.001101,74.125.200.0-255,4320,94107,13,164133
24183,0.001122,74.125.200.0-255,6438,100545,13,164133
24184,0.001141,172.31.36.0-255,66,100611,13,164133
24185,0.001395,74.125.200.0-255,1484,102095,13,164133
24186,0.0014,74.125.200.0-255,1484,103579,13,164133
24187,0.001403,172.31.36.0-255,66,103645,13,164133
24188,0.001432,74.125.200.0-255,1484,105129,13,164133
24189,0.001439,74.125.200.0-255,5738,110867,13,164133
24190,0.001441,74.125.200.0-255,1484,112351,13,164133
24191,0.001454,172.31.36.0-255,66,112417,13,164133
24192,0.001479,74.125.200.0-255,4320,116737,13,164133
24193,0.001504,172.31.36.0-255,66,116803,13,164133
24194,0.001522,74.125.200.0-255,2902,119705,13,164133
24195,0.001537,74.125.200.0-255,3602,123307,13,164133
24196,0.001549,172.31.36.0-255,66,123373,13,164133
24197,0.002292,74.125.200.0-255,1484,124857,13,164133
24198,0.003816,74.125.200.0-255,4320,129177,13,164133
24199,0.003823,172.31.36.0-255,66,129243,13,164133
24200,0.006097,74.125.200.0-255,4320,133563,13,164133
24201,0.00611,74.125.200.0-255,1484,135047,13,164133
24202,0.007591,172.31.36.0-255,66,135113,13,164133
24203,0.00987,74.125.200.0-255,5738,140851,13,164133
24204,0.009878,172.31.36.0-255,66,140917,13,164133
24205,0.01216,74.125.200.0-255,5738,146655,13,164133
24206,0.012169,172.31.36.0-255,66,146721,13,164133
24207,0.014449,74.125.200.0-255,5738,152459,13,164133
24208,0.014457,172.31.36.0-255,66,152525,13,164133
24209,0.016739,74.125.200.0-255,5738,158263,13,164133
24210,0.016747,172.31.36.0-255,66,158329,13,164133
24211,0.019019,74.125.200.0-255,5738,164067,13,164133
24212,0.01903,172.31.36.0-255,66,164133,13,164133
24213,0.0,74.125.24.0-255,153,153,13,164126
24214,4.9e-05,172.31.36.0-255,66,219,13,164126
24215,5.6e-05,74.125.24.0-255,1484,1703,13,164126
24216,6.1e-05,172.31.36.0-255,66,1769,13,164126
24217,6.6e-05,74.125.24.0-255,2902,4671,13,164126
24218,7.6e-05,172.31.36.0-255,66,4737,13,164126
24219,8.4e-05,74.125.24.0-255,7156,11893,13,164126
24220,8.7e-05,172.31.36.0-255,66,11959,13,164126
24221,9.1e-05,74.125.24.0-255,1975,13934,13,164126
24222,9.3e-05,172.31.36.0-255,66,14000,13,164126
24223,0.000126,74.125.24.0-255,2902,16902,13,164126
24224,0.00013,172.31.36.0-255,66,16968,13,164126
24225,0.000136,74.125.24.0-255,4320,21288,13,164126
24226,0.000138,172.31.36.0-255,66,21354,13,164126
24227,0.000153,74.125.24.0-255,8574,29928,13,164126
24228,0.000155,172.31.36.0-255,66,29994,13,164126
24229,0.000191,74.125.24.0-255,5738,35732,13,164126
24230,0.000194,172.31.36.0-255,66,35798,13,164126
24231,0.000221,74.125.24.0-255,3961,39759,13,164126
24232,0.000225,172.31.36.0-255,66,39825,13,164126
24233,0.000231,74.125.24.0-255,4320,44145,13,164126
24234,0.000234,172.31.36.0-255,66,44211,13,164126
24235,0.000261,74.125.24.0-255,3961,48172,13,164126
24236,0.000264,172.31.36.0-255,66,48238,13,164126
24237,0.000339,74.125.24.0-255,1484,49722,13,164126
24238,0.000343,172.31.36.0-255,66,49788,13,164126
24239,0.000347,74.125.24.0-255,1484,51272,13,164126
24240,0.00035,172.31.36.0-255,66,51338,13,164126
24241,0.00038,74.125.24.0-255,1484,52822,13,164126
24242,0.000386,172.31.36.0-255,66,52888,13,164126
24243,0.000386,74.125.24.0-255,5738,58626,13,164126
24244,0.000391,74.125.24.0-255,4320,62946,13,164126
24245,0.000391,172.31.36.0-255,66,63012,13,164126
24246,0.000394,172.31.36.0-255,66,63078,13,164126
24247,0.000422,74.125.24.0-255,1484,64562,13,164126
24248,0.000444,74.125.24.0-255,1473,66035,13,164126
24249,0.000449,172.31.36.0-255,66,66101,13,164126
24250,0.000799,74.125.24.0-255,331,66432,13,164126
24251,0.000819,172.31.36.0-255,66,66498,13,164126
24252,0.001004,74.125.24.0-255,1484,67982,13,164126
24253,0.001023,74.125.24.0-255,2902,70884,13,164126
24254,0.001027,172.31.36.0-255,66,70950,13,164126
24255,0.001033,74.125.24.0-255,2902,73852,13,164126
24256,0.001035,172.31.36.0-255,66,73918,13,164126
24257,0.001039,74.125.24.0-255,1484,75402,13,164126
24258,0.001066,74.125.24.0-255,5738,81140,13,164126
24259,0.001069,172.31.36.0-255,66,81206,13,164126
24260,0.001117,74.125.24.0-255,2543,83749,13,164126
24261,0.001121,172.31.36.0-255,66,83815,13,164126
24262,0.001126,74.125.24.0-255,2902,86717,13,164126
24263,0.001129,172.31.36.0-255,66,86783,13,164126
24264,0.001145,74.125.24.0-255,7156,93939,13,164126
24265,0.001147,172.31.36.0-255,66,94005,13,164126
24266,0.001154,74.125.24.0-255,6797,100802,13,164126
24267,0.001156,172.31.36.0-255,66,100868,13,164126
24268,0.001971,74.125.24.0-255,1484,102352,13,164126
24269,0.001987,74.125.24.0-255,2902,105254,13,164126
24270,0.001991,172.31.36.0-255,66,105320,13,164126
24271,0.001995,74.125.24.0-255,1484,106804,13,164126
24272,0.002021,74.125.24.0-255,4320,111124,13,164126
24273,0.002023,172.31.36.0-255,66,111190,13,164126
24274,0.002035,172.31.36.0-255,66,111256,13,164126
24275,0.00206,74.125.24.0-255,1484,112740,13,164126
24276,0.00207,74.125.24.0-255,10692,123432,13,164126
24277,0.002072,172.31.36.0-255,66,123498,13,164126
24278,0.004362,74.125.24.0-255,5738,129236,13,164126
24279,0.004366,172.31.36.0-255,66,129302,13,164126
24280,0.006694,74.125.24.0-255,5738,135040,13,164126
24281,0.0067,172.31.36.0-255,66,135106,13,164126
24282,0.009038,74.125.24.0-255,5738,140844,13,164126
24283,0.009049,172.31.36.0-255,66,140910,13,164126
24284,0.011344,74.125.24.0-255,5738,146648,13,164126
24285,0.011356,172.31.36.0-255,66,146714,13,164126
24286,0.013684,74.125.24.0-255,5738,152452,13,164126
24287,0.0137,172.31.36.0-255,66,152518,13,164126
24288,0.015985,74.125.24.0-255,5738,158256,13,164126
24289,0.015992,172.31.36.0-255,66,158322,13,164126
24290,0.018274,74.125.24.0-255,5738,164060,13,164126
24291,0.018287,172.31.36.0-255,66,164126,13,164126
24292,0.0,172.31.36.0-255,105,105,13,276
24293,0.001486,157.240.13.0-255,105,210,13,276
24294,0.001502,172.31.36.0-255,66,276,13,276
24295,0.0,74.125.68.0-255,153,153,13,227007
24296,2.7e-05,172.31.36.0-255,66,219,13,227007
24297,3.4e-05,74.125.68.0-255,1484,1703,13,227007
24298,3.8e-05,172.31.36.0-255,66,1769,13,227007
24299,4.3e-05,74.125.68.0-255,2902,4671,13,227007
24300,5.3e-05,172.31.36.0-255,66,4737,13,227007
24301,5.5e-05,74.125.68.0-255,1484,6221,13,227007
24302,5.8e-05,172.31.36.0-255,66,6287,13,227007
24303,8.2e-05,74.125.68.0-255,2902,9189,13,227007
24304,8.5e-05,172.31.36.0-255,66,9255,13,227007
24305,0.000108,74.125.68.0-255,4320,13575,13,227007
24306,0.000115,172.31.36.0-255,66,13641,13,227007
24307,0.000134,74.125.68.0-255,2012,15653,13,227007
24308,0.000137,172.31.36.0-255,66,15719,13,227007
24309,0.000149,74.125.68.0-255,2902,18621,13,227007
24310,0.000155,172.31.36.0-255,66,18687,13,227007
24311,0.000179,74.125.68.0-255,4320,23007,13,227007
24312,0.000182,172.31.36.0-255,66,23073,13,227007
24313,0.00019,74.125.68.0-255,8215,31288,13,227007
24314,0.000192,172.31.36.0-255,66,31354,13,227007
24315,0.000235,74.125.68.0-255,1484,32838,13,227007
24316,0.000237,172.31.36.0-255,66,32904,13,227007
24317,0.000265,74.125.68.0-255,2902,35806,13,227007
24318,0.000268,172.31.36.0-255,66,35872,13,227007
24319,0.000298,74.125.68.0-255,4320,40192,13,227007
24320,0.000301,172.31.36.0-255,66,40258,13,227007
24321,0.000324,74.125.68.0-255,1484,41742,13,227007
24322,0.000326,172.31.36.0-255,66,41808,13,227007
24323,0.000332,74.125.68.0-255,2902,44710,13,227007
24324,0.000335,172.31.36.0-255,66,44776,13,227007
24325,0.000338,74.125.68.0-255,1484,46260,13,227007
24326,0.00034,172.31.36.0-255,66,46326,13,227007
24327,0.00037,74.125.68.0-255,4320,50646,13,227007
24328,0.000373,172.31.36.0-255,66,50712,13,227007
24329,0.00038,74.125.68.0-255,5738,56450,13,227007
24330,0.000383,172.31.36.0-255,66,56516,13,227007
24331,0.000388,74.125.68.0-255,2902,59418,13,227007
24332,0.00039,172.31.36.0-255,66,59484,13,227007
24333,0.000421,74.125.68.0-255,4320,63804,13,227007
24334,0.000425,172.31.36.0-255,66,63870,13,227007
24335,0.000429,74.125.68.0-255,2184,66054,13,227007
24336,0.000432,172.31.36.0-255,66,66120,13,227007
24337,0.000906,74.125.68.0-255,362,66482,13,227007
24338,0.000955,74.125.68.0-255,131,66613,13,227007
24339,0.001028,74.125.68.0-255,1484,68097,13,227007
24340,0.001033,172.31.36.0-255,66,68163,13,227007
24341,0.001039,74.125.68.0-255,2902,71065,13,227007
24342,0.001041,172.31.36.0-255,66,71131,13,227007
24343,0.001101,74.125.68.0-255,5738,76869,13,227007
24344,0.001105,172.31.36.0-255,66,76935,13,227007
24345,0.001112,74.125.68.0-255,5738,82673,13,227007
24346,0.001114,172.31.36.0-255,66,82739,13,227007
24347,0.001122,74.125.68.0-255,7156,89895,13,227007
24348,0.001124,172.31.36.0-255,66,89961,13,227007
24349,0.001156,74.125.68.0-255,4320,94281,13,227007
24350,0.001159,172.31.36.0-255,66,94347,13,227007
24351,0.001166,74.125.68.0-255,5738,100085,13,227007
24352,0.001171,172.31.36.0-255,66,100151,13,227007
24353,0.001186,74.125.68.0-255,766,100917,13,227007
24354,0.001207,74.125.68.0-255,1484,102401,13,227007
24355,0.00121,172.31.36.0-255,66,102467,13,227007
24356,0.001238,74.125.68.0-255,1484,103951,13,227007
24357,0.001243,74.125.68.0-255,2902,106853,13,227007
24358,0.001246,172.31.36.0-255,66,106919,13,227007
24359,0.001273,74.125.68.0-255,5738,112657,13,227007
24360,0.001276,172.31.36.0-255,66,112723,13,227007
24361,0.00128,74.125.68.0-255,2902,115625,13,227007
24362,0.001282,172.31.36.0-255,66,115691,13,227007
24363,0.001338,74.125.68.0-255,2244,117935,13,227007
24364,0.001341,172.31.36.0-255,66,118001,13,227007
24365,0.00146,74.125.68.0-255,1484,119485,13,227007
24366,0.001481,74.125.68.0-255,2902,122387,13,227007
24367,0.001485,172.31.36.0-255,66,122453,13,227007
24368,0.001489,74.125.68.0-255,1484,123937,13,227007
24369,0.001494,74.125.68.0-255,2902,126839,13,227007
24370,0.001496,172.31.36.0-255,66,126905,13,227007
24371,0.00151,74.125.68.0-255,5738,132643,13,227007
24372,0.001515,172.31.36.0-255,66,132709,13,227007
24373,0.001552,74.125.68.0-255,8574,141283,13,227007
24374,0.001555,172.31.36.0-255,66,141349,13,227007
24375,0.001587,74.125.68.0-255,9992,151341,13,227007
24376,0.00159,172.31.36.0-255,66,151407,13,227007
24377,0.001592,74.125.68.0-255,766,152173,13,227007
24378,0.001905,74.125.68.0-255,1484,153657,13,227007
24379,0.001907,172.31.36.0-255,66,153723,13,227007
24380,0.001919,74.125.68.0-255,1484,155207,13,227007
24381,0.001941,74.125.68.0-255,1484,156691,13,227007
24382,0.001943,172.31.36.0-255,66,156757,13,227007
24383,0.00195,74.125.68.0-255,5738,162495,13,227007
24384,0.001952,172.31.36.0-255,66,162561,13,227007
24385,0.001956,74.125.68.0-255,2902,165463,13,227007
24386,0.001962,172.31.36.0-255,66,165529,13,227007
24387,0.001989,74.125.68.0-255,4320,169849,13,227007
24388,0.001991,172.31.36.0-255,66,169915,13,227007
24389,0.001996,74.125.68.0-255,4320,174235,13,227007
24390,0.001998,172.31.36.0-255,66,174301,13,227007
24391,0.002048,74.125.68.0-255,1484,175785,13,227007
24392,0.002086,74.125.68.0-255,1484,177269,13,227007
24393,0.002088,172.31.36.0-255,66,177335,13,227007
24394,0.002112,74.125.68.0-255,2902,180237,13,227007
24395,0.002115,172.31.36.0-255,66,180303,13,227007
24396,0.00214,74.125.68.0-255,5738,186041,13,227007
24397,0.002143,172.31.36.0-255,66,186107,13,227007
24398,0.002145,74.125.68.0-255,766,186873,13,227007
24399,0.004654,74.125.68.0-255,1484,188357,13,227007
24400,0.004657,172.31.36.0-255,66,188423,13,227007
24401,0.004679,74.125.68.0-255,2902,191325,13,227007
24402,0.004682,172.31.36.0-255,66,191391,13,227007
24403,0.007214,74.125.68.0-255,2902,194293,13,227007
24404,0.007221,172.31.36.0-255,66,194359,13,227007
24405,0.007242,74.125.68.0-255,2902,197261,13,227007
24406,0.007245,172.31.36.0-255,66,197327,13,227007
24407,0.009745,74.125.68.0-255,2902,200229,13,227007
24408,0.009751,172.31.36.0-255,66,200295,13,227007
24409,0.00978,74.125.68.0-255,2902,203197,13,227007
24410,0.009783,172.31.36.0-255,66,203263,13,227007
24411,0.01228,74.125.68.0-255,2902,206165,13,227007
24412,0.012288,172.31.36.0-255,66,206231,13,227007
24413,0.01232,74.125.68.0-255,2902,209133,13,227007
24414,0.012323,172.31.36.0-255,66,209199,13,227007
24415,0.01483,74.125.68.0-255,2902,212101,13,227007
24416,0.014842,172.31.36.0-255,66,212167,13,227007
24417,0.014892,74.125.68.0-255,2902,215069,13,227007
24418,0.014895,172.31.36.0-255,66,215135,13,227007
24419,0.017369,74.125.68.0-255,2902,218037,13,227007
24420,0.017376,172.31.36.0-255,66,218103,13,227007
24421,0.01741,74.125.68.0-255,2902,221005,13,227007
24422,0.017413,172.31.36.0-255,66,221071,13,227007
24423,0.019907,74.125.68.0-255,2902,223973,13,227007
24424,0.019913,172.31.36.0-255,66,224039,13,227007
24425,0.019951,74.125.68.0-255,2902,226941,13,227007
24426,0.019954,172.31.36.0-255,66,227007,13,227007
24427,0.0,74.125.24.0-255,226,226,13,82272
24428,2.8e-05,172.31.36.0-255,66,292,13,82272
24429,3.4e-05,74.125.24.0-255,1484,1776,13,82272
24430,3.8e-05,172.31.36.0-255,66,1842,13,82272
24431,5.7e-05,74.125.24.0-255,4320,6162,13,82272
24432,5.9e-05,172.31.36.0-255,66,6228,13,82272
24433,0.000232,74.125.24.0-255,7740,13968,13,82272
24434,0.000238,172.31.36.0-255,66,14034,13,82272
24435,0.000547,74.125.24.0-255,8574,22608,13,82272
24436,0.000554,172.31.36.0-255,66,22674,13,82272
24437,0.000879,74.125.24.0-255,8215,30889,13,82272
24438,0.000885,172.31.36.0-255,66,30955,13,82272
24439,0.003103,74.125.24.0-255,5738,36693,13,82272
24440,0.003109,172.31.36.0-255,66,36759,13,82272
24441,0.005311,74.125.24.0-255,5738,42497,13,82272
24442,0.005319,172.31.36.0-255,66,42563,13,82272
24443,0.007543,74.125.24.0-255,2902,45465,13,82272
24444,0.007552,172.31.36.0-255,66,45531,13,82272
24445,0.007591,74.125.24.0-255,2902,48433,13,82272
24446,0.007595,172.31.36.0-255,66,48499,13,82272
24447,0.009777,74.125.24.0-255,2902,51401,13,82272
24448,0.009785,172.31.36.0-255,66,51467,13,82272
24449,0.009829,74.125.24.0-255,2902,54369,13,82272
24450,0.009833,172.31.36.0-255,66,54435,13,82272
24451,0.011986,74.125.24.0-255,2902,57337,13,82272
24452,0.011996,172.31.36.0-255,66,57403,13,82272
24453,0.012038,74.125.24.0-255,2902,60305,13,82272
24454,0.012042,172.31.36.0-255,66,60371,13,82272
24455,0.014207,74.125.24.0-255,2902,63273,13,82272
24456,0.014215,172.31.36.0-255,66,63339,13,82272
24457,0.014248,74.125.24.0-255,2902,66241,13,82272
24458,0.014251,172.31.36.0-255,66,66307,13,82272
24459,0.01642,74.125.24.0-255,2902,69209,13,82272
24460,0.016429,172.31.36.0-255,66,69275,13,82272
24461,0.016463,74.125.24.0-255,2902,72177,13,82272
24462,0.016466,172.31.36.0-255,66,72243,13,82272
24463,0.018611,74.125.24.0-255,2902,75145,13,82272
24464,0.018618,172.31.36.0-255,66,75211,13,82272
24465,0.018655,74.125.24.0-255,2902,78113,13,82272
24466,0.018659,172.31.36.0-255,66,78179,13,82272
24467,0.019724,172.31.36.0-255,172,78351,13,82272
24468,0.019752,172.31.36.0-255,1110,79461,13,82272
24469,0.019789,172.31.36.0-255,1514,80975,13,82272
24470,0.019791,172.31.36.0-255,1297,82272,13,82272
24471,0.0,172.253.118.0-255,152,152,13,142887
24472,2.4e-05,172.31.36.0-255,66,218,13,142887
24473,3.1e-05,172.253.118.0-255,1484,1702,13,142887
24474,3.6e-05,172.31.36.0-255,66,1768,13,142887
24475,4.3e-05,172.253.118.0-255,2902,4670,13,142887
24476,4.7e-05,172.31.36.0-255,66,4736,13,142887
24477,5.4e-05,172.253.118.0-255,7156,11892,13,142887
24478,5.7e-05,172.31.36.0-255,66,11958,13,142887
24479,6.3e-05,172.253.118.0-255,1978,13936,13,142887
24480,6.6e-05,172.31.36.0-255,66,14002,13,142887
24481,0.000526,172.253.118.0-255,1484,15486,13,142887
24482,0.000532,172.31.36.0-255,66,15552,13,142887
24483,0.000539,172.253.118.0-255,2902,18454,13,142887
24484,0.000541,172.31.36.0-255,66,18520,13,142887
24485,0.000548,172.253.118.0-255,5738,24258,13,142887
24486,0.000551,172.31.36.0-255,66,24324,13,142887
24487,0.000557,172.253.118.0-255,5738,30062,13,142887
24488,0.000559,172.31.36.0-255,66,30128,13,142887
24489,0.000598,172.253.118.0-255,1125,31253,13,142887
24490,0.000601,172.31.36.0-255,66,31319,13,142887
24491,0.000816,172.253.118.0-255,1484,32803,13,142887
24492,0.000821,172.31.36.0-255,66,32869,13,142887
24493,0.000829,172.253.118.0-255,2902,35771,13,142887
24494,0.000832,172.31.36.0-255,66,35837,13,142887
24495,0.000835,172.253.118.0-255,1484,37321,13,142887
24496,0.000837,172.31.36.0-255,66,37387,13,142887
24497,0.000865,172.253.118.0-255,4320,41707,13,142887
24498,0.000868,172.31.36.0-255,66,41773,13,142887
24499,0.000876,172.253.118.0-255,6797,48570,13,142887
24500,0.000878,172.31.36.0-255,66,48636,13,142887
24501,0.000905,172.253.118.0-255,1484,50120,13,142887
24502,0.000907,172.31.36.0-255,66,50186,13,142887
24503,0.000939,172.31.36.0-255,66,50252,13,142887
24504,0.000943,172.253.118.0-255,2877,53129,13,142887
24505,0.000946,172.31.36.0-255,66,53195,13,142887
24506,0.001114,172.253.118.0-255,345,53540,13,142887
24507,0.001265,172.253.118.0-255,1484,55024,13,142887
24508,0.001271,172.31.36.0-255,66,55090,13,142887
24509,0.001277,172.253.118.0-255,2902,57992,13,142887
24510,0.00128,172.31.36.0-255,66,58058,13,142887
24511,0.001287,172.253.118.0-255,5738,63796,13,142887
24512,0.001289,172.31.36.0-255,66,63862,13,142887
24513,0.001336,172.31.36.0-255,66,63928,13,142887
24514,0.001374,172.253.118.0-255,4320,68248,13,142887
24515,0.001377,172.31.36.0-255,66,68314,13,142887
24516,0.001398,172.253.118.0-255,5379,73693,13,142887
24517,0.0014,172.31.36.0-255,66,73759,13,142887
24518,0.001854,172.253.118.0-255,1484,75243,13,142887
24519,0.001862,172.253.118.0-255,2902,78145,13,142887
24520,0.001866,172.31.36.0-255,66,78211,13,142887
24521,0.00189,172.253.118.0-255,5738,83949,13,142887
24522,0.001893,172.31.36.0-255,66,84015,13,142887
24523,0.001896,172.253.118.0-255,1484,85499,13,142887
24524,0.001929,172.31.36.0-255,66,85565,13,142887
24525,0.001937,172.253.118.0-255,8574,94139,13,142887
24526,0.00194,172.31.36.0-255,66,94205,13,142887
24527,0.001953,172.253.118.0-255,2184,96389,13,142887
24528,0.001956,172.31.36.0-255,66,96455,13,142887
24529,0.003959,172.253.118.0-255,5738,102193,13,142887
24530,0.003965,172.31.36.0-255,66,102259,13,142887
24531,0.005947,172.253.118.0-255,5738,107997,13,142887
24532,0.005954,172.31.36.0-255,66,108063,13,142887
24533,0.007957,172.253.118.0-255,5738,113801,13,142887
24534,0.007971,172.31.36.0-255,66,113867,13,142887
24535,0.009989,172.253.118.0-255,5738,119605,13,142887
24536,0.01,172.31.36.0-255,66,119671,13,142887
24537,0.01201,172.253.118.0-255,5738,125409,13,142887
24538,0.012025,172.31.36.0-255,66,125475,13,142887
24539,0.014051,172.253.118.0-255,5738,131213,13,142887
24540,0.014061,172.31.36.0-255,66,131279,13,142887
24541,0.01607,172.253.118.0-255,5738,137017,13,142887
24542,0.016084,172.31.36.0-255,66,137083,13,142887
24543,0.018095,172.253.118.0-255,5738,142821,13,142887
24544,0.018108,172.31.36.0-255,66,142887,13,142887
24545,0.0,172.31.36.0-255,170,170,13,236
24546,0.006232,74.125.130.0-255,66,236,13,236
24547,0.0,74.125.24.0-255,66,66,13,66
24548,0.0,74.125.24.0-255,146,146,13,285490
24549,3.5e-05,172.31.36.0-255,66,212,13,285490
24550,4.3e-05,74.125.24.0-255,1484,1696,13,285490
24551,4.7e-05,172.31.36.0-255,66,1762,13,285490
24552,5.2e-05,74.125.24.0-255,2902,4664,13,285490
24553,5.5e-05,172.31.36.0-255,66,4730,13,285490
24554,6e-05,74.125.24.0-255,4320,9050,13,285490
24555,6.3e-05,172.31.36.0-255,66,9116,13,285490
24556,6.9e-05,74.125.24.0-255,4858,13974,13,285490
24557,7.1e-05,172.31.36.0-255,66,14040,13,285490
24558,9.9e-05,74.125.24.0-255,1484,15524,13,285490
24559,0.000102,172.31.36.0-255,66,15590,13,285490
24560,0.000147,74.125.24.0-255,2902,18492,13,285490
24561,0.00015,172.31.36.0-255,66,18558,13,285490
24562,0.000155,74.125.24.0-255,2902,21460,13,285490
24563,0.000158,172.31.36.0-255,66,21526,13,285490
24564,0.000169,74.125.24.0-255,1484,23010,13,285490
24565,0.000173,172.31.36.0-255,66,23076,13,285490
24566,0.000211,74.125.24.0-255,8215,31291,13,285490
24567,0.000215,172.31.36.0-255,66,31357,13,285490
24568,0.000327,74.125.24.0-255,1484,32841,13,285490
24569,0.000333,172.31.36.0-255,66,32907,13,285490
24570,0.000337,74.125.24.0-255,2902,35809,13,285490
24571,0.000341,172.31.36.0-255,66,35875,13,285490
24572,0.000344,74.125.24.0-255,1484,37359,13,285490
24573,0.000346,172.31.36.0-255,66,37425,13,285490
24574,0.000369,74.125.24.0-255,2902,40327,13,285490
24575,0.000372,172.31.36.0-255,66,40393,13,285490
24576,0.00039,74.125.24.0-255,2902,43295,13,285490
24577,0.000392,172.31.36.0-255,66,43361,13,285490
24578,0.000399,74.125.24.0-255,5738,49099,13,285490
24579,0.000403,172.31.36.0-255,66,49165,13,285490
24580,0.000428,74.125.24.0-255,2543,51708,13,285490
24581,0.000431,172.31.36.0-255,66,51774,13,285490
24582,0.000441,74.125.24.0-255,8574,60348,13,285490
24583,0.000444,172.31.36.0-255,66,60414,13,285490
24584,0.000462,74.125.24.0-255,5653,66067,13,285490
24585,0.000465,172.31.36.0-255,66,66133,13,285490
24586,0.000484,74.125.24.0-255,383,66516,13,285490
24587,0.000659,74.125.24.0-255,1484,68000,13,285490
24588,0.000664,172.31.36.0-255,66,68066,13,285490
24589,0.00067,74.125.24.0-255,2902,70968,13,285490
24590,0.000672,172.31.36.0-255,66,71034,13,285490
24591,0.000677,74.125.24.0-255,2902,73936,13,285490
24592,0.000679,172.31.36.0-255,66,74002,13,285490
24593,0.000703,74.125.24.0-255,2902,76904,13,285490
24594,0.000706,172.31.36.0-255,66,76970,13,285490
24595,0.000712,74.125.24.0-255,6797,83767,13,285490
24596,0.000714,172.31.36.0-255,66,83833,13,285490
24597,0.000834,74.125.24.0-255,1484,85317,13,285490
24598,0.000847,74.125.24.0-255,2902,88219,13,285490
24599,0.00085,172.31.36.0-255,66,88285,13,285490
24600,0.000855,74.125.24.0-255,2902,91187,13,285490
24601,0.000857,172.31.36.0-255,66,91253,13,285490
24602,0.000872,74.125.24.0-255,2902,94155,13,285490
24603,0.000876,172.31.36.0-255,66,94221,13,285490
24604,0.000924,74.125.24.0-255,6797,101018,13,285490
24605,0.000927,172.31.36.0-255,66,101084,13,285490
24606,0.001041,74.125.24.0-255,1484,102568,13,285490
24607,0.001046,74.125.24.0-255,2902,105470,13,285490
24608,0.001048,172.31.36.0-255,66,105536,13,285490
24609,0.001061,74.125.24.0-255,1484,107020,13,285490
24610,0.001078,74.125.24.0-255,4320,111340,13,285490
24611,0.00108,172.31.36.0-255,66,111406,13,285490
24612,0.001097,74.125.24.0-255,7156,118562,13,285490
24613,0.0011,172.31.36.0-255,66,118628,13,285490
24614,0.001134,74.125.24.0-255,5738,124366,13,285490
24615,0.001138,172.31.36.0-255,66,124432,13,285490
24616,0.001144,74.125.24.0-255,10692,135124,13,285490
24617,0.001147,172.31.36.0-255,66,135190,13,285490
24618,0.001243,74.125.24.0-255,1484,136674,13,285490
24619,0.001256,74.125.24.0-255,2902,139576,13,285490
24620,0.00126,172.31.36.0-255,66,139642,13,285490
24621,0.001266,74.125.24.0-255,5738,145380,13,285490
24622,0.001269,172.31.36.0-255,66,145446,13,285490
24623,0.001291,74.125.24.0-255,8574,154020,13,285490
24624,0.001293,172.31.36.0-255,66,154086,13,285490
24625,0.001317,74.125.24.0-255,4320,158406,13,285490
24626,0.00132,172.31.36.0-255,66,158472,13,285490
24627,0.00133,74.125.24.0-255,10692,169164,13,285490
24628,0.001332,172.31.36.0-255,66,169230,13,285490
24629,0.002083,74.125.24.0-255,1484,170714,13,285490
24630,0.002094,74.125.24.0-255,1484,172198,13,285490
24631,0.002099,172.31.36.0-255,66,172264,13,285490
24632,0.002128,74.125.24.0-255,1484,173748,13,285490
24633,0.002135,74.125.24.0-255,5738,179486,13,285490
24634,0.002137,172.31.36.0-255,66,179552,13,285490
24635,0.002142,74.125.24.0-255,2902,182454,13,285490
24636,0.002144,172.31.36.0-255,66,182520,13,285490
24637,0.002193,74.125.24.0-255,8574,191094,13,285490
24638,0.002197,172.31.36.0-255,66,191160,13,285490
24639,0.002214,74.125.24.0-255,1484,192644,13,285490
24640,0.002223,74.125.24.0-255,10692,203336,13,285490
24641,0.002225,172.31.36.0-255,66,203402,13,285490
24642,0.002228,74.125.24.0-255,1484,204886,13,285490
24643,0.002249,74.125.24.0-255,2902,207788,13,285490
24644,0.002251,172.31.36.0-255,66,207854,13,285490
24645,0.002258,74.125.24.0-255,5738,213592,13,285490
24646,0.00226,172.31.36.0-255,66,213658,13,285490
24647,0.002286,74.125.24.0-255,9992,223650,13,285490
24648,0.002288,172.31.36.0-255,66,223716,13,285490
24649,0.002305,74.125.24.0-255,2902,226618,13,285490
24650,0.002308,172.31.36.0-255,66,226684,13,285490
24651,0.002333,74.125.24.0-255,4320,231004,13,285490
24652,0.002335,172.31.36.0-255,66,231070,13,285490
24653,0.002349,74.125.24.0-255,6438,237508,13,285490
24654,0.002351,172.31.36.0-255,66,237574,13,285490
24655,0.002387,74.125.24.0-255,7156,244730,13,285490
24656,0.002392,172.31.36.0-255,66,244796,13,285490
24657,0.002408,74.125.24.0-255,1484,246280,13,285490
24658,0.004738,74.125.24.0-255,4320,250600,13,285490
24659,0.004744,172.31.36.0-255,66,250666,13,285490
24660,0.007084,74.125.24.0-255,5738,256404,13,285490
24661,0.00709,172.31.36.0-255,66,256470,13,285490
24662,0.009456,74.125.24.0-255,5738,262208,13,285490
24663,0.009462,172.31.36.0-255,66,262274,13,285490
24664,0.011798,74.125.24.0-255,5738,268012,13,285490
24665,0.011804,172.31.36.0-255,66,268078,13,285490
24666,0.014135,74.125.24.0-255,5738,273816,13,285490
24667,0.01414,172.31.36.0-255,66,273882,13,285490
24668,0.01646,74.125.24.0-255,5738,279620,13,285490
24669,0.016468,172.31.36.0-255,66,279686,13,285490
24670,0.01881,74.125.24.0-255,5738,285424,13,285490
24671,0.018818,172.31.36.0-255,66,285490,13,285490
24672,0.0,74.125.24.0-255,149,149,13,220353
24673,2.2e-05,172.31.36.0-255,66,215,13,220353
24674,2.9e-05,74.125.24.0-255,1484,1699,13,220353
24675,3.3e-05,172.31.36.0-255,66,1765,13,220353
24676,3.8e-05,74.125.24.0-255,2902,4667,13,220353
24677,4.1e-05,172.31.36.0-255,66,4733,13,220353
24678,4.5e-05,74.125.24.0-255,1484,6217,13,220353
24679,4.7e-05,172.31.36.0-255,66,6283,13,220353
24680,5.5e-05,74.125.24.0-255,5738,12021,13,220353
24681,5.9e-05,172.31.36.0-255,66,12087,13,220353
24682,8.5e-05,74.125.24.0-255,2004,14091,13,220353
24683,8.8e-05,172.31.36.0-255,66,14157,13,220353
24684,0.000393,74.125.24.0-255,1484,15641,13,220353
24685,0.0004,172.31.36.0-255,66,15707,13,220353
24686,0.000406,74.125.24.0-255,2902,18609,13,220353
24687,0.000409,172.31.36.0-255,66,18675,13,220353
24688,0.000414,74.125.24.0-255,2902,21577,13,220353
24689,0.000416,172.31.36.0-255,66,21643,13,220353
24690,0.000436,74.125.24.0-255,2902,24545,13,220353
24691,0.000439,172.31.36.0-255,66,24611,13,220353
24692,0.000445,74.125.24.0-255,4320,28931,13,220353
24693,0.000447,172.31.36.0-255,66,28997,13,220353
24694,0.000471,74.125.24.0-255,2543,31540,13,220353
24695,0.000473,172.31.36.0-255,66,31606,13,220353
24696,0.000491,74.125.24.0-255,1484,33090,13,220353
24697,0.000494,172.31.36.0-255,66,33156,13,220353
24698,0.000499,74.125.24.0-255,2902,36058,13,220353
24699,0.000501,172.31.36.0-255,66,36124,13,220353
24700,0.000515,74.125.24.0-255,2902,39026,13,220353
24701,0.000517,172.31.36.0-255,66,39092,13,220353
24702,0.000541,74.125.24.0-255,2902,41994,13,220353
24703,0.000544,172.31.36.0-255,66,42060,13,220353
24704,0.000552,74.125.24.0-255,6797,48857,13,220353
24705,0.000554,172.31.36.0-255,66,48923,13,220353
24706,0.000612,74.125.24.0-255,5738,54661,13,220353
24707,0.000615,172.31.36.0-255,66,54727,13,220353
24708,0.000633,74.125.24.0-255,1484,56211,13,220353
24709,0.000641,74.125.24.0-255,5738,61949,13,220353
24710,0.000644,172.31.36.0-255,66,62015,13,220353
24711,0.000649,74.125.24.0-255,3961,65976,13,220353
24712,0.000651,172.31.36.0-255,66,66042,13,220353
24713,0.000748,74.125.24.0-255,647,66689,13,220353
24714,0.0009,74.125.24.0-255,1484,68173,13,220353
24715,0.000904,172.31.36.0-255,66,68239,13,220353
24716,0.00091,74.125.24.0-255,2902,71141,13,220353
24717,0.000912,172.31.36.0-255,66,71207,13,220353
24718,0.000915,74.125.24.0-255,1484,72691,13,220353
24719,0.00094,74.125.24.0-255,4320,77011,13,220353
24720,0.000943,172.31.36.0-255,66,77077,13,220353
24721,0.000952,74.125.24.0-255,8574,85651,13,220353
24722,0.000954,172.31.36.0-255,66,85717,13,220353
24723,0.000978,74.125.24.0-255,4320,90037,13,220353
24724,0.000981,172.31.36.0-255,66,90103,13,220353
24725,0.000999,74.125.24.0-255,4320,94423,13,220353
24726,0.001002,172.31.36.0-255,66,94489,13,220353
24727,0.001025,74.125.24.0-255,6438,100927,13,220353
24728,0.001027,172.31.36.0-255,66,100993,13,220353
24729,0.001611,74.125.24.0-255,1484,102477,13,220353
24730,0.00163,74.125.24.0-255,2902,105379,13,220353
24731,0.001634,172.31.36.0-255,66,105445,13,220353
24732,0.001642,74.125.24.0-255,4320,109765,13,220353
24733,0.001644,172.31.36.0-255,66,109831,13,220353
24734,0.00165,74.125.24.0-255,4320,114151,13,220353
24735,0.001652,172.31.36.0-255,66,114217,13,220353
24736,0.001675,74.125.24.0-255,4320,118537,13,220353
24737,0.001678,172.31.36.0-255,66,118603,13,220353
24738,0.001685,74.125.24.0-255,5738,124341,13,220353
24739,0.001687,172.31.36.0-255,66,124407,13,220353
24740,0.001708,74.125.24.0-255,10692,135099,13,220353
24741,0.001711,172.31.36.0-255,66,135165,13,220353
24742,0.001819,74.125.24.0-255,1484,136649,13,220353
24743,0.001824,74.125.24.0-255,1484,138133,13,220353
24744,0.001827,172.31.36.0-255,66,138199,13,220353
24745,0.00185,74.125.24.0-255,1484,139683,13,220353
24746,0.001858,74.125.24.0-255,5738,145421,13,220353
24747,0.00186,172.31.36.0-255,66,145487,13,220353
24748,0.001879,74.125.24.0-255,5738,151225,13,220353
24749,0.001881,172.31.36.0-255,66,151291,13,220353
24750,0.001906,74.125.24.0-255,7156,158447,13,220353
24751,0.001909,172.31.36.0-255,66,158513,13,220353
24752,0.001919,74.125.24.0-255,10692,169205,13,220353
24753,0.001921,172.31.36.0-255,66,169271,13,220353
24754,0.002144,74.125.24.0-255,1484,170755,13,220353
24755,0.002151,74.125.24.0-255,2902,173657,13,220353
24756,0.002155,172.31.36.0-255,66,173723,13,220353
24757,0.004048,74.125.24.0-255,1484,175207,13,220353
24758,0.004267,74.125.24.0-255,4320,179527,13,220353
24759,0.004271,172.31.36.0-255,66,179593,13,220353
24760,0.006395,74.125.24.0-255,2902,182495,13,220353
24761,0.0064,172.31.36.0-255,66,182561,13,220353
24762,0.006422,74.125.24.0-255,2902,185463,13,220353
24763,0.006425,172.31.36.0-255,66,185529,13,220353
24764,0.008524,74.125.24.0-255,5738,191267,13,220353
24765,0.008531,172.31.36.0-255,66,191333,13,220353
24766,0.01065,74.125.24.0-255,5738,197071,13,220353
24767,0.01066,172.31.36.0-255,66,197137,13,220353
24768,0.012825,74.125.24.0-255,5738,202875,13,220353
24769,0.012833,172.31.36.0-255,66,202941,13,220353
24770,0.014927,74.125.24.0-255,5738,208679,13,220353
24771,0.014937,172.31.36.0-255,66,208745,13,220353
24772,0.017077,74.125.24.0-255,5738,214483,13,220353
24773,0.017085,172.31.36.0-255,66,214549,13,220353
24774,0.019214,74.125.24.0-255,5738,220287,13,220353
24775,0.019221,172.31.36.0-255,66,220353,13,220353
24776,0.0,172.217.27.0-255,153,153,13,171366
24777,2.2e-05,172.31.36.0-255,66,219,13,171366
24778,2.9e-05,172.217.27.0-255,1484,1703,13,171366
24779,3.4e-05,172.31.36.0-255,66,1769,13,171366
24780,4e-05,172.217.27.0-255,2902,4671,13,171366
24781,4.3e-05,172.31.36.0-255,66,4737,13,171366
24782,6.1e-05,172.217.27.0-255,5738,10475,13,171366
24783,6.4e-05,172.31.36.0-255,66,10541,13,171366
24784,8.8e-05,172.217.27.0-255,3485,14026,13,171366
24785,9e-05,172.31.36.0-255,66,14092,13,171366
24786,0.000138,172.217.27.0-255,1484,15576,13,171366
24787,0.00014,172.31.36.0-255,66,15642,13,171366
24788,0.000145,172.217.27.0-255,2902,18544,13,171366
24789,0.000147,172.31.36.0-255,66,18610,13,171366
24790,0.000169,172.217.27.0-255,5738,24348,13,171366
24791,0.000172,172.31.36.0-255,66,24414,13,171366
24792,0.000184,172.217.27.0-255,6797,31211,13,171366
24793,0.000187,172.31.36.0-255,66,31277,13,171366
24794,0.000488,172.217.27.0-255,1484,32761,13,171366
24795,0.000493,172.31.36.0-255,66,32827,13,171366
24796,0.0005,172.217.27.0-255,2902,35729,13,171366
24797,0.000502,172.31.36.0-255,66,35795,13,171366
24798,0.000514,172.217.27.0-255,5738,41533,13,171366
24799,0.000518,172.31.36.0-255,66,41599,13,171366
24800,0.000558,172.217.27.0-255,6797,48396,13,171366
24801,0.000562,172.31.36.0-255,66,48462,13,171366
24802,0.000591,172.217.27.0-255,1484,49946,13,171366
24803,0.000594,172.31.36.0-255,66,50012,13,171366
24804,0.000599,172.217.27.0-255,2902,52914,13,171366
24805,0.000601,172.31.36.0-255,66,52980,13,171366
24806,0.000608,172.217.27.0-255,5738,58718,13,171366
24807,0.000616,172.31.36.0-255,66,58784,13,171366
24808,0.000647,172.217.27.0-255,6797,65581,13,171366
24809,0.000651,172.31.36.0-255,66,65647,13,171366
24810,0.000668,172.217.27.0-255,394,66041,13,171366
24811,0.000978,172.217.27.0-255,116,66157,13,171366
24812,0.001131,172.31.36.0-255,66,66223,13,171366
24813,0.001189,172.217.27.0-255,1484,67707,13,171366
24814,0.001195,172.217.27.0-255,2902,70609,13,171366
24815,0.001199,172.31.36.0-255,66,70675,13,171366
24816,0.001205,172.217.27.0-255,4320,74995,13,171366
24817,0.001207,172.31.36.0-255,66,75061,13,171366
24818,0.001244,172.217.27.0-255,1484,76545,13,171366
24819,0.001266,172.31.36.0-255,66,76611,13,171366
24820,0.001275,172.217.27.0-255,9633,86244,13,171366
24821,0.001278,172.31.36.0-255,66,86310,13,171366
24822,0.001506,172.217.27.0-255,1484,87794,13,171366
24823,0.001512,172.217.27.0-255,2902,90696,13,171366
24824,0.001515,172.31.36.0-255,66,90762,13,171366
24825,0.001523,172.217.27.0-255,5738,96500,13,171366
24826,0.001525,172.31.36.0-255,66,96566,13,171366
24827,0.00157,172.217.27.0-255,7156,103722,13,171366
24828,0.0016,172.31.36.0-255,66,103788,13,171366
24829,0.001603,172.31.36.0-255,66,103854,13,171366
24830,0.001618,172.217.27.0-255,3602,107456,13,171366
24831,0.00162,172.31.36.0-255,66,107522,13,171366
24832,0.003237,172.217.27.0-255,5738,113260,13,171366
24833,0.003248,172.31.36.0-255,66,113326,13,171366
24834,0.004874,172.217.27.0-255,5738,119064,13,171366
24835,0.004878,172.31.36.0-255,66,119130,13,171366
24836,0.006498,172.217.27.0-255,5738,124868,13,171366
24837,0.006503,172.31.36.0-255,66,124934,13,171366
24838,0.008137,172.217.27.0-255,5738,130672,13,171366
24839,0.008144,172.31.36.0-255,66,130738,13,171366
24840,0.009772,172.217.27.0-255,5738,136476,13,171366
24841,0.009781,172.31.36.0-255,66,136542,13,171366
24842,0.011414,172.217.27.0-255,5738,142280,13,171366
24843,0.011423,172.31.36.0-255,66,142346,13,171366
24844,0.013047,172.217.27.0-255,5738,148084,13,171366
24845,0.013054,172.31.36.0-255,66,148150,13,171366
24846,0.014688,172.217.27.0-255,5738,153888,13,171366
24847,0.014697,172.31.36.0-255,66,153954,13,171366
24848,0.016323,172.217.27.0-255,5738,159692,13,171366
24849,0.01633,172.31.36.0-255,66,159758,13,171366
24850,0.017964,172.217.27.0-255,5738,165496,13,171366
24851,0.017974,172.31.36.0-255,66,165562,13,171366
24852,0.0196,172.217.27.0-255,5738,171300,13,171366
24853,0.019606,172.31.36.0-255,66,171366,13,171366
24854,0.0,172.217.194.0-255,153,153,13,244980
24855,2.2e-05,172.31.36.0-255,66,219,13,244980
24856,2.9e-05,172.217.194.0-255,1484,1703,13,244980
24857,3.4e-05,172.31.36.0-255,66,1769,13,244980
24858,3.9e-05,172.217.194.0-255,2902,4671,13,244980
24859,4.3e-05,172.31.36.0-255,66,4737,13,244980
24860,5e-05,172.217.194.0-255,5738,10475,13,244980
24861,5.3e-05,172.31.36.0-255,66,10541,13,244980
24862,6.1e-05,172.217.194.0-255,6336,16877,13,244980
24863,6.4e-05,172.31.36.0-255,66,16943,13,244980
24864,0.000101,172.31.36.0-255,66,17009,13,244980
24865,0.00015,172.217.194.0-255,1484,18493,13,244980
24866,0.000153,172.31.36.0-255,66,18559,13,244980
24867,0.000158,172.217.194.0-255,2902,21461,13,244980
24868,0.00016,172.31.36.0-255,66,21527,13,244980
24869,0.000163,172.217.194.0-255,1484,23011,13,244980
24870,0.000165,172.31.36.0-255,66,23077,13,244980
24871,0.000182,172.217.194.0-255,4320,27397,13,244980
24872,0.000188,172.217.194.0-255,5738,33135,13,244980
24873,0.000192,172.31.36.0-255,66,33201,13,244980
24874,0.000195,172.31.36.0-255,66,33267,13,244980
24875,0.000237,172.31.36.0-255,66,33333,13,244980
24876,0.000242,172.217.194.0-255,4251,37584,13,244980
24877,0.000244,172.31.36.0-255,66,37650,13,244980
24878,0.000256,172.217.194.0-255,396,38046,13,244980
24879,0.000258,172.31.36.0-255,66,38112,13,244980
24880,0.000392,172.217.194.0-255,1484,39596,13,244980
24881,0.000397,172.31.36.0-255,66,39662,13,244980
24882,0.000403,172.217.194.0-255,2902,42564,13,244980
24883,0.000405,172.31.36.0-255,66,42630,13,244980
24884,0.000411,172.217.194.0-255,4320,46950,13,244980
24885,0.000413,172.31.36.0-255,66,47016,13,244980
24886,0.000427,172.217.194.0-255,1484,48500,13,244980
24887,0.000465,172.31.36.0-255,66,48566,13,244980
24888,0.00052,172.217.194.0-255,10692,59258,13,244980
24889,0.000523,172.31.36.0-255,66,59324,13,244980
24890,0.000575,172.217.194.0-255,1484,60808,13,244980
24891,0.00059,172.217.194.0-255,2902,63710,13,244980
24892,0.000593,172.31.36.0-255,66,63776,13,244980
24893,0.000599,172.217.194.0-255,2902,66678,13,244980
24894,0.000601,172.31.36.0-255,66,66744,13,244980
24895,0.00062,172.217.194.0-255,2902,69646,13,244980
24896,0.000623,172.31.36.0-255,66,69712,13,244980
24897,0.000628,172.217.194.0-255,2902,72614,13,244980
24898,0.00063,172.31.36.0-255,66,72680,13,244980
24899,0.000661,172.217.194.0-255,9992,82672,13,244980
24900,0.000664,172.31.36.0-255,66,82738,13,244980
24901,0.000671,172.217.194.0-255,7156,89894,13,244980
24902,0.000673,172.31.36.0-255,66,89960,13,244980
24903,0.000701,172.217.194.0-255,3602,93562,13,244980
24904,0.000704,172.31.36.0-255,66,93628,13,244980
24905,0.000725,172.217.194.0-255,4320,97948,13,244980
24906,0.000727,172.31.36.0-255,66,98014,13,244980
24907,0.000764,172.217.194.0-255,9992,108006,13,244980
24908,0.000767,172.31.36.0-255,66,108072,13,244980
24909,0.000773,172.217.194.0-255,5738,113810,13,244980
24910,0.000776,172.31.36.0-255,66,113876,13,244980
24911,0.000805,172.217.194.0-255,1484,115360,13,244980
24912,0.000843,172.31.36.0-255,66,115426,13,244980
24913,0.000847,172.217.194.0-255,1484,116910,13,244980
24914,0.000879,172.31.36.0-255,66,116976,13,244980
24915,0.000894,172.31.36.0-255,66,117042,13,244980
24916,0.000901,172.217.194.0-255,5738,122780,13,244980
24917,0.000903,172.31.36.0-255,66,122846,13,244980
24918,0.000926,172.217.194.0-255,766,123612,13,244980
24919,0.00096,172.217.194.0-255,1484,125096,13,244980
24920,0.000964,172.31.36.0-255,66,125162,13,244980
24921,0.000979,172.217.194.0-255,2902,128064,13,244980
24922,0.000982,172.31.36.0-255,66,128130,13,244980
24923,0.001008,172.217.194.0-255,5738,133868,13,244980
24924,0.001012,172.217.194.0-255,2902,136770,13,244980
24925,0.001016,172.31.36.0-255,66,136836,13,244980
24926,0.001024,172.31.36.0-255,66,136902,13,244980
24927,0.001039,172.217.194.0-255,5738,142640,13,244980
24928,0.001042,172.31.36.0-255,66,142706,13,244980
24929,0.001063,172.217.194.0-255,4320,147026,13,244980
24930,0.001073,172.217.194.0-255,10692,157718,13,244980
24931,0.001077,172.31.36.0-255,66,157784,13,244980
24932,0.00108,172.31.36.0-255,66,157850,13,244980
24933,0.001166,172.217.194.0-255,1484,159334,13,244980
24934,0.001169,172.217.194.0-255,1484,160818,13,244980
24935,0.001174,172.31.36.0-255,66,160884,13,244980
24936,0.001185,172.217.194.0-255,1484,162368,13,244980
24937,0.001192,172.217.194.0-255,5738,168106,13,244980
24938,0.001209,172.31.36.0-255,66,168172,13,244980
24939,0.001222,172.217.194.0-255,7156,175328,13,244980
24940,0.001231,172.217.194.0-255,2902,178230,13,244980
24941,0.001238,172.31.36.0-255,66,178296,13,244980
24942,0.001264,172.217.194.0-255,2184,180480,13,244980
24943,0.001282,172.31.36.0-255,66,180546,13,244980
24944,0.001317,172.217.194.0-255,1484,182030,13,244980
24945,0.001322,172.217.194.0-255,2902,184932,13,244980
24946,0.001375,172.217.194.0-255,5738,190670,13,244980
24947,0.001384,172.217.194.0-255,9992,200662,13,244980
24948,0.001396,172.31.36.0-255,66,200728,13,244980
24949,0.001412,172.217.194.0-255,5738,206466,13,244980
24950,0.001448,172.217.194.0-255,9992,216458,13,244980
24951,0.001451,172.31.36.0-255,66,216524,13,244980
24952,0.001457,172.31.36.0-255,66,216590,13,244980
24953,0.001484,172.217.194.0-255,5738,222328,13,244980
24954,0.001492,172.31.36.0-255,66,222394,13,244980
24955,0.001518,172.217.194.0-255,4320,226714,13,244980
24956,0.001556,172.217.194.0-255,8574,235288,13,244980
24957,0.001565,172.31.36.0-255,66,235354,13,244980
24958,0.001574,172.217.194.0-255,2184,237538,13,244980
24959,0.001578,172.217.194.0-255,1484,239022,13,244980
24960,0.001585,172.31.36.0-255,66,239088,13,244980
24961,0.001596,172.217.194.0-255,5383,244471,13,244980
24962,0.001599,172.217.194.0-255,105,244576,13,244980
24963,0.00162,172.31.36.0-255,66,244642,13,244980
24964,0.002692,172.31.36.0-255,101,244743,13,244980
24965,0.00497,172.217.194.0-255,66,244809,13,244980
24966,0.009316,172.31.36.0-255,105,244914,13,244980
24967,0.011572,172.217.194.0-255,66,244980,13,244980
24968,0.0,172.217.160.0-255,146,146,13,151949
24969,1.7e-05,172.31.36.0-255,66,212,13,151949
24970,2.3e-05,172.217.160.0-255,1484,1696,13,151949
24971,2.6e-05,172.31.36.0-255,66,1762,13,151949
24972,3.1e-05,172.217.160.0-255,2902,4664,13,151949
24973,3.4e-05,172.31.36.0-255,66,4730,13,151949
24974,7.1e-05,172.217.160.0-255,7156,11886,13,151949
24975,7.4e-05,172.31.36.0-255,66,11952,13,151949
24976,0.000167,172.217.160.0-255,1484,13436,13,151949
24977,0.000169,172.31.36.0-255,66,13502,13,151949
24978,0.000173,172.217.160.0-255,531,14033,13,151949
24979,0.000175,172.31.36.0-255,66,14099,13,151949
24980,0.000201,172.217.160.0-255,4320,18419,13,151949
24981,0.000203,172.31.36.0-255,66,18485,13,151949
24982,0.000259,172.217.160.0-255,2902,21387,13,151949
24983,0.000261,172.31.36.0-255,66,21453,13,151949
24984,0.000283,172.217.160.0-255,7156,28609,13,151949
24985,0.000285,172.31.36.0-255,66,28675,13,151949
24986,0.00043,172.217.160.0-255,2543,31218,13,151949
24987,0.000436,172.31.36.0-255,66,31284,13,151949
24988,0.000468,172.217.160.0-255,1484,32768,13,151949
24989,0.000471,172.31.36.0-255,66,32834,13,151949
24990,0.000475,172.217.160.0-255,1484,34318,13,151949
24991,0.000477,172.31.36.0-255,66,34384,13,151949
24992,0.000491,172.217.160.0-255,1484,35868,13,151949
24993,0.000494,172.31.36.0-255,66,35934,13,151949
24994,0.000526,172.217.160.0-255,4320,40254,13,151949
24995,0.00053,172.31.36.0-255,66,40320,13,151949
24996,0.000543,172.217.160.0-255,1484,41804,13,151949
24997,0.000548,172.31.36.0-255,66,41870,13,151949
24998,0.00061,172.217.160.0-255,6797,48667,13,151949
24999,0.000614,172.31.36.0-255,66,48733,13,151949
25000,0.000729,172.31.36.0-255,66,48799,13,151949
25001,0.000931,172.217.160.0-255,2543,51342,13,151949
25002,0.000936,172.31.36.0-255,66,51408,13,151949
25003,0.000955,172.217.160.0-255,372,51780,13,151949
25004,0.000958,172.217.160.0-255,371,52151,13,151949
25005,0.001026,172.217.160.0-255,1484,53635,13,151949
25006,0.001029,172.31.36.0-255,66,53701,13,151949
25007,0.001049,172.217.160.0-255,2902,56603,13,151949
25008,0.001052,172.31.36.0-255,66,56669,13,151949
25009,0.001079,172.217.160.0-255,2902,59571,13,151949
25010,0.001083,172.31.36.0-255,66,59637,13,151949
25011,0.001102,172.217.160.0-255,2902,62539,13,151949
25012,0.001105,172.31.36.0-255,66,62605,13,151949
25013,0.001163,172.217.160.0-255,5738,68343,13,151949
25014,0.001166,172.31.36.0-255,66,68409,13,151949
25015,0.001185,172.217.160.0-255,1125,69534,13,151949
25016,0.001225,172.31.36.0-255,66,69600,13,151949
25017,0.001268,172.217.160.0-255,4320,73920,13,151949
25018,0.001272,172.31.36.0-255,66,73986,13,151949
25019,0.001297,172.217.160.0-255,9992,83978,13,151949
25020,0.001299,172.31.36.0-255,66,84044,13,151949
25021,0.001488,172.217.160.0-255,2543,86587,13,151949
25022,0.001494,172.31.36.0-255,66,86653,13,151949
25023,0.002916,172.217.160.0-255,2902,89555,13,151949
25024,0.002922,172.31.36.0-255,66,89621,13,151949
25025,0.003109,172.217.160.0-255,2902,92523,13,151949
25026,0.003114,172.31.36.0-255,66,92589,13,151949
25027,0.004545,172.217.160.0-255,2902,95491,13,151949
25028,0.00455,172.31.36.0-255,66,95557,13,151949
25029,0.004728,172.217.160.0-255,2902,98459,13,151949
25030,0.004732,172.31.36.0-255,66,98525,13,151949
25031,0.006184,172.217.160.0-255,2902,101427,13,151949
25032,0.006188,172.31.36.0-255,66,101493,13,151949
25033,0.006341,172.217.160.0-255,2902,104395,13,151949
25034,0.006345,172.31.36.0-255,66,104461,13,151949
25035,0.007812,172.217.160.0-255,2902,107363,13,151949
25036,0.007818,172.31.36.0-255,66,107429,13,151949
25037,0.007961,172.217.160.0-255,2902,110331,13,151949
25038,0.007967,172.31.36.0-255,66,110397,13,151949
25039,0.009446,172.217.160.0-255,2902,113299,13,151949
25040,0.009453,172.31.36.0-255,66,113365,13,151949
25041,0.009583,172.217.160.0-255,2902,116267,13,151949
25042,0.009589,172.31.36.0-255,66,116333,13,151949
25043,0.011076,172.217.160.0-255,2902,119235,13,151949
25044,0.011083,172.31.36.0-255,66,119301,13,151949
25045,0.011201,172.217.160.0-255,2902,122203,13,151949
25046,0.011206,172.31.36.0-255,66,122269,13,151949
25047,0.012709,172.217.160.0-255,2902,125171,13,151949
25048,0.01272,172.31.36.0-255,66,125237,13,151949
25049,0.012822,172.217.160.0-255,2902,128139,13,151949
25050,0.012829,172.31.36.0-255,66,128205,13,151949
25051,0.014335,172.217.160.0-255,2902,131107,13,151949
25052,0.014341,172.31.36.0-255,66,131173,13,151949
25053,0.01445,172.217.160.0-255,2902,134075,13,151949
25054,0.014456,172.31.36.0-255,66,134141,13,151949
25055,0.015964,172.217.160.0-255,2902,137043,13,151949
25056,0.01597,172.31.36.0-255,66,137109,13,151949
25057,0.016075,172.217.160.0-255,2902,140011,13,151949
25058,0.01608,172.31.36.0-255,66,140077,13,151949
25059,0.017598,172.217.160.0-255,2902,142979,13,151949
25060,0.017603,172.31.36.0-255,66,143045,13,151949
25061,0.017692,172.217.160.0-255,2902,145947,13,151949
25062,0.017696,172.31.36.0-255,66,146013,13,151949
25063,0.01922,172.217.160.0-255,2902,148915,13,151949
25064,0.019231,172.31.36.0-255,66,148981,13,151949
25065,0.019303,172.217.160.0-255,2902,151883,13,151949
25066,0.019308,172.31.36.0-255,66,151949,13,151949
25067,0.0,74.125.68.0-255,153,153,13,329296
25068,2.3e-05,172.31.36.0-255,66,219,13,329296
25069,3e-05,74.125.68.0-255,1484,1703,13,329296
25070,3.5e-05,172.31.36.0-255,66,1769,13,329296
25071,4.2e-05,74.125.68.0-255,2902,4671,13,329296
25072,4.5e-05,172.31.36.0-255,66,4737,13,329296
25073,5.3e-05,74.125.68.0-255,7156,11893,13,329296
25074,5.6e-05,172.31.36.0-255,66,11959,13,329296
25075,6e-05,74.125.68.0-255,2011,13970,13,329296
25076,6.4e-05,172.31.36.0-255,66,14036,13,329296
25077,0.000121,74.125.68.0-255,1484,15520,13,329296
25078,0.000124,172.31.36.0-255,66,15586,13,329296
25079,0.000128,74.125.68.0-255,1484,17070,13,329296
25080,0.00013,172.31.36.0-255,66,17136,13,329296
25081,0.000145,74.125.68.0-255,1484,18620,13,329296
25082,0.000147,172.31.36.0-255,66,18686,13,329296
25083,0.000152,74.125.68.0-255,2902,21588,13,329296
25084,0.000154,172.31.36.0-255,66,21654,13,329296
25085,0.00016,74.125.68.0-255,4320,25974,13,329296
25086,0.000163,172.31.36.0-255,66,26040,13,329296
25087,0.0002,74.125.68.0-255,5379,31419,13,329296
25088,0.000204,172.31.36.0-255,66,31485,13,329296
25089,0.000243,74.125.68.0-255,1484,32969,13,329296
25090,0.000245,172.31.36.0-255,66,33035,13,329296
25091,0.00025,74.125.68.0-255,2902,35937,13,329296
25092,0.000252,172.31.36.0-255,66,36003,13,329296
25093,0.000276,74.125.68.0-255,5738,41741,13,329296
25094,0.000279,172.31.36.0-255,66,41807,13,329296
25095,0.000295,74.125.68.0-255,6797,48604,13,329296
25096,0.000298,172.31.36.0-255,66,48670,13,329296
25097,0.00053,74.125.68.0-255,1484,50154,13,329296
25098,0.000535,172.31.36.0-255,66,50220,13,329296
25099,0.000542,74.125.68.0-255,2902,53122,13,329296
25100,0.000547,74.125.68.0-255,1484,54606,13,329296
25101,0.000555,172.31.36.0-255,66,54672,13,329296
25102,0.000568,74.125.68.0-255,4320,58992,13,329296
25103,0.000573,172.31.36.0-255,66,59058,13,329296
25104,0.000586,74.125.68.0-255,5738,64796,13,329296
25105,0.0006,74.125.68.0-255,1125,65921,13,329296
25106,0.000614,74.125.68.0-255,646,66567,13,329296
25107,0.000617,172.31.36.0-255,66,66633,13,329296
25108,0.000728,74.125.68.0-255,1484,68117,13,329296
25109,0.000747,172.31.36.0-255,66,68183,13,329296
25110,0.000753,74.125.68.0-255,2902,71085,13,329296
25111,0.000758,172.31.36.0-255,66,71151,13,329296
25112,0.000779,74.125.68.0-255,2902,74053,13,329296
25113,0.000797,74.125.68.0-255,2902,76955,13,329296
25114,0.0008,74.125.68.0-255,1484,78439,13,329296
25115,0.000803,172.31.36.0-255,66,78505,13,329296
25116,0.000808,172.31.36.0-255,66,78571,13,329296
25117,0.000818,74.125.68.0-255,2902,81473,13,329296
25118,0.000849,74.125.68.0-255,2543,84016,13,329296
25119,0.000865,172.31.36.0-255,66,84082,13,329296
25120,0.000898,74.125.68.0-255,1484,85566,13,329296
25121,0.000913,74.125.68.0-255,2902,88468,13,329296
25122,0.000921,172.31.36.0-255,66,88534,13,329296
25123,0.000932,74.125.68.0-255,5738,94272,13,329296
25124,0.000934,74.125.68.0-255,1484,95756,13,329296
25125,0.000947,74.125.68.0-255,2902,98658,13,329296
25126,0.000951,74.125.68.0-255,2902,101560,13,329296
25127,0.000953,172.31.36.0-255,66,101626,13,329296
25128,0.000972,74.125.68.0-255,2902,104528,13,329296
25129,0.000978,74.125.68.0-255,4320,108848,13,329296
25130,0.000986,172.31.36.0-255,66,108914,13,329296
25131,0.001001,74.125.68.0-255,7156,116070,13,329296
25132,0.001005,74.125.68.0-255,2184,118254,13,329296
25133,0.001063,74.125.68.0-255,1484,119738,13,329296
25134,0.001066,74.125.68.0-255,1484,121222,13,329296
25135,0.001076,172.31.36.0-255,66,121288,13,329296
25136,0.00108,74.125.68.0-255,1484,122772,13,329296
25137,0.001082,74.125.68.0-255,1484,124256,13,329296
25138,0.001088,172.31.36.0-255,66,124322,13,329296
25139,0.001101,74.125.68.0-255,4320,128642,13,329296
25140,0.001107,74.125.68.0-255,4320,132962,13,329296
25141,0.001124,74.125.68.0-255,2902,135864,13,329296
25142,0.001133,172.31.36.0-255,66,135930,13,329296
25143,0.001146,74.125.68.0-255,5738,141668,13,329296
25144,0.00116,172.31.36.0-255,66,141734,13,329296
25145,0.001174,74.125.68.0-255,8574,150308,13,329296
25146,0.001178,74.125.68.0-255,2184,152492,13,329296
25147,0.001182,172.31.36.0-255,66,152558,13,329296
25148,0.001217,74.125.68.0-255,1484,154042,13,329296
25149,0.001231,74.125.68.0-255,2902,156944,13,329296
25150,0.001236,172.31.36.0-255,66,157010,13,329296
25151,0.001259,74.125.68.0-255,5738,162748,13,329296
25152,0.001261,74.125.68.0-255,1484,164232,13,329296
25153,0.001264,74.125.68.0-255,1484,165716,13,329296
25154,0.00127,172.31.36.0-255,66,165782,13,329296
25155,0.001279,74.125.68.0-255,1484,167266,13,329296
25156,0.001286,74.125.68.0-255,5738,173004,13,329296
25157,0.0013,172.31.36.0-255,66,173070,13,329296
25158,0.001312,74.125.68.0-255,7156,180226,13,329296
25159,0.001318,172.31.36.0-255,66,180292,13,329296
25160,0.001327,74.125.68.0-255,1484,181776,13,329296
25161,0.001357,74.125.68.0-255,2902,184678,13,329296
25162,0.001369,74.125.68.0-255,2184,186862,13,329296
25163,0.001381,172.31.36.0-255,66,186928,13,329296
25164,0.001414,74.125.68.0-255,1484,188412,13,329296
25165,0.001428,74.125.68.0-255,2902,191314,13,329296
25166,0.001435,172.31.36.0-255,66,191380,13,329296
25167,0.001446,74.125.68.0-255,5738,197118,13,329296
25168,0.001448,74.125.68.0-255,1484,198602,13,329296
25169,0.001459,74.125.68.0-255,2902,201504,13,329296
25170,0.001463,172.31.36.0-255,66,201570,13,329296
25171,0.001471,74.125.68.0-255,2902,204472,13,329296
25172,0.001485,74.125.68.0-255,2902,207374,13,329296
25173,0.001496,172.31.36.0-255,66,207440,13,329296
25174,0.001507,74.125.68.0-255,2902,210342,13,329296
25175,0.001527,74.125.68.0-255,8574,218916,13,329296
25176,0.001531,74.125.68.0-255,2184,221100,13,329296
25177,0.001547,172.31.36.0-255,66,221166,13,329296
25178,0.001568,74.125.68.0-255,5738,226904,13,329296
25179,0.00159,74.125.68.0-255,4320,231224,13,329296
25180,0.001593,172.31.36.0-255,66,231290,13,329296
25181,0.001597,172.31.36.0-255,66,231356,13,329296
25182,0.001612,74.125.68.0-255,2902,234258,13,329296
25183,0.001624,172.31.36.0-255,66,234324,13,329296
25184,0.001635,74.125.68.0-255,3412,237736,13,329296
25185,0.00164,172.31.36.0-255,66,237802,13,329296
25186,0.001745,74.125.68.0-255,1484,239286,13,329296
25187,0.001749,74.125.68.0-255,1484,240770,13,329296
25188,0.001762,74.125.68.0-255,1484,242254,13,329296
25189,0.001765,74.125.68.0-255,1484,243738,13,329296
25190,0.001781,74.125.68.0-255,2902,246640,13,329296
25191,0.001788,172.31.36.0-255,66,246706,13,329296
25192,0.001817,74.125.68.0-255,5738,252444,13,329296
25193,0.001823,74.125.68.0-255,5738,258182,13,329296
25194,0.001832,172.31.36.0-255,66,258248,13,329296
25195,0.001853,74.125.68.0-255,7156,265404,13,329296
25196,0.001878,172.31.36.0-255,66,265470,13,329296
25197,0.001886,74.125.68.0-255,6438,271908,13,329296
25198,0.001892,172.31.36.0-255,66,271974,13,329296
25199,0.002095,74.125.68.0-255,1484,273458,13,329296
25200,0.002102,74.125.68.0-255,2902,276360,13,329296
25201,0.002126,74.125.68.0-255,4320,280680,13,329296
25202,0.002132,172.31.36.0-255,66,280746,13,329296
25203,0.002143,74.125.68.0-255,1484,282230,13,329296
25204,0.002151,74.125.68.0-255,7156,289386,13,329296
25205,0.002173,172.31.36.0-255,66,289452,13,329296
25206,0.002181,74.125.68.0-255,5738,295190,13,329296
25207,0.002186,172.31.36.0-255,66,295256,13,329296
25208,0.002198,74.125.68.0-255,7156,302412,13,329296
25209,0.00225,74.125.68.0-255,3602,306014,13,329296
25210,0.002261,172.31.36.0-255,66,306080,13,329296
25211,0.004527,74.125.68.0-255,5738,311818,13,329296
25212,0.004533,172.31.36.0-255,66,311884,13,329296
25213,0.006804,74.125.68.0-255,5738,317622,13,329296
25214,0.009587,172.31.36.0-255,66,317688,13,329296
25215,0.011873,74.125.68.0-255,5738,323426,13,329296
25216,0.011882,172.31.36.0-255,66,323492,13,329296
25217,0.014148,74.125.68.0-255,5738,329230,13,329296
25218,0.018009,172.31.36.0-255,66,329296,13,329296
25219,0.0,74.125.24.0-255,153,153,13,217858
25220,2.5e-05,172.31.36.0-255,66,219,13,217858
25221,3.1e-05,74.125.24.0-255,1484,1703,13,217858
25222,3.6e-05,172.31.36.0-255,66,1769,13,217858
25223,4.1e-05,74.125.24.0-255,2902,4671,13,217858
25224,4.4e-05,172.31.36.0-255,66,4737,13,217858
25225,4.9e-05,74.125.24.0-255,4320,9057,13,217858
25226,5.3e-05,172.31.36.0-255,66,9123,13,217858
25227,6.8e-05,74.125.24.0-255,2902,12025,13,217858
25228,7e-05,172.31.36.0-255,66,12091,13,217858
25229,8.7e-05,74.125.24.0-255,2065,14156,13,217858
25230,8.9e-05,172.31.36.0-255,66,14222,13,217858
25231,0.000357,74.125.24.0-255,1484,15706,13,217858
25232,0.000363,172.31.36.0-255,66,15772,13,217858
25233,0.000369,74.125.24.0-255,2902,18674,13,217858
25234,0.000372,172.31.36.0-255,66,18740,13,217858
25235,0.000393,74.125.24.0-255,4320,23060,13,217858
25236,0.000397,172.31.36.0-255,66,23126,13,217858
25237,0.000425,74.125.24.0-255,5738,28864,13,217858
25238,0.000428,172.31.36.0-255,66,28930,13,217858
25239,0.000434,74.125.24.0-255,2543,31473,13,217858
25240,0.000436,172.31.36.0-255,66,31539,13,217858
25241,0.000527,74.125.24.0-255,1484,33023,13,217858
25242,0.00053,172.31.36.0-255,66,33089,13,217858
25243,0.000547,74.125.24.0-255,2902,35991,13,217858
25244,0.00055,172.31.36.0-255,66,36057,13,217858
25245,0.000556,74.125.24.0-255,5738,41795,13,217858
25246,0.000559,172.31.36.0-255,66,41861,13,217858
25247,0.000591,74.125.24.0-255,7156,49017,13,217858
25248,0.000594,172.31.36.0-255,66,49083,13,217858
25249,0.000619,74.125.24.0-255,6797,55880,13,217858
25250,0.000622,172.31.36.0-255,66,55946,13,217858
25251,0.000631,74.125.24.0-255,9945,65891,13,217858
25252,0.000633,172.31.36.0-255,66,65957,13,217858
25253,0.000636,74.125.24.0-255,109,66066,13,217858
25254,0.000664,74.125.24.0-255,330,66396,13,217858
25255,0.000838,172.31.36.0-255,66,66462,13,217858
25256,0.001299,74.125.24.0-255,1484,67946,13,217858
25257,0.001309,74.125.24.0-255,2902,70848,13,217858
25258,0.001314,172.31.36.0-255,66,70914,13,217858
25259,0.001321,74.125.24.0-255,4320,75234,13,217858
25260,0.001323,172.31.36.0-255,66,75300,13,217858
25261,0.001341,74.125.24.0-255,1484,76784,13,217858
25262,0.00137,74.125.24.0-255,8574,85358,13,217858
25263,0.001373,172.31.36.0-255,66,85424,13,217858
25264,0.001398,74.125.24.0-255,4320,89744,13,217858
25265,0.0014,172.31.36.0-255,66,89810,13,217858
25266,0.001409,74.125.24.0-255,9992,99802,13,217858
25267,0.001411,172.31.36.0-255,66,99868,13,217858
25268,0.001414,74.125.24.0-255,766,100634,13,217858
25269,0.001505,74.125.24.0-255,1484,102118,13,217858
25270,0.001508,172.31.36.0-255,66,102184,13,217858
25271,0.001513,74.125.24.0-255,2902,105086,13,217858
25272,0.001516,172.31.36.0-255,66,105152,13,217858
25273,0.001555,74.125.24.0-255,5738,110890,13,217858
25274,0.001558,172.31.36.0-255,66,110956,13,217858
25275,0.001578,74.125.24.0-255,7156,118112,13,217858
25276,0.00158,172.31.36.0-255,66,118178,13,217858
25277,0.001614,172.31.36.0-255,66,118244,13,217858
25278,0.001618,74.125.24.0-255,2902,121146,13,217858
25279,0.00162,172.31.36.0-255,66,121212,13,217858
25280,0.001635,74.125.24.0-255,5020,126232,13,217858
25281,0.001637,172.31.36.0-255,66,126298,13,217858
25282,0.001655,74.125.24.0-255,7156,133454,13,217858
25283,0.001658,172.31.36.0-255,66,133520,13,217858
25284,0.001697,172.31.36.0-255,66,133586,13,217858
25285,0.001702,74.125.24.0-255,3602,137188,13,217858
25286,0.001704,172.31.36.0-255,66,137254,13,217858
25287,0.001771,74.125.24.0-255,1484,138738,13,217858
25288,0.001775,74.125.24.0-255,1484,140222,13,217858
25289,0.001776,172.31.36.0-255,66,140288,13,217858
25290,0.00179,74.125.24.0-255,1484,141772,13,217858
25291,0.001797,74.125.24.0-255,5738,147510,13,217858
25292,0.001799,172.31.36.0-255,66,147576,13,217858
25293,0.001813,74.125.24.0-255,1484,149060,13,217858
25294,0.001835,74.125.24.0-255,9992,159052,13,217858
25295,0.001838,172.31.36.0-255,66,159118,13,217858
25296,0.001851,74.125.24.0-255,1484,160602,13,217858
25297,0.001885,74.125.24.0-255,10692,171294,13,217858
25298,0.001888,172.31.36.0-255,66,171360,13,217858
25299,0.003919,74.125.24.0-255,5738,177098,13,217858
25300,0.003926,172.31.36.0-255,66,177164,13,217858
25301,0.005974,74.125.24.0-255,5738,182902,13,217858
25302,0.00598,172.31.36.0-255,66,182968,13,217858
25303,0.008014,74.125.24.0-255,5738,188706,13,217858
25304,0.008019,172.31.36.0-255,66,188772,13,217858
25305,0.010049,74.125.24.0-255,5738,194510,13,217858
25306,0.010056,172.31.36.0-255,66,194576,13,217858
25307,0.012097,74.125.24.0-255,5738,200314,13,217858
25308,0.012104,172.31.36.0-255,66,200380,13,217858
25309,0.014133,74.125.24.0-255,5738,206118,13,217858
25310,0.014145,172.31.36.0-255,66,206184,13,217858
25311,0.016185,74.125.24.0-255,5738,211922,13,217858
25312,0.016195,172.31.36.0-255,66,211988,13,217858
25313,0.018223,74.125.24.0-255,4320,216308,13,217858
25314,0.018231,172.31.36.0-255,66,216374,13,217858
25315,0.018249,74.125.24.0-255,1484,217858,13,217858
25316,0.0,74.125.130.0-255,143,143,13,335285
25317,1.7e-05,172.31.36.0-255,66,209,13,335285
25318,2.5e-05,74.125.130.0-255,1484,1693,13,335285
25319,2.9e-05,172.31.36.0-255,66,1759,13,335285
25320,4.2e-05,74.125.130.0-255,2902,4661,13,335285
25321,4.6e-05,172.31.36.0-255,66,4727,13,335285
25322,5.2e-05,74.125.130.0-255,4320,9047,13,335285
25323,5.4e-05,172.31.36.0-255,66,9113,13,335285
25324,7.6e-05,74.125.130.0-255,1484,10597,13,335285
25325,7.9e-05,172.31.36.0-255,66,10663,13,335285
25326,8.9e-05,74.125.130.0-255,3456,14119,13,335285
25327,9.2e-05,172.31.36.0-255,66,14185,13,335285
25328,0.000202,74.125.130.0-255,1484,15669,13,335285
25329,0.000206,172.31.36.0-255,66,15735,13,335285
25330,0.000212,74.125.130.0-255,2902,18637,13,335285
25331,0.000214,172.31.36.0-255,66,18703,13,335285
25332,0.000221,74.125.130.0-255,5738,24441,13,335285
25333,0.000223,172.31.36.0-255,66,24507,13,335285
25334,0.000267,74.125.130.0-255,6797,31304,13,335285
25335,0.00027,172.31.36.0-255,66,31370,13,335285
25336,0.000273,74.125.130.0-255,1484,32854,13,335285
25337,0.000276,172.31.36.0-255,66,32920,13,335285
25338,0.000279,74.125.130.0-255,1484,34404,13,335285
25339,0.000281,172.31.36.0-255,66,34470,13,335285
25340,0.000318,74.125.130.0-255,1484,35954,13,335285
25341,0.000321,172.31.36.0-255,66,36020,13,335285
25342,0.000327,74.125.130.0-255,5738,41758,13,335285
25343,0.000329,172.31.36.0-255,66,41824,13,335285
25344,0.000342,74.125.130.0-255,6797,48621,13,335285
25345,0.000344,172.31.36.0-255,66,48687,13,335285
25346,0.000417,74.125.130.0-255,1484,50171,13,335285
25347,0.000421,172.31.36.0-255,66,50237,13,335285
25348,0.000448,74.125.130.0-255,2902,53139,13,335285
25349,0.000451,172.31.36.0-255,66,53205,13,335285
25350,0.000458,74.125.130.0-255,5738,58943,13,335285
25351,0.00046,172.31.36.0-255,66,59009,13,335285
25352,0.000491,74.125.130.0-255,7089,66098,13,335285
25353,0.000494,172.31.36.0-255,66,66164,13,335285
25354,0.000604,74.125.130.0-255,1484,67648,13,335285
25355,0.000614,74.125.130.0-255,1484,69132,13,335285
25356,0.000617,172.31.36.0-255,66,69198,13,335285
25357,0.000641,74.125.130.0-255,1484,70682,13,335285
25358,0.000646,74.125.130.0-255,4320,75002,13,335285
25359,0.000648,172.31.36.0-255,66,75068,13,335285
25360,0.000674,74.125.130.0-255,5738,80806,13,335285
25361,0.000677,172.31.36.0-255,66,80872,13,335285
25362,0.000701,74.125.130.0-255,2820,83692,13,335285
25363,0.000704,172.31.36.0-255,66,83758,13,335285
25364,0.000709,74.125.130.0-255,2902,86660,13,335285
25365,0.000711,172.31.36.0-255,66,86726,13,335285
25366,0.000716,74.125.130.0-255,4320,91046,13,335285
25367,0.000721,172.31.36.0-255,66,91112,13,335285
25368,0.000727,74.125.130.0-255,5738,96850,13,335285
25369,0.000729,172.31.36.0-255,66,96916,13,335285
25370,0.000756,74.125.130.0-255,2902,99818,13,335285
25371,0.000762,172.31.36.0-255,66,99884,13,335285
25372,0.000765,74.125.130.0-255,1125,101009,13,335285
25373,0.001018,74.125.130.0-255,1484,102493,13,335285
25374,0.001021,172.31.36.0-255,66,102559,13,335285
25375,0.001025,74.125.130.0-255,1484,104043,13,335285
25376,0.001028,74.125.130.0-255,1484,105527,13,335285
25377,0.00103,172.31.36.0-255,66,105593,13,335285
25378,0.001048,74.125.130.0-255,1484,107077,13,335285
25379,0.001057,74.125.130.0-255,5738,112815,13,335285
25380,0.001059,172.31.36.0-255,66,112881,13,335285
25381,0.001083,74.125.130.0-255,4320,117201,13,335285
25382,0.001085,172.31.36.0-255,66,117267,13,335285
25383,0.001111,74.125.130.0-255,5738,123005,13,335285
25384,0.001114,172.31.36.0-255,66,123071,13,335285
25385,0.001126,172.31.36.0-255,66,123137,13,335285
25386,0.001128,74.125.130.0-255,766,123903,13,335285
25387,0.001307,74.125.130.0-255,1484,125387,13,335285
25388,0.00131,74.125.130.0-255,1484,126871,13,335285
25389,0.001316,172.31.36.0-255,66,126937,13,335285
25390,0.001327,74.125.130.0-255,1484,128421,13,335285
25391,0.00133,172.31.36.0-255,66,128487,13,335285
25392,0.001338,74.125.130.0-255,1484,129971,13,335285
25393,0.001342,74.125.130.0-255,2902,132873,13,335285
25394,0.001344,172.31.36.0-255,66,132939,13,335285
25395,0.001374,74.125.130.0-255,5738,138677,13,335285
25396,0.001377,172.31.36.0-255,66,138743,13,335285
25397,0.001408,74.125.130.0-255,7156,145899,13,335285
25398,0.00141,172.31.36.0-255,66,145965,13,335285
25399,0.001445,74.125.130.0-255,8574,154539,13,335285
25400,0.001448,172.31.36.0-255,66,154605,13,335285
25401,0.001453,74.125.130.0-255,3602,158207,13,335285
25402,0.001455,172.31.36.0-255,66,158273,13,335285
25403,0.001523,74.125.130.0-255,1484,159757,13,335285
25404,0.001528,74.125.130.0-255,1484,161241,13,335285
25405,0.001531,172.31.36.0-255,66,161307,13,335285
25406,0.001555,74.125.130.0-255,1484,162791,13,335285
25407,0.001562,74.125.130.0-255,5738,168529,13,335285
25408,0.001564,172.31.36.0-255,66,168595,13,335285
25409,0.001568,74.125.130.0-255,1484,170079,13,335285
25410,0.001571,74.125.130.0-255,2902,172981,13,335285
25411,0.001573,172.31.36.0-255,66,173047,13,335285
25412,0.001584,74.125.130.0-255,5738,178785,13,335285
25413,0.001587,172.31.36.0-255,66,178851,13,335285
25414,0.001594,74.125.130.0-255,5738,184589,13,335285
25415,0.001596,172.31.36.0-255,66,184655,13,335285
25416,0.001635,74.125.130.0-255,5738,190393,13,335285
25417,0.001638,172.31.36.0-255,66,190459,13,335285
25418,0.001642,74.125.130.0-255,2184,192643,13,335285
25419,0.001644,172.31.36.0-255,66,192709,13,335285
25420,0.001807,74.125.130.0-255,1484,194193,13,335285
25421,0.001813,74.125.130.0-255,2902,197095,13,335285
25422,0.001816,172.31.36.0-255,66,197161,13,335285
25423,0.001864,74.125.130.0-255,5738,202899,13,335285
25424,0.001868,172.31.36.0-255,66,202965,13,335285
25425,0.001873,74.125.130.0-255,2902,205867,13,335285
25426,0.001875,172.31.36.0-255,66,205933,13,335285
25427,0.00189,74.125.130.0-255,9992,215925,13,335285
25428,0.001893,172.31.36.0-255,66,215991,13,335285
25429,0.001899,74.125.130.0-255,4320,220311,13,335285
25430,0.001901,172.31.36.0-255,66,220377,13,335285
25431,0.001937,74.125.130.0-255,4320,224697,13,335285
25432,0.001939,172.31.36.0-255,66,224763,13,335285
25433,0.001944,74.125.130.0-255,2184,226947,13,335285
25434,0.001946,172.31.36.0-255,66,227013,13,335285
25435,0.002174,74.125.130.0-255,1484,228497,13,335285
25436,0.002182,74.125.130.0-255,2902,231399,13,335285
25437,0.002186,172.31.36.0-255,66,231465,13,335285
25438,0.002189,74.125.130.0-255,1484,232949,13,335285
25439,0.002214,74.125.130.0-255,2902,235851,13,335285
25440,0.002217,172.31.36.0-255,66,235917,13,335285
25441,0.00222,74.125.130.0-255,1484,237401,13,335285
25442,0.002252,74.125.130.0-255,4320,241721,13,335285
25443,0.002255,172.31.36.0-255,66,241787,13,335285
25444,0.002263,74.125.130.0-255,7156,248943,13,335285
25445,0.002265,172.31.36.0-255,66,249009,13,335285
25446,0.002306,74.125.130.0-255,1484,250493,13,335285
25447,0.002331,74.125.130.0-255,7156,257649,13,335285
25448,0.002334,172.31.36.0-255,66,257715,13,335285
25449,0.00234,74.125.130.0-255,3602,261317,13,335285
25450,0.002342,172.31.36.0-255,66,261383,13,335285
25451,0.002352,74.125.130.0-255,4320,265703,13,335285
25452,0.002354,172.31.36.0-255,66,265769,13,335285
25453,0.002364,74.125.130.0-255,9992,275761,13,335285
25454,0.002366,172.31.36.0-255,66,275827,13,335285
25455,0.002372,74.125.130.0-255,4320,280147,13,335285
25456,0.002374,172.31.36.0-255,66,280213,13,335285
25457,0.002453,74.125.130.0-255,4320,284533,13,335285
25458,0.00247,74.125.130.0-255,2902,287435,13,335285
25459,0.002476,74.125.130.0-255,4320,291755,13,335285
25460,0.002493,74.125.130.0-255,4320,296075,13,335285
25461,0.002497,74.125.130.0-255,2902,298977,13,335285
25462,0.002514,74.125.130.0-255,5738,304715,13,335285
25463,0.002516,74.125.130.0-255,1484,306199,13,335285
25464,0.006232,172.31.36.0-255,66,306265,13,335285
25465,0.008738,74.125.130.0-255,5738,312003,13,335285
25466,0.008745,172.31.36.0-255,66,312069,13,335285
25467,0.011236,74.125.130.0-255,5738,317807,13,335285
25468,0.011242,172.31.36.0-255,66,317873,13,335285
25469,0.013756,74.125.130.0-255,5738,323611,13,335285
25470,0.013765,172.31.36.0-255,66,323677,13,335285
25471,0.01627,74.125.130.0-255,5738,329415,13,335285
25472,0.01628,172.31.36.0-255,66,329481,13,335285
25473,0.018781,74.125.130.0-255,5738,335219,13,335285
25474,0.018791,172.31.36.0-255,66,335285,13,335285
25475,0.0,172.217.194.0-255,298,298,13,227242
25476,2.3e-05,172.31.36.0-255,66,364,13,227242
25477,3e-05,172.217.194.0-255,1484,1848,13,227242
25478,3.4e-05,172.31.36.0-255,66,1914,13,227242
25479,5.1e-05,172.217.194.0-255,4320,6234,13,227242
25480,5.5e-05,172.31.36.0-255,66,6300,13,227242
25481,6.5e-05,172.217.194.0-255,8964,15264,13,227242
25482,6.9e-05,172.31.36.0-255,66,15330,13,227242
25483,8.6e-05,172.31.36.0-255,66,15396,13,227242
25484,8.9e-05,172.217.194.0-255,1125,16521,13,227242
25485,9.2e-05,172.31.36.0-255,66,16587,13,227242
25486,0.000141,172.217.194.0-255,1484,18071,13,227242
25487,0.000144,172.31.36.0-255,66,18137,13,227242
25488,0.000151,172.217.194.0-255,4320,22457,13,227242
25489,0.000153,172.31.36.0-255,66,22523,13,227242
25490,0.000159,172.217.194.0-255,4320,26843,13,227242
25491,0.000161,172.31.36.0-255,66,26909,13,227242
25492,0.000166,172.217.194.0-255,2902,29811,13,227242
25493,0.000169,172.31.36.0-255,66,29877,13,227242
25494,0.0002,172.217.194.0-255,2902,32779,13,227242
25495,0.000202,172.31.36.0-255,66,32845,13,227242
25496,0.000217,172.31.36.0-255,66,32911,13,227242
25497,0.000227,172.217.194.0-255,5636,38547,13,227242
25498,0.00023,172.31.36.0-255,66,38613,13,227242
25499,0.000233,172.217.194.0-255,429,39042,13,227242
25500,0.000235,172.31.36.0-255,66,39108,13,227242
25501,0.000345,172.217.194.0-255,1484,40592,13,227242
25502,0.000349,172.31.36.0-255,66,40658,13,227242
25503,0.000355,172.217.194.0-255,2902,43560,13,227242
25504,0.000357,172.31.36.0-255,66,43626,13,227242
25505,0.000369,172.217.194.0-255,5738,49364,13,227242
25506,0.000377,172.217.194.0-255,6797,56161,13,227242
25507,0.000414,172.217.194.0-255,7156,63317,13,227242
25508,0.000436,172.217.194.0-255,7156,70473,13,227242
25509,0.00044,172.217.194.0-255,2543,73016,13,227242
25510,0.000647,172.31.36.0-255,66,73082,13,227242
25511,0.000697,172.217.194.0-255,1484,74566,13,227242
25512,0.000704,172.217.194.0-255,2902,77468,13,227242
25513,0.000711,172.31.36.0-255,66,77534,13,227242
25514,0.000731,172.217.194.0-255,5738,83272,13,227242
25515,0.000739,172.217.194.0-255,7156,90428,13,227242
25516,0.000743,172.217.194.0-255,1484,91912,13,227242
25517,0.000774,172.217.194.0-255,2184,94096,13,227242
25518,0.000787,172.31.36.0-255,66,94162,13,227242
25519,0.000816,172.217.194.0-255,2902,97064,13,227242
25520,0.000829,172.217.194.0-255,1484,98548,13,227242
25521,0.000842,172.217.194.0-255,2902,101450,13,227242
25522,0.000845,172.31.36.0-255,66,101516,13,227242
25523,0.000851,172.31.36.0-255,66,101582,13,227242
25524,0.000888,172.217.194.0-255,2902,104484,13,227242
25525,0.000897,172.217.194.0-255,7156,111640,13,227242
25526,0.000914,172.217.194.0-255,766,112406,13,227242
25527,0.000916,172.217.194.0-255,1484,113890,13,227242
25528,0.000921,172.217.194.0-255,4320,118210,13,227242
25529,0.000924,172.217.194.0-255,1484,119694,13,227242
25530,0.000948,172.217.194.0-255,8574,128268,13,227242
25531,0.000956,172.217.194.0-255,7156,135424,13,227242
25532,0.000972,172.31.36.0-255,66,135490,13,227242
25533,0.001007,172.217.194.0-255,10692,146182,13,227242
25534,0.001017,172.31.36.0-255,66,146248,13,227242
25535,0.001453,172.217.194.0-255,1484,147732,13,227242
25536,0.001459,172.217.194.0-255,2902,150634,13,227242
25537,0.001477,172.217.194.0-255,5738,156372,13,227242
25538,0.001511,172.217.194.0-255,1484,157856,13,227242
25539,0.001537,172.217.194.0-255,2902,160758,13,227242
25540,0.001542,172.31.36.0-255,66,160824,13,227242
25541,0.00156,172.217.194.0-255,5738,166562,13,227242
25542,0.001566,172.31.36.0-255,66,166628,13,227242
25543,0.001576,172.217.194.0-255,2184,168812,13,227242
25544,0.001596,172.31.36.0-255,66,168878,13,227242
25545,0.001605,172.217.194.0-255,1484,170362,13,227242
25546,0.001627,172.217.194.0-255,2902,173264,13,227242
25547,0.001633,172.217.194.0-255,5738,179002,13,227242
25548,0.001645,172.217.194.0-255,1484,180486,13,227242
25549,0.001684,172.217.194.0-255,8574,189060,13,227242
25550,0.001709,172.217.194.0-255,2184,191244,13,227242
25551,0.001714,172.31.36.0-255,66,191310,13,227242
25552,0.001725,172.31.36.0-255,66,191376,13,227242
25553,0.001752,172.217.194.0-255,2902,194278,13,227242
25554,0.001757,172.217.194.0-255,4320,198598,13,227242
25555,0.001781,172.217.194.0-255,8574,207172,13,227242
25556,0.001788,172.31.36.0-255,66,207238,13,227242
25557,0.001822,172.217.194.0-255,2902,210140,13,227242
25558,0.001833,172.31.36.0-255,66,210206,13,227242
25559,0.001859,172.31.36.0-255,66,210272,13,227242
25560,0.001868,172.217.194.0-255,2184,212456,13,227242
25561,0.001936,172.217.194.0-255,7156,219612,13,227242
25562,0.001939,172.31.36.0-255,66,219678,13,227242
25563,0.001944,172.31.36.0-255,66,219744,13,227242
25564,0.001982,172.217.194.0-255,7156,226900,13,227242
25565,0.002028,172.217.194.0-255,105,227005,13,227242
25566,0.00203,172.31.36.0-255,66,227071,13,227242
25567,0.002037,172.31.36.0-255,66,227137,13,227242
25568,0.019251,172.31.36.0-255,105,227242,13,227242
25569,0.0,74.125.200.0-255,226,226,13,90826
25570,2.2e-05,172.31.36.0-255,66,292,13,90826
25571,2.8e-05,74.125.200.0-255,1484,1776,13,90826
25572,3.2e-05,172.31.36.0-255,66,1842,13,90826
25573,6.1e-05,74.125.200.0-255,4320,6162,13,90826
25574,6.9e-05,172.31.36.0-255,66,6228,13,90826
25575,0.000213,74.125.200.0-255,5738,11966,13,90826
25576,0.000218,172.31.36.0-255,66,12032,13,90826
25577,0.000439,74.125.200.0-255,2088,14120,13,90826
25578,0.000443,172.31.36.0-255,66,14186,13,90826
25579,0.000527,74.125.200.0-255,8574,22760,13,90826
25580,0.000531,172.31.36.0-255,66,22826,13,90826
25581,0.000556,74.125.200.0-255,1484,24310,13,90826
25582,0.000559,172.31.36.0-255,66,24376,13,90826
25583,0.000946,74.125.200.0-255,9992,34368,13,90826
25584,0.000953,172.31.36.0-255,66,34434,13,90826
25585,0.000983,74.125.200.0-255,2902,37336,13,90826
25586,0.000985,172.31.36.0-255,66,37402,13,90826
25587,0.002074,74.125.200.0-255,2902,40304,13,90826
25588,0.002079,172.31.36.0-255,66,40370,13,90826
25589,0.003033,74.125.200.0-255,2902,43272,13,90826
25590,0.003038,172.31.36.0-255,66,43338,13,90826
25591,0.004132,74.125.200.0-255,2902,46240,13,90826
25592,0.004138,172.31.36.0-255,66,46306,13,90826
25593,0.005086,74.125.200.0-255,2902,49208,13,90826
25594,0.005093,172.31.36.0-255,66,49274,13,90826
25595,0.006187,74.125.200.0-255,2902,52176,13,90826
25596,0.006194,172.31.36.0-255,66,52242,13,90826
25597,0.007145,74.125.200.0-255,2902,55144,13,90826
25598,0.007152,172.31.36.0-255,66,55210,13,90826
25599,0.008242,74.125.200.0-255,2902,58112,13,90826
25600,0.008249,172.31.36.0-255,66,58178,13,90826
25601,0.009217,74.125.200.0-255,2902,61080,13,90826
25602,0.009223,172.31.36.0-255,66,61146,13,90826
25603,0.010297,74.125.200.0-255,2902,64048,13,90826
25604,0.010304,172.31.36.0-255,66,64114,13,90826
25605,0.01126,74.125.200.0-255,2902,67016,13,90826
25606,0.011267,172.31.36.0-255,66,67082,13,90826
25607,0.012348,74.125.200.0-255,2902,69984,13,90826
25608,0.012355,172.31.36.0-255,66,70050,13,90826
25609,0.013313,74.125.200.0-255,2902,72952,13,90826
25610,0.01332,172.31.36.0-255,66,73018,13,90826
25611,0.014392,74.125.200.0-255,2902,75920,13,90826
25612,0.014398,172.31.36.0-255,66,75986,13,90826
25613,0.015359,74.125.200.0-255,2902,78888,13,90826
25614,0.015366,172.31.36.0-255,66,78954,13,90826
25615,0.01644,74.125.200.0-255,2902,81856,13,90826
25616,0.016448,172.31.36.0-255,66,81922,13,90826
25617,0.017435,74.125.200.0-255,2902,84824,13,90826
25618,0.017442,172.31.36.0-255,66,84890,13,90826
25619,0.018497,74.125.200.0-255,2902,87792,13,90826
25620,0.018504,172.31.36.0-255,66,87858,13,90826
25621,0.019475,74.125.200.0-255,2902,90760,13,90826
25622,0.019481,172.31.36.0-255,66,90826,13,90826
25623,0.0,74.125.24.0-255,297,297,13,192703
25624,3.4e-05,172.31.36.0-255,66,363,13,192703
25625,4e-05,74.125.24.0-255,1484,1847,13,192703
25626,4.4e-05,172.31.36.0-255,66,1913,13,192703
25627,5.1e-05,74.125.24.0-255,4320,6233,13,192703
25628,5.3e-05,172.31.36.0-255,66,6299,13,192703
25629,6.1e-05,74.125.24.0-255,8895,15194,13,192703
25630,6.4e-05,172.31.36.0-255,66,15260,13,192703
25631,0.000125,172.31.36.0-255,66,15326,13,192703
25632,0.000649,74.125.24.0-255,1484,16810,13,192703
25633,0.000655,172.31.36.0-255,66,16876,13,192703
25634,0.000664,74.125.24.0-255,2902,19778,13,192703
25635,0.000667,172.31.36.0-255,66,19844,13,192703
25636,0.000674,74.125.24.0-255,5738,25582,13,192703
25637,0.000676,172.31.36.0-255,66,25648,13,192703
25638,0.000681,74.125.24.0-255,4320,29968,13,192703
25639,0.000683,172.31.36.0-255,66,30034,13,192703
25640,0.000706,74.125.24.0-255,2543,32577,13,192703
25641,0.000709,172.31.36.0-255,66,32643,13,192703
25642,0.000739,74.125.24.0-255,1484,34127,13,192703
25643,0.000743,172.31.36.0-255,66,34193,13,192703
25644,0.00077,74.125.24.0-255,8574,42767,13,192703
25645,0.000773,172.31.36.0-255,66,42833,13,192703
25646,0.000788,74.125.24.0-255,4320,47153,13,192703
25647,0.00079,172.31.36.0-255,66,47219,13,192703
25648,0.000795,74.125.24.0-255,2856,50075,13,192703
25649,0.000797,172.31.36.0-255,66,50141,13,192703
25650,0.000832,74.125.24.0-255,110,50251,13,192703
25651,0.000835,172.31.36.0-255,66,50317,13,192703
25652,0.001124,74.125.24.0-255,330,50647,13,192703
25653,0.00113,172.31.36.0-255,66,50713,13,192703
25654,0.001156,74.125.24.0-255,1484,52197,13,192703
25655,0.001163,74.125.24.0-255,2902,55099,13,192703
25656,0.001166,172.31.36.0-255,66,55165,13,192703
25657,0.00119,74.125.24.0-255,1484,56649,13,192703
25658,0.0012,74.125.24.0-255,8574,65223,13,192703
25659,0.001203,172.31.36.0-255,66,65289,13,192703
25660,0.001207,74.125.24.0-255,2902,68191,13,192703
25661,0.00121,172.31.36.0-255,66,68257,13,192703
25662,0.001219,74.125.24.0-255,9992,78249,13,192703
25663,0.001221,172.31.36.0-255,66,78315,13,192703
25664,0.001241,74.125.24.0-255,2902,81217,13,192703
25665,0.001243,172.31.36.0-255,66,81283,13,192703
25666,0.001249,74.125.24.0-255,3602,84885,13,192703
25667,0.001251,172.31.36.0-255,66,84951,13,192703
25668,0.001412,74.125.24.0-255,1484,86435,13,192703
25669,0.00142,74.125.24.0-255,2902,89337,13,192703
25670,0.001425,172.31.36.0-255,66,89403,13,192703
25671,0.001433,74.125.24.0-255,5738,95141,13,192703
25672,0.001435,172.31.36.0-255,66,95207,13,192703
25673,0.00145,172.31.36.0-255,66,95273,13,192703
25674,0.001453,74.125.24.0-255,1484,96757,13,192703
25675,0.001486,74.125.24.0-255,9274,106031,13,192703
25676,0.001489,172.31.36.0-255,66,106097,13,192703
25677,0.001573,74.125.24.0-255,1484,107581,13,192703
25678,0.001578,74.125.24.0-255,2902,110483,13,192703
25679,0.001581,172.31.36.0-255,66,110549,13,192703
25680,0.001587,74.125.24.0-255,5738,116287,13,192703
25681,0.00159,172.31.36.0-255,66,116353,13,192703
25682,0.001607,74.125.24.0-255,2902,119255,13,192703
25683,0.001609,172.31.36.0-255,66,119321,13,192703
25684,0.001643,74.125.24.0-255,8574,127895,13,192703
25685,0.001646,172.31.36.0-255,66,127961,13,192703
25686,0.001694,74.125.24.0-255,9992,137953,13,192703
25687,0.001697,172.31.36.0-255,66,138019,13,192703
25688,0.001712,74.125.24.0-255,2184,140203,13,192703
25689,0.001715,172.31.36.0-255,66,140269,13,192703
25690,0.003667,74.125.24.0-255,1484,141753,13,192703
25691,0.00368,74.125.24.0-255,1484,143237,13,192703
25692,0.003683,172.31.36.0-255,66,143303,13,192703
25693,0.003702,74.125.24.0-255,2902,146205,13,192703
25694,0.003704,172.31.36.0-255,66,146271,13,192703
25695,0.005708,74.125.24.0-255,5738,152009,13,192703
25696,0.005715,172.31.36.0-255,66,152075,13,192703
25697,0.007695,74.125.24.0-255,5738,157813,13,192703
25698,0.0077,172.31.36.0-255,66,157879,13,192703
25699,0.009701,74.125.24.0-255,5738,163617,13,192703
25700,0.009708,172.31.36.0-255,66,163683,13,192703
25701,0.011739,74.125.24.0-255,5738,169421,13,192703
25702,0.011746,172.31.36.0-255,66,169487,13,192703
25703,0.013811,74.125.24.0-255,5738,175225,13,192703
25704,0.01382,172.31.36.0-255,66,175291,13,192703
25705,0.015824,74.125.24.0-255,5738,181029,13,192703
25706,0.015832,172.31.36.0-255,66,181095,13,192703
25707,0.017844,74.125.24.0-255,5738,186833,13,192703
25708,0.017854,172.31.36.0-255,66,186899,13,192703
25709,0.019882,74.125.24.0-255,5738,192637,13,192703
25710,0.019889,172.31.36.0-255,66,192703,13,192703
25711,0.0,172.31.36.0-255,66,66,13,66
25712,0.0,74.125.200.0-255,158,158,13,355792
25713,3.2e-05,172.31.36.0-255,66,224,13,355792
25714,3.9e-05,74.125.200.0-255,1484,1708,13,355792
25715,4.3e-05,172.31.36.0-255,66,1774,13,355792
25716,4.8e-05,74.125.200.0-255,2902,4676,13,355792
25717,5e-05,172.31.36.0-255,66,4742,13,355792
25718,5.5e-05,74.125.200.0-255,2902,7644,13,355792
25719,5.7e-05,172.31.36.0-255,66,7710,13,355792
25720,8e-05,74.125.200.0-255,4320,12030,13,355792
25721,8.3e-05,172.31.36.0-255,66,12096,13,355792
25722,0.000105,74.125.200.0-255,2048,14144,13,355792
25723,0.000108,172.31.36.0-255,66,14210,13,355792
25724,0.00017,74.125.200.0-255,1484,15694,13,355792
25725,0.000173,172.31.36.0-255,66,15760,13,355792
25726,0.000178,74.125.200.0-255,2902,18662,13,355792
25727,0.000181,172.31.36.0-255,66,18728,13,355792
25728,0.000201,74.125.200.0-255,5738,24466,13,355792
25729,0.000204,172.31.36.0-255,66,24532,13,355792
25730,0.00021,74.125.200.0-255,5738,30270,13,355792
25731,0.000212,172.31.36.0-255,66,30336,13,355792
25732,0.000243,74.125.200.0-255,1125,31461,13,355792
25733,0.000246,172.31.36.0-255,66,31527,13,355792
25734,0.000443,74.125.200.0-255,1484,33011,13,355792
25735,0.000447,74.125.200.0-255,2902,35913,13,355792
25736,0.000451,172.31.36.0-255,66,35979,13,355792
25737,0.000456,172.31.36.0-255,66,36045,13,355792
25738,0.000467,74.125.200.0-255,1484,37529,13,355792
25739,0.000469,172.31.36.0-255,66,37595,13,355792
25740,0.000474,74.125.200.0-255,2902,40497,13,355792
25741,0.000477,172.31.36.0-255,66,40563,13,355792
25742,0.000483,74.125.200.0-255,5738,46301,13,355792
25743,0.000485,172.31.36.0-255,66,46367,13,355792
25744,0.000512,74.125.200.0-255,2543,48910,13,355792
25745,0.000515,172.31.36.0-255,66,48976,13,355792
25746,0.000537,74.125.200.0-255,2902,51878,13,355792
25747,0.00054,172.31.36.0-255,66,51944,13,355792
25748,0.000546,74.125.200.0-255,5738,57682,13,355792
25749,0.000548,172.31.36.0-255,66,57748,13,355792
25750,0.000563,74.125.200.0-255,1484,59232,13,355792
25751,0.000571,74.125.200.0-255,5738,64970,13,355792
25752,0.000574,172.31.36.0-255,66,65036,13,355792
25753,0.000597,74.125.200.0-255,1125,66161,13,355792
25754,0.00069,74.125.200.0-255,646,66807,13,355792
25755,0.000694,172.31.36.0-255,66,66873,13,355792
25756,0.000817,74.125.200.0-255,1484,68357,13,355792
25757,0.00083,74.125.200.0-255,1484,69841,13,355792
25758,0.000833,172.31.36.0-255,66,69907,13,355792
25759,0.000851,74.125.200.0-255,1484,71391,13,355792
25760,0.000857,74.125.200.0-255,5738,77129,13,355792
25761,0.000859,172.31.36.0-255,66,77195,13,355792
25762,0.000864,74.125.200.0-255,4320,81515,13,355792
25763,0.000867,172.31.36.0-255,66,81581,13,355792
25764,0.000888,74.125.200.0-255,2902,84483,13,355792
25765,0.000891,172.31.36.0-255,66,84549,13,355792
25766,0.000899,74.125.200.0-255,8574,93123,13,355792
25767,0.000901,172.31.36.0-255,66,93189,13,355792
25768,0.000925,74.125.200.0-255,7856,101045,13,355792
25769,0.000929,172.31.36.0-255,66,101111,13,355792
25770,0.000987,74.125.200.0-255,1484,102595,13,355792
25771,0.001,74.125.200.0-255,2902,105497,13,355792
25772,0.001003,172.31.36.0-255,66,105563,13,355792
25773,0.001024,74.125.200.0-255,2902,108465,13,355792
25774,0.001026,172.31.36.0-255,66,108531,13,355792
25775,0.001032,74.125.200.0-255,4320,112851,13,355792
25776,0.001035,172.31.36.0-255,66,112917,13,355792
25777,0.001053,74.125.200.0-255,8574,121491,13,355792
25778,0.001057,172.31.36.0-255,66,121557,13,355792
25779,0.001086,74.125.200.0-255,8574,130131,13,355792
25780,0.00109,172.31.36.0-255,66,130197,13,355792
25781,0.001125,74.125.200.0-255,5020,135217,13,355792
25782,0.001128,172.31.36.0-255,66,135283,13,355792
25783,0.001166,74.125.200.0-255,2902,138185,13,355792
25784,0.00117,172.31.36.0-255,66,138251,13,355792
25785,0.001174,74.125.200.0-255,2902,141153,13,355792
25786,0.001177,172.31.36.0-255,66,141219,13,355792
25787,0.001191,74.125.200.0-255,1484,142703,13,355792
25788,0.001197,74.125.200.0-255,4320,147023,13,355792
25789,0.001199,172.31.36.0-255,66,147089,13,355792
25790,0.001225,74.125.200.0-255,4320,151409,13,355792
25791,0.001228,172.31.36.0-255,66,151475,13,355792
25792,0.001236,74.125.200.0-255,7156,158631,13,355792
25793,0.001238,172.31.36.0-255,66,158697,13,355792
25794,0.001245,74.125.200.0-255,8574,167271,13,355792
25795,0.001249,172.31.36.0-255,66,167337,13,355792
25796,0.001304,74.125.200.0-255,2184,169521,13,355792
25797,0.001308,172.31.36.0-255,66,169587,13,355792
25798,0.001562,74.125.200.0-255,1484,171071,13,355792
25799,0.001568,74.125.200.0-255,1484,172555,13,355792
25800,0.00157,172.31.36.0-255,66,172621,13,355792
25801,0.001575,74.125.200.0-255,1484,174105,13,355792
25802,0.001589,74.125.200.0-255,1484,175589,13,355792
25803,0.001592,172.31.36.0-255,66,175655,13,355792
25804,0.001596,74.125.200.0-255,2902,178557,13,355792
25805,0.001598,172.31.36.0-255,66,178623,13,355792
25806,0.001613,74.125.200.0-255,2902,181525,13,355792
25807,0.001616,172.31.36.0-255,66,181591,13,355792
25808,0.001622,74.125.200.0-255,4320,185911,13,355792
25809,0.001624,172.31.36.0-255,66,185977,13,355792
25810,0.001652,74.125.200.0-255,5738,191715,13,355792
25811,0.001654,172.31.36.0-255,66,191781,13,355792
25812,0.00166,74.125.200.0-255,4320,196101,13,355792
25813,0.001662,172.31.36.0-255,66,196167,13,355792
25814,0.001681,74.125.200.0-255,7156,203323,13,355792
25815,0.001684,172.31.36.0-255,66,203389,13,355792
25816,0.001687,74.125.200.0-255,766,204155,13,355792
25817,0.001849,74.125.200.0-255,1484,205639,13,355792
25818,0.001854,172.31.36.0-255,66,205705,13,355792
25819,0.001859,74.125.200.0-255,2902,208607,13,355792
25820,0.001861,74.125.200.0-255,1484,210091,13,355792
25821,0.001865,172.31.36.0-255,66,210157,13,355792
25822,0.001875,74.125.200.0-255,2902,213059,13,355792
25823,0.001878,172.31.36.0-255,66,213125,13,355792
25824,0.001894,74.125.200.0-255,5738,218863,13,355792
25825,0.001897,172.31.36.0-255,66,218929,13,355792
25826,0.001917,74.125.200.0-255,1484,220413,13,355792
25827,0.001941,74.125.200.0-255,9992,230405,13,355792
25828,0.001945,172.31.36.0-255,66,230471,13,355792
25829,0.001981,74.125.200.0-255,7856,238327,13,355792
25830,0.001984,172.31.36.0-255,66,238393,13,355792
25831,0.002121,74.125.200.0-255,1484,239877,13,355792
25832,0.002136,74.125.200.0-255,2902,242779,13,355792
25833,0.002139,172.31.36.0-255,66,242845,13,355792
25834,0.002143,74.125.200.0-255,1484,244329,13,355792
25835,0.002159,74.125.200.0-255,4320,248649,13,355792
25836,0.002162,172.31.36.0-255,66,248715,13,355792
25837,0.002199,74.125.200.0-255,9992,258707,13,355792
25838,0.002203,172.31.36.0-255,66,258773,13,355792
25839,0.002215,172.31.36.0-255,66,258839,13,355792
25840,0.002219,74.125.200.0-255,2184,261023,13,355792
25841,0.002221,172.31.36.0-255,66,261089,13,355792
25842,0.002278,74.125.200.0-255,1484,262573,13,355792
25843,0.002294,74.125.200.0-255,2902,265475,13,355792
25844,0.002297,172.31.36.0-255,66,265541,13,355792
25845,0.002303,74.125.200.0-255,2902,268443,13,355792
25846,0.002305,172.31.36.0-255,66,268509,13,355792
25847,0.002318,74.125.200.0-255,2902,271411,13,355792
25848,0.002321,172.31.36.0-255,66,271477,13,355792
25849,0.002325,74.125.200.0-255,2902,274379,13,355792
25850,0.002328,172.31.36.0-255,66,274445,13,355792
25851,0.002361,74.125.200.0-255,5738,280183,13,355792
25852,0.002365,172.31.36.0-255,66,280249,13,355792
25853,0.002374,74.125.200.0-255,9992,290241,13,355792
25854,0.002377,172.31.36.0-255,66,290307,13,355792
25855,0.002383,74.125.200.0-255,6438,296745,13,355792
25856,0.002386,172.31.36.0-255,66,296811,13,355792
25857,0.002391,74.125.200.0-255,2902,299713,13,355792
25858,0.002393,172.31.36.0-255,66,299779,13,355792
25859,0.002415,74.125.200.0-255,4320,304099,13,355792
25860,0.002418,172.31.36.0-255,66,304165,13,355792
25861,0.002485,74.125.200.0-255,5738,309903,13,355792
25862,0.002513,74.125.200.0-255,9274,319177,13,355792
25863,0.002556,74.125.200.0-255,8574,327751,13,355792
25864,0.002576,74.125.200.0-255,7156,334907,13,355792
25865,0.002582,74.125.200.0-255,5738,340645,13,355792
25866,0.002588,74.125.200.0-255,5738,346383,13,355792
25867,0.002614,74.125.200.0-255,9001,355384,13,355792
25868,0.003337,172.31.36.0-255,66,355450,13,355792
25869,0.005872,74.125.200.0-255,105,355555,13,355792
25870,0.005939,172.31.36.0-255,66,355621,13,355792
25871,0.005975,172.31.36.0-255,105,355726,13,355792
25872,0.008503,74.125.200.0-255,66,355792,13,355792
25873,0.0,74.125.24.0-255,153,153,13,266115
25874,2.2e-05,172.31.36.0-255,66,219,13,266115
25875,2.9e-05,74.125.24.0-255,1484,1703,13,266115
25876,3.5e-05,172.31.36.0-255,66,1769,13,266115
25877,4.1e-05,74.125.24.0-255,2902,4671,13,266115
25878,5.5e-05,172.31.36.0-255,66,4737,13,266115
25879,6.4e-05,74.125.24.0-255,7156,11893,13,266115
25880,6.7e-05,172.31.36.0-255,66,11959,13,266115
25881,7.3e-05,74.125.24.0-255,6359,18318,13,266115
25882,7.6e-05,172.31.36.0-255,66,18384,13,266115
25883,0.000127,172.31.36.0-255,66,18450,13,266115
25884,0.000187,74.125.24.0-255,1484,19934,13,266115
25885,0.000189,172.31.36.0-255,66,20000,13,266115
25886,0.000216,74.125.24.0-255,2902,22902,13,266115
25887,0.000218,172.31.36.0-255,66,22968,13,266115
25888,0.000224,74.125.24.0-255,5738,28706,13,266115
25889,0.000226,172.31.36.0-255,66,28772,13,266115
25890,0.000262,172.31.36.0-255,66,28838,13,266115
25891,0.000266,74.125.24.0-255,4320,33158,13,266115
25892,0.000267,172.31.36.0-255,66,33224,13,266115
25893,0.000289,74.125.24.0-255,4320,37544,13,266115
25894,0.000294,172.31.36.0-255,66,37610,13,266115
25895,0.000297,74.125.24.0-255,1396,39006,13,266115
25896,0.000299,172.31.36.0-255,66,39072,13,266115
25897,0.000414,74.125.24.0-255,132,39204,13,266115
25898,0.000419,172.31.36.0-255,66,39270,13,266115
25899,0.000423,74.125.24.0-255,348,39618,13,266115
25900,0.000427,172.31.36.0-255,66,39684,13,266115
25901,0.000953,74.125.24.0-255,1484,41168,13,266115
25902,0.000959,172.31.36.0-255,66,41234,13,266115
25903,0.000965,74.125.24.0-255,2902,44136,13,266115
25904,0.000967,172.31.36.0-255,66,44202,13,266115
25905,0.00098,74.125.24.0-255,5738,49940,13,266115
25906,0.000982,172.31.36.0-255,66,50006,13,266115
25907,0.000985,74.125.24.0-255,1484,51490,13,266115
25908,0.001039,172.31.36.0-255,66,51556,13,266115
25909,0.001047,74.125.24.0-255,8574,60130,13,266115
25910,0.001049,172.31.36.0-255,66,60196,13,266115
25911,0.001052,74.125.24.0-255,1125,61321,13,266115
25912,0.001427,74.125.24.0-255,1484,62805,13,266115
25913,0.001433,74.125.24.0-255,2902,65707,13,266115
25914,0.001438,74.125.24.0-255,5738,71445,13,266115
25915,0.001444,172.31.36.0-255,66,71511,13,266115
25916,0.001447,172.31.36.0-255,66,71577,13,266115
25917,0.001454,172.31.36.0-255,66,71643,13,266115
25918,0.001461,74.125.24.0-255,1484,73127,13,266115
25919,0.001498,172.31.36.0-255,66,73193,13,266115
25920,0.001506,74.125.24.0-255,8574,81767,13,266115
25921,0.001508,172.31.36.0-255,66,81833,13,266115
25922,0.001538,74.125.24.0-255,2184,84017,13,266115
25923,0.001541,172.31.36.0-255,66,84083,13,266115
25924,0.001561,74.125.24.0-255,2902,86985,13,266115
25925,0.001564,172.31.36.0-255,66,87051,13,266115
25926,0.001568,74.125.24.0-255,2902,89953,13,266115
25927,0.00157,172.31.36.0-255,66,90019,13,266115
25928,0.001589,74.125.24.0-255,4320,94339,13,266115
25929,0.001592,172.31.36.0-255,66,94405,13,266115
25930,0.001597,74.125.24.0-255,5738,100143,13,266115
25931,0.001599,172.31.36.0-255,66,100209,13,266115
25932,0.001604,74.125.24.0-255,4320,104529,13,266115
25933,0.001606,172.31.36.0-255,66,104595,13,266115
25934,0.001646,74.125.24.0-255,9992,114587,13,266115
25935,0.00165,172.31.36.0-255,66,114653,13,266115
25936,0.001682,74.125.24.0-255,3602,118255,13,266115
25937,0.001685,172.31.36.0-255,66,118321,13,266115
25938,0.001847,74.125.24.0-255,1484,119805,13,266115
25939,0.001852,74.125.24.0-255,2902,122707,13,266115
25940,0.001855,172.31.36.0-255,66,122773,13,266115
25941,0.001858,74.125.24.0-255,1484,124257,13,266115
25942,0.001883,74.125.24.0-255,4320,128577,13,266115
25943,0.001886,172.31.36.0-255,66,128643,13,266115
25944,0.001895,74.125.24.0-255,9992,138635,13,266115
25945,0.001897,172.31.36.0-255,66,138701,13,266115
25946,0.001919,74.125.24.0-255,2902,141603,13,266115
25947,0.001925,172.31.36.0-255,66,141669,13,266115
25948,0.001946,74.125.24.0-255,5738,147407,13,266115
25949,0.001948,172.31.36.0-255,66,147473,13,266115
25950,0.001977,74.125.24.0-255,5020,152493,13,266115
25951,0.001979,172.31.36.0-255,66,152559,13,266115
25952,0.001988,74.125.24.0-255,8574,161133,13,266115
25953,0.00199,172.31.36.0-255,66,161199,13,266115
25954,0.00201,74.125.24.0-255,2902,164101,13,266115
25955,0.002016,172.31.36.0-255,66,164167,13,266115
25956,0.002022,74.125.24.0-255,5738,169905,13,266115
25957,0.002024,172.31.36.0-255,66,169971,13,266115
25958,0.002045,74.125.24.0-255,2902,172873,13,266115
25959,0.002054,172.31.36.0-255,66,172939,13,266115
25960,0.002089,172.31.36.0-255,66,173005,13,266115
25961,0.00214,172.31.36.0-255,66,173071,13,266115
25962,0.00217,74.125.24.0-255,2902,175973,13,266115
25963,0.002173,172.31.36.0-255,66,176039,13,266115
25964,0.00218,74.125.24.0-255,7156,183195,13,266115
25965,0.002183,172.31.36.0-255,66,183261,13,266115
25966,0.002187,74.125.24.0-255,3602,186863,13,266115
25967,0.002196,172.31.36.0-255,66,186929,13,266115
25968,0.002202,74.125.24.0-255,4320,191249,13,266115
25969,0.002205,172.31.36.0-255,66,191315,13,266115
25970,0.00221,74.125.24.0-255,5738,197053,13,266115
25971,0.002213,172.31.36.0-255,66,197119,13,266115
25972,0.00229,172.31.36.0-255,66,197185,13,266115
25973,0.002316,172.31.36.0-255,66,197251,13,266115
25974,0.002339,74.125.24.0-255,1484,198735,13,266115
25975,0.002364,74.125.24.0-255,2902,201637,13,266115
25976,0.00237,74.125.24.0-255,5738,207375,13,266115
25977,0.002374,172.31.36.0-255,66,207441,13,266115
25978,0.002384,172.31.36.0-255,66,207507,13,266115
25979,0.002397,74.125.24.0-255,7156,214663,13,266115
25980,0.0024,172.31.36.0-255,66,214729,13,266115
25981,0.002445,74.125.24.0-255,5738,220467,13,266115
25982,0.002454,74.125.24.0-255,10692,231159,13,266115
25983,0.002465,172.31.36.0-255,66,231225,13,266115
25984,0.00247,172.31.36.0-255,66,231291,13,266115
25985,0.005077,74.125.24.0-255,5738,237029,13,266115
25986,0.005084,172.31.36.0-255,66,237095,13,266115
25987,0.007708,74.125.24.0-255,5738,242833,13,266115
25988,0.007714,172.31.36.0-255,66,242899,13,266115
25989,0.010334,74.125.24.0-255,5738,248637,13,266115
25990,0.010341,172.31.36.0-255,66,248703,13,266115
25991,0.012956,74.125.24.0-255,5738,254441,13,266115
25992,0.012964,172.31.36.0-255,66,254507,13,266115
25993,0.015575,74.125.24.0-255,5738,260245,13,266115
25994,0.015586,172.31.36.0-255,66,260311,13,266115
25995,0.018239,74.125.24.0-255,5738,266049,13,266115
25996,0.01825,172.31.36.0-255,66,266115,13,266115
25997,0.0,172.217.194.0-255,153,153,13,319035
25998,2.5e-05,172.31.36.0-255,66,219,13,319035
25999,6.2e-05,172.217.194.0-255,1484,1703,13,319035
26000,6.8e-05,172.31.36.0-255,66,1769,13,319035
26001,7.3e-05,172.217.194.0-255,2902,4671,13,319035
26002,7.6e-05,172.31.36.0-255,66,4737,13,319035
26003,8.4e-05,172.217.194.0-255,7156,11893,13,319035
26004,8.7e-05,172.31.36.0-255,66,11959,13,319035
26005,9.1e-05,172.217.194.0-255,2033,13992,13,319035
26006,9.4e-05,172.31.36.0-255,66,14058,13,319035
26007,0.000139,172.31.36.0-255,66,14124,13,319035
26008,0.000144,172.217.194.0-255,2902,17026,13,319035
26009,0.000146,172.31.36.0-255,66,17092,13,319035
26010,0.000178,172.217.194.0-255,2543,19635,13,319035
26011,0.00018,172.31.36.0-255,66,19701,13,319035
26012,0.000237,172.217.194.0-255,1484,21185,13,319035
26013,0.000239,172.31.36.0-255,66,21251,13,319035
26014,0.000264,172.217.194.0-255,2902,24153,13,319035
26015,0.000266,172.31.36.0-255,66,24219,13,319035
26016,0.000296,172.217.194.0-255,4320,28539,13,319035
26017,0.000299,172.31.36.0-255,66,28605,13,319035
26018,0.000324,172.217.194.0-255,1484,30089,13,319035
26019,0.000326,172.31.36.0-255,66,30155,13,319035
26020,0.000332,172.217.194.0-255,4320,34475,13,319035
26021,0.000335,172.31.36.0-255,66,34541,13,319035
26022,0.00038,172.217.194.0-255,7156,41697,13,319035
26023,0.000384,172.31.36.0-255,66,41763,13,319035
26024,0.000411,172.217.194.0-255,4320,46083,13,319035
26025,0.000413,172.31.36.0-255,66,46149,13,319035
26026,0.000445,172.217.194.0-255,2902,49051,13,319035
26027,0.000447,172.31.36.0-255,66,49117,13,319035
26028,0.000475,172.217.194.0-255,5020,54137,13,319035
26029,0.000477,172.31.36.0-255,66,54203,13,319035
26030,0.000481,172.217.194.0-255,392,54595,13,319035
26031,0.0005,172.217.194.0-255,1484,56079,13,319035
26032,0.000503,172.31.36.0-255,66,56145,13,319035
26033,0.000508,172.217.194.0-255,2902,59047,13,319035
26034,0.00051,172.31.36.0-255,66,59113,13,319035
26035,0.000513,172.217.194.0-255,1484,60597,13,319035
26036,0.000536,172.217.194.0-255,4320,64917,13,319035
26037,0.000543,172.31.36.0-255,66,64983,13,319035
26038,0.000547,172.217.194.0-255,2902,67885,13,319035
26039,0.000549,172.31.36.0-255,66,67951,13,319035
26040,0.000584,172.217.194.0-255,8574,76525,13,319035
26041,0.000588,172.31.36.0-255,66,76591,13,319035
26042,0.000614,172.217.194.0-255,1484,78075,13,319035
26043,0.000654,172.217.194.0-255,2902,80977,13,319035
26044,0.000657,172.31.36.0-255,66,81043,13,319035
26045,0.000679,172.217.194.0-255,2902,83945,13,319035
26046,0.000682,172.31.36.0-255,66,84011,13,319035
26047,0.000715,172.217.194.0-255,5020,89031,13,319035
26048,0.000718,172.31.36.0-255,66,89097,13,319035
26049,0.000721,172.217.194.0-255,383,89480,13,319035
26050,0.000742,172.217.194.0-255,1484,90964,13,319035
26051,0.000745,172.31.36.0-255,66,91030,13,319035
26052,0.00077,172.217.194.0-255,2902,93932,13,319035
26053,0.000773,172.31.36.0-255,66,93998,13,319035
26054,0.00078,172.217.194.0-255,5738,99736,13,319035
26055,0.000782,172.31.36.0-255,66,99802,13,319035
26056,0.000801,172.217.194.0-255,2902,102704,13,319035
26057,0.000803,172.31.36.0-255,66,102770,13,319035
26058,0.000836,172.217.194.0-255,9992,112762,13,319035
26059,0.000839,172.31.36.0-255,66,112828,13,319035
26060,0.000846,172.217.194.0-255,5738,118566,13,319035
26061,0.000849,172.31.36.0-255,66,118632,13,319035
26062,0.000855,172.217.194.0-255,4320,122952,13,319035
26063,0.000857,172.31.36.0-255,66,123018,13,319035
26064,0.000887,172.217.194.0-255,766,123784,13,319035
26065,0.000891,172.217.194.0-255,1484,125268,13,319035
26066,0.000894,172.31.36.0-255,66,125334,13,319035
26067,0.000922,172.217.194.0-255,4320,129654,13,319035
26068,0.000925,172.31.36.0-255,66,129720,13,319035
26069,0.000931,172.217.194.0-255,5738,135458,13,319035
26070,0.000933,172.31.36.0-255,66,135524,13,319035
26071,0.000941,172.217.194.0-255,1484,137008,13,319035
26072,0.000966,172.217.194.0-255,5738,142746,13,319035
26073,0.00097,172.31.36.0-255,66,142812,13,319035
26074,0.001011,172.31.36.0-255,66,142878,13,319035
26075,0.001013,172.217.194.0-255,766,143644,13,319035
26076,0.001375,172.217.194.0-255,1484,145128,13,319035
26077,0.00138,172.31.36.0-255,66,145194,13,319035
26078,0.001416,172.217.194.0-255,2902,148096,13,319035
26079,0.001419,172.31.36.0-255,66,148162,13,319035
26080,0.001444,172.217.194.0-255,2902,151064,13,319035
26081,0.001447,172.31.36.0-255,66,151130,13,319035
26082,0.001479,172.217.194.0-255,2902,154032,13,319035
26083,0.001487,172.217.194.0-255,9992,164024,13,319035
26084,0.001492,172.31.36.0-255,66,164090,13,319035
26085,0.001496,172.31.36.0-255,66,164156,13,319035
26086,0.001523,172.31.36.0-255,66,164222,13,319035
26087,0.001527,172.217.194.0-255,2184,166406,13,319035
26088,0.001529,172.31.36.0-255,66,166472,13,319035
26089,0.001679,172.217.194.0-255,1484,167956,13,319035
26090,0.001684,172.217.194.0-255,1484,169440,13,319035
26091,0.001688,172.31.36.0-255,66,169506,13,319035
26092,0.001706,172.217.194.0-255,1484,170990,13,319035
26093,0.001713,172.217.194.0-255,5738,176728,13,319035
26094,0.001715,172.31.36.0-255,66,176794,13,319035
26095,0.00172,172.217.194.0-255,2902,179696,13,319035
26096,0.001722,172.31.36.0-255,66,179762,13,319035
26097,0.001757,172.217.194.0-255,9992,189754,13,319035
26098,0.00176,172.31.36.0-255,66,189820,13,319035
26099,0.001767,172.217.194.0-255,7156,196976,13,319035
26100,0.00177,172.31.36.0-255,66,197042,13,319035
26101,0.001802,172.217.194.0-255,1484,198526,13,319035
26102,0.001807,172.217.194.0-255,2184,200710,13,319035
26103,0.001809,172.31.36.0-255,66,200776,13,319035
26104,0.001813,172.217.194.0-255,1484,202260,13,319035
26105,0.001815,172.217.194.0-255,1484,203744,13,319035
26106,0.001818,172.31.36.0-255,66,203810,13,319035
26107,0.001852,172.217.194.0-255,1484,205294,13,319035
26108,0.001859,172.217.194.0-255,5738,211032,13,319035
26109,0.001861,172.31.36.0-255,66,211098,13,319035
26110,0.001938,172.217.194.0-255,9992,221090,13,319035
26111,0.001942,172.31.36.0-255,66,221156,13,319035
26112,0.001954,172.31.36.0-255,66,221222,13,319035
26113,0.001958,172.217.194.0-255,2184,223406,13,319035
26114,0.00196,172.31.36.0-255,66,223472,13,319035
26115,0.002028,172.217.194.0-255,1484,224956,13,319035
26116,0.002034,172.217.194.0-255,2902,227858,13,319035
26117,0.002037,172.31.36.0-255,66,227924,13,319035
26118,0.002041,172.217.194.0-255,2902,230826,13,319035
26119,0.002044,172.31.36.0-255,66,230892,13,319035
26120,0.002072,172.217.194.0-255,2902,233794,13,319035
26121,0.002075,172.31.36.0-255,66,233860,13,319035
26122,0.002084,172.217.194.0-255,2902,236762,13,319035
26123,0.002086,172.31.36.0-255,66,236828,13,319035
26124,0.002096,172.217.194.0-255,9992,246820,13,319035
26125,0.002098,172.31.36.0-255,66,246886,13,319035
26126,0.002108,172.217.194.0-255,7156,254042,13,319035
26127,0.002113,172.31.36.0-255,66,254108,13,319035
26128,0.002149,172.217.194.0-255,3602,257710,13,319035
26129,0.002152,172.31.36.0-255,66,257776,13,319035
26130,0.002155,172.217.194.0-255,1484,259260,13,319035
26131,0.00218,172.217.194.0-255,2902,262162,13,319035
26132,0.002183,172.31.36.0-255,66,262228,13,319035
26133,0.00219,172.217.194.0-255,5738,267966,13,319035
26134,0.002192,172.31.36.0-255,66,268032,13,319035
26135,0.002217,172.217.194.0-255,7156,275188,13,319035
26136,0.00222,172.31.36.0-255,66,275254,13,319035
26137,0.002266,172.217.194.0-255,5738,280992,13,319035
26138,0.002271,172.31.36.0-255,66,281058,13,319035
26139,0.00228,172.217.194.0-255,10692,291750,13,319035
26140,0.002282,172.31.36.0-255,66,291816,13,319035
26141,0.002298,172.31.36.0-255,66,291882,13,319035
26142,0.002339,172.217.194.0-255,8574,300456,13,319035
26143,0.002342,172.31.36.0-255,66,300522,13,319035
26144,0.002353,172.217.194.0-255,9992,310514,13,319035
26145,0.002355,172.31.36.0-255,66,310580,13,319035
26146,0.002406,172.217.194.0-255,8047,318627,13,319035
26147,0.002409,172.31.36.0-255,66,318693,13,319035
26148,0.002412,172.217.194.0-255,105,318798,13,319035
26149,0.010434,172.31.36.0-255,66,318864,13,319035
26150,0.010475,172.31.36.0-255,105,318969,13,319035
26151,0.012994,172.217.194.0-255,66,319035,13,319035
26152,0.0,172.217.194.0-255,152,152,13,303911
26153,2e-05,172.31.36.0-255,66,218,13,303911
26154,2.6e-05,172.217.194.0-255,1484,1702,13,303911
26155,2.9e-05,172.31.36.0-255,66,1768,13,303911
26156,4.5e-05,172.217.194.0-255,2902,4670,13,303911
26157,4.8e-05,172.31.36.0-255,66,4736,13,303911
26158,6.4e-05,172.217.194.0-255,1484,6220,13,303911
26159,6.5e-05,172.31.36.0-255,66,6286,13,303911
26160,8.6e-05,172.217.194.0-255,5738,12024,13,303911
26161,8.8e-05,172.31.36.0-255,66,12090,13,303911
26162,9.2e-05,172.217.194.0-255,2109,14199,13,303911
26163,9.3e-05,172.31.36.0-255,66,14265,13,303911
26164,0.000109,172.217.194.0-255,7156,21421,13,303911
26165,0.000111,172.31.36.0-255,66,21487,13,303911
26166,0.000129,172.217.194.0-255,4320,25807,13,303911
26167,0.000131,172.31.36.0-255,66,25873,13,303911
26168,0.000136,172.217.194.0-255,5379,31252,13,303911
26169,0.000138,172.31.36.0-255,66,31318,13,303911
26170,0.00021,172.217.194.0-255,1484,32802,13,303911
26171,0.000214,172.31.36.0-255,66,32868,13,303911
26172,0.000218,172.217.194.0-255,2902,35770,13,303911
26173,0.000219,172.31.36.0-255,66,35836,13,303911
26174,0.000236,172.217.194.0-255,5738,41574,13,303911
26175,0.000238,172.31.36.0-255,66,41640,13,303911
26176,0.00027,172.217.194.0-255,7156,48796,13,303911
26177,0.000273,172.31.36.0-255,66,48862,13,303911
26178,0.00029,172.217.194.0-255,6797,55659,13,303911
26179,0.000292,172.31.36.0-255,66,55725,13,303911
26180,0.000298,172.217.194.0-255,8574,64299,13,303911
26181,0.000301,172.31.36.0-255,66,64365,13,303911
26182,0.000332,172.217.194.0-255,1413,65778,13,303911
26183,0.000335,172.31.36.0-255,66,65844,13,303911
26184,0.000384,172.217.194.0-255,98,65942,13,303911
26185,0.000494,172.217.194.0-255,1484,67426,13,303911
26186,0.000498,172.31.36.0-255,66,67492,13,303911
26187,0.000502,172.217.194.0-255,2902,70394,13,303911
26188,0.000504,172.31.36.0-255,66,70460,13,303911
26189,0.000529,172.217.194.0-255,5738,76198,13,303911
26190,0.000532,172.31.36.0-255,66,76264,13,303911
26191,0.000537,172.217.194.0-255,4320,80584,13,303911
26192,0.000538,172.31.36.0-255,66,80650,13,303911
26193,0.000552,172.217.194.0-255,2543,83193,13,303911
26194,0.000554,172.31.36.0-255,66,83259,13,303911
26195,0.000595,172.217.194.0-255,8574,91833,13,303911
26196,0.000598,172.31.36.0-255,66,91899,13,303911
26197,0.00062,172.217.194.0-255,5738,97637,13,303911
26198,0.000622,172.31.36.0-255,66,97703,13,303911
26199,0.000626,172.217.194.0-255,2543,100246,13,303911
26200,0.000627,172.31.36.0-255,66,100312,13,303911
26201,0.000865,172.217.194.0-255,1484,101796,13,303911
26202,0.000872,172.217.194.0-255,2902,104698,13,303911
26203,0.000876,172.31.36.0-255,66,104764,13,303911
26204,0.000903,172.217.194.0-255,4320,109084,13,303911
26205,0.000906,172.31.36.0-255,66,109150,13,303911
26206,0.000923,172.217.194.0-255,1484,110634,13,303911
26207,0.000929,172.217.194.0-255,4320,114954,13,303911
26208,0.000947,172.31.36.0-255,66,115020,13,303911
26209,0.000957,172.31.36.0-255,66,115086,13,303911
26210,0.000978,172.217.194.0-255,3602,118688,13,303911
26211,0.000981,172.31.36.0-255,66,118754,13,303911
26212,0.001113,172.217.194.0-255,1484,120238,13,303911
26213,0.001119,172.217.194.0-255,1484,121722,13,303911
26214,0.001123,172.31.36.0-255,66,121788,13,303911
26215,0.001145,172.217.194.0-255,1484,123272,13,303911
26216,0.001152,172.217.194.0-255,5738,129010,13,303911
26217,0.001156,172.31.36.0-255,66,129076,13,303911
26218,0.001163,172.217.194.0-255,7156,136232,13,303911
26219,0.001165,172.31.36.0-255,66,136298,13,303911
26220,0.001192,172.217.194.0-255,5738,142036,13,303911
26221,0.001201,172.217.194.0-255,10692,152728,13,303911
26222,0.001206,172.31.36.0-255,66,152794,13,303911
26223,0.001211,172.31.36.0-255,66,152860,13,303911
26224,0.001328,172.217.194.0-255,1484,154344,13,303911
26225,0.001334,172.217.194.0-255,2902,157246,13,303911
26226,0.001337,172.31.36.0-255,66,157312,13,303911
26227,0.00136,172.217.194.0-255,5738,163050,13,303911
26228,0.001363,172.31.36.0-255,66,163116,13,303911
26229,0.001392,172.31.36.0-255,66,163182,13,303911
26230,0.001399,172.217.194.0-255,8574,171756,13,303911
26231,0.001402,172.31.36.0-255,66,171822,13,303911
26232,0.001435,172.217.194.0-255,2184,174006,13,303911
26233,0.001438,172.31.36.0-255,66,174072,13,303911
26234,0.001455,172.217.194.0-255,1484,175556,13,303911
26235,0.001501,172.217.194.0-255,1484,177040,13,303911
26236,0.001505,172.31.36.0-255,66,177106,13,303911
26237,0.001512,172.217.194.0-255,7156,184262,13,303911
26238,0.001515,172.31.36.0-255,66,184328,13,303911
26239,0.001527,172.31.36.0-255,66,184394,13,303911
26240,0.001551,172.217.194.0-255,5738,190132,13,303911
26241,0.001555,172.31.36.0-255,66,190198,13,303911
26242,0.001575,172.217.194.0-255,5020,195218,13,303911
26243,0.001579,172.31.36.0-255,66,195284,13,303911
26244,0.001631,172.217.194.0-255,1484,196768,13,303911
26245,0.001635,172.217.194.0-255,1484,198252,13,303911
26246,0.001637,172.31.36.0-255,66,198318,13,303911
26247,0.001653,172.217.194.0-255,1484,199802,13,303911
26248,0.001661,172.217.194.0-255,5738,205540,13,303911
26249,0.001663,172.31.36.0-255,66,205606,13,303911
26250,0.001732,172.31.36.0-255,66,205672,13,303911
26251,0.001738,172.217.194.0-255,5738,211410,13,303911
26252,0.001741,172.31.36.0-255,66,211476,13,303911
26253,0.00176,172.217.194.0-255,5020,216496,13,303911
26254,0.001762,172.31.36.0-255,66,216562,13,303911
26255,0.002174,172.217.194.0-255,1484,218046,13,303911
26256,0.00218,172.217.194.0-255,2902,220948,13,303911
26257,0.002184,172.31.36.0-255,66,221014,13,303911
26258,0.002212,172.217.194.0-255,5738,226752,13,303911
26259,0.002215,172.31.36.0-255,66,226818,13,303911
26260,0.002218,172.217.194.0-255,1484,228302,13,303911
26261,0.002223,172.217.194.0-255,4320,232622,13,303911
26262,0.002225,172.31.36.0-255,66,232688,13,303911
26263,0.002242,172.217.194.0-255,1484,234172,13,303911
26264,0.002245,172.217.194.0-255,1484,235656,13,303911
26265,0.002247,172.31.36.0-255,66,235722,13,303911
26266,0.002286,172.31.36.0-255,66,235788,13,303911
26267,0.002291,172.217.194.0-255,3602,239390,13,303911
26268,0.002293,172.31.36.0-255,66,239456,13,303911
26269,0.002354,172.217.194.0-255,9992,249448,13,303911
26270,0.002358,172.31.36.0-255,66,249514,13,303911
26271,0.002363,172.217.194.0-255,5738,255252,13,303911
26272,0.002365,172.31.36.0-255,66,255318,13,303911
26273,0.00237,172.217.194.0-255,4320,259638,13,303911
26274,0.002372,172.31.36.0-255,66,259704,13,303911
26275,0.002383,172.31.36.0-255,66,259770,13,303911
26276,0.002387,172.217.194.0-255,2184,261954,13,303911
26277,0.002388,172.31.36.0-255,66,262020,13,303911
26278,0.003037,172.217.194.0-255,1484,263504,13,303911
26279,0.003043,172.217.194.0-255,2902,266406,13,303911
26280,0.003046,172.31.36.0-255,66,266472,13,303911
26281,0.003069,172.217.194.0-255,5738,272210,13,303911
26282,0.003071,172.31.36.0-255,66,272276,13,303911
26283,0.003075,172.217.194.0-255,2902,275178,13,303911
26284,0.003077,172.31.36.0-255,66,275244,13,303911
26285,0.003102,172.217.194.0-255,2902,278146,13,303911
26286,0.003104,172.31.36.0-255,66,278212,13,303911
26287,0.00313,172.217.194.0-255,7156,285368,13,303911
26288,0.003133,172.31.36.0-255,66,285434,13,303911
26289,0.003138,172.217.194.0-255,5738,291172,13,303911
26290,0.00314,172.31.36.0-255,66,291238,13,303911
26291,0.003161,172.217.194.0-255,5020,296258,13,303911
26292,0.003163,172.31.36.0-255,66,296324,13,303911
26293,0.003251,172.217.194.0-255,1484,297808,13,303911
26294,0.003276,172.217.194.0-255,2902,300710,13,303911
26295,0.003279,172.31.36.0-255,66,300776,13,303911
26296,0.003283,172.217.194.0-255,2727,303503,13,303911
26297,0.003285,172.31.36.0-255,66,303569,13,303911
26298,0.003342,172.217.194.0-255,105,303674,13,303911
26299,0.004182,172.31.36.0-255,66,303740,13,303911
26300,0.004218,172.31.36.0-255,105,303845,13,303911
26301,0.006278,172.217.194.0-255,66,303911,13,303911
26302,0.0,172.217.194.0-255,150,150,13,157587
26303,3.7e-05,172.31.36.0-255,66,216,13,157587
26304,4.5e-05,172.217.194.0-255,1484,1700,13,157587
26305,5e-05,172.31.36.0-255,66,1766,13,157587
26306,6.2e-05,172.217.194.0-255,2902,4668,13,157587
26307,6.6e-05,172.31.36.0-255,66,4734,13,157587
26308,7.4e-05,172.217.194.0-255,7156,11890,13,157587
26309,7.7e-05,172.31.36.0-255,66,11956,13,157587
26310,0.000113,172.217.194.0-255,2104,14060,13,157587
26311,0.000115,172.31.36.0-255,66,14126,13,157587
26312,0.000119,172.217.194.0-255,1484,15610,13,157587
26313,0.000121,172.31.36.0-255,66,15676,13,157587
26314,0.000125,172.217.194.0-255,2902,18578,13,157587
26315,0.000128,172.31.36.0-255,66,18644,13,157587
26316,0.00017,172.217.194.0-255,5738,24382,13,157587
26317,0.000173,172.31.36.0-255,66,24448,13,157587
26318,0.000182,172.217.194.0-255,6797,31245,13,157587
26319,0.000185,172.31.36.0-255,66,31311,13,157587
26320,0.000285,172.217.194.0-255,1484,32795,13,157587
26321,0.00029,172.31.36.0-255,66,32861,13,157587
26322,0.000295,172.217.194.0-255,2902,35763,13,157587
26323,0.000297,172.31.36.0-255,66,35829,13,157587
26324,0.000334,172.217.194.0-255,5738,41567,13,157587
26325,0.000339,172.31.36.0-255,66,41633,13,157587
26326,0.000343,172.217.194.0-255,2902,44535,13,157587
26327,0.000348,172.31.36.0-255,66,44601,13,157587
26328,0.000382,172.217.194.0-255,8574,53175,13,157587
26329,0.000386,172.31.36.0-255,66,53241,13,157587
26330,0.000413,172.217.194.0-255,2543,55784,13,157587
26331,0.000416,172.31.36.0-255,66,55850,13,157587
26332,0.000422,172.217.194.0-255,4320,60170,13,157587
26333,0.000424,172.31.36.0-255,66,60236,13,157587
26334,0.000427,172.217.194.0-255,1484,61720,13,157587
26335,0.000464,172.217.194.0-255,4257,65977,13,157587
26336,0.000468,172.217.194.0-255,380,66357,13,157587
26337,0.000476,172.31.36.0-255,66,66423,13,157587
26338,0.000703,172.217.194.0-255,1484,67907,13,157587
26339,0.00071,172.217.194.0-255,2902,70809,13,157587
26340,0.000714,172.31.36.0-255,66,70875,13,157587
26341,0.000788,172.217.194.0-255,5738,76613,13,157587
26342,0.000798,172.217.194.0-255,9992,86605,13,157587
26343,0.0008,172.31.36.0-255,66,86671,13,157587
26344,0.0008,172.217.194.0-255,1484,88155,13,157587
26345,0.000806,172.31.36.0-255,66,88221,13,157587
26346,0.000822,172.217.194.0-255,7156,95377,13,157587
26347,0.000835,172.31.36.0-255,66,95443,13,157587
26348,0.000854,172.217.194.0-255,5020,100463,13,157587
26349,0.000859,172.31.36.0-255,66,100529,13,157587
26350,0.001726,172.217.194.0-255,1484,102013,13,157587
26351,0.001747,172.217.194.0-255,2902,104915,13,157587
26352,0.001753,172.31.36.0-255,66,104981,13,157587
26353,0.001761,172.217.194.0-255,5738,110719,13,157587
26354,0.001787,172.217.194.0-255,9992,120711,13,157587
26355,0.001817,172.217.194.0-255,9992,130703,13,157587
26356,0.001835,172.217.194.0-255,3602,134305,13,157587
26357,0.006811,172.31.36.0-255,66,134371,13,157587
26358,0.009118,172.217.194.0-255,5738,140109,13,157587
26359,0.00913,172.31.36.0-255,66,140175,13,157587
26360,0.011477,172.217.194.0-255,5738,145913,13,157587
26361,0.011488,172.31.36.0-255,66,145979,13,157587
26362,0.01379,172.217.194.0-255,5738,151717,13,157587
26363,0.017183,172.31.36.0-255,66,151783,13,157587
26364,0.019484,172.217.194.0-255,5738,157521,13,157587
26365,0.019496,172.31.36.0-255,66,157587,13,157587
26366,0.0,74.125.200.0-255,153,153,13,351207
26367,2.4e-05,172.31.36.0-255,66,219,13,351207
26368,3.1e-05,74.125.200.0-255,1484,1703,13,351207
26369,3.5e-05,172.31.36.0-255,66,1769,13,351207
26370,5e-05,74.125.200.0-255,2902,4671,13,351207
26371,5.3e-05,172.31.36.0-255,66,4737,13,351207
26372,5.9e-05,74.125.200.0-255,4320,9057,13,351207
26373,6.2e-05,172.31.36.0-255,66,9123,13,351207
26374,0.000104,74.125.200.0-255,4874,13997,13,351207
26375,0.000107,172.31.36.0-255,66,14063,13,351207
26376,0.00015,74.125.200.0-255,1484,15547,13,351207
26377,0.000153,172.31.36.0-255,66,15613,13,351207
26378,0.000157,74.125.200.0-255,1484,17097,13,351207
26379,0.000159,172.31.36.0-255,66,17163,13,351207
26380,0.000185,74.125.200.0-255,1484,18647,13,351207
26381,0.000187,172.31.36.0-255,66,18713,13,351207
26382,0.000199,74.125.200.0-255,5738,24451,13,351207
26383,0.000202,172.31.36.0-255,66,24517,13,351207
26384,0.000205,74.125.200.0-255,1484,26001,13,351207
26385,0.000207,172.31.36.0-255,66,26067,13,351207
26386,0.000253,74.125.200.0-255,8215,34282,13,351207
26387,0.000256,172.31.36.0-255,66,34348,13,351207
26388,0.000288,74.125.200.0-255,8574,42922,13,351207
26389,0.000291,172.31.36.0-255,66,42988,13,351207
26390,0.000298,74.125.200.0-255,5379,48367,13,351207
26391,0.000301,172.31.36.0-255,66,48433,13,351207
26392,0.000356,74.125.200.0-255,1484,49917,13,351207
26393,0.00036,172.31.36.0-255,66,49983,13,351207
26394,0.00038,74.125.200.0-255,2902,52885,13,351207
26395,0.000383,172.31.36.0-255,66,52951,13,351207
26396,0.000418,74.125.200.0-255,5738,58689,13,351207
26397,0.000421,172.31.36.0-255,66,58755,13,351207
26398,0.000426,74.125.200.0-255,2902,61657,13,351207
26399,0.000429,172.31.36.0-255,66,61723,13,351207
26400,0.000456,74.125.200.0-255,4311,66034,13,351207
26401,0.000459,172.31.36.0-255,66,66100,13,351207
26402,0.000462,74.125.200.0-255,329,66429,13,351207
26403,0.000615,74.125.200.0-255,1484,67913,13,351207
26404,0.00062,172.31.36.0-255,66,67979,13,351207
26405,0.000625,74.125.200.0-255,2902,70881,13,351207
26406,0.000628,172.31.36.0-255,66,70947,13,351207
26407,0.000638,74.125.200.0-255,2902,73849,13,351207
26408,0.00064,172.31.36.0-255,66,73915,13,351207
26409,0.000669,74.125.200.0-255,2902,76817,13,351207
26410,0.000676,74.125.200.0-255,7156,83973,13,351207
26411,0.000707,74.125.200.0-255,2902,86875,13,351207
26412,0.000727,74.125.200.0-255,7156,94031,13,351207
26413,0.000749,74.125.200.0-255,4320,98351,13,351207
26414,0.000765,74.125.200.0-255,2184,100535,13,351207
26415,0.000841,172.31.36.0-255,66,100601,13,351207
26416,0.001004,74.125.200.0-255,1484,102085,13,351207
26417,0.001012,74.125.200.0-255,2902,104987,13,351207
26418,0.001031,74.125.200.0-255,1484,106471,13,351207
26419,0.001055,74.125.200.0-255,4320,110791,13,351207
26420,0.00106,74.125.200.0-255,2902,113693,13,351207
26421,0.001065,74.125.200.0-255,4320,118013,13,351207
26422,0.001079,74.125.200.0-255,2902,120915,13,351207
26423,0.001094,74.125.200.0-255,5738,126653,13,351207
26424,0.001098,74.125.200.0-255,2902,129555,13,351207
26425,0.001114,74.125.200.0-255,2902,132457,13,351207
26426,0.001142,74.125.200.0-255,2184,134641,13,351207
26427,0.001182,74.125.200.0-255,2902,137543,13,351207
26428,0.001185,74.125.200.0-255,1484,139027,13,351207
26429,0.001196,172.31.36.0-255,66,139093,13,351207
26430,0.001202,74.125.200.0-255,1484,140577,13,351207
26431,0.001207,74.125.200.0-255,4320,144897,13,351207
26432,0.001226,74.125.200.0-255,4320,149217,13,351207
26433,0.001233,172.31.36.0-255,66,149283,13,351207
26434,0.001257,74.125.200.0-255,4320,153603,13,351207
26435,0.001267,74.125.200.0-255,9992,163595,13,351207
26436,0.001321,74.125.200.0-255,5020,168615,13,351207
26437,0.001358,172.31.36.0-255,66,168681,13,351207
26438,0.001401,74.125.200.0-255,1484,170165,13,351207
26439,0.001407,74.125.200.0-255,2902,173067,13,351207
26440,0.001435,74.125.200.0-255,5738,178805,13,351207
26441,0.00144,74.125.200.0-255,1484,180289,13,351207
26442,0.001466,74.125.200.0-255,5738,186027,13,351207
26443,0.001475,74.125.200.0-255,8574,194601,13,351207
26444,0.001493,172.31.36.0-255,66,194667,13,351207
26445,0.001499,74.125.200.0-255,4320,198987,13,351207
26446,0.001505,172.31.36.0-255,66,199053,13,351207
26447,0.001533,74.125.200.0-255,3602,202655,13,351207
26448,0.00158,74.125.200.0-255,1484,204139,13,351207
26449,0.001583,74.125.200.0-255,1484,205623,13,351207
26450,0.001595,74.125.200.0-255,1484,207107,13,351207
26451,0.001598,74.125.200.0-255,1484,208591,13,351207
26452,0.001605,172.31.36.0-255,66,208657,13,351207
26453,0.001618,74.125.200.0-255,2902,211559,13,351207
26454,0.001629,74.125.200.0-255,4320,215879,13,351207
26455,0.001635,172.31.36.0-255,66,215945,13,351207
26456,0.001645,74.125.200.0-255,4320,220265,13,351207
26457,0.001649,74.125.200.0-255,2902,223167,13,351207
26458,0.001682,74.125.200.0-255,4320,227487,13,351207
26459,0.00169,74.125.200.0-255,8574,236061,13,351207
26460,0.001692,74.125.200.0-255,766,236827,13,351207
26461,0.001722,172.31.36.0-255,66,236893,13,351207
26462,0.001821,74.125.200.0-255,1484,238377,13,351207
26463,0.001827,74.125.200.0-255,2902,241279,13,351207
26464,0.001834,172.31.36.0-255,66,241345,13,351207
26465,0.001861,74.125.200.0-255,5738,247083,13,351207
26466,0.001867,74.125.200.0-255,2902,249985,13,351207
26467,0.001876,74.125.200.0-255,4320,254305,13,351207
26468,0.001881,74.125.200.0-255,4320,258625,13,351207
26469,0.001906,74.125.200.0-255,4320,262945,13,351207
26470,0.001914,74.125.200.0-255,7156,270101,13,351207
26471,0.001928,74.125.200.0-255,1484,271585,13,351207
26472,0.001942,172.31.36.0-255,66,271651,13,351207
26473,0.001955,74.125.200.0-255,6438,278089,13,351207
26474,0.001967,74.125.200.0-255,7156,285245,13,351207
26475,0.001971,74.125.200.0-255,4320,289565,13,351207
26476,0.001981,172.31.36.0-255,66,289631,13,351207
26477,0.001991,74.125.200.0-255,4320,293951,13,351207
26478,0.002001,74.125.200.0-255,2902,296853,13,351207
26479,0.002032,74.125.200.0-255,7856,304709,13,351207
26480,0.002042,172.31.36.0-255,66,304775,13,351207
26481,0.004035,74.125.200.0-255,5738,310513,13,351207
26482,0.00404,172.31.36.0-255,66,310579,13,351207
26483,0.006038,74.125.200.0-255,5738,316317,13,351207
26484,0.006046,172.31.36.0-255,66,316383,13,351207
26485,0.008043,74.125.200.0-255,5738,322121,13,351207
26486,0.008051,172.31.36.0-255,66,322187,13,351207
26487,0.010052,74.125.200.0-255,5738,327925,13,351207
26488,0.01006,172.31.36.0-255,66,327991,13,351207
26489,0.012061,74.125.200.0-255,5738,333729,13,351207
26490,0.012069,172.31.36.0-255,66,333795,13,351207
26491,0.01408,74.125.200.0-255,5738,339533,13,351207
26492,0.014091,172.31.36.0-255,66,339599,13,351207
26493,0.016094,74.125.200.0-255,5738,345337,13,351207
26494,0.016103,172.31.36.0-255,66,345403,13,351207
26495,0.018148,74.125.200.0-255,5738,351141,13,351207
26496,0.018164,172.31.36.0-255,66,351207,13,351207
26497,0.0,74.125.130.0-255,153,153,13,162946
26498,1.5e-05,172.31.36.0-255,66,219,13,162946
26499,2.1e-05,74.125.130.0-255,1484,1703,13,162946
26500,2.5e-05,172.31.36.0-255,66,1769,13,162946
26501,3.2e-05,74.125.130.0-255,2902,4671,13,162946
26502,3.6e-05,172.31.36.0-255,66,4737,13,162946
26503,4.1e-05,74.125.130.0-255,2902,7639,13,162946
26504,4.4e-05,172.31.36.0-255,66,7705,13,162946
26505,7e-05,74.125.130.0-255,4320,12025,13,162946
26506,7.3e-05,172.31.36.0-255,66,12091,13,162946
26507,9.3e-05,74.125.130.0-255,1484,13575,13,162946
26508,9.5e-05,172.31.36.0-255,66,13641,13,162946
26509,0.000114,74.125.130.0-255,602,14243,13,162946
26510,0.000117,172.31.36.0-255,66,14309,13,162946
26511,0.000294,74.125.130.0-255,1484,15793,13,162946
26512,0.000299,172.31.36.0-255,66,15859,13,162946
26513,0.000305,74.125.130.0-255,2902,18761,13,162946
26514,0.000308,172.31.36.0-255,66,18827,13,162946
26515,0.000315,74.125.130.0-255,5738,24565,13,162946
26516,0.000317,172.31.36.0-255,66,24631,13,162946
26517,0.000359,74.125.130.0-255,4320,28951,13,162946
26518,0.000362,172.31.36.0-255,66,29017,13,162946
26519,0.00039,74.125.130.0-255,5379,34396,13,162946
26520,0.000393,172.31.36.0-255,66,34462,13,162946
26521,0.000403,74.125.130.0-255,9992,44454,13,162946
26522,0.000405,172.31.36.0-255,66,44520,13,162946
26523,0.00041,74.125.130.0-255,3961,48481,13,162946
26524,0.000412,172.31.36.0-255,66,48547,13,162946
26525,0.001219,74.125.130.0-255,1484,50031,13,162946
26526,0.001226,172.31.36.0-255,66,50097,13,162946
26527,0.001236,74.125.130.0-255,2902,52999,13,162946
26528,0.001238,172.31.36.0-255,66,53065,13,162946
26529,0.001246,74.125.130.0-255,5738,58803,13,162946
26530,0.001248,172.31.36.0-255,66,58869,13,162946
26531,0.001276,74.125.130.0-255,6797,65666,13,162946
26532,0.001279,172.31.36.0-255,66,65732,13,162946
26533,0.001298,74.125.130.0-255,645,66377,13,162946
26534,0.001409,74.125.130.0-255,1484,67861,13,162946
26535,0.001414,172.31.36.0-255,66,67927,13,162946
26536,0.00142,74.125.130.0-255,2902,70829,13,162946
26537,0.001422,172.31.36.0-255,66,70895,13,162946
26538,0.001429,74.125.130.0-255,4320,75215,13,162946
26539,0.001431,172.31.36.0-255,66,75281,13,162946
26540,0.001446,74.125.130.0-255,1484,76765,13,162946
26541,0.00145,74.125.130.0-255,1484,78249,13,162946
26542,0.001452,172.31.36.0-255,66,78315,13,162946
26543,0.001483,172.31.36.0-255,66,78381,13,162946
26544,0.00149,74.125.130.0-255,7156,85537,13,162946
26545,0.001492,172.31.36.0-255,66,85603,13,162946
26546,0.001522,74.125.130.0-255,2543,88146,13,162946
26547,0.001526,172.31.36.0-255,66,88212,13,162946
26548,0.001985,74.125.130.0-255,1484,89696,13,162946
26549,0.001993,74.125.130.0-255,2902,92598,13,162946
26550,0.001999,172.31.36.0-255,66,92664,13,162946
26551,0.002003,74.125.130.0-255,1484,94148,13,162946
26552,0.00202,74.125.130.0-255,4320,98468,13,162946
26553,0.002022,172.31.36.0-255,66,98534,13,162946
26554,0.00203,74.125.130.0-255,7156,105690,13,162946
26555,0.002033,172.31.36.0-255,66,105756,13,162946
26556,0.002065,74.125.130.0-255,8574,114330,13,162946
26557,0.002069,172.31.36.0-255,66,114396,13,162946
26558,0.002093,74.125.130.0-255,7856,122252,13,162946
26559,0.002096,172.31.36.0-255,66,122318,13,162946
26560,0.004318,74.125.130.0-255,5738,128056,13,162946
26561,0.004325,172.31.36.0-255,66,128122,13,162946
26562,0.006555,74.125.130.0-255,5738,133860,13,162946
26563,0.006561,172.31.36.0-255,66,133926,13,162946
26564,0.008799,74.125.130.0-255,5738,139664,13,162946
26565,0.008806,172.31.36.0-255,66,139730,13,162946
26566,0.011046,74.125.130.0-255,5738,145468,13,162946
26567,0.011054,172.31.36.0-255,66,145534,13,162946
26568,0.013294,74.125.130.0-255,5738,151272,13,162946
26569,0.013303,172.31.36.0-255,66,151338,13,162946
26570,0.015549,74.125.130.0-255,5738,157076,13,162946
26571,0.015559,172.31.36.0-255,66,157142,13,162946
26572,0.017789,74.125.130.0-255,5738,162880,13,162946
26573,0.017798,172.31.36.0-255,66,162946,13,162946
26574,0.0,74.125.68.0-255,146,146,13,276992
26575,2.2e-05,172.31.36.0-255,66,212,13,276992
26576,3e-05,74.125.68.0-255,1484,1696,13,276992
26577,3.5e-05,172.31.36.0-255,66,1762,13,276992
26578,6.6e-05,74.125.68.0-255,2902,4664,13,276992
26579,6.9e-05,172.31.36.0-255,66,4730,13,276992
26580,7.6e-05,74.125.68.0-255,5738,10468,13,276992
26581,7.9e-05,172.31.36.0-255,66,10534,13,276992
26582,8.4e-05,74.125.68.0-255,3398,13932,13,276992
26583,8.6e-05,172.31.36.0-255,66,13998,13,276992
26584,0.000113,74.125.68.0-255,4320,18318,13,276992
26585,0.000117,172.31.36.0-255,66,18384,13,276992
26586,0.000144,74.125.68.0-255,7156,25540,13,276992
26587,0.000148,172.31.36.0-255,66,25606,13,276992
26588,0.000189,74.125.68.0-255,2902,28508,13,276992
26589,0.000192,172.31.36.0-255,66,28574,13,276992
26590,0.000216,74.125.68.0-255,2543,31117,13,276992
26591,0.000219,172.31.36.0-255,66,31183,13,276992
26592,0.000266,74.125.68.0-255,1484,32667,13,276992
26593,0.000269,172.31.36.0-255,66,32733,13,276992
26594,0.000273,74.125.68.0-255,1484,34217,13,276992
26595,0.000275,172.31.36.0-255,66,34283,13,276992
26596,0.000305,74.125.68.0-255,2902,37185,13,276992
26597,0.000307,172.31.36.0-255,66,37251,13,276992
26598,0.000334,74.125.68.0-255,5738,42989,13,276992
26599,0.000337,172.31.36.0-255,66,43055,13,276992
26600,0.00034,74.125.68.0-255,1484,44539,13,276992
26601,0.000342,172.31.36.0-255,66,44605,13,276992
26602,0.000372,74.125.68.0-255,2902,47507,13,276992
26603,0.000375,172.31.36.0-255,66,47573,13,276992
26604,0.000378,74.125.68.0-255,1484,49057,13,276992
26605,0.000381,172.31.36.0-255,66,49123,13,276992
26606,0.000407,74.125.68.0-255,4320,53443,13,276992
26607,0.000411,172.31.36.0-255,66,53509,13,276992
26608,0.000415,74.125.68.0-255,2902,56411,13,276992
26609,0.000418,172.31.36.0-255,66,56477,13,276992
26610,0.000424,74.125.68.0-255,4320,60797,13,276992
26611,0.000427,172.31.36.0-255,66,60863,13,276992
26612,0.000451,74.125.68.0-255,5020,65883,13,276992
26613,0.000477,74.125.68.0-255,677,66560,13,276992
26614,0.00061,74.125.68.0-255,1484,68044,13,276992
26615,0.000614,74.125.68.0-255,1484,69528,13,276992
26616,0.000624,74.125.68.0-255,1484,71012,13,276992
26617,0.000638,74.125.68.0-255,2902,73914,13,276992
26618,0.00065,74.125.68.0-255,1484,75398,13,276992
26619,0.000668,74.125.68.0-255,5738,81136,13,276992
26620,0.000702,74.125.68.0-255,2902,84038,13,276992
26621,0.000726,74.125.68.0-255,8574,92612,13,276992
26622,0.000752,74.125.68.0-255,5738,98350,13,276992
26623,0.000766,74.125.68.0-255,2184,100534,13,276992
26624,0.001361,74.125.68.0-255,1484,102018,13,276992
26625,0.00138,74.125.68.0-255,2902,104920,13,276992
26626,0.00139,74.125.68.0-255,1484,106404,13,276992
26627,0.001406,74.125.68.0-255,4320,110724,13,276992
26628,0.001411,74.125.68.0-255,2902,113626,13,276992
26629,0.001415,74.125.68.0-255,2902,116528,13,276992
26630,0.001432,74.125.68.0-255,1484,118012,13,276992
26631,0.001436,74.125.68.0-255,2902,120914,13,276992
26632,0.001457,74.125.68.0-255,5738,126652,13,276992
26633,0.001465,74.125.68.0-255,7156,133808,13,276992
26634,0.00148,74.125.68.0-255,766,134574,13,276992
26635,0.001624,74.125.68.0-255,1484,136058,13,276992
26636,0.001641,74.125.68.0-255,2902,138960,13,276992
26637,0.001655,74.125.68.0-255,1484,140444,13,276992
26638,0.00167,74.125.68.0-255,4320,144764,13,276992
26639,0.001677,74.125.68.0-255,5738,150502,13,276992
26640,0.00169,74.125.68.0-255,1484,151986,13,276992
26641,0.001711,74.125.68.0-255,7156,159142,13,276992
26642,0.001735,74.125.68.0-255,7156,166298,13,276992
26643,0.00176,74.125.68.0-255,2184,168482,13,276992
26644,0.001916,74.125.68.0-255,1484,169966,13,276992
26645,0.001932,74.125.68.0-255,2902,172868,13,276992
26646,0.001964,74.125.68.0-255,5738,178606,13,276992
26647,0.001989,74.125.68.0-255,7156,185762,13,276992
26648,0.002056,74.125.68.0-255,9992,195754,13,276992
26649,0.002073,74.125.68.0-255,6438,202192,13,276992
26650,0.002139,74.125.68.0-255,1484,203676,13,276992
26651,0.002155,74.125.68.0-255,2902,206578,13,276992
26652,0.002178,74.125.68.0-255,2902,209480,13,276992
26653,0.002195,74.125.68.0-255,1484,210964,13,276992
26654,0.002217,74.125.68.0-255,7156,218120,13,276992
26655,0.00223,74.125.68.0-255,1484,219604,13,276992
26656,0.002234,74.125.68.0-255,1484,221088,13,276992
26657,0.002253,74.125.68.0-255,5738,226826,13,276992
26658,0.00227,74.125.68.0-255,2902,229728,13,276992
26659,0.002274,74.125.68.0-255,2902,232630,13,276992
26660,0.002292,74.125.68.0-255,2902,235532,13,276992
26661,0.002295,74.125.68.0-255,766,236298,13,276992
26662,0.00293,172.31.36.0-255,66,236364,13,276992
26663,0.005199,74.125.68.0-255,5738,242102,13,276992
26664,0.005206,172.31.36.0-255,66,242168,13,276992
26665,0.007451,74.125.68.0-255,5738,247906,13,276992
26666,0.007457,172.31.36.0-255,66,247972,13,276992
26667,0.009703,74.125.68.0-255,5738,253710,13,276992
26668,0.009716,172.31.36.0-255,66,253776,13,276992
26669,0.011977,74.125.68.0-255,5738,259514,13,276992
26670,0.011995,172.31.36.0-255,66,259580,13,276992
26671,0.01427,74.125.68.0-255,5738,265318,13,276992
26672,0.014287,172.31.36.0-255,66,265384,13,276992
26673,0.016538,74.125.68.0-255,5738,271122,13,276992
26674,0.016545,172.31.36.0-255,66,271188,13,276992
26675,0.018821,74.125.68.0-255,5738,276926,13,276992
26676,0.018839,172.31.36.0-255,66,276992,13,276992
26677,0.0,74.125.68.0-255,146,146,13,147578
26678,1.5e-05,172.31.36.0-255,66,212,13,147578
26679,2.1e-05,74.125.68.0-255,1484,1696,13,147578
26680,2.7e-05,172.31.36.0-255,66,1762,13,147578
26681,3.2e-05,74.125.68.0-255,2902,4664,13,147578
26682,3.6e-05,172.31.36.0-255,66,4730,13,147578
26683,3.9e-05,74.125.68.0-255,1484,6214,13,147578
26684,4.1e-05,172.31.36.0-255,66,6280,13,147578
26685,7e-05,74.125.68.0-255,2902,9182,13,147578
26686,7.2e-05,172.31.36.0-255,66,9248,13,147578
26687,9.1e-05,74.125.68.0-255,4865,14113,13,147578
26688,9.4e-05,172.31.36.0-255,66,14179,13,147578
26689,0.000136,74.125.68.0-255,1484,15663,13,147578
26690,0.000138,172.31.36.0-255,66,15729,13,147578
26691,0.000169,74.125.68.0-255,2902,18631,13,147578
26692,0.000173,172.31.36.0-255,66,18697,13,147578
26693,0.000192,74.125.68.0-255,5738,24435,13,147578
26694,0.000195,172.31.36.0-255,66,24501,13,147578
26695,0.000248,74.125.68.0-255,5738,30239,13,147578
26696,0.000251,172.31.36.0-255,66,30305,13,147578
26697,0.000317,74.125.68.0-255,2902,33207,13,147578
26698,0.00032,172.31.36.0-255,66,33273,13,147578
26699,0.000348,74.125.68.0-255,8215,41488,13,147578
26700,0.000351,172.31.36.0-255,66,41554,13,147578
26701,0.000443,74.125.68.0-255,6797,48351,13,147578
26702,0.000447,172.31.36.0-255,66,48417,13,147578
26703,0.000706,74.125.68.0-255,1484,49901,13,147578
26704,0.000712,172.31.36.0-255,66,49967,13,147578
26705,0.00073,74.125.68.0-255,2902,52869,13,147578
26706,0.000733,172.31.36.0-255,66,52935,13,147578
26707,0.000739,74.125.68.0-255,4320,57255,13,147578
26708,0.000741,172.31.36.0-255,66,57321,13,147578
26709,0.000764,74.125.68.0-255,1484,58805,13,147578
26710,0.000801,74.125.68.0-255,6797,65602,13,147578
26711,0.000804,172.31.36.0-255,66,65668,13,147578
26712,0.000849,74.125.68.0-255,646,66314,13,147578
26713,0.00087,74.125.68.0-255,1484,67798,13,147578
26714,0.000873,172.31.36.0-255,66,67864,13,147578
26715,0.000891,74.125.68.0-255,4320,72184,13,147578
26716,0.000893,172.31.36.0-255,66,72250,13,147578
26717,0.000935,74.125.68.0-255,4320,76570,13,147578
26718,0.000939,172.31.36.0-255,66,76636,13,147578
26719,0.000959,74.125.68.0-255,5738,82374,13,147578
26720,0.000962,172.31.36.0-255,66,82440,13,147578
26721,0.001046,74.125.68.0-255,4320,86760,13,147578
26722,0.001051,172.31.36.0-255,66,86826,13,147578
26723,0.001071,74.125.68.0-255,6797,93623,13,147578
26724,0.001073,172.31.36.0-255,66,93689,13,147578
26725,0.001165,74.125.68.0-255,4320,98009,13,147578
26726,0.001169,172.31.36.0-255,66,98075,13,147578
26727,0.001211,74.125.68.0-255,2543,100618,13,147578
26728,0.001214,172.31.36.0-255,66,100684,13,147578
26729,0.002273,74.125.68.0-255,1484,102168,13,147578
26730,0.00341,74.125.68.0-255,1484,103652,13,147578
26731,0.003418,172.31.36.0-255,66,103718,13,147578
26732,0.003454,74.125.68.0-255,2902,106620,13,147578
26733,0.003456,172.31.36.0-255,66,106686,13,147578
26734,0.005655,74.125.68.0-255,2902,109588,13,147578
26735,0.005658,172.31.36.0-255,66,109654,13,147578
26736,0.005684,74.125.68.0-255,2902,112556,13,147578
26737,0.005686,172.31.36.0-255,66,112622,13,147578
26738,0.0079,74.125.68.0-255,2902,115524,13,147578
26739,0.007906,172.31.36.0-255,66,115590,13,147578
26740,0.007924,74.125.68.0-255,2902,118492,13,147578
26741,0.007926,172.31.36.0-255,66,118558,13,147578
26742,0.010156,74.125.68.0-255,5738,124296,13,147578
26743,0.010164,172.31.36.0-255,66,124362,13,147578
26744,0.012466,74.125.68.0-255,5738,130100,13,147578
26745,0.012476,172.31.36.0-255,66,130166,13,147578
26746,0.01473,74.125.68.0-255,5738,135904,13,147578
26747,0.01474,172.31.36.0-255,66,135970,13,147578
26748,0.016996,74.125.68.0-255,5738,141708,13,147578
26749,0.017005,172.31.36.0-255,66,141774,13,147578
26750,0.019255,74.125.68.0-255,5738,147512,13,147578
26751,0.019264,172.31.36.0-255,66,147578,13,147578
26752,0.0,74.125.24.0-255,143,143,13,261531
26753,3.2e-05,172.31.36.0-255,66,209,13,261531
26754,3.9e-05,74.125.24.0-255,1484,1693,13,261531
26755,4.4e-05,172.31.36.0-255,66,1759,13,261531
26756,4.7e-05,74.125.24.0-255,1484,3243,13,261531
26757,5.1e-05,172.31.36.0-255,66,3309,13,261531
26758,5.6e-05,74.125.24.0-255,2902,6211,13,261531
26759,5.9e-05,172.31.36.0-255,66,6277,13,261531
26760,6.4e-05,74.125.24.0-255,2902,9179,13,261531
26761,6.7e-05,172.31.36.0-255,66,9245,13,261531
26762,9.2e-05,74.125.24.0-255,2902,12147,13,261531
26763,9.4e-05,172.31.36.0-255,66,12213,13,261531
26764,9.9e-05,74.125.24.0-255,2050,14263,13,261531
26765,0.000101,172.31.36.0-255,66,14329,13,261531
26766,0.000239,74.125.24.0-255,1484,15813,13,261531
26767,0.000243,172.31.36.0-255,66,15879,13,261531
26768,0.000249,74.125.24.0-255,2902,18781,13,261531
26769,0.000252,172.31.36.0-255,66,18847,13,261531
26770,0.00028,74.125.24.0-255,5738,24585,13,261531
26771,0.000283,172.31.36.0-255,66,24651,13,261531
26772,0.000318,74.125.24.0-255,6797,31448,13,261531
26773,0.000324,172.31.36.0-255,66,31514,13,261531
26774,0.000407,74.125.24.0-255,1484,32998,13,261531
26775,0.000413,172.31.36.0-255,66,33064,13,261531
26776,0.000419,74.125.24.0-255,2902,35966,13,261531
26777,0.000421,172.31.36.0-255,66,36032,13,261531
26778,0.000427,74.125.24.0-255,5738,41770,13,261531
26779,0.00043,172.31.36.0-255,66,41836,13,261531
26780,0.000475,74.125.24.0-255,6797,48633,13,261531
26781,0.000479,172.31.36.0-255,66,48699,13,261531
26782,0.000676,74.125.24.0-255,1484,50183,13,261531
26783,0.000681,172.31.36.0-255,66,50249,13,261531
26784,0.000687,74.125.24.0-255,2902,53151,13,261531
26785,0.00069,172.31.36.0-255,66,53217,13,261531
26786,0.000696,74.125.24.0-255,5738,58955,13,261531
26787,0.000698,172.31.36.0-255,66,59021,13,261531
26788,0.000725,74.125.24.0-255,6797,65818,13,261531
26789,0.000728,172.31.36.0-255,66,65884,13,261531
26790,0.000745,74.125.24.0-255,647,66531,13,261531
26791,0.000827,74.125.24.0-255,1484,68015,13,261531
26792,0.000831,172.31.36.0-255,66,68081,13,261531
26793,0.000836,74.125.24.0-255,2902,70983,13,261531
26794,0.00084,172.31.36.0-255,66,71049,13,261531
26795,0.00085,74.125.24.0-255,4320,75369,13,261531
26796,0.000853,172.31.36.0-255,66,75435,13,261531
26797,0.000865,74.125.24.0-255,1484,76919,13,261531
26798,0.000869,74.125.24.0-255,1484,78403,13,261531
26799,0.000872,172.31.36.0-255,66,78469,13,261531
26800,0.000886,74.125.24.0-255,4320,82789,13,261531
26801,0.000895,172.31.36.0-255,66,82855,13,261531
26802,0.000903,74.125.24.0-255,5379,88234,13,261531
26803,0.000906,172.31.36.0-255,66,88300,13,261531
26804,0.000912,74.125.24.0-255,4320,92620,13,261531
26805,0.000914,172.31.36.0-255,66,92686,13,261531
26806,0.00094,74.125.24.0-255,8215,100901,13,261531
26807,0.000944,172.31.36.0-255,66,100967,13,261531
26808,0.001115,74.125.24.0-255,1484,102451,13,261531
26809,0.001121,74.125.24.0-255,2902,105353,13,261531
26810,0.001124,172.31.36.0-255,66,105419,13,261531
26811,0.001128,74.125.24.0-255,1484,106903,13,261531
26812,0.001146,74.125.24.0-255,4320,111223,13,261531
26813,0.001149,172.31.36.0-255,66,111289,13,261531
26814,0.001155,74.125.24.0-255,2902,114191,13,261531
26815,0.001157,172.31.36.0-255,66,114257,13,261531
26816,0.001172,74.125.24.0-255,5738,119995,13,261531
26817,0.001175,172.31.36.0-255,66,120061,13,261531
26818,0.001197,74.125.24.0-255,4320,124381,13,261531
26819,0.0012,172.31.36.0-255,66,124447,13,261531
26820,0.001206,74.125.24.0-255,5738,130185,13,261531
26821,0.001214,172.31.36.0-255,66,130251,13,261531
26822,0.00122,74.125.24.0-255,2902,133153,13,261531
26823,0.001231,172.31.36.0-255,66,133219,13,261531
26824,0.001234,74.125.24.0-255,2184,135403,13,261531
26825,0.001237,172.31.36.0-255,66,135469,13,261531
26826,0.001378,74.125.24.0-255,1484,136953,13,261531
26827,0.001384,74.125.24.0-255,2902,139855,13,261531
26828,0.001387,172.31.36.0-255,66,139921,13,261531
26829,0.001408,74.125.24.0-255,5738,145659,13,261531
26830,0.001412,172.31.36.0-255,66,145725,13,261531
26831,0.00145,172.31.36.0-255,66,145791,13,261531
26832,0.001456,74.125.24.0-255,2902,148693,13,261531
26833,0.001458,172.31.36.0-255,66,148759,13,261531
26834,0.001478,74.125.24.0-255,9274,158033,13,261531
26835,0.00148,172.31.36.0-255,66,158099,13,261531
26836,0.001584,74.125.24.0-255,1484,159583,13,261531
26837,0.001601,74.125.24.0-255,2902,162485,13,261531
26838,0.001604,172.31.36.0-255,66,162551,13,261531
26839,0.001623,74.125.24.0-255,1484,164035,13,261531
26840,0.001646,74.125.24.0-255,2902,166937,13,261531
26841,0.001649,172.31.36.0-255,66,167003,13,261531
26842,0.001655,74.125.24.0-255,5738,172741,13,261531
26843,0.001657,172.31.36.0-255,66,172807,13,261531
26844,0.001701,74.125.24.0-255,5738,178545,13,261531
26845,0.001705,172.31.36.0-255,66,178611,13,261531
26846,0.001731,74.125.24.0-255,2184,180795,13,261531
26847,0.00174,172.31.36.0-255,66,180861,13,261531
26848,0.001912,74.125.24.0-255,1484,182345,13,261531
26849,0.001931,74.125.24.0-255,2902,185247,13,261531
26850,0.001935,172.31.36.0-255,66,185313,13,261531
26851,0.001941,74.125.24.0-255,4320,189633,13,261531
26852,0.001943,172.31.36.0-255,66,189699,13,261531
26853,0.001955,74.125.24.0-255,1484,191183,13,261531
26854,0.001958,74.125.24.0-255,1484,192667,13,261531
26855,0.001961,172.31.36.0-255,66,192733,13,261531
26856,0.001973,74.125.24.0-255,5738,198471,13,261531
26857,0.001976,172.31.36.0-255,66,198537,13,261531
26858,0.002003,74.125.24.0-255,5738,204275,13,261531
26859,0.002006,172.31.36.0-255,66,204341,13,261531
26860,0.002016,74.125.24.0-255,10692,215033,13,261531
26861,0.002018,172.31.36.0-255,66,215099,13,261531
26862,0.004063,74.125.24.0-255,5738,220837,13,261531
26863,0.004069,172.31.36.0-255,66,220903,13,261531
26864,0.006122,74.125.24.0-255,5738,226641,13,261531
26865,0.006127,172.31.36.0-255,66,226707,13,261531
26866,0.008173,74.125.24.0-255,5738,232445,13,261531
26867,0.00818,172.31.36.0-255,66,232511,13,261531
26868,0.010237,74.125.24.0-255,5738,238249,13,261531
26869,0.010245,172.31.36.0-255,66,238315,13,261531
26870,0.012292,74.125.24.0-255,5738,244053,13,261531
26871,0.012299,172.31.36.0-255,66,244119,13,261531
26872,0.014367,74.125.24.0-255,5738,249857,13,261531
26873,0.014374,172.31.36.0-255,66,249923,13,261531
26874,0.01644,74.125.24.0-255,5738,255661,13,261531
26875,0.016447,172.31.36.0-255,66,255727,13,261531
26876,0.018512,74.125.24.0-255,5738,261465,13,261531
26877,0.018521,172.31.36.0-255,66,261531,13,261531
26878,0.0,172.217.194.0-255,148,148,13,268743
26879,2.6e-05,172.31.36.0-255,66,214,13,268743
26880,3.3e-05,172.217.194.0-255,1484,1698,13,268743
26881,3.7e-05,172.31.36.0-255,66,1764,13,268743
26882,4.2e-05,172.217.194.0-255,2902,4666,13,268743
26883,4.4e-05,172.31.36.0-255,66,4732,13,268743
26884,7.4e-05,172.217.194.0-255,7156,11888,13,268743
26885,7.7e-05,172.31.36.0-255,66,11954,13,268743
26886,8.4e-05,172.217.194.0-255,2051,14005,13,268743
26887,8.6e-05,172.31.36.0-255,66,14071,13,268743
26888,0.000129,172.31.36.0-255,66,14137,13,268743
26889,0.000132,172.217.194.0-255,1484,15621,13,268743
26890,0.000133,172.31.36.0-255,66,15687,13,268743
26891,0.000149,172.217.194.0-255,3961,19648,13,268743
26892,0.000152,172.31.36.0-255,66,19714,13,268743
26893,0.000173,172.217.194.0-255,1484,21198,13,268743
26894,0.000175,172.31.36.0-255,66,21264,13,268743
26895,0.000178,172.217.194.0-255,1484,22748,13,268743
26896,0.00018,172.31.36.0-255,66,22814,13,268743
26897,0.000205,172.217.194.0-255,1484,24298,13,268743
26898,0.000208,172.31.36.0-255,66,24364,13,268743
26899,0.000214,172.217.194.0-255,5738,30102,13,268743
26900,0.000216,172.31.36.0-255,66,30168,13,268743
26901,0.000227,172.217.194.0-255,6797,36965,13,268743
26902,0.000229,172.31.36.0-255,66,37031,13,268743
26903,0.000255,172.217.194.0-255,2902,39933,13,268743
26904,0.000258,172.31.36.0-255,66,39999,13,268743
26905,0.000291,172.217.194.0-255,4320,44319,13,268743
26906,0.000294,172.31.36.0-255,66,44385,13,268743
26907,0.000301,172.217.194.0-255,8574,52959,13,268743
26908,0.000303,172.31.36.0-255,66,53025,13,268743
26909,0.00032,172.217.194.0-255,1403,54428,13,268743
26910,0.000386,172.217.194.0-255,117,54545,13,268743
26911,0.0004,172.217.194.0-255,382,54927,13,268743
26912,0.000411,172.31.36.0-255,66,54993,13,268743
26913,0.000585,172.217.194.0-255,1484,56477,13,268743
26914,0.00059,172.217.194.0-255,2902,59379,13,268743
26915,0.000592,172.31.36.0-255,66,59445,13,268743
26916,0.000596,172.217.194.0-255,2902,62347,13,268743
26917,0.0006,172.31.36.0-255,66,62413,13,268743
26918,0.000629,172.217.194.0-255,2902,65315,13,268743
26919,0.000633,172.31.36.0-255,66,65381,13,268743
26920,0.000644,172.217.194.0-255,4320,69701,13,268743
26921,0.000645,172.31.36.0-255,66,69767,13,268743
26922,0.000651,172.31.36.0-255,66,69833,13,268743
26923,0.000674,172.217.194.0-255,5738,75571,13,268743
26924,0.000681,172.217.194.0-255,766,76337,13,268743
26925,0.000683,172.31.36.0-255,66,76403,13,268743
26926,0.000855,172.217.194.0-255,1484,77887,13,268743
26927,0.000858,172.31.36.0-255,66,77953,13,268743
26928,0.000882,172.217.194.0-255,2902,80855,13,268743
26929,0.000888,172.217.194.0-255,5738,86593,13,268743
26930,0.000891,172.217.194.0-255,2902,89495,13,268743
26931,0.000894,172.31.36.0-255,66,89561,13,268743
26932,0.000904,172.217.194.0-255,4320,93881,13,268743
26933,0.00091,172.217.194.0-255,1484,95365,13,268743
26934,0.000907,172.31.36.0-255,66,95431,13,268743
26935,0.000952,172.217.194.0-255,2184,97615,13,268743
26936,0.000955,172.31.36.0-255,66,97681,13,268743
26937,0.000958,172.31.36.0-255,66,97747,13,268743
26938,0.00101,172.217.194.0-255,2902,100649,13,268743
26939,0.001014,172.31.36.0-255,66,100715,13,268743
26940,0.001019,172.217.194.0-255,4320,105035,13,268743
26941,0.001022,172.217.194.0-255,2902,107937,13,268743
26942,0.001023,172.31.36.0-255,66,108003,13,268743
26943,0.001027,172.31.36.0-255,66,108069,13,268743
26944,0.001043,172.217.194.0-255,5738,113807,13,268743
26945,0.001047,172.217.194.0-255,2902,116709,13,268743
26946,0.001047,172.31.36.0-255,66,116775,13,268743
26947,0.00105,172.31.36.0-255,66,116841,13,268743
26948,0.001098,172.31.36.0-255,66,116907,13,268743
26949,0.001291,172.217.194.0-255,1484,118391,13,268743
26950,0.001296,172.217.194.0-255,2902,121293,13,268743
26951,0.001303,172.31.36.0-255,66,121359,13,268743
26952,0.001313,172.217.194.0-255,5738,127097,13,268743
26953,0.001321,172.31.36.0-255,66,127163,13,268743
26954,0.001334,172.217.194.0-255,8574,135737,13,268743
26955,0.001344,172.31.36.0-255,66,135803,13,268743
26956,0.001355,172.217.194.0-255,4320,140123,13,268743
26957,0.001363,172.31.36.0-255,66,140189,13,268743
26958,0.001369,172.217.194.0-255,10692,150881,13,268743
26959,0.001378,172.31.36.0-255,66,150947,13,268743
26960,0.001954,172.217.194.0-255,1484,152431,13,268743
26961,0.001962,172.217.194.0-255,1484,153915,13,268743
26962,0.001967,172.31.36.0-255,66,153981,13,268743
26963,0.002001,172.217.194.0-255,1484,155465,13,268743
26964,0.002007,172.217.194.0-255,5738,161203,13,268743
26965,0.002013,172.217.194.0-255,5738,166941,13,268743
26966,0.002037,172.217.194.0-255,7156,174097,13,268743
26967,0.002041,172.217.194.0-255,2902,176999,13,268743
26968,0.002065,172.217.194.0-255,7156,184155,13,268743
26969,0.002074,172.217.194.0-255,9274,193429,13,268743
26970,0.002078,172.217.194.0-255,4320,197749,13,268743
26971,0.002106,172.217.194.0-255,5738,203487,13,268743
26972,0.002122,172.217.194.0-255,2902,206389,13,268743
26973,0.002212,172.217.194.0-255,1484,207873,13,268743
26974,0.002218,172.217.194.0-255,2902,210775,13,268743
26975,0.002238,172.217.194.0-255,5738,216513,13,268743
26976,0.002254,172.217.194.0-255,1484,217997,13,268743
26977,0.002311,172.217.194.0-255,4320,222317,13,268743
26978,0.002327,172.217.194.0-255,6438,228755,13,268743
26979,0.002399,172.217.194.0-255,2902,231657,13,268743
26980,0.002452,172.217.194.0-255,10692,242349,13,268743
26981,0.002467,172.217.194.0-255,4320,246669,13,268743
26982,0.002483,172.217.194.0-255,8574,255243,13,268743
26983,0.002495,172.217.194.0-255,5738,260981,13,268743
26984,0.002508,172.217.194.0-255,6438,267419,13,268743
26985,0.00251,172.217.194.0-255,982,268401,13,268743
26986,0.002513,172.217.194.0-255,105,268506,13,268743
26987,0.007711,172.31.36.0-255,66,268572,13,268743
26988,0.009155,172.31.36.0-255,105,268677,13,268743
26989,0.011738,172.217.194.0-255,66,268743,13,268743
26990,0.0,74.125.24.0-255,150,150,13,262147
26991,1.5e-05,172.31.36.0-255,66,216,13,262147
26992,2.1e-05,74.125.24.0-255,1484,1700,13,262147
26993,2.6e-05,172.31.36.0-255,66,1766,13,262147
26994,3.1e-05,74.125.24.0-255,2902,4668,13,262147
26995,3.5e-05,172.31.36.0-255,66,4734,13,262147
26996,4.2e-05,74.125.24.0-255,7156,11890,13,262147
26997,4.5e-05,172.31.36.0-255,66,11956,13,262147
26998,8.4e-05,172.31.36.0-255,66,12022,13,262147
26999,0.000107,74.125.24.0-255,2543,14565,13,262147
27000,0.00011,172.31.36.0-255,66,14631,13,262147
27001,0.000195,74.125.24.0-255,1484,16115,13,262147
27002,0.000198,172.31.36.0-255,66,16181,13,262147
27003,0.000204,74.125.24.0-255,2902,19083,13,262147
27004,0.000206,172.31.36.0-255,66,19149,13,262147
27005,0.000233,74.125.24.0-255,4320,23469,13,262147
27006,0.000236,172.31.36.0-255,66,23535,13,262147
27007,0.000253,74.125.24.0-255,1484,25019,13,262147
27008,0.000255,172.31.36.0-255,66,25085,13,262147
27009,0.000278,74.125.24.0-255,8215,33300,13,262147
27010,0.00028,172.31.36.0-255,66,33366,13,262147
27011,0.000286,74.125.24.0-255,5738,39104,13,262147
27012,0.000289,172.31.36.0-255,66,39170,13,262147
27013,0.000321,74.125.24.0-255,2902,42072,13,262147
27014,0.000324,172.31.36.0-255,66,42138,13,262147
27015,0.000348,74.125.24.0-255,7070,49208,13,262147
27016,0.000351,172.31.36.0-255,66,49274,13,262147
27017,0.000369,74.125.24.0-255,132,49406,13,262147
27018,0.000372,172.31.36.0-255,66,49472,13,262147
27019,0.000404,74.125.24.0-255,347,49819,13,262147
27020,0.000406,172.31.36.0-255,66,49885,13,262147
27021,0.000663,74.125.24.0-255,1484,51369,13,262147
27022,0.00067,74.125.24.0-255,2902,54271,13,262147
27023,0.000674,172.31.36.0-255,66,54337,13,262147
27024,0.000686,74.125.24.0-255,1484,55821,13,262147
27025,0.000703,74.125.24.0-255,4320,60141,13,262147
27026,0.000707,172.31.36.0-255,66,60207,13,262147
27027,0.000724,74.125.24.0-255,7156,67363,13,262147
27028,0.000728,172.31.36.0-255,66,67429,13,262147
27029,0.000752,74.125.24.0-255,5738,73167,13,262147
27030,0.000757,172.31.36.0-255,66,73233,13,262147
27031,0.000771,74.125.24.0-255,2902,76135,13,262147
27032,0.000773,172.31.36.0-255,66,76201,13,262147
27033,0.0008,74.125.24.0-255,7856,84057,13,262147
27034,0.000803,172.31.36.0-255,66,84123,13,262147
27035,0.001233,74.125.24.0-255,1484,85607,13,262147
27036,0.001255,74.125.24.0-255,2902,88509,13,262147
27037,0.001259,172.31.36.0-255,66,88575,13,262147
27038,0.001266,74.125.24.0-255,5738,94313,13,262147
27039,0.001268,172.31.36.0-255,66,94379,13,262147
27040,0.001298,74.125.24.0-255,5738,100117,13,262147
27041,0.0013,172.31.36.0-255,66,100183,13,262147
27042,0.001304,74.125.24.0-255,1484,101667,13,262147
27043,0.001336,172.31.36.0-255,66,101733,13,262147
27044,0.001339,74.125.24.0-255,766,102499,13,262147
27045,0.001758,172.31.36.0-255,66,102565,13,262147
27046,0.001794,74.125.24.0-255,1484,104049,13,262147
27047,0.001801,74.125.24.0-255,2902,106951,13,262147
27048,0.001803,172.31.36.0-255,66,107017,13,262147
27049,0.001826,74.125.24.0-255,5738,112755,13,262147
27050,0.001828,172.31.36.0-255,66,112821,13,262147
27051,0.001845,74.125.24.0-255,5738,118559,13,262147
27052,0.001847,172.31.36.0-255,66,118625,13,262147
27053,0.001872,74.125.24.0-255,7156,125781,13,262147
27054,0.001874,172.31.36.0-255,66,125847,13,262147
27055,0.001906,74.125.24.0-255,8574,134421,13,262147
27056,0.001909,172.31.36.0-255,66,134487,13,262147
27057,0.001926,74.125.24.0-255,2184,136671,13,262147
27058,0.001928,172.31.36.0-255,66,136737,13,262147
27059,0.001932,74.125.24.0-255,1484,138221,13,262147
27060,0.001947,74.125.24.0-255,2902,141123,13,262147
27061,0.001949,172.31.36.0-255,66,141189,13,262147
27062,0.001955,74.125.24.0-255,4320,145509,13,262147
27063,0.001957,172.31.36.0-255,66,145575,13,262147
27064,0.001997,74.125.24.0-255,1484,147059,13,262147
27065,0.002013,172.31.36.0-255,66,147125,13,262147
27066,0.002022,74.125.24.0-255,8574,155699,13,262147
27067,0.002024,172.31.36.0-255,66,155765,13,262147
27068,0.002047,74.125.24.0-255,2184,157949,13,262147
27069,0.002049,172.31.36.0-255,66,158015,13,262147
27070,0.002065,74.125.24.0-255,1484,159499,13,262147
27071,0.00208,74.125.24.0-255,1484,160983,13,262147
27072,0.002082,172.31.36.0-255,66,161049,13,262147
27073,0.002089,74.125.24.0-255,5738,166787,13,262147
27074,0.002091,172.31.36.0-255,66,166853,13,262147
27075,0.002115,74.125.24.0-255,1484,168337,13,262147
27076,0.002127,172.31.36.0-255,66,168403,13,262147
27077,0.002153,74.125.24.0-255,2902,171305,13,262147
27078,0.002155,172.31.36.0-255,66,171371,13,262147
27079,0.002182,74.125.24.0-255,9274,180645,13,262147
27080,0.002184,172.31.36.0-255,66,180711,13,262147
27081,0.002237,74.125.24.0-255,1484,182195,13,262147
27082,0.002252,74.125.24.0-255,2902,185097,13,262147
27083,0.002256,172.31.36.0-255,66,185163,13,262147
27084,0.002259,74.125.24.0-255,1484,186647,13,262147
27085,0.002279,74.125.24.0-255,4320,190967,13,262147
27086,0.002282,172.31.36.0-255,66,191033,13,262147
27087,0.002321,172.31.36.0-255,66,191099,13,262147
27088,0.002327,74.125.24.0-255,2902,194001,13,262147
27089,0.002329,172.31.36.0-255,66,194067,13,262147
27090,0.002351,74.125.24.0-255,10692,204759,13,262147
27091,0.002354,172.31.36.0-255,66,204825,13,262147
27092,0.002368,172.31.36.0-255,66,204891,13,262147
27093,0.002396,74.125.24.0-255,7156,212047,13,262147
27094,0.002398,172.31.36.0-255,66,212113,13,262147
27095,0.002409,74.125.24.0-255,10692,222805,13,262147
27096,0.002411,172.31.36.0-255,66,222871,13,262147
27097,0.004757,74.125.24.0-255,5738,228609,13,262147
27098,0.004764,172.31.36.0-255,66,228675,13,262147
27099,0.007147,74.125.24.0-255,5738,234413,13,262147
27100,0.007153,172.31.36.0-255,66,234479,13,262147
27101,0.009548,74.125.24.0-255,5738,240217,13,262147
27102,0.009552,172.31.36.0-255,66,240283,13,262147
27103,0.011912,74.125.24.0-255,5738,246021,13,262147
27104,0.01192,172.31.36.0-255,66,246087,13,262147
27105,0.014264,74.125.24.0-255,4320,250407,13,262147
27106,0.014276,172.31.36.0-255,66,250473,13,262147
27107,0.014297,74.125.24.0-255,1484,251957,13,262147
27108,0.016628,74.125.24.0-255,4320,256277,13,262147
27109,0.016636,172.31.36.0-255,66,256343,13,262147
27110,0.019007,74.125.24.0-255,5738,262081,13,262147
27111,0.019015,172.31.36.0-255,66,262147,13,262147
27112,0.0,172.217.194.0-255,153,153,13,194856
27113,2.3e-05,172.31.36.0-255,66,219,13,194856
27114,3.2e-05,172.217.194.0-255,1484,1703,13,194856
27115,3.6e-05,172.31.36.0-255,66,1769,13,194856
27116,4.2e-05,172.217.194.0-255,2902,4671,13,194856
27117,4.6e-05,172.31.36.0-255,66,4737,13,194856
27118,5.4e-05,172.217.194.0-255,7156,11893,13,194856
27119,5.8e-05,172.31.36.0-255,66,11959,13,194856
27120,7.4e-05,172.31.36.0-255,66,12025,13,194856
27121,7.7e-05,172.217.194.0-255,1484,13509,13,194856
27122,8e-05,172.31.36.0-255,66,13575,13,194856
27123,0.000102,172.217.194.0-255,1125,14700,13,194856
27124,0.000104,172.31.36.0-255,66,14766,13,194856
27125,0.000117,172.217.194.0-255,1484,16250,13,194856
27126,0.00012,172.31.36.0-255,66,16316,13,194856
27127,0.000126,172.217.194.0-255,4320,20636,13,194856
27128,0.000128,172.31.36.0-255,66,20702,13,194856
27129,0.000145,172.217.194.0-255,1484,22186,13,194856
27130,0.000147,172.31.36.0-255,66,22252,13,194856
27131,0.000176,172.217.194.0-255,8574,30826,13,194856
27132,0.000179,172.31.36.0-255,66,30892,13,194856
27133,0.000189,172.217.194.0-255,9992,40884,13,194856
27134,0.000191,172.31.36.0-255,66,40950,13,194856
27135,0.000223,172.217.194.0-255,8169,49119,13,194856
27136,0.000226,172.31.36.0-255,66,49185,13,194856
27137,0.000228,172.217.194.0-255,363,49548,13,194856
27138,0.00023,172.31.36.0-255,66,49614,13,194856
27139,0.000389,172.217.194.0-255,1484,51098,13,194856
27140,0.000395,172.31.36.0-255,66,51164,13,194856
27141,0.000401,172.217.194.0-255,2902,54066,13,194856
27142,0.000403,172.31.36.0-255,66,54132,13,194856
27143,0.000409,172.217.194.0-255,4320,58452,13,194856
27144,0.000412,172.31.36.0-255,66,58518,13,194856
27145,0.000434,172.217.194.0-255,1484,60002,13,194856
27146,0.000451,172.31.36.0-255,66,60068,13,194856
27147,0.00047,172.217.194.0-255,5738,65806,13,194856
27148,0.000473,172.31.36.0-255,66,65872,13,194856
27149,0.000497,172.217.194.0-255,5020,70892,13,194856
27150,0.000501,172.31.36.0-255,66,70958,13,194856
27151,0.000535,172.217.194.0-255,1484,72442,13,194856
27152,0.000539,172.217.194.0-255,1484,73926,13,194856
27153,0.000541,172.31.36.0-255,66,73992,13,194856
27154,0.000561,172.217.194.0-255,1484,75476,13,194856
27155,0.000567,172.217.194.0-255,5738,81214,13,194856
27156,0.00057,172.31.36.0-255,66,81280,13,194856
27157,0.000576,172.217.194.0-255,4320,85600,13,194856
27158,0.000579,172.31.36.0-255,66,85666,13,194856
27159,0.000603,172.217.194.0-255,8574,94240,13,194856
27160,0.000606,172.31.36.0-255,66,94306,13,194856
27161,0.000614,172.217.194.0-255,8574,102880,13,194856
27162,0.000617,172.31.36.0-255,66,102946,13,194856
27163,0.000649,172.217.194.0-255,2184,105130,13,194856
27164,0.000652,172.31.36.0-255,66,105196,13,194856
27165,0.000665,172.31.36.0-255,66,105262,13,194856
27166,0.000707,172.217.194.0-255,4320,109582,13,194856
27167,0.000709,172.31.36.0-255,66,109648,13,194856
27168,0.000752,172.31.36.0-255,66,109714,13,194856
27169,0.000759,172.217.194.0-255,6438,116152,13,194856
27170,0.000761,172.31.36.0-255,66,116218,13,194856
27171,0.000768,172.217.194.0-255,7156,123374,13,194856
27172,0.00077,172.31.36.0-255,66,123440,13,194856
27173,0.000779,172.217.194.0-255,7667,131107,13,194856
27174,0.000781,172.31.36.0-255,66,131173,13,194856
27175,0.001794,172.217.194.0-255,1484,132657,13,194856
27176,0.001801,172.217.194.0-255,2902,135559,13,194856
27177,0.001804,172.31.36.0-255,66,135625,13,194856
27178,0.001809,172.217.194.0-255,2902,138527,13,194856
27179,0.001812,172.31.36.0-255,66,138593,13,194856
27180,0.001827,172.217.194.0-255,2902,141495,13,194856
27181,0.001829,172.31.36.0-255,66,141561,13,194856
27182,0.001845,172.217.194.0-255,6797,148358,13,194856
27183,0.001848,172.31.36.0-255,66,148424,13,194856
27184,0.003891,172.217.194.0-255,5738,154162,13,194856
27185,0.003898,172.31.36.0-255,66,154228,13,194856
27186,0.005902,172.217.194.0-255,5738,159966,13,194856
27187,0.005906,172.31.36.0-255,66,160032,13,194856
27188,0.007885,172.217.194.0-255,5738,165770,13,194856
27189,0.007891,172.31.36.0-255,66,165836,13,194856
27190,0.009902,172.217.194.0-255,5738,171574,13,194856
27191,0.009911,172.31.36.0-255,66,171640,13,194856
27192,0.011927,172.217.194.0-255,5738,177378,13,194856
27193,0.011935,172.31.36.0-255,66,177444,13,194856
27194,0.013936,172.217.194.0-255,5738,183182,13,194856
27195,0.013945,172.31.36.0-255,66,183248,13,194856
27196,0.01597,172.217.194.0-255,5738,188986,13,194856
27197,0.015986,172.31.36.0-255,66,189052,13,194856
27198,0.017972,172.217.194.0-255,5738,194790,13,194856
27199,0.017979,172.31.36.0-255,66,194856,13,194856
27200,0.0,74.125.24.0-255,150,150,13,238538
27201,2.9e-05,172.31.36.0-255,66,216,13,238538
27202,3.6e-05,74.125.24.0-255,1484,1700,13,238538
27203,4e-05,172.31.36.0-255,66,1766,13,238538
27204,5.3e-05,74.125.24.0-255,2902,4668,13,238538
27205,5.6e-05,172.31.36.0-255,66,4734,13,238538
27206,6.3e-05,74.125.24.0-255,7156,11890,13,238538
27207,6.6e-05,172.31.36.0-255,66,11956,13,238538
27208,8e-05,74.125.24.0-255,2020,13976,13,238538
27209,8.3e-05,172.31.36.0-255,66,14042,13,238538
27210,0.000134,74.125.24.0-255,1484,15526,13,238538
27211,0.000138,172.31.36.0-255,66,15592,13,238538
27212,0.000143,74.125.24.0-255,2902,18494,13,238538
27213,0.000145,172.31.36.0-255,66,18560,13,238538
27214,0.00018,74.125.24.0-255,5738,24298,13,238538
27215,0.000183,172.31.36.0-255,66,24364,13,238538
27216,0.000216,74.125.24.0-255,6797,31161,13,238538
27217,0.000218,172.31.36.0-255,66,31227,13,238538
27218,0.000391,74.125.24.0-255,1484,32711,13,238538
27219,0.000396,172.31.36.0-255,66,32777,13,238538
27220,0.000402,74.125.24.0-255,2902,35679,13,238538
27221,0.000404,172.31.36.0-255,66,35745,13,238538
27222,0.000446,74.125.24.0-255,5738,41483,13,238538
27223,0.000451,172.31.36.0-255,66,41549,13,238538
27224,0.000467,74.125.24.0-255,9633,51182,13,238538
27225,0.00047,172.31.36.0-255,66,51248,13,238538
27226,0.000479,74.125.24.0-255,9992,61240,13,238538
27227,0.000482,172.31.36.0-255,66,61306,13,238538
27228,0.000516,74.125.24.0-255,4271,65577,13,238538
27229,0.00052,172.31.36.0-255,66,65643,13,238538
27230,0.00064,74.125.24.0-255,110,65753,13,238538
27231,0.000645,172.31.36.0-255,66,65819,13,238538
27232,0.001029,74.125.24.0-255,1484,67303,13,238538
27233,0.00104,74.125.24.0-255,2902,70205,13,238538
27234,0.001044,172.31.36.0-255,66,70271,13,238538
27235,0.001052,74.125.24.0-255,4320,74591,13,238538
27236,0.001054,172.31.36.0-255,66,74657,13,238538
27237,0.001081,74.125.24.0-255,1484,76141,13,238538
27238,0.00109,74.125.24.0-255,7156,83297,13,238538
27239,0.0011,172.31.36.0-255,66,83363,13,238538
27240,0.001133,74.125.24.0-255,6797,90160,13,238538
27241,0.001136,172.31.36.0-255,66,90226,13,238538
27242,0.001145,74.125.24.0-255,8574,98800,13,238538
27243,0.001147,172.31.36.0-255,66,98866,13,238538
27244,0.001157,74.125.24.0-255,1368,100234,13,238538
27245,0.00144,74.125.24.0-255,1484,101718,13,238538
27246,0.001448,172.31.36.0-255,66,101784,13,238538
27247,0.001454,74.125.24.0-255,2902,104686,13,238538
27248,0.001456,172.31.36.0-255,66,104752,13,238538
27249,0.001469,74.125.24.0-255,5738,110490,13,238538
27250,0.001472,172.31.36.0-255,66,110556,13,238538
27251,0.001477,74.125.24.0-255,4320,114876,13,238538
27252,0.001479,172.31.36.0-255,66,114942,13,238538
27253,0.001532,172.31.36.0-255,66,115008,13,238538
27254,0.00154,74.125.24.0-255,7856,122864,13,238538
27255,0.001542,172.31.36.0-255,66,122930,13,238538
27256,0.001556,74.125.24.0-255,8574,131504,13,238538
27257,0.001558,172.31.36.0-255,66,131570,13,238538
27258,0.001602,172.31.36.0-255,66,131636,13,238538
27259,0.001632,74.125.24.0-255,5738,137374,13,238538
27260,0.001635,172.31.36.0-255,66,137440,13,238538
27261,0.001654,74.125.24.0-255,5020,142460,13,238538
27262,0.001657,172.31.36.0-255,66,142526,13,238538
27263,0.002008,74.125.24.0-255,1484,144010,13,238538
27264,0.002012,74.125.24.0-255,2902,146912,13,238538
27265,0.002022,172.31.36.0-255,66,146978,13,238538
27266,0.002042,74.125.24.0-255,5738,152716,13,238538
27267,0.002044,172.31.36.0-255,66,152782,13,238538
27268,0.002112,172.31.36.0-255,66,152848,13,238538
27269,0.002118,74.125.24.0-255,4320,157168,13,238538
27270,0.00212,172.31.36.0-255,66,157234,13,238538
27271,0.002147,74.125.24.0-255,6438,163672,13,238538
27272,0.002149,172.31.36.0-255,66,163738,13,238538
27273,0.002186,74.125.24.0-255,2902,166640,13,238538
27274,0.002189,172.31.36.0-255,66,166706,13,238538
27275,0.002194,74.125.24.0-255,2902,169608,13,238538
27276,0.002196,172.31.36.0-255,66,169674,13,238538
27277,0.002217,74.125.24.0-255,1484,171158,13,238538
27278,0.002236,74.125.24.0-255,8574,179732,13,238538
27279,0.002238,172.31.36.0-255,66,179798,13,238538
27280,0.002244,74.125.24.0-255,7156,186954,13,238538
27281,0.002246,172.31.36.0-255,66,187020,13,238538
27282,0.00229,74.125.24.0-255,8574,195594,13,238538
27283,0.002293,172.31.36.0-255,66,195660,13,238538
27284,0.002308,74.125.24.0-255,2184,197844,13,238538
27285,0.002311,172.31.36.0-255,66,197910,13,238538
27286,0.004615,74.125.24.0-255,5738,203648,13,238538
27287,0.004621,172.31.36.0-255,66,203714,13,238538
27288,0.006924,74.125.24.0-255,5738,209452,13,238538
27289,0.006931,172.31.36.0-255,66,209518,13,238538
27290,0.00925,74.125.24.0-255,5738,215256,13,238538
27291,0.009275,172.31.36.0-255,66,215322,13,238538
27292,0.011588,74.125.24.0-255,5738,221060,13,238538
27293,0.011596,172.31.36.0-255,66,221126,13,238538
27294,0.013921,74.125.24.0-255,5738,226864,13,238538
27295,0.01393,172.31.36.0-255,66,226930,13,238538
27296,0.016261,74.125.24.0-255,5738,232668,13,238538
27297,0.016269,172.31.36.0-255,66,232734,13,238538
27298,0.01859,74.125.24.0-255,5738,238472,13,238538
27299,0.018598,172.31.36.0-255,66,238538,13,238538
27300,0.0,74.125.24.0-255,298,298,13,334656
27301,3.6e-05,172.31.36.0-255,66,364,13,334656
27302,4.3e-05,74.125.24.0-255,1484,1848,13,334656
27303,4.8e-05,172.31.36.0-255,66,1914,13,334656
27304,5.4e-05,74.125.24.0-255,4320,6234,13,334656
27305,5.6e-05,172.31.36.0-255,66,6300,13,334656
27306,6.4e-05,74.125.24.0-255,7487,13787,13,334656
27307,6.6e-05,172.31.36.0-255,66,13853,13,334656
27308,0.000208,74.125.24.0-255,1484,15337,13,334656
27309,0.000213,172.31.36.0-255,66,15403,13,334656
27310,0.000221,74.125.24.0-255,2902,18305,13,334656
27311,0.000224,172.31.36.0-255,66,18371,13,334656
27312,0.000229,74.125.24.0-255,4320,22691,13,334656
27313,0.000231,172.31.36.0-255,66,22757,13,334656
27314,0.000291,74.125.24.0-255,5738,28495,13,334656
27315,0.000294,172.31.36.0-255,66,28561,13,334656
27316,0.000313,74.125.24.0-255,2543,31104,13,334656
27317,0.000316,172.31.36.0-255,66,31170,13,334656
27318,0.000404,74.125.24.0-255,1484,32654,13,334656
27319,0.000408,172.31.36.0-255,66,32720,13,334656
27320,0.000414,74.125.24.0-255,2902,35622,13,334656
27321,0.000416,172.31.36.0-255,66,35688,13,334656
27322,0.000422,74.125.24.0-255,4320,40008,13,334656
27323,0.000426,172.31.36.0-255,66,40074,13,334656
27324,0.000445,74.125.24.0-255,1484,41558,13,334656
27325,0.000448,172.31.36.0-255,66,41624,13,334656
27326,0.000454,74.125.24.0-255,4320,45944,13,334656
27327,0.000456,172.31.36.0-255,66,46010,13,334656
27328,0.000475,74.125.24.0-255,1484,47494,13,334656
27329,0.000478,172.31.36.0-255,66,47560,13,334656
27330,0.000511,172.31.36.0-255,66,47626,13,334656
27331,0.000517,74.125.24.0-255,5738,53364,13,334656
27332,0.000524,172.31.36.0-255,66,53430,13,334656
27333,0.000542,74.125.24.0-255,1748,55178,13,334656
27334,0.000544,172.31.36.0-255,66,55244,13,334656
27335,0.000829,74.125.24.0-255,1484,56728,13,334656
27336,0.000835,74.125.24.0-255,2902,59630,13,334656
27337,0.000838,172.31.36.0-255,66,59696,13,334656
27338,0.000863,74.125.24.0-255,5738,65434,13,334656
27339,0.000874,172.31.36.0-255,66,65500,13,334656
27340,0.000901,172.31.36.0-255,66,65566,13,334656
27341,0.000928,74.125.24.0-255,10692,76258,13,334656
27342,0.000931,172.31.36.0-255,66,76324,13,334656
27343,0.00097,74.125.24.0-255,1484,77808,13,334656
27344,0.000993,74.125.24.0-255,1484,79292,13,334656
27345,0.000997,74.125.24.0-255,2902,82194,13,334656
27346,0.000999,172.31.36.0-255,66,82260,13,334656
27347,0.001015,172.31.36.0-255,66,82326,13,334656
27348,0.001024,74.125.24.0-255,5738,88064,13,334656
27349,0.00103,172.31.36.0-255,66,88130,13,334656
27350,0.001074,74.125.24.0-255,5738,93868,13,334656
27351,0.001078,172.31.36.0-255,66,93934,13,334656
27352,0.001109,74.125.24.0-255,3602,97536,13,334656
27353,0.001113,172.31.36.0-255,66,97602,13,334656
27354,0.001118,74.125.24.0-255,4320,101922,13,334656
27355,0.001125,172.31.36.0-255,66,101988,13,334656
27356,0.001146,74.125.24.0-255,4320,106308,13,334656
27357,0.00115,172.31.36.0-255,66,106374,13,334656
27358,0.001163,74.125.24.0-255,5738,112112,13,334656
27359,0.001175,172.31.36.0-255,66,112178,13,334656
27360,0.001203,74.125.24.0-255,4320,116498,13,334656
27361,0.001207,172.31.36.0-255,66,116564,13,334656
27362,0.001224,74.125.24.0-255,7156,123720,13,334656
27363,0.001229,172.31.36.0-255,66,123786,13,334656
27364,0.001233,74.125.24.0-255,7856,131642,13,334656
27365,0.001243,172.31.36.0-255,66,131708,13,334656
27366,0.001248,74.125.24.0-255,1484,133192,13,334656
27367,0.001252,74.125.24.0-255,1484,134676,13,334656
27368,0.001258,172.31.36.0-255,66,134742,13,334656
27369,0.001275,74.125.24.0-255,1484,136226,13,334656
27370,0.001283,74.125.24.0-255,5738,141964,13,334656
27371,0.001287,172.31.36.0-255,66,142030,13,334656
27372,0.001309,74.125.24.0-255,4320,146350,13,334656
27373,0.001312,74.125.24.0-255,1484,147834,13,334656
27374,0.001314,172.31.36.0-255,66,147900,13,334656
27375,0.001332,74.125.24.0-255,4320,152220,13,334656
27376,0.00134,172.31.36.0-255,66,152286,13,334656
27377,0.001346,74.125.24.0-255,1484,153770,13,334656
27378,0.001368,74.125.24.0-255,9992,163762,13,334656
27379,0.001388,172.31.36.0-255,66,163828,13,334656
27380,0.001403,74.125.24.0-255,2184,166012,13,334656
27381,0.00141,172.31.36.0-255,66,166078,13,334656
27382,0.001436,74.125.24.0-255,2902,168980,13,334656
27383,0.001445,172.31.36.0-255,66,169046,13,334656
27384,0.001451,74.125.24.0-255,1484,170530,13,334656
27385,0.001455,74.125.24.0-255,2902,173432,13,334656
27386,0.00146,172.31.36.0-255,66,173498,13,334656
27387,0.001467,74.125.24.0-255,1484,174982,13,334656
27388,0.001486,74.125.24.0-255,4320,179302,13,334656
27389,0.001496,172.31.36.0-255,66,179368,13,334656
27390,0.0015,74.125.24.0-255,2902,182270,13,334656
27391,0.001503,172.31.36.0-255,66,182336,13,334656
27392,0.001524,74.125.24.0-255,9992,192328,13,334656
27393,0.001531,74.125.24.0-255,5738,198066,13,334656
27394,0.00153,172.31.36.0-255,66,198132,13,334656
27395,0.001535,172.31.36.0-255,66,198198,13,334656
27396,0.001559,74.125.24.0-255,2184,200382,13,334656
27397,0.001566,172.31.36.0-255,66,200448,13,334656
27398,0.001599,74.125.24.0-255,2902,203350,13,334656
27399,0.001609,172.31.36.0-255,66,203416,13,334656
27400,0.001619,74.125.24.0-255,2902,206318,13,334656
27401,0.001623,172.31.36.0-255,66,206384,13,334656
27402,0.001626,74.125.24.0-255,7156,213540,13,334656
27403,0.001638,172.31.36.0-255,66,213606,13,334656
27404,0.001659,74.125.24.0-255,5738,219344,13,334656
27405,0.001664,172.31.36.0-255,66,219410,13,334656
27406,0.001689,74.125.24.0-255,9992,229402,13,334656
27407,0.001695,74.125.24.0-255,5020,234422,13,334656
27408,0.001695,172.31.36.0-255,66,234488,13,334656
27409,0.0017,172.31.36.0-255,66,234554,13,334656
27410,0.001724,74.125.24.0-255,4320,238874,13,334656
27411,0.001729,74.125.24.0-255,2902,241776,13,334656
27412,0.001734,172.31.36.0-255,66,241842,13,334656
27413,0.001748,74.125.24.0-255,2902,244744,13,334656
27414,0.001752,172.31.36.0-255,66,244810,13,334656
27415,0.001766,74.125.24.0-255,5738,250548,13,334656
27416,0.001772,172.31.36.0-255,66,250614,13,334656
27417,0.00179,74.125.24.0-255,5738,256352,13,334656
27418,0.001796,74.125.24.0-255,4320,260672,13,334656
27419,0.001797,172.31.36.0-255,66,260738,13,334656
27420,0.001801,172.31.36.0-255,66,260804,13,334656
27421,0.001823,74.125.24.0-255,7856,268660,13,334656
27422,0.001837,172.31.36.0-255,66,268726,13,334656
27423,0.001871,74.125.24.0-255,1484,270210,13,334656
27424,0.001884,74.125.24.0-255,2902,273112,13,334656
27425,0.001887,172.31.36.0-255,66,273178,13,334656
27426,0.001893,74.125.24.0-255,4320,277498,13,334656
27427,0.001901,172.31.36.0-255,66,277564,13,334656
27428,0.001907,74.125.24.0-255,1484,279048,13,334656
27429,0.001917,74.125.24.0-255,1484,280532,13,334656
27430,0.001947,172.31.36.0-255,66,280598,13,334656
27431,0.001958,74.125.24.0-255,9992,290590,13,334656
27432,0.001961,172.31.36.0-255,66,290656,13,334656
27433,0.001978,172.31.36.0-255,66,290722,13,334656
27434,0.002024,74.125.24.0-255,1484,292206,13,334656
27435,0.002029,74.125.24.0-255,2902,295108,13,334656
27436,0.002035,74.125.24.0-255,5738,300846,13,334656
27437,0.002037,172.31.36.0-255,66,300912,13,334656
27438,0.00204,74.125.24.0-255,5738,306650,13,334656
27439,0.002044,172.31.36.0-255,66,306716,13,334656
27440,0.002045,74.125.24.0-255,5738,312454,13,334656
27441,0.002058,172.31.36.0-255,66,312520,13,334656
27442,0.002065,74.125.24.0-255,7156,319676,13,334656
27443,0.002071,172.31.36.0-255,66,319742,13,334656
27444,0.002072,74.125.24.0-255,6438,326180,13,334656
27445,0.002075,172.31.36.0-255,66,326246,13,334656
27446,0.002131,74.125.24.0-255,5738,331984,13,334656
27447,0.002136,172.31.36.0-255,66,332050,13,334656
27448,0.002151,74.125.24.0-255,2264,334314,13,334656
27449,0.002154,74.125.24.0-255,105,334419,13,334656
27450,0.002161,172.31.36.0-255,66,334485,13,334656
27451,0.009563,172.31.36.0-255,105,334590,13,334656
27452,0.011843,74.125.24.0-255,66,334656,13,334656
27453,0.0,172.217.194.0-255,152,152,13,361622
27454,3.4e-05,172.31.36.0-255,66,218,13,361622
27455,4.2e-05,172.217.194.0-255,1484,1702,13,361622
27456,4.6e-05,172.31.36.0-255,66,1768,13,361622
27457,5.1e-05,172.217.194.0-255,2902,4670,13,361622
27458,5.4e-05,172.31.36.0-255,66,4736,13,361622
27459,6.1e-05,172.217.194.0-255,7156,11892,13,361622
27460,6.4e-05,172.31.36.0-255,66,11958,13,361622
27461,7.1e-05,172.217.194.0-255,7674,19632,13,361622
27462,7.4e-05,172.31.36.0-255,66,19698,13,361622
27463,0.000124,172.31.36.0-255,66,19764,13,361622
27464,0.00015,172.217.194.0-255,2902,22666,13,361622
27465,0.000153,172.31.36.0-255,66,22732,13,361622
27466,0.000158,172.217.194.0-255,4320,27052,13,361622
27467,0.00016,172.31.36.0-255,66,27118,13,361622
27468,0.00019,172.217.194.0-255,5738,32856,13,361622
27469,0.000194,172.31.36.0-255,66,32922,13,361622
27470,0.000212,172.217.194.0-255,2902,35824,13,361622
27471,0.000215,172.31.36.0-255,66,35890,13,361622
27472,0.000224,172.217.194.0-255,8574,44464,13,361622
27473,0.000226,172.31.36.0-255,66,44530,13,361622
27474,0.00026,172.217.194.0-255,1484,46014,13,361622
27475,0.000263,172.31.36.0-255,66,46080,13,361622
27476,0.00029,172.217.194.0-255,8203,54283,13,361622
27477,0.000293,172.31.36.0-255,66,54349,13,361622
27478,0.000296,172.217.194.0-255,362,54711,13,361622
27479,0.000298,172.31.36.0-255,66,54777,13,361622
27480,0.000511,172.217.194.0-255,1484,56261,13,361622
27481,0.000516,172.31.36.0-255,66,56327,13,361622
27482,0.000521,172.217.194.0-255,2902,59229,13,361622
27483,0.000526,172.217.194.0-255,5738,64967,13,361622
27484,0.000526,172.31.36.0-255,66,65033,13,361622
27485,0.000547,172.31.36.0-255,66,65099,13,361622
27486,0.000557,172.217.194.0-255,2902,68001,13,361622
27487,0.000566,172.31.36.0-255,66,68067,13,361622
27488,0.000583,172.217.194.0-255,9992,78059,13,361622
27489,0.000602,172.31.36.0-255,66,78125,13,361622
27490,0.000605,172.217.194.0-255,2902,81027,13,361622
27491,0.000617,172.31.36.0-255,66,81093,13,361622
27492,0.000627,172.217.194.0-255,7856,88949,13,361622
27493,0.000633,172.31.36.0-255,66,89015,13,361622
27494,0.000677,172.217.194.0-255,1484,90499,13,361622
27495,0.000683,172.217.194.0-255,2902,93401,13,361622
27496,0.000686,172.31.36.0-255,66,93467,13,361622
27497,0.00069,172.217.194.0-255,2902,96369,13,361622
27498,0.000698,172.31.36.0-255,66,96435,13,361622
27499,0.000705,172.217.194.0-255,2902,99337,13,361622
27500,0.000708,172.217.194.0-255,1484,100821,13,361622
27501,0.00071,172.31.36.0-255,66,100887,13,361622
27502,0.000727,172.217.194.0-255,8574,109461,13,361622
27503,0.000732,172.31.36.0-255,66,109527,13,361622
27504,0.000764,172.217.194.0-255,4320,113847,13,361622
27505,0.00077,172.31.36.0-255,66,113913,13,361622
27506,0.000784,172.217.194.0-255,9274,123187,13,361622
27507,0.000792,172.31.36.0-255,66,123253,13,361622
27508,0.0008,172.217.194.0-255,1484,124737,13,361622
27509,0.000814,172.217.194.0-255,5738,130475,13,361622
27510,0.000819,172.31.36.0-255,66,130541,13,361622
27511,0.000835,172.217.194.0-255,7156,137697,13,361622
27512,0.000844,172.217.194.0-255,9992,147689,13,361622
27513,0.000848,172.31.36.0-255,66,147755,13,361622
27514,0.000889,172.217.194.0-255,9274,157029,13,361622
27515,0.000896,172.31.36.0-255,66,157095,13,361622
27516,0.000899,172.217.194.0-255,8574,165669,13,361622
27517,0.000911,172.31.36.0-255,66,165735,13,361622
27518,0.000915,172.217.194.0-255,1484,167219,13,361622
27519,0.000931,172.217.194.0-255,5738,172957,13,361622
27520,0.000941,172.31.36.0-255,66,173023,13,361622
27521,0.000952,172.217.194.0-255,5738,178761,13,361622
27522,0.000956,172.31.36.0-255,66,178827,13,361622
27523,0.000989,172.217.194.0-255,9992,188819,13,361622
27524,0.000995,172.31.36.0-255,66,188885,13,361622
27525,0.001006,172.217.194.0-255,2184,191069,13,361622
27526,0.001009,172.31.36.0-255,66,191135,13,361622
27527,0.00107,172.217.194.0-255,1484,192619,13,361622
27528,0.001091,172.217.194.0-255,2902,195521,13,361622
27529,0.001097,172.217.194.0-255,5738,201259,13,361622
27530,0.001102,172.31.36.0-255,66,201325,13,361622
27531,0.00111,172.217.194.0-255,2902,204227,13,361622
27532,0.001117,172.31.36.0-255,66,204293,13,361622
27533,0.001136,172.217.194.0-255,9992,214285,13,361622
27534,0.001139,172.31.36.0-255,66,214351,13,361622
27535,0.001149,172.217.194.0-255,9992,224343,13,361622
27536,0.001154,172.31.36.0-255,66,224409,13,361622
27537,0.001161,172.217.194.0-255,766,225175,13,361622
27538,0.001244,172.217.194.0-255,1484,226659,13,361622
27539,0.001249,172.217.194.0-255,2902,229561,13,361622
27540,0.001251,172.31.36.0-255,66,229627,13,361622
27541,0.001256,172.31.36.0-255,66,229693,13,361622
27542,0.001261,172.217.194.0-255,2902,232595,13,361622
27543,0.001272,172.31.36.0-255,66,232661,13,361622
27544,0.00128,172.217.194.0-255,2902,235563,13,361622
27545,0.001286,172.217.194.0-255,4320,239883,13,361622
27546,0.001286,172.31.36.0-255,66,239949,13,361622
27547,0.001291,172.31.36.0-255,66,240015,13,361622
27548,0.001307,172.217.194.0-255,7156,247171,13,361622
27549,0.00131,172.31.36.0-255,66,247237,13,361622
27550,0.001325,172.217.194.0-255,1484,248721,13,361622
27551,0.001354,172.217.194.0-255,7156,255877,13,361622
27552,0.001367,172.31.36.0-255,66,255943,13,361622
27553,0.001375,172.217.194.0-255,3602,259545,13,361622
27554,0.001383,172.31.36.0-255,66,259611,13,361622
27555,0.00139,172.217.194.0-255,4320,263931,13,361622
27556,0.001401,172.31.36.0-255,66,263997,13,361622
27557,0.001406,172.217.194.0-255,4320,268317,13,361622
27558,0.001414,172.217.194.0-255,7156,275473,13,361622
27559,0.001415,172.31.36.0-255,66,275539,13,361622
27560,0.00142,172.31.36.0-255,66,275605,13,361622
27561,0.001441,172.217.194.0-255,2902,278507,13,361622
27562,0.001445,172.31.36.0-255,66,278573,13,361622
27563,0.00145,172.217.194.0-255,9992,288565,13,361622
27564,0.001457,172.31.36.0-255,66,288631,13,361622
27565,0.001517,172.217.194.0-255,5020,293651,13,361622
27566,0.001524,172.31.36.0-255,66,293717,13,361622
27567,0.001575,172.217.194.0-255,1484,295201,13,361622
27568,0.001612,172.217.194.0-255,4320,299521,13,361622
27569,0.001617,172.217.194.0-255,2902,302423,13,361622
27570,0.001617,172.31.36.0-255,66,302489,13,361622
27571,0.001623,172.31.36.0-255,66,302555,13,361622
27572,0.001625,172.217.194.0-255,9992,312547,13,361622
27573,0.001636,172.31.36.0-255,66,312613,13,361622
27574,0.001674,172.31.36.0-255,66,312679,13,361622
27575,0.001683,172.217.194.0-255,3602,316281,13,361622
27576,0.001689,172.31.36.0-255,66,316347,13,361622
27577,0.00186,172.217.194.0-255,1484,317831,13,361622
27578,0.001864,172.217.194.0-255,1484,319315,13,361622
27579,0.001868,172.31.36.0-255,66,319381,13,361622
27580,0.001882,172.217.194.0-255,1484,320865,13,361622
27581,0.001885,172.217.194.0-255,1484,322349,13,361622
27582,0.001889,172.31.36.0-255,66,322415,13,361622
27583,0.00191,172.217.194.0-255,4320,326735,13,361622
27584,0.001915,172.31.36.0-255,66,326801,13,361622
27585,0.001926,172.217.194.0-255,5738,332539,13,361622
27586,0.00194,172.31.36.0-255,66,332605,13,361622
27587,0.001944,172.217.194.0-255,7156,339761,13,361622
27588,0.001947,172.217.194.0-255,1484,341245,13,361622
27589,0.001956,172.31.36.0-255,66,341311,13,361622
27590,0.001962,172.217.194.0-255,7156,348467,13,361622
27591,0.001974,172.217.194.0-255,1484,349951,13,361622
27592,0.001975,172.31.36.0-255,66,350017,13,361622
27593,0.001985,172.217.194.0-255,2902,352919,13,361622
27594,0.00199,172.31.36.0-255,66,352985,13,361622
27595,0.001999,172.217.194.0-255,3602,356587,13,361622
27596,0.002006,172.31.36.0-255,66,356653,13,361622
27597,0.002032,172.217.194.0-255,2902,359555,13,361622
27598,0.00204,172.31.36.0-255,66,359621,13,361622
27599,0.00205,172.217.194.0-255,1593,361214,13,361622
27600,0.002054,172.31.36.0-255,66,361280,13,361622
27601,0.004043,172.217.194.0-255,105,361385,13,361622
27602,0.009607,172.31.36.0-255,66,361451,13,361622
27603,0.009763,172.31.36.0-255,105,361556,13,361622
27604,0.011772,172.217.194.0-255,66,361622,13,361622
27605,0.0,74.125.130.0-255,153,153,13,283242
27606,2.3e-05,172.31.36.0-255,66,219,13,283242
27607,3.9e-05,74.125.130.0-255,1484,1703,13,283242
27608,4.3e-05,172.31.36.0-255,66,1769,13,283242
27609,6.3e-05,74.125.130.0-255,2902,4671,13,283242
27610,6.6e-05,172.31.36.0-255,66,4737,13,283242
27611,7.2e-05,74.125.130.0-255,5738,10475,13,283242
27612,7.5e-05,172.31.36.0-255,66,10541,13,283242
27613,9.5e-05,74.125.130.0-255,3456,13997,13,283242
27614,9.8e-05,172.31.36.0-255,66,14063,13,283242
27615,0.000147,74.125.130.0-255,1484,15547,13,283242
27616,0.000151,172.31.36.0-255,66,15613,13,283242
27617,0.000157,74.125.130.0-255,2902,18515,13,283242
27618,0.000161,172.31.36.0-255,66,18581,13,283242
27619,0.000191,74.125.130.0-255,5738,24319,13,283242
27620,0.000196,172.31.36.0-255,66,24385,13,283242
27621,0.000199,74.125.130.0-255,1484,25869,13,283242
27622,0.000201,172.31.36.0-255,66,25935,13,283242
27623,0.00026,74.125.130.0-255,5379,31314,13,283242
27624,0.000264,172.31.36.0-255,66,31380,13,283242
27625,0.000467,74.125.130.0-255,1484,32864,13,283242
27626,0.000471,172.31.36.0-255,66,32930,13,283242
27627,0.000477,74.125.130.0-255,2902,35832,13,283242
27628,0.000479,172.31.36.0-255,66,35898,13,283242
27629,0.000511,74.125.130.0-255,5738,41636,13,283242
27630,0.000514,172.31.36.0-255,66,41702,13,283242
27631,0.000517,74.125.130.0-255,1484,43186,13,283242
27632,0.000521,172.31.36.0-255,66,43252,13,283242
27633,0.000536,74.125.130.0-255,2902,46154,13,283242
27634,0.00054,172.31.36.0-255,66,46220,13,283242
27635,0.00055,74.125.130.0-255,4320,50540,13,283242
27636,0.000553,172.31.36.0-255,66,50606,13,283242
27637,0.000582,74.125.130.0-255,2543,53149,13,283242
27638,0.000586,172.31.36.0-255,66,53215,13,283242
27639,0.000593,74.125.130.0-255,7156,60371,13,283242
27640,0.000595,172.31.36.0-255,66,60437,13,283242
27641,0.0006,74.125.130.0-255,2902,63339,13,283242
27642,0.000602,172.31.36.0-255,66,63405,13,283242
27643,0.000626,74.125.130.0-255,2834,66239,13,283242
27644,0.000629,172.31.36.0-255,66,66305,13,283242
27645,0.000632,74.125.130.0-255,395,66700,13,283242
27646,0.000808,172.31.36.0-255,66,66766,13,283242
27647,0.000886,74.125.130.0-255,1484,68250,13,283242
27648,0.000892,74.125.130.0-255,1484,69734,13,283242
27649,0.000895,172.31.36.0-255,66,69800,13,283242
27650,0.000911,74.125.130.0-255,1484,71284,13,283242
27651,0.000913,74.125.130.0-255,1484,72768,13,283242
27652,0.000915,172.31.36.0-255,66,72834,13,283242
27653,0.000938,74.125.130.0-255,5738,78572,13,283242
27654,0.000941,172.31.36.0-255,66,78638,13,283242
27655,0.00096,74.125.130.0-255,1484,80122,13,283242
27656,0.000989,172.31.36.0-255,66,80188,13,283242
27657,0.001024,74.125.130.0-255,4320,84508,13,283242
27658,0.001028,172.31.36.0-255,66,84574,13,283242
27659,0.001047,74.125.130.0-255,5020,89594,13,283242
27660,0.00105,172.31.36.0-255,66,89660,13,283242
27661,0.00116,74.125.130.0-255,1484,91144,13,283242
27662,0.001184,74.125.130.0-255,2902,94046,13,283242
27663,0.001188,172.31.36.0-255,66,94112,13,283242
27664,0.001195,74.125.130.0-255,5738,99850,13,283242
27665,0.001197,172.31.36.0-255,66,99916,13,283242
27666,0.001217,74.125.130.0-255,5738,105654,13,283242
27667,0.00122,172.31.36.0-255,66,105720,13,283242
27668,0.001233,74.125.130.0-255,4320,110040,13,283242
27669,0.001235,172.31.36.0-255,66,110106,13,283242
27670,0.001239,74.125.130.0-255,1484,111590,13,283242
27671,0.00127,74.125.130.0-255,9992,121582,13,283242
27672,0.001273,172.31.36.0-255,66,121648,13,283242
27673,0.001277,74.125.130.0-255,2184,123832,13,283242
27674,0.001279,172.31.36.0-255,66,123898,13,283242
27675,0.001634,74.125.130.0-255,1484,125382,13,283242
27676,0.001652,74.125.130.0-255,2902,128284,13,283242
27677,0.001656,172.31.36.0-255,66,128350,13,283242
27678,0.001662,74.125.130.0-255,5738,134088,13,283242
27679,0.001664,172.31.36.0-255,66,134154,13,283242
27680,0.001667,74.125.130.0-255,1484,135638,13,283242
27681,0.001699,74.125.130.0-255,5738,141376,13,283242
27682,0.001701,172.31.36.0-255,66,141442,13,283242
27683,0.001718,74.125.130.0-255,2902,144344,13,283242
27684,0.00172,172.31.36.0-255,66,144410,13,283242
27685,0.001724,74.125.130.0-255,2902,147312,13,283242
27686,0.001726,172.31.36.0-255,66,147378,13,283242
27687,0.001748,74.125.130.0-255,8574,155952,13,283242
27688,0.00175,172.31.36.0-255,66,156018,13,283242
27689,0.001769,74.125.130.0-255,2184,158202,13,283242
27690,0.001771,172.31.36.0-255,66,158268,13,283242
27691,0.001988,74.125.130.0-255,1484,159752,13,283242
27692,0.002001,74.125.130.0-255,2902,162654,13,283242
27693,0.002003,172.31.36.0-255,66,162720,13,283242
27694,0.002035,74.125.130.0-255,4320,167040,13,283242
27695,0.002038,172.31.36.0-255,66,167106,13,283242
27696,0.002061,74.125.130.0-255,5738,172844,13,283242
27697,0.002063,172.31.36.0-255,66,172910,13,283242
27698,0.002076,74.125.130.0-255,4320,177230,13,283242
27699,0.002078,172.31.36.0-255,66,177296,13,283242
27700,0.0021,74.125.130.0-255,4320,181616,13,283242
27701,0.002102,172.31.36.0-255,66,181682,13,283242
27702,0.00211,74.125.130.0-255,9992,191674,13,283242
27703,0.002112,172.31.36.0-255,66,191740,13,283242
27704,0.002133,74.125.130.0-255,2184,193924,13,283242
27705,0.002135,172.31.36.0-255,66,193990,13,283242
27706,0.002138,74.125.130.0-255,2902,196892,13,283242
27707,0.00214,172.31.36.0-255,66,196958,13,283242
27708,0.002156,74.125.130.0-255,5738,202696,13,283242
27709,0.002158,172.31.36.0-255,66,202762,13,283242
27710,0.002168,74.125.130.0-255,1484,204246,13,283242
27711,0.002171,74.125.130.0-255,1484,205730,13,283242
27712,0.002173,172.31.36.0-255,66,205796,13,283242
27713,0.002208,74.125.130.0-255,5738,211534,13,283242
27714,0.002212,172.31.36.0-255,66,211600,13,283242
27715,0.00222,74.125.130.0-255,8574,220174,13,283242
27716,0.002223,172.31.36.0-255,66,220240,13,283242
27717,0.002262,74.125.130.0-255,1484,221724,13,283242
27718,0.002286,74.125.130.0-255,5020,226744,13,283242
27719,0.00229,172.31.36.0-255,66,226810,13,283242
27720,0.002312,74.125.130.0-255,1484,228294,13,283242
27721,0.002317,74.125.130.0-255,2902,231196,13,283242
27722,0.00232,172.31.36.0-255,66,231262,13,283242
27723,0.002325,74.125.130.0-255,4320,235582,13,283242
27724,0.002329,172.31.36.0-255,66,235648,13,283242
27725,0.002339,74.125.130.0-255,2902,238550,13,283242
27726,0.002341,172.31.36.0-255,66,238616,13,283242
27727,0.00237,74.125.130.0-255,2902,241518,13,283242
27728,0.002373,172.31.36.0-255,66,241584,13,283242
27729,0.002387,172.31.36.0-255,66,241650,13,283242
27730,0.002391,74.125.130.0-255,4320,245970,13,283242
27731,0.002394,172.31.36.0-255,66,246036,13,283242
27732,0.002435,74.125.130.0-255,3602,249638,13,283242
27733,0.002439,172.31.36.0-255,66,249704,13,283242
27734,0.004949,74.125.130.0-255,1484,251188,13,283242
27735,0.004986,74.125.130.0-255,2902,254090,13,283242
27736,0.00499,172.31.36.0-255,66,254156,13,283242
27737,0.005008,74.125.130.0-255,1484,255640,13,283242
27738,0.007551,74.125.130.0-255,4320,259960,13,283242
27739,0.007558,172.31.36.0-255,66,260026,13,283242
27740,0.010121,74.125.130.0-255,5738,265764,13,283242
27741,0.010128,172.31.36.0-255,66,265830,13,283242
27742,0.012704,74.125.130.0-255,5738,271568,13,283242
27743,0.012712,172.31.36.0-255,66,271634,13,283242
27744,0.015287,74.125.130.0-255,5738,277372,13,283242
27745,0.015296,172.31.36.0-255,66,277438,13,283242
27746,0.01787,74.125.130.0-255,5738,283176,13,283242
27747,0.017879,172.31.36.0-255,66,283242,13,283242
27748,0.0,172.217.194.0-255,150,150,13,322344
27749,3.2e-05,172.31.36.0-255,66,216,13,322344
27750,3.9e-05,172.217.194.0-255,1484,1700,13,322344
27751,4.4e-05,172.31.36.0-255,66,1766,13,322344
27752,4.9e-05,172.217.194.0-255,2902,4668,13,322344
27753,5.1e-05,172.31.36.0-255,66,4734,13,322344
27754,5.9e-05,172.217.194.0-255,7156,11890,13,322344
27755,6.2e-05,172.31.36.0-255,66,11956,13,322344
27756,6.5e-05,172.217.194.0-255,2047,14003,13,322344
27757,6.8e-05,172.31.36.0-255,66,14069,13,322344
27758,0.000159,172.217.194.0-255,1484,15553,13,322344
27759,0.000164,172.31.36.0-255,66,15619,13,322344
27760,0.000168,172.217.194.0-255,1484,17103,13,322344
27761,0.00017,172.31.36.0-255,66,17169,13,322344
27762,0.000193,172.217.194.0-255,1484,18653,13,322344
27763,0.000195,172.31.36.0-255,66,18719,13,322344
27764,0.000202,172.217.194.0-255,5738,24457,13,322344
27765,0.000205,172.31.36.0-255,66,24523,13,322344
27766,0.000214,172.217.194.0-255,9992,34515,13,322344
27767,0.000216,172.31.36.0-255,66,34581,13,322344
27768,0.000248,172.217.194.0-255,3961,38542,13,322344
27769,0.000252,172.31.36.0-255,66,38608,13,322344
27770,0.000264,172.31.36.0-255,66,38674,13,322344
27771,0.000278,172.217.194.0-255,2902,41576,13,322344
27772,0.000281,172.31.36.0-255,66,41642,13,322344
27773,0.000316,172.31.36.0-255,66,41708,13,322344
27774,0.000319,172.217.194.0-255,363,42071,13,322344
27775,0.000321,172.31.36.0-255,66,42137,13,322344
27776,0.000421,172.217.194.0-255,1484,43621,13,322344
27777,0.000424,172.31.36.0-255,66,43687,13,322344
27778,0.00043,172.217.194.0-255,2902,46589,13,322344
27779,0.000437,172.31.36.0-255,66,46655,13,322344
27780,0.000443,172.217.194.0-255,4320,50975,13,322344
27781,0.000445,172.31.36.0-255,66,51041,13,322344
27782,0.00046,172.217.194.0-255,1484,52525,13,322344
27783,0.000468,172.217.194.0-255,7156,59681,13,322344
27784,0.000471,172.31.36.0-255,66,59747,13,322344
27785,0.000496,172.217.194.0-255,5738,65485,13,322344
27786,0.000499,172.31.36.0-255,66,65551,13,322344
27787,0.000509,172.217.194.0-255,10692,76243,13,322344
27788,0.000512,172.31.36.0-255,66,76309,13,322344
27789,0.001221,172.217.194.0-255,1484,77793,13,322344
27790,0.00124,172.217.194.0-255,2902,80695,13,322344
27791,0.001246,172.31.36.0-255,66,80761,13,322344
27792,0.001253,172.217.194.0-255,4320,85081,13,322344
27793,0.001255,172.31.36.0-255,66,85147,13,322344
27794,0.001269,172.217.194.0-255,1484,86631,13,322344
27795,0.0013,172.31.36.0-255,66,86697,13,322344
27796,0.001309,172.217.194.0-255,7156,93853,13,322344
27797,0.001311,172.31.36.0-255,66,93919,13,322344
27798,0.001349,172.217.194.0-255,4320,98239,13,322344
27799,0.001352,172.31.36.0-255,66,98305,13,322344
27800,0.001387,172.31.36.0-255,66,98371,13,322344
27801,0.001405,172.217.194.0-255,5738,104109,13,322344
27802,0.001408,172.31.36.0-255,66,104175,13,322344
27803,0.001436,172.217.194.0-255,8574,112749,13,322344
27804,0.001439,172.31.36.0-255,66,112815,13,322344
27805,0.001457,172.217.194.0-255,3602,116417,13,322344
27806,0.00146,172.31.36.0-255,66,116483,13,322344
27807,0.001536,172.217.194.0-255,1484,117967,13,322344
27808,0.001542,172.217.194.0-255,2902,120869,13,322344
27809,0.001546,172.31.36.0-255,66,120935,13,322344
27810,0.001566,172.217.194.0-255,5738,126673,13,322344
27811,0.00157,172.31.36.0-255,66,126739,13,322344
27812,0.001607,172.31.36.0-255,66,126805,13,322344
27813,0.001621,172.217.194.0-255,1484,128289,13,322344
27814,0.001627,172.217.194.0-255,5738,134027,13,322344
27815,0.001629,172.31.36.0-255,66,134093,13,322344
27816,0.001651,172.217.194.0-255,5020,139113,13,322344
27817,0.001653,172.31.36.0-255,66,139179,13,322344
27818,0.00197,172.217.194.0-255,1484,140663,13,322344
27819,0.001991,172.217.194.0-255,2902,143565,13,322344
27820,0.001993,172.31.36.0-255,66,143631,13,322344
27821,0.002016,172.217.194.0-255,5738,149369,13,322344
27822,0.002018,172.31.36.0-255,66,149435,13,322344
27823,0.002031,172.217.194.0-255,1484,150919,13,322344
27824,0.002042,172.217.194.0-255,1484,152403,13,322344
27825,0.002044,172.31.36.0-255,66,152469,13,322344
27826,0.002058,172.217.194.0-255,4320,156789,13,322344
27827,0.002061,172.31.36.0-255,66,156855,13,322344
27828,0.002064,172.217.194.0-255,1484,158339,13,322344
27829,0.002085,172.217.194.0-255,9992,168331,13,322344
27830,0.002088,172.31.36.0-255,66,168397,13,322344
27831,0.002119,172.217.194.0-255,5020,173417,13,322344
27832,0.002122,172.31.36.0-255,66,173483,13,322344
27833,0.002152,172.217.194.0-255,2902,176385,13,322344
27834,0.002154,172.31.36.0-255,66,176451,13,322344
27835,0.002171,172.217.194.0-255,2902,179353,13,322344
27836,0.002173,172.31.36.0-255,66,179419,13,322344
27837,0.002177,172.217.194.0-255,2902,182321,13,322344
27838,0.00218,172.31.36.0-255,66,182387,13,322344
27839,0.00225,172.217.194.0-255,4320,186707,13,322344
27840,0.002253,172.31.36.0-255,66,186773,13,322344
27841,0.002272,172.217.194.0-255,5738,192511,13,322344
27842,0.002274,172.31.36.0-255,66,192577,13,322344
27843,0.002285,172.217.194.0-255,1484,194061,13,322344
27844,0.00231,172.217.194.0-255,8574,202635,13,322344
27845,0.002313,172.31.36.0-255,66,202701,13,322344
27846,0.002327,172.217.194.0-255,5020,207721,13,322344
27847,0.002329,172.31.36.0-255,66,207787,13,322344
27848,0.002538,172.217.194.0-255,1484,209271,13,322344
27849,0.002542,172.217.194.0-255,1484,210755,13,322344
27850,0.002544,172.31.36.0-255,66,210821,13,322344
27851,0.002556,172.217.194.0-255,1484,212305,13,322344
27852,0.002573,172.217.194.0-255,4320,216625,13,322344
27853,0.002575,172.31.36.0-255,66,216691,13,322344
27854,0.002589,172.217.194.0-255,1484,218175,13,322344
27855,0.002595,172.217.194.0-255,5738,223913,13,322344
27856,0.002597,172.31.36.0-255,66,223979,13,322344
27857,0.002619,172.217.194.0-255,4320,228299,13,322344
27858,0.002621,172.31.36.0-255,66,228365,13,322344
27859,0.002624,172.217.194.0-255,1484,229849,13,322344
27860,0.002632,172.217.194.0-255,9992,239841,13,322344
27861,0.002634,172.31.36.0-255,66,239907,13,322344
27862,0.002666,172.217.194.0-255,2184,242091,13,322344
27863,0.002668,172.31.36.0-255,66,242157,13,322344
27864,0.002719,172.217.194.0-255,1484,243641,13,322344
27865,0.002731,172.217.194.0-255,1484,245125,13,322344
27866,0.002733,172.31.36.0-255,66,245191,13,322344
27867,0.002749,172.217.194.0-255,1484,246675,13,322344
27868,0.002751,172.217.194.0-255,1484,248159,13,322344
27869,0.002753,172.31.36.0-255,66,248225,13,322344
27870,0.002771,172.217.194.0-255,1484,249709,13,322344
27871,0.002775,172.217.194.0-255,2902,252611,13,322344
27872,0.002777,172.31.36.0-255,66,252677,13,322344
27873,0.002793,172.217.194.0-255,1484,254161,13,322344
27874,0.002795,172.217.194.0-255,1484,255645,13,322344
27875,0.002798,172.31.36.0-255,66,255711,13,322344
27876,0.002801,172.217.194.0-255,2902,258613,13,322344
27877,0.002803,172.31.36.0-255,66,258679,13,322344
27878,0.002823,172.217.194.0-255,4320,262999,13,322344
27879,0.002826,172.31.36.0-255,66,263065,13,322344
27880,0.002832,172.217.194.0-255,7156,270221,13,322344
27881,0.002835,172.31.36.0-255,66,270287,13,322344
27882,0.002839,172.217.194.0-255,4320,274607,13,322344
27883,0.002841,172.31.36.0-255,66,274673,13,322344
27884,0.002858,172.217.194.0-255,2184,276857,13,322344
27885,0.002861,172.31.36.0-255,66,276923,13,322344
27886,0.002892,172.217.194.0-255,1484,278407,13,322344
27887,0.002911,172.217.194.0-255,2902,281309,13,322344
27888,0.002913,172.31.36.0-255,66,281375,13,322344
27889,0.002933,172.217.194.0-255,5738,287113,13,322344
27890,0.002935,172.31.36.0-255,66,287179,13,322344
27891,0.002939,172.217.194.0-255,4320,291499,13,322344
27892,0.002941,172.31.36.0-255,66,291565,13,322344
27893,0.002973,172.217.194.0-255,4320,295885,13,322344
27894,0.002975,172.31.36.0-255,66,295951,13,322344
27895,0.002978,172.217.194.0-255,1484,297435,13,322344
27896,0.002995,172.217.194.0-255,5738,303173,13,322344
27897,0.002997,172.31.36.0-255,66,303239,13,322344
27898,0.003028,172.217.194.0-255,7856,311095,13,322344
27899,0.00303,172.31.36.0-255,66,311161,13,322344
27900,0.003033,172.217.194.0-255,1484,312645,13,322344
27901,0.003078,172.217.194.0-255,5738,318383,13,322344
27902,0.00308,172.31.36.0-255,66,318449,13,322344
27903,0.003092,172.217.194.0-255,2899,321348,13,322344
27904,0.003094,172.31.36.0-255,66,321414,13,322344
27905,0.003109,172.217.194.0-255,105,321519,13,322344
27906,0.003167,172.217.194.0-255,129,321648,13,322344
27907,0.008923,172.31.36.0-255,105,321753,13,322344
27908,0.008949,172.31.36.0-255,105,321858,13,322344
27909,0.009166,172.31.36.0-255,90,321948,13,322344
27910,0.009176,172.31.36.0-255,66,322014,13,322344
27911,0.011428,172.217.194.0-255,66,322080,13,322344
27912,0.011439,172.217.194.0-255,66,322146,13,322344
27913,0.011661,172.217.194.0-255,66,322212,13,322344
27914,0.011925,172.217.194.0-255,66,322278,13,322344
27915,0.011935,172.31.36.0-255,66,322344,13,322344
27916,0.0,172.217.24.0-255,296,296,13,172987
27917,2e-05,172.31.36.0-255,66,362,13,172987
27918,2.6e-05,172.217.24.0-255,1484,1846,13,172987
27919,3e-05,172.31.36.0-255,66,1912,13,172987
27920,3.7e-05,172.217.24.0-255,4320,6232,13,172987
27921,4e-05,172.31.36.0-255,66,6298,13,172987
27922,5e-05,172.217.24.0-255,8893,15191,13,172987
27923,5.3e-05,172.31.36.0-255,66,15257,13,172987
27924,8e-05,172.217.24.0-255,5738,20995,13,172987
27925,8.3e-05,172.31.36.0-255,66,21061,13,172987
27926,9.2e-05,172.217.24.0-255,7156,28217,13,172987
27927,9.5e-05,172.31.36.0-255,66,28283,13,172987
27928,9.9e-05,172.217.24.0-255,2543,30826,13,172987
27929,0.000101,172.31.36.0-255,66,30892,13,172987
27930,0.000244,172.217.24.0-255,1484,32376,13,172987
27931,0.000248,172.31.36.0-255,66,32442,13,172987
27932,0.000253,172.217.24.0-255,1484,33926,13,172987
27933,0.000255,172.31.36.0-255,66,33992,13,172987
27934,0.000268,172.217.24.0-255,1484,35476,13,172987
27935,0.000271,172.31.36.0-255,66,35542,13,172987
27936,0.000278,172.217.24.0-255,4320,39862,13,172987
27937,0.000281,172.31.36.0-255,66,39928,13,172987
27938,0.000301,172.217.24.0-255,1484,41412,13,172987
27939,0.000303,172.31.36.0-255,66,41478,13,172987
27940,0.000311,172.217.24.0-255,6797,48275,13,172987
27941,0.000314,172.31.36.0-255,66,48341,13,172987
27942,0.000318,172.217.24.0-255,2902,51243,13,172987
27943,0.00032,172.31.36.0-255,66,51309,13,172987
27944,0.000334,172.217.24.0-255,4320,55629,13,172987
27945,0.000337,172.31.36.0-255,66,55695,13,172987
27946,0.00037,172.217.24.0-255,9906,65601,13,172987
27947,0.000372,172.31.36.0-255,66,65667,13,172987
27948,0.001017,172.217.24.0-255,136,65803,13,172987
27949,0.001031,172.31.36.0-255,66,65869,13,172987
27950,0.001303,172.217.24.0-255,1484,67353,13,172987
27951,0.001314,172.217.24.0-255,2902,70255,13,172987
27952,0.001318,172.31.36.0-255,66,70321,13,172987
27953,0.001342,172.217.24.0-255,5738,76059,13,172987
27954,0.001345,172.31.36.0-255,66,76125,13,172987
27955,0.001362,172.217.24.0-255,5738,81863,13,172987
27956,0.001365,172.31.36.0-255,66,81929,13,172987
27957,0.001387,172.217.24.0-255,1125,83054,13,172987
27958,0.001394,172.217.24.0-255,7156,90210,13,172987
27959,0.001397,172.31.36.0-255,66,90276,13,172987
27960,0.001416,172.217.24.0-255,2902,93178,13,172987
27961,0.001419,172.31.36.0-255,66,93244,13,172987
27962,0.001445,172.217.24.0-255,6797,100041,13,172987
27963,0.001447,172.31.36.0-255,66,100107,13,172987
27964,0.001893,172.217.24.0-255,1484,101591,13,172987
27965,0.001902,172.217.24.0-255,2902,104493,13,172987
27966,0.001907,172.31.36.0-255,66,104559,13,172987
27967,0.001913,172.217.24.0-255,2902,107461,13,172987
27968,0.001915,172.31.36.0-255,66,107527,13,172987
27969,0.001921,172.217.24.0-255,4320,111847,13,172987
27970,0.001922,172.31.36.0-255,66,111913,13,172987
27971,0.001929,172.217.24.0-255,4320,116233,13,172987
27972,0.001931,172.31.36.0-255,66,116299,13,172987
27973,0.001952,172.217.24.0-255,4320,120619,13,172987
27974,0.001955,172.31.36.0-255,66,120685,13,172987
27975,0.001997,172.31.36.0-255,66,120751,13,172987
27976,0.003954,172.217.24.0-255,5738,126489,13,172987
27977,0.00396,172.31.36.0-255,66,126555,13,172987
27978,0.00591,172.217.24.0-255,5738,132293,13,172987
27979,0.005914,172.31.36.0-255,66,132359,13,172987
27980,0.007871,172.217.24.0-255,5738,138097,13,172987
27981,0.007878,172.31.36.0-255,66,138163,13,172987
27982,0.009847,172.217.24.0-255,5738,143901,13,172987
27983,0.009854,172.31.36.0-255,66,143967,13,172987
27984,0.011816,172.217.24.0-255,5738,149705,13,172987
27985,0.011824,172.31.36.0-255,66,149771,13,172987
27986,0.013787,172.217.24.0-255,5738,155509,13,172987
27987,0.013795,172.31.36.0-255,66,155575,13,172987
27988,0.015755,172.217.24.0-255,5738,161313,13,172987
27989,0.015763,172.31.36.0-255,66,161379,13,172987
27990,0.017729,172.217.24.0-255,5738,167117,13,172987
27991,0.017738,172.31.36.0-255,66,167183,13,172987
27992,0.019712,172.217.24.0-255,5738,172921,13,172987
27993,0.019722,172.31.36.0-255,66,172987,13,172987
27994,0.0,74.125.24.0-255,152,152,13,172826
27995,2.5e-05,172.31.36.0-255,66,218,13,172826
27996,3.1e-05,74.125.24.0-255,1484,1702,13,172826
27997,3.5e-05,172.31.36.0-255,66,1768,13,172826
27998,5.6e-05,74.125.24.0-255,1484,3252,13,172826
27999,5.8e-05,172.31.36.0-255,66,3318,13,172826
28000,8.4e-05,74.125.24.0-255,1484,4802,13,172826
28001,8.7e-05,172.31.36.0-255,66,4868,13,172826
28002,9.2e-05,74.125.24.0-255,2902,7770,13,172826
28003,9.4e-05,172.31.36.0-255,66,7836,13,172826
28004,0.000112,74.125.24.0-255,2902,10738,13,172826
28005,0.00012,172.31.36.0-255,66,10804,13,172826
28006,0.000144,74.125.24.0-255,1484,12288,13,172826
28007,0.000147,172.31.36.0-255,66,12354,13,172826
28008,0.000173,74.125.24.0-255,9194,21548,13,172826
28009,0.000176,172.31.36.0-255,66,21614,13,172826
28010,0.000184,74.125.24.0-255,7156,28770,13,172826
28011,0.000187,172.31.36.0-255,66,28836,13,172826
28012,0.000221,74.125.24.0-255,1484,30320,13,172826
28013,0.000229,172.31.36.0-255,66,30386,13,172826
28014,0.000268,172.31.36.0-255,66,30452,13,172826
28015,0.000278,74.125.24.0-255,3602,34054,13,172826
28016,0.00028,172.31.36.0-255,66,34120,13,172826
28017,0.000802,74.125.24.0-255,1484,35604,13,172826
28018,0.000809,172.31.36.0-255,66,35670,13,172826
28019,0.000819,74.125.24.0-255,2902,38572,13,172826
28020,0.000821,172.31.36.0-255,66,38638,13,172826
28021,0.000835,74.125.24.0-255,5738,44376,13,172826
28022,0.000839,172.31.36.0-255,66,44442,13,172826
28023,0.00091,74.125.24.0-255,7071,51513,13,172826
28024,0.000916,172.31.36.0-255,66,51579,13,172826
28025,0.001564,74.125.24.0-255,131,51710,13,172826
28026,0.001596,172.31.36.0-255,66,51776,13,172826
28027,0.001607,74.125.24.0-255,1484,53260,13,172826
28028,0.001633,74.125.24.0-255,2902,56162,13,172826
28029,0.001636,172.31.36.0-255,66,56228,13,172826
28030,0.001642,74.125.24.0-255,5738,61966,13,172826
28031,0.001644,172.31.36.0-255,66,62032,13,172826
28032,0.001656,74.125.24.0-255,5738,67770,13,172826
28033,0.001658,172.31.36.0-255,66,67836,13,172826
28034,0.001685,74.125.24.0-255,1484,69320,13,172826
28035,0.001695,74.125.24.0-255,9992,79312,13,172826
28036,0.001697,172.31.36.0-255,66,79378,13,172826
28037,0.001724,74.125.24.0-255,4320,83698,13,172826
28038,0.001727,172.31.36.0-255,66,83764,13,172826
28039,0.001731,74.125.24.0-255,2184,85948,13,172826
28040,0.001733,172.31.36.0-255,66,86014,13,172826
28041,0.002041,74.125.24.0-255,1484,87498,13,172826
28042,0.002057,74.125.24.0-255,2902,90400,13,172826
28043,0.002061,172.31.36.0-255,66,90466,13,172826
28044,0.002068,74.125.24.0-255,5738,96204,13,172826
28045,0.00207,172.31.36.0-255,66,96270,13,172826
28046,0.002138,172.31.36.0-255,66,96336,13,172826
28047,0.00215,172.31.36.0-255,66,96402,13,172826
28048,0.002182,74.125.24.0-255,766,97168,13,172826
28049,0.00219,74.125.24.0-255,8574,105742,13,172826
28050,0.002192,172.31.36.0-255,66,105808,13,172826
28051,0.002196,74.125.24.0-255,1484,107292,13,172826
28052,0.002218,74.125.24.0-255,8574,115866,13,172826
28053,0.00222,172.31.36.0-255,66,115932,13,172826
28054,0.002242,74.125.24.0-255,8574,124506,13,172826
28055,0.002245,172.31.36.0-255,66,124572,13,172826
28056,0.002272,74.125.24.0-255,4320,128892,13,172826
28057,0.002275,172.31.36.0-255,66,128958,13,172826
28058,0.002279,74.125.24.0-255,2184,131142,13,172826
28059,0.002281,172.31.36.0-255,66,131208,13,172826
28060,0.004595,74.125.24.0-255,2902,134110,13,172826
28061,0.004601,172.31.36.0-255,66,134176,13,172826
28062,0.004642,74.125.24.0-255,2902,137078,13,172826
28063,0.004645,172.31.36.0-255,66,137144,13,172826
28064,0.006938,74.125.24.0-255,2902,140046,13,172826
28065,0.006945,172.31.36.0-255,66,140112,13,172826
28066,0.007021,74.125.24.0-255,2902,143014,13,172826
28067,0.007026,172.31.36.0-255,66,143080,13,172826
28068,0.009336,74.125.24.0-255,2902,145982,13,172826
28069,0.009343,172.31.36.0-255,66,146048,13,172826
28070,0.009376,74.125.24.0-255,2902,148950,13,172826
28071,0.009381,172.31.36.0-255,66,149016,13,172826
28072,0.011694,74.125.24.0-255,2902,151918,13,172826
28073,0.011707,172.31.36.0-255,66,151984,13,172826
28074,0.011759,74.125.24.0-255,2902,154886,13,172826
28075,0.011765,172.31.36.0-255,66,154952,13,172826
28076,0.014048,74.125.24.0-255,2902,157854,13,172826
28077,0.014058,172.31.36.0-255,66,157920,13,172826
28078,0.014149,74.125.24.0-255,2902,160822,13,172826
28079,0.014154,172.31.36.0-255,66,160888,13,172826
28080,0.016403,74.125.24.0-255,2902,163790,13,172826
28081,0.01641,172.31.36.0-255,66,163856,13,172826
28082,0.016478,74.125.24.0-255,1484,165340,13,172826
28083,0.016495,74.125.24.0-255,1484,166824,13,172826
28084,0.016498,172.31.36.0-255,66,166890,13,172826
28085,0.018737,74.125.24.0-255,2902,169792,13,172826
28086,0.018744,172.31.36.0-255,66,169858,13,172826
28087,0.018822,74.125.24.0-255,2902,172760,13,172826
28088,0.018827,172.31.36.0-255,66,172826,13,172826
28089,0.0,172.217.194.0-255,143,143,13,200380
28090,4.9e-05,172.31.36.0-255,66,209,13,200380
28091,5.7e-05,172.217.194.0-255,1484,1693,13,200380
28092,6.1e-05,172.31.36.0-255,66,1759,13,200380
28093,6.5e-05,172.217.194.0-255,2902,4661,13,200380
28094,6.8e-05,172.31.36.0-255,66,4727,13,200380
28095,7.5e-05,172.217.194.0-255,7156,11883,13,200380
28096,7.8e-05,172.31.36.0-255,66,11949,13,200380
28097,8.2e-05,172.217.194.0-255,2029,13978,13,200380
28098,8.5e-05,172.31.36.0-255,66,14044,13,200380
28099,0.0001,172.31.36.0-255,66,14110,13,200380
28100,0.000104,172.217.194.0-255,2902,17012,13,200380
28101,0.000107,172.31.36.0-255,66,17078,13,200380
28102,0.000154,172.31.36.0-255,66,17144,13,200380
28103,0.000159,172.217.194.0-255,2184,19328,13,200380
28104,0.000161,172.31.36.0-255,66,19394,13,200380
28105,0.000248,172.217.194.0-255,1484,20878,13,200380
28106,0.000251,172.31.36.0-255,66,20944,13,200380
28107,0.000256,172.217.194.0-255,2902,23846,13,200380
28108,0.00026,172.31.36.0-255,66,23912,13,200380
28109,0.000267,172.217.194.0-255,5738,29650,13,200380
28110,0.000269,172.31.36.0-255,66,29716,13,200380
28111,0.000315,172.217.194.0-255,7122,36838,13,200380
28112,0.000319,172.31.36.0-255,66,36904,13,200380
28113,0.000353,172.217.194.0-255,5738,42642,13,200380
28114,0.000356,172.31.36.0-255,66,42708,13,200380
28115,0.000382,172.217.194.0-255,7156,49864,13,200380
28116,0.000385,172.31.36.0-255,66,49930,13,200380
28117,0.00039,172.217.194.0-255,4320,54250,13,200380
28118,0.000392,172.31.36.0-255,66,54316,13,200380
28119,0.000414,172.217.194.0-255,9992,64308,13,200380
28120,0.000418,172.31.36.0-255,66,64374,13,200380
28121,0.000425,172.217.194.0-255,6438,70812,13,200380
28122,0.000427,172.31.36.0-255,66,70878,13,200380
28123,0.000468,172.217.194.0-255,2902,73780,13,200380
28124,0.000474,172.31.36.0-255,66,73846,13,200380
28125,0.000504,172.217.194.0-255,9992,83838,13,200380
28126,0.000507,172.31.36.0-255,66,83904,13,200380
28127,0.000523,172.31.36.0-255,66,83970,13,200380
28128,0.000537,172.31.36.0-255,66,84036,13,200380
28129,0.000588,172.31.36.0-255,66,84102,13,200380
28130,0.000609,172.217.194.0-255,2184,86286,13,200380
28131,0.000613,172.31.36.0-255,66,86352,13,200380
28132,0.00062,172.217.194.0-255,7156,93508,13,200380
28133,0.000622,172.31.36.0-255,66,93574,13,200380
28134,0.000677,172.31.36.0-255,66,93640,13,200380
28135,0.000941,172.217.194.0-255,1484,95124,13,200380
28136,0.000964,172.217.194.0-255,2902,98026,13,200380
28137,0.000967,172.31.36.0-255,66,98092,13,200380
28138,0.000974,172.217.194.0-255,5738,103830,13,200380
28139,0.000977,172.31.36.0-255,66,103896,13,200380
28140,0.001015,172.31.36.0-255,66,103962,13,200380
28141,0.001021,172.217.194.0-255,4320,108282,13,200380
28142,0.001023,172.31.36.0-255,66,108348,13,200380
28143,0.001041,172.217.194.0-255,6438,114786,13,200380
28144,0.001044,172.31.36.0-255,66,114852,13,200380
28145,0.001208,172.217.194.0-255,1484,116336,13,200380
28146,0.001214,172.217.194.0-255,2902,119238,13,200380
28147,0.001217,172.31.36.0-255,66,119304,13,200380
28148,0.001255,172.217.194.0-255,2902,122206,13,200380
28149,0.001258,172.31.36.0-255,66,122272,13,200380
28150,0.001278,172.217.194.0-255,2902,125174,13,200380
28151,0.00128,172.31.36.0-255,66,125240,13,200380
28152,0.0013,172.31.36.0-255,66,125306,13,200380
28153,0.001309,172.217.194.0-255,10692,135998,13,200380
28154,0.001312,172.31.36.0-255,66,136064,13,200380
28155,0.001361,172.217.194.0-255,1484,137548,13,200380
28156,0.001366,172.217.194.0-255,2902,140450,13,200380
28157,0.001369,172.31.36.0-255,66,140516,13,200380
28158,0.001391,172.217.194.0-255,5738,146254,13,200380
28159,0.001394,172.31.36.0-255,66,146320,13,200380
28160,0.001399,172.217.194.0-255,4320,150640,13,200380
28161,0.001401,172.31.36.0-255,66,150706,13,200380
28162,0.001424,172.217.194.0-255,5738,156444,13,200380
28163,0.001428,172.31.36.0-255,66,156510,13,200380
28164,0.001432,172.217.194.0-255,2902,159412,13,200380
28165,0.001434,172.31.36.0-255,66,159478,13,200380
28166,0.001465,172.217.194.0-255,10692,170170,13,200380
28167,0.001468,172.31.36.0-255,66,170236,13,200380
28168,0.001475,172.217.194.0-255,5738,175974,13,200380
28169,0.001478,172.31.36.0-255,66,176040,13,200380
28170,0.001504,172.217.194.0-255,8574,184614,13,200380
28171,0.001507,172.31.36.0-255,66,184680,13,200380
28172,0.001519,172.31.36.0-255,66,184746,13,200380
28173,0.001548,172.217.194.0-255,8574,193320,13,200380
28174,0.001551,172.31.36.0-255,66,193386,13,200380
28175,0.001582,172.31.36.0-255,66,193452,13,200380
28176,0.001593,172.31.36.0-255,66,193518,13,200380
28177,0.00162,172.217.194.0-255,6454,199972,13,200380
28178,0.001623,172.31.36.0-255,66,200038,13,200380
28179,0.001627,172.217.194.0-255,105,200143,13,200380
28180,0.010059,172.31.36.0-255,66,200209,13,200380
28181,0.010085,172.31.36.0-255,105,200314,13,200380
28182,0.012557,172.217.194.0-255,66,200380,13,200380
28183,0.0,172.217.194.0-255,153,153,13,304997
28184,2.4e-05,172.31.36.0-255,66,219,13,304997
28185,3.1e-05,172.217.194.0-255,1484,1703,13,304997
28186,3.6e-05,172.31.36.0-255,66,1769,13,304997
28187,4.2e-05,172.217.194.0-255,2902,4671,13,304997
28188,4.5e-05,172.31.36.0-255,66,4737,13,304997
28189,5e-05,172.217.194.0-255,2902,7639,13,304997
28190,5.3e-05,172.31.36.0-255,66,7705,13,304997
28191,7.7e-05,172.217.194.0-255,2902,10607,13,304997
28192,8e-05,172.31.36.0-255,66,10673,13,304997
28193,0.000107,172.217.194.0-255,3477,14150,13,304997
28194,0.00011,172.31.36.0-255,66,14216,13,304997
28195,0.000118,172.217.194.0-255,7156,21372,13,304997
28196,0.00012,172.31.36.0-255,66,21438,13,304997
28197,0.000126,172.217.194.0-255,4320,25758,13,304997
28198,0.000128,172.31.36.0-255,66,25824,13,304997
28199,0.000147,172.217.194.0-255,5379,31203,13,304997
28200,0.000149,172.31.36.0-255,66,31269,13,304997
28201,0.00017,172.217.194.0-255,1484,32753,13,304997
28202,0.000172,172.31.36.0-255,66,32819,13,304997
28203,0.000191,172.217.194.0-255,1484,34303,13,304997
28204,0.000193,172.31.36.0-255,66,34369,13,304997
28205,0.0002,172.217.194.0-255,4320,38689,13,304997
28206,0.000202,172.31.36.0-255,66,38755,13,304997
28207,0.00021,172.217.194.0-255,8574,47329,13,304997
28208,0.000212,172.31.36.0-255,66,47395,13,304997
28209,0.000241,172.217.194.0-255,9992,57387,13,304997
28210,0.000244,172.31.36.0-255,66,57453,13,304997
28211,0.000269,172.217.194.0-255,7856,65309,13,304997
28212,0.000272,172.31.36.0-255,66,65375,13,304997
28213,0.000311,172.217.194.0-255,361,65736,13,304997
28214,0.000313,172.31.36.0-255,66,65802,13,304997
28215,0.000425,172.217.194.0-255,383,66185,13,304997
28216,0.000772,172.217.194.0-255,1484,67669,13,304997
28217,0.000777,172.31.36.0-255,66,67735,13,304997
28218,0.000783,172.217.194.0-255,2902,70637,13,304997
28219,0.000785,172.31.36.0-255,66,70703,13,304997
28220,0.000792,172.217.194.0-255,5738,76441,13,304997
28221,0.000794,172.31.36.0-255,66,76507,13,304997
28222,0.000826,172.31.36.0-255,66,76573,13,304997
28223,0.000862,172.217.194.0-255,4320,80893,13,304997
28224,0.000867,172.31.36.0-255,66,80959,13,304997
28225,0.000888,172.217.194.0-255,6438,87397,13,304997
28226,0.000891,172.31.36.0-255,66,87463,13,304997
28227,0.001013,172.217.194.0-255,1484,88947,13,304997
28228,0.001019,172.217.194.0-255,2902,91849,13,304997
28229,0.001022,172.31.36.0-255,66,91915,13,304997
28230,0.001053,172.217.194.0-255,5738,97653,13,304997
28231,0.001056,172.31.36.0-255,66,97719,13,304997
28232,0.001062,172.217.194.0-255,4320,102039,13,304997
28233,0.001064,172.31.36.0-255,66,102105,13,304997
28234,0.001073,172.217.194.0-255,8574,110679,13,304997
28235,0.001076,172.31.36.0-255,66,110745,13,304997
28236,0.001098,172.217.194.0-255,2902,113647,13,304997
28237,0.001101,172.31.36.0-255,66,113713,13,304997
28238,0.001109,172.217.194.0-255,7856,121569,13,304997
28239,0.001111,172.31.36.0-255,66,121635,13,304997
28240,0.001256,172.217.194.0-255,1484,123119,13,304997
28241,0.001262,172.217.194.0-255,2902,126021,13,304997
28242,0.001266,172.31.36.0-255,66,126087,13,304997
28243,0.001274,172.217.194.0-255,5738,131825,13,304997
28244,0.001276,172.31.36.0-255,66,131891,13,304997
28245,0.001303,172.217.194.0-255,9992,141883,13,304997
28246,0.00131,172.31.36.0-255,66,141949,13,304997
28247,0.00133,172.217.194.0-255,2902,144851,13,304997
28248,0.001332,172.31.36.0-255,66,144917,13,304997
28249,0.001343,172.217.194.0-255,10692,155609,13,304997
28250,0.001346,172.31.36.0-255,66,155675,13,304997
28251,0.001369,172.217.194.0-255,1484,157159,13,304997
28252,0.001374,172.217.194.0-255,2902,160061,13,304997
28253,0.001376,172.31.36.0-255,66,160127,13,304997
28254,0.001383,172.217.194.0-255,5738,165865,13,304997
28255,0.001385,172.31.36.0-255,66,165931,13,304997
28256,0.001406,172.217.194.0-255,1484,167415,13,304997
28257,0.001431,172.31.36.0-255,66,167481,13,304997
28258,0.001479,172.217.194.0-255,4320,171801,13,304997
28259,0.001483,172.31.36.0-255,66,171867,13,304997
28260,0.001508,172.217.194.0-255,6438,178305,13,304997
28261,0.001511,172.31.36.0-255,66,178371,13,304997
28262,0.001629,172.217.194.0-255,1484,179855,13,304997
28263,0.001636,172.217.194.0-255,2902,182757,13,304997
28264,0.001639,172.31.36.0-255,66,182823,13,304997
28265,0.001645,172.217.194.0-255,4320,187143,13,304997
28266,0.001647,172.31.36.0-255,66,187209,13,304997
28267,0.001665,172.217.194.0-255,1484,188693,13,304997
28268,0.001673,172.217.194.0-255,7156,195849,13,304997
28269,0.001675,172.31.36.0-255,66,195915,13,304997
28270,0.001679,172.217.194.0-255,2902,198817,13,304997
28271,0.001681,172.31.36.0-255,66,198883,13,304997
28272,0.001706,172.31.36.0-255,66,198949,13,304997
28273,0.00171,172.217.194.0-255,2184,201133,13,304997
28274,0.001713,172.31.36.0-255,66,201199,13,304997
28275,0.001736,172.217.194.0-255,2902,204101,13,304997
28276,0.001738,172.31.36.0-255,66,204167,13,304997
28277,0.001742,172.217.194.0-255,1484,205651,13,304997
28278,0.001763,172.217.194.0-255,5738,211389,13,304997
28279,0.001765,172.31.36.0-255,66,211455,13,304997
28280,0.001778,172.217.194.0-255,7156,218611,13,304997
28281,0.001781,172.31.36.0-255,66,218677,13,304997
28282,0.001843,172.31.36.0-255,66,218743,13,304997
28283,0.001846,172.217.194.0-255,766,219509,13,304997
28284,0.001864,172.217.194.0-255,7156,226665,13,304997
28285,0.001867,172.31.36.0-255,66,226731,13,304997
28286,0.001895,172.31.36.0-255,66,226797,13,304997
28287,0.001909,172.31.36.0-255,66,226863,13,304997
28288,0.001934,172.217.194.0-255,2184,229047,13,304997
28289,0.001936,172.31.36.0-255,66,229113,13,304997
28290,0.00194,172.217.194.0-255,1484,230597,13,304997
28291,0.001955,172.217.194.0-255,1484,232081,13,304997
28292,0.001958,172.31.36.0-255,66,232147,13,304997
28293,0.001976,172.217.194.0-255,7156,239303,13,304997
28294,0.001978,172.31.36.0-255,66,239369,13,304997
28295,0.001983,172.217.194.0-255,2902,242271,13,304997
28296,0.001985,172.31.36.0-255,66,242337,13,304997
28297,0.002014,172.217.194.0-255,8574,250911,13,304997
28298,0.002017,172.31.36.0-255,66,250977,13,304997
28299,0.002024,172.217.194.0-255,5738,256715,13,304997
28300,0.002026,172.31.36.0-255,66,256781,13,304997
28301,0.002047,172.217.194.0-255,6438,263219,13,304997
28302,0.00205,172.31.36.0-255,66,263285,13,304997
28303,0.004262,172.217.194.0-255,5738,269023,13,304997
28304,0.004269,172.31.36.0-255,66,269089,13,304997
28305,0.006482,172.217.194.0-255,5738,274827,13,304997
28306,0.006486,172.31.36.0-255,66,274893,13,304997
28307,0.008744,172.217.194.0-255,5738,280631,13,304997
28308,0.008751,172.31.36.0-255,66,280697,13,304997
28309,0.010998,172.217.194.0-255,5738,286435,13,304997
28310,0.011004,172.31.36.0-255,66,286501,13,304997
28311,0.013211,172.217.194.0-255,5738,292239,13,304997
28312,0.013219,172.31.36.0-255,66,292305,13,304997
28313,0.015468,172.217.194.0-255,5738,298043,13,304997
28314,0.015476,172.31.36.0-255,66,298109,13,304997
28315,0.017724,172.217.194.0-255,5738,303847,13,304997
28316,0.017732,172.31.36.0-255,66,303913,13,304997
28317,0.019966,172.217.194.0-255,1084,304997,13,304997
28318,0.0,172.217.194.0-255,150,150,13,136411
28319,2.2e-05,172.31.36.0-255,66,216,13,136411
28320,3e-05,172.217.194.0-255,1484,1700,13,136411
28321,3.4e-05,172.31.36.0-255,66,1766,13,136411
28322,4e-05,172.217.194.0-255,2902,4668,13,136411
28323,4.3e-05,172.31.36.0-255,66,4734,13,136411
28324,5e-05,172.217.194.0-255,5738,10472,13,136411
28325,5.3e-05,172.31.36.0-255,66,10538,13,136411
28326,8.9e-05,172.31.36.0-255,66,10604,13,136411
28327,0.000102,172.217.194.0-255,2065,12669,13,136411
28328,0.000104,172.31.36.0-255,66,12735,13,136411
28329,0.000113,172.217.194.0-255,6797,19532,13,136411
28330,0.000115,172.31.36.0-255,66,19598,13,136411
28331,0.000194,172.217.194.0-255,1484,21082,13,136411
28332,0.000197,172.31.36.0-255,66,21148,13,136411
28333,0.0002,172.217.194.0-255,1484,22632,13,136411
28334,0.000202,172.31.36.0-255,66,22698,13,136411
28335,0.000216,172.217.194.0-255,1484,24182,13,136411
28336,0.000218,172.31.36.0-255,66,24248,13,136411
28337,0.000239,172.217.194.0-255,5738,29986,13,136411
28338,0.000242,172.31.36.0-255,66,30052,13,136411
28339,0.000246,172.217.194.0-255,2902,32954,13,136411
28340,0.000248,172.31.36.0-255,66,33020,13,136411
28341,0.000273,172.217.194.0-255,9992,43012,13,136411
28342,0.000276,172.31.36.0-255,66,43078,13,136411
28343,0.000309,172.217.194.0-255,9992,53070,13,136411
28344,0.000312,172.31.36.0-255,66,53136,13,136411
28345,0.000348,172.217.194.0-255,766,53902,13,136411
28346,0.000351,172.31.36.0-255,66,53968,13,136411
28347,0.000369,172.217.194.0-255,677,54645,13,136411
28348,0.000371,172.31.36.0-255,66,54711,13,136411
28349,0.000606,172.217.194.0-255,1484,56195,13,136411
28350,0.000627,172.217.194.0-255,2902,59097,13,136411
28351,0.000632,172.31.36.0-255,66,59163,13,136411
28352,0.000655,172.217.194.0-255,1484,60647,13,136411
28353,0.000671,172.217.194.0-255,4320,64967,13,136411
28354,0.000675,172.31.36.0-255,66,65033,13,136411
28355,0.000683,172.217.194.0-255,8574,73607,13,136411
28356,0.000686,172.31.36.0-255,66,73673,13,136411
28357,0.00073,172.31.36.0-255,66,73739,13,136411
28358,0.000746,172.217.194.0-255,766,74505,13,136411
28359,0.001384,172.31.36.0-255,66,74571,13,136411
28360,0.001577,172.217.194.0-255,1484,76055,13,136411
28361,0.001587,172.217.194.0-255,2902,78957,13,136411
28362,0.001591,172.31.36.0-255,66,79023,13,136411
28363,0.001599,172.217.194.0-255,5738,84761,13,136411
28364,0.001602,172.31.36.0-255,66,84827,13,136411
28365,0.001631,172.31.36.0-255,66,84893,13,136411
28366,0.00167,172.217.194.0-255,10692,95585,13,136411
28367,0.001673,172.31.36.0-255,66,95651,13,136411
28368,0.004226,172.217.194.0-255,5738,101389,13,136411
28369,0.004232,172.31.36.0-255,66,101455,13,136411
28370,0.00679,172.217.194.0-255,5738,107193,13,136411
28371,0.006794,172.31.36.0-255,66,107259,13,136411
28372,0.009331,172.217.194.0-255,2902,110161,13,136411
28373,0.009339,172.31.36.0-255,66,110227,13,136411
28374,0.00936,172.217.194.0-255,2902,113129,13,136411
28375,0.009362,172.31.36.0-255,66,113195,13,136411
28376,0.011903,172.217.194.0-255,5738,118933,13,136411
28377,0.011911,172.31.36.0-255,66,118999,13,136411
28378,0.014476,172.217.194.0-255,5738,124737,13,136411
28379,0.014486,172.31.36.0-255,66,124803,13,136411
28380,0.017046,172.217.194.0-255,5738,130541,13,136411
28381,0.017055,172.31.36.0-255,66,130607,13,136411
28382,0.0196,172.217.194.0-255,5738,136345,13,136411
28383,0.019607,172.31.36.0-255,66,136411,13,136411
28384,0.0,172.253.118.0-255,153,153,13,209935
28385,3.6e-05,172.31.36.0-255,66,219,13,209935
28386,4.4e-05,172.253.118.0-255,1484,1703,13,209935
28387,4.8e-05,172.31.36.0-255,66,1769,13,209935
28388,6.1e-05,172.253.118.0-255,2902,4671,13,209935
28389,6.4e-05,172.31.36.0-255,66,4737,13,209935
28390,7e-05,172.253.118.0-255,4320,9057,13,209935
28391,7.3e-05,172.31.36.0-255,66,9123,13,209935
28392,8.5e-05,172.253.118.0-255,1484,10607,13,209935
28393,8.8e-05,172.31.36.0-255,66,10673,13,209935
28394,0.000112,172.253.118.0-255,3522,14195,13,209935
28395,0.000115,172.31.36.0-255,66,14261,13,209935
28396,0.000121,172.253.118.0-255,5738,19999,13,209935
28397,0.000124,172.31.36.0-255,66,20065,13,209935
28398,0.000137,172.253.118.0-255,2902,22967,13,209935
28399,0.00014,172.31.36.0-255,66,23033,13,209935
28400,0.00017,172.253.118.0-255,7156,30189,13,209935
28401,0.000173,172.31.36.0-255,66,30255,13,209935
28402,0.000177,172.253.118.0-255,1125,31380,13,209935
28403,0.00018,172.31.36.0-255,66,31446,13,209935
28404,0.000414,172.253.118.0-255,1484,32930,13,209935
28405,0.000421,172.31.36.0-255,66,32996,13,209935
28406,0.000429,172.253.118.0-255,2902,35898,13,209935
28407,0.000432,172.31.36.0-255,66,35964,13,209935
28408,0.000444,172.253.118.0-255,4320,40284,13,209935
28409,0.000448,172.31.36.0-255,66,40350,13,209935
28410,0.000479,172.253.118.0-255,9633,49983,13,209935
28411,0.000483,172.31.36.0-255,66,50049,13,209935
28412,0.000509,172.253.118.0-255,5738,55787,13,209935
28413,0.000513,172.31.36.0-255,66,55853,13,209935
28414,0.000541,172.253.118.0-255,1484,57337,13,209935
28415,0.000544,172.31.36.0-255,66,57403,13,209935
28416,0.000552,172.253.118.0-255,5738,63141,13,209935
28417,0.000554,172.31.36.0-255,66,63207,13,209935
28418,0.000597,172.253.118.0-255,2872,66079,13,209935
28419,0.000601,172.31.36.0-255,66,66145,13,209935
28420,0.000604,172.253.118.0-255,347,66492,13,209935
28421,0.000719,172.253.118.0-255,1484,67976,13,209935
28422,0.000726,172.31.36.0-255,66,68042,13,209935
28423,0.000732,172.253.118.0-255,2902,70944,13,209935
28424,0.000734,172.31.36.0-255,66,71010,13,209935
28425,0.00076,172.253.118.0-255,5738,76748,13,209935
28426,0.000763,172.31.36.0-255,66,76814,13,209935
28427,0.000772,172.253.118.0-255,8574,85388,13,209935
28428,0.000775,172.31.36.0-255,66,85454,13,209935
28429,0.000809,172.253.118.0-255,4320,89774,13,209935
28430,0.000813,172.31.36.0-255,66,89840,13,209935
28431,0.000823,172.253.118.0-255,10692,100532,13,209935
28432,0.000826,172.31.36.0-255,66,100598,13,209935
28433,0.001079,172.31.36.0-255,101,100699,13,209935
28434,0.001309,172.253.118.0-255,1484,102183,13,209935
28435,0.001332,172.253.118.0-255,2902,105085,13,209935
28436,0.001337,172.31.36.0-255,66,105151,13,209935
28437,0.001345,172.253.118.0-255,5738,110889,13,209935
28438,0.001347,172.31.36.0-255,66,110955,13,209935
28439,0.001361,172.253.118.0-255,9992,120947,13,209935
28440,0.001363,172.31.36.0-255,66,121013,13,209935
28441,0.001369,172.253.118.0-255,5738,126751,13,209935
28442,0.001372,172.31.36.0-255,66,126817,13,209935
28443,0.001413,172.253.118.0-255,5738,132555,13,209935
28444,0.001417,172.253.118.0-255,2184,134739,13,209935
28445,0.001419,172.31.36.0-255,66,134805,13,209935
28446,0.001422,172.31.36.0-255,66,134871,13,209935
28447,0.001817,172.253.118.0-255,1484,136355,13,209935
28448,0.001859,172.253.118.0-255,2902,139257,13,209935
28449,0.001863,172.31.36.0-255,66,139323,13,209935
28450,0.001905,172.253.118.0-255,4320,143643,13,209935
28451,0.00191,172.31.36.0-255,66,143709,13,209935
28452,0.001917,172.253.118.0-255,5738,149447,13,209935
28453,0.001919,172.31.36.0-255,66,149513,13,209935
28454,0.001948,172.253.118.0-255,1484,150997,13,209935
28455,0.001969,172.253.118.0-255,8574,159571,13,209935
28456,0.001973,172.31.36.0-255,66,159637,13,209935
28457,0.001982,172.253.118.0-255,1484,161121,13,209935
28458,0.002003,172.253.118.0-255,4320,165441,13,209935
28459,0.002007,172.31.36.0-255,66,165507,13,209935
28460,0.002032,172.253.118.0-255,1484,166991,13,209935
28461,0.002063,172.253.118.0-255,2184,169175,13,209935
28462,0.002066,172.31.36.0-255,66,169241,13,209935
28463,0.003344,172.253.118.0-255,66,169307,13,209935
28464,0.004355,172.253.118.0-255,5738,175045,13,209935
28465,0.004361,172.31.36.0-255,66,175111,13,209935
28466,0.006654,172.253.118.0-255,5738,180849,13,209935
28467,0.006661,172.31.36.0-255,66,180915,13,209935
28468,0.008958,172.253.118.0-255,5738,186653,13,209935
28469,0.008966,172.31.36.0-255,66,186719,13,209935
28470,0.011272,172.253.118.0-255,5738,192457,13,209935
28471,0.011281,172.31.36.0-255,66,192523,13,209935
28472,0.013578,172.253.118.0-255,5738,198261,13,209935
28473,0.013587,172.31.36.0-255,66,198327,13,209935
28474,0.015872,172.253.118.0-255,5738,204065,13,209935
28475,0.015882,172.31.36.0-255,66,204131,13,209935
28476,0.0182,172.253.118.0-255,5738,209869,13,209935
28477,0.018208,172.31.36.0-255,66,209935,13,209935
28478,0.0,172.217.194.0-255,152,152,13,238480
28479,2.4e-05,172.31.36.0-255,66,218,13,238480
28480,3.1e-05,172.217.194.0-255,1484,1702,13,238480
28481,3.6e-05,172.31.36.0-255,66,1768,13,238480
28482,5e-05,172.217.194.0-255,2902,4670,13,238480
28483,5.3e-05,172.31.36.0-255,66,4736,13,238480
28484,6.1e-05,172.217.194.0-255,5738,10474,13,238480
28485,6.4e-05,172.31.36.0-255,66,10540,13,238480
28486,6.9e-05,172.217.194.0-255,3457,13997,13,238480
28487,7.2e-05,172.31.36.0-255,66,14063,13,238480
28488,7.9e-05,172.217.194.0-255,4320,18383,13,238480
28489,8.1e-05,172.31.36.0-255,66,18449,13,238480
28490,8.8e-05,172.217.194.0-255,5738,24187,13,238480
28491,9.1e-05,172.31.36.0-255,66,24253,13,238480
28492,0.000115,172.217.194.0-255,4320,28573,13,238480
28493,0.000123,172.31.36.0-255,66,28639,13,238480
28494,0.000128,172.217.194.0-255,2543,31182,13,238480
28495,0.00013,172.31.36.0-255,66,31248,13,238480
28496,0.000162,172.217.194.0-255,1484,32732,13,238480
28497,0.000164,172.31.36.0-255,66,32798,13,238480
28498,0.000169,172.217.194.0-255,2902,35700,13,238480
28499,0.000172,172.31.36.0-255,66,35766,13,238480
28500,0.000196,172.217.194.0-255,5738,41504,13,238480
28501,0.000199,172.31.36.0-255,66,41570,13,238480
28502,0.000207,172.217.194.0-255,6797,48367,13,238480
28503,0.00021,172.31.36.0-255,66,48433,13,238480
28504,0.000256,172.217.194.0-255,5738,54171,13,238480
28505,0.00026,172.31.36.0-255,66,54237,13,238480
28506,0.000289,172.217.194.0-255,7156,61393,13,238480
28507,0.000292,172.31.36.0-255,66,61459,13,238480
28508,0.000295,172.217.194.0-255,1484,62943,13,238480
28509,0.000297,172.31.36.0-255,66,63009,13,238480
28510,0.000324,172.217.194.0-255,3187,66196,13,238480
28511,0.000327,172.31.36.0-255,66,66262,13,238480
28512,0.00053,172.217.194.0-255,1484,67746,13,238480
28513,0.000538,172.217.194.0-255,2902,70648,13,238480
28514,0.000543,172.31.36.0-255,66,70714,13,238480
28515,0.000563,172.217.194.0-255,2902,73616,13,238480
28516,0.000565,172.31.36.0-255,66,73682,13,238480
28517,0.000594,172.217.194.0-255,2902,76584,13,238480
28518,0.000598,172.31.36.0-255,66,76650,13,238480
28519,0.000607,172.217.194.0-255,8574,85224,13,238480
28520,0.000609,172.31.36.0-255,66,85290,13,238480
28521,0.000669,172.31.36.0-255,66,85356,13,238480
28522,0.000881,172.217.194.0-255,1484,86840,13,238480
28523,0.000885,172.217.194.0-255,2902,89742,13,238480
28524,0.000893,172.31.36.0-255,66,89808,13,238480
28525,0.000929,172.217.194.0-255,5738,95546,13,238480
28526,0.000932,172.31.36.0-255,66,95612,13,238480
28527,0.00095,172.31.36.0-255,66,95678,13,238480
28528,0.000961,172.217.194.0-255,10692,106370,13,238480
28529,0.000963,172.31.36.0-255,66,106436,13,238480
28530,0.001525,172.217.194.0-255,1484,107920,13,238480
28531,0.001532,172.217.194.0-255,2902,110822,13,238480
28532,0.001536,172.31.36.0-255,66,110888,13,238480
28533,0.001543,172.217.194.0-255,5738,116626,13,238480
28534,0.001545,172.31.36.0-255,66,116692,13,238480
28535,0.001585,172.217.194.0-255,8574,125266,13,238480
28536,0.001588,172.31.36.0-255,66,125332,13,238480
28537,0.001623,172.217.194.0-255,4320,129652,13,238480
28538,0.001634,172.217.194.0-255,10692,140344,13,238480
28539,0.001638,172.31.36.0-255,66,140410,13,238480
28540,0.001641,172.31.36.0-255,66,140476,13,238480
28541,0.001694,172.217.194.0-255,1484,141960,13,238480
28542,0.001717,172.217.194.0-255,2902,144862,13,238480
28543,0.00172,172.31.36.0-255,66,144928,13,238480
28544,0.001727,172.217.194.0-255,5738,150666,13,238480
28545,0.001729,172.31.36.0-255,66,150732,13,238480
28546,0.001741,172.217.194.0-255,5738,156470,13,238480
28547,0.001743,172.31.36.0-255,66,156536,13,238480
28548,0.001748,172.217.194.0-255,2902,159438,13,238480
28549,0.00175,172.31.36.0-255,66,159504,13,238480
28550,0.001794,172.217.194.0-255,9992,169496,13,238480
28551,0.001797,172.31.36.0-255,66,169562,13,238480
28552,0.001804,172.217.194.0-255,5020,174582,13,238480
28553,0.001806,172.31.36.0-255,66,174648,13,238480
28554,0.001876,172.217.194.0-255,1484,176132,13,238480
28555,0.001882,172.217.194.0-255,2902,179034,13,238480
28556,0.001885,172.31.36.0-255,66,179100,13,238480
28557,0.001891,172.217.194.0-255,5738,184838,13,238480
28558,0.001893,172.31.36.0-255,66,184904,13,238480
28559,0.001929,172.31.36.0-255,66,184970,13,238480
28560,0.001965,172.217.194.0-255,10692,195662,13,238480
28561,0.001968,172.31.36.0-255,66,195728,13,238480
28562,0.001992,172.217.194.0-255,1484,197212,13,238480
28563,0.001998,172.217.194.0-255,2902,200114,13,238480
28564,0.002001,172.31.36.0-255,66,200180,13,238480
28565,0.002004,172.217.194.0-255,1484,201664,13,238480
28566,0.002036,172.217.194.0-255,4320,205984,13,238480
28567,0.002039,172.31.36.0-255,66,206050,13,238480
28568,0.002077,172.31.36.0-255,66,206116,13,238480
28569,0.002088,172.217.194.0-255,10692,216808,13,238480
28570,0.00209,172.31.36.0-255,66,216874,13,238480
28571,0.002179,172.31.36.0-255,66,216940,13,238480
28572,0.002188,172.217.194.0-255,9274,226214,13,238480
28573,0.002203,172.31.36.0-255,66,226280,13,238480
28574,0.002313,172.217.194.0-255,2902,229182,13,238480
28575,0.002322,172.217.194.0-255,8890,238072,13,238480
28576,0.004891,172.31.36.0-255,66,238138,13,238480
28577,0.007093,172.217.194.0-255,105,238243,13,238480
28578,0.010936,172.31.36.0-255,66,238309,13,238480
28579,0.010975,172.31.36.0-255,105,238414,13,238480
28580,0.013179,172.217.194.0-255,66,238480,13,238480
28581,0.0,172.217.194.0-255,150,150,13,187015
28582,3.5e-05,172.31.36.0-255,66,216,13,187015
28583,4.2e-05,172.217.194.0-255,1484,1700,13,187015
28584,4.7e-05,172.31.36.0-255,66,1766,13,187015
28585,5.2e-05,172.217.194.0-255,2902,4668,13,187015
28586,5.4e-05,172.31.36.0-255,66,4734,13,187015
28587,6.2e-05,172.217.194.0-255,7156,11890,13,187015
28588,6.4e-05,172.31.36.0-255,66,11956,13,187015
28589,6.7e-05,172.217.194.0-255,1484,13440,13,187015
28590,7e-05,172.31.36.0-255,66,13506,13,187015
28591,8.8e-05,172.217.194.0-255,648,14154,13,187015
28592,9.3e-05,172.31.36.0-255,66,14220,13,187015
28593,0.000141,172.217.194.0-255,1484,15704,13,187015
28594,0.000144,172.31.36.0-255,66,15770,13,187015
28595,0.000152,172.217.194.0-255,2902,18672,13,187015
28596,0.000155,172.31.36.0-255,66,18738,13,187015
28597,0.000184,172.217.194.0-255,5738,24476,13,187015
28598,0.000187,172.31.36.0-255,66,24542,13,187015
28599,0.000193,172.217.194.0-255,4320,28862,13,187015
28600,0.000195,172.31.36.0-255,66,28928,13,187015
28601,0.000232,172.217.194.0-255,1484,30412,13,187015
28602,0.000234,172.31.36.0-255,66,30478,13,187015
28603,0.000254,172.217.194.0-255,8215,38693,13,187015
28604,0.000258,172.31.36.0-255,66,38759,13,187015
28605,0.000278,172.217.194.0-255,1484,40243,13,187015
28606,0.00028,172.31.36.0-255,66,40309,13,187015
28607,0.000306,172.217.194.0-255,8215,48524,13,187015
28608,0.00031,172.31.36.0-255,66,48590,13,187015
28609,0.000813,172.217.194.0-255,1484,50074,13,187015
28610,0.000818,172.31.36.0-255,66,50140,13,187015
28611,0.000828,172.217.194.0-255,2902,53042,13,187015
28612,0.000832,172.31.36.0-255,66,53108,13,187015
28613,0.000838,172.217.194.0-255,4320,57428,13,187015
28614,0.00084,172.31.36.0-255,66,57494,13,187015
28615,0.000865,172.217.194.0-255,1484,58978,13,187015
28616,0.00087,172.217.194.0-255,1484,60462,13,187015
28617,0.000873,172.31.36.0-255,66,60528,13,187015
28618,0.000915,172.217.194.0-255,5379,65907,13,187015
28619,0.000919,172.31.36.0-255,66,65973,13,187015
28620,0.001034,172.217.194.0-255,1484,67457,13,187015
28621,0.00105,172.217.194.0-255,2902,70359,13,187015
28622,0.001055,172.31.36.0-255,66,70425,13,187015
28623,0.00107,172.217.194.0-255,4320,74745,13,187015
28624,0.001073,172.31.36.0-255,66,74811,13,187015
28625,0.00109,172.217.194.0-255,4320,79131,13,187015
28626,0.001092,172.31.36.0-255,66,79197,13,187015
28627,0.001113,172.217.194.0-255,5379,84576,13,187015
28628,0.001116,172.31.36.0-255,66,84642,13,187015
28629,0.001122,172.217.194.0-255,4320,88962,13,187015
28630,0.001123,172.31.36.0-255,66,89028,13,187015
28631,0.001154,172.217.194.0-255,1484,90512,13,187015
28632,0.001175,172.217.194.0-255,8574,99086,13,187015
28633,0.001178,172.31.36.0-255,66,99152,13,187015
28634,0.001193,172.217.194.0-255,1125,100277,13,187015
28635,0.00138,172.217.194.0-255,1484,101761,13,187015
28636,0.001385,172.31.36.0-255,66,101827,13,187015
28637,0.001391,172.217.194.0-255,2902,104729,13,187015
28638,0.001393,172.31.36.0-255,66,104795,13,187015
28639,0.001424,172.217.194.0-255,5738,110533,13,187015
28640,0.001427,172.31.36.0-255,66,110599,13,187015
28641,0.001448,172.217.194.0-255,8574,119173,13,187015
28642,0.00145,172.31.36.0-255,66,119239,13,187015
28643,0.001475,172.217.194.0-255,4320,123559,13,187015
28644,0.001477,172.31.36.0-255,66,123625,13,187015
28645,0.001484,172.217.194.0-255,8574,132199,13,187015
28646,0.001487,172.31.36.0-255,66,132265,13,187015
28647,0.001502,172.217.194.0-255,2184,134449,13,187015
28648,0.001504,172.31.36.0-255,66,134515,13,187015
28649,0.003469,172.217.194.0-255,2902,137417,13,187015
28650,0.003474,172.31.36.0-255,66,137483,13,187015
28651,0.003492,172.217.194.0-255,2902,140385,13,187015
28652,0.003495,172.31.36.0-255,66,140451,13,187015
28653,0.005452,172.217.194.0-255,2902,143353,13,187015
28654,0.005457,172.31.36.0-255,66,143419,13,187015
28655,0.005477,172.217.194.0-255,2902,146321,13,187015
28656,0.005479,172.31.36.0-255,66,146387,13,187015
28657,0.007412,172.217.194.0-255,5738,152125,13,187015
28658,0.007421,172.31.36.0-255,66,152191,13,187015
28659,0.009393,172.217.194.0-255,5738,157929,13,187015
28660,0.009405,172.31.36.0-255,66,157995,13,187015
28661,0.011399,172.217.194.0-255,5738,163733,13,187015
28662,0.01141,172.31.36.0-255,66,163799,13,187015
28663,0.01341,172.217.194.0-255,5738,169537,13,187015
28664,0.013423,172.31.36.0-255,66,169603,13,187015
28665,0.015389,172.217.194.0-255,5738,175341,13,187015
28666,0.015408,172.31.36.0-255,66,175407,13,187015
28667,0.017399,172.217.194.0-255,5738,181145,13,187015
28668,0.017416,172.31.36.0-255,66,181211,13,187015
28669,0.019399,172.217.194.0-255,5738,186949,13,187015
28670,0.019416,172.31.36.0-255,66,187015,13,187015
28671,0.0,74.125.24.0-255,297,297,13,214544
28672,2.2e-05,172.31.36.0-255,66,363,13,214544
28673,2.9e-05,74.125.24.0-255,1484,1847,13,214544
28674,3.2e-05,172.31.36.0-255,66,1913,13,214544
28675,4e-05,74.125.24.0-255,4320,6233,13,214544
28676,4.3e-05,172.31.36.0-255,66,6299,13,214544
28677,5e-05,74.125.24.0-255,4320,10619,13,214544
28678,5.2e-05,172.31.36.0-255,66,10685,13,214544
28679,8.1e-05,74.125.24.0-255,4676,15361,13,214544
28680,8.4e-05,172.31.36.0-255,66,15427,13,214544
28681,9.1e-05,74.125.24.0-255,5738,21165,13,214544
28682,9.3e-05,172.31.36.0-255,66,21231,13,214544
28683,0.000121,74.125.24.0-255,9633,30864,13,214544
28684,0.000123,172.31.36.0-255,66,30930,13,214544
28685,0.000197,74.125.24.0-255,1484,32414,13,214544
28686,0.0002,172.31.36.0-255,66,32480,13,214544
28687,0.000204,74.125.24.0-255,2902,35382,13,214544
28688,0.000206,172.31.36.0-255,66,35448,13,214544
28689,0.000217,74.125.24.0-255,1484,36932,13,214544
28690,0.000219,172.31.36.0-255,66,36998,13,214544
28691,0.000241,74.125.24.0-255,4320,41318,13,214544
28692,0.000243,172.31.36.0-255,66,41384,13,214544
28693,0.000245,74.125.24.0-255,1484,42868,13,214544
28694,0.000247,172.31.36.0-255,66,42934,13,214544
28695,0.000272,172.31.36.0-255,66,43000,13,214544
28696,0.000281,74.125.24.0-255,8574,51574,13,214544
28697,0.000284,172.31.36.0-255,66,51640,13,214544
28698,0.000315,74.125.24.0-255,1480,53120,13,214544
28699,0.000317,172.31.36.0-255,66,53186,13,214544
28700,0.000342,74.125.24.0-255,332,53518,13,214544
28701,0.000345,172.31.36.0-255,66,53584,13,214544
28702,0.000597,74.125.24.0-255,1484,55068,13,214544
28703,0.000616,74.125.24.0-255,2902,57970,13,214544
28704,0.00062,172.31.36.0-255,66,58036,13,214544
28705,0.000627,74.125.24.0-255,5738,63774,13,214544
28706,0.00063,172.31.36.0-255,66,63840,13,214544
28707,0.000637,74.125.24.0-255,5738,69578,13,214544
28708,0.000639,172.31.36.0-255,66,69644,13,214544
28709,0.000669,74.125.24.0-255,7156,76800,13,214544
28710,0.000672,172.31.36.0-255,66,76866,13,214544
28711,0.0007,74.125.24.0-255,10692,87558,13,214544
28712,0.000703,172.31.36.0-255,66,87624,13,214544
28713,0.00116,74.125.24.0-255,1484,89108,13,214544
28714,0.001166,74.125.24.0-255,2902,92010,13,214544
28715,0.001169,74.125.24.0-255,2902,94912,13,214544
28716,0.001175,172.31.36.0-255,66,94978,13,214544
28717,0.001185,172.31.36.0-255,66,95044,13,214544
28718,0.00119,74.125.24.0-255,2902,97946,13,214544
28719,0.001192,172.31.36.0-255,66,98012,13,214544
28720,0.001222,172.31.36.0-255,66,98078,13,214544
28721,0.00123,74.125.24.0-255,7156,105234,13,214544
28722,0.001233,172.31.36.0-255,66,105300,13,214544
28723,0.001257,74.125.24.0-255,3602,108902,13,214544
28724,0.00126,172.31.36.0-255,66,108968,13,214544
28725,0.00138,74.125.24.0-255,1484,110452,13,214544
28726,0.001401,74.125.24.0-255,2902,113354,13,214544
28727,0.001404,172.31.36.0-255,66,113420,13,214544
28728,0.00141,74.125.24.0-255,4320,117740,13,214544
28729,0.001412,172.31.36.0-255,66,117806,13,214544
28730,0.001423,74.125.24.0-255,1484,119290,13,214544
28731,0.001428,74.125.24.0-255,2902,122192,13,214544
28732,0.00143,172.31.36.0-255,66,122258,13,214544
28733,0.001451,74.125.24.0-255,5738,127996,13,214544
28734,0.001454,172.31.36.0-255,66,128062,13,214544
28735,0.00148,74.125.24.0-255,2902,130964,13,214544
28736,0.001482,172.31.36.0-255,66,131030,13,214544
28737,0.001512,172.31.36.0-255,66,131096,13,214544
28738,0.001618,74.125.24.0-255,1484,132580,13,214544
28739,0.001634,74.125.24.0-255,2902,135482,13,214544
28740,0.001636,172.31.36.0-255,66,135548,13,214544
28741,0.001657,74.125.24.0-255,4320,139868,13,214544
28742,0.00166,172.31.36.0-255,66,139934,13,214544
28743,0.001667,74.125.24.0-255,1484,141418,13,214544
28744,0.001711,74.125.24.0-255,2902,144320,13,214544
28745,0.001714,172.31.36.0-255,66,144386,13,214544
28746,0.001731,74.125.24.0-255,5738,150124,13,214544
28747,0.001733,172.31.36.0-255,66,150190,13,214544
28748,0.001745,172.31.36.0-255,66,150256,13,214544
28749,0.001765,74.125.24.0-255,2184,152440,13,214544
28750,0.001768,172.31.36.0-255,66,152506,13,214544
28751,0.00177,74.125.24.0-255,1484,153990,13,214544
28752,0.001783,74.125.24.0-255,2902,156892,13,214544
28753,0.001785,172.31.36.0-255,66,156958,13,214544
28754,0.001813,74.125.24.0-255,5738,162696,13,214544
28755,0.001815,172.31.36.0-255,66,162762,13,214544
28756,0.001855,172.31.36.0-255,66,162828,13,214544
28757,0.001858,74.125.24.0-255,1484,164312,13,214544
28758,0.001885,74.125.24.0-255,5738,170050,13,214544
28759,0.001888,172.31.36.0-255,66,170116,13,214544
28760,0.001908,74.125.24.0-255,3602,173718,13,214544
28761,0.001911,172.31.36.0-255,66,173784,13,214544
28762,0.004175,74.125.24.0-255,1484,175268,13,214544
28763,0.004226,74.125.24.0-255,4320,179588,13,214544
28764,0.004231,172.31.36.0-255,66,179654,13,214544
28765,0.006547,74.125.24.0-255,1484,181138,13,214544
28766,0.006564,74.125.24.0-255,4320,185458,13,214544
28767,0.006567,172.31.36.0-255,66,185524,13,214544
28768,0.008894,74.125.24.0-255,5738,191262,13,214544
28769,0.008901,172.31.36.0-255,66,191328,13,214544
28770,0.011208,74.125.24.0-255,5738,197066,13,214544
28771,0.011217,172.31.36.0-255,66,197132,13,214544
28772,0.01354,74.125.24.0-255,5738,202870,13,214544
28773,0.013547,172.31.36.0-255,66,202936,13,214544
28774,0.015839,74.125.24.0-255,5738,208674,13,214544
28775,0.015848,172.31.36.0-255,66,208740,13,214544
28776,0.018163,74.125.24.0-255,5738,214478,13,214544
28777,0.01817,172.31.36.0-255,66,214544,13,214544
28778,0.0,172.217.194.0-255,146,146,13,204819
28779,3.3e-05,172.31.36.0-255,66,212,13,204819
28780,4.1e-05,172.217.194.0-255,1484,1696,13,204819
28781,4.5e-05,172.31.36.0-255,66,1762,13,204819
28782,5.8e-05,172.217.194.0-255,2902,4664,13,204819
28783,6.2e-05,172.31.36.0-255,66,4730,13,204819
28784,6.9e-05,172.217.194.0-255,7156,11886,13,204819
28785,7.1e-05,172.31.36.0-255,66,11952,13,204819
28786,7.7e-05,172.217.194.0-255,3453,15405,13,204819
28787,7.9e-05,172.31.36.0-255,66,15471,13,204819
28788,9.5e-05,172.31.36.0-255,66,15537,13,204819
28789,0.000102,172.217.194.0-255,1484,17021,13,204819
28790,0.000104,172.31.36.0-255,66,17087,13,204819
28791,0.00011,172.217.194.0-255,2543,19630,13,204819
28792,0.00012,172.31.36.0-255,66,19696,13,204819
28793,0.000184,172.217.194.0-255,1484,21180,13,204819
28794,0.000187,172.31.36.0-255,66,21246,13,204819
28795,0.000194,172.217.194.0-255,2902,24148,13,204819
28796,0.000199,172.31.36.0-255,66,24214,13,204819
28797,0.000202,172.217.194.0-255,2902,27116,13,204819
28798,0.000211,172.31.36.0-255,66,27182,13,204819
28799,0.000241,172.217.194.0-255,1484,28666,13,204819
28800,0.000244,172.31.36.0-255,66,28732,13,204819
28801,0.00025,172.217.194.0-255,5738,34470,13,204819
28802,0.000252,172.31.36.0-255,66,34536,13,204819
28803,0.000257,172.217.194.0-255,2543,37079,13,204819
28804,0.000259,172.31.36.0-255,66,37145,13,204819
28805,0.000295,172.217.194.0-255,2902,40047,13,204819
28806,0.000299,172.31.36.0-255,66,40113,13,204819
28807,0.000305,172.217.194.0-255,7156,47269,13,204819
28808,0.000308,172.31.36.0-255,66,47335,13,204819
28809,0.000344,172.217.194.0-255,7078,54413,13,204819
28810,0.000348,172.31.36.0-255,66,54479,13,204819
28811,0.000351,172.217.194.0-255,428,54907,13,204819
28812,0.000546,172.217.194.0-255,1484,56391,13,204819
28813,0.00055,172.31.36.0-255,66,56457,13,204819
28814,0.000554,172.217.194.0-255,1484,57941,13,204819
28815,0.000578,172.217.194.0-255,1484,59425,13,204819
28816,0.000581,172.31.36.0-255,66,59491,13,204819
28817,0.000588,172.217.194.0-255,5738,65229,13,204819
28818,0.000591,172.31.36.0-255,66,65295,13,204819
28819,0.000599,172.217.194.0-255,7156,72451,13,204819
28820,0.000601,172.31.36.0-255,66,72517,13,204819
28821,0.000632,172.217.194.0-255,5738,78255,13,204819
28822,0.000635,172.31.36.0-255,66,78321,13,204819
28823,0.000644,172.217.194.0-255,10692,89013,13,204819
28824,0.000647,172.31.36.0-255,66,89079,13,204819
28825,0.000667,172.217.194.0-255,1484,90563,13,204819
28826,0.000672,172.217.194.0-255,2902,93465,13,204819
28827,0.000675,172.31.36.0-255,66,93531,13,204819
28828,0.000722,172.217.194.0-255,5738,99269,13,204819
28829,0.000727,172.31.36.0-255,66,99335,13,204819
28830,0.000741,172.31.36.0-255,66,99401,13,204819
28831,0.000749,172.217.194.0-255,10692,110093,13,204819
28832,0.000752,172.31.36.0-255,66,110159,13,204819
28833,0.00082,172.217.194.0-255,1484,111643,13,204819
28834,0.000825,172.217.194.0-255,2902,114545,13,204819
28835,0.000829,172.31.36.0-255,66,114611,13,204819
28836,0.000835,172.217.194.0-255,5738,120349,13,204819
28837,0.000837,172.31.36.0-255,66,120415,13,204819
28838,0.000843,172.217.194.0-255,7156,127571,13,204819
28839,0.000845,172.31.36.0-255,66,127637,13,204819
28840,0.000894,172.31.36.0-255,66,127703,13,204819
28841,0.000898,172.217.194.0-255,2184,129887,13,204819
28842,0.000909,172.31.36.0-255,66,129953,13,204819
28843,0.000928,172.217.194.0-255,4320,134273,13,204819
28844,0.000934,172.31.36.0-255,66,134339,13,204819
28845,0.00095,172.217.194.0-255,1484,135823,13,204819
28846,0.000957,172.217.194.0-255,7156,142979,13,204819
28847,0.000961,172.31.36.0-255,66,143045,13,204819
28848,0.000961,172.217.194.0-255,2902,145947,13,204819
28849,0.000966,172.31.36.0-255,66,146013,13,204819
28850,0.001013,172.31.36.0-255,66,146079,13,204819
28851,0.001019,172.217.194.0-255,6438,152517,13,204819
28852,0.001027,172.31.36.0-255,66,152583,13,204819
28853,0.003061,172.217.194.0-255,5738,158321,13,204819
28854,0.003068,172.31.36.0-255,66,158387,13,204819
28855,0.005125,172.217.194.0-255,5738,164125,13,204819
28856,0.005129,172.31.36.0-255,66,164191,13,204819
28857,0.007153,172.217.194.0-255,5738,169929,13,204819
28858,0.00716,172.31.36.0-255,66,169995,13,204819
28859,0.009196,172.217.194.0-255,5738,175733,13,204819
28860,0.009203,172.31.36.0-255,66,175799,13,204819
28861,0.011262,172.217.194.0-255,5738,181537,13,204819
28862,0.01127,172.31.36.0-255,66,181603,13,204819
28863,0.01333,172.217.194.0-255,5738,187341,13,204819
28864,0.013342,172.31.36.0-255,66,187407,13,204819
28865,0.015376,172.217.194.0-255,5738,193145,13,204819
28866,0.015383,172.31.36.0-255,66,193211,13,204819
28867,0.017419,172.217.194.0-255,5738,198949,13,204819
28868,0.017426,172.31.36.0-255,66,199015,13,204819
28869,0.019488,172.217.194.0-255,5738,204753,13,204819
28870,0.019495,172.31.36.0-255,66,204819,13,204819
28871,0.0,74.125.200.0-255,66,66,13,66
28872,0.0,74.125.24.0-255,146,146,13,295057
28873,1.5e-05,172.31.36.0-255,66,212,13,295057
28874,2.2e-05,74.125.24.0-255,1484,1696,13,295057
28875,2.7e-05,172.31.36.0-255,66,1762,13,295057
28876,4e-05,74.125.24.0-255,2902,4664,13,295057
28877,4.3e-05,172.31.36.0-255,66,4730,13,295057
28878,5.1e-05,74.125.24.0-255,7156,11886,13,295057
28879,5.5e-05,172.31.36.0-255,66,11952,13,295057
28880,0.000104,74.125.24.0-255,1965,13917,13,295057
28881,0.000108,172.31.36.0-255,66,13983,13,295057
28882,0.000113,74.125.24.0-255,2902,16885,13,295057
28883,0.000116,172.31.36.0-255,66,16951,13,295057
28884,0.000122,74.125.24.0-255,5738,22689,13,295057
28885,0.000129,172.31.36.0-255,66,22755,13,295057
28886,0.000161,74.125.24.0-255,1484,24239,13,295057
28887,0.000164,172.31.36.0-255,66,24305,13,295057
28888,0.000172,74.125.24.0-255,6797,31102,13,295057
28889,0.000175,172.31.36.0-255,66,31168,13,295057
28890,0.000357,74.125.24.0-255,1484,32652,13,295057
28891,0.000362,172.31.36.0-255,66,32718,13,295057
28892,0.000369,74.125.24.0-255,2902,35620,13,295057
28893,0.000371,172.31.36.0-255,66,35686,13,295057
28894,0.000384,74.125.24.0-255,5738,41424,13,295057
28895,0.000387,172.31.36.0-255,66,41490,13,295057
28896,0.000412,74.125.24.0-255,4320,45810,13,295057
28897,0.000415,172.31.36.0-255,66,45876,13,295057
28898,0.000456,74.125.24.0-255,9633,55509,13,295057
28899,0.000459,172.31.36.0-255,66,55575,13,295057
28900,0.000467,74.125.24.0-255,7156,62731,13,295057
28901,0.000469,172.31.36.0-255,66,62797,13,295057
28902,0.000494,74.125.24.0-255,2543,65340,13,295057
28903,0.000496,172.31.36.0-255,66,65406,13,295057
28904,0.00057,74.125.24.0-255,402,65808,13,295057
28905,0.000626,74.125.24.0-255,109,65917,13,295057
28906,0.000644,74.125.24.0-255,330,66247,13,295057
28907,0.000749,74.125.24.0-255,1484,67731,13,295057
28908,0.000754,172.31.36.0-255,66,67797,13,295057
28909,0.000759,74.125.24.0-255,2902,70699,13,295057
28910,0.000762,172.31.36.0-255,66,70765,13,295057
28911,0.000766,74.125.24.0-255,1484,72249,13,295057
28912,0.000793,74.125.24.0-255,4320,76569,13,295057
28913,0.000812,74.125.24.0-255,8574,85143,13,295057
28914,0.000818,172.31.36.0-255,66,85209,13,295057
28915,0.000826,172.31.36.0-255,66,85275,13,295057
28916,0.000829,172.31.36.0-255,66,85341,13,295057
28917,0.000852,74.125.24.0-255,2184,87525,13,295057
28918,0.000859,172.31.36.0-255,66,87591,13,295057
28919,0.001579,74.125.24.0-255,1484,89075,13,295057
28920,0.001613,74.125.24.0-255,1484,90559,13,295057
28921,0.001617,172.31.36.0-255,66,90625,13,295057
28922,0.001622,74.125.24.0-255,1484,92109,13,295057
28923,0.001644,74.125.24.0-255,1484,93593,13,295057
28924,0.001647,172.31.36.0-255,66,93659,13,295057
28925,0.001655,74.125.24.0-255,5738,99397,13,295057
28926,0.001657,172.31.36.0-255,66,99463,13,295057
28927,0.001669,74.125.24.0-255,7156,106619,13,295057
28928,0.001672,172.31.36.0-255,66,106685,13,295057
28929,0.001679,74.125.24.0-255,5738,112423,13,295057
28930,0.001681,172.31.36.0-255,66,112489,13,295057
28931,0.001721,74.125.24.0-255,8574,121063,13,295057
28932,0.001725,172.31.36.0-255,66,121129,13,295057
28933,0.001728,74.125.24.0-255,766,121895,13,295057
28934,0.002024,74.125.24.0-255,1484,123379,13,295057
28935,0.00203,172.31.36.0-255,66,123445,13,295057
28936,0.002037,74.125.24.0-255,2902,126347,13,295057
28937,0.002039,172.31.36.0-255,66,126413,13,295057
28938,0.002051,74.125.24.0-255,5738,132151,13,295057
28939,0.002054,172.31.36.0-255,66,132217,13,295057
28940,0.002061,74.125.24.0-255,7156,139373,13,295057
28941,0.002063,172.31.36.0-255,66,139439,13,295057
28942,0.002103,74.125.24.0-255,8574,148013,13,295057
28943,0.002106,172.31.36.0-255,66,148079,13,295057
28944,0.002115,74.125.24.0-255,7856,155935,13,295057
28945,0.002117,172.31.36.0-255,66,156001,13,295057
28946,0.00212,74.125.24.0-255,1484,157485,13,295057
28947,0.002152,74.125.24.0-255,7156,164641,13,295057
28948,0.002155,172.31.36.0-255,66,164707,13,295057
28949,0.002159,74.125.24.0-255,2902,167609,13,295057
28950,0.002162,172.31.36.0-255,66,167675,13,295057
28951,0.002167,74.125.24.0-255,4320,171995,13,295057
28952,0.002169,172.31.36.0-255,66,172061,13,295057
28953,0.002198,74.125.24.0-255,8574,180635,13,295057
28954,0.0022,172.31.36.0-255,66,180701,13,295057
28955,0.002206,74.125.24.0-255,4320,185021,13,295057
28956,0.002208,172.31.36.0-255,66,185087,13,295057
28957,0.002234,74.125.24.0-255,5020,190107,13,295057
28958,0.002237,172.31.36.0-255,66,190173,13,295057
28959,0.002262,74.125.24.0-255,1484,191657,13,295057
28960,0.002267,74.125.24.0-255,2902,194559,13,295057
28961,0.00227,172.31.36.0-255,66,194625,13,295057
28962,0.002275,74.125.24.0-255,4320,198945,13,295057
28963,0.002278,172.31.36.0-255,66,199011,13,295057
28964,0.002298,74.125.24.0-255,1484,200495,13,295057
28965,0.002307,74.125.24.0-255,8574,209069,13,295057
28966,0.002309,172.31.36.0-255,66,209135,13,295057
28967,0.002331,74.125.24.0-255,4320,213455,13,295057
28968,0.002334,172.31.36.0-255,66,213521,13,295057
28969,0.002341,74.125.24.0-255,7156,220677,13,295057
28970,0.002343,172.31.36.0-255,66,220743,13,295057
28971,0.002369,74.125.24.0-255,3602,224345,13,295057
28972,0.002371,172.31.36.0-255,66,224411,13,295057
28973,0.002533,74.125.24.0-255,1484,225895,13,295057
28974,0.002559,74.125.24.0-255,2902,228797,13,295057
28975,0.002564,172.31.36.0-255,66,228863,13,295057
28976,0.002569,74.125.24.0-255,2902,231765,13,295057
28977,0.002572,172.31.36.0-255,66,231831,13,295057
28978,0.002584,74.125.24.0-255,7156,238987,13,295057
28979,0.002587,172.31.36.0-255,66,239053,13,295057
28980,0.002595,74.125.24.0-255,1484,240537,13,295057
28981,0.002646,172.31.36.0-255,66,240603,13,295057
28982,0.002652,74.125.24.0-255,3602,244205,13,295057
28983,0.002654,172.31.36.0-255,66,244271,13,295057
28984,0.002659,74.125.24.0-255,4320,248591,13,295057
28985,0.002662,172.31.36.0-255,66,248657,13,295057
28986,0.002671,74.125.24.0-255,9992,258649,13,295057
28987,0.002674,172.31.36.0-255,66,258715,13,295057
28988,0.002679,74.125.24.0-255,4320,263035,13,295057
28989,0.002682,172.31.36.0-255,66,263101,13,295057
28990,0.002739,74.125.24.0-255,4320,267421,13,295057
28991,0.002743,172.31.36.0-255,66,267487,13,295057
28992,0.002746,172.31.36.0-255,66,267553,13,295057
28993,0.002757,74.125.24.0-255,2902,270455,13,295057
28994,0.002764,172.31.36.0-255,66,270521,13,295057
28995,0.00281,74.125.24.0-255,8574,279095,13,295057
28996,0.002813,172.31.36.0-255,66,279161,13,295057
28997,0.002863,172.31.36.0-255,66,279227,13,295057
28998,0.002885,172.31.36.0-255,66,279293,13,295057
28999,0.002892,74.125.24.0-255,7856,287149,13,295057
29000,0.002895,172.31.36.0-255,66,287215,13,295057
29001,0.002902,74.125.24.0-255,7434,294649,13,295057
29002,0.002905,172.31.36.0-255,66,294715,13,295057
29003,0.002908,74.125.24.0-255,105,294820,13,295057
29004,0.004758,172.31.36.0-255,66,294886,13,295057
29005,0.004796,172.31.36.0-255,105,294991,13,295057
29006,0.007266,74.125.24.0-255,66,295057,13,295057
29007,0.0,172.217.194.0-255,290,290,13,190021
29008,2.4e-05,172.31.36.0-255,66,356,13,190021
29009,3.2e-05,172.217.194.0-255,1484,1840,13,190021
29010,3.7e-05,172.31.36.0-255,66,1906,13,190021
29011,5.2e-05,172.217.194.0-255,4320,6226,13,190021
29012,5.6e-05,172.31.36.0-255,66,6292,13,190021
29013,6.5e-05,172.217.194.0-255,7156,13448,13,190021
29014,6.8e-05,172.31.36.0-255,66,13514,13,190021
29015,7.1e-05,172.217.194.0-255,334,13848,13,190021
29016,7.4e-05,172.31.36.0-255,66,13914,13,190021
29017,0.000354,172.217.194.0-255,1484,15398,13,190021
29018,0.00036,172.31.36.0-255,66,15464,13,190021
29019,0.000367,172.217.194.0-255,2902,18366,13,190021
29020,0.00037,172.31.36.0-255,66,18432,13,190021
29021,0.000382,172.217.194.0-255,5738,24170,13,190021
29022,0.000385,172.31.36.0-255,66,24236,13,190021
29023,0.00043,172.31.36.0-255,66,24302,13,190021
29024,0.00044,172.217.194.0-255,9633,33935,13,190021
29025,0.000442,172.31.36.0-255,66,34001,13,190021
29026,0.001517,172.217.194.0-255,1484,35485,13,190021
29027,0.001525,172.31.36.0-255,66,35551,13,190021
29028,0.001533,172.217.194.0-255,2902,38453,13,190021
29029,0.001536,172.31.36.0-255,66,38519,13,190021
29030,0.001549,172.217.194.0-255,5738,44257,13,190021
29031,0.001568,172.31.36.0-255,66,44323,13,190021
29032,0.001576,172.217.194.0-255,5738,50061,13,190021
29033,0.001578,172.31.36.0-255,66,50127,13,190021
29034,0.001581,172.217.194.0-255,1413,51540,13,190021
29035,0.001583,172.31.36.0-255,66,51606,13,190021
29036,0.001853,172.217.194.0-255,367,51973,13,190021
29037,0.001859,172.31.36.0-255,66,52039,13,190021
29038,0.001892,172.217.194.0-255,1484,53523,13,190021
29039,0.001899,172.217.194.0-255,2902,56425,13,190021
29040,0.001901,172.31.36.0-255,66,56491,13,190021
29041,0.00193,172.217.194.0-255,5738,62229,13,190021
29042,0.001933,172.31.36.0-255,66,62295,13,190021
29043,0.001964,172.217.194.0-255,8574,70869,13,190021
29044,0.001967,172.31.36.0-255,66,70935,13,190021
29045,0.001999,172.217.194.0-255,1484,72419,13,190021
29046,0.002013,172.31.36.0-255,66,72485,13,190021
29047,0.002018,172.217.194.0-255,2184,74669,13,190021
29048,0.002019,172.31.36.0-255,66,74735,13,190021
29049,0.002272,172.217.194.0-255,1484,76219,13,190021
29050,0.002279,172.217.194.0-255,2902,79121,13,190021
29051,0.002283,172.31.36.0-255,66,79187,13,190021
29052,0.002312,172.217.194.0-255,5738,84925,13,190021
29053,0.002316,172.31.36.0-255,66,84991,13,190021
29054,0.002319,172.217.194.0-255,1484,86475,13,190021
29055,0.002325,172.217.194.0-255,4320,90795,13,190021
29056,0.002327,172.31.36.0-255,66,90861,13,190021
29057,0.002353,172.217.194.0-255,4320,95181,13,190021
29058,0.002356,172.31.36.0-255,66,95247,13,190021
29059,0.00236,172.217.194.0-255,2902,98149,13,190021
29060,0.002362,172.31.36.0-255,66,98215,13,190021
29061,0.0024,172.217.194.0-255,10692,108907,13,190021
29062,0.002403,172.31.36.0-255,66,108973,13,190021
29063,0.002412,172.217.194.0-255,8574,117547,13,190021
29064,0.002415,172.31.36.0-255,66,117613,13,190021
29065,0.002446,172.217.194.0-255,5738,123351,13,190021
29066,0.002448,172.31.36.0-255,66,123417,13,190021
29067,0.002466,172.31.36.0-255,66,123483,13,190021
29068,0.002474,172.217.194.0-255,7156,130639,13,190021
29069,0.002477,172.31.36.0-255,66,130705,13,190021
29070,0.002522,172.217.194.0-255,7856,138561,13,190021
29071,0.002525,172.31.36.0-255,66,138627,13,190021
29072,0.002542,172.31.36.0-255,66,138693,13,190021
29073,0.002549,172.217.194.0-255,5020,143713,13,190021
29074,0.002551,172.31.36.0-255,66,143779,13,190021
29075,0.002577,172.217.194.0-255,8574,152353,13,190021
29076,0.00258,172.31.36.0-255,66,152419,13,190021
29077,0.002624,172.31.36.0-255,66,152485,13,190021
29078,0.002637,172.31.36.0-255,66,152551,13,190021
29079,0.002659,172.217.194.0-255,2184,154735,13,190021
29080,0.002661,172.31.36.0-255,66,154801,13,190021
29081,0.005212,172.217.194.0-255,2902,157703,13,190021
29082,0.005227,172.31.36.0-255,66,157769,13,190021
29083,0.005257,172.217.194.0-255,2902,160671,13,190021
29084,0.005261,172.31.36.0-255,66,160737,13,190021
29085,0.007779,172.217.194.0-255,2902,163639,13,190021
29086,0.007794,172.31.36.0-255,66,163705,13,190021
29087,0.007859,172.217.194.0-255,2902,166607,13,190021
29088,0.007863,172.31.36.0-255,66,166673,13,190021
29089,0.010367,172.217.194.0-255,2902,169575,13,190021
29090,0.010378,172.31.36.0-255,66,169641,13,190021
29091,0.010408,172.217.194.0-255,2902,172543,13,190021
29092,0.010411,172.31.36.0-255,66,172609,13,190021
29093,0.012956,172.217.194.0-255,5738,178347,13,190021
29094,0.012972,172.31.36.0-255,66,178413,13,190021
29095,0.015565,172.217.194.0-255,5738,184151,13,190021
29096,0.015582,172.31.36.0-255,66,184217,13,190021
29097,0.01817,172.217.194.0-255,5738,189955,13,190021
29098,0.018184,172.31.36.0-255,66,190021,13,190021
29099,0.0,172.217.194.0-255,153,153,13,192684
29100,2.1e-05,172.31.36.0-255,66,219,13,192684
29101,2.8e-05,172.217.194.0-255,1484,1703,13,192684
29102,3.2e-05,172.31.36.0-255,66,1769,13,192684
29103,4.5e-05,172.217.194.0-255,2902,4671,13,192684
29104,4.9e-05,172.31.36.0-255,66,4737,13,192684
29105,5.7e-05,172.217.194.0-255,7156,11893,13,192684
29106,6.2e-05,172.31.36.0-255,66,11959,13,192684
29107,8.4e-05,172.217.194.0-255,1996,13955,13,192684
29108,9.1e-05,172.31.36.0-255,66,14021,13,192684
29109,0.000101,172.217.194.0-255,8574,22595,13,192684
29110,0.000104,172.31.36.0-255,66,22661,13,192684
29111,0.000141,172.217.194.0-255,2902,25563,13,192684
29112,0.000143,172.31.36.0-255,66,25629,13,192684
29113,0.000149,172.217.194.0-255,5379,31008,13,192684
29114,0.000152,172.31.36.0-255,66,31074,13,192684
29115,0.000179,172.217.194.0-255,1484,32558,13,192684
29116,0.000182,172.31.36.0-255,66,32624,13,192684
29117,0.000186,172.217.194.0-255,2902,35526,13,192684
29118,0.000189,172.31.36.0-255,66,35592,13,192684
29119,0.000195,172.217.194.0-255,4320,39912,13,192684
29120,0.000201,172.31.36.0-255,66,39978,13,192684
29121,0.000232,172.217.194.0-255,1484,41462,13,192684
29122,0.000235,172.31.36.0-255,66,41528,13,192684
29123,0.000238,172.217.194.0-255,1484,43012,13,192684
29124,0.00024,172.31.36.0-255,66,43078,13,192684
29125,0.000245,172.217.194.0-255,2902,45980,13,192684
29126,0.000251,172.31.36.0-255,66,46046,13,192684
29127,0.000255,172.217.194.0-255,2543,48589,13,192684
29128,0.000258,172.31.36.0-255,66,48655,13,192684
29129,0.000297,172.217.194.0-255,2902,51557,13,192684
29130,0.000299,172.31.36.0-255,66,51623,13,192684
29131,0.000307,172.217.194.0-255,7156,58779,13,192684
29132,0.000309,172.31.36.0-255,66,58845,13,192684
29133,0.000321,172.217.194.0-255,7069,65914,13,192684
29134,0.000324,172.31.36.0-255,66,65980,13,192684
29135,0.000327,172.217.194.0-255,119,66099,13,192684
29136,0.000389,172.217.194.0-255,383,66482,13,192684
29137,0.000843,172.217.194.0-255,1484,67966,13,192684
29138,0.000848,172.217.194.0-255,2902,70868,13,192684
29139,0.000855,172.31.36.0-255,66,70934,13,192684
29140,0.000864,172.31.36.0-255,66,71000,13,192684
29141,0.000874,172.217.194.0-255,5738,76738,13,192684
29142,0.000877,172.31.36.0-255,66,76804,13,192684
29143,0.000931,172.217.194.0-255,6248,83052,13,192684
29144,0.000934,172.31.36.0-255,66,83118,13,192684
29145,0.001126,172.217.194.0-255,1484,84602,13,192684
29146,0.00113,172.217.194.0-255,1484,86086,13,192684
29147,0.001133,172.31.36.0-255,66,86152,13,192684
29148,0.001158,172.217.194.0-255,1484,87636,13,192684
29149,0.001164,172.217.194.0-255,5738,93374,13,192684
29150,0.001167,172.31.36.0-255,66,93440,13,192684
29151,0.001172,172.217.194.0-255,2902,96342,13,192684
29152,0.001174,172.31.36.0-255,66,96408,13,192684
29153,0.001204,172.217.194.0-255,5738,102146,13,192684
29154,0.001208,172.31.36.0-255,66,102212,13,192684
29155,0.00125,172.31.36.0-255,66,102278,13,192684
29156,0.001705,172.217.194.0-255,1484,103762,13,192684
29157,0.001711,172.217.194.0-255,2902,106664,13,192684
29158,0.001715,172.31.36.0-255,66,106730,13,192684
29159,0.001719,172.217.194.0-255,1484,108214,13,192684
29160,0.001747,172.217.194.0-255,4320,112534,13,192684
29161,0.00175,172.31.36.0-255,66,112600,13,192684
29162,0.001763,172.31.36.0-255,66,112666,13,192684
29163,0.001777,172.217.194.0-255,4320,116986,13,192684
29164,0.001779,172.31.36.0-255,66,117052,13,192684
29165,0.001813,172.217.194.0-255,6438,123490,13,192684
29166,0.001816,172.31.36.0-255,66,123556,13,192684
29167,0.001841,172.217.194.0-255,1484,125040,13,192684
29168,0.001846,172.217.194.0-255,2902,127942,13,192684
29169,0.001848,172.31.36.0-255,66,128008,13,192684
29170,0.001853,172.217.194.0-255,2902,130910,13,192684
29171,0.001855,172.31.36.0-255,66,130976,13,192684
29172,0.001878,172.217.194.0-255,2902,133878,13,192684
29173,0.00188,172.31.36.0-255,66,133944,13,192684
29174,0.001893,172.31.36.0-255,66,134010,13,192684
29175,0.001921,172.217.194.0-255,1484,135494,13,192684
29176,0.00195,172.217.194.0-255,10692,146186,13,192684
29177,0.001953,172.31.36.0-255,66,146252,13,192684
29178,0.003969,172.217.194.0-255,5738,151990,13,192684
29179,0.003976,172.31.36.0-255,66,152056,13,192684
29180,0.005974,172.217.194.0-255,5738,157794,13,192684
29181,0.005978,172.31.36.0-255,66,157860,13,192684
29182,0.007976,172.217.194.0-255,5738,163598,13,192684
29183,0.007983,172.31.36.0-255,66,163664,13,192684
29184,0.010014,172.217.194.0-255,5738,169402,13,192684
29185,0.010021,172.31.36.0-255,66,169468,13,192684
29186,0.012072,172.217.194.0-255,5738,175206,13,192684
29187,0.01208,172.31.36.0-255,66,175272,13,192684
29188,0.014078,172.217.194.0-255,5738,181010,13,192684
29189,0.014086,172.31.36.0-255,66,181076,13,192684
29190,0.01612,172.217.194.0-255,5738,186814,13,192684
29191,0.016129,172.31.36.0-255,66,186880,13,192684
29192,0.018129,172.217.194.0-255,5738,192618,13,192684
29193,0.018137,172.31.36.0-255,66,192684,13,192684
29194,0.0,172.217.194.0-255,150,150,13,88224
29195,2.7e-05,172.31.36.0-255,66,216,13,88224
29196,3.4e-05,172.217.194.0-255,1484,1700,13,88224
29197,3.8e-05,172.31.36.0-255,66,1766,13,88224
29198,4.3e-05,172.217.194.0-255,2902,4668,13,88224
29199,4.5e-05,172.31.36.0-255,66,4734,13,88224
29200,0.0001,172.217.194.0-255,7156,11890,13,88224
29201,0.000104,172.31.36.0-255,66,11956,13,88224
29202,0.000259,172.217.194.0-255,7680,19636,13,88224
29203,0.000264,172.31.36.0-255,66,19702,13,88224
29204,0.000428,172.217.194.0-255,4320,24022,13,88224
29205,0.000433,172.31.36.0-255,66,24088,13,88224
29206,0.000467,172.31.36.0-255,66,24154,13,88224
29207,0.000813,172.31.36.0-255,66,24220,13,88224
29208,0.00106,172.31.36.0-255,66,24286,13,88224
29209,0.001083,172.217.194.0-255,4293,28579,13,88224
29210,0.001086,172.31.36.0-255,66,28645,13,88224
29211,0.001414,172.217.194.0-255,377,29022,13,88224
29212,0.00142,172.31.36.0-255,66,29088,13,88224
29213,0.001438,172.217.194.0-255,5738,34826,13,88224
29214,0.001442,172.31.36.0-255,66,34892,13,88224
29215,0.001476,172.31.36.0-255,66,34958,13,88224
29216,0.001497,172.217.194.0-255,6797,41755,13,88224
29217,0.0015,172.31.36.0-255,66,41821,13,88224
29218,0.002163,172.217.194.0-255,1125,42946,13,88224
29219,0.002169,172.31.36.0-255,66,43012,13,88224
29220,0.002178,172.217.194.0-255,1484,44496,13,88224
29221,0.002181,172.31.36.0-255,66,44562,13,88224
29222,0.002285,172.31.36.0-255,66,44628,13,88224
29223,0.003049,172.217.194.0-255,8574,53202,13,88224
29224,0.003054,172.31.36.0-255,66,53268,13,88224
29225,0.004031,172.217.194.0-255,1484,54752,13,88224
29226,0.004076,172.217.194.0-255,5738,60490,13,88224
29227,0.006464,172.31.36.0-255,66,60556,13,88224
29228,0.008768,172.217.194.0-255,4320,64876,13,88224
29229,0.008775,172.31.36.0-255,66,64942,13,88224
29230,0.008796,172.217.194.0-255,1484,66426,13,88224
29231,0.011123,172.217.194.0-255,4320,70746,13,88224
29232,0.011129,172.31.36.0-255,66,70812,13,88224
29233,0.013419,172.217.194.0-255,5738,76550,13,88224
29234,0.013534,172.31.36.0-255,66,76616,13,88224
29235,0.01584,172.217.194.0-255,5738,82354,13,88224
29236,0.015848,172.31.36.0-255,66,82420,13,88224
29237,0.018153,172.217.194.0-255,5738,88158,13,88224
29238,0.01816,172.31.36.0-255,66,88224,13,88224
29239,0.0,172.217.194.0-255,297,297,13,259939
29240,1.9e-05,172.31.36.0-255,66,363,13,259939
29241,2.6e-05,172.217.194.0-255,1484,1847,13,259939
29242,3.1e-05,172.31.36.0-255,66,1913,13,259939
29243,4.6e-05,172.217.194.0-255,4320,6233,13,259939
29244,4.8e-05,172.31.36.0-255,66,6299,13,259939
29245,5.8e-05,172.217.194.0-255,7540,13839,13,259939
29246,6e-05,172.31.36.0-255,66,13905,13,259939
29247,0.000235,172.217.194.0-255,1484,15389,13,259939
29248,0.000239,172.31.36.0-255,66,15455,13,259939
29249,0.000245,172.217.194.0-255,2902,18357,13,259939
29250,0.000247,172.31.36.0-255,66,18423,13,259939
29251,0.000259,172.217.194.0-255,5738,24161,13,259939
29252,0.000262,172.31.36.0-255,66,24227,13,259939
29253,0.000313,172.31.36.0-255,66,24293,13,259939
29254,0.000327,172.31.36.0-255,66,24359,13,259939
29255,0.00033,172.217.194.0-255,1125,25484,13,259939
29256,0.000332,172.31.36.0-255,66,25550,13,259939
29257,0.00036,172.217.194.0-255,1484,27034,13,259939
29258,0.000363,172.31.36.0-255,66,27100,13,259939
29259,0.000369,172.217.194.0-255,4320,31420,13,259939
29260,0.000371,172.31.36.0-255,66,31486,13,259939
29261,0.000401,172.217.194.0-255,9992,41478,13,259939
29262,0.000403,172.31.36.0-255,66,41544,13,259939
29263,0.000406,172.217.194.0-255,1382,42926,13,259939
29264,0.000408,172.31.36.0-255,66,42992,13,259939
29265,0.000412,172.217.194.0-255,111,43103,13,259939
29266,0.000415,172.31.36.0-255,66,43169,13,259939
29267,0.000676,172.217.194.0-255,386,43555,13,259939
29268,0.000681,172.31.36.0-255,66,43621,13,259939
29269,0.000868,172.217.194.0-255,1484,45105,13,259939
29270,0.000887,172.217.194.0-255,2902,48007,13,259939
29271,0.00089,172.31.36.0-255,66,48073,13,259939
29272,0.000898,172.217.194.0-255,5738,53811,13,259939
29273,0.0009,172.31.36.0-255,66,53877,13,259939
29274,0.000911,172.217.194.0-255,4320,58197,13,259939
29275,0.000913,172.31.36.0-255,66,58263,13,259939
29276,0.000951,172.31.36.0-255,66,58329,13,259939
29277,0.000957,172.217.194.0-255,4320,62649,13,259939
29278,0.000959,172.31.36.0-255,66,62715,13,259939
29279,0.000991,172.217.194.0-255,3602,66317,13,259939
29280,0.000994,172.31.36.0-255,66,66383,13,259939
29281,0.00128,172.217.194.0-255,1484,67867,13,259939
29282,0.001301,172.217.194.0-255,2902,70769,13,259939
29283,0.001305,172.31.36.0-255,66,70835,13,259939
29284,0.001313,172.217.194.0-255,5738,76573,13,259939
29285,0.001315,172.31.36.0-255,66,76639,13,259939
29286,0.001328,172.217.194.0-255,7156,83795,13,259939
29287,0.00133,172.31.36.0-255,66,83861,13,259939
29288,0.001387,172.31.36.0-255,66,83927,13,259939
29289,0.001392,172.217.194.0-255,2184,86111,13,259939
29290,0.001394,172.31.36.0-255,66,86177,13,259939
29291,0.001487,172.217.194.0-255,1484,87661,13,259939
29292,0.001508,172.217.194.0-255,2902,90563,13,259939
29293,0.00151,172.31.36.0-255,66,90629,13,259939
29294,0.001518,172.217.194.0-255,5738,96367,13,259939
29295,0.00152,172.31.36.0-255,66,96433,13,259939
29296,0.001559,172.217.194.0-255,9992,106425,13,259939
29297,0.001561,172.31.36.0-255,66,106491,13,259939
29298,0.001592,172.217.194.0-255,2902,109393,13,259939
29299,0.001595,172.31.36.0-255,66,109459,13,259939
29300,0.001607,172.217.194.0-255,10692,120151,13,259939
29301,0.001609,172.31.36.0-255,66,120217,13,259939
29302,0.001634,172.217.194.0-255,1484,121701,13,259939
29303,0.001657,172.217.194.0-255,2902,124603,13,259939
29304,0.00166,172.31.36.0-255,66,124669,13,259939
29305,0.001667,172.217.194.0-255,5738,130407,13,259939
29306,0.001669,172.31.36.0-255,66,130473,13,259939
29307,0.001699,172.31.36.0-255,66,130539,13,259939
29308,0.001731,172.217.194.0-255,10692,141231,13,259939
29309,0.001734,172.31.36.0-255,66,141297,13,259939
29310,0.001835,172.217.194.0-255,1484,142781,13,259939
29311,0.001852,172.217.194.0-255,2902,145683,13,259939
29312,0.001856,172.31.36.0-255,66,145749,13,259939
29313,0.001862,172.217.194.0-255,4320,150069,13,259939
29314,0.001865,172.31.36.0-255,66,150135,13,259939
29315,0.001894,172.217.194.0-255,1484,151619,13,259939
29316,0.001908,172.31.36.0-255,66,151685,13,259939
29317,0.001911,172.217.194.0-255,1484,153169,13,259939
29318,0.001939,172.217.194.0-255,9274,162443,13,259939
29319,0.001941,172.31.36.0-255,66,162509,13,259939
29320,0.002071,172.217.194.0-255,1484,163993,13,259939
29321,0.002088,172.217.194.0-255,2902,166895,13,259939
29322,0.002093,172.31.36.0-255,66,166961,13,259939
29323,0.002101,172.217.194.0-255,5738,172699,13,259939
29324,0.002103,172.31.36.0-255,66,172765,13,259939
29325,0.002112,172.217.194.0-255,2902,175667,13,259939
29326,0.002115,172.31.36.0-255,66,175733,13,259939
29327,0.002157,172.217.194.0-255,4320,180053,13,259939
29328,0.00216,172.31.36.0-255,66,180119,13,259939
29329,0.002169,172.217.194.0-255,8574,188693,13,259939
29330,0.002172,172.31.36.0-255,66,188759,13,259939
29331,0.002179,172.217.194.0-255,7856,196615,13,259939
29332,0.002181,172.31.36.0-255,66,196681,13,259939
29333,0.002205,172.217.194.0-255,1484,198165,13,259939
29334,0.002233,172.217.194.0-255,2902,201067,13,259939
29335,0.002236,172.31.36.0-255,66,201133,13,259939
29336,0.002242,172.217.194.0-255,5738,206871,13,259939
29337,0.002245,172.31.36.0-255,66,206937,13,259939
29338,0.002275,172.217.194.0-255,4320,211257,13,259939
29339,0.002278,172.31.36.0-255,66,211323,13,259939
29340,0.002321,172.31.36.0-255,66,211389,13,259939
29341,0.002329,172.217.194.0-255,7856,219245,13,259939
29342,0.002331,172.31.36.0-255,66,219311,13,259939
29343,0.004685,172.217.194.0-255,5738,225049,13,259939
29344,0.004692,172.31.36.0-255,66,225115,13,259939
29345,0.007007,172.217.194.0-255,5738,230853,13,259939
29346,0.007014,172.31.36.0-255,66,230919,13,259939
29347,0.009356,172.217.194.0-255,5738,236657,13,259939
29348,0.009361,172.31.36.0-255,66,236723,13,259939
29349,0.011683,172.217.194.0-255,5738,242461,13,259939
29350,0.011689,172.31.36.0-255,66,242527,13,259939
29351,0.014013,172.217.194.0-255,5738,248265,13,259939
29352,0.014022,172.31.36.0-255,66,248331,13,259939
29353,0.016336,172.217.194.0-255,5738,254069,13,259939
29354,0.016345,172.31.36.0-255,66,254135,13,259939
29355,0.018664,172.217.194.0-255,5738,259873,13,259939
29356,0.018674,172.31.36.0-255,66,259939,13,259939
29357,0.0,216.58.221.0-255,298,298,13,103825
29358,2.3e-05,172.31.36.0-255,66,364,13,103825
29359,3e-05,216.58.221.0-255,1484,1848,13,103825
29360,3.4e-05,172.31.36.0-255,66,1914,13,103825
29361,4e-05,216.58.221.0-255,2902,4816,13,103825
29362,5.3e-05,172.31.36.0-255,66,4882,13,103825
29363,5.9e-05,216.58.221.0-255,4320,9202,13,103825
29364,6.2e-05,172.31.36.0-255,66,9268,13,103825
29365,9.1e-05,216.58.221.0-255,1484,10752,13,103825
29366,9.4e-05,172.31.36.0-255,66,10818,13,103825
29367,0.0001,216.58.221.0-255,2902,13720,13,103825
29368,0.000102,172.31.36.0-255,66,13786,13,103825
29369,0.00013,216.58.221.0-255,6057,19843,13,103825
29370,0.000133,172.31.36.0-255,66,19909,13,103825
29371,0.000137,216.58.221.0-255,2902,22811,13,103825
29372,0.00014,172.31.36.0-255,66,22877,13,103825
29373,0.00017,216.58.221.0-255,4320,27197,13,103825
29374,0.000173,172.31.36.0-255,66,27263,13,103825
29375,0.000203,216.58.221.0-255,3961,31224,13,103825
29376,0.000207,172.31.36.0-255,66,31290,13,103825
29377,0.000768,216.58.221.0-255,1484,32774,13,103825
29378,0.000774,172.31.36.0-255,66,32840,13,103825
29379,0.00078,216.58.221.0-255,2902,35742,13,103825
29380,0.000782,172.31.36.0-255,66,35808,13,103825
29381,0.000795,216.58.221.0-255,5738,41546,13,103825
29382,0.000797,172.31.36.0-255,66,41612,13,103825
29383,0.000802,216.58.221.0-255,2902,44514,13,103825
29384,0.000805,172.31.36.0-255,66,44580,13,103825
29385,0.000836,216.58.221.0-255,3961,48541,13,103825
29386,0.000838,172.31.36.0-255,66,48607,13,103825
29387,0.000858,172.31.36.0-255,66,48673,13,103825
29388,0.000863,216.58.221.0-255,2850,51523,13,103825
29389,0.000866,172.31.36.0-255,66,51589,13,103825
29390,0.00283,216.58.221.0-255,5738,57327,13,103825
29391,0.002838,172.31.36.0-255,66,57393,13,103825
29392,0.004816,216.58.221.0-255,5738,63131,13,103825
29393,0.004823,172.31.36.0-255,66,63197,13,103825
29394,0.006798,216.58.221.0-255,5738,68935,13,103825
29395,0.006805,172.31.36.0-255,66,69001,13,103825
29396,0.008793,216.58.221.0-255,5738,74739,13,103825
29397,0.008801,172.31.36.0-255,66,74805,13,103825
29398,0.010777,216.58.221.0-255,5738,80543,13,103825
29399,0.010785,172.31.36.0-255,66,80609,13,103825
29400,0.012766,216.58.221.0-255,5738,86347,13,103825
29401,0.012776,172.31.36.0-255,66,86413,13,103825
29402,0.014762,216.58.221.0-255,5738,92151,13,103825
29403,0.014776,172.31.36.0-255,66,92217,13,103825
29404,0.016751,216.58.221.0-255,5738,97955,13,103825
29405,0.01676,172.31.36.0-255,66,98021,13,103825
29406,0.018739,216.58.221.0-255,5738,103759,13,103825
29407,0.018747,172.31.36.0-255,66,103825,13,103825
29408,0.0,74.125.24.0-255,153,153,13,249667
29409,1.9e-05,172.31.36.0-255,66,219,13,249667
29410,2.6e-05,74.125.24.0-255,1484,1703,13,249667
29411,3.1e-05,172.31.36.0-255,66,1769,13,249667
29412,3.7e-05,74.125.24.0-255,2902,4671,13,249667
29413,4e-05,172.31.36.0-255,66,4737,13,249667
29414,5.5e-05,74.125.24.0-255,7156,11893,13,249667
29415,5.8e-05,172.31.36.0-255,66,11959,13,249667
29416,6.3e-05,74.125.24.0-255,3466,15425,13,249667
29417,6.5e-05,172.31.36.0-255,66,15491,13,249667
29418,7.4e-05,74.125.24.0-255,8574,24065,13,249667
29419,7.6e-05,172.31.36.0-255,66,24131,13,249667
29420,0.000111,74.125.24.0-255,4320,28451,13,249667
29421,0.000119,172.31.36.0-255,66,28517,13,249667
29422,0.000123,74.125.24.0-255,2543,31060,13,249667
29423,0.000125,172.31.36.0-255,66,31126,13,249667
29424,0.000149,74.125.24.0-255,1484,32610,13,249667
29425,0.000152,172.31.36.0-255,66,32676,13,249667
29426,0.000157,74.125.24.0-255,2902,35578,13,249667
29427,0.000159,172.31.36.0-255,66,35644,13,249667
29428,0.000189,74.125.24.0-255,5738,41382,13,249667
29429,0.000196,172.31.36.0-255,66,41448,13,249667
29430,0.000203,74.125.24.0-255,6797,48245,13,249667
29431,0.000206,172.31.36.0-255,66,48311,13,249667
29432,0.000247,74.125.24.0-255,1484,49795,13,249667
29433,0.00025,172.31.36.0-255,66,49861,13,249667
29434,0.000255,74.125.24.0-255,2902,52763,13,249667
29435,0.000257,172.31.36.0-255,66,52829,13,249667
29436,0.000269,74.125.24.0-255,5738,58567,13,249667
29437,0.000271,172.31.36.0-255,66,58633,13,249667
29438,0.000303,74.125.24.0-255,7094,65727,13,249667
29439,0.000306,172.31.36.0-255,66,65793,13,249667
29440,0.000372,74.125.24.0-255,382,66175,13,249667
29441,0.000478,74.125.24.0-255,1484,67659,13,249667
29442,0.000484,172.31.36.0-255,66,67725,13,249667
29443,0.00049,74.125.24.0-255,2902,70627,13,249667
29444,0.000493,172.31.36.0-255,66,70693,13,249667
29445,0.000496,74.125.24.0-255,1484,72177,13,249667
29446,0.000534,74.125.24.0-255,5738,77915,13,249667
29447,0.000536,172.31.36.0-255,66,77981,13,249667
29448,0.000546,74.125.24.0-255,7156,85137,13,249667
29449,0.000548,172.31.36.0-255,66,85203,13,249667
29450,0.00058,74.125.24.0-255,6797,92000,13,249667
29451,0.000583,172.31.36.0-255,66,92066,13,249667
29452,0.000591,74.125.24.0-255,7156,99222,13,249667
29453,0.000593,172.31.36.0-255,66,99288,13,249667
29454,0.000596,74.125.24.0-255,1125,100413,13,249667
29455,0.000749,74.125.24.0-255,1484,101897,13,249667
29456,0.000753,172.31.36.0-255,66,101963,13,249667
29457,0.000759,74.125.24.0-255,2902,104865,13,249667
29458,0.000761,172.31.36.0-255,66,104931,13,249667
29459,0.000773,74.125.24.0-255,5738,110669,13,249667
29460,0.000775,172.31.36.0-255,66,110735,13,249667
29461,0.000804,74.125.24.0-255,5738,116473,13,249667
29462,0.000811,172.31.36.0-255,66,116539,13,249667
29463,0.00084,74.125.24.0-255,7156,123695,13,249667
29464,0.000843,172.31.36.0-255,66,123761,13,249667
29465,0.000853,74.125.24.0-255,10692,134453,13,249667
29466,0.000856,172.31.36.0-255,66,134519,13,249667
29467,0.001327,74.125.24.0-255,1484,136003,13,249667
29468,0.001334,74.125.24.0-255,2902,138905,13,249667
29469,0.001337,172.31.36.0-255,66,138971,13,249667
29470,0.001371,74.125.24.0-255,5738,144709,13,249667
29471,0.001374,172.31.36.0-255,66,144775,13,249667
29472,0.001384,74.125.24.0-255,8574,153349,13,249667
29473,0.001391,172.31.36.0-255,66,153415,13,249667
29474,0.001415,74.125.24.0-255,4320,157735,13,249667
29475,0.001417,172.31.36.0-255,66,157801,13,249667
29476,0.001452,74.125.24.0-255,10692,168493,13,249667
29477,0.001455,172.31.36.0-255,66,168559,13,249667
29478,0.001632,74.125.24.0-255,1484,170043,13,249667
29479,0.001638,74.125.24.0-255,2902,172945,13,249667
29480,0.001644,172.31.36.0-255,66,173011,13,249667
29481,0.001657,74.125.24.0-255,5738,178749,13,249667
29482,0.001663,172.31.36.0-255,66,178815,13,249667
29483,0.001671,74.125.24.0-255,7156,185971,13,249667
29484,0.001673,172.31.36.0-255,66,186037,13,249667
29485,0.001722,172.31.36.0-255,66,186103,13,249667
29486,0.001732,74.125.24.0-255,10692,196795,13,249667
29487,0.001734,172.31.36.0-255,66,196861,13,249667
29488,0.001749,74.125.24.0-255,9992,206853,13,249667
29489,0.001751,172.31.36.0-255,66,206919,13,249667
29490,0.00178,74.125.24.0-255,1484,208403,13,249667
29491,0.001799,172.31.36.0-255,66,208469,13,249667
29492,0.001847,172.31.36.0-255,66,208535,13,249667
29493,0.001867,74.125.24.0-255,9992,218527,13,249667
29494,0.001869,172.31.36.0-255,66,218593,13,249667
29495,0.001881,74.125.24.0-255,1484,220077,13,249667
29496,0.001917,172.31.36.0-255,66,220143,13,249667
29497,0.001944,74.125.24.0-255,2184,222327,13,249667
29498,0.00197,74.125.24.0-255,8574,230901,13,249667
29499,0.002011,172.31.36.0-255,66,230967,13,249667
29500,0.002015,172.31.36.0-255,66,231033,13,249667
29501,0.002028,172.31.36.0-255,66,231099,13,249667
29502,0.002049,172.31.36.0-255,66,231165,13,249667
29503,0.002099,74.125.24.0-255,10692,241857,13,249667
29504,0.002122,172.31.36.0-255,66,241923,13,249667
29505,0.002163,74.125.24.0-255,1484,243407,13,249667
29506,0.00217,74.125.24.0-255,2902,246309,13,249667
29507,0.002173,172.31.36.0-255,66,246375,13,249667
29508,0.002203,74.125.24.0-255,2767,249142,13,249667
29509,0.002228,74.125.24.0-255,105,249247,13,249667
29510,0.012102,172.31.36.0-255,66,249313,13,249667
29511,0.013362,74.125.24.0-255,105,249418,13,249667
29512,0.013373,172.31.36.0-255,78,249496,13,249667
29513,0.014467,172.31.36.0-255,105,249601,13,249667
29514,0.01697,74.125.24.0-255,66,249667,13,249667
29515,0.0,172.217.194.0-255,143,143,13,164713
29516,1.5e-05,172.31.36.0-255,66,209,13,164713
29517,2.2e-05,172.217.194.0-255,1484,1693,13,164713
29518,2.6e-05,172.31.36.0-255,66,1759,13,164713
29519,3.1e-05,172.217.194.0-255,2902,4661,13,164713
29520,3.4e-05,172.31.36.0-255,66,4727,13,164713
29521,4.2e-05,172.217.194.0-255,7156,11883,13,164713
29522,4.6e-05,172.31.36.0-255,66,11949,13,164713
29523,6.2e-05,172.217.194.0-255,2047,13996,13,164713
29524,6.5e-05,172.31.36.0-255,66,14062,13,164713
29525,0.000175,172.217.194.0-255,1484,15546,13,164713
29526,0.000179,172.31.36.0-255,66,15612,13,164713
29527,0.000185,172.217.194.0-255,2902,18514,13,164713
29528,0.000187,172.31.36.0-255,66,18580,13,164713
29529,0.00019,172.217.194.0-255,1484,20064,13,164713
29530,0.000192,172.31.36.0-255,66,20130,13,164713
29531,0.000223,172.217.194.0-255,4320,24450,13,164713
29532,0.000226,172.31.36.0-255,66,24516,13,164713
29533,0.000232,172.217.194.0-255,4320,28836,13,164713
29534,0.000234,172.31.36.0-255,66,28902,13,164713
29535,0.000257,172.217.194.0-255,2543,31445,13,164713
29536,0.000259,172.31.36.0-255,66,31511,13,164713
29537,0.000287,172.217.194.0-255,2902,34413,13,164713
29538,0.00029,172.31.36.0-255,66,34479,13,164713
29539,0.000328,172.217.194.0-255,7156,41635,13,164713
29540,0.000331,172.31.36.0-255,66,41701,13,164713
29541,0.000334,172.217.194.0-255,1484,43185,13,164713
29542,0.000336,172.31.36.0-255,66,43251,13,164713
29543,0.000361,172.217.194.0-255,2902,46153,13,164713
29544,0.000365,172.31.36.0-255,66,46219,13,164713
29545,0.000382,172.217.194.0-255,2543,48762,13,164713
29546,0.000384,172.31.36.0-255,66,48828,13,164713
29547,0.000539,172.217.194.0-255,1484,50312,13,164713
29548,0.000546,172.217.194.0-255,2902,53214,13,164713
29549,0.000549,172.31.36.0-255,66,53280,13,164713
29550,0.000574,172.217.194.0-255,5738,59018,13,164713
29551,0.000577,172.31.36.0-255,66,59084,13,164713
29552,0.000584,172.217.194.0-255,6797,65881,13,164713
29553,0.000587,172.31.36.0-255,66,65947,13,164713
29554,0.000601,172.217.194.0-255,676,66623,13,164713
29555,0.000663,172.217.194.0-255,1484,68107,13,164713
29556,0.000667,172.31.36.0-255,66,68173,13,164713
29557,0.00067,172.217.194.0-255,1484,69657,13,164713
29558,0.000688,172.217.194.0-255,2902,72559,13,164713
29559,0.000694,172.217.194.0-255,7156,79715,13,164713
29560,0.000699,172.31.36.0-255,66,79781,13,164713
29561,0.000706,172.31.36.0-255,66,79847,13,164713
29562,0.000722,172.217.194.0-255,2902,82749,13,164713
29563,0.000725,172.31.36.0-255,66,82815,13,164713
29564,0.000747,172.217.194.0-255,1125,83940,13,164713
29565,0.000971,172.217.194.0-255,1484,85424,13,164713
29566,0.000976,172.31.36.0-255,66,85490,13,164713
29567,0.000982,172.217.194.0-255,2902,88392,13,164713
29568,0.000984,172.31.36.0-255,66,88458,13,164713
29569,0.000991,172.217.194.0-255,5738,94196,13,164713
29570,0.000993,172.31.36.0-255,66,94262,13,164713
29571,0.000998,172.217.194.0-255,4320,98582,13,164713
29572,0.001001,172.31.36.0-255,66,98648,13,164713
29573,0.001034,172.217.194.0-255,2543,101191,13,164713
29574,0.001037,172.31.36.0-255,66,101257,13,164713
29575,0.001229,172.217.194.0-255,1484,102741,13,164713
29576,0.001235,172.217.194.0-255,2902,105643,13,164713
29577,0.001238,172.31.36.0-255,66,105709,13,164713
29578,0.001244,172.217.194.0-255,2902,108611,13,164713
29579,0.001246,172.31.36.0-255,66,108677,13,164713
29580,0.00126,172.217.194.0-255,2902,111579,13,164713
29581,0.001262,172.31.36.0-255,66,111645,13,164713
29582,0.001266,172.217.194.0-255,1484,113129,13,164713
29583,0.001303,172.217.194.0-255,7156,120285,13,164713
29584,0.001307,172.31.36.0-255,66,120351,13,164713
29585,0.001314,172.31.36.0-255,66,120417,13,164713
29586,0.00132,172.217.194.0-255,3602,124019,13,164713
29587,0.001323,172.31.36.0-255,66,124085,13,164713
29588,0.00368,172.217.194.0-255,5738,129823,13,164713
29589,0.003688,172.31.36.0-255,66,129889,13,164713
29590,0.006048,172.217.194.0-255,5738,135627,13,164713
29591,0.006054,172.31.36.0-255,66,135693,13,164713
29592,0.008421,172.217.194.0-255,5738,141431,13,164713
29593,0.008428,172.31.36.0-255,66,141497,13,164713
29594,0.010816,172.217.194.0-255,5738,147235,13,164713
29595,0.010824,172.31.36.0-255,66,147301,13,164713
29596,0.013221,172.217.194.0-255,5738,153039,13,164713
29597,0.013231,172.31.36.0-255,66,153105,13,164713
29598,0.015608,172.217.194.0-255,5738,158843,13,164713
29599,0.015618,172.31.36.0-255,66,158909,13,164713
29600,0.017979,172.217.194.0-255,5738,164647,13,164713
29601,0.017989,172.31.36.0-255,66,164713,13,164713
29602,0.0,172.217.194.0-255,153,153,13,320098
29603,3.3e-05,172.31.36.0-255,66,219,13,320098
29604,4.1e-05,172.217.194.0-255,1484,1703,13,320098
29605,4.5e-05,172.31.36.0-255,66,1769,13,320098
29606,4.9e-05,172.217.194.0-255,2902,4671,13,320098
29607,5.2e-05,172.31.36.0-255,66,4737,13,320098
29608,5.9e-05,172.217.194.0-255,7156,11893,13,320098
29609,6.1e-05,172.31.36.0-255,66,11959,13,320098
29610,6.4e-05,172.217.194.0-255,1484,13443,13,320098
29611,6.6e-05,172.31.36.0-255,66,13509,13,320098
29612,0.000109,172.31.36.0-255,66,13575,13,320098
29613,0.000113,172.217.194.0-255,2543,16118,13,320098
29614,0.000115,172.31.36.0-255,66,16184,13,320098
29615,0.000128,172.217.194.0-255,1484,17668,13,320098
29616,0.00013,172.31.36.0-255,66,17734,13,320098
29617,0.000136,172.217.194.0-255,2902,20636,13,320098
29618,0.000138,172.31.36.0-255,66,20702,13,320098
29619,0.000167,172.217.194.0-255,5738,26440,13,320098
29620,0.000169,172.31.36.0-255,66,26506,13,320098
29621,0.000186,172.217.194.0-255,5738,32244,13,320098
29622,0.000189,172.31.36.0-255,66,32310,13,320098
29623,0.000218,172.217.194.0-255,8215,40525,13,320098
29624,0.000221,172.31.36.0-255,66,40591,13,320098
29625,0.000225,172.217.194.0-255,2902,43493,13,320098
29626,0.000228,172.31.36.0-255,66,43559,13,320098
29627,0.00026,172.217.194.0-255,4320,47879,13,320098
29628,0.000263,172.31.36.0-255,66,47945,13,320098
29629,0.000286,172.217.194.0-255,2846,50791,13,320098
29630,0.000289,172.31.36.0-255,66,50857,13,320098
29631,0.000292,172.217.194.0-255,385,51242,13,320098
29632,0.000295,172.31.36.0-255,66,51308,13,320098
29633,0.000413,172.217.194.0-255,1484,52792,13,320098
29634,0.000426,172.217.194.0-255,2902,55694,13,320098
29635,0.000429,172.31.36.0-255,66,55760,13,320098
29636,0.000435,172.217.194.0-255,5738,61498,13,320098
29637,0.000438,172.31.36.0-255,66,61564,13,320098
29638,0.000443,172.217.194.0-255,4320,65884,13,320098
29639,0.000446,172.31.36.0-255,66,65950,13,320098
29640,0.000458,172.217.194.0-255,1484,67434,13,320098
29641,0.0005,172.217.194.0-255,2902,70336,13,320098
29642,0.000504,172.31.36.0-255,66,70402,13,320098
29643,0.000532,172.217.194.0-255,3961,74363,13,320098
29644,0.000534,172.31.36.0-255,66,74429,13,320098
29645,0.000537,172.31.36.0-255,66,74495,13,320098
29646,0.000881,172.217.194.0-255,1484,75979,13,320098
29647,0.000886,172.217.194.0-255,1484,77463,13,320098
29648,0.000889,172.31.36.0-255,66,77529,13,320098
29649,0.000905,172.217.194.0-255,1484,79013,13,320098
29650,0.000912,172.217.194.0-255,5738,84751,13,320098
29651,0.000914,172.31.36.0-255,66,84817,13,320098
29652,0.000921,172.217.194.0-255,5738,90555,13,320098
29653,0.000926,172.31.36.0-255,66,90621,13,320098
29654,0.000941,172.217.194.0-255,8574,99195,13,320098
29655,0.000944,172.31.36.0-255,66,99261,13,320098
29656,0.000974,172.217.194.0-255,4320,103581,13,320098
29657,0.000977,172.31.36.0-255,66,103647,13,320098
29658,0.000982,172.217.194.0-255,5020,108667,13,320098
29659,0.000984,172.31.36.0-255,66,108733,13,320098
29660,0.000998,172.217.194.0-255,1484,110217,13,320098
29661,0.001012,172.217.194.0-255,4320,114537,13,320098
29662,0.001015,172.31.36.0-255,66,114603,13,320098
29663,0.001037,172.217.194.0-255,7156,121759,13,320098
29664,0.001039,172.31.36.0-255,66,121825,13,320098
29665,0.001059,172.217.194.0-255,5738,127563,13,320098
29666,0.001061,172.31.36.0-255,66,127629,13,320098
29667,0.001082,172.217.194.0-255,8574,136203,13,320098
29668,0.001085,172.31.36.0-255,66,136269,13,320098
29669,0.001091,172.217.194.0-255,6438,142707,13,320098
29670,0.001093,172.31.36.0-255,66,142773,13,320098
29671,0.001098,172.217.194.0-255,4320,147093,13,320098
29672,0.001101,172.31.36.0-255,66,147159,13,320098
29673,0.001133,172.217.194.0-255,2902,150061,13,320098
29674,0.001136,172.31.36.0-255,66,150127,13,320098
29675,0.001142,172.217.194.0-255,7156,157283,13,320098
29676,0.001144,172.31.36.0-255,66,157349,13,320098
29677,0.001156,172.31.36.0-255,66,157415,13,320098
29678,0.001172,172.217.194.0-255,4320,161735,13,320098
29679,0.001176,172.31.36.0-255,66,161801,13,320098
29680,0.001181,172.217.194.0-255,3602,165403,13,320098
29681,0.001183,172.31.36.0-255,66,165469,13,320098
29682,0.001292,172.217.194.0-255,1484,166953,13,320098
29683,0.00131,172.217.194.0-255,2902,169855,13,320098
29684,0.001313,172.31.36.0-255,66,169921,13,320098
29685,0.001329,172.217.194.0-255,4320,174241,13,320098
29686,0.001332,172.31.36.0-255,66,174307,13,320098
29687,0.001358,172.217.194.0-255,1484,175791,13,320098
29688,0.001367,172.217.194.0-255,9992,185783,13,320098
29689,0.001369,172.31.36.0-255,66,185849,13,320098
29690,0.001374,172.217.194.0-255,4320,190169,13,320098
29691,0.001376,172.31.36.0-255,66,190235,13,320098
29692,0.001392,172.217.194.0-255,5738,195973,13,320098
29693,0.001395,172.31.36.0-255,66,196039,13,320098
29694,0.001426,172.217.194.0-255,3602,199641,13,320098
29695,0.001429,172.31.36.0-255,66,199707,13,320098
29696,0.001435,172.217.194.0-255,5738,205445,13,320098
29697,0.001437,172.31.36.0-255,66,205511,13,320098
29698,0.001441,172.217.194.0-255,1484,206995,13,320098
29699,0.00146,172.217.194.0-255,5738,212733,13,320098
29700,0.001464,172.31.36.0-255,66,212799,13,320098
29701,0.00152,172.217.194.0-255,9992,222791,13,320098
29702,0.001524,172.31.36.0-255,66,222857,13,320098
29703,0.00155,172.217.194.0-255,4320,227177,13,320098
29704,0.001553,172.31.36.0-255,66,227243,13,320098
29705,0.00156,172.217.194.0-255,6438,233681,13,320098
29706,0.001561,172.31.36.0-255,66,233747,13,320098
29707,0.001564,172.217.194.0-255,1484,235231,13,320098
29708,0.001568,172.217.194.0-255,2902,238133,13,320098
29709,0.001571,172.31.36.0-255,66,238199,13,320098
29710,0.001576,172.217.194.0-255,4320,242519,13,320098
29711,0.001579,172.31.36.0-255,66,242585,13,320098
29712,0.001582,172.217.194.0-255,2902,245487,13,320098
29713,0.001585,172.31.36.0-255,66,245553,13,320098
29714,0.001613,172.217.194.0-255,5738,251291,13,320098
29715,0.001617,172.31.36.0-255,66,251357,13,320098
29716,0.001638,172.217.194.0-255,2902,254259,13,320098
29717,0.001641,172.31.36.0-255,66,254325,13,320098
29718,0.001675,172.31.36.0-255,66,254391,13,320098
29719,0.001686,172.217.194.0-255,1484,255875,13,320098
29720,0.001689,172.217.194.0-255,1484,257359,13,320098
29721,0.001691,172.31.36.0-255,66,257425,13,320098
29722,0.001716,172.217.194.0-255,1484,258909,13,320098
29723,0.001722,172.217.194.0-255,5738,264647,13,320098
29724,0.001725,172.31.36.0-255,66,264713,13,320098
29725,0.001731,172.217.194.0-255,5738,270451,13,320098
29726,0.001733,172.31.36.0-255,66,270517,13,320098
29727,0.001761,172.217.194.0-255,7156,277673,13,320098
29728,0.001764,172.31.36.0-255,66,277739,13,320098
29729,0.001782,172.217.194.0-255,2902,280641,13,320098
29730,0.001785,172.31.36.0-255,66,280707,13,320098
29731,0.001815,172.217.194.0-255,7856,288563,13,320098
29732,0.001819,172.31.36.0-255,66,288629,13,320098
29733,0.001829,172.31.36.0-255,66,288695,13,320098
29734,0.001842,172.217.194.0-255,1484,290179,13,320098
29735,0.001846,172.217.194.0-255,2902,293081,13,320098
29736,0.001848,172.31.36.0-255,66,293147,13,320098
29737,0.001853,172.217.194.0-255,5738,298885,13,320098
29738,0.001855,172.31.36.0-255,66,298951,13,320098
29739,0.001886,172.217.194.0-255,4320,303271,13,320098
29740,0.001889,172.31.36.0-255,66,303337,13,320098
29741,0.001912,172.217.194.0-255,7856,311193,13,320098
29742,0.001915,172.31.36.0-255,66,311259,13,320098
29743,0.001937,172.217.194.0-255,1484,312743,13,320098
29744,0.001954,172.217.194.0-255,6850,319593,13,320098
29745,0.001957,172.31.36.0-255,66,319659,13,320098
29746,0.00196,172.217.194.0-255,97,319756,13,320098
29747,0.002,172.217.194.0-255,105,319861,13,320098
29748,0.008732,172.31.36.0-255,66,319927,13,320098
29749,0.008761,172.31.36.0-255,105,320032,13,320098
29750,0.011108,172.217.194.0-255,66,320098,13,320098
29751,0.0,74.125.24.0-255,167,167,13,162627
29752,1.5e-05,172.31.36.0-255,66,233,13,162627
29753,2.2e-05,74.125.24.0-255,1484,1717,13,162627
29754,2.9e-05,172.31.36.0-255,66,1783,13,162627
29755,4.2e-05,74.125.24.0-255,2902,4685,13,162627
29756,4.5e-05,172.31.36.0-255,66,4751,13,162627
29757,5e-05,74.125.24.0-255,2902,7653,13,162627
29758,5.2e-05,172.31.36.0-255,66,7719,13,162627
29759,5.9e-05,74.125.24.0-255,4320,12039,13,162627
29760,6.2e-05,172.31.36.0-255,66,12105,13,162627
29761,9e-05,74.125.24.0-255,3421,15526,13,162627
29762,9.3e-05,172.31.36.0-255,66,15592,13,162627
29763,0.000104,74.125.24.0-255,9992,25584,13,162627
29764,0.000107,172.31.36.0-255,66,25650,13,162627
29765,0.000137,74.125.24.0-255,5379,31029,13,162627
29766,0.00014,172.31.36.0-255,66,31095,13,162627
29767,0.000195,74.125.24.0-255,1484,32579,13,162627
29768,0.000198,172.31.36.0-255,66,32645,13,162627
29769,0.000202,74.125.24.0-255,2902,35547,13,162627
29770,0.000205,172.31.36.0-255,66,35613,13,162627
29771,0.000208,74.125.24.0-255,1484,37097,13,162627
29772,0.000214,172.31.36.0-255,66,37163,13,162627
29773,0.000239,74.125.24.0-255,4320,41483,13,162627
29774,0.000241,172.31.36.0-255,66,41549,13,162627
29775,0.000272,74.125.24.0-255,6797,48346,13,162627
29776,0.000274,172.31.36.0-255,66,48412,13,162627
29777,0.000281,74.125.24.0-255,5738,54150,13,162627
29778,0.000284,172.31.36.0-255,66,54216,13,162627
29779,0.000308,74.125.24.0-255,1484,55700,13,162627
29780,0.00031,172.31.36.0-255,66,55766,13,162627
29781,0.00032,74.125.24.0-255,9945,65711,13,162627
29782,0.000323,172.31.36.0-255,66,65777,13,162627
29783,0.000425,74.125.24.0-255,109,65886,13,162627
29784,0.000448,74.125.24.0-255,333,66219,13,162627
29785,0.000807,74.125.24.0-255,1484,67703,13,162627
29786,0.000813,172.31.36.0-255,66,67769,13,162627
29787,0.000819,74.125.24.0-255,2902,70671,13,162627
29788,0.000821,172.31.36.0-255,66,70737,13,162627
29789,0.000833,74.125.24.0-255,5738,76475,13,162627
29790,0.000835,172.31.36.0-255,66,76541,13,162627
29791,0.00085,74.125.24.0-255,5738,82279,13,162627
29792,0.000852,172.31.36.0-255,66,82345,13,162627
29793,0.000885,74.125.24.0-255,4320,86665,13,162627
29794,0.000898,74.125.24.0-255,2184,88849,13,162627
29795,0.000905,172.31.36.0-255,66,88915,13,162627
29796,0.000908,172.31.36.0-255,66,88981,13,162627
29797,0.000915,172.31.36.0-255,66,89047,13,162627
29798,0.002199,74.125.24.0-255,1484,90531,13,162627
29799,0.002209,74.125.24.0-255,2902,93433,13,162627
29800,0.002214,172.31.36.0-255,66,93499,13,162627
29801,0.002223,74.125.24.0-255,5738,99237,13,162627
29802,0.002225,172.31.36.0-255,66,99303,13,162627
29803,0.00226,74.125.24.0-255,2902,102205,13,162627
29804,0.002262,172.31.36.0-255,66,102271,13,162627
29805,0.002295,74.125.24.0-255,9992,112263,13,162627
29806,0.002297,172.31.36.0-255,66,112329,13,162627
29807,0.002303,74.125.24.0-255,5738,118067,13,162627
29808,0.002305,172.31.36.0-255,66,118133,13,162627
29809,0.002316,74.125.24.0-255,5020,123153,13,162627
29810,0.002318,172.31.36.0-255,66,123219,13,162627
29811,0.00458,74.125.24.0-255,4320,127539,13,162627
29812,0.004584,172.31.36.0-255,66,127605,13,162627
29813,0.0046,74.125.24.0-255,1484,129089,13,162627
29814,0.006856,74.125.24.0-255,4320,133409,13,162627
29815,0.006862,172.31.36.0-255,66,133475,13,162627
29816,0.00913,74.125.24.0-255,5738,139213,13,162627
29817,0.009137,172.31.36.0-255,66,139279,13,162627
29818,0.011401,74.125.24.0-255,5738,145017,13,162627
29819,0.01141,172.31.36.0-255,66,145083,13,162627
29820,0.013686,74.125.24.0-255,2902,147985,13,162627
29821,0.013696,172.31.36.0-255,66,148051,13,162627
29822,0.013727,74.125.24.0-255,2902,150953,13,162627
29823,0.01373,172.31.36.0-255,66,151019,13,162627
29824,0.016008,74.125.24.0-255,5738,156757,13,162627
29825,0.016017,172.31.36.0-255,66,156823,13,162627
29826,0.018267,74.125.24.0-255,5738,162561,13,162627
29827,0.018275,172.31.36.0-255,66,162627,13,162627
29828,0.0,74.125.24.0-255,146,146,13,345761
29829,2.3e-05,172.31.36.0-255,66,212,13,345761
29830,2.8e-05,74.125.24.0-255,1484,1696,13,345761
29831,3.1e-05,172.31.36.0-255,66,1762,13,345761
29832,3.5e-05,74.125.24.0-255,2902,4664,13,345761
29833,3.7e-05,172.31.36.0-255,66,4730,13,345761
29834,4.1e-05,74.125.24.0-255,1484,6214,13,345761
29835,4.3e-05,172.31.36.0-255,66,6280,13,345761
29836,6.1e-05,74.125.24.0-255,4320,10600,13,345761
29837,6.5e-05,172.31.36.0-255,66,10666,13,345761
29838,9.3e-05,74.125.24.0-255,3531,14197,13,345761
29839,9.6e-05,172.31.36.0-255,66,14263,13,345761
29840,9.9e-05,74.125.24.0-255,1484,15747,13,345761
29841,0.000101,172.31.36.0-255,66,15813,13,345761
29842,0.000116,74.125.24.0-255,2902,18715,13,345761
29843,0.000118,172.31.36.0-255,66,18781,13,345761
29844,0.000123,74.125.24.0-255,4320,23101,13,345761
29845,0.000125,172.31.36.0-255,66,23167,13,345761
29846,0.000157,74.125.24.0-255,5738,28905,13,345761
29847,0.000159,172.31.36.0-255,66,28971,13,345761
29848,0.000163,74.125.24.0-255,2543,31514,13,345761
29849,0.000165,172.31.36.0-255,66,31580,13,345761
29850,0.000196,74.125.24.0-255,1484,33064,13,345761
29851,0.000198,172.31.36.0-255,66,33130,13,345761
29852,0.000202,74.125.24.0-255,2902,36032,13,345761
29853,0.000204,172.31.36.0-255,66,36098,13,345761
29854,0.000206,74.125.24.0-255,1484,37582,13,345761
29855,0.000208,172.31.36.0-255,66,37648,13,345761
29856,0.00023,74.125.24.0-255,4320,41968,13,345761
29857,0.000233,172.31.36.0-255,66,42034,13,345761
29858,0.000251,74.125.24.0-255,6797,48831,13,345761
29859,0.000254,172.31.36.0-255,66,48897,13,345761
29860,0.00028,74.125.24.0-255,7156,56053,13,345761
29861,0.000285,172.31.36.0-255,66,56119,13,345761
29862,0.000297,74.125.24.0-255,5738,61857,13,345761
29863,0.000301,172.31.36.0-255,66,61923,13,345761
29864,0.00031,74.125.24.0-255,4292,66215,13,345761
29865,0.000314,172.31.36.0-255,66,66281,13,345761
29866,0.00033,74.125.24.0-255,113,66394,13,345761
29867,0.000354,74.125.24.0-255,332,66726,13,345761
29868,0.000613,74.125.24.0-255,1484,68210,13,345761
29869,0.000617,172.31.36.0-255,66,68276,13,345761
29870,0.00062,74.125.24.0-255,1484,69760,13,345761
29871,0.000634,74.125.24.0-255,1484,71244,13,345761
29872,0.000638,172.31.36.0-255,66,71310,13,345761
29873,0.000639,74.125.24.0-255,4320,75630,13,345761
29874,0.000642,172.31.36.0-255,66,75696,13,345761
29875,0.000649,74.125.24.0-255,1484,77180,13,345761
29876,0.000674,74.125.24.0-255,5738,82918,13,345761
29877,0.000685,172.31.36.0-255,66,82984,13,345761
29878,0.000688,74.125.24.0-255,2902,85886,13,345761
29879,0.000696,74.125.24.0-255,9992,95878,13,345761
29880,0.000697,172.31.36.0-255,66,95944,13,345761
29881,0.000698,74.125.24.0-255,1484,97428,13,345761
29882,0.000702,172.31.36.0-255,66,97494,13,345761
29883,0.000714,74.125.24.0-255,3602,101096,13,345761
29884,0.000724,74.125.24.0-255,1484,102580,13,345761
29885,0.000725,172.31.36.0-255,66,102646,13,345761
29886,0.000744,74.125.24.0-255,4320,106966,13,345761
29887,0.000747,172.31.36.0-255,66,107032,13,345761
29888,0.000755,74.125.24.0-255,8574,115606,13,345761
29889,0.000762,172.31.36.0-255,66,115672,13,345761
29890,0.000778,74.125.24.0-255,4320,119992,13,345761
29891,0.000785,74.125.24.0-255,7156,127148,13,345761
29892,0.000791,172.31.36.0-255,66,127214,13,345761
29893,0.000798,74.125.24.0-255,1484,128698,13,345761
29894,0.000816,74.125.24.0-255,6438,135136,13,345761
29895,0.000822,172.31.36.0-255,66,135202,13,345761
29896,0.000861,74.125.24.0-255,8574,143776,13,345761
29897,0.000866,172.31.36.0-255,66,143842,13,345761
29898,0.000868,74.125.24.0-255,5738,149580,13,345761
29899,0.00088,172.31.36.0-255,66,149646,13,345761
29900,0.000885,74.125.24.0-255,4320,153966,13,345761
29901,0.000898,172.31.36.0-255,66,154032,13,345761
29902,0.000905,74.125.24.0-255,9992,164024,13,345761
29903,0.000913,172.31.36.0-255,66,164090,13,345761
29904,0.000921,74.125.24.0-255,1484,165574,13,345761
29905,0.000925,74.125.24.0-255,3602,169176,13,345761
29906,0.000929,172.31.36.0-255,66,169242,13,345761
29907,0.001088,74.125.24.0-255,1484,170726,13,345761
29908,0.001092,74.125.24.0-255,1484,172210,13,345761
29909,0.001094,172.31.36.0-255,66,172276,13,345761
29910,0.001104,74.125.24.0-255,1484,173760,13,345761
29911,0.00111,74.125.24.0-255,5738,179498,13,345761
29912,0.001121,172.31.36.0-255,66,179564,13,345761
29913,0.001129,74.125.24.0-255,5738,185302,13,345761
29914,0.001137,172.31.36.0-255,66,185368,13,345761
29915,0.001146,74.125.24.0-255,7156,192524,13,345761
29916,0.001151,172.31.36.0-255,66,192590,13,345761
29917,0.001164,74.125.24.0-255,5738,198328,13,345761
29918,0.001168,172.31.36.0-255,66,198394,13,345761
29919,0.001183,74.125.24.0-255,5020,203414,13,345761
29920,0.001187,172.31.36.0-255,66,203480,13,345761
29921,0.00129,74.125.24.0-255,1484,204964,13,345761
29922,0.001294,74.125.24.0-255,2902,207866,13,345761
29923,0.001297,172.31.36.0-255,66,207932,13,345761
29924,0.00131,74.125.24.0-255,2902,210834,13,345761
29925,0.00132,172.31.36.0-255,66,210900,13,345761
29926,0.001325,74.125.24.0-255,2902,213802,13,345761
29927,0.001332,172.31.36.0-255,66,213868,13,345761
29928,0.001355,172.31.36.0-255,66,213934,13,345761
29929,0.001364,74.125.24.0-255,1484,215418,13,345761
29930,0.001381,74.125.24.0-255,9274,224692,13,345761
29931,0.001384,172.31.36.0-255,66,224758,13,345761
29932,0.001458,74.125.24.0-255,1484,226242,13,345761
29933,0.001462,74.125.24.0-255,2902,229144,13,345761
29934,0.001474,172.31.36.0-255,66,229210,13,345761
29935,0.001477,74.125.24.0-255,5738,234948,13,345761
29936,0.001485,172.31.36.0-255,66,235014,13,345761
29937,0.001489,74.125.24.0-255,1484,236498,13,345761
29938,0.001527,74.125.24.0-255,8574,245072,13,345761
29939,0.001534,172.31.36.0-255,66,245138,13,345761
29940,0.001571,74.125.24.0-255,2184,247322,13,345761
29941,0.001574,172.31.36.0-255,66,247388,13,345761
29942,0.001721,74.125.24.0-255,1484,248872,13,345761
29943,0.001734,74.125.24.0-255,2902,251774,13,345761
29944,0.001737,172.31.36.0-255,66,251840,13,345761
29945,0.001762,74.125.24.0-255,5738,257578,13,345761
29946,0.001767,74.125.24.0-255,4320,261898,13,345761
29947,0.001771,172.31.36.0-255,66,261964,13,345761
29948,0.001791,74.125.24.0-255,5738,267702,13,345761
29949,0.001798,172.31.36.0-255,66,267768,13,345761
29950,0.0018,74.125.24.0-255,8574,276342,13,345761
29951,0.001812,172.31.36.0-255,66,276408,13,345761
29952,0.001818,74.125.24.0-255,2902,279310,13,345761
29953,0.001821,172.31.36.0-255,66,279376,13,345761
29954,0.001825,74.125.24.0-255,2184,281560,13,345761
29955,0.001839,172.31.36.0-255,66,281626,13,345761
29956,0.001931,74.125.24.0-255,1484,283110,13,345761
29957,0.001937,74.125.24.0-255,2902,286012,13,345761
29958,0.001948,172.31.36.0-255,66,286078,13,345761
29959,0.001959,74.125.24.0-255,5738,291816,13,345761
29960,0.001962,74.125.24.0-255,1484,293300,13,345761
29961,0.001963,172.31.36.0-255,66,293366,13,345761
29962,0.001997,74.125.24.0-255,8574,301940,13,345761
29963,0.002001,172.31.36.0-255,66,302006,13,345761
29964,0.002011,74.125.24.0-255,2184,304190,13,345761
29965,0.002018,172.31.36.0-255,66,304256,13,345761
29966,0.002035,74.125.24.0-255,1484,305740,13,345761
29967,0.002049,74.125.24.0-255,1484,307224,13,345761
29968,0.002052,172.31.36.0-255,66,307290,13,345761
29969,0.002057,74.125.24.0-255,2902,310192,13,345761
29970,0.00207,172.31.36.0-255,66,310258,13,345761
29971,0.002075,74.125.24.0-255,4320,314578,13,345761
29972,0.002081,74.125.24.0-255,7156,321734,13,345761
29973,0.002085,172.31.36.0-255,66,321800,13,345761
29974,0.002102,74.125.24.0-255,2902,324702,13,345761
29975,0.002111,172.31.36.0-255,66,324768,13,345761
29976,0.002122,74.125.24.0-255,9992,334760,13,345761
29977,0.002126,172.31.36.0-255,66,334826,13,345761
29978,0.002137,74.125.24.0-255,2902,337728,13,345761
29979,0.002141,172.31.36.0-255,66,337794,13,345761
29980,0.002141,74.125.24.0-255,2184,339978,13,345761
29981,0.002145,172.31.36.0-255,66,340044,13,345761
29982,0.00217,74.125.24.0-255,4320,344364,13,345761
29983,0.002181,172.31.36.0-255,66,344430,13,345761
29984,0.002188,74.125.24.0-255,989,345419,13,345761
29985,0.002191,74.125.24.0-255,105,345524,13,345761
29986,0.003251,172.31.36.0-255,66,345590,13,345761
29987,0.00328,172.31.36.0-255,105,345695,13,345761
29988,0.005558,74.125.24.0-255,66,345761,13,345761
29989,0.0,172.217.194.0-255,153,153,13,150478
29990,2e-05,172.31.36.0-255,66,219,13,150478
29991,2.7e-05,172.217.194.0-255,1484,1703,13,150478
29992,3.1e-05,172.31.36.0-255,66,1769,13,150478
29993,3.4e-05,172.217.194.0-255,1484,3253,13,150478
29994,3.7e-05,172.31.36.0-255,66,3319,13,150478
29995,5.3e-05,172.217.194.0-255,4320,7639,13,150478
29996,5.6e-05,172.31.36.0-255,66,7705,13,150478
29997,6.5e-05,172.217.194.0-255,7778,15483,13,150478
29998,6.8e-05,172.31.36.0-255,66,15549,13,150478
29999,7.7e-05,172.217.194.0-255,8574,24123,13,150478
30000,8e-05,172.31.36.0-255,66,24189,13,150478
30001,0.000102,172.217.194.0-255,4320,28509,13,150478
30002,0.00011,172.31.36.0-255,66,28575,13,150478
30003,0.00015,172.217.194.0-255,9992,38567,13,150478
30004,0.000154,172.31.36.0-255,66,38633,13,150478
30005,0.000164,172.217.194.0-255,9274,47907,13,150478
30006,0.000171,172.31.36.0-255,66,47973,13,150478
30007,0.001494,172.217.194.0-255,1484,49457,13,150478
30008,0.001502,172.31.36.0-255,66,49523,13,150478
30009,0.001512,172.217.194.0-255,2902,52425,13,150478
30010,0.001514,172.31.36.0-255,66,52491,13,150478
30011,0.001525,172.217.194.0-255,2902,55393,13,150478
30012,0.001527,172.31.36.0-255,66,55459,13,150478
30013,0.001562,172.217.194.0-255,7156,62615,13,150478
30014,0.001564,172.31.36.0-255,66,62681,13,150478
30015,0.001567,172.217.194.0-255,1484,64165,13,150478
30016,0.001569,172.31.36.0-255,66,64231,13,150478
30017,0.001586,172.217.194.0-255,2543,66774,13,150478
30018,0.001588,172.31.36.0-255,66,66840,13,150478
30019,0.001594,172.217.194.0-255,4320,71160,13,150478
30020,0.001596,172.31.36.0-255,66,71226,13,150478
30021,0.001645,172.217.194.0-255,4320,75546,13,150478
30022,0.001647,172.31.36.0-255,66,75612,13,150478
30023,0.001674,172.217.194.0-255,5738,81350,13,150478
30024,0.001677,172.31.36.0-255,66,81416,13,150478
30025,0.001684,172.217.194.0-255,7156,88572,13,150478
30026,0.001686,172.31.36.0-255,66,88638,13,150478
30027,0.001697,172.217.194.0-255,7156,95794,13,150478
30028,0.0017,172.31.36.0-255,66,95860,13,150478
30029,0.001722,172.217.194.0-255,3602,99462,13,150478
30030,0.001728,172.31.36.0-255,66,99528,13,150478
30031,0.003674,172.217.194.0-255,1484,101012,13,150478
30032,0.00371,172.217.194.0-255,4320,105332,13,150478
30033,0.003714,172.31.36.0-255,66,105398,13,150478
30034,0.005696,172.217.194.0-255,4320,109718,13,150478
30035,0.005703,172.31.36.0-255,66,109784,13,150478
30036,0.005721,172.217.194.0-255,1484,111268,13,150478
30037,0.007672,172.217.194.0-255,4320,115588,13,150478
30038,0.007678,172.31.36.0-255,66,115654,13,150478
30039,0.009699,172.217.194.0-255,5738,121392,13,150478
30040,0.009707,172.31.36.0-255,66,121458,13,150478
30041,0.011679,172.217.194.0-255,5738,127196,13,150478
30042,0.011688,172.31.36.0-255,66,127262,13,150478
30043,0.013663,172.217.194.0-255,5738,133000,13,150478
30044,0.013669,172.31.36.0-255,66,133066,13,150478
30045,0.015659,172.217.194.0-255,5738,138804,13,150478
30046,0.015667,172.31.36.0-255,66,138870,13,150478
30047,0.017652,172.217.194.0-255,5738,144608,13,150478
30048,0.01766,172.31.36.0-255,66,144674,13,150478
30049,0.019678,172.217.194.0-255,5738,150412,13,150478
30050,0.019686,172.31.36.0-255,66,150478,13,150478
30051,0.0,74.125.24.0-255,153,153,13,230881
30052,2.2e-05,172.31.36.0-255,66,219,13,230881
30053,3e-05,74.125.24.0-255,1484,1703,13,230881
30054,3.5e-05,172.31.36.0-255,66,1769,13,230881
30055,4.1e-05,74.125.24.0-255,2902,4671,13,230881
30056,4.5e-05,172.31.36.0-255,66,4737,13,230881
30057,5.3e-05,74.125.24.0-255,7156,11893,13,230881
30058,5.6e-05,172.31.36.0-255,66,11959,13,230881
30059,6.2e-05,74.125.24.0-255,4320,16279,13,230881
30060,6.5e-05,172.31.36.0-255,66,16345,13,230881
30061,9.1e-05,74.125.24.0-255,10595,26940,13,230881
30062,9.4e-05,172.31.36.0-255,66,27006,13,230881
30063,0.0001,74.125.24.0-255,3961,30967,13,230881
30064,0.000104,172.31.36.0-255,66,31033,13,230881
30065,0.000164,74.125.24.0-255,1484,32517,13,230881
30066,0.000167,172.31.36.0-255,66,32583,13,230881
30067,0.000172,74.125.24.0-255,2902,35485,13,230881
30068,0.000174,172.31.36.0-255,66,35551,13,230881
30069,0.00018,74.125.24.0-255,4320,39871,13,230881
30070,0.000183,172.31.36.0-255,66,39937,13,230881
30071,0.0002,74.125.24.0-255,1484,41421,13,230881
30072,0.000202,172.31.36.0-255,66,41487,13,230881
30073,0.00021,74.125.24.0-255,7156,48643,13,230881
30074,0.000213,172.31.36.0-255,66,48709,13,230881
30075,0.000237,74.125.24.0-255,5738,54447,13,230881
30076,0.00024,172.31.36.0-255,66,54513,13,230881
30077,0.000248,74.125.24.0-255,8574,63087,13,230881
30078,0.00025,172.31.36.0-255,66,63153,13,230881
30079,0.000276,74.125.24.0-255,2481,65634,13,230881
30080,0.000279,172.31.36.0-255,66,65700,13,230881
30081,0.000282,74.125.24.0-255,411,66111,13,230881
30082,0.000284,172.31.36.0-255,66,66177,13,230881
30083,0.00049,74.125.24.0-255,1484,67661,13,230881
30084,0.000497,74.125.24.0-255,2902,70563,13,230881
30085,0.000502,172.31.36.0-255,66,70629,13,230881
30086,0.000526,74.125.24.0-255,5738,76367,13,230881
30087,0.000529,172.31.36.0-255,66,76433,13,230881
30088,0.000554,74.125.24.0-255,1484,77917,13,230881
30089,0.00057,74.125.24.0-255,5738,83655,13,230881
30090,0.000572,172.31.36.0-255,66,83721,13,230881
30091,0.000588,172.31.36.0-255,66,83787,13,230881
30092,0.000592,74.125.24.0-255,2184,85971,13,230881
30093,0.000595,172.31.36.0-255,66,86037,13,230881
30094,0.000762,74.125.24.0-255,1484,87521,13,230881
30095,0.000768,74.125.24.0-255,2902,90423,13,230881
30096,0.000771,172.31.36.0-255,66,90489,13,230881
30097,0.000778,74.125.24.0-255,5738,96227,13,230881
30098,0.00078,172.31.36.0-255,66,96293,13,230881
30099,0.000783,74.125.24.0-255,1484,97777,13,230881
30100,0.000808,74.125.24.0-255,5738,103515,13,230881
30101,0.000811,172.31.36.0-255,66,103581,13,230881
30102,0.000814,74.125.24.0-255,1484,105065,13,230881
30103,0.000842,172.31.36.0-255,66,105131,13,230881
30104,0.000859,74.125.24.0-255,1484,106615,13,230881
30105,0.000863,74.125.24.0-255,2184,108799,13,230881
30106,0.000865,172.31.36.0-255,66,108865,13,230881
30107,0.000943,74.125.24.0-255,1484,110349,13,230881
30108,0.000949,74.125.24.0-255,2902,113251,13,230881
30109,0.000953,172.31.36.0-255,66,113317,13,230881
30110,0.000964,74.125.24.0-255,1484,114801,13,230881
30111,0.000983,74.125.24.0-255,4320,119121,13,230881
30112,0.000987,172.31.36.0-255,66,119187,13,230881
30113,0.001,74.125.24.0-255,7156,126343,13,230881
30114,0.001003,172.31.36.0-255,66,126409,13,230881
30115,0.001021,74.125.24.0-255,5738,132147,13,230881
30116,0.001024,172.31.36.0-255,66,132213,13,230881
30117,0.001033,74.125.24.0-255,8574,140787,13,230881
30118,0.001036,172.31.36.0-255,66,140853,13,230881
30119,0.001066,74.125.24.0-255,2184,143037,13,230881
30120,0.001069,172.31.36.0-255,66,143103,13,230881
30121,0.001073,74.125.24.0-255,2902,146005,13,230881
30122,0.001075,172.31.36.0-255,66,146071,13,230881
30123,0.001083,74.125.24.0-255,7156,153227,13,230881
30124,0.001086,172.31.36.0-255,66,153293,13,230881
30125,0.001131,172.31.36.0-255,66,153359,13,230881
30126,0.001139,74.125.24.0-255,7856,161215,13,230881
30127,0.001142,172.31.36.0-255,66,161281,13,230881
30128,0.00134,74.125.24.0-255,1484,162765,13,230881
30129,0.001346,74.125.24.0-255,2902,165667,13,230881
30130,0.001349,172.31.36.0-255,66,165733,13,230881
30131,0.001356,74.125.24.0-255,5738,171471,13,230881
30132,0.001358,172.31.36.0-255,66,171537,13,230881
30133,0.001395,172.31.36.0-255,66,171603,13,230881
30134,0.001416,74.125.24.0-255,4320,175923,13,230881
30135,0.001418,172.31.36.0-255,66,175989,13,230881
30136,0.001439,74.125.24.0-255,6438,182427,13,230881
30137,0.001441,172.31.36.0-255,66,182493,13,230881
30138,0.001448,74.125.24.0-255,5738,188231,13,230881
30139,0.001451,172.31.36.0-255,66,188297,13,230881
30140,0.00147,74.125.24.0-255,5738,194035,13,230881
30141,0.001473,172.31.36.0-255,66,194101,13,230881
30142,0.001504,172.31.36.0-255,66,194167,13,230881
30143,0.001543,74.125.24.0-255,5738,199905,13,230881
30144,0.001545,172.31.36.0-255,66,199971,13,230881
30145,0.001584,172.31.36.0-255,66,200037,13,230881
30146,0.001598,172.31.36.0-255,66,200103,13,230881
30147,0.001604,74.125.24.0-255,5020,205123,13,230881
30148,0.001607,172.31.36.0-255,66,205189,13,230881
30149,0.001611,74.125.24.0-255,2902,208091,13,230881
30150,0.001613,172.31.36.0-255,66,208157,13,230881
30151,0.001637,74.125.24.0-255,2902,211059,13,230881
30152,0.001639,172.31.36.0-255,66,211125,13,230881
30153,0.001652,172.31.36.0-255,66,211191,13,230881
30154,0.001672,74.125.24.0-255,2902,214093,13,230881
30155,0.001674,172.31.36.0-255,66,214159,13,230881
30156,0.001708,172.31.36.0-255,66,214225,13,230881
30157,0.001724,172.31.36.0-255,66,214291,13,230881
30158,0.001753,74.125.24.0-255,2902,217193,13,230881
30159,0.001756,172.31.36.0-255,66,217259,13,230881
30160,0.00177,172.31.36.0-255,66,217325,13,230881
30161,0.001775,74.125.24.0-255,2902,220227,13,230881
30162,0.001778,172.31.36.0-255,66,220293,13,230881
30163,0.001808,74.125.24.0-255,10180,230473,13,230881
30164,0.001811,172.31.36.0-255,66,230539,13,230881
30165,0.001814,74.125.24.0-255,105,230644,13,230881
30166,0.009948,172.31.36.0-255,66,230710,13,230881
30167,0.009994,172.31.36.0-255,105,230815,13,230881
30168,0.012457,74.125.24.0-255,66,230881,13,230881
30169,0.0,74.125.24.0-255,153,153,13,217122
30170,2.2e-05,172.31.36.0-255,66,219,13,217122
30171,3e-05,74.125.24.0-255,1484,1703,13,217122
30172,3.5e-05,172.31.36.0-255,66,1769,13,217122
30173,4.9e-05,74.125.24.0-255,2902,4671,13,217122
30174,5.3e-05,172.31.36.0-255,66,4737,13,217122
30175,5.9e-05,74.125.24.0-255,5738,10475,13,217122
30176,6.3e-05,172.31.36.0-255,66,10541,13,217122
30177,8.4e-05,74.125.24.0-255,2902,13443,13,217122
30178,8.6e-05,172.31.36.0-255,66,13509,13,217122
30179,0.000115,74.125.24.0-255,2086,15595,13,217122
30180,0.000123,172.31.36.0-255,66,15661,13,217122
30181,0.00013,74.125.24.0-255,5738,21399,13,217122
30182,0.000132,172.31.36.0-255,66,21465,13,217122
30183,0.000138,74.125.24.0-255,5738,27203,13,217122
30184,0.000141,172.31.36.0-255,66,27269,13,217122
30185,0.000167,74.125.24.0-255,3961,31230,13,217122
30186,0.000169,172.31.36.0-255,66,31296,13,217122
30187,0.000238,74.125.24.0-255,1484,32780,13,217122
30188,0.000241,172.31.36.0-255,66,32846,13,217122
30189,0.000256,74.125.24.0-255,2902,35748,13,217122
30190,0.000265,74.125.24.0-255,5738,41486,13,217122
30191,0.000271,172.31.36.0-255,66,41552,13,217122
30192,0.000279,172.31.36.0-255,66,41618,13,217122
30193,0.000283,74.125.24.0-255,1484,43102,13,217122
30194,0.000285,172.31.36.0-255,66,43168,13,217122
30195,0.000328,74.125.24.0-255,9633,52801,13,217122
30196,0.000332,172.31.36.0-255,66,52867,13,217122
30197,0.000349,172.31.36.0-255,66,52933,13,217122
30198,0.000353,74.125.24.0-255,1125,54058,13,217122
30199,0.000355,172.31.36.0-255,66,54124,13,217122
30200,0.000978,74.125.24.0-255,646,54770,13,217122
30201,0.001018,74.125.24.0-255,1484,56254,13,217122
30202,0.001022,172.31.36.0-255,66,56320,13,217122
30203,0.001029,74.125.24.0-255,4320,60640,13,217122
30204,0.001032,172.31.36.0-255,66,60706,13,217122
30205,0.00104,74.125.24.0-255,5738,66444,13,217122
30206,0.001042,172.31.36.0-255,66,66510,13,217122
30207,0.001085,74.125.24.0-255,4320,70830,13,217122
30208,0.001088,172.31.36.0-255,66,70896,13,217122
30209,0.001098,74.125.24.0-255,9992,80888,13,217122
30210,0.001109,172.31.36.0-255,66,80954,13,217122
30211,0.00113,74.125.24.0-255,9992,90946,13,217122
30212,0.001164,74.125.24.0-255,1994,92940,13,217122
30213,0.001166,172.31.36.0-255,66,93006,13,217122
30214,0.001177,172.31.36.0-255,66,93072,13,217122
30215,0.001293,74.125.24.0-255,1484,94556,13,217122
30216,0.001308,74.125.24.0-255,1484,96040,13,217122
30217,0.001312,172.31.36.0-255,66,96106,13,217122
30218,0.001343,74.125.24.0-255,1484,97590,13,217122
30219,0.001351,74.125.24.0-255,5738,103328,13,217122
30220,0.00136,74.125.24.0-255,9992,113320,13,217122
30221,0.001365,172.31.36.0-255,66,113386,13,217122
30222,0.001379,74.125.24.0-255,2902,116288,13,217122
30223,0.001393,74.125.24.0-255,9992,126280,13,217122
30224,0.001396,74.125.24.0-255,766,127046,13,217122
30225,0.001421,172.31.36.0-255,66,127112,13,217122
30226,0.001802,74.125.24.0-255,1484,128596,13,217122
30227,0.001808,74.125.24.0-255,2902,131498,13,217122
30228,0.001811,172.31.36.0-255,66,131564,13,217122
30229,0.001816,74.125.24.0-255,2902,134466,13,217122
30230,0.001819,172.31.36.0-255,66,134532,13,217122
30231,0.001852,74.125.24.0-255,2902,137434,13,217122
30232,0.001854,172.31.36.0-255,66,137500,13,217122
30233,0.00189,74.125.24.0-255,10692,148192,13,217122
30234,0.001896,172.31.36.0-255,66,148258,13,217122
30235,0.001947,74.125.24.0-255,1484,149742,13,217122
30236,0.001973,74.125.24.0-255,2902,152644,13,217122
30237,0.001988,172.31.36.0-255,66,152710,13,217122
30238,0.001993,74.125.24.0-255,2902,155612,13,217122
30239,0.002013,172.31.36.0-255,66,155678,13,217122
30240,0.002017,74.125.24.0-255,2902,158580,13,217122
30241,0.002065,74.125.24.0-255,4320,162900,13,217122
30242,0.00208,172.31.36.0-255,66,162966,13,217122
30243,0.002097,74.125.24.0-255,9274,172240,13,217122
30244,0.002112,74.125.24.0-255,9992,182232,13,217122
30245,0.005645,172.31.36.0-255,66,182298,13,217122
30246,0.007692,74.125.24.0-255,5738,188036,13,217122
30247,0.007701,172.31.36.0-255,66,188102,13,217122
30248,0.009765,74.125.24.0-255,5738,193840,13,217122
30249,0.009772,172.31.36.0-255,66,193906,13,217122
30250,0.011852,74.125.24.0-255,5738,199644,13,217122
30251,0.011859,172.31.36.0-255,66,199710,13,217122
30252,0.013935,74.125.24.0-255,5738,205448,13,217122
30253,0.013945,172.31.36.0-255,66,205514,13,217122
30254,0.016013,74.125.24.0-255,5738,211252,13,217122
30255,0.016021,172.31.36.0-255,66,211318,13,217122
30256,0.018085,74.125.24.0-255,5738,217056,13,217122
30257,0.018094,172.31.36.0-255,66,217122,13,217122
30258,0.0,74.125.24.0-255,153,153,13,127994
30259,2.4e-05,172.31.36.0-255,66,219,13,127994
30260,3.2e-05,74.125.24.0-255,1484,1703,13,127994
30261,3.6e-05,172.31.36.0-255,66,1769,13,127994
30262,4.2e-05,74.125.24.0-255,2902,4671,13,127994
30263,4.6e-05,172.31.36.0-255,66,4737,13,127994
30264,5.1e-05,74.125.24.0-255,4320,9057,13,127994
30265,5.5e-05,172.31.36.0-255,66,9123,13,127994
30266,6.5e-05,74.125.24.0-255,9992,19115,13,127994
30267,6.8e-05,172.31.36.0-255,66,19181,13,127994
30268,8.6e-05,74.125.24.0-255,1978,21159,13,127994
30269,8.9e-05,172.31.36.0-255,66,21225,13,127994
30270,9.5e-05,74.125.24.0-255,4320,25545,13,127994
30271,9.7e-05,172.31.36.0-255,66,25611,13,127994
30272,0.000116,74.125.24.0-255,5738,31349,13,127994
30273,0.000119,172.31.36.0-255,66,31415,13,127994
30274,0.000161,172.31.36.0-255,66,31481,13,127994
30275,0.000166,74.125.24.0-255,3602,35083,13,127994
30276,0.000169,172.31.36.0-255,66,35149,13,127994
30277,0.001528,74.125.24.0-255,1484,36633,13,127994
30278,0.001536,172.31.36.0-255,66,36699,13,127994
30279,0.001544,74.125.24.0-255,2902,39601,13,127994
30280,0.001547,172.31.36.0-255,66,39667,13,127994
30281,0.001554,74.125.24.0-255,5738,45405,13,127994
30282,0.001556,172.31.36.0-255,66,45471,13,127994
30283,0.0016,74.125.24.0-255,5738,51209,13,127994
30284,0.001603,172.31.36.0-255,66,51275,13,127994
30285,0.001617,74.125.24.0-255,1397,52672,13,127994
30286,0.00162,172.31.36.0-255,66,52738,13,127994
30287,0.002104,74.125.24.0-255,126,52864,13,127994
30288,0.002111,172.31.36.0-255,66,52930,13,127994
30289,0.00214,74.125.24.0-255,1484,54414,13,127994
30290,0.002159,74.125.24.0-255,2902,57316,13,127994
30291,0.002162,172.31.36.0-255,66,57382,13,127994
30292,0.002169,74.125.24.0-255,5738,63120,13,127994
30293,0.002171,172.31.36.0-255,66,63186,13,127994
30294,0.00219,74.125.24.0-255,1484,64670,13,127994
30295,0.002203,74.125.24.0-255,5738,70408,13,127994
30296,0.002206,172.31.36.0-255,66,70474,13,127994
30297,0.002228,74.125.24.0-255,5738,76212,13,127994
30298,0.002231,172.31.36.0-255,66,76278,13,127994
30299,0.002238,74.125.24.0-255,5738,82016,13,127994
30300,0.00224,172.31.36.0-255,66,82082,13,127994
30301,0.002263,74.125.24.0-255,1484,83566,13,127994
30302,0.002284,74.125.24.0-255,3602,87168,13,127994
30303,0.002289,172.31.36.0-255,66,87234,13,127994
30304,0.004659,74.125.24.0-255,5738,92972,13,127994
30305,0.004664,172.31.36.0-255,66,93038,13,127994
30306,0.007048,74.125.24.0-255,2902,95940,13,127994
30307,0.007051,172.31.36.0-255,66,96006,13,127994
30308,0.007071,74.125.24.0-255,2902,98908,13,127994
30309,0.007073,172.31.36.0-255,66,98974,13,127994
30310,0.009434,74.125.24.0-255,5738,104712,13,127994
30311,0.009442,172.31.36.0-255,66,104778,13,127994
30312,0.011837,74.125.24.0-255,5738,110516,13,127994
30313,0.011847,172.31.36.0-255,66,110582,13,127994
30314,0.014279,74.125.24.0-255,5738,116320,13,127994
30315,0.01429,172.31.36.0-255,66,116386,13,127994
30316,0.016656,74.125.24.0-255,5738,122124,13,127994
30317,0.016666,172.31.36.0-255,66,122190,13,127994
30318,0.019038,74.125.24.0-255,5738,127928,13,127994
30319,0.01905,172.31.36.0-255,66,127994,13,127994
30320,0.0,74.125.130.0-255,153,153,13,361253
30321,3.4e-05,172.31.36.0-255,66,219,13,361253
30322,4.1e-05,74.125.130.0-255,1484,1703,13,361253
30323,4.6e-05,172.31.36.0-255,66,1769,13,361253
30324,6.7e-05,74.125.130.0-255,2902,4671,13,361253
30325,7.4e-05,172.31.36.0-255,66,4737,13,361253
30326,8.2e-05,74.125.130.0-255,7156,11893,13,361253
30327,8.7e-05,172.31.36.0-255,66,11959,13,361253
30328,0.00012,74.125.130.0-255,4320,16279,13,361253
30329,0.000123,172.31.36.0-255,66,16345,13,361253
30330,0.000152,74.125.130.0-255,3484,19829,13,361253
30331,0.000156,172.31.36.0-255,66,19895,13,361253
30332,0.000162,74.125.130.0-255,4320,24215,13,361253
30333,0.000164,172.31.36.0-255,66,24281,13,361253
30334,0.000202,74.125.130.0-255,6797,31078,13,361253
30335,0.000205,172.31.36.0-255,66,31144,13,361253
30336,0.000303,74.125.130.0-255,1484,32628,13,361253
30337,0.000307,74.125.130.0-255,2902,35530,13,361253
30338,0.000308,172.31.36.0-255,66,35596,13,361253
30339,0.000312,172.31.36.0-255,66,35662,13,361253
30340,0.000344,74.125.130.0-255,5738,41400,13,361253
30341,0.000354,172.31.36.0-255,66,41466,13,361253
30342,0.000362,74.125.130.0-255,6797,48263,13,361253
30343,0.000366,172.31.36.0-255,66,48329,13,361253
30344,0.000403,74.125.130.0-255,8574,56903,13,361253
30345,0.000407,172.31.36.0-255,66,56969,13,361253
30346,0.000432,74.125.130.0-255,1484,58453,13,361253
30347,0.000435,172.31.36.0-255,66,58519,13,361253
30348,0.000459,74.125.130.0-255,7086,65605,13,361253
30349,0.000463,172.31.36.0-255,66,65671,13,361253
30350,0.000574,74.125.130.0-255,1484,67155,13,361253
30351,0.000578,172.31.36.0-255,66,67221,13,361253
30352,0.000584,74.125.130.0-255,2902,70123,13,361253
30353,0.000587,172.31.36.0-255,66,70189,13,361253
30354,0.000621,74.125.130.0-255,5738,75927,13,361253
30355,0.000625,172.31.36.0-255,66,75993,13,361253
30356,0.00065,74.125.130.0-255,6797,82790,13,361253
30357,0.000654,172.31.36.0-255,66,82856,13,361253
30358,0.000689,74.125.130.0-255,5738,88594,13,361253
30359,0.000692,172.31.36.0-255,66,88660,13,361253
30360,0.000718,74.125.130.0-255,1484,90144,13,361253
30361,0.000734,74.125.130.0-255,9910,100054,13,361253
30362,0.000737,172.31.36.0-255,66,100120,13,361253
30363,0.000861,74.125.130.0-255,1484,101604,13,361253
30364,0.000879,74.125.130.0-255,2902,104506,13,361253
30365,0.000882,172.31.36.0-255,66,104572,13,361253
30366,0.000903,74.125.130.0-255,4320,108892,13,361253
30367,0.000906,172.31.36.0-255,66,108958,13,361253
30368,0.000934,74.125.130.0-255,2902,111860,13,361253
30369,0.000937,172.31.36.0-255,66,111926,13,361253
30370,0.000969,74.125.130.0-255,5738,117664,13,361253
30371,0.000972,172.31.36.0-255,66,117730,13,361253
30372,0.000978,74.125.130.0-255,5738,123468,13,361253
30373,0.00098,172.31.36.0-255,66,123534,13,361253
30374,0.001006,74.125.130.0-255,4320,127854,13,361253
30375,0.001013,172.31.36.0-255,66,127920,13,361253
30376,0.001018,74.125.130.0-255,2902,130822,13,361253
30377,0.001021,172.31.36.0-255,66,130888,13,361253
30378,0.001024,74.125.130.0-255,1484,132372,13,361253
30379,0.001048,74.125.130.0-255,2184,134556,13,361253
30380,0.001052,172.31.36.0-255,66,134622,13,361253
30381,0.001082,74.125.130.0-255,1484,136106,13,361253
30382,0.001099,74.125.130.0-255,2902,139008,13,361253
30383,0.001103,172.31.36.0-255,66,139074,13,361253
30384,0.001106,74.125.130.0-255,1484,140558,13,361253
30385,0.001124,74.125.130.0-255,4320,144878,13,361253
30386,0.001128,74.125.130.0-255,1484,146362,13,361253
30387,0.001129,172.31.36.0-255,66,146428,13,361253
30388,0.001167,74.125.130.0-255,7156,153584,13,361253
30389,0.001171,172.31.36.0-255,66,153650,13,361253
30390,0.00118,74.125.130.0-255,9992,163642,13,361253
30391,0.001189,172.31.36.0-255,66,163708,13,361253
30392,0.001195,74.125.130.0-255,5020,168728,13,361253
30393,0.001197,172.31.36.0-255,66,168794,13,361253
30394,0.00129,74.125.130.0-255,1484,170278,13,361253
30395,0.001294,74.125.130.0-255,1484,171762,13,361253
30396,0.001297,172.31.36.0-255,66,171828,13,361253
30397,0.001324,74.125.130.0-255,1484,173312,13,361253
30398,0.00133,74.125.130.0-255,5738,179050,13,361253
30399,0.001333,172.31.36.0-255,66,179116,13,361253
30400,0.001338,74.125.130.0-255,2902,182018,13,361253
30401,0.001341,172.31.36.0-255,66,182084,13,361253
30402,0.001372,74.125.130.0-255,2902,184986,13,361253
30403,0.001375,172.31.36.0-255,66,185052,13,361253
30404,0.001387,74.125.130.0-255,7156,192208,13,361253
30405,0.00139,172.31.36.0-255,66,192274,13,361253
30406,0.001431,74.125.130.0-255,10692,202966,13,361253
30407,0.001434,172.31.36.0-255,66,203032,13,361253
30408,0.001514,74.125.130.0-255,1484,204516,13,361253
30409,0.001528,74.125.130.0-255,2902,207418,13,361253
30410,0.001531,172.31.36.0-255,66,207484,13,361253
30411,0.001535,74.125.130.0-255,1484,208968,13,361253
30412,0.001562,74.125.130.0-255,2902,211870,13,361253
30413,0.001565,172.31.36.0-255,66,211936,13,361253
30414,0.001569,74.125.130.0-255,1484,213420,13,361253
30415,0.001586,74.125.130.0-255,2902,216322,13,361253
30416,0.001589,172.31.36.0-255,66,216388,13,361253
30417,0.001614,74.125.130.0-255,1484,217872,13,361253
30418,0.001619,74.125.130.0-255,2902,220774,13,361253
30419,0.001621,172.31.36.0-255,66,220840,13,361253
30420,0.001627,74.125.130.0-255,4320,225160,13,361253
30421,0.001629,172.31.36.0-255,66,225226,13,361253
30422,0.001657,74.125.130.0-255,5738,230964,13,361253
30423,0.00166,172.31.36.0-255,66,231030,13,361253
30424,0.001667,74.125.130.0-255,6438,237468,13,361253
30425,0.001669,172.31.36.0-255,66,237534,13,361253
30426,0.001847,74.125.130.0-255,1484,239018,13,361253
30427,0.001866,74.125.130.0-255,2902,241920,13,361253
30428,0.00187,172.31.36.0-255,66,241986,13,361253
30429,0.001876,74.125.130.0-255,4320,246306,13,361253
30430,0.001878,172.31.36.0-255,66,246372,13,361253
30431,0.001906,74.125.130.0-255,1484,247856,13,361253
30432,0.001928,74.125.130.0-255,5738,253594,13,361253
30433,0.001932,172.31.36.0-255,66,253660,13,361253
30434,0.00194,74.125.130.0-255,7156,260816,13,361253
30435,0.001943,172.31.36.0-255,66,260882,13,361253
30436,0.001947,74.125.130.0-255,2902,263784,13,361253
30437,0.001954,172.31.36.0-255,66,263850,13,361253
30438,0.001981,74.125.130.0-255,2902,266752,13,361253
30439,0.001984,172.31.36.0-255,66,266818,13,361253
30440,0.002011,74.125.130.0-255,5020,271838,13,361253
30441,0.002013,172.31.36.0-255,66,271904,13,361253
30442,0.002074,74.125.130.0-255,1484,273388,13,361253
30443,0.002129,74.125.130.0-255,2902,276290,13,361253
30444,0.002132,172.31.36.0-255,66,276356,13,361253
30445,0.002137,74.125.130.0-255,4320,280676,13,361253
30446,0.002139,172.31.36.0-255,66,280742,13,361253
30447,0.002145,74.125.130.0-255,5738,286480,13,361253
30448,0.002148,172.31.36.0-255,66,286546,13,361253
30449,0.002167,172.31.36.0-255,66,286612,13,361253
30450,0.002172,74.125.130.0-255,4320,290932,13,361253
30451,0.002175,172.31.36.0-255,66,290998,13,361253
30452,0.002213,74.125.130.0-255,5738,296736,13,361253
30453,0.002217,172.31.36.0-255,66,296802,13,361253
30454,0.002245,74.125.130.0-255,5020,301822,13,361253
30455,0.002248,172.31.36.0-255,66,301888,13,361253
30456,0.002261,172.31.36.0-255,66,301954,13,361253
30457,0.002292,74.125.130.0-255,5738,307692,13,361253
30458,0.002296,172.31.36.0-255,66,307758,13,361253
30459,0.002308,74.125.130.0-255,7156,314914,13,361253
30460,0.002311,172.31.36.0-255,66,314980,13,361253
30461,0.002314,74.125.130.0-255,2184,317164,13,361253
30462,0.002316,172.31.36.0-255,66,317230,13,361253
30463,0.002551,74.125.130.0-255,1484,318714,13,361253
30464,0.002567,74.125.130.0-255,2902,321616,13,361253
30465,0.002571,172.31.36.0-255,66,321682,13,361253
30466,0.002603,74.125.130.0-255,5738,327420,13,361253
30467,0.002607,172.31.36.0-255,66,327486,13,361253
30468,0.002612,74.125.130.0-255,4320,331806,13,361253
30469,0.002615,172.31.36.0-255,66,331872,13,361253
30470,0.002647,74.125.130.0-255,4320,336192,13,361253
30471,0.00265,172.31.36.0-255,66,336258,13,361253
30472,0.002658,74.125.130.0-255,9992,346250,13,361253
30473,0.002661,172.31.36.0-255,66,346316,13,361253
30474,0.002673,74.125.130.0-255,5020,351336,13,361253
30475,0.002675,172.31.36.0-255,66,351402,13,361253
30476,0.005305,74.125.130.0-255,1484,352886,13,361253
30477,0.005323,74.125.130.0-255,2902,355788,13,361253
30478,0.005328,172.31.36.0-255,66,355854,13,361253
30479,0.005355,74.125.130.0-255,1484,357338,13,361253
30480,0.00795,74.125.130.0-255,3678,361016,13,361253
30481,0.007955,172.31.36.0-255,66,361082,13,361253
30482,0.009745,172.31.36.0-255,105,361187,13,361253
30483,0.012345,74.125.130.0-255,66,361253,13,361253
30484,0.0,74.125.24.0-255,154,154,13,317946
30485,1.7e-05,172.31.36.0-255,66,220,13,317946
30486,2.4e-05,74.125.24.0-255,1484,1704,13,317946
30487,2.9e-05,172.31.36.0-255,66,1770,13,317946
30488,3.6e-05,74.125.24.0-255,2902,4672,13,317946
30489,4e-05,172.31.36.0-255,66,4738,13,317946
30490,6.2e-05,74.125.24.0-255,5738,10476,13,317946
30491,6.5e-05,172.31.36.0-255,66,10542,13,317946
30492,9.2e-05,74.125.24.0-255,7156,17698,13,317946
30493,9.5e-05,172.31.36.0-255,66,17764,13,317946
30494,0.000123,74.125.24.0-255,6283,24047,13,317946
30495,0.000125,172.31.36.0-255,66,24113,13,317946
30496,0.000129,74.125.24.0-255,2902,27015,13,317946
30497,0.000132,172.31.36.0-255,66,27081,13,317946
30498,0.000137,74.125.24.0-255,3961,31042,13,317946
30499,0.00014,172.31.36.0-255,66,31108,13,317946
30500,0.000146,74.125.24.0-255,4320,35428,13,317946
30501,0.000149,172.31.36.0-255,66,35494,13,317946
30502,0.000155,74.125.24.0-255,5738,41232,13,317946
30503,0.000158,172.31.36.0-255,66,41298,13,317946
30504,0.000181,74.125.24.0-255,4320,45618,13,317946
30505,0.000184,172.31.36.0-255,66,45684,13,317946
30506,0.000188,74.125.24.0-255,2543,48227,13,317946
30507,0.00019,172.31.36.0-255,66,48293,13,317946
30508,0.000249,74.125.24.0-255,2902,51195,13,317946
30509,0.000253,172.31.36.0-255,66,51261,13,317946
30510,0.000261,74.125.24.0-255,7156,58417,13,317946
30511,0.000263,172.31.36.0-255,66,58483,13,317946
30512,0.000285,74.125.24.0-255,5738,64221,13,317946
30513,0.000288,172.31.36.0-255,66,64287,13,317946
30514,0.00031,74.125.24.0-255,1504,65791,13,317946
30515,0.000313,172.31.36.0-255,66,65857,13,317946
30516,0.000675,74.125.24.0-255,329,66186,13,317946
30517,0.000912,74.125.24.0-255,1484,67670,13,317946
30518,0.000917,172.31.36.0-255,66,67736,13,317946
30519,0.000923,74.125.24.0-255,2902,70638,13,317946
30520,0.00094,74.125.24.0-255,5738,76376,13,317946
30521,0.000958,172.31.36.0-255,66,76442,13,317946
30522,0.000969,74.125.24.0-255,1484,77926,13,317946
30523,0.001023,74.125.24.0-255,10692,88618,13,317946
30524,0.001038,172.31.36.0-255,66,88684,13,317946
30525,0.001435,74.125.24.0-255,1484,90168,13,317946
30526,0.001441,74.125.24.0-255,2902,93070,13,317946
30527,0.001445,172.31.36.0-255,66,93136,13,317946
30528,0.001495,74.125.24.0-255,4320,97456,13,317946
30529,0.001498,172.31.36.0-255,66,97522,13,317946
30530,0.001502,74.125.24.0-255,1484,99006,13,317946
30531,0.001523,74.125.24.0-255,4320,103326,13,317946
30532,0.001551,74.125.24.0-255,2902,106228,13,317946
30533,0.001566,74.125.24.0-255,8574,114802,13,317946
30534,0.001574,74.125.24.0-255,7856,122658,13,317946
30535,0.001589,172.31.36.0-255,66,122724,13,317946
30536,0.001596,74.125.24.0-255,4320,127044,13,317946
30537,0.001601,172.31.36.0-255,66,127110,13,317946
30538,0.001612,74.125.24.0-255,5738,132848,13,317946
30539,0.001614,74.125.24.0-255,1484,134332,13,317946
30540,0.001633,74.125.24.0-255,9992,144324,13,317946
30541,0.001649,74.125.24.0-255,4320,148644,13,317946
30542,0.001667,74.125.24.0-255,7856,156500,13,317946
30543,0.001671,172.31.36.0-255,66,156566,13,317946
30544,0.001725,74.125.24.0-255,1484,158050,13,317946
30545,0.001738,74.125.24.0-255,2902,160952,13,317946
30546,0.00175,74.125.24.0-255,1484,162436,13,317946
30547,0.001753,172.31.36.0-255,66,162502,13,317946
30548,0.001767,74.125.24.0-255,4320,166822,13,317946
30549,0.00177,74.125.24.0-255,1484,168306,13,317946
30550,0.001788,74.125.24.0-255,9992,178298,13,317946
30551,0.001795,172.31.36.0-255,66,178364,13,317946
30552,0.001815,74.125.24.0-255,1484,179848,13,317946
30553,0.001827,74.125.24.0-255,10692,190540,13,317946
30554,0.001845,74.125.24.0-255,5738,196278,13,317946
30555,0.001851,172.31.36.0-255,66,196344,13,317946
30556,0.001875,74.125.24.0-255,5738,202082,13,317946
30557,0.001882,74.125.24.0-255,7156,209238,13,317946
30558,0.001889,172.31.36.0-255,66,209304,13,317946
30559,0.001944,172.31.36.0-255,66,209370,13,317946
30560,0.001953,74.125.24.0-255,1484,210854,13,317946
30561,0.001971,74.125.24.0-255,2902,213756,13,317946
30562,0.001977,74.125.24.0-255,4320,218076,13,317946
30563,0.001984,172.31.36.0-255,66,218142,13,317946
30564,0.001991,74.125.24.0-255,1484,219626,13,317946
30565,0.002009,74.125.24.0-255,5738,225364,13,317946
30566,0.002034,74.125.24.0-255,2902,228266,13,317946
30567,0.002043,74.125.24.0-255,9992,238258,13,317946
30568,0.00205,172.31.36.0-255,66,238324,13,317946
30569,0.002063,74.125.24.0-255,5020,243344,13,317946
30570,0.002079,74.125.24.0-255,2902,246246,13,317946
30571,0.002091,74.125.24.0-255,2902,249148,13,317946
30572,0.002099,172.31.36.0-255,66,249214,13,317946
30573,0.002109,74.125.24.0-255,4320,253534,13,317946
30574,0.002133,74.125.24.0-255,8574,262108,13,317946
30575,0.002142,74.125.24.0-255,8574,270682,13,317946
30576,0.002147,172.31.36.0-255,66,270748,13,317946
30577,0.00217,74.125.24.0-255,5738,276486,13,317946
30578,0.002174,74.125.24.0-255,766,277252,13,317946
30579,0.002219,172.31.36.0-255,66,277318,13,317946
30580,0.004502,74.125.24.0-255,5738,283056,13,317946
30581,0.00451,172.31.36.0-255,66,283122,13,317946
30582,0.006777,74.125.24.0-255,5738,288860,13,317946
30583,0.006781,172.31.36.0-255,66,288926,13,317946
30584,0.009057,74.125.24.0-255,5738,294664,13,317946
30585,0.009064,172.31.36.0-255,66,294730,13,317946
30586,0.011337,74.125.24.0-255,5738,300468,13,317946
30587,0.011346,172.31.36.0-255,66,300534,13,317946
30588,0.01366,74.125.24.0-255,5738,306272,13,317946
30589,0.013669,172.31.36.0-255,66,306338,13,317946
30590,0.015956,74.125.24.0-255,5738,312076,13,317946
30591,0.015963,172.31.36.0-255,66,312142,13,317946
30592,0.018241,74.125.24.0-255,5738,317880,13,317946
30593,0.01825,172.31.36.0-255,66,317946,13,317946
30594,0.0,172.217.194.0-255,147,147,13,117043
30595,3.5e-05,172.31.36.0-255,66,213,13,117043
30596,4.2e-05,172.217.194.0-255,1484,1697,13,117043
30597,4.7e-05,172.31.36.0-255,66,1763,13,117043
30598,5.2e-05,172.217.194.0-255,2902,4665,13,117043
30599,5.5e-05,172.31.36.0-255,66,4731,13,117043
30600,6.2e-05,172.217.194.0-255,7156,11887,13,117043
30601,6.5e-05,172.31.36.0-255,66,11953,13,117043
30602,6.9e-05,172.217.194.0-255,2005,13958,13,117043
30603,7.2e-05,172.31.36.0-255,66,14024,13,117043
30604,7.6e-05,172.217.194.0-255,2902,16926,13,117043
30605,7.8e-05,172.31.36.0-255,66,16992,13,117043
30606,8.5e-05,172.217.194.0-255,7156,24148,13,117043
30607,8.8e-05,172.31.36.0-255,66,24214,13,117043
30608,0.000122,172.217.194.0-255,6797,31011,13,117043
30609,0.000125,172.31.36.0-255,66,31077,13,117043
30610,0.000235,172.217.194.0-255,1484,32561,13,117043
30611,0.00024,172.31.36.0-255,66,32627,13,117043
30612,0.000246,172.217.194.0-255,2902,35529,13,117043
30613,0.000248,172.31.36.0-255,66,35595,13,117043
30614,0.000268,172.217.194.0-255,5738,41333,13,117043
30615,0.00027,172.31.36.0-255,66,41399,13,117043
30616,0.000277,172.217.194.0-255,6797,48196,13,117043
30617,0.00028,172.31.36.0-255,66,48262,13,117043
30618,0.000298,172.217.194.0-255,4320,52582,13,117043
30619,0.0003,172.31.36.0-255,66,52648,13,117043
30620,0.000342,172.217.194.0-255,5738,58386,13,117043
30621,0.000347,172.31.36.0-255,66,58452,13,117043
30622,0.00038,172.217.194.0-255,4320,62772,13,117043
30623,0.000384,172.31.36.0-255,66,62838,13,117043
30624,0.000388,172.217.194.0-255,2543,65381,13,117043
30625,0.00039,172.31.36.0-255,66,65447,13,117043
30626,0.00239,172.217.194.0-255,646,66093,13,117043
30627,0.002705,172.217.194.0-255,1484,67577,13,117043
30628,0.002711,172.31.36.0-255,66,67643,13,117043
30629,0.002718,172.217.194.0-255,2902,70545,13,117043
30630,0.00272,172.31.36.0-255,66,70611,13,117043
30631,0.004669,172.217.194.0-255,5738,76349,13,117043
30632,0.004678,172.31.36.0-255,66,76415,13,117043
30633,0.00663,172.217.194.0-255,5738,82153,13,117043
30634,0.006633,172.31.36.0-255,66,82219,13,117043
30635,0.008603,172.217.194.0-255,5738,87957,13,117043
30636,0.008616,172.31.36.0-255,66,88023,13,117043
30637,0.010609,172.217.194.0-255,5738,93761,13,117043
30638,0.010624,172.31.36.0-255,66,93827,13,117043
30639,0.012613,172.217.194.0-255,5738,99565,13,117043
30640,0.012628,172.31.36.0-255,66,99631,13,117043
30641,0.014628,172.217.194.0-255,5738,105369,13,117043
30642,0.014647,172.31.36.0-255,66,105435,13,117043
30643,0.016625,172.217.194.0-255,5738,111173,13,117043
30644,0.016638,172.31.36.0-255,66,111239,13,117043
30645,0.018631,172.217.194.0-255,5738,116977,13,117043
30646,0.018645,172.31.36.0-255,66,117043,13,117043
30647,0.0,74.125.24.0-255,153,153,13,244433
30648,3.9e-05,172.31.36.0-255,66,219,13,244433
30649,4.7e-05,74.125.24.0-255,1484,1703,13,244433
30650,5.1e-05,172.31.36.0-255,66,1769,13,244433
30651,5.8e-05,74.125.24.0-255,2902,4671,13,244433
30652,6.1e-05,172.31.36.0-255,66,4737,13,244433
30653,6.8e-05,74.125.24.0-255,5738,10475,13,244433
30654,7e-05,172.31.36.0-255,66,10541,13,244433
30655,7.7e-05,74.125.24.0-255,4785,15326,13,244433
30656,7.9e-05,172.31.36.0-255,66,15392,13,244433
30657,0.000118,74.125.24.0-255,5738,21130,13,244433
30658,0.000124,172.31.36.0-255,66,21196,13,244433
30659,0.000132,74.125.24.0-255,5738,26934,13,244433
30660,0.000134,172.31.36.0-255,66,27000,13,244433
30661,0.000161,74.125.24.0-255,3961,30961,13,244433
30662,0.000164,172.31.36.0-255,66,31027,13,244433
30663,0.000285,74.125.24.0-255,1484,32511,13,244433
30664,0.000289,172.31.36.0-255,66,32577,13,244433
30665,0.000307,74.125.24.0-255,2902,35479,13,244433
30666,0.00031,172.31.36.0-255,66,35545,13,244433
30667,0.000326,74.125.24.0-255,1484,37029,13,244433
30668,0.000329,172.31.36.0-255,66,37095,13,244433
30669,0.000352,74.125.24.0-255,2902,39997,13,244433
30670,0.000355,172.31.36.0-255,66,40063,13,244433
30671,0.000369,74.125.24.0-255,2902,42965,13,244433
30672,0.000372,172.31.36.0-255,66,43031,13,244433
30673,0.000399,74.125.24.0-255,5379,48410,13,244433
30674,0.000406,172.31.36.0-255,66,48476,13,244433
30675,0.000407,74.125.24.0-255,8574,57050,13,244433
30676,0.000411,172.31.36.0-255,66,57116,13,244433
30677,0.000416,74.125.24.0-255,5738,62854,13,244433
30678,0.000419,172.31.36.0-255,66,62920,13,244433
30679,0.000431,74.125.24.0-255,1484,64404,13,244433
30680,0.000457,74.125.24.0-255,1480,65884,13,244433
30681,0.000461,172.31.36.0-255,66,65950,13,244433
30682,0.000645,74.125.24.0-255,1484,67434,13,244433
30683,0.00066,74.125.24.0-255,2902,70336,13,244433
30684,0.000663,172.31.36.0-255,66,70402,13,244433
30685,0.000687,74.125.24.0-255,5738,76140,13,244433
30686,0.000692,172.31.36.0-255,66,76206,13,244433
30687,0.00072,74.125.24.0-255,6797,83003,13,244433
30688,0.000723,172.31.36.0-255,66,83069,13,244433
30689,0.000727,74.125.24.0-255,1484,84553,13,244433
30690,0.00075,74.125.24.0-255,5738,90291,13,244433
30691,0.000753,172.31.36.0-255,66,90357,13,244433
30692,0.000758,74.125.24.0-255,4320,94677,13,244433
30693,0.000761,172.31.36.0-255,66,94743,13,244433
30694,0.000784,74.125.24.0-255,5622,100365,13,244433
30695,0.000786,172.31.36.0-255,66,100431,13,244433
30696,0.001105,74.125.24.0-255,1484,101915,13,244433
30697,0.00111,74.125.24.0-255,1484,103399,13,244433
30698,0.001113,172.31.36.0-255,66,103465,13,244433
30699,0.001132,74.125.24.0-255,1484,104949,13,244433
30700,0.001139,74.125.24.0-255,5738,110687,13,244433
30701,0.001142,172.31.36.0-255,66,110753,13,244433
30702,0.001169,74.125.24.0-255,1484,112237,13,244433
30703,0.001204,172.31.36.0-255,66,112303,13,244433
30704,0.001247,74.125.24.0-255,10692,122995,13,244433
30705,0.001252,172.31.36.0-255,66,123061,13,244433
30706,0.001373,74.125.24.0-255,1484,124545,13,244433
30707,0.001378,74.125.24.0-255,1484,126029,13,244433
30708,0.001381,172.31.36.0-255,66,126095,13,244433
30709,0.001396,74.125.24.0-255,1484,127579,13,244433
30710,0.001403,74.125.24.0-255,5738,133317,13,244433
30711,0.001405,172.31.36.0-255,66,133383,13,244433
30712,0.001437,74.125.24.0-255,2902,136285,13,244433
30713,0.001441,172.31.36.0-255,66,136351,13,244433
30714,0.001454,74.125.24.0-255,2902,139253,13,244433
30715,0.001457,172.31.36.0-255,66,139319,13,244433
30716,0.001472,74.125.24.0-255,1484,140803,13,244433
30717,0.001478,74.125.24.0-255,4320,145123,13,244433
30718,0.00148,172.31.36.0-255,66,145189,13,244433
30719,0.001514,74.125.24.0-255,9992,155181,13,244433
30720,0.001518,74.125.24.0-255,2184,157365,13,244433
30721,0.001519,172.31.36.0-255,66,157431,13,244433
30722,0.001522,172.31.36.0-255,66,157497,13,244433
30723,0.001666,74.125.24.0-255,1484,158981,13,244433
30724,0.001688,74.125.24.0-255,2902,161883,13,244433
30725,0.001691,172.31.36.0-255,66,161949,13,244433
30726,0.001695,74.125.24.0-255,1484,163433,13,244433
30727,0.001715,74.125.24.0-255,4320,167753,13,244433
30728,0.001717,74.125.24.0-255,1484,169237,13,244433
30729,0.001719,172.31.36.0-255,66,169303,13,244433
30730,0.001742,74.125.24.0-255,5738,175041,13,244433
30731,0.001745,172.31.36.0-255,66,175107,13,244433
30732,0.001767,74.125.24.0-255,7156,182263,13,244433
30733,0.00177,172.31.36.0-255,66,182329,13,244433
30734,0.001785,74.125.24.0-255,1484,183813,13,244433
30735,0.001799,74.125.24.0-255,4320,188133,13,244433
30736,0.001802,172.31.36.0-255,66,188199,13,244433
30737,0.001821,74.125.24.0-255,3602,191801,13,244433
30738,0.001823,172.31.36.0-255,66,191867,13,244433
30739,0.002418,74.125.24.0-255,1484,193351,13,244433
30740,0.002429,74.125.24.0-255,2902,196253,13,244433
30741,0.002433,172.31.36.0-255,66,196319,13,244433
30742,0.002438,74.125.24.0-255,1484,197803,13,244433
30743,0.002456,74.125.24.0-255,4320,202123,13,244433
30744,0.002458,172.31.36.0-255,66,202189,13,244433
30745,0.002463,74.125.24.0-255,2902,205091,13,244433
30746,0.002465,172.31.36.0-255,66,205157,13,244433
30747,0.004911,74.125.24.0-255,5738,210895,13,244433
30748,0.004919,172.31.36.0-255,66,210961,13,244433
30749,0.007353,74.125.24.0-255,4320,215281,13,244433
30750,0.007362,172.31.36.0-255,66,215347,13,244433
30751,0.007394,74.125.24.0-255,1484,216831,13,244433
30752,0.00978,74.125.24.0-255,4320,221151,13,244433
30753,0.009799,172.31.36.0-255,66,221217,13,244433
30754,0.012257,74.125.24.0-255,5738,226955,13,244433
30755,0.012275,172.31.36.0-255,66,227021,13,244433
30756,0.014699,74.125.24.0-255,5738,232759,13,244433
30757,0.014716,172.31.36.0-255,66,232825,13,244433
30758,0.017115,74.125.24.0-255,5738,238563,13,244433
30759,0.01713,172.31.36.0-255,66,238629,13,244433
30760,0.019565,74.125.24.0-255,5738,244367,13,244433
30761,0.019584,172.31.36.0-255,66,244433,13,244433
30762,0.0,172.217.194.0-255,150,150,13,167199
30763,2.4e-05,172.31.36.0-255,66,216,13,167199
30764,3.2e-05,172.217.194.0-255,1484,1700,13,167199
30765,3.7e-05,172.31.36.0-255,66,1766,13,167199
30766,5.1e-05,172.217.194.0-255,2902,4668,13,167199
30767,5.3e-05,172.31.36.0-255,66,4734,13,167199
30768,6.2e-05,172.217.194.0-255,7156,11890,13,167199
30769,6.5e-05,172.31.36.0-255,66,11956,13,167199
30770,6.9e-05,172.217.194.0-255,2039,13995,13,167199
30771,7.2e-05,172.31.36.0-255,66,14061,13,167199
30772,7.6e-05,172.217.194.0-255,1484,15545,13,167199
30773,7.8e-05,172.31.36.0-255,66,15611,13,167199
30774,8.3e-05,172.217.194.0-255,2902,18513,13,167199
30775,8.6e-05,172.31.36.0-255,66,18579,13,167199
30776,0.000132,172.217.194.0-255,5738,24317,13,167199
30777,0.000136,172.31.36.0-255,66,24383,13,167199
30778,0.000144,172.217.194.0-255,6797,31180,13,167199
30779,0.000147,172.31.36.0-255,66,31246,13,167199
30780,0.000165,172.217.194.0-255,1484,32730,13,167199
30781,0.000168,172.31.36.0-255,66,32796,13,167199
30782,0.000203,172.217.194.0-255,5738,38534,13,167199
30783,0.000206,172.31.36.0-255,66,38600,13,167199
30784,0.000212,172.217.194.0-255,5738,44338,13,167199
30785,0.000215,172.31.36.0-255,66,44404,13,167199
30786,0.00025,172.217.194.0-255,3961,48365,13,167199
30787,0.000253,172.31.36.0-255,66,48431,13,167199
30788,0.000258,172.217.194.0-255,4320,52751,13,167199
30789,0.00026,172.31.36.0-255,66,52817,13,167199
30790,0.00027,172.217.194.0-255,9992,62809,13,167199
30791,0.000272,172.31.36.0-255,66,62875,13,167199
30792,0.000282,172.217.194.0-255,2543,65418,13,167199
30793,0.000284,172.31.36.0-255,66,65484,13,167199
30794,0.000312,172.217.194.0-255,646,66130,13,167199
30795,0.000349,172.217.194.0-255,1484,67614,13,167199
30796,0.00037,172.217.194.0-255,4320,71934,13,167199
30797,0.000374,172.217.194.0-255,2902,74836,13,167199
30798,0.000409,172.217.194.0-255,7156,81992,13,167199
30799,0.000425,172.217.194.0-255,576,82568,13,167199
30800,0.000663,172.31.36.0-255,66,82634,13,167199
30801,0.000718,172.217.194.0-255,1484,84118,13,167199
30802,0.000723,172.217.194.0-255,1484,85602,13,167199
30803,0.000732,172.31.36.0-255,66,85668,13,167199
30804,0.00076,172.217.194.0-255,1484,87152,13,167199
30805,0.000766,172.217.194.0-255,5738,92890,13,167199
30806,0.000773,172.217.194.0-255,6797,99687,13,167199
30807,0.000793,172.31.36.0-255,66,99753,13,167199
30808,0.001054,172.217.194.0-255,1484,101237,13,167199
30809,0.00106,172.217.194.0-255,2902,104139,13,167199
30810,0.001105,172.31.36.0-255,66,104205,13,167199
30811,0.001118,172.217.194.0-255,5738,109943,13,167199
30812,0.001142,172.217.194.0-255,9992,119935,13,167199
30813,0.001143,172.217.194.0-255,766,120701,13,167199
30814,0.001157,172.31.36.0-255,66,120767,13,167199
30815,0.003353,172.217.194.0-255,5738,126505,13,167199
30816,0.003365,172.31.36.0-255,66,126571,13,167199
30817,0.005569,172.217.194.0-255,5738,132309,13,167199
30818,0.005888,172.31.36.0-255,66,132375,13,167199
30819,0.008087,172.217.194.0-255,5738,138113,13,167199
30820,0.008099,172.31.36.0-255,66,138179,13,167199
30821,0.010315,172.217.194.0-255,5738,143917,13,167199
30822,0.010329,172.31.36.0-255,66,143983,13,167199
30823,0.012569,172.217.194.0-255,5738,149721,13,167199
30824,0.012652,172.31.36.0-255,66,149787,13,167199
30825,0.014879,172.217.194.0-255,5738,155525,13,167199
30826,0.014895,172.31.36.0-255,66,155591,13,167199
30827,0.01713,172.217.194.0-255,5738,161329,13,167199
30828,0.017148,172.31.36.0-255,66,161395,13,167199
30829,0.019379,172.217.194.0-255,5738,167133,13,167199
30830,0.019393,172.31.36.0-255,66,167199,13,167199
30831,0.0,172.217.194.0-255,143,143,13,65268
30832,2.2e-05,172.31.36.0-255,66,209,13,65268
30833,3e-05,172.217.194.0-255,1484,1693,13,65268
30834,3.6e-05,172.31.36.0-255,66,1759,13,65268
30835,5e-05,172.217.194.0-255,2902,4661,13,65268
30836,5.3e-05,172.31.36.0-255,66,4727,13,65268
30837,6e-05,172.217.194.0-255,4320,9047,13,65268
30838,6.3e-05,172.31.36.0-255,66,9113,13,65268
30839,7.2e-05,172.217.194.0-255,9195,18308,13,65268
30840,7.5e-05,172.31.36.0-255,66,18374,13,65268
30841,0.000142,172.31.36.0-255,66,18440,13,65268
30842,0.002328,172.217.194.0-255,1484,19924,13,65268
30843,0.002336,172.31.36.0-255,66,19990,13,65268
30844,0.002382,172.217.194.0-255,4320,24310,13,65268
30845,0.002385,172.31.36.0-255,66,24376,13,65268
30846,0.004575,172.217.194.0-255,1484,25860,13,65268
30847,0.00458,172.31.36.0-255,66,25926,13,65268
30848,0.004639,172.217.194.0-255,4320,30246,13,65268
30849,0.004643,172.31.36.0-255,66,30312,13,65268
30850,0.006827,172.217.194.0-255,1484,31796,13,65268
30851,0.006835,172.31.36.0-255,66,31862,13,65268
30852,0.006894,172.217.194.0-255,4320,36182,13,65268
30853,0.006898,172.31.36.0-255,66,36248,13,65268
30854,0.009146,172.217.194.0-255,5738,41986,13,65268
30855,0.009155,172.31.36.0-255,66,42052,13,65268
30856,0.011441,172.217.194.0-255,5738,47790,13,65268
30857,0.011449,172.31.36.0-255,66,47856,13,65268
30858,0.013684,172.217.194.0-255,5738,53594,13,65268
30859,0.013694,172.31.36.0-255,66,53660,13,65268
30860,0.015992,172.217.194.0-255,5738,59398,13,65268
30861,0.016004,172.31.36.0-255,66,59464,13,65268
30862,0.018283,172.217.194.0-255,5738,65202,13,65268
30863,0.018293,172.31.36.0-255,66,65268,13,65268
30864,0.0,74.125.24.0-255,153,153,13,221422
30865,3.2e-05,172.31.36.0-255,66,219,13,221422
30866,3.9e-05,74.125.24.0-255,1484,1703,13,221422
30867,4.3e-05,172.31.36.0-255,66,1769,13,221422
30868,4.8e-05,74.125.24.0-255,2902,4671,13,221422
30869,5.8e-05,172.31.36.0-255,66,4737,13,221422
30870,6.1e-05,74.125.24.0-255,1484,6221,13,221422
30871,6.4e-05,172.31.36.0-255,66,6287,13,221422
30872,7e-05,74.125.24.0-255,5738,12025,13,221422
30873,7.3e-05,172.31.36.0-255,66,12091,13,221422
30874,0.000121,172.31.36.0-255,66,12157,13,221422
30875,0.000127,74.125.24.0-255,5379,17536,13,221422
30876,0.00013,172.31.36.0-255,66,17602,13,221422
30877,0.000201,74.125.24.0-255,1484,19086,13,221422
30878,0.000206,172.31.36.0-255,66,19152,13,221422
30879,0.000211,74.125.24.0-255,2902,22054,13,221422
30880,0.000213,172.31.36.0-255,66,22120,13,221422
30881,0.000226,74.125.24.0-255,5738,27858,13,221422
30882,0.000231,172.31.36.0-255,66,27924,13,221422
30883,0.000273,172.31.36.0-255,66,27990,13,221422
30884,0.000282,74.125.24.0-255,10692,38682,13,221422
30885,0.000285,172.31.36.0-255,66,38748,13,221422
30886,0.000287,74.125.24.0-255,365,39113,13,221422
30887,0.00029,172.31.36.0-255,66,39179,13,221422
30888,0.000337,74.125.24.0-255,131,39310,13,221422
30889,0.000341,172.31.36.0-255,66,39376,13,221422
30890,0.0004,74.125.24.0-255,1484,40860,13,221422
30891,0.000404,172.31.36.0-255,66,40926,13,221422
30892,0.000407,74.125.24.0-255,1484,42410,13,221422
30893,0.00041,172.31.36.0-255,66,42476,13,221422
30894,0.000444,74.125.24.0-255,4320,46796,13,221422
30895,0.000447,172.31.36.0-255,66,46862,13,221422
30896,0.000457,74.125.24.0-255,9891,56753,13,221422
30897,0.00046,172.31.36.0-255,66,56819,13,221422
30898,0.000511,74.125.24.0-255,9992,66811,13,221422
30899,0.000515,172.31.36.0-255,66,66877,13,221422
30900,0.000522,74.125.24.0-255,5738,72615,13,221422
30901,0.000524,172.31.36.0-255,66,72681,13,221422
30902,0.000576,74.125.24.0-255,1125,73806,13,221422
30903,0.001061,74.125.24.0-255,1484,75290,13,221422
30904,0.001069,172.31.36.0-255,66,75356,13,221422
30905,0.001083,74.125.24.0-255,2902,78258,13,221422
30906,0.00109,172.31.36.0-255,66,78324,13,221422
30907,0.001097,74.125.24.0-255,5738,84062,13,221422
30908,0.0011,172.31.36.0-255,66,84128,13,221422
30909,0.001114,74.125.24.0-255,4320,88448,13,221422
30910,0.001116,172.31.36.0-255,66,88514,13,221422
30911,0.001148,74.125.24.0-255,5738,94252,13,221422
30912,0.001152,172.31.36.0-255,66,94318,13,221422
30913,0.001169,172.31.36.0-255,66,94384,13,221422
30914,0.001173,74.125.24.0-255,2184,96568,13,221422
30915,0.001175,172.31.36.0-255,66,96634,13,221422
30916,0.001402,74.125.24.0-255,1484,98118,13,221422
30917,0.001419,74.125.24.0-255,2902,101020,13,221422
30918,0.001423,172.31.36.0-255,66,101086,13,221422
30919,0.00145,74.125.24.0-255,5738,106824,13,221422
30920,0.001453,172.31.36.0-255,66,106890,13,221422
30921,0.001484,172.31.36.0-255,66,106956,13,221422
30922,0.001521,172.31.36.0-255,66,107022,13,221422
30923,0.001526,74.125.24.0-255,4320,111342,13,221422
30924,0.001529,172.31.36.0-255,66,111408,13,221422
30925,0.001547,74.125.24.0-255,4320,115728,13,221422
30926,0.00155,172.31.36.0-255,66,115794,13,221422
30927,0.001585,172.31.36.0-255,66,115860,13,221422
30928,0.001594,74.125.24.0-255,10692,126552,13,221422
30929,0.001596,172.31.36.0-255,66,126618,13,221422
30930,0.001657,74.125.24.0-255,1484,128102,13,221422
30931,0.001663,74.125.24.0-255,2902,131004,13,221422
30932,0.001666,172.31.36.0-255,66,131070,13,221422
30933,0.00169,74.125.24.0-255,5738,136808,13,221422
30934,0.001694,172.31.36.0-255,66,136874,13,221422
30935,0.001731,172.31.36.0-255,66,136940,13,221422
30936,0.001736,74.125.24.0-255,4320,141260,13,221422
30937,0.001754,172.31.36.0-255,66,141326,13,221422
30938,0.001783,74.125.24.0-255,6438,147764,13,221422
30939,0.001786,172.31.36.0-255,66,147830,13,221422
30940,0.001819,74.125.24.0-255,7156,154986,13,221422
30941,0.001822,172.31.36.0-255,66,155052,13,221422
30942,0.001832,74.125.24.0-255,9992,165044,13,221422
30943,0.00184,172.31.36.0-255,66,165110,13,221422
30944,0.001849,74.125.24.0-255,2902,168012,13,221422
30945,0.001853,172.31.36.0-255,66,168078,13,221422
30946,0.001894,74.125.24.0-255,8574,176652,13,221422
30947,0.001898,172.31.36.0-255,66,176718,13,221422
30948,0.001905,74.125.24.0-255,7856,184574,13,221422
30949,0.001908,172.31.36.0-255,66,184640,13,221422
30950,0.001916,74.125.24.0-255,8574,193214,13,221422
30951,0.001919,172.31.36.0-255,66,193280,13,221422
30952,0.001954,74.125.24.0-255,2902,196182,13,221422
30953,0.001958,172.31.36.0-255,66,196248,13,221422
30954,0.001993,172.31.36.0-255,66,196314,13,221422
30955,0.002014,74.125.24.0-255,7156,203470,13,221422
30956,0.002014,172.31.36.0-255,66,203536,13,221422
30957,0.00202,172.31.36.0-255,66,203602,13,221422
30958,0.002057,172.31.36.0-255,66,203668,13,221422
30959,0.002086,172.31.36.0-255,66,203734,13,221422
30960,0.002097,74.125.24.0-255,1484,205218,13,221422
30961,0.002107,74.125.24.0-255,9992,215210,13,221422
30962,0.002111,172.31.36.0-255,66,215276,13,221422
30963,0.002139,74.125.24.0-255,5738,221014,13,221422
30964,0.002145,172.31.36.0-255,66,221080,13,221422
30965,0.002184,74.125.24.0-255,105,221185,13,221422
30966,0.002187,172.31.36.0-255,66,221251,13,221422
30967,0.010055,172.31.36.0-255,105,221356,13,221422
30968,0.012311,74.125.24.0-255,66,221422,13,221422
30969,0.0,74.125.200.0-255,152,152,13,179896
30970,2.1e-05,172.31.36.0-255,66,218,13,179896
30971,2.8e-05,74.125.200.0-255,1484,1702,13,179896
30972,3.3e-05,172.31.36.0-255,66,1768,13,179896
30973,3.8e-05,74.125.200.0-255,2902,4670,13,179896
30974,4.2e-05,172.31.36.0-255,66,4736,13,179896
30975,4.9e-05,74.125.200.0-255,5738,10474,13,179896
30976,5.2e-05,172.31.36.0-255,66,10540,13,179896
30977,5.5e-05,74.125.200.0-255,1484,12024,13,179896
30978,5.8e-05,172.31.36.0-255,66,12090,13,179896
30979,8.1e-05,74.125.200.0-255,2020,14110,13,179896
30980,8.4e-05,172.31.36.0-255,66,14176,13,179896
30981,0.000379,74.125.200.0-255,1484,15660,13,179896
30982,0.000386,172.31.36.0-255,66,15726,13,179896
30983,0.000392,74.125.200.0-255,2902,18628,13,179896
30984,0.000394,172.31.36.0-255,66,18694,13,179896
30985,0.0004,74.125.200.0-255,4320,23014,13,179896
30986,0.000402,172.31.36.0-255,66,23080,13,179896
30987,0.000424,74.125.200.0-255,1484,24564,13,179896
30988,0.000426,172.31.36.0-255,66,24630,13,179896
30989,0.000429,74.125.200.0-255,1484,26114,13,179896
30990,0.000431,172.31.36.0-255,66,26180,13,179896
30991,0.000436,74.125.200.0-255,2902,29082,13,179896
30992,0.000438,172.31.36.0-255,66,29148,13,179896
30993,0.000456,74.125.200.0-255,1484,30632,13,179896
30994,0.000458,172.31.36.0-255,66,30698,13,179896
30995,0.000483,74.125.200.0-255,5379,36077,13,179896
30996,0.000486,172.31.36.0-255,66,36143,13,179896
30997,0.000493,74.125.200.0-255,7156,43299,13,179896
30998,0.000495,172.31.36.0-255,66,43365,13,179896
30999,0.00053,172.31.36.0-255,66,43431,13,179896
31000,0.000548,74.125.200.0-255,2902,46333,13,179896
31001,0.00055,172.31.36.0-255,66,46399,13,179896
31002,0.000571,74.125.200.0-255,7856,54255,13,179896
31003,0.000574,172.31.36.0-255,66,54321,13,179896
31004,0.000659,74.125.200.0-255,399,54720,13,179896
31005,0.000704,74.125.200.0-255,110,54830,13,179896
31006,0.000898,74.125.200.0-255,1484,56314,13,179896
31007,0.000903,172.31.36.0-255,66,56380,13,179896
31008,0.000909,74.125.200.0-255,2902,59282,13,179896
31009,0.000911,172.31.36.0-255,66,59348,13,179896
31010,0.000939,74.125.200.0-255,4320,63668,13,179896
31011,0.000943,172.31.36.0-255,66,63734,13,179896
31012,0.000947,74.125.200.0-255,1484,65218,13,179896
31013,0.000971,74.125.200.0-255,7156,72374,13,179896
31014,0.000974,172.31.36.0-255,66,72440,13,179896
31015,0.000977,74.125.200.0-255,1484,73924,13,179896
31016,0.00098,74.125.200.0-255,1484,75408,13,179896
31017,0.000982,172.31.36.0-255,66,75474,13,179896
31018,0.000994,74.125.200.0-255,1484,76958,13,179896
31019,0.001001,74.125.200.0-255,5738,82696,13,179896
31020,0.001003,172.31.36.0-255,66,82762,13,179896
31021,0.001035,74.125.200.0-255,6438,89200,13,179896
31022,0.001039,172.31.36.0-255,66,89266,13,179896
31023,0.00165,74.125.200.0-255,1484,90750,13,179896
31024,0.001657,74.125.200.0-255,2902,93652,13,179896
31025,0.00166,172.31.36.0-255,66,93718,13,179896
31026,0.001685,74.125.200.0-255,5738,99456,13,179896
31027,0.001687,172.31.36.0-255,66,99522,13,179896
31028,0.001729,74.125.200.0-255,4320,103842,13,179896
31029,0.001733,172.31.36.0-255,66,103908,13,179896
31030,0.001752,74.125.200.0-255,2902,106810,13,179896
31031,0.001755,172.31.36.0-255,66,106876,13,179896
31032,0.001764,74.125.200.0-255,8574,115450,13,179896
31033,0.001766,172.31.36.0-255,66,115516,13,179896
31034,0.001816,74.125.200.0-255,7856,123372,13,179896
31035,0.001819,172.31.36.0-255,66,123438,13,179896
31036,0.001938,74.125.200.0-255,1484,124922,13,179896
31037,0.002,74.125.200.0-255,1484,126406,13,179896
31038,0.002003,172.31.36.0-255,66,126472,13,179896
31039,0.003763,74.125.200.0-255,2902,129374,13,179896
31040,0.00377,172.31.36.0-255,66,129440,13,179896
31041,0.003951,74.125.200.0-255,2902,132342,13,179896
31042,0.003954,172.31.36.0-255,66,132408,13,179896
31043,0.00572,74.125.200.0-255,2902,135310,13,179896
31044,0.005723,172.31.36.0-255,66,135376,13,179896
31045,0.005894,74.125.200.0-255,2902,138278,13,179896
31046,0.005896,172.31.36.0-255,66,138344,13,179896
31047,0.007668,74.125.200.0-255,2902,141246,13,179896
31048,0.007674,172.31.36.0-255,66,141312,13,179896
31049,0.007841,74.125.200.0-255,2902,144214,13,179896
31050,0.007846,172.31.36.0-255,66,144280,13,179896
31051,0.009624,74.125.200.0-255,2902,147182,13,179896
31052,0.009632,172.31.36.0-255,66,147248,13,179896
31053,0.00979,74.125.200.0-255,2902,150150,13,179896
31054,0.009795,172.31.36.0-255,66,150216,13,179896
31055,0.011588,74.125.200.0-255,2902,153118,13,179896
31056,0.011595,172.31.36.0-255,66,153184,13,179896
31057,0.011733,74.125.200.0-255,2902,156086,13,179896
31058,0.011737,172.31.36.0-255,66,156152,13,179896
31059,0.013542,74.125.200.0-255,2902,159054,13,179896
31060,0.01355,172.31.36.0-255,66,159120,13,179896
31061,0.01368,74.125.200.0-255,2902,162022,13,179896
31062,0.013683,172.31.36.0-255,66,162088,13,179896
31063,0.015515,74.125.200.0-255,2902,164990,13,179896
31064,0.015524,172.31.36.0-255,66,165056,13,179896
31065,0.015668,74.125.200.0-255,2902,167958,13,179896
31066,0.015673,172.31.36.0-255,66,168024,13,179896
31067,0.017496,74.125.200.0-255,2902,170926,13,179896
31068,0.017504,172.31.36.0-255,66,170992,13,179896
31069,0.017644,74.125.200.0-255,2902,173894,13,179896
31070,0.017649,172.31.36.0-255,66,173960,13,179896
31071,0.019466,74.125.200.0-255,2902,176862,13,179896
31072,0.019474,172.31.36.0-255,66,176928,13,179896
31073,0.019595,74.125.200.0-255,2902,179830,13,179896
31074,0.019599,172.31.36.0-255,66,179896,13,179896
31075,0.0,74.125.130.0-255,153,153,13,212522
31076,2.3e-05,172.31.36.0-255,66,219,13,212522
31077,3.1e-05,74.125.130.0-255,1484,1703,13,212522
31078,3.6e-05,172.31.36.0-255,66,1769,13,212522
31079,5.1e-05,74.125.130.0-255,2902,4671,13,212522
31080,5.5e-05,172.31.36.0-255,66,4737,13,212522
31081,6.2e-05,74.125.130.0-255,4320,9057,13,212522
31082,6.5e-05,172.31.36.0-255,66,9123,13,212522
31083,7.3e-05,74.125.130.0-255,4814,13937,13,212522
31084,7.6e-05,172.31.36.0-255,66,14003,13,212522
31085,0.000117,74.125.130.0-255,1484,15487,13,212522
31086,0.00012,172.31.36.0-255,66,15553,13,212522
31087,0.000126,74.125.130.0-255,2902,18455,13,212522
31088,0.000128,172.31.36.0-255,66,18521,13,212522
31089,0.000159,74.125.130.0-255,5738,24259,13,212522
31090,0.000162,172.31.36.0-255,66,24325,13,212522
31091,0.000166,74.125.130.0-255,1484,25809,13,212522
31092,0.000168,172.31.36.0-255,66,25875,13,212522
31093,0.000181,74.125.130.0-255,2902,28777,13,212522
31094,0.000184,172.31.36.0-255,66,28843,13,212522
31095,0.000212,74.125.130.0-255,2543,31386,13,212522
31096,0.000215,172.31.36.0-255,66,31452,13,212522
31097,0.000278,74.125.130.0-255,1484,32936,13,212522
31098,0.000282,172.31.36.0-255,66,33002,13,212522
31099,0.000308,74.125.130.0-255,2902,35904,13,212522
31100,0.000311,172.31.36.0-255,66,35970,13,212522
31101,0.000315,74.125.130.0-255,2902,38872,13,212522
31102,0.000317,172.31.36.0-255,66,38938,13,212522
31103,0.000355,74.125.130.0-255,7156,46094,13,212522
31104,0.000358,172.31.36.0-255,66,46160,13,212522
31105,0.000375,172.31.36.0-255,66,46226,13,212522
31106,0.000404,74.125.130.0-255,2543,48769,13,212522
31107,0.000406,172.31.36.0-255,66,48835,13,212522
31108,0.000411,74.125.130.0-255,2841,51676,13,212522
31109,0.000413,172.31.36.0-255,66,51742,13,212522
31110,0.000616,74.125.130.0-255,388,52130,13,212522
31111,0.001081,74.125.130.0-255,1484,53614,13,212522
31112,0.001087,172.31.36.0-255,66,53680,13,212522
31113,0.001093,74.125.130.0-255,2902,56582,13,212522
31114,0.001095,172.31.36.0-255,66,56648,13,212522
31115,0.0011,74.125.130.0-255,2902,59550,13,212522
31116,0.001108,172.31.36.0-255,66,59616,13,212522
31117,0.001116,74.125.130.0-255,4320,63936,13,212522
31118,0.001118,172.31.36.0-255,66,64002,13,212522
31119,0.001127,74.125.130.0-255,8574,72576,13,212522
31120,0.001129,172.31.36.0-255,66,72642,13,212522
31121,0.00116,74.125.130.0-255,9992,82634,13,212522
31122,0.001163,172.31.36.0-255,66,82700,13,212522
31123,0.001189,74.125.130.0-255,3602,86302,13,212522
31124,0.001192,172.31.36.0-255,66,86368,13,212522
31125,0.001271,74.125.130.0-255,1484,87852,13,212522
31126,0.001278,74.125.130.0-255,2902,90754,13,212522
31127,0.001281,172.31.36.0-255,66,90820,13,212522
31128,0.00131,74.125.130.0-255,5738,96558,13,212522
31129,0.001312,172.31.36.0-255,66,96624,13,212522
31130,0.001335,74.125.130.0-255,4320,100944,13,212522
31131,0.001338,172.31.36.0-255,66,101010,13,212522
31132,0.001372,74.125.130.0-255,8574,109584,13,212522
31133,0.001375,172.31.36.0-255,66,109650,13,212522
31134,0.001387,74.125.130.0-255,10692,120342,13,212522
31135,0.001389,172.31.36.0-255,66,120408,13,212522
31136,0.001429,74.125.130.0-255,1484,121892,13,212522
31137,0.001434,74.125.130.0-255,2902,124794,13,212522
31138,0.001437,172.31.36.0-255,66,124860,13,212522
31139,0.001444,74.125.130.0-255,5738,130598,13,212522
31140,0.001446,172.31.36.0-255,66,130664,13,212522
31141,0.001491,172.31.36.0-255,66,130730,13,212522
31142,0.001517,172.31.36.0-255,66,130796,13,212522
31143,0.001708,74.125.130.0-255,1484,132280,13,212522
31144,0.001741,74.125.130.0-255,2902,135182,13,212522
31145,0.001745,172.31.36.0-255,66,135248,13,212522
31146,0.001773,74.125.130.0-255,5738,140986,13,212522
31147,0.001776,172.31.36.0-255,66,141052,13,212522
31148,0.00178,74.125.130.0-255,1484,142536,13,212522
31149,0.001806,74.125.130.0-255,2902,145438,13,212522
31150,0.001808,172.31.36.0-255,66,145504,13,212522
31151,0.001815,74.125.130.0-255,5738,151242,13,212522
31152,0.001818,172.31.36.0-255,66,151308,13,212522
31153,0.001825,74.125.130.0-255,5738,157046,13,212522
31154,0.001827,172.31.36.0-255,66,157112,13,212522
31155,0.001854,74.125.130.0-255,5738,162850,13,212522
31156,0.001858,172.31.36.0-255,66,162916,13,212522
31157,0.001863,74.125.130.0-255,2184,165100,13,212522
31158,0.001865,172.31.36.0-255,66,165166,13,212522
31159,0.0041,74.125.130.0-255,5738,170904,13,212522
31160,0.004106,172.31.36.0-255,66,170970,13,212522
31161,0.006343,74.125.130.0-255,2902,173872,13,212522
31162,0.006348,172.31.36.0-255,66,173938,13,212522
31163,0.006373,74.125.130.0-255,2902,176840,13,212522
31164,0.006375,172.31.36.0-255,66,176906,13,212522
31165,0.008586,74.125.130.0-255,2902,179808,13,212522
31166,0.008594,172.31.36.0-255,66,179874,13,212522
31167,0.008625,74.125.130.0-255,2902,182776,13,212522
31168,0.008629,172.31.36.0-255,66,182842,13,212522
31169,0.010838,74.125.130.0-255,2902,185744,13,212522
31170,0.010846,172.31.36.0-255,66,185810,13,212522
31171,0.010891,74.125.130.0-255,2902,188712,13,212522
31172,0.010894,172.31.36.0-255,66,188778,13,212522
31173,0.013104,74.125.130.0-255,2902,191680,13,212522
31174,0.013115,172.31.36.0-255,66,191746,13,212522
31175,0.013148,74.125.130.0-255,2902,194648,13,212522
31176,0.013152,172.31.36.0-255,66,194714,13,212522
31177,0.01536,74.125.130.0-255,2902,197616,13,212522
31178,0.015369,172.31.36.0-255,66,197682,13,212522
31179,0.015401,74.125.130.0-255,2902,200584,13,212522
31180,0.015404,172.31.36.0-255,66,200650,13,212522
31181,0.017607,74.125.130.0-255,2902,203552,13,212522
31182,0.017615,172.31.36.0-255,66,203618,13,212522
31183,0.017642,74.125.130.0-255,2902,206520,13,212522
31184,0.017645,172.31.36.0-255,66,206586,13,212522
31185,0.019856,74.125.130.0-255,2902,209488,13,212522
31186,0.019863,172.31.36.0-255,66,209554,13,212522
31187,0.019892,74.125.130.0-255,2902,212456,13,212522
31188,0.019895,172.31.36.0-255,66,212522,13,212522
31189,0.0,74.125.24.0-255,146,146,13,201584
31190,2.9e-05,172.31.36.0-255,66,212,13,201584
31191,3.5e-05,74.125.24.0-255,1484,1696,13,201584
31192,3.9e-05,172.31.36.0-255,66,1762,13,201584
31193,4.4e-05,74.125.24.0-255,2902,4664,13,201584
31194,4.6e-05,172.31.36.0-255,66,4730,13,201584
31195,6.1e-05,74.125.24.0-255,7156,11886,13,201584
31196,6.3e-05,172.31.36.0-255,66,11952,13,201584
31197,7e-05,74.125.24.0-255,9091,21043,13,201584
31198,7.2e-05,172.31.36.0-255,66,21109,13,201584
31199,0.000124,74.125.24.0-255,9633,30742,13,201584
31200,0.000127,172.31.36.0-255,66,30808,13,201584
31201,0.000559,74.125.24.0-255,1484,32292,13,201584
31202,0.000564,172.31.36.0-255,66,32358,13,201584
31203,0.00059,74.125.24.0-255,2902,35260,13,201584
31204,0.000594,172.31.36.0-255,66,35326,13,201584
31205,0.0006,74.125.24.0-255,5738,41064,13,201584
31206,0.000602,172.31.36.0-255,66,41130,13,201584
31207,0.000642,74.125.24.0-255,4320,45450,13,201584
31208,0.000646,172.31.36.0-255,66,45516,13,201584
31209,0.000678,74.125.24.0-255,6797,52313,13,201584
31210,0.000682,172.31.36.0-255,66,52379,13,201584
31211,0.0007,172.31.36.0-255,66,52445,13,201584
31212,0.00073,74.125.24.0-255,1440,53885,13,201584
31213,0.000734,172.31.36.0-255,66,53951,13,201584
31214,0.00095,74.125.24.0-255,108,54059,13,201584
31215,0.000955,172.31.36.0-255,66,54125,13,201584
31216,0.000985,74.125.24.0-255,1484,55609,13,201584
31217,0.000987,172.31.36.0-255,66,55675,13,201584
31218,0.000991,74.125.24.0-255,1484,57159,13,201584
31219,0.000993,172.31.36.0-255,66,57225,13,201584
31220,0.001018,74.125.24.0-255,1484,58709,13,201584
31221,0.001021,172.31.36.0-255,66,58775,13,201584
31222,0.001034,74.125.24.0-255,5738,64513,13,201584
31223,0.001038,172.31.36.0-255,66,64579,13,201584
31224,0.001071,74.125.24.0-255,6797,71376,13,201584
31225,0.001075,172.31.36.0-255,66,71442,13,201584
31226,0.001118,74.125.24.0-255,1484,72926,13,201584
31227,0.001122,172.31.36.0-255,66,72992,13,201584
31228,0.001127,74.125.24.0-255,2902,75894,13,201584
31229,0.001129,172.31.36.0-255,66,75960,13,201584
31230,0.001139,74.125.24.0-255,5738,81698,13,201584
31231,0.001142,172.31.36.0-255,66,81764,13,201584
31232,0.001178,74.125.24.0-255,7062,88826,13,201584
31233,0.001181,172.31.36.0-255,66,88892,13,201584
31234,0.001293,74.125.24.0-255,1484,90376,13,201584
31235,0.001296,172.31.36.0-255,66,90442,13,201584
31236,0.0013,74.125.24.0-255,2902,93344,13,201584
31237,0.001302,172.31.36.0-255,66,93410,13,201584
31238,0.001335,74.125.24.0-255,5738,99148,13,201584
31239,0.001338,172.31.36.0-255,66,99214,13,201584
31240,0.001341,74.125.24.0-255,1484,100698,13,201584
31241,0.001343,172.31.36.0-255,66,100764,13,201584
31242,0.001355,74.125.24.0-255,8574,109338,13,201584
31243,0.001357,172.31.36.0-255,66,109404,13,201584
31244,0.001395,172.31.36.0-255,66,109470,13,201584
31245,0.001769,74.125.24.0-255,1484,110954,13,201584
31246,0.001773,172.31.36.0-255,66,111020,13,201584
31247,0.001778,74.125.24.0-255,2902,113922,13,201584
31248,0.001781,172.31.36.0-255,66,113988,13,201584
31249,0.0018,74.125.24.0-255,4320,118308,13,201584
31250,0.001803,172.31.36.0-255,66,118374,13,201584
31251,0.001819,74.125.24.0-255,1484,119858,13,201584
31252,0.001827,172.31.36.0-255,66,119924,13,201584
31253,0.001841,172.31.36.0-255,66,119990,13,201584
31254,0.001884,74.125.24.0-255,5738,125728,13,201584
31255,0.001889,172.31.36.0-255,66,125794,13,201584
31256,0.001917,74.125.24.0-255,5020,130814,13,201584
31257,0.00192,172.31.36.0-255,66,130880,13,201584
31258,0.001945,74.125.24.0-255,1484,132364,13,201584
31259,0.001948,172.31.36.0-255,66,132430,13,201584
31260,0.001952,74.125.24.0-255,2902,135332,13,201584
31261,0.001954,172.31.36.0-255,66,135398,13,201584
31262,0.001987,74.125.24.0-255,5738,141136,13,201584
31263,0.00199,172.31.36.0-255,66,141202,13,201584
31264,0.001997,74.125.24.0-255,5738,146940,13,201584
31265,0.001999,172.31.36.0-255,66,147006,13,201584
31266,0.002001,74.125.24.0-255,1484,148490,13,201584
31267,0.002008,172.31.36.0-255,66,148556,13,201584
31268,0.003951,74.125.24.0-255,4320,152876,13,201584
31269,0.003956,172.31.36.0-255,66,152942,13,201584
31270,0.00399,74.125.24.0-255,1484,154426,13,201584
31271,0.003993,172.31.36.0-255,66,154492,13,201584
31272,0.005942,74.125.24.0-255,4320,158812,13,201584
31273,0.005947,172.31.36.0-255,66,158878,13,201584
31274,0.00598,74.125.24.0-255,1484,160362,13,201584
31275,0.005983,172.31.36.0-255,66,160428,13,201584
31276,0.007925,74.125.24.0-255,4320,164748,13,201584
31277,0.007933,172.31.36.0-255,66,164814,13,201584
31278,0.007967,74.125.24.0-255,1484,166298,13,201584
31279,0.00797,172.31.36.0-255,66,166364,13,201584
31280,0.009952,74.125.24.0-255,4320,170684,13,201584
31281,0.009962,172.31.36.0-255,66,170750,13,201584
31282,0.010001,74.125.24.0-255,1484,172234,13,201584
31283,0.010006,172.31.36.0-255,66,172300,13,201584
31284,0.011923,74.125.24.0-255,4320,176620,13,201584
31285,0.011931,172.31.36.0-255,66,176686,13,201584
31286,0.011971,74.125.24.0-255,1484,178170,13,201584
31287,0.011975,172.31.36.0-255,66,178236,13,201584
31288,0.013921,74.125.24.0-255,4320,182556,13,201584
31289,0.013929,172.31.36.0-255,66,182622,13,201584
31290,0.013965,74.125.24.0-255,1484,184106,13,201584
31291,0.013969,172.31.36.0-255,66,184172,13,201584
31292,0.015933,74.125.24.0-255,5738,189910,13,201584
31293,0.015942,172.31.36.0-255,66,189976,13,201584
31294,0.01791,74.125.24.0-255,5738,195714,13,201584
31295,0.017917,172.31.36.0-255,66,195780,13,201584
31296,0.019912,74.125.24.0-255,5738,201518,13,201584
31297,0.01992,172.31.36.0-255,66,201584,13,201584
31298,0.0,172.217.194.0-255,153,153,13,287613
31299,2.2e-05,172.31.36.0-255,66,219,13,287613
31300,2.9e-05,172.217.194.0-255,1484,1703,13,287613
31301,3.3e-05,172.31.36.0-255,66,1769,13,287613
31302,3.9e-05,172.217.194.0-255,2902,4671,13,287613
31303,4.4e-05,172.31.36.0-255,66,4737,13,287613
31304,5.9e-05,172.217.194.0-255,7156,11893,13,287613
31305,6.2e-05,172.31.36.0-255,66,11959,13,287613
31306,6.7e-05,172.217.194.0-255,2017,13976,13,287613
31307,6.9e-05,172.31.36.0-255,66,14042,13,287613
31308,0.00022,172.217.194.0-255,1484,15526,13,287613
31309,0.000224,172.31.36.0-255,66,15592,13,287613
31310,0.000231,172.217.194.0-255,2902,18494,13,287613
31311,0.000233,172.31.36.0-255,66,18560,13,287613
31312,0.000244,172.217.194.0-255,5738,24298,13,287613
31313,0.000247,172.31.36.0-255,66,24364,13,287613
31314,0.000254,172.217.194.0-255,6797,31161,13,287613
31315,0.000256,172.31.36.0-255,66,31227,13,287613
31316,0.000291,172.217.194.0-255,9992,41219,13,287613
31317,0.000298,172.31.36.0-255,66,41285,13,287613
31318,0.000318,172.217.194.0-255,4320,45605,13,287613
31319,0.00032,172.31.36.0-255,66,45671,13,287613
31320,0.000325,172.217.194.0-255,2543,48214,13,287613
31321,0.000327,172.31.36.0-255,66,48280,13,287613
31322,0.000469,172.217.194.0-255,1484,49764,13,287613
31323,0.000473,172.217.194.0-255,2902,52666,13,287613
31324,0.000478,172.31.36.0-255,66,52732,13,287613
31325,0.000488,172.31.36.0-255,66,52798,13,287613
31326,0.000498,172.217.194.0-255,5738,58536,13,287613
31327,0.000501,172.31.36.0-255,66,58602,13,287613
31328,0.000504,172.217.194.0-255,1484,60086,13,287613
31329,0.000505,172.31.36.0-255,66,60152,13,287613
31330,0.000561,172.217.194.0-255,5379,65531,13,287613
31331,0.000565,172.31.36.0-255,66,65597,13,287613
31332,0.000659,172.217.194.0-255,1484,67081,13,287613
31333,0.000666,172.217.194.0-255,2902,69983,13,287613
31334,0.000669,172.31.36.0-255,66,70049,13,287613
31335,0.0007,172.217.194.0-255,5738,75787,13,287613
31336,0.000704,172.31.36.0-255,66,75853,13,287613
31337,0.000724,172.31.36.0-255,66,75919,13,287613
31338,0.000759,172.217.194.0-255,2902,78821,13,287613
31339,0.000762,172.31.36.0-255,66,78887,13,287613
31340,0.000787,172.217.194.0-255,7377,86264,13,287613
31341,0.00079,172.31.36.0-255,66,86330,13,287613
31342,0.000927,172.217.194.0-255,1484,87814,13,287613
31343,0.000933,172.217.194.0-255,2902,90716,13,287613
31344,0.000936,172.31.36.0-255,66,90782,13,287613
31345,0.000943,172.217.194.0-255,5738,96520,13,287613
31346,0.000945,172.31.36.0-255,66,96586,13,287613
31347,0.000993,172.217.194.0-255,10692,107278,13,287613
31348,0.000997,172.31.36.0-255,66,107344,13,287613
31349,0.001,172.31.36.0-255,66,107410,13,287613
31350,0.001819,172.217.194.0-255,1484,108894,13,287613
31351,0.001841,172.217.194.0-255,2902,111796,13,287613
31352,0.001846,172.31.36.0-255,66,111862,13,287613
31353,0.001853,172.217.194.0-255,5738,117600,13,287613
31354,0.001855,172.31.36.0-255,66,117666,13,287613
31355,0.001885,172.217.194.0-255,8574,126240,13,287613
31356,0.001887,172.31.36.0-255,66,126306,13,287613
31357,0.00193,172.217.194.0-255,4320,130626,13,287613
31358,0.001932,172.31.36.0-255,66,130692,13,287613
31359,0.00196,172.217.194.0-255,10692,141384,13,287613
31360,0.001962,172.31.36.0-255,66,141450,13,287613
31361,0.002123,172.217.194.0-255,1484,142934,13,287613
31362,0.00213,172.217.194.0-255,2902,145836,13,287613
31363,0.002133,172.31.36.0-255,66,145902,13,287613
31364,0.002203,172.217.194.0-255,5738,151640,13,287613
31365,0.002206,172.31.36.0-255,66,151706,13,287613
31366,0.002219,172.31.36.0-255,66,151772,13,287613
31367,0.002237,172.31.36.0-255,66,151838,13,287613
31368,0.00237,172.217.194.0-255,1484,153322,13,287613
31369,0.002384,172.217.194.0-255,2902,156224,13,287613
31370,0.002388,172.31.36.0-255,66,156290,13,287613
31371,0.00242,172.217.194.0-255,5738,162028,13,287613
31372,0.002422,172.31.36.0-255,66,162094,13,287613
31373,0.002429,172.217.194.0-255,5738,167832,13,287613
31374,0.002431,172.31.36.0-255,66,167898,13,287613
31375,0.002474,172.217.194.0-255,7156,175054,13,287613
31376,0.002477,172.31.36.0-255,66,175120,13,287613
31377,0.002481,172.217.194.0-255,1484,176604,13,287613
31378,0.002488,172.217.194.0-255,5738,182342,13,287613
31379,0.002494,172.31.36.0-255,66,182408,13,287613
31380,0.002524,172.217.194.0-255,3602,186010,13,287613
31381,0.002527,172.31.36.0-255,66,186076,13,287613
31382,0.002563,172.217.194.0-255,1484,187560,13,287613
31383,0.002568,172.217.194.0-255,2902,190462,13,287613
31384,0.00257,172.31.36.0-255,66,190528,13,287613
31385,0.002601,172.217.194.0-255,5738,196266,13,287613
31386,0.002603,172.31.36.0-255,66,196332,13,287613
31387,0.002611,172.217.194.0-255,7156,203488,13,287613
31388,0.002626,172.31.36.0-255,66,203554,13,287613
31389,0.002652,172.217.194.0-255,2902,206456,13,287613
31390,0.002655,172.31.36.0-255,66,206522,13,287613
31391,0.002663,172.217.194.0-255,7156,213678,13,287613
31392,0.002665,172.31.36.0-255,66,213744,13,287613
31393,0.002696,172.217.194.0-255,6438,220182,13,287613
31394,0.002699,172.31.36.0-255,66,220248,13,287613
31395,0.002719,172.31.36.0-255,66,220314,13,287613
31396,0.002734,172.31.36.0-255,66,220380,13,287613
31397,0.00274,172.217.194.0-255,5020,225400,13,287613
31398,0.002742,172.31.36.0-255,66,225466,13,287613
31399,0.002746,172.217.194.0-255,1484,226950,13,287613
31400,0.002753,172.217.194.0-255,7156,234106,13,287613
31401,0.002756,172.31.36.0-255,66,234172,13,287613
31402,0.00279,172.217.194.0-255,5738,239910,13,287613
31403,0.002794,172.31.36.0-255,66,239976,13,287613
31404,0.002802,172.217.194.0-255,8574,248550,13,287613
31405,0.002804,172.31.36.0-255,66,248616,13,287613
31406,0.002818,172.217.194.0-255,9992,258608,13,287613
31407,0.002821,172.31.36.0-255,66,258674,13,287613
31408,0.002824,172.217.194.0-255,766,259440,13,287613
31409,0.002828,172.217.194.0-255,1484,260924,13,287613
31410,0.002829,172.31.36.0-255,66,260990,13,287613
31411,0.002835,172.217.194.0-255,4320,265310,13,287613
31412,0.002837,172.31.36.0-255,66,265376,13,287613
31413,0.002844,172.217.194.0-255,5738,271114,13,287613
31414,0.002846,172.31.36.0-255,66,271180,13,287613
31415,0.00286,172.217.194.0-255,4320,275500,13,287613
31416,0.002862,172.31.36.0-255,66,275566,13,287613
31417,0.002904,172.217.194.0-255,1484,277050,13,287613
31418,0.002932,172.217.194.0-255,9992,287042,13,287613
31419,0.002936,172.31.36.0-255,66,287108,13,287613
31420,0.002955,172.31.36.0-255,66,287174,13,287613
31421,0.002959,172.217.194.0-255,97,287271,13,287613
31422,0.002962,172.217.194.0-255,105,287376,13,287613
31423,0.008299,172.31.36.0-255,66,287442,13,287613
31424,0.00834,172.31.36.0-255,105,287547,13,287613
31425,0.010548,172.217.194.0-255,66,287613,13,287613
31426,0.0,74.125.24.0-255,147,147,13,159497
31427,2.9e-05,172.31.36.0-255,66,213,13,159497
31428,3.6e-05,74.125.24.0-255,1484,1697,13,159497
31429,4e-05,172.31.36.0-255,66,1763,13,159497
31430,4.4e-05,74.125.24.0-255,2902,4665,13,159497
31431,4.7e-05,172.31.36.0-255,66,4731,13,159497
31432,5.2e-05,74.125.24.0-255,4320,9051,13,159497
31433,5.4e-05,172.31.36.0-255,66,9117,13,159497
31434,8.4e-05,74.125.24.0-255,9164,18281,13,159497
31435,8.7e-05,172.31.36.0-255,66,18347,13,159497
31436,9e-05,74.125.24.0-255,1484,19831,13,159497
31437,9.2e-05,172.31.36.0-255,66,19897,13,159497
31438,0.000118,172.31.36.0-255,66,19963,13,159497
31439,0.000133,74.125.24.0-255,2902,22865,13,159497
31440,0.000135,172.31.36.0-255,66,22931,13,159497
31441,0.000155,74.125.24.0-255,5738,28669,13,159497
31442,0.000157,172.31.36.0-255,66,28735,13,159497
31443,0.000182,74.125.24.0-255,7856,36591,13,159497
31444,0.000185,172.31.36.0-255,66,36657,13,159497
31445,0.000228,74.125.24.0-255,1484,38141,13,159497
31446,0.000231,172.31.36.0-255,66,38207,13,159497
31447,0.000235,74.125.24.0-255,2902,41109,13,159497
31448,0.000238,172.31.36.0-255,66,41175,13,159497
31449,0.000272,74.125.24.0-255,5738,46913,13,159497
31450,0.000275,172.31.36.0-255,66,46979,13,159497
31451,0.000296,74.125.24.0-255,4320,51299,13,159497
31452,0.0003,172.31.36.0-255,66,51365,13,159497
31453,0.000319,74.125.24.0-255,2884,54249,13,159497
31454,0.000323,172.31.36.0-255,66,54315,13,159497
31455,0.000946,74.125.24.0-255,1484,55799,13,159497
31456,0.000952,172.31.36.0-255,66,55865,13,159497
31457,0.000959,74.125.24.0-255,2902,58767,13,159497
31458,0.000961,172.31.36.0-255,66,58833,13,159497
31459,0.000965,74.125.24.0-255,1484,60317,13,159497
31460,0.00099,74.125.24.0-255,4320,64637,13,159497
31461,0.000993,172.31.36.0-255,66,64703,13,159497
31462,0.001006,172.31.36.0-255,66,64769,13,159497
31463,0.001009,74.125.24.0-255,1484,66253,13,159497
31464,0.001039,74.125.24.0-255,9274,75527,13,159497
31465,0.001043,172.31.36.0-255,66,75593,13,159497
31466,0.001129,74.125.24.0-255,1484,77077,13,159497
31467,0.001142,74.125.24.0-255,2902,79979,13,159497
31468,0.001145,172.31.36.0-255,66,80045,13,159497
31469,0.001152,74.125.24.0-255,5738,85783,13,159497
31470,0.001155,172.31.36.0-255,66,85849,13,159497
31471,0.001158,74.125.24.0-255,1484,87333,13,159497
31472,0.001182,74.125.24.0-255,5738,93071,13,159497
31473,0.001186,172.31.36.0-255,66,93137,13,159497
31474,0.001211,74.125.24.0-255,8574,101711,13,159497
31475,0.001215,172.31.36.0-255,66,101777,13,159497
31476,0.001237,74.125.24.0-255,5738,107515,13,159497
31477,0.00124,172.31.36.0-255,66,107581,13,159497
31478,0.001244,74.125.24.0-255,2184,109765,13,159497
31479,0.001246,172.31.36.0-255,66,109831,13,159497
31480,0.00126,172.31.36.0-255,66,109897,13,159497
31481,0.001295,74.125.24.0-255,5738,115635,13,159497
31482,0.001298,172.31.36.0-255,66,115701,13,159497
31483,0.001312,172.31.36.0-255,66,115767,13,159497
31484,0.001375,172.31.36.0-255,66,115833,13,159497
31485,0.001382,74.125.24.0-255,5738,121571,13,159497
31486,0.001384,172.31.36.0-255,66,121637,13,159497
31487,0.001413,172.31.36.0-255,66,121703,13,159497
31488,0.001416,74.125.24.0-255,1484,123187,13,159497
31489,0.001449,172.31.36.0-255,66,123253,13,159497
31490,0.001469,74.125.24.0-255,4320,127573,13,159497
31491,0.001472,172.31.36.0-255,66,127639,13,159497
31492,0.001496,172.31.36.0-255,66,127705,13,159497
31493,0.001523,74.125.24.0-255,2184,129889,13,159497
31494,0.001526,172.31.36.0-255,66,129955,13,159497
31495,0.001545,172.31.36.0-255,66,130021,13,159497
31496,0.001553,74.125.24.0-255,7156,137177,13,159497
31497,0.001556,172.31.36.0-255,66,137243,13,159497
31498,0.001602,172.31.36.0-255,66,137309,13,159497
31499,0.00161,74.125.24.0-255,9992,147301,13,159497
31500,0.001615,172.31.36.0-255,66,147367,13,159497
31501,0.001643,172.31.36.0-255,66,147433,13,159497
31502,0.001659,74.125.24.0-255,5020,152453,13,159497
31503,0.001662,172.31.36.0-255,66,152519,13,159497
31504,0.0017,172.31.36.0-255,66,152585,13,159497
31505,0.001707,74.125.24.0-255,5020,157605,13,159497
31506,0.00171,74.125.24.0-255,1484,159089,13,159497
31507,0.001716,172.31.36.0-255,66,159155,13,159497
31508,0.001731,74.125.24.0-255,105,159260,13,159497
31509,0.001742,172.31.36.0-255,66,159326,13,159497
31510,0.00358,172.31.36.0-255,105,159431,13,159497
31511,0.005886,74.125.24.0-255,66,159497,13,159497
31512,0.0,74.125.68.0-255,153,153,13,101031
31513,3.1e-05,172.31.36.0-255,66,219,13,101031
31514,3.8e-05,74.125.68.0-255,1484,1703,13,101031
31515,4.2e-05,172.31.36.0-255,66,1769,13,101031
31516,4.8e-05,74.125.68.0-255,2902,4671,13,101031
31517,6.1e-05,172.31.36.0-255,66,4737,13,101031
31518,0.000184,74.125.68.0-255,4320,9057,13,101031
31519,0.000191,172.31.36.0-255,66,9123,13,101031
31520,0.000375,74.125.68.0-255,8574,17697,13,101031
31521,0.00038,172.31.36.0-255,66,17763,13,101031
31522,0.000408,74.125.68.0-255,557,18320,13,101031
31523,0.000411,172.31.36.0-255,66,18386,13,101031
31524,0.000783,74.125.68.0-255,5738,24124,13,101031
31525,0.000788,172.31.36.0-255,66,24190,13,101031
31526,0.001034,74.125.68.0-255,5738,29928,13,101031
31527,0.00104,172.31.36.0-255,66,29994,13,101031
31528,0.00107,74.125.68.0-255,1125,31119,13,101031
31529,0.001074,172.31.36.0-255,66,31185,13,101031
31530,0.001348,74.125.68.0-255,8574,39759,13,101031
31531,0.001354,172.31.36.0-255,66,39825,13,101031
31532,0.001379,74.125.68.0-255,5738,45563,13,101031
31533,0.001383,172.31.36.0-255,66,45629,13,101031
31534,0.001984,74.125.68.0-255,5738,51367,13,101031
31535,0.001988,172.31.36.0-255,66,51433,13,101031
31536,0.002037,172.31.36.0-255,66,51499,13,101031
31537,0.00285,74.125.68.0-255,4320,55819,13,101031
31538,0.002855,172.31.36.0-255,66,55885,13,101031
31539,0.002901,172.31.36.0-255,66,55951,13,101031
31540,0.003809,74.125.68.0-255,4320,60271,13,101031
31541,0.003814,172.31.36.0-255,66,60337,13,101031
31542,0.003908,172.31.36.0-255,66,60403,13,101031
31543,0.00615,74.125.68.0-255,5738,66141,13,101031
31544,0.006156,172.31.36.0-255,66,66207,13,101031
31545,0.008415,74.125.68.0-255,5738,71945,13,101031
31546,0.008428,172.31.36.0-255,66,72011,13,101031
31547,0.010696,74.125.68.0-255,5738,77749,13,101031
31548,0.010711,172.31.36.0-255,66,77815,13,101031
31549,0.012958,74.125.68.0-255,5738,83553,13,101031
31550,0.012974,172.31.36.0-255,66,83619,13,101031
31551,0.015224,74.125.68.0-255,5738,89357,13,101031
31552,0.015241,172.31.36.0-255,66,89423,13,101031
31553,0.017513,74.125.68.0-255,5738,95161,13,101031
31554,0.017533,172.31.36.0-255,66,95227,13,101031
31555,0.019784,74.125.68.0-255,5738,100965,13,101031
31556,0.019807,172.31.36.0-255,66,101031,13,101031
31557,0.0,74.125.24.0-255,291,291,13,188819
31558,3.1e-05,172.31.36.0-255,66,357,13,188819
31559,3.7e-05,74.125.24.0-255,1484,1841,13,188819
31560,4.2e-05,172.31.36.0-255,66,1907,13,188819
31561,4.8e-05,74.125.24.0-255,4320,6227,13,188819
31562,5.1e-05,172.31.36.0-255,66,6293,13,188819
31563,8.1e-05,74.125.24.0-255,5738,12031,13,188819
31564,8.4e-05,172.31.36.0-255,66,12097,13,188819
31565,0.000113,74.125.24.0-255,2902,14999,13,188819
31566,0.000115,172.31.36.0-255,66,15065,13,188819
31567,0.000136,74.125.24.0-255,4662,19727,13,188819
31568,0.00014,172.31.36.0-255,66,19793,13,188819
31569,0.000199,74.125.24.0-255,8574,28367,13,188819
31570,0.000202,172.31.36.0-255,66,28433,13,188819
31571,0.00026,74.125.24.0-255,2543,30976,13,188819
31572,0.000264,172.31.36.0-255,66,31042,13,188819
31573,0.000281,74.125.24.0-255,2902,33944,13,188819
31574,0.000285,172.31.36.0-255,66,34010,13,188819
31575,0.000314,74.125.24.0-255,4320,38330,13,188819
31576,0.000317,172.31.36.0-255,66,38396,13,188819
31577,0.000335,74.125.24.0-255,2902,41298,13,188819
31578,0.000338,172.31.36.0-255,66,41364,13,188819
31579,0.000371,74.125.24.0-255,4320,45684,13,188819
31580,0.000374,172.31.36.0-255,66,45750,13,188819
31581,0.000391,74.125.24.0-255,1484,47234,13,188819
31582,0.000394,172.31.36.0-255,66,47300,13,188819
31583,0.00043,74.125.24.0-255,3961,51261,13,188819
31584,0.000434,172.31.36.0-255,66,51327,13,188819
31585,0.000462,74.125.24.0-255,4320,55647,13,188819
31586,0.000466,172.31.36.0-255,66,55713,13,188819
31587,0.000492,74.125.24.0-255,7156,62869,13,188819
31588,0.000498,172.31.36.0-255,66,62935,13,188819
31589,0.000573,74.125.24.0-255,2905,65840,13,188819
31590,0.000578,172.31.36.0-255,66,65906,13,188819
31591,0.000581,74.125.24.0-255,348,66254,13,188819
31592,0.000908,172.31.36.0-255,66,66320,13,188819
31593,0.001036,74.125.24.0-255,1484,67804,13,188819
31594,0.001045,74.125.24.0-255,2902,70706,13,188819
31595,0.001048,172.31.36.0-255,66,70772,13,188819
31596,0.001074,74.125.24.0-255,2902,73674,13,188819
31597,0.001076,172.31.36.0-255,66,73740,13,188819
31598,0.001096,74.125.24.0-255,2902,76642,13,188819
31599,0.001098,172.31.36.0-255,66,76708,13,188819
31600,0.001104,74.125.24.0-255,5738,82446,13,188819
31601,0.001106,172.31.36.0-255,66,82512,13,188819
31602,0.001164,74.125.24.0-255,4320,86832,13,188819
31603,0.001169,172.31.36.0-255,66,86898,13,188819
31604,0.001197,74.125.24.0-255,8574,95472,13,188819
31605,0.001201,172.31.36.0-255,66,95538,13,188819
31606,0.001281,74.125.24.0-255,5020,100558,13,188819
31607,0.001285,172.31.36.0-255,66,100624,13,188819
31608,0.001324,74.125.24.0-255,2902,103526,13,188819
31609,0.001328,172.31.36.0-255,66,103592,13,188819
31610,0.001359,172.31.36.0-255,66,103658,13,188819
31611,0.001488,74.125.24.0-255,8574,112232,13,188819
31612,0.001493,172.31.36.0-255,66,112298,13,188819
31613,0.001517,74.125.24.0-255,7856,120154,13,188819
31614,0.00152,172.31.36.0-255,66,120220,13,188819
31615,0.00164,74.125.24.0-255,7156,127376,13,188819
31616,0.001646,172.31.36.0-255,66,127442,13,188819
31617,0.001663,74.125.24.0-255,2902,130344,13,188819
31618,0.001666,172.31.36.0-255,66,130410,13,188819
31619,0.001734,74.125.24.0-255,7156,137566,13,188819
31620,0.00174,172.31.36.0-255,66,137632,13,188819
31621,0.001782,172.31.36.0-255,66,137698,13,188819
31622,0.001997,172.31.36.0-255,66,137764,13,188819
31623,0.002037,172.31.36.0-255,66,137830,13,188819
31624,0.002261,74.125.24.0-255,4320,142150,13,188819
31625,0.002263,172.31.36.0-255,66,142216,13,188819
31626,0.002298,172.31.36.0-255,66,142282,13,188819
31627,0.002318,74.125.24.0-255,5738,148020,13,188819
31628,0.002321,172.31.36.0-255,66,148086,13,188819
31629,0.002523,74.125.24.0-255,2902,150988,13,188819
31630,0.002526,172.31.36.0-255,66,151054,13,188819
31631,0.002556,172.31.36.0-255,66,151120,13,188819
31632,0.0026,172.31.36.0-255,66,151186,13,188819
31633,0.002885,74.125.24.0-255,5738,156924,13,188819
31634,0.002889,172.31.36.0-255,66,156990,13,188819
31635,0.002928,172.31.36.0-255,66,157056,13,188819
31636,0.003498,74.125.24.0-255,5738,162794,13,188819
31637,0.003517,74.125.24.0-255,2902,165696,13,188819
31638,0.003537,74.125.24.0-255,8574,174270,13,188819
31639,0.003549,74.125.24.0-255,5738,180008,13,188819
31640,0.003563,74.125.24.0-255,8574,188582,13,188819
31641,0.004459,172.31.36.0-255,66,188648,13,188819
31642,0.00666,172.31.36.0-255,105,188753,13,188819
31643,0.008885,74.125.24.0-255,66,188819,13,188819
31644,0.0,172.217.194.0-255,66,66,13,66
31645,0.0,74.125.130.0-255,143,143,13,137320
31646,3.3e-05,172.31.36.0-255,66,209,13,137320
31647,4.1e-05,74.125.130.0-255,1484,1693,13,137320
31648,4.6e-05,172.31.36.0-255,66,1759,13,137320
31649,5.1e-05,74.125.130.0-255,2902,4661,13,137320
31650,5.3e-05,172.31.36.0-255,66,4727,13,137320
31651,6.9e-05,74.125.130.0-255,7156,11883,13,137320
31652,7.3e-05,172.31.36.0-255,66,11949,13,137320
31653,0.0001,74.125.130.0-255,7771,19720,13,137320
31654,0.00011,172.31.36.0-255,66,19786,13,137320
31655,0.000116,74.125.130.0-255,5738,25524,13,137320
31656,0.000119,172.31.36.0-255,66,25590,13,137320
31657,0.000163,74.125.130.0-255,5379,30969,13,137320
31658,0.000167,172.31.36.0-255,66,31035,13,137320
31659,0.000269,74.125.130.0-255,1484,32519,13,137320
31660,0.000273,172.31.36.0-255,66,32585,13,137320
31661,0.000308,74.125.130.0-255,2902,35487,13,137320
31662,0.000313,172.31.36.0-255,66,35553,13,137320
31663,0.000318,74.125.130.0-255,5738,41291,13,137320
31664,0.000321,172.31.36.0-255,66,41357,13,137320
31665,0.000332,74.125.130.0-255,4320,45677,13,137320
31666,0.000335,172.31.36.0-255,66,45743,13,137320
31667,0.000357,74.125.130.0-255,1484,47227,13,137320
31668,0.000382,172.31.36.0-255,66,47293,13,137320
31669,0.000415,74.125.130.0-255,1125,48418,13,137320
31670,0.000419,172.31.36.0-255,66,48484,13,137320
31671,0.000423,74.125.130.0-255,1484,49968,13,137320
31672,0.000425,172.31.36.0-255,66,50034,13,137320
31673,0.00043,74.125.130.0-255,2902,52936,13,137320
31674,0.000439,172.31.36.0-255,66,53002,13,137320
31675,0.000445,74.125.130.0-255,5738,58740,13,137320
31676,0.000451,172.31.36.0-255,66,58806,13,137320
31677,0.000486,74.125.130.0-255,6797,65603,13,137320
31678,0.000495,172.31.36.0-255,66,65669,13,137320
31679,0.000566,74.125.130.0-255,646,66315,13,137320
31680,0.000857,172.31.36.0-255,66,66381,13,137320
31681,0.001101,74.125.130.0-255,1484,67865,13,137320
31682,0.001124,74.125.130.0-255,2902,70767,13,137320
31683,0.001128,172.31.36.0-255,66,70833,13,137320
31684,0.001135,74.125.130.0-255,5738,76571,13,137320
31685,0.001138,172.31.36.0-255,66,76637,13,137320
31686,0.001141,74.125.130.0-255,1484,78121,13,137320
31687,0.00118,172.31.36.0-255,66,78187,13,137320
31688,0.001188,74.125.130.0-255,8574,86761,13,137320
31689,0.00119,172.31.36.0-255,66,86827,13,137320
31690,0.001215,74.125.130.0-255,2184,89011,13,137320
31691,0.001219,172.31.36.0-255,66,89077,13,137320
31692,0.00342,74.125.130.0-255,2902,91979,13,137320
31693,0.003427,172.31.36.0-255,66,92045,13,137320
31694,0.003467,74.125.130.0-255,2902,94947,13,137320
31695,0.00347,172.31.36.0-255,66,95013,13,137320
31696,0.005657,74.125.130.0-255,2902,97915,13,137320
31697,0.005664,172.31.36.0-255,66,97981,13,137320
31698,0.00569,74.125.130.0-255,2902,100883,13,137320
31699,0.005692,172.31.36.0-255,66,100949,13,137320
31700,0.007884,74.125.130.0-255,2902,103851,13,137320
31701,0.007893,172.31.36.0-255,66,103917,13,137320
31702,0.007929,74.125.130.0-255,2902,106819,13,137320
31703,0.007934,172.31.36.0-255,66,106885,13,137320
31704,0.010127,74.125.130.0-255,2902,109787,13,137320
31705,0.010136,172.31.36.0-255,66,109853,13,137320
31706,0.010171,74.125.130.0-255,2902,112755,13,137320
31707,0.010174,172.31.36.0-255,66,112821,13,137320
31708,0.012392,74.125.130.0-255,5738,118559,13,137320
31709,0.012403,172.31.36.0-255,66,118625,13,137320
31710,0.014653,74.125.130.0-255,5738,124363,13,137320
31711,0.014665,172.31.36.0-255,66,124429,13,137320
31712,0.016896,74.125.130.0-255,5738,130167,13,137320
31713,0.016907,172.31.36.0-255,66,130233,13,137320
31714,0.019138,74.125.130.0-255,5738,135971,13,137320
31715,0.019149,172.31.36.0-255,66,136037,13,137320
31716,0.019889,172.31.36.0-255,164,136201,13,137320
31717,0.019938,172.31.36.0-255,1119,137320,13,137320
31718,0.0,74.125.24.0-255,153,153,13,163110
31719,0.000141,172.31.36.0-255,66,219,13,163110
31720,0.000148,74.125.24.0-255,1484,1703,13,163110
31721,0.000152,172.31.36.0-255,66,1769,13,163110
31722,0.000157,74.125.24.0-255,2902,4671,13,163110
31723,0.000168,172.31.36.0-255,66,4737,13,163110
31724,0.000175,74.125.24.0-255,7156,11893,13,163110
31725,0.000179,172.31.36.0-255,66,11959,13,163110
31726,0.000183,74.125.24.0-255,2048,14007,13,163110
31727,0.000186,172.31.36.0-255,66,14073,13,163110
31728,0.000329,74.125.24.0-255,1484,15557,13,163110
31729,0.000334,172.31.36.0-255,66,15623,13,163110
31730,0.00034,74.125.24.0-255,2902,18525,13,163110
31731,0.000343,172.31.36.0-255,66,18591,13,163110
31732,0.000353,74.125.24.0-255,2902,21493,13,163110
31733,0.000356,172.31.36.0-255,66,21559,13,163110
31734,0.000386,74.125.24.0-255,2902,24461,13,163110
31735,0.00039,172.31.36.0-255,66,24527,13,163110
31736,0.000397,74.125.24.0-255,6797,31324,13,163110
31737,0.0004,172.31.36.0-255,66,31390,13,163110
31738,0.000437,74.125.24.0-255,1484,32874,13,163110
31739,0.000442,172.31.36.0-255,66,32940,13,163110
31740,0.000446,74.125.24.0-255,2902,35842,13,163110
31741,0.000449,172.31.36.0-255,66,35908,13,163110
31742,0.000452,74.125.24.0-255,1484,37392,13,163110
31743,0.000459,172.31.36.0-255,66,37458,13,163110
31744,0.000483,74.125.24.0-255,4320,41778,13,163110
31745,0.000487,172.31.36.0-255,66,41844,13,163110
31746,0.000491,74.125.24.0-255,2902,44746,13,163110
31747,0.000493,172.31.36.0-255,66,44812,13,163110
31748,0.000519,74.125.24.0-255,3961,48773,13,163110
31749,0.000523,172.31.36.0-255,66,48839,13,163110
31750,0.000577,74.125.24.0-255,1484,50323,13,163110
31751,0.000582,74.125.24.0-255,1484,51807,13,163110
31752,0.000585,172.31.36.0-255,66,51873,13,163110
31753,0.000613,74.125.24.0-255,1484,53357,13,163110
31754,0.00062,74.125.24.0-255,5738,59095,13,163110
31755,0.000622,172.31.36.0-255,66,59161,13,163110
31756,0.000652,74.125.24.0-255,7131,66292,13,163110
31757,0.000655,172.31.36.0-255,66,66358,13,163110
31758,0.001124,74.125.24.0-255,344,66702,13,163110
31759,0.001295,74.125.24.0-255,1484,68186,13,163110
31760,0.0013,172.31.36.0-255,66,68252,13,163110
31761,0.001307,74.125.24.0-255,2902,71154,13,163110
31762,0.001309,172.31.36.0-255,66,71220,13,163110
31763,0.001315,74.125.24.0-255,5738,76958,13,163110
31764,0.001323,172.31.36.0-255,66,77024,13,163110
31765,0.001344,74.125.24.0-255,5738,82762,13,163110
31766,0.001351,172.31.36.0-255,66,82828,13,163110
31767,0.001385,74.125.24.0-255,8215,91043,13,163110
31768,0.001387,172.31.36.0-255,66,91109,13,163110
31769,0.001395,74.125.24.0-255,7156,98265,13,163110
31770,0.001398,172.31.36.0-255,66,98331,13,163110
31771,0.001402,74.125.24.0-255,2543,100874,13,163110
31772,0.001404,172.31.36.0-255,66,100940,13,163110
31773,0.002371,74.125.24.0-255,1484,102424,13,163110
31774,0.002379,74.125.24.0-255,2902,105326,13,163110
31775,0.002383,172.31.36.0-255,66,105392,13,163110
31776,0.002388,74.125.24.0-255,2902,108294,13,163110
31777,0.00239,172.31.36.0-255,66,108360,13,163110
31778,0.00241,74.125.24.0-255,2902,111262,13,163110
31779,0.002412,172.31.36.0-255,66,111328,13,163110
31780,0.002419,74.125.24.0-255,7156,118484,13,163110
31781,0.002421,172.31.36.0-255,66,118550,13,163110
31782,0.002458,74.125.24.0-255,2902,121452,13,163110
31783,0.002461,172.31.36.0-255,66,121518,13,163110
31784,0.002472,172.31.36.0-255,66,121584,13,163110
31785,0.002476,74.125.24.0-255,2184,123768,13,163110
31786,0.002479,172.31.36.0-255,66,123834,13,163110
31787,0.004807,74.125.24.0-255,4320,128154,13,163110
31788,0.004812,172.31.36.0-255,66,128220,13,163110
31789,0.004835,74.125.24.0-255,1484,129704,13,163110
31790,0.007143,74.125.24.0-255,4320,134024,13,163110
31791,0.007149,172.31.36.0-255,66,134090,13,163110
31792,0.009487,74.125.24.0-255,5738,139828,13,163110
31793,0.009495,172.31.36.0-255,66,139894,13,163110
31794,0.011824,74.125.24.0-255,5738,145632,13,163110
31795,0.011832,172.31.36.0-255,66,145698,13,163110
31796,0.014166,74.125.24.0-255,5738,151436,13,163110
31797,0.014177,172.31.36.0-255,66,151502,13,163110
31798,0.016531,74.125.24.0-255,5738,157240,13,163110
31799,0.016539,172.31.36.0-255,66,157306,13,163110
31800,0.018893,74.125.24.0-255,5738,163044,13,163110
31801,0.018901,172.31.36.0-255,66,163110,13,163110
31802,0.0,172.217.194.0-255,431,431,13,182995
31803,2.6e-05,172.217.194.0-255,1484,1915,13,182995
31804,3.3e-05,172.31.36.0-255,66,1981,13,182995
31805,4.1e-05,172.217.194.0-255,4320,6301,13,182995
31806,4.4e-05,172.31.36.0-255,66,6367,13,182995
31807,7.4e-05,172.217.194.0-255,7717,14084,13,182995
31808,7.7e-05,172.31.36.0-255,66,14150,13,182995
31809,0.00034,172.217.194.0-255,7156,21306,13,182995
31810,0.000347,172.31.36.0-255,66,21372,13,182995
31811,0.000373,172.217.194.0-255,1484,22856,13,182995
31812,0.000695,172.217.194.0-255,7054,29910,13,182995
31813,0.0007,172.31.36.0-255,66,29976,13,182995
31814,0.002361,172.217.194.0-255,5738,35714,13,182995
31815,0.002367,172.31.36.0-255,66,35780,13,182995
31816,0.002445,172.217.194.0-255,5738,41518,13,182995
31817,0.002449,172.31.36.0-255,66,41584,13,182995
31818,0.002476,172.217.194.0-255,2902,44486,13,182995
31819,0.002496,172.31.36.0-255,66,44552,13,182995
31820,0.002802,172.217.194.0-255,7156,51708,13,182995
31821,0.002807,172.31.36.0-255,66,51774,13,182995
31822,0.002836,172.217.194.0-255,7156,58930,13,182995
31823,0.002853,172.31.36.0-255,66,58996,13,182995
31824,0.003387,172.217.194.0-255,5738,64734,13,182995
31825,0.003391,172.31.36.0-255,66,64800,13,182995
31826,0.003425,172.217.194.0-255,8574,73374,13,182995
31827,0.003438,172.31.36.0-255,66,73440,13,182995
31828,0.003959,172.217.194.0-255,7156,80596,13,182995
31829,0.003965,172.31.36.0-255,66,80662,13,182995
31830,0.003995,172.217.194.0-255,7156,87818,13,182995
31831,0.004009,172.31.36.0-255,66,87884,13,182995
31832,0.00444,172.217.194.0-255,2902,90786,13,182995
31833,0.004445,172.31.36.0-255,66,90852,13,182995
31834,0.004471,172.217.194.0-255,2902,93754,13,182995
31835,0.004474,172.31.36.0-255,66,93820,13,182995
31836,0.004675,172.217.194.0-255,8574,102394,13,182995
31837,0.004705,172.31.36.0-255,66,102460,13,182995
31838,0.004839,172.217.194.0-255,8574,111034,13,182995
31839,0.004843,172.31.36.0-255,66,111100,13,182995
31840,0.004897,172.217.194.0-255,5738,116838,13,182995
31841,0.004915,172.31.36.0-255,66,116904,13,182995
31842,0.005172,172.217.194.0-255,4320,121224,13,182995
31843,0.005177,172.31.36.0-255,66,121290,13,182995
31844,0.005213,172.217.194.0-255,9992,131282,13,182995
31845,0.005216,172.31.36.0-255,66,131348,13,182995
31846,0.00579,172.217.194.0-255,9992,141340,13,182995
31847,0.005796,172.31.36.0-255,66,141406,13,182995
31848,0.005848,172.31.36.0-255,66,141472,13,182995
31849,0.006819,172.31.36.0-255,66,141538,13,182995
31850,0.006868,172.31.36.0-255,66,141604,13,182995
31851,0.007154,172.217.194.0-255,5738,147342,13,182995
31852,0.00716,172.31.36.0-255,66,147408,13,182995
31853,0.007191,172.217.194.0-255,1614,149022,13,182995
31854,0.007195,172.31.36.0-255,66,149088,13,182995
31855,0.007543,172.217.194.0-255,5738,154826,13,182995
31856,0.007551,172.31.36.0-255,66,154892,13,182995
31857,0.007595,172.31.36.0-255,66,154958,13,182995
31858,0.007638,172.31.36.0-255,66,155024,13,182995
31859,0.007674,172.217.194.0-255,5738,160762,13,182995
31860,0.007679,172.31.36.0-255,66,160828,13,182995
31861,0.008237,172.31.36.0-255,66,160894,13,182995
31862,0.008343,172.31.36.0-255,66,160960,13,182995
31863,0.008389,172.217.194.0-255,4320,165280,13,182995
31864,0.008394,172.31.36.0-255,66,165346,13,182995
31865,0.008441,172.31.36.0-255,66,165412,13,182995
31866,0.008483,172.31.36.0-255,66,165478,13,182995
31867,0.008517,172.217.194.0-255,8574,174052,13,182995
31868,0.008526,172.31.36.0-255,66,174118,13,182995
31869,0.009173,172.217.194.0-255,8574,182692,13,182995
31870,0.009181,172.31.36.0-255,66,182758,13,182995
31871,0.009228,172.31.36.0-255,66,182824,13,182995
31872,0.013052,172.31.36.0-255,105,182929,13,182995
31873,0.019461,172.217.194.0-255,66,182995,13,182995
31874,0.0,74.125.68.0-255,153,153,13,291076
31875,3.5e-05,172.31.36.0-255,66,219,13,291076
31876,4.3e-05,74.125.68.0-255,1484,1703,13,291076
31877,4.7e-05,172.31.36.0-255,66,1769,13,291076
31878,5.2e-05,74.125.68.0-255,2902,4671,13,291076
31879,5.5e-05,172.31.36.0-255,66,4737,13,291076
31880,5.9e-05,74.125.68.0-255,4320,9057,13,291076
31881,6.2e-05,172.31.36.0-255,66,9123,13,291076
31882,0.000105,74.125.68.0-255,4824,13947,13,291076
31883,0.000107,172.31.36.0-255,66,14013,13,291076
31884,0.000134,74.125.68.0-255,2902,16915,13,291076
31885,0.000137,172.31.36.0-255,66,16981,13,291076
31886,0.00015,74.125.68.0-255,2902,19883,13,291076
31887,0.000152,172.31.36.0-255,66,19949,13,291076
31888,0.000157,74.125.68.0-255,2902,22851,13,291076
31889,0.000159,172.31.36.0-255,66,22917,13,291076
31890,0.000185,74.125.68.0-255,4320,27237,13,291076
31891,0.000188,172.31.36.0-255,66,27303,13,291076
31892,0.000194,74.125.68.0-255,3961,31264,13,291076
31893,0.000196,172.31.36.0-255,66,31330,13,291076
31894,0.000277,74.125.68.0-255,1484,32814,13,291076
31895,0.000281,172.31.36.0-255,66,32880,13,291076
31896,0.000286,74.125.68.0-255,2902,35782,13,291076
31897,0.000287,172.31.36.0-255,66,35848,13,291076
31898,0.000304,74.125.68.0-255,4320,40168,13,291076
31899,0.000307,172.31.36.0-255,66,40234,13,291076
31900,0.000341,74.125.68.0-255,1484,41718,13,291076
31901,0.000344,172.31.36.0-255,66,41784,13,291076
31902,0.000361,74.125.68.0-255,6797,48581,13,291076
31903,0.000364,172.31.36.0-255,66,48647,13,291076
31904,0.000385,74.125.68.0-255,8574,57221,13,291076
31905,0.000388,172.31.36.0-255,66,57287,13,291076
31906,0.000416,74.125.68.0-255,7156,64443,13,291076
31907,0.00042,172.31.36.0-255,66,64509,13,291076
31908,0.000436,74.125.68.0-255,1481,65990,13,291076
31909,0.000467,74.125.68.0-255,332,66322,13,291076
31910,0.000474,172.31.36.0-255,66,66388,13,291076
31911,0.000669,74.125.68.0-255,1484,67872,13,291076
31912,0.000675,74.125.68.0-255,2902,70774,13,291076
31913,0.000679,172.31.36.0-255,66,70840,13,291076
31914,0.000688,74.125.68.0-255,1484,72324,13,291076
31915,0.00071,74.125.68.0-255,2902,75226,13,291076
31916,0.000713,172.31.36.0-255,66,75292,13,291076
31917,0.00072,74.125.68.0-255,5738,81030,13,291076
31918,0.000722,172.31.36.0-255,66,81096,13,291076
31919,0.000751,172.31.36.0-255,66,81162,13,291076
31920,0.000756,74.125.68.0-255,4320,85482,13,291076
31921,0.000758,172.31.36.0-255,66,85548,13,291076
31922,0.000797,74.125.68.0-255,1484,87032,13,291076
31923,0.000815,74.125.68.0-255,2184,89216,13,291076
31924,0.000818,172.31.36.0-255,66,89282,13,291076
31925,0.00102,74.125.68.0-255,1484,90766,13,291076
31926,0.001039,74.125.68.0-255,1484,92250,13,291076
31927,0.001042,172.31.36.0-255,66,92316,13,291076
31928,0.00106,74.125.68.0-255,1484,93800,13,291076
31929,0.001089,74.125.68.0-255,4320,98120,13,291076
31930,0.001092,172.31.36.0-255,66,98186,13,291076
31931,0.001111,74.125.68.0-255,1484,99670,13,291076
31932,0.001118,74.125.68.0-255,7156,106826,13,291076
31933,0.001123,172.31.36.0-255,66,106892,13,291076
31934,0.001124,74.125.68.0-255,7156,114048,13,291076
31935,0.001126,172.31.36.0-255,66,114114,13,291076
31936,0.001148,74.125.68.0-255,5738,119852,13,291076
31937,0.00115,172.31.36.0-255,66,119918,13,291076
31938,0.001165,74.125.68.0-255,3602,123520,13,291076
31939,0.001168,172.31.36.0-255,66,123586,13,291076
31940,0.001324,74.125.68.0-255,1484,125070,13,291076
31941,0.001339,74.125.68.0-255,2902,127972,13,291076
31942,0.001342,172.31.36.0-255,66,128038,13,291076
31943,0.001367,74.125.68.0-255,5738,133776,13,291076
31944,0.001371,74.125.68.0-255,2902,136678,13,291076
31945,0.001371,172.31.36.0-255,66,136744,13,291076
31946,0.001375,172.31.36.0-255,66,136810,13,291076
31947,0.001396,74.125.68.0-255,4320,141130,13,291076
31948,0.001398,172.31.36.0-255,66,141196,13,291076
31949,0.001416,74.125.68.0-255,2902,144098,13,291076
31950,0.001419,172.31.36.0-255,66,144164,13,291076
31951,0.001459,172.31.36.0-255,66,144230,13,291076
31952,0.001464,74.125.68.0-255,2184,146414,13,291076
31953,0.001466,172.31.36.0-255,66,146480,13,291076
31954,0.001508,74.125.68.0-255,2902,149382,13,291076
31955,0.001512,172.31.36.0-255,66,149448,13,291076
31956,0.001516,74.125.68.0-255,1484,150932,13,291076
31957,0.00153,74.125.68.0-255,2902,153834,13,291076
31958,0.001534,172.31.36.0-255,66,153900,13,291076
31959,0.001544,74.125.68.0-255,4320,158220,13,291076
31960,0.001547,172.31.36.0-255,66,158286,13,291076
31961,0.00157,74.125.68.0-255,4320,162606,13,291076
31962,0.001572,172.31.36.0-255,66,162672,13,291076
31963,0.001575,74.125.68.0-255,1484,164156,13,291076
31964,0.001579,74.125.68.0-255,2902,167058,13,291076
31965,0.001582,74.125.68.0-255,1484,168542,13,291076
31966,0.001582,172.31.36.0-255,66,168608,13,291076
31967,0.001597,74.125.68.0-255,4320,172928,13,291076
31968,0.001599,172.31.36.0-255,66,172994,13,291076
31969,0.001603,74.125.68.0-255,2902,175896,13,291076
31970,0.001605,172.31.36.0-255,66,175962,13,291076
31971,0.001632,74.125.68.0-255,2902,178864,13,291076
31972,0.001635,172.31.36.0-255,66,178930,13,291076
31973,0.001654,74.125.68.0-255,2184,181114,13,291076
31974,0.001656,172.31.36.0-255,66,181180,13,291076
31975,0.001753,74.125.68.0-255,1484,182664,13,291076
31976,0.001759,74.125.68.0-255,2902,185566,13,291076
31977,0.001762,172.31.36.0-255,66,185632,13,291076
31978,0.001787,74.125.68.0-255,5738,191370,13,291076
31979,0.00179,172.31.36.0-255,66,191436,13,291076
31980,0.001813,74.125.68.0-255,7156,198592,13,291076
31981,0.001816,172.31.36.0-255,66,198658,13,291076
31982,0.001831,74.125.68.0-255,5738,204396,13,291076
31983,0.001834,172.31.36.0-255,66,204462,13,291076
31984,0.001838,74.125.68.0-255,2902,207364,13,291076
31985,0.00184,172.31.36.0-255,66,207430,13,291076
31986,0.001845,74.125.68.0-255,4320,211750,13,291076
31987,0.001847,172.31.36.0-255,66,211816,13,291076
31988,0.001874,74.125.68.0-255,1484,213300,13,291076
31989,0.001887,74.125.68.0-255,2184,215484,13,291076
31990,0.00189,172.31.36.0-255,66,215550,13,291076
31991,0.002051,74.125.68.0-255,1484,217034,13,291076
31992,0.002086,74.125.68.0-255,2902,219936,13,291076
31993,0.00209,172.31.36.0-255,66,220002,13,291076
31994,0.002096,74.125.68.0-255,5738,225740,13,291076
31995,0.002098,172.31.36.0-255,66,225806,13,291076
31996,0.002121,74.125.68.0-255,7156,232962,13,291076
31997,0.002125,172.31.36.0-255,66,233028,13,291076
31998,0.00213,74.125.68.0-255,2902,235930,13,291076
31999,0.002131,172.31.36.0-255,66,235996,13,291076
32000,0.002164,74.125.68.0-255,9992,245988,13,291076
32001,0.002167,172.31.36.0-255,66,246054,13,291076
32002,0.002186,74.125.68.0-255,3602,249656,13,291076
32003,0.002189,172.31.36.0-255,66,249722,13,291076
32004,0.004406,74.125.68.0-255,1484,251206,13,291076
32005,0.00442,74.125.68.0-255,1484,252690,13,291076
32006,0.004424,172.31.36.0-255,66,252756,13,291076
32007,0.004443,74.125.68.0-255,2902,255658,13,291076
32008,0.004445,172.31.36.0-255,66,255724,13,291076
32009,0.006693,74.125.68.0-255,2902,258626,13,291076
32010,0.006709,172.31.36.0-255,66,258692,13,291076
32011,0.006728,74.125.68.0-255,2902,261594,13,291076
32012,0.006731,172.31.36.0-255,66,261660,13,291076
32013,0.008942,74.125.68.0-255,2902,264562,13,291076
32014,0.008949,172.31.36.0-255,66,264628,13,291076
32015,0.00897,74.125.68.0-255,2902,267530,13,291076
32016,0.008973,172.31.36.0-255,66,267596,13,291076
32017,0.01119,74.125.68.0-255,2902,270498,13,291076
32018,0.011198,172.31.36.0-255,66,270564,13,291076
32019,0.011223,74.125.68.0-255,2902,273466,13,291076
32020,0.011226,172.31.36.0-255,66,273532,13,291076
32021,0.013442,74.125.68.0-255,2902,276434,13,291076
32022,0.013449,172.31.36.0-255,66,276500,13,291076
32023,0.013471,74.125.68.0-255,2902,279402,13,291076
32024,0.013473,172.31.36.0-255,66,279468,13,291076
32025,0.015705,74.125.68.0-255,5738,285206,13,291076
32026,0.015714,172.31.36.0-255,66,285272,13,291076
32027,0.017967,74.125.68.0-255,5738,291010,13,291076
32028,0.017976,172.31.36.0-255,66,291076,13,291076
32029,0.0,74.125.200.0-255,153,153,13,151964
32030,2.5e-05,172.31.36.0-255,66,219,13,151964
32031,3.3e-05,74.125.200.0-255,1484,1703,13,151964
32032,3.7e-05,172.31.36.0-255,66,1769,13,151964
32033,4.4e-05,74.125.200.0-255,2902,4671,13,151964
32034,7e-05,172.31.36.0-255,66,4737,13,151964
32035,7.8e-05,74.125.200.0-255,5738,10475,13,151964
32036,8.1e-05,172.31.36.0-255,66,10541,13,151964
32037,0.000117,74.125.200.0-255,3447,13988,13,151964
32038,0.00012,172.31.36.0-255,66,14054,13,151964
32039,0.000126,74.125.200.0-255,4320,18374,13,151964
32040,0.000129,172.31.36.0-255,66,18440,13,151964
32041,0.000132,74.125.200.0-255,1484,19924,13,151964
32042,0.000139,172.31.36.0-255,66,19990,13,151964
32043,0.000177,74.125.200.0-255,8574,28564,13,151964
32044,0.00018,172.31.36.0-255,66,28630,13,151964
32045,0.000185,74.125.200.0-255,2543,31173,13,151964
32046,0.000187,172.31.36.0-255,66,31239,13,151964
32047,0.000496,74.125.200.0-255,1484,32723,13,151964
32048,0.000502,172.31.36.0-255,66,32789,13,151964
32049,0.000535,74.125.200.0-255,2902,35691,13,151964
32050,0.000539,172.31.36.0-255,66,35757,13,151964
32051,0.000546,74.125.200.0-255,5738,41495,13,151964
32052,0.000548,172.31.36.0-255,66,41561,13,151964
32053,0.000558,74.125.200.0-255,2902,44463,13,151964
32054,0.00056,172.31.36.0-255,66,44529,13,151964
32055,0.000567,74.125.200.0-255,3961,48490,13,151964
32056,0.000569,172.31.36.0-255,66,48556,13,151964
32057,0.000608,74.125.200.0-255,8574,57130,13,151964
32058,0.000611,172.31.36.0-255,66,57196,13,151964
32059,0.000616,74.125.200.0-255,2902,60098,13,151964
32060,0.000618,172.31.36.0-255,66,60164,13,151964
32061,0.000656,74.125.200.0-255,2902,63066,13,151964
32062,0.000659,172.31.36.0-255,66,63132,13,151964
32063,0.000685,74.125.200.0-255,2875,66007,13,151964
32064,0.000688,172.31.36.0-255,66,66073,13,151964
32065,0.000792,74.125.200.0-255,109,66182,13,151964
32066,0.000981,74.125.200.0-255,1484,67666,13,151964
32067,0.000986,172.31.36.0-255,66,67732,13,151964
32068,0.00102,74.125.200.0-255,2902,70634,13,151964
32069,0.001023,172.31.36.0-255,66,70700,13,151964
32070,0.00103,74.125.200.0-255,5738,76438,13,151964
32071,0.001032,172.31.36.0-255,66,76504,13,151964
32072,0.001042,74.125.200.0-255,4320,80824,13,151964
32073,0.001044,172.31.36.0-255,66,80890,13,151964
32074,0.00105,74.125.200.0-255,5379,86269,13,151964
32075,0.001052,172.31.36.0-255,66,86335,13,151964
32076,0.001057,74.125.200.0-255,2902,89237,13,151964
32077,0.00106,172.31.36.0-255,66,89303,13,151964
32078,0.001093,74.125.200.0-255,2902,92205,13,151964
32079,0.001096,172.31.36.0-255,66,92271,13,151964
32080,0.001104,74.125.200.0-255,7156,99427,13,151964
32081,0.001106,172.31.36.0-255,66,99493,13,151964
32082,0.001127,74.125.200.0-255,1125,100618,13,151964
32083,0.001552,172.31.36.0-255,66,100684,13,151964
32084,0.003083,74.125.200.0-255,4320,105004,13,151964
32085,0.003092,172.31.36.0-255,66,105070,13,151964
32086,0.003513,74.125.200.0-255,1484,106554,13,151964
32087,0.005061,74.125.200.0-255,4320,110874,13,151964
32088,0.005065,172.31.36.0-255,66,110940,13,151964
32089,0.007059,74.125.200.0-255,5738,116678,13,151964
32090,0.007065,172.31.36.0-255,66,116744,13,151964
32091,0.009048,74.125.200.0-255,5738,122482,13,151964
32092,0.009059,172.31.36.0-255,66,122548,13,151964
32093,0.011038,74.125.200.0-255,5738,128286,13,151964
32094,0.011047,172.31.36.0-255,66,128352,13,151964
32095,0.013025,74.125.200.0-255,5738,134090,13,151964
32096,0.013033,172.31.36.0-255,66,134156,13,151964
32097,0.015006,74.125.200.0-255,2902,137058,13,151964
32098,0.015015,172.31.36.0-255,66,137124,13,151964
32099,0.015049,74.125.200.0-255,2902,140026,13,151964
32100,0.015053,172.31.36.0-255,66,140092,13,151964
32101,0.017019,74.125.200.0-255,2902,142994,13,151964
32102,0.017027,172.31.36.0-255,66,143060,13,151964
32103,0.017057,74.125.200.0-255,2902,145962,13,151964
32104,0.01706,172.31.36.0-255,66,146028,13,151964
32105,0.019001,74.125.200.0-255,2902,148930,13,151964
32106,0.019013,172.31.36.0-255,66,148996,13,151964
32107,0.019058,74.125.200.0-255,2902,151898,13,151964
32108,0.019062,172.31.36.0-255,66,151964,13,151964
32109,0.0,74.125.24.0-255,152,152,13,112535
32110,3e-05,172.31.36.0-255,66,218,13,112535
32111,3.8e-05,74.125.24.0-255,1484,1702,13,112535
32112,4.3e-05,172.31.36.0-255,66,1768,13,112535
32113,5.6e-05,74.125.24.0-255,2902,4670,13,112535
32114,6e-05,172.31.36.0-255,66,4736,13,112535
32115,9.8e-05,74.125.24.0-255,7156,11892,13,112535
32116,0.000102,172.31.36.0-255,66,11958,13,112535
32117,0.000227,74.125.24.0-255,2073,14031,13,112535
32118,0.000231,172.31.36.0-255,66,14097,13,112535
32119,0.000267,74.125.24.0-255,5738,19835,13,112535
32120,0.000271,172.31.36.0-255,66,19901,13,112535
32121,0.000302,74.125.24.0-255,5738,25639,13,112535
32122,0.000306,172.31.36.0-255,66,25705,13,112535
32123,0.000509,172.31.36.0-255,66,25771,13,112535
32124,0.000787,74.125.24.0-255,7156,32927,13,112535
32125,0.000793,172.31.36.0-255,66,32993,13,112535
32126,0.000841,172.31.36.0-255,66,33059,13,112535
32127,0.001256,74.125.24.0-255,8574,41633,13,112535
32128,0.001261,172.31.36.0-255,66,41699,13,112535
32129,0.001305,172.31.36.0-255,66,41765,13,112535
32130,0.00188,74.125.24.0-255,1484,43249,13,112535
32131,0.001886,172.31.36.0-255,66,43315,13,112535
32132,0.001918,74.125.24.0-255,2902,46217,13,112535
32133,0.001921,172.31.36.0-255,66,46283,13,112535
32134,0.001962,74.125.24.0-255,5738,52021,13,112535
32135,0.001967,172.31.36.0-255,66,52087,13,112535
32136,0.002085,172.31.36.0-255,66,52153,13,112535
32137,0.002328,172.31.36.0-255,66,52219,13,112535
32138,0.002386,172.31.36.0-255,66,52285,13,112535
32139,0.002853,74.125.24.0-255,8574,60859,13,112535
32140,0.002858,172.31.36.0-255,66,60925,13,112535
32141,0.002924,172.31.36.0-255,66,60991,13,112535
32142,0.003844,74.125.24.0-255,5738,66729,13,112535
32143,0.003848,172.31.36.0-255,66,66795,13,112535
32144,0.003908,172.31.36.0-255,66,66861,13,112535
32145,0.003937,74.125.24.0-255,9992,76853,13,112535
32146,0.003952,172.31.36.0-255,66,76919,13,112535
32147,0.006254,74.125.24.0-255,2902,79821,13,112535
32148,0.006259,172.31.36.0-255,66,79887,13,112535
32149,0.006289,74.125.24.0-255,2902,82789,13,112535
32150,0.006304,172.31.36.0-255,66,82855,13,112535
32151,0.008565,74.125.24.0-255,2902,85757,13,112535
32152,0.008571,172.31.36.0-255,66,85823,13,112535
32153,0.008645,74.125.24.0-255,2902,88725,13,112535
32154,0.00867,172.31.36.0-255,66,88791,13,112535
32155,0.010914,74.125.24.0-255,2902,91693,13,112535
32156,0.010923,172.31.36.0-255,66,91759,13,112535
32157,0.010964,74.125.24.0-255,2902,94661,13,112535
32158,0.010994,172.31.36.0-255,66,94727,13,112535
32159,0.013216,74.125.24.0-255,2902,97629,13,112535
32160,0.013227,172.31.36.0-255,66,97695,13,112535
32161,0.013287,74.125.24.0-255,2902,100597,13,112535
32162,0.013321,172.31.36.0-255,66,100663,13,112535
32163,0.015545,74.125.24.0-255,2902,103565,13,112535
32164,0.015553,172.31.36.0-255,66,103631,13,112535
32165,0.015649,74.125.24.0-255,2902,106533,13,112535
32166,0.015664,172.31.36.0-255,66,106599,13,112535
32167,0.017839,74.125.24.0-255,2902,109501,13,112535
32168,0.017846,172.31.36.0-255,66,109567,13,112535
32169,0.017966,74.125.24.0-255,2902,112469,13,112535
32170,0.017972,172.31.36.0-255,66,112535,13,112535
32171,0.0,172.217.194.0-255,146,146,13,214821
32172,3.1e-05,172.31.36.0-255,66,212,13,214821
32173,3.9e-05,172.217.194.0-255,1484,1696,13,214821
32174,4.3e-05,172.31.36.0-255,66,1762,13,214821
32175,4.6e-05,172.217.194.0-255,1484,3246,13,214821
32176,4.8e-05,172.31.36.0-255,66,3312,13,214821
32177,6.2e-05,172.217.194.0-255,2902,6214,13,214821
32178,6.4e-05,172.31.36.0-255,66,6280,13,214821
32179,7.2e-05,172.217.194.0-255,5738,12018,13,214821
32180,7.4e-05,172.31.36.0-255,66,12084,13,214821
32181,7.8e-05,172.217.194.0-255,2087,14171,13,214821
32182,8.1e-05,172.31.36.0-255,66,14237,13,214821
32183,0.000121,172.217.194.0-255,1484,15721,13,214821
32184,0.000125,172.31.36.0-255,66,15787,13,214821
32185,0.000128,172.217.194.0-255,1484,17271,13,214821
32186,0.00013,172.31.36.0-255,66,17337,13,214821
32187,0.00015,172.217.194.0-255,1484,18821,13,214821
32188,0.000153,172.31.36.0-255,66,18887,13,214821
32189,0.000165,172.217.194.0-255,5738,24625,13,214821
32190,0.000169,172.31.36.0-255,66,24691,13,214821
32191,0.000174,172.217.194.0-255,4320,29011,13,214821
32192,0.000176,172.31.36.0-255,66,29077,13,214821
32193,0.000209,172.217.194.0-255,8215,37292,13,214821
32194,0.000213,172.31.36.0-255,66,37358,13,214821
32195,0.00025,172.31.36.0-255,66,37424,13,214821
32196,0.000307,172.217.194.0-255,1484,38908,13,214821
32197,0.00031,172.31.36.0-255,66,38974,13,214821
32198,0.000315,172.217.194.0-255,2902,41876,13,214821
32199,0.000317,172.31.36.0-255,66,41942,13,214821
32200,0.000338,172.217.194.0-255,5738,47680,13,214821
32201,0.000347,172.31.36.0-255,66,47746,13,214821
32202,0.000371,172.217.194.0-255,1484,49230,13,214821
32203,0.000397,172.217.194.0-255,5673,54903,13,214821
32204,0.000401,172.31.36.0-255,66,54969,13,214821
32205,0.00048,172.217.194.0-255,384,55353,13,214821
32206,0.000627,172.217.194.0-255,1484,56837,13,214821
32207,0.000632,172.217.194.0-255,2902,59739,13,214821
32208,0.000633,172.31.36.0-255,66,59805,13,214821
32209,0.000637,172.31.36.0-255,66,59871,13,214821
32210,0.000657,172.217.194.0-255,5738,65609,13,214821
32211,0.00066,172.31.36.0-255,66,65675,13,214821
32212,0.000687,172.217.194.0-255,6797,72472,13,214821
32213,0.000691,172.31.36.0-255,66,72538,13,214821
32214,0.00073,172.217.194.0-255,7156,79694,13,214821
32215,0.000733,172.31.36.0-255,66,79760,13,214821
32216,0.000743,172.217.194.0-255,9633,89393,13,214821
32217,0.000745,172.31.36.0-255,66,89459,13,214821
32218,0.001367,172.217.194.0-255,1484,90943,13,214821
32219,0.001375,172.217.194.0-255,2902,93845,13,214821
32220,0.001379,172.31.36.0-255,66,93911,13,214821
32221,0.001387,172.217.194.0-255,5738,99649,13,214821
32222,0.001389,172.31.36.0-255,66,99715,13,214821
32223,0.001427,172.217.194.0-255,2902,102617,13,214821
32224,0.00143,172.31.36.0-255,66,102683,13,214821
32225,0.001467,172.217.194.0-255,2902,105585,13,214821
32226,0.001471,172.31.36.0-255,66,105651,13,214821
32227,0.001483,172.31.36.0-255,66,105717,13,214821
32228,0.00149,172.217.194.0-255,5020,110737,13,214821
32229,0.001491,172.31.36.0-255,66,110803,13,214821
32230,0.001862,172.217.194.0-255,1484,112287,13,214821
32231,0.00187,172.217.194.0-255,2902,115189,13,214821
32232,0.001873,172.31.36.0-255,66,115255,13,214821
32233,0.00188,172.217.194.0-255,5738,120993,13,214821
32234,0.001883,172.31.36.0-255,66,121059,13,214821
32235,0.001912,172.217.194.0-255,9992,131051,13,214821
32236,0.001914,172.31.36.0-255,66,131117,13,214821
32237,0.001931,172.217.194.0-255,2902,134019,13,214821
32238,0.001933,172.31.36.0-255,66,134085,13,214821
32239,0.001954,172.217.194.0-255,4320,138405,13,214821
32240,0.001956,172.31.36.0-255,66,138471,13,214821
32241,0.001982,172.217.194.0-255,6438,144909,13,214821
32242,0.001984,172.31.36.0-255,66,144975,13,214821
32243,0.002197,172.217.194.0-255,1484,146459,13,214821
32244,0.00221,172.217.194.0-255,2902,149361,13,214821
32245,0.002213,172.31.36.0-255,66,149427,13,214821
32246,0.002245,172.217.194.0-255,5738,155165,13,214821
32247,0.002247,172.31.36.0-255,66,155231,13,214821
32248,0.002251,172.217.194.0-255,2902,158133,13,214821
32249,0.002253,172.31.36.0-255,66,158199,13,214821
32250,0.002281,172.217.194.0-255,9992,168191,13,214821
32251,0.002284,172.31.36.0-255,66,168257,13,214821
32252,0.002295,172.217.194.0-255,7156,175413,13,214821
32253,0.002297,172.31.36.0-255,66,175479,13,214821
32254,0.0023,172.217.194.0-255,1484,176963,13,214821
32255,0.004565,172.217.194.0-255,4320,181283,13,214821
32256,0.00457,172.31.36.0-255,66,181349,13,214821
32257,0.006849,172.217.194.0-255,4320,185669,13,214821
32258,0.006852,172.31.36.0-255,66,185735,13,214821
32259,0.006863,172.217.194.0-255,1484,187219,13,214821
32260,0.009129,172.217.194.0-255,4320,191539,13,214821
32261,0.009136,172.31.36.0-255,66,191605,13,214821
32262,0.011396,172.217.194.0-255,5738,197343,13,214821
32263,0.011403,172.31.36.0-255,66,197409,13,214821
32264,0.013677,172.217.194.0-255,5738,203147,13,214821
32265,0.013689,172.31.36.0-255,66,203213,13,214821
32266,0.015951,172.217.194.0-255,5738,208951,13,214821
32267,0.01596,172.31.36.0-255,66,209017,13,214821
32268,0.018221,172.217.194.0-255,5738,214755,13,214821
32269,0.018228,172.31.36.0-255,66,214821,13,214821
32270,0.0,74.125.200.0-255,146,146,13,114047
32271,2.9e-05,172.31.36.0-255,66,212,13,114047
32272,3.6e-05,74.125.200.0-255,1484,1696,13,114047
32273,4e-05,172.31.36.0-255,66,1762,13,114047
32274,4.5e-05,74.125.200.0-255,2902,4664,13,114047
32275,5.6e-05,172.31.36.0-255,66,4730,13,114047
32276,6.3e-05,74.125.200.0-255,7156,11886,13,114047
32277,6.6e-05,172.31.36.0-255,66,11952,13,114047
32278,7.1e-05,74.125.200.0-255,3396,15348,13,114047
32279,7.3e-05,172.31.36.0-255,66,15414,13,114047
32280,0.000138,74.125.200.0-255,1484,16898,13,114047
32281,0.000143,172.31.36.0-255,66,16964,13,114047
32282,0.000191,74.125.200.0-255,2902,19866,13,114047
32283,0.000194,172.31.36.0-255,66,19932,13,114047
32284,0.000199,74.125.200.0-255,2902,22834,13,114047
32285,0.000201,172.31.36.0-255,66,22900,13,114047
32286,0.000206,74.125.200.0-255,4320,27220,13,114047
32287,0.000208,172.31.36.0-255,66,27286,13,114047
32288,0.000219,74.125.200.0-255,3961,31247,13,114047
32289,0.000222,172.31.36.0-255,66,31313,13,114047
32290,0.000656,74.125.200.0-255,1484,32797,13,114047
32291,0.000661,172.31.36.0-255,66,32863,13,114047
32292,0.000671,74.125.200.0-255,2902,35765,13,114047
32293,0.000681,172.31.36.0-255,66,35831,13,114047
32294,0.000721,74.125.200.0-255,1484,37315,13,114047
32295,0.000725,172.31.36.0-255,66,37381,13,114047
32296,0.000756,74.125.200.0-255,2902,40283,13,114047
32297,0.00076,172.31.36.0-255,66,40349,13,114047
32298,0.000766,74.125.200.0-255,5738,46087,13,114047
32299,0.000769,172.31.36.0-255,66,46153,13,114047
32300,0.000776,74.125.200.0-255,7156,53309,13,114047
32301,0.000778,172.31.36.0-255,66,53375,13,114047
32302,0.000783,74.125.200.0-255,4320,57695,13,114047
32303,0.000826,74.125.200.0-255,5738,63433,13,114047
32304,0.000846,74.125.200.0-255,1484,64917,13,114047
32305,0.000861,74.125.200.0-255,766,65683,13,114047
32306,0.000904,172.31.36.0-255,66,65749,13,114047
32307,0.001066,74.125.200.0-255,410,66159,13,114047
32308,0.001113,74.125.200.0-255,334,66493,13,114047
32309,0.001272,172.31.36.0-255,66,66559,13,114047
32310,0.003256,74.125.200.0-255,2902,69461,13,114047
32311,0.003285,172.31.36.0-255,66,69527,13,114047
32312,0.003607,74.125.200.0-255,2902,72429,13,114047
32313,0.003611,172.31.36.0-255,66,72495,13,114047
32314,0.005614,74.125.200.0-255,2902,75397,13,114047
32315,0.005619,172.31.36.0-255,66,75463,13,114047
32316,0.005958,74.125.200.0-255,2902,78365,13,114047
32317,0.005964,172.31.36.0-255,66,78431,13,114047
32318,0.008106,74.125.200.0-255,2902,81333,13,114047
32319,0.008113,172.31.36.0-255,66,81399,13,114047
32320,0.008308,74.125.200.0-255,2902,84301,13,114047
32321,0.008314,172.31.36.0-255,66,84367,13,114047
32322,0.010442,74.125.200.0-255,2902,87269,13,114047
32323,0.01045,172.31.36.0-255,66,87335,13,114047
32324,0.010631,74.125.200.0-255,2902,90237,13,114047
32325,0.010637,172.31.36.0-255,66,90303,13,114047
32326,0.012785,74.125.200.0-255,2902,93205,13,114047
32327,0.012794,172.31.36.0-255,66,93271,13,114047
32328,0.012963,74.125.200.0-255,2902,96173,13,114047
32329,0.012968,172.31.36.0-255,66,96239,13,114047
32330,0.015125,74.125.200.0-255,2902,99141,13,114047
32331,0.015132,172.31.36.0-255,66,99207,13,114047
32332,0.015293,74.125.200.0-255,2902,102109,13,114047
32333,0.015299,172.31.36.0-255,66,102175,13,114047
32334,0.017485,74.125.200.0-255,2902,105077,13,114047
32335,0.017492,172.31.36.0-255,66,105143,13,114047
32336,0.017644,74.125.200.0-255,2902,108045,13,114047
32337,0.017652,172.31.36.0-255,66,108111,13,114047
32338,0.019817,74.125.200.0-255,2902,111013,13,114047
32339,0.019825,172.31.36.0-255,66,111079,13,114047
32340,0.019986,74.125.200.0-255,2902,113981,13,114047
32341,0.019992,172.31.36.0-255,66,114047,13,114047
32342,0.0,172.217.194.0-255,153,153,13,347028
32343,2.1e-05,172.31.36.0-255,66,219,13,347028
32344,2.8e-05,172.217.194.0-255,1484,1703,13,347028
32345,3.2e-05,172.31.36.0-255,66,1769,13,347028
32346,3.8e-05,172.217.194.0-255,2902,4671,13,347028
32347,4.3e-05,172.31.36.0-255,66,4737,13,347028
32348,5.2e-05,172.217.194.0-255,7156,11893,13,347028
32349,5.6e-05,172.31.36.0-255,66,11959,13,347028
32350,6.1e-05,172.217.194.0-255,2048,14007,13,347028
32351,6.3e-05,172.31.36.0-255,66,14073,13,347028
32352,8.7e-05,172.217.194.0-255,1484,15557,13,347028
32353,8.9e-05,172.31.36.0-255,66,15623,13,347028
32354,0.000111,172.217.194.0-255,5738,21361,13,347028
32355,0.000114,172.31.36.0-255,66,21427,13,347028
32356,0.000123,172.217.194.0-255,8574,30001,13,347028
32357,0.000125,172.31.36.0-255,66,30067,13,347028
32358,0.000128,172.217.194.0-255,1125,31192,13,347028
32359,0.00013,172.31.36.0-255,66,31258,13,347028
32360,0.000234,172.217.194.0-255,1484,32742,13,347028
32361,0.000238,172.31.36.0-255,66,32808,13,347028
32362,0.000244,172.217.194.0-255,2902,35710,13,347028
32363,0.000246,172.31.36.0-255,66,35776,13,347028
32364,0.000249,172.217.194.0-255,1484,37260,13,347028
32365,0.000251,172.31.36.0-255,66,37326,13,347028
32366,0.000277,172.217.194.0-255,4320,41646,13,347028
32367,0.00028,172.31.36.0-255,66,41712,13,347028
32368,0.000285,172.217.194.0-255,2902,44614,13,347028
32369,0.000287,172.31.36.0-255,66,44680,13,347028
32370,0.000322,172.31.36.0-255,66,44746,13,347028
32371,0.000339,172.217.194.0-255,1484,46230,13,347028
32372,0.000341,172.31.36.0-255,66,46296,13,347028
32373,0.000366,172.217.194.0-255,8515,54811,13,347028
32374,0.000369,172.31.36.0-255,66,54877,13,347028
32375,0.000802,172.217.194.0-255,386,55263,13,347028
32376,0.000979,172.217.194.0-255,1484,56747,13,347028
32377,0.000984,172.31.36.0-255,66,56813,13,347028
32378,0.00099,172.217.194.0-255,2902,59715,13,347028
32379,0.000992,172.31.36.0-255,66,59781,13,347028
32380,0.000998,172.217.194.0-255,5738,65519,13,347028
32381,0.001,172.31.36.0-255,66,65585,13,347028
32382,0.001029,172.217.194.0-255,5738,71323,13,347028
32383,0.001032,172.31.36.0-255,66,71389,13,347028
32384,0.001056,172.217.194.0-255,7156,78545,13,347028
32385,0.001059,172.31.36.0-255,66,78611,13,347028
32386,0.001063,172.217.194.0-255,1484,80095,13,347028
32387,0.001095,172.217.194.0-255,9274,89369,13,347028
32388,0.001098,172.31.36.0-255,66,89435,13,347028
32389,0.001116,172.217.194.0-255,1484,90919,13,347028
32390,0.00112,172.217.194.0-255,1484,92403,13,347028
32391,0.001122,172.31.36.0-255,66,92469,13,347028
32392,0.001142,172.217.194.0-255,1484,93953,13,347028
32393,0.001147,172.217.194.0-255,2902,96855,13,347028
32394,0.001149,172.31.36.0-255,66,96921,13,347028
32395,0.001166,172.217.194.0-255,2902,99823,13,347028
32396,0.001168,172.31.36.0-255,66,99889,13,347028
32397,0.001174,172.217.194.0-255,4320,104209,13,347028
32398,0.001177,172.31.36.0-255,66,104275,13,347028
32399,0.001202,172.217.194.0-255,8574,112849,13,347028
32400,0.001205,172.31.36.0-255,66,112915,13,347028
32401,0.001244,172.217.194.0-255,8574,121489,13,347028
32402,0.00125,172.31.36.0-255,66,121555,13,347028
32403,0.00126,172.217.194.0-255,2184,123739,13,347028
32404,0.001262,172.31.36.0-255,66,123805,13,347028
32405,0.001275,172.31.36.0-255,66,123871,13,347028
32406,0.001284,172.217.194.0-255,8574,132445,13,347028
32407,0.001302,172.217.194.0-255,4320,136765,13,347028
32408,0.001307,172.217.194.0-255,4320,141085,13,347028
32409,0.001326,172.217.194.0-255,5020,146105,13,347028
32410,0.001332,172.31.36.0-255,66,146171,13,347028
32411,0.001444,172.217.194.0-255,1484,147655,13,347028
32412,0.001463,172.217.194.0-255,2902,150557,13,347028
32413,0.001478,172.217.194.0-255,1484,152041,13,347028
32414,0.001491,172.31.36.0-255,66,152107,13,347028
32415,0.001495,172.217.194.0-255,1484,153591,13,347028
32416,0.00151,172.217.194.0-255,1484,155075,13,347028
32417,0.001529,172.217.194.0-255,4320,159395,13,347028
32418,0.001539,172.217.194.0-255,1484,160879,13,347028
32419,0.001546,172.217.194.0-255,5738,166617,13,347028
32420,0.001556,172.31.36.0-255,66,166683,13,347028
32421,0.001581,172.217.194.0-255,7156,173839,13,347028
32422,0.001587,172.217.194.0-255,5738,179577,13,347028
32423,0.00159,172.217.194.0-255,766,180343,13,347028
32424,0.001595,172.31.36.0-255,66,180409,13,347028
32425,0.00164,172.217.194.0-255,1484,181893,13,347028
32426,0.001655,172.217.194.0-255,2902,184795,13,347028
32427,0.00167,172.217.194.0-255,5738,190533,13,347028
32428,0.001679,172.31.36.0-255,66,190599,13,347028
32429,0.001693,172.217.194.0-255,4320,194919,13,347028
32430,0.001696,172.31.36.0-255,66,194985,13,347028
32431,0.001726,172.217.194.0-255,8574,203559,13,347028
32432,0.001737,172.217.194.0-255,10692,214251,13,347028
32433,0.001761,172.217.194.0-255,1484,215735,13,347028
32434,0.001766,172.217.194.0-255,2902,218637,13,347028
32435,0.001769,172.31.36.0-255,66,218703,13,347028
32436,0.001775,172.31.36.0-255,66,218769,13,347028
32437,0.001785,172.217.194.0-255,4320,223089,13,347028
32438,0.001801,172.217.194.0-255,1484,224573,13,347028
32439,0.001807,172.217.194.0-255,4320,228893,13,347028
32440,0.001818,172.31.36.0-255,66,228959,13,347028
32441,0.001838,172.217.194.0-255,8574,237533,13,347028
32442,0.001847,172.217.194.0-255,8574,246107,13,347028
32443,0.00187,172.217.194.0-255,2184,248291,13,347028
32444,0.001879,172.31.36.0-255,66,248357,13,347028
32445,0.001922,172.217.194.0-255,1484,249841,13,347028
32446,0.001926,172.217.194.0-255,1484,251325,13,347028
32447,0.001934,172.31.36.0-255,66,251391,13,347028
32448,0.001946,172.217.194.0-255,1484,252875,13,347028
32449,0.001953,172.217.194.0-255,5738,258613,13,347028
32450,0.001972,172.31.36.0-255,66,258679,13,347028
32451,0.001978,172.217.194.0-255,4320,262999,13,347028
32452,0.001983,172.31.36.0-255,66,263065,13,347028
32453,0.002,172.217.194.0-255,8574,271639,13,347028
32454,0.002025,172.217.194.0-255,1484,273123,13,347028
32455,0.002028,172.31.36.0-255,66,273189,13,347028
32456,0.002054,172.217.194.0-255,9274,282463,13,347028
32457,0.002074,172.217.194.0-255,8574,291037,13,347028
32458,0.002084,172.31.36.0-255,66,291103,13,347028
32459,0.002098,172.217.194.0-255,2902,294005,13,347028
32460,0.002161,172.217.194.0-255,9274,303279,13,347028
32461,0.002172,172.31.36.0-255,66,303345,13,347028
32462,0.004278,172.217.194.0-255,5738,309083,13,347028
32463,0.004286,172.31.36.0-255,66,309149,13,347028
32464,0.006393,172.217.194.0-255,4320,313469,13,347028
32465,0.006406,172.217.194.0-255,1484,314953,13,347028
32466,0.007108,172.31.36.0-255,66,315019,13,347028
32467,0.009206,172.217.194.0-255,5738,320757,13,347028
32468,0.009212,172.31.36.0-255,66,320823,13,347028
32469,0.011324,172.217.194.0-255,5738,326561,13,347028
32470,0.011335,172.31.36.0-255,66,326627,13,347028
32471,0.013435,172.217.194.0-255,5738,332365,13,347028
32472,0.013444,172.31.36.0-255,66,332431,13,347028
32473,0.015566,172.217.194.0-255,5738,338169,13,347028
32474,0.015574,172.31.36.0-255,66,338235,13,347028
32475,0.017688,172.217.194.0-255,5738,343973,13,347028
32476,0.017699,172.31.36.0-255,66,344039,13,347028
32477,0.0198,172.217.194.0-255,2923,346962,13,347028
32478,0.019807,172.31.36.0-255,66,347028,13,347028
32479,0.0,172.217.160.0-255,153,153,13,126972
32480,2.6e-05,172.31.36.0-255,66,219,13,126972
32481,3.3e-05,172.217.160.0-255,1484,1703,13,126972
32482,3.8e-05,172.31.36.0-255,66,1769,13,126972
32483,4.3e-05,172.217.160.0-255,2902,4671,13,126972
32484,4.5e-05,172.31.36.0-255,66,4737,13,126972
32485,5.2e-05,172.217.160.0-255,7156,11893,13,126972
32486,5.5e-05,172.31.36.0-255,66,11959,13,126972
32487,6e-05,172.217.160.0-255,2105,14064,13,126972
32488,6.2e-05,172.31.36.0-255,66,14130,13,126972
32489,0.000103,172.31.36.0-255,66,14196,13,126972
32490,0.00011,172.217.160.0-255,5379,19575,13,126972
32491,0.000112,172.31.36.0-255,66,19641,13,126972
32492,0.000293,172.217.160.0-255,1484,21125,13,126972
32493,0.000298,172.31.36.0-255,66,21191,13,126972
32494,0.000306,172.217.160.0-255,2902,24093,13,126972
32495,0.000308,172.31.36.0-255,66,24159,13,126972
32496,0.000314,172.217.160.0-255,5738,29897,13,126972
32497,0.000317,172.31.36.0-255,66,29963,13,126972
32498,0.000324,172.217.160.0-255,6797,36760,13,126972
32499,0.000328,172.31.36.0-255,66,36826,13,126972
32500,0.000358,172.31.36.0-255,66,36892,13,126972
32501,0.000376,172.217.160.0-255,2902,39794,13,126972
32502,0.00038,172.217.160.0-255,2792,42586,13,126972
32503,0.00038,172.31.36.0-255,66,42652,13,126972
32504,0.000384,172.31.36.0-255,66,42718,13,126972
32505,0.000943,172.217.160.0-255,125,42843,13,126972
32506,0.000949,172.31.36.0-255,66,42909,13,126972
32507,0.001081,172.217.160.0-255,1484,44393,13,126972
32508,0.001086,172.31.36.0-255,66,44459,13,126972
32509,0.001092,172.217.160.0-255,2902,47361,13,126972
32510,0.001094,172.31.36.0-255,66,47427,13,126972
32511,0.0011,172.217.160.0-255,5738,53165,13,126972
32512,0.001103,172.31.36.0-255,66,53231,13,126972
32513,0.001134,172.31.36.0-255,66,53297,13,126972
32514,0.001172,172.217.160.0-255,7156,60453,13,126972
32515,0.001175,172.31.36.0-255,66,60519,13,126972
32516,0.001191,172.217.160.0-255,2543,63062,13,126972
32517,0.001194,172.31.36.0-255,66,63128,13,126972
32518,0.002837,172.217.160.0-255,5738,68866,13,126972
32519,0.002844,172.31.36.0-255,66,68932,13,126972
32520,0.00449,172.217.160.0-255,5738,74670,13,126972
32521,0.004493,172.31.36.0-255,66,74736,13,126972
32522,0.006156,172.217.160.0-255,5738,80474,13,126972
32523,0.006161,172.31.36.0-255,66,80540,13,126972
32524,0.007813,172.217.160.0-255,5738,86278,13,126972
32525,0.007821,172.31.36.0-255,66,86344,13,126972
32526,0.009503,172.217.160.0-255,5738,92082,13,126972
32527,0.009511,172.31.36.0-255,66,92148,13,126972
32528,0.011159,172.217.160.0-255,5738,97886,13,126972
32529,0.011165,172.31.36.0-255,66,97952,13,126972
32530,0.012819,172.217.160.0-255,5738,103690,13,126972
32531,0.012829,172.31.36.0-255,66,103756,13,126972
32532,0.01448,172.217.160.0-255,5738,109494,13,126972
32533,0.014487,172.31.36.0-255,66,109560,13,126972
32534,0.016147,172.217.160.0-255,5738,115298,13,126972
32535,0.016153,172.31.36.0-255,66,115364,13,126972
32536,0.017802,172.217.160.0-255,5738,121102,13,126972
32537,0.017809,172.31.36.0-255,66,121168,13,126972
32538,0.019459,172.217.160.0-255,5738,126906,13,126972
32539,0.019466,172.31.36.0-255,66,126972,13,126972
32540,0.0,74.125.24.0-255,153,153,13,172947
32541,3.8e-05,172.31.36.0-255,66,219,13,172947
32542,4.6e-05,74.125.24.0-255,1484,1703,13,172947
32543,5e-05,172.31.36.0-255,66,1769,13,172947
32544,5.5e-05,74.125.24.0-255,2902,4671,13,172947
32545,5.8e-05,172.31.36.0-255,66,4737,13,172947
32546,6.4e-05,74.125.24.0-255,5738,10475,13,172947
32547,6.6e-05,172.31.36.0-255,66,10541,13,172947
32548,8.7e-05,74.125.24.0-255,3420,13961,13,172947
32549,8.9e-05,172.31.36.0-255,66,14027,13,172947
32550,0.000121,74.125.24.0-255,4320,18347,13,172947
32551,0.000123,172.31.36.0-255,66,18413,13,172947
32552,0.000141,74.125.24.0-255,8574,26987,13,172947
32553,0.000144,172.31.36.0-255,66,27053,13,172947
32554,0.000162,74.125.24.0-255,1484,28537,13,172947
32555,0.000164,172.31.36.0-255,66,28603,13,172947
32556,0.000198,74.125.24.0-255,2543,31146,13,172947
32557,0.000201,172.31.36.0-255,66,31212,13,172947
32558,0.00028,74.125.24.0-255,1484,32696,13,172947
32559,0.000284,172.31.36.0-255,66,32762,13,172947
32560,0.000297,74.125.24.0-255,2902,35664,13,172947
32561,0.0003,172.31.36.0-255,66,35730,13,172947
32562,0.000323,74.125.24.0-255,5738,41468,13,172947
32563,0.000326,172.31.36.0-255,66,41534,13,172947
32564,0.000344,74.125.24.0-255,8574,50108,13,172947
32565,0.000347,172.31.36.0-255,66,50174,13,172947
32566,0.000377,74.125.24.0-255,5379,55553,13,172947
32567,0.00038,172.31.36.0-255,66,55619,13,172947
32568,0.000388,74.125.24.0-255,8574,64193,13,172947
32569,0.00039,172.31.36.0-255,66,64259,13,172947
32570,0.000411,74.125.24.0-255,1503,65762,13,172947
32571,0.000413,172.31.36.0-255,66,65828,13,172947
32572,0.000422,74.125.24.0-255,331,66159,13,172947
32573,0.000881,172.31.36.0-255,66,66225,13,172947
32574,0.000903,74.125.24.0-255,1484,67709,13,172947
32575,0.000923,74.125.24.0-255,2902,70611,13,172947
32576,0.000926,172.31.36.0-255,66,70677,13,172947
32577,0.000933,74.125.24.0-255,5738,76415,13,172947
32578,0.000935,172.31.36.0-255,66,76481,13,172947
32579,0.000989,74.125.24.0-255,8574,85055,13,172947
32580,0.000993,172.31.36.0-255,66,85121,13,172947
32581,0.001009,74.125.24.0-255,4320,89441,13,172947
32582,0.001012,172.31.36.0-255,66,89507,13,172947
32583,0.001022,74.125.24.0-255,10692,100199,13,172947
32584,0.001024,172.31.36.0-255,66,100265,13,172947
32585,0.00105,74.125.24.0-255,5738,106003,13,172947
32586,0.001052,172.31.36.0-255,66,106069,13,172947
32587,0.001074,74.125.24.0-255,5738,111807,13,172947
32588,0.001076,172.31.36.0-255,66,111873,13,172947
32589,0.001083,74.125.24.0-255,5738,117611,13,172947
32590,0.001085,172.31.36.0-255,66,117677,13,172947
32591,0.001111,74.125.24.0-255,2902,120579,13,172947
32592,0.001114,172.31.36.0-255,66,120645,13,172947
32593,0.001138,172.31.36.0-255,66,120711,13,172947
32594,0.003203,74.125.24.0-255,5738,126449,13,172947
32595,0.003218,172.31.36.0-255,66,126515,13,172947
32596,0.005295,74.125.24.0-255,5738,132253,13,172947
32597,0.005299,172.31.36.0-255,66,132319,13,172947
32598,0.00737,74.125.24.0-255,5738,138057,13,172947
32599,0.007377,172.31.36.0-255,66,138123,13,172947
32600,0.009417,74.125.24.0-255,5738,143861,13,172947
32601,0.009429,172.31.36.0-255,66,143927,13,172947
32602,0.011526,74.125.24.0-255,5738,149665,13,172947
32603,0.011537,172.31.36.0-255,66,149731,13,172947
32604,0.013619,74.125.24.0-255,5738,155469,13,172947
32605,0.013636,172.31.36.0-255,66,155535,13,172947
32606,0.015696,74.125.24.0-255,5738,161273,13,172947
32607,0.015712,172.31.36.0-255,66,161339,13,172947
32608,0.017775,74.125.24.0-255,5738,167077,13,172947
32609,0.017785,172.31.36.0-255,66,167143,13,172947
32610,0.019835,74.125.24.0-255,5738,172881,13,172947
32611,0.01985,172.31.36.0-255,66,172947,13,172947
32612,0.0,74.125.24.0-255,153,153,13,218422
32613,2e-05,172.31.36.0-255,66,219,13,218422
32614,2.8e-05,74.125.24.0-255,1484,1703,13,218422
32615,3.3e-05,172.31.36.0-255,66,1769,13,218422
32616,3.9e-05,74.125.24.0-255,2902,4671,13,218422
32617,4.3e-05,172.31.36.0-255,66,4737,13,218422
32618,5.1e-05,74.125.24.0-255,7156,11893,13,218422
32619,5.4e-05,172.31.36.0-255,66,11959,13,218422
32620,6.2e-05,74.125.24.0-255,7156,19115,13,218422
32621,6.5e-05,172.31.36.0-255,66,19181,13,218422
32622,0.0001,74.125.24.0-255,9058,28239,13,218422
32623,0.000103,172.31.36.0-255,66,28305,13,218422
32624,0.000109,74.125.24.0-255,2543,30848,13,218422
32625,0.000111,172.31.36.0-255,66,30914,13,218422
32626,0.000159,74.125.24.0-255,1484,32398,13,218422
32627,0.000162,172.31.36.0-255,66,32464,13,218422
32628,0.000167,74.125.24.0-255,2902,35366,13,218422
32629,0.000169,172.31.36.0-255,66,35432,13,218422
32630,0.000198,74.125.24.0-255,5738,41170,13,218422
32631,0.000201,172.31.36.0-255,66,41236,13,218422
32632,0.000205,74.125.24.0-255,1484,42720,13,218422
32633,0.000206,172.31.36.0-255,66,42786,13,218422
32634,0.000246,172.31.36.0-255,66,42852,13,218422
32635,0.000252,74.125.24.0-255,5738,48590,13,218422
32636,0.000255,172.31.36.0-255,66,48656,13,218422
32637,0.000284,74.125.24.0-255,4268,52924,13,218422
32638,0.000287,172.31.36.0-255,66,52990,13,218422
32639,0.00029,74.125.24.0-255,114,53104,13,218422
32640,0.000292,172.31.36.0-255,66,53170,13,218422
32641,0.000319,74.125.24.0-255,332,53502,13,218422
32642,0.000322,172.31.36.0-255,66,53568,13,218422
32643,0.000453,74.125.24.0-255,1484,55052,13,218422
32644,0.00046,74.125.24.0-255,2902,57954,13,218422
32645,0.000463,172.31.36.0-255,66,58020,13,218422
32646,0.000518,74.125.24.0-255,5738,63758,13,218422
32647,0.000521,172.31.36.0-255,66,63824,13,218422
32648,0.000525,74.125.24.0-255,2902,66726,13,218422
32649,0.000527,172.31.36.0-255,66,66792,13,218422
32650,0.000553,74.125.24.0-255,9633,76425,13,218422
32651,0.000556,172.31.36.0-255,66,76491,13,218422
32652,0.000597,74.125.24.0-255,10501,86992,13,218422
32653,0.0006,172.31.36.0-255,66,87058,13,218422
32654,0.000906,74.125.24.0-255,1484,88542,13,218422
32655,0.000913,74.125.24.0-255,2902,91444,13,218422
32656,0.000916,172.31.36.0-255,66,91510,13,218422
32657,0.000923,74.125.24.0-255,5738,97248,13,218422
32658,0.000925,172.31.36.0-255,66,97314,13,218422
32659,0.000931,74.125.24.0-255,4320,101634,13,218422
32660,0.000934,172.31.36.0-255,66,101700,13,218422
32661,0.000977,172.31.36.0-255,66,101766,13,218422
32662,0.001015,74.125.24.0-255,5738,107504,13,218422
32663,0.001018,172.31.36.0-255,66,107570,13,218422
32664,0.00104,74.125.24.0-255,2184,109754,13,218422
32665,0.001042,172.31.36.0-255,66,109820,13,218422
32666,0.001545,74.125.24.0-255,1484,111304,13,218422
32667,0.00155,74.125.24.0-255,2902,114206,13,218422
32668,0.001554,172.31.36.0-255,66,114272,13,218422
32669,0.001561,74.125.24.0-255,4320,118592,13,218422
32670,0.001562,172.31.36.0-255,66,118658,13,218422
32671,0.001578,74.125.24.0-255,1484,120142,13,218422
32672,0.001585,74.125.24.0-255,5738,125880,13,218422
32673,0.001587,172.31.36.0-255,66,125946,13,218422
32674,0.001617,74.125.24.0-255,7156,133102,13,218422
32675,0.001619,172.31.36.0-255,66,133168,13,218422
32676,0.001626,74.125.24.0-255,4320,137488,13,218422
32677,0.001628,172.31.36.0-255,66,137554,13,218422
32678,0.001646,74.125.24.0-255,6438,143992,13,218422
32679,0.001648,172.31.36.0-255,66,144058,13,218422
32680,0.001872,74.125.24.0-255,1484,145542,13,218422
32681,0.001879,74.125.24.0-255,2902,148444,13,218422
32682,0.001882,172.31.36.0-255,66,148510,13,218422
32683,0.001904,74.125.24.0-255,5738,154248,13,218422
32684,0.001906,172.31.36.0-255,66,154314,13,218422
32685,0.001927,74.125.24.0-255,5738,160052,13,218422
32686,0.001929,172.31.36.0-255,66,160118,13,218422
32687,0.001947,74.125.24.0-255,4320,164438,13,218422
32688,0.00195,172.31.36.0-255,66,164504,13,218422
32689,0.001953,74.125.24.0-255,1484,165988,13,218422
32690,0.001987,172.31.36.0-255,66,166054,13,218422
32691,0.00395,74.125.24.0-255,5738,171792,13,218422
32692,0.003957,172.31.36.0-255,66,171858,13,218422
32693,0.005891,74.125.24.0-255,2902,174760,13,218422
32694,0.005894,172.31.36.0-255,66,174826,13,218422
32695,0.005909,74.125.24.0-255,2902,177728,13,218422
32696,0.005911,172.31.36.0-255,66,177794,13,218422
32697,0.007845,74.125.24.0-255,5738,183532,13,218422
32698,0.007851,172.31.36.0-255,66,183598,13,218422
32699,0.009801,74.125.24.0-255,5738,189336,13,218422
32700,0.00981,172.31.36.0-255,66,189402,13,218422
32701,0.011758,74.125.24.0-255,5738,195140,13,218422
32702,0.011766,172.31.36.0-255,66,195206,13,218422
32703,0.013712,74.125.24.0-255,5738,200944,13,218422
32704,0.01372,172.31.36.0-255,66,201010,13,218422
32705,0.015664,74.125.24.0-255,5738,206748,13,218422
32706,0.015673,172.31.36.0-255,66,206814,13,218422
32707,0.017618,74.125.24.0-255,5738,212552,13,218422
32708,0.017627,172.31.36.0-255,66,212618,13,218422
32709,0.019614,74.125.24.0-255,5738,218356,13,218422
32710,0.019621,172.31.36.0-255,66,218422,13,218422
32711,0.0,74.125.130.0-255,153,153,13,194635
32712,2.3e-05,172.31.36.0-255,66,219,13,194635
32713,3e-05,74.125.130.0-255,1484,1703,13,194635
32714,3.6e-05,172.31.36.0-255,66,1769,13,194635
32715,4.9e-05,74.125.130.0-255,2902,4671,13,194635
32716,5.2e-05,172.31.36.0-255,66,4737,13,194635
32717,5.5e-05,74.125.130.0-255,1484,6221,13,194635
32718,5.8e-05,172.31.36.0-255,66,6287,13,194635
32719,6.4e-05,74.125.130.0-255,2902,9189,13,194635
32720,6.6e-05,172.31.36.0-255,66,9255,13,194635
32721,0.000112,74.125.130.0-255,4918,14173,13,194635
32722,0.000116,172.31.36.0-255,66,14239,13,194635
32723,0.000183,74.125.130.0-255,1484,15723,13,194635
32724,0.000186,172.31.36.0-255,66,15789,13,194635
32725,0.000212,74.125.130.0-255,2902,18691,13,194635
32726,0.000214,172.31.36.0-255,66,18757,13,194635
32727,0.000243,74.125.130.0-255,5738,24495,13,194635
32728,0.000246,172.31.36.0-255,66,24561,13,194635
32729,0.000273,74.125.130.0-255,5738,30299,13,194635
32730,0.000276,172.31.36.0-255,66,30365,13,194635
32731,0.000301,74.125.130.0-255,1125,31490,13,194635
32732,0.000303,172.31.36.0-255,66,31556,13,194635
32733,0.000494,74.125.130.0-255,1484,33040,13,194635
32734,0.000498,74.125.130.0-255,1484,34524,13,194635
32735,0.000503,172.31.36.0-255,66,34590,13,194635
32736,0.000507,172.31.36.0-255,66,34656,13,194635
32737,0.000534,74.125.130.0-255,1484,36140,13,194635
32738,0.000537,172.31.36.0-255,66,36206,13,194635
32739,0.000545,74.125.130.0-255,5738,41944,13,194635
32740,0.000547,172.31.36.0-255,66,42010,13,194635
32741,0.000559,74.125.130.0-255,6797,48807,13,194635
32742,0.000562,172.31.36.0-255,66,48873,13,194635
32743,0.000594,74.125.130.0-255,7156,56029,13,194635
32744,0.000597,172.31.36.0-255,66,56095,13,194635
32745,0.000602,74.125.130.0-255,2902,58997,13,194635
32746,0.000604,172.31.36.0-255,66,59063,13,194635
32747,0.00061,74.125.130.0-255,4320,63383,13,194635
32748,0.000612,172.31.36.0-255,66,63449,13,194635
32749,0.000643,74.125.130.0-255,2543,65992,13,194635
32750,0.000669,172.31.36.0-255,66,66058,13,194635
32751,0.000822,74.125.130.0-255,648,66706,13,194635
32752,0.001084,74.125.130.0-255,1484,68190,13,194635
32753,0.001088,172.31.36.0-255,66,68256,13,194635
32754,0.001093,74.125.130.0-255,2902,71158,13,194635
32755,0.001095,172.31.36.0-255,66,71224,13,194635
32756,0.001132,74.125.130.0-255,4320,75544,13,194635
32757,0.001135,172.31.36.0-255,66,75610,13,194635
32758,0.00114,74.125.130.0-255,2902,78512,13,194635
32759,0.001142,172.31.36.0-255,66,78578,13,194635
32760,0.001172,74.125.130.0-255,5738,84316,13,194635
32761,0.001174,172.31.36.0-255,66,84382,13,194635
32762,0.00118,74.125.130.0-255,4320,88702,13,194635
32763,0.001182,172.31.36.0-255,66,88768,13,194635
32764,0.001235,172.31.36.0-255,66,88834,13,194635
32765,0.001602,74.125.130.0-255,1484,90318,13,194635
32766,0.001608,74.125.130.0-255,1484,91802,13,194635
32767,0.001611,172.31.36.0-255,66,91868,13,194635
32768,0.001638,74.125.130.0-255,1484,93352,13,194635
32769,0.001646,74.125.130.0-255,5738,99090,13,194635
32770,0.001648,172.31.36.0-255,66,99156,13,194635
32771,0.001651,74.125.130.0-255,1484,100640,13,194635
32772,0.00168,74.125.130.0-255,5738,106378,13,194635
32773,0.001682,172.31.36.0-255,66,106444,13,194635
32774,0.001693,74.125.130.0-255,8574,115018,13,194635
32775,0.001701,172.31.36.0-255,66,115084,13,194635
32776,0.001707,74.125.130.0-255,5738,120822,13,194635
32777,0.00171,172.31.36.0-255,66,120888,13,194635
32778,0.001741,74.125.130.0-255,1484,122372,13,194635
32779,0.001744,74.125.130.0-255,766,123138,13,194635
32780,0.001746,172.31.36.0-255,66,123204,13,194635
32781,0.002167,74.125.130.0-255,1484,124688,13,194635
32782,0.002177,74.125.130.0-255,2902,127590,13,194635
32783,0.002181,172.31.36.0-255,66,127656,13,194635
32784,0.00219,74.125.130.0-255,5738,133394,13,194635
32785,0.002192,172.31.36.0-255,66,133460,13,194635
32786,0.002221,74.125.130.0-255,2902,136362,13,194635
32787,0.002224,172.31.36.0-255,66,136428,13,194635
32788,0.002229,74.125.130.0-255,4320,140748,13,194635
32789,0.002231,172.31.36.0-255,66,140814,13,194635
32790,0.002259,74.125.130.0-255,8574,149388,13,194635
32791,0.002262,172.31.36.0-255,66,149454,13,194635
32792,0.002267,74.125.130.0-255,4320,153774,13,194635
32793,0.00227,172.31.36.0-255,66,153840,13,194635
32794,0.004496,74.125.130.0-255,5738,159578,13,194635
32795,0.004505,172.31.36.0-255,66,159644,13,194635
32796,0.00675,74.125.130.0-255,5738,165382,13,194635
32797,0.006758,172.31.36.0-255,66,165448,13,194635
32798,0.009008,74.125.130.0-255,5738,171186,13,194635
32799,0.009015,172.31.36.0-255,66,171252,13,194635
32800,0.011264,74.125.130.0-255,5738,176990,13,194635
32801,0.011276,172.31.36.0-255,66,177056,13,194635
32802,0.013527,74.125.130.0-255,5738,182794,13,194635
32803,0.013537,172.31.36.0-255,66,182860,13,194635
32804,0.013895,172.31.36.0-255,101,182961,13,194635
32805,0.015807,74.125.130.0-255,5738,188699,13,194635
32806,0.015816,172.31.36.0-255,66,188765,13,194635
32807,0.016097,74.125.130.0-255,66,188831,13,194635
32808,0.018061,74.125.130.0-255,5738,194569,13,194635
32809,0.018068,172.31.36.0-255,66,194635,13,194635
32810,0.0,74.125.24.0-255,431,431,13,183223
32811,2e-05,74.125.24.0-255,1484,1915,13,183223
32812,3.1e-05,172.31.36.0-255,66,1981,13,183223
32813,3.8e-05,74.125.24.0-255,2902,4883,13,183223
32814,4.1e-05,172.31.36.0-255,66,4949,13,183223
32815,4.8e-05,74.125.24.0-255,5738,10687,13,183223
32816,5.8e-05,172.31.36.0-255,66,10753,13,183223
32817,0.000257,74.125.24.0-255,3455,14208,13,183223
32818,0.000262,172.31.36.0-255,66,14274,13,183223
32819,0.000398,74.125.24.0-255,4320,18594,13,183223
32820,0.000405,172.31.36.0-255,66,18660,13,183223
32821,0.000576,74.125.24.0-255,7156,25816,13,183223
32822,0.000582,172.31.36.0-255,66,25882,13,183223
32823,0.000613,74.125.24.0-255,2902,28784,13,183223
32824,0.000621,172.31.36.0-255,66,28850,13,183223
32825,0.002082,74.125.24.0-255,7141,35991,13,183223
32826,0.002088,172.31.36.0-255,66,36057,13,183223
32827,0.002212,74.125.24.0-255,5738,41795,13,183223
32828,0.002216,172.31.36.0-255,66,41861,13,183223
32829,0.002244,74.125.24.0-255,1499,43360,13,183223
32830,0.002256,172.31.36.0-255,66,43426,13,183223
32831,0.002497,74.125.24.0-255,2902,46328,13,183223
32832,0.002501,172.31.36.0-255,66,46394,13,183223
32833,0.00256,172.31.36.0-255,66,46460,13,183223
32834,0.003083,74.125.24.0-255,4320,50780,13,183223
32835,0.003087,172.31.36.0-255,66,50846,13,183223
32836,0.003124,74.125.24.0-255,9992,60838,13,183223
32837,0.003134,172.31.36.0-255,66,60904,13,183223
32838,0.003564,74.125.24.0-255,5738,66642,13,183223
32839,0.003568,172.31.36.0-255,66,66708,13,183223
32840,0.003592,74.125.24.0-255,8574,75282,13,183223
32841,0.003609,172.31.36.0-255,66,75348,13,183223
32842,0.004015,74.125.24.0-255,2902,78250,13,183223
32843,0.004019,172.31.36.0-255,66,78316,13,183223
32844,0.004135,74.125.24.0-255,7156,85472,13,183223
32845,0.004153,74.125.24.0-255,4320,89792,13,183223
32846,0.004168,172.31.36.0-255,66,89858,13,183223
32847,0.004341,74.125.24.0-255,5738,95596,13,183223
32848,0.004345,172.31.36.0-255,66,95662,13,183223
32849,0.004369,74.125.24.0-255,8574,104236,13,183223
32850,0.004385,172.31.36.0-255,66,104302,13,183223
32851,0.004649,74.125.24.0-255,7156,111458,13,183223
32852,0.004653,172.31.36.0-255,66,111524,13,183223
32853,0.004684,74.125.24.0-255,7156,118680,13,183223
32854,0.004686,172.31.36.0-255,66,118746,13,183223
32855,0.004909,74.125.24.0-255,4320,123066,13,183223
32856,0.004913,172.31.36.0-255,66,123132,13,183223
32857,0.004948,74.125.24.0-255,9992,133124,13,183223
32858,0.004951,172.31.36.0-255,66,133190,13,183223
32859,0.005166,74.125.24.0-255,5738,138928,13,183223
32860,0.005172,172.31.36.0-255,66,138994,13,183223
32861,0.005204,74.125.24.0-255,8574,147568,13,183223
32862,0.005208,172.31.36.0-255,66,147634,13,183223
32863,0.005642,74.125.24.0-255,5738,153372,13,183223
32864,0.005647,172.31.36.0-255,66,153438,13,183223
32865,0.005699,172.31.36.0-255,66,153504,13,183223
32866,0.006429,74.125.24.0-255,9992,163496,13,183223
32867,0.006435,172.31.36.0-255,66,163562,13,183223
32868,0.006528,172.31.36.0-255,66,163628,13,183223
32869,0.006747,172.31.36.0-255,66,163694,13,183223
32870,0.006798,172.31.36.0-255,66,163760,13,183223
32871,0.006836,74.125.24.0-255,9992,173752,13,183223
32872,0.006839,172.31.36.0-255,66,173818,13,183223
32873,0.006895,172.31.36.0-255,66,173884,13,183223
32874,0.007169,74.125.24.0-255,5738,179622,13,183223
32875,0.007174,172.31.36.0-255,66,179688,13,183223
32876,0.007227,172.31.36.0-255,66,179754,13,183223
32877,0.007518,172.31.36.0-255,66,179820,13,183223
32878,0.007561,172.31.36.0-255,66,179886,13,183223
32879,0.007773,172.31.36.0-255,66,179952,13,183223
32880,0.007826,74.125.24.0-255,2902,182854,13,183223
32881,0.00783,172.31.36.0-255,66,182920,13,183223
32882,0.007836,172.31.36.0-255,66,182986,13,183223
32883,0.008931,172.31.36.0-255,66,183052,13,183223
32884,0.009585,172.31.36.0-255,105,183157,13,183223
32885,0.011614,74.125.24.0-255,66,183223,13,183223
32886,0.0,74.125.68.0-255,153,153,13,321360
32887,3.5e-05,172.31.36.0-255,66,219,13,321360
32888,4.3e-05,74.125.68.0-255,1484,1703,13,321360
32889,4.7e-05,172.31.36.0-255,66,1769,13,321360
32890,5.3e-05,74.125.68.0-255,2902,4671,13,321360
32891,5.6e-05,172.31.36.0-255,66,4737,13,321360
32892,8.6e-05,74.125.68.0-255,5738,10475,13,321360
32893,9e-05,172.31.36.0-255,66,10541,13,321360
32894,9.6e-05,74.125.68.0-255,3505,14046,13,321360
32895,9.9e-05,172.31.36.0-255,66,14112,13,321360
32896,0.000105,74.125.68.0-255,4320,18432,13,321360
32897,0.000107,172.31.36.0-255,66,18498,13,321360
32898,0.000132,74.125.68.0-255,4320,22818,13,321360
32899,0.000135,172.31.36.0-255,66,22884,13,321360
32900,0.000159,74.125.68.0-255,5738,28622,13,321360
32901,0.000162,172.31.36.0-255,66,28688,13,321360
32902,0.000166,74.125.68.0-255,2543,31231,13,321360
32903,0.000168,172.31.36.0-255,66,31297,13,321360
32904,0.000515,74.125.68.0-255,1484,32781,13,321360
32905,0.000521,172.31.36.0-255,66,32847,13,321360
32906,0.000527,74.125.68.0-255,2902,35749,13,321360
32907,0.000529,172.31.36.0-255,66,35815,13,321360
32908,0.000559,74.125.68.0-255,5738,41553,13,321360
32909,0.000562,172.31.36.0-255,66,41619,13,321360
32910,0.000565,74.125.68.0-255,1484,43103,13,321360
32911,0.000567,172.31.36.0-255,66,43169,13,321360
32912,0.000584,74.125.68.0-255,2902,46071,13,321360
32913,0.000587,172.31.36.0-255,66,46137,13,321360
32914,0.000605,74.125.68.0-255,1484,47621,13,321360
32915,0.000607,172.31.36.0-255,66,47687,13,321360
32916,0.000631,74.125.68.0-255,1125,48812,13,321360
32917,0.000633,172.31.36.0-255,66,48878,13,321360
32918,0.00065,74.125.68.0-255,1484,50362,13,321360
32919,0.000703,74.125.68.0-255,2902,53264,13,321360
32920,0.000706,172.31.36.0-255,66,53330,13,321360
32921,0.000728,74.125.68.0-255,4320,57650,13,321360
32922,0.000743,172.31.36.0-255,66,57716,13,321360
32923,0.000752,74.125.68.0-255,8488,66204,13,321360
32924,0.000756,172.31.36.0-255,66,66270,13,321360
32925,0.000928,74.125.68.0-255,132,66402,13,321360
32926,0.001044,172.31.36.0-255,66,66468,13,321360
32927,0.001463,74.125.68.0-255,1484,67952,13,321360
32928,0.001474,74.125.68.0-255,2902,70854,13,321360
32929,0.001479,74.125.68.0-255,2902,73756,13,321360
32930,0.001503,74.125.68.0-255,2902,76658,13,321360
32931,0.001508,74.125.68.0-255,4320,80978,13,321360
32932,0.001525,74.125.68.0-255,2902,83880,13,321360
32933,0.001532,74.125.68.0-255,5738,89618,13,321360
32934,0.001552,74.125.68.0-255,2902,92520,13,321360
32935,0.001557,74.125.68.0-255,2902,95422,13,321360
32936,0.001573,74.125.68.0-255,5020,100442,13,321360
32937,0.001684,74.125.68.0-255,1484,101926,13,321360
32938,0.001707,74.125.68.0-255,1484,103410,13,321360
32939,0.001712,74.125.68.0-255,2902,106312,13,321360
32940,0.001739,74.125.68.0-255,4320,110632,13,321360
32941,0.001755,74.125.68.0-255,1484,112116,13,321360
32942,0.001759,74.125.68.0-255,1484,113600,13,321360
32943,0.001781,74.125.68.0-255,5738,119338,13,321360
32944,0.001787,74.125.68.0-255,4320,123658,13,321360
32945,0.001806,74.125.68.0-255,4320,127978,13,321360
32946,0.001829,74.125.68.0-255,6438,134416,13,321360
32947,0.001833,74.125.68.0-255,1484,135900,13,321360
32948,0.001851,74.125.68.0-255,5738,141638,13,321360
32949,0.001862,74.125.68.0-255,1484,143122,13,321360
32950,0.001883,74.125.68.0-255,8574,151696,13,321360
32951,0.001885,74.125.68.0-255,1484,153180,13,321360
32952,0.001906,74.125.68.0-255,9992,163172,13,321360
32953,0.001912,74.125.68.0-255,5020,168192,13,321360
32954,0.001965,74.125.68.0-255,5738,173930,13,321360
32955,0.001973,74.125.68.0-255,7156,181086,13,321360
32956,0.001995,74.125.68.0-255,8574,189660,13,321360
32957,0.002064,74.125.68.0-255,5738,195398,13,321360
32958,0.002088,74.125.68.0-255,7156,202554,13,321360
32959,0.00209,74.125.68.0-255,1484,204038,13,321360
32960,0.002111,74.125.68.0-255,5738,209776,13,321360
32961,0.002139,74.125.68.0-255,9992,219768,13,321360
32962,0.002145,74.125.68.0-255,3602,223370,13,321360
32963,0.002179,74.125.68.0-255,4320,227690,13,321360
32964,0.002204,74.125.68.0-255,8574,236264,13,321360
32965,0.002209,74.125.68.0-255,4320,240584,13,321360
32966,0.002237,74.125.68.0-255,9992,250576,13,321360
32967,0.002244,74.125.68.0-255,6438,257014,13,321360
32968,0.002277,74.125.68.0-255,1484,258498,13,321360
32969,0.002282,74.125.68.0-255,2902,261400,13,321360
32970,0.002307,74.125.68.0-255,5738,267138,13,321360
32971,0.002341,74.125.68.0-255,9992,277130,13,321360
32972,0.002357,74.125.68.0-255,4320,281450,13,321360
32973,0.002381,74.125.68.0-255,7156,288606,13,321360
32974,0.002386,74.125.68.0-255,2184,290790,13,321360
32975,0.00262,74.125.68.0-255,1484,292274,13,321360
32976,0.002735,172.31.36.0-255,66,292340,13,321360
32977,0.005342,74.125.68.0-255,5738,298078,13,321360
32978,0.005348,172.31.36.0-255,66,298144,13,321360
32979,0.007927,74.125.68.0-255,5738,303882,13,321360
32980,0.00971,172.31.36.0-255,66,303948,13,321360
32981,0.012302,74.125.68.0-255,5738,309686,13,321360
32982,0.012312,172.31.36.0-255,66,309752,13,321360
32983,0.014903,74.125.68.0-255,5738,315490,13,321360
32984,0.014913,172.31.36.0-255,66,315556,13,321360
32985,0.017503,74.125.68.0-255,5738,321294,13,321360
32986,0.01751,172.31.36.0-255,66,321360,13,321360
32987,0.0,172.217.194.0-255,153,153,13,240234
32988,1.1e-05,172.31.36.0-255,66,219,13,240234
32989,1.7e-05,172.217.194.0-255,1484,1703,13,240234
32990,2.2e-05,172.31.36.0-255,66,1769,13,240234
32991,5.1e-05,172.217.194.0-255,2902,4671,13,240234
32992,5.4e-05,172.31.36.0-255,66,4737,13,240234
32993,5.7e-05,172.217.194.0-255,1484,6221,13,240234
32994,6e-05,172.31.36.0-255,66,6287,13,240234
32995,9.4e-05,172.217.194.0-255,4320,10607,13,240234
32996,9.7e-05,172.31.36.0-255,66,10673,13,240234
32997,0.000105,172.217.194.0-255,6294,16967,13,240234
32998,0.000108,172.31.36.0-255,66,17033,13,240234
32999,0.000118,172.217.194.0-255,9992,27025,13,240234
33000,0.000121,172.31.36.0-255,66,27091,13,240234
33001,0.000151,172.217.194.0-255,3961,31052,13,240234
33002,0.000153,172.31.36.0-255,66,31118,13,240234
33003,0.000183,172.217.194.0-255,1484,32602,13,240234
33004,0.000186,172.31.36.0-255,66,32668,13,240234
33005,0.000211,172.217.194.0-255,2902,35570,13,240234
33006,0.000214,172.31.36.0-255,66,35636,13,240234
33007,0.00022,172.217.194.0-255,5738,41374,13,240234
33008,0.000222,172.31.36.0-255,66,41440,13,240234
33009,0.000261,172.217.194.0-255,6797,48237,13,240234
33010,0.000264,172.31.36.0-255,66,48303,13,240234
33011,0.000272,172.217.194.0-255,7156,55459,13,240234
33012,0.000274,172.31.36.0-255,66,55525,13,240234
33013,0.000283,172.217.194.0-255,2902,58427,13,240234
33014,0.000286,172.31.36.0-255,66,58493,13,240234
33015,0.000335,172.217.194.0-255,7085,65578,13,240234
33016,0.000339,172.31.36.0-255,66,65644,13,240234
33017,0.000359,172.217.194.0-255,366,66010,13,240234
33018,0.000361,172.31.36.0-255,66,66076,13,240234
33019,0.001371,172.217.194.0-255,1484,67560,13,240234
33020,0.001383,172.217.194.0-255,2902,70462,13,240234
33021,0.001387,172.31.36.0-255,66,70528,13,240234
33022,0.001395,172.217.194.0-255,5738,76266,13,240234
33023,0.001398,172.31.36.0-255,66,76332,13,240234
33024,0.001418,172.31.36.0-255,66,76398,13,240234
33025,0.001448,172.217.194.0-255,7156,83554,13,240234
33026,0.00145,172.31.36.0-255,66,83620,13,240234
33027,0.001479,172.217.194.0-255,2902,86522,13,240234
33028,0.001482,172.31.36.0-255,66,86588,13,240234
33029,0.001485,172.217.194.0-255,766,87354,13,240234
33030,0.001563,172.217.194.0-255,1484,88838,13,240234
33031,0.001567,172.31.36.0-255,66,88904,13,240234
33032,0.001584,172.217.194.0-255,2902,91806,13,240234
33033,0.001591,172.31.36.0-255,66,91872,13,240234
33034,0.001598,172.217.194.0-255,5738,97610,13,240234
33035,0.0016,172.31.36.0-255,66,97676,13,240234
33036,0.001605,172.217.194.0-255,4320,101996,13,240234
33037,0.001607,172.31.36.0-255,66,102062,13,240234
33038,0.001657,172.217.194.0-255,8574,110636,13,240234
33039,0.00166,172.31.36.0-255,66,110702,13,240234
33040,0.00167,172.217.194.0-255,9992,120694,13,240234
33041,0.001673,172.31.36.0-255,66,120760,13,240234
33042,0.001681,172.217.194.0-255,2184,122944,13,240234
33043,0.001683,172.31.36.0-255,66,123010,13,240234
33044,0.001688,172.217.194.0-255,2902,125912,13,240234
33045,0.001691,172.31.36.0-255,66,125978,13,240234
33046,0.001694,172.217.194.0-255,1484,127462,13,240234
33047,0.00173,172.217.194.0-255,5738,133200,13,240234
33048,0.001734,172.31.36.0-255,66,133266,13,240234
33049,0.001753,172.31.36.0-255,66,133332,13,240234
33050,0.001779,172.217.194.0-255,4320,137652,13,240234
33051,0.001782,172.31.36.0-255,66,137718,13,240234
33052,0.001812,172.217.194.0-255,5020,142738,13,240234
33053,0.001816,172.31.36.0-255,66,142804,13,240234
33054,0.00187,172.217.194.0-255,1484,144288,13,240234
33055,0.001876,172.217.194.0-255,2902,147190,13,240234
33056,0.001879,172.31.36.0-255,66,147256,13,240234
33057,0.001883,172.217.194.0-255,1484,148740,13,240234
33058,0.001912,172.217.194.0-255,4320,153060,13,240234
33059,0.001915,172.31.36.0-255,66,153126,13,240234
33060,0.001921,172.217.194.0-255,4320,157446,13,240234
33061,0.001923,172.31.36.0-255,66,157512,13,240234
33062,0.00196,172.217.194.0-255,8574,166086,13,240234
33063,0.001963,172.31.36.0-255,66,166152,13,240234
33064,0.001973,172.217.194.0-255,10692,176844,13,240234
33065,0.001977,172.31.36.0-255,66,176910,13,240234
33066,0.002239,172.217.194.0-255,1484,178394,13,240234
33067,0.002247,172.217.194.0-255,2902,181296,13,240234
33068,0.002251,172.31.36.0-255,66,181362,13,240234
33069,0.002261,172.217.194.0-255,5738,187100,13,240234
33070,0.002264,172.31.36.0-255,66,187166,13,240234
33071,0.002311,172.31.36.0-255,66,187232,13,240234
33072,0.002363,172.217.194.0-255,5738,192970,13,240234
33073,0.002366,172.31.36.0-255,66,193036,13,240234
33074,0.002386,172.217.194.0-255,6438,199474,13,240234
33075,0.002389,172.31.36.0-255,66,199540,13,240234
33076,0.004683,172.217.194.0-255,5738,205278,13,240234
33077,0.004689,172.31.36.0-255,66,205344,13,240234
33078,0.006979,172.217.194.0-255,1484,206828,13,240234
33079,0.007003,172.217.194.0-255,4320,211148,13,240234
33080,0.007008,172.31.36.0-255,66,211214,13,240234
33081,0.009321,172.217.194.0-255,5738,216952,13,240234
33082,0.009329,172.31.36.0-255,66,217018,13,240234
33083,0.011682,172.217.194.0-255,5738,222756,13,240234
33084,0.011691,172.31.36.0-255,66,222822,13,240234
33085,0.013974,172.217.194.0-255,5738,228560,13,240234
33086,0.013982,172.31.36.0-255,66,228626,13,240234
33087,0.016311,172.217.194.0-255,5738,234364,13,240234
33088,0.016336,172.31.36.0-255,66,234430,13,240234
33089,0.018626,172.217.194.0-255,5738,240168,13,240234
33090,0.018634,172.31.36.0-255,66,240234,13,240234
33091,0.0,172.217.194.0-255,153,153,13,296851
33092,3.4e-05,172.31.36.0-255,66,219,13,296851
33093,4e-05,172.217.194.0-255,1484,1703,13,296851
33094,4.4e-05,172.31.36.0-255,66,1769,13,296851
33095,4.9e-05,172.217.194.0-255,2902,4671,13,296851
33096,5.2e-05,172.31.36.0-255,66,4737,13,296851
33097,5.9e-05,172.217.194.0-255,7156,11893,13,296851
33098,6.3e-05,172.31.36.0-255,66,11959,13,296851
33099,6.7e-05,172.217.194.0-255,2040,13999,13,296851
33100,7e-05,172.31.36.0-255,66,14065,13,296851
33101,0.000107,172.217.194.0-255,1484,15549,13,296851
33102,0.000109,172.31.36.0-255,66,15615,13,296851
33103,0.000123,172.217.194.0-255,2902,18517,13,296851
33104,0.000126,172.31.36.0-255,66,18583,13,296851
33105,0.000152,172.217.194.0-255,5738,24321,13,296851
33106,0.000155,172.31.36.0-255,66,24387,13,296851
33107,0.000202,172.31.36.0-255,66,24453,13,296851
33108,0.000211,172.217.194.0-255,9633,34086,13,296851
33109,0.000214,172.31.36.0-255,66,34152,13,296851
33110,0.000242,172.217.194.0-255,1484,35636,13,296851
33111,0.000246,172.31.36.0-255,66,35702,13,296851
33112,0.000252,172.217.194.0-255,2902,38604,13,296851
33113,0.000255,172.31.36.0-255,66,38670,13,296851
33114,0.000258,172.217.194.0-255,1484,40154,13,296851
33115,0.00026,172.31.36.0-255,66,40220,13,296851
33116,0.000282,172.217.194.0-255,4320,44540,13,296851
33117,0.000286,172.31.36.0-255,66,44606,13,296851
33118,0.000289,172.217.194.0-255,1484,46090,13,296851
33119,0.000291,172.31.36.0-255,66,46156,13,296851
33120,0.000312,172.217.194.0-255,5379,51535,13,296851
33121,0.000315,172.31.36.0-255,66,51601,13,296851
33122,0.000328,172.217.194.0-255,364,51965,13,296851
33123,0.000608,172.217.194.0-255,381,52346,13,296851
33124,0.000758,172.217.194.0-255,1484,53830,13,296851
33125,0.000762,172.31.36.0-255,66,53896,13,296851
33126,0.000767,172.217.194.0-255,2902,56798,13,296851
33127,0.000769,172.31.36.0-255,66,56864,13,296851
33128,0.000794,172.217.194.0-255,1484,58348,13,296851
33129,0.000812,172.217.194.0-255,4320,62668,13,296851
33130,0.000815,172.31.36.0-255,66,62734,13,296851
33131,0.000824,172.217.194.0-255,9992,72726,13,296851
33132,0.000826,172.31.36.0-255,66,72792,13,296851
33133,0.000841,172.217.194.0-255,2543,75335,13,296851
33134,0.000844,172.31.36.0-255,66,75401,13,296851
33135,0.00086,172.217.194.0-255,1484,76885,13,296851
33136,0.000882,172.217.194.0-255,9633,86518,13,296851
33137,0.000885,172.31.36.0-255,66,86584,13,296851
33138,0.00122,172.217.194.0-255,1484,88068,13,296851
33139,0.00123,172.217.194.0-255,2902,90970,13,296851
33140,0.001234,172.31.36.0-255,66,91036,13,296851
33141,0.001252,172.217.194.0-255,5738,96774,13,296851
33142,0.001256,172.31.36.0-255,66,96840,13,296851
33143,0.001261,172.217.194.0-255,2902,99742,13,296851
33144,0.001263,172.31.36.0-255,66,99808,13,296851
33145,0.001281,172.217.194.0-255,2902,102710,13,296851
33146,0.001285,172.31.36.0-255,66,102776,13,296851
33147,0.001291,172.217.194.0-255,4320,107096,13,296851
33148,0.001292,172.31.36.0-255,66,107162,13,296851
33149,0.001328,172.217.194.0-255,8574,115736,13,296851
33150,0.001331,172.31.36.0-255,66,115802,13,296851
33151,0.001338,172.217.194.0-255,5020,120822,13,296851
33152,0.00134,172.31.36.0-255,66,120888,13,296851
33153,0.001358,172.217.194.0-255,1484,122372,13,296851
33154,0.001377,172.217.194.0-255,2902,125274,13,296851
33155,0.001381,172.31.36.0-255,66,125340,13,296851
33156,0.001404,172.217.194.0-255,5738,131078,13,296851
33157,0.001407,172.31.36.0-255,66,131144,13,296851
33158,0.001427,172.217.194.0-255,8574,139718,13,296851
33159,0.00143,172.31.36.0-255,66,139784,13,296851
33160,0.001457,172.217.194.0-255,2902,142686,13,296851
33161,0.00146,172.31.36.0-255,66,142752,13,296851
33162,0.001474,172.31.36.0-255,66,142818,13,296851
33163,0.001481,172.217.194.0-255,8574,151392,13,296851
33164,0.001483,172.31.36.0-255,66,151458,13,296851
33165,0.00151,172.217.194.0-255,2902,154360,13,296851
33166,0.001512,172.31.36.0-255,66,154426,13,296851
33167,0.001526,172.31.36.0-255,66,154492,13,296851
33168,0.001534,172.217.194.0-255,9274,163766,13,296851
33169,0.001536,172.31.36.0-255,66,163832,13,296851
33170,0.001573,172.217.194.0-255,1484,165316,13,296851
33171,0.001579,172.217.194.0-255,2902,168218,13,296851
33172,0.001582,172.31.36.0-255,66,168284,13,296851
33173,0.001605,172.217.194.0-255,5738,174022,13,296851
33174,0.001608,172.31.36.0-255,66,174088,13,296851
33175,0.001613,172.217.194.0-255,2902,176990,13,296851
33176,0.001615,172.31.36.0-255,66,177056,13,296851
33177,0.001634,172.217.194.0-255,9992,187048,13,296851
33178,0.001636,172.31.36.0-255,66,187114,13,296851
33179,0.001672,172.217.194.0-255,2902,190016,13,296851
33180,0.001675,172.31.36.0-255,66,190082,13,296851
33181,0.001699,172.217.194.0-255,7856,197938,13,296851
33182,0.001702,172.31.36.0-255,66,198004,13,296851
33183,0.00173,172.31.36.0-255,66,198070,13,296851
33184,0.001744,172.217.194.0-255,5738,203808,13,296851
33185,0.001747,172.31.36.0-255,66,203874,13,296851
33186,0.001814,172.217.194.0-255,4320,208194,13,296851
33187,0.001816,172.31.36.0-255,66,208260,13,296851
33188,0.001838,172.31.36.0-255,66,208326,13,296851
33189,0.00184,172.217.194.0-255,1484,209810,13,296851
33190,0.001844,172.217.194.0-255,2902,212712,13,296851
33191,0.001847,172.31.36.0-255,66,212778,13,296851
33192,0.001852,172.217.194.0-255,4320,217098,13,296851
33193,0.001855,172.31.36.0-255,66,217164,13,296851
33194,0.00187,172.217.194.0-255,1484,218648,13,296851
33195,0.001872,172.217.194.0-255,1484,220132,13,296851
33196,0.001874,172.31.36.0-255,66,220198,13,296851
33197,0.001929,172.217.194.0-255,2902,223100,13,296851
33198,0.001949,172.217.194.0-255,9274,232374,13,296851
33199,0.001953,172.217.194.0-255,2902,235276,13,296851
33200,0.001978,172.217.194.0-255,9992,245268,13,296851
33201,0.001982,172.217.194.0-255,2902,248170,13,296851
33202,0.002027,172.217.194.0-255,1484,249654,13,296851
33203,0.002045,172.217.194.0-255,3602,253256,13,296851
33204,0.002074,172.217.194.0-255,2902,256158,13,296851
33205,0.002083,172.217.194.0-255,1484,257642,13,296851
33206,0.003801,172.31.36.0-255,66,257708,13,296851
33207,0.00585,172.217.194.0-255,5738,263446,13,296851
33208,0.005857,172.31.36.0-255,66,263512,13,296851
33209,0.007866,172.217.194.0-255,5738,269250,13,296851
33210,0.00787,172.31.36.0-255,66,269316,13,296851
33211,0.009909,172.217.194.0-255,5738,275054,13,296851
33212,0.009916,172.31.36.0-255,66,275120,13,296851
33213,0.011996,172.217.194.0-255,5738,280858,13,296851
33214,0.012005,172.31.36.0-255,66,280924,13,296851
33215,0.014074,172.217.194.0-255,5738,286662,13,296851
33216,0.014081,172.31.36.0-255,66,286728,13,296851
33217,0.016096,172.217.194.0-255,5738,292466,13,296851
33218,0.016105,172.31.36.0-255,66,292532,13,296851
33219,0.018164,172.217.194.0-255,4253,296785,13,296851
33220,0.018177,172.31.36.0-255,66,296851,13,296851
33221,0.0,172.217.194.0-255,143,143,13,260395
33222,1.5e-05,172.31.36.0-255,66,209,13,260395
33223,2.2e-05,172.217.194.0-255,1484,1693,13,260395
33224,2.6e-05,172.31.36.0-255,66,1759,13,260395
33225,3.2e-05,172.217.194.0-255,2902,4661,13,260395
33226,3.5e-05,172.31.36.0-255,66,4727,13,260395
33227,4.1e-05,172.217.194.0-255,4320,9047,13,260395
33228,4.4e-05,172.31.36.0-255,66,9113,13,260395
33229,9.2e-05,172.217.194.0-255,4941,14054,13,260395
33230,9.5e-05,172.31.36.0-255,66,14120,13,260395
33231,0.000121,172.217.194.0-255,5738,19858,13,260395
33232,0.000124,172.31.36.0-255,66,19924,13,260395
33233,0.000153,172.217.194.0-255,7156,27080,13,260395
33234,0.000156,172.31.36.0-255,66,27146,13,260395
33235,0.000181,172.217.194.0-255,3961,31107,13,260395
33236,0.000184,172.31.36.0-255,66,31173,13,260395
33237,0.000197,172.31.36.0-255,66,31239,13,260395
33238,0.000203,172.217.194.0-255,5379,36618,13,260395
33239,0.000206,172.31.36.0-255,66,36684,13,260395
33240,0.000274,172.217.194.0-255,8574,45258,13,260395
33241,0.000278,172.31.36.0-255,66,45324,13,260395
33242,0.000301,172.217.194.0-255,8215,53539,13,260395
33243,0.000304,172.31.36.0-255,66,53605,13,260395
33244,0.000306,172.217.194.0-255,678,54283,13,260395
33245,0.000308,172.31.36.0-255,66,54349,13,260395
33246,0.00047,172.217.194.0-255,1484,55833,13,260395
33247,0.000474,172.31.36.0-255,66,55899,13,260395
33248,0.00048,172.217.194.0-255,2902,58801,13,260395
33249,0.000482,172.31.36.0-255,66,58867,13,260395
33250,0.000499,172.217.194.0-255,5738,64605,13,260395
33251,0.000502,172.31.36.0-255,66,64671,13,260395
33252,0.000509,172.217.194.0-255,5738,70409,13,260395
33253,0.000511,172.31.36.0-255,66,70475,13,260395
33254,0.000529,172.217.194.0-255,1484,71959,13,260395
33255,0.000537,172.217.194.0-255,5738,77697,13,260395
33256,0.00054,172.31.36.0-255,66,77763,13,260395
33257,0.000558,172.217.194.0-255,8574,86337,13,260395
33258,0.000561,172.31.36.0-255,66,86403,13,260395
33259,0.000565,172.217.194.0-255,2184,88587,13,260395
33260,0.000567,172.31.36.0-255,66,88653,13,260395
33261,0.000783,172.217.194.0-255,1484,90137,13,260395
33262,0.00079,172.217.194.0-255,2902,93039,13,260395
33263,0.000793,172.31.36.0-255,66,93105,13,260395
33264,0.000799,172.217.194.0-255,4320,97425,13,260395
33265,0.000802,172.31.36.0-255,66,97491,13,260395
33266,0.000824,172.217.194.0-255,1484,98975,13,260395
33267,0.000839,172.31.36.0-255,66,99041,13,260395
33268,0.000885,172.217.194.0-255,4320,103361,13,260395
33269,0.000888,172.31.36.0-255,66,103427,13,260395
33270,0.000911,172.217.194.0-255,6438,109865,13,260395
33271,0.000915,172.31.36.0-255,66,109931,13,260395
33272,0.000957,172.217.194.0-255,4320,114251,13,260395
33273,0.000961,172.31.36.0-255,66,114317,13,260395
33274,0.000988,172.217.194.0-255,4320,118637,13,260395
33275,0.000991,172.31.36.0-255,66,118703,13,260395
33276,0.001,172.217.194.0-255,9992,128695,13,260395
33277,0.001003,172.31.36.0-255,66,128761,13,260395
33278,0.001006,172.217.194.0-255,1484,130245,13,260395
33279,0.00103,172.31.36.0-255,66,130311,13,260395
33280,0.001038,172.217.194.0-255,5738,136049,13,260395
33281,0.00104,172.31.36.0-255,66,136115,13,260395
33282,0.001069,172.217.194.0-255,9992,146107,13,260395
33283,0.001072,172.31.36.0-255,66,146173,13,260395
33284,0.001089,172.31.36.0-255,66,146239,13,260395
33285,0.001406,172.217.194.0-255,1484,147723,13,260395
33286,0.001412,172.217.194.0-255,2902,150625,13,260395
33287,0.001416,172.31.36.0-255,66,150691,13,260395
33288,0.001432,172.217.194.0-255,5738,156429,13,260395
33289,0.001434,172.31.36.0-255,66,156495,13,260395
33290,0.001458,172.217.194.0-255,5738,162233,13,260395
33291,0.001461,172.31.36.0-255,66,162299,13,260395
33292,0.001489,172.217.194.0-255,7156,169455,13,260395
33293,0.001491,172.31.36.0-255,66,169521,13,260395
33294,0.001515,172.217.194.0-255,7156,176677,13,260395
33295,0.001518,172.31.36.0-255,66,176743,13,260395
33296,0.001523,172.217.194.0-255,3602,180345,13,260395
33297,0.001525,172.31.36.0-255,66,180411,13,260395
33298,0.001606,172.217.194.0-255,1484,181895,13,260395
33299,0.001623,172.217.194.0-255,2902,184797,13,260395
33300,0.001626,172.31.36.0-255,66,184863,13,260395
33301,0.001687,172.217.194.0-255,5738,190601,13,260395
33302,0.001691,172.31.36.0-255,66,190667,13,260395
33303,0.00171,172.31.36.0-255,66,190733,13,260395
33304,0.001716,172.217.194.0-255,7156,197889,13,260395
33305,0.001718,172.31.36.0-255,66,197955,13,260395
33306,0.001747,172.217.194.0-255,1484,199439,13,260395
33307,0.001778,172.31.36.0-255,66,199505,13,260395
33308,0.001793,172.217.194.0-255,9274,208779,13,260395
33309,0.001804,172.31.36.0-255,66,208845,13,260395
33310,0.001858,172.217.194.0-255,1484,210329,13,260395
33311,0.00188,172.217.194.0-255,2902,213231,13,260395
33312,0.001886,172.217.194.0-255,4320,217551,13,260395
33313,0.001899,172.217.194.0-255,1484,219035,13,260395
33314,0.001903,172.217.194.0-255,2902,221937,13,260395
33315,0.00191,172.31.36.0-255,66,222003,13,260395
33316,0.001936,172.217.194.0-255,9992,231995,13,260395
33317,0.001947,172.217.194.0-255,10692,242687,13,260395
33318,0.001953,172.31.36.0-255,66,242753,13,260395
33319,0.00199,172.217.194.0-255,8574,251327,13,260395
33320,0.001996,172.31.36.0-255,66,251393,13,260395
33321,0.002041,172.217.194.0-255,7156,258549,13,260395
33322,0.002047,172.31.36.0-255,66,258615,13,260395
33323,0.002072,172.217.194.0-255,1372,259987,13,260395
33324,0.002074,172.217.194.0-255,105,260092,13,260395
33325,0.002076,172.31.36.0-255,66,260158,13,260395
33326,0.004288,172.31.36.0-255,66,260224,13,260395
33327,0.004324,172.31.36.0-255,105,260329,13,260395
33328,0.006902,172.217.194.0-255,66,260395,13,260395
33329,0.0,172.217.194.0-255,317,317,13,270128
33330,2.9e-05,172.31.36.0-255,66,383,13,270128
33331,3.5e-05,172.217.194.0-255,1484,1867,13,270128
33332,3.9e-05,172.31.36.0-255,66,1933,13,270128
33333,4.6e-05,172.217.194.0-255,4320,6253,13,270128
33334,4.9e-05,172.31.36.0-255,66,6319,13,270128
33335,0.000109,172.217.194.0-255,4320,10639,13,270128
33336,0.000112,172.31.36.0-255,66,10705,13,270128
33337,0.000126,172.217.194.0-255,3313,14018,13,270128
33338,0.000129,172.31.36.0-255,66,14084,13,270128
33339,0.000146,172.217.194.0-255,1484,15568,13,270128
33340,0.000148,172.31.36.0-255,66,15634,13,270128
33341,0.000151,172.217.194.0-255,1484,17118,13,270128
33342,0.000153,172.31.36.0-255,66,17184,13,270128
33343,0.000174,172.217.194.0-255,1484,18668,13,270128
33344,0.000177,172.31.36.0-255,66,18734,13,270128
33345,0.000183,172.217.194.0-255,5738,24472,13,270128
33346,0.000185,172.31.36.0-255,66,24538,13,270128
33347,0.000216,172.217.194.0-255,6797,31335,13,270128
33348,0.000219,172.31.36.0-255,66,31401,13,270128
33349,0.000278,172.217.194.0-255,1484,32885,13,270128
33350,0.00028,172.31.36.0-255,66,32951,13,270128
33351,0.000285,172.217.194.0-255,2902,35853,13,270128
33352,0.000288,172.31.36.0-255,66,35919,13,270128
33353,0.000295,172.217.194.0-255,5738,41657,13,270128
33354,0.000298,172.31.36.0-255,66,41723,13,270128
33355,0.000322,172.217.194.0-255,2902,44625,13,270128
33356,0.000325,172.31.36.0-255,66,44691,13,270128
33357,0.000349,172.217.194.0-255,3961,48652,13,270128
33358,0.000354,172.31.36.0-255,66,48718,13,270128
33359,0.000361,172.217.194.0-255,7156,55874,13,270128
33360,0.000364,172.31.36.0-255,66,55940,13,270128
33361,0.000383,172.217.194.0-255,4320,60260,13,270128
33362,0.000397,172.31.36.0-255,66,60326,13,270128
33363,0.000398,172.217.194.0-255,2902,63228,13,270128
33364,0.000403,172.31.36.0-255,66,63294,13,270128
33365,0.000412,172.217.194.0-255,2837,66131,13,270128
33366,0.00042,172.31.36.0-255,66,66197,13,270128
33367,0.000466,172.217.194.0-255,383,66580,13,270128
33368,0.000574,172.217.194.0-255,1484,68064,13,270128
33369,0.000579,172.217.194.0-255,2902,70966,13,270128
33370,0.000599,172.31.36.0-255,66,71032,13,270128
33371,0.000604,172.217.194.0-255,4320,75352,13,270128
33372,0.000616,172.31.36.0-255,66,75418,13,270128
33373,0.000617,172.217.194.0-255,1484,76902,13,270128
33374,0.000623,172.217.194.0-255,4320,81222,13,270128
33375,0.000632,172.31.36.0-255,66,81288,13,270128
33376,0.000662,172.217.194.0-255,2543,83831,13,270128
33377,0.000665,172.31.36.0-255,66,83897,13,270128
33378,0.000677,172.217.194.0-255,2902,86799,13,270128
33379,0.000681,172.31.36.0-255,66,86865,13,270128
33380,0.000702,172.217.194.0-255,7156,94021,13,270128
33381,0.00071,172.31.36.0-255,66,94087,13,270128
33382,0.000721,172.217.194.0-255,6797,100884,13,270128
33383,0.000725,172.31.36.0-255,66,100950,13,270128
33384,0.000814,172.217.194.0-255,1484,102434,13,270128
33385,0.000819,172.217.194.0-255,2902,105336,13,270128
33386,0.000833,172.217.194.0-255,2902,108238,13,270128
33387,0.000834,172.31.36.0-255,66,108304,13,270128
33388,0.000838,172.31.36.0-255,66,108370,13,270128
33389,0.000855,172.217.194.0-255,2902,111272,13,270128
33390,0.000861,172.31.36.0-255,66,111338,13,270128
33391,0.000877,172.217.194.0-255,1484,112822,13,270128
33392,0.000878,172.31.36.0-255,66,112888,13,270128
33393,0.000912,172.217.194.0-255,9992,122880,13,270128
33394,0.000915,172.31.36.0-255,66,122946,13,270128
33395,0.00097,172.31.36.0-255,66,123012,13,270128
33396,0.00098,172.217.194.0-255,766,123778,13,270128
33397,0.001001,172.217.194.0-255,9274,133052,13,270128
33398,0.001003,172.31.36.0-255,66,133118,13,270128
33399,0.001008,172.31.36.0-255,66,133184,13,270128
33400,0.001527,172.217.194.0-255,1484,134668,13,270128
33401,0.001545,172.217.194.0-255,2902,137570,13,270128
33402,0.001549,172.31.36.0-255,66,137636,13,270128
33403,0.001555,172.217.194.0-255,5738,143374,13,270128
33404,0.00156,172.217.194.0-255,2902,146276,13,270128
33405,0.001564,172.31.36.0-255,66,146342,13,270128
33406,0.001578,172.217.194.0-255,9992,156334,13,270128
33407,0.001582,172.217.194.0-255,1484,157818,13,270128
33408,0.001588,172.31.36.0-255,66,157884,13,270128
33409,0.00161,172.217.194.0-255,9274,167158,13,270128
33410,0.001615,172.31.36.0-255,66,167224,13,270128
33411,0.001644,172.217.194.0-255,1484,168708,13,270128
33412,0.001666,172.217.194.0-255,7156,175864,13,270128
33413,0.00167,172.217.194.0-255,2902,178766,13,270128
33414,0.001677,172.31.36.0-255,66,178832,13,270128
33415,0.001694,172.217.194.0-255,5738,184570,13,270128
33416,0.001705,172.31.36.0-255,66,184636,13,270128
33417,0.001706,172.217.194.0-255,1484,186120,13,270128
33418,0.001761,172.217.194.0-255,5738,191858,13,270128
33419,0.001766,172.31.36.0-255,66,191924,13,270128
33420,0.001787,172.217.194.0-255,9274,201198,13,270128
33421,0.001792,172.31.36.0-255,66,201264,13,270128
33422,0.001927,172.217.194.0-255,1484,202748,13,270128
33423,0.001933,172.217.194.0-255,2902,205650,13,270128
33424,0.001937,172.31.36.0-255,66,205716,13,270128
33425,0.001953,172.217.194.0-255,4320,210036,13,270128
33426,0.001961,172.31.36.0-255,66,210102,13,270128
33427,0.001964,172.217.194.0-255,1484,211586,13,270128
33428,0.001992,172.217.194.0-255,9992,221578,13,270128
33429,0.001996,172.31.36.0-255,66,221644,13,270128
33430,0.002019,172.217.194.0-255,2902,224546,13,270128
33431,0.002029,172.217.194.0-255,10692,235238,13,270128
33432,0.002036,172.31.36.0-255,66,235304,13,270128
33433,0.004372,172.217.194.0-255,5738,241042,13,270128
33434,0.004383,172.31.36.0-255,66,241108,13,270128
33435,0.006746,172.217.194.0-255,5738,246846,13,270128
33436,0.009457,172.31.36.0-255,66,246912,13,270128
33437,0.011813,172.217.194.0-255,5738,252650,13,270128
33438,0.011826,172.31.36.0-255,66,252716,13,270128
33439,0.014166,172.217.194.0-255,5738,258454,13,270128
33440,0.014175,172.31.36.0-255,66,258520,13,270128
33441,0.016575,172.217.194.0-255,5738,264258,13,270128
33442,0.016589,172.31.36.0-255,66,264324,13,270128
33443,0.018949,172.217.194.0-255,5738,270062,13,270128
33444,0.018954,172.31.36.0-255,66,270128,13,270128
33445,0.0,74.125.24.0-255,152,152,13,272085
33446,2e-05,172.31.36.0-255,66,218,13,272085
33447,2.7e-05,74.125.24.0-255,1484,1702,13,272085
33448,3.2e-05,172.31.36.0-255,66,1768,13,272085
33449,3.8e-05,74.125.24.0-255,2902,4670,13,272085
33450,4.2e-05,172.31.36.0-255,66,4736,13,272085
33451,5e-05,74.125.24.0-255,7156,11892,13,272085
33452,5.4e-05,172.31.36.0-255,66,11958,13,272085
33453,5.8e-05,74.125.24.0-255,2066,14024,13,272085
33454,6e-05,172.31.36.0-255,66,14090,13,272085
33455,9.1e-05,172.31.36.0-255,66,14156,13,272085
33456,9.8e-05,74.125.24.0-255,5379,19535,13,272085
33457,0.0001,172.31.36.0-255,66,19601,13,272085
33458,0.000158,74.125.24.0-255,1484,21085,13,272085
33459,0.000161,172.31.36.0-255,66,21151,13,272085
33460,0.000166,74.125.24.0-255,2902,24053,13,272085
33461,0.000168,172.31.36.0-255,66,24119,13,272085
33462,0.000195,74.125.24.0-255,5738,29857,13,272085
33463,0.000198,172.31.36.0-255,66,29923,13,272085
33464,0.000203,74.125.24.0-255,2902,32825,13,272085
33465,0.000205,172.31.36.0-255,66,32891,13,272085
33466,0.000266,74.125.24.0-255,1484,34375,13,272085
33467,0.000269,172.31.36.0-255,66,34441,13,272085
33468,0.000285,74.125.24.0-255,2543,36984,13,272085
33469,0.000288,172.31.36.0-255,66,37050,13,272085
33470,0.000676,74.125.24.0-255,1484,38534,13,272085
33471,0.000682,74.125.24.0-255,2902,41436,13,272085
33472,0.000688,172.31.36.0-255,66,41502,13,272085
33473,0.000696,172.31.36.0-255,66,41568,13,272085
33474,0.000703,74.125.24.0-255,5738,47306,13,272085
33475,0.000705,172.31.36.0-255,66,47372,13,272085
33476,0.000761,74.125.24.0-255,4320,51692,13,272085
33477,0.000764,172.31.36.0-255,66,51758,13,272085
33478,0.000785,74.125.24.0-255,2543,54301,13,272085
33479,0.000787,172.31.36.0-255,66,54367,13,272085
33480,0.001062,74.125.24.0-255,1484,55851,13,272085
33481,0.001069,74.125.24.0-255,2902,58753,13,272085
33482,0.001073,172.31.36.0-255,66,58819,13,272085
33483,0.001078,74.125.24.0-255,2902,61721,13,272085
33484,0.00108,172.31.36.0-255,66,61787,13,272085
33485,0.001095,74.125.24.0-255,2902,64689,13,272085
33486,0.001098,172.31.36.0-255,66,64755,13,272085
33487,0.001103,74.125.24.0-255,4320,69075,13,272085
33488,0.001105,172.31.36.0-255,66,69141,13,272085
33489,0.00114,74.125.24.0-255,3124,72265,13,272085
33490,0.001143,172.31.36.0-255,66,72331,13,272085
33491,0.001172,74.125.24.0-255,4320,76651,13,272085
33492,0.001175,172.31.36.0-255,66,76717,13,272085
33493,0.001203,74.125.24.0-255,9992,86709,13,272085
33494,0.001205,172.31.36.0-255,66,86775,13,272085
33495,0.001214,74.125.24.0-255,8574,95349,13,272085
33496,0.001215,172.31.36.0-255,66,95415,13,272085
33497,0.001262,74.125.24.0-255,10692,106107,13,272085
33498,0.001267,172.31.36.0-255,66,106173,13,272085
33499,0.001597,74.125.24.0-255,1484,107657,13,272085
33500,0.001602,74.125.24.0-255,2902,110559,13,272085
33501,0.001605,172.31.36.0-255,66,110625,13,272085
33502,0.001612,74.125.24.0-255,5738,116363,13,272085
33503,0.001614,172.31.36.0-255,66,116429,13,272085
33504,0.001652,74.125.24.0-255,2902,119331,13,272085
33505,0.001655,172.31.36.0-255,66,119397,13,272085
33506,0.001672,74.125.24.0-255,3961,123358,13,272085
33507,0.001675,172.31.36.0-255,66,123424,13,272085
33508,0.001717,74.125.24.0-255,5738,129162,13,272085
33509,0.00172,172.31.36.0-255,66,129228,13,272085
33510,0.001735,74.125.24.0-255,1484,130712,13,272085
33511,0.001742,74.125.24.0-255,7156,137868,13,272085
33512,0.001744,172.31.36.0-255,66,137934,13,272085
33513,0.001752,74.125.24.0-255,7156,145090,13,272085
33514,0.001754,172.31.36.0-255,66,145156,13,272085
33515,0.001789,74.125.24.0-255,8574,153730,13,272085
33516,0.001792,172.31.36.0-255,66,153796,13,272085
33517,0.001797,74.125.24.0-255,3602,157398,13,272085
33518,0.0018,172.31.36.0-255,66,157464,13,272085
33519,0.002227,74.125.24.0-255,1484,158948,13,272085
33520,0.002236,74.125.24.0-255,2902,161850,13,272085
33521,0.00224,172.31.36.0-255,66,161916,13,272085
33522,0.002247,74.125.24.0-255,5738,167654,13,272085
33523,0.002249,172.31.36.0-255,66,167720,13,272085
33524,0.002253,74.125.24.0-255,1484,169204,13,272085
33525,0.00228,74.125.24.0-255,7156,176360,13,272085
33526,0.002282,172.31.36.0-255,66,176426,13,272085
33527,0.002312,74.125.24.0-255,2902,179328,13,272085
33528,0.002315,172.31.36.0-255,66,179394,13,272085
33529,0.002347,172.31.36.0-255,66,179460,13,272085
33530,0.002411,74.125.24.0-255,1484,180944,13,272085
33531,0.002415,74.125.24.0-255,1484,182428,13,272085
33532,0.002417,172.31.36.0-255,66,182494,13,272085
33533,0.002439,74.125.24.0-255,1484,183978,13,272085
33534,0.002446,74.125.24.0-255,5738,189716,13,272085
33535,0.002448,172.31.36.0-255,66,189782,13,272085
33536,0.002461,172.31.36.0-255,66,189848,13,272085
33537,0.00247,74.125.24.0-255,8574,198422,13,272085
33538,0.002473,172.31.36.0-255,66,198488,13,272085
33539,0.002522,74.125.24.0-255,7856,206344,13,272085
33540,0.002525,172.31.36.0-255,66,206410,13,272085
33541,0.002535,74.125.24.0-255,8574,214984,13,272085
33542,0.002538,172.31.36.0-255,66,215050,13,272085
33543,0.002592,172.31.36.0-255,66,215116,13,272085
33544,0.002596,74.125.24.0-255,766,215882,13,272085
33545,0.002611,74.125.24.0-255,1484,217366,13,272085
33546,0.002614,172.31.36.0-255,66,217432,13,272085
33547,0.002634,74.125.24.0-255,5738,223170,13,272085
33548,0.002638,172.31.36.0-255,66,223236,13,272085
33549,0.002646,74.125.24.0-255,8574,231810,13,272085
33550,0.002649,172.31.36.0-255,66,231876,13,272085
33551,0.002655,74.125.24.0-255,5738,237614,13,272085
33552,0.002658,172.31.36.0-255,66,237680,13,272085
33553,0.002693,172.31.36.0-255,66,237746,13,272085
33554,0.002696,74.125.24.0-255,766,238512,13,272085
33555,0.005313,74.125.24.0-255,4320,242832,13,272085
33556,0.005321,172.31.36.0-255,66,242898,13,272085
33557,0.006935,172.31.36.0-255,101,242999,13,272085
33558,0.007944,74.125.24.0-255,5738,248737,13,272085
33559,0.00795,172.31.36.0-255,66,248803,13,272085
33560,0.009507,74.125.24.0-255,66,248869,13,272085
33561,0.010608,74.125.24.0-255,5738,254607,13,272085
33562,0.010615,172.31.36.0-255,66,254673,13,272085
33563,0.013291,74.125.24.0-255,5738,260411,13,272085
33564,0.013301,172.31.36.0-255,66,260477,13,272085
33565,0.015939,74.125.24.0-255,5738,266215,13,272085
33566,0.015948,172.31.36.0-255,66,266281,13,272085
33567,0.018578,74.125.24.0-255,5738,272019,13,272085
33568,0.018588,172.31.36.0-255,66,272085,13,272085
33569,0.0,172.217.194.0-255,152,152,13,157225
33570,2.3e-05,172.31.36.0-255,66,218,13,157225
33571,3.1e-05,172.217.194.0-255,1484,1702,13,157225
33572,3.5e-05,172.31.36.0-255,66,1768,13,157225
33573,4.1e-05,172.217.194.0-255,2902,4670,13,157225
33574,4.5e-05,172.31.36.0-255,66,4736,13,157225
33575,5.3e-05,172.217.194.0-255,7156,11892,13,157225
33576,5.5e-05,172.31.36.0-255,66,11958,13,157225
33577,6.2e-05,172.217.194.0-255,4906,16864,13,157225
33578,6.4e-05,172.31.36.0-255,66,16930,13,157225
33579,7e-05,172.217.194.0-255,5738,22668,13,157225
33580,7.2e-05,172.31.36.0-255,66,22734,13,157225
33581,9.7e-05,172.217.194.0-255,8215,30949,13,157225
33582,0.0001,172.31.36.0-255,66,31015,13,157225
33583,0.000387,172.217.194.0-255,1484,32499,13,157225
33584,0.000393,172.31.36.0-255,66,32565,13,157225
33585,0.0004,172.217.194.0-255,2902,35467,13,157225
33586,0.000403,172.31.36.0-255,66,35533,13,157225
33587,0.000409,172.217.194.0-255,5738,41271,13,157225
33588,0.000411,172.31.36.0-255,66,41337,13,157225
33589,0.000433,172.217.194.0-255,5738,47075,13,157225
33590,0.000436,172.31.36.0-255,66,47141,13,157225
33591,0.000465,172.217.194.0-255,8215,55356,13,157225
33592,0.000468,172.31.36.0-255,66,55422,13,157225
33593,0.000477,172.217.194.0-255,8574,63996,13,157225
33594,0.00048,172.31.36.0-255,66,64062,13,157225
33595,0.000499,172.217.194.0-255,1125,65187,13,157225
33596,0.000502,172.31.36.0-255,66,65253,13,157225
33597,0.000779,172.217.194.0-255,367,65620,13,157225
33598,0.000783,172.31.36.0-255,66,65686,13,157225
33599,0.001019,172.217.194.0-255,375,66061,13,157225
33600,0.001023,172.31.36.0-255,66,66127,13,157225
33601,0.001598,172.217.194.0-255,1484,67611,13,157225
33602,0.001609,172.217.194.0-255,2902,70513,13,157225
33603,0.001614,172.31.36.0-255,66,70579,13,157225
33604,0.001623,172.217.194.0-255,5738,76317,13,157225
33605,0.001649,172.217.194.0-255,9992,86309,13,157225
33606,0.001697,172.217.194.0-255,2902,89211,13,157225
33607,0.001718,172.217.194.0-255,8574,97785,13,157225
33608,0.001733,172.217.194.0-255,2184,99969,13,157225
33609,0.001757,172.217.194.0-255,1484,101453,13,157225
33610,0.001774,172.217.194.0-255,2902,104355,13,157225
33611,0.001794,172.217.194.0-255,5738,110093,13,157225
33612,0.001798,172.217.194.0-255,1484,111577,13,157225
33613,0.001837,172.217.194.0-255,8574,120151,13,157225
33614,0.001856,172.217.194.0-255,2184,122335,13,157225
33615,0.005442,172.31.36.0-255,66,122401,13,157225
33616,0.007487,172.217.194.0-255,5738,128139,13,157225
33617,0.007495,172.31.36.0-255,66,128205,13,157225
33618,0.009549,172.217.194.0-255,5738,133943,13,157225
33619,0.009556,172.31.36.0-255,66,134009,13,157225
33620,0.011591,172.217.194.0-255,5738,139747,13,157225
33621,0.012484,172.31.36.0-255,66,139813,13,157225
33622,0.014543,172.217.194.0-255,5738,145551,13,157225
33623,0.014558,172.31.36.0-255,66,145617,13,157225
33624,0.016571,172.217.194.0-255,5738,151355,13,157225
33625,0.016581,172.31.36.0-255,66,151421,13,157225
33626,0.018607,172.217.194.0-255,5738,157159,13,157225
33627,0.018615,172.31.36.0-255,66,157225,13,157225
33628,0.0,172.253.118.0-255,153,153,13,256390
33629,3.5e-05,172.31.36.0-255,66,219,13,256390
33630,4.2e-05,172.253.118.0-255,1484,1703,13,256390
33631,4.7e-05,172.31.36.0-255,66,1769,13,256390
33632,5.2e-05,172.253.118.0-255,2902,4671,13,256390
33633,6.3e-05,172.31.36.0-255,66,4737,13,256390
33634,6.9e-05,172.253.118.0-255,7156,11893,13,256390
33635,7.1e-05,172.31.36.0-255,66,11959,13,256390
33636,7.5e-05,172.253.118.0-255,2020,13979,13,256390
33637,7.9e-05,172.31.36.0-255,66,14045,13,256390
33638,0.00012,172.253.118.0-255,1484,15529,13,256390
33639,0.000123,172.31.36.0-255,66,15595,13,256390
33640,0.000126,172.253.118.0-255,1484,17079,13,256390
33641,0.000129,172.31.36.0-255,66,17145,13,256390
33642,0.000162,172.253.118.0-255,1484,18629,13,256390
33643,0.000164,172.31.36.0-255,66,18695,13,256390
33644,0.000172,172.253.118.0-255,5738,24433,13,256390
33645,0.000175,172.31.36.0-255,66,24499,13,256390
33646,0.000179,172.253.118.0-255,2902,27401,13,256390
33647,0.000181,172.31.36.0-255,66,27467,13,256390
33648,0.000225,172.253.118.0-255,3961,31428,13,256390
33649,0.000229,172.31.36.0-255,66,31494,13,256390
33650,0.000336,172.253.118.0-255,1484,32978,13,256390
33651,0.00034,172.31.36.0-255,66,33044,13,256390
33652,0.000345,172.253.118.0-255,2902,35946,13,256390
33653,0.00035,172.31.36.0-255,66,36012,13,256390
33654,0.000369,172.253.118.0-255,5738,41750,13,256390
33655,0.000373,172.31.36.0-255,66,41816,13,256390
33656,0.000404,172.253.118.0-255,5738,47554,13,256390
33657,0.000407,172.31.36.0-255,66,47620,13,256390
33658,0.00044,172.253.118.0-255,8215,55835,13,256390
33659,0.000444,172.31.36.0-255,66,55901,13,256390
33660,0.000453,172.253.118.0-255,8574,64475,13,256390
33661,0.000456,172.31.36.0-255,66,64541,13,256390
33662,0.000459,172.253.118.0-255,1125,65666,13,256390
33663,0.000483,172.253.118.0-255,364,66030,13,256390
33664,0.000552,172.253.118.0-255,380,66410,13,256390
33665,0.000556,172.31.36.0-255,66,66476,13,256390
33666,0.000782,172.253.118.0-255,1484,67960,13,256390
33667,0.000797,172.253.118.0-255,2902,70862,13,256390
33668,0.0008,172.31.36.0-255,66,70928,13,256390
33669,0.000806,172.253.118.0-255,4320,75248,13,256390
33670,0.000809,172.31.36.0-255,66,75314,13,256390
33671,0.000842,172.253.118.0-255,8574,83888,13,256390
33672,0.000846,172.31.36.0-255,66,83954,13,256390
33673,0.000873,172.253.118.0-255,7156,91110,13,256390
33674,0.000877,172.31.36.0-255,66,91176,13,256390
33675,0.000898,172.253.118.0-255,5738,96914,13,256390
33676,0.0009,172.31.36.0-255,66,96980,13,256390
33677,0.000928,172.253.118.0-255,3602,100582,13,256390
33678,0.000931,172.31.36.0-255,66,100648,13,256390
33679,0.001341,172.253.118.0-255,1484,102132,13,256390
33680,0.001351,172.253.118.0-255,2902,105034,13,256390
33681,0.001355,172.31.36.0-255,66,105100,13,256390
33682,0.001362,172.253.118.0-255,5738,110838,13,256390
33683,0.001365,172.31.36.0-255,66,110904,13,256390
33684,0.001387,172.253.118.0-255,4320,115224,13,256390
33685,0.00139,172.31.36.0-255,66,115290,13,256390
33686,0.001428,172.253.118.0-255,8574,123864,13,256390
33687,0.001431,172.31.36.0-255,66,123930,13,256390
33688,0.001441,172.253.118.0-255,10692,134622,13,256390
33689,0.001443,172.31.36.0-255,66,134688,13,256390
33690,0.00146,172.253.118.0-255,7156,141844,13,256390
33691,0.001463,172.31.36.0-255,66,141910,13,256390
33692,0.001495,172.253.118.0-255,4320,146230,13,256390
33693,0.001498,172.31.36.0-255,66,146296,13,256390
33694,0.001505,172.253.118.0-255,5738,152034,13,256390
33695,0.001507,172.31.36.0-255,66,152100,13,256390
33696,0.001542,172.253.118.0-255,7156,159256,13,256390
33697,0.001545,172.31.36.0-255,66,159322,13,256390
33698,0.001577,172.253.118.0-255,9274,168596,13,256390
33699,0.00158,172.31.36.0-255,66,168662,13,256390
33700,0.001719,172.253.118.0-255,1484,170146,13,256390
33701,0.001725,172.253.118.0-255,2902,173048,13,256390
33702,0.001729,172.31.36.0-255,66,173114,13,256390
33703,0.001759,172.253.118.0-255,5738,178852,13,256390
33704,0.001761,172.31.36.0-255,66,178918,13,256390
33705,0.001766,172.253.118.0-255,2902,181820,13,256390
33706,0.001768,172.31.36.0-255,66,181886,13,256390
33707,0.001801,172.253.118.0-255,9992,191878,13,256390
33708,0.001804,172.31.36.0-255,66,191944,13,256390
33709,0.00182,172.253.118.0-255,1484,193428,13,256390
33710,0.001834,172.253.118.0-255,7156,200584,13,256390
33711,0.001836,172.31.36.0-255,66,200650,13,256390
33712,0.001856,172.253.118.0-255,1484,202134,13,256390
33713,0.001858,172.253.118.0-255,766,202900,13,256390
33714,0.00186,172.31.36.0-255,66,202966,13,256390
33715,0.003815,172.253.118.0-255,2902,205868,13,256390
33716,0.003823,172.31.36.0-255,66,205934,13,256390
33717,0.003888,172.253.118.0-255,2902,208836,13,256390
33718,0.003893,172.31.36.0-255,66,208902,13,256390
33719,0.005803,172.253.118.0-255,2902,211804,13,256390
33720,0.005808,172.31.36.0-255,66,211870,13,256390
33721,0.005867,172.253.118.0-255,2902,214772,13,256390
33722,0.00587,172.31.36.0-255,66,214838,13,256390
33723,0.007791,172.253.118.0-255,2902,217740,13,256390
33724,0.007794,172.31.36.0-255,66,217806,13,256390
33725,0.007845,172.253.118.0-255,2902,220708,13,256390
33726,0.007847,172.31.36.0-255,66,220774,13,256390
33727,0.0098,172.253.118.0-255,2902,223676,13,256390
33728,0.009807,172.31.36.0-255,66,223742,13,256390
33729,0.009839,172.253.118.0-255,2902,226644,13,256390
33730,0.009843,172.31.36.0-255,66,226710,13,256390
33731,0.011808,172.253.118.0-255,2902,229612,13,256390
33732,0.011815,172.31.36.0-255,66,229678,13,256390
33733,0.011844,172.253.118.0-255,2902,232580,13,256390
33734,0.011848,172.31.36.0-255,66,232646,13,256390
33735,0.013816,172.253.118.0-255,2902,235548,13,256390
33736,0.013824,172.31.36.0-255,66,235614,13,256390
33737,0.013866,172.253.118.0-255,2902,238516,13,256390
33738,0.01387,172.31.36.0-255,66,238582,13,256390
33739,0.015825,172.253.118.0-255,2902,241484,13,256390
33740,0.015832,172.31.36.0-255,66,241550,13,256390
33741,0.015872,172.253.118.0-255,2902,244452,13,256390
33742,0.015876,172.31.36.0-255,66,244518,13,256390
33743,0.017817,172.253.118.0-255,2902,247420,13,256390
33744,0.017822,172.31.36.0-255,66,247486,13,256390
33745,0.017866,172.253.118.0-255,2902,250388,13,256390
33746,0.01787,172.31.36.0-255,66,250454,13,256390
33747,0.019813,172.253.118.0-255,2902,253356,13,256390
33748,0.01982,172.31.36.0-255,66,253422,13,256390
33749,0.019854,172.253.118.0-255,2902,256324,13,256390
33750,0.019857,172.31.36.0-255,66,256390,13,256390
33751,0.0,74.125.24.0-255,150,150,13,114414
33752,3.2e-05,172.31.36.0-255,66,216,13,114414
33753,3.8e-05,74.125.24.0-255,1484,1700,13,114414
33754,4.1e-05,172.31.36.0-255,66,1766,13,114414
33755,4.6e-05,74.125.24.0-255,2902,4668,13,114414
33756,4.8e-05,172.31.36.0-255,66,4734,13,114414
33757,0.00011,74.125.24.0-255,5738,10472,13,114414
33758,0.000114,172.31.36.0-255,66,10538,13,114414
33759,0.000254,74.125.24.0-255,9992,20530,13,114414
33760,0.000259,172.31.36.0-255,66,20596,13,114414
33761,0.000274,74.125.24.0-255,692,21288,13,114414
33762,0.000276,172.31.36.0-255,66,21354,13,114414
33763,0.000526,74.125.24.0-255,9633,30987,13,114414
33764,0.00053,172.31.36.0-255,66,31053,13,114414
33765,0.000764,74.125.24.0-255,4320,35373,13,114414
33766,0.000769,172.31.36.0-255,66,35439,13,114414
33767,0.00079,74.125.24.0-255,5738,41177,13,114414
33768,0.000793,172.31.36.0-255,66,41243,13,114414
33769,0.001021,74.125.24.0-255,7156,48399,13,114414
33770,0.001026,172.31.36.0-255,66,48465,13,114414
33771,0.001049,172.31.36.0-255,66,48531,13,114414
33772,0.001551,74.125.24.0-255,2890,51421,13,114414
33773,0.001557,172.31.36.0-255,66,51487,13,114414
33774,0.001612,74.125.24.0-255,2902,54389,13,114414
33775,0.001614,172.31.36.0-255,66,54455,13,114414
33776,0.001655,172.31.36.0-255,66,54521,13,114414
33777,0.002468,74.125.24.0-255,7156,61677,13,114414
33778,0.002471,172.31.36.0-255,66,61743,13,114414
33779,0.002518,172.31.36.0-255,66,61809,13,114414
33780,0.003442,74.125.24.0-255,4320,66129,13,114414
33781,0.004164,172.31.36.0-255,66,66195,13,114414
33782,0.004418,74.125.24.0-255,4320,70515,13,114414
33783,0.004423,172.31.36.0-255,66,70581,13,114414
33784,0.00447,172.31.36.0-255,66,70647,13,114414
33785,0.007005,74.125.24.0-255,2902,73549,13,114414
33786,0.007012,172.31.36.0-255,66,73615,13,114414
33787,0.007036,74.125.24.0-255,2902,76517,13,114414
33788,0.007071,172.31.36.0-255,66,76583,13,114414
33789,0.00955,74.125.24.0-255,2902,79485,13,114414
33790,0.009556,172.31.36.0-255,66,79551,13,114414
33791,0.009599,74.125.24.0-255,2902,82453,13,114414
33792,0.009615,172.31.36.0-255,66,82519,13,114414
33793,0.012092,74.125.24.0-255,2902,85421,13,114414
33794,0.0121,172.31.36.0-255,66,85487,13,114414
33795,0.012149,74.125.24.0-255,2902,88389,13,114414
33796,0.012189,172.31.36.0-255,66,88455,13,114414
33797,0.014624,74.125.24.0-255,2902,91357,13,114414
33798,0.01463,172.31.36.0-255,66,91423,13,114414
33799,0.014705,74.125.24.0-255,2902,94325,13,114414
33800,0.014718,172.31.36.0-255,66,94391,13,114414
33801,0.017177,74.125.24.0-255,2902,97293,13,114414
33802,0.017183,172.31.36.0-255,66,97359,13,114414
33803,0.017281,74.125.24.0-255,2902,100261,13,114414
33804,0.017302,172.31.36.0-255,66,100327,13,114414
33805,0.018159,172.31.36.0-255,172,100499,13,114414
33806,0.018195,172.31.36.0-255,1110,101609,13,114414
33807,0.01826,172.31.36.0-255,1514,103123,13,114414
33808,0.018262,172.31.36.0-255,1514,104637,13,114414
33809,0.018263,172.31.36.0-255,1514,106151,13,114414
33810,0.018264,172.31.36.0-255,1514,107665,13,114414
33811,0.018265,172.31.36.0-255,549,108214,13,114414
33812,0.019664,104.244.42.0-255,66,108280,13,114414
33813,0.019695,104.244.42.0-255,66,108346,13,114414
33814,0.01972,74.125.24.0-255,2902,111248,13,114414
33815,0.019724,172.31.36.0-255,66,111314,13,114414
33816,0.019774,104.244.42.0-255,66,111380,13,114414
33817,0.019778,104.244.42.0-255,66,111446,13,114414
33818,0.019821,74.125.24.0-255,2902,114348,13,114414
33819,0.019825,172.31.36.0-255,66,114414,13,114414
33820,0.0,74.125.130.0-255,153,153,13,250305
33821,1.8e-05,172.31.36.0-255,66,219,13,250305
33822,2.6e-05,74.125.130.0-255,1484,1703,13,250305
33823,3.1e-05,172.31.36.0-255,66,1769,13,250305
33824,3.7e-05,74.125.130.0-255,2902,4671,13,250305
33825,4.1e-05,172.31.36.0-255,66,4737,13,250305
33826,4.8e-05,74.125.130.0-255,5738,10475,13,250305
33827,5e-05,172.31.36.0-255,66,10541,13,250305
33828,7.6e-05,74.125.130.0-255,4929,15470,13,250305
33829,7.9e-05,172.31.36.0-255,66,15536,13,250305
33830,8.3e-05,74.125.130.0-255,1484,17020,13,250305
33831,8.5e-05,172.31.36.0-255,66,17086,13,250305
33832,0.000115,74.125.130.0-255,4320,21406,13,250305
33833,0.000118,172.31.36.0-255,66,21472,13,250305
33834,0.000151,74.125.130.0-255,7156,28628,13,250305
33835,0.000154,172.31.36.0-255,66,28694,13,250305
33836,0.000167,74.125.130.0-255,2543,31237,13,250305
33837,0.00017,172.31.36.0-255,66,31303,13,250305
33838,0.000348,74.125.130.0-255,1484,32787,13,250305
33839,0.000353,172.31.36.0-255,66,32853,13,250305
33840,0.000385,74.125.130.0-255,2902,35755,13,250305
33841,0.000389,172.31.36.0-255,66,35821,13,250305
33842,0.000437,74.125.130.0-255,2902,38723,13,250305
33843,0.00044,172.31.36.0-255,66,38789,13,250305
33844,0.000452,74.125.130.0-255,1484,40273,13,250305
33845,0.000454,172.31.36.0-255,66,40339,13,250305
33846,0.000468,74.125.130.0-255,2902,43241,13,250305
33847,0.000471,172.31.36.0-255,66,43307,13,250305
33848,0.000478,74.125.130.0-255,4320,47627,13,250305
33849,0.00048,172.31.36.0-255,66,47693,13,250305
33850,0.000484,74.125.130.0-255,2902,50595,13,250305
33851,0.000486,172.31.36.0-255,66,50661,13,250305
33852,0.000504,74.125.130.0-255,2902,53563,13,250305
33853,0.000507,172.31.36.0-255,66,53629,13,250305
33854,0.000523,74.125.130.0-255,2902,56531,13,250305
33855,0.000525,172.31.36.0-255,66,56597,13,250305
33856,0.000539,74.125.130.0-255,4320,60917,13,250305
33857,0.000542,172.31.36.0-255,66,60983,13,250305
33858,0.000581,74.125.130.0-255,5020,66003,13,250305
33859,0.000585,172.31.36.0-255,66,66069,13,250305
33860,0.000588,74.125.130.0-255,339,66408,13,250305
33861,0.000638,74.125.130.0-255,117,66525,13,250305
33862,0.001061,74.125.130.0-255,1484,68009,13,250305
33863,0.001066,74.125.130.0-255,2902,70911,13,250305
33864,0.001077,172.31.36.0-255,66,70977,13,250305
33865,0.001081,172.31.36.0-255,66,71043,13,250305
33866,0.001084,74.125.130.0-255,1484,72527,13,250305
33867,0.001099,74.125.130.0-255,2902,75429,13,250305
33868,0.001102,172.31.36.0-255,66,75495,13,250305
33869,0.001153,74.125.130.0-255,4320,79815,13,250305
33870,0.001156,172.31.36.0-255,66,79881,13,250305
33871,0.001176,74.125.130.0-255,1484,81365,13,250305
33872,0.001189,74.125.130.0-255,1484,82849,13,250305
33873,0.001192,172.31.36.0-255,66,82915,13,250305
33874,0.001213,74.125.130.0-255,4320,87235,13,250305
33875,0.001215,172.31.36.0-255,66,87301,13,250305
33876,0.00122,74.125.130.0-255,2902,90203,13,250305
33877,0.001222,172.31.36.0-255,66,90269,13,250305
33878,0.00124,74.125.130.0-255,5738,96007,13,250305
33879,0.001242,172.31.36.0-255,66,96073,13,250305
33880,0.001246,74.125.130.0-255,2902,98975,13,250305
33881,0.001248,172.31.36.0-255,66,99041,13,250305
33882,0.001286,74.125.130.0-255,2184,101225,13,250305
33883,0.001289,172.31.36.0-255,66,101291,13,250305
33884,0.001714,74.125.130.0-255,1484,102775,13,250305
33885,0.001722,74.125.130.0-255,2902,105677,13,250305
33886,0.001727,172.31.36.0-255,66,105743,13,250305
33887,0.001731,74.125.130.0-255,1484,107227,13,250305
33888,0.001749,74.125.130.0-255,4320,111547,13,250305
33889,0.001752,172.31.36.0-255,66,111613,13,250305
33890,0.001756,74.125.130.0-255,1484,113097,13,250305
33891,0.001774,74.125.130.0-255,5738,118835,13,250305
33892,0.001777,172.31.36.0-255,66,118901,13,250305
33893,0.001807,74.125.130.0-255,4320,123221,13,250305
33894,0.00181,172.31.36.0-255,66,123287,13,250305
33895,0.001833,74.125.130.0-255,9992,133279,13,250305
33896,0.001835,172.31.36.0-255,66,133345,13,250305
33897,0.001855,74.125.130.0-255,5738,139083,13,250305
33898,0.001858,172.31.36.0-255,66,139149,13,250305
33899,0.001874,74.125.130.0-255,6438,145587,13,250305
33900,0.001876,172.31.36.0-255,66,145653,13,250305
33901,0.001929,74.125.130.0-255,7156,152809,13,250305
33902,0.001932,172.31.36.0-255,66,152875,13,250305
33903,0.001952,74.125.130.0-255,5738,158613,13,250305
33904,0.001954,172.31.36.0-255,66,158679,13,250305
33905,0.00196,74.125.130.0-255,4320,162999,13,250305
33906,0.001962,172.31.36.0-255,66,163065,13,250305
33907,0.001969,74.125.130.0-255,6438,169503,13,250305
33908,0.001972,172.31.36.0-255,66,169569,13,250305
33909,0.002005,74.125.130.0-255,2902,172471,13,250305
33910,0.002009,172.31.36.0-255,66,172537,13,250305
33911,0.002013,74.125.130.0-255,2902,175439,13,250305
33912,0.002016,172.31.36.0-255,66,175505,13,250305
33913,0.002028,74.125.130.0-255,1484,176989,13,250305
33914,0.002042,74.125.130.0-255,2902,179891,13,250305
33915,0.002045,172.31.36.0-255,66,179957,13,250305
33916,0.002067,74.125.130.0-255,5738,185695,13,250305
33917,0.00207,172.31.36.0-255,66,185761,13,250305
33918,0.002075,74.125.130.0-255,4320,190081,13,250305
33919,0.002078,172.31.36.0-255,66,190147,13,250305
33920,0.002108,74.125.130.0-255,4320,194467,13,250305
33921,0.00211,172.31.36.0-255,66,194533,13,250305
33922,0.002137,74.125.130.0-255,9274,203807,13,250305
33923,0.00214,172.31.36.0-255,66,203873,13,250305
33924,0.004214,74.125.130.0-255,5738,209611,13,250305
33925,0.004224,172.31.36.0-255,66,209677,13,250305
33926,0.006296,74.125.130.0-255,5738,215415,13,250305
33927,0.006302,172.31.36.0-255,66,215481,13,250305
33928,0.008359,74.125.130.0-255,5738,221219,13,250305
33929,0.008363,172.31.36.0-255,66,221285,13,250305
33930,0.010439,74.125.130.0-255,5738,227023,13,250305
33931,0.01045,172.31.36.0-255,66,227089,13,250305
33932,0.012528,74.125.130.0-255,5738,232827,13,250305
33933,0.012537,172.31.36.0-255,66,232893,13,250305
33934,0.01462,74.125.130.0-255,5738,238631,13,250305
33935,0.014631,172.31.36.0-255,66,238697,13,250305
33936,0.016704,74.125.130.0-255,5738,244435,13,250305
33937,0.016711,172.31.36.0-255,66,244501,13,250305
33938,0.01879,74.125.130.0-255,5738,250239,13,250305
33939,0.018797,172.31.36.0-255,66,250305,13,250305
33940,0.0,74.125.24.0-255,146,146,13,328167
33941,2.4e-05,172.31.36.0-255,66,212,13,328167
33942,3.1e-05,74.125.24.0-255,1484,1696,13,328167
33943,3.5e-05,172.31.36.0-255,66,1762,13,328167
33944,4.1e-05,74.125.24.0-255,2902,4664,13,328167
33945,4.6e-05,172.31.36.0-255,66,4730,13,328167
33946,5.1e-05,74.125.24.0-255,2902,7632,13,328167
33947,5.4e-05,172.31.36.0-255,66,7698,13,328167
33948,5.9e-05,74.125.24.0-255,4320,12018,13,328167
33949,6.2e-05,172.31.36.0-255,66,12084,13,328167
33950,0.000105,74.125.24.0-255,7819,19903,13,328167
33951,0.000109,172.31.36.0-255,66,19969,13,328167
33952,0.000118,74.125.24.0-255,8574,28543,13,328167
33953,0.000121,172.31.36.0-255,66,28609,13,328167
33954,0.000125,74.125.24.0-255,2543,31152,13,328167
33955,0.000127,172.31.36.0-255,66,31218,13,328167
33956,0.000245,74.125.24.0-255,1484,32702,13,328167
33957,0.00025,172.31.36.0-255,66,32768,13,328167
33958,0.000256,74.125.24.0-255,1484,34252,13,328167
33959,0.000259,172.31.36.0-255,66,34318,13,328167
33960,0.000279,74.125.24.0-255,1484,35802,13,328167
33961,0.000282,172.31.36.0-255,66,35868,13,328167
33962,0.000288,74.125.24.0-255,5738,41606,13,328167
33963,0.000291,172.31.36.0-255,66,41672,13,328167
33964,0.000316,74.125.24.0-255,4320,45992,13,328167
33965,0.000319,172.31.36.0-255,66,46058,13,328167
33966,0.000341,74.125.24.0-255,9633,55691,13,328167
33967,0.000344,172.31.36.0-255,66,55757,13,328167
33968,0.000371,74.125.24.0-255,7156,62913,13,328167
33969,0.000374,172.31.36.0-255,66,62979,13,328167
33970,0.000392,74.125.24.0-255,2543,65522,13,328167
33971,0.000395,172.31.36.0-255,66,65588,13,328167
33972,0.000397,74.125.24.0-255,360,65948,13,328167
33973,0.000546,74.125.24.0-255,1484,67432,13,328167
33974,0.00056,172.31.36.0-255,66,67498,13,328167
33975,0.00057,74.125.24.0-255,2902,70400,13,328167
33976,0.000576,74.125.24.0-255,5738,76138,13,328167
33977,0.000582,172.31.36.0-255,66,76204,13,328167
33978,0.000591,74.125.24.0-255,1484,77688,13,328167
33979,0.000623,74.125.24.0-255,5738,83426,13,328167
33980,0.00064,172.31.36.0-255,66,83492,13,328167
33981,0.000647,74.125.24.0-255,4757,88249,13,328167
33982,0.000658,172.31.36.0-255,66,88315,13,328167
33983,0.000675,74.125.24.0-255,9992,98307,13,328167
33984,0.000703,74.125.24.0-255,9992,108299,13,328167
33985,0.000708,172.31.36.0-255,66,108365,13,328167
33986,0.000726,74.125.24.0-255,1484,109849,13,328167
33987,0.000745,172.31.36.0-255,66,109915,13,328167
33988,0.000903,74.125.24.0-255,1484,111399,13,328167
33989,0.000909,74.125.24.0-255,2902,114301,13,328167
33990,0.000915,172.31.36.0-255,66,114367,13,328167
33991,0.000936,74.125.24.0-255,5738,120105,13,328167
33992,0.000974,172.31.36.0-255,66,120171,13,328167
33993,0.001003,74.125.24.0-255,5738,125909,13,328167
33994,0.001021,74.125.24.0-255,4320,130229,13,328167
33995,0.001038,74.125.24.0-255,766,130995,13,328167
33996,0.001042,172.31.36.0-255,66,131061,13,328167
33997,0.001259,74.125.24.0-255,1484,132545,13,328167
33998,0.001266,172.31.36.0-255,66,132611,13,328167
33999,0.001295,74.125.24.0-255,2902,135513,13,328167
34000,0.001315,172.31.36.0-255,66,135579,13,328167
34001,0.001326,74.125.24.0-255,5738,141317,13,328167
34002,0.001336,172.31.36.0-255,66,141383,13,328167
34003,0.001343,74.125.24.0-255,5738,147121,13,328167
34004,0.001357,74.125.24.0-255,1484,148605,13,328167
34005,0.001373,172.31.36.0-255,66,148671,13,328167
34006,0.001397,172.31.36.0-255,66,148737,13,328167
34007,0.00143,74.125.24.0-255,2184,150921,13,328167
34008,0.001437,172.31.36.0-255,66,150987,13,328167
34009,0.001603,74.125.24.0-255,1484,152471,13,328167
34010,0.001617,74.125.24.0-255,2902,155373,13,328167
34011,0.001621,74.125.24.0-255,1484,156857,13,328167
34012,0.001636,74.125.24.0-255,1484,158341,13,328167
34013,0.001647,172.31.36.0-255,66,158407,13,328167
34014,0.001685,74.125.24.0-255,4320,162727,13,328167
34015,0.001692,172.31.36.0-255,66,162793,13,328167
34016,0.001704,74.125.24.0-255,5738,168531,13,328167
34017,0.001731,172.31.36.0-255,66,168597,13,328167
34018,0.001736,74.125.24.0-255,2902,171499,13,328167
34019,0.001742,172.31.36.0-255,66,171565,13,328167
34020,0.001755,74.125.24.0-255,7156,178721,13,328167
34021,0.001776,172.31.36.0-255,66,178787,13,328167
34022,0.001794,74.125.24.0-255,6438,185225,13,328167
34023,0.001814,172.31.36.0-255,66,185291,13,328167
34024,0.002045,74.125.24.0-255,1484,186775,13,328167
34025,0.002051,74.125.24.0-255,2902,189677,13,328167
34026,0.002054,172.31.36.0-255,66,189743,13,328167
34027,0.002061,74.125.24.0-255,5738,195481,13,328167
34028,0.002076,172.31.36.0-255,66,195547,13,328167
34029,0.002092,74.125.24.0-255,7156,202703,13,328167
34030,0.002134,74.125.24.0-255,5738,208441,13,328167
34031,0.002137,74.125.24.0-255,1484,209925,13,328167
34032,0.00214,172.31.36.0-255,66,209991,13,328167
34033,0.002161,74.125.24.0-255,9274,219265,13,328167
34034,0.002197,74.125.24.0-255,1484,220749,13,328167
34035,0.00221,74.125.24.0-255,2902,223651,13,328167
34036,0.00223,74.125.24.0-255,5738,229389,13,328167
34037,0.002235,74.125.24.0-255,4320,233709,13,328167
34038,0.002261,74.125.24.0-255,2902,236611,13,328167
34039,0.002284,74.125.24.0-255,8574,245185,13,328167
34040,0.002306,74.125.24.0-255,7856,253041,13,328167
34041,0.002315,74.125.24.0-255,7156,260197,13,328167
34042,0.002325,74.125.24.0-255,1484,261681,13,328167
34043,0.002347,74.125.24.0-255,5738,267419,13,328167
34044,0.002365,74.125.24.0-255,5738,273157,13,328167
34045,0.002399,74.125.24.0-255,4320,277477,13,328167
34046,0.002422,74.125.24.0-255,8574,286051,13,328167
34047,0.002424,74.125.24.0-255,766,286817,13,328167
34048,0.002427,74.125.24.0-255,1484,288301,13,328167
34049,0.002431,74.125.24.0-255,4320,292621,13,328167
34050,0.00244,74.125.24.0-255,9992,302613,13,328167
34051,0.002443,74.125.24.0-255,1484,304097,13,328167
34052,0.002461,74.125.24.0-255,2902,306999,13,328167
34053,0.002503,74.125.24.0-255,7156,314155,13,328167
34054,0.002526,74.125.24.0-255,7856,322011,13,328167
34055,0.002552,74.125.24.0-255,5748,327759,13,328167
34056,0.006408,172.31.36.0-255,66,327825,13,328167
34057,0.008913,74.125.24.0-255,105,327930,13,328167
34058,0.009733,172.31.36.0-255,66,327996,13,328167
34059,0.009779,172.31.36.0-255,105,328101,13,328167
34060,0.012283,74.125.24.0-255,66,328167,13,328167
34061,0.0,172.31.36.0-255,248,248,13,314
34062,0.005994,172.217.194.0-255,66,314,13,314
34063,0.0,74.125.200.0-255,295,295,13,337766
34064,1.8e-05,172.31.36.0-255,66,361,13,337766
34065,2.6e-05,74.125.200.0-255,1484,1845,13,337766
34066,3.1e-05,172.31.36.0-255,66,1911,13,337766
34067,7.7e-05,74.125.200.0-255,4320,6231,13,337766
34068,8.1e-05,172.31.36.0-255,66,6297,13,337766
34069,8.9e-05,74.125.200.0-255,7156,13453,13,337766
34070,9.2e-05,172.31.36.0-255,66,13519,13,337766
34071,0.00012,74.125.200.0-255,4320,17839,13,337766
34072,0.000123,172.31.36.0-255,66,17905,13,337766
34073,0.000152,74.125.200.0-255,3241,21146,13,337766
34074,0.000155,172.31.36.0-255,66,21212,13,337766
34075,0.000158,74.125.200.0-255,1484,22696,13,337766
34076,0.000161,172.31.36.0-255,66,22762,13,337766
34077,0.00019,74.125.200.0-255,2902,25664,13,337766
34078,0.000193,172.31.36.0-255,66,25730,13,337766
34079,0.000216,74.125.200.0-255,5379,31109,13,337766
34080,0.000219,172.31.36.0-255,66,31175,13,337766
34081,0.000289,74.125.200.0-255,1484,32659,13,337766
34082,0.000293,172.31.36.0-255,66,32725,13,337766
34083,0.000318,74.125.200.0-255,2902,35627,13,337766
34084,0.000322,172.31.36.0-255,66,35693,13,337766
34085,0.000328,74.125.200.0-255,5738,41431,13,337766
34086,0.00033,172.31.36.0-255,66,41497,13,337766
34087,0.000355,74.125.200.0-255,7156,48653,13,337766
34088,0.000358,172.31.36.0-255,66,48719,13,337766
34089,0.000387,74.125.200.0-255,7156,55875,13,337766
34090,0.00039,172.31.36.0-255,66,55941,13,337766
34091,0.000439,74.125.200.0-255,8574,64515,13,337766
34092,0.000442,172.31.36.0-255,66,64581,13,337766
34093,0.000445,74.125.200.0-255,766,65347,13,337766
34094,0.000447,172.31.36.0-255,66,65413,13,337766
34095,0.000471,74.125.200.0-255,679,66092,13,337766
34096,0.000577,74.125.200.0-255,1484,67576,13,337766
34097,0.000581,172.31.36.0-255,66,67642,13,337766
34098,0.000599,74.125.200.0-255,2902,70544,13,337766
34099,0.000601,172.31.36.0-255,66,70610,13,337766
34100,0.000629,74.125.200.0-255,5738,76348,13,337766
34101,0.000632,172.31.36.0-255,66,76414,13,337766
34102,0.000637,74.125.200.0-255,4320,80734,13,337766
34103,0.00064,172.31.36.0-255,66,80800,13,337766
34104,0.00067,74.125.200.0-255,2902,83702,13,337766
34105,0.000672,172.31.36.0-255,66,83768,13,337766
34106,0.0007,74.125.200.0-255,2902,86670,13,337766
34107,0.000703,172.31.36.0-255,66,86736,13,337766
34108,0.000706,74.125.200.0-255,1484,88220,13,337766
34109,0.000711,74.125.200.0-255,2902,91122,13,337766
34110,0.000713,172.31.36.0-255,66,91188,13,337766
34111,0.00072,74.125.200.0-255,5738,96926,13,337766
34112,0.000724,172.31.36.0-255,66,96992,13,337766
34113,0.000756,74.125.200.0-255,3602,100594,13,337766
34114,0.000759,172.31.36.0-255,66,100660,13,337766
34115,0.001003,74.125.200.0-255,1484,102144,13,337766
34116,0.001008,74.125.200.0-255,1484,103628,13,337766
34117,0.001011,172.31.36.0-255,66,103694,13,337766
34118,0.001033,74.125.200.0-255,1484,105178,13,337766
34119,0.001039,74.125.200.0-255,5738,110916,13,337766
34120,0.001042,172.31.36.0-255,66,110982,13,337766
34121,0.001047,74.125.200.0-255,2902,113884,13,337766
34122,0.001049,172.31.36.0-255,66,113950,13,337766
34123,0.001054,74.125.200.0-255,4320,118270,13,337766
34124,0.001056,172.31.36.0-255,66,118336,13,337766
34125,0.001071,74.125.200.0-255,2902,121238,13,337766
34126,0.001073,172.31.36.0-255,66,121304,13,337766
34127,0.001103,74.125.200.0-255,5738,127042,13,337766
34128,0.001106,172.31.36.0-255,66,127108,13,337766
34129,0.001111,74.125.200.0-255,2902,130010,13,337766
34130,0.001113,172.31.36.0-255,66,130076,13,337766
34131,0.001118,74.125.200.0-255,4320,134396,13,337766
34132,0.001121,172.31.36.0-255,66,134462,13,337766
34133,0.001143,74.125.200.0-255,766,135228,13,337766
34134,0.001197,74.125.200.0-255,1484,136712,13,337766
34135,0.001201,172.31.36.0-255,66,136778,13,337766
34136,0.001208,74.125.200.0-255,2902,139680,13,337766
34137,0.001211,172.31.36.0-255,66,139746,13,337766
34138,0.001278,74.125.200.0-255,5738,145484,13,337766
34139,0.001281,172.31.36.0-255,66,145550,13,337766
34140,0.001287,74.125.200.0-255,4320,149870,13,337766
34141,0.001289,172.31.36.0-255,66,149936,13,337766
34142,0.001295,74.125.200.0-255,5738,155674,13,337766
34143,0.001297,172.31.36.0-255,66,155740,13,337766
34144,0.00131,172.31.36.0-255,66,155806,13,337766
34145,0.001314,74.125.200.0-255,2184,157990,13,337766
34146,0.001317,172.31.36.0-255,66,158056,13,337766
34147,0.001344,74.125.200.0-255,2902,160958,13,337766
34148,0.001347,172.31.36.0-255,66,161024,13,337766
34149,0.001353,74.125.200.0-255,4320,165344,13,337766
34150,0.001355,172.31.36.0-255,66,165410,13,337766
34151,0.001384,74.125.200.0-255,2902,168312,13,337766
34152,0.001386,172.31.36.0-255,66,168378,13,337766
34153,0.001395,74.125.200.0-255,8574,176952,13,337766
34154,0.001398,172.31.36.0-255,66,177018,13,337766
34155,0.001403,74.125.200.0-255,4320,181338,13,337766
34156,0.001405,172.31.36.0-255,66,181404,13,337766
34157,0.001419,74.125.200.0-255,2902,184306,13,337766
34158,0.001423,172.31.36.0-255,66,184372,13,337766
34159,0.001431,74.125.200.0-255,7856,192228,13,337766
34160,0.001437,172.31.36.0-255,66,192294,13,337766
34161,0.001532,74.125.200.0-255,1484,193778,13,337766
34162,0.001551,74.125.200.0-255,2902,196680,13,337766
34163,0.001555,172.31.36.0-255,66,196746,13,337766
34164,0.001561,74.125.200.0-255,2902,199648,13,337766
34165,0.001563,172.31.36.0-255,66,199714,13,337766
34166,0.00159,74.125.200.0-255,1484,201198,13,337766
34167,0.001598,74.125.200.0-255,8574,209772,13,337766
34168,0.001603,74.125.200.0-255,4320,214092,13,337766
34169,0.001609,172.31.36.0-255,66,214158,13,337766
34170,0.001612,172.31.36.0-255,66,214224,13,337766
34171,0.001627,74.125.200.0-255,4320,218544,13,337766
34172,0.00163,172.31.36.0-255,66,218610,13,337766
34173,0.001667,74.125.200.0-255,7856,226466,13,337766
34174,0.00167,172.31.36.0-255,66,226532,13,337766
34175,0.001743,74.125.200.0-255,1484,228016,13,337766
34176,0.001748,74.125.200.0-255,1484,229500,13,337766
34177,0.00175,172.31.36.0-255,66,229566,13,337766
34178,0.00178,74.125.200.0-255,1484,231050,13,337766
34179,0.001787,74.125.200.0-255,5738,236788,13,337766
34180,0.001789,172.31.36.0-255,66,236854,13,337766
34181,0.001824,74.125.200.0-255,8574,245428,13,337766
34182,0.001827,172.31.36.0-255,66,245494,13,337766
34183,0.001836,74.125.200.0-255,9992,255486,13,337766
34184,0.001843,172.31.36.0-255,66,255552,13,337766
34185,0.001873,74.125.200.0-255,7856,263408,13,337766
34186,0.001876,172.31.36.0-255,66,263474,13,337766
34187,0.001885,74.125.200.0-255,8574,272048,13,337766
34188,0.001887,172.31.36.0-255,66,272114,13,337766
34189,0.001917,74.125.200.0-255,8574,280688,13,337766
34190,0.00192,172.31.36.0-255,66,280754,13,337766
34191,0.001962,74.125.200.0-255,8574,289328,13,337766
34192,0.001966,172.31.36.0-255,66,289394,13,337766
34193,0.001991,74.125.200.0-255,1484,290878,13,337766
34194,0.001997,74.125.200.0-255,3602,294480,13,337766
34195,0.002001,172.31.36.0-255,66,294546,13,337766
34196,0.002006,74.125.200.0-255,4320,298866,13,337766
34197,0.002009,172.31.36.0-255,66,298932,13,337766
34198,0.002012,74.125.200.0-255,1484,300416,13,337766
34199,0.002039,74.125.200.0-255,2902,303318,13,337766
34200,0.002042,172.31.36.0-255,66,303384,13,337766
34201,0.002048,74.125.200.0-255,5738,309122,13,337766
34202,0.002051,172.31.36.0-255,66,309188,13,337766
34203,0.002092,172.31.36.0-255,66,309254,13,337766
34204,0.002165,172.31.36.0-255,66,309320,13,337766
34205,0.002171,74.125.200.0-255,4320,313640,13,337766
34206,0.002174,172.31.36.0-255,66,313706,13,337766
34207,0.002186,172.31.36.0-255,66,313772,13,337766
34208,0.002221,74.125.200.0-255,7156,320928,13,337766
34209,0.002225,172.31.36.0-255,66,320994,13,337766
34210,0.002232,74.125.200.0-255,6438,327432,13,337766
34211,0.002235,172.31.36.0-255,66,327498,13,337766
34212,0.002244,74.125.200.0-255,9338,336836,13,337766
34213,0.002246,172.31.36.0-255,66,336902,13,337766
34214,0.004473,74.125.200.0-255,168,337070,13,337766
34215,0.011381,172.31.36.0-255,105,337175,13,337766
34216,0.011429,172.31.36.0-255,105,337280,13,337766
34217,0.011711,172.31.36.0-255,90,337370,13,337766
34218,0.011721,172.31.36.0-255,66,337436,13,337766
34219,0.013625,74.125.200.0-255,66,337502,13,337766
34220,0.013654,74.125.200.0-255,66,337568,13,337766
34221,0.013942,74.125.200.0-255,66,337634,13,337766
34222,0.013969,74.125.200.0-255,66,337700,13,337766
34223,0.013977,172.31.36.0-255,66,337766,13,337766
34224,0.0,74.125.24.0-255,152,152,13,152010
34225,2.3e-05,172.31.36.0-255,66,218,13,152010
34226,3e-05,74.125.24.0-255,1484,1702,13,152010
34227,3.4e-05,172.31.36.0-255,66,1768,13,152010
34228,4e-05,74.125.24.0-255,2902,4670,13,152010
34229,4.3e-05,172.31.36.0-255,66,4736,13,152010
34230,5.1e-05,74.125.24.0-255,7156,11892,13,152010
34231,5.5e-05,172.31.36.0-255,66,11958,13,152010
34232,5.9e-05,74.125.24.0-255,2002,13960,13,152010
34233,6.2e-05,172.31.36.0-255,66,14026,13,152010
34234,0.000243,74.125.24.0-255,1484,15510,13,152010
34235,0.000249,172.31.36.0-255,66,15576,13,152010
34236,0.000255,74.125.24.0-255,2902,18478,13,152010
34237,0.000258,172.31.36.0-255,66,18544,13,152010
34238,0.000264,74.125.24.0-255,5738,24282,13,152010
34239,0.000266,172.31.36.0-255,66,24348,13,152010
34240,0.000282,74.125.24.0-255,2902,27250,13,152010
34241,0.000285,172.31.36.0-255,66,27316,13,152010
34242,0.000299,74.125.24.0-255,3961,31277,13,152010
34243,0.000302,172.31.36.0-255,66,31343,13,152010
34244,0.000348,74.125.24.0-255,1484,32827,13,152010
34245,0.00035,172.31.36.0-255,66,32893,13,152010
34246,0.000355,74.125.24.0-255,2902,35795,13,152010
34247,0.000357,172.31.36.0-255,66,35861,13,152010
34248,0.000362,74.125.24.0-255,2902,38763,13,152010
34249,0.000364,172.31.36.0-255,66,38829,13,152010
34250,0.000384,74.125.24.0-255,2902,41731,13,152010
34251,0.000386,172.31.36.0-255,66,41797,13,152010
34252,0.000392,74.125.24.0-255,4320,46117,13,152010
34253,0.000394,172.31.36.0-255,66,46183,13,152010
34254,0.00043,74.125.24.0-255,2543,48726,13,152010
34255,0.000433,172.31.36.0-255,66,48792,13,152010
34256,0.001285,74.125.24.0-255,1484,50276,13,152010
34257,0.001296,74.125.24.0-255,2902,53178,13,152010
34258,0.001301,172.31.36.0-255,66,53244,13,152010
34259,0.001309,74.125.24.0-255,5738,58982,13,152010
34260,0.001312,172.31.36.0-255,66,59048,13,152010
34261,0.001351,74.125.24.0-255,2902,61950,13,152010
34262,0.001354,172.31.36.0-255,66,62016,13,152010
34263,0.001374,74.125.24.0-255,3961,65977,13,152010
34264,0.001377,172.31.36.0-255,66,66043,13,152010
34265,0.001394,74.125.24.0-255,1484,67527,13,152010
34266,0.001397,74.125.24.0-255,1484,69011,13,152010
34267,0.001399,172.31.36.0-255,66,69077,13,152010
34268,0.001412,74.125.24.0-255,1484,70561,13,152010
34269,0.001419,74.125.24.0-255,5738,76299,13,152010
34270,0.001421,172.31.36.0-255,66,76365,13,152010
34271,0.00146,74.125.24.0-255,7378,83743,13,152010
34272,0.001463,172.31.36.0-255,66,83809,13,152010
34273,0.001631,74.125.24.0-255,1484,85293,13,152010
34274,0.001637,74.125.24.0-255,1484,86777,13,152010
34275,0.00164,172.31.36.0-255,66,86843,13,152010
34276,0.00166,74.125.24.0-255,1484,88327,13,152010
34277,0.001666,74.125.24.0-255,5738,94065,13,152010
34278,0.001668,172.31.36.0-255,66,94131,13,152010
34279,0.001696,74.125.24.0-255,2902,97033,13,152010
34280,0.001698,172.31.36.0-255,66,97099,13,152010
34281,0.001711,74.125.24.0-255,3961,101060,13,152010
34282,0.001714,172.31.36.0-255,66,101126,13,152010
34283,0.003693,74.125.24.0-255,4320,105446,13,152010
34284,0.003698,172.31.36.0-255,66,105512,13,152010
34285,0.003718,74.125.24.0-255,1484,106996,13,152010
34286,0.005686,74.125.24.0-255,4320,111316,13,152010
34287,0.005692,172.31.36.0-255,66,111382,13,152010
34288,0.007696,74.125.24.0-255,5738,117120,13,152010
34289,0.007703,172.31.36.0-255,66,117186,13,152010
34290,0.009758,74.125.24.0-255,5738,122924,13,152010
34291,0.009768,172.31.36.0-255,66,122990,13,152010
34292,0.011797,74.125.24.0-255,5738,128728,13,152010
34293,0.011805,172.31.36.0-255,66,128794,13,152010
34294,0.013836,74.125.24.0-255,5738,134532,13,152010
34295,0.013846,172.31.36.0-255,66,134598,13,152010
34296,0.01585,74.125.24.0-255,5738,140336,13,152010
34297,0.015859,172.31.36.0-255,66,140402,13,152010
34298,0.017872,74.125.24.0-255,5738,146140,13,152010
34299,0.017879,172.31.36.0-255,66,146206,13,152010
34300,0.019967,74.125.24.0-255,5738,151944,13,152010
34301,0.019977,172.31.36.0-255,66,152010,13,152010
34302,0.0,74.125.24.0-255,153,153,13,226312
34303,2.7e-05,172.31.36.0-255,66,219,13,226312
34304,3.4e-05,74.125.24.0-255,1484,1703,13,226312
34305,3.8e-05,172.31.36.0-255,66,1769,13,226312
34306,4.3e-05,74.125.24.0-255,2902,4671,13,226312
34307,5.3e-05,172.31.36.0-255,66,4737,13,226312
34308,6.1e-05,74.125.24.0-255,7156,11893,13,226312
34309,6.3e-05,172.31.36.0-255,66,11959,13,226312
34310,9.8e-05,74.125.24.0-255,4912,16871,13,226312
34311,0.000102,172.31.36.0-255,66,16937,13,226312
34312,0.000114,74.125.24.0-255,5738,22675,13,226312
34313,0.000116,172.31.36.0-255,66,22741,13,226312
34314,0.000162,74.125.24.0-255,8215,30956,13,226312
34315,0.000167,172.31.36.0-255,66,31022,13,226312
34316,0.00028,74.125.24.0-255,1484,32506,13,226312
34317,0.000285,172.31.36.0-255,66,32572,13,226312
34318,0.000291,74.125.24.0-255,2902,35474,13,226312
34319,0.000293,172.31.36.0-255,66,35540,13,226312
34320,0.000299,74.125.24.0-255,5738,41278,13,226312
34321,0.000309,172.31.36.0-255,66,41344,13,226312
34322,0.000338,74.125.24.0-255,5738,47082,13,226312
34323,0.000342,172.31.36.0-255,66,47148,13,226312
34324,0.000368,74.125.24.0-255,2543,49691,13,226312
34325,0.000377,172.31.36.0-255,66,49757,13,226312
34326,0.000385,74.125.24.0-255,8574,58331,13,226312
34327,0.000389,172.31.36.0-255,66,58397,13,226312
34328,0.000396,74.125.24.0-255,7073,65470,13,226312
34329,0.000399,74.125.24.0-255,128,65598,13,226312
34330,0.000401,172.31.36.0-255,66,65664,13,226312
34331,0.000405,172.31.36.0-255,66,65730,13,226312
34332,0.000433,74.125.24.0-255,348,66078,13,226312
34333,0.000437,172.31.36.0-255,66,66144,13,226312
34334,0.000803,74.125.24.0-255,1484,67628,13,226312
34335,0.00081,74.125.24.0-255,2902,70530,13,226312
34336,0.000814,172.31.36.0-255,66,70596,13,226312
34337,0.000822,74.125.24.0-255,5738,76334,13,226312
34338,0.000824,172.31.36.0-255,66,76400,13,226312
34339,0.000851,74.125.24.0-255,5738,82138,13,226312
34340,0.000854,172.31.36.0-255,66,82204,13,226312
34341,0.000888,74.125.24.0-255,7156,89360,13,226312
34342,0.00089,172.31.36.0-255,66,89426,13,226312
34343,0.000896,74.125.24.0-255,4320,93746,13,226312
34344,0.000898,172.31.36.0-255,66,93812,13,226312
34345,0.000926,74.125.24.0-255,6438,100250,13,226312
34346,0.000928,172.31.36.0-255,66,100316,13,226312
34347,0.001406,74.125.24.0-255,1484,101800,13,226312
34348,0.001432,74.125.24.0-255,2902,104702,13,226312
34349,0.001436,172.31.36.0-255,66,104768,13,226312
34350,0.001444,74.125.24.0-255,5738,110506,13,226312
34351,0.001446,172.31.36.0-255,66,110572,13,226312
34352,0.001519,172.31.36.0-255,66,110638,13,226312
34353,0.001529,74.125.24.0-255,10692,121330,13,226312
34354,0.001535,172.31.36.0-255,66,121396,13,226312
34355,0.001744,74.125.24.0-255,1484,122880,13,226312
34356,0.001751,74.125.24.0-255,2902,125782,13,226312
34357,0.001754,172.31.36.0-255,66,125848,13,226312
34358,0.001762,74.125.24.0-255,5738,131586,13,226312
34359,0.001764,172.31.36.0-255,66,131652,13,226312
34360,0.001807,172.31.36.0-255,66,131718,13,226312
34361,0.00185,74.125.24.0-255,7156,138874,13,226312
34362,0.001853,172.31.36.0-255,66,138940,13,226312
34363,0.00188,74.125.24.0-255,3602,142542,13,226312
34364,0.001885,172.31.36.0-255,66,142608,13,226312
34365,0.001904,74.125.24.0-255,2902,145510,13,226312
34366,0.001906,172.31.36.0-255,66,145576,13,226312
34367,0.001913,74.125.24.0-255,4320,149896,13,226312
34368,0.001915,172.31.36.0-255,66,149962,13,226312
34369,0.001924,74.125.24.0-255,8574,158536,13,226312
34370,0.001926,172.31.36.0-255,66,158602,13,226312
34371,0.001956,74.125.24.0-255,5738,164340,13,226312
34372,0.001959,172.31.36.0-255,66,164406,13,226312
34373,0.002003,172.31.36.0-255,66,164472,13,226312
34374,0.002038,74.125.24.0-255,1484,165956,13,226312
34375,0.002043,74.125.24.0-255,2902,168858,13,226312
34376,0.002046,172.31.36.0-255,66,168924,13,226312
34377,0.002073,74.125.24.0-255,2902,171826,13,226312
34378,0.002075,172.31.36.0-255,66,171892,13,226312
34379,0.002103,74.125.24.0-255,2902,174794,13,226312
34380,0.002106,172.31.36.0-255,66,174860,13,226312
34381,0.00212,172.31.36.0-255,66,174926,13,226312
34382,0.002134,74.125.24.0-255,10692,185618,13,226312
34383,0.002136,172.31.36.0-255,66,185684,13,226312
34384,0.004473,74.125.24.0-255,5738,191422,13,226312
34385,0.004487,172.31.36.0-255,66,191488,13,226312
34386,0.006818,74.125.24.0-255,5738,197226,13,226312
34387,0.006825,172.31.36.0-255,66,197292,13,226312
34388,0.009178,74.125.24.0-255,5738,203030,13,226312
34389,0.009189,172.31.36.0-255,66,203096,13,226312
34390,0.011526,74.125.24.0-255,5738,208834,13,226312
34391,0.011542,172.31.36.0-255,66,208900,13,226312
34392,0.013874,74.125.24.0-255,5738,214638,13,226312
34393,0.01389,172.31.36.0-255,66,214704,13,226312
34394,0.016238,74.125.24.0-255,5738,220442,13,226312
34395,0.016256,172.31.36.0-255,66,220508,13,226312
34396,0.018651,74.125.24.0-255,5738,226246,13,226312
34397,0.018667,172.31.36.0-255,66,226312,13,226312
34398,0.0,74.125.24.0-255,153,153,13,260162
34399,2.8e-05,172.31.36.0-255,66,219,13,260162
34400,3.5e-05,74.125.24.0-255,1484,1703,13,260162
34401,3.8e-05,172.31.36.0-255,66,1769,13,260162
34402,4.4e-05,74.125.24.0-255,2902,4671,13,260162
34403,5.5e-05,172.31.36.0-255,66,4737,13,260162
34404,7.5e-05,74.125.24.0-255,7156,11893,13,260162
34405,7.9e-05,172.31.36.0-255,66,11959,13,260162
34406,9.7e-05,172.31.36.0-255,66,12025,13,260162
34407,0.000117,74.125.24.0-255,3961,15986,13,260162
34408,0.000124,172.31.36.0-255,66,16052,13,260162
34409,0.000176,74.125.24.0-255,1484,17536,13,260162
34410,0.000181,172.31.36.0-255,66,17602,13,260162
34411,0.000187,74.125.24.0-255,2902,20504,13,260162
34412,0.00019,172.31.36.0-255,66,20570,13,260162
34413,0.000201,74.125.24.0-255,5738,26308,13,260162
34414,0.000204,172.31.36.0-255,66,26374,13,260162
34415,0.000225,74.125.24.0-255,4320,30694,13,260162
34416,0.000228,172.31.36.0-255,66,30760,13,260162
34417,0.000255,74.125.24.0-255,8574,39334,13,260162
34418,0.000258,172.31.36.0-255,66,39400,13,260162
34419,0.000267,74.125.24.0-255,9992,49392,13,260162
34420,0.00027,172.31.36.0-255,66,49458,13,260162
34421,0.000273,74.125.24.0-255,1097,50555,13,260162
34422,0.000275,172.31.36.0-255,66,50621,13,260162
34423,0.000303,74.125.24.0-255,112,50733,13,260162
34424,0.000309,172.31.36.0-255,66,50799,13,260162
34425,0.000474,74.125.24.0-255,1484,52283,13,260162
34426,0.000478,172.31.36.0-255,66,52349,13,260162
34427,0.000483,74.125.24.0-255,2902,55251,13,260162
34428,0.000486,172.31.36.0-255,66,55317,13,260162
34429,0.000498,74.125.24.0-255,5738,61055,13,260162
34430,0.000501,172.31.36.0-255,66,61121,13,260162
34431,0.000535,172.31.36.0-255,66,61187,13,260162
34432,0.000542,74.125.24.0-255,5738,66925,13,260162
34433,0.000545,172.31.36.0-255,66,66991,13,260162
34434,0.000573,74.125.24.0-255,4320,71311,13,260162
34435,0.000577,172.31.36.0-255,66,71377,13,260162
34436,0.000581,74.125.24.0-255,766,72143,13,260162
34437,0.000609,74.125.24.0-255,1484,73627,13,260162
34438,0.000612,172.31.36.0-255,66,73693,13,260162
34439,0.000618,74.125.24.0-255,4320,78013,13,260162
34440,0.00062,172.31.36.0-255,66,78079,13,260162
34441,0.00063,74.125.24.0-255,9992,88071,13,260162
34442,0.000633,172.31.36.0-255,66,88137,13,260162
34443,0.000642,74.125.24.0-255,8574,96711,13,260162
34444,0.000645,172.31.36.0-255,66,96777,13,260162
34445,0.000682,74.125.24.0-255,2902,99679,13,260162
34446,0.000685,172.31.36.0-255,66,99745,13,260162
34447,0.000719,74.125.24.0-255,6438,106183,13,260162
34448,0.000722,172.31.36.0-255,66,106249,13,260162
34449,0.000731,74.125.24.0-255,9992,116241,13,260162
34450,0.000733,172.31.36.0-255,66,116307,13,260162
34451,0.000749,172.31.36.0-255,66,116373,13,260162
34452,0.000793,74.125.24.0-255,2902,119275,13,260162
34453,0.000796,172.31.36.0-255,66,119341,13,260162
34454,0.000829,74.125.24.0-255,6438,125779,13,260162
34455,0.000833,172.31.36.0-255,66,125845,13,260162
34456,0.000953,74.125.24.0-255,1484,127329,13,260162
34457,0.000966,74.125.24.0-255,2902,130231,13,260162
34458,0.00097,172.31.36.0-255,66,130297,13,260162
34459,0.000977,74.125.24.0-255,5738,136035,13,260162
34460,0.000979,172.31.36.0-255,66,136101,13,260162
34461,0.000982,74.125.24.0-255,1484,137585,13,260162
34462,0.00101,74.125.24.0-255,2902,140487,13,260162
34463,0.001014,172.31.36.0-255,66,140553,13,260162
34464,0.001027,172.31.36.0-255,66,140619,13,260162
34465,0.001052,74.125.24.0-255,5738,146357,13,260162
34466,0.001056,172.31.36.0-255,66,146423,13,260162
34467,0.001076,74.125.24.0-255,2184,148607,13,260162
34468,0.00108,172.31.36.0-255,66,148673,13,260162
34469,0.001124,74.125.24.0-255,1484,150157,13,260162
34470,0.001128,74.125.24.0-255,1484,151641,13,260162
34471,0.001131,172.31.36.0-255,66,151707,13,260162
34472,0.001154,74.125.24.0-255,1484,153191,13,260162
34473,0.001161,74.125.24.0-255,5738,158929,13,260162
34474,0.001164,172.31.36.0-255,66,158995,13,260162
34475,0.001167,74.125.24.0-255,1484,160479,13,260162
34476,0.001197,74.125.24.0-255,8574,169053,13,260162
34477,0.0012,172.31.36.0-255,66,169119,13,260162
34478,0.001238,74.125.24.0-255,5738,174857,13,260162
34479,0.001242,172.31.36.0-255,66,174923,13,260162
34480,0.001274,74.125.24.0-255,4320,179243,13,260162
34481,0.001277,172.31.36.0-255,66,179309,13,260162
34482,0.001283,74.125.24.0-255,3602,182911,13,260162
34483,0.001286,172.31.36.0-255,66,182977,13,260162
34484,0.00136,74.125.24.0-255,1484,184461,13,260162
34485,0.001365,74.125.24.0-255,2902,187363,13,260162
34486,0.001368,172.31.36.0-255,66,187429,13,260162
34487,0.001395,74.125.24.0-255,5738,193167,13,260162
34488,0.001399,172.31.36.0-255,66,193233,13,260162
34489,0.001421,74.125.24.0-255,9992,203225,13,260162
34490,0.001425,172.31.36.0-255,66,203291,13,260162
34491,0.001438,74.125.24.0-255,2902,206193,13,260162
34492,0.001445,172.31.36.0-255,66,206259,13,260162
34493,0.00146,172.31.36.0-255,66,206325,13,260162
34494,0.001473,172.31.36.0-255,66,206391,13,260162
34495,0.001537,172.31.36.0-255,66,206457,13,260162
34496,0.001557,74.125.24.0-255,2184,208641,13,260162
34497,0.00156,172.31.36.0-255,66,208707,13,260162
34498,0.001879,74.125.24.0-255,1484,210191,13,260162
34499,0.001884,74.125.24.0-255,1484,211675,13,260162
34500,0.001887,172.31.36.0-255,66,211741,13,260162
34501,0.001897,74.125.24.0-255,1484,213225,13,260162
34502,0.001912,74.125.24.0-255,5738,218963,13,260162
34503,0.001915,172.31.36.0-255,66,219029,13,260162
34504,0.001944,74.125.24.0-255,9992,229021,13,260162
34505,0.001948,172.31.36.0-255,66,229087,13,260162
34506,0.001984,172.31.36.0-255,66,229153,13,260162
34507,0.002023,74.125.24.0-255,6438,235591,13,260162
34508,0.002026,172.31.36.0-255,66,235657,13,260162
34509,0.002034,74.125.24.0-255,7156,242813,13,260162
34510,0.002036,172.31.36.0-255,66,242879,13,260162
34511,0.002066,74.125.24.0-255,4320,247199,13,260162
34512,0.002069,172.31.36.0-255,66,247265,13,260162
34513,0.002102,74.125.24.0-255,9992,257257,13,260162
34514,0.002106,172.31.36.0-255,66,257323,13,260162
34515,0.002147,172.31.36.0-255,66,257389,13,260162
34516,0.002174,74.125.24.0-255,2365,259754,13,260162
34517,0.002178,172.31.36.0-255,66,259820,13,260162
34518,0.002205,74.125.24.0-255,105,259925,13,260162
34519,0.003225,172.31.36.0-255,66,259991,13,260162
34520,0.003251,172.31.36.0-255,105,260096,13,260162
34521,0.00552,74.125.24.0-255,66,260162,13,260162
34522,0.0,74.125.24.0-255,153,153,13,282673
34523,2.3e-05,172.31.36.0-255,66,219,13,282673
34524,3.1e-05,74.125.24.0-255,1484,1703,13,282673
34525,3.5e-05,172.31.36.0-255,66,1769,13,282673
34526,4.9e-05,74.125.24.0-255,2902,4671,13,282673
34527,5.3e-05,172.31.36.0-255,66,4737,13,282673
34528,6.2e-05,74.125.24.0-255,7156,11893,13,282673
34529,6.4e-05,172.31.36.0-255,66,11959,13,282673
34530,7.1e-05,74.125.24.0-255,5738,17697,13,282673
34531,7.4e-05,172.31.36.0-255,66,17763,13,282673
34532,0.000104,74.125.24.0-255,9158,26921,13,282673
34533,0.000113,172.31.36.0-255,66,26987,13,282673
34534,0.000118,74.125.24.0-255,3961,30948,13,282673
34535,0.000121,172.31.36.0-255,66,31014,13,282673
34536,0.000253,74.125.24.0-255,1484,32498,13,282673
34537,0.000258,172.31.36.0-255,66,32564,13,282673
34538,0.000265,74.125.24.0-255,2902,35466,13,282673
34539,0.000267,172.31.36.0-255,66,35532,13,282673
34540,0.000273,74.125.24.0-255,4320,39852,13,282673
34541,0.000281,172.31.36.0-255,66,39918,13,282673
34542,0.000313,74.125.24.0-255,1484,41402,13,282673
34543,0.000316,172.31.36.0-255,66,41468,13,282673
34544,0.000331,172.31.36.0-255,66,41534,13,282673
34545,0.000342,74.125.24.0-255,10692,52226,13,282673
34546,0.000344,172.31.36.0-255,66,52292,13,282673
34547,0.000346,74.125.24.0-255,446,52738,13,282673
34548,0.000349,172.31.36.0-255,66,52804,13,282673
34549,0.000489,74.125.24.0-255,1484,54288,13,282673
34550,0.000494,172.31.36.0-255,66,54354,13,282673
34551,0.0005,74.125.24.0-255,2902,57256,13,282673
34552,0.000502,172.31.36.0-255,66,57322,13,282673
34553,0.000549,74.125.24.0-255,5738,63060,13,282673
34554,0.000553,172.31.36.0-255,66,63126,13,282673
34555,0.00056,74.125.24.0-255,7156,70282,13,282673
34556,0.000563,172.31.36.0-255,66,70348,13,282673
34557,0.000577,172.31.36.0-255,66,70414,13,282673
34558,0.000581,74.125.24.0-255,2184,72598,13,282673
34559,0.000583,172.31.36.0-255,66,72664,13,282673
34560,0.000635,74.125.24.0-255,330,72994,13,282673
34561,0.001055,74.125.24.0-255,1484,74478,13,282673
34562,0.00106,172.31.36.0-255,66,74544,13,282673
34563,0.001067,74.125.24.0-255,2902,77446,13,282673
34564,0.001069,172.31.36.0-255,66,77512,13,282673
34565,0.001081,74.125.24.0-255,5738,83250,13,282673
34566,0.001084,172.31.36.0-255,66,83316,13,282673
34567,0.001122,172.31.36.0-255,66,83382,13,282673
34568,0.001131,74.125.24.0-255,7156,90538,13,282673
34569,0.001132,172.31.36.0-255,66,90604,13,282673
34570,0.001159,74.125.24.0-255,3602,94206,13,282673
34571,0.001161,172.31.36.0-255,66,94272,13,282673
34572,0.001243,74.125.24.0-255,1484,95756,13,282673
34573,0.001248,74.125.24.0-255,2902,98658,13,282673
34574,0.001251,172.31.36.0-255,66,98724,13,282673
34575,0.001255,74.125.24.0-255,1484,100208,13,282673
34576,0.001271,74.125.24.0-255,4320,104528,13,282673
34577,0.001273,172.31.36.0-255,66,104594,13,282673
34578,0.001311,74.125.24.0-255,8574,113168,13,282673
34579,0.001314,172.31.36.0-255,66,113234,13,282673
34580,0.001346,74.125.24.0-255,8574,121808,13,282673
34581,0.001349,172.31.36.0-255,66,121874,13,282673
34582,0.001378,74.125.24.0-255,6438,128312,13,282673
34583,0.001381,172.31.36.0-255,66,128378,13,282673
34584,0.001389,74.125.24.0-255,8574,136952,13,282673
34585,0.001391,172.31.36.0-255,66,137018,13,282673
34586,0.001417,74.125.24.0-255,2902,139920,13,282673
34587,0.001421,172.31.36.0-255,66,139986,13,282673
34588,0.001434,172.31.36.0-255,66,140052,13,282673
34589,0.00144,74.125.24.0-255,4320,144372,13,282673
34590,0.001442,172.31.36.0-255,66,144438,13,282673
34591,0.001475,74.125.24.0-255,5020,149458,13,282673
34592,0.001484,74.125.24.0-255,9992,159450,13,282673
34593,0.001491,74.125.24.0-255,7156,166606,13,282673
34594,0.001496,172.31.36.0-255,66,166672,13,282673
34595,0.0015,172.31.36.0-255,66,166738,13,282673
34596,0.001507,172.31.36.0-255,66,166804,13,282673
34597,0.001513,74.125.24.0-255,1484,168288,13,282673
34598,0.001539,74.125.24.0-255,2902,171190,13,282673
34599,0.001542,172.31.36.0-255,66,171256,13,282673
34600,0.001583,172.31.36.0-255,66,171322,13,282673
34601,0.001645,74.125.24.0-255,1484,172806,13,282673
34602,0.001659,74.125.24.0-255,2902,175708,13,282673
34603,0.001662,172.31.36.0-255,66,175774,13,282673
34604,0.001669,74.125.24.0-255,5738,181512,13,282673
34605,0.001671,172.31.36.0-255,66,181578,13,282673
34606,0.001707,172.31.36.0-255,66,181644,13,282673
34607,0.001733,74.125.24.0-255,1484,183128,13,282673
34608,0.001753,74.125.24.0-255,9274,192402,13,282673
34609,0.001759,74.125.24.0-255,5738,198140,13,282673
34610,0.001763,172.31.36.0-255,66,198206,13,282673
34611,0.001767,172.31.36.0-255,66,198272,13,282673
34612,0.001783,74.125.24.0-255,5738,204010,13,282673
34613,0.001786,172.31.36.0-255,66,204076,13,282673
34614,0.001859,172.31.36.0-255,66,204142,13,282673
34615,0.001862,74.125.24.0-255,766,204908,13,282673
34616,0.001865,74.125.24.0-255,1484,206392,13,282673
34617,0.001867,172.31.36.0-255,66,206458,13,282673
34618,0.001873,74.125.24.0-255,4320,210778,13,282673
34619,0.001875,172.31.36.0-255,66,210844,13,282673
34620,0.001911,74.125.24.0-255,9992,220836,13,282673
34621,0.001914,172.31.36.0-255,66,220902,13,282673
34622,0.00192,74.125.24.0-255,5738,226640,13,282673
34623,0.001922,172.31.36.0-255,66,226706,13,282673
34624,0.001959,74.125.24.0-255,5738,232444,13,282673
34625,0.001962,172.31.36.0-255,66,232510,13,282673
34626,0.001969,74.125.24.0-255,6438,238948,13,282673
34627,0.001972,172.31.36.0-255,66,239014,13,282673
34628,0.003952,74.125.24.0-255,5738,244752,13,282673
34629,0.003958,172.31.36.0-255,66,244818,13,282673
34630,0.005975,74.125.24.0-255,5738,250556,13,282673
34631,0.005982,172.31.36.0-255,66,250622,13,282673
34632,0.007978,74.125.24.0-255,5738,256360,13,282673
34633,0.007985,172.31.36.0-255,66,256426,13,282673
34634,0.009993,74.125.24.0-255,5738,262164,13,282673
34635,0.01,172.31.36.0-255,66,262230,13,282673
34636,0.012019,74.125.24.0-255,5738,267968,13,282673
34637,0.012027,172.31.36.0-255,66,268034,13,282673
34638,0.014026,74.125.24.0-255,5738,273772,13,282673
34639,0.014034,172.31.36.0-255,66,273838,13,282673
34640,0.016022,74.125.24.0-255,5738,279576,13,282673
34641,0.016029,172.31.36.0-255,66,279642,13,282673
34642,0.018038,74.125.24.0-255,2860,282502,13,282673
34643,0.018047,172.31.36.0-255,66,282568,13,282673
34644,0.019771,172.31.36.0-255,105,282673,13,282673
34645,0.0,172.217.194.0-255,153,153,13,120905
34646,2.3e-05,172.31.36.0-255,66,219,13,120905
34647,3.1e-05,172.217.194.0-255,1484,1703,13,120905
34648,3.6e-05,172.31.36.0-255,66,1769,13,120905
34649,4.2e-05,172.217.194.0-255,2902,4671,13,120905
34650,5.4e-05,172.31.36.0-255,66,4737,13,120905
34651,6.3e-05,172.217.194.0-255,7156,11893,13,120905
34652,6.5e-05,172.31.36.0-255,66,11959,13,120905
34653,7.4e-05,172.217.194.0-255,7704,19663,13,120905
34654,7.7e-05,172.31.36.0-255,66,19729,13,120905
34655,0.000123,172.31.36.0-255,66,19795,13,120905
34656,0.000138,172.31.36.0-255,66,19861,13,120905
34657,0.000142,172.217.194.0-255,2543,22404,13,120905
34658,0.000145,172.31.36.0-255,66,22470,13,120905
34659,0.000176,172.217.194.0-255,2902,25372,13,120905
34660,0.000178,172.31.36.0-255,66,25438,13,120905
34661,0.000185,172.217.194.0-255,7156,32594,13,120905
34662,0.000188,172.31.36.0-255,66,32660,13,120905
34663,0.00022,172.217.194.0-255,6797,39457,13,120905
34664,0.000223,172.31.36.0-255,66,39523,13,120905
34665,0.000361,172.217.194.0-255,646,40169,13,120905
34666,0.000366,172.31.36.0-255,66,40235,13,120905
34667,0.00099,172.217.194.0-255,1484,41719,13,120905
34668,0.000995,172.31.36.0-255,66,41785,13,120905
34669,0.00102,172.217.194.0-255,2902,44687,13,120905
34670,0.001022,172.31.36.0-255,66,44753,13,120905
34671,0.001029,172.217.194.0-255,5738,50491,13,120905
34672,0.001031,172.31.36.0-255,66,50557,13,120905
34673,0.001039,172.217.194.0-255,7156,57713,13,120905
34674,0.001041,172.31.36.0-255,66,57779,13,120905
34675,0.001048,172.217.194.0-255,5738,63517,13,120905
34676,0.00105,172.31.36.0-255,66,63583,13,120905
34677,0.001091,172.217.194.0-255,8574,72157,13,120905
34678,0.001093,172.31.36.0-255,66,72223,13,120905
34679,0.001097,172.217.194.0-255,2184,74407,13,120905
34680,0.001099,172.31.36.0-255,66,74473,13,120905
34681,0.003344,172.217.194.0-255,5738,80211,13,120905
34682,0.003352,172.31.36.0-255,66,80277,13,120905
34683,0.005596,172.217.194.0-255,5738,86015,13,120905
34684,0.005602,172.31.36.0-255,66,86081,13,120905
34685,0.007814,172.217.194.0-255,5738,91819,13,120905
34686,0.007821,172.31.36.0-255,66,91885,13,120905
34687,0.010044,172.217.194.0-255,5738,97623,13,120905
34688,0.010052,172.31.36.0-255,66,97689,13,120905
34689,0.012272,172.217.194.0-255,5738,103427,13,120905
34690,0.01228,172.31.36.0-255,66,103493,13,120905
34691,0.01453,172.217.194.0-255,5738,109231,13,120905
34692,0.014539,172.31.36.0-255,66,109297,13,120905
34693,0.016794,172.217.194.0-255,5738,115035,13,120905
34694,0.016807,172.31.36.0-255,66,115101,13,120905
34695,0.01907,172.217.194.0-255,5738,120839,13,120905
34696,0.019081,172.31.36.0-255,66,120905,13,120905
34697,0.0,74.125.24.0-255,226,226,13,78544
34698,1.6e-05,172.31.36.0-255,66,292,13,78544
34699,2.3e-05,74.125.24.0-255,1484,1776,13,78544
34700,2.8e-05,172.31.36.0-255,66,1842,13,78544
34701,3.5e-05,74.125.24.0-255,4320,6162,13,78544
34702,3.7e-05,172.31.36.0-255,66,6228,13,78544
34703,0.000193,74.125.24.0-255,4320,10548,13,78544
34704,0.000198,172.31.36.0-255,66,10614,13,78544
34705,0.000217,74.125.24.0-255,1484,12098,13,78544
34706,0.00022,172.31.36.0-255,66,12164,13,78544
34707,0.000404,74.125.24.0-255,2037,14201,13,78544
34708,0.00041,172.31.36.0-255,66,14267,13,78544
34709,0.000476,74.125.24.0-255,4320,18587,13,78544
34710,0.000481,172.31.36.0-255,66,18653,13,78544
34711,0.000504,74.125.24.0-255,5738,24391,13,78544
34712,0.000506,172.31.36.0-255,66,24457,13,78544
34713,0.000843,74.125.24.0-255,6797,31254,13,78544
34714,0.000849,172.31.36.0-255,66,31320,13,78544
34715,0.002933,74.125.24.0-255,5738,37058,13,78544
34716,0.002942,172.31.36.0-255,66,37124,13,78544
34717,0.005013,74.125.24.0-255,5738,42862,13,78544
34718,0.00502,172.31.36.0-255,66,42928,13,78544
34719,0.00725,74.125.24.0-255,2902,45830,13,78544
34720,0.007259,172.31.36.0-255,66,45896,13,78544
34721,0.007322,74.125.24.0-255,2902,48798,13,78544
34722,0.007326,172.31.36.0-255,66,48864,13,78544
34723,0.009421,74.125.24.0-255,2902,51766,13,78544
34724,0.009436,172.31.36.0-255,66,51832,13,78544
34725,0.00946,74.125.24.0-255,2902,54734,13,78544
34726,0.009463,172.31.36.0-255,66,54800,13,78544
34727,0.011558,74.125.24.0-255,2902,57702,13,78544
34728,0.011572,172.31.36.0-255,66,57768,13,78544
34729,0.011595,74.125.24.0-255,2902,60670,13,78544
34730,0.011598,172.31.36.0-255,66,60736,13,78544
34731,0.013659,74.125.24.0-255,2902,63638,13,78544
34732,0.013677,172.31.36.0-255,66,63704,13,78544
34733,0.01371,74.125.24.0-255,2902,66606,13,78544
34734,0.013713,172.31.36.0-255,66,66672,13,78544
34735,0.015839,74.125.24.0-255,2902,69574,13,78544
34736,0.015847,172.31.36.0-255,66,69640,13,78544
34737,0.015872,74.125.24.0-255,2902,72542,13,78544
34738,0.015874,172.31.36.0-255,66,72608,13,78544
34739,0.017942,74.125.24.0-255,2902,75510,13,78544
34740,0.01795,172.31.36.0-255,66,75576,13,78544
34741,0.017972,74.125.24.0-255,2902,78478,13,78544
34742,0.017975,172.31.36.0-255,66,78544,13,78544
34743,0.0,74.125.200.0-255,150,150,13,319678
34744,3.3e-05,172.31.36.0-255,66,216,13,319678
34745,3.9e-05,74.125.200.0-255,1484,1700,13,319678
34746,4.4e-05,172.31.36.0-255,66,1766,13,319678
34747,5e-05,74.125.200.0-255,2902,4668,13,319678
34748,5.3e-05,172.31.36.0-255,66,4734,13,319678
34749,7.5e-05,74.125.200.0-255,5738,10472,13,319678
34750,7.8e-05,172.31.36.0-255,66,10538,13,319678
34751,8.1e-05,74.125.200.0-255,1484,12022,13,319678
34752,8.3e-05,172.31.36.0-255,66,12088,13,319678
34753,0.000106,74.125.200.0-255,2091,14179,13,319678
34754,0.000108,172.31.36.0-255,66,14245,13,319678
34755,0.000114,74.125.200.0-255,4320,18565,13,319678
34756,0.000117,172.31.36.0-255,66,18631,13,319678
34757,0.000143,74.125.200.0-255,9992,28623,13,319678
34758,0.000146,172.31.36.0-255,66,28689,13,319678
34759,0.000149,74.125.200.0-255,1484,30173,13,319678
34760,0.000151,172.31.36.0-255,66,30239,13,319678
34761,0.000175,74.125.200.0-255,9992,40231,13,319678
34762,0.000178,172.31.36.0-255,66,40297,13,319678
34763,0.000185,74.125.200.0-255,4320,44617,13,319678
34764,0.000188,172.31.36.0-255,66,44683,13,319678
34765,0.00021,74.125.200.0-255,3602,48285,13,319678
34766,0.000213,172.31.36.0-255,66,48351,13,319678
34767,0.000238,74.125.200.0-255,1484,49835,13,319678
34768,0.000242,172.31.36.0-255,66,49901,13,319678
34769,0.000271,74.125.200.0-255,2902,52803,13,319678
34770,0.000274,172.31.36.0-255,66,52869,13,319678
34771,0.000305,74.125.200.0-255,2902,55771,13,319678
34772,0.000309,172.31.36.0-255,66,55837,13,319678
34773,0.000328,74.125.200.0-255,4320,60157,13,319678
34774,0.000332,172.31.36.0-255,66,60223,13,319678
34775,0.000336,74.125.200.0-255,1484,61707,13,319678
34776,0.000362,74.125.200.0-255,3961,65668,13,319678
34777,0.000366,172.31.36.0-255,66,65734,13,319678
34778,0.000369,74.125.200.0-255,396,66130,13,319678
34779,0.000457,74.125.200.0-255,346,66476,13,319678
34780,0.000506,74.125.200.0-255,1484,67960,13,319678
34781,0.000509,172.31.36.0-255,66,68026,13,319678
34782,0.00053,74.125.200.0-255,4320,72346,13,319678
34783,0.000534,172.31.36.0-255,66,72412,13,319678
34784,0.000539,74.125.200.0-255,2902,75314,13,319678
34785,0.000541,172.31.36.0-255,66,75380,13,319678
34786,0.000599,74.125.200.0-255,4320,79700,13,319678
34787,0.000604,172.31.36.0-255,66,79766,13,319678
34788,0.000607,74.125.200.0-255,1484,81250,13,319678
34789,0.000628,74.125.200.0-255,2902,84152,13,319678
34790,0.000631,172.31.36.0-255,66,84218,13,319678
34791,0.00066,74.125.200.0-255,4320,88538,13,319678
34792,0.000664,172.31.36.0-255,66,88604,13,319678
34793,0.000669,74.125.200.0-255,4320,92924,13,319678
34794,0.000672,172.31.36.0-255,66,92990,13,319678
34795,0.000678,74.125.200.0-255,5738,98728,13,319678
34796,0.000682,172.31.36.0-255,66,98794,13,319678
34797,0.000706,74.125.200.0-255,1636,100430,13,319678
34798,0.000709,172.31.36.0-255,66,100496,13,319678
34799,0.001002,74.125.200.0-255,1484,101980,13,319678
34800,0.00102,74.125.200.0-255,2902,104882,13,319678
34801,0.001024,172.31.36.0-255,66,104948,13,319678
34802,0.001054,74.125.200.0-255,1484,106432,13,319678
34803,0.001075,74.125.200.0-255,4320,110752,13,319678
34804,0.001078,172.31.36.0-255,66,110818,13,319678
34805,0.001085,74.125.200.0-255,6783,117601,13,319678
34806,0.001088,74.125.200.0-255,2902,120503,13,319678
34807,0.001089,172.31.36.0-255,66,120569,13,319678
34808,0.001093,172.31.36.0-255,66,120635,13,319678
34809,0.00111,74.125.200.0-255,4320,124955,13,319678
34810,0.001113,172.31.36.0-255,66,125021,13,319678
34811,0.00112,74.125.200.0-255,7156,132177,13,319678
34812,0.001123,172.31.36.0-255,66,132243,13,319678
34813,0.001126,74.125.200.0-255,1484,133727,13,319678
34814,0.001148,74.125.200.0-255,7156,140883,13,319678
34815,0.001152,172.31.36.0-255,66,140949,13,319678
34816,0.001155,74.125.200.0-255,1484,142433,13,319678
34817,0.001188,74.125.200.0-255,9274,151707,13,319678
34818,0.001191,172.31.36.0-255,66,151773,13,319678
34819,0.001279,74.125.200.0-255,1484,153257,13,319678
34820,0.001298,74.125.200.0-255,2902,156159,13,319678
34821,0.001301,172.31.36.0-255,66,156225,13,319678
34822,0.001305,74.125.200.0-255,1484,157709,13,319678
34823,0.001329,74.125.200.0-255,2902,160611,13,319678
34824,0.001332,172.31.36.0-255,66,160677,13,319678
34825,0.001336,74.125.200.0-255,2902,163579,13,319678
34826,0.001338,172.31.36.0-255,66,163645,13,319678
34827,0.001355,74.125.200.0-255,2902,166547,13,319678
34828,0.001357,172.31.36.0-255,66,166613,13,319678
34829,0.001362,74.125.200.0-255,2902,169515,13,319678
34830,0.001364,172.31.36.0-255,66,169581,13,319678
34831,0.001369,74.125.200.0-255,4320,173901,13,319678
34832,0.001372,172.31.36.0-255,66,173967,13,319678
34833,0.001412,74.125.200.0-255,8574,182541,13,319678
34834,0.001415,172.31.36.0-255,66,182607,13,319678
34835,0.001437,74.125.200.0-255,2570,185177,13,319678
34836,0.00144,172.31.36.0-255,66,185243,13,319678
34837,0.001444,74.125.200.0-255,1484,186727,13,319678
34838,0.001458,74.125.200.0-255,1484,188211,13,319678
34839,0.001463,74.125.200.0-255,2902,191113,13,319678
34840,0.001465,172.31.36.0-255,66,191179,13,319678
34841,0.001469,172.31.36.0-255,66,191245,13,319678
34842,0.001487,74.125.200.0-255,4320,195565,13,319678
34843,0.001491,172.31.36.0-255,66,195631,13,319678
34844,0.001494,74.125.200.0-255,1484,197115,13,319678
34845,0.001518,74.125.200.0-255,7156,204271,13,319678
34846,0.001521,172.31.36.0-255,66,204337,13,319678
34847,0.001538,74.125.200.0-255,2902,207239,13,319678
34848,0.001541,172.31.36.0-255,66,207305,13,319678
34849,0.001548,74.125.200.0-255,5738,213043,13,319678
34850,0.00155,172.31.36.0-255,66,213109,13,319678
34851,0.001572,74.125.200.0-255,6438,219547,13,319678
34852,0.001577,172.31.36.0-255,66,219613,13,319678
34853,0.001629,74.125.200.0-255,1484,221097,13,319678
34854,0.001635,74.125.200.0-255,2902,223999,13,319678
34855,0.001638,172.31.36.0-255,66,224065,13,319678
34856,0.001641,74.125.200.0-255,1484,225549,13,319678
34857,0.001653,74.125.200.0-255,1484,227033,13,319678
34858,0.001657,172.31.36.0-255,66,227099,13,319678
34859,0.001664,74.125.200.0-255,1484,228583,13,319678
34860,0.001667,74.125.200.0-255,1484,230067,13,319678
34861,0.001669,172.31.36.0-255,66,230133,13,319678
34862,0.001696,74.125.200.0-255,4320,234453,13,319678
34863,0.001699,172.31.36.0-255,66,234519,13,319678
34864,0.001706,74.125.200.0-255,6797,241316,13,319678
34865,0.001708,172.31.36.0-255,66,241382,13,319678
34866,0.001711,74.125.200.0-255,1484,242866,13,319678
34867,0.001737,74.125.200.0-255,5738,248604,13,319678
34868,0.001741,172.31.36.0-255,66,248670,13,319678
34869,0.001758,74.125.200.0-255,1484,250154,13,319678
34870,0.001775,74.125.200.0-255,2902,253056,13,319678
34871,0.00178,172.31.36.0-255,66,253122,13,319678
34872,0.001808,172.31.36.0-255,66,253188,13,319678
34873,0.00182,74.125.200.0-255,1484,254672,13,319678
34874,0.001839,74.125.200.0-255,5020,259692,13,319678
34875,0.001843,172.31.36.0-255,66,259758,13,319678
34876,0.002282,74.125.200.0-255,1484,261242,13,319678
34877,0.002308,74.125.200.0-255,2902,264144,13,319678
34878,0.002312,172.31.36.0-255,66,264210,13,319678
34879,0.002319,74.125.200.0-255,5738,269948,13,319678
34880,0.002321,172.31.36.0-255,66,270014,13,319678
34881,0.002326,74.125.200.0-255,2902,272916,13,319678
34882,0.002328,172.31.36.0-255,66,272982,13,319678
34883,0.002334,74.125.200.0-255,4320,277302,13,319678
34884,0.002337,172.31.36.0-255,66,277368,13,319678
34885,0.00234,74.125.200.0-255,1484,278852,13,319678
34886,0.002356,74.125.200.0-255,1484,280336,13,319678
34887,0.002359,172.31.36.0-255,66,280402,13,319678
34888,0.004675,74.125.200.0-255,5738,286140,13,319678
34889,0.004681,172.31.36.0-255,66,286206,13,319678
34890,0.006992,74.125.200.0-255,4320,290526,13,319678
34891,0.006995,172.31.36.0-255,66,290592,13,319678
34892,0.007012,74.125.200.0-255,1484,292076,13,319678
34893,0.009314,74.125.200.0-255,4320,296396,13,319678
34894,0.009323,172.31.36.0-255,66,296462,13,319678
34895,0.011656,74.125.200.0-255,5738,302200,13,319678
34896,0.011666,172.31.36.0-255,66,302266,13,319678
34897,0.013998,74.125.200.0-255,5738,308004,13,319678
34898,0.014006,172.31.36.0-255,66,308070,13,319678
34899,0.016336,74.125.200.0-255,5738,313808,13,319678
34900,0.016345,172.31.36.0-255,66,313874,13,319678
34901,0.018698,74.125.200.0-255,5738,319612,13,319678
34902,0.018707,172.31.36.0-255,66,319678,13,319678
34903,0.0,74.125.24.0-255,143,143,13,291217
34904,2e-05,172.31.36.0-255,66,209,13,291217
34905,3.9e-05,74.125.24.0-255,1484,1693,13,291217
34906,4.3e-05,172.31.36.0-255,66,1759,13,291217
34907,4.8e-05,74.125.24.0-255,2902,4661,13,291217
34908,5e-05,172.31.36.0-255,66,4727,13,291217
34909,0.0001,74.125.24.0-255,7156,11883,13,291217
34910,0.000103,172.31.36.0-255,66,11949,13,291217
34911,0.000107,74.125.24.0-255,2039,13988,13,291217
34912,0.000108,172.31.36.0-255,66,14054,13,291217
34913,0.00013,172.31.36.0-255,66,14120,13,291217
34914,0.000137,74.125.24.0-255,5379,19499,13,291217
34915,0.000139,172.31.36.0-255,66,19565,13,291217
34916,0.000198,74.125.24.0-255,1484,21049,13,291217
34917,0.000201,172.31.36.0-255,66,21115,13,291217
34918,0.000206,74.125.24.0-255,2902,24017,13,291217
34919,0.000208,172.31.36.0-255,66,24083,13,291217
34920,0.000239,74.125.24.0-255,5738,29821,13,291217
34921,0.000241,172.31.36.0-255,66,29887,13,291217
34922,0.000244,74.125.24.0-255,1484,31371,13,291217
34923,0.000246,172.31.36.0-255,66,31437,13,291217
34924,0.000282,74.125.24.0-255,1484,32921,13,291217
34925,0.000286,172.31.36.0-255,66,32987,13,291217
34926,0.000313,74.125.24.0-255,3961,36948,13,291217
34927,0.000316,172.31.36.0-255,66,37014,13,291217
34928,0.000343,74.125.24.0-255,5738,42752,13,291217
34929,0.000346,172.31.36.0-255,66,42818,13,291217
34930,0.000352,74.125.24.0-255,4320,47138,13,291217
34931,0.000353,172.31.36.0-255,66,47204,13,291217
34932,0.000402,74.125.24.0-255,6797,54001,13,291217
34933,0.000405,172.31.36.0-255,66,54067,13,291217
34934,0.000545,74.125.24.0-255,647,54714,13,291217
34935,0.000662,74.125.24.0-255,1484,56198,13,291217
34936,0.000666,172.31.36.0-255,66,56264,13,291217
34937,0.000671,74.125.24.0-255,2902,59166,13,291217
34938,0.000673,172.31.36.0-255,66,59232,13,291217
34939,0.000698,74.125.24.0-255,2902,62134,13,291217
34940,0.0007,172.31.36.0-255,66,62200,13,291217
34941,0.000705,74.125.24.0-255,4320,66520,13,291217
34942,0.000706,172.31.36.0-255,66,66586,13,291217
34943,0.000726,74.125.24.0-255,2902,69488,13,291217
34944,0.000728,172.31.36.0-255,66,69554,13,291217
34945,0.000735,74.125.24.0-255,1484,71038,13,291217
34946,0.000762,74.125.24.0-255,6797,77835,13,291217
34947,0.000765,172.31.36.0-255,66,77901,13,291217
34948,0.000772,74.125.24.0-255,8574,86475,13,291217
34949,0.000774,172.31.36.0-255,66,86541,13,291217
34950,0.000806,74.125.24.0-255,2543,89084,13,291217
34951,0.000809,172.31.36.0-255,66,89150,13,291217
34952,0.001439,74.125.24.0-255,1484,90634,13,291217
34953,0.001448,74.125.24.0-255,2902,93536,13,291217
34954,0.001454,172.31.36.0-255,66,93602,13,291217
34955,0.001462,74.125.24.0-255,5738,99340,13,291217
34956,0.001465,172.31.36.0-255,66,99406,13,291217
34957,0.001478,74.125.24.0-255,5738,105144,13,291217
34958,0.00148,172.31.36.0-255,66,105210,13,291217
34959,0.001516,74.125.24.0-255,7156,112366,13,291217
34960,0.001519,172.31.36.0-255,66,112432,13,291217
34961,0.001529,74.125.24.0-255,10692,123124,13,291217
34962,0.00153,172.31.36.0-255,66,123190,13,291217
34963,0.001574,172.31.36.0-255,66,123256,13,291217
34964,0.001583,74.125.24.0-255,7156,130412,13,291217
34965,0.001585,172.31.36.0-255,66,130478,13,291217
34966,0.00161,74.125.24.0-255,5738,136216,13,291217
34967,0.001613,172.31.36.0-255,66,136282,13,291217
34968,0.001646,172.31.36.0-255,66,136348,13,291217
34969,0.001659,172.31.36.0-255,66,136414,13,291217
34970,0.001735,172.31.36.0-255,66,136480,13,291217
34971,0.001874,74.125.24.0-255,1484,137964,13,291217
34972,0.001881,74.125.24.0-255,2902,140866,13,291217
34973,0.001885,172.31.36.0-255,66,140932,13,291217
34974,0.001888,74.125.24.0-255,1484,142416,13,291217
34975,0.001912,74.125.24.0-255,4320,146736,13,291217
34976,0.001914,172.31.36.0-255,66,146802,13,291217
34977,0.001921,74.125.24.0-255,7156,153958,13,291217
34978,0.001924,172.31.36.0-255,66,154024,13,291217
34979,0.001961,74.125.24.0-255,4320,158344,13,291217
34980,0.001963,172.31.36.0-255,66,158410,13,291217
34981,0.001996,74.125.24.0-255,9992,168402,13,291217
34982,0.001999,172.31.36.0-255,66,168468,13,291217
34983,0.002003,74.125.24.0-255,2184,170652,13,291217
34984,0.002005,172.31.36.0-255,66,170718,13,291217
34985,0.002271,74.125.24.0-255,1484,172202,13,291217
34986,0.002287,74.125.24.0-255,2902,175104,13,291217
34987,0.002289,172.31.36.0-255,66,175170,13,291217
34988,0.002295,74.125.24.0-255,5738,180908,13,291217
34989,0.002298,172.31.36.0-255,66,180974,13,291217
34990,0.002305,74.125.24.0-255,1484,182458,13,291217
34991,0.002328,74.125.24.0-255,4320,186778,13,291217
34992,0.00233,172.31.36.0-255,66,186844,13,291217
34993,0.002344,74.125.24.0-255,7156,194000,13,291217
34994,0.002346,172.31.36.0-255,66,194066,13,291217
34995,0.002349,74.125.24.0-255,1484,195550,13,291217
34996,0.002352,74.125.24.0-255,1484,197034,13,291217
34997,0.002353,172.31.36.0-255,66,197100,13,291217
34998,0.002358,74.125.24.0-255,2902,200002,13,291217
34999,0.002383,172.31.36.0-255,66,200068,13,291217
35000,0.002389,74.125.24.0-255,5020,205088,13,291217
35001,0.002392,172.31.36.0-255,66,205154,13,291217
35002,0.002398,74.125.24.0-255,5738,210892,13,291217
35003,0.002402,74.125.24.0-255,1484,212376,13,291217
35004,0.00241,74.125.24.0-255,7156,219532,13,291217
35005,0.002416,74.125.24.0-255,4320,223852,13,291217
35006,0.002421,172.31.36.0-255,66,223918,13,291217
35007,0.002423,172.31.36.0-255,66,223984,13,291217
35008,0.002436,172.31.36.0-255,66,224050,13,291217
35009,0.002438,74.125.24.0-255,1484,225534,13,291217
35010,0.00248,172.31.36.0-255,66,225600,13,291217
35011,0.002483,74.125.24.0-255,1484,227084,13,291217
35012,0.002515,172.31.36.0-255,66,227150,13,291217
35013,0.002544,74.125.24.0-255,4320,231470,13,291217
35014,0.002547,172.31.36.0-255,66,231536,13,291217
35015,0.002555,74.125.24.0-255,9992,241528,13,291217
35016,0.002557,172.31.36.0-255,66,241594,13,291217
35017,0.002564,74.125.24.0-255,1484,243078,13,291217
35018,0.002568,74.125.24.0-255,3602,246680,13,291217
35019,0.00257,172.31.36.0-255,66,246746,13,291217
35020,0.002609,74.125.24.0-255,1484,248230,13,291217
35021,0.002614,74.125.24.0-255,2902,251132,13,291217
35022,0.002617,172.31.36.0-255,66,251198,13,291217
35023,0.002643,74.125.24.0-255,5738,256936,13,291217
35024,0.002646,172.31.36.0-255,66,257002,13,291217
35025,0.002649,74.125.24.0-255,1484,258486,13,291217
35026,0.00268,74.125.24.0-255,5738,264224,13,291217
35027,0.002683,172.31.36.0-255,66,264290,13,291217
35028,0.002691,74.125.24.0-255,9992,274282,13,291217
35029,0.002693,172.31.36.0-255,66,274348,13,291217
35030,0.002713,74.125.24.0-255,4320,278668,13,291217
35031,0.002715,172.31.36.0-255,66,278734,13,291217
35032,0.002762,74.125.24.0-255,9992,288726,13,291217
35033,0.002765,172.31.36.0-255,66,288792,13,291217
35034,0.002788,74.125.24.0-255,2017,290809,13,291217
35035,0.002791,172.31.36.0-255,66,290875,13,291217
35036,0.002795,74.125.24.0-255,105,290980,13,291217
35037,0.006707,172.31.36.0-255,66,291046,13,291217
35038,0.006739,172.31.36.0-255,105,291151,13,291217
35039,0.008982,74.125.24.0-255,66,291217,13,291217
35040,0.0,172.217.194.0-255,153,153,13,313386
35041,2.3e-05,172.31.36.0-255,66,219,13,313386
35042,3.1e-05,172.217.194.0-255,1484,1703,13,313386
35043,3.6e-05,172.31.36.0-255,66,1769,13,313386
35044,4.9e-05,172.217.194.0-255,2902,4671,13,313386
35045,5.3e-05,172.31.36.0-255,66,4737,13,313386
35046,5.9e-05,172.217.194.0-255,4320,9057,13,313386
35047,6.2e-05,172.31.36.0-255,66,9123,13,313386
35048,6.6e-05,172.217.194.0-255,1484,10607,13,313386
35049,6.9e-05,172.31.36.0-255,66,10673,13,313386
35050,9.2e-05,172.217.194.0-255,3422,14095,13,313386
35051,0.0001,172.31.36.0-255,66,14161,13,313386
35052,0.000123,172.217.194.0-255,1484,15645,13,313386
35053,0.000125,172.31.36.0-255,66,15711,13,313386
35054,0.000132,172.217.194.0-255,2902,18613,13,313386
35055,0.000134,172.31.36.0-255,66,18679,13,313386
35056,0.000164,172.217.194.0-255,5738,24417,13,313386
35057,0.000167,172.31.36.0-255,66,24483,13,313386
35058,0.000172,172.217.194.0-255,2902,27385,13,313386
35059,0.000174,172.31.36.0-255,66,27451,13,313386
35060,0.000206,172.217.194.0-255,3961,31412,13,313386
35061,0.000208,172.31.36.0-255,66,31478,13,313386
35062,0.000224,172.217.194.0-255,1484,32962,13,313386
35063,0.00023,172.31.36.0-255,66,33028,13,313386
35064,0.000235,172.217.194.0-255,2902,35930,13,313386
35065,0.000237,172.31.36.0-255,66,35996,13,313386
35066,0.00024,172.217.194.0-255,1484,37480,13,313386
35067,0.000243,172.31.36.0-255,66,37546,13,313386
35068,0.000267,172.217.194.0-255,4320,41866,13,313386
35069,0.000273,172.31.36.0-255,66,41932,13,313386
35070,0.000293,172.217.194.0-255,4320,46252,13,313386
35071,0.000296,172.31.36.0-255,66,46318,13,313386
35072,0.000331,172.217.194.0-255,9633,55951,13,313386
35073,0.000333,172.31.36.0-255,66,56017,13,313386
35074,0.000373,172.217.194.0-255,5738,61755,13,313386
35075,0.000375,172.31.36.0-255,66,61821,13,313386
35076,0.000401,172.217.194.0-255,4270,66091,13,313386
35077,0.000403,172.31.36.0-255,66,66157,13,313386
35078,0.000406,172.217.194.0-255,100,66257,13,313386
35079,0.000427,172.217.194.0-255,365,66622,13,313386
35080,0.000606,172.217.194.0-255,1484,68106,13,313386
35081,0.000611,172.31.36.0-255,66,68172,13,313386
35082,0.000617,172.217.194.0-255,2902,71074,13,313386
35083,0.00062,172.31.36.0-255,66,71140,13,313386
35084,0.000624,172.217.194.0-255,2902,74042,13,313386
35085,0.000631,172.31.36.0-255,66,74108,13,313386
35086,0.000663,172.217.194.0-255,2902,77010,13,313386
35087,0.000665,172.31.36.0-255,66,77076,13,313386
35088,0.0007,172.217.194.0-255,6248,83324,13,313386
35089,0.000703,172.31.36.0-255,66,83390,13,313386
35090,0.000805,172.217.194.0-255,1484,84874,13,313386
35091,0.000812,172.217.194.0-255,2902,87776,13,313386
35092,0.000815,172.31.36.0-255,66,87842,13,313386
35093,0.000848,172.217.194.0-255,5738,93580,13,313386
35094,0.000851,172.31.36.0-255,66,93646,13,313386
35095,0.00086,172.217.194.0-255,8574,102220,13,313386
35096,0.000862,172.31.36.0-255,66,102286,13,313386
35097,0.000884,172.217.194.0-255,1484,103770,13,313386
35098,0.000896,172.217.194.0-255,1484,105254,13,313386
35099,0.000899,172.31.36.0-255,66,105320,13,313386
35100,0.000935,172.31.36.0-255,66,105386,13,313386
35101,0.001423,172.217.194.0-255,1484,106870,13,313386
35102,0.001429,172.217.194.0-255,2902,109772,13,313386
35103,0.001433,172.31.36.0-255,66,109838,13,313386
35104,0.00144,172.217.194.0-255,4320,114158,13,313386
35105,0.001442,172.31.36.0-255,66,114224,13,313386
35106,0.001473,172.217.194.0-255,1484,115708,13,313386
35107,0.001483,172.217.194.0-255,9992,125700,13,313386
35108,0.001486,172.31.36.0-255,66,125766,13,313386
35109,0.00152,172.217.194.0-255,9992,135758,13,313386
35110,0.001522,172.31.36.0-255,66,135824,13,313386
35111,0.001548,172.217.194.0-255,3602,139426,13,313386
35112,0.00155,172.31.36.0-255,66,139492,13,313386
35113,0.001624,172.217.194.0-255,1484,140976,13,313386
35114,0.001641,172.217.194.0-255,2902,143878,13,313386
35115,0.001644,172.31.36.0-255,66,143944,13,313386
35116,0.00167,172.217.194.0-255,5738,149682,13,313386
35117,0.001672,172.31.36.0-255,66,149748,13,313386
35118,0.001683,172.217.194.0-255,9992,159740,13,313386
35119,0.001685,172.31.36.0-255,66,159806,13,313386
35120,0.001712,172.217.194.0-255,2902,162708,13,313386
35121,0.001714,172.31.36.0-255,66,162774,13,313386
35122,0.001725,172.217.194.0-255,10692,173466,13,313386
35123,0.001727,172.31.36.0-255,66,173532,13,313386
35124,0.001763,172.217.194.0-255,4320,177852,13,313386
35125,0.001766,172.31.36.0-255,66,177918,13,313386
35126,0.001769,172.217.194.0-255,1484,179402,13,313386
35127,0.001808,172.217.194.0-255,4320,183722,13,313386
35128,0.001811,172.31.36.0-255,66,183788,13,313386
35129,0.00183,172.31.36.0-255,66,183854,13,313386
35130,0.001836,172.217.194.0-255,5738,189592,13,313386
35131,0.001838,172.31.36.0-255,66,189658,13,313386
35132,0.001875,172.217.194.0-255,6438,196096,13,313386
35133,0.001878,172.31.36.0-255,66,196162,13,313386
35134,0.001948,172.217.194.0-255,1484,197646,13,313386
35135,0.001952,172.217.194.0-255,2902,200548,13,313386
35136,0.001957,172.31.36.0-255,66,200614,13,313386
35137,0.001986,172.217.194.0-255,5738,206352,13,313386
35138,0.001989,172.31.36.0-255,66,206418,13,313386
35139,0.001996,172.217.194.0-255,4320,210738,13,313386
35140,0.001998,172.31.36.0-255,66,210804,13,313386
35141,0.002038,172.217.194.0-255,8574,219378,13,313386
35142,0.002041,172.31.36.0-255,66,219444,13,313386
35143,0.002044,172.217.194.0-255,1484,220928,13,313386
35144,0.002108,172.217.194.0-255,9274,230202,13,313386
35145,0.002111,172.31.36.0-255,66,230268,13,313386
35146,0.002114,172.217.194.0-255,1484,231752,13,313386
35147,0.002119,172.217.194.0-255,2902,234654,13,313386
35148,0.002121,172.31.36.0-255,66,234720,13,313386
35149,0.00216,172.217.194.0-255,5738,240458,13,313386
35150,0.002164,172.31.36.0-255,66,240524,13,313386
35151,0.002169,172.217.194.0-255,4320,244844,13,313386
35152,0.002171,172.31.36.0-255,66,244910,13,313386
35153,0.002211,172.31.36.0-255,66,244976,13,313386
35154,0.00222,172.217.194.0-255,7856,252832,13,313386
35155,0.002222,172.31.36.0-255,66,252898,13,313386
35156,0.002232,172.217.194.0-255,4320,257218,13,313386
35157,0.002234,172.31.36.0-255,66,257284,13,313386
35158,0.00227,172.217.194.0-255,4320,261604,13,313386
35159,0.002273,172.31.36.0-255,66,261670,13,313386
35160,0.002282,172.217.194.0-255,8574,270244,13,313386
35161,0.002284,172.31.36.0-255,66,270310,13,313386
35162,0.00234,172.31.36.0-255,66,270376,13,313386
35163,0.002363,172.217.194.0-255,2184,272560,13,313386
35164,0.002366,172.31.36.0-255,66,272626,13,313386
35165,0.004696,172.217.194.0-255,5738,278364,13,313386
35166,0.004705,172.31.36.0-255,66,278430,13,313386
35167,0.006974,172.217.194.0-255,2902,281332,13,313386
35168,0.006978,172.31.36.0-255,66,281398,13,313386
35169,0.007012,172.217.194.0-255,2902,284300,13,313386
35170,0.007014,172.31.36.0-255,66,284366,13,313386
35171,0.009305,172.217.194.0-255,5738,290104,13,313386
35172,0.009313,172.31.36.0-255,66,290170,13,313386
35173,0.011608,172.217.194.0-255,5738,295908,13,313386
35174,0.011616,172.31.36.0-255,66,295974,13,313386
35175,0.013997,172.217.194.0-255,5738,301712,13,313386
35176,0.014008,172.31.36.0-255,66,301778,13,313386
35177,0.016362,172.217.194.0-255,5738,307516,13,313386
35178,0.016373,172.31.36.0-255,66,307582,13,313386
35179,0.01866,172.217.194.0-255,5738,313320,13,313386
35180,0.018668,172.31.36.0-255,66,313386,13,313386
35181,0.0,74.125.24.0-255,153,153,13,293962
35182,2.3e-05,172.31.36.0-255,66,219,13,293962
35183,3.1e-05,74.125.24.0-255,1484,1703,13,293962
35184,3.6e-05,172.31.36.0-255,66,1769,13,293962
35185,4.2e-05,74.125.24.0-255,2902,4671,13,293962
35186,5.3e-05,172.31.36.0-255,66,4737,13,293962
35187,6.1e-05,74.125.24.0-255,7156,11893,13,293962
35188,6.3e-05,172.31.36.0-255,66,11959,13,293962
35189,6.7e-05,74.125.24.0-255,2039,13998,13,293962
35190,7e-05,172.31.36.0-255,66,14064,13,293962
35191,0.000117,74.125.24.0-255,1484,15548,13,293962
35192,0.00012,172.31.36.0-255,66,15614,13,293962
35193,0.000125,74.125.24.0-255,2902,18516,13,293962
35194,0.000128,172.31.36.0-255,66,18582,13,293962
35195,0.000131,74.125.24.0-255,1484,20066,13,293962
35196,0.000133,172.31.36.0-255,66,20132,13,293962
35197,0.00017,74.125.24.0-255,4320,24452,13,293962
35198,0.000173,172.31.36.0-255,66,24518,13,293962
35199,0.000177,74.125.24.0-255,2902,27420,13,293962
35200,0.000179,172.31.36.0-255,66,27486,13,293962
35201,0.000186,74.125.24.0-255,4320,31806,13,293962
35202,0.000188,172.31.36.0-255,66,31872,13,293962
35203,0.00022,74.125.24.0-255,6797,38669,13,293962
35204,0.000222,172.31.36.0-255,66,38735,13,293962
35205,0.00023,74.125.24.0-255,7156,45891,13,293962
35206,0.000232,172.31.36.0-255,66,45957,13,293962
35207,0.000256,74.125.24.0-255,2543,48500,13,293962
35208,0.000258,172.31.36.0-255,66,48566,13,293962
35209,0.000262,74.125.24.0-255,2902,51468,13,293962
35210,0.000264,172.31.36.0-255,66,51534,13,293962
35211,0.000276,74.125.24.0-255,7156,58690,13,293962
35212,0.000279,172.31.36.0-255,66,58756,13,293962
35213,0.000309,74.125.24.0-255,6797,65553,13,293962
35214,0.000318,172.31.36.0-255,66,65619,13,293962
35215,0.000335,74.125.24.0-255,393,66012,13,293962
35216,0.000715,74.125.24.0-255,352,66364,13,293962
35217,0.000749,74.125.24.0-255,1484,67848,13,293962
35218,0.000754,74.125.24.0-255,2902,70750,13,293962
35219,0.000763,74.125.24.0-255,1484,72234,13,293962
35220,0.000768,172.31.36.0-255,66,72300,13,293962
35221,0.000779,74.125.24.0-255,4320,76620,13,293962
35222,0.0008,74.125.24.0-255,5738,82358,13,293962
35223,0.000803,74.125.24.0-255,1484,83842,13,293962
35224,0.00081,172.31.36.0-255,66,83908,13,293962
35225,0.000861,172.31.36.0-255,66,83974,13,293962
35226,0.001058,74.125.24.0-255,1484,85458,13,293962
35227,0.001064,74.125.24.0-255,2902,88360,13,293962
35228,0.001066,172.31.36.0-255,66,88426,13,293962
35229,0.001079,74.125.24.0-255,2902,91328,13,293962
35230,0.001094,74.125.24.0-255,2902,94230,13,293962
35231,0.001098,74.125.24.0-255,4320,98550,13,293962
35232,0.00111,172.31.36.0-255,66,98616,13,293962
35233,0.001141,74.125.24.0-255,8574,107190,13,293962
35234,0.001147,74.125.24.0-255,7156,114346,13,293962
35235,0.001166,172.31.36.0-255,66,114412,13,293962
35236,0.001171,74.125.24.0-255,3602,118014,13,293962
35237,0.001176,172.31.36.0-255,66,118080,13,293962
35238,0.001212,74.125.24.0-255,1484,119564,13,293962
35239,0.001228,74.125.24.0-255,2902,122466,13,293962
35240,0.001233,74.125.24.0-255,5738,128204,13,293962
35241,0.001241,172.31.36.0-255,66,128270,13,293962
35242,0.001256,172.31.36.0-255,66,128336,13,293962
35243,0.001295,74.125.24.0-255,5738,134074,13,293962
35244,0.001301,172.31.36.0-255,66,134140,13,293962
35245,0.001312,74.125.24.0-255,5020,139160,13,293962
35246,0.001335,172.31.36.0-255,66,139226,13,293962
35247,0.001346,74.125.24.0-255,1484,140710,13,293962
35248,0.001363,74.125.24.0-255,4320,145030,13,293962
35249,0.001404,172.31.36.0-255,66,145096,13,293962
35250,0.001429,74.125.24.0-255,766,145862,13,293962
35251,0.001431,74.125.24.0-255,1484,147346,13,293962
35252,0.001436,74.125.24.0-255,4320,151666,13,293962
35253,0.001444,172.31.36.0-255,66,151732,13,293962
35254,0.001472,74.125.24.0-255,9992,161724,13,293962
35255,0.001479,74.125.24.0-255,8574,170298,13,293962
35256,0.001498,172.31.36.0-255,66,170364,13,293962
35257,0.001527,74.125.24.0-255,9274,179638,13,293962
35258,0.001531,172.31.36.0-255,66,179704,13,293962
35259,0.001541,74.125.24.0-255,1484,181188,13,293962
35260,0.001565,74.125.24.0-255,8574,189762,13,293962
35261,0.00157,74.125.24.0-255,5738,195500,13,293962
35262,0.001574,172.31.36.0-255,66,195566,13,293962
35263,0.001598,74.125.24.0-255,7156,202722,13,293962
35264,0.001611,172.31.36.0-255,66,202788,13,293962
35265,0.001627,74.125.24.0-255,5738,208526,13,293962
35266,0.001647,74.125.24.0-255,5020,213546,13,293962
35267,0.001657,172.31.36.0-255,66,213612,13,293962
35268,0.001683,74.125.24.0-255,1484,215096,13,293962
35269,0.001687,74.125.24.0-255,2902,217998,13,293962
35270,0.001692,74.125.24.0-255,5738,223736,13,293962
35271,0.001698,172.31.36.0-255,66,223802,13,293962
35272,0.001721,74.125.24.0-255,4320,228122,13,293962
35273,0.001733,172.31.36.0-255,66,228188,13,293962
35274,0.001745,74.125.24.0-255,8574,236762,13,293962
35275,0.001754,74.125.24.0-255,7156,243918,13,293962
35276,0.001765,172.31.36.0-255,66,243984,13,293962
35277,0.001788,74.125.24.0-255,3602,247586,13,293962
35278,0.001795,172.31.36.0-255,66,247652,13,293962
35279,0.001805,74.125.24.0-255,4320,251972,13,293962
35280,0.001819,74.125.24.0-255,2902,254874,13,293962
35281,0.001833,74.125.24.0-255,7156,262030,13,293962
35282,0.001838,74.125.24.0-255,4320,266350,13,293962
35283,0.001851,172.31.36.0-255,66,266416,13,293962
35284,0.001884,74.125.24.0-255,5738,272154,13,293962
35285,0.001898,172.31.36.0-255,66,272220,13,293962
35286,0.001906,74.125.24.0-255,9274,281494,13,293962
35287,0.001915,172.31.36.0-255,66,281560,13,293962
35288,0.001924,74.125.24.0-255,4320,285880,13,293962
35289,0.001937,172.31.36.0-255,66,285946,13,293962
35290,0.001967,74.125.24.0-255,7156,293102,13,293962
35291,0.002013,172.31.36.0-255,66,293168,13,293962
35292,0.002037,74.125.24.0-255,386,293554,13,293962
35293,0.002058,74.125.24.0-255,105,293659,13,293962
35294,0.002061,172.31.36.0-255,66,293725,13,293962
35295,0.008706,172.31.36.0-255,66,293791,13,293962
35296,0.008739,172.31.36.0-255,105,293896,13,293962
35297,0.010774,74.125.24.0-255,66,293962,13,293962
35298,0.0,74.125.68.0-255,146,146,13,177720
35299,2.4e-05,172.31.36.0-255,66,212,13,177720
35300,3.2e-05,74.125.68.0-255,1484,1696,13,177720
35301,3.6e-05,172.31.36.0-255,66,1762,13,177720
35302,3.9e-05,74.125.68.0-255,1484,3246,13,177720
35303,4.2e-05,172.31.36.0-255,66,3312,13,177720
35304,4.8e-05,74.125.68.0-255,2902,6214,13,177720
35305,5e-05,172.31.36.0-255,66,6280,13,177720
35306,5.4e-05,74.125.68.0-255,1484,7764,13,177720
35307,5.7e-05,172.31.36.0-255,66,7830,13,177720
35308,8.1e-05,74.125.68.0-255,4320,12150,13,177720
35309,8.4e-05,172.31.36.0-255,66,12216,13,177720
35310,0.000122,74.125.68.0-255,3501,15717,13,177720
35311,0.000125,172.31.36.0-255,66,15783,13,177720
35312,0.000129,74.125.68.0-255,4320,20103,13,177720
35313,0.000132,172.31.36.0-255,66,20169,13,177720
35314,0.000159,74.125.68.0-255,7156,27325,13,177720
35315,0.000161,172.31.36.0-255,66,27391,13,177720
35316,0.000176,74.125.68.0-255,2902,30293,13,177720
35317,0.000178,172.31.36.0-255,66,30359,13,177720
35318,0.000211,74.125.68.0-255,1125,31484,13,177720
35319,0.000213,172.31.36.0-255,66,31550,13,177720
35320,0.00023,74.125.68.0-255,1484,33034,13,177720
35321,0.000234,172.31.36.0-255,66,33100,13,177720
35322,0.000244,74.125.68.0-255,4320,37420,13,177720
35323,0.000247,172.31.36.0-255,66,37486,13,177720
35324,0.00027,74.125.68.0-255,2902,40388,13,177720
35325,0.000272,172.31.36.0-255,66,40454,13,177720
35326,0.000289,74.125.68.0-255,5738,46192,13,177720
35327,0.000292,172.31.36.0-255,66,46258,13,177720
35328,0.000327,74.125.68.0-255,2543,48801,13,177720
35329,0.00033,172.31.36.0-255,66,48867,13,177720
35330,0.000352,74.125.68.0-255,2902,51769,13,177720
35331,0.000366,74.125.68.0-255,2902,54671,13,177720
35332,0.00038,74.125.68.0-255,4320,58991,13,177720
35333,0.000416,74.125.68.0-255,2902,61893,13,177720
35334,0.000434,74.125.68.0-255,4260,66153,13,177720
35335,0.000478,74.125.68.0-255,4320,70473,13,177720
35336,0.000493,74.125.68.0-255,2902,73375,13,177720
35337,0.000527,74.125.68.0-255,5738,79113,13,177720
35338,0.000548,74.125.68.0-255,2902,82015,13,177720
35339,0.00059,74.125.68.0-255,2902,84917,13,177720
35340,0.00061,74.125.68.0-255,9365,94282,13,177720
35341,0.000625,172.31.36.0-255,66,94348,13,177720
35342,0.000677,74.125.68.0-255,5738,100086,13,177720
35343,0.000683,172.31.36.0-255,66,100152,13,177720
35344,0.000726,172.31.36.0-255,66,100218,13,177720
35345,0.000819,74.125.68.0-255,2543,102761,13,177720
35346,0.000833,172.31.36.0-255,66,102827,13,177720
35347,0.000842,74.125.68.0-255,2902,105729,13,177720
35348,0.000861,74.125.68.0-255,9992,115721,13,177720
35349,0.000874,74.125.68.0-255,3961,119682,13,177720
35350,0.000886,172.31.36.0-255,66,119748,13,177720
35351,0.000964,74.125.68.0-255,5738,125486,13,177720
35352,0.00097,172.31.36.0-255,66,125552,13,177720
35353,0.001023,172.31.36.0-255,66,125618,13,177720
35354,0.001128,74.125.68.0-255,7156,132774,13,177720
35355,0.001146,74.125.68.0-255,5020,137794,13,177720
35356,0.001151,172.31.36.0-255,66,137860,13,177720
35357,0.001206,74.125.68.0-255,7156,145016,13,177720
35358,0.001235,172.31.36.0-255,66,145082,13,177720
35359,0.00124,172.31.36.0-255,66,145148,13,177720
35360,0.001316,172.31.36.0-255,66,145214,13,177720
35361,0.001452,74.125.68.0-255,5738,150952,13,177720
35362,0.001464,172.31.36.0-255,66,151018,13,177720
35363,0.001509,172.31.36.0-255,66,151084,13,177720
35364,0.001634,74.125.68.0-255,2902,153986,13,177720
35365,0.001651,172.31.36.0-255,66,154052,13,177720
35366,0.001696,172.31.36.0-255,66,154118,13,177720
35367,0.00172,172.31.36.0-255,66,154184,13,177720
35368,0.001917,74.125.68.0-255,4320,158504,13,177720
35369,0.001921,172.31.36.0-255,66,158570,13,177720
35370,0.002002,74.125.68.0-255,4320,162890,13,177720
35371,0.002014,172.31.36.0-255,66,162956,13,177720
35372,0.002372,74.125.68.0-255,4320,167276,13,177720
35373,0.002377,172.31.36.0-255,66,167342,13,177720
35374,0.002395,74.125.68.0-255,2525,169867,13,177720
35375,0.002413,172.31.36.0-255,66,169933,13,177720
35376,0.002425,74.125.68.0-255,7156,177089,13,177720
35377,0.00243,172.31.36.0-255,66,177155,13,177720
35378,0.002511,172.31.36.0-255,66,177221,13,177720
35379,0.002691,74.125.68.0-255,262,177483,13,177720
35380,0.0128,172.31.36.0-255,66,177549,13,177720
35381,0.012866,172.31.36.0-255,105,177654,13,177720
35382,0.014917,74.125.68.0-255,66,177720,13,177720
35383,0.0,74.125.24.0-255,153,153,13,214862
35384,2.1e-05,172.31.36.0-255,66,219,13,214862
35385,2.9e-05,74.125.24.0-255,1484,1703,13,214862
35386,3.3e-05,172.31.36.0-255,66,1769,13,214862
35387,5.9e-05,74.125.24.0-255,2902,4671,13,214862
35388,6.6e-05,172.31.36.0-255,66,4737,13,214862
35389,7.7e-05,74.125.24.0-255,7156,11893,13,214862
35390,7.9e-05,172.31.36.0-255,66,11959,13,214862
35391,8.3e-05,74.125.24.0-255,2088,14047,13,214862
35392,8.6e-05,172.31.36.0-255,66,14113,13,214862
35393,0.000153,172.31.36.0-255,66,14179,13,214862
35394,0.000161,74.125.24.0-255,5379,19558,13,214862
35395,0.000163,172.31.36.0-255,66,19624,13,214862
35396,0.000266,74.125.24.0-255,1484,21108,13,214862
35397,0.000269,172.31.36.0-255,66,21174,13,214862
35398,0.000298,74.125.24.0-255,2902,24076,13,214862
35399,0.000301,172.31.36.0-255,66,24142,13,214862
35400,0.000307,74.125.24.0-255,5738,29880,13,214862
35401,0.000311,172.31.36.0-255,66,29946,13,214862
35402,0.000327,74.125.24.0-255,1484,31430,13,214862
35403,0.000329,172.31.36.0-255,66,31496,13,214862
35404,0.000359,74.125.24.0-255,6797,38293,13,214862
35405,0.000362,172.31.36.0-255,66,38359,13,214862
35406,0.000376,74.125.24.0-255,8574,46933,13,214862
35407,0.000378,172.31.36.0-255,66,46999,13,214862
35408,0.000385,74.125.24.0-255,7076,54075,13,214862
35409,0.000388,172.31.36.0-255,66,54141,13,214862
35410,0.000407,74.125.24.0-255,125,54266,13,214862
35411,0.00041,172.31.36.0-255,66,54332,13,214862
35412,0.000776,74.125.24.0-255,1484,55816,13,214862
35413,0.000781,172.31.36.0-255,66,55882,13,214862
35414,0.000802,74.125.24.0-255,2902,58784,13,214862
35415,0.000816,172.31.36.0-255,66,58850,13,214862
35416,0.000821,74.125.24.0-255,5738,64588,13,214862
35417,0.000824,172.31.36.0-255,66,64654,13,214862
35418,0.000852,74.125.24.0-255,6797,71451,13,214862
35419,0.00086,172.31.36.0-255,66,71517,13,214862
35420,0.001353,74.125.24.0-255,1484,73001,13,214862
35421,0.001363,74.125.24.0-255,2902,75903,13,214862
35422,0.001367,172.31.36.0-255,66,75969,13,214862
35423,0.001375,74.125.24.0-255,5738,81707,13,214862
35424,0.001398,74.125.24.0-255,6797,88504,13,214862
35425,0.001439,74.125.24.0-255,4320,92824,13,214862
35426,0.001458,74.125.24.0-255,5738,98562,13,214862
35427,0.001463,74.125.24.0-255,4320,102882,13,214862
35428,0.001489,74.125.24.0-255,7156,110038,13,214862
35429,0.001603,74.125.24.0-255,1484,111522,13,214862
35430,0.001609,74.125.24.0-255,2902,114424,13,214862
35431,0.001638,74.125.24.0-255,5738,120162,13,214862
35432,0.001642,74.125.24.0-255,1484,121646,13,214862
35433,0.001661,74.125.24.0-255,5738,127384,13,214862
35434,0.001694,74.125.24.0-255,2902,130286,13,214862
35435,0.001718,74.125.24.0-255,7156,137442,13,214862
35436,0.001737,74.125.24.0-255,4320,141762,13,214862
35437,0.001775,74.125.24.0-255,2902,144664,13,214862
35438,0.001796,74.125.24.0-255,9992,154656,13,214862
35439,0.001808,74.125.24.0-255,2184,156840,13,214862
35440,0.001834,74.125.24.0-255,1484,158324,13,214862
35441,0.001839,74.125.24.0-255,5020,163344,13,214862
35442,0.001894,74.125.24.0-255,1484,164828,13,214862
35443,0.001899,74.125.24.0-255,1484,166312,13,214862
35444,0.001912,74.125.24.0-255,1484,167796,13,214862
35445,0.001935,74.125.24.0-255,5738,173534,13,214862
35446,0.001939,74.125.24.0-255,1484,175018,13,214862
35447,0.001993,74.125.24.0-255,1484,176502,13,214862
35448,0.002014,74.125.24.0-255,9274,185776,13,214862
35449,0.005891,172.31.36.0-255,66,185842,13,214862
35450,0.008164,74.125.24.0-255,5738,191580,13,214862
35451,0.00817,172.31.36.0-255,66,191646,13,214862
35452,0.010426,74.125.24.0-255,5738,197384,13,214862
35453,0.010433,172.31.36.0-255,66,197450,13,214862
35454,0.012708,74.125.24.0-255,5738,203188,13,214862
35455,0.013423,172.31.36.0-255,66,203254,13,214862
35456,0.015743,74.125.24.0-255,5738,208992,13,214862
35457,0.015755,172.31.36.0-255,66,209058,13,214862
35458,0.018011,74.125.24.0-255,5738,214796,13,214862
35459,0.018021,172.31.36.0-255,66,214862,13,214862
35460,0.0,74.125.24.0-255,431,431,13,215084
35461,2.9e-05,74.125.24.0-255,1484,1915,13,215084
35462,3.9e-05,172.31.36.0-255,66,1981,13,215084
35463,4.8e-05,74.125.24.0-255,4320,6301,13,215084
35464,5.1e-05,172.31.36.0-255,66,6367,13,215084
35465,6.8e-05,74.125.24.0-255,7729,14096,13,215084
35466,7.1e-05,172.31.36.0-255,66,14162,13,215084
35467,0.000316,74.125.24.0-255,8574,22736,13,215084
35468,0.000324,172.31.36.0-255,66,22802,13,215084
35469,0.000651,74.125.24.0-255,7042,29844,13,215084
35470,0.000657,172.31.36.0-255,66,29910,13,215084
35471,0.002252,74.125.24.0-255,5738,35648,13,215084
35472,0.002259,172.31.36.0-255,66,35714,13,215084
35473,0.002339,74.125.24.0-255,1484,37198,13,215084
35474,0.002363,74.125.24.0-255,7156,44354,13,215084
35475,0.002673,74.125.24.0-255,2902,47256,13,215084
35476,0.003234,74.125.24.0-255,2902,50158,13,215084
35477,0.003745,74.125.24.0-255,2902,53060,13,215084
35478,0.003761,74.125.24.0-255,7156,60216,13,215084
35479,0.003773,74.125.24.0-255,4320,64536,13,215084
35480,0.004222,74.125.24.0-255,4320,68856,13,215084
35481,0.00424,74.125.24.0-255,1484,70340,13,215084
35482,0.004486,74.125.24.0-255,5738,76078,13,215084
35483,0.004504,74.125.24.0-255,2902,78980,13,215084
35484,0.005097,172.31.36.0-255,66,79046,13,215084
35485,0.005653,172.31.36.0-255,66,79112,13,215084
35486,0.007366,74.125.24.0-255,5738,84850,13,215084
35487,0.007373,172.31.36.0-255,66,84916,13,215084
35488,0.007406,74.125.24.0-255,8574,93490,13,215084
35489,0.007454,74.125.24.0-255,7156,100646,13,215084
35490,0.007481,74.125.24.0-255,7156,107802,13,215084
35491,0.007677,74.125.24.0-255,5626,113428,13,215084
35492,0.007843,74.125.24.0-255,5738,119166,13,215084
35493,0.007864,74.125.24.0-255,3014,122180,13,215084
35494,0.007893,74.125.24.0-255,4320,126500,13,215084
35495,0.007912,74.125.24.0-255,5738,132238,13,215084
35496,0.007934,74.125.24.0-255,4320,136558,13,215084
35497,0.008126,74.125.24.0-255,7156,143714,13,215084
35498,0.008149,74.125.24.0-255,7156,150870,13,215084
35499,0.008337,74.125.24.0-255,8574,159444,13,215084
35500,0.008358,74.125.24.0-255,5738,165182,13,215084
35501,0.008563,74.125.24.0-255,4320,169502,13,215084
35502,0.008585,74.125.24.0-255,1612,171114,13,215084
35503,0.009507,172.31.36.0-255,66,171180,13,215084
35504,0.009606,74.125.24.0-255,5738,176918,13,215084
35505,0.009614,172.31.36.0-255,66,176984,13,215084
35506,0.009642,74.125.24.0-255,2774,179758,13,215084
35507,0.009645,172.31.36.0-255,66,179824,13,215084
35508,0.009695,74.125.24.0-255,2902,182726,13,215084
35509,0.009699,172.31.36.0-255,66,182792,13,215084
35510,0.009737,172.31.36.0-255,66,182858,13,215084
35511,0.011743,172.31.36.0-255,66,182924,13,215084
35512,0.011767,74.125.24.0-255,1484,184408,13,215084
35513,0.011816,74.125.24.0-255,2902,187310,13,215084
35514,0.011818,172.31.36.0-255,66,187376,13,215084
35515,0.011863,172.31.36.0-255,66,187442,13,215084
35516,0.011889,74.125.24.0-255,1484,188926,13,215084
35517,0.012255,74.125.24.0-255,2902,191828,13,215084
35518,0.012258,172.31.36.0-255,66,191894,13,215084
35519,0.012286,172.31.36.0-255,66,191960,13,215084
35520,0.012316,172.31.36.0-255,66,192026,13,215084
35521,0.012692,74.125.24.0-255,7156,199182,13,215084
35522,0.012697,172.31.36.0-255,66,199248,13,215084
35523,0.012734,172.31.36.0-255,66,199314,13,215084
35524,0.012936,74.125.24.0-255,5738,205052,13,215084
35525,0.012939,172.31.36.0-255,66,205118,13,215084
35526,0.012988,172.31.36.0-255,66,205184,13,215084
35527,0.013208,74.125.24.0-255,5738,210922,13,215084
35528,0.013212,172.31.36.0-255,66,210988,13,215084
35529,0.01325,172.31.36.0-255,66,211054,13,215084
35530,0.014074,74.125.24.0-255,3793,214847,13,215084
35531,0.014079,172.31.36.0-255,66,214913,13,215084
35532,0.014617,172.31.36.0-255,105,215018,13,215084
35533,0.016813,74.125.24.0-255,66,215084,13,215084
35534,0.0,172.217.194.0-255,146,146,13,185507
35535,1.6e-05,172.31.36.0-255,66,212,13,185507
35536,2.3e-05,172.217.194.0-255,1484,1696,13,185507
35537,2.7e-05,172.31.36.0-255,66,1762,13,185507
35538,3.3e-05,172.217.194.0-255,2902,4664,13,185507
35539,4.4e-05,172.31.36.0-255,66,4730,13,185507
35540,5.3e-05,172.217.194.0-255,7156,11886,13,185507
35541,5.7e-05,172.31.36.0-255,66,11952,13,185507
35542,6.1e-05,172.217.194.0-255,2107,14059,13,185507
35543,6.4e-05,172.31.36.0-255,66,14125,13,185507
35544,7.8e-05,172.31.36.0-255,66,14191,13,185507
35545,0.000119,172.31.36.0-255,66,14257,13,185507
35546,0.000145,172.217.194.0-255,4320,18577,13,185507
35547,0.000147,172.31.36.0-255,66,18643,13,185507
35548,0.00017,172.31.36.0-255,66,18709,13,185507
35549,0.000198,172.217.194.0-255,2117,20826,13,185507
35550,0.000201,172.31.36.0-255,66,20892,13,185507
35551,0.000567,172.217.194.0-255,384,21276,13,185507
35552,0.000573,172.31.36.0-255,66,21342,13,185507
35553,0.000844,172.217.194.0-255,1484,22826,13,185507
35554,0.000848,172.31.36.0-255,66,22892,13,185507
35555,0.000853,172.217.194.0-255,2902,25794,13,185507
35556,0.000856,172.31.36.0-255,66,25860,13,185507
35557,0.000867,172.217.194.0-255,5738,31598,13,185507
35558,0.000869,172.31.36.0-255,66,31664,13,185507
35559,0.000908,172.31.36.0-255,66,31730,13,185507
35560,0.000916,172.217.194.0-255,7156,38886,13,185507
35561,0.000918,172.31.36.0-255,66,38952,13,185507
35562,0.000942,172.217.194.0-255,3602,42554,13,185507
35563,0.000944,172.31.36.0-255,66,42620,13,185507
35564,0.001156,172.217.194.0-255,1484,44104,13,185507
35565,0.001176,172.217.194.0-255,2902,47006,13,185507
35566,0.00118,172.31.36.0-255,66,47072,13,185507
35567,0.001201,172.217.194.0-255,4320,51392,13,185507
35568,0.001203,172.31.36.0-255,66,51458,13,185507
35569,0.001211,172.217.194.0-255,5738,57196,13,185507
35570,0.001213,172.31.36.0-255,66,57262,13,185507
35571,0.001248,172.31.36.0-255,66,57328,13,185507
35572,0.001254,172.217.194.0-255,4320,61648,13,185507
35573,0.001257,172.31.36.0-255,66,61714,13,185507
35574,0.00131,172.217.194.0-255,3602,65316,13,185507
35575,0.001313,172.31.36.0-255,66,65382,13,185507
35576,0.001349,172.217.194.0-255,1484,66866,13,185507
35577,0.001354,172.217.194.0-255,1484,68350,13,185507
35578,0.001357,172.31.36.0-255,66,68416,13,185507
35579,0.001381,172.217.194.0-255,1484,69900,13,185507
35580,0.001387,172.217.194.0-255,5738,75638,13,185507
35581,0.00139,172.31.36.0-255,66,75704,13,185507
35582,0.001398,172.217.194.0-255,7156,82860,13,185507
35583,0.001401,172.31.36.0-255,66,82926,13,185507
35584,0.001436,172.217.194.0-255,9992,92918,13,185507
35585,0.001439,172.31.36.0-255,66,92984,13,185507
35586,0.001468,172.217.194.0-255,4320,97304,13,185507
35587,0.001471,172.217.194.0-255,2184,99488,13,185507
35588,0.001477,172.31.36.0-255,66,99554,13,185507
35589,0.00148,172.31.36.0-255,66,99620,13,185507
35590,0.001543,172.217.194.0-255,1484,101104,13,185507
35591,0.001549,172.217.194.0-255,2902,104006,13,185507
35592,0.001552,172.31.36.0-255,66,104072,13,185507
35593,0.001579,172.217.194.0-255,5738,109810,13,185507
35594,0.001582,172.31.36.0-255,66,109876,13,185507
35595,0.001585,172.217.194.0-255,1484,111360,13,185507
35596,0.001622,172.31.36.0-255,66,111426,13,185507
35597,0.001625,172.217.194.0-255,1484,112910,13,185507
35598,0.001647,172.217.194.0-255,1484,114394,13,185507
35599,0.001649,172.31.36.0-255,66,114460,13,185507
35600,0.00169,172.31.36.0-255,66,114526,13,185507
35601,0.001715,172.31.36.0-255,66,114592,13,185507
35602,0.001731,172.31.36.0-255,66,114658,13,185507
35603,0.001758,172.217.194.0-255,4320,118978,13,185507
35604,0.001763,172.31.36.0-255,66,119044,13,185507
35605,0.0018,172.31.36.0-255,66,119110,13,185507
35606,0.001819,172.31.36.0-255,66,119176,13,185507
35607,0.001826,172.217.194.0-255,5738,124914,13,185507
35608,0.001828,172.31.36.0-255,66,124980,13,185507
35609,0.00186,172.217.194.0-255,7156,132136,13,185507
35610,0.001864,172.31.36.0-255,66,132202,13,185507
35611,0.001877,172.31.36.0-255,66,132268,13,185507
35612,0.001891,172.31.36.0-255,66,132334,13,185507
35613,0.001954,172.217.194.0-255,9274,141608,13,185507
35614,0.001959,172.31.36.0-255,66,141674,13,185507
35615,0.00207,172.217.194.0-255,1484,143158,13,185507
35616,0.002076,172.217.194.0-255,2902,146060,13,185507
35617,0.00208,172.31.36.0-255,66,146126,13,185507
35618,0.002083,172.217.194.0-255,1484,147610,13,185507
35619,0.004171,172.217.194.0-255,4320,151930,13,185507
35620,0.004179,172.31.36.0-255,66,151996,13,185507
35621,0.00626,172.217.194.0-255,5738,157734,13,185507
35622,0.006264,172.31.36.0-255,66,157800,13,185507
35623,0.008319,172.217.194.0-255,5738,163538,13,185507
35624,0.008326,172.31.36.0-255,66,163604,13,185507
35625,0.010414,172.217.194.0-255,5738,169342,13,185507
35626,0.010419,172.31.36.0-255,66,169408,13,185507
35627,0.012504,172.217.194.0-255,5738,175146,13,185507
35628,0.012511,172.31.36.0-255,66,175212,13,185507
35629,0.014601,172.217.194.0-255,5738,180950,13,185507
35630,0.01461,172.31.36.0-255,66,181016,13,185507
35631,0.016694,172.217.194.0-255,4320,185336,13,185507
35632,0.016702,172.31.36.0-255,66,185402,13,185507
35633,0.018812,172.31.36.0-255,105,185507,13,185507
35634,0.0,74.125.130.0-255,298,298,13,366508
35635,3.4e-05,172.31.36.0-255,66,364,13,366508
35636,4.1e-05,74.125.130.0-255,1484,1848,13,366508
35637,4.5e-05,172.31.36.0-255,66,1914,13,366508
35638,5.1e-05,74.125.130.0-255,4320,6234,13,366508
35639,5.4e-05,172.31.36.0-255,66,6300,13,366508
35640,6.3e-05,74.125.130.0-255,7156,13456,13,366508
35641,6.5e-05,172.31.36.0-255,66,13522,13,366508
35642,7.2e-05,74.125.130.0-255,7467,20989,13,366508
35643,7.4e-05,172.31.36.0-255,66,21055,13,366508
35644,0.0001,74.125.130.0-255,4320,25375,13,366508
35645,0.000103,172.31.36.0-255,66,25441,13,366508
35646,0.000118,74.125.130.0-255,5379,30820,13,366508
35647,0.00012,172.31.36.0-255,66,30886,13,366508
35648,0.000163,74.125.130.0-255,1484,32370,13,366508
35649,0.000166,172.31.36.0-255,66,32436,13,366508
35650,0.000172,74.125.130.0-255,2902,35338,13,366508
35651,0.000174,172.31.36.0-255,66,35404,13,366508
35652,0.000197,74.125.130.0-255,4320,39724,13,366508
35653,0.0002,172.31.36.0-255,66,39790,13,366508
35654,0.000206,74.125.130.0-255,5738,45528,13,366508
35655,0.000209,172.31.36.0-255,66,45594,13,366508
35656,0.000241,74.125.130.0-255,2543,48137,13,366508
35657,0.000244,172.31.36.0-255,66,48203,13,366508
35658,0.000445,74.125.130.0-255,1484,49687,13,366508
35659,0.000451,172.31.36.0-255,66,49753,13,366508
35660,0.000459,74.125.130.0-255,2902,52655,13,366508
35661,0.000462,172.31.36.0-255,66,52721,13,366508
35662,0.000465,74.125.130.0-255,1484,54205,13,366508
35663,0.000467,172.31.36.0-255,66,54271,13,366508
35664,0.000488,74.125.130.0-255,4320,58591,13,366508
35665,0.000491,172.31.36.0-255,66,58657,13,366508
35666,0.000495,74.125.130.0-255,1484,60141,13,366508
35667,0.000516,74.125.130.0-255,5379,65520,13,366508
35668,0.000521,172.31.36.0-255,66,65586,13,366508
35669,0.000568,74.125.130.0-255,646,66232,13,366508
35670,0.000828,172.31.36.0-255,66,66298,13,366508
35671,0.000886,74.125.130.0-255,1484,67782,13,366508
35672,0.000894,74.125.130.0-255,2902,70684,13,366508
35673,0.000898,74.125.130.0-255,1484,72168,13,366508
35674,0.000911,74.125.130.0-255,4320,76488,13,366508
35675,0.000938,74.125.130.0-255,7156,83644,13,366508
35676,0.000953,74.125.130.0-255,5738,89382,13,366508
35677,0.000958,74.125.130.0-255,4320,93702,13,366508
35678,0.000963,74.125.130.0-255,5738,99440,13,366508
35679,0.000983,74.125.130.0-255,766,100206,13,366508
35680,0.001058,74.125.130.0-255,1484,101690,13,366508
35681,0.001076,74.125.130.0-255,2902,104592,13,366508
35682,0.001102,74.125.130.0-255,5738,110330,13,366508
35683,0.001106,74.125.130.0-255,2902,113232,13,366508
35684,0.001111,74.125.130.0-255,4320,117552,13,366508
35685,0.001129,74.125.130.0-255,5738,123290,13,366508
35686,0.001161,74.125.130.0-255,2902,126192,13,366508
35687,0.001178,74.125.130.0-255,7856,134048,13,366508
35688,0.001241,74.125.130.0-255,1484,135532,13,366508
35689,0.001245,74.125.130.0-255,2902,138434,13,366508
35690,0.00126,74.125.130.0-255,2902,141336,13,366508
35691,0.001272,74.125.130.0-255,2902,144238,13,366508
35692,0.001331,74.125.130.0-255,2902,147140,13,366508
35693,0.001336,74.125.130.0-255,4320,151460,13,366508
35694,0.001362,74.125.130.0-255,3602,155062,13,366508
35695,0.001423,74.125.130.0-255,1484,156546,13,366508
35696,0.001443,74.125.130.0-255,2902,159448,13,366508
35697,0.001466,74.125.130.0-255,5738,165186,13,366508
35698,0.001472,74.125.130.0-255,5738,170924,13,366508
35699,0.001479,74.125.130.0-255,7156,178080,13,366508
35700,0.001532,74.125.130.0-255,1484,179564,13,366508
35701,0.001547,74.125.130.0-255,4320,183884,13,366508
35702,0.001568,74.125.130.0-255,5020,188904,13,366508
35703,0.001613,74.125.130.0-255,1484,190388,13,366508
35704,0.001632,74.125.130.0-255,2902,193290,13,366508
35705,0.001637,74.125.130.0-255,2902,196192,13,366508
35706,0.001652,74.125.130.0-255,2902,199094,13,366508
35707,0.001669,74.125.130.0-255,6248,205342,13,366508
35708,0.001685,74.125.130.0-255,7156,212498,13,366508
35709,0.001752,74.125.130.0-255,5738,218236,13,366508
35710,0.001773,74.125.130.0-255,9992,228228,13,366508
35711,0.001782,74.125.130.0-255,9992,238220,13,366508
35712,0.001784,74.125.130.0-255,766,238986,13,366508
35713,0.001833,74.125.130.0-255,1484,240470,13,366508
35714,0.001836,74.125.130.0-255,1484,241954,13,366508
35715,0.001856,74.125.130.0-255,1484,243438,13,366508
35716,0.001862,74.125.130.0-255,5738,249176,13,366508
35717,0.001878,74.125.130.0-255,5738,254914,13,366508
35718,0.00188,74.125.130.0-255,1484,256398,13,366508
35719,0.001899,74.125.130.0-255,5738,262136,13,366508
35720,0.001949,74.125.130.0-255,4320,266456,13,366508
35721,0.001964,74.125.130.0-255,6438,272894,13,366508
35722,0.001982,74.125.130.0-255,1484,274378,13,366508
35723,0.001985,74.125.130.0-255,1484,275862,13,366508
35724,0.001994,74.125.130.0-255,1484,277346,13,366508
35725,0.001997,74.125.130.0-255,1484,278830,13,366508
35726,0.00201,74.125.130.0-255,4320,283150,13,366508
35727,0.002029,74.125.130.0-255,4320,287470,13,366508
35728,0.002051,74.125.130.0-255,5738,293208,13,366508
35729,0.002054,74.125.130.0-255,1484,294692,13,366508
35730,0.00207,74.125.130.0-255,8574,303266,13,366508
35731,0.002087,74.125.130.0-255,1484,304750,13,366508
35732,0.002091,74.125.130.0-255,2184,306934,13,366508
35733,0.002114,74.125.130.0-255,2902,309836,13,366508
35734,0.00213,74.125.130.0-255,4320,314156,13,366508
35735,0.002145,74.125.130.0-255,1484,315640,13,366508
35736,0.00216,74.125.130.0-255,7156,322796,13,366508
35737,0.002176,74.125.130.0-255,4320,327116,13,366508
35738,0.00219,74.125.130.0-255,4320,331436,13,366508
35739,0.002212,74.125.130.0-255,5738,337174,13,366508
35740,0.002223,74.125.130.0-255,1484,338658,13,366508
35741,0.002235,74.125.130.0-255,2184,340842,13,366508
35742,0.002248,74.125.130.0-255,4320,345162,13,366508
35743,0.002269,74.125.130.0-255,8574,353736,13,366508
35744,0.00228,74.125.130.0-255,1484,355220,13,366508
35745,0.002286,74.125.130.0-255,4320,359540,13,366508
35746,0.002332,74.125.130.0-255,2902,362442,13,366508
35747,0.002344,74.125.130.0-255,3627,366069,13,366508
35748,0.002347,74.125.130.0-255,97,366166,13,366508
35749,0.002435,74.125.130.0-255,105,366271,13,366508
35750,0.006593,172.31.36.0-255,66,366337,13,366508
35751,0.009258,172.31.36.0-255,105,366442,13,366508
35752,0.011826,74.125.130.0-255,66,366508,13,366508
35753,0.0,172.253.118.0-255,143,143,13,176602
35754,3.3e-05,172.31.36.0-255,66,209,13,176602
35755,4.1e-05,172.253.118.0-255,1484,1693,13,176602
35756,4.5e-05,172.31.36.0-255,66,1759,13,176602
35757,5e-05,172.253.118.0-255,2902,4661,13,176602
35758,5.3e-05,172.31.36.0-255,66,4727,13,176602
35759,6e-05,172.253.118.0-255,7156,11883,13,176602
35760,6.2e-05,172.31.36.0-255,66,11949,13,176602
35761,6.6e-05,172.253.118.0-255,1996,13945,13,176602
35762,6.8e-05,172.31.36.0-255,66,14011,13,176602
35763,0.000184,172.253.118.0-255,1484,15495,13,176602
35764,0.000188,172.31.36.0-255,66,15561,13,176602
35765,0.000196,172.253.118.0-255,2902,18463,13,176602
35766,0.000199,172.31.36.0-255,66,18529,13,176602
35767,0.000207,172.253.118.0-255,5738,24267,13,176602
35768,0.000209,172.31.36.0-255,66,24333,13,176602
35769,0.000214,172.253.118.0-255,2902,27235,13,176602
35770,0.000216,172.31.36.0-255,66,27301,13,176602
35771,0.000273,172.253.118.0-255,3961,31262,13,176602
35772,0.000277,172.31.36.0-255,66,31328,13,176602
35773,0.000297,172.253.118.0-255,4320,35648,13,176602
35774,0.0003,172.31.36.0-255,66,35714,13,176602
35775,0.000339,172.253.118.0-255,8574,44288,13,176602
35776,0.000343,172.31.36.0-255,66,44354,13,176602
35777,0.000361,172.253.118.0-255,1484,45838,13,176602
35778,0.000364,172.31.36.0-255,66,45904,13,176602
35779,0.000369,172.253.118.0-255,2543,48447,13,176602
35780,0.000371,172.31.36.0-255,66,48513,13,176602
35781,0.000446,172.253.118.0-255,1484,49997,13,176602
35782,0.00045,172.31.36.0-255,66,50063,13,176602
35783,0.000453,172.253.118.0-255,1484,51547,13,176602
35784,0.000457,172.31.36.0-255,66,51613,13,176602
35785,0.000472,172.253.118.0-255,1484,53097,13,176602
35786,0.000476,172.253.118.0-255,1484,54581,13,176602
35787,0.000479,172.31.36.0-255,66,54647,13,176602
35788,0.000501,172.253.118.0-255,4320,58967,13,176602
35789,0.000503,172.253.118.0-255,1484,60451,13,176602
35790,0.000506,172.31.36.0-255,66,60517,13,176602
35791,0.00052,172.253.118.0-255,1484,62001,13,176602
35792,0.000523,172.31.36.0-255,66,62067,13,176602
35793,0.000573,172.253.118.0-255,1484,63551,13,176602
35794,0.000596,172.253.118.0-255,2871,66422,13,176602
35795,0.0006,172.31.36.0-255,66,66488,13,176602
35796,0.000813,172.253.118.0-255,350,66838,13,176602
35797,0.000845,172.31.36.0-255,66,66904,13,176602
35798,0.001027,172.253.118.0-255,1484,68388,13,176602
35799,0.001037,172.253.118.0-255,2902,71290,13,176602
35800,0.001041,172.31.36.0-255,66,71356,13,176602
35801,0.001048,172.253.118.0-255,5738,77094,13,176602
35802,0.00105,172.31.36.0-255,66,77160,13,176602
35803,0.001074,172.253.118.0-255,8574,85734,13,176602
35804,0.001077,172.31.36.0-255,66,85800,13,176602
35805,0.001107,172.253.118.0-255,4320,90120,13,176602
35806,0.00111,172.31.36.0-255,66,90186,13,176602
35807,0.001118,172.253.118.0-255,9992,100178,13,176602
35808,0.001121,172.31.36.0-255,66,100244,13,176602
35809,0.001124,172.253.118.0-255,766,101010,13,176602
35810,0.001715,172.253.118.0-255,1484,102494,13,176602
35811,0.001721,172.31.36.0-255,66,102560,13,176602
35812,0.001728,172.253.118.0-255,2902,105462,13,176602
35813,0.00173,172.31.36.0-255,66,105528,13,176602
35814,0.001735,172.253.118.0-255,4320,109848,13,176602
35815,0.001737,172.31.36.0-255,66,109914,13,176602
35816,0.001762,172.253.118.0-255,5738,115652,13,176602
35817,0.001764,172.31.36.0-255,66,115718,13,176602
35818,0.00177,172.253.118.0-255,4320,120038,13,176602
35819,0.001772,172.31.36.0-255,66,120104,13,176602
35820,0.001788,172.253.118.0-255,7156,127260,13,176602
35821,0.001792,172.31.36.0-255,66,127326,13,176602
35822,0.001799,172.253.118.0-255,7856,135182,13,176602
35823,0.001801,172.31.36.0-255,66,135248,13,176602
35824,0.004153,172.253.118.0-255,2902,138150,13,176602
35825,0.004157,172.31.36.0-255,66,138216,13,176602
35826,0.004175,172.253.118.0-255,2902,141118,13,176602
35827,0.004177,172.31.36.0-255,66,141184,13,176602
35828,0.00657,172.253.118.0-255,5738,146922,13,176602
35829,0.006576,172.31.36.0-255,66,146988,13,176602
35830,0.008965,172.253.118.0-255,5738,152726,13,176602
35831,0.008973,172.31.36.0-255,66,152792,13,176602
35832,0.011385,172.253.118.0-255,2902,155694,13,176602
35833,0.011392,172.31.36.0-255,66,155760,13,176602
35834,0.011442,172.253.118.0-255,2902,158662,13,176602
35835,0.011445,172.31.36.0-255,66,158728,13,176602
35836,0.013761,172.253.118.0-255,2902,161630,13,176602
35837,0.01377,172.31.36.0-255,66,161696,13,176602
35838,0.013803,172.253.118.0-255,2902,164598,13,176602
35839,0.013808,172.31.36.0-255,66,164664,13,176602
35840,0.016109,172.253.118.0-255,2902,167566,13,176602
35841,0.016117,172.31.36.0-255,66,167632,13,176602
35842,0.016154,172.253.118.0-255,2902,170534,13,176602
35843,0.016158,172.31.36.0-255,66,170600,13,176602
35844,0.018497,172.253.118.0-255,2902,173502,13,176602
35845,0.018506,172.31.36.0-255,66,173568,13,176602
35846,0.018528,172.253.118.0-255,1484,175052,13,176602
35847,0.018545,172.253.118.0-255,1484,176536,13,176602
35848,0.018548,172.31.36.0-255,66,176602,13,176602
35849,0.0,172.31.36.0-255,248,248,13,314
35850,0.006178,172.217.194.0-255,66,314,13,314
35851,0.0,74.125.24.0-255,296,296,13,313041
35852,1.6e-05,172.31.36.0-255,66,362,13,313041
35853,2e-05,74.125.24.0-255,1484,1846,13,313041
35854,2.4e-05,172.31.36.0-255,66,1912,13,313041
35855,3.1e-05,74.125.24.0-255,4320,6232,13,313041
35856,3.9e-05,172.31.36.0-255,66,6298,13,313041
35857,7.2e-05,74.125.24.0-255,2902,9200,13,313041
35858,7.5e-05,172.31.36.0-255,66,9266,13,313041
35859,9.9e-05,74.125.24.0-255,4721,13987,13,313041
35860,0.000103,172.31.36.0-255,66,14053,13,313041
35861,0.000259,74.125.24.0-255,1484,15537,13,313041
35862,0.000263,172.31.36.0-255,66,15603,13,313041
35863,0.000269,74.125.24.0-255,2902,18505,13,313041
35864,0.000272,172.31.36.0-255,66,18571,13,313041
35865,0.000284,74.125.24.0-255,5738,24309,13,313041
35866,0.000286,172.31.36.0-255,66,24375,13,313041
35867,0.000289,74.125.24.0-255,1484,25859,13,313041
35868,0.000291,172.31.36.0-255,66,25925,13,313041
35869,0.000319,74.125.24.0-255,5379,31304,13,313041
35870,0.000322,172.31.36.0-255,66,31370,13,313041
35871,0.000381,74.125.24.0-255,1484,32854,13,313041
35872,0.000384,172.31.36.0-255,66,32920,13,313041
35873,0.000389,74.125.24.0-255,2902,35822,13,313041
35874,0.000391,172.31.36.0-255,66,35888,13,313041
35875,0.000411,74.125.24.0-255,2902,38790,13,313041
35876,0.000413,172.31.36.0-255,66,38856,13,313041
35877,0.000449,74.125.24.0-255,7156,46012,13,313041
35878,0.000452,172.31.36.0-255,66,46078,13,313041
35879,0.000457,74.125.24.0-255,2543,48621,13,313041
35880,0.00046,172.31.36.0-255,66,48687,13,313041
35881,0.000994,74.125.24.0-255,1484,50171,13,313041
35882,0.001,172.31.36.0-255,66,50237,13,313041
35883,0.001008,74.125.24.0-255,2902,53139,13,313041
35884,0.00101,172.31.36.0-255,66,53205,13,313041
35885,0.001022,74.125.24.0-255,5738,58943,13,313041
35886,0.001024,172.31.36.0-255,66,59009,13,313041
35887,0.001057,74.125.24.0-255,6797,65806,13,313041
35888,0.001059,172.31.36.0-255,66,65872,13,313041
35889,0.001098,74.125.24.0-255,7156,73028,13,313041
35890,0.0011,172.31.36.0-255,66,73094,13,313041
35891,0.001155,74.125.24.0-255,8574,81668,13,313041
35892,0.001158,172.31.36.0-255,66,81734,13,313041
35893,0.001164,74.125.24.0-255,4320,86054,13,313041
35894,0.001167,172.31.36.0-255,66,86120,13,313041
35895,0.001211,172.31.36.0-255,66,86186,13,313041
35896,0.001215,74.125.24.0-255,2543,88729,13,313041
35897,0.001217,172.31.36.0-255,66,88795,13,313041
35898,0.001241,74.125.24.0-255,2902,91697,13,313041
35899,0.001258,172.31.36.0-255,66,91763,13,313041
35900,0.001289,74.125.24.0-255,5738,97501,13,313041
35901,0.001292,172.31.36.0-255,66,97567,13,313041
35902,0.001317,74.125.24.0-255,2902,100469,13,313041
35903,0.001319,172.31.36.0-255,66,100535,13,313041
35904,0.001347,74.125.24.0-255,5264,105799,13,313041
35905,0.00135,172.31.36.0-255,66,105865,13,313041
35906,0.001446,74.125.24.0-255,1484,107349,13,313041
35907,0.001472,74.125.24.0-255,2902,110251,13,313041
35908,0.001476,172.31.36.0-255,66,110317,13,313041
35909,0.001482,74.125.24.0-255,5738,116055,13,313041
35910,0.001485,172.31.36.0-255,66,116121,13,313041
35911,0.001514,74.125.24.0-255,4320,120441,13,313041
35912,0.001517,172.31.36.0-255,66,120507,13,313041
35913,0.00154,74.125.24.0-255,2667,123174,13,313041
35914,0.001543,172.31.36.0-255,66,123240,13,313041
35915,0.001613,74.125.24.0-255,1484,124724,13,313041
35916,0.001618,74.125.24.0-255,2902,127626,13,313041
35917,0.001622,172.31.36.0-255,66,127692,13,313041
35918,0.00165,74.125.24.0-255,5738,133430,13,313041
35919,0.001653,172.31.36.0-255,66,133496,13,313041
35920,0.001667,172.31.36.0-255,66,133562,13,313041
35921,0.001674,74.125.24.0-255,7156,140718,13,313041
35922,0.001677,172.31.36.0-255,66,140784,13,313041
35923,0.001721,74.125.24.0-255,3602,144386,13,313041
35924,0.001724,172.31.36.0-255,66,144452,13,313041
35925,0.001728,74.125.24.0-255,2902,147354,13,313041
35926,0.001731,172.31.36.0-255,66,147420,13,313041
35927,0.001748,74.125.24.0-255,1484,148904,13,313041
35928,0.001756,74.125.24.0-255,7156,156060,13,313041
35929,0.001758,172.31.36.0-255,66,156126,13,313041
35930,0.00178,74.125.24.0-255,2902,159028,13,313041
35931,0.001782,172.31.36.0-255,66,159094,13,313041
35932,0.001789,74.125.24.0-255,7156,166250,13,313041
35933,0.001792,172.31.36.0-255,66,166316,13,313041
35934,0.001837,172.31.36.0-255,66,166382,13,313041
35935,0.002195,74.125.24.0-255,1484,167866,13,313041
35936,0.0022,74.125.24.0-255,2902,170768,13,313041
35937,0.002205,74.125.24.0-255,5738,176506,13,313041
35938,0.002209,74.125.24.0-255,2902,179408,13,313041
35939,0.002216,172.31.36.0-255,66,179474,13,313041
35940,0.002219,172.31.36.0-255,66,179540,13,313041
35941,0.002221,172.31.36.0-255,66,179606,13,313041
35942,0.002257,74.125.24.0-255,9992,189598,13,313041
35943,0.002264,172.31.36.0-255,66,189664,13,313041
35944,0.002275,74.125.24.0-255,9992,199656,13,313041
35945,0.002277,172.31.36.0-255,66,199722,13,313041
35946,0.00228,74.125.24.0-255,766,200488,13,313041
35947,0.002486,74.125.24.0-255,1484,201972,13,313041
35948,0.00249,172.31.36.0-255,66,202038,13,313041
35949,0.002495,74.125.24.0-255,2902,204940,13,313041
35950,0.002497,172.31.36.0-255,66,205006,13,313041
35951,0.00253,74.125.24.0-255,5738,210744,13,313041
35952,0.002533,172.31.36.0-255,66,210810,13,313041
35953,0.002545,74.125.24.0-255,7156,217966,13,313041
35954,0.002548,172.31.36.0-255,66,218032,13,313041
35955,0.002553,74.125.24.0-255,4320,222352,13,313041
35956,0.002555,172.31.36.0-255,66,222418,13,313041
35957,0.002571,74.125.24.0-255,1484,223902,13,313041
35958,0.002598,74.125.24.0-255,10692,234594,13,313041
35959,0.002602,172.31.36.0-255,66,234660,13,313041
35960,0.002659,74.125.24.0-255,1484,236144,13,313041
35961,0.002663,74.125.24.0-255,2902,239046,13,313041
35962,0.002667,172.31.36.0-255,66,239112,13,313041
35963,0.0027,74.125.24.0-255,4320,243432,13,313041
35964,0.002704,172.31.36.0-255,66,243498,13,313041
35965,0.00271,74.125.24.0-255,5738,249236,13,313041
35966,0.002712,172.31.36.0-255,66,249302,13,313041
35967,0.00273,172.31.36.0-255,66,249368,13,313041
35968,0.002737,74.125.24.0-255,7856,257224,13,313041
35969,0.00274,172.31.36.0-255,66,257290,13,313041
35970,0.00279,74.125.24.0-255,1484,258774,13,313041
35971,0.002795,74.125.24.0-255,2902,261676,13,313041
35972,0.002798,172.31.36.0-255,66,261742,13,313041
35973,0.002805,74.125.24.0-255,5738,267480,13,313041
35974,0.002807,172.31.36.0-255,66,267546,13,313041
35975,0.002838,74.125.24.0-255,8574,276120,13,313041
35976,0.002841,172.31.36.0-255,66,276186,13,313041
35977,0.002868,74.125.24.0-255,4320,280506,13,313041
35978,0.002871,172.31.36.0-255,66,280572,13,313041
35979,0.002905,74.125.24.0-255,10692,291264,13,313041
35980,0.002908,172.31.36.0-255,66,291330,13,313041
35981,0.002912,74.125.24.0-255,1484,292814,13,313041
35982,0.002943,74.125.24.0-255,9992,302806,13,313041
35983,0.002946,172.31.36.0-255,66,302872,13,313041
35984,0.002953,74.125.24.0-255,7156,310028,13,313041
35985,0.002955,172.31.36.0-255,66,310094,13,313041
35986,0.003015,172.31.36.0-255,66,310160,13,313041
35987,0.003032,74.125.24.0-255,1885,312045,13,313041
35988,0.003034,172.31.36.0-255,66,312111,13,313041
35989,0.003056,74.125.24.0-255,105,312216,13,313041
35990,0.00314,74.125.24.0-255,129,312345,13,313041
35991,0.009832,172.31.36.0-255,105,312450,13,313041
35992,0.009872,172.31.36.0-255,105,312555,13,313041
35993,0.010094,172.31.36.0-255,90,312645,13,313041
35994,0.010103,172.31.36.0-255,66,312711,13,313041
35995,0.012022,74.125.24.0-255,66,312777,13,313041
35996,0.012078,74.125.24.0-255,66,312843,13,313041
35997,0.012285,74.125.24.0-255,66,312909,13,313041
35998,0.012309,74.125.24.0-255,66,312975,13,313041
35999,0.012314,172.31.36.0-255,66,313041,13,313041
36000,0.0,172.217.194.0-255,153,153,13,285776
36001,2.1e-05,172.31.36.0-255,66,219,13,285776
36002,2.7e-05,172.217.194.0-255,1484,1703,13,285776
36003,3e-05,172.31.36.0-255,66,1769,13,285776
36004,3.5e-05,172.217.194.0-255,2902,4671,13,285776
36005,3.8e-05,172.31.36.0-255,66,4737,13,285776
36006,4.5e-05,172.217.194.0-255,7156,11893,13,285776
36007,4.8e-05,172.31.36.0-255,66,11959,13,285776
36008,5e-05,172.217.194.0-255,1484,13443,13,285776
36009,5.3e-05,172.31.36.0-255,66,13509,13,285776
36010,7.6e-05,172.217.194.0-255,8574,22083,13,285776
36011,7.9e-05,172.31.36.0-255,66,22149,13,285776
36012,0.000102,172.217.194.0-255,6328,28477,13,285776
36013,0.000105,172.31.36.0-255,66,28543,13,285776
36014,0.00011,172.217.194.0-255,2543,31086,13,285776
36015,0.000112,172.31.36.0-255,66,31152,13,285776
36016,0.000158,172.217.194.0-255,1484,32636,13,285776
36017,0.000161,172.31.36.0-255,66,32702,13,285776
36018,0.000165,172.217.194.0-255,1484,34186,13,285776
36019,0.000167,172.31.36.0-255,66,34252,13,285776
36020,0.00018,172.217.194.0-255,1484,35736,13,285776
36021,0.000183,172.31.36.0-255,66,35802,13,285776
36022,0.00019,172.217.194.0-255,5738,41540,13,285776
36023,0.000192,172.31.36.0-255,66,41606,13,285776
36024,0.000207,172.217.194.0-255,2902,44508,13,285776
36025,0.000209,172.31.36.0-255,66,44574,13,285776
36026,0.000244,172.217.194.0-255,6797,51371,13,285776
36027,0.000246,172.31.36.0-255,66,51437,13,285776
36028,0.000256,172.217.194.0-255,9992,61429,13,285776
36029,0.000259,172.31.36.0-255,66,61495,13,285776
36030,0.000264,172.217.194.0-255,4213,65708,13,285776
36031,0.000267,172.31.36.0-255,66,65774,13,285776
36032,0.000345,172.217.194.0-255,120,65894,13,285776
36033,0.000645,172.217.194.0-255,380,66274,13,285776
36034,0.000936,172.217.194.0-255,1484,67758,13,285776
36035,0.000942,172.217.194.0-255,2902,70660,13,285776
36036,0.000949,172.217.194.0-255,5738,76398,13,285776
36037,0.000959,172.31.36.0-255,66,76464,13,285776
36038,0.000964,172.31.36.0-255,66,76530,13,285776
36039,0.000968,172.31.36.0-255,66,76596,13,285776
36040,0.000983,172.31.36.0-255,66,76662,13,285776
36041,0.000993,172.217.194.0-255,10692,87354,13,285776
36042,0.000996,172.31.36.0-255,66,87420,13,285776
36043,0.001331,172.217.194.0-255,1484,88904,13,285776
36044,0.001354,172.217.194.0-255,2902,91806,13,285776
36045,0.001363,172.31.36.0-255,66,91872,13,285776
36046,0.001381,172.217.194.0-255,2902,94774,13,285776
36047,0.001383,172.31.36.0-255,66,94840,13,285776
36048,0.00141,172.217.194.0-255,2902,97742,13,285776
36049,0.001413,172.31.36.0-255,66,97808,13,285776
36050,0.001442,172.31.36.0-255,66,97874,13,285776
36051,0.001456,172.31.36.0-255,66,97940,13,285776
36052,0.00153,172.217.194.0-255,1484,99424,13,285776
36053,0.001546,172.217.194.0-255,2902,102326,13,285776
36054,0.001549,172.31.36.0-255,66,102392,13,285776
36055,0.001584,172.217.194.0-255,2902,105294,13,285776
36056,0.001587,172.31.36.0-255,66,105360,13,285776
36057,0.001614,172.217.194.0-255,2902,108262,13,285776
36058,0.001617,172.31.36.0-255,66,108328,13,285776
36059,0.001624,172.217.194.0-255,7156,115484,13,285776
36060,0.001627,172.31.36.0-255,66,115550,13,285776
36061,0.001635,172.217.194.0-255,8574,124124,13,285776
36062,0.001637,172.31.36.0-255,66,124190,13,285776
36063,0.001646,172.217.194.0-255,7856,132046,13,285776
36064,0.001648,172.31.36.0-255,66,132112,13,285776
36065,0.001652,172.217.194.0-255,2902,135014,13,285776
36066,0.001655,172.31.36.0-255,66,135080,13,285776
36067,0.001685,172.217.194.0-255,5738,140818,13,285776
36068,0.001688,172.31.36.0-255,66,140884,13,285776
36069,0.001697,172.217.194.0-255,8574,149458,13,285776
36070,0.0017,172.31.36.0-255,66,149524,13,285776
36071,0.001709,172.217.194.0-255,9992,159516,13,285776
36072,0.001711,172.31.36.0-255,66,159582,13,285776
36073,0.001727,172.217.194.0-255,1484,161066,13,285776
36074,0.001756,172.31.36.0-255,66,161132,13,285776
36075,0.001772,172.217.194.0-255,3602,164734,13,285776
36076,0.001775,172.31.36.0-255,66,164800,13,285776
36077,0.00182,172.31.36.0-255,66,164866,13,285776
36078,0.002288,172.217.194.0-255,1484,166350,13,285776
36079,0.002312,172.217.194.0-255,2902,169252,13,285776
36080,0.002316,172.31.36.0-255,66,169318,13,285776
36081,0.002321,172.217.194.0-255,2902,172220,13,285776
36082,0.002323,172.31.36.0-255,66,172286,13,285776
36083,0.00234,172.217.194.0-255,2902,175188,13,285776
36084,0.002343,172.31.36.0-255,66,175254,13,285776
36085,0.002349,172.217.194.0-255,5738,180992,13,285776
36086,0.002351,172.31.36.0-255,66,181058,13,285776
36087,0.00239,172.217.194.0-255,5738,186796,13,285776
36088,0.002393,172.31.36.0-255,66,186862,13,285776
36089,0.002409,172.217.194.0-255,7156,194018,13,285776
36090,0.002414,172.217.194.0-255,5020,199038,13,285776
36091,0.002419,172.31.36.0-255,66,199104,13,285776
36092,0.002422,172.31.36.0-255,66,199170,13,285776
36093,0.002519,172.217.194.0-255,1484,200654,13,285776
36094,0.002525,172.217.194.0-255,2902,203556,13,285776
36095,0.002529,172.31.36.0-255,66,203622,13,285776
36096,0.002534,172.217.194.0-255,2902,206524,13,285776
36097,0.002536,172.31.36.0-255,66,206590,13,285776
36098,0.002555,172.217.194.0-255,2902,209492,13,285776
36099,0.002559,172.31.36.0-255,66,209558,13,285776
36100,0.002563,172.217.194.0-255,2902,212460,13,285776
36101,0.002565,172.31.36.0-255,66,212526,13,285776
36102,0.002569,172.217.194.0-255,2902,215428,13,285776
36103,0.002571,172.31.36.0-255,66,215494,13,285776
36104,0.002597,172.217.194.0-255,7156,222650,13,285776
36105,0.0026,172.31.36.0-255,66,222716,13,285776
36106,0.00261,172.217.194.0-255,10692,233408,13,285776
36107,0.002613,172.31.36.0-255,66,233474,13,285776
36108,0.002633,172.217.194.0-255,2902,236376,13,285776
36109,0.002638,172.31.36.0-255,66,236442,13,285776
36110,0.002668,172.217.194.0-255,8574,245016,13,285776
36111,0.002671,172.31.36.0-255,66,245082,13,285776
36112,0.002678,172.217.194.0-255,7156,252238,13,285776
36113,0.002681,172.31.36.0-255,66,252304,13,285776
36114,0.005371,172.217.194.0-255,5738,258042,13,285776
36115,0.00538,172.31.36.0-255,66,258108,13,285776
36116,0.008009,172.217.194.0-255,4320,262428,13,285776
36117,0.008014,172.31.36.0-255,66,262494,13,285776
36118,0.008032,172.217.194.0-255,1484,263978,13,285776
36119,0.010688,172.217.194.0-255,4320,268298,13,285776
36120,0.010697,172.31.36.0-255,66,268364,13,285776
36121,0.013371,172.217.194.0-255,5738,274102,13,285776
36122,0.013379,172.31.36.0-255,66,274168,13,285776
36123,0.01603,172.217.194.0-255,5738,279906,13,285776
36124,0.01604,172.31.36.0-255,66,279972,13,285776
36125,0.01867,172.217.194.0-255,5738,285710,13,285776
36126,0.018677,172.31.36.0-255,66,285776,13,285776
36127,0.0,172.217.194.0-255,146,146,13,218434
36128,1.6e-05,172.31.36.0-255,66,212,13,218434
36129,2.3e-05,172.217.194.0-255,1484,1696,13,218434
36130,2.8e-05,172.31.36.0-255,66,1762,13,218434
36131,4.2e-05,172.217.194.0-255,2902,4664,13,218434
36132,4.5e-05,172.31.36.0-255,66,4730,13,218434
36133,5.3e-05,172.217.194.0-255,7156,11886,13,218434
36134,5.6e-05,172.31.36.0-255,66,11952,13,218434
36135,6.1e-05,172.217.194.0-255,2030,13982,13,218434
36136,6.4e-05,172.31.36.0-255,66,14048,13,218434
36137,8.1e-05,172.217.194.0-255,1484,15532,13,218434
36138,8.3e-05,172.31.36.0-255,66,15598,13,218434
36139,9.3e-05,172.217.194.0-255,2902,18500,13,218434
36140,9.6e-05,172.31.36.0-255,66,18566,13,218434
36141,9.9e-05,172.217.194.0-255,1484,20050,13,218434
36142,0.000101,172.31.36.0-255,66,20116,13,218434
36143,0.000136,172.217.194.0-255,4320,24436,13,218434
36144,0.000139,172.31.36.0-255,66,24502,13,218434
36145,0.000143,172.217.194.0-255,1484,25986,13,218434
36146,0.000145,172.31.36.0-255,66,26052,13,218434
36147,0.000184,172.217.194.0-255,6797,32849,13,218434
36148,0.000192,172.31.36.0-255,66,32915,13,218434
36149,0.000201,172.217.194.0-255,8574,41489,13,218434
36150,0.000204,172.31.36.0-255,66,41555,13,218434
36151,0.000211,172.217.194.0-255,6797,48352,13,218434
36152,0.000213,172.31.36.0-255,66,48418,13,218434
36153,0.000243,172.217.194.0-255,1484,49902,13,218434
36154,0.000245,172.31.36.0-255,66,49968,13,218434
36155,0.000277,172.217.194.0-255,5738,55706,13,218434
36156,0.00028,172.31.36.0-255,66,55772,13,218434
36157,0.00029,172.217.194.0-255,9633,65405,13,218434
36158,0.000292,172.31.36.0-255,66,65471,13,218434
36159,0.000295,172.217.194.0-255,356,65827,13,218434
36160,0.000397,172.217.194.0-255,387,66214,13,218434
36161,0.000707,172.217.194.0-255,1484,67698,13,218434
36162,0.000715,172.217.194.0-255,2902,70600,13,218434
36163,0.000719,172.217.194.0-255,1484,72084,13,218434
36164,0.000733,172.217.194.0-255,4320,76404,13,218434
36165,0.000755,172.217.194.0-255,5738,82142,13,218434
36166,0.000759,172.217.194.0-255,2902,85044,13,218434
36167,0.000765,172.31.36.0-255,66,85110,13,218434
36168,0.000786,172.217.194.0-255,9992,95102,13,218434
36169,0.00082,172.217.194.0-255,5020,100122,13,218434
36170,0.000824,172.31.36.0-255,66,100188,13,218434
36171,0.000833,172.31.36.0-255,66,100254,13,218434
36172,0.001244,172.217.194.0-255,1484,101738,13,218434
36173,0.001269,172.217.194.0-255,2902,104640,13,218434
36174,0.001273,172.31.36.0-255,66,104706,13,218434
36175,0.00128,172.217.194.0-255,5738,110444,13,218434
36176,0.001283,172.217.194.0-255,1484,111928,13,218434
36177,0.00129,172.31.36.0-255,66,111994,13,218434
36178,0.001328,172.217.194.0-255,1484,113478,13,218434
36179,0.001344,172.217.194.0-255,5738,119216,13,218434
36180,0.001356,172.217.194.0-255,3602,122818,13,218434
36181,0.001365,172.31.36.0-255,66,122884,13,218434
36182,0.002023,172.217.194.0-255,1484,124368,13,218434
36183,0.002034,172.217.194.0-255,2902,127270,13,218434
36184,0.002039,172.31.36.0-255,66,127336,13,218434
36185,0.002047,172.217.194.0-255,5738,133074,13,218434
36186,0.002071,172.217.194.0-255,5738,138812,13,218434
36187,0.002085,172.217.194.0-255,4320,143132,13,218434
36188,0.002102,172.217.194.0-255,2902,146034,13,218434
36189,0.002144,172.217.194.0-255,4320,150354,13,218434
36190,0.002165,172.217.194.0-255,6438,156792,13,218434
36191,0.002221,172.217.194.0-255,1484,158276,13,218434
36192,0.002227,172.217.194.0-255,2902,161178,13,218434
36193,0.002259,172.217.194.0-255,5738,166916,13,218434
36194,0.002276,172.217.194.0-255,4320,171236,13,218434
36195,0.002296,172.217.194.0-255,8574,179810,13,218434
36196,0.002301,172.217.194.0-255,2902,182712,13,218434
36197,0.002322,172.217.194.0-255,1484,184196,13,218434
36198,0.002335,172.217.194.0-255,2902,187098,13,218434
36199,0.002354,172.217.194.0-255,3602,190700,13,218434
36200,0.006688,172.31.36.0-255,66,190766,13,218434
36201,0.009081,172.217.194.0-255,4320,195086,13,218434
36202,0.009089,172.31.36.0-255,66,195152,13,218434
36203,0.00912,172.217.194.0-255,1484,196636,13,218434
36204,0.011449,172.217.194.0-255,4320,200956,13,218434
36205,0.011457,172.31.36.0-255,66,201022,13,218434
36206,0.013867,172.217.194.0-255,5738,206760,13,218434
36207,0.013953,172.31.36.0-255,66,206826,13,218434
36208,0.016364,172.217.194.0-255,5738,212564,13,218434
36209,0.016374,172.31.36.0-255,66,212630,13,218434
36210,0.018763,172.217.194.0-255,5738,218368,13,218434
36211,0.018771,172.31.36.0-255,66,218434,13,218434
36212,0.0,74.125.24.0-255,153,153,13,260304
36213,3.2e-05,172.31.36.0-255,66,219,13,260304
36214,4e-05,74.125.24.0-255,1484,1703,13,260304
36215,4.4e-05,172.31.36.0-255,66,1769,13,260304
36216,4.9e-05,74.125.24.0-255,2902,4671,13,260304
36217,5.1e-05,172.31.36.0-255,66,4737,13,260304
36218,5.8e-05,74.125.24.0-255,7156,11893,13,260304
36219,6.1e-05,172.31.36.0-255,66,11959,13,260304
36220,6.5e-05,74.125.24.0-255,2105,14064,13,260304
36221,6.7e-05,172.31.36.0-255,66,14130,13,260304
36222,8.3e-05,74.125.24.0-255,2902,17032,13,260304
36223,8.5e-05,172.31.36.0-255,66,17098,13,260304
36224,0.000112,74.125.24.0-255,7156,24254,13,260304
36225,0.000115,172.31.36.0-255,66,24320,13,260304
36226,0.000122,74.125.24.0-255,6797,31117,13,260304
36227,0.000124,172.31.36.0-255,66,31183,13,260304
36228,0.000186,74.125.24.0-255,1484,32667,13,260304
36229,0.000189,172.31.36.0-255,66,32733,13,260304
36230,0.000194,74.125.24.0-255,2902,35635,13,260304
36231,0.000196,172.31.36.0-255,66,35701,13,260304
36232,0.0002,74.125.24.0-255,2902,38603,13,260304
36233,0.000202,172.31.36.0-255,66,38669,13,260304
36234,0.000216,74.125.24.0-255,2902,41571,13,260304
36235,0.000218,172.31.36.0-255,66,41637,13,260304
36236,0.000224,74.125.24.0-255,5738,47375,13,260304
36237,0.000226,172.31.36.0-255,66,47441,13,260304
36238,0.000269,74.125.24.0-255,4320,51761,13,260304
36239,0.000272,172.31.36.0-255,66,51827,13,260304
36240,0.000304,172.31.36.0-255,66,51893,13,260304
36241,0.000307,74.125.24.0-255,360,52253,13,260304
36242,0.000309,172.31.36.0-255,66,52319,13,260304
36243,0.000334,74.125.24.0-255,130,52449,13,260304
36244,0.00036,74.125.24.0-255,349,52798,13,260304
36245,0.00073,74.125.24.0-255,1484,54282,13,260304
36246,0.000735,172.31.36.0-255,66,54348,13,260304
36247,0.00074,74.125.24.0-255,2902,57250,13,260304
36248,0.000742,172.31.36.0-255,66,57316,13,260304
36249,0.000768,74.125.24.0-255,5738,63054,13,260304
36250,0.00077,172.31.36.0-255,66,63120,13,260304
36251,0.000795,74.125.24.0-255,1484,64604,13,260304
36252,0.000818,172.31.36.0-255,66,64670,13,260304
36253,0.000838,74.125.24.0-255,5738,70408,13,260304
36254,0.000841,172.31.36.0-255,66,70474,13,260304
36255,0.00086,74.125.24.0-255,5020,75494,13,260304
36256,0.000862,172.31.36.0-255,66,75560,13,260304
36257,0.001214,74.125.24.0-255,1484,77044,13,260304
36258,0.001234,74.125.24.0-255,2902,79946,13,260304
36259,0.001239,172.31.36.0-255,66,80012,13,260304
36260,0.001244,74.125.24.0-255,2902,82914,13,260304
36261,0.001247,172.31.36.0-255,66,82980,13,260304
36262,0.001264,74.125.24.0-255,2902,85882,13,260304
36263,0.001267,172.31.36.0-255,66,85948,13,260304
36264,0.00129,172.31.36.0-255,66,86014,13,260304
36265,0.001297,74.125.24.0-255,5738,91752,13,260304
36266,0.001299,172.31.36.0-255,66,91818,13,260304
36267,0.00134,74.125.24.0-255,2902,94720,13,260304
36268,0.001344,172.31.36.0-255,66,94786,13,260304
36269,0.001362,74.125.24.0-255,2184,96970,13,260304
36270,0.001364,172.31.36.0-255,66,97036,13,260304
36271,0.001451,74.125.24.0-255,1484,98520,13,260304
36272,0.001471,74.125.24.0-255,2902,101422,13,260304
36273,0.001474,172.31.36.0-255,66,101488,13,260304
36274,0.001481,74.125.24.0-255,5738,107226,13,260304
36275,0.001483,172.31.36.0-255,66,107292,13,260304
36276,0.001488,74.125.24.0-255,2902,110194,13,260304
36277,0.00149,172.31.36.0-255,66,110260,13,260304
36278,0.001521,74.125.24.0-255,9992,120252,13,260304
36279,0.001523,172.31.36.0-255,66,120318,13,260304
36280,0.001542,74.125.24.0-255,2902,123220,13,260304
36281,0.001544,172.31.36.0-255,66,123286,13,260304
36282,0.001569,74.125.24.0-255,7856,131142,13,260304
36283,0.001572,172.31.36.0-255,66,131208,13,260304
36284,0.00181,74.125.24.0-255,1484,132692,13,260304
36285,0.001816,74.125.24.0-255,2902,135594,13,260304
36286,0.00182,172.31.36.0-255,66,135660,13,260304
36287,0.001825,74.125.24.0-255,4320,139980,13,260304
36288,0.001827,172.31.36.0-255,66,140046,13,260304
36289,0.001838,74.125.24.0-255,1484,141530,13,260304
36290,0.001842,74.125.24.0-255,1484,143014,13,260304
36291,0.001844,172.31.36.0-255,66,143080,13,260304
36292,0.001866,74.125.24.0-255,8574,151654,13,260304
36293,0.001869,172.31.36.0-255,66,151720,13,260304
36294,0.001876,74.125.24.0-255,7156,158876,13,260304
36295,0.001877,172.31.36.0-255,66,158942,13,260304
36296,0.001899,74.125.24.0-255,4320,163262,13,260304
36297,0.0019,172.31.36.0-255,66,163328,13,260304
36298,0.001904,74.125.24.0-255,2184,165512,13,260304
36299,0.001906,172.31.36.0-255,66,165578,13,260304
36300,0.001945,74.125.24.0-255,1484,167062,13,260304
36301,0.00196,74.125.24.0-255,2902,169964,13,260304
36302,0.001962,172.31.36.0-255,66,170030,13,260304
36303,0.001966,74.125.24.0-255,2902,172932,13,260304
36304,0.001968,172.31.36.0-255,66,172998,13,260304
36305,0.001983,74.125.24.0-255,2902,175900,13,260304
36306,0.001985,172.31.36.0-255,66,175966,13,260304
36307,0.002005,74.125.24.0-255,7156,183122,13,260304
36308,0.002007,172.31.36.0-255,66,183188,13,260304
36309,0.002028,74.125.24.0-255,5738,188926,13,260304
36310,0.00203,172.31.36.0-255,66,188992,13,260304
36311,0.002071,74.125.24.0-255,10692,199684,13,260304
36312,0.002074,172.31.36.0-255,66,199750,13,260304
36313,0.002111,74.125.24.0-255,1484,201234,13,260304
36314,0.002114,74.125.24.0-255,1484,202718,13,260304
36315,0.002116,172.31.36.0-255,66,202784,13,260304
36316,0.002132,74.125.24.0-255,1484,204268,13,260304
36317,0.002138,74.125.24.0-255,5738,210006,13,260304
36318,0.00214,172.31.36.0-255,66,210072,13,260304
36319,0.002178,74.125.24.0-255,5738,215810,13,260304
36320,0.002181,172.31.36.0-255,66,215876,13,260304
36321,0.002195,172.31.36.0-255,66,215942,13,260304
36322,0.002247,74.125.24.0-255,5020,220962,13,260304
36323,0.002251,172.31.36.0-255,66,221028,13,260304
36324,0.004551,74.125.24.0-255,5738,226766,13,260304
36325,0.004557,172.31.36.0-255,66,226832,13,260304
36326,0.00687,74.125.24.0-255,5738,232570,13,260304
36327,0.006876,172.31.36.0-255,66,232636,13,260304
36328,0.00916,74.125.24.0-255,4320,236956,13,260304
36329,0.009168,172.31.36.0-255,66,237022,13,260304
36330,0.0092,74.125.24.0-255,1484,238506,13,260304
36331,0.011474,74.125.24.0-255,4320,242826,13,260304
36332,0.011483,172.31.36.0-255,66,242892,13,260304
36333,0.013822,74.125.24.0-255,5738,248630,13,260304
36334,0.013831,172.31.36.0-255,66,248696,13,260304
36335,0.016123,74.125.24.0-255,5738,254434,13,260304
36336,0.016129,172.31.36.0-255,66,254500,13,260304
36337,0.018423,74.125.24.0-255,5738,260238,13,260304
36338,0.018434,172.31.36.0-255,66,260304,13,260304
36339,0.0,172.217.194.0-255,153,153,13,322631
36340,3e-05,172.31.36.0-255,66,219,13,322631
36341,3.7e-05,172.217.194.0-255,1484,1703,13,322631
36342,4.2e-05,172.31.36.0-255,66,1769,13,322631
36343,4.5e-05,172.217.194.0-255,1484,3253,13,322631
36344,4.7e-05,172.31.36.0-255,66,3319,13,322631
36345,7e-05,172.217.194.0-255,1484,4803,13,322631
36346,7.3e-05,172.31.36.0-255,66,4869,13,322631
36347,7.9e-05,172.217.194.0-255,5738,10607,13,322631
36348,8.1e-05,172.31.36.0-255,66,10673,13,322631
36349,0.000109,172.217.194.0-255,3457,14130,13,322631
36350,0.000112,172.31.36.0-255,66,14196,13,322631
36351,0.000179,172.217.194.0-255,1484,15680,13,322631
36352,0.000183,172.31.36.0-255,66,15746,13,322631
36353,0.000205,172.217.194.0-255,2902,18648,13,322631
36354,0.000207,172.31.36.0-255,66,18714,13,322631
36355,0.000212,172.217.194.0-255,4320,23034,13,322631
36356,0.000214,172.31.36.0-255,66,23100,13,322631
36357,0.000225,172.217.194.0-255,1484,24584,13,322631
36358,0.000228,172.31.36.0-255,66,24650,13,322631
36359,0.000246,172.217.194.0-255,5738,30388,13,322631
36360,0.000249,172.31.36.0-255,66,30454,13,322631
36361,0.000274,172.217.194.0-255,1125,31579,13,322631
36362,0.000277,172.31.36.0-255,66,31645,13,322631
36363,0.000284,172.217.194.0-255,7156,38801,13,322631
36364,0.000287,172.31.36.0-255,66,38867,13,322631
36365,0.000303,172.217.194.0-255,2902,41769,13,322631
36366,0.000305,172.31.36.0-255,66,41835,13,322631
36367,0.000324,172.217.194.0-255,6797,48632,13,322631
36368,0.000327,172.31.36.0-255,66,48698,13,322631
36369,0.000352,172.217.194.0-255,4320,53018,13,322631
36370,0.000355,172.31.36.0-255,66,53084,13,322631
36371,0.000359,172.217.194.0-255,1484,54568,13,322631
36372,0.000376,172.217.194.0-255,4320,58888,13,322631
36373,0.00038,172.31.36.0-255,66,58954,13,322631
36374,0.000407,172.217.194.0-255,4320,63274,13,322631
36375,0.00041,172.31.36.0-255,66,63340,13,322631
36376,0.000429,172.217.194.0-255,2543,65883,13,322631
36377,0.000432,172.31.36.0-255,66,65949,13,322631
36378,0.000435,172.217.194.0-255,361,66310,13,322631
36379,0.000466,172.217.194.0-255,1484,67794,13,322631
36380,0.000469,172.31.36.0-255,66,67860,13,322631
36381,0.00049,172.217.194.0-255,4320,72180,13,322631
36382,0.000493,172.31.36.0-255,66,72246,13,322631
36383,0.000499,172.217.194.0-255,5738,77984,13,322631
36384,0.000501,172.31.36.0-255,66,78050,13,322631
36385,0.000522,172.217.194.0-255,4320,82370,13,322631
36386,0.000525,172.31.36.0-255,66,82436,13,322631
36387,0.000531,172.217.194.0-255,7156,89592,13,322631
36388,0.000533,172.31.36.0-255,66,89658,13,322631
36389,0.000601,172.217.194.0-255,5738,95396,13,322631
36390,0.000605,172.31.36.0-255,66,95462,13,322631
36391,0.000619,172.217.194.0-255,5020,100482,13,322631
36392,0.000623,172.31.36.0-255,66,100548,13,322631
36393,0.000655,172.217.194.0-255,1484,102032,13,322631
36394,0.000667,172.217.194.0-255,2902,104934,13,322631
36395,0.00067,172.31.36.0-255,66,105000,13,322631
36396,0.000674,172.217.194.0-255,1484,106484,13,322631
36397,0.000691,172.217.194.0-255,4320,110804,13,322631
36398,0.000695,172.31.36.0-255,66,110870,13,322631
36399,0.000714,172.217.194.0-255,5738,116608,13,322631
36400,0.000716,172.31.36.0-255,66,116674,13,322631
36401,0.000731,172.217.194.0-255,7156,123830,13,322631
36402,0.000733,172.31.36.0-255,66,123896,13,322631
36403,0.000786,172.217.194.0-255,10692,134588,13,322631
36404,0.000791,172.31.36.0-255,66,134654,13,322631
36405,0.000819,172.217.194.0-255,4320,138974,13,322631
36406,0.000823,172.31.36.0-255,66,139040,13,322631
36407,0.000842,172.217.194.0-255,2902,141942,13,322631
36408,0.000846,172.217.194.0-255,4320,146262,13,322631
36409,0.000848,172.31.36.0-255,66,146328,13,322631
36410,0.000852,172.31.36.0-255,66,146394,13,322631
36411,0.000869,172.217.194.0-255,4320,150714,13,322631
36412,0.000872,172.31.36.0-255,66,150780,13,322631
36413,0.000876,172.217.194.0-255,2902,153682,13,322631
36414,0.000878,172.31.36.0-255,66,153748,13,322631
36415,0.000902,172.217.194.0-255,7156,160904,13,322631
36416,0.000905,172.31.36.0-255,66,160970,13,322631
36417,0.000921,172.217.194.0-255,5738,166708,13,322631
36418,0.000925,172.31.36.0-255,66,166774,13,322631
36419,0.000928,172.217.194.0-255,2184,168958,13,322631
36420,0.000931,172.31.36.0-255,66,169024,13,322631
36421,0.00094,172.217.194.0-255,385,169409,13,322631
36422,0.001355,172.217.194.0-255,1484,170893,13,322631
36423,0.00136,172.31.36.0-255,66,170959,13,322631
36424,0.001365,172.217.194.0-255,2902,173861,13,322631
36425,0.001367,172.31.36.0-255,66,173927,13,322631
36426,0.001371,172.217.194.0-255,1484,175411,13,322631
36427,0.001385,172.217.194.0-255,4320,179731,13,322631
36428,0.001389,172.31.36.0-255,66,179797,13,322631
36429,0.00141,172.217.194.0-255,8574,188371,13,322631
36430,0.001413,172.31.36.0-255,66,188437,13,322631
36431,0.001445,172.217.194.0-255,4320,192757,13,322631
36432,0.001448,172.31.36.0-255,66,192823,13,322631
36433,0.001457,172.217.194.0-255,10692,203515,13,322631
36434,0.001459,172.31.36.0-255,66,203581,13,322631
36435,0.001624,172.217.194.0-255,1484,205065,13,322631
36436,0.001629,172.217.194.0-255,2902,207967,13,322631
36437,0.001633,172.31.36.0-255,66,208033,13,322631
36438,0.001654,172.217.194.0-255,5738,213771,13,322631
36439,0.001657,172.31.36.0-255,66,213837,13,322631
36440,0.00166,172.217.194.0-255,1484,215321,13,322631
36441,0.001687,172.31.36.0-255,66,215387,13,322631
36442,0.00169,172.217.194.0-255,8574,223961,13,322631
36443,0.001692,172.31.36.0-255,66,224027,13,322631
36444,0.001723,172.217.194.0-255,2184,226211,13,322631
36445,0.001726,172.31.36.0-255,66,226277,13,322631
36446,0.001743,172.217.194.0-255,2902,229179,13,322631
36447,0.001747,172.31.36.0-255,66,229245,13,322631
36448,0.001756,172.217.194.0-255,4320,233565,13,322631
36449,0.001759,172.31.36.0-255,66,233631,13,322631
36450,0.001781,172.217.194.0-255,2902,236533,13,322631
36451,0.001785,172.31.36.0-255,66,236599,13,322631
36452,0.001793,172.217.194.0-255,7156,243755,13,322631
36453,0.001795,172.31.36.0-255,66,243821,13,322631
36454,0.0018,172.217.194.0-255,4320,248141,13,322631
36455,0.001802,172.31.36.0-255,66,248207,13,322631
36456,0.001828,172.217.194.0-255,4320,252527,13,322631
36457,0.001831,172.31.36.0-255,66,252593,13,322631
36458,0.001838,172.217.194.0-255,7856,260449,13,322631
36459,0.00184,172.31.36.0-255,66,260515,13,322631
36460,0.001911,172.217.194.0-255,1484,261999,13,322631
36461,0.001916,172.217.194.0-255,2902,264901,13,322631
36462,0.001918,172.31.36.0-255,66,264967,13,322631
36463,0.001973,172.217.194.0-255,5738,270705,13,322631
36464,0.001977,172.31.36.0-255,66,270771,13,322631
36465,0.002031,172.217.194.0-255,2902,273673,13,322631
36466,0.002034,172.31.36.0-255,66,273739,13,322631
36467,0.002055,172.217.194.0-255,9992,283731,13,322631
36468,0.002059,172.31.36.0-255,66,283797,13,322631
36469,0.002062,172.217.194.0-255,1484,285281,13,322631
36470,0.00207,172.217.194.0-255,9274,294555,13,322631
36471,0.002072,172.31.36.0-255,66,294621,13,322631
36472,0.002081,172.217.194.0-255,9992,304613,13,322631
36473,0.002084,172.31.36.0-255,66,304679,13,322631
36474,0.002087,172.217.194.0-255,1484,306163,13,322631
36475,0.002119,172.31.36.0-255,66,306229,13,322631
36476,0.002153,172.217.194.0-255,9992,316221,13,322631
36477,0.002156,172.31.36.0-255,66,316287,13,322631
36478,0.002194,172.31.36.0-255,66,316353,13,322631
36479,0.002197,172.217.194.0-255,1484,317837,13,322631
36480,0.002202,172.217.194.0-255,4320,322157,13,322631
36481,0.002205,172.31.36.0-255,66,322223,13,322631
36482,0.00225,172.31.36.0-255,66,322289,13,322631
36483,0.002253,172.217.194.0-255,105,322394,13,322631
36484,0.003312,172.31.36.0-255,66,322460,13,322631
36485,0.00334,172.31.36.0-255,105,322565,13,322631
36486,0.005856,172.217.194.0-255,66,322631,13,322631
36487,0.0,74.125.24.0-255,146,146,13,150484
36488,2.3e-05,172.31.36.0-255,66,212,13,150484
36489,3e-05,74.125.24.0-255,1484,1696,13,150484
36490,3.5e-05,172.31.36.0-255,66,1762,13,150484
36491,4.1e-05,74.125.24.0-255,2902,4664,13,150484
36492,4.4e-05,172.31.36.0-255,66,4730,13,150484
36493,5.3e-05,74.125.24.0-255,7156,11886,13,150484
36494,5.6e-05,172.31.36.0-255,66,11952,13,150484
36495,8.5e-05,74.125.24.0-255,2039,13991,13,150484
36496,8.7e-05,172.31.36.0-255,66,14057,13,150484
36497,0.000163,74.125.24.0-255,1484,15541,13,150484
36498,0.000165,172.31.36.0-255,66,15607,13,150484
36499,0.000169,74.125.24.0-255,1484,17091,13,150484
36500,0.000171,172.31.36.0-255,66,17157,13,150484
36501,0.000186,74.125.24.0-255,1484,18641,13,150484
36502,0.000188,172.31.36.0-255,66,18707,13,150484
36503,0.000195,74.125.24.0-255,5738,24445,13,150484
36504,0.000197,172.31.36.0-255,66,24511,13,150484
36505,0.000205,74.125.24.0-255,6797,31308,13,150484
36506,0.000208,172.31.36.0-255,66,31374,13,150484
36507,0.000232,74.125.24.0-255,4320,35694,13,150484
36508,0.000235,172.31.36.0-255,66,35760,13,150484
36509,0.000264,74.125.24.0-255,9992,45752,13,150484
36510,0.000267,172.31.36.0-255,66,45818,13,150484
36511,0.000277,74.125.24.0-255,9992,55810,13,150484
36512,0.00028,172.31.36.0-255,66,55876,13,150484
36513,0.000298,74.125.24.0-255,4320,60196,13,150484
36514,0.0003,172.31.36.0-255,66,60262,13,150484
36515,0.000318,74.125.24.0-255,5350,65612,13,150484
36516,0.000321,172.31.36.0-255,66,65678,13,150484
36517,0.000768,74.125.24.0-255,112,65790,13,150484
36518,0.000774,172.31.36.0-255,66,65856,13,150484
36519,0.001037,74.125.24.0-255,1484,67340,13,150484
36520,0.001044,74.125.24.0-255,2902,70242,13,150484
36521,0.001047,172.31.36.0-255,66,70308,13,150484
36522,0.001055,74.125.24.0-255,5738,76046,13,150484
36523,0.001057,172.31.36.0-255,66,76112,13,150484
36524,0.001079,74.125.24.0-255,4320,80432,13,150484
36525,0.001081,172.31.36.0-255,66,80498,13,150484
36526,0.001109,74.125.24.0-255,5738,86236,13,150484
36527,0.001112,172.31.36.0-255,66,86302,13,150484
36528,0.001157,74.125.24.0-255,1484,87786,13,150484
36529,0.001197,172.31.36.0-255,66,87852,13,150484
36530,0.002157,74.125.24.0-255,1484,89336,13,150484
36531,0.002181,74.125.24.0-255,2902,92238,13,150484
36532,0.002185,172.31.36.0-255,66,92304,13,150484
36533,0.002192,74.125.24.0-255,4320,96624,13,150484
36534,0.002195,172.31.36.0-255,66,96690,13,150484
36535,0.002204,74.125.24.0-255,8574,105264,13,150484
36536,0.002206,172.31.36.0-255,66,105330,13,150484
36537,0.002242,172.31.36.0-255,66,105396,13,150484
36538,0.002255,74.125.24.0-255,1484,106880,13,150484
36539,0.002289,74.125.24.0-255,3602,110482,13,150484
36540,0.002292,172.31.36.0-255,66,110548,13,150484
36541,0.004527,74.125.24.0-255,4320,114868,13,150484
36542,0.004531,172.31.36.0-255,66,114934,13,150484
36543,0.004548,74.125.24.0-255,1484,116418,13,150484
36544,0.006795,74.125.24.0-255,1484,117902,13,150484
36545,0.006801,172.31.36.0-255,66,117968,13,150484
36546,0.006821,74.125.24.0-255,2902,120870,13,150484
36547,0.006824,172.31.36.0-255,66,120936,13,150484
36548,0.009071,74.125.24.0-255,2902,123838,13,150484
36549,0.009078,172.31.36.0-255,66,123904,13,150484
36550,0.0091,74.125.24.0-255,2902,126806,13,150484
36551,0.009103,172.31.36.0-255,66,126872,13,150484
36552,0.011302,74.125.24.0-255,2902,129774,13,150484
36553,0.01131,172.31.36.0-255,66,129840,13,150484
36554,0.011357,74.125.24.0-255,2902,132742,13,150484
36555,0.01136,172.31.36.0-255,66,132808,13,150484
36556,0.013586,74.125.24.0-255,2902,135710,13,150484
36557,0.013598,172.31.36.0-255,66,135776,13,150484
36558,0.013617,74.125.24.0-255,2902,138678,13,150484
36559,0.01362,172.31.36.0-255,66,138744,13,150484
36560,0.01583,74.125.24.0-255,2902,141646,13,150484
36561,0.015837,172.31.36.0-255,66,141712,13,150484
36562,0.015859,74.125.24.0-255,2902,144614,13,150484
36563,0.015862,172.31.36.0-255,66,144680,13,150484
36564,0.018119,74.125.24.0-255,5738,150418,13,150484
36565,0.018126,172.31.36.0-255,66,150484,13,150484
36566,0.0,74.125.200.0-255,302,302,13,150348
36567,3.4e-05,172.31.36.0-255,66,368,13,150348
36568,4e-05,74.125.200.0-255,1484,1852,13,150348
36569,4.4e-05,172.31.36.0-255,66,1918,13,150348
36570,5e-05,74.125.200.0-255,2902,4820,13,150348
36571,5.2e-05,172.31.36.0-255,66,4886,13,150348
36572,8.6e-05,74.125.200.0-255,1484,6370,13,150348
36573,8.9e-05,172.31.36.0-255,66,6436,13,150348
36574,9.3e-05,74.125.200.0-255,2902,9338,13,150348
36575,9.6e-05,172.31.36.0-255,66,9404,13,150348
36576,0.000124,74.125.200.0-255,4320,13724,13,150348
36577,0.000127,172.31.36.0-255,66,13790,13,150348
36578,0.000204,74.125.200.0-255,2902,16692,13,150348
36579,0.000207,172.31.36.0-255,66,16758,13,150348
36580,0.000226,74.125.200.0-255,1840,18598,13,150348
36581,0.000229,172.31.36.0-255,66,18664,13,150348
36582,0.000251,74.125.200.0-255,4320,22984,13,150348
36583,0.000254,172.31.36.0-255,66,23050,13,150348
36584,0.000266,74.125.200.0-255,1484,24534,13,150348
36585,0.000268,172.31.36.0-255,66,24600,13,150348
36586,0.000332,74.125.200.0-255,4320,28920,13,150348
36587,0.000336,172.31.36.0-255,66,28986,13,150348
36588,0.000353,74.125.200.0-255,2543,31529,13,150348
36589,0.000355,172.31.36.0-255,66,31595,13,150348
36590,0.000435,74.125.200.0-255,1484,33079,13,150348
36591,0.000441,172.31.36.0-255,66,33145,13,150348
36592,0.00046,74.125.200.0-255,2902,36047,13,150348
36593,0.000464,172.31.36.0-255,66,36113,13,150348
36594,0.000508,74.125.200.0-255,5738,41851,13,150348
36595,0.000512,172.31.36.0-255,66,41917,13,150348
36596,0.000663,74.125.200.0-255,4320,46237,13,150348
36597,0.000667,172.31.36.0-255,66,46303,13,150348
36598,0.000689,74.125.200.0-255,2543,48846,13,150348
36599,0.000708,74.125.200.0-255,1484,50330,13,150348
36600,0.000711,172.31.36.0-255,66,50396,13,150348
36601,0.000723,74.125.200.0-255,5738,56134,13,150348
36602,0.00073,172.31.36.0-255,66,56200,13,150348
36603,0.000816,74.125.200.0-255,4320,60520,13,150348
36604,0.000821,172.31.36.0-255,66,60586,13,150348
36605,0.000896,74.125.200.0-255,5379,65965,13,150348
36606,0.000901,172.31.36.0-255,66,66031,13,150348
36607,0.000924,74.125.200.0-255,414,66445,13,150348
36608,0.000988,74.125.200.0-255,331,66776,13,150348
36609,0.001061,172.31.36.0-255,66,66842,13,150348
36610,0.001837,74.125.200.0-255,1484,68326,13,150348
36611,0.001847,74.125.200.0-255,2902,71228,13,150348
36612,0.001854,74.125.200.0-255,5738,76966,13,150348
36613,0.001905,74.125.200.0-255,4320,81286,13,150348
36614,0.001929,74.125.200.0-255,8574,89860,13,150348
36615,0.00195,172.31.36.0-255,66,89926,13,150348
36616,0.002091,74.125.200.0-255,4320,94246,13,150348
36617,0.002098,172.31.36.0-255,66,94312,13,150348
36618,0.002112,74.125.200.0-255,6438,100750,13,150348
36619,0.00212,172.31.36.0-255,66,100816,13,150348
36620,0.004045,74.125.200.0-255,5738,106554,13,150348
36621,0.004051,172.31.36.0-255,66,106620,13,150348
36622,0.005974,74.125.200.0-255,4320,110940,13,150348
36623,0.005981,172.31.36.0-255,66,111006,13,150348
36624,0.006006,74.125.200.0-255,1484,112490,13,150348
36625,0.007892,74.125.200.0-255,2902,115392,13,150348
36626,0.007897,172.31.36.0-255,66,115458,13,150348
36627,0.007953,74.125.200.0-255,1484,116942,13,150348
36628,0.009812,74.125.200.0-255,4320,121262,13,150348
36629,0.009864,172.31.36.0-255,66,121328,13,150348
36630,0.011794,74.125.200.0-255,5738,127066,13,150348
36631,0.011851,172.31.36.0-255,66,127132,13,150348
36632,0.013771,74.125.200.0-255,5738,132870,13,150348
36633,0.013779,172.31.36.0-255,66,132936,13,150348
36634,0.015699,74.125.200.0-255,5738,138674,13,150348
36635,0.015706,172.31.36.0-255,66,138740,13,150348
36636,0.017633,74.125.200.0-255,5738,144478,13,150348
36637,0.017645,172.31.36.0-255,66,144544,13,150348
36638,0.019574,74.125.200.0-255,5738,150282,13,150348
36639,0.019583,172.31.36.0-255,66,150348,13,150348
