,TIME,SRC,PACKET_SIZE,CUMULATIVE_PACKET_SIZE,PAGE_NUMBER,TOTAL_PACKET_SIZE
0,0.0,74.125.130.0-255,298,298,10,227350
1,2e-05,172.31.36.0-255,66,364,10,227350
2,6.2e-05,74.125.130.0-255,1484,1848,10,227350
3,6.7e-05,172.31.36.0-255,66,1914,10,227350
4,7.5e-05,74.125.130.0-255,4320,6234,10,227350
5,7.8e-05,172.31.36.0-255,66,6300,10,227350
6,8.1e-05,74.125.130.0-255,1484,7784,10,227350
7,8.4e-05,172.31.36.0-255,66,7850,10,227350
8,9e-05,74.125.130.0-255,2902,10752,10,227350
9,9.3e-05,172.31.36.0-255,66,10818,10,227350
10,0.000101,74.125.130.0-255,6083,16901,10,227350
11,0.000104,172.31.36.0-255,66,16967,10,227350
12,0.00011,74.125.130.0-255,4320,21287,10,227350
13,0.000113,172.31.36.0-255,66,21353,10,227350
14,0.000148,74.125.130.0-255,5738,27091,10,227350
15,0.000151,172.31.36.0-255,66,27157,10,227350
16,0.000156,74.125.130.0-255,3961,31118,10,227350
17,0.000159,172.31.36.0-255,66,31184,10,227350
18,0.000281,74.125.130.0-255,1484,32668,10,227350
19,0.000285,172.31.36.0-255,66,32734,10,227350
20,0.000292,74.125.130.0-255,2902,35636,10,227350
21,0.000295,172.31.36.0-255,66,35702,10,227350
22,0.000298,74.125.130.0-255,1484,37186,10,227350
23,0.000306,172.31.36.0-255,66,37252,10,227350
24,0.000312,74.125.130.0-255,2902,40154,10,227350
25,0.000314,172.31.36.0-255,66,40220,10,227350
26,0.000317,74.125.130.0-255,1484,41704,10,227350
27,0.00032,172.31.36.0-255,66,41770,10,227350
28,0.000357,74.125.130.0-255,4320,46090,10,227350
29,0.000361,172.31.36.0-255,66,46156,10,227350
30,0.000368,74.125.130.0-255,6797,52953,10,227350
31,0.000371,172.31.36.0-255,66,53019,10,227350
32,0.000379,74.125.130.0-255,7156,60175,10,227350
33,0.000382,172.31.36.0-255,66,60241,10,227350
34,0.000409,74.125.130.0-255,5379,65620,10,227350
35,0.000412,172.31.36.0-255,66,65686,10,227350
36,0.00044,74.125.130.0-255,380,66066,10,227350
37,0.000485,74.125.130.0-255,364,66430,10,227350
38,0.000715,74.125.130.0-255,1484,67914,10,227350
39,0.000722,172.31.36.0-255,66,67980,10,227350
40,0.000728,74.125.130.0-255,2902,70882,10,227350
41,0.00073,172.31.36.0-255,66,70948,10,227350
42,0.000763,74.125.130.0-255,5738,76686,10,227350
43,0.000767,172.31.36.0-255,66,76752,10,227350
44,0.000772,74.125.130.0-255,4320,81072,10,227350
45,0.000774,172.31.36.0-255,66,81138,10,227350
46,0.000815,74.125.130.0-255,5738,86876,10,227350
47,0.00082,74.125.130.0-255,5738,92614,10,227350
48,0.000832,172.31.36.0-255,66,92680,10,227350
49,0.000835,172.31.36.0-255,66,92746,10,227350
50,0.000844,74.125.130.0-255,4320,97066,10,227350
51,0.000846,172.31.36.0-255,66,97132,10,227350
52,0.000879,74.125.130.0-255,2902,100034,10,227350
53,0.000883,172.31.36.0-255,66,100100,10,227350
54,0.000887,74.125.130.0-255,766,100866,10,227350
55,0.000958,74.125.130.0-255,1484,102350,10,227350
56,0.000962,172.31.36.0-255,66,102416,10,227350
57,0.000966,74.125.130.0-255,1484,103900,10,227350
58,0.000986,74.125.130.0-255,1484,105384,10,227350
59,0.00099,172.31.36.0-255,66,105450,10,227350
60,0.000996,74.125.130.0-255,4320,109770,10,227350
61,0.000999,172.31.36.0-255,66,109836,10,227350
62,0.001023,74.125.130.0-255,1484,111320,10,227350
63,0.001027,74.125.130.0-255,1484,112804,10,227350
64,0.001029,172.31.36.0-255,66,112870,10,227350
65,0.001034,74.125.130.0-255,2902,115772,10,227350
66,0.001036,172.31.36.0-255,66,115838,10,227350
67,0.001042,74.125.130.0-255,5738,121576,10,227350
68,0.001045,172.31.36.0-255,66,121642,10,227350
69,0.001087,172.31.36.0-255,66,121708,10,227350
70,0.001118,74.125.130.0-255,3602,125310,10,227350
71,0.00112,172.31.36.0-255,66,125376,10,227350
72,0.001219,74.125.130.0-255,1484,126860,10,227350
73,0.001248,74.125.130.0-255,2902,129762,10,227350
74,0.001253,172.31.36.0-255,66,129828,10,227350
75,0.001259,74.125.130.0-255,5738,135566,10,227350
76,0.001261,172.31.36.0-255,66,135632,10,227350
77,0.001265,74.125.130.0-255,2902,138534,10,227350
78,0.001276,172.31.36.0-255,66,138600,10,227350
79,0.001282,74.125.130.0-255,4320,142920,10,227350
80,0.001284,172.31.36.0-255,66,142986,10,227350
81,0.001325,74.125.130.0-255,2902,145888,10,227350
82,0.001328,172.31.36.0-255,66,145954,10,227350
83,0.001359,74.125.130.0-255,5738,151692,10,227350
84,0.001362,172.31.36.0-255,66,151758,10,227350
85,0.001373,172.31.36.0-255,66,151824,10,227350
86,0.001785,74.125.130.0-255,1484,153308,10,227350
87,0.001798,74.125.130.0-255,1484,154792,10,227350
88,0.001802,172.31.36.0-255,66,154858,10,227350
89,0.001809,74.125.130.0-255,1484,156342,10,227350
90,0.001814,74.125.130.0-255,2902,159244,10,227350
91,0.001828,172.31.36.0-255,66,159310,10,227350
92,0.001834,74.125.130.0-255,4320,163630,10,227350
93,0.001836,172.31.36.0-255,66,163696,10,227350
94,0.001883,172.31.36.0-255,66,163762,10,227350
95,0.001893,172.31.36.0-255,66,163828,10,227350
96,0.001897,74.125.130.0-255,1484,165312,10,227350
97,0.001931,172.31.36.0-255,66,165378,10,227350
98,0.001935,74.125.130.0-255,2902,168280,10,227350
99,0.001937,172.31.36.0-255,66,168346,10,227350
100,0.001975,74.125.130.0-255,4320,172666,10,227350
101,0.001985,172.31.36.0-255,66,172732,10,227350
102,0.001992,172.31.36.0-255,66,172798,10,227350
103,0.001997,74.125.130.0-255,2902,175700,10,227350
104,0.001999,172.31.36.0-255,66,175766,10,227350
105,0.002032,74.125.130.0-255,5020,180786,10,227350
106,0.002034,172.31.36.0-255,66,180852,10,227350
107,0.004139,74.125.130.0-255,1484,182336,10,227350
108,0.004166,74.125.130.0-255,4320,186656,10,227350
109,0.004171,172.31.36.0-255,66,186722,10,227350
110,0.006273,74.125.130.0-255,5738,192460,10,227350
111,0.00628,172.31.36.0-255,66,192526,10,227350
112,0.008412,74.125.130.0-255,5738,198264,10,227350
113,0.008418,172.31.36.0-255,66,198330,10,227350
114,0.01054,74.125.130.0-255,5738,204068,10,227350
115,0.010549,172.31.36.0-255,66,204134,10,227350
116,0.012672,74.125.130.0-255,5738,209872,10,227350
117,0.01268,172.31.36.0-255,66,209938,10,227350
118,0.014799,74.125.130.0-255,5738,215676,10,227350
119,0.014809,172.31.36.0-255,66,215742,10,227350
120,0.016945,74.125.130.0-255,5738,221480,10,227350
121,0.016952,172.31.36.0-255,66,221546,10,227350
122,0.019082,74.125.130.0-255,5738,227284,10,227350
123,0.01909,172.31.36.0-255,66,227350,10,227350
124,0.0,74.125.24.0-255,146,146,10,193919
125,2.3e-05,172.31.36.0-255,66,212,10,193919
126,3e-05,74.125.24.0-255,1484,1696,10,193919
127,3.4e-05,172.31.36.0-255,66,1762,10,193919
128,3.9e-05,74.125.24.0-255,2902,4664,10,193919
129,4.3e-05,172.31.36.0-255,66,4730,10,193919
130,5.1e-05,74.125.24.0-255,7156,11886,10,193919
131,5.3e-05,172.31.36.0-255,66,11952,10,193919
132,6e-05,74.125.24.0-255,4927,16879,10,193919
133,6.2e-05,172.31.36.0-255,66,16945,10,193919
134,0.000104,172.31.36.0-255,66,17011,10,193919
135,0.000141,74.125.24.0-255,1484,18495,10,193919
136,0.000144,172.31.36.0-255,66,18561,10,193919
137,0.000149,74.125.24.0-255,2902,21463,10,193919
138,0.000151,172.31.36.0-255,66,21529,10,193919
139,0.000182,74.125.24.0-255,5738,27267,10,193919
140,0.000185,172.31.36.0-255,66,27333,10,193919
141,0.000212,172.31.36.0-255,66,27399,10,193919
142,0.000218,74.125.24.0-255,5738,33137,10,193919
143,0.00022,172.31.36.0-255,66,33203,10,193919
144,0.00024,74.125.24.0-255,2902,36105,10,193919
145,0.000242,172.31.36.0-255,66,36171,10,193919
146,0.000253,74.125.24.0-255,1464,37635,10,193919
147,0.000255,172.31.36.0-255,66,37701,10,193919
148,0.000327,74.125.24.0-255,1484,39185,10,193919
149,0.000331,172.31.36.0-255,66,39251,10,193919
150,0.000345,74.125.24.0-255,2902,42153,10,193919
151,0.000348,172.31.36.0-255,66,42219,10,193919
152,0.000354,74.125.24.0-255,5738,47957,10,193919
153,0.000356,172.31.36.0-255,66,48023,10,193919
154,0.000363,74.125.24.0-255,4320,52343,10,193919
155,0.000365,172.31.36.0-255,66,52409,10,193919
156,0.000381,74.125.24.0-255,2543,54952,10,193919
157,0.000383,172.31.36.0-255,66,55018,10,193919
158,0.000389,74.125.24.0-255,4320,59338,10,193919
159,0.000392,172.31.36.0-255,66,59404,10,193919
160,0.000423,172.31.36.0-255,66,59470,10,193919
161,0.000427,74.125.24.0-255,2543,62013,10,193919
162,0.000429,172.31.36.0-255,66,62079,10,193919
163,0.000473,74.125.24.0-255,1484,63563,10,193919
164,0.000492,74.125.24.0-255,2902,66465,10,193919
165,0.000496,172.31.36.0-255,66,66531,10,193919
166,0.000504,74.125.24.0-255,5738,72269,10,193919
167,0.000506,172.31.36.0-255,66,72335,10,193919
168,0.000527,74.125.24.0-255,2902,75237,10,193919
169,0.000529,172.31.36.0-255,66,75303,10,193919
170,0.000569,74.125.24.0-255,3662,78965,10,193919
171,0.000571,172.31.36.0-255,66,79031,10,193919
172,0.000632,74.125.24.0-255,1484,80515,10,193919
173,0.000646,74.125.24.0-255,2902,83417,10,193919
174,0.000649,172.31.36.0-255,66,83483,10,193919
175,0.000676,74.125.24.0-255,5738,89221,10,193919
176,0.000678,172.31.36.0-255,66,89287,10,193919
177,0.000686,74.125.24.0-255,7156,96443,10,193919
178,0.000688,172.31.36.0-255,66,96509,10,193919
179,0.000693,74.125.24.0-255,2902,99411,10,193919
180,0.000695,172.31.36.0-255,66,99477,10,193919
181,0.00073,172.31.36.0-255,66,99543,10,193919
182,0.000741,172.31.36.0-255,66,99609,10,193919
183,0.000781,74.125.24.0-255,1484,101093,10,193919
184,0.000805,74.125.24.0-255,7156,108249,10,193919
185,0.000808,172.31.36.0-255,66,108315,10,193919
186,0.000822,172.31.36.0-255,66,108381,10,193919
187,0.000835,172.31.36.0-255,66,108447,10,193919
188,0.000851,172.31.36.0-255,66,108513,10,193919
189,0.000897,74.125.24.0-255,5738,114251,10,193919
190,0.000901,172.31.36.0-255,66,114317,10,193919
191,0.000933,74.125.24.0-255,6438,120755,10,193919
192,0.000937,172.31.36.0-255,66,120821,10,193919
193,0.000951,172.31.36.0-255,66,120887,10,193919
194,0.000956,74.125.24.0-255,4320,125207,10,193919
195,0.000958,172.31.36.0-255,66,125273,10,193919
196,0.000996,172.31.36.0-255,66,125339,10,193919
197,0.001003,74.125.24.0-255,6438,131777,10,193919
198,0.001006,172.31.36.0-255,66,131843,10,193919
199,0.00105,74.125.24.0-255,7156,138999,10,193919
200,0.001054,172.31.36.0-255,66,139065,10,193919
201,0.001061,74.125.24.0-255,7156,146221,10,193919
202,0.001063,172.31.36.0-255,66,146287,10,193919
203,0.001073,172.31.36.0-255,66,146353,10,193919
204,0.001107,172.31.36.0-255,66,146419,10,193919
205,0.001137,74.125.24.0-255,7156,153575,10,193919
206,0.001141,172.31.36.0-255,66,153641,10,193919
207,0.001148,74.125.24.0-255,5738,159379,10,193919
208,0.00115,172.31.36.0-255,66,159445,10,193919
209,0.001166,74.125.24.0-255,2902,162347,10,193919
210,0.00117,172.31.36.0-255,66,162413,10,193919
211,0.001186,74.125.24.0-255,5738,168151,10,193919
212,0.001189,172.31.36.0-255,66,168217,10,193919
213,0.001215,172.31.36.0-255,66,168283,10,193919
214,0.00122,74.125.24.0-255,4320,172603,10,193919
215,0.001223,172.31.36.0-255,66,172669,10,193919
216,0.001246,74.125.24.0-255,4320,176989,10,193919
217,0.001251,172.31.36.0-255,66,177055,10,193919
218,0.00128,172.31.36.0-255,66,177121,10,193919
219,0.001338,74.125.24.0-255,4320,181441,10,193919
220,0.001342,172.31.36.0-255,66,181507,10,193919
221,0.001378,74.125.24.0-255,4320,185827,10,193919
222,0.001382,172.31.36.0-255,66,185893,10,193919
223,0.001394,172.31.36.0-255,66,185959,10,193919
224,0.00141,172.31.36.0-255,66,186025,10,193919
225,0.001425,172.31.36.0-255,66,186091,10,193919
226,0.001449,74.125.24.0-255,2902,188993,10,193919
227,0.001453,172.31.36.0-255,66,189059,10,193919
228,0.001464,172.31.36.0-255,66,189125,10,193919
229,0.001469,74.125.24.0-255,4320,193445,10,193919
230,0.001471,172.31.36.0-255,66,193511,10,193919
231,0.001514,172.31.36.0-255,66,193577,10,193919
232,0.001517,74.125.24.0-255,105,193682,10,193919
233,0.0044,172.31.36.0-255,66,193748,10,193919
234,0.004437,172.31.36.0-255,105,193853,10,193919
235,0.006443,74.125.24.0-255,66,193919,10,193919
236,0.0,74.125.68.0-255,145,145,10,185413
237,1.7e-05,172.31.36.0-255,66,211,10,185413
238,2.4e-05,74.125.68.0-255,1484,1695,10,185413
239,2.9e-05,172.31.36.0-255,66,1761,10,185413
240,4.5e-05,74.125.68.0-255,1484,3245,10,185413
241,4.7e-05,172.31.36.0-255,66,3311,10,185413
242,6.9e-05,74.125.68.0-255,1484,4795,10,185413
243,7.2e-05,172.31.36.0-255,66,4861,10,185413
244,9.4e-05,74.125.68.0-255,2902,7763,10,185413
245,9.6e-05,172.31.36.0-255,66,7829,10,185413
246,0.000128,74.125.68.0-255,1484,9313,10,185413
247,0.000131,172.31.36.0-255,66,9379,10,185413
248,0.00015,74.125.68.0-255,2902,12281,10,185413
249,0.000159,172.31.36.0-255,66,12347,10,185413
250,0.00019,74.125.68.0-255,3368,15715,10,185413
251,0.000193,172.31.36.0-255,66,15781,10,185413
252,0.000213,74.125.68.0-255,4320,20101,10,185413
253,0.000215,172.31.36.0-255,66,20167,10,185413
254,0.000256,74.125.68.0-255,5738,25905,10,185413
255,0.000259,172.31.36.0-255,66,25971,10,185413
256,0.00028,74.125.68.0-255,2902,28873,10,185413
257,0.000283,172.31.36.0-255,66,28939,10,185413
258,0.000301,74.125.68.0-255,2543,31482,10,185413
259,0.000303,172.31.36.0-255,66,31548,10,185413
260,0.000394,74.125.68.0-255,1484,33032,10,185413
261,0.000399,172.31.36.0-255,66,33098,10,185413
262,0.000404,74.125.68.0-255,2902,36000,10,185413
263,0.000406,172.31.36.0-255,66,36066,10,185413
264,0.000432,74.125.68.0-255,5738,41804,10,185413
265,0.000435,172.31.36.0-255,66,41870,10,185413
266,0.000457,74.125.68.0-255,6797,48667,10,185413
267,0.00046,172.31.36.0-255,66,48733,10,185413
268,0.000484,74.125.68.0-255,1484,50217,10,185413
269,0.000507,172.31.36.0-255,66,50283,10,185413
270,0.000567,74.125.68.0-255,7108,57391,10,185413
271,0.000571,74.125.68.0-255,110,57501,10,185413
272,0.000576,172.31.36.0-255,66,57567,10,185413
273,0.000591,74.125.68.0-255,332,57899,10,185413
274,0.000867,74.125.68.0-255,1484,59383,10,185413
275,0.000871,172.31.36.0-255,66,59449,10,185413
276,0.000877,74.125.68.0-255,2902,62351,10,185413
277,0.00088,172.31.36.0-255,66,62417,10,185413
278,0.000904,74.125.68.0-255,1484,63901,10,185413
279,0.000924,74.125.68.0-255,2902,66803,10,185413
280,0.000928,172.31.36.0-255,66,66869,10,185413
281,0.000943,74.125.68.0-255,4320,71189,10,185413
282,0.000945,172.31.36.0-255,66,71255,10,185413
283,0.000948,74.125.68.0-255,1484,72739,10,185413
284,0.000972,74.125.68.0-255,4320,77059,10,185413
285,0.000974,172.31.36.0-255,66,77125,10,185413
286,0.000995,172.31.36.0-255,66,77191,10,185413
287,0.001014,74.125.68.0-255,2902,80093,10,185413
288,0.001017,172.31.36.0-255,66,80159,10,185413
289,0.001022,74.125.68.0-255,3602,83761,10,185413
290,0.001024,172.31.36.0-255,66,83827,10,185413
291,0.001697,74.125.68.0-255,1484,85311,10,185413
292,0.001704,74.125.68.0-255,1484,86795,10,185413
293,0.001708,172.31.36.0-255,66,86861,10,185413
294,0.001723,74.125.68.0-255,1484,88345,10,185413
295,0.001727,74.125.68.0-255,1484,89829,10,185413
296,0.001729,172.31.36.0-255,66,89895,10,185413
297,0.00175,74.125.68.0-255,4320,94215,10,185413
298,0.001753,172.31.36.0-255,66,94281,10,185413
299,0.001756,74.125.68.0-255,1484,95765,10,185413
300,0.00176,74.125.68.0-255,2902,98667,10,185413
301,0.001762,172.31.36.0-255,66,98733,10,185413
302,0.001766,74.125.68.0-255,1484,100217,10,185413
303,0.001788,74.125.68.0-255,4320,104537,10,185413
304,0.001791,172.31.36.0-255,66,104603,10,185413
305,0.001804,74.125.68.0-255,4320,108923,10,185413
306,0.001807,172.31.36.0-255,66,108989,10,185413
307,0.001824,74.125.68.0-255,4320,113309,10,185413
308,0.001826,172.31.36.0-255,66,113375,10,185413
309,0.00185,74.125.68.0-255,2902,116277,10,185413
310,0.001852,172.31.36.0-255,66,116343,10,185413
311,0.001871,74.125.68.0-255,2184,118527,10,185413
312,0.001873,172.31.36.0-255,66,118593,10,185413
313,0.001945,74.125.68.0-255,1484,120077,10,185413
314,0.001965,74.125.68.0-255,2902,122979,10,185413
315,0.001968,172.31.36.0-255,66,123045,10,185413
316,0.001991,74.125.68.0-255,5738,128783,10,185413
317,0.001993,172.31.36.0-255,66,128849,10,185413
318,0.002024,74.125.68.0-255,2902,131751,10,185413
319,0.002026,172.31.36.0-255,66,131817,10,185413
320,0.002043,74.125.68.0-255,1484,133301,10,185413
321,0.00205,74.125.68.0-255,5738,139039,10,185413
322,0.002052,172.31.36.0-255,66,139105,10,185413
323,0.002063,172.31.36.0-255,66,139171,10,185413
324,0.002085,74.125.68.0-255,2902,142073,10,185413
325,0.002088,172.31.36.0-255,66,142139,10,185413
326,0.002113,74.125.68.0-255,2184,144323,10,185413
327,0.002116,172.31.36.0-255,66,144389,10,185413
328,0.002495,74.125.68.0-255,1484,145873,10,185413
329,0.002515,74.125.68.0-255,1484,147357,10,185413
330,0.002519,172.31.36.0-255,66,147423,10,185413
331,0.002539,74.125.68.0-255,2902,150325,10,185413
332,0.002542,172.31.36.0-255,66,150391,10,185413
333,0.002559,74.125.68.0-255,1484,151875,10,185413
334,0.00506,74.125.68.0-255,1484,153359,10,185413
335,0.005063,172.31.36.0-255,66,153425,10,185413
336,0.005079,74.125.68.0-255,2902,156327,10,185413
337,0.005082,172.31.36.0-255,66,156393,10,185413
338,0.007616,74.125.68.0-255,5738,162131,10,185413
339,0.007623,172.31.36.0-255,66,162197,10,185413
340,0.010174,74.125.68.0-255,5738,167935,10,185413
341,0.010183,172.31.36.0-255,66,168001,10,185413
342,0.012739,74.125.68.0-255,5738,173739,10,185413
343,0.012748,172.31.36.0-255,66,173805,10,185413
344,0.01529,74.125.68.0-255,5738,179543,10,185413
345,0.015299,172.31.36.0-255,66,179609,10,185413
346,0.017848,74.125.68.0-255,5738,185347,10,185413
347,0.017862,172.31.36.0-255,66,185413,10,185413
348,0.0,74.125.24.0-255,152,152,10,192883
349,3.4e-05,172.31.36.0-255,66,218,10,192883
350,4.1e-05,74.125.24.0-255,1484,1702,10,192883
351,4.6e-05,172.31.36.0-255,66,1768,10,192883
352,6e-05,74.125.24.0-255,2902,4670,10,192883
353,6.4e-05,172.31.36.0-255,66,4736,10,192883
354,7e-05,74.125.24.0-255,5738,10474,10,192883
355,7.4e-05,172.31.36.0-255,66,10540,10,192883
356,8e-05,74.125.24.0-255,4864,15404,10,192883
357,8.2e-05,172.31.36.0-255,66,15470,10,192883
358,8.9e-05,74.125.24.0-255,5738,21208,10,192883
359,9.2e-05,172.31.36.0-255,66,21274,10,192883
360,0.000157,172.31.36.0-255,66,21340,10,192883
361,0.00016,74.125.24.0-255,1484,22824,10,192883
362,0.000162,172.31.36.0-255,66,22890,10,192883
363,0.000195,74.125.24.0-255,5738,28628,10,192883
364,0.000199,172.31.36.0-255,66,28694,10,192883
365,0.000228,74.125.24.0-255,6438,35132,10,192883
366,0.000231,172.31.36.0-255,66,35198,10,192883
367,0.000257,74.125.24.0-255,1484,36682,10,192883
368,0.00026,172.31.36.0-255,66,36748,10,192883
369,0.000264,74.125.24.0-255,2902,39650,10,192883
370,0.000267,172.31.36.0-255,66,39716,10,192883
371,0.000273,74.125.24.0-255,5738,45454,10,192883
372,0.000276,172.31.36.0-255,66,45520,10,192883
373,0.00032,74.125.24.0-255,7152,52672,10,192883
374,0.000324,172.31.36.0-255,66,52738,10,192883
375,0.000628,74.125.24.0-255,1484,54222,10,192883
376,0.000633,172.31.36.0-255,66,54288,10,192883
377,0.000638,74.125.24.0-255,2902,57190,10,192883
378,0.000642,172.31.36.0-255,66,57256,10,192883
379,0.000652,74.125.24.0-255,2902,60158,10,192883
380,0.000655,172.31.36.0-255,66,60224,10,192883
381,0.000679,74.125.24.0-255,2902,63126,10,192883
382,0.000682,172.31.36.0-255,66,63192,10,192883
383,0.000688,74.125.24.0-255,4320,67512,10,192883
384,0.000692,172.31.36.0-255,66,67578,10,192883
385,0.000698,172.31.36.0-255,66,67644,10,192883
386,0.000727,74.125.24.0-255,2902,70546,10,192883
387,0.00073,172.31.36.0-255,66,70612,10,192883
388,0.00074,172.31.36.0-255,66,70678,10,192883
389,0.000743,74.125.24.0-255,331,71009,10,192883
390,0.001095,172.31.36.0-255,66,71075,10,192883
391,0.001527,74.125.24.0-255,1484,72559,10,192883
392,0.001537,74.125.24.0-255,2902,75461,10,192883
393,0.001542,172.31.36.0-255,66,75527,10,192883
394,0.001549,74.125.24.0-255,4320,79847,10,192883
395,0.001552,172.31.36.0-255,66,79913,10,192883
396,0.001571,74.125.24.0-255,1484,81397,10,192883
397,0.001585,74.125.24.0-255,7156,88553,10,192883
398,0.001588,172.31.36.0-255,66,88619,10,192883
399,0.001599,172.31.36.0-255,66,88685,10,192883
400,0.001628,74.125.24.0-255,5738,94423,10,192883
401,0.001631,172.31.36.0-255,66,94489,10,192883
402,0.001657,74.125.24.0-255,2184,96673,10,192883
403,0.00166,172.31.36.0-255,66,96739,10,192883
404,0.00169,74.125.24.0-255,1484,98223,10,192883
405,0.001695,74.125.24.0-255,2902,101125,10,192883
406,0.001698,172.31.36.0-255,66,101191,10,192883
407,0.001702,74.125.24.0-255,2902,104093,10,192883
408,0.001705,172.31.36.0-255,66,104159,10,192883
409,0.001736,74.125.24.0-255,2902,107061,10,192883
410,0.001739,172.31.36.0-255,66,107127,10,192883
411,0.001746,74.125.24.0-255,7156,114283,10,192883
412,0.001748,172.31.36.0-255,66,114349,10,192883
413,0.001755,74.125.24.0-255,7156,121505,10,192883
414,0.001757,172.31.36.0-255,66,121571,10,192883
415,0.001787,74.125.24.0-255,7156,128727,10,192883
416,0.00179,172.31.36.0-255,66,128793,10,192883
417,0.001795,74.125.24.0-255,2184,130977,10,192883
418,0.001797,172.31.36.0-255,66,131043,10,192883
419,0.002234,74.125.24.0-255,1484,132527,10,192883
420,0.002241,74.125.24.0-255,2902,135429,10,192883
421,0.002245,172.31.36.0-255,66,135495,10,192883
422,0.002252,74.125.24.0-255,5738,141233,10,192883
423,0.002255,172.31.36.0-255,66,141299,10,192883
424,0.002302,172.31.36.0-255,66,141365,10,192883
425,0.002307,74.125.24.0-255,4320,145685,10,192883
426,0.002309,172.31.36.0-255,66,145751,10,192883
427,0.00235,74.125.24.0-255,6438,152189,10,192883
428,0.002353,172.31.36.0-255,66,152255,10,192883
429,0.00476,74.125.24.0-255,5738,157993,10,192883
430,0.004764,172.31.36.0-255,66,158059,10,192883
431,0.007102,74.125.24.0-255,5738,163797,10,192883
432,0.007108,172.31.36.0-255,66,163863,10,192883
433,0.00947,74.125.24.0-255,5738,169601,10,192883
434,0.009477,172.31.36.0-255,66,169667,10,192883
435,0.011854,74.125.24.0-255,5738,175405,10,192883
436,0.011861,172.31.36.0-255,66,175471,10,192883
437,0.014242,74.125.24.0-255,5738,181209,10,192883
438,0.014257,172.31.36.0-255,66,181275,10,192883
439,0.016633,74.125.24.0-255,5738,187013,10,192883
440,0.016642,172.31.36.0-255,66,187079,10,192883
441,0.019006,74.125.24.0-255,5738,192817,10,192883
442,0.019015,172.31.36.0-255,66,192883,10,192883
443,0.0,74.125.24.0-255,153,153,10,205527
444,3.1e-05,172.31.36.0-255,66,219,10,205527
445,3.8e-05,74.125.24.0-255,1484,1703,10,205527
446,4.3e-05,172.31.36.0-255,66,1769,10,205527
447,4.9e-05,74.125.24.0-255,2902,4671,10,205527
448,5.2e-05,172.31.36.0-255,66,4737,10,205527
449,5.7e-05,74.125.24.0-255,4320,9057,10,205527
450,6.1e-05,172.31.36.0-255,66,9123,10,205527
451,9.5e-05,172.31.36.0-255,66,9189,10,205527
452,0.00013,74.125.24.0-255,7156,16345,10,205527
453,0.000133,172.31.36.0-255,66,16411,10,205527
454,0.000155,74.125.24.0-255,5379,21790,10,205527
455,0.000159,172.31.36.0-255,66,21856,10,205527
456,0.000332,74.125.24.0-255,1484,23340,10,205527
457,0.000336,172.31.36.0-255,66,23406,10,205527
458,0.000342,74.125.24.0-255,2902,26308,10,205527
459,0.000345,172.31.36.0-255,66,26374,10,205527
460,0.000348,74.125.24.0-255,1484,27858,10,205527
461,0.00035,172.31.36.0-255,66,27924,10,205527
462,0.000377,74.125.24.0-255,4320,32244,10,205527
463,0.00038,172.31.36.0-255,66,32310,10,205527
464,0.000384,74.125.24.0-255,1484,33794,10,205527
465,0.000386,172.31.36.0-255,66,33860,10,205527
466,0.000398,172.31.36.0-255,66,33926,10,205527
467,0.000416,74.125.24.0-255,1125,35051,10,205527
468,0.000422,172.31.36.0-255,66,35117,10,205527
469,0.000424,74.125.24.0-255,7156,42273,10,205527
470,0.000427,172.31.36.0-255,66,42339,10,205527
471,0.000447,74.125.24.0-255,2902,45241,10,205527
472,0.00045,172.31.36.0-255,66,45307,10,205527
473,0.000469,74.125.24.0-255,2876,48183,10,205527
474,0.000471,172.31.36.0-255,66,48249,10,205527
475,0.000529,74.125.24.0-255,109,48358,10,205527
476,0.000561,74.125.24.0-255,331,48689,10,205527
477,0.000898,74.125.24.0-255,1484,50173,10,205527
478,0.000904,172.31.36.0-255,66,50239,10,205527
479,0.000911,74.125.24.0-255,2902,53141,10,205527
480,0.000914,172.31.36.0-255,66,53207,10,205527
481,0.000918,74.125.24.0-255,2902,56109,10,205527
482,0.00092,172.31.36.0-255,66,56175,10,205527
483,0.000937,74.125.24.0-255,2902,59077,10,205527
484,0.000939,172.31.36.0-255,66,59143,10,205527
485,0.000947,74.125.24.0-255,7156,66299,10,205527
486,0.00095,172.31.36.0-255,66,66365,10,205527
487,0.000983,74.125.24.0-255,5738,72103,10,205527
488,0.000986,172.31.36.0-255,66,72169,10,205527
489,0.000997,172.31.36.0-255,66,72235,10,205527
490,0.000999,74.125.24.0-255,766,73001,10,205527
491,0.001209,74.125.24.0-255,1484,74485,10,205527
492,0.001215,172.31.36.0-255,66,74551,10,205527
493,0.001233,74.125.24.0-255,2902,77453,10,205527
494,0.001236,172.31.36.0-255,66,77519,10,205527
495,0.001243,74.125.24.0-255,5738,83257,10,205527
496,0.001245,172.31.36.0-255,66,83323,10,205527
497,0.00125,74.125.24.0-255,4320,87643,10,205527
498,0.001252,172.31.36.0-255,66,87709,10,205527
499,0.001269,74.125.24.0-255,1484,89193,10,205527
500,0.001305,74.125.24.0-255,4320,93513,10,205527
501,0.001307,172.31.36.0-255,66,93579,10,205527
502,0.001333,172.31.36.0-255,66,93645,10,205527
503,0.001337,74.125.24.0-255,2902,96547,10,205527
504,0.001338,172.31.36.0-255,66,96613,10,205527
505,0.001366,74.125.24.0-255,2184,98797,10,205527
506,0.001368,172.31.36.0-255,66,98863,10,205527
507,0.001712,74.125.24.0-255,1484,100347,10,205527
508,0.001729,74.125.24.0-255,2902,103249,10,205527
509,0.001732,172.31.36.0-255,66,103315,10,205527
510,0.001735,74.125.24.0-255,1484,104799,10,205527
511,0.001752,74.125.24.0-255,4320,109119,10,205527
512,0.001754,172.31.36.0-255,66,109185,10,205527
513,0.00178,74.125.24.0-255,4320,113505,10,205527
514,0.001782,172.31.36.0-255,66,113571,10,205527
515,0.001795,74.125.24.0-255,2902,116473,10,205527
516,0.001797,172.31.36.0-255,66,116539,10,205527
517,0.001804,74.125.24.0-255,7156,123695,10,205527
518,0.001806,172.31.36.0-255,66,123761,10,205527
519,0.001825,74.125.24.0-255,1484,125245,10,205527
520,0.001827,74.125.24.0-255,1484,126729,10,205527
521,0.001829,172.31.36.0-255,66,126795,10,205527
522,0.00185,74.125.24.0-255,6438,133233,10,205527
523,0.001853,172.31.36.0-255,66,133299,10,205527
524,0.001968,74.125.24.0-255,1484,134783,10,205527
525,0.002016,74.125.24.0-255,2902,137685,10,205527
526,0.002019,172.31.36.0-255,66,137751,10,205527
527,0.002024,74.125.24.0-255,5738,143489,10,205527
528,0.002026,172.31.36.0-255,66,143555,10,205527
529,0.002039,172.31.36.0-255,66,143621,10,205527
530,0.002041,74.125.24.0-255,1484,145105,10,205527
531,0.002069,74.125.24.0-255,7156,152261,10,205527
532,0.002072,172.31.36.0-255,66,152327,10,205527
533,0.002076,74.125.24.0-255,2184,154511,10,205527
534,0.002078,172.31.36.0-255,66,154577,10,205527
535,0.00229,74.125.24.0-255,1484,156061,10,205527
536,0.002303,74.125.24.0-255,2902,158963,10,205527
537,0.002306,172.31.36.0-255,66,159029,10,205527
538,0.002309,74.125.24.0-255,1484,160513,10,205527
539,0.002324,74.125.24.0-255,4320,164833,10,205527
540,0.002327,172.31.36.0-255,66,164899,10,205527
541,0.004624,74.125.24.0-255,5738,170637,10,205527
542,0.00463,172.31.36.0-255,66,170703,10,205527
543,0.006891,74.125.24.0-255,5738,176441,10,205527
544,0.006896,172.31.36.0-255,66,176507,10,205527
545,0.009182,74.125.24.0-255,5738,182245,10,205527
546,0.009189,172.31.36.0-255,66,182311,10,205527
547,0.011484,74.125.24.0-255,5738,188049,10,205527
548,0.011493,172.31.36.0-255,66,188115,10,205527
549,0.013787,74.125.24.0-255,5738,193853,10,205527
550,0.013801,172.31.36.0-255,66,193919,10,205527
551,0.016067,74.125.24.0-255,5738,199657,10,205527
552,0.016075,172.31.36.0-255,66,199723,10,205527
553,0.018346,74.125.24.0-255,5738,205461,10,205527
554,0.018352,172.31.36.0-255,66,205527,10,205527
555,0.0,74.125.200.0-255,66,66,10,66
556,0.0,172.217.194.0-255,159,159,10,204652
557,3.7e-05,172.31.36.0-255,66,225,10,204652
558,4.5e-05,172.217.194.0-255,1484,1709,10,204652
559,4.9e-05,172.31.36.0-255,66,1775,10,204652
560,5.4e-05,172.217.194.0-255,2902,4677,10,204652
561,5.7e-05,172.31.36.0-255,66,4743,10,204652
562,7.3e-05,172.217.194.0-255,7156,11899,10,204652
563,7.5e-05,172.31.36.0-255,66,11965,10,204652
564,8.2e-05,172.217.194.0-255,4815,16780,10,204652
565,8.4e-05,172.31.36.0-255,66,16846,10,204652
566,8.9e-05,172.217.194.0-255,4320,21166,10,204652
567,9.1e-05,172.31.36.0-255,66,21232,10,204652
568,0.000123,172.31.36.0-255,66,21298,10,204652
569,0.000176,172.217.194.0-255,1484,22782,10,204652
570,0.000179,172.31.36.0-255,66,22848,10,204652
571,0.000185,172.217.194.0-255,2902,25750,10,204652
572,0.000187,172.31.36.0-255,66,25816,10,204652
573,0.00022,172.217.194.0-255,5738,31554,10,204652
574,0.000225,172.31.36.0-255,66,31620,10,204652
575,0.000235,172.217.194.0-255,6797,38417,10,204652
576,0.000237,172.31.36.0-255,66,38483,10,204652
577,0.000256,172.31.36.0-255,66,38549,10,204652
578,0.000284,172.217.194.0-255,2902,41451,10,204652
579,0.000292,172.31.36.0-255,66,41517,10,204652
580,0.000297,172.217.194.0-255,2543,44060,10,204652
581,0.000298,172.31.36.0-255,66,44126,10,204652
582,0.000302,172.217.194.0-255,379,44505,10,204652
583,0.000304,172.31.36.0-255,66,44571,10,204652
584,0.000363,172.217.194.0-255,367,44938,10,204652
585,0.000367,172.31.36.0-255,66,45004,10,204652
586,0.000682,172.217.194.0-255,1484,46488,10,204652
587,0.000689,172.217.194.0-255,2902,49390,10,204652
588,0.000695,172.31.36.0-255,66,49456,10,204652
589,0.000713,172.217.194.0-255,5738,55194,10,204652
590,0.000716,172.31.36.0-255,66,55260,10,204652
591,0.000729,172.31.36.0-255,66,55326,10,204652
592,0.000788,172.31.36.0-255,66,55392,10,204652
593,0.000816,172.217.194.0-255,3602,58994,10,204652
594,0.000819,172.31.36.0-255,66,59060,10,204652
595,0.000921,172.217.194.0-255,1484,60544,10,204652
596,0.000925,172.217.194.0-255,1484,62028,10,204652
597,0.00093,172.31.36.0-255,66,62094,10,204652
598,0.000942,172.217.194.0-255,1484,63578,10,204652
599,0.000953,172.217.194.0-255,5738,69316,10,204652
600,0.000956,172.31.36.0-255,66,69382,10,204652
601,0.00096,172.217.194.0-255,2902,72284,10,204652
602,0.000962,172.31.36.0-255,66,72350,10,204652
603,0.001003,172.31.36.0-255,66,72416,10,204652
604,0.001011,172.31.36.0-255,66,72482,10,204652
605,0.001048,172.217.194.0-255,1484,73966,10,204652
606,0.001061,172.217.194.0-255,2902,76868,10,204652
607,0.001064,172.31.36.0-255,66,76934,10,204652
608,0.001092,172.217.194.0-255,5738,82672,10,204652
609,0.001095,172.31.36.0-255,66,82738,10,204652
610,0.001099,172.217.194.0-255,1484,84222,10,204652
611,0.001103,172.217.194.0-255,2902,87124,10,204652
612,0.001105,172.31.36.0-255,66,87190,10,204652
613,0.001131,172.217.194.0-255,5738,92928,10,204652
614,0.001134,172.31.36.0-255,66,92994,10,204652
615,0.001141,172.217.194.0-255,5738,98732,10,204652
616,0.001142,172.31.36.0-255,66,98798,10,204652
617,0.001183,172.31.36.0-255,66,98864,10,204652
618,0.001189,172.217.194.0-255,5738,104602,10,204652
619,0.001191,172.31.36.0-255,66,104668,10,204652
620,0.001205,172.217.194.0-255,7156,111824,10,204652
621,0.001208,172.31.36.0-255,66,111890,10,204652
622,0.001216,172.217.194.0-255,7156,119046,10,204652
623,0.001221,172.31.36.0-255,66,119112,10,204652
624,0.001258,172.217.194.0-255,7156,126268,10,204652
625,0.001262,172.31.36.0-255,66,126334,10,204652
626,0.001269,172.217.194.0-255,6438,132772,10,204652
627,0.001271,172.31.36.0-255,66,132838,10,204652
628,0.001301,172.31.36.0-255,66,132904,10,204652
629,0.001333,172.217.194.0-255,1484,134388,10,204652
630,0.001348,172.31.36.0-255,66,134454,10,204652
631,0.001382,172.31.36.0-255,66,134520,10,204652
632,0.001431,172.217.194.0-255,2902,137422,10,204652
633,0.001434,172.31.36.0-255,66,137488,10,204652
634,0.001473,172.217.194.0-255,7156,144644,10,204652
635,0.001476,172.31.36.0-255,66,144710,10,204652
636,0.001502,172.31.36.0-255,66,144776,10,204652
637,0.001518,172.31.36.0-255,66,144842,10,204652
638,0.001764,172.217.194.0-255,1484,146326,10,204652
639,0.001768,172.217.194.0-255,1484,147810,10,204652
640,0.001772,172.31.36.0-255,66,147876,10,204652
641,0.001801,172.217.194.0-255,1484,149360,10,204652
642,0.001808,172.217.194.0-255,5738,155098,10,204652
643,0.001812,172.31.36.0-255,66,155164,10,204652
644,0.00183,172.31.36.0-255,66,155230,10,204652
645,0.001864,172.31.36.0-255,66,155296,10,204652
646,0.001906,172.217.194.0-255,1484,156780,10,204652
647,0.001922,172.217.194.0-255,2902,159682,10,204652
648,0.001926,172.31.36.0-255,66,159748,10,204652
649,0.00196,172.217.194.0-255,5738,165486,10,204652
650,0.001969,172.31.36.0-255,66,165552,10,204652
651,0.001972,172.31.36.0-255,66,165618,10,204652
652,0.002006,172.31.36.0-255,66,165684,10,204652
653,0.002029,172.217.194.0-255,3602,169286,10,204652
654,0.002033,172.31.36.0-255,66,169352,10,204652
655,0.00205,172.31.36.0-255,66,169418,10,204652
656,0.002057,172.217.194.0-255,7156,176574,10,204652
657,0.002061,172.31.36.0-255,66,176640,10,204652
658,0.002099,172.217.194.0-255,2902,179542,10,204652
659,0.002102,172.31.36.0-255,66,179608,10,204652
660,0.002141,172.31.36.0-255,66,179674,10,204652
661,0.002147,172.31.36.0-255,66,179740,10,204652
662,0.002154,172.217.194.0-255,7156,186896,10,204652
663,0.002156,172.31.36.0-255,66,186962,10,204652
664,0.002172,172.217.194.0-255,1484,188446,10,204652
665,0.002206,172.217.194.0-255,7156,195602,10,204652
666,0.00221,172.31.36.0-255,66,195668,10,204652
667,0.002242,172.217.194.0-255,6438,202106,10,204652
668,0.002246,172.31.36.0-255,66,202172,10,204652
669,0.002249,172.217.194.0-255,1484,203656,10,204652
670,0.002286,172.31.36.0-255,66,203722,10,204652
671,0.002289,172.217.194.0-255,105,203827,10,204652
672,0.002291,172.217.194.0-255,129,203956,10,204652
673,0.003779,172.31.36.0-255,105,204061,10,204652
674,0.003804,172.31.36.0-255,105,204166,10,204652
675,0.004055,172.31.36.0-255,90,204256,10,204652
676,0.004064,172.31.36.0-255,66,204322,10,204652
677,0.006077,172.217.194.0-255,66,204388,10,204652
678,0.006088,172.217.194.0-255,66,204454,10,204652
679,0.006342,172.217.194.0-255,66,204520,10,204652
680,0.006384,172.217.194.0-255,66,204586,10,204652
681,0.00639,172.31.36.0-255,66,204652,10,204652
682,0.0,172.217.194.0-255,153,153,10,164748
683,1.5e-05,172.31.36.0-255,66,219,10,164748
684,2.1e-05,172.217.194.0-255,1484,1703,10,164748
685,2.5e-05,172.31.36.0-255,66,1769,10,164748
686,3e-05,172.217.194.0-255,2902,4671,10,164748
687,3.4e-05,172.31.36.0-255,66,4737,10,164748
688,3.7e-05,172.217.194.0-255,1484,6221,10,164748
689,4e-05,172.31.36.0-255,66,6287,10,164748
690,4.7e-05,172.217.194.0-255,5738,12025,10,164748
691,5e-05,172.31.36.0-255,66,12091,10,164748
692,8e-05,172.217.194.0-255,2902,14993,10,164748
693,8.3e-05,172.31.36.0-255,66,15059,10,164748
694,0.00011,172.31.36.0-255,66,15125,10,164748
695,0.00013,172.217.194.0-255,5379,20504,10,164748
696,0.000133,172.31.36.0-255,66,20570,10,164748
697,0.00017,172.217.194.0-255,1484,22054,10,164748
698,0.000173,172.31.36.0-255,66,22120,10,164748
699,0.000178,172.217.194.0-255,2902,25022,10,164748
700,0.00018,172.31.36.0-255,66,25088,10,164748
701,0.000195,172.217.194.0-255,4320,29408,10,164748
702,0.000198,172.31.36.0-255,66,29474,10,164748
703,0.000213,172.217.194.0-255,1484,30958,10,164748
704,0.000216,172.31.36.0-255,66,31024,10,164748
705,0.000221,172.217.194.0-255,2902,33926,10,164748
706,0.000223,172.31.36.0-255,66,33992,10,164748
707,0.000258,172.31.36.0-255,66,34058,10,164748
708,0.000268,172.31.36.0-255,66,34124,10,164748
709,0.000317,172.217.194.0-255,1747,35871,10,164748
710,0.00032,172.31.36.0-255,66,35937,10,164748
711,0.00045,172.217.194.0-255,1484,37421,10,164748
712,0.000457,172.217.194.0-255,2902,40323,10,164748
713,0.000461,172.31.36.0-255,66,40389,10,164748
714,0.000468,172.217.194.0-255,5738,46127,10,164748
715,0.00047,172.31.36.0-255,66,46193,10,164748
716,0.000488,172.217.194.0-255,2902,49095,10,164748
717,0.000491,172.31.36.0-255,66,49161,10,164748
718,0.000494,172.217.194.0-255,1484,50645,10,164748
719,0.000522,172.31.36.0-255,66,50711,10,164748
720,0.000537,172.217.194.0-255,4320,55031,10,164748
721,0.00054,172.31.36.0-255,66,55097,10,164748
722,0.000565,172.217.194.0-255,6438,61535,10,164748
723,0.000567,172.31.36.0-255,66,61601,10,164748
724,0.00065,172.217.194.0-255,1484,63085,10,164748
725,0.000657,172.217.194.0-255,2902,65987,10,164748
726,0.00066,172.31.36.0-255,66,66053,10,164748
727,0.000666,172.217.194.0-255,4320,70373,10,164748
728,0.000669,172.31.36.0-255,66,70439,10,164748
729,0.000684,172.217.194.0-255,1484,71923,10,164748
730,0.000692,172.217.194.0-255,7156,79079,10,164748
731,0.000694,172.31.36.0-255,66,79145,10,164748
732,0.000718,172.217.194.0-255,4320,83465,10,164748
733,0.000721,172.31.36.0-255,66,83531,10,164748
734,0.000736,172.217.194.0-255,2902,86433,10,164748
735,0.000739,172.31.36.0-255,66,86499,10,164748
736,0.000771,172.31.36.0-255,66,86565,10,164748
737,0.000784,172.31.36.0-255,66,86631,10,164748
738,0.000787,172.217.194.0-255,1484,88115,10,164748
739,0.000825,172.31.36.0-255,66,88181,10,164748
740,0.00084,172.217.194.0-255,6438,94619,10,164748
741,0.000843,172.31.36.0-255,66,94685,10,164748
742,0.00147,172.217.194.0-255,1484,96169,10,164748
743,0.001477,172.217.194.0-255,2902,99071,10,164748
744,0.001481,172.31.36.0-255,66,99137,10,164748
745,0.001485,172.217.194.0-255,1484,100621,10,164748
746,0.0015,172.217.194.0-255,4320,104941,10,164748
747,0.001503,172.31.36.0-255,66,105007,10,164748
748,0.001509,172.217.194.0-255,5738,110745,10,164748
749,0.001511,172.31.36.0-255,66,110811,10,164748
750,0.001552,172.217.194.0-255,7156,117967,10,164748
751,0.001555,172.31.36.0-255,66,118033,10,164748
752,0.001579,172.217.194.0-255,5738,123771,10,164748
753,0.001585,172.217.194.0-255,5020,128791,10,164748
754,0.001589,172.31.36.0-255,66,128857,10,164748
755,0.001596,172.31.36.0-255,66,128923,10,164748
756,0.001859,172.217.194.0-255,1484,130407,10,164748
757,0.001867,172.217.194.0-255,2902,133309,10,164748
758,0.001871,172.31.36.0-255,66,133375,10,164748
759,0.001876,172.217.194.0-255,2902,136277,10,164748
760,0.001878,172.31.36.0-255,66,136343,10,164748
761,0.001896,172.217.194.0-255,2902,139245,10,164748
762,0.001898,172.31.36.0-255,66,139311,10,164748
763,0.001912,172.31.36.0-255,66,139377,10,164748
764,0.001931,172.217.194.0-255,1484,140861,10,164748
765,0.001944,172.31.36.0-255,66,140927,10,164748
766,0.001982,172.31.36.0-255,66,140993,10,164748
767,0.002013,172.31.36.0-255,66,141059,10,164748
768,0.002078,172.31.36.0-255,66,141125,10,164748
769,0.002096,172.31.36.0-255,66,141191,10,164748
770,0.002107,172.31.36.0-255,66,141257,10,164748
771,0.002137,172.217.194.0-255,7156,148413,10,164748
772,0.00214,172.31.36.0-255,66,148479,10,164748
773,0.002173,172.31.36.0-255,66,148545,10,164748
774,0.00219,172.31.36.0-255,66,148611,10,164748
775,0.002218,172.31.36.0-255,66,148677,10,164748
776,0.002234,172.31.36.0-255,66,148743,10,164748
777,0.002248,172.217.194.0-255,5738,154481,10,164748
778,0.002251,172.31.36.0-255,66,154547,10,164748
779,0.002291,172.31.36.0-255,66,154613,10,164748
780,0.002308,172.217.194.0-255,6438,161051,10,164748
781,0.002311,172.31.36.0-255,66,161117,10,164748
782,0.002325,172.31.36.0-255,66,161183,10,164748
783,0.002337,172.31.36.0-255,66,161249,10,164748
784,0.002352,172.217.194.0-255,2811,164060,10,164748
785,0.002354,172.31.36.0-255,66,164126,10,164748
786,0.002358,172.217.194.0-255,97,164223,10,164748
787,0.002376,172.217.194.0-255,105,164328,10,164748
788,0.010774,172.31.36.0-255,66,164394,10,164748
789,0.010812,172.31.36.0-255,105,164499,10,164748
790,0.012719,172.217.194.0-255,105,164604,10,164748
791,0.01273,172.31.36.0-255,78,164682,10,164748
792,0.013378,172.217.194.0-255,66,164748,10,164748
793,0.0,172.217.194.0-255,152,152,10,217769
794,2.7e-05,172.31.36.0-255,66,218,10,217769
795,3.3e-05,172.217.194.0-255,1484,1702,10,217769
796,3.7e-05,172.31.36.0-255,66,1768,10,217769
797,4.2e-05,172.217.194.0-255,2902,4670,10,217769
798,5.5e-05,172.31.36.0-255,66,4736,10,217769
799,6e-05,172.217.194.0-255,2902,7638,10,217769
800,6.2e-05,172.31.36.0-255,66,7704,10,217769
801,0.000108,172.31.36.0-255,66,7770,10,217769
802,0.000111,172.217.194.0-255,1484,9254,10,217769
803,0.000113,172.31.36.0-255,66,9320,10,217769
804,0.000149,172.217.194.0-255,4320,13640,10,217769
805,0.000152,172.31.36.0-255,66,13706,10,217769
806,0.000188,172.31.36.0-255,66,13772,10,217769
807,0.000227,172.31.36.0-255,66,13838,10,217769
808,0.000233,172.217.194.0-255,5020,18858,10,217769
809,0.000235,172.31.36.0-255,66,18924,10,217769
810,0.000238,172.217.194.0-255,1484,20408,10,217769
811,0.00024,172.31.36.0-255,66,20474,10,217769
812,0.00025,172.217.194.0-255,2902,23376,10,217769
813,0.000252,172.31.36.0-255,66,23442,10,217769
814,0.000257,172.217.194.0-255,2902,26344,10,217769
815,0.000259,172.31.36.0-255,66,26410,10,217769
816,0.000293,172.217.194.0-255,2902,29312,10,217769
817,0.000297,172.31.36.0-255,66,29378,10,217769
818,0.000304,172.217.194.0-255,5738,35116,10,217769
819,0.000309,172.31.36.0-255,66,35182,10,217769
820,0.000326,172.217.194.0-255,1444,36626,10,217769
821,0.000329,172.31.36.0-255,66,36692,10,217769
822,0.00041,172.217.194.0-255,1484,38176,10,217769
823,0.000416,172.217.194.0-255,2902,41078,10,217769
824,0.000419,172.31.36.0-255,66,41144,10,217769
825,0.000447,172.217.194.0-255,4320,45464,10,217769
826,0.00045,172.31.36.0-255,66,45530,10,217769
827,0.000475,172.217.194.0-255,1484,47014,10,217769
828,0.00048,172.217.194.0-255,2902,49916,10,217769
829,0.000482,172.31.36.0-255,66,49982,10,217769
830,0.00052,172.31.36.0-255,66,50048,10,217769
831,0.000527,172.217.194.0-255,5738,55786,10,217769
832,0.000529,172.31.36.0-255,66,55852,10,217769
833,0.000548,172.31.36.0-255,66,55918,10,217769
834,0.000581,172.217.194.0-255,766,56684,10,217769
835,0.000597,172.31.36.0-255,66,56750,10,217769
836,0.000608,172.31.36.0-255,66,56816,10,217769
837,0.000662,172.217.194.0-255,4320,61136,10,217769
838,0.000667,172.31.36.0-255,66,61202,10,217769
839,0.000692,172.217.194.0-255,3323,64525,10,217769
840,0.000695,172.31.36.0-255,66,64591,10,217769
841,0.000764,172.217.194.0-255,1484,66075,10,217769
842,0.000769,172.217.194.0-255,2902,68977,10,217769
843,0.000772,172.31.36.0-255,66,69043,10,217769
844,0.000802,172.217.194.0-255,5738,74781,10,217769
845,0.000805,172.31.36.0-255,66,74847,10,217769
846,0.000841,172.31.36.0-255,66,74913,10,217769
847,0.000853,172.217.194.0-255,1484,76397,10,217769
848,0.000865,172.217.194.0-255,7156,83553,10,217769
849,0.000868,172.31.36.0-255,66,83619,10,217769
850,0.000925,172.217.194.0-255,3602,87221,10,217769
851,0.00093,172.31.36.0-255,66,87287,10,217769
852,0.001509,172.217.194.0-255,1484,88771,10,217769
853,0.001513,172.217.194.0-255,1484,90255,10,217769
854,0.001517,172.31.36.0-255,66,90321,10,217769
855,0.001542,172.217.194.0-255,1484,91805,10,217769
856,0.001549,172.217.194.0-255,5738,97543,10,217769
857,0.001552,172.31.36.0-255,66,97609,10,217769
858,0.001556,172.217.194.0-255,1484,99093,10,217769
859,0.001583,172.217.194.0-255,5738,104831,10,217769
860,0.001587,172.31.36.0-255,66,104897,10,217769
861,0.001591,172.217.194.0-255,2902,107799,10,217769
862,0.001593,172.31.36.0-255,66,107865,10,217769
863,0.001638,172.31.36.0-255,66,107931,10,217769
864,0.001642,172.217.194.0-255,2184,110115,10,217769
865,0.001644,172.31.36.0-255,66,110181,10,217769
866,0.001809,172.217.194.0-255,1484,111665,10,217769
867,0.001826,172.217.194.0-255,2902,114567,10,217769
868,0.00183,172.31.36.0-255,66,114633,10,217769
869,0.001835,172.217.194.0-255,2902,117535,10,217769
870,0.001837,172.31.36.0-255,66,117601,10,217769
871,0.00186,172.217.194.0-255,2902,120503,10,217769
872,0.001873,172.31.36.0-255,66,120569,10,217769
873,0.001877,172.217.194.0-255,2902,123471,10,217769
874,0.001879,172.31.36.0-255,66,123537,10,217769
875,0.001893,172.31.36.0-255,66,123603,10,217769
876,0.001935,172.31.36.0-255,66,123669,10,217769
877,0.001961,172.217.194.0-255,2184,125853,10,217769
878,0.001964,172.31.36.0-255,66,125919,10,217769
879,0.002085,172.217.194.0-255,1484,127403,10,217769
880,0.002102,172.217.194.0-255,2902,130305,10,217769
881,0.002105,172.31.36.0-255,66,130371,10,217769
882,0.002109,172.217.194.0-255,1484,131855,10,217769
883,0.002136,172.217.194.0-255,4320,136175,10,217769
884,0.002139,172.31.36.0-255,66,136241,10,217769
885,0.002146,172.217.194.0-255,5738,141979,10,217769
886,0.002149,172.31.36.0-255,66,142045,10,217769
887,0.002191,172.217.194.0-255,7156,149201,10,217769
888,0.002195,172.31.36.0-255,66,149267,10,217769
889,0.002202,172.217.194.0-255,5738,155005,10,217769
890,0.002204,172.31.36.0-255,66,155071,10,217769
891,0.002207,172.217.194.0-255,1484,156555,10,217769
892,0.002236,172.217.194.0-255,3602,160157,10,217769
893,0.002239,172.31.36.0-255,66,160223,10,217769
894,0.002264,172.217.194.0-255,2902,163125,10,217769
895,0.002267,172.31.36.0-255,66,163191,10,217769
896,0.002298,172.217.194.0-255,4320,167511,10,217769
897,0.002301,172.31.36.0-255,66,167577,10,217769
898,0.002313,172.31.36.0-255,66,167643,10,217769
899,0.002323,172.217.194.0-255,4320,171963,10,217769
900,0.002326,172.31.36.0-255,66,172029,10,217769
901,0.002364,172.217.194.0-255,2902,174931,10,217769
902,0.002367,172.31.36.0-255,66,174997,10,217769
903,0.002394,172.31.36.0-255,66,175063,10,217769
904,0.002399,172.217.194.0-255,4320,179383,10,217769
905,0.002401,172.31.36.0-255,66,179449,10,217769
906,0.002451,172.31.36.0-255,66,179515,10,217769
907,0.002467,172.31.36.0-255,66,179581,10,217769
908,0.002472,172.217.194.0-255,2902,182483,10,217769
909,0.002475,172.31.36.0-255,66,182549,10,217769
910,0.002503,172.31.36.0-255,66,182615,10,217769
911,0.002551,172.217.194.0-255,1484,184099,10,217769
912,0.002556,172.31.36.0-255,66,184165,10,217769
913,0.002594,172.31.36.0-255,66,184231,10,217769
914,0.002606,172.31.36.0-255,66,184297,10,217769
915,0.005152,172.217.194.0-255,5738,190035,10,217769
916,0.005159,172.31.36.0-255,66,190101,10,217769
917,0.007711,172.217.194.0-255,5738,195839,10,217769
918,0.007716,172.31.36.0-255,66,195905,10,217769
919,0.010264,172.217.194.0-255,5738,201643,10,217769
920,0.010271,172.31.36.0-255,66,201709,10,217769
921,0.012825,172.217.194.0-255,4320,206029,10,217769
922,0.012832,172.31.36.0-255,66,206095,10,217769
923,0.012857,172.217.194.0-255,1484,207579,10,217769
924,0.015383,172.217.194.0-255,4320,211899,10,217769
925,0.015391,172.31.36.0-255,66,211965,10,217769
926,0.017936,172.217.194.0-255,5738,217703,10,217769
927,0.017945,172.31.36.0-255,66,217769,10,217769
928,0.0,172.217.160.0-255,145,145,10,103388
929,2.3e-05,172.31.36.0-255,66,211,10,103388
930,3.1e-05,172.217.160.0-255,1484,1695,10,103388
931,3.6e-05,172.31.36.0-255,66,1761,10,103388
932,4.2e-05,172.217.160.0-255,2902,4663,10,103388
933,4.5e-05,172.31.36.0-255,66,4729,10,103388
934,4.9e-05,172.217.160.0-255,2902,7631,10,103388
935,5.2e-05,172.31.36.0-255,66,7697,10,103388
936,7.3e-05,172.31.36.0-255,66,7763,10,103388
937,8.7e-05,172.31.36.0-255,66,7829,10,103388
938,0.000123,172.217.160.0-255,3961,11790,10,103388
939,0.000126,172.31.36.0-255,66,11856,10,103388
940,0.000204,172.217.160.0-255,1484,13340,10,103388
941,0.000207,172.31.36.0-255,66,13406,10,103388
942,0.000212,172.217.160.0-255,2902,16308,10,103388
943,0.000214,172.31.36.0-255,66,16374,10,103388
944,0.00022,172.217.160.0-255,4320,20694,10,103388
945,0.000227,172.31.36.0-255,66,20760,10,103388
946,0.000269,172.31.36.0-255,66,20826,10,103388
947,0.000274,172.217.160.0-255,2902,23728,10,103388
948,0.000276,172.31.36.0-255,66,23794,10,103388
949,0.000317,172.31.36.0-255,66,23860,10,103388
950,0.00032,172.217.160.0-255,373,24233,10,103388
951,0.000323,172.31.36.0-255,66,24299,10,103388
952,0.000783,172.217.160.0-255,104,24403,10,103388
953,0.000788,172.31.36.0-255,66,24469,10,103388
954,0.000869,172.217.160.0-255,1484,25953,10,103388
955,0.000873,172.217.160.0-255,1484,27437,10,103388
956,0.000877,172.31.36.0-255,66,27503,10,103388
957,0.000892,172.217.160.0-255,1484,28987,10,103388
958,0.000894,172.31.36.0-255,66,29053,10,103388
959,0.000901,172.217.160.0-255,5738,34791,10,103388
960,0.000908,172.31.36.0-255,66,34857,10,103388
961,0.000952,172.31.36.0-255,66,34923,10,103388
962,0.000969,172.31.36.0-255,66,34989,10,103388
963,0.000972,172.217.160.0-255,1484,36473,10,103388
964,0.000999,172.217.160.0-255,2543,39016,10,103388
965,0.001006,172.31.36.0-255,66,39082,10,103388
966,0.002591,172.217.160.0-255,1484,40566,10,103388
967,0.002634,172.217.160.0-255,4320,44886,10,103388
968,0.002639,172.31.36.0-255,66,44952,10,103388
969,0.004263,172.217.160.0-255,5738,50690,10,103388
970,0.004267,172.31.36.0-255,66,50756,10,103388
971,0.005884,172.217.160.0-255,2902,53658,10,103388
972,0.005887,172.31.36.0-255,66,53724,10,103388
973,0.00592,172.217.160.0-255,2902,56626,10,103388
974,0.005922,172.31.36.0-255,66,56692,10,103388
975,0.00752,172.217.160.0-255,2902,59594,10,103388
976,0.007526,172.31.36.0-255,66,59660,10,103388
977,0.007572,172.217.160.0-255,2902,62562,10,103388
978,0.007576,172.31.36.0-255,66,62628,10,103388
979,0.009148,172.217.160.0-255,2902,65530,10,103388
980,0.009154,172.31.36.0-255,66,65596,10,103388
981,0.009182,172.217.160.0-255,2902,68498,10,103388
982,0.009184,172.31.36.0-255,66,68564,10,103388
983,0.010795,172.217.160.0-255,5738,74302,10,103388
984,0.010803,172.31.36.0-255,66,74368,10,103388
985,0.012445,172.217.160.0-255,5738,80106,10,103388
986,0.012452,172.31.36.0-255,66,80172,10,103388
987,0.01408,172.217.160.0-255,5738,85910,10,103388
988,0.014089,172.31.36.0-255,66,85976,10,103388
989,0.015721,172.217.160.0-255,5738,91714,10,103388
990,0.015729,172.31.36.0-255,66,91780,10,103388
991,0.017368,172.217.160.0-255,5738,97518,10,103388
992,0.017375,172.31.36.0-255,66,97584,10,103388
993,0.019006,172.217.160.0-255,5738,103322,10,103388
994,0.019014,172.31.36.0-255,66,103388,10,103388
995,0.0,172.217.194.0-255,151,151,10,140661
996,1.8e-05,172.31.36.0-255,66,217,10,140661
997,2.5e-05,172.217.194.0-255,1484,1701,10,140661
998,3e-05,172.31.36.0-255,66,1767,10,140661
999,3.5e-05,172.217.194.0-255,2902,4669,10,140661
1000,4.7e-05,172.31.36.0-255,66,4735,10,140661
1001,5.5e-05,172.217.194.0-255,7156,11891,10,140661
1002,5.8e-05,172.31.36.0-255,66,11957,10,140661
1003,6.3e-05,172.217.194.0-255,2065,14022,10,140661
1004,6.6e-05,172.31.36.0-255,66,14088,10,140661
1005,0.000235,172.217.194.0-255,1484,15572,10,140661
1006,0.00024,172.31.36.0-255,66,15638,10,140661
1007,0.000246,172.217.194.0-255,2902,18540,10,140661
1008,0.000249,172.31.36.0-255,66,18606,10,140661
1009,0.000257,172.217.194.0-255,1484,20090,10,140661
1010,0.00026,172.31.36.0-255,66,20156,10,140661
1011,0.000289,172.217.194.0-255,4320,24476,10,140661
1012,0.000291,172.31.36.0-255,66,24542,10,140661
1013,0.000336,172.31.36.0-255,66,24608,10,140661
1014,0.000348,172.31.36.0-255,66,24674,10,140661
1015,0.000353,172.217.194.0-255,3961,28635,10,140661
1016,0.000356,172.31.36.0-255,66,28701,10,140661
1017,0.001048,172.217.194.0-255,1484,30185,10,140661
1018,0.001055,172.31.36.0-255,66,30251,10,140661
1019,0.001065,172.217.194.0-255,2902,33153,10,140661
1020,0.001067,172.31.36.0-255,66,33219,10,140661
1021,0.001077,172.217.194.0-255,2902,36121,10,140661
1022,0.001094,172.31.36.0-255,66,36187,10,140661
1023,0.001102,172.217.194.0-255,7156,43343,10,140661
1024,0.001108,172.31.36.0-255,66,43409,10,140661
1025,0.001131,172.217.194.0-255,5738,49147,10,140661
1026,0.001133,172.31.36.0-255,66,49213,10,140661
1027,0.001162,172.31.36.0-255,66,49279,10,140661
1028,0.001165,172.217.194.0-255,1484,50763,10,140661
1029,0.001172,172.217.194.0-255,4320,55083,10,140661
1030,0.001174,172.31.36.0-255,66,55149,10,140661
1031,0.0012,172.217.194.0-255,1705,56854,10,140661
1032,0.001203,172.31.36.0-255,66,56920,10,140661
1033,0.001211,172.217.194.0-255,7156,64076,10,140661
1034,0.001213,172.31.36.0-255,66,64142,10,140661
1035,0.00122,172.217.194.0-255,5379,69521,10,140661
1036,0.001223,172.31.36.0-255,66,69587,10,140661
1037,0.002018,172.217.194.0-255,1484,71071,10,140661
1038,0.002026,172.217.194.0-255,2902,73973,10,140661
1039,0.002031,172.31.36.0-255,66,74039,10,140661
1040,0.002066,172.217.194.0-255,5738,79777,10,140661
1041,0.002068,172.31.36.0-255,66,79843,10,140661
1042,0.002074,172.217.194.0-255,2902,82745,10,140661
1043,0.002076,172.31.36.0-255,66,82811,10,140661
1044,0.00212,172.31.36.0-255,66,82877,10,140661
1045,0.002126,172.217.194.0-255,4320,87197,10,140661
1046,0.002128,172.31.36.0-255,66,87263,10,140661
1047,0.002131,172.217.194.0-255,1484,88747,10,140661
1048,0.002163,172.217.194.0-255,5020,93767,10,140661
1049,0.002165,172.31.36.0-255,66,93833,10,140661
1050,0.002491,172.217.194.0-255,1484,95317,10,140661
1051,0.002506,172.217.194.0-255,2902,98219,10,140661
1052,0.002509,172.31.36.0-255,66,98285,10,140661
1053,0.002515,172.217.194.0-255,4320,102605,10,140661
1054,0.002517,172.31.36.0-255,66,102671,10,140661
1055,0.002535,172.217.194.0-255,1484,104155,10,140661
1056,0.002539,172.217.194.0-255,1484,105639,10,140661
1057,0.002542,172.31.36.0-255,66,105705,10,140661
1058,0.002585,172.31.36.0-255,66,105771,10,140661
1059,0.00265,172.31.36.0-255,66,105837,10,140661
1060,0.005267,172.217.194.0-255,5738,111575,10,140661
1061,0.005274,172.31.36.0-255,66,111641,10,140661
1062,0.007899,172.217.194.0-255,5738,117379,10,140661
1063,0.007906,172.31.36.0-255,66,117445,10,140661
1064,0.010552,172.217.194.0-255,5738,123183,10,140661
1065,0.010565,172.31.36.0-255,66,123249,10,140661
1066,0.013191,172.217.194.0-255,5738,128987,10,140661
1067,0.013199,172.31.36.0-255,66,129053,10,140661
1068,0.015853,172.217.194.0-255,5738,134791,10,140661
1069,0.015867,172.31.36.0-255,66,134857,10,140661
1070,0.018525,172.217.194.0-255,5738,140595,10,140661
1071,0.018534,172.31.36.0-255,66,140661,10,140661
1072,0.0,172.217.194.0-255,146,146,10,198618
1073,3.4e-05,172.31.36.0-255,66,212,10,198618
1074,4.1e-05,172.217.194.0-255,1484,1696,10,198618
1075,4.5e-05,172.31.36.0-255,66,1762,10,198618
1076,4.9e-05,172.217.194.0-255,2902,4664,10,198618
1077,5.2e-05,172.31.36.0-255,66,4730,10,198618
1078,5.7e-05,172.217.194.0-255,2902,7632,10,198618
1079,5.9e-05,172.31.36.0-255,66,7698,10,198618
1080,9.3e-05,172.217.194.0-255,6266,13964,10,198618
1081,9.6e-05,172.31.36.0-255,66,14030,10,198618
1082,0.000104,172.217.194.0-255,7156,21186,10,198618
1083,0.000106,172.31.36.0-255,66,21252,10,198618
1084,0.000129,172.217.194.0-255,4320,25572,10,198618
1085,0.000132,172.31.36.0-255,66,25638,10,198618
1086,0.000154,172.217.194.0-255,5379,31017,10,198618
1087,0.000156,172.31.36.0-255,66,31083,10,198618
1088,0.000168,172.31.36.0-255,66,31149,10,198618
1089,0.000176,172.217.194.0-255,6797,37946,10,198618
1090,0.000181,172.31.36.0-255,66,38012,10,198618
1091,0.000211,172.217.194.0-255,7156,45168,10,198618
1092,0.000214,172.31.36.0-255,66,45234,10,198618
1093,0.000222,172.217.194.0-255,7156,52390,10,198618
1094,0.000225,172.31.36.0-255,66,52456,10,198618
1095,0.000268,172.217.194.0-255,2869,55325,10,198618
1096,0.000271,172.31.36.0-255,66,55391,10,198618
1097,0.000301,172.217.194.0-255,384,55775,10,198618
1098,0.000305,172.31.36.0-255,66,55841,10,198618
1099,0.000511,172.217.194.0-255,1484,57325,10,198618
1100,0.000515,172.31.36.0-255,66,57391,10,198618
1101,0.000521,172.217.194.0-255,2902,60293,10,198618
1102,0.000524,172.31.36.0-255,66,60359,10,198618
1103,0.000551,172.217.194.0-255,5738,66097,10,198618
1104,0.000558,172.31.36.0-255,66,66163,10,198618
1105,0.000566,172.217.194.0-255,2902,69065,10,198618
1106,0.000577,172.31.36.0-255,66,69131,10,198618
1107,0.000612,172.31.36.0-255,66,69197,10,198618
1108,0.000614,172.217.194.0-255,7156,76353,10,198618
1109,0.000629,172.31.36.0-255,66,76419,10,198618
1110,0.000632,172.217.194.0-255,3602,80021,10,198618
1111,0.000642,172.31.36.0-255,66,80087,10,198618
1112,0.000827,172.217.194.0-255,1484,81571,10,198618
1113,0.000845,172.217.194.0-255,2902,84473,10,198618
1114,0.000849,172.31.36.0-255,66,84539,10,198618
1115,0.000856,172.217.194.0-255,5738,90277,10,198618
1116,0.00086,172.31.36.0-255,66,90343,10,198618
1117,0.000911,172.217.194.0-255,7156,97499,10,198618
1118,0.000915,172.31.36.0-255,66,97565,10,198618
1119,0.000969,172.217.194.0-255,3602,101167,10,198618
1120,0.000975,172.217.194.0-255,4320,105487,10,198618
1121,0.000975,172.31.36.0-255,66,105553,10,198618
1122,0.000979,172.31.36.0-255,66,105619,10,198618
1123,0.000993,172.31.36.0-255,66,105685,10,198618
1124,0.001011,172.217.194.0-255,1484,107169,10,198618
1125,0.001019,172.217.194.0-255,7156,114325,10,198618
1126,0.001032,172.31.36.0-255,66,114391,10,198618
1127,0.001059,172.31.36.0-255,66,114457,10,198618
1128,0.00107,172.217.194.0-255,3602,118059,10,198618
1129,0.001076,172.31.36.0-255,66,118125,10,198618
1130,0.001097,172.217.194.0-255,1484,119609,10,198618
1131,0.001111,172.217.194.0-255,2902,122511,10,198618
1132,0.001117,172.217.194.0-255,5738,128249,10,198618
1133,0.001121,172.31.36.0-255,66,128315,10,198618
1134,0.001138,172.217.194.0-255,7156,135471,10,198618
1135,0.001146,172.31.36.0-255,66,135537,10,198618
1136,0.001171,172.217.194.0-255,5738,141275,10,198618
1137,0.001181,172.31.36.0-255,66,141341,10,198618
1138,0.001186,172.31.36.0-255,66,141407,10,198618
1139,0.001209,172.217.194.0-255,1484,142891,10,198618
1140,0.001215,172.217.194.0-255,2902,145793,10,198618
1141,0.001221,172.31.36.0-255,66,145859,10,198618
1142,0.001232,172.217.194.0-255,5738,151597,10,198618
1143,0.001236,172.31.36.0-255,66,151663,10,198618
1144,0.001281,172.31.36.0-255,66,151729,10,198618
1145,0.001318,172.31.36.0-255,66,151795,10,198618
1146,0.001334,172.31.36.0-255,66,151861,10,198618
1147,0.001355,172.217.194.0-255,4320,156181,10,198618
1148,0.001362,172.31.36.0-255,66,156247,10,198618
1149,0.00137,172.217.194.0-255,1484,157731,10,198618
1150,0.00141,172.31.36.0-255,66,157797,10,198618
1151,0.001436,172.31.36.0-255,66,157863,10,198618
1152,0.00144,172.31.36.0-255,66,157929,10,198618
1153,0.001458,172.217.194.0-255,3602,161531,10,198618
1154,0.001464,172.31.36.0-255,66,161597,10,198618
1155,0.00147,172.217.194.0-255,1484,163081,10,198618
1156,0.001474,172.217.194.0-255,2902,165983,10,198618
1157,0.001478,172.31.36.0-255,66,166049,10,198618
1158,0.001487,172.217.194.0-255,1484,167533,10,198618
1159,0.001506,172.217.194.0-255,4320,171853,10,198618
1160,0.001512,172.31.36.0-255,66,171919,10,198618
1161,0.001547,172.217.194.0-255,4320,176239,10,198618
1162,0.001555,172.31.36.0-255,66,176305,10,198618
1163,0.001563,172.217.194.0-255,4320,180625,10,198618
1164,0.001569,172.31.36.0-255,66,180691,10,198618
1165,0.001586,172.31.36.0-255,66,180757,10,198618
1166,0.001597,172.217.194.0-255,2184,182941,10,198618
1167,0.001602,172.31.36.0-255,66,183007,10,198618
1168,0.001615,172.217.194.0-255,2902,185909,10,198618
1169,0.001615,172.31.36.0-255,66,185975,10,198618
1170,0.001619,172.31.36.0-255,66,186041,10,198618
1171,0.001654,172.31.36.0-255,66,186107,10,198618
1172,0.001662,172.217.194.0-255,1484,187591,10,198618
1173,0.001709,172.31.36.0-255,66,187657,10,198618
1174,0.001718,172.217.194.0-255,6438,194095,10,198618
1175,0.001726,172.31.36.0-255,66,194161,10,198618
1176,0.001737,172.217.194.0-255,4049,198210,10,198618
1177,0.001739,172.31.36.0-255,66,198276,10,198618
1178,0.001762,172.217.194.0-255,105,198381,10,198618
1179,0.01005,172.31.36.0-255,66,198447,10,198618
1180,0.01008,172.31.36.0-255,105,198552,10,198618
1181,0.012298,172.217.194.0-255,66,198618,10,198618
1182,0.0,172.217.194.0-255,153,153,10,194435
1183,2.4e-05,172.31.36.0-255,66,219,10,194435
1184,3.1e-05,172.217.194.0-255,1484,1703,10,194435
1185,3.6e-05,172.31.36.0-255,66,1769,10,194435
1186,5e-05,172.217.194.0-255,2902,4671,10,194435
1187,5.3e-05,172.31.36.0-255,66,4737,10,194435
1188,6.1e-05,172.217.194.0-255,7156,11893,10,194435
1189,6.4e-05,172.31.36.0-255,66,11959,10,194435
1190,6.8e-05,172.217.194.0-255,2065,14024,10,194435
1191,7.1e-05,172.31.36.0-255,66,14090,10,194435
1192,9.7e-05,172.217.194.0-255,2902,16992,10,194435
1193,0.000104,172.31.36.0-255,66,17058,10,194435
1194,0.000112,172.217.194.0-255,7156,24214,10,194435
1195,0.000115,172.31.36.0-255,66,24280,10,194435
1196,0.000197,172.217.194.0-255,2902,27182,10,194435
1197,0.000199,172.31.36.0-255,66,27248,10,194435
1198,0.000225,172.217.194.0-255,3961,31209,10,194435
1199,0.000228,172.31.36.0-255,66,31275,10,194435
1200,0.000287,172.217.194.0-255,1484,32759,10,194435
1201,0.000289,172.31.36.0-255,66,32825,10,194435
1202,0.000294,172.217.194.0-255,2902,35727,10,194435
1203,0.000297,172.31.36.0-255,66,35793,10,194435
1204,0.000325,172.217.194.0-255,5738,41531,10,194435
1205,0.000328,172.31.36.0-255,66,41597,10,194435
1206,0.000374,172.31.36.0-255,66,41663,10,194435
1207,0.000382,172.217.194.0-255,7156,48819,10,194435
1208,0.000384,172.31.36.0-255,66,48885,10,194435
1209,0.000419,172.217.194.0-255,5677,54562,10,194435
1210,0.000422,172.31.36.0-255,66,54628,10,194435
1211,0.000455,172.217.194.0-255,381,55009,10,194435
1212,0.000458,172.31.36.0-255,66,55075,10,194435
1213,0.000711,172.217.194.0-255,1484,56559,10,194435
1214,0.000719,172.217.194.0-255,2902,59461,10,194435
1215,0.000723,172.31.36.0-255,66,59527,10,194435
1216,0.00073,172.217.194.0-255,5738,65265,10,194435
1217,0.000732,172.31.36.0-255,66,65331,10,194435
1218,0.000751,172.217.194.0-255,5738,71069,10,194435
1219,0.000754,172.31.36.0-255,66,71135,10,194435
1220,0.000781,172.217.194.0-255,7156,78291,10,194435
1221,0.000784,172.31.36.0-255,66,78357,10,194435
1222,0.000791,172.217.194.0-255,5738,84095,10,194435
1223,0.000793,172.31.36.0-255,66,84161,10,194435
1224,0.000827,172.217.194.0-255,5020,89181,10,194435
1225,0.000831,172.31.36.0-255,66,89247,10,194435
1226,0.001047,172.217.194.0-255,1484,90731,10,194435
1227,0.001053,172.217.194.0-255,2902,93633,10,194435
1228,0.001057,172.31.36.0-255,66,93699,10,194435
1229,0.001064,172.217.194.0-255,5738,99437,10,194435
1230,0.001066,172.31.36.0-255,66,99503,10,194435
1231,0.001095,172.217.194.0-255,7156,106659,10,194435
1232,0.001098,172.31.36.0-255,66,106725,10,194435
1233,0.001103,172.217.194.0-255,2902,109627,10,194435
1234,0.001105,172.31.36.0-255,66,109693,10,194435
1235,0.001154,172.31.36.0-255,66,109759,10,194435
1236,0.001159,172.217.194.0-255,2184,111943,10,194435
1237,0.001161,172.31.36.0-255,66,112009,10,194435
1238,0.001764,172.217.194.0-255,1484,113493,10,194435
1239,0.001771,172.217.194.0-255,2902,116395,10,194435
1240,0.001774,172.31.36.0-255,66,116461,10,194435
1241,0.001803,172.217.194.0-255,5738,122199,10,194435
1242,0.001805,172.31.36.0-255,66,122265,10,194435
1243,0.001835,172.31.36.0-255,66,122331,10,194435
1244,0.001886,172.31.36.0-255,66,122397,10,194435
1245,0.001896,172.217.194.0-255,3602,125999,10,194435
1246,0.001903,172.31.36.0-255,66,126065,10,194435
1247,0.00191,172.217.194.0-255,5738,131803,10,194435
1248,0.001912,172.31.36.0-255,66,131869,10,194435
1249,0.001957,172.31.36.0-255,66,131935,10,194435
1250,0.001968,172.31.36.0-255,66,132001,10,194435
1251,0.001972,172.217.194.0-255,1484,133485,10,194435
1252,0.002006,172.217.194.0-255,6438,139923,10,194435
1253,0.002009,172.31.36.0-255,66,139989,10,194435
1254,0.002291,172.217.194.0-255,1484,141473,10,194435
1255,0.002296,172.217.194.0-255,2902,144375,10,194435
1256,0.0023,172.31.36.0-255,66,144441,10,194435
1257,0.002306,172.217.194.0-255,5738,150179,10,194435
1258,0.002308,172.31.36.0-255,66,150245,10,194435
1259,0.002344,172.217.194.0-255,2902,153147,10,194435
1260,0.002346,172.31.36.0-255,66,153213,10,194435
1261,0.002357,172.217.194.0-255,1484,154697,10,194435
1262,0.004576,172.217.194.0-255,1484,156181,10,194435
1263,0.004583,172.31.36.0-255,66,156247,10,194435
1264,0.00463,172.217.194.0-255,2902,159149,10,194435
1265,0.004632,172.31.36.0-255,66,159215,10,194435
1266,0.006874,172.217.194.0-255,2902,162117,10,194435
1267,0.006878,172.31.36.0-255,66,162183,10,194435
1268,0.006918,172.217.194.0-255,2902,165085,10,194435
1269,0.006921,172.31.36.0-255,66,165151,10,194435
1270,0.009174,172.217.194.0-255,2902,168053,10,194435
1271,0.009181,172.31.36.0-255,66,168119,10,194435
1272,0.00922,172.217.194.0-255,2902,171021,10,194435
1273,0.009223,172.31.36.0-255,66,171087,10,194435
1274,0.011502,172.217.194.0-255,2902,173989,10,194435
1275,0.011515,172.31.36.0-255,66,174055,10,194435
1276,0.011546,172.217.194.0-255,2902,176957,10,194435
1277,0.011549,172.31.36.0-255,66,177023,10,194435
1278,0.01384,172.217.194.0-255,5738,182761,10,194435
1279,0.013855,172.31.36.0-255,66,182827,10,194435
1280,0.016187,172.217.194.0-255,5738,188565,10,194435
1281,0.016204,172.31.36.0-255,66,188631,10,194435
1282,0.018526,172.217.194.0-255,5738,194369,10,194435
1283,0.018537,172.31.36.0-255,66,194435,10,194435
1284,0.0,172.217.194.0-255,153,153,10,232269
1285,2.3e-05,172.31.36.0-255,66,219,10,232269
1286,3.1e-05,172.217.194.0-255,1484,1703,10,232269
1287,3.5e-05,172.31.36.0-255,66,1769,10,232269
1288,4.2e-05,172.217.194.0-255,2902,4671,10,232269
1289,5.4e-05,172.31.36.0-255,66,4737,10,232269
1290,6.1e-05,172.217.194.0-255,4320,9057,10,232269
1291,6.4e-05,172.31.36.0-255,66,9123,10,232269
1292,7.1e-05,172.217.194.0-255,4947,14070,10,232269
1293,7.5e-05,172.31.36.0-255,66,14136,10,232269
1294,0.000136,172.217.194.0-255,1484,15620,10,232269
1295,0.000139,172.31.36.0-255,66,15686,10,232269
1296,0.000144,172.217.194.0-255,2902,18588,10,232269
1297,0.000146,172.31.36.0-255,66,18654,10,232269
1298,0.00015,172.217.194.0-255,1484,20138,10,232269
1299,0.000156,172.31.36.0-255,66,20204,10,232269
1300,0.000188,172.217.194.0-255,4320,24524,10,232269
1301,0.000196,172.31.36.0-255,66,24590,10,232269
1302,0.000204,172.217.194.0-255,6797,31387,10,232269
1303,0.000206,172.31.36.0-255,66,31453,10,232269
1304,0.000519,172.217.194.0-255,1484,32937,10,232269
1305,0.000525,172.31.36.0-255,66,33003,10,232269
1306,0.000532,172.217.194.0-255,2902,35905,10,232269
1307,0.000535,172.31.36.0-255,66,35971,10,232269
1308,0.000568,172.217.194.0-255,5738,41709,10,232269
1309,0.000571,172.31.36.0-255,66,41775,10,232269
1310,0.000609,172.217.194.0-255,2902,44677,10,232269
1311,0.000611,172.31.36.0-255,66,44743,10,232269
1312,0.000646,172.31.36.0-255,66,44809,10,232269
1313,0.000664,172.31.36.0-255,66,44875,10,232269
1314,0.000666,172.217.194.0-255,408,45283,10,232269
1315,0.00086,172.217.194.0-255,366,45649,10,232269
1316,0.001067,172.217.194.0-255,1484,47133,10,232269
1317,0.001073,172.31.36.0-255,66,47199,10,232269
1318,0.00108,172.217.194.0-255,2902,50101,10,232269
1319,0.001082,172.31.36.0-255,66,50167,10,232269
1320,0.00109,172.217.194.0-255,5738,55905,10,232269
1321,0.001097,172.31.36.0-255,66,55971,10,232269
1322,0.001104,172.217.194.0-255,5738,61709,10,232269
1323,0.001107,172.31.36.0-255,66,61775,10,232269
1324,0.001111,172.217.194.0-255,1484,63259,10,232269
1325,0.001171,172.31.36.0-255,66,63325,10,232269
1326,0.001177,172.217.194.0-255,5020,68345,10,232269
1327,0.00118,172.31.36.0-255,66,68411,10,232269
1328,0.001741,172.217.194.0-255,1484,69895,10,232269
1329,0.00175,172.217.194.0-255,2902,72797,10,232269
1330,0.001756,172.31.36.0-255,66,72863,10,232269
1331,0.001763,172.217.194.0-255,5738,78601,10,232269
1332,0.001766,172.31.36.0-255,66,78667,10,232269
1333,0.001792,172.217.194.0-255,7156,85823,10,232269
1334,0.001794,172.31.36.0-255,66,85889,10,232269
1335,0.001828,172.217.194.0-255,5738,91627,10,232269
1336,0.001908,172.217.194.0-255,1484,93111,10,232269
1337,0.001922,172.217.194.0-255,2902,96013,10,232269
1338,0.001943,172.217.194.0-255,5738,101751,10,232269
1339,0.001948,172.217.194.0-255,4320,106071,10,232269
1340,0.002245,172.217.194.0-255,1484,107555,10,232269
1341,0.00225,172.217.194.0-255,2902,110457,10,232269
1342,0.002272,172.217.194.0-255,5738,116195,10,232269
1343,0.00229,172.217.194.0-255,1484,117679,10,232269
1344,0.002312,172.217.194.0-255,2902,120581,10,232269
1345,0.002369,172.217.194.0-255,1484,122065,10,232269
1346,0.002383,172.217.194.0-255,2902,124967,10,232269
1347,0.002406,172.217.194.0-255,5738,130705,10,232269
1348,0.002502,172.217.194.0-255,5738,136443,10,232269
1349,0.002582,172.217.194.0-255,7156,143599,10,232269
1350,0.002594,172.217.194.0-255,1484,145083,10,232269
1351,0.002617,172.217.194.0-255,4320,149403,10,232269
1352,0.002633,172.217.194.0-255,7156,156559,10,232269
1353,0.00265,172.217.194.0-255,7156,163715,10,232269
1354,0.002655,172.217.194.0-255,4320,168035,10,232269
1355,0.002671,172.217.194.0-255,1484,169519,10,232269
1356,0.002673,172.217.194.0-255,766,170285,10,232269
1357,0.002739,172.217.194.0-255,2902,173187,10,232269
1358,0.002755,172.217.194.0-255,4320,177507,10,232269
1359,0.002758,172.217.194.0-255,1484,178991,10,232269
1360,0.002772,172.217.194.0-255,1484,180475,10,232269
1361,0.002796,172.217.194.0-255,1484,181959,10,232269
1362,0.002803,172.217.194.0-255,5738,187697,10,232269
1363,0.002806,172.217.194.0-255,1484,189181,10,232269
1364,0.002818,172.217.194.0-255,4320,193501,10,232269
1365,0.002844,172.217.194.0-255,7156,200657,10,232269
1366,0.002846,172.217.194.0-255,1484,202141,10,232269
1367,0.002851,172.217.194.0-255,2184,204325,10,232269
1368,0.002972,172.217.194.0-255,1484,205809,10,232269
1369,0.002989,172.217.194.0-255,2902,208711,10,232269
1370,0.002995,172.217.194.0-255,5738,214449,10,232269
1371,0.003082,172.217.194.0-255,1484,215933,10,232269
1372,0.003085,172.217.194.0-255,1484,217417,10,232269
1373,0.003101,172.217.194.0-255,1484,218901,10,232269
1374,0.003107,172.217.194.0-255,5738,224639,10,232269
1375,0.003141,172.217.194.0-255,2902,227541,10,232269
1376,0.003144,172.217.194.0-255,1484,229025,10,232269
1377,0.003187,172.217.194.0-255,2902,231927,10,232269
1378,0.003271,172.217.194.0-255,105,232032,10,232269
1379,0.00553,172.31.36.0-255,66,232098,10,232269
1380,0.008596,172.31.36.0-255,105,232203,10,232269
1381,0.011191,172.217.194.0-255,66,232269,10,232269
1382,0.0,172.217.194.0-255,151,151,10,217733
1383,2.8e-05,172.31.36.0-255,66,217,10,217733
1384,3.5e-05,172.217.194.0-255,1484,1701,10,217733
1385,3.9e-05,172.31.36.0-255,66,1767,10,217733
1386,4.4e-05,172.217.194.0-255,2902,4669,10,217733
1387,4.7e-05,172.31.36.0-255,66,4735,10,217733
1388,5.2e-05,172.217.194.0-255,4320,9055,10,217733
1389,5.5e-05,172.31.36.0-255,66,9121,10,217733
1390,6.6e-05,172.217.194.0-255,2902,12023,10,217733
1391,6.9e-05,172.31.36.0-255,66,12089,10,217733
1392,8.5e-05,172.217.194.0-255,2038,14127,10,217733
1393,8.7e-05,172.31.36.0-255,66,14193,10,217733
1394,0.000103,172.217.194.0-255,1484,15677,10,217733
1395,0.000105,172.31.36.0-255,66,15743,10,217733
1396,0.000108,172.217.194.0-255,1484,17227,10,217733
1397,0.00011,172.31.36.0-255,66,17293,10,217733
1398,0.000134,172.217.194.0-255,1484,18777,10,217733
1399,0.000137,172.31.36.0-255,66,18843,10,217733
1400,0.000143,172.217.194.0-255,5738,24581,10,217733
1401,0.000145,172.31.36.0-255,66,24647,10,217733
1402,0.000153,172.217.194.0-255,6797,31444,10,217733
1403,0.000155,172.31.36.0-255,66,31510,10,217733
1404,0.000219,172.217.194.0-255,1484,32994,10,217733
1405,0.000222,172.31.36.0-255,66,33060,10,217733
1406,0.000227,172.217.194.0-255,2902,35962,10,217733
1407,0.000229,172.31.36.0-255,66,36028,10,217733
1408,0.000265,172.217.194.0-255,5738,41766,10,217733
1409,0.000268,172.31.36.0-255,66,41832,10,217733
1410,0.000295,172.217.194.0-255,7156,48988,10,217733
1411,0.000298,172.31.36.0-255,66,49054,10,217733
1412,0.00033,172.217.194.0-255,6797,55851,10,217733
1413,0.000333,172.31.36.0-255,66,55917,10,217733
1414,0.000346,172.31.36.0-255,66,55983,10,217733
1415,0.000361,172.217.194.0-255,365,56348,10,217733
1416,0.000539,172.217.194.0-255,1484,57832,10,217733
1417,0.000543,172.31.36.0-255,66,57898,10,217733
1418,0.000548,172.217.194.0-255,2902,60800,10,217733
1419,0.00055,172.31.36.0-255,66,60866,10,217733
1420,0.000553,172.217.194.0-255,1484,62350,10,217733
1421,0.000569,172.217.194.0-255,4320,66670,10,217733
1422,0.000572,172.31.36.0-255,66,66736,10,217733
1423,0.000579,172.217.194.0-255,5738,72474,10,217733
1424,0.000581,172.31.36.0-255,66,72540,10,217733
1425,0.000585,172.217.194.0-255,1484,74024,10,217733
1426,0.0006,172.217.194.0-255,4320,78344,10,217733
1427,0.000603,172.31.36.0-255,66,78410,10,217733
1428,0.000629,172.217.194.0-255,7156,85566,10,217733
1429,0.000632,172.31.36.0-255,66,85632,10,217733
1430,0.000638,172.217.194.0-255,5020,90652,10,217733
1431,0.000641,172.31.36.0-255,66,90718,10,217733
1432,0.000709,172.217.194.0-255,1484,92202,10,217733
1433,0.000715,172.217.194.0-255,2902,95104,10,217733
1434,0.000718,172.31.36.0-255,66,95170,10,217733
1435,0.000725,172.217.194.0-255,5738,100908,10,217733
1436,0.000728,172.31.36.0-255,66,100974,10,217733
1437,0.00076,172.31.36.0-255,66,101040,10,217733
1438,0.000799,172.31.36.0-255,66,101106,10,217733
1439,0.000828,172.217.194.0-255,4320,105426,10,217733
1440,0.000831,172.31.36.0-255,66,105492,10,217733
1441,0.00085,172.217.194.0-255,1484,106976,10,217733
1442,0.000858,172.217.194.0-255,7156,114132,10,217733
1443,0.000861,172.31.36.0-255,66,114198,10,217733
1444,0.000884,172.217.194.0-255,4320,118518,10,217733
1445,0.000888,172.31.36.0-255,66,118584,10,217733
1446,0.000918,172.31.36.0-255,66,118650,10,217733
1447,0.000922,172.217.194.0-255,1484,120134,10,217733
1448,0.000942,172.217.194.0-255,6438,126572,10,217733
1449,0.000945,172.31.36.0-255,66,126638,10,217733
1450,0.000952,172.217.194.0-255,5738,132376,10,217733
1451,0.000954,172.31.36.0-255,66,132442,10,217733
1452,0.000972,172.217.194.0-255,2902,135344,10,217733
1453,0.000974,172.31.36.0-255,66,135410,10,217733
1454,0.000982,172.217.194.0-255,7156,142566,10,217733
1455,0.000984,172.31.36.0-255,66,142632,10,217733
1456,0.001,172.217.194.0-255,1125,143757,10,217733
1457,0.00101,172.31.36.0-255,66,143823,10,217733
1458,0.001071,172.31.36.0-255,66,143889,10,217733
1459,0.001543,172.217.194.0-255,1484,145373,10,217733
1460,0.001551,172.217.194.0-255,2902,148275,10,217733
1461,0.001555,172.31.36.0-255,66,148341,10,217733
1462,0.00157,172.217.194.0-255,1484,149825,10,217733
1463,0.001587,172.217.194.0-255,4320,154145,10,217733
1464,0.001589,172.31.36.0-255,66,154211,10,217733
1465,0.001595,172.217.194.0-255,5738,159949,10,217733
1466,0.001597,172.31.36.0-255,66,160015,10,217733
1467,0.001608,172.217.194.0-255,1125,161140,10,217733
1468,0.001739,172.217.194.0-255,1484,162624,10,217733
1469,0.001741,172.31.36.0-255,66,162690,10,217733
1470,0.001761,172.217.194.0-255,2902,165592,10,217733
1471,0.001763,172.31.36.0-255,66,165658,10,217733
1472,0.001779,172.217.194.0-255,2902,168560,10,217733
1473,0.001781,172.31.36.0-255,66,168626,10,217733
1474,0.0018,172.217.194.0-255,2902,171528,10,217733
1475,0.001802,172.31.36.0-255,66,171594,10,217733
1476,0.001809,172.217.194.0-255,6797,178391,10,217733
1477,0.001811,172.31.36.0-255,66,178457,10,217733
1478,0.00412,172.217.194.0-255,4320,182777,10,217733
1479,0.004123,172.31.36.0-255,66,182843,10,217733
1480,0.004137,172.217.194.0-255,1484,184327,10,217733
1481,0.006451,172.217.194.0-255,4320,188647,10,217733
1482,0.006458,172.31.36.0-255,66,188713,10,217733
1483,0.008766,172.217.194.0-255,5738,194451,10,217733
1484,0.008774,172.31.36.0-255,66,194517,10,217733
1485,0.011082,172.217.194.0-255,5738,200255,10,217733
1486,0.01109,172.31.36.0-255,66,200321,10,217733
1487,0.013401,172.217.194.0-255,5738,206059,10,217733
1488,0.013408,172.31.36.0-255,66,206125,10,217733
1489,0.015699,172.217.194.0-255,5738,211863,10,217733
1490,0.015708,172.31.36.0-255,66,211929,10,217733
1491,0.018003,172.217.194.0-255,5738,217667,10,217733
1492,0.018011,172.31.36.0-255,66,217733,10,217733
1493,0.0,172.217.194.0-255,160,160,10,141317
1494,2.4e-05,172.31.36.0-255,66,226,10,141317
1495,3.2e-05,172.217.194.0-255,1484,1710,10,141317
1496,3.7e-05,172.31.36.0-255,66,1776,10,141317
1497,5.2e-05,172.217.194.0-255,2902,4678,10,141317
1498,5.5e-05,172.31.36.0-255,66,4744,10,141317
1499,6.3e-05,172.217.194.0-255,5738,10482,10,141317
1500,6.6e-05,172.31.36.0-255,66,10548,10,141317
1501,8.3e-05,172.31.36.0-255,66,10614,10,141317
1502,0.000122,172.217.194.0-255,6797,17411,10,141317
1503,0.000126,172.31.36.0-255,66,17477,10,141317
1504,0.00022,172.217.194.0-255,1484,18961,10,141317
1505,0.000225,172.31.36.0-255,66,19027,10,141317
1506,0.000232,172.217.194.0-255,2902,21929,10,141317
1507,0.000234,172.31.36.0-255,66,21995,10,141317
1508,0.000259,172.217.194.0-255,2902,24897,10,141317
1509,0.000262,172.31.36.0-255,66,24963,10,141317
1510,0.000278,172.217.194.0-255,2902,27865,10,141317
1511,0.000318,172.31.36.0-255,66,27931,10,141317
1512,0.000322,172.31.36.0-255,66,27997,10,141317
1513,0.000324,172.31.36.0-255,66,28063,10,141317
1514,0.000362,172.217.194.0-255,1417,29480,10,141317
1515,0.000365,172.31.36.0-255,66,29546,10,141317
1516,0.000554,172.217.194.0-255,363,29909,10,141317
1517,0.00056,172.31.36.0-255,66,29975,10,141317
1518,0.000982,172.217.194.0-255,1484,31459,10,141317
1519,0.000989,172.31.36.0-255,66,31525,10,141317
1520,0.000995,172.217.194.0-255,2902,34427,10,141317
1521,0.000997,172.31.36.0-255,66,34493,10,141317
1522,0.001002,172.217.194.0-255,2902,37395,10,141317
1523,0.001011,172.31.36.0-255,66,37461,10,141317
1524,0.001042,172.217.194.0-255,2902,40363,10,141317
1525,0.00105,172.217.194.0-255,7156,47519,10,141317
1526,0.001055,172.31.36.0-255,66,47585,10,141317
1527,0.001058,172.31.36.0-255,66,47651,10,141317
1528,0.001097,172.217.194.0-255,6797,54448,10,141317
1529,0.001102,172.31.36.0-255,66,54514,10,141317
1530,0.00111,172.217.194.0-255,7156,61670,10,141317
1531,0.001113,172.31.36.0-255,66,61736,10,141317
1532,0.001116,172.217.194.0-255,1484,63220,10,141317
1533,0.001168,172.31.36.0-255,66,63286,10,141317
1534,0.001182,172.31.36.0-255,66,63352,10,141317
1535,0.001219,172.217.194.0-255,5379,68731,10,141317
1536,0.001222,172.31.36.0-255,66,68797,10,141317
1537,0.001399,172.217.194.0-255,1484,70281,10,141317
1538,0.001406,172.217.194.0-255,2902,73183,10,141317
1539,0.00141,172.31.36.0-255,66,73249,10,141317
1540,0.001416,172.217.194.0-255,4320,77569,10,141317
1541,0.001419,172.31.36.0-255,66,77635,10,141317
1542,0.00144,172.217.194.0-255,1484,79119,10,141317
1543,0.001459,172.31.36.0-255,66,79185,10,141317
1544,0.001483,172.217.194.0-255,2902,82087,10,141317
1545,0.001486,172.31.36.0-255,66,82153,10,141317
1546,0.001505,172.31.36.0-255,66,82219,10,141317
1547,0.001508,172.217.194.0-255,1484,83703,10,141317
1548,0.001559,172.31.36.0-255,66,83769,10,141317
1549,0.00157,172.31.36.0-255,66,83835,10,141317
1550,0.001592,172.31.36.0-255,66,83901,10,141317
1551,0.001639,172.31.36.0-255,66,83967,10,141317
1552,0.001651,172.31.36.0-255,66,84033,10,141317
1553,0.001749,172.31.36.0-255,66,84099,10,141317
1554,0.001793,172.31.36.0-255,66,84165,10,141317
1555,0.001798,172.217.194.0-255,2184,86349,10,141317
1556,0.0018,172.31.36.0-255,66,86415,10,141317
1557,0.001805,172.217.194.0-255,4320,90735,10,141317
1558,0.001807,172.31.36.0-255,66,90801,10,141317
1559,0.001814,172.217.194.0-255,5738,96539,10,141317
1560,0.001816,172.31.36.0-255,66,96605,10,141317
1561,0.001821,172.217.194.0-255,2902,99507,10,141317
1562,0.001824,172.31.36.0-255,66,99573,10,141317
1563,0.001869,172.31.36.0-255,66,99639,10,141317
1564,0.001876,172.217.194.0-255,7156,106795,10,141317
1565,0.001878,172.31.36.0-255,66,106861,10,141317
1566,0.001914,172.217.194.0-255,5020,111881,10,141317
1567,0.001918,172.31.36.0-255,66,111947,10,141317
1568,0.001954,172.217.194.0-255,1484,113431,10,141317
1569,0.001958,172.217.194.0-255,2902,116333,10,141317
1570,0.001964,172.31.36.0-255,66,116399,10,141317
1571,0.001985,172.217.194.0-255,5738,122137,10,141317
1572,0.001989,172.31.36.0-255,66,122203,10,141317
1573,0.001995,172.217.194.0-255,5738,127941,10,141317
1574,0.001997,172.31.36.0-255,66,128007,10,141317
1575,0.002035,172.217.194.0-255,1484,129491,10,141317
1576,0.00205,172.217.194.0-255,2184,131675,10,141317
1577,0.002057,172.31.36.0-255,66,131741,10,141317
1578,0.002067,172.31.36.0-255,66,131807,10,141317
1579,0.00211,172.31.36.0-255,66,131873,10,141317
1580,0.00215,172.31.36.0-255,66,131939,10,141317
1581,0.002155,172.217.194.0-255,2902,134841,10,141317
1582,0.002157,172.31.36.0-255,66,134907,10,141317
1583,0.002178,172.31.36.0-255,66,134973,10,141317
1584,0.002191,172.31.36.0-255,66,135039,10,141317
1585,0.002207,172.217.194.0-255,5738,140777,10,141317
1586,0.00221,172.31.36.0-255,66,140843,10,141317
1587,0.002262,172.31.36.0-255,66,140909,10,141317
1588,0.002304,172.31.36.0-255,66,140975,10,141317
1589,0.002307,172.217.194.0-255,105,141080,10,141317
1590,0.00516,172.31.36.0-255,66,141146,10,141317
1591,0.005207,172.31.36.0-255,105,141251,10,141317
1592,0.00744,172.217.194.0-255,66,141317,10,141317
1593,0.0,172.217.194.0-255,150,150,10,99241
1594,2.6e-05,172.31.36.0-255,66,216,10,99241
1595,3.4e-05,172.217.194.0-255,1484,1700,10,99241
1596,3.9e-05,172.31.36.0-255,66,1766,10,99241
1597,5.4e-05,172.217.194.0-255,2902,4668,10,99241
1598,5.8e-05,172.31.36.0-255,66,4734,10,99241
1599,6.7e-05,172.217.194.0-255,7156,11890,10,99241
1600,7e-05,172.31.36.0-255,66,11956,10,99241
1601,7.4e-05,172.217.194.0-255,2140,14096,10,99241
1602,7.8e-05,172.31.36.0-255,66,14162,10,99241
1603,0.000126,172.217.194.0-255,1484,15646,10,99241
1604,0.00013,172.31.36.0-255,66,15712,10,99241
1605,0.000135,172.217.194.0-255,2902,18614,10,99241
1606,0.000138,172.31.36.0-255,66,18680,10,99241
1607,0.000141,172.217.194.0-255,1484,20164,10,99241
1608,0.000143,172.31.36.0-255,66,20230,10,99241
1609,0.000169,172.217.194.0-255,4320,24550,10,99241
1610,0.000176,172.31.36.0-255,66,24616,10,99241
1611,0.000203,172.217.194.0-255,5738,30354,10,99241
1612,0.000206,172.31.36.0-255,66,30420,10,99241
1613,0.000222,172.217.194.0-255,1125,31545,10,99241
1614,0.000224,172.31.36.0-255,66,31611,10,99241
1615,0.000478,172.217.194.0-255,1484,33095,10,99241
1616,0.000485,172.31.36.0-255,66,33161,10,99241
1617,0.000491,172.217.194.0-255,2902,36063,10,99241
1618,0.000494,172.31.36.0-255,66,36129,10,99241
1619,0.000524,172.217.194.0-255,5738,41867,10,99241
1620,0.000528,172.31.36.0-255,66,41933,10,99241
1621,0.000539,172.31.36.0-255,66,41999,10,99241
1622,0.00057,172.217.194.0-255,2543,44542,10,99241
1623,0.000573,172.31.36.0-255,66,44608,10,99241
1624,0.000586,172.31.36.0-255,66,44674,10,99241
1625,0.000616,172.217.194.0-255,2543,47217,10,99241
1626,0.000618,172.31.36.0-255,66,47283,10,99241
1627,0.000621,172.217.194.0-255,358,47641,10,99241
1628,0.001109,172.31.36.0-255,66,47707,10,99241
1629,0.001754,172.217.194.0-255,386,48093,10,99241
1630,0.002055,172.217.194.0-255,1484,49577,10,99241
1631,0.002062,172.31.36.0-255,66,49643,10,99241
1632,0.002069,172.217.194.0-255,2902,52545,10,99241
1633,0.002071,172.31.36.0-255,66,52611,10,99241
1634,0.002077,172.217.194.0-255,4320,56931,10,99241
1635,0.002085,172.31.36.0-255,66,56997,10,99241
1636,0.002117,172.217.194.0-255,1484,58481,10,99241
1637,0.002132,172.31.36.0-255,66,58547,10,99241
1638,0.002166,172.31.36.0-255,66,58613,10,99241
1639,0.004521,172.217.194.0-255,5738,64351,10,99241
1640,0.004525,172.31.36.0-255,66,64417,10,99241
1641,0.006841,172.217.194.0-255,5738,70155,10,99241
1642,0.006848,172.31.36.0-255,66,70221,10,99241
1643,0.009161,172.217.194.0-255,5738,75959,10,99241
1644,0.009169,172.31.36.0-255,66,76025,10,99241
1645,0.011498,172.217.194.0-255,5738,81763,10,99241
1646,0.011506,172.31.36.0-255,66,81829,10,99241
1647,0.01385,172.217.194.0-255,5738,87567,10,99241
1648,0.013858,172.31.36.0-255,66,87633,10,99241
1649,0.016273,172.217.194.0-255,5738,93371,10,99241
1650,0.016284,172.31.36.0-255,66,93437,10,99241
1651,0.018616,172.217.194.0-255,5738,99175,10,99241
1652,0.018623,172.31.36.0-255,66,99241,10,99241
1653,0.0,74.125.200.0-255,66,66,10,66
1654,0.0,172.217.194.0-255,153,153,10,146270
1655,3.1e-05,172.31.36.0-255,66,219,10,146270
1656,3.7e-05,172.217.194.0-255,1484,1703,10,146270
1657,4.1e-05,172.31.36.0-255,66,1769,10,146270
1658,4.6e-05,172.217.194.0-255,2902,4671,10,146270
1659,5.6e-05,172.31.36.0-255,66,4737,10,146270
1660,6.3e-05,172.217.194.0-255,7156,11893,10,146270
1661,6.6e-05,172.31.36.0-255,66,11959,10,146270
1662,7e-05,172.217.194.0-255,2042,14001,10,146270
1663,7.4e-05,172.31.36.0-255,66,14067,10,146270
1664,7.5e-05,172.217.194.0-255,5738,19805,10,146270
1665,7.9e-05,172.31.36.0-255,66,19871,10,146270
1666,0.00011,172.217.194.0-255,5738,25609,10,146270
1667,0.000113,172.31.36.0-255,66,25675,10,146270
1668,0.000127,172.31.36.0-255,66,25741,10,146270
1669,0.000168,172.31.36.0-255,66,25807,10,146270
1670,0.00018,172.31.36.0-255,66,25873,10,146270
1671,0.000229,172.31.36.0-255,66,25939,10,146270
1672,0.000256,172.31.36.0-255,66,26005,10,146270
1673,0.00026,172.217.194.0-255,2902,28907,10,146270
1674,0.000262,172.31.36.0-255,66,28973,10,146270
1675,0.000304,172.217.194.0-255,4829,33802,10,146270
1676,0.000308,172.31.36.0-255,66,33868,10,146270
1677,0.000514,172.217.194.0-255,1484,35352,10,146270
1678,0.000519,172.31.36.0-255,66,35418,10,146270
1679,0.000525,172.217.194.0-255,2902,38320,10,146270
1680,0.000527,172.31.36.0-255,66,38386,10,146270
1681,0.00054,172.217.194.0-255,5738,44124,10,146270
1682,0.000544,172.31.36.0-255,66,44190,10,146270
1683,0.000573,172.31.36.0-255,66,44256,10,146270
1684,0.000608,172.217.194.0-255,7156,51412,10,146270
1685,0.000613,172.31.36.0-255,66,51478,10,146270
1686,0.000624,172.217.194.0-255,3602,55080,10,146270
1687,0.000631,172.31.36.0-255,66,55146,10,146270
1688,0.001108,172.217.194.0-255,1484,56630,10,146270
1689,0.001113,172.217.194.0-255,2902,59532,10,146270
1690,0.001117,172.31.36.0-255,66,59598,10,146270
1691,0.001125,172.217.194.0-255,5738,65336,10,146270
1692,0.001127,172.31.36.0-255,66,65402,10,146270
1693,0.001139,172.217.194.0-255,5738,71140,10,146270
1694,0.001142,172.31.36.0-255,66,71206,10,146270
1695,0.001178,172.31.36.0-255,66,71272,10,146270
1696,0.001183,172.217.194.0-255,2902,74174,10,146270
1697,0.001185,172.31.36.0-255,66,74240,10,146270
1698,0.001207,172.217.194.0-255,2184,76424,10,146270
1699,0.00121,172.31.36.0-255,66,76490,10,146270
1700,0.001837,172.217.194.0-255,1484,77974,10,146270
1701,0.001857,172.217.194.0-255,2902,80876,10,146270
1702,0.001862,172.31.36.0-255,66,80942,10,146270
1703,0.001869,172.217.194.0-255,5738,86680,10,146270
1704,0.001871,172.31.36.0-255,66,86746,10,146270
1705,0.001914,172.217.194.0-255,7156,93902,10,146270
1706,0.001917,172.31.36.0-255,66,93968,10,146270
1707,0.001942,172.217.194.0-255,5738,99706,10,146270
1708,0.001945,172.31.36.0-255,66,99772,10,146270
1709,0.001983,172.31.36.0-255,66,99838,10,146270
1710,0.003977,172.217.194.0-255,5738,105576,10,146270
1711,0.003982,172.31.36.0-255,66,105642,10,146270
1712,0.00597,172.217.194.0-255,5738,111380,10,146270
1713,0.005973,172.31.36.0-255,66,111446,10,146270
1714,0.007972,172.217.194.0-255,5738,117184,10,146270
1715,0.007978,172.31.36.0-255,66,117250,10,146270
1716,0.010007,172.217.194.0-255,5738,122988,10,146270
1717,0.010014,172.31.36.0-255,66,123054,10,146270
1718,0.012057,172.217.194.0-255,5738,128792,10,146270
1719,0.012064,172.31.36.0-255,66,128858,10,146270
1720,0.014058,172.217.194.0-255,5738,134596,10,146270
1721,0.014067,172.31.36.0-255,66,134662,10,146270
1722,0.016066,172.217.194.0-255,5738,140400,10,146270
1723,0.01607,172.31.36.0-255,66,140466,10,146270
1724,0.018051,172.217.194.0-255,5738,146204,10,146270
1725,0.018059,172.31.36.0-255,66,146270,10,146270
1726,0.0,74.125.24.0-255,152,152,10,201189
1727,2.3e-05,172.31.36.0-255,66,218,10,201189
1728,3e-05,74.125.24.0-255,1484,1702,10,201189
1729,3.4e-05,172.31.36.0-255,66,1768,10,201189
1730,4.8e-05,74.125.24.0-255,2902,4670,10,201189
1731,5.1e-05,172.31.36.0-255,66,4736,10,201189
1732,5.8e-05,74.125.24.0-255,5738,10474,10,201189
1733,6.1e-05,172.31.36.0-255,66,10540,10,201189
1734,0.000106,172.31.36.0-255,66,10606,10,201189
1735,0.000118,172.31.36.0-255,66,10672,10,201189
1736,0.00015,74.125.24.0-255,3961,14633,10,201189
1737,0.000153,172.31.36.0-255,66,14699,10,201189
1738,0.000481,74.125.24.0-255,1484,16183,10,201189
1739,0.000487,172.31.36.0-255,66,16249,10,201189
1740,0.000494,74.125.24.0-255,2902,19151,10,201189
1741,0.000497,172.31.36.0-255,66,19217,10,201189
1742,0.00053,74.125.24.0-255,5738,24955,10,201189
1743,0.000533,172.31.36.0-255,66,25021,10,201189
1744,0.00054,74.125.24.0-255,4320,29341,10,201189
1745,0.000542,172.31.36.0-255,66,29407,10,201189
1746,0.000564,74.125.24.0-255,5738,35145,10,201189
1747,0.000566,172.31.36.0-255,66,35211,10,201189
1748,0.0006,74.125.24.0-255,6797,42008,10,201189
1749,0.000604,172.31.36.0-255,66,42074,10,201189
1750,0.000609,74.125.24.0-255,4320,46394,10,201189
1751,0.000611,172.31.36.0-255,66,46460,10,201189
1752,0.000642,74.125.24.0-255,2855,49315,10,201189
1753,0.000645,74.125.24.0-255,108,49423,10,201189
1754,0.00065,172.31.36.0-255,66,49489,10,201189
1755,0.000657,172.31.36.0-255,66,49555,10,201189
1756,0.001148,74.125.24.0-255,1484,51039,10,201189
1757,0.001156,74.125.24.0-255,2902,53941,10,201189
1758,0.00116,172.31.36.0-255,66,54007,10,201189
1759,0.001188,74.125.24.0-255,5738,59745,10,201189
1760,0.001191,172.31.36.0-255,66,59811,10,201189
1761,0.001198,74.125.24.0-255,6797,66608,10,201189
1762,0.001201,172.31.36.0-255,66,66674,10,201189
1763,0.001243,74.125.24.0-255,7156,73830,10,201189
1764,0.001246,172.31.36.0-255,66,73896,10,201189
1765,0.001283,172.31.36.0-255,66,73962,10,201189
1766,0.001295,74.125.24.0-255,1125,75087,10,201189
1767,0.001539,172.31.36.0-255,66,75153,10,201189
1768,0.001713,74.125.24.0-255,332,75485,10,201189
1769,0.002359,74.125.24.0-255,1484,76969,10,201189
1770,0.002365,172.31.36.0-255,66,77035,10,201189
1771,0.002373,74.125.24.0-255,2902,79937,10,201189
1772,0.002375,172.31.36.0-255,66,80003,10,201189
1773,0.002388,74.125.24.0-255,5738,85741,10,201189
1774,0.00239,172.31.36.0-255,66,85807,10,201189
1775,0.002394,74.125.24.0-255,1484,87291,10,201189
1776,0.002419,74.125.24.0-255,2902,90193,10,201189
1777,0.002421,172.31.36.0-255,66,90259,10,201189
1778,0.002433,172.31.36.0-255,66,90325,10,201189
1779,0.002456,74.125.24.0-255,2902,93227,10,201189
1780,0.002458,172.31.36.0-255,66,93293,10,201189
1781,0.002499,172.31.36.0-255,66,93359,10,201189
1782,0.002521,74.125.24.0-255,1484,94843,10,201189
1783,0.002539,74.125.24.0-255,5738,100581,10,201189
1784,0.002541,172.31.36.0-255,66,100647,10,201189
1785,0.002569,74.125.24.0-255,1484,102131,10,201189
1786,0.002577,74.125.24.0-255,7156,109287,10,201189
1787,0.002579,172.31.36.0-255,66,109353,10,201189
1788,0.002592,74.125.24.0-255,1484,110837,10,201189
1789,0.002606,74.125.24.0-255,1484,112321,10,201189
1790,0.002608,172.31.36.0-255,66,112387,10,201189
1791,0.002619,74.125.24.0-255,1484,113871,10,201189
1792,0.002646,74.125.24.0-255,7156,121027,10,201189
1793,0.002648,172.31.36.0-255,66,121093,10,201189
1794,0.002671,74.125.24.0-255,6438,127531,10,201189
1795,0.002675,172.31.36.0-255,66,127597,10,201189
1796,0.002753,172.31.36.0-255,66,127663,10,201189
1797,0.00278,74.125.24.0-255,2902,130565,10,201189
1798,0.002783,172.31.36.0-255,66,130631,10,201189
1799,0.002826,172.31.36.0-255,66,130697,10,201189
1800,0.00288,74.125.24.0-255,2902,133599,10,201189
1801,0.002883,172.31.36.0-255,66,133665,10,201189
1802,0.002904,172.31.36.0-255,66,133731,10,201189
1803,0.003122,74.125.24.0-255,1484,135215,10,201189
1804,0.003136,74.125.24.0-255,2902,138117,10,201189
1805,0.003158,74.125.24.0-255,5738,143855,10,201189
1806,0.003183,74.125.24.0-255,2902,146757,10,201189
1807,0.003238,74.125.24.0-255,5738,152495,10,201189
1808,0.003264,74.125.24.0-255,5020,157515,10,201189
1809,0.003283,74.125.24.0-255,4320,161835,10,201189
1810,0.003312,74.125.24.0-255,2902,164737,10,201189
1811,0.003359,74.125.24.0-255,1484,166221,10,201189
1812,0.003374,74.125.24.0-255,5738,171959,10,201189
1813,0.003468,74.125.24.0-255,1484,173443,10,201189
1814,0.003525,74.125.24.0-255,2902,176345,10,201189
1815,0.003542,74.125.24.0-255,4320,180665,10,201189
1816,0.003556,74.125.24.0-255,2902,183567,10,201189
1817,0.003639,74.125.24.0-255,4320,187887,10,201189
1818,0.003829,74.125.24.0-255,5738,193625,10,201189
1819,0.003842,74.125.24.0-255,2902,196527,10,201189
1820,0.003921,74.125.24.0-255,4320,200847,10,201189
1821,0.004016,74.125.24.0-255,105,200952,10,201189
1822,0.006211,172.31.36.0-255,66,201018,10,201189
1823,0.009516,172.31.36.0-255,105,201123,10,201189
1824,0.011532,74.125.24.0-255,66,201189,10,201189
1825,0.0,74.125.68.0-255,153,153,10,218864
1826,1.6e-05,172.31.36.0-255,66,219,10,218864
1827,5e-05,74.125.68.0-255,1484,1703,10,218864
1828,5.6e-05,172.31.36.0-255,66,1769,10,218864
1829,6.2e-05,74.125.68.0-255,2902,4671,10,218864
1830,6.5e-05,172.31.36.0-255,66,4737,10,218864
1831,7.1e-05,74.125.68.0-255,4320,9057,10,218864
1832,7.3e-05,172.31.36.0-255,66,9123,10,218864
1833,0.000104,74.125.68.0-255,4984,14107,10,218864
1834,0.000113,172.31.36.0-255,66,14173,10,218864
1835,0.000116,74.125.68.0-255,1484,15657,10,218864
1836,0.000118,172.31.36.0-255,66,15723,10,218864
1837,0.000123,74.125.68.0-255,2902,18625,10,218864
1838,0.000125,172.31.36.0-255,66,18691,10,218864
1839,0.000153,74.125.68.0-255,5738,24429,10,218864
1840,0.000156,172.31.36.0-255,66,24495,10,218864
1841,0.000163,74.125.68.0-255,4320,28815,10,218864
1842,0.000169,172.31.36.0-255,66,28881,10,218864
1843,0.000214,74.125.68.0-255,2543,31424,10,218864
1844,0.000217,172.31.36.0-255,66,31490,10,218864
1845,0.000307,74.125.68.0-255,1484,32974,10,218864
1846,0.000311,172.31.36.0-255,66,33040,10,218864
1847,0.000316,74.125.68.0-255,1484,34524,10,218864
1848,0.000318,172.31.36.0-255,66,34590,10,218864
1849,0.000344,74.125.68.0-255,1484,36074,10,218864
1850,0.000346,172.31.36.0-255,66,36140,10,218864
1851,0.000353,74.125.68.0-255,5738,41878,10,218864
1852,0.000355,172.31.36.0-255,66,41944,10,218864
1853,0.000363,74.125.68.0-255,1484,43428,10,218864
1854,0.000366,172.31.36.0-255,66,43494,10,218864
1855,0.000399,74.125.68.0-255,5379,48873,10,218864
1856,0.000402,172.31.36.0-255,66,48939,10,218864
1857,0.000409,74.125.68.0-255,7156,56095,10,218864
1858,0.000413,74.125.68.0-255,1484,57579,10,218864
1859,0.000449,74.125.68.0-255,125,57704,10,218864
1860,0.000525,74.125.68.0-255,1484,59188,10,218864
1861,0.000541,74.125.68.0-255,2902,62090,10,218864
1862,0.000556,74.125.68.0-255,2902,64992,10,218864
1863,0.000577,74.125.68.0-255,2902,67894,10,218864
1864,0.000582,74.125.68.0-255,4320,72214,10,218864
1865,0.000622,74.125.68.0-255,2249,74463,10,218864
1866,0.00064,74.125.68.0-255,2902,77365,10,218864
1867,0.000665,74.125.68.0-255,5738,83103,10,218864
1868,0.000677,74.125.68.0-255,1484,84587,10,218864
1869,0.00068,74.125.68.0-255,1484,86071,10,218864
1870,0.000692,74.125.68.0-255,2902,88973,10,218864
1871,0.000714,172.31.36.0-255,66,89039,10,218864
1872,0.000725,74.125.68.0-255,2543,91582,10,218864
1873,0.000763,172.31.36.0-255,66,91648,10,218864
1874,0.001011,74.125.68.0-255,1484,93132,10,218864
1875,0.001034,74.125.68.0-255,1484,94616,10,218864
1876,0.001039,74.125.68.0-255,2902,97518,10,218864
1877,0.001045,172.31.36.0-255,66,97584,10,218864
1878,0.001075,74.125.68.0-255,5738,103322,10,218864
1879,0.00108,74.125.68.0-255,4320,107642,10,218864
1880,0.001105,74.125.68.0-255,5738,113380,10,218864
1881,0.001115,172.31.36.0-255,66,113446,10,218864
1882,0.001122,74.125.68.0-255,4320,117766,10,218864
1883,0.001127,172.31.36.0-255,66,117832,10,218864
1884,0.001148,74.125.68.0-255,7156,124988,10,218864
1885,0.001154,74.125.68.0-255,766,125754,10,218864
1886,0.00118,172.31.36.0-255,66,125820,10,218864
1887,0.001908,74.125.68.0-255,1484,127304,10,218864
1888,0.001925,74.125.68.0-255,2902,130206,10,218864
1889,0.001929,172.31.36.0-255,66,130272,10,218864
1890,0.001937,74.125.68.0-255,5738,136010,10,218864
1891,0.001958,74.125.68.0-255,2902,138912,10,218864
1892,0.001963,74.125.68.0-255,4320,143232,10,218864
1893,0.001967,172.31.36.0-255,66,143298,10,218864
1894,0.002008,74.125.68.0-255,2902,146200,10,218864
1895,0.002026,172.31.36.0-255,66,146266,10,218864
1896,0.002058,74.125.68.0-255,5020,151286,10,218864
1897,0.002086,172.31.36.0-255,66,151352,10,218864
1898,0.002116,74.125.68.0-255,4320,155672,10,218864
1899,0.002123,172.31.36.0-255,66,155738,10,218864
1900,0.002153,74.125.68.0-255,5738,161476,10,218864
1901,0.002169,74.125.68.0-255,5738,167214,10,218864
1902,0.002175,172.31.36.0-255,66,167280,10,218864
1903,0.002194,74.125.68.0-255,2902,170182,10,218864
1904,0.0022,74.125.68.0-255,4320,174502,10,218864
1905,0.002215,74.125.68.0-255,5738,180240,10,218864
1906,0.002221,74.125.68.0-255,4320,184560,10,218864
1907,0.002224,74.125.68.0-255,766,185326,10,218864
1908,0.002233,172.31.36.0-255,66,185392,10,218864
1909,0.00447,74.125.68.0-255,4320,189712,10,218864
1910,0.004478,172.31.36.0-255,66,189778,10,218864
1911,0.004509,74.125.68.0-255,1484,191262,10,218864
1912,0.006699,74.125.68.0-255,4320,195582,10,218864
1913,0.007279,172.31.36.0-255,66,195648,10,218864
1914,0.009517,74.125.68.0-255,5738,201386,10,218864
1915,0.009524,172.31.36.0-255,66,201452,10,218864
1916,0.01177,74.125.68.0-255,5738,207190,10,218864
1917,0.015327,172.31.36.0-255,66,207256,10,218864
1918,0.017569,74.125.68.0-255,5738,212994,10,218864
1919,0.017579,172.31.36.0-255,66,213060,10,218864
1920,0.019802,74.125.68.0-255,5738,218798,10,218864
1921,0.019809,172.31.36.0-255,66,218864,10,218864
1922,0.0,172.217.194.0-255,150,150,10,183522
1923,2.3e-05,172.31.36.0-255,66,216,10,183522
1924,3e-05,172.217.194.0-255,1484,1700,10,183522
1925,3.5e-05,172.31.36.0-255,66,1766,10,183522
1926,4.1e-05,172.217.194.0-255,2902,4668,10,183522
1927,4.6e-05,172.31.36.0-255,66,4734,10,183522
1928,5.3e-05,172.217.194.0-255,7156,11890,10,183522
1929,5.7e-05,172.31.36.0-255,66,11956,10,183522
1930,6.1e-05,172.217.194.0-255,1986,13942,10,183522
1931,6.4e-05,172.31.36.0-255,66,14008,10,183522
1932,6.9e-05,172.217.194.0-255,2902,16910,10,183522
1933,7.3e-05,172.31.36.0-255,66,16976,10,183522
1934,8e-05,172.217.194.0-255,7156,24132,10,183522
1935,8.3e-05,172.31.36.0-255,66,24198,10,183522
1936,8.9e-05,172.217.194.0-255,5738,29936,10,183522
1937,9.3e-05,172.31.36.0-255,66,30002,10,183522
1938,0.00012,172.217.194.0-255,7156,37158,10,183522
1939,0.000124,172.31.36.0-255,66,37224,10,183522
1940,0.00017,172.31.36.0-255,66,37290,10,183522
1941,0.000183,172.31.36.0-255,66,37356,10,183522
1942,0.000189,172.217.194.0-255,5691,43047,10,183522
1943,0.000191,172.31.36.0-255,66,43113,10,183522
1944,0.000195,172.217.194.0-255,101,43214,10,183522
1945,0.000197,172.31.36.0-255,66,43280,10,183522
1946,0.000229,172.217.194.0-255,362,43642,10,183522
1947,0.000232,172.31.36.0-255,66,43708,10,183522
1948,0.000383,172.217.194.0-255,1484,45192,10,183522
1949,0.000389,172.31.36.0-255,66,45258,10,183522
1950,0.000404,172.217.194.0-255,2902,48160,10,183522
1951,0.000407,172.31.36.0-255,66,48226,10,183522
1952,0.000436,172.217.194.0-255,5738,53964,10,183522
1953,0.000439,172.31.36.0-255,66,54030,10,183522
1954,0.000447,172.217.194.0-255,5738,59768,10,183522
1955,0.000449,172.31.36.0-255,66,59834,10,183522
1956,0.000467,172.217.194.0-255,1125,60959,10,183522
1957,0.00052,172.217.194.0-255,7156,68115,10,183522
1958,0.000523,172.31.36.0-255,66,68181,10,183522
1959,0.000546,172.217.194.0-255,7156,75337,10,183522
1960,0.000548,172.31.36.0-255,66,75403,10,183522
1961,0.000551,172.217.194.0-255,1484,76887,10,183522
1962,0.000554,172.217.194.0-255,1125,78012,10,183522
1963,0.000556,172.31.36.0-255,66,78078,10,183522
1964,0.000824,172.217.194.0-255,1484,79562,10,183522
1965,0.00083,172.217.194.0-255,2902,82464,10,183522
1966,0.000834,172.31.36.0-255,66,82530,10,183522
1967,0.000841,172.217.194.0-255,5738,88268,10,183522
1968,0.000843,172.31.36.0-255,66,88334,10,183522
1969,0.000867,172.217.194.0-255,2902,91236,10,183522
1970,0.00087,172.31.36.0-255,66,91302,10,183522
1971,0.000905,172.31.36.0-255,66,91368,10,183522
1972,0.000918,172.31.36.0-255,66,91434,10,183522
1973,0.001519,172.217.194.0-255,1484,92918,10,183522
1974,0.001525,172.217.194.0-255,2902,95820,10,183522
1975,0.00153,172.31.36.0-255,66,95886,10,183522
1976,0.001556,172.217.194.0-255,5738,101624,10,183522
1977,0.001559,172.31.36.0-255,66,101690,10,183522
1978,0.001564,172.217.194.0-255,2902,104592,10,183522
1979,0.001566,172.31.36.0-255,66,104658,10,183522
1980,0.001584,172.217.194.0-255,7156,111814,10,183522
1981,0.001586,172.31.36.0-255,66,111880,10,183522
1982,0.001599,172.31.36.0-255,66,111946,10,183522
1983,0.001619,172.217.194.0-255,2184,114130,10,183522
1984,0.001621,172.31.36.0-255,66,114196,10,183522
1985,0.001643,172.217.194.0-255,2902,117098,10,183522
1986,0.001646,172.217.194.0-255,2902,120000,10,183522
1987,0.00165,172.31.36.0-255,66,120066,10,183522
1988,0.001657,172.31.36.0-255,66,120132,10,183522
1989,0.001663,172.217.194.0-255,4320,124452,10,183522
1990,0.001665,172.31.36.0-255,66,124518,10,183522
1991,0.001672,172.217.194.0-255,5738,130256,10,183522
1992,0.001674,172.31.36.0-255,66,130322,10,183522
1993,0.001693,172.217.194.0-255,1484,131806,10,183522
1994,0.001732,172.31.36.0-255,66,131872,10,183522
1995,0.001739,172.217.194.0-255,5020,136892,10,183522
1996,0.001741,172.31.36.0-255,66,136958,10,183522
1997,0.001781,172.31.36.0-255,66,137024,10,183522
1998,0.001795,172.31.36.0-255,66,137090,10,183522
1999,0.003801,172.217.194.0-255,5738,142828,10,183522
2000,0.003807,172.31.36.0-255,66,142894,10,183522
2001,0.005828,172.217.194.0-255,5738,148632,10,183522
2002,0.005832,172.31.36.0-255,66,148698,10,183522
2003,0.007825,172.217.194.0-255,5738,154436,10,183522
2004,0.007829,172.31.36.0-255,66,154502,10,183522
2005,0.009827,172.217.194.0-255,5738,160240,10,183522
2006,0.009834,172.31.36.0-255,66,160306,10,183522
2007,0.011859,172.217.194.0-255,5738,166044,10,183522
2008,0.011868,172.31.36.0-255,66,166110,10,183522
2009,0.013878,172.217.194.0-255,5738,171848,10,183522
2010,0.013886,172.31.36.0-255,66,171914,10,183522
2011,0.015996,172.217.194.0-255,5738,177652,10,183522
2012,0.016007,172.31.36.0-255,66,177718,10,183522
2013,0.018021,172.217.194.0-255,5738,183456,10,183522
2014,0.018028,172.31.36.0-255,66,183522,10,183522
2015,0.0,172.217.194.0-255,142,142,10,136161
2016,2.1e-05,172.31.36.0-255,66,208,10,136161
2017,2.9e-05,172.217.194.0-255,1484,1692,10,136161
2018,3.3e-05,172.31.36.0-255,66,1758,10,136161
2019,3.9e-05,172.217.194.0-255,2902,4660,10,136161
2020,4.3e-05,172.31.36.0-255,66,4726,10,136161
2021,5.9e-05,172.217.194.0-255,7156,11882,10,136161
2022,6.3e-05,172.31.36.0-255,66,11948,10,136161
2023,6.8e-05,172.217.194.0-255,2060,14008,10,136161
2024,7.1e-05,172.31.36.0-255,66,14074,10,136161
2025,7.6e-05,172.217.194.0-255,2902,16976,10,136161
2026,7.8e-05,172.31.36.0-255,66,17042,10,136161
2027,8.2e-05,172.217.194.0-255,2902,19944,10,136161
2028,8.5e-05,172.31.36.0-255,66,20010,10,136161
2029,0.000117,172.217.194.0-255,4320,24330,10,136161
2030,0.00012,172.31.36.0-255,66,24396,10,136161
2031,0.000127,172.217.194.0-255,6797,31193,10,136161
2032,0.00013,172.31.36.0-255,66,31259,10,136161
2033,0.000447,172.217.194.0-255,1484,32743,10,136161
2034,0.000453,172.31.36.0-255,66,32809,10,136161
2035,0.000459,172.217.194.0-255,2902,35711,10,136161
2036,0.000462,172.31.36.0-255,66,35777,10,136161
2037,0.000467,172.217.194.0-255,2902,38679,10,136161
2038,0.000469,172.31.36.0-255,66,38745,10,136161
2039,0.000508,172.217.194.0-255,2902,41647,10,136161
2040,0.000511,172.31.36.0-255,66,41713,10,136161
2041,0.000523,172.31.36.0-255,66,41779,10,136161
2042,0.000557,172.217.194.0-255,5379,47158,10,136161
2043,0.00056,172.31.36.0-255,66,47224,10,136161
2044,0.000576,172.31.36.0-255,66,47290,10,136161
2045,0.000579,172.217.194.0-255,1423,48713,10,136161
2046,0.000674,172.217.194.0-255,380,49093,10,136161
2047,0.000678,172.31.36.0-255,66,49159,10,136161
2048,0.000957,172.217.194.0-255,1484,50643,10,136161
2049,0.000963,172.217.194.0-255,2902,53545,10,136161
2050,0.000967,172.31.36.0-255,66,53611,10,136161
2051,0.001002,172.217.194.0-255,5738,59349,10,136161
2052,0.001005,172.31.36.0-255,66,59415,10,136161
2053,0.001008,172.217.194.0-255,1484,60899,10,136161
2054,0.001051,172.31.36.0-255,66,60965,10,136161
2055,0.001057,172.217.194.0-255,5738,66703,10,136161
2056,0.001059,172.31.36.0-255,66,66769,10,136161
2057,0.001063,172.217.194.0-255,1484,68253,10,136161
2058,0.001091,172.217.194.0-255,3602,71855,10,136161
2059,0.001093,172.31.36.0-255,66,71921,10,136161
2060,0.001908,172.217.194.0-255,1484,73405,10,136161
2061,0.001919,172.217.194.0-255,2902,76307,10,136161
2062,0.001924,172.31.36.0-255,66,76373,10,136161
2063,0.001931,172.217.194.0-255,5738,82111,10,136161
2064,0.001933,172.31.36.0-255,66,82177,10,136161
2065,0.001937,172.217.194.0-255,1484,83661,10,136161
2066,0.001955,172.217.194.0-255,2902,86563,10,136161
2067,0.001961,172.31.36.0-255,66,86629,10,136161
2068,0.001967,172.217.194.0-255,2902,89531,10,136161
2069,0.001968,172.31.36.0-255,66,89597,10,136161
2070,0.002012,172.31.36.0-255,66,89663,10,136161
2071,0.002023,172.31.36.0-255,66,89729,10,136161
2072,0.004078,172.217.194.0-255,5738,95467,10,136161
2073,0.004085,172.31.36.0-255,66,95533,10,136161
2074,0.006146,172.217.194.0-255,5738,101271,10,136161
2075,0.006153,172.31.36.0-255,66,101337,10,136161
2076,0.008236,172.217.194.0-255,5738,107075,10,136161
2077,0.008242,172.31.36.0-255,66,107141,10,136161
2078,0.010346,172.217.194.0-255,5738,112879,10,136161
2079,0.010355,172.31.36.0-255,66,112945,10,136161
2080,0.012416,172.217.194.0-255,5738,118683,10,136161
2081,0.012424,172.31.36.0-255,66,118749,10,136161
2082,0.014506,172.217.194.0-255,5738,124487,10,136161
2083,0.014519,172.31.36.0-255,66,124553,10,136161
2084,0.016616,172.217.194.0-255,5738,130291,10,136161
2085,0.016628,172.31.36.0-255,66,130357,10,136161
2086,0.018743,172.217.194.0-255,5738,136095,10,136161
2087,0.018749,172.31.36.0-255,66,136161,10,136161
2088,0.0,172.217.194.0-255,152,152,10,167755
2089,2e-05,172.31.36.0-255,66,218,10,167755
2090,2.8e-05,172.217.194.0-255,1484,1702,10,167755
2091,3.3e-05,172.31.36.0-255,66,1768,10,167755
2092,3.9e-05,172.217.194.0-255,2902,4670,10,167755
2093,4.9e-05,172.31.36.0-255,66,4736,10,167755
2094,5.7e-05,172.217.194.0-255,7156,11892,10,167755
2095,6.1e-05,172.31.36.0-255,66,11958,10,167755
2096,6.7e-05,172.217.194.0-255,4932,16890,10,167755
2097,7.1e-05,172.31.36.0-255,66,16956,10,167755
2098,8.3e-05,172.31.36.0-255,66,17022,10,167755
2099,0.000113,172.217.194.0-255,5379,22401,10,167755
2100,0.000116,172.31.36.0-255,66,22467,10,167755
2101,0.00012,172.217.194.0-255,1484,23951,10,167755
2102,0.000122,172.31.36.0-255,66,24017,10,167755
2103,0.000127,172.217.194.0-255,2902,26919,10,167755
2104,0.00013,172.31.36.0-255,66,26985,10,167755
2105,0.000134,172.217.194.0-255,1484,28469,10,167755
2106,0.000136,172.31.36.0-255,66,28535,10,167755
2107,0.000172,172.217.194.0-255,4320,32855,10,167755
2108,0.000175,172.31.36.0-255,66,32921,10,167755
2109,0.000181,172.217.194.0-255,5738,38659,10,167755
2110,0.000184,172.31.36.0-255,66,38725,10,167755
2111,0.000203,172.31.36.0-255,66,38791,10,167755
2112,0.000209,172.217.194.0-255,3961,42752,10,167755
2113,0.000211,172.31.36.0-255,66,42818,10,167755
2114,0.000294,172.217.194.0-255,647,43465,10,167755
2115,0.000297,172.31.36.0-255,66,43531,10,167755
2116,0.000343,172.217.194.0-255,1484,45015,10,167755
2117,0.000347,172.31.36.0-255,66,45081,10,167755
2118,0.000374,172.217.194.0-255,2902,47983,10,167755
2119,0.000377,172.31.36.0-255,66,48049,10,167755
2120,0.000383,172.217.194.0-255,5738,53787,10,167755
2121,0.000386,172.31.36.0-255,66,53853,10,167755
2122,0.000423,172.217.194.0-255,6797,60650,10,167755
2123,0.000426,172.31.36.0-255,66,60716,10,167755
2124,0.000433,172.217.194.0-255,7156,67872,10,167755
2125,0.000435,172.31.36.0-255,66,67938,10,167755
2126,0.000468,172.31.36.0-255,66,68004,10,167755
2127,0.000711,172.217.194.0-255,1484,69488,10,167755
2128,0.000719,172.217.194.0-255,2902,72390,10,167755
2129,0.000724,172.31.36.0-255,66,72456,10,167755
2130,0.000729,172.217.194.0-255,2902,75358,10,167755
2131,0.000731,172.31.36.0-255,66,75424,10,167755
2132,0.000753,172.217.194.0-255,1484,76908,10,167755
2133,0.000769,172.31.36.0-255,66,76974,10,167755
2134,0.000807,172.31.36.0-255,66,77040,10,167755
2135,0.000833,172.217.194.0-255,766,77806,10,167755
2136,0.000837,172.217.194.0-255,1484,79290,10,167755
2137,0.000839,172.31.36.0-255,66,79356,10,167755
2138,0.000843,172.217.194.0-255,2902,82258,10,167755
2139,0.000846,172.31.36.0-255,66,82324,10,167755
2140,0.000912,172.217.194.0-255,5738,88062,10,167755
2141,0.000944,172.31.36.0-255,66,88128,10,167755
2142,0.000951,172.31.36.0-255,66,88194,10,167755
2143,0.000955,172.31.36.0-255,66,88260,10,167755
2144,0.000973,172.31.36.0-255,66,88326,10,167755
2145,0.000987,172.31.36.0-255,66,88392,10,167755
2146,0.001018,172.217.194.0-255,4320,92712,10,167755
2147,0.00102,172.31.36.0-255,66,92778,10,167755
2148,0.00103,172.217.194.0-255,3602,96380,10,167755
2149,0.001032,172.31.36.0-255,66,96446,10,167755
2150,0.001129,172.217.194.0-255,1484,97930,10,167755
2151,0.001149,172.217.194.0-255,2902,100832,10,167755
2152,0.001152,172.31.36.0-255,66,100898,10,167755
2153,0.001157,172.217.194.0-255,2902,103800,10,167755
2154,0.00116,172.31.36.0-255,66,103866,10,167755
2155,0.001184,172.217.194.0-255,2902,106768,10,167755
2156,0.001187,172.31.36.0-255,66,106834,10,167755
2157,0.0012,172.31.36.0-255,66,106900,10,167755
2158,0.001218,172.31.36.0-255,66,106966,10,167755
2159,0.001269,172.31.36.0-255,66,107032,10,167755
2160,0.001316,172.31.36.0-255,66,107098,10,167755
2161,0.001322,172.217.194.0-255,3602,110700,10,167755
2162,0.001324,172.31.36.0-255,66,110766,10,167755
2163,0.001371,172.31.36.0-255,66,110832,10,167755
2164,0.001396,172.217.194.0-255,2902,113734,10,167755
2165,0.001399,172.31.36.0-255,66,113800,10,167755
2166,0.001421,172.31.36.0-255,66,113866,10,167755
2167,0.001428,172.217.194.0-255,6438,120304,10,167755
2168,0.00143,172.31.36.0-255,66,120370,10,167755
2169,0.001478,172.217.194.0-255,1484,121854,10,167755
2170,0.001482,172.217.194.0-255,1484,123338,10,167755
2171,0.001484,172.31.36.0-255,66,123404,10,167755
2172,0.001521,172.217.194.0-255,1484,124888,10,167755
2173,0.001528,172.217.194.0-255,5738,130626,10,167755
2174,0.001533,172.217.194.0-255,5738,136364,10,167755
2175,0.001585,172.31.36.0-255,101,136465,10,167755
2176,0.001603,172.31.36.0-255,66,136531,10,167755
2177,0.001606,172.31.36.0-255,66,136597,10,167755
2178,0.001609,172.31.36.0-255,66,136663,10,167755
2179,0.001614,172.217.194.0-255,4320,140983,10,167755
2180,0.001618,172.31.36.0-255,66,141049,10,167755
2181,0.001624,172.217.194.0-255,5020,146069,10,167755
2182,0.001627,172.31.36.0-255,66,146135,10,167755
2183,0.001633,172.217.194.0-255,5738,151873,10,167755
2184,0.001636,172.31.36.0-255,66,151939,10,167755
2185,0.001643,172.217.194.0-255,7156,159095,10,167755
2186,0.001646,172.31.36.0-255,66,159161,10,167755
2187,0.001696,172.217.194.0-255,6438,165599,10,167755
2188,0.0017,172.31.36.0-255,66,165665,10,167755
2189,0.001704,172.31.36.0-255,66,165731,10,167755
2190,0.001712,172.217.194.0-255,1484,167215,10,167755
2191,0.001769,172.31.36.0-255,66,167281,10,167755
2192,0.001788,172.31.36.0-255,66,167347,10,167755
2193,0.001798,172.31.36.0-255,66,167413,10,167755
2194,0.00181,172.217.194.0-255,105,167518,10,167755
2195,0.003844,172.217.194.0-255,66,167584,10,167755
2196,0.004681,172.31.36.0-255,105,167689,10,167755
2197,0.006954,172.217.194.0-255,66,167755,10,167755
2198,0.0,172.217.194.0-255,152,152,10,174655
2199,3.8e-05,172.31.36.0-255,66,218,10,174655
2200,4.5e-05,172.217.194.0-255,1484,1702,10,174655
2201,4.8e-05,172.31.36.0-255,66,1768,10,174655
2202,5.4e-05,172.217.194.0-255,2902,4670,10,174655
2203,6.5e-05,172.31.36.0-255,66,4736,10,174655
2204,7.3e-05,172.217.194.0-255,7156,11892,10,174655
2205,7.6e-05,172.31.36.0-255,66,11958,10,174655
2206,8e-05,172.217.194.0-255,2036,13994,10,174655
2207,8.4e-05,172.31.36.0-255,66,14060,10,174655
2208,8.7e-05,172.217.194.0-255,1484,15544,10,174655
2209,8.9e-05,172.31.36.0-255,66,15610,10,174655
2210,0.000156,172.31.36.0-255,66,15676,10,174655
2211,0.000163,172.217.194.0-255,5379,21055,10,174655
2212,0.000165,172.31.36.0-255,66,21121,10,174655
2213,0.000206,172.217.194.0-255,1484,22605,10,174655
2214,0.000209,172.31.36.0-255,66,22671,10,174655
2215,0.000218,172.217.194.0-255,2902,25573,10,174655
2216,0.000221,172.31.36.0-255,66,25639,10,174655
2217,0.000228,172.217.194.0-255,5738,31377,10,174655
2218,0.00023,172.31.36.0-255,66,31443,10,174655
2219,0.000275,172.31.36.0-255,66,31509,10,174655
2220,0.000286,172.31.36.0-255,66,31575,10,174655
2221,0.000294,172.217.194.0-255,398,31973,10,174655
2222,0.000299,172.31.36.0-255,66,32039,10,174655
2223,0.000617,172.217.194.0-255,377,32416,10,174655
2224,0.000625,172.31.36.0-255,66,32482,10,174655
2225,0.000927,172.217.194.0-255,1484,33966,10,174655
2226,0.000934,172.31.36.0-255,66,34032,10,174655
2227,0.000939,172.217.194.0-255,2902,36934,10,174655
2228,0.000941,172.31.36.0-255,66,37000,10,174655
2229,0.000953,172.217.194.0-255,5738,42738,10,174655
2230,0.000956,172.31.36.0-255,66,42804,10,174655
2231,0.000964,172.217.194.0-255,7156,49960,10,174655
2232,0.000966,172.31.36.0-255,66,50026,10,174655
2233,0.001007,172.217.194.0-255,5738,55764,10,174655
2234,0.001011,172.31.36.0-255,66,55830,10,174655
2235,0.001023,172.31.36.0-255,66,55896,10,174655
2236,0.001032,172.217.194.0-255,2184,58080,10,174655
2237,0.001034,172.31.36.0-255,66,58146,10,174655
2238,0.001384,172.217.194.0-255,1484,59630,10,174655
2239,0.001393,172.217.194.0-255,2902,62532,10,174655
2240,0.001397,172.31.36.0-255,66,62598,10,174655
2241,0.001405,172.217.194.0-255,5738,68336,10,174655
2242,0.001407,172.31.36.0-255,66,68402,10,174655
2243,0.001416,172.217.194.0-255,1484,69886,10,174655
2244,0.001444,172.31.36.0-255,66,69952,10,174655
2245,0.001498,172.31.36.0-255,66,70018,10,174655
2246,0.001799,172.217.194.0-255,1484,71502,10,174655
2247,0.001807,172.217.194.0-255,2902,74404,10,174655
2248,0.001812,172.31.36.0-255,66,74470,10,174655
2249,0.001819,172.217.194.0-255,5738,80208,10,174655
2250,0.001823,172.31.36.0-255,66,80274,10,174655
2251,0.001841,172.31.36.0-255,66,80340,10,174655
2252,0.001855,172.217.194.0-255,4320,84660,10,174655
2253,0.001861,172.31.36.0-255,66,84726,10,174655
2254,0.00189,172.217.194.0-255,5738,90464,10,174655
2255,0.001893,172.31.36.0-255,66,90530,10,174655
2256,0.001916,172.217.194.0-255,5020,95550,10,174655
2257,0.001919,172.31.36.0-255,66,95616,10,174655
2258,0.001932,172.31.36.0-255,66,95682,10,174655
2259,0.001984,172.31.36.0-255,66,95748,10,174655
2260,0.001988,172.217.194.0-255,1484,97232,10,174655
2261,0.002012,172.217.194.0-255,766,97998,10,174655
2262,0.002015,172.31.36.0-255,66,98064,10,174655
2263,0.002083,172.217.194.0-255,1484,99548,10,174655
2264,0.002089,172.217.194.0-255,2902,102450,10,174655
2265,0.002092,172.31.36.0-255,66,102516,10,174655
2266,0.002098,172.217.194.0-255,4320,106836,10,174655
2267,0.002101,172.31.36.0-255,66,106902,10,174655
2268,0.002119,172.217.194.0-255,1484,108386,10,174655
2269,0.00217,172.217.194.0-255,4320,112706,10,174655
2270,0.002172,172.31.36.0-255,66,112772,10,174655
2271,0.002207,172.31.36.0-255,66,112838,10,174655
2272,0.002227,172.31.36.0-255,66,112904,10,174655
2273,0.002251,172.217.194.0-255,1484,114388,10,174655
2274,0.002256,172.217.194.0-255,2902,117290,10,174655
2275,0.002258,172.31.36.0-255,66,117356,10,174655
2276,0.002264,172.217.194.0-255,4320,121676,10,174655
2277,0.002267,172.31.36.0-255,66,121742,10,174655
2278,0.002287,172.217.194.0-255,1484,123226,10,174655
2279,0.002311,172.31.36.0-255,66,123292,10,174655
2280,0.002323,172.31.36.0-255,66,123358,10,174655
2281,0.002326,172.217.194.0-255,766,124124,10,174655
2282,0.002537,172.217.194.0-255,1484,125608,10,174655
2283,0.002542,172.31.36.0-255,66,125674,10,174655
2284,0.002548,172.217.194.0-255,2902,128576,10,174655
2285,0.002552,172.31.36.0-255,66,128642,10,174655
2286,0.002563,172.217.194.0-255,5738,134380,10,174655
2287,0.002566,172.31.36.0-255,66,134446,10,174655
2288,0.002605,172.31.36.0-255,66,134512,10,174655
2289,0.002613,172.217.194.0-255,7156,141668,10,174655
2290,0.002616,172.31.36.0-255,66,141734,10,174655
2291,0.002625,172.217.194.0-255,3602,145336,10,174655
2292,0.004505,172.31.36.0-255,66,145402,10,174655
2293,0.005179,172.217.194.0-255,1484,146886,10,174655
2294,0.005539,172.31.36.0-255,101,146987,10,174655
2295,0.007074,172.217.194.0-255,4320,151307,10,174655
2296,0.00708,172.31.36.0-255,66,151373,10,174655
2297,0.008106,172.217.194.0-255,1484,152857,10,174655
2298,0.009657,172.217.194.0-255,4320,157177,10,174655
2299,0.009664,172.31.36.0-255,66,157243,10,174655
2300,0.012259,172.217.194.0-255,5738,162981,10,174655
2301,0.012266,172.31.36.0-255,66,163047,10,174655
2302,0.014832,172.217.194.0-255,5738,168785,10,174655
2303,0.014841,172.31.36.0-255,66,168851,10,174655
2304,0.017438,172.217.194.0-255,5738,174589,10,174655
2305,0.017447,172.31.36.0-255,66,174655,10,174655
2306,0.0,172.217.194.0-255,153,153,10,125928
2307,2.2e-05,172.31.36.0-255,66,219,10,125928
2308,3e-05,172.217.194.0-255,1484,1703,10,125928
2309,3.5e-05,172.31.36.0-255,66,1769,10,125928
2310,4.9e-05,172.217.194.0-255,2902,4671,10,125928
2311,5.3e-05,172.31.36.0-255,66,4737,10,125928
2312,6.1e-05,172.217.194.0-255,7156,11893,10,125928
2313,6.5e-05,172.31.36.0-255,66,11959,10,125928
2314,8.2e-05,172.31.36.0-255,66,12025,10,125928
2315,8.6e-05,172.217.194.0-255,1484,13509,10,125928
2316,8.9e-05,172.31.36.0-255,66,13575,10,125928
2317,9.3e-05,172.217.194.0-255,1125,14700,10,125928
2318,9.5e-05,172.31.36.0-255,66,14766,10,125928
2319,0.000169,172.217.194.0-255,1484,16250,10,125928
2320,0.000172,172.31.36.0-255,66,16316,10,125928
2321,0.000176,172.217.194.0-255,1484,17800,10,125928
2322,0.000178,172.31.36.0-255,66,17866,10,125928
2323,0.000216,172.217.194.0-255,1484,19350,10,125928
2324,0.000219,172.31.36.0-255,66,19416,10,125928
2325,0.000225,172.217.194.0-255,5738,25154,10,125928
2326,0.000228,172.31.36.0-255,66,25220,10,125928
2327,0.00024,172.217.194.0-255,6797,32017,10,125928
2328,0.000243,172.31.36.0-255,66,32083,10,125928
2329,0.000258,172.31.36.0-255,66,32149,10,125928
2330,0.000262,172.217.194.0-255,2854,35003,10,125928
2331,0.000264,172.31.36.0-255,66,35069,10,125928
2332,0.000294,172.217.194.0-255,377,35446,10,125928
2333,0.000297,172.31.36.0-255,66,35512,10,125928
2334,0.000467,172.217.194.0-255,1484,36996,10,125928
2335,0.000474,172.31.36.0-255,66,37062,10,125928
2336,0.00048,172.217.194.0-255,2902,39964,10,125928
2337,0.000483,172.31.36.0-255,66,40030,10,125928
2338,0.000495,172.217.194.0-255,5738,45768,10,125928
2339,0.000497,172.31.36.0-255,66,45834,10,125928
2340,0.000504,172.217.194.0-255,5738,51572,10,125928
2341,0.000507,172.31.36.0-255,66,51638,10,125928
2342,0.00054,172.217.194.0-255,4320,55958,10,125928
2343,0.000543,172.31.36.0-255,66,56024,10,125928
2344,0.000561,172.31.36.0-255,66,56090,10,125928
2345,0.000565,172.217.194.0-255,2184,58274,10,125928
2346,0.000567,172.31.36.0-255,66,58340,10,125928
2347,0.001138,172.217.194.0-255,1484,59824,10,125928
2348,0.001147,172.217.194.0-255,2902,62726,10,125928
2349,0.001152,172.31.36.0-255,66,62792,10,125928
2350,0.001159,172.217.194.0-255,5738,68530,10,125928
2351,0.001162,172.31.36.0-255,66,68596,10,125928
2352,0.001175,172.217.194.0-255,5738,74334,10,125928
2353,0.001179,172.31.36.0-255,66,74400,10,125928
2354,0.001225,172.31.36.0-255,66,74466,10,125928
2355,0.001232,172.217.194.0-255,5020,79486,10,125928
2356,0.001235,172.31.36.0-255,66,79552,10,125928
2357,0.001682,172.217.194.0-255,1484,81036,10,125928
2358,0.001689,172.217.194.0-255,2902,83938,10,125928
2359,0.001693,172.31.36.0-255,66,84004,10,125928
2360,0.001701,172.217.194.0-255,4320,88324,10,125928
2361,0.001703,172.31.36.0-255,66,88390,10,125928
2362,0.001742,172.217.194.0-255,1484,89874,10,125928
2363,0.001755,172.31.36.0-255,66,89940,10,125928
2364,0.001765,172.31.36.0-255,66,90006,10,125928
2365,0.001803,172.31.36.0-255,66,90072,10,125928
2366,0.001832,172.217.194.0-255,766,90838,10,125928
2367,0.001846,172.31.36.0-255,66,90904,10,125928
2368,0.001853,172.217.194.0-255,6438,97342,10,125928
2369,0.001856,172.31.36.0-255,66,97408,10,125928
2370,0.001907,172.217.194.0-255,7156,104564,10,125928
2371,0.001935,172.217.194.0-255,4320,108884,10,125928
2372,0.001942,172.31.36.0-255,66,108950,10,125928
2373,0.001972,172.217.194.0-255,5020,113970,10,125928
2374,0.001976,172.31.36.0-255,66,114036,10,125928
2375,0.001979,172.31.36.0-255,66,114102,10,125928
2376,0.001981,172.31.36.0-255,66,114168,10,125928
2377,0.001989,172.31.36.0-255,66,114234,10,125928
2378,0.002052,172.31.36.0-255,66,114300,10,125928
2379,0.002106,172.31.36.0-255,66,114366,10,125928
2380,0.002131,172.31.36.0-255,66,114432,10,125928
2381,0.002144,172.31.36.0-255,66,114498,10,125928
2382,0.00215,172.217.194.0-255,7156,121654,10,125928
2383,0.002153,172.31.36.0-255,66,121720,10,125928
2384,0.002164,172.31.36.0-255,66,121786,10,125928
2385,0.002182,172.217.194.0-255,3602,125388,10,125928
2386,0.002218,172.31.36.0-255,66,125454,10,125928
2387,0.002224,172.31.36.0-255,66,125520,10,125928
2388,0.002327,172.31.36.0-255,66,125586,10,125928
2389,0.002361,172.217.194.0-255,105,125691,10,125928
2390,0.002377,172.31.36.0-255,66,125757,10,125928
2391,0.004717,172.31.36.0-255,105,125862,10,125928
2392,0.007323,172.217.194.0-255,66,125928,10,125928
2393,0.0,74.125.130.0-255,153,153,10,145780
2394,3.3e-05,172.31.36.0-255,66,219,10,145780
2395,4e-05,74.125.130.0-255,1484,1703,10,145780
2396,4.5e-05,172.31.36.0-255,66,1769,10,145780
2397,5.1e-05,74.125.130.0-255,2902,4671,10,145780
2398,5.4e-05,172.31.36.0-255,66,4737,10,145780
2399,6.5e-05,74.125.130.0-255,1484,6221,10,145780
2400,6.8e-05,172.31.36.0-255,66,6287,10,145780
2401,7.3e-05,74.125.130.0-255,2902,9189,10,145780
2402,7.6e-05,172.31.36.0-255,66,9255,10,145780
2403,8.2e-05,74.125.130.0-255,4320,13575,10,145780
2404,8.5e-05,172.31.36.0-255,66,13641,10,145780
2405,0.000116,74.125.130.0-255,2082,15723,10,145780
2406,0.000119,172.31.36.0-255,66,15789,10,145780
2407,0.000123,74.125.130.0-255,2902,18691,10,145780
2408,0.000125,172.31.36.0-255,66,18757,10,145780
2409,0.000137,172.31.36.0-255,66,18823,10,145780
2410,0.00014,74.125.130.0-255,1125,19948,10,145780
2411,0.000142,172.31.36.0-255,66,20014,10,145780
2412,0.000297,74.125.130.0-255,1484,21498,10,145780
2413,0.000302,172.31.36.0-255,66,21564,10,145780
2414,0.000306,74.125.130.0-255,1484,23048,10,145780
2415,0.000309,172.31.36.0-255,66,23114,10,145780
2416,0.000336,74.125.130.0-255,1484,24598,10,145780
2417,0.00034,172.31.36.0-255,66,24664,10,145780
2418,0.000347,74.125.130.0-255,5738,30402,10,145780
2419,0.00035,172.31.36.0-255,66,30468,10,145780
2420,0.000357,74.125.130.0-255,6797,37265,10,145780
2421,0.000359,172.31.36.0-255,66,37331,10,145780
2422,0.000389,74.125.130.0-255,2902,40233,10,145780
2423,0.000392,172.31.36.0-255,66,40299,10,145780
2424,0.000433,74.125.130.0-255,4320,44619,10,145780
2425,0.000439,172.31.36.0-255,66,44685,10,145780
2426,0.000444,172.31.36.0-255,66,44751,10,145780
2427,0.000447,74.125.130.0-255,100,44851,10,145780
2428,0.000525,74.125.130.0-255,365,45216,10,145780
2429,0.000796,172.31.36.0-255,66,45282,10,145780
2430,0.000927,74.125.130.0-255,1484,46766,10,145780
2431,0.000936,74.125.130.0-255,2902,49668,10,145780
2432,0.00094,172.31.36.0-255,66,49734,10,145780
2433,0.000944,74.125.130.0-255,1484,51218,10,145780
2434,0.00097,74.125.130.0-255,4320,55538,10,145780
2435,0.000973,172.31.36.0-255,66,55604,10,145780
2436,0.000982,74.125.130.0-255,7156,62760,10,145780
2437,0.000984,172.31.36.0-255,66,62826,10,145780
2438,0.001023,172.31.36.0-255,66,62892,10,145780
2439,0.001049,74.125.130.0-255,2902,65794,10,145780
2440,0.001052,172.31.36.0-255,66,65860,10,145780
2441,0.001059,74.125.130.0-255,2184,68044,10,145780
2442,0.001061,172.31.36.0-255,66,68110,10,145780
2443,0.001511,74.125.130.0-255,1484,69594,10,145780
2444,0.001519,74.125.130.0-255,2902,72496,10,145780
2445,0.001523,172.31.36.0-255,66,72562,10,145780
2446,0.001552,74.125.130.0-255,5738,78300,10,145780
2447,0.001555,172.31.36.0-255,66,78366,10,145780
2448,0.001561,74.125.130.0-255,4320,82686,10,145780
2449,0.001563,172.31.36.0-255,66,82752,10,145780
2450,0.001588,74.125.130.0-255,4320,87072,10,145780
2451,0.001591,172.31.36.0-255,66,87138,10,145780
2452,0.001612,172.31.36.0-255,66,87204,10,145780
2453,0.001619,74.125.130.0-255,5020,92224,10,145780
2454,0.001622,172.31.36.0-255,66,92290,10,145780
2455,0.003547,74.125.130.0-255,2902,95192,10,145780
2456,0.003553,172.31.36.0-255,66,95258,10,145780
2457,0.003572,74.125.130.0-255,2902,98160,10,145780
2458,0.003574,172.31.36.0-255,66,98226,10,145780
2459,0.005488,74.125.130.0-255,2902,101128,10,145780
2460,0.005493,172.31.36.0-255,66,101194,10,145780
2461,0.005512,74.125.130.0-255,2902,104096,10,145780
2462,0.005515,172.31.36.0-255,66,104162,10,145780
2463,0.00744,74.125.130.0-255,2902,107064,10,145780
2464,0.007448,172.31.36.0-255,66,107130,10,145780
2465,0.007484,74.125.130.0-255,2902,110032,10,145780
2466,0.007488,172.31.36.0-255,66,110098,10,145780
2467,0.009387,74.125.130.0-255,2902,113000,10,145780
2468,0.009396,172.31.36.0-255,66,113066,10,145780
2469,0.009426,74.125.130.0-255,2902,115968,10,145780
2470,0.00943,172.31.36.0-255,66,116034,10,145780
2471,0.011344,74.125.130.0-255,2902,118936,10,145780
2472,0.011351,172.31.36.0-255,66,119002,10,145780
2473,0.011388,74.125.130.0-255,2902,121904,10,145780
2474,0.011392,172.31.36.0-255,66,121970,10,145780
2475,0.013294,74.125.130.0-255,2902,124872,10,145780
2476,0.013301,172.31.36.0-255,66,124938,10,145780
2477,0.01333,74.125.130.0-255,2902,127840,10,145780
2478,0.013334,172.31.36.0-255,66,127906,10,145780
2479,0.015244,74.125.130.0-255,2902,130808,10,145780
2480,0.015251,172.31.36.0-255,66,130874,10,145780
2481,0.015296,74.125.130.0-255,2902,133776,10,145780
2482,0.015299,172.31.36.0-255,66,133842,10,145780
2483,0.017199,74.125.130.0-255,2902,136744,10,145780
2484,0.017206,172.31.36.0-255,66,136810,10,145780
2485,0.017251,74.125.130.0-255,1484,138294,10,145780
2486,0.017266,74.125.130.0-255,1484,139778,10,145780
2487,0.01727,172.31.36.0-255,66,139844,10,145780
2488,0.019151,74.125.130.0-255,2902,142746,10,145780
2489,0.019159,172.31.36.0-255,66,142812,10,145780
2490,0.019206,74.125.130.0-255,2902,145714,10,145780
2491,0.01921,172.31.36.0-255,66,145780,10,145780
2492,0.0,172.217.160.0-255,152,152,10,214771
2493,2.2e-05,172.31.36.0-255,66,218,10,214771
2494,3e-05,172.217.160.0-255,1484,1702,10,214771
2495,3.4e-05,172.31.36.0-255,66,1768,10,214771
2496,4.8e-05,172.217.160.0-255,2902,4670,10,214771
2497,5.1e-05,172.31.36.0-255,66,4736,10,214771
2498,6e-05,172.217.160.0-255,7156,11892,10,214771
2499,6.2e-05,172.31.36.0-255,66,11958,10,214771
2500,7.6e-05,172.31.36.0-255,66,12024,10,214771
2501,8.5e-05,172.217.160.0-255,6797,18821,10,214771
2502,8.9e-05,172.31.36.0-255,66,18887,10,214771
2503,0.000125,172.217.160.0-255,4320,23207,10,214771
2504,0.000128,172.31.36.0-255,66,23273,10,214771
2505,0.000154,172.217.160.0-255,2902,26175,10,214771
2506,0.000156,172.31.36.0-255,66,26241,10,214771
2507,0.000185,172.217.160.0-255,2902,29143,10,214771
2508,0.000189,172.31.36.0-255,66,29209,10,214771
2509,0.000196,172.217.160.0-255,6797,36006,10,214771
2510,0.000199,172.31.36.0-255,66,36072,10,214771
2511,0.000211,172.217.160.0-255,7156,43228,10,214771
2512,0.000214,172.31.36.0-255,66,43294,10,214771
2513,0.00025,172.31.36.0-255,66,43360,10,214771
2514,0.000253,172.217.160.0-255,335,43695,10,214771
2515,0.000255,172.31.36.0-255,66,43761,10,214771
2516,0.000955,172.217.160.0-255,121,43882,10,214771
2517,0.000963,172.31.36.0-255,66,43948,10,214771
2518,0.001068,172.217.160.0-255,1484,45432,10,214771
2519,0.001071,172.31.36.0-255,66,45498,10,214771
2520,0.001077,172.217.160.0-255,2902,48400,10,214771
2521,0.001079,172.31.36.0-255,66,48466,10,214771
2522,0.001115,172.217.160.0-255,5738,54204,10,214771
2523,0.001118,172.31.36.0-255,66,54270,10,214771
2524,0.001161,172.31.36.0-255,66,54336,10,214771
2525,0.001169,172.217.160.0-255,7156,61492,10,214771
2526,0.001171,172.31.36.0-255,66,61558,10,214771
2527,0.001206,172.217.160.0-255,5379,66937,10,214771
2528,0.001208,172.31.36.0-255,66,67003,10,214771
2529,0.001941,172.217.160.0-255,1484,68487,10,214771
2530,0.001953,172.217.160.0-255,2902,71389,10,214771
2531,0.001958,172.31.36.0-255,66,71455,10,214771
2532,0.001966,172.217.160.0-255,5738,77193,10,214771
2533,0.001968,172.31.36.0-255,66,77259,10,214771
2534,0.002016,172.31.36.0-255,66,77325,10,214771
2535,0.00202,172.217.160.0-255,1484,78809,10,214771
2536,0.002025,172.217.160.0-255,4320,83129,10,214771
2537,0.002027,172.31.36.0-255,66,83195,10,214771
2538,0.002034,172.217.160.0-255,1484,84679,10,214771
2539,0.002056,172.217.160.0-255,1484,86163,10,214771
2540,0.002058,172.31.36.0-255,66,86229,10,214771
2541,0.002078,172.217.160.0-255,5020,91249,10,214771
2542,0.002081,172.31.36.0-255,66,91315,10,214771
2543,0.002105,172.217.160.0-255,1484,92799,10,214771
2544,0.002109,172.217.160.0-255,2902,95701,10,214771
2545,0.002112,172.31.36.0-255,66,95767,10,214771
2546,0.002116,172.217.160.0-255,1484,97251,10,214771
2547,0.002142,172.217.160.0-255,5738,102989,10,214771
2548,0.002144,172.31.36.0-255,66,103055,10,214771
2549,0.00216,172.217.160.0-255,2902,105957,10,214771
2550,0.002167,172.31.36.0-255,66,106023,10,214771
2551,0.002173,172.217.160.0-255,5738,111761,10,214771
2552,0.002175,172.31.36.0-255,66,111827,10,214771
2553,0.00218,172.217.160.0-255,2902,114729,10,214771
2554,0.002183,172.31.36.0-255,66,114795,10,214771
2555,0.002189,172.217.160.0-255,5738,120533,10,214771
2556,0.002191,172.31.36.0-255,66,120599,10,214771
2557,0.002236,172.217.160.0-255,6438,127037,10,214771
2558,0.002239,172.31.36.0-255,66,127103,10,214771
2559,0.002247,172.217.160.0-255,7156,134259,10,214771
2560,0.002253,172.31.36.0-255,66,134325,10,214771
2561,0.002259,172.217.160.0-255,2902,137227,10,214771
2562,0.002261,172.31.36.0-255,66,137293,10,214771
2563,0.002303,172.31.36.0-255,66,137359,10,214771
2564,0.002311,172.217.160.0-255,7156,144515,10,214771
2565,0.002313,172.31.36.0-255,66,144581,10,214771
2566,0.002317,172.217.160.0-255,2184,146765,10,214771
2567,0.002319,172.31.36.0-255,66,146831,10,214771
2568,0.002354,172.217.160.0-255,2902,149733,10,214771
2569,0.002357,172.31.36.0-255,66,149799,10,214771
2570,0.002362,172.217.160.0-255,2902,152701,10,214771
2571,0.002364,172.31.36.0-255,66,152767,10,214771
2572,0.002394,172.217.160.0-255,2902,155669,10,214771
2573,0.002396,172.31.36.0-255,66,155735,10,214771
2574,0.002446,172.31.36.0-255,66,155801,10,214771
2575,0.002466,172.217.160.0-255,1484,157285,10,214771
2576,0.002489,172.31.36.0-255,66,157351,10,214771
2577,0.002658,172.217.160.0-255,1484,158835,10,214771
2578,0.002682,172.217.160.0-255,2902,161737,10,214771
2579,0.002687,172.31.36.0-255,66,161803,10,214771
2580,0.002694,172.217.160.0-255,5738,167541,10,214771
2581,0.002697,172.31.36.0-255,66,167607,10,214771
2582,0.002742,172.31.36.0-255,66,167673,10,214771
2583,0.002765,172.217.160.0-255,4320,171993,10,214771
2584,0.002768,172.31.36.0-255,66,172059,10,214771
2585,0.002778,172.217.160.0-255,4320,176379,10,214771
2586,0.002781,172.31.36.0-255,66,176445,10,214771
2587,0.002784,172.217.160.0-255,1484,177929,10,214771
2588,0.002789,172.217.160.0-255,2902,180831,10,214771
2589,0.002791,172.31.36.0-255,66,180897,10,214771
2590,0.002833,172.217.160.0-255,3602,184499,10,214771
2591,0.002837,172.31.36.0-255,66,184565,10,214771
2592,0.002843,172.217.160.0-255,4320,188885,10,214771
2593,0.002845,172.31.36.0-255,66,188951,10,214771
2594,0.002862,172.31.36.0-255,66,189017,10,214771
2595,0.002911,172.31.36.0-255,66,189083,10,214771
2596,0.00295,172.31.36.0-255,66,189149,10,214771
2597,0.002963,172.31.36.0-255,66,189215,10,214771
2598,0.002991,172.217.160.0-255,5020,194235,10,214771
2599,0.002994,172.31.36.0-255,66,194301,10,214771
2600,0.003079,172.217.160.0-255,1484,195785,10,214771
2601,0.003101,172.217.160.0-255,2902,198687,10,214771
2602,0.003105,172.31.36.0-255,66,198753,10,214771
2603,0.003108,172.217.160.0-255,1484,200237,10,214771
2604,0.003125,172.31.36.0-255,66,200303,10,214771
2605,0.003153,172.217.160.0-255,1484,201787,10,214771
2606,0.003157,172.31.36.0-255,78,201865,10,214771
2607,0.003182,172.31.36.0-255,66,201931,10,214771
2608,0.003195,172.31.36.0-255,66,201997,10,214771
2609,0.003231,172.31.36.0-255,66,202063,10,214771
2610,0.003235,172.217.160.0-255,2902,204965,10,214771
2611,0.003237,172.31.36.0-255,66,205031,10,214771
2612,0.003243,172.217.160.0-255,4320,209351,10,214771
2613,0.003246,172.31.36.0-255,66,209417,10,214771
2614,0.0033,172.31.36.0-255,66,209483,10,214771
2615,0.003331,172.217.160.0-255,4880,214363,10,214771
2616,0.003334,172.31.36.0-255,66,214429,10,214771
2617,0.003338,172.217.160.0-255,105,214534,10,214771
2618,0.013491,172.31.36.0-255,66,214600,10,214771
2619,0.013557,172.31.36.0-255,105,214705,10,214771
2620,0.015503,172.217.160.0-255,66,214771,10,214771
2621,0.0,74.125.24.0-255,146,146,10,262247
2622,2.7e-05,172.31.36.0-255,66,212,10,262247
2623,3.4e-05,74.125.24.0-255,1484,1696,10,262247
2624,3.8e-05,172.31.36.0-255,66,1762,10,262247
2625,4.3e-05,74.125.24.0-255,2902,4664,10,262247
2626,5.4e-05,172.31.36.0-255,66,4730,10,262247
2627,6.2e-05,74.125.24.0-255,7156,11886,10,262247
2628,6.5e-05,172.31.36.0-255,66,11952,10,262247
2629,6.9e-05,74.125.24.0-255,1986,13938,10,262247
2630,7.2e-05,172.31.36.0-255,66,14004,10,262247
2631,0.000105,74.125.24.0-255,2902,16906,10,262247
2632,0.000109,172.31.36.0-255,66,16972,10,262247
2633,0.000114,74.125.24.0-255,4320,21292,10,262247
2634,0.000116,172.31.36.0-255,66,21358,10,262247
2635,0.000126,172.31.36.0-255,66,21424,10,262247
2636,0.000149,74.125.24.0-255,1125,22549,10,262247
2637,0.000151,172.31.36.0-255,66,22615,10,262247
2638,0.000382,74.125.24.0-255,1484,24099,10,262247
2639,0.000387,172.31.36.0-255,66,24165,10,262247
2640,0.000392,74.125.24.0-255,2902,27067,10,262247
2641,0.000395,172.31.36.0-255,66,27133,10,262247
2642,0.000398,74.125.24.0-255,1484,28617,10,262247
2643,0.000407,172.31.36.0-255,66,28683,10,262247
2644,0.000439,74.125.24.0-255,4320,33003,10,262247
2645,0.000442,172.31.36.0-255,66,33069,10,262247
2646,0.000458,172.31.36.0-255,66,33135,10,262247
2647,0.000465,74.125.24.0-255,7156,40291,10,262247
2648,0.000468,172.31.36.0-255,66,40357,10,262247
2649,0.000514,74.125.24.0-255,2882,43239,10,262247
2650,0.000517,172.31.36.0-255,66,43305,10,262247
2651,0.000579,74.125.24.0-255,1484,44789,10,262247
2652,0.000584,74.125.24.0-255,1484,46273,10,262247
2653,0.000588,172.31.36.0-255,66,46339,10,262247
2654,0.000609,74.125.24.0-255,1484,47823,10,262247
2655,0.000618,74.125.24.0-255,5738,53561,10,262247
2656,0.00062,172.31.36.0-255,66,53627,10,262247
2657,0.000664,74.125.24.0-255,6797,60424,10,262247
2658,0.000667,172.31.36.0-255,66,60490,10,262247
2659,0.000719,74.125.24.0-255,7156,67646,10,262247
2660,0.000724,172.31.36.0-255,66,67712,10,262247
2661,0.00073,74.125.24.0-255,7156,74868,10,262247
2662,0.000733,172.31.36.0-255,66,74934,10,262247
2663,0.00075,172.31.36.0-255,66,75000,10,262247
2664,0.000757,74.125.24.0-255,7156,82156,10,262247
2665,0.00076,172.31.36.0-255,66,82222,10,262247
2666,0.000782,74.125.24.0-255,3961,86183,10,262247
2667,0.000786,172.31.36.0-255,66,86249,10,262247
2668,0.000887,74.125.24.0-255,1484,87733,10,262247
2669,0.000902,74.125.24.0-255,2902,90635,10,262247
2670,0.000906,172.31.36.0-255,66,90701,10,262247
2671,0.000949,74.125.24.0-255,5738,96439,10,262247
2672,0.000952,172.31.36.0-255,66,96505,10,262247
2673,0.00096,74.125.24.0-255,7156,103661,10,262247
2674,0.000962,172.31.36.0-255,66,103727,10,262247
2675,0.000972,74.125.24.0-255,2902,106629,10,262247
2676,0.000975,172.31.36.0-255,66,106695,10,262247
2677,0.00098,74.125.24.0-255,4320,111015,10,262247
2678,0.000982,172.31.36.0-255,66,111081,10,262247
2679,0.001029,172.31.36.0-255,66,111147,10,262247
2680,0.001032,74.125.24.0-255,766,111913,10,262247
2681,0.001157,74.125.24.0-255,1484,113397,10,262247
2682,0.001161,172.31.36.0-255,66,113463,10,262247
2683,0.001166,74.125.24.0-255,2902,116365,10,262247
2684,0.001172,172.31.36.0-255,66,116431,10,262247
2685,0.001205,74.125.24.0-255,5738,122169,10,262247
2686,0.001208,172.31.36.0-255,66,122235,10,262247
2687,0.001222,172.31.36.0-255,66,122301,10,262247
2688,0.001227,74.125.24.0-255,2902,125203,10,262247
2689,0.001229,172.31.36.0-255,66,125269,10,262247
2690,0.001258,74.125.24.0-255,5738,131007,10,262247
2691,0.001261,172.31.36.0-255,66,131073,10,262247
2692,0.00129,74.125.24.0-255,2184,133257,10,262247
2693,0.001294,172.31.36.0-255,66,133323,10,262247
2694,0.001299,74.125.24.0-255,2902,136225,10,262247
2695,0.001301,172.31.36.0-255,66,136291,10,262247
2696,0.001306,74.125.24.0-255,4320,140611,10,262247
2697,0.001309,172.31.36.0-255,66,140677,10,262247
2698,0.001337,74.125.24.0-255,2902,143579,10,262247
2699,0.00134,172.31.36.0-255,66,143645,10,262247
2700,0.001347,74.125.24.0-255,5738,149383,10,262247
2701,0.001349,172.31.36.0-255,66,149449,10,262247
2702,0.001363,172.31.36.0-255,66,149515,10,262247
2703,0.001393,74.125.24.0-255,1484,150999,10,262247
2704,0.001399,74.125.24.0-255,3602,154601,10,262247
2705,0.001402,172.31.36.0-255,66,154667,10,262247
2706,0.001486,74.125.24.0-255,1484,156151,10,262247
2707,0.001492,74.125.24.0-255,2902,159053,10,262247
2708,0.001496,172.31.36.0-255,66,159119,10,262247
2709,0.001503,74.125.24.0-255,5738,164857,10,262247
2710,0.001505,172.31.36.0-255,66,164923,10,262247
2711,0.00153,74.125.24.0-255,2902,167825,10,262247
2712,0.001533,172.31.36.0-255,66,167891,10,262247
2713,0.00154,74.125.24.0-255,7156,175047,10,262247
2714,0.001542,172.31.36.0-255,66,175113,10,262247
2715,0.001571,74.125.24.0-255,2902,178015,10,262247
2716,0.001575,172.31.36.0-255,66,178081,10,262247
2717,0.001591,172.31.36.0-255,66,178147,10,262247
2718,0.001885,74.125.24.0-255,1484,179631,10,262247
2719,0.001891,74.125.24.0-255,2902,182533,10,262247
2720,0.001895,172.31.36.0-255,66,182599,10,262247
2721,0.001925,74.125.24.0-255,5738,188337,10,262247
2722,0.001929,172.31.36.0-255,66,188403,10,262247
2723,0.001936,74.125.24.0-255,7156,195559,10,262247
2724,0.001939,172.31.36.0-255,66,195625,10,262247
2725,0.001957,172.31.36.0-255,66,195691,10,262247
2726,0.002052,172.31.36.0-255,66,195757,10,262247
2727,0.002058,172.31.36.0-255,66,195823,10,262247
2728,0.002072,172.31.36.0-255,66,195889,10,262247
2729,0.002167,74.125.24.0-255,1484,197373,10,262247
2730,0.002181,74.125.24.0-255,2902,200275,10,262247
2731,0.002185,172.31.36.0-255,66,200341,10,262247
2732,0.002191,74.125.24.0-255,2902,203243,10,262247
2733,0.002201,172.31.36.0-255,66,203309,10,262247
2734,0.002219,74.125.24.0-255,2902,206211,10,262247
2735,0.002226,74.125.24.0-255,7156,213367,10,262247
2736,0.002226,172.31.36.0-255,66,213433,10,262247
2737,0.00223,172.31.36.0-255,66,213499,10,262247
2738,0.002246,74.125.24.0-255,5738,219237,10,262247
2739,0.002257,172.31.36.0-255,66,219303,10,262247
2740,0.002285,172.31.36.0-255,66,219369,10,262247
2741,0.002301,74.125.24.0-255,2184,221553,10,262247
2742,0.002314,172.31.36.0-255,66,221619,10,262247
2743,0.004596,74.125.24.0-255,5738,227357,10,262247
2744,0.004602,172.31.36.0-255,66,227423,10,262247
2745,0.006926,74.125.24.0-255,5738,233161,10,262247
2746,0.00693,172.31.36.0-255,66,233227,10,262247
2747,0.009216,74.125.24.0-255,5738,238965,10,262247
2748,0.009222,172.31.36.0-255,66,239031,10,262247
2749,0.011726,74.125.24.0-255,5738,244769,10,262247
2750,0.011734,172.31.36.0-255,66,244835,10,262247
2751,0.013988,74.125.24.0-255,5738,250573,10,262247
2752,0.013996,172.31.36.0-255,66,250639,10,262247
2753,0.016293,74.125.24.0-255,5738,256377,10,262247
2754,0.016303,172.31.36.0-255,66,256443,10,262247
2755,0.018972,74.125.24.0-255,5738,262181,10,262247
2756,0.01898,172.31.36.0-255,66,262247,10,262247
2757,0.0,74.125.200.0-255,152,152,10,143736
2758,2.7e-05,172.31.36.0-255,66,218,10,143736
2759,3.4e-05,74.125.200.0-255,1484,1702,10,143736
2760,3.8e-05,172.31.36.0-255,66,1768,10,143736
2761,4.3e-05,74.125.200.0-255,2902,4670,10,143736
2762,5.5e-05,172.31.36.0-255,66,4736,10,143736
2763,6.3e-05,74.125.200.0-255,5738,10474,10,143736
2764,6.6e-05,172.31.36.0-255,66,10540,10,143736
2765,7.9e-05,74.125.200.0-255,1484,12024,10,143736
2766,8.1e-05,172.31.36.0-255,66,12090,10,143736
2767,0.000107,74.125.200.0-255,2041,14131,10,143736
2768,0.00011,172.31.36.0-255,66,14197,10,143736
2769,0.000178,74.125.200.0-255,1484,15681,10,143736
2770,0.000182,172.31.36.0-255,66,15747,10,143736
2771,0.000206,74.125.200.0-255,2902,18649,10,143736
2772,0.000209,172.31.36.0-255,66,18715,10,143736
2773,0.000214,74.125.200.0-255,2902,21617,10,143736
2774,0.000216,172.31.36.0-255,66,21683,10,143736
2775,0.000221,74.125.200.0-255,4320,26003,10,143736
2776,0.00023,172.31.36.0-255,66,26069,10,143736
2777,0.000256,74.125.200.0-255,4320,30389,10,143736
2778,0.000259,172.31.36.0-255,66,30455,10,143736
2779,0.000286,74.125.200.0-255,1125,31580,10,143736
2780,0.000289,172.31.36.0-255,66,31646,10,143736
2781,0.00044,74.125.200.0-255,1484,33130,10,143736
2782,0.000444,172.31.36.0-255,66,33196,10,143736
2783,0.000448,74.125.200.0-255,2902,36098,10,143736
2784,0.000451,172.31.36.0-255,66,36164,10,143736
2785,0.000477,74.125.200.0-255,5738,41902,10,143736
2786,0.00048,172.31.36.0-255,66,41968,10,143736
2787,0.000507,74.125.200.0-255,6797,48765,10,143736
2788,0.00051,172.31.36.0-255,66,48831,10,143736
2789,0.000577,74.125.200.0-255,1484,50315,10,143736
2790,0.000591,74.125.200.0-255,2902,53217,10,143736
2791,0.000594,172.31.36.0-255,66,53283,10,143736
2792,0.00062,74.125.200.0-255,2902,56185,10,143736
2793,0.000623,172.31.36.0-255,66,56251,10,143736
2794,0.00065,74.125.200.0-255,2902,59153,10,143736
2795,0.000653,172.31.36.0-255,66,59219,10,143736
2796,0.000657,74.125.200.0-255,1484,60703,10,143736
2797,0.000661,74.125.200.0-255,2902,63605,10,143736
2798,0.000664,172.31.36.0-255,66,63671,10,143736
2799,0.000673,74.125.200.0-255,2874,66545,10,143736
2800,0.000675,172.31.36.0-255,66,66611,10,143736
2801,0.000717,74.125.200.0-255,379,66990,10,143736
2802,0.000768,172.31.36.0-255,66,67056,10,143736
2803,0.001574,74.125.200.0-255,1484,68540,10,143736
2804,0.001584,74.125.200.0-255,2902,71442,10,143736
2805,0.001589,172.31.36.0-255,66,71508,10,143736
2806,0.001593,74.125.200.0-255,1484,72992,10,143736
2807,0.001619,74.125.200.0-255,2902,75894,10,143736
2808,0.001621,172.31.36.0-255,66,75960,10,143736
2809,0.001627,74.125.200.0-255,5738,81698,10,143736
2810,0.001629,172.31.36.0-255,66,81764,10,143736
2811,0.001666,172.31.36.0-255,66,81830,10,143736
2812,0.001673,74.125.200.0-255,5738,87568,10,143736
2813,0.001675,172.31.36.0-255,66,87634,10,143736
2814,0.001689,74.125.200.0-255,766,88400,10,143736
2815,0.002273,74.125.200.0-255,1484,89884,10,143736
2816,0.002276,172.31.36.0-255,66,89950,10,143736
2817,0.002294,74.125.200.0-255,2902,92852,10,143736
2818,0.002297,172.31.36.0-255,66,92918,10,143736
2819,0.002326,74.125.200.0-255,4320,97238,10,143736
2820,0.002329,172.31.36.0-255,66,97304,10,143736
2821,0.002334,74.125.200.0-255,5738,103042,10,143736
2822,0.002336,172.31.36.0-255,66,103108,10,143736
2823,0.004646,74.125.200.0-255,5738,108846,10,143736
2824,0.004651,172.31.36.0-255,66,108912,10,143736
2825,0.006968,74.125.200.0-255,5738,114650,10,143736
2826,0.006976,172.31.36.0-255,66,114716,10,143736
2827,0.009306,74.125.200.0-255,5738,120454,10,143736
2828,0.009316,172.31.36.0-255,66,120520,10,143736
2829,0.011633,74.125.200.0-255,5738,126258,10,143736
2830,0.011641,172.31.36.0-255,66,126324,10,143736
2831,0.013957,74.125.200.0-255,5738,132062,10,143736
2832,0.013967,172.31.36.0-255,66,132128,10,143736
2833,0.016284,74.125.200.0-255,5738,137866,10,143736
2834,0.016292,172.31.36.0-255,66,137932,10,143736
2835,0.018604,74.125.200.0-255,5738,143670,10,143736
2836,0.018611,172.31.36.0-255,66,143736,10,143736
2837,0.0,74.125.24.0-255,299,299,10,183897
2838,1.7e-05,172.31.36.0-255,66,365,10,183897
2839,2.4e-05,74.125.24.0-255,1484,1849,10,183897
2840,2.8e-05,172.31.36.0-255,66,1915,10,183897
2841,3.8e-05,74.125.24.0-255,4320,6235,10,183897
2842,4.2e-05,172.31.36.0-255,66,6301,10,183897
2843,4.7e-05,74.125.24.0-255,2902,9203,10,183897
2844,5.1e-05,172.31.36.0-255,66,9269,10,183897
2845,0.000109,74.125.24.0-255,4630,13899,10,183897
2846,0.000112,172.31.36.0-255,66,13965,10,183897
2847,0.000168,74.125.24.0-255,1484,15449,10,183897
2848,0.00017,172.31.36.0-255,66,15515,10,183897
2849,0.000174,74.125.24.0-255,1484,16999,10,183897
2850,0.000176,172.31.36.0-255,66,17065,10,183897
2851,0.00019,74.125.24.0-255,1484,18549,10,183897
2852,0.000193,172.31.36.0-255,66,18615,10,183897
2853,0.000199,74.125.24.0-255,4320,22935,10,183897
2854,0.000202,172.31.36.0-255,66,23001,10,183897
2855,0.000257,74.125.24.0-255,4320,27321,10,183897
2856,0.000261,172.31.36.0-255,66,27387,10,183897
2857,0.000287,74.125.24.0-255,3961,31348,10,183897
2858,0.00029,172.31.36.0-255,66,31414,10,183897
2859,0.000301,172.31.36.0-255,66,31480,10,183897
2860,0.000309,74.125.24.0-255,7156,38636,10,183897
2861,0.000311,172.31.36.0-255,66,38702,10,183897
2862,0.000332,74.125.24.0-255,1125,39827,10,183897
2863,0.000335,172.31.36.0-255,66,39893,10,183897
2864,0.000377,74.125.24.0-255,1484,41377,10,183897
2865,0.000379,172.31.36.0-255,66,41443,10,183897
2866,0.000384,74.125.24.0-255,2902,44345,10,183897
2867,0.000386,172.31.36.0-255,66,44411,10,183897
2868,0.000401,74.125.24.0-255,2902,47313,10,183897
2869,0.000403,172.31.36.0-255,66,47379,10,183897
2870,0.000417,74.125.24.0-255,2902,50281,10,183897
2871,0.000419,172.31.36.0-255,66,50347,10,183897
2872,0.000427,74.125.24.0-255,6797,57144,10,183897
2873,0.00043,172.31.36.0-255,66,57210,10,183897
2874,0.000845,74.125.24.0-255,646,57856,10,183897
2875,0.001078,172.31.36.0-255,66,57922,10,183897
2876,0.001099,74.125.24.0-255,1484,59406,10,183897
2877,0.001118,74.125.24.0-255,2902,62308,10,183897
2878,0.001121,172.31.36.0-255,66,62374,10,183897
2879,0.001139,74.125.24.0-255,5738,68112,10,183897
2880,0.001142,172.31.36.0-255,66,68178,10,183897
2881,0.001169,172.31.36.0-255,66,68244,10,183897
2882,0.001193,74.125.24.0-255,4320,72564,10,183897
2883,0.001196,172.31.36.0-255,66,72630,10,183897
2884,0.001214,74.125.24.0-255,7156,79786,10,183897
2885,0.001218,172.31.36.0-255,66,79852,10,183897
2886,0.001239,74.125.24.0-255,3053,82905,10,183897
2887,0.001241,172.31.36.0-255,66,82971,10,183897
2888,0.001447,74.125.24.0-255,1484,84455,10,183897
2889,0.001463,74.125.24.0-255,2902,87357,10,183897
2890,0.001466,172.31.36.0-255,66,87423,10,183897
2891,0.001488,74.125.24.0-255,5738,93161,10,183897
2892,0.001491,172.31.36.0-255,66,93227,10,183897
2893,0.001525,172.31.36.0-255,66,93293,10,183897
2894,0.001545,74.125.24.0-255,4320,97613,10,183897
2895,0.001548,172.31.36.0-255,66,97679,10,183897
2896,0.001566,74.125.24.0-255,4320,101999,10,183897
2897,0.001569,172.31.36.0-255,66,102065,10,183897
2898,0.001599,74.125.24.0-255,6438,108503,10,183897
2899,0.001602,172.31.36.0-255,66,108569,10,183897
2900,0.001969,74.125.24.0-255,1484,110053,10,183897
2901,0.001978,74.125.24.0-255,2902,112955,10,183897
2902,0.001982,172.31.36.0-255,66,113021,10,183897
2903,0.00199,74.125.24.0-255,5738,118759,10,183897
2904,0.001992,172.31.36.0-255,66,118825,10,183897
2905,0.002004,74.125.24.0-255,1484,120309,10,183897
2906,0.002031,172.31.36.0-255,66,120375,10,183897
2907,0.002039,74.125.24.0-255,7156,127531,10,183897
2908,0.002042,172.31.36.0-255,66,127597,10,183897
2909,0.002088,74.125.24.0-255,3602,131199,10,183897
2910,0.00209,172.31.36.0-255,66,131265,10,183897
2911,0.002141,74.125.24.0-255,1484,132749,10,183897
2912,0.002144,74.125.24.0-255,1484,134233,10,183897
2913,0.002146,172.31.36.0-255,66,134299,10,183897
2914,0.002167,74.125.24.0-255,1484,135783,10,183897
2915,0.002174,74.125.24.0-255,5738,141521,10,183897
2916,0.002176,172.31.36.0-255,66,141587,10,183897
2917,0.002181,74.125.24.0-255,4320,145907,10,183897
2918,0.002183,172.31.36.0-255,66,145973,10,183897
2919,0.002209,172.31.36.0-255,66,146039,10,183897
2920,0.002241,74.125.24.0-255,2902,148941,10,183897
2921,0.002243,172.31.36.0-255,66,149007,10,183897
2922,0.002255,172.31.36.0-255,66,149073,10,183897
2923,0.004839,74.125.24.0-255,5738,154811,10,183897
2924,0.004849,172.31.36.0-255,66,154877,10,183897
2925,0.007456,74.125.24.0-255,5738,160615,10,183897
2926,0.007466,172.31.36.0-255,66,160681,10,183897
2927,0.010063,74.125.24.0-255,5738,166419,10,183897
2928,0.010071,172.31.36.0-255,66,166485,10,183897
2929,0.0127,74.125.24.0-255,5738,172223,10,183897
2930,0.012711,172.31.36.0-255,66,172289,10,183897
2931,0.01531,74.125.24.0-255,5738,178027,10,183897
2932,0.01532,172.31.36.0-255,66,178093,10,183897
2933,0.017901,74.125.24.0-255,5738,183831,10,183897
2934,0.017914,172.31.36.0-255,66,183897,10,183897
2935,0.0,74.125.24.0-255,153,153,10,227185
2936,1.6e-05,172.31.36.0-255,66,219,10,227185
2937,2.3e-05,74.125.24.0-255,1484,1703,10,227185
2938,2.7e-05,172.31.36.0-255,66,1769,10,227185
2939,3.3e-05,74.125.24.0-255,2902,4671,10,227185
2940,4.4e-05,172.31.36.0-255,66,4737,10,227185
2941,5.2e-05,74.125.24.0-255,7156,11893,10,227185
2942,5.5e-05,172.31.36.0-255,66,11959,10,227185
2943,5.9e-05,74.125.24.0-255,2028,13987,10,227185
2944,6.2e-05,172.31.36.0-255,66,14053,10,227185
2945,0.000216,74.125.24.0-255,1484,15537,10,227185
2946,0.000222,172.31.36.0-255,66,15603,10,227185
2947,0.000228,74.125.24.0-255,2902,18505,10,227185
2948,0.000231,172.31.36.0-255,66,18571,10,227185
2949,0.000243,74.125.24.0-255,5738,24309,10,227185
2950,0.000245,172.31.36.0-255,66,24375,10,227185
2951,0.000285,172.31.36.0-255,66,24441,10,227185
2952,0.000295,172.31.36.0-255,66,24507,10,227185
2953,0.000374,172.31.36.0-255,66,24573,10,227185
2954,0.000408,172.31.36.0-255,66,24639,10,227185
2955,0.000411,74.125.24.0-255,110,24749,10,227185
2956,0.000414,172.31.36.0-255,66,24815,10,227185
2957,0.000603,74.125.24.0-255,1484,26299,10,227185
2958,0.000607,172.31.36.0-255,66,26365,10,227185
2959,0.000613,74.125.24.0-255,2902,29267,10,227185
2960,0.000615,172.31.36.0-255,66,29333,10,227185
2961,0.000621,74.125.24.0-255,5738,35071,10,227185
2962,0.00063,172.31.36.0-255,66,35137,10,227185
2963,0.000636,74.125.24.0-255,5738,40875,10,227185
2964,0.000639,172.31.36.0-255,66,40941,10,227185
2965,0.000687,172.31.36.0-255,66,41007,10,227185
2966,0.000693,74.125.24.0-255,5285,46292,10,227185
2967,0.000695,172.31.36.0-255,66,46358,10,227185
2968,0.000853,74.125.24.0-255,1484,47842,10,227185
2969,0.00086,74.125.24.0-255,2902,50744,10,227185
2970,0.000863,172.31.36.0-255,66,50810,10,227185
2971,0.000871,74.125.24.0-255,5738,56548,10,227185
2972,0.000873,172.31.36.0-255,66,56614,10,227185
2973,0.000883,74.125.24.0-255,4320,60934,10,227185
2974,0.000885,172.31.36.0-255,66,61000,10,227185
2975,0.000907,74.125.24.0-255,1484,62484,10,227185
2976,0.000967,74.125.24.0-255,4320,66804,10,227185
2977,0.00097,172.31.36.0-255,66,66870,10,227185
2978,0.000999,74.125.24.0-255,7156,74026,10,227185
2979,0.001007,74.125.24.0-255,5888,79914,10,227185
2980,0.001013,172.31.36.0-255,66,79980,10,227185
2981,0.001016,172.31.36.0-255,66,80046,10,227185
2982,0.001096,74.125.24.0-255,1484,81530,10,227185
2983,0.001102,74.125.24.0-255,2902,84432,10,227185
2984,0.001105,172.31.36.0-255,66,84498,10,227185
2985,0.001133,74.125.24.0-255,5738,90236,10,227185
2986,0.001136,172.31.36.0-255,66,90302,10,227185
2987,0.00114,74.125.24.0-255,1484,91786,10,227185
2988,0.001157,74.125.24.0-255,4320,96106,10,227185
2989,0.00116,74.125.24.0-255,1484,97590,10,227185
2990,0.001165,172.31.36.0-255,66,97656,10,227185
2991,0.001203,172.31.36.0-255,66,97722,10,227185
2992,0.001209,74.125.24.0-255,5020,102742,10,227185
2993,0.001212,172.31.36.0-255,66,102808,10,227185
2994,0.001218,74.125.24.0-255,4320,107128,10,227185
2995,0.00122,172.31.36.0-255,66,107194,10,227185
2996,0.001256,74.125.24.0-255,1484,108678,10,227185
2997,0.001264,74.125.24.0-255,7156,115834,10,227185
2998,0.001267,172.31.36.0-255,66,115900,10,227185
2999,0.001272,74.125.24.0-255,2902,118802,10,227185
3000,0.001274,172.31.36.0-255,66,118868,10,227185
3001,0.001297,74.125.24.0-255,5738,124606,10,227185
3002,0.0013,172.31.36.0-255,66,124672,10,227185
3003,0.00131,172.31.36.0-255,66,124738,10,227185
3004,0.001332,74.125.24.0-255,2902,127640,10,227185
3005,0.001334,172.31.36.0-255,66,127706,10,227185
3006,0.00138,172.31.36.0-255,66,127772,10,227185
3007,0.001383,74.125.24.0-255,1125,128897,10,227185
3008,0.001404,74.125.24.0-255,1484,130381,10,227185
3009,0.001407,172.31.36.0-255,66,130447,10,227185
3010,0.001412,74.125.24.0-255,2902,133349,10,227185
3011,0.001415,172.31.36.0-255,66,133415,10,227185
3012,0.00142,74.125.24.0-255,4320,137735,10,227185
3013,0.001423,172.31.36.0-255,66,137801,10,227185
3014,0.001453,74.125.24.0-255,1484,139285,10,227185
3015,0.001467,172.31.36.0-255,66,139351,10,227185
3016,0.001479,172.31.36.0-255,66,139417,10,227185
3017,0.001508,74.125.24.0-255,2184,141601,10,227185
3018,0.00151,172.31.36.0-255,66,141667,10,227185
3019,0.002076,74.125.24.0-255,1484,143151,10,227185
3020,0.002084,74.125.24.0-255,2902,146053,10,227185
3021,0.002088,172.31.36.0-255,66,146119,10,227185
3022,0.002093,74.125.24.0-255,1484,147603,10,227185
3023,0.002115,74.125.24.0-255,2902,150505,10,227185
3024,0.002117,172.31.36.0-255,66,150571,10,227185
3025,0.002126,74.125.24.0-255,7156,157727,10,227185
3026,0.002127,172.31.36.0-255,66,157793,10,227185
3027,0.002147,74.125.24.0-255,1484,159277,10,227185
3028,0.002154,74.125.24.0-255,5738,165015,10,227185
3029,0.002156,172.31.36.0-255,66,165081,10,227185
3030,0.002195,172.31.36.0-255,66,165147,10,227185
3031,0.002288,74.125.24.0-255,1484,166631,10,227185
3032,0.002295,74.125.24.0-255,2902,169533,10,227185
3033,0.002299,172.31.36.0-255,66,169599,10,227185
3034,0.002305,74.125.24.0-255,4320,173919,10,227185
3035,0.002307,172.31.36.0-255,66,173985,10,227185
3036,0.002325,74.125.24.0-255,1484,175469,10,227185
3037,0.002332,74.125.24.0-255,1484,176953,10,227185
3038,0.002335,172.31.36.0-255,66,177019,10,227185
3039,0.002339,74.125.24.0-255,2902,179921,10,227185
3040,0.002341,172.31.36.0-255,66,179987,10,227185
3041,0.00239,172.31.36.0-255,66,180053,10,227185
3042,0.002398,74.125.24.0-255,6438,186491,10,227185
3043,0.0024,172.31.36.0-255,66,186557,10,227185
3044,0.004716,74.125.24.0-255,5738,192295,10,227185
3045,0.004723,172.31.36.0-255,66,192361,10,227185
3046,0.00704,74.125.24.0-255,5738,198099,10,227185
3047,0.007047,172.31.36.0-255,66,198165,10,227185
3048,0.009363,74.125.24.0-255,5738,203903,10,227185
3049,0.009369,172.31.36.0-255,66,203969,10,227185
3050,0.011686,74.125.24.0-255,5738,209707,10,227185
3051,0.011694,172.31.36.0-255,66,209773,10,227185
3052,0.014009,74.125.24.0-255,5738,215511,10,227185
3053,0.014019,172.31.36.0-255,66,215577,10,227185
3054,0.016348,74.125.24.0-255,5738,221315,10,227185
3055,0.016357,172.31.36.0-255,66,221381,10,227185
3056,0.018681,74.125.24.0-255,5738,227119,10,227185
3057,0.01869,172.31.36.0-255,66,227185,10,227185
3058,0.0,74.125.24.0-255,153,153,10,288138
3059,2.8e-05,172.31.36.0-255,66,219,10,288138
3060,3.5e-05,74.125.24.0-255,1484,1703,10,288138
3061,3.9e-05,172.31.36.0-255,66,1769,10,288138
3062,4.5e-05,74.125.24.0-255,2902,4671,10,288138
3063,4.7e-05,172.31.36.0-255,66,4737,10,288138
3064,5.4e-05,74.125.24.0-255,7156,11893,10,288138
3065,5.7e-05,172.31.36.0-255,66,11959,10,288138
3066,8.5e-05,74.125.24.0-255,4320,16279,10,288138
3067,8.8e-05,172.31.36.0-255,66,16345,10,288138
3068,0.000114,74.125.24.0-255,3468,19813,10,288138
3069,0.000117,172.31.36.0-255,66,19879,10,288138
3070,0.000128,172.31.36.0-255,66,19945,10,288138
3071,0.000153,74.125.24.0-255,7156,27101,10,288138
3072,0.000155,172.31.36.0-255,66,27167,10,288138
3073,0.00017,74.125.24.0-255,4320,31487,10,288138
3074,0.000173,172.31.36.0-255,66,31553,10,288138
3075,0.000187,74.125.24.0-255,5738,37291,10,288138
3076,0.00019,172.31.36.0-255,66,37357,10,288138
3077,0.000199,74.125.24.0-255,7156,44513,10,288138
3078,0.000202,172.31.36.0-255,66,44579,10,288138
3079,0.000226,74.125.24.0-255,6438,51017,10,288138
3080,0.00023,172.31.36.0-255,66,51083,10,288138
3081,0.000236,74.125.24.0-255,4551,55634,10,288138
3082,0.000237,172.31.36.0-255,66,55700,10,288138
3083,0.000261,74.125.24.0-255,2902,58602,10,288138
3084,0.000265,172.31.36.0-255,66,58668,10,288138
3085,0.00027,74.125.24.0-255,4320,62988,10,288138
3086,0.000272,172.31.36.0-255,66,63054,10,288138
3087,0.000282,172.31.36.0-255,66,63120,10,288138
3088,0.0003,74.125.24.0-255,1484,64604,10,288138
3089,0.000314,74.125.24.0-255,5738,70342,10,288138
3090,0.000317,172.31.36.0-255,66,70408,10,288138
3091,0.000348,172.31.36.0-255,66,70474,10,288138
3092,0.00037,74.125.24.0-255,2184,72658,10,288138
3093,0.000373,172.31.36.0-255,66,72724,10,288138
3094,0.000378,74.125.24.0-255,2902,75626,10,288138
3095,0.00038,172.31.36.0-255,66,75692,10,288138
3096,0.000383,74.125.24.0-255,1484,77176,10,288138
3097,0.000402,74.125.24.0-255,5738,82914,10,288138
3098,0.000405,172.31.36.0-255,66,82980,10,288138
3099,0.000412,74.125.24.0-255,5738,88718,10,288138
3100,0.000418,172.31.36.0-255,66,88784,10,288138
3101,0.000427,74.125.24.0-255,3411,92195,10,288138
3102,0.00043,172.31.36.0-255,66,92261,10,288138
3103,0.000435,74.125.24.0-255,2902,95163,10,288138
3104,0.000437,172.31.36.0-255,66,95229,10,288138
3105,0.000476,172.31.36.0-255,66,95295,10,288138
3106,0.000481,74.125.24.0-255,4320,99615,10,288138
3107,0.000484,172.31.36.0-255,66,99681,10,288138
3108,0.000505,74.125.24.0-255,6438,106119,10,288138
3109,0.000508,172.31.36.0-255,66,106185,10,288138
3110,0.000901,74.125.24.0-255,1484,107669,10,288138
3111,0.000908,74.125.24.0-255,2902,110571,10,288138
3112,0.000911,172.31.36.0-255,66,110637,10,288138
3113,0.000916,74.125.24.0-255,4320,114957,10,288138
3114,0.000918,172.31.36.0-255,66,115023,10,288138
3115,0.00093,74.125.24.0-255,1484,116507,10,288138
3116,0.000943,74.125.24.0-255,2902,119409,10,288138
3117,0.000946,172.31.36.0-255,66,119475,10,288138
3118,0.000983,172.31.36.0-255,66,119541,10,288138
3119,0.000997,172.31.36.0-255,66,119607,10,288138
3120,0.001068,74.125.24.0-255,1484,121091,10,288138
3121,0.001085,74.125.24.0-255,2902,123993,10,288138
3122,0.001088,172.31.36.0-255,66,124059,10,288138
3123,0.001093,74.125.24.0-255,2902,126961,10,288138
3124,0.001096,172.31.36.0-255,66,127027,10,288138
3125,0.001109,74.125.24.0-255,2902,129929,10,288138
3126,0.001111,172.31.36.0-255,66,129995,10,288138
3127,0.001152,74.125.24.0-255,2902,132897,10,288138
3128,0.001155,172.31.36.0-255,66,132963,10,288138
3129,0.001176,74.125.24.0-255,5738,138701,10,288138
3130,0.001179,172.31.36.0-255,66,138767,10,288138
3131,0.001194,172.31.36.0-255,66,138833,10,288138
3132,0.001224,172.31.36.0-255,66,138899,10,288138
3133,0.001233,74.125.24.0-255,4320,143219,10,288138
3134,0.001235,172.31.36.0-255,66,143285,10,288138
3135,0.001245,172.31.36.0-255,66,143351,10,288138
3136,0.001293,74.125.24.0-255,4320,147671,10,288138
3137,0.001296,172.31.36.0-255,66,147737,10,288138
3138,0.001317,74.125.24.0-255,5020,152757,10,288138
3139,0.00132,172.31.36.0-255,66,152823,10,288138
3140,0.001361,74.125.24.0-255,7156,159979,10,288138
3141,0.001366,172.31.36.0-255,66,160045,10,288138
3142,0.001383,74.125.24.0-255,2902,162947,10,288138
3143,0.001387,172.31.36.0-255,66,163013,10,288138
3144,0.001393,74.125.24.0-255,5738,168751,10,288138
3145,0.001396,172.31.36.0-255,66,168817,10,288138
3146,0.001412,172.31.36.0-255,66,168883,10,288138
3147,0.001414,74.125.24.0-255,766,169649,10,288138
3148,0.001602,74.125.24.0-255,1484,171133,10,288138
3149,0.001606,172.31.36.0-255,66,171199,10,288138
3150,0.001611,74.125.24.0-255,2902,174101,10,288138
3151,0.001613,172.31.36.0-255,66,174167,10,288138
3152,0.001643,74.125.24.0-255,5738,179905,10,288138
3153,0.001646,172.31.36.0-255,66,179971,10,288138
3154,0.001653,74.125.24.0-255,5738,185709,10,288138
3155,0.001656,172.31.36.0-255,66,185775,10,288138
3156,0.001686,74.125.24.0-255,1484,187259,10,288138
3157,0.001701,172.31.36.0-255,66,187325,10,288138
3158,0.001704,74.125.24.0-255,2184,189509,10,288138
3159,0.001706,172.31.36.0-255,66,189575,10,288138
3160,0.001884,74.125.24.0-255,1484,191059,10,288138
3161,0.00189,74.125.24.0-255,1484,192543,10,288138
3162,0.001893,172.31.36.0-255,66,192609,10,288138
3163,0.001913,74.125.24.0-255,1484,194093,10,288138
3164,0.001919,74.125.24.0-255,5738,199831,10,288138
3165,0.001922,172.31.36.0-255,66,199897,10,288138
3166,0.001928,74.125.24.0-255,5738,205635,10,288138
3167,0.00193,172.31.36.0-255,66,205701,10,288138
3168,0.00195,74.125.24.0-255,7156,212857,10,288138
3169,0.001953,172.31.36.0-255,66,212923,10,288138
3170,0.00196,74.125.24.0-255,7156,220079,10,288138
3171,0.001962,172.31.36.0-255,66,220145,10,288138
3172,0.001983,74.125.24.0-255,3602,223747,10,288138
3173,0.001985,172.31.36.0-255,66,223813,10,288138
3174,0.002038,74.125.24.0-255,1484,225297,10,288138
3175,0.002043,74.125.24.0-255,2902,228199,10,288138
3176,0.002046,172.31.36.0-255,66,228265,10,288138
3177,0.002049,74.125.24.0-255,1484,229749,10,288138
3178,0.002066,74.125.24.0-255,4320,234069,10,288138
3179,0.002069,172.31.36.0-255,66,234135,10,288138
3180,0.002072,74.125.24.0-255,1484,235619,10,288138
3181,0.00209,74.125.24.0-255,7156,242775,10,288138
3182,0.002093,172.31.36.0-255,66,242841,10,288138
3183,0.002112,74.125.24.0-255,2902,245743,10,288138
3184,0.002115,172.31.36.0-255,66,245809,10,288138
3185,0.004325,74.125.24.0-255,2902,248711,10,288138
3186,0.00433,172.31.36.0-255,66,248777,10,288138
3187,0.004392,74.125.24.0-255,2902,251679,10,288138
3188,0.004394,172.31.36.0-255,66,251745,10,288138
3189,0.006375,74.125.24.0-255,2902,254647,10,288138
3190,0.006379,172.31.36.0-255,66,254713,10,288138
3191,0.006422,74.125.24.0-255,2902,257615,10,288138
3192,0.006425,172.31.36.0-255,66,257681,10,288138
3193,0.008392,74.125.24.0-255,2902,260583,10,288138
3194,0.008399,172.31.36.0-255,66,260649,10,288138
3195,0.008455,74.125.24.0-255,2902,263551,10,288138
3196,0.008459,172.31.36.0-255,66,263617,10,288138
3197,0.010427,74.125.24.0-255,2902,266519,10,288138
3198,0.010435,172.31.36.0-255,66,266585,10,288138
3199,0.010488,74.125.24.0-255,2902,269487,10,288138
3200,0.010493,172.31.36.0-255,66,269553,10,288138
3201,0.012499,74.125.24.0-255,5738,275291,10,288138
3202,0.012506,172.31.36.0-255,66,275357,10,288138
3203,0.014552,74.125.24.0-255,5738,281095,10,288138
3204,0.01456,172.31.36.0-255,66,281161,10,288138
3205,0.016613,74.125.24.0-255,5738,286899,10,288138
3206,0.016621,172.31.36.0-255,66,286965,10,288138
3207,0.018687,74.125.24.0-255,1002,287967,10,288138
3208,0.018827,172.31.36.0-255,66,288033,10,288138
3209,0.018869,172.31.36.0-255,105,288138,10,288138
3210,0.0,172.217.194.0-255,153,153,10,235472
3211,3.7e-05,172.31.36.0-255,66,219,10,235472
3212,4.4e-05,172.217.194.0-255,1484,1703,10,235472
3213,4.8e-05,172.31.36.0-255,66,1769,10,235472
3214,6.5e-05,172.217.194.0-255,2902,4671,10,235472
3215,6.8e-05,172.31.36.0-255,66,4737,10,235472
3216,7.5e-05,172.217.194.0-255,7156,11893,10,235472
3217,7.8e-05,172.31.36.0-255,66,11959,10,235472
3218,8.1e-05,172.217.194.0-255,1967,13926,10,235472
3219,8.3e-05,172.31.36.0-255,66,13992,10,235472
3220,0.000591,172.217.194.0-255,1484,15476,10,235472
3221,0.000597,172.31.36.0-255,66,15542,10,235472
3222,0.000608,172.217.194.0-255,2902,18444,10,235472
3223,0.000618,172.31.36.0-255,66,18510,10,235472
3224,0.000626,172.217.194.0-255,5738,24248,10,235472
3225,0.000628,172.31.36.0-255,66,24314,10,235472
3226,0.000634,172.217.194.0-255,4320,28634,10,235472
3227,0.000636,172.31.36.0-255,66,28700,10,235472
3228,0.000658,172.217.194.0-255,2543,31243,10,235472
3229,0.000668,172.31.36.0-255,66,31309,10,235472
3230,0.000832,172.217.194.0-255,1484,32793,10,235472
3231,0.000839,172.31.36.0-255,66,32859,10,235472
3232,0.000845,172.217.194.0-255,2902,35761,10,235472
3233,0.000848,172.31.36.0-255,66,35827,10,235472
3234,0.00086,172.217.194.0-255,5738,41565,10,235472
3235,0.000863,172.31.36.0-255,66,41631,10,235472
3236,0.00089,172.217.194.0-255,4320,45951,10,235472
3237,0.000894,172.31.36.0-255,66,46017,10,235472
3238,0.000921,172.217.194.0-255,2543,48560,10,235472
3239,0.000925,172.31.36.0-255,66,48626,10,235472
3240,0.001245,172.217.194.0-255,1484,50110,10,235472
3241,0.001251,172.31.36.0-255,66,50176,10,235472
3242,0.001259,172.217.194.0-255,2902,53078,10,235472
3243,0.001261,172.31.36.0-255,66,53144,10,235472
3244,0.001274,172.217.194.0-255,5738,58882,10,235472
3245,0.001276,172.31.36.0-255,66,58948,10,235472
3246,0.001307,172.217.194.0-255,6797,65745,10,235472
3247,0.001309,172.31.36.0-255,66,65811,10,235472
3248,0.001316,172.217.194.0-255,362,66173,10,235472
3249,0.001346,172.217.194.0-255,1484,67657,10,235472
3250,0.001349,172.31.36.0-255,66,67723,10,235472
3251,0.001368,172.217.194.0-255,4320,72043,10,235472
3252,0.001371,172.31.36.0-255,66,72109,10,235472
3253,0.001376,172.217.194.0-255,2902,75011,10,235472
3254,0.001378,172.31.36.0-255,66,75077,10,235472
3255,0.001402,172.217.194.0-255,7156,82233,10,235472
3256,0.001404,172.31.36.0-255,66,82299,10,235472
3257,0.001411,172.217.194.0-255,7090,89389,10,235472
3258,0.001414,172.31.36.0-255,66,89455,10,235472
3259,0.001454,172.217.194.0-255,5738,95193,10,235472
3260,0.001458,172.31.36.0-255,66,95259,10,235472
3261,0.001478,172.217.194.0-255,5379,100638,10,235472
3262,0.001481,172.31.36.0-255,66,100704,10,235472
3263,0.001724,172.217.194.0-255,1484,102188,10,235472
3264,0.00173,172.217.194.0-255,2902,105090,10,235472
3265,0.001734,172.31.36.0-255,66,105156,10,235472
3266,0.001739,172.217.194.0-255,2902,108058,10,235472
3267,0.00174,172.31.36.0-255,66,108124,10,235472
3268,0.001774,172.217.194.0-255,2902,111026,10,235472
3269,0.001777,172.31.36.0-255,66,111092,10,235472
3270,0.001784,172.217.194.0-255,7156,118248,10,235472
3271,0.001786,172.31.36.0-255,66,118314,10,235472
3272,0.001792,172.217.194.0-255,5738,124052,10,235472
3273,0.001794,172.31.36.0-255,66,124118,10,235472
3274,0.001821,172.217.194.0-255,2184,126302,10,235472
3275,0.001826,172.31.36.0-255,66,126368,10,235472
3276,0.001839,172.31.36.0-255,66,126434,10,235472
3277,0.001844,172.217.194.0-255,2902,129336,10,235472
3278,0.001846,172.31.36.0-255,66,129402,10,235472
3279,0.001875,172.217.194.0-255,7156,136558,10,235472
3280,0.001878,172.31.36.0-255,66,136624,10,235472
3281,0.001885,172.217.194.0-255,7156,143780,10,235472
3282,0.001888,172.31.36.0-255,66,143846,10,235472
3283,0.001916,172.217.194.0-255,4320,148166,10,235472
3284,0.001919,172.31.36.0-255,66,148232,10,235472
3285,0.001925,172.217.194.0-255,5738,153970,10,235472
3286,0.001928,172.31.36.0-255,66,154036,10,235472
3287,0.001958,172.217.194.0-255,6438,160474,10,235472
3288,0.001961,172.31.36.0-255,66,160540,10,235472
3289,0.002058,172.217.194.0-255,1484,162024,10,235472
3290,0.002062,172.217.194.0-255,1484,163508,10,235472
3291,0.002065,172.31.36.0-255,66,163574,10,235472
3292,0.002089,172.217.194.0-255,1484,165058,10,235472
3293,0.002096,172.217.194.0-255,5738,170796,10,235472
3294,0.002098,172.31.36.0-255,66,170862,10,235472
3295,0.00216,172.217.194.0-255,5738,176600,10,235472
3296,0.002162,172.31.36.0-255,66,176666,10,235472
3297,0.002169,172.217.194.0-255,7156,183822,10,235472
3298,0.002171,172.31.36.0-255,66,183888,10,235472
3299,0.002178,172.217.194.0-255,7156,191044,10,235472
3300,0.00218,172.31.36.0-255,66,191110,10,235472
3301,0.002207,172.217.194.0-255,3602,194712,10,235472
3302,0.002209,172.31.36.0-255,66,194778,10,235472
3303,0.004455,172.217.194.0-255,1484,196262,10,235472
3304,0.004495,172.217.194.0-255,4320,200582,10,235472
3305,0.004499,172.31.36.0-255,66,200648,10,235472
3306,0.006771,172.217.194.0-255,5738,206386,10,235472
3307,0.006777,172.31.36.0-255,66,206452,10,235472
3308,0.00906,172.217.194.0-255,5738,212190,10,235472
3309,0.009069,172.31.36.0-255,66,212256,10,235472
3310,0.011328,172.217.194.0-255,5738,217994,10,235472
3311,0.011337,172.31.36.0-255,66,218060,10,235472
3312,0.013629,172.217.194.0-255,5738,223798,10,235472
3313,0.01364,172.31.36.0-255,66,223864,10,235472
3314,0.015894,172.217.194.0-255,5738,229602,10,235472
3315,0.015907,172.31.36.0-255,66,229668,10,235472
3316,0.018177,172.217.194.0-255,5738,235406,10,235472
3317,0.018189,172.31.36.0-255,66,235472,10,235472
3318,0.0,74.125.24.0-255,150,150,10,219521
3319,2.3e-05,172.31.36.0-255,66,216,10,219521
3320,3e-05,74.125.24.0-255,1484,1700,10,219521
3321,3.4e-05,172.31.36.0-255,66,1766,10,219521
3322,4.2e-05,74.125.24.0-255,2902,4668,10,219521
3323,4.5e-05,172.31.36.0-255,66,4734,10,219521
3324,5.3e-05,74.125.24.0-255,7156,11890,10,219521
3325,5.7e-05,172.31.36.0-255,66,11956,10,219521
3326,6e-05,74.125.24.0-255,1484,13440,10,219521
3327,6.2e-05,172.31.36.0-255,66,13506,10,219521
3328,9.9e-05,74.125.24.0-255,6357,19863,10,219521
3329,0.000103,172.31.36.0-255,66,19929,10,219521
3330,0.000114,172.31.36.0-255,66,19995,10,219521
3331,0.000118,74.125.24.0-255,2543,22538,10,219521
3332,0.00012,172.31.36.0-255,66,22604,10,219521
3333,0.00017,74.125.24.0-255,1484,24088,10,219521
3334,0.000173,172.31.36.0-255,66,24154,10,219521
3335,0.000176,74.125.24.0-255,1484,25638,10,219521
3336,0.000178,172.31.36.0-255,66,25704,10,219521
3337,0.000193,74.125.24.0-255,1484,27188,10,219521
3338,0.000196,172.31.36.0-255,66,27254,10,219521
3339,0.000202,74.125.24.0-255,5738,32992,10,219521
3340,0.000205,172.31.36.0-255,66,33058,10,219521
3341,0.000223,74.125.24.0-255,2902,35960,10,219521
3342,0.000225,172.31.36.0-255,66,36026,10,219521
3343,0.000243,74.125.24.0-255,7156,43182,10,219521
3344,0.000245,172.31.36.0-255,66,43248,10,219521
3345,0.000264,74.125.24.0-255,1484,44732,10,219521
3346,0.000266,172.31.36.0-255,66,44798,10,219521
3347,0.000299,172.31.36.0-255,66,44864,10,219521
3348,0.000312,74.125.24.0-255,131,44995,10,219521
3349,0.000488,74.125.24.0-255,1484,46479,10,219521
3350,0.000493,172.31.36.0-255,66,46545,10,219521
3351,0.000499,74.125.24.0-255,2902,49447,10,219521
3352,0.000501,172.31.36.0-255,66,49513,10,219521
3353,0.000536,74.125.24.0-255,5738,55251,10,219521
3354,0.000539,172.31.36.0-255,66,55317,10,219521
3355,0.000541,74.125.24.0-255,1484,56801,10,219521
3356,0.000562,74.125.24.0-255,7156,63957,10,219521
3357,0.000564,172.31.36.0-255,66,64023,10,219521
3358,0.000602,74.125.24.0-255,5738,69761,10,219521
3359,0.000606,172.31.36.0-255,66,69827,10,219521
3360,0.000612,74.125.24.0-255,5738,75565,10,219521
3361,0.000615,172.31.36.0-255,66,75631,10,219521
3362,0.000635,74.125.24.0-255,3602,79233,10,219521
3363,0.000638,172.31.36.0-255,66,79299,10,219521
3364,0.000805,74.125.24.0-255,1484,80783,10,219521
3365,0.000822,74.125.24.0-255,2902,83685,10,219521
3366,0.000826,172.31.36.0-255,66,83751,10,219521
3367,0.000858,74.125.24.0-255,5738,89489,10,219521
3368,0.000862,172.31.36.0-255,66,89555,10,219521
3369,0.000886,74.125.24.0-255,4320,93875,10,219521
3370,0.000889,172.31.36.0-255,66,93941,10,219521
3371,0.000909,74.125.24.0-255,4320,98261,10,219521
3372,0.000912,172.31.36.0-255,66,98327,10,219521
3373,0.000925,172.31.36.0-255,66,98393,10,219521
3374,0.000929,74.125.24.0-255,2902,101295,10,219521
3375,0.000932,172.31.36.0-255,66,101361,10,219521
3376,0.000948,74.125.24.0-255,2184,103545,10,219521
3377,0.000951,172.31.36.0-255,66,103611,10,219521
3378,0.001036,74.125.24.0-255,1484,105095,10,219521
3379,0.001053,74.125.24.0-255,2902,107997,10,219521
3380,0.001056,172.31.36.0-255,66,108063,10,219521
3381,0.00106,74.125.24.0-255,1484,109547,10,219521
3382,0.001079,74.125.24.0-255,4320,113867,10,219521
3383,0.001082,172.31.36.0-255,66,113933,10,219521
3384,0.001088,74.125.24.0-255,5738,119671,10,219521
3385,0.001091,172.31.36.0-255,66,119737,10,219521
3386,0.001114,172.31.36.0-255,66,119803,10,219521
3387,0.00113,74.125.24.0-255,1484,121287,10,219521
3388,0.001136,74.125.24.0-255,4320,125607,10,219521
3389,0.001138,172.31.36.0-255,66,125673,10,219521
3390,0.00117,172.31.36.0-255,66,125739,10,219521
3391,0.001184,172.31.36.0-255,66,125805,10,219521
3392,0.00119,74.125.24.0-255,5738,131543,10,219521
3393,0.001192,172.31.36.0-255,66,131609,10,219521
3394,0.001232,172.31.36.0-255,66,131675,10,219521
3395,0.001245,74.125.24.0-255,1484,133159,10,219521
3396,0.00125,74.125.24.0-255,2902,136061,10,219521
3397,0.001252,172.31.36.0-255,66,136127,10,219521
3398,0.001273,74.125.24.0-255,5738,141865,10,219521
3399,0.001276,172.31.36.0-255,66,141931,10,219521
3400,0.001281,74.125.24.0-255,2902,144833,10,219521
3401,0.001283,172.31.36.0-255,66,144899,10,219521
3402,0.001304,74.125.24.0-255,7156,152055,10,219521
3403,0.001319,172.31.36.0-255,66,152121,10,219521
3404,0.001375,74.125.24.0-255,4320,156441,10,219521
3405,0.001392,172.31.36.0-255,66,156507,10,219521
3406,0.001474,172.31.36.0-255,66,156573,10,219521
3407,0.001516,74.125.24.0-255,1484,158057,10,219521
3408,0.001536,74.125.24.0-255,3602,161659,10,219521
3409,0.00154,74.125.24.0-255,1484,163143,10,219521
3410,0.001547,172.31.36.0-255,66,163209,10,219521
3411,0.001573,74.125.24.0-255,4320,167529,10,219521
3412,0.00158,74.125.24.0-255,5738,173267,10,219521
3413,0.001588,74.125.24.0-255,7156,180423,10,219521
3414,0.001611,74.125.24.0-255,7156,187579,10,219521
3415,0.001618,172.31.36.0-255,66,187645,10,219521
3416,0.001636,74.125.24.0-255,7156,194801,10,219521
3417,0.001639,74.125.24.0-255,766,195567,10,219521
3418,0.001668,74.125.24.0-255,1484,197051,10,219521
3419,0.001671,74.125.24.0-255,1484,198535,10,219521
3420,0.001676,172.31.36.0-255,66,198601,10,219521
3421,0.001695,74.125.24.0-255,1484,200085,10,219521
3422,0.001702,74.125.24.0-255,5738,205823,10,219521
3423,0.001727,172.31.36.0-255,66,205889,10,219521
3424,0.001742,172.31.36.0-255,66,205955,10,219521
3425,0.001753,74.125.24.0-255,4320,210275,10,219521
3426,0.001767,74.125.24.0-255,2902,213177,10,219521
3427,0.001791,74.125.24.0-255,1484,214661,10,219521
3428,0.001814,172.31.36.0-255,66,214727,10,219521
3429,0.001842,172.31.36.0-255,66,214793,10,219521
3430,0.001888,74.125.24.0-255,4320,219113,10,219521
3431,0.001897,172.31.36.0-255,66,219179,10,219521
3432,0.00192,74.125.24.0-255,105,219284,10,219521
3433,0.001966,172.31.36.0-255,66,219350,10,219521
3434,0.004849,172.31.36.0-255,105,219455,10,219521
3435,0.007111,74.125.24.0-255,66,219521,10,219521
3436,0.0,172.217.194.0-255,298,298,10,133072
3437,1.9e-05,172.31.36.0-255,66,364,10,133072
3438,2.5e-05,172.217.194.0-255,1484,1848,10,133072
3439,3e-05,172.31.36.0-255,66,1914,10,133072
3440,3.6e-05,172.217.194.0-255,4320,6234,10,133072
3441,3.9e-05,172.31.36.0-255,66,6300,10,133072
3442,4.2e-05,172.217.194.0-255,1484,7784,10,133072
3443,4.4e-05,172.31.36.0-255,66,7850,10,133072
3444,7.4e-05,172.217.194.0-255,4320,12170,10,133072
3445,7.7e-05,172.31.36.0-255,66,12236,10,133072
3446,8.1e-05,172.217.194.0-255,2902,15138,10,133072
3447,8.3e-05,172.31.36.0-255,66,15204,10,133072
3448,0.000113,172.31.36.0-255,66,15270,10,133072
3449,0.000116,172.217.194.0-255,1484,16754,10,133072
3450,0.000118,172.31.36.0-255,66,16820,10,133072
3451,0.000175,172.217.194.0-255,2902,19722,10,133072
3452,0.000179,172.31.36.0-255,66,19788,10,133072
3453,0.000199,172.217.194.0-255,2543,22331,10,133072
3454,0.000202,172.31.36.0-255,66,22397,10,133072
3455,0.000275,172.217.194.0-255,1484,23881,10,133072
3456,0.000279,172.31.36.0-255,66,23947,10,133072
3457,0.000284,172.217.194.0-255,2902,26849,10,133072
3458,0.000286,172.31.36.0-255,66,26915,10,133072
3459,0.0003,172.217.194.0-255,2902,29817,10,133072
3460,0.000302,172.31.36.0-255,66,29883,10,133072
3461,0.00033,172.217.194.0-255,2902,32785,10,133072
3462,0.000332,172.31.36.0-255,66,32851,10,133072
3463,0.000346,172.31.36.0-255,66,32917,10,133072
3464,0.000351,172.217.194.0-255,4320,37237,10,133072
3465,0.000353,172.31.36.0-255,66,37303,10,133072
3466,0.000374,172.217.194.0-255,5379,42682,10,133072
3467,0.000377,172.31.36.0-255,66,42748,10,133072
3468,0.00038,172.217.194.0-255,676,43424,10,133072
3469,0.00062,172.217.194.0-255,1484,44908,10,133072
3470,0.000625,172.31.36.0-255,66,44974,10,133072
3471,0.000631,172.217.194.0-255,2902,47876,10,133072
3472,0.000633,172.31.36.0-255,66,47942,10,133072
3473,0.000639,172.217.194.0-255,5738,53680,10,133072
3474,0.000641,172.31.36.0-255,66,53746,10,133072
3475,0.000644,172.217.194.0-255,1484,55230,10,133072
3476,0.000681,172.31.36.0-255,66,55296,10,133072
3477,0.000727,172.31.36.0-255,66,55362,10,133072
3478,0.00075,172.217.194.0-255,3602,58964,10,133072
3479,0.000753,172.31.36.0-255,66,59030,10,133072
3480,0.001689,172.217.194.0-255,1484,60514,10,133072
3481,0.0017,172.217.194.0-255,2902,63416,10,133072
3482,0.001704,172.31.36.0-255,66,63482,10,133072
3483,0.00171,172.217.194.0-255,2902,66384,10,133072
3484,0.001712,172.31.36.0-255,66,66450,10,133072
3485,0.001729,172.217.194.0-255,2902,69352,10,133072
3486,0.001732,172.31.36.0-255,66,69418,10,133072
3487,0.001735,172.217.194.0-255,1484,70902,10,133072
3488,0.001769,172.31.36.0-255,66,70968,10,133072
3489,0.001775,172.217.194.0-255,4320,75288,10,133072
3490,0.001777,172.31.36.0-255,66,75354,10,133072
3491,0.001797,172.217.194.0-255,6438,81792,10,133072
3492,0.0018,172.31.36.0-255,66,81858,10,133072
3493,0.002158,172.217.194.0-255,1484,83342,10,133072
3494,0.002166,172.217.194.0-255,2902,86244,10,133072
3495,0.002171,172.31.36.0-255,66,86310,10,133072
3496,0.002178,172.217.194.0-255,4320,90630,10,133072
3497,0.00218,172.31.36.0-255,66,90696,10,133072
3498,0.002202,172.217.194.0-255,1484,92180,10,133072
3499,0.002215,172.31.36.0-255,66,92246,10,133072
3500,0.002234,172.217.194.0-255,1484,93730,10,133072
3501,0.002248,172.31.36.0-255,66,93796,10,133072
3502,0.004642,172.217.194.0-255,5738,99534,10,133072
3503,0.004651,172.31.36.0-255,66,99600,10,133072
3504,0.006986,172.217.194.0-255,4320,103920,10,133072
3505,0.006991,172.31.36.0-255,66,103986,10,133072
3506,0.00701,172.217.194.0-255,1484,105470,10,133072
3507,0.009332,172.217.194.0-255,4320,109790,10,133072
3508,0.009341,172.31.36.0-255,66,109856,10,133072
3509,0.01167,172.217.194.0-255,5738,115594,10,133072
3510,0.01168,172.31.36.0-255,66,115660,10,133072
3511,0.014021,172.217.194.0-255,5738,121398,10,133072
3512,0.01403,172.31.36.0-255,66,121464,10,133072
3513,0.016404,172.217.194.0-255,5738,127202,10,133072
3514,0.016412,172.31.36.0-255,66,127268,10,133072
3515,0.018721,172.217.194.0-255,5738,133006,10,133072
3516,0.018728,172.31.36.0-255,66,133072,10,133072
3517,0.0,74.125.24.0-255,150,150,10,180294
3518,2.7e-05,172.31.36.0-255,66,216,10,180294
3519,3.5e-05,74.125.24.0-255,1484,1700,10,180294
3520,3.9e-05,172.31.36.0-255,66,1766,10,180294
3521,4.4e-05,74.125.24.0-255,2902,4668,10,180294
3522,4.6e-05,172.31.36.0-255,66,4734,10,180294
3523,5.3e-05,74.125.24.0-255,7156,11890,10,180294
3524,5.6e-05,172.31.36.0-255,66,11956,10,180294
3525,8e-05,74.125.24.0-255,1983,13939,10,180294
3526,8.2e-05,172.31.36.0-255,66,14005,10,180294
3527,0.000172,74.125.24.0-255,1484,15489,10,180294
3528,0.000176,172.31.36.0-255,66,15555,10,180294
3529,0.000195,74.125.24.0-255,2902,18457,10,180294
3530,0.000198,172.31.36.0-255,66,18523,10,180294
3531,0.000204,74.125.24.0-255,5738,24261,10,180294
3532,0.000206,172.31.36.0-255,66,24327,10,180294
3533,0.000233,172.31.36.0-255,66,24393,10,180294
3534,0.00026,74.125.24.0-255,3961,28354,10,180294
3535,0.000262,172.31.36.0-255,66,28420,10,180294
3536,0.000272,172.31.36.0-255,66,28486,10,180294
3537,0.000293,74.125.24.0-255,2902,31388,10,180294
3538,0.000296,172.31.36.0-255,66,31454,10,180294
3539,0.000327,172.31.36.0-255,66,31520,10,180294
3540,0.00033,74.125.24.0-255,367,31887,10,180294
3541,0.000331,172.31.36.0-255,66,31953,10,180294
3542,0.000334,74.125.24.0-255,407,32360,10,180294
3543,0.000337,172.31.36.0-255,66,32426,10,180294
3544,0.00112,74.125.24.0-255,1484,33910,10,180294
3545,0.001126,172.31.36.0-255,66,33976,10,180294
3546,0.001135,74.125.24.0-255,2902,36878,10,180294
3547,0.001137,172.31.36.0-255,66,36944,10,180294
3548,0.001145,74.125.24.0-255,5738,42682,10,180294
3549,0.001147,172.31.36.0-255,66,42748,10,180294
3550,0.001169,74.125.24.0-255,1484,44232,10,180294
3551,0.001182,172.31.36.0-255,66,44298,10,180294
3552,0.001207,74.125.24.0-255,7156,51454,10,180294
3553,0.00121,172.31.36.0-255,66,51520,10,180294
3554,0.001235,74.125.24.0-255,6438,57958,10,180294
3555,0.001238,172.31.36.0-255,66,58024,10,180294
3556,0.001286,74.125.24.0-255,1484,59508,10,180294
3557,0.001293,74.125.24.0-255,2902,62410,10,180294
3558,0.001296,172.31.36.0-255,66,62476,10,180294
3559,0.001302,74.125.24.0-255,5738,68214,10,180294
3560,0.001304,172.31.36.0-255,66,68280,10,180294
3561,0.001317,172.31.36.0-255,66,68346,10,180294
3562,0.001324,74.125.24.0-255,5738,74084,10,180294
3563,0.001327,172.31.36.0-255,66,74150,10,180294
3564,0.001366,74.125.24.0-255,5020,79170,10,180294
3565,0.001369,172.31.36.0-255,66,79236,10,180294
3566,0.001467,74.125.24.0-255,1484,80720,10,180294
3567,0.001485,74.125.24.0-255,2902,83622,10,180294
3568,0.00149,172.31.36.0-255,66,83688,10,180294
3569,0.001496,74.125.24.0-255,5738,89426,10,180294
3570,0.001499,172.31.36.0-255,66,89492,10,180294
3571,0.001523,74.125.24.0-255,5738,95230,10,180294
3572,0.001526,172.31.36.0-255,66,95296,10,180294
3573,0.00155,74.125.24.0-255,4320,99616,10,180294
3574,0.001553,172.31.36.0-255,66,99682,10,180294
3575,0.001565,172.31.36.0-255,66,99748,10,180294
3576,0.001568,74.125.24.0-255,2184,101932,10,180294
3577,0.00157,172.31.36.0-255,66,101998,10,180294
3578,0.001959,74.125.24.0-255,1484,103482,10,180294
3579,0.001966,74.125.24.0-255,2902,106384,10,180294
3580,0.001969,172.31.36.0-255,66,106450,10,180294
3581,0.001975,74.125.24.0-255,5738,112188,10,180294
3582,0.001977,172.31.36.0-255,66,112254,10,180294
3583,0.002011,172.31.36.0-255,66,112320,10,180294
3584,0.002015,74.125.24.0-255,2902,115222,10,180294
3585,0.002017,172.31.36.0-255,66,115288,10,180294
3586,0.002042,172.31.36.0-255,66,115354,10,180294
3587,0.002205,74.125.24.0-255,1484,116838,10,180294
3588,0.002207,74.125.24.0-255,1484,118322,10,180294
3589,0.002209,172.31.36.0-255,66,118388,10,180294
3590,0.002228,74.125.24.0-255,1484,119872,10,180294
3591,0.002234,74.125.24.0-255,5738,125610,10,180294
3592,0.002236,172.31.36.0-255,66,125676,10,180294
3593,0.002251,74.125.24.0-255,2902,128578,10,180294
3594,0.002253,172.31.36.0-255,66,128644,10,180294
3595,0.002279,172.31.36.0-255,66,128710,10,180294
3596,0.002285,74.125.24.0-255,7156,135866,10,180294
3597,0.002288,172.31.36.0-255,66,135932,10,180294
3598,0.002312,74.125.24.0-255,3602,139534,10,180294
3599,0.002315,172.31.36.0-255,66,139600,10,180294
3600,0.004554,74.125.24.0-255,1484,141084,10,180294
3601,0.004597,74.125.24.0-255,4320,145404,10,180294
3602,0.004602,172.31.36.0-255,66,145470,10,180294
3603,0.006901,74.125.24.0-255,5738,151208,10,180294
3604,0.006908,172.31.36.0-255,66,151274,10,180294
3605,0.00917,74.125.24.0-255,5738,157012,10,180294
3606,0.009176,172.31.36.0-255,66,157078,10,180294
3607,0.011456,74.125.24.0-255,5738,162816,10,180294
3608,0.011464,172.31.36.0-255,66,162882,10,180294
3609,0.013739,74.125.24.0-255,5738,168620,10,180294
3610,0.013748,172.31.36.0-255,66,168686,10,180294
3611,0.01603,74.125.24.0-255,5738,174424,10,180294
3612,0.016038,172.31.36.0-255,66,174490,10,180294
3613,0.018303,74.125.24.0-255,5738,180228,10,180294
3614,0.018312,172.31.36.0-255,66,180294,10,180294
3615,0.0,74.125.24.0-255,156,156,10,224084
3616,2.4e-05,172.31.36.0-255,66,222,10,224084
3617,3.1e-05,74.125.24.0-255,1484,1706,10,224084
3618,3.6e-05,172.31.36.0-255,66,1772,10,224084
3619,4.1e-05,74.125.24.0-255,2902,4674,10,224084
3620,4.4e-05,172.31.36.0-255,66,4740,10,224084
3621,5.1e-05,74.125.24.0-255,5738,10478,10,224084
3622,5.4e-05,172.31.36.0-255,66,10544,10,224084
3623,7.5e-05,74.125.24.0-255,5738,16282,10,224084
3624,7.8e-05,172.31.36.0-255,66,16348,10,224084
3625,0.000107,74.125.24.0-255,3438,19786,10,224084
3626,0.00011,172.31.36.0-255,66,19852,10,224084
3627,0.000121,172.31.36.0-255,66,19918,10,224084
3628,0.000129,74.125.24.0-255,7156,27074,10,224084
3629,0.000131,172.31.36.0-255,66,27140,10,224084
3630,0.000149,74.125.24.0-255,4320,31460,10,224084
3631,0.000151,172.31.36.0-255,66,31526,10,224084
3632,0.000168,74.125.24.0-255,4320,35846,10,224084
3633,0.00017,172.31.36.0-255,66,35912,10,224084
3634,0.000191,74.125.24.0-255,6438,42350,10,224084
3635,0.000194,172.31.36.0-255,66,42416,10,224084
3636,0.000218,74.125.24.0-255,5738,48154,10,224084
3637,0.000221,172.31.36.0-255,66,48220,10,224084
3638,0.000244,74.125.24.0-255,5738,53958,10,224084
3639,0.000246,172.31.36.0-255,66,54024,10,224084
3640,0.000249,74.125.24.0-255,1437,55461,10,224084
3641,0.000251,172.31.36.0-255,66,55527,10,224084
3642,0.000254,74.125.24.0-255,111,55638,10,224084
3643,0.000256,172.31.36.0-255,66,55704,10,224084
3644,0.000724,74.125.24.0-255,1484,57188,10,224084
3645,0.00073,172.31.36.0-255,66,57254,10,224084
3646,0.000736,74.125.24.0-255,2902,60156,10,224084
3647,0.000738,172.31.36.0-255,66,60222,10,224084
3648,0.000743,74.125.24.0-255,2902,63124,10,224084
3649,0.000745,172.31.36.0-255,66,63190,10,224084
3650,0.000766,74.125.24.0-255,2902,66092,10,224084
3651,0.000768,172.31.36.0-255,66,66158,10,224084
3652,0.000775,74.125.24.0-255,7156,73314,10,224084
3653,0.000777,172.31.36.0-255,66,73380,10,224084
3654,0.000799,74.125.24.0-255,5738,79118,10,224084
3655,0.000801,172.31.36.0-255,66,79184,10,224084
3656,0.000809,74.125.24.0-255,7156,86340,10,224084
3657,0.000812,172.31.36.0-255,66,86406,10,224084
3658,0.000836,74.125.24.0-255,3602,90008,10,224084
3659,0.000839,172.31.36.0-255,66,90074,10,224084
3660,0.001354,74.125.24.0-255,1484,91558,10,224084
3661,0.001362,74.125.24.0-255,2902,94460,10,224084
3662,0.001365,172.31.36.0-255,66,94526,10,224084
3663,0.00139,74.125.24.0-255,4320,98846,10,224084
3664,0.001392,172.31.36.0-255,66,98912,10,224084
3665,0.001416,74.125.24.0-255,1484,100396,10,224084
3666,0.001423,74.125.24.0-255,4320,104716,10,224084
3667,0.001425,172.31.36.0-255,66,104782,10,224084
3668,0.001438,172.31.36.0-255,66,104848,10,224084
3669,0.001445,74.125.24.0-255,7156,112004,10,224084
3670,0.001447,172.31.36.0-255,66,112070,10,224084
3671,0.001493,172.31.36.0-255,66,112136,10,224084
3672,0.0015,74.125.24.0-255,5738,117874,10,224084
3673,0.001502,172.31.36.0-255,66,117940,10,224084
3674,0.001509,74.125.24.0-255,7156,125096,10,224084
3675,0.001511,172.31.36.0-255,66,125162,10,224084
3676,0.001536,74.125.24.0-255,4320,129482,10,224084
3677,0.001539,172.31.36.0-255,66,129548,10,224084
3678,0.00156,172.31.36.0-255,66,129614,10,224084
3679,0.001604,172.31.36.0-255,66,129680,10,224084
3680,0.00162,172.31.36.0-255,66,129746,10,224084
3681,0.001643,74.125.24.0-255,2902,132648,10,224084
3682,0.001645,172.31.36.0-255,66,132714,10,224084
3683,0.001668,74.125.24.0-255,6438,139152,10,224084
3684,0.001671,172.31.36.0-255,66,139218,10,224084
3685,0.001683,172.31.36.0-255,66,139284,10,224084
3686,0.001708,74.125.24.0-255,1484,140768,10,224084
3687,0.001738,172.31.36.0-255,66,140834,10,224084
3688,0.001744,74.125.24.0-255,5020,145854,10,224084
3689,0.001747,172.31.36.0-255,66,145920,10,224084
3690,0.00177,74.125.24.0-255,5738,151658,10,224084
3691,0.001773,172.31.36.0-255,66,151724,10,224084
3692,0.001813,172.31.36.0-255,66,151790,10,224084
3693,0.00183,172.31.36.0-255,66,151856,10,224084
3694,0.001854,74.125.24.0-255,4320,156176,10,224084
3695,0.001859,74.125.24.0-255,3602,159778,10,224084
3696,0.001863,172.31.36.0-255,66,159844,10,224084
3697,0.001866,172.31.36.0-255,66,159910,10,224084
3698,0.001891,74.125.24.0-255,2902,162812,10,224084
3699,0.001894,172.31.36.0-255,66,162878,10,224084
3700,0.001916,74.125.24.0-255,1484,164362,10,224084
3701,0.001924,74.125.24.0-255,5738,170100,10,224084
3702,0.001926,172.31.36.0-255,66,170166,10,224084
3703,0.001942,74.125.24.0-255,2902,173068,10,224084
3704,0.001945,172.31.36.0-255,66,173134,10,224084
3705,0.001976,172.31.36.0-255,66,173200,10,224084
3706,0.001982,74.125.24.0-255,4320,177520,10,224084
3707,0.001984,172.31.36.0-255,66,177586,10,224084
3708,0.002043,172.31.36.0-255,66,177652,10,224084
3709,0.004126,74.125.24.0-255,5738,183390,10,224084
3710,0.004133,172.31.36.0-255,66,183456,10,224084
3711,0.006201,74.125.24.0-255,5738,189194,10,224084
3712,0.006207,172.31.36.0-255,66,189260,10,224084
3713,0.008289,74.125.24.0-255,5738,194998,10,224084
3714,0.008296,172.31.36.0-255,66,195064,10,224084
3715,0.010349,74.125.24.0-255,5738,200802,10,224084
3716,0.010354,172.31.36.0-255,66,200868,10,224084
3717,0.012452,74.125.24.0-255,5738,206606,10,224084
3718,0.012459,172.31.36.0-255,66,206672,10,224084
3719,0.014533,74.125.24.0-255,5738,212410,10,224084
3720,0.014543,172.31.36.0-255,66,212476,10,224084
3721,0.016619,74.125.24.0-255,5738,218214,10,224084
3722,0.016627,172.31.36.0-255,66,218280,10,224084
3723,0.018719,74.125.24.0-255,5738,224018,10,224084
3724,0.01873,172.31.36.0-255,66,224084,10,224084
3725,0.0,172.31.36.0-255,74,74,10,74
3726,0.0,172.217.194.0-255,153,153,10,252560
3727,2.3e-05,172.31.36.0-255,66,219,10,252560
3728,3.1e-05,172.217.194.0-255,1484,1703,10,252560
3729,3.5e-05,172.31.36.0-255,66,1769,10,252560
3730,5e-05,172.217.194.0-255,2902,4671,10,252560
3731,5.3e-05,172.31.36.0-255,66,4737,10,252560
3732,6.2e-05,172.217.194.0-255,7156,11893,10,252560
3733,6.5e-05,172.31.36.0-255,66,11959,10,252560
3734,6.9e-05,172.217.194.0-255,2067,14026,10,252560
3735,7.3e-05,172.31.36.0-255,66,14092,10,252560
3736,7.8e-05,172.217.194.0-255,2902,16994,10,252560
3737,8e-05,172.31.36.0-255,66,17060,10,252560
3738,0.000112,172.217.194.0-255,7156,24216,10,252560
3739,0.000115,172.31.36.0-255,66,24282,10,252560
3740,0.000158,172.217.194.0-255,1484,25766,10,252560
3741,0.00016,172.31.36.0-255,66,25832,10,252560
3742,0.000186,172.217.194.0-255,5379,31211,10,252560
3743,0.000189,172.31.36.0-255,66,31277,10,252560
3744,0.000238,172.217.194.0-255,1484,32761,10,252560
3745,0.000241,172.31.36.0-255,66,32827,10,252560
3746,0.000247,172.217.194.0-255,2902,35729,10,252560
3747,0.000249,172.31.36.0-255,66,35795,10,252560
3748,0.000279,172.217.194.0-255,5738,41533,10,252560
3749,0.000281,172.31.36.0-255,66,41599,10,252560
3750,0.00031,172.217.194.0-255,6797,48396,10,252560
3751,0.000313,172.31.36.0-255,66,48462,10,252560
3752,0.000361,172.31.36.0-255,66,48528,10,252560
3753,0.000418,172.217.194.0-255,7156,55684,10,252560
3754,0.000422,172.31.36.0-255,66,55750,10,252560
3755,0.000446,172.217.194.0-255,1414,57164,10,252560
3756,0.000448,172.31.36.0-255,66,57230,10,252560
3757,0.000451,172.217.194.0-255,397,57627,10,252560
3758,0.000582,172.217.194.0-255,1484,59111,10,252560
3759,0.000586,172.31.36.0-255,66,59177,10,252560
3760,0.000592,172.217.194.0-255,2902,62079,10,252560
3761,0.000594,172.31.36.0-255,66,62145,10,252560
3762,0.000603,172.217.194.0-255,2902,65047,10,252560
3763,0.000606,172.31.36.0-255,66,65113,10,252560
3764,0.000636,172.217.194.0-255,2902,68015,10,252560
3765,0.000639,172.31.36.0-255,66,68081,10,252560
3766,0.000644,172.217.194.0-255,2902,70983,10,252560
3767,0.000646,172.31.36.0-255,66,71049,10,252560
3768,0.000675,172.217.194.0-255,2902,73951,10,252560
3769,0.000678,172.31.36.0-255,66,74017,10,252560
3770,0.000682,172.217.194.0-255,2902,76919,10,252560
3771,0.000684,172.31.36.0-255,66,76985,10,252560
3772,0.000736,172.31.36.0-255,66,77051,10,252560
3773,0.00078,172.217.194.0-255,4471,81522,10,252560
3774,0.000783,172.31.36.0-255,66,81588,10,252560
3775,0.001038,172.217.194.0-255,1484,83072,10,252560
3776,0.001045,172.217.194.0-255,2902,85974,10,252560
3777,0.001049,172.31.36.0-255,66,86040,10,252560
3778,0.001053,172.217.194.0-255,1484,87524,10,252560
3779,0.00108,172.217.194.0-255,4320,91844,10,252560
3780,0.001083,172.31.36.0-255,66,91910,10,252560
3781,0.00109,172.217.194.0-255,5738,97648,10,252560
3782,0.001092,172.31.36.0-255,66,97714,10,252560
3783,0.001121,172.217.194.0-255,7156,104870,10,252560
3784,0.001125,172.31.36.0-255,66,104936,10,252560
3785,0.00117,172.217.194.0-255,5738,110674,10,252560
3786,0.001181,172.31.36.0-255,66,110740,10,252560
3787,0.001225,172.217.194.0-255,5020,115760,10,252560
3788,0.001228,172.31.36.0-255,66,115826,10,252560
3789,0.001349,172.217.194.0-255,1484,117310,10,252560
3790,0.001355,172.217.194.0-255,2902,120212,10,252560
3791,0.001358,172.31.36.0-255,66,120278,10,252560
3792,0.001362,172.217.194.0-255,1484,121762,10,252560
3793,0.001381,172.217.194.0-255,4320,126082,10,252560
3794,0.001383,172.31.36.0-255,66,126148,10,252560
3795,0.001394,172.217.194.0-255,1484,127632,10,252560
3796,0.00142,172.217.194.0-255,7156,134788,10,252560
3797,0.001422,172.31.36.0-255,66,134854,10,252560
3798,0.001454,172.217.194.0-255,4320,139174,10,252560
3799,0.001458,172.31.36.0-255,66,139240,10,252560
3800,0.001524,172.31.36.0-255,66,139306,10,252560
3801,0.001577,172.217.194.0-255,2902,142208,10,252560
3802,0.00158,172.31.36.0-255,66,142274,10,252560
3803,0.001615,172.31.36.0-255,66,142340,10,252560
3804,0.001665,172.217.194.0-255,4320,146660,10,252560
3805,0.001669,172.31.36.0-255,66,146726,10,252560
3806,0.001696,172.31.36.0-255,66,146792,10,252560
3807,0.001763,172.217.194.0-255,5738,152530,10,252560
3808,0.001768,172.31.36.0-255,66,152596,10,252560
3809,0.001795,172.217.194.0-255,3602,156198,10,252560
3810,0.001798,172.31.36.0-255,66,156264,10,252560
3811,0.001826,172.217.194.0-255,1484,157748,10,252560
3812,0.001856,172.31.36.0-255,66,157814,10,252560
3813,0.001936,172.31.36.0-255,66,157880,10,252560
3814,0.001964,172.31.36.0-255,66,157946,10,252560
3815,0.002069,172.217.194.0-255,1484,159430,10,252560
3816,0.002113,172.31.36.0-255,66,159496,10,252560
3817,0.002144,172.217.194.0-255,2902,162398,10,252560
3818,0.002147,172.31.36.0-255,66,162464,10,252560
3819,0.002243,172.217.194.0-255,5738,168202,10,252560
3820,0.002246,172.31.36.0-255,66,168268,10,252560
3821,0.002279,172.217.194.0-255,5020,173288,10,252560
3822,0.002283,172.31.36.0-255,66,173354,10,252560
3823,0.002359,172.217.194.0-255,1484,174838,10,252560
3824,0.002374,172.217.194.0-255,2902,177740,10,252560
3825,0.002377,172.31.36.0-255,66,177806,10,252560
3826,0.002404,172.217.194.0-255,1484,179290,10,252560
3827,0.002429,172.217.194.0-255,4320,183610,10,252560
3828,0.002434,172.31.36.0-255,66,183676,10,252560
3829,0.002447,172.217.194.0-255,7156,190832,10,252560
3830,0.002449,172.31.36.0-255,66,190898,10,252560
3831,0.002469,172.217.194.0-255,4320,195218,10,252560
3832,0.002472,172.31.36.0-255,66,195284,10,252560
3833,0.002478,172.217.194.0-255,5738,201022,10,252560
3834,0.002484,172.31.36.0-255,66,201088,10,252560
3835,0.002515,172.217.194.0-255,6438,207526,10,252560
3836,0.002518,172.31.36.0-255,66,207592,10,252560
3837,0.002577,172.31.36.0-255,66,207658,10,252560
3838,0.002631,172.217.194.0-255,1484,209142,10,252560
3839,0.00266,172.217.194.0-255,5738,214880,10,252560
3840,0.002663,172.31.36.0-255,66,214946,10,252560
3841,0.002695,172.31.36.0-255,66,215012,10,252560
3842,0.002815,172.217.194.0-255,7156,222168,10,252560
3843,0.002819,172.31.36.0-255,66,222234,10,252560
3844,0.002847,172.217.194.0-255,5020,227254,10,252560
3845,0.00285,172.31.36.0-255,66,227320,10,252560
3846,0.002875,172.217.194.0-255,1484,228804,10,252560
3847,0.002894,172.217.194.0-255,4320,233124,10,252560
3848,0.002897,172.31.36.0-255,66,233190,10,252560
3849,0.002946,172.31.36.0-255,66,233256,10,252560
3850,0.003081,172.217.194.0-255,7156,240412,10,252560
3851,0.003085,172.31.36.0-255,66,240478,10,252560
3852,0.003105,172.217.194.0-255,5738,246216,10,252560
3853,0.003108,172.31.36.0-255,66,246282,10,252560
3854,0.003168,172.217.194.0-255,5738,252020,10,252560
3855,0.003172,172.31.36.0-255,66,252086,10,252560
3856,0.003229,172.31.36.0-255,66,252152,10,252560
3857,0.003277,172.31.36.0-255,66,252218,10,252560
3858,0.003375,172.217.194.0-255,105,252323,10,252560
3859,0.012236,172.31.36.0-255,66,252389,10,252560
3860,0.012281,172.31.36.0-255,105,252494,10,252560
3861,0.014551,172.217.194.0-255,66,252560,10,252560
3862,0.0,74.125.24.0-255,297,297,10,191549
3863,2.3e-05,172.31.36.0-255,66,363,10,191549
3864,3e-05,74.125.24.0-255,1484,1847,10,191549
3865,3.5e-05,172.31.36.0-255,66,1913,10,191549
3866,4.9e-05,74.125.24.0-255,4320,6233,10,191549
3867,5.2e-05,172.31.36.0-255,66,6299,10,191549
3868,6.3e-05,172.31.36.0-255,66,6365,10,191549
3869,7e-05,74.125.24.0-255,5738,12103,10,191549
3870,7.2e-05,172.31.36.0-255,66,12169,10,191549
3871,0.0001,74.125.24.0-255,2902,15071,10,191549
3872,0.000103,172.31.36.0-255,66,15137,10,191549
3873,0.000115,172.31.36.0-255,66,15203,10,191549
3874,0.000143,74.125.24.0-255,1484,16687,10,191549
3875,0.000146,172.31.36.0-255,66,16753,10,191549
3876,0.000175,74.125.24.0-255,2902,19655,10,191549
3877,0.000178,172.31.36.0-255,66,19721,10,191549
3878,0.000184,74.125.24.0-255,5738,25459,10,191549
3879,0.000187,172.31.36.0-255,66,25525,10,191549
3880,0.000198,74.125.24.0-255,6797,32322,10,191549
3881,0.000201,172.31.36.0-255,66,32388,10,191549
3882,0.000973,74.125.24.0-255,1484,33872,10,191549
3883,0.000979,172.31.36.0-255,66,33938,10,191549
3884,0.000987,74.125.24.0-255,2902,36840,10,191549
3885,0.00099,172.31.36.0-255,66,36906,10,191549
3886,0.001002,74.125.24.0-255,5738,42644,10,191549
3887,0.001004,172.31.36.0-255,66,42710,10,191549
3888,0.001012,74.125.24.0-255,6797,49507,10,191549
3889,0.001014,172.31.36.0-255,66,49573,10,191549
3890,0.001057,74.125.24.0-255,649,50222,10,191549
3891,0.00106,172.31.36.0-255,66,50288,10,191549
3892,0.001116,74.125.24.0-255,1484,51772,10,191549
3893,0.001122,74.125.24.0-255,2902,54674,10,191549
3894,0.001125,172.31.36.0-255,66,54740,10,191549
3895,0.001132,74.125.24.0-255,5738,60478,10,191549
3896,0.001134,172.31.36.0-255,66,60544,10,191549
3897,0.001161,74.125.24.0-255,5738,66282,10,191549
3898,0.001164,172.31.36.0-255,66,66348,10,191549
3899,0.001196,74.125.24.0-255,4320,70668,10,191549
3900,0.001199,172.31.36.0-255,66,70734,10,191549
3901,0.001211,172.31.36.0-255,66,70800,10,191549
3902,0.001234,172.31.36.0-255,66,70866,10,191549
3903,0.00125,172.31.36.0-255,66,70932,10,191549
3904,0.00128,74.125.24.0-255,1484,72416,10,191549
3905,0.001362,74.125.24.0-255,4320,76736,10,191549
3906,0.001369,74.125.24.0-255,6438,83174,10,191549
3907,0.001418,74.125.24.0-255,1484,84658,10,191549
3908,0.001424,74.125.24.0-255,2902,87560,10,191549
3909,0.001451,74.125.24.0-255,5738,93298,10,191549
3910,0.00146,74.125.24.0-255,7156,100454,10,191549
3911,0.001475,74.125.24.0-255,5738,106192,10,191549
3912,0.001481,74.125.24.0-255,5738,111930,10,191549
3913,0.001495,74.125.24.0-255,1484,113414,10,191549
3914,0.00153,74.125.24.0-255,3602,117016,10,191549
3915,0.001652,74.125.24.0-255,1484,118500,10,191549
3916,0.001657,74.125.24.0-255,2902,121402,10,191549
3917,0.001661,74.125.24.0-255,1484,122886,10,191549
3918,0.001677,74.125.24.0-255,4320,127206,10,191549
3919,0.001795,172.31.36.0-255,78,127284,10,191549
3920,0.001816,172.31.36.0-255,78,127362,10,191549
3921,0.00182,74.125.24.0-255,2902,130264,10,191549
3922,0.001823,172.31.36.0-255,78,130342,10,191549
3923,0.001846,74.125.24.0-255,5020,135362,10,191549
3924,0.001852,172.31.36.0-255,78,135440,10,191549
3925,0.001907,74.125.24.0-255,1484,136924,10,191549
3926,0.001911,172.31.36.0-255,78,137002,10,191549
3927,0.001915,74.125.24.0-255,2902,139904,10,191549
3928,0.001917,172.31.36.0-255,78,139982,10,191549
3929,0.001953,74.125.24.0-255,5738,145720,10,191549
3930,0.001955,172.31.36.0-255,78,145798,10,191549
3931,0.001963,74.125.24.0-255,7156,152954,10,191549
3932,0.001966,172.31.36.0-255,78,153032,10,191549
3933,0.002002,74.125.24.0-255,5738,158770,10,191549
3934,0.002004,172.31.36.0-255,78,158848,10,191549
3935,0.002011,74.125.24.0-255,7156,166004,10,191549
3936,0.002014,172.31.36.0-255,78,166082,10,191549
3937,0.002019,74.125.24.0-255,3602,169684,10,191549
3938,0.002021,172.31.36.0-255,78,169762,10,191549
3939,0.002063,74.125.24.0-255,4320,174082,10,191549
3940,0.002066,172.31.36.0-255,78,174160,10,191549
3941,0.002072,74.125.24.0-255,4320,178480,10,191549
3942,0.002074,172.31.36.0-255,78,178558,10,191549
3943,0.002108,172.31.36.0-255,78,178636,10,191549
3944,0.002145,172.31.36.0-255,78,178714,10,191549
3945,0.002174,74.125.24.0-255,5020,183734,10,191549
3946,0.002177,172.31.36.0-255,78,183812,10,191549
3947,0.002197,172.31.36.0-255,78,183890,10,191549
3948,0.002203,74.125.24.0-255,3602,187492,10,191549
3949,0.002205,172.31.36.0-255,78,187570,10,191549
3950,0.00227,172.31.36.0-255,78,187648,10,191549
3951,0.002273,74.125.24.0-255,501,188149,10,191549
3952,0.002274,172.31.36.0-255,78,188227,10,191549
3953,0.002278,74.125.24.0-255,105,188332,10,191549
3954,0.002281,172.31.36.0-255,78,188410,10,191549
3955,0.004544,74.125.24.0-255,2902,191312,10,191549
3956,0.006605,172.31.36.0-255,66,191378,10,191549
3957,0.009498,172.31.36.0-255,105,191483,10,191549
3958,0.011755,74.125.24.0-255,66,191549,10,191549
3959,0.0,74.125.68.0-255,153,153,10,122429
3960,1.5e-05,172.31.36.0-255,66,219,10,122429
3961,2.1e-05,74.125.68.0-255,1484,1703,10,122429
3962,2.6e-05,172.31.36.0-255,66,1769,10,122429
3963,3.9e-05,74.125.68.0-255,2902,4671,10,122429
3964,4.3e-05,172.31.36.0-255,66,4737,10,122429
3965,7.9e-05,74.125.68.0-255,7156,11893,10,122429
3966,8.3e-05,172.31.36.0-255,66,11959,10,122429
3967,0.000187,74.125.68.0-255,1975,13934,10,122429
3968,0.000191,172.31.36.0-255,66,14000,10,122429
3969,0.000227,74.125.68.0-255,2902,16902,10,122429
3970,0.00023,172.31.36.0-255,66,16968,10,122429
3971,0.000278,74.125.68.0-255,4320,21288,10,122429
3972,0.000281,172.31.36.0-255,66,21354,10,122429
3973,0.000298,74.125.68.0-255,2902,24256,10,122429
3974,0.000301,172.31.36.0-255,66,24322,10,122429
3975,0.000395,74.125.68.0-255,2902,27224,10,122429
3976,0.000399,172.31.36.0-255,66,27290,10,122429
3977,0.000432,74.125.68.0-255,6797,34087,10,122429
3978,0.000435,172.31.36.0-255,66,34153,10,122429
3979,0.000586,74.125.68.0-255,5738,39891,10,122429
3980,0.000591,172.31.36.0-255,66,39957,10,122429
3981,0.000627,172.31.36.0-255,66,40023,10,122429
3982,0.000847,172.31.36.0-255,66,40089,10,122429
3983,0.001079,74.125.68.0-255,2888,42977,10,122429
3984,0.001083,172.31.36.0-255,66,43043,10,122429
3985,0.001109,74.125.68.0-255,332,43375,10,122429
3986,0.001112,172.31.36.0-255,66,43441,10,122429
3987,0.001254,74.125.68.0-255,1484,44925,10,122429
3988,0.001259,172.31.36.0-255,66,44991,10,122429
3989,0.001267,74.125.68.0-255,2902,47893,10,122429
3990,0.001306,74.125.68.0-255,2902,50795,10,122429
3991,0.001322,74.125.68.0-255,2902,53697,10,122429
3992,0.001408,74.125.68.0-255,6797,60494,10,122429
3993,0.001536,74.125.68.0-255,7156,67650,10,122429
3994,0.001562,74.125.68.0-255,7156,74806,10,122429
3995,0.001787,74.125.68.0-255,2543,77349,10,122429
3996,0.00183,74.125.68.0-255,2902,80251,10,122429
3997,0.00187,74.125.68.0-255,1484,81735,10,122429
3998,0.002171,74.125.68.0-255,7156,88891,10,122429
3999,0.004234,172.31.36.0-255,66,88957,10,122429
4000,0.006437,74.125.68.0-255,5738,94695,10,122429
4001,0.006444,172.31.36.0-255,66,94761,10,122429
4002,0.008668,74.125.68.0-255,5738,100499,10,122429
4003,0.008674,172.31.36.0-255,66,100565,10,122429
4004,0.010891,74.125.68.0-255,4320,104885,10,122429
4005,0.010898,172.31.36.0-255,66,104951,10,122429
4006,0.010928,74.125.68.0-255,1484,106435,10,122429
4007,0.013111,74.125.68.0-255,4320,110755,10,122429
4008,0.013456,172.31.36.0-255,66,110821,10,122429
4009,0.015677,74.125.68.0-255,5738,116559,10,122429
4010,0.015686,172.31.36.0-255,66,116625,10,122429
4011,0.017898,74.125.68.0-255,5738,122363,10,122429
4012,0.017907,172.31.36.0-255,66,122429,10,122429
4013,0.0,172.217.194.0-255,153,153,10,121280
4014,2.8e-05,172.31.36.0-255,66,219,10,121280
4015,3.5e-05,172.217.194.0-255,1484,1703,10,121280
4016,4e-05,172.31.36.0-255,66,1769,10,121280
4017,4.6e-05,172.217.194.0-255,2902,4671,10,121280
4018,5.1e-05,172.31.36.0-255,66,4737,10,121280
4019,5.9e-05,172.217.194.0-255,7156,11893,10,121280
4020,6.2e-05,172.31.36.0-255,66,11959,10,121280
4021,7.4e-05,172.31.36.0-255,66,12025,10,121280
4022,8.5e-05,172.31.36.0-255,66,12091,10,121280
4023,8.9e-05,172.217.194.0-255,2543,14634,10,121280
4024,9.2e-05,172.31.36.0-255,66,14700,10,121280
4025,0.000161,172.217.194.0-255,1484,16184,10,121280
4026,0.000163,172.31.36.0-255,66,16250,10,121280
4027,0.000169,172.217.194.0-255,2902,19152,10,121280
4028,0.000171,172.31.36.0-255,66,19218,10,121280
4029,0.0002,172.217.194.0-255,5738,24956,10,121280
4030,0.000203,172.31.36.0-255,66,25022,10,121280
4031,0.000219,172.217.194.0-255,4320,29342,10,121280
4032,0.000221,172.31.36.0-255,66,29408,10,121280
4033,0.000254,172.31.36.0-255,66,29474,10,121280
4034,0.000258,172.31.36.0-255,66,29540,10,121280
4035,0.000273,172.217.194.0-255,1415,30955,10,121280
4036,0.000275,172.31.36.0-255,66,31021,10,121280
4037,0.00029,172.217.194.0-255,1518,32539,10,121280
4038,0.000292,172.31.36.0-255,66,32605,10,121280
4039,0.000298,172.217.194.0-255,2902,35507,10,121280
4040,0.0003,172.31.36.0-255,66,35573,10,121280
4041,0.000304,172.217.194.0-255,2902,38475,10,121280
4042,0.000306,172.31.36.0-255,66,38541,10,121280
4043,0.000332,172.217.194.0-255,2902,41443,10,121280
4044,0.000335,172.31.36.0-255,66,41509,10,121280
4045,0.000352,172.217.194.0-255,6513,48022,10,121280
4046,0.000355,172.31.36.0-255,66,48088,10,121280
4047,0.000414,172.217.194.0-255,2902,50990,10,121280
4048,0.000416,172.31.36.0-255,66,51056,10,121280
4049,0.000445,172.217.194.0-255,4320,55376,10,121280
4050,0.000448,172.31.36.0-255,66,55442,10,121280
4051,0.000459,172.31.36.0-255,66,55508,10,121280
4052,0.000477,172.31.36.0-255,66,55574,10,121280
4053,0.000479,172.217.194.0-255,766,56340,10,121280
4054,0.001596,172.31.36.0-255,66,56406,10,121280
4055,0.001655,172.217.194.0-255,1484,57890,10,121280
4056,0.001663,172.217.194.0-255,2902,60792,10,121280
4057,0.001666,172.31.36.0-255,66,60858,10,121280
4058,0.001671,172.217.194.0-255,2902,63760,10,121280
4059,0.001674,172.31.36.0-255,66,63826,10,121280
4060,0.001681,172.217.194.0-255,7156,70982,10,121280
4061,0.001683,172.31.36.0-255,66,71048,10,121280
4062,0.001722,172.31.36.0-255,66,71114,10,121280
4063,0.001746,172.217.194.0-255,5738,76852,10,121280
4064,0.001749,172.31.36.0-255,66,76918,10,121280
4065,0.001754,172.217.194.0-255,3602,80520,10,121280
4066,0.001756,172.31.36.0-255,66,80586,10,121280
4067,0.004124,172.217.194.0-255,1484,82070,10,121280
4068,0.004147,172.217.194.0-255,4320,86390,10,121280
4069,0.004153,172.31.36.0-255,66,86456,10,121280
4070,0.006509,172.217.194.0-255,5738,92194,10,121280
4071,0.006517,172.31.36.0-255,66,92260,10,121280
4072,0.008919,172.217.194.0-255,5738,97998,10,121280
4073,0.008926,172.31.36.0-255,66,98064,10,121280
4074,0.011301,172.217.194.0-255,5738,103802,10,121280
4075,0.011312,172.31.36.0-255,66,103868,10,121280
4076,0.01365,172.217.194.0-255,5738,109606,10,121280
4077,0.01366,172.31.36.0-255,66,109672,10,121280
4078,0.016051,172.217.194.0-255,5738,115410,10,121280
4079,0.016058,172.31.36.0-255,66,115476,10,121280
4080,0.018396,172.217.194.0-255,5738,121214,10,121280
4081,0.018406,172.31.36.0-255,66,121280,10,121280
4082,0.0,172.217.194.0-255,148,148,10,151518
4083,3.3e-05,172.31.36.0-255,66,214,10,151518
4084,4.1e-05,172.217.194.0-255,1484,1698,10,151518
4085,4.5e-05,172.31.36.0-255,66,1764,10,151518
4086,5e-05,172.217.194.0-255,2902,4666,10,151518
4087,5.2e-05,172.31.36.0-255,66,4732,10,151518
4088,5.5e-05,172.217.194.0-255,1484,6216,10,151518
4089,5.7e-05,172.31.36.0-255,66,6282,10,151518
4090,8.4e-05,172.217.194.0-255,5738,12020,10,151518
4091,8.8e-05,172.31.36.0-255,66,12086,10,151518
4092,0.000104,172.31.36.0-255,66,12152,10,151518
4093,0.000107,172.217.194.0-255,1484,13636,10,151518
4094,0.000108,172.31.36.0-255,66,13702,10,151518
4095,0.000153,172.31.36.0-255,66,13768,10,151518
4096,0.000183,172.217.194.0-255,1484,15252,10,151518
4097,0.000186,172.31.36.0-255,66,15318,10,151518
4098,0.000212,172.217.194.0-255,2902,18220,10,151518
4099,0.000215,172.31.36.0-255,66,18286,10,151518
4100,0.000219,172.217.194.0-255,2902,21188,10,151518
4101,0.000221,172.31.36.0-255,66,21254,10,151518
4102,0.000226,172.217.194.0-255,4320,25574,10,151518
4103,0.000234,172.31.36.0-255,66,25640,10,151518
4104,0.000238,172.217.194.0-255,2902,28542,10,151518
4105,0.00024,172.31.36.0-255,66,28608,10,151518
4106,0.000282,172.217.194.0-255,5738,34346,10,151518
4107,0.000287,172.31.36.0-255,66,34412,10,151518
4108,0.000301,172.31.36.0-255,66,34478,10,151518
4109,0.000327,172.217.194.0-255,2496,36974,10,151518
4110,0.000335,172.31.36.0-255,66,37040,10,151518
4111,0.000762,172.217.194.0-255,366,37406,10,151518
4112,0.000775,172.31.36.0-255,66,37472,10,151518
4113,0.0008,172.217.194.0-255,1484,38956,10,151518
4114,0.000825,172.217.194.0-255,4320,43276,10,151518
4115,0.000835,172.31.36.0-255,66,43342,10,151518
4116,0.000854,172.217.194.0-255,4320,47662,10,151518
4117,0.000855,172.31.36.0-255,66,47728,10,151518
4118,0.000861,172.31.36.0-255,66,47794,10,151518
4119,0.000877,172.217.194.0-255,4320,52114,10,151518
4120,0.000894,172.31.36.0-255,66,52180,10,151518
4121,0.000908,172.217.194.0-255,2902,55082,10,151518
4122,0.000921,172.31.36.0-255,66,55148,10,151518
4123,0.000926,172.217.194.0-255,6438,61586,10,151518
4124,0.000929,172.217.194.0-255,1484,63070,10,151518
4125,0.000936,172.31.36.0-255,66,63136,10,151518
4126,0.000969,172.31.36.0-255,66,63202,10,151518
4127,0.000982,172.31.36.0-255,66,63268,10,151518
4128,0.001061,172.217.194.0-255,4320,67588,10,151518
4129,0.001063,172.31.36.0-255,66,67654,10,151518
4130,0.001069,172.31.36.0-255,66,67720,10,151518
4131,0.001115,172.31.36.0-255,66,67786,10,151518
4132,0.001279,172.217.194.0-255,1484,69270,10,151518
4133,0.001293,172.217.194.0-255,2902,72172,10,151518
4134,0.001297,172.31.36.0-255,66,72238,10,151518
4135,0.001301,172.217.194.0-255,1484,73722,10,151518
4136,0.001329,172.217.194.0-255,4320,78042,10,151518
4137,0.001332,172.31.36.0-255,66,78108,10,151518
4138,0.001348,172.31.36.0-255,66,78174,10,151518
4139,0.001391,172.31.36.0-255,66,78240,10,151518
4140,0.001399,172.217.194.0-255,1484,79724,10,151518
4141,0.001426,172.217.194.0-255,5738,85462,10,151518
4142,0.001437,172.31.36.0-255,66,85528,10,151518
4143,0.001445,172.31.36.0-255,66,85594,10,151518
4144,0.001468,172.217.194.0-255,7156,92750,10,151518
4145,0.001473,172.31.36.0-255,66,92816,10,151518
4146,0.001502,172.217.194.0-255,7156,99972,10,151518
4147,0.001508,172.31.36.0-255,66,100038,10,151518
4148,0.001513,172.217.194.0-255,3602,103640,10,151518
4149,0.00152,172.31.36.0-255,66,103706,10,151518
4150,0.001739,172.217.194.0-255,1484,105190,10,151518
4151,0.001757,172.217.194.0-255,2902,108092,10,151518
4152,0.001761,172.31.36.0-255,66,108158,10,151518
4153,0.001767,172.217.194.0-255,5738,113896,10,151518
4154,0.001771,172.31.36.0-255,66,113962,10,151518
4155,0.001818,172.31.36.0-255,66,114028,10,151518
4156,0.001831,172.31.36.0-255,66,114094,10,151518
4157,0.001853,172.217.194.0-255,2184,116278,10,151518
4158,0.001863,172.31.36.0-255,66,116344,10,151518
4159,0.001989,172.217.194.0-255,1484,117828,10,151518
4160,0.001994,172.217.194.0-255,2902,120730,10,151518
4161,0.001997,172.31.36.0-255,66,120796,10,151518
4162,0.002003,172.217.194.0-255,4320,125116,10,151518
4163,0.002015,172.31.36.0-255,66,125182,10,151518
4164,0.002032,172.217.194.0-255,1484,126666,10,151518
4165,0.002043,172.217.194.0-255,5738,132404,10,151518
4166,0.002046,172.31.36.0-255,66,132470,10,151518
4167,0.002089,172.31.36.0-255,66,132536,10,151518
4168,0.002091,172.217.194.0-255,5020,137556,10,151518
4169,0.002095,172.31.36.0-255,66,137622,10,151518
4170,0.002148,172.217.194.0-255,1484,139106,10,151518
4171,0.002188,172.31.36.0-255,66,139172,10,151518
4172,0.002192,172.31.36.0-255,66,139238,10,151518
4173,0.002241,172.31.36.0-255,66,139304,10,151518
4174,0.002244,172.217.194.0-255,7156,146460,10,151518
4175,0.002254,172.31.36.0-255,66,146526,10,151518
4176,0.002294,172.31.36.0-255,66,146592,10,151518
4177,0.002311,172.31.36.0-255,66,146658,10,151518
4178,0.002335,172.217.194.0-255,2902,149560,10,151518
4179,0.00234,172.31.36.0-255,66,149626,10,151518
4180,0.002349,172.217.194.0-255,1484,151110,10,151518
4181,0.002354,172.31.36.0-255,66,151176,10,151518
4182,0.002382,172.217.194.0-255,105,151281,10,151518
4183,0.002396,172.31.36.0-255,66,151347,10,151518
4184,0.003712,172.31.36.0-255,105,151452,10,151518
4185,0.006222,172.217.194.0-255,66,151518,10,151518
4186,0.0,172.217.194.0-255,297,297,10,139727
4187,3.3e-05,172.31.36.0-255,66,363,10,139727
4188,3.9e-05,172.217.194.0-255,1484,1847,10,139727
4189,4.4e-05,172.31.36.0-255,66,1913,10,139727
4190,5e-05,172.217.194.0-255,4320,6233,10,139727
4191,5.3e-05,172.31.36.0-255,66,6299,10,139727
4192,0.000104,172.31.36.0-255,66,6365,10,139727
4193,0.000533,172.217.194.0-255,1484,7849,10,139727
4194,0.00054,172.31.36.0-255,66,7915,10,139727
4195,0.000551,172.217.194.0-255,2902,10817,10,139727
4196,0.000554,172.31.36.0-255,66,10883,10,139727
4197,0.000586,172.217.194.0-255,5738,16621,10,139727
4198,0.00059,172.31.36.0-255,66,16687,10,139727
4199,0.000598,172.217.194.0-255,6797,23484,10,139727
4200,0.0006,172.31.36.0-255,66,23550,10,139727
4201,0.000639,172.31.36.0-255,66,23616,10,139727
4202,0.000671,172.217.194.0-255,5738,29354,10,139727
4203,0.000677,172.31.36.0-255,66,29420,10,139727
4204,0.000689,172.31.36.0-255,66,29486,10,139727
4205,0.0007,172.31.36.0-255,66,29552,10,139727
4206,0.000723,172.217.194.0-255,344,29896,10,139727
4207,0.000726,172.31.36.0-255,66,29962,10,139727
4208,0.000877,172.217.194.0-255,117,30079,10,139727
4209,0.000882,172.31.36.0-255,66,30145,10,139727
4210,0.000886,172.217.194.0-255,378,30523,10,139727
4211,0.000888,172.31.36.0-255,66,30589,10,139727
4212,0.001193,172.217.194.0-255,1484,32073,10,139727
4213,0.001201,172.31.36.0-255,66,32139,10,139727
4214,0.001207,172.217.194.0-255,2902,35041,10,139727
4215,0.00121,172.31.36.0-255,66,35107,10,139727
4216,0.001215,172.217.194.0-255,2902,38009,10,139727
4217,0.001217,172.31.36.0-255,66,38075,10,139727
4218,0.001238,172.217.194.0-255,2902,40977,10,139727
4219,0.001241,172.31.36.0-255,66,41043,10,139727
4220,0.001253,172.31.36.0-255,66,41109,10,139727
4221,0.001276,172.217.194.0-255,2902,44011,10,139727
4222,0.001289,172.31.36.0-255,66,44077,10,139727
4223,0.001297,172.31.36.0-255,66,44143,10,139727
4224,0.001302,172.217.194.0-255,2184,46327,10,139727
4225,0.001304,172.31.36.0-255,66,46393,10,139727
4226,0.001686,172.217.194.0-255,1484,47877,10,139727
4227,0.001696,172.217.194.0-255,2902,50779,10,139727
4228,0.0017,172.31.36.0-255,66,50845,10,139727
4229,0.001705,172.217.194.0-255,2902,53747,10,139727
4230,0.001707,172.31.36.0-255,66,53813,10,139727
4231,0.001737,172.217.194.0-255,4320,58133,10,139727
4232,0.00174,172.31.36.0-255,66,58199,10,139727
4233,0.001746,172.217.194.0-255,4320,62519,10,139727
4234,0.001747,172.31.36.0-255,66,62585,10,139727
4235,0.001764,172.217.194.0-255,4320,66905,10,139727
4236,0.001766,172.31.36.0-255,66,66971,10,139727
4237,0.001769,172.217.194.0-255,1484,68455,10,139727
4238,0.001785,172.217.194.0-255,5738,74193,10,139727
4239,0.001787,172.31.36.0-255,66,74259,10,139727
4240,0.001809,172.217.194.0-255,2902,77161,10,139727
4241,0.001811,172.31.36.0-255,66,77227,10,139727
4242,0.001833,172.217.194.0-255,3602,80829,10,139727
4243,0.001835,172.31.36.0-255,66,80895,10,139727
4244,0.002069,172.217.194.0-255,1484,82379,10,139727
4245,0.002075,172.217.194.0-255,2902,85281,10,139727
4246,0.002078,172.31.36.0-255,66,85347,10,139727
4247,0.002083,172.217.194.0-255,2902,88249,10,139727
4248,0.002085,172.31.36.0-255,66,88315,10,139727
4249,0.002099,172.217.194.0-255,2902,91217,10,139727
4250,0.002102,172.31.36.0-255,66,91283,10,139727
4251,0.002144,172.31.36.0-255,66,91349,10,139727
4252,0.002156,172.31.36.0-255,66,91415,10,139727
4253,0.00219,172.217.194.0-255,4320,95735,10,139727
4254,0.002193,172.31.36.0-255,66,95801,10,139727
4255,0.002228,172.31.36.0-255,66,95867,10,139727
4256,0.002264,172.217.194.0-255,4320,100187,10,139727
4257,0.002266,172.31.36.0-255,66,100253,10,139727
4258,0.002292,172.31.36.0-255,66,100319,10,139727
4259,0.004662,172.217.194.0-255,2902,103221,10,139727
4260,0.004666,172.31.36.0-255,66,103287,10,139727
4261,0.004686,172.217.194.0-255,2902,106189,10,139727
4262,0.004688,172.31.36.0-255,66,106255,10,139727
4263,0.007028,172.217.194.0-255,5738,111993,10,139727
4264,0.007034,172.31.36.0-255,66,112059,10,139727
4265,0.009391,172.217.194.0-255,5738,117797,10,139727
4266,0.009399,172.31.36.0-255,66,117863,10,139727
4267,0.011752,172.217.194.0-255,5738,123601,10,139727
4268,0.01176,172.31.36.0-255,66,123667,10,139727
4269,0.014115,172.217.194.0-255,4320,127987,10,139727
4270,0.014126,172.31.36.0-255,66,128053,10,139727
4271,0.014146,172.217.194.0-255,1484,129537,10,139727
4272,0.016461,172.217.194.0-255,4320,133857,10,139727
4273,0.016469,172.31.36.0-255,66,133923,10,139727
4274,0.018857,172.217.194.0-255,5738,139661,10,139727
4275,0.018865,172.31.36.0-255,66,139727,10,139727
4276,0.0,74.125.24.0-255,476,476,10,152971
4277,2.2e-05,172.31.36.0-255,66,542,10,152971
4278,2.8e-05,74.125.24.0-255,1484,2026,10,152971
4279,3.2e-05,172.31.36.0-255,66,2092,10,152971
4280,3.9e-05,74.125.24.0-255,4320,6412,10,152971
4281,5e-05,172.31.36.0-255,66,6478,10,152971
4282,6.1e-05,172.31.36.0-255,66,6544,10,152971
4283,8.6e-05,74.125.24.0-255,4320,10864,10,152971
4284,8.9e-05,172.31.36.0-255,66,10930,10,152971
4285,0.000121,172.31.36.0-255,66,10996,10,152971
4286,0.000542,74.125.24.0-255,1484,12480,10,152971
4287,0.000548,172.31.36.0-255,66,12546,10,152971
4288,0.000555,74.125.24.0-255,2902,15448,10,152971
4289,0.000559,172.31.36.0-255,66,15514,10,152971
4290,0.00057,74.125.24.0-255,2902,18416,10,152971
4291,0.000574,172.31.36.0-255,66,18482,10,152971
4292,0.000612,74.125.24.0-255,7156,25638,10,152971
4293,0.000617,172.31.36.0-255,66,25704,10,152971
4294,0.000626,74.125.24.0-255,7156,32860,10,152971
4295,0.000629,172.31.36.0-255,66,32926,10,152971
4296,0.000662,74.125.24.0-255,5738,38664,10,152971
4297,0.000665,172.31.36.0-255,66,38730,10,152971
4298,0.000672,74.125.24.0-255,4320,43050,10,152971
4299,0.000674,172.31.36.0-255,66,43116,10,152971
4300,0.000707,74.125.24.0-255,2184,45300,10,152971
4301,0.000711,172.31.36.0-255,66,45366,10,152971
4302,0.000714,74.125.24.0-255,677,46043,10,152971
4303,0.000716,172.31.36.0-255,66,46109,10,152971
4304,0.001175,74.125.24.0-255,1484,47593,10,152971
4305,0.001181,172.31.36.0-255,66,47659,10,152971
4306,0.001187,74.125.24.0-255,2902,50561,10,152971
4307,0.00119,172.31.36.0-255,66,50627,10,152971
4308,0.001203,74.125.24.0-255,5738,56365,10,152971
4309,0.001206,172.31.36.0-255,66,56431,10,152971
4310,0.001246,172.31.36.0-255,66,56497,10,152971
4311,0.001285,74.125.24.0-255,2902,59399,10,152971
4312,0.001289,172.31.36.0-255,66,59465,10,152971
4313,0.001304,172.31.36.0-255,66,59531,10,152971
4314,0.002267,74.125.24.0-255,1484,61015,10,152971
4315,0.002277,74.125.24.0-255,2902,63917,10,152971
4316,0.002281,172.31.36.0-255,66,63983,10,152971
4317,0.002289,74.125.24.0-255,4320,68303,10,152971
4318,0.002291,172.31.36.0-255,66,68369,10,152971
4319,0.002317,74.125.24.0-255,1484,69853,10,152971
4320,0.002324,74.125.24.0-255,5738,75591,10,152971
4321,0.002326,172.31.36.0-255,66,75657,10,152971
4322,0.002354,74.125.24.0-255,7156,82813,10,152971
4323,0.002356,172.31.36.0-255,66,82879,10,152971
4324,0.002361,74.125.24.0-255,4320,87199,10,152971
4325,0.002363,172.31.36.0-255,66,87265,10,152971
4326,0.002401,74.125.24.0-255,6438,93703,10,152971
4327,0.002404,172.31.36.0-255,66,93769,10,152971
4328,0.002453,74.125.24.0-255,1484,95253,10,152971
4329,0.002466,74.125.24.0-255,2902,98155,10,152971
4330,0.002469,172.31.36.0-255,66,98221,10,152971
4331,0.002472,74.125.24.0-255,1484,99705,10,152971
4332,0.002496,74.125.24.0-255,2902,102607,10,152971
4333,0.002497,172.31.36.0-255,66,102673,10,152971
4334,0.002501,74.125.24.0-255,2902,105575,10,152971
4335,0.002503,172.31.36.0-255,66,105641,10,152971
4336,0.00253,74.125.24.0-255,5738,111379,10,152971
4337,0.002536,172.31.36.0-255,66,111445,10,152971
4338,0.00254,74.125.24.0-255,4320,115765,10,152971
4339,0.002542,172.31.36.0-255,66,115831,10,152971
4340,0.002571,172.31.36.0-255,66,115897,10,152971
4341,0.002596,74.125.24.0-255,2184,118081,10,152971
4342,0.002599,172.31.36.0-255,66,118147,10,152971
4343,0.005155,74.125.24.0-255,5738,123885,10,152971
4344,0.005161,172.31.36.0-255,66,123951,10,152971
4345,0.007759,74.125.24.0-255,5738,129689,10,152971
4346,0.007768,172.31.36.0-255,66,129755,10,152971
4347,0.010333,74.125.24.0-255,5738,135493,10,152971
4348,0.010344,172.31.36.0-255,66,135559,10,152971
4349,0.012923,74.125.24.0-255,5738,141297,10,152971
4350,0.012934,172.31.36.0-255,66,141363,10,152971
4351,0.015504,74.125.24.0-255,5738,147101,10,152971
4352,0.01552,172.31.36.0-255,66,147167,10,152971
4353,0.018146,74.125.24.0-255,5738,152905,10,152971
4354,0.018159,172.31.36.0-255,66,152971,10,152971
4355,0.0,172.253.118.0-255,153,153,10,150718
4356,2.2e-05,172.31.36.0-255,66,219,10,150718
4357,2.9e-05,172.253.118.0-255,1484,1703,10,150718
4358,3.3e-05,172.31.36.0-255,66,1769,10,150718
4359,3.9e-05,172.253.118.0-255,2902,4671,10,150718
4360,4.2e-05,172.31.36.0-255,66,4737,10,150718
4361,5.8e-05,172.253.118.0-255,7156,11893,10,150718
4362,6.1e-05,172.31.36.0-255,66,11959,10,150718
4363,6.5e-05,172.253.118.0-255,2038,13997,10,150718
4364,6.8e-05,172.31.36.0-255,66,14063,10,150718
4365,0.000121,172.31.36.0-255,66,14129,10,150718
4366,0.000145,172.253.118.0-255,1484,15613,10,150718
4367,0.000148,172.31.36.0-255,66,15679,10,150718
4368,0.000181,172.253.118.0-255,6797,22476,10,150718
4369,0.000184,172.31.36.0-255,66,22542,10,150718
4370,0.000303,172.253.118.0-255,1484,24026,10,150718
4371,0.000307,172.31.36.0-255,66,24092,10,150718
4372,0.000332,172.253.118.0-255,2902,26994,10,150718
4373,0.000335,172.31.36.0-255,66,27060,10,150718
4374,0.000363,172.253.118.0-255,5738,32798,10,150718
4375,0.000367,172.31.36.0-255,66,32864,10,150718
4376,0.000371,172.253.118.0-255,2902,35766,10,150718
4377,0.000373,172.31.36.0-255,66,35832,10,150718
4378,0.000404,172.31.36.0-255,66,35898,10,150718
4379,0.00045,172.31.36.0-255,66,35964,10,150718
4380,0.000453,172.253.118.0-255,447,36411,10,150718
4381,0.000454,172.31.36.0-255,66,36477,10,150718
4382,0.000605,172.253.118.0-255,1484,37961,10,150718
4383,0.00061,172.31.36.0-255,66,38027,10,150718
4384,0.000618,172.253.118.0-255,2902,40929,10,150718
4385,0.000621,172.31.36.0-255,66,40995,10,150718
4386,0.000632,172.253.118.0-255,5738,46733,10,150718
4387,0.000635,172.31.36.0-255,66,46799,10,150718
4388,0.000685,172.31.36.0-255,66,46865,10,150718
4389,0.000698,172.31.36.0-255,66,46931,10,150718
4390,0.000701,172.253.118.0-255,329,47260,10,150718
4391,0.001198,172.253.118.0-255,1484,48744,10,150718
4392,0.001203,172.31.36.0-255,66,48810,10,150718
4393,0.001209,172.253.118.0-255,2902,51712,10,150718
4394,0.001212,172.31.36.0-255,66,51778,10,150718
4395,0.001217,172.253.118.0-255,4320,56098,10,150718
4396,0.001219,172.31.36.0-255,66,56164,10,150718
4397,0.001251,172.253.118.0-255,1484,57648,10,150718
4398,0.001266,172.31.36.0-255,66,57714,10,150718
4399,0.001314,172.31.36.0-255,66,57780,10,150718
4400,0.001431,172.253.118.0-255,1484,59264,10,150718
4401,0.001438,172.253.118.0-255,2902,62166,10,150718
4402,0.001441,172.31.36.0-255,66,62232,10,150718
4403,0.00145,172.253.118.0-255,5738,67970,10,150718
4404,0.001452,172.31.36.0-255,66,68036,10,150718
4405,0.001491,172.31.36.0-255,66,68102,10,150718
4406,0.00154,172.253.118.0-255,7156,75258,10,150718
4407,0.001543,172.31.36.0-255,66,75324,10,150718
4408,0.001567,172.253.118.0-255,3602,78926,10,150718
4409,0.00157,172.31.36.0-255,66,78992,10,150718
4410,0.001595,172.253.118.0-255,1484,80476,10,150718
4411,0.0016,172.253.118.0-255,2902,83378,10,150718
4412,0.001603,172.31.36.0-255,66,83444,10,150718
4413,0.001608,172.253.118.0-255,2902,86346,10,150718
4414,0.001611,172.31.36.0-255,66,86412,10,150718
4415,0.001634,172.253.118.0-255,2902,89314,10,150718
4416,0.001637,172.31.36.0-255,66,89380,10,150718
4417,0.001645,172.253.118.0-255,2902,92282,10,150718
4418,0.001647,172.31.36.0-255,66,92348,10,150718
4419,0.001659,172.31.36.0-255,66,92414,10,150718
4420,0.001693,172.31.36.0-255,66,92480,10,150718
4421,0.002013,172.253.118.0-255,1484,93964,10,150718
4422,0.002019,172.253.118.0-255,2902,96866,10,150718
4423,0.002022,172.31.36.0-255,66,96932,10,150718
4424,0.002052,172.253.118.0-255,5738,102670,10,150718
4425,0.002055,172.31.36.0-255,66,102736,10,150718
4426,0.002058,172.253.118.0-255,1484,104220,10,150718
4427,0.002096,172.31.36.0-255,66,104286,10,150718
4428,0.004146,172.253.118.0-255,5738,110024,10,150718
4429,0.004153,172.31.36.0-255,66,110090,10,150718
4430,0.006203,172.253.118.0-255,5738,115828,10,150718
4431,0.006207,172.31.36.0-255,66,115894,10,150718
4432,0.008261,172.253.118.0-255,5738,121632,10,150718
4433,0.008268,172.31.36.0-255,66,121698,10,150718
4434,0.010324,172.253.118.0-255,5738,127436,10,150718
4435,0.01033,172.31.36.0-255,66,127502,10,150718
4436,0.012394,172.253.118.0-255,5738,133240,10,150718
4437,0.012401,172.31.36.0-255,66,133306,10,150718
4438,0.014456,172.253.118.0-255,5738,139044,10,150718
4439,0.014464,172.31.36.0-255,66,139110,10,150718
4440,0.016552,172.253.118.0-255,5738,144848,10,150718
4441,0.016567,172.31.36.0-255,66,144914,10,150718
4442,0.018649,172.253.118.0-255,5738,150652,10,150718
4443,0.018663,172.31.36.0-255,66,150718,10,150718
4444,0.0,172.217.194.0-255,145,145,10,259275
4445,3.4e-05,172.31.36.0-255,66,211,10,259275
4446,4.1e-05,172.217.194.0-255,1484,1695,10,259275
4447,4.5e-05,172.31.36.0-255,66,1761,10,259275
4448,5e-05,172.217.194.0-255,2902,4663,10,259275
4449,5.3e-05,172.31.36.0-255,66,4729,10,259275
4450,6.1e-05,172.217.194.0-255,7156,11885,10,259275
4451,6.5e-05,172.31.36.0-255,66,11951,10,259275
4452,7.1e-05,172.217.194.0-255,6342,18293,10,259275
4453,7.4e-05,172.31.36.0-255,66,18359,10,259275
4454,0.000104,172.217.194.0-255,2902,21261,10,259275
4455,0.000106,172.31.36.0-255,66,21327,10,259275
4456,0.000135,172.31.36.0-255,66,21393,10,259275
4457,0.000151,172.217.194.0-255,1484,22877,10,259275
4458,0.000153,172.31.36.0-255,66,22943,10,259275
4459,0.000165,172.217.194.0-255,2902,25845,10,259275
4460,0.000168,172.31.36.0-255,66,25911,10,259275
4461,0.000196,172.217.194.0-255,5738,31649,10,259275
4462,0.000199,172.31.36.0-255,66,31715,10,259275
4463,0.000213,172.217.194.0-255,4320,36035,10,259275
4464,0.000216,172.31.36.0-255,66,36101,10,259275
4465,0.000236,172.217.194.0-255,2543,38644,10,259275
4466,0.000239,172.31.36.0-255,66,38710,10,259275
4467,0.000678,172.217.194.0-255,1484,40194,10,259275
4468,0.000683,172.31.36.0-255,66,40260,10,259275
4469,0.000688,172.217.194.0-255,2902,43162,10,259275
4470,0.00069,172.31.36.0-255,66,43228,10,259275
4471,0.000693,172.217.194.0-255,1484,44712,10,259275
4472,0.000695,172.31.36.0-255,66,44778,10,259275
4473,0.000711,172.217.194.0-255,4320,49098,10,259275
4474,0.000714,172.31.36.0-255,66,49164,10,259275
4475,0.000721,172.217.194.0-255,6797,55961,10,259275
4476,0.000724,172.31.36.0-255,66,56027,10,259275
4477,0.000758,172.217.194.0-255,1484,57511,10,259275
4478,0.000762,172.31.36.0-255,66,57577,10,259275
4479,0.000791,172.31.36.0-255,66,57643,10,259275
4480,0.000823,172.217.194.0-255,5960,63603,10,259275
4481,0.000826,172.31.36.0-255,66,63669,10,259275
4482,0.000866,172.217.194.0-255,5738,69407,10,259275
4483,0.00087,172.31.36.0-255,66,69473,10,259275
4484,0.000877,172.217.194.0-255,5738,75211,10,259275
4485,0.000879,172.31.36.0-255,66,75277,10,259275
4486,0.000894,172.217.194.0-255,1484,76761,10,259275
4487,0.000896,172.31.36.0-255,66,76827,10,259275
4488,0.000899,172.217.194.0-255,1484,78311,10,259275
4489,0.000901,172.31.36.0-255,66,78377,10,259275
4490,0.000922,172.217.194.0-255,2543,80920,10,259275
4491,0.000925,172.31.36.0-255,66,80986,10,259275
4492,0.000983,172.217.194.0-255,1484,82470,10,259275
4493,0.000986,172.31.36.0-255,66,82536,10,259275
4494,0.000991,172.217.194.0-255,2902,85438,10,259275
4495,0.000993,172.31.36.0-255,66,85504,10,259275
4496,0.001,172.217.194.0-255,4320,89824,10,259275
4497,0.001002,172.31.36.0-255,66,89890,10,259275
4498,0.001023,172.217.194.0-255,1484,91374,10,259275
4499,0.001025,172.31.36.0-255,66,91440,10,259275
4500,0.001032,172.217.194.0-255,5738,97178,10,259275
4501,0.001034,172.31.36.0-255,66,97244,10,259275
4502,0.001048,172.217.194.0-255,561,97805,10,259275
4503,0.001051,172.31.36.0-255,66,97871,10,259275
4504,0.001165,172.217.194.0-255,1484,99355,10,259275
4505,0.001169,172.31.36.0-255,66,99421,10,259275
4506,0.001174,172.217.194.0-255,2902,102323,10,259275
4507,0.001176,172.31.36.0-255,66,102389,10,259275
4508,0.001205,172.217.194.0-255,5738,108127,10,259275
4509,0.001208,172.31.36.0-255,66,108193,10,259275
4510,0.00122,172.31.36.0-255,66,108259,10,259275
4511,0.00124,172.217.194.0-255,2902,111161,10,259275
4512,0.001242,172.31.36.0-255,66,111227,10,259275
4513,0.001254,172.31.36.0-255,66,111293,10,259275
4514,0.001257,172.217.194.0-255,766,112059,10,259275
4515,0.001258,172.31.36.0-255,66,112125,10,259275
4516,0.001488,172.217.194.0-255,1484,113609,10,259275
4517,0.001492,172.31.36.0-255,66,113675,10,259275
4518,0.001501,172.217.194.0-255,2902,116577,10,259275
4519,0.001503,172.31.36.0-255,66,116643,10,259275
4520,0.001507,172.217.194.0-255,1484,118127,10,259275
4521,0.001508,172.31.36.0-255,66,118193,10,259275
4522,0.00153,172.217.194.0-255,4320,122513,10,259275
4523,0.001533,172.31.36.0-255,66,122579,10,259275
4524,0.001536,172.217.194.0-255,1484,124063,10,259275
4525,0.001538,172.31.36.0-255,66,124129,10,259275
4526,0.001553,172.217.194.0-255,4320,128449,10,259275
4527,0.001555,172.31.36.0-255,66,128515,10,259275
4528,0.001568,172.217.194.0-255,2902,131417,10,259275
4529,0.00157,172.31.36.0-255,66,131483,10,259275
4530,0.00161,172.217.194.0-255,2902,134385,10,259275
4531,0.001613,172.31.36.0-255,66,134451,10,259275
4532,0.001672,172.31.36.0-255,66,134517,10,259275
4533,0.001694,172.217.194.0-255,3602,138119,10,259275
4534,0.001698,172.31.36.0-255,66,138185,10,259275
4535,0.001888,172.217.194.0-255,1484,139669,10,259275
4536,0.001893,172.31.36.0-255,66,139735,10,259275
4537,0.0019,172.217.194.0-255,2902,142637,10,259275
4538,0.001903,172.31.36.0-255,66,142703,10,259275
4539,0.001908,172.217.194.0-255,5738,148441,10,259275
4540,0.00191,172.31.36.0-255,66,148507,10,259275
4541,0.001933,172.217.194.0-255,2902,151409,10,259275
4542,0.001935,172.31.36.0-255,66,151475,10,259275
4543,0.001966,172.31.36.0-255,66,151541,10,259275
4544,0.001977,172.31.36.0-255,66,151607,10,259275
4545,0.002025,172.217.194.0-255,3602,155209,10,259275
4546,0.002028,172.31.36.0-255,66,155275,10,259275
4547,0.002034,172.217.194.0-255,4320,159595,10,259275
4548,0.002037,172.31.36.0-255,66,159661,10,259275
4549,0.002041,172.217.194.0-255,2902,162563,10,259275
4550,0.002044,172.31.36.0-255,66,162629,10,259275
4551,0.002068,172.217.194.0-255,7156,169785,10,259275
4552,0.002072,172.31.36.0-255,66,169851,10,259275
4553,0.002082,172.31.36.0-255,66,169917,10,259275
4554,0.002126,172.31.36.0-255,66,169983,10,259275
4555,0.002156,172.217.194.0-255,1484,171467,10,259275
4556,0.002159,172.31.36.0-255,66,171533,10,259275
4557,0.002164,172.217.194.0-255,2902,174435,10,259275
4558,0.002166,172.31.36.0-255,66,174501,10,259275
4559,0.002172,172.217.194.0-255,5738,180239,10,259275
4560,0.002175,172.31.36.0-255,66,180305,10,259275
4561,0.002186,172.31.36.0-255,66,180371,10,259275
4562,0.002205,172.217.194.0-255,2902,183273,10,259275
4563,0.002207,172.31.36.0-255,66,183339,10,259275
4564,0.002218,172.31.36.0-255,66,183405,10,259275
4565,0.002246,172.217.194.0-255,1484,184889,10,259275
4566,0.002259,172.217.194.0-255,2902,187791,10,259275
4567,0.002262,172.31.36.0-255,66,187857,10,259275
4568,0.002267,172.217.194.0-255,4320,192177,10,259275
4569,0.00227,172.31.36.0-255,66,192243,10,259275
4570,0.002279,172.217.194.0-255,1484,193727,10,259275
4571,0.002284,172.217.194.0-255,2902,196629,10,259275
4572,0.002285,172.31.36.0-255,66,196695,10,259275
4573,0.002315,172.31.36.0-255,66,196761,10,259275
4574,0.002319,172.217.194.0-255,2902,199663,10,259275
4575,0.002322,172.31.36.0-255,66,199729,10,259275
4576,0.002339,172.217.194.0-255,5738,205467,10,259275
4577,0.002341,172.31.36.0-255,66,205533,10,259275
4578,0.002367,172.217.194.0-255,7156,212689,10,259275
4579,0.00237,172.31.36.0-255,66,212755,10,259275
4580,0.00239,172.31.36.0-255,66,212821,10,259275
4581,0.002413,172.217.194.0-255,6438,219259,10,259275
4582,0.002416,172.31.36.0-255,66,219325,10,259275
4583,0.002419,172.217.194.0-255,2902,222227,10,259275
4584,0.002421,172.31.36.0-255,66,222293,10,259275
4585,0.002452,172.31.36.0-255,66,222359,10,259275
4586,0.00248,172.31.36.0-255,66,222425,10,259275
4587,0.002544,172.31.36.0-255,66,222491,10,259275
4588,0.002548,172.217.194.0-255,2902,225393,10,259275
4589,0.00255,172.31.36.0-255,66,225459,10,259275
4590,0.004885,172.217.194.0-255,2902,228361,10,259275
4591,0.004895,172.31.36.0-255,66,228427,10,259275
4592,0.004916,172.217.194.0-255,2902,231329,10,259275
4593,0.004919,172.31.36.0-255,66,231395,10,259275
4594,0.007233,172.217.194.0-255,2902,234297,10,259275
4595,0.007242,172.31.36.0-255,66,234363,10,259275
4596,0.007284,172.217.194.0-255,2902,237265,10,259275
4597,0.007286,172.31.36.0-255,66,237331,10,259275
4598,0.009587,172.217.194.0-255,2902,240233,10,259275
4599,0.009595,172.31.36.0-255,66,240299,10,259275
4600,0.009632,172.217.194.0-255,2902,243201,10,259275
4601,0.009636,172.31.36.0-255,66,243267,10,259275
4602,0.011985,172.217.194.0-255,5738,249005,10,259275
4603,0.011993,172.31.36.0-255,66,249071,10,259275
4604,0.014368,172.217.194.0-255,5738,254809,10,259275
4605,0.014377,172.31.36.0-255,66,254875,10,259275
4606,0.016756,172.217.194.0-255,4229,259104,10,259275
4607,0.01677,172.31.36.0-255,66,259170,10,259275
4608,0.019986,172.31.36.0-255,105,259275,10,259275
4609,0.0,74.125.24.0-255,150,150,10,174717
4610,2.3e-05,172.31.36.0-255,66,216,10,174717
4611,2.9e-05,74.125.24.0-255,1484,1700,10,174717
4612,3.4e-05,172.31.36.0-255,66,1766,10,174717
4613,3.9e-05,74.125.24.0-255,2902,4668,10,174717
4614,4.2e-05,172.31.36.0-255,66,4734,10,174717
4615,5e-05,74.125.24.0-255,7156,11890,10,174717
4616,5.3e-05,172.31.36.0-255,66,11956,10,174717
4617,8.2e-05,74.125.24.0-255,2145,14101,10,174717
4618,8.5e-05,172.31.36.0-255,66,14167,10,174717
4619,0.000227,74.125.24.0-255,1484,15651,10,174717
4620,0.000232,172.31.36.0-255,66,15717,10,174717
4621,0.000237,74.125.24.0-255,2902,18619,10,174717
4622,0.00024,172.31.36.0-255,66,18685,10,174717
4623,0.000244,74.125.24.0-255,1484,20169,10,174717
4624,0.000246,172.31.36.0-255,66,20235,10,174717
4625,0.00027,74.125.24.0-255,4320,24555,10,174717
4626,0.000273,172.31.36.0-255,66,24621,10,174717
4627,0.000311,172.31.36.0-255,66,24687,10,174717
4628,0.000405,172.31.36.0-255,66,24753,10,174717
4629,0.000423,74.125.24.0-255,5738,30491,10,174717
4630,0.000426,172.31.36.0-255,66,30557,10,174717
4631,0.000506,74.125.24.0-255,2902,33459,10,174717
4632,0.000512,172.31.36.0-255,66,33525,10,174717
4633,0.000539,172.31.36.0-255,66,33591,10,174717
4634,0.000578,74.125.24.0-255,364,33955,10,174717
4635,0.000581,172.31.36.0-255,66,34021,10,174717
4636,0.000691,74.125.24.0-255,380,34401,10,174717
4637,0.000695,172.31.36.0-255,66,34467,10,174717
4638,0.000849,74.125.24.0-255,1484,35951,10,174717
4639,0.000864,74.125.24.0-255,2902,38853,10,174717
4640,0.000883,74.125.24.0-255,5738,44591,10,174717
4641,0.000889,172.31.36.0-255,66,44657,10,174717
4642,0.000919,74.125.24.0-255,2902,47559,10,174717
4643,0.000928,172.31.36.0-255,66,47625,10,174717
4644,0.000965,172.31.36.0-255,66,47691,10,174717
4645,0.001014,74.125.24.0-255,4320,52011,10,174717
4646,0.001028,74.125.24.0-255,4320,56331,10,174717
4647,0.001033,172.31.36.0-255,66,56397,10,174717
4648,0.001076,74.125.24.0-255,2184,58581,10,174717
4649,0.001092,172.31.36.0-255,66,58647,10,174717
4650,0.00157,74.125.24.0-255,1484,60131,10,174717
4651,0.001575,74.125.24.0-255,1484,61615,10,174717
4652,0.001579,172.31.36.0-255,66,61681,10,174717
4653,0.001607,74.125.24.0-255,1484,63165,10,174717
4654,0.001614,74.125.24.0-255,5738,68903,10,174717
4655,0.001618,172.31.36.0-255,66,68969,10,174717
4656,0.001627,74.125.24.0-255,1484,70453,10,174717
4657,0.001631,74.125.24.0-255,1484,71937,10,174717
4658,0.001659,74.125.24.0-255,7156,79093,10,174717
4659,0.001665,172.31.36.0-255,66,79159,10,174717
4660,0.001706,74.125.24.0-255,4320,83479,10,174717
4661,0.001712,172.31.36.0-255,66,83545,10,174717
4662,0.001746,172.31.36.0-255,66,83611,10,174717
4663,0.001806,74.125.24.0-255,4320,87931,10,174717
4664,0.001826,74.125.24.0-255,5738,93669,10,174717
4665,0.001834,172.31.36.0-255,66,93735,10,174717
4666,0.0019,74.125.24.0-255,1484,95219,10,174717
4667,0.001903,172.31.36.0-255,66,95285,10,174717
4668,0.001972,74.125.24.0-255,5738,101023,10,174717
4669,0.001978,172.31.36.0-255,66,101089,10,174717
4670,0.001998,74.125.24.0-255,6438,107527,10,174717
4671,0.002013,172.31.36.0-255,66,107593,10,174717
4672,0.002061,74.125.24.0-255,5738,113331,10,174717
4673,0.002068,172.31.36.0-255,66,113397,10,174717
4674,0.002103,172.31.36.0-255,66,113463,10,174717
4675,0.002137,172.31.36.0-255,66,113529,10,174717
4676,0.002283,74.125.24.0-255,2902,116431,10,174717
4677,0.002287,172.31.36.0-255,66,116497,10,174717
4678,0.002304,74.125.24.0-255,5020,121517,10,174717
4679,0.002323,172.31.36.0-255,66,121583,10,174717
4680,0.002332,74.125.24.0-255,4320,125903,10,174717
4681,0.002338,172.31.36.0-255,66,125969,10,174717
4682,0.002374,74.125.24.0-255,7156,133125,10,174717
4683,0.00239,74.125.24.0-255,2902,136027,10,174717
4684,0.002392,172.31.36.0-255,66,136093,10,174717
4685,0.002397,172.31.36.0-255,66,136159,10,174717
4686,0.002507,74.125.24.0-255,5738,141897,10,174717
4687,0.002513,172.31.36.0-255,66,141963,10,174717
4688,0.002611,172.31.36.0-255,66,142029,10,174717
4689,0.002794,74.125.24.0-255,3602,145631,10,174717
4690,0.006252,172.31.36.0-255,66,145697,10,174717
4691,0.008518,74.125.24.0-255,5738,151435,10,174717
4692,0.008524,172.31.36.0-255,66,151501,10,174717
4693,0.01078,74.125.24.0-255,5738,157239,10,174717
4694,0.010787,172.31.36.0-255,66,157305,10,174717
4695,0.013042,74.125.24.0-255,5738,163043,10,174717
4696,0.01305,172.31.36.0-255,66,163109,10,174717
4697,0.015345,74.125.24.0-255,5738,168847,10,174717
4698,0.015533,172.31.36.0-255,66,168913,10,174717
4699,0.017825,74.125.24.0-255,5738,174651,10,174717
4700,0.017834,172.31.36.0-255,66,174717,10,174717
4701,0.0,172.31.36.0-255,105,105,10,105
4702,0.0,172.217.194.0-255,153,153,10,171481
4703,2.3e-05,172.31.36.0-255,66,219,10,171481
4704,3.1e-05,172.217.194.0-255,1484,1703,10,171481
4705,3.5e-05,172.31.36.0-255,66,1769,10,171481
4706,4e-05,172.217.194.0-255,2902,4671,10,171481
4707,5.2e-05,172.31.36.0-255,66,4737,10,171481
4708,6e-05,172.217.194.0-255,7156,11893,10,171481
4709,6.3e-05,172.31.36.0-255,66,11959,10,171481
4710,8e-05,172.31.36.0-255,66,12025,10,171481
4711,0.000103,172.217.194.0-255,4922,16947,10,171481
4712,0.000106,172.31.36.0-255,66,17013,10,171481
4713,0.000113,172.217.194.0-255,1484,18497,10,171481
4714,0.000116,172.31.36.0-255,66,18563,10,171481
4715,0.000119,172.217.194.0-255,1125,19688,10,171481
4716,0.000121,172.31.36.0-255,66,19754,10,171481
4717,0.000147,172.217.194.0-255,1484,21238,10,171481
4718,0.00015,172.31.36.0-255,66,21304,10,171481
4719,0.000158,172.217.194.0-255,1484,22788,10,171481
4720,0.00016,172.31.36.0-255,66,22854,10,171481
4721,0.000164,172.217.194.0-255,2902,25756,10,171481
4722,0.000167,172.31.36.0-255,66,25822,10,171481
4723,0.000171,172.217.194.0-255,2902,28724,10,171481
4724,0.000173,172.31.36.0-255,66,28790,10,171481
4725,0.000205,172.217.194.0-255,2902,31692,10,171481
4726,0.000208,172.31.36.0-255,66,31758,10,171481
4727,0.000222,172.31.36.0-255,66,31824,10,171481
4728,0.000238,172.31.36.0-255,66,31890,10,171481
4729,0.000241,172.217.194.0-255,358,32248,10,171481
4730,0.000243,172.31.36.0-255,66,32314,10,171481
4731,0.000269,172.217.194.0-255,387,32701,10,171481
4732,0.000425,172.217.194.0-255,1484,34185,10,171481
4733,0.000431,172.31.36.0-255,66,34251,10,171481
4734,0.000436,172.217.194.0-255,2902,37153,10,171481
4735,0.000439,172.31.36.0-255,66,37219,10,171481
4736,0.000449,172.217.194.0-255,5738,42957,10,171481
4737,0.000452,172.31.36.0-255,66,43023,10,171481
4738,0.000483,172.217.194.0-255,6246,49269,10,171481
4739,0.000485,172.31.36.0-255,66,49335,10,171481
4740,0.000735,172.217.194.0-255,1484,50819,10,171481
4741,0.000742,172.217.194.0-255,2902,53721,10,171481
4742,0.000746,172.31.36.0-255,66,53787,10,171481
4743,0.000751,172.217.194.0-255,2902,56689,10,171481
4744,0.000754,172.31.36.0-255,66,56755,10,171481
4745,0.00078,172.217.194.0-255,2902,59657,10,171481
4746,0.000783,172.31.36.0-255,66,59723,10,171481
4747,0.000802,172.31.36.0-255,66,59789,10,171481
4748,0.00084,172.31.36.0-255,66,59855,10,171481
4749,0.000858,172.217.194.0-255,2184,62039,10,171481
4750,0.000861,172.31.36.0-255,66,62105,10,171481
4751,0.001581,172.217.194.0-255,1484,63589,10,171481
4752,0.001588,172.217.194.0-255,2902,66491,10,171481
4753,0.001592,172.31.36.0-255,66,66557,10,171481
4754,0.001598,172.217.194.0-255,2902,69459,10,171481
4755,0.0016,172.31.36.0-255,66,69525,10,171481
4756,0.001628,172.217.194.0-255,2902,72427,10,171481
4757,0.001635,172.31.36.0-255,66,72493,10,171481
4758,0.001649,172.31.36.0-255,66,72559,10,171481
4759,0.001662,172.31.36.0-255,66,72625,10,171481
4760,0.001885,172.217.194.0-255,1484,74109,10,171481
4761,0.001891,172.217.194.0-255,1484,75593,10,171481
4762,0.001894,172.31.36.0-255,66,75659,10,171481
4763,0.001921,172.217.194.0-255,1484,77143,10,171481
4764,0.001929,172.217.194.0-255,5738,82881,10,171481
4765,0.001931,172.31.36.0-255,66,82947,10,171481
4766,0.001939,172.217.194.0-255,7156,90103,10,171481
4767,0.001942,172.31.36.0-255,66,90169,10,171481
4768,0.001978,172.217.194.0-255,5738,95907,10,171481
4769,0.001981,172.31.36.0-255,66,95973,10,171481
4770,0.001992,172.31.36.0-255,66,96039,10,171481
4771,0.001999,172.217.194.0-255,766,96805,10,171481
4772,0.002351,172.217.194.0-255,1484,98289,10,171481
4773,0.002355,172.31.36.0-255,66,98355,10,171481
4774,0.002361,172.217.194.0-255,2902,101257,10,171481
4775,0.002363,172.31.36.0-255,66,101323,10,171481
4776,0.002388,172.217.194.0-255,5738,107061,10,171481
4777,0.00239,172.31.36.0-255,66,107127,10,171481
4778,0.002395,172.217.194.0-255,2902,110029,10,171481
4779,0.002396,172.31.36.0-255,66,110095,10,171481
4780,0.002449,172.217.194.0-255,5738,115833,10,171481
4781,0.002452,172.31.36.0-255,66,115899,10,171481
4782,0.00247,172.31.36.0-255,66,115965,10,171481
4783,0.002476,172.217.194.0-255,5020,120985,10,171481
4784,0.002478,172.31.36.0-255,66,121051,10,171481
4785,0.002551,172.217.194.0-255,1484,122535,10,171481
4786,0.002557,172.217.194.0-255,2902,125437,10,171481
4787,0.002562,172.31.36.0-255,66,125503,10,171481
4788,0.002594,172.217.194.0-255,5738,131241,10,171481
4789,0.002596,172.31.36.0-255,66,131307,10,171481
4790,0.002609,172.31.36.0-255,66,131373,10,171481
4791,0.002637,172.217.194.0-255,2902,134275,10,171481
4792,0.002639,172.31.36.0-255,66,134341,10,171481
4793,0.002654,172.31.36.0-255,66,134407,10,171481
4794,0.002663,172.217.194.0-255,2184,136591,10,171481
4795,0.002666,172.31.36.0-255,66,136657,10,171481
4796,0.005263,172.217.194.0-255,5738,142395,10,171481
4797,0.00527,172.31.36.0-255,66,142461,10,171481
4798,0.007851,172.217.194.0-255,5738,148199,10,171481
4799,0.00786,172.31.36.0-255,66,148265,10,171481
4800,0.010452,172.217.194.0-255,5738,154003,10,171481
4801,0.010457,172.31.36.0-255,66,154069,10,171481
4802,0.013075,172.217.194.0-255,5738,159807,10,171481
4803,0.013083,172.31.36.0-255,66,159873,10,171481
4804,0.015674,172.217.194.0-255,5738,165611,10,171481
4805,0.015682,172.31.36.0-255,66,165677,10,171481
4806,0.018318,172.217.194.0-255,5738,171415,10,171481
4807,0.018329,172.31.36.0-255,66,171481,10,171481
4808,0.0,74.125.24.0-255,150,150,10,301680
4809,2.2e-05,172.31.36.0-255,66,216,10,301680
4810,2.8e-05,74.125.24.0-255,1484,1700,10,301680
4811,3.2e-05,172.31.36.0-255,66,1766,10,301680
4812,3.7e-05,74.125.24.0-255,2902,4668,10,301680
4813,4e-05,172.31.36.0-255,66,4734,10,301680
4814,5.6e-05,74.125.24.0-255,7156,11890,10,301680
4815,5.9e-05,172.31.36.0-255,66,11956,10,301680
4816,0.00012,172.31.36.0-255,66,12022,10,301680
4817,0.000125,74.125.24.0-255,4320,16342,10,301680
4818,0.000127,172.31.36.0-255,66,16408,10,301680
4819,0.000153,74.125.24.0-255,2543,18951,10,301680
4820,0.000156,172.31.36.0-255,66,19017,10,301680
4821,0.000255,74.125.24.0-255,1484,20501,10,301680
4822,0.000259,172.31.36.0-255,66,20567,10,301680
4823,0.000264,74.125.24.0-255,2902,23469,10,301680
4824,0.000267,172.31.36.0-255,66,23535,10,301680
4825,0.000279,74.125.24.0-255,5738,29273,10,301680
4826,0.000281,172.31.36.0-255,66,29339,10,301680
4827,0.000306,74.125.24.0-255,4320,33659,10,301680
4828,0.000308,172.31.36.0-255,66,33725,10,301680
4829,0.000342,74.125.24.0-255,5379,39104,10,301680
4830,0.000346,172.31.36.0-255,66,39170,10,301680
4831,0.000375,74.125.24.0-255,4320,43490,10,301680
4832,0.000379,172.31.36.0-255,66,43556,10,301680
4833,0.000385,74.125.24.0-255,5738,49294,10,301680
4834,0.000387,172.31.36.0-255,66,49360,10,301680
4835,0.000413,74.125.24.0-255,4233,53593,10,301680
4836,0.000415,172.31.36.0-255,66,53659,10,301680
4837,0.000418,74.125.24.0-255,126,53785,10,301680
4838,0.000421,172.31.36.0-255,66,53851,10,301680
4839,0.00052,74.125.24.0-255,1484,55335,10,301680
4840,0.000528,74.125.24.0-255,2902,58237,10,301680
4841,0.000553,74.125.24.0-255,5738,63975,10,301680
4842,0.000622,74.125.24.0-255,2902,66877,10,301680
4843,0.000636,74.125.24.0-255,5738,72615,10,301680
4844,0.00065,74.125.24.0-255,2902,75517,10,301680
4845,0.000654,74.125.24.0-255,1892,77409,10,301680
4846,0.000702,172.31.36.0-255,66,77475,10,301680
4847,0.000766,74.125.24.0-255,1484,78959,10,301680
4848,0.00077,74.125.24.0-255,1484,80443,10,301680
4849,0.000782,74.125.24.0-255,1484,81927,10,301680
4850,0.000787,74.125.24.0-255,4320,86247,10,301680
4851,0.000793,172.31.36.0-255,66,86313,10,301680
4852,0.000812,74.125.24.0-255,1484,87797,10,301680
4853,0.000818,74.125.24.0-255,5738,93535,10,301680
4854,0.000856,74.125.24.0-255,1125,94660,10,301680
4855,0.000867,172.31.36.0-255,66,94726,10,301680
4856,0.001065,74.125.24.0-255,1484,96210,10,301680
4857,0.00107,74.125.24.0-255,2902,99112,10,301680
4858,0.001091,74.125.24.0-255,5738,104850,10,301680
4859,0.001107,74.125.24.0-255,5738,110588,10,301680
4860,0.001126,172.31.36.0-255,66,110654,10,301680
4861,0.001134,74.125.24.0-255,5738,116392,10,301680
4862,0.001161,172.31.36.0-255,66,116458,10,301680
4863,0.001166,74.125.24.0-255,2184,118642,10,301680
4864,0.001203,172.31.36.0-255,66,118708,10,301680
4865,0.00135,74.125.24.0-255,1484,120192,10,301680
4866,0.001357,74.125.24.0-255,2902,123094,10,301680
4867,0.001362,74.125.24.0-255,2902,125996,10,301680
4868,0.001377,74.125.24.0-255,2902,128898,10,301680
4869,0.001382,74.125.24.0-255,4320,133218,10,301680
4870,0.001389,172.31.36.0-255,66,133284,10,301680
4871,0.001468,172.31.36.0-255,66,133350,10,301680
4872,0.001692,74.125.24.0-255,1484,134834,10,301680
4873,0.001699,74.125.24.0-255,2902,137736,10,301680
4874,0.001702,74.125.24.0-255,1484,139220,10,301680
4875,0.001722,74.125.24.0-255,4320,143540,10,301680
4876,0.001725,74.125.24.0-255,1484,145024,10,301680
4877,0.001741,74.125.24.0-255,7156,152180,10,301680
4878,0.001751,172.31.36.0-255,66,152246,10,301680
4879,0.001757,74.125.24.0-255,4320,156566,10,301680
4880,0.001759,74.125.24.0-255,1484,158050,10,301680
4881,0.001763,172.31.36.0-255,66,158116,10,301680
4882,0.001814,74.125.24.0-255,5738,163854,10,301680
4883,0.001817,74.125.24.0-255,1484,165338,10,301680
4884,0.001823,172.31.36.0-255,66,165404,10,301680
4885,0.001848,74.125.24.0-255,5738,171142,10,301680
4886,0.001864,74.125.24.0-255,4320,175462,10,301680
4887,0.001879,74.125.24.0-255,2184,177646,10,301680
4888,0.001889,172.31.36.0-255,66,177712,10,301680
4889,0.002315,74.125.24.0-255,1484,179196,10,301680
4890,0.002334,74.125.24.0-255,2902,182098,10,301680
4891,0.002338,172.31.36.0-255,66,182164,10,301680
4892,0.002366,74.125.24.0-255,5738,187902,10,301680
4893,0.002371,74.125.24.0-255,2902,190804,10,301680
4894,0.002385,172.31.36.0-255,66,190870,10,301680
4895,0.00241,172.31.36.0-255,66,190936,10,301680
4896,0.00243,74.125.24.0-255,7156,198092,10,301680
4897,0.00244,172.31.36.0-255,66,198158,10,301680
4898,0.002451,74.125.24.0-255,3602,201760,10,301680
4899,0.00246,172.31.36.0-255,66,201826,10,301680
4900,0.002764,74.125.24.0-255,1484,203310,10,301680
4901,0.002787,74.125.24.0-255,1484,204794,10,301680
4902,0.002791,172.31.36.0-255,66,204860,10,301680
4903,0.002813,74.125.24.0-255,2902,207762,10,301680
4904,0.002818,74.125.24.0-255,2902,210664,10,301680
4905,0.002845,74.125.24.0-255,7156,217820,10,301680
4906,0.00287,172.31.36.0-255,66,217886,10,301680
4907,0.002883,74.125.24.0-255,5738,223624,10,301680
4908,0.002897,172.31.36.0-255,66,223690,10,301680
4909,0.002922,74.125.24.0-255,2184,225874,10,301680
4910,0.002949,172.31.36.0-255,66,225940,10,301680
4911,0.00306,74.125.24.0-255,1484,227424,10,301680
4912,0.003065,74.125.24.0-255,1484,228908,10,301680
4913,0.003077,172.31.36.0-255,66,228974,10,301680
4914,0.003081,74.125.24.0-255,1484,230458,10,301680
4915,0.003088,74.125.24.0-255,5738,236196,10,301680
4916,0.003107,74.125.24.0-255,5738,241934,10,301680
4917,0.00311,172.31.36.0-255,66,242000,10,301680
4918,0.003118,74.125.24.0-255,1484,243484,10,301680
4919,0.00315,74.125.24.0-255,4320,247804,10,301680
4920,0.003154,74.125.24.0-255,2184,249988,10,301680
4921,0.00317,172.31.36.0-255,66,250054,10,301680
4922,0.003235,74.125.24.0-255,1484,251538,10,301680
4923,0.003238,74.125.24.0-255,1484,253022,10,301680
4924,0.003244,172.31.36.0-255,66,253088,10,301680
4925,0.003253,74.125.24.0-255,1484,254572,10,301680
4926,0.003262,74.125.24.0-255,4320,258892,10,301680
4927,0.00328,74.125.24.0-255,1484,260376,10,301680
4928,0.003283,172.31.36.0-255,66,260442,10,301680
4929,0.003322,74.125.24.0-255,4320,264762,10,301680
4930,0.003327,172.31.36.0-255,66,264828,10,301680
4931,0.003351,74.125.24.0-255,1484,266312,10,301680
4932,0.003382,172.31.36.0-255,66,266378,10,301680
4933,0.003388,74.125.24.0-255,5738,272116,10,301680
4934,0.003393,172.31.36.0-255,66,272182,10,301680
4935,0.003419,74.125.24.0-255,5020,277202,10,301680
4936,0.003422,74.125.24.0-255,1484,278686,10,301680
4937,0.003437,74.125.24.0-255,4320,283006,10,301680
4938,0.003443,172.31.36.0-255,66,283072,10,301680
4939,0.003467,74.125.24.0-255,2902,285974,10,301680
4940,0.003483,172.31.36.0-255,66,286040,10,301680
4941,0.003487,74.125.24.0-255,2902,288942,10,301680
4942,0.003492,172.31.36.0-255,66,289008,10,301680
4943,0.003507,74.125.24.0-255,1484,290492,10,301680
4944,0.003532,74.125.24.0-255,5738,296230,10,301680
4945,0.003555,74.125.24.0-255,4945,301175,10,301680
4946,0.003558,74.125.24.0-255,97,301272,10,301680
4947,0.003576,172.31.36.0-255,66,301338,10,301680
4948,0.003652,74.125.24.0-255,105,301443,10,301680
4949,0.004919,172.31.36.0-255,66,301509,10,301680
4950,0.004951,172.31.36.0-255,105,301614,10,301680
4951,0.007253,74.125.24.0-255,66,301680,10,301680
4952,0.0,74.125.24.0-255,297,297,10,174108
4953,1.5e-05,172.31.36.0-255,66,363,10,174108
4954,2.2e-05,74.125.24.0-255,1484,1847,10,174108
4955,2.6e-05,172.31.36.0-255,66,1913,10,174108
4956,3.4e-05,74.125.24.0-255,4320,6233,10,174108
4957,3.7e-05,172.31.36.0-255,66,6299,10,174108
4958,4.8e-05,172.31.36.0-255,66,6365,10,174108
4959,7.7e-05,172.31.36.0-255,66,6431,10,174108
4960,9.4e-05,74.125.24.0-255,4320,10751,10,174108
4961,9.7e-05,172.31.36.0-255,66,10817,10,174108
4962,0.000118,74.125.24.0-255,1484,12301,10,174108
4963,0.00012,172.31.36.0-255,66,12367,10,174108
4964,0.000136,74.125.24.0-255,2543,14910,10,174108
4965,0.000139,172.31.36.0-255,66,14976,10,174108
4966,0.0004,74.125.24.0-255,1484,16460,10,174108
4967,0.000406,172.31.36.0-255,66,16526,10,174108
4968,0.000427,74.125.24.0-255,2902,19428,10,174108
4969,0.000431,172.31.36.0-255,66,19494,10,174108
4970,0.000438,74.125.24.0-255,5738,25232,10,174108
4971,0.000441,172.31.36.0-255,66,25298,10,174108
4972,0.000464,74.125.24.0-255,4320,29618,10,174108
4973,0.000467,172.31.36.0-255,66,29684,10,174108
4974,0.000491,74.125.24.0-255,6797,36481,10,174108
4975,0.000493,172.31.36.0-255,66,36547,10,174108
4976,0.000501,74.125.24.0-255,7156,43703,10,174108
4977,0.000504,172.31.36.0-255,66,43769,10,174108
4978,0.000532,74.125.24.0-255,5379,49148,10,174108
4979,0.000535,172.31.36.0-255,66,49214,10,174108
4980,0.000763,74.125.24.0-255,361,49575,10,174108
4981,0.000768,172.31.36.0-255,66,49641,10,174108
4982,0.000909,74.125.24.0-255,1484,51125,10,174108
4983,0.000915,74.125.24.0-255,2902,54027,10,174108
4984,0.000918,172.31.36.0-255,66,54093,10,174108
4985,0.000922,74.125.24.0-255,1484,55577,10,174108
4986,0.000942,74.125.24.0-255,4320,59897,10,174108
4987,0.000945,172.31.36.0-255,66,59963,10,174108
4988,0.000959,172.31.36.0-255,66,60029,10,174108
4989,0.000975,74.125.24.0-255,1484,61513,10,174108
4990,0.000991,74.125.24.0-255,1484,62997,10,174108
4991,0.000996,172.31.36.0-255,66,63063,10,174108
4992,0.001014,172.31.36.0-255,66,63129,10,174108
4993,0.001017,74.125.24.0-255,383,63512,10,174108
4994,0.001254,74.125.24.0-255,1484,64996,10,174108
4995,0.001259,172.31.36.0-255,66,65062,10,174108
4996,0.001265,74.125.24.0-255,2902,67964,10,174108
4997,0.001267,172.31.36.0-255,66,68030,10,174108
4998,0.00127,74.125.24.0-255,1484,69514,10,174108
4999,0.001286,74.125.24.0-255,4320,73834,10,174108
5000,0.001288,172.31.36.0-255,66,73900,10,174108
5001,0.001307,74.125.24.0-255,5738,79638,10,174108
5002,0.00131,172.31.36.0-255,66,79704,10,174108
5003,0.001341,74.125.24.0-255,7156,86860,10,174108
5004,0.001345,172.31.36.0-255,66,86926,10,174108
5005,0.001356,172.31.36.0-255,66,86992,10,174108
5006,0.00136,74.125.24.0-255,766,87758,10,174108
5007,0.001483,74.125.24.0-255,1484,89242,10,174108
5008,0.001487,172.31.36.0-255,66,89308,10,174108
5009,0.001493,74.125.24.0-255,2902,92210,10,174108
5010,0.001495,172.31.36.0-255,66,92276,10,174108
5011,0.001502,74.125.24.0-255,5738,98014,10,174108
5012,0.001504,172.31.36.0-255,66,98080,10,174108
5013,0.001522,74.125.24.0-255,2902,100982,10,174108
5014,0.001526,172.31.36.0-255,66,101048,10,174108
5015,0.001547,172.31.36.0-255,66,101114,10,174108
5016,0.001582,74.125.24.0-255,2902,104016,10,174108
5017,0.001585,172.31.36.0-255,66,104082,10,174108
5018,0.001606,74.125.24.0-255,4320,108402,10,174108
5019,0.001609,172.31.36.0-255,66,108468,10,174108
5020,0.001625,74.125.24.0-255,3602,112070,10,174108
5021,0.001628,172.31.36.0-255,66,112136,10,174108
5022,0.001994,74.125.24.0-255,1484,113620,10,174108
5023,0.002,74.125.24.0-255,2902,116522,10,174108
5024,0.002003,172.31.36.0-255,66,116588,10,174108
5025,0.002053,74.125.24.0-255,5738,122326,10,174108
5026,0.002056,172.31.36.0-255,66,122392,10,174108
5027,0.002071,172.31.36.0-255,66,122458,10,174108
5028,0.002076,74.125.24.0-255,4320,126778,10,174108
5029,0.002078,172.31.36.0-255,66,126844,10,174108
5030,0.002128,74.125.24.0-255,2902,129746,10,174108
5031,0.002132,172.31.36.0-255,66,129812,10,174108
5032,0.002151,74.125.24.0-255,3602,133414,10,174108
5033,0.002154,172.31.36.0-255,66,133480,10,174108
5034,0.004492,74.125.24.0-255,5738,139218,10,174108
5035,0.0045,172.31.36.0-255,66,139284,10,174108
5036,0.006843,74.125.24.0-255,5738,145022,10,174108
5037,0.006851,172.31.36.0-255,66,145088,10,174108
5038,0.009171,74.125.24.0-255,5738,150826,10,174108
5039,0.009179,172.31.36.0-255,66,150892,10,174108
5040,0.011531,74.125.24.0-255,5738,156630,10,174108
5041,0.011539,172.31.36.0-255,66,156696,10,174108
5042,0.013906,74.125.24.0-255,5738,162434,10,174108
5043,0.013916,172.31.36.0-255,66,162500,10,174108
5044,0.016292,74.125.24.0-255,5738,168238,10,174108
5045,0.016305,172.31.36.0-255,66,168304,10,174108
5046,0.018657,74.125.24.0-255,5738,174042,10,174108
5047,0.018667,172.31.36.0-255,66,174108,10,174108
5048,0.0,74.125.24.0-255,149,149,10,246993
5049,2.5e-05,172.31.36.0-255,66,215,10,246993
5050,6e-05,74.125.24.0-255,1484,1699,10,246993
5051,6.5e-05,172.31.36.0-255,66,1765,10,246993
5052,7.1e-05,74.125.24.0-255,2902,4667,10,246993
5053,7.5e-05,172.31.36.0-255,66,4733,10,246993
5054,0.000109,74.125.24.0-255,5738,10471,10,246993
5055,0.000113,172.31.36.0-255,66,10537,10,246993
5056,0.000119,74.125.24.0-255,3430,13967,10,246993
5057,0.000121,172.31.36.0-255,66,14033,10,246993
5058,0.000158,172.31.36.0-255,66,14099,10,246993
5059,0.000164,74.125.24.0-255,4320,18419,10,246993
5060,0.000167,172.31.36.0-255,66,18485,10,246993
5061,0.000206,74.125.24.0-255,1125,19610,10,246993
5062,0.000209,172.31.36.0-255,66,19676,10,246993
5063,0.00039,74.125.24.0-255,1484,21160,10,246993
5064,0.000395,172.31.36.0-255,66,21226,10,246993
5065,0.000401,74.125.24.0-255,2902,24128,10,246993
5066,0.000405,172.31.36.0-255,66,24194,10,246993
5067,0.000438,74.125.24.0-255,5738,29932,10,246993
5068,0.000441,172.31.36.0-255,66,29998,10,246993
5069,0.000462,74.125.24.0-255,6797,36795,10,246993
5070,0.000465,172.31.36.0-255,66,36861,10,246993
5071,0.000494,74.125.24.0-255,7156,44017,10,246993
5072,0.000497,172.31.36.0-255,66,44083,10,246993
5073,0.000532,74.125.24.0-255,7156,51239,10,246993
5074,0.000534,172.31.36.0-255,66,51305,10,246993
5075,0.000559,74.125.24.0-255,2854,54159,10,246993
5076,0.000561,172.31.36.0-255,66,54225,10,246993
5077,0.000585,74.125.24.0-255,110,54335,10,246993
5078,0.000587,172.31.36.0-255,66,54401,10,246993
5079,0.000707,74.125.24.0-255,1484,55885,10,246993
5080,0.000714,74.125.24.0-255,2902,58787,10,246993
5081,0.000719,172.31.36.0-255,66,58853,10,246993
5082,0.000765,74.125.24.0-255,5738,64591,10,246993
5083,0.000782,74.125.24.0-255,1484,66075,10,246993
5084,0.000799,74.125.24.0-255,2902,68977,10,246993
5085,0.000802,74.125.24.0-255,1484,70461,10,246993
5086,0.000808,172.31.36.0-255,66,70527,10,246993
5087,0.000834,74.125.24.0-255,1484,72011,10,246993
5088,0.000841,74.125.24.0-255,7156,79167,10,246993
5089,0.000866,74.125.24.0-255,5738,84905,10,246993
5090,0.000886,172.31.36.0-255,66,84971,10,246993
5091,0.000912,74.125.24.0-255,3602,88573,10,246993
5092,0.000923,172.31.36.0-255,66,88639,10,246993
5093,0.001195,74.125.24.0-255,1484,90123,10,246993
5094,0.001201,74.125.24.0-255,2902,93025,10,246993
5095,0.001205,172.31.36.0-255,66,93091,10,246993
5096,0.001212,74.125.24.0-255,5738,98829,10,246993
5097,0.001234,172.31.36.0-255,66,98895,10,246993
5098,0.001275,74.125.24.0-255,5738,104633,10,246993
5099,0.00128,172.31.36.0-255,66,104699,10,246993
5100,0.001303,74.125.24.0-255,5738,110437,10,246993
5101,0.001322,74.125.24.0-255,7156,117593,10,246993
5102,0.00136,172.31.36.0-255,66,117659,10,246993
5103,0.001421,74.125.24.0-255,5020,122679,10,246993
5104,0.001439,172.31.36.0-255,66,122745,10,246993
5105,0.001575,74.125.24.0-255,1484,124229,10,246993
5106,0.001579,74.125.24.0-255,1484,125713,10,246993
5107,0.001584,172.31.36.0-255,66,125779,10,246993
5108,0.001607,74.125.24.0-255,1484,127263,10,246993
5109,0.001613,74.125.24.0-255,5738,133001,10,246993
5110,0.001648,74.125.24.0-255,2902,135903,10,246993
5111,0.001666,172.31.36.0-255,66,135969,10,246993
5112,0.001827,74.125.24.0-255,1484,137453,10,246993
5113,0.001833,74.125.24.0-255,2902,140355,10,246993
5114,0.001836,172.31.36.0-255,66,140421,10,246993
5115,0.001864,74.125.24.0-255,5738,146159,10,246993
5116,0.001872,74.125.24.0-255,7156,153315,10,246993
5117,0.00188,172.31.36.0-255,66,153381,10,246993
5118,0.001907,74.125.24.0-255,1484,154865,10,246993
5119,0.001945,74.125.24.0-255,5020,159885,10,246993
5120,0.001956,172.31.36.0-255,66,159951,10,246993
5121,0.001986,74.125.24.0-255,1484,161435,10,246993
5122,0.00199,74.125.24.0-255,2902,164337,10,246993
5123,0.002005,172.31.36.0-255,66,164403,10,246993
5124,0.002017,74.125.24.0-255,5738,170141,10,246993
5125,0.002039,74.125.24.0-255,7156,177297,10,246993
5126,0.002064,74.125.24.0-255,5738,183035,10,246993
5127,0.002094,74.125.24.0-255,2184,185219,10,246993
5128,0.002182,74.125.24.0-255,1484,186703,10,246993
5129,0.002186,74.125.24.0-255,1484,188187,10,246993
5130,0.002197,74.125.24.0-255,1484,189671,10,246993
5131,0.002204,74.125.24.0-255,5738,195409,10,246993
5132,0.002262,74.125.24.0-255,2902,198311,10,246993
5133,0.002277,74.125.24.0-255,2184,200495,10,246993
5134,0.002329,74.125.24.0-255,1484,201979,10,246993
5135,0.002346,74.125.24.0-255,2902,204881,10,246993
5136,0.002369,74.125.24.0-255,5738,210619,10,246993
5137,0.002372,74.125.24.0-255,1484,212103,10,246993
5138,0.00501,172.31.36.0-255,66,212169,10,246993
5139,0.007318,74.125.24.0-255,5738,217907,10,246993
5140,0.007324,172.31.36.0-255,66,217973,10,246993
5141,0.009676,74.125.24.0-255,5738,223711,10,246993
5142,0.009686,172.31.36.0-255,66,223777,10,246993
5143,0.012008,74.125.24.0-255,5738,229515,10,246993
5144,0.012021,172.31.36.0-255,66,229581,10,246993
5145,0.014359,74.125.24.0-255,5738,235319,10,246993
5146,0.014373,172.31.36.0-255,66,235385,10,246993
5147,0.016692,74.125.24.0-255,5738,241123,10,246993
5148,0.016704,172.31.36.0-255,66,241189,10,246993
5149,0.019026,74.125.24.0-255,5738,246927,10,246993
5150,0.019035,172.31.36.0-255,66,246993,10,246993
5151,0.0,172.217.194.0-255,153,153,10,258770
5152,3.3e-05,172.31.36.0-255,66,219,10,258770
5153,4e-05,172.217.194.0-255,1484,1703,10,258770
5154,4.4e-05,172.31.36.0-255,66,1769,10,258770
5155,4.9e-05,172.217.194.0-255,2902,4671,10,258770
5156,5.2e-05,172.31.36.0-255,66,4737,10,258770
5157,5.9e-05,172.217.194.0-255,7156,11893,10,258770
5158,6.2e-05,172.31.36.0-255,66,11959,10,258770
5159,9.9e-05,172.217.194.0-255,1994,13953,10,258770
5160,0.000102,172.31.36.0-255,66,14019,10,258770
5161,0.000193,172.217.194.0-255,1484,15503,10,258770
5162,0.000196,172.31.36.0-255,66,15569,10,258770
5163,0.000213,172.217.194.0-255,2902,18471,10,258770
5164,0.000216,172.31.36.0-255,66,18537,10,258770
5165,0.000241,172.217.194.0-255,5738,24275,10,258770
5166,0.000245,172.31.36.0-255,66,24341,10,258770
5167,0.000251,172.217.194.0-255,6797,31138,10,258770
5168,0.000254,172.31.36.0-255,66,31204,10,258770
5169,0.000282,172.217.194.0-255,2902,34106,10,258770
5170,0.000285,172.31.36.0-255,66,34172,10,258770
5171,0.000316,172.31.36.0-255,66,34238,10,258770
5172,0.000342,172.217.194.0-255,2543,36781,10,258770
5173,0.000344,172.31.36.0-255,66,36847,10,258770
5174,0.000363,172.217.194.0-255,2902,39749,10,258770
5175,0.000366,172.31.36.0-255,66,39815,10,258770
5176,0.000393,172.217.194.0-255,7156,46971,10,258770
5177,0.000396,172.31.36.0-255,66,47037,10,258770
5178,0.000402,172.217.194.0-255,4320,51357,10,258770
5179,0.000405,172.31.36.0-255,66,51423,10,258770
5180,0.000427,172.217.194.0-255,1484,52907,10,258770
5181,0.000431,172.31.36.0-255,66,52973,10,258770
5182,0.000451,172.217.194.0-255,1436,54409,10,258770
5183,0.000504,172.217.194.0-255,1484,55893,10,258770
5184,0.000507,172.31.36.0-255,66,55959,10,258770
5185,0.000512,172.217.194.0-255,2902,58861,10,258770
5186,0.000514,172.31.36.0-255,66,58927,10,258770
5187,0.000518,172.217.194.0-255,1484,60411,10,258770
5188,0.000545,172.217.194.0-255,4320,64731,10,258770
5189,0.000548,172.31.36.0-255,66,64797,10,258770
5190,0.000555,172.217.194.0-255,6797,71594,10,258770
5191,0.000557,172.31.36.0-255,66,71660,10,258770
5192,0.000623,172.31.36.0-255,66,71726,10,258770
5193,0.000627,172.217.194.0-255,2263,73989,10,258770
5194,0.000629,172.31.36.0-255,66,74055,10,258770
5195,0.000748,172.217.194.0-255,1484,75539,10,258770
5196,0.000753,172.217.194.0-255,2902,78441,10,258770
5197,0.000756,172.31.36.0-255,66,78507,10,258770
5198,0.000776,172.217.194.0-255,5738,84245,10,258770
5199,0.000779,172.31.36.0-255,66,84311,10,258770
5200,0.000812,172.31.36.0-255,66,84377,10,258770
5201,0.000834,172.217.194.0-255,4320,88697,10,258770
5202,0.000836,172.31.36.0-255,66,88763,10,258770
5203,0.000853,172.217.194.0-255,1484,90247,10,258770
5204,0.000882,172.31.36.0-255,66,90313,10,258770
5205,0.001242,172.217.194.0-255,1484,91797,10,258770
5206,0.001246,172.217.194.0-255,2902,94699,10,258770
5207,0.001249,172.31.36.0-255,66,94765,10,258770
5208,0.001255,172.217.194.0-255,2902,97667,10,258770
5209,0.001257,172.31.36.0-255,66,97733,10,258770
5210,0.00127,172.217.194.0-255,2902,100635,10,258770
5211,0.001273,172.31.36.0-255,66,100701,10,258770
5212,0.001291,172.217.194.0-255,4320,105021,10,258770
5213,0.001294,172.31.36.0-255,66,105087,10,258770
5214,0.001327,172.31.36.0-255,66,105153,10,258770
5215,0.001337,172.31.36.0-255,66,105219,10,258770
5216,0.00136,172.217.194.0-255,2184,107403,10,258770
5217,0.001362,172.31.36.0-255,66,107469,10,258770
5218,0.001606,172.217.194.0-255,1484,108953,10,258770
5219,0.001615,172.217.194.0-255,2902,111855,10,258770
5220,0.001618,172.31.36.0-255,66,111921,10,258770
5221,0.001622,172.217.194.0-255,1484,113405,10,258770
5222,0.001639,172.217.194.0-255,4320,117725,10,258770
5223,0.001641,172.31.36.0-255,66,117791,10,258770
5224,0.001647,172.217.194.0-255,4320,122111,10,258770
5225,0.001648,172.31.36.0-255,66,122177,10,258770
5226,0.001679,172.31.36.0-255,66,122243,10,258770
5227,0.001683,172.217.194.0-255,1484,123727,10,258770
5228,0.001714,172.217.194.0-255,2902,126629,10,258770
5229,0.001719,172.31.36.0-255,66,126695,10,258770
5230,0.001742,172.217.194.0-255,6438,133133,10,258770
5231,0.001746,172.31.36.0-255,66,133199,10,258770
5232,0.001766,172.217.194.0-255,7156,140355,10,258770
5233,0.001769,172.31.36.0-255,66,140421,10,258770
5234,0.001785,172.217.194.0-255,2902,143323,10,258770
5235,0.001788,172.31.36.0-255,66,143389,10,258770
5236,0.0018,172.31.36.0-255,66,143455,10,258770
5237,0.001821,172.217.194.0-255,1484,144939,10,258770
5238,0.001847,172.31.36.0-255,66,145005,10,258770
5239,0.001875,172.31.36.0-255,66,145071,10,258770
5240,0.001895,172.217.194.0-255,4320,149391,10,258770
5241,0.001897,172.31.36.0-255,66,149457,10,258770
5242,0.001919,172.31.36.0-255,66,149523,10,258770
5243,0.001926,172.217.194.0-255,6438,155961,10,258770
5244,0.001928,172.31.36.0-255,66,156027,10,258770
5245,0.002163,172.217.194.0-255,1484,157511,10,258770
5246,0.00217,172.217.194.0-255,2902,160413,10,258770
5247,0.002175,172.31.36.0-255,66,160479,10,258770
5248,0.002182,172.217.194.0-255,5738,166217,10,258770
5249,0.002184,172.31.36.0-255,66,166283,10,258770
5250,0.002205,172.217.194.0-255,2902,169185,10,258770
5251,0.002207,172.31.36.0-255,66,169251,10,258770
5252,0.002237,172.31.36.0-255,66,169317,10,258770
5253,0.002249,172.31.36.0-255,66,169383,10,258770
5254,0.002339,172.217.194.0-255,1484,170867,10,258770
5255,0.002361,172.217.194.0-255,2902,173769,10,258770
5256,0.002364,172.31.36.0-255,66,173835,10,258770
5257,0.00237,172.217.194.0-255,5738,179573,10,258770
5258,0.002373,172.31.36.0-255,66,179639,10,258770
5259,0.002377,172.217.194.0-255,4320,183959,10,258770
5260,0.002381,172.31.36.0-255,66,184025,10,258770
5261,0.002398,172.217.194.0-255,1484,185509,10,258770
5262,0.002405,172.217.194.0-255,5738,191247,10,258770
5263,0.002407,172.31.36.0-255,66,191313,10,258770
5264,0.002433,172.217.194.0-255,7156,198469,10,258770
5265,0.002436,172.31.36.0-255,66,198535,10,258770
5266,0.002441,172.217.194.0-255,5020,203555,10,258770
5267,0.002444,172.31.36.0-255,66,203621,10,258770
5268,0.002519,172.217.194.0-255,1484,205105,10,258770
5269,0.002523,172.217.194.0-255,2902,208007,10,258770
5270,0.002526,172.31.36.0-255,66,208073,10,258770
5271,0.00253,172.217.194.0-255,1484,209557,10,258770
5272,0.002546,172.217.194.0-255,4320,213877,10,258770
5273,0.002548,172.31.36.0-255,66,213943,10,258770
5274,0.002561,172.217.194.0-255,1484,215427,10,258770
5275,0.002593,172.31.36.0-255,66,215493,10,258770
5276,0.002597,172.217.194.0-255,4320,219813,10,258770
5277,0.002599,172.31.36.0-255,66,219879,10,258770
5278,0.002624,172.217.194.0-255,6438,226317,10,258770
5279,0.002627,172.31.36.0-255,66,226383,10,258770
5280,0.002688,172.217.194.0-255,1484,227867,10,258770
5281,0.002691,172.217.194.0-255,1484,229351,10,258770
5282,0.002693,172.31.36.0-255,66,229417,10,258770
5283,0.002709,172.217.194.0-255,1484,230901,10,258770
5284,0.002723,172.217.194.0-255,2902,233803,10,258770
5285,0.002725,172.31.36.0-255,66,233869,10,258770
5286,0.002744,172.217.194.0-255,2902,236771,10,258770
5287,0.002746,172.31.36.0-255,66,236837,10,258770
5288,0.00275,172.217.194.0-255,2902,239739,10,258770
5289,0.002752,172.31.36.0-255,66,239805,10,258770
5290,0.002757,172.217.194.0-255,2902,242707,10,258770
5291,0.002759,172.31.36.0-255,66,242773,10,258770
5292,0.002772,172.31.36.0-255,66,242839,10,258770
5293,0.002806,172.217.194.0-255,6438,249277,10,258770
5294,0.002809,172.31.36.0-255,66,249343,10,258770
5295,0.002815,172.217.194.0-255,7156,256499,10,258770
5296,0.002817,172.31.36.0-255,66,256565,10,258770
5297,0.002836,172.217.194.0-255,1797,258362,10,258770
5298,0.002839,172.31.36.0-255,66,258428,10,258770
5299,0.002889,172.217.194.0-255,105,258533,10,258770
5300,0.005336,172.31.36.0-255,66,258599,10,258770
5301,0.005363,172.31.36.0-255,105,258704,10,258770
5302,0.007882,172.217.194.0-255,66,258770,10,258770
5303,0.0,74.125.68.0-255,153,153,10,225276
5304,1.5e-05,172.31.36.0-255,66,219,10,225276
5305,2.1e-05,74.125.68.0-255,1484,1703,10,225276
5306,2.6e-05,172.31.36.0-255,66,1769,10,225276
5307,5.6e-05,74.125.68.0-255,2902,4671,10,225276
5308,6e-05,172.31.36.0-255,66,4737,10,225276
5309,8.1e-05,74.125.68.0-255,2902,7639,10,225276
5310,8.4e-05,172.31.36.0-255,66,7705,10,225276
5311,0.000107,74.125.68.0-255,2902,10607,10,225276
5312,0.000109,172.31.36.0-255,66,10673,10,225276
5313,0.000138,74.125.68.0-255,1484,12157,10,225276
5314,0.00014,172.31.36.0-255,66,12223,10,225276
5315,0.000145,74.125.68.0-255,2027,14250,10,225276
5316,0.000147,172.31.36.0-255,66,14316,10,225276
5317,0.000152,74.125.68.0-255,2902,17218,10,225276
5318,0.000158,172.31.36.0-255,66,17284,10,225276
5319,0.000164,74.125.68.0-255,4320,21604,10,225276
5320,0.000167,172.31.36.0-255,66,21670,10,225276
5321,0.000197,74.125.68.0-255,2902,24572,10,225276
5322,0.0002,172.31.36.0-255,66,24638,10,225276
5323,0.000205,74.125.68.0-255,2902,27540,10,225276
5324,0.000207,172.31.36.0-255,66,27606,10,225276
5325,0.000213,74.125.68.0-255,3961,31567,10,225276
5326,0.000215,172.31.36.0-255,66,31633,10,225276
5327,0.00031,74.125.68.0-255,1484,33117,10,225276
5328,0.000314,172.31.36.0-255,66,33183,10,225276
5329,0.000319,74.125.68.0-255,2902,36085,10,225276
5330,0.000322,172.31.36.0-255,66,36151,10,225276
5331,0.000362,74.125.68.0-255,4320,40471,10,225276
5332,0.000365,172.31.36.0-255,66,40537,10,225276
5333,0.000393,74.125.68.0-255,5738,46275,10,225276
5334,0.000396,172.31.36.0-255,66,46341,10,225276
5335,0.000428,74.125.68.0-255,6797,53138,10,225276
5336,0.00043,172.31.36.0-255,66,53204,10,225276
5337,0.000437,74.125.68.0-255,5738,58942,10,225276
5338,0.000439,172.31.36.0-255,66,59008,10,225276
5339,0.000459,74.125.68.0-255,2902,61910,10,225276
5340,0.000462,172.31.36.0-255,66,61976,10,225276
5341,0.000489,74.125.68.0-255,4274,66250,10,225276
5342,0.000492,172.31.36.0-255,66,66316,10,225276
5343,0.000496,74.125.68.0-255,113,66429,10,225276
5344,0.000531,74.125.68.0-255,327,66756,10,225276
5345,0.00075,74.125.68.0-255,1484,68240,10,225276
5346,0.000756,172.31.36.0-255,66,68306,10,225276
5347,0.000774,74.125.68.0-255,2902,71208,10,225276
5348,0.000777,172.31.36.0-255,66,71274,10,225276
5349,0.00078,74.125.68.0-255,1484,72758,10,225276
5350,0.000785,74.125.68.0-255,2902,75660,10,225276
5351,0.000787,172.31.36.0-255,66,75726,10,225276
5352,0.000817,74.125.68.0-255,5738,81464,10,225276
5353,0.00082,172.31.36.0-255,66,81530,10,225276
5354,0.000824,74.125.68.0-255,1484,83014,10,225276
5355,0.000856,172.31.36.0-255,66,83080,10,225276
5356,0.000886,74.125.68.0-255,4320,87400,10,225276
5357,0.000889,172.31.36.0-255,66,87466,10,225276
5358,0.000913,74.125.68.0-255,5020,92486,10,225276
5359,0.000916,172.31.36.0-255,66,92552,10,225276
5360,0.001152,74.125.68.0-255,1484,94036,10,225276
5361,0.001166,74.125.68.0-255,2902,96938,10,225276
5362,0.00117,172.31.36.0-255,66,97004,10,225276
5363,0.001199,74.125.68.0-255,5738,102742,10,225276
5364,0.001202,172.31.36.0-255,66,102808,10,225276
5365,0.001209,74.125.68.0-255,7156,109964,10,225276
5366,0.001211,172.31.36.0-255,66,110030,10,225276
5367,0.00125,172.31.36.0-255,66,110096,10,225276
5368,0.001268,74.125.68.0-255,4320,114416,10,225276
5369,0.001271,172.31.36.0-255,66,114482,10,225276
5370,0.001291,74.125.68.0-255,2184,116666,10,225276
5371,0.001299,172.31.36.0-255,66,116732,10,225276
5372,0.001498,74.125.68.0-255,1484,118216,10,225276
5373,0.001511,74.125.68.0-255,2902,121118,10,225276
5374,0.001514,172.31.36.0-255,66,121184,10,225276
5375,0.001534,74.125.68.0-255,5738,126922,10,225276
5376,0.001537,172.31.36.0-255,66,126988,10,225276
5377,0.001541,74.125.68.0-255,2902,129890,10,225276
5378,0.001543,172.31.36.0-255,66,129956,10,225276
5379,0.001566,74.125.68.0-255,4320,134276,10,225276
5380,0.001568,172.31.36.0-255,66,134342,10,225276
5381,0.001571,74.125.68.0-255,1484,135826,10,225276
5382,0.001615,74.125.68.0-255,7156,142982,10,225276
5383,0.001618,172.31.36.0-255,66,143048,10,225276
5384,0.001624,74.125.68.0-255,4320,147368,10,225276
5385,0.001626,172.31.36.0-255,66,147434,10,225276
5386,0.001649,74.125.68.0-255,3602,151036,10,225276
5387,0.001651,172.31.36.0-255,66,151102,10,225276
5388,0.001968,74.125.68.0-255,1484,152586,10,225276
5389,0.001984,74.125.68.0-255,2902,155488,10,225276
5390,0.001987,172.31.36.0-255,66,155554,10,225276
5391,0.00199,74.125.68.0-255,1484,157038,10,225276
5392,0.002022,74.125.68.0-255,2902,159940,10,225276
5393,0.002024,172.31.36.0-255,66,160006,10,225276
5394,0.002048,74.125.68.0-255,1484,161490,10,225276
5395,0.002052,74.125.68.0-255,2902,164392,10,225276
5396,0.002054,172.31.36.0-255,66,164458,10,225276
5397,0.002082,74.125.68.0-255,5738,170196,10,225276
5398,0.002084,172.31.36.0-255,66,170262,10,225276
5399,0.002106,74.125.68.0-255,2902,173164,10,225276
5400,0.002108,172.31.36.0-255,66,173230,10,225276
5401,0.002145,74.125.68.0-255,1484,174714,10,225276
5402,0.002187,74.125.68.0-255,2902,177616,10,225276
5403,0.00219,172.31.36.0-255,66,177682,10,225276
5404,0.002226,74.125.68.0-255,1484,179166,10,225276
5405,0.002268,74.125.68.0-255,1484,180650,10,225276
5406,0.002271,172.31.36.0-255,66,180716,10,225276
5407,0.002309,74.125.68.0-255,1484,182200,10,225276
5408,0.002321,74.125.68.0-255,2902,185102,10,225276
5409,0.002323,172.31.36.0-255,66,185168,10,225276
5410,0.002344,74.125.68.0-255,766,185934,10,225276
5411,0.002653,172.31.36.0-255,66,186000,10,225276
5412,0.004802,74.125.68.0-255,4320,190320,10,225276
5413,0.004809,172.31.36.0-255,66,190386,10,225276
5414,0.005123,74.125.68.0-255,1484,191870,10,225276
5415,0.00729,74.125.68.0-255,4320,196190,10,225276
5416,0.007294,172.31.36.0-255,66,196256,10,225276
5417,0.009789,74.125.68.0-255,5738,201994,10,225276
5418,0.009796,172.31.36.0-255,66,202060,10,225276
5419,0.012285,74.125.68.0-255,5738,207798,10,225276
5420,0.012294,172.31.36.0-255,66,207864,10,225276
5421,0.014784,74.125.68.0-255,5738,213602,10,225276
5422,0.014793,172.31.36.0-255,66,213668,10,225276
5423,0.017272,74.125.68.0-255,5738,219406,10,225276
5424,0.017281,172.31.36.0-255,66,219472,10,225276
5425,0.019767,74.125.68.0-255,5738,225210,10,225276
5426,0.019776,172.31.36.0-255,66,225276,10,225276
5427,0.0,172.253.118.0-255,151,151,10,136738
5428,3.1e-05,172.31.36.0-255,66,217,10,136738
5429,3.8e-05,172.253.118.0-255,1484,1701,10,136738
5430,4.2e-05,172.31.36.0-255,66,1767,10,136738
5431,4.7e-05,172.253.118.0-255,2902,4669,10,136738
5432,5e-05,172.31.36.0-255,66,4735,10,136738
5433,6.5e-05,172.253.118.0-255,7156,11891,10,136738
5434,6.8e-05,172.31.36.0-255,66,11957,10,136738
5435,7.2e-05,172.253.118.0-255,2067,14024,10,136738
5436,7.5e-05,172.31.36.0-255,66,14090,10,136738
5437,0.000108,172.253.118.0-255,1484,15574,10,136738
5438,0.00011,172.31.36.0-255,66,15640,10,136738
5439,0.000136,172.253.118.0-255,1484,17124,10,136738
5440,0.00014,172.31.36.0-255,66,17190,10,136738
5441,0.000145,172.253.118.0-255,4320,21510,10,136738
5442,0.000148,172.31.36.0-255,66,21576,10,136738
5443,0.000153,172.253.118.0-255,4320,25896,10,136738
5444,0.000161,172.31.36.0-255,66,25962,10,136738
5445,0.000194,172.253.118.0-255,4320,30282,10,136738
5446,0.000196,172.31.36.0-255,66,30348,10,136738
5447,0.000199,172.253.118.0-255,1125,31473,10,136738
5448,0.000202,172.31.36.0-255,66,31539,10,136738
5449,0.000268,172.253.118.0-255,1484,33023,10,136738
5450,0.000272,172.31.36.0-255,66,33089,10,136738
5451,0.000277,172.253.118.0-255,2902,35991,10,136738
5452,0.000279,172.31.36.0-255,66,36057,10,136738
5453,0.000282,172.253.118.0-255,1484,37541,10,136738
5454,0.000284,172.31.36.0-255,66,37607,10,136738
5455,0.000314,172.253.118.0-255,4320,41927,10,136738
5456,0.00032,172.31.36.0-255,66,41993,10,136738
5457,0.000331,172.31.36.0-255,66,42059,10,136738
5458,0.000359,172.31.36.0-255,66,42125,10,136738
5459,0.000391,172.253.118.0-255,7126,49251,10,136738
5460,0.000395,172.253.118.0-255,379,49630,10,136738
5461,0.0004,172.31.36.0-255,66,49696,10,136738
5462,0.000955,172.253.118.0-255,1484,51180,10,136738
5463,0.000965,172.253.118.0-255,2902,54082,10,136738
5464,0.000969,172.31.36.0-255,66,54148,10,136738
5465,0.000976,172.253.118.0-255,5738,59886,10,136738
5466,0.001027,172.253.118.0-255,5738,65624,10,136738
5467,0.001072,172.253.118.0-255,1484,67108,10,136738
5468,0.001088,172.253.118.0-255,7156,74264,10,136738
5469,0.001094,172.253.118.0-255,5738,80002,10,136738
5470,0.001113,172.253.118.0-255,4320,84322,10,136738
5471,0.001154,172.253.118.0-255,766,85088,10,136738
5472,0.001201,172.253.118.0-255,1484,86572,10,136738
5473,0.001237,172.253.118.0-255,1484,88056,10,136738
5474,0.001256,172.253.118.0-255,2902,90958,10,136738
5475,0.00126,172.253.118.0-255,1484,92442,10,136738
5476,0.001265,172.253.118.0-255,2902,95344,10,136738
5477,0.001271,172.253.118.0-255,5738,101082,10,136738
5478,0.001284,172.253.118.0-255,1484,102566,10,136738
5479,0.001319,172.253.118.0-255,1484,104050,10,136738
5480,0.00134,172.253.118.0-255,3602,107652,10,136738
5481,0.004219,172.31.36.0-255,66,107718,10,136738
5482,0.006568,172.253.118.0-255,5738,113456,10,136738
5483,0.006574,172.31.36.0-255,66,113522,10,136738
5484,0.008929,172.253.118.0-255,5738,119260,10,136738
5485,0.008948,172.31.36.0-255,66,119326,10,136738
5486,0.011287,172.253.118.0-255,5738,125064,10,136738
5487,0.013086,172.31.36.0-255,66,125130,10,136738
5488,0.015485,172.253.118.0-255,5738,130868,10,136738
5489,0.015497,172.31.36.0-255,66,130934,10,136738
5490,0.017837,172.253.118.0-255,5738,136672,10,136738
5491,0.017846,172.31.36.0-255,66,136738,10,136738
5492,0.0,216.58.221.0-255,152,152,10,117183
5493,3.5e-05,172.31.36.0-255,66,218,10,117183
5494,4.2e-05,216.58.221.0-255,1484,1702,10,117183
5495,4.6e-05,172.31.36.0-255,66,1768,10,117183
5496,5.2e-05,216.58.221.0-255,2902,4670,10,117183
5497,6.4e-05,172.31.36.0-255,66,4736,10,117183
5498,7.2e-05,216.58.221.0-255,7156,11892,10,117183
5499,7.5e-05,172.31.36.0-255,66,11958,10,117183
5500,7.9e-05,216.58.221.0-255,2106,14064,10,117183
5501,8.2e-05,172.31.36.0-255,66,14130,10,117183
5502,0.000546,216.58.221.0-255,1484,15614,10,117183
5503,0.000552,172.31.36.0-255,66,15680,10,117183
5504,0.000562,216.58.221.0-255,2902,18582,10,117183
5505,0.000571,172.31.36.0-255,66,18648,10,117183
5506,0.000579,216.58.221.0-255,5738,24386,10,117183
5507,0.000582,172.31.36.0-255,66,24452,10,117183
5508,0.000587,216.58.221.0-255,4320,28772,10,117183
5509,0.000589,172.31.36.0-255,66,28838,10,117183
5510,0.00063,216.58.221.0-255,2543,31381,10,117183
5511,0.000636,172.31.36.0-255,66,31447,10,117183
5512,0.000806,216.58.221.0-255,1484,32931,10,117183
5513,0.000812,172.31.36.0-255,66,32997,10,117183
5514,0.000818,216.58.221.0-255,2902,35899,10,117183
5515,0.000821,172.31.36.0-255,66,35965,10,117183
5516,0.000832,216.58.221.0-255,5738,41703,10,117183
5517,0.000834,172.31.36.0-255,66,41769,10,117183
5518,0.00084,216.58.221.0-255,6797,48566,10,117183
5519,0.000841,172.31.36.0-255,66,48632,10,117183
5520,0.000899,216.58.221.0-255,1484,50116,10,117183
5521,0.000903,172.31.36.0-255,66,50182,10,117183
5522,0.000908,216.58.221.0-255,2902,53084,10,117183
5523,0.00091,172.31.36.0-255,66,53150,10,117183
5524,0.000922,216.58.221.0-255,5738,58888,10,117183
5525,0.000925,172.31.36.0-255,66,58954,10,117183
5526,0.000928,216.58.221.0-255,1484,60438,10,117183
5527,0.000964,216.58.221.0-255,5379,65817,10,117183
5528,0.000968,172.31.36.0-255,66,65883,10,117183
5529,0.001467,216.58.221.0-255,350,66233,10,117183
5530,0.001493,172.31.36.0-255,66,66299,10,117183
5531,0.002925,216.58.221.0-255,4320,70619,10,117183
5532,0.002929,172.31.36.0-255,66,70685,10,117183
5533,0.00342,216.58.221.0-255,1484,72169,10,117183
5534,0.004868,216.58.221.0-255,4320,76489,10,117183
5535,0.004875,172.31.36.0-255,66,76555,10,117183
5536,0.006817,216.58.221.0-255,5738,82293,10,117183
5537,0.006823,172.31.36.0-255,66,82359,10,117183
5538,0.008776,216.58.221.0-255,5738,88097,10,117183
5539,0.008782,172.31.36.0-255,66,88163,10,117183
5540,0.010728,216.58.221.0-255,5738,93901,10,117183
5541,0.010735,172.31.36.0-255,66,93967,10,117183
5542,0.012678,216.58.221.0-255,5738,99705,10,117183
5543,0.012685,172.31.36.0-255,66,99771,10,117183
5544,0.014636,216.58.221.0-255,5738,105509,10,117183
5545,0.014643,172.31.36.0-255,66,105575,10,117183
5546,0.016586,216.58.221.0-255,5738,111313,10,117183
5547,0.016594,172.31.36.0-255,66,111379,10,117183
5548,0.01854,216.58.221.0-255,5738,117117,10,117183
5549,0.018546,172.31.36.0-255,66,117183,10,117183
5550,0.0,172.217.194.0-255,296,296,10,189446
5551,3.7e-05,172.31.36.0-255,66,362,10,189446
5552,4.5e-05,172.217.194.0-255,1484,1846,10,189446
5553,5e-05,172.31.36.0-255,66,1912,10,189446
5554,5.9e-05,172.217.194.0-255,4320,6232,10,189446
5555,7e-05,172.31.36.0-255,66,6298,10,189446
5556,8.2e-05,172.31.36.0-255,66,6364,10,189446
5557,8.5e-05,172.217.194.0-255,1484,7848,10,189446
5558,8.7e-05,172.31.36.0-255,66,7914,10,189446
5559,0.000122,172.217.194.0-255,7156,15070,10,189446
5560,0.000125,172.31.36.0-255,66,15136,10,189446
5561,0.000138,172.31.36.0-255,66,15202,10,189446
5562,0.000172,172.217.194.0-255,1484,16686,10,189446
5563,0.000174,172.31.36.0-255,66,16752,10,189446
5564,0.000208,172.217.194.0-255,2902,19654,10,189446
5565,0.000211,172.31.36.0-255,66,19720,10,189446
5566,0.000219,172.217.194.0-255,5738,25458,10,189446
5567,0.000227,172.31.36.0-255,66,25524,10,189446
5568,0.000234,172.217.194.0-255,6797,32321,10,189446
5569,0.000237,172.31.36.0-255,66,32387,10,189446
5570,0.000266,172.217.194.0-255,2902,35289,10,189446
5571,0.000268,172.31.36.0-255,66,35355,10,189446
5572,0.000308,172.31.36.0-255,66,35421,10,189446
5573,0.000312,172.217.194.0-255,1484,36905,10,189446
5574,0.000314,172.31.36.0-255,66,36971,10,189446
5575,0.000347,172.217.194.0-255,4271,41242,10,189446
5576,0.00035,172.31.36.0-255,66,41308,10,189446
5577,0.000354,172.217.194.0-255,99,41407,10,189446
5578,0.000357,172.31.36.0-255,66,41473,10,189446
5579,0.000387,172.217.194.0-255,1484,42957,10,189446
5580,0.000398,172.217.194.0-255,2902,45859,10,189446
5581,0.000401,172.31.36.0-255,66,45925,10,189446
5582,0.000409,172.217.194.0-255,7156,53081,10,189446
5583,0.000411,172.31.36.0-255,66,53147,10,189446
5584,0.000415,172.217.194.0-255,2902,56049,10,189446
5585,0.000419,172.31.36.0-255,66,56115,10,189446
5586,0.000431,172.217.194.0-255,2543,58658,10,189446
5587,0.000435,172.31.36.0-255,66,58724,10,189446
5588,0.00047,172.31.36.0-255,66,58790,10,189446
5589,0.000497,172.217.194.0-255,4320,63110,10,189446
5590,0.000501,172.31.36.0-255,66,63176,10,189446
5591,0.000506,172.217.194.0-255,2842,66018,10,189446
5592,0.000508,172.31.36.0-255,66,66084,10,189446
5593,0.000647,172.217.194.0-255,1484,67568,10,189446
5594,0.000653,172.217.194.0-255,2902,70470,10,189446
5595,0.000656,172.31.36.0-255,66,70536,10,189446
5596,0.000691,172.217.194.0-255,5738,76274,10,189446
5597,0.000694,172.31.36.0-255,66,76340,10,189446
5598,0.000701,172.217.194.0-255,5738,82078,10,189446
5599,0.000704,172.31.36.0-255,66,82144,10,189446
5600,0.000719,172.31.36.0-255,66,82210,10,189446
5601,0.000746,172.217.194.0-255,5020,87230,10,189446
5602,0.00075,172.31.36.0-255,66,87296,10,189446
5603,0.000771,172.217.194.0-255,1484,88780,10,189446
5604,0.000795,172.217.194.0-255,4320,93100,10,189446
5605,0.000798,172.31.36.0-255,66,93166,10,189446
5606,0.000805,172.217.194.0-255,5738,98904,10,189446
5607,0.000808,172.31.36.0-255,66,98970,10,189446
5608,0.000813,172.217.194.0-255,4320,103290,10,189446
5609,0.000816,172.31.36.0-255,66,103356,10,189446
5610,0.000851,172.31.36.0-255,66,103422,10,189446
5611,0.000863,172.31.36.0-255,66,103488,10,189446
5612,0.000959,172.217.194.0-255,1484,104972,10,189446
5613,0.000965,172.217.194.0-255,2902,107874,10,189446
5614,0.00097,172.31.36.0-255,66,107940,10,189446
5615,0.00098,172.217.194.0-255,5738,113678,10,189446
5616,0.00099,172.31.36.0-255,66,113744,10,189446
5617,0.000997,172.217.194.0-255,7156,120900,10,189446
5618,0.001,172.31.36.0-255,66,120966,10,189446
5619,0.001034,172.217.194.0-255,5738,126704,10,189446
5620,0.001037,172.31.36.0-255,66,126770,10,189446
5621,0.00105,172.31.36.0-255,66,126836,10,189446
5622,0.001198,172.217.194.0-255,1484,128320,10,189446
5623,0.001202,172.217.194.0-255,2902,131222,10,189446
5624,0.001206,172.31.36.0-255,66,131288,10,189446
5625,0.001229,172.217.194.0-255,5738,137026,10,189446
5626,0.001233,172.31.36.0-255,66,137092,10,189446
5627,0.001277,172.31.36.0-255,66,137158,10,189446
5628,0.00131,172.31.36.0-255,66,137224,10,189446
5629,0.001346,172.31.36.0-255,66,137290,10,189446
5630,0.001356,172.31.36.0-255,66,137356,10,189446
5631,0.001428,172.31.36.0-255,66,137422,10,189446
5632,0.001431,172.217.194.0-255,1484,138906,10,189446
5633,0.001448,172.217.194.0-255,4320,143226,10,189446
5634,0.001453,172.217.194.0-255,2902,146128,10,189446
5635,0.001454,172.31.36.0-255,66,146194,10,189446
5636,0.001457,172.31.36.0-255,66,146260,10,189446
5637,0.001487,172.217.194.0-255,4320,150580,10,189446
5638,0.00149,172.31.36.0-255,66,150646,10,189446
5639,0.001505,172.31.36.0-255,66,150712,10,189446
5640,0.001512,172.217.194.0-255,6438,157150,10,189446
5641,0.001514,172.31.36.0-255,66,157216,10,189446
5642,0.001599,172.217.194.0-255,1484,158700,10,189446
5643,0.001606,172.217.194.0-255,2902,161602,10,189446
5644,0.001609,172.31.36.0-255,66,161668,10,189446
5645,0.001615,172.217.194.0-255,5738,167406,10,189446
5646,0.001618,172.31.36.0-255,66,167472,10,189446
5647,0.001655,172.31.36.0-255,66,167538,10,189446
5648,0.001667,172.31.36.0-255,66,167604,10,189446
5649,0.001706,172.217.194.0-255,5738,173342,10,189446
5650,0.00171,172.31.36.0-255,66,173408,10,189446
5651,0.001726,172.217.194.0-255,7156,180564,10,189446
5652,0.001729,172.31.36.0-255,66,180630,10,189446
5653,0.001747,172.31.36.0-255,66,180696,10,189446
5654,0.001778,172.217.194.0-255,7156,187852,10,189446
5655,0.001783,172.31.36.0-255,66,187918,10,189446
5656,0.001828,172.31.36.0-255,66,187984,10,189446
5657,0.001841,172.31.36.0-255,66,188050,10,189446
5658,0.001879,172.31.36.0-255,66,188116,10,189446
5659,0.001892,172.31.36.0-255,66,188182,10,189446
5660,0.001895,172.217.194.0-255,739,188921,10,189446
5661,0.001898,172.217.194.0-255,105,189026,10,189446
5662,0.009845,172.31.36.0-255,66,189092,10,189446
5663,0.009873,172.31.36.0-255,105,189197,10,189446
5664,0.011087,172.217.194.0-255,105,189302,10,189446
5665,0.011093,172.31.36.0-255,78,189380,10,189446
5666,0.011849,172.217.194.0-255,66,189446,10,189446
5667,0.0,172.217.194.0-255,153,153,10,174287
5668,3e-05,172.31.36.0-255,66,219,10,174287
5669,3.7e-05,172.217.194.0-255,1484,1703,10,174287
5670,4.1e-05,172.31.36.0-255,66,1769,10,174287
5671,5.2e-05,172.217.194.0-255,2902,4671,10,174287
5672,5.5e-05,172.31.36.0-255,66,4737,10,174287
5673,5.8e-05,172.217.194.0-255,1484,6221,10,174287
5674,6.1e-05,172.31.36.0-255,66,6287,10,174287
5675,6.5e-05,172.217.194.0-255,2902,9189,10,174287
5676,6.7e-05,172.31.36.0-255,66,9255,10,174287
5677,9.7e-05,172.217.194.0-255,4887,14142,10,174287
5678,0.0001,172.31.36.0-255,66,14208,10,174287
5679,0.000107,172.217.194.0-255,5738,19946,10,174287
5680,0.000114,172.31.36.0-255,66,20012,10,174287
5681,0.000145,172.217.194.0-255,2902,22914,10,174287
5682,0.000147,172.31.36.0-255,66,22980,10,174287
5683,0.000186,172.31.36.0-255,66,23046,10,174287
5684,0.000211,172.217.194.0-255,1484,24530,10,174287
5685,0.000213,172.31.36.0-255,66,24596,10,174287
5686,0.000218,172.217.194.0-255,2902,27498,10,174287
5687,0.00022,172.31.36.0-255,66,27564,10,174287
5688,0.000227,172.217.194.0-255,5738,33302,10,174287
5689,0.000234,172.31.36.0-255,66,33368,10,174287
5690,0.000274,172.217.194.0-255,6797,40165,10,174287
5691,0.000281,172.31.36.0-255,66,40231,10,174287
5692,0.000303,172.31.36.0-255,66,40297,10,174287
5693,0.000307,172.217.194.0-255,2796,43093,10,174287
5694,0.000309,172.31.36.0-255,66,43159,10,174287
5695,0.000335,172.217.194.0-255,118,43277,10,174287
5696,0.000338,172.31.36.0-255,66,43343,10,174287
5697,0.000361,172.217.194.0-255,382,43725,10,174287
5698,0.000496,172.217.194.0-255,1484,45209,10,174287
5699,0.000501,172.31.36.0-255,66,45275,10,174287
5700,0.000507,172.217.194.0-255,2902,48177,10,174287
5701,0.000509,172.31.36.0-255,66,48243,10,174287
5702,0.000522,172.217.194.0-255,5738,53981,10,174287
5703,0.000525,172.31.36.0-255,66,54047,10,174287
5704,0.000571,172.31.36.0-255,66,54113,10,174287
5705,0.000578,172.31.36.0-255,66,54179,10,174287
5706,0.000837,172.217.194.0-255,1484,55663,10,174287
5707,0.000844,172.217.194.0-255,2902,58565,10,174287
5708,0.000847,172.31.36.0-255,66,58631,10,174287
5709,0.000873,172.217.194.0-255,5738,64369,10,174287
5710,0.000876,172.31.36.0-255,66,64435,10,174287
5711,0.000904,172.31.36.0-255,66,64501,10,174287
5712,0.000909,172.217.194.0-255,4320,68821,10,174287
5713,0.000911,172.31.36.0-255,66,68887,10,174287
5714,0.000937,172.217.194.0-255,6438,75325,10,174287
5715,0.000945,172.31.36.0-255,66,75391,10,174287
5716,0.000999,172.217.194.0-255,1484,76875,10,174287
5717,0.001004,172.217.194.0-255,2902,79777,10,174287
5718,0.001006,172.31.36.0-255,66,79843,10,174287
5719,0.001013,172.217.194.0-255,5738,85581,10,174287
5720,0.001015,172.31.36.0-255,66,85647,10,174287
5721,0.001034,172.31.36.0-255,66,85713,10,174287
5722,0.001074,172.31.36.0-255,66,85779,10,174287
5723,0.001165,172.217.194.0-255,1484,87263,10,174287
5724,0.001171,172.217.194.0-255,2902,90165,10,174287
5725,0.001175,172.31.36.0-255,66,90231,10,174287
5726,0.001187,172.217.194.0-255,2902,93133,10,174287
5727,0.001194,172.31.36.0-255,66,93199,10,174287
5728,0.001217,172.217.194.0-255,2902,96101,10,174287
5729,0.001221,172.31.36.0-255,66,96167,10,174287
5730,0.001231,172.217.194.0-255,4320,100487,10,174287
5731,0.001234,172.31.36.0-255,66,100553,10,174287
5732,0.001271,172.31.36.0-255,66,100619,10,174287
5733,0.001283,172.31.36.0-255,66,100685,10,174287
5734,0.001287,172.217.194.0-255,2184,102869,10,174287
5735,0.001289,172.31.36.0-255,66,102935,10,174287
5736,0.001332,172.217.194.0-255,1484,104419,10,174287
5737,0.001338,172.217.194.0-255,2902,107321,10,174287
5738,0.00134,172.31.36.0-255,66,107387,10,174287
5739,0.00137,172.217.194.0-255,5738,113125,10,174287
5740,0.001374,172.31.36.0-255,66,113191,10,174287
5741,0.001385,172.31.36.0-255,66,113257,10,174287
5742,0.001428,172.217.194.0-255,7156,120413,10,174287
5743,0.001432,172.31.36.0-255,66,120479,10,174287
5744,0.001461,172.217.194.0-255,6438,126917,10,174287
5745,0.001466,172.31.36.0-255,66,126983,10,174287
5746,0.00151,172.31.36.0-255,66,127049,10,174287
5747,0.001513,172.217.194.0-255,1484,128533,10,174287
5748,0.001551,172.31.36.0-255,66,128599,10,174287
5749,0.001554,172.217.194.0-255,6438,135037,10,174287
5750,0.001557,172.31.36.0-255,66,135103,10,174287
5751,0.001777,172.217.194.0-255,1484,136587,10,174287
5752,0.001782,172.217.194.0-255,2902,139489,10,174287
5753,0.001786,172.31.36.0-255,66,139555,10,174287
5754,0.00179,172.217.194.0-255,1484,141039,10,174287
5755,0.001816,172.217.194.0-255,4320,145359,10,174287
5756,0.001819,172.31.36.0-255,66,145425,10,174287
5757,0.001837,172.31.36.0-255,66,145491,10,174287
5758,0.00184,172.217.194.0-255,1484,146975,10,174287
5759,0.001876,172.31.36.0-255,66,147041,10,174287
5760,0.001878,172.217.194.0-255,766,147807,10,174287
5761,0.001917,172.217.194.0-255,1484,149291,10,174287
5762,0.001921,172.31.36.0-255,66,149357,10,174287
5763,0.001927,172.217.194.0-255,4320,153677,10,174287
5764,0.001929,172.31.36.0-255,66,153743,10,174287
5765,0.001948,172.217.194.0-255,2902,156645,10,174287
5766,0.001951,172.31.36.0-255,66,156711,10,174287
5767,0.001977,172.217.194.0-255,2902,159613,10,174287
5768,0.001981,172.31.36.0-255,66,159679,10,174287
5769,0.001988,172.217.194.0-255,7156,166835,10,174287
5770,0.00199,172.31.36.0-255,66,166901,10,174287
5771,0.00207,172.31.36.0-255,66,166967,10,174287
5772,0.002081,172.31.36.0-255,66,167033,10,174287
5773,0.00211,172.31.36.0-255,66,167099,10,174287
5774,0.002113,172.217.194.0-255,1484,168583,10,174287
5775,0.002126,172.31.36.0-255,66,168649,10,174287
5776,0.002174,172.31.36.0-255,66,168715,10,174287
5777,0.002186,172.31.36.0-255,66,168781,10,174287
5778,0.002198,172.217.194.0-255,5098,173879,10,174287
5779,0.002201,172.31.36.0-255,66,173945,10,174287
5780,0.002204,172.217.194.0-255,105,174050,10,174287
5781,0.007647,172.31.36.0-255,66,174116,10,174287
5782,0.007674,172.31.36.0-255,105,174221,10,174287
5783,0.010213,172.217.194.0-255,66,174287,10,174287
5784,0.0,74.125.24.0-255,295,295,10,171470
5785,3.4e-05,172.31.36.0-255,66,361,10,171470
5786,4e-05,74.125.24.0-255,1484,1845,10,171470
5787,4.5e-05,172.31.36.0-255,66,1911,10,171470
5788,5.2e-05,74.125.24.0-255,4320,6231,10,171470
5789,5.5e-05,172.31.36.0-255,66,6297,10,171470
5790,6.6e-05,172.31.36.0-255,66,6363,10,171470
5791,7.5e-05,172.31.36.0-255,66,6429,10,171470
5792,0.000112,74.125.24.0-255,6797,13226,10,171470
5793,0.000115,172.31.36.0-255,66,13292,10,171470
5794,0.000156,74.125.24.0-255,2902,16194,10,171470
5795,0.00016,172.31.36.0-255,66,16260,10,171470
5796,0.000165,74.125.24.0-255,4320,20580,10,171470
5797,0.000167,172.31.36.0-255,66,20646,10,171470
5798,0.000172,74.125.24.0-255,2902,23548,10,171470
5799,0.000174,172.31.36.0-255,66,23614,10,171470
5800,0.000198,74.125.24.0-255,5738,29352,10,171470
5801,0.000201,172.31.36.0-255,66,29418,10,171470
5802,0.000243,172.31.36.0-255,66,29484,10,171470
5803,0.00026,74.125.24.0-255,2822,32306,10,171470
5804,0.000263,172.31.36.0-255,66,32372,10,171470
5805,0.000286,74.125.24.0-255,408,32780,10,171470
5806,0.00029,172.31.36.0-255,66,32846,10,171470
5807,0.000539,74.125.24.0-255,1484,34330,10,171470
5808,0.000543,172.31.36.0-255,66,34396,10,171470
5809,0.000549,74.125.24.0-255,2902,37298,10,171470
5810,0.000552,172.31.36.0-255,66,37364,10,171470
5811,0.000559,74.125.24.0-255,5738,43102,10,171470
5812,0.000561,172.31.36.0-255,66,43168,10,171470
5813,0.000594,172.31.36.0-255,66,43234,10,171470
5814,0.000645,172.31.36.0-255,66,43300,10,171470
5815,0.001005,74.125.24.0-255,1484,44784,10,171470
5816,0.00101,74.125.24.0-255,2902,47686,10,171470
5817,0.001016,172.31.36.0-255,66,47752,10,171470
5818,0.00104,74.125.24.0-255,5738,53490,10,171470
5819,0.001043,172.31.36.0-255,66,53556,10,171470
5820,0.001058,74.125.24.0-255,4320,57876,10,171470
5821,0.001061,172.31.36.0-255,66,57942,10,171470
5822,0.001099,172.31.36.0-255,66,58008,10,171470
5823,0.001111,172.31.36.0-255,66,58074,10,171470
5824,0.001229,74.125.24.0-255,1484,59558,10,171470
5825,0.001233,74.125.24.0-255,1484,61042,10,171470
5826,0.001235,172.31.36.0-255,66,61108,10,171470
5827,0.001256,74.125.24.0-255,1484,62592,10,171470
5828,0.001263,74.125.24.0-255,5738,68330,10,171470
5829,0.001265,172.31.36.0-255,66,68396,10,171470
5830,0.001271,74.125.24.0-255,4320,72716,10,171470
5831,0.001274,172.31.36.0-255,66,72782,10,171470
5832,0.001297,172.31.36.0-255,66,72848,10,171470
5833,0.001305,74.125.24.0-255,7156,80004,10,171470
5834,0.001307,172.31.36.0-255,66,80070,10,171470
5835,0.001332,74.125.24.0-255,3602,83672,10,171470
5836,0.001335,172.31.36.0-255,66,83738,10,171470
5837,0.001579,74.125.24.0-255,1484,85222,10,171470
5838,0.001592,74.125.24.0-255,2902,88124,10,171470
5839,0.001598,74.125.24.0-255,4320,92444,10,171470
5840,0.001598,172.31.36.0-255,66,92510,10,171470
5841,0.001602,172.31.36.0-255,66,92576,10,171470
5842,0.001616,74.125.24.0-255,1484,94060,10,171470
5843,0.001669,74.125.24.0-255,7156,101216,10,171470
5844,0.001673,172.31.36.0-255,66,101282,10,171470
5845,0.00169,74.125.24.0-255,5738,107020,10,171470
5846,0.001693,172.31.36.0-255,66,107086,10,171470
5847,0.001705,172.31.36.0-255,66,107152,10,171470
5848,0.001857,74.125.24.0-255,1484,108636,10,171470
5849,0.001862,74.125.24.0-255,2902,111538,10,171470
5850,0.001864,172.31.36.0-255,66,111604,10,171470
5851,0.001872,74.125.24.0-255,5738,117342,10,171470
5852,0.001874,172.31.36.0-255,66,117408,10,171470
5853,0.001928,172.31.36.0-255,66,117474,10,171470
5854,0.001952,172.31.36.0-255,66,117540,10,171470
5855,0.001998,172.31.36.0-255,66,117606,10,171470
5856,0.002001,74.125.24.0-255,1484,119090,10,171470
5857,0.002004,172.31.36.0-255,78,119168,10,171470
5858,0.002039,172.31.36.0-255,66,119234,10,171470
5859,0.003989,74.125.24.0-255,5738,124972,10,171470
5860,0.003996,172.31.36.0-255,66,125038,10,171470
5861,0.006056,74.125.24.0-255,5738,130776,10,171470
5862,0.006063,172.31.36.0-255,66,130842,10,171470
5863,0.008052,74.125.24.0-255,5738,136580,10,171470
5864,0.008058,172.31.36.0-255,66,136646,10,171470
5865,0.00997,74.125.24.0-255,5738,142384,10,171470
5866,0.009976,172.31.36.0-255,66,142450,10,171470
5867,0.011904,74.125.24.0-255,5738,148188,10,171470
5868,0.011915,172.31.36.0-255,66,148254,10,171470
5869,0.01386,74.125.24.0-255,5738,153992,10,171470
5870,0.013868,172.31.36.0-255,66,154058,10,171470
5871,0.015814,74.125.24.0-255,5738,159796,10,171470
5872,0.015825,172.31.36.0-255,66,159862,10,171470
5873,0.01778,74.125.24.0-255,5738,165600,10,171470
5874,0.017789,172.31.36.0-255,66,165666,10,171470
5875,0.01971,74.125.24.0-255,5738,171404,10,171470
5876,0.019716,172.31.36.0-255,66,171470,10,171470
5877,0.0,74.125.68.0-255,146,146,10,196746
5878,2.2e-05,172.31.36.0-255,66,212,10,196746
5879,2.9e-05,74.125.68.0-255,1484,1696,10,196746
5880,3.4e-05,172.31.36.0-255,66,1762,10,196746
5881,4e-05,74.125.68.0-255,2902,4664,10,196746
5882,5.1e-05,172.31.36.0-255,66,4730,10,196746
5883,5.9e-05,74.125.68.0-255,7156,11886,10,196746
5884,6.1e-05,172.31.36.0-255,66,11952,10,196746
5885,8.5e-05,74.125.68.0-255,2050,14002,10,196746
5886,8.8e-05,172.31.36.0-255,66,14068,10,196746
5887,9.8e-05,74.125.68.0-255,2902,16970,10,196746
5888,0.0001,172.31.36.0-255,66,17036,10,196746
5889,0.000149,74.125.68.0-255,7156,24192,10,196746
5890,0.000152,172.31.36.0-255,66,24258,10,196746
5891,0.000179,74.125.68.0-255,2902,27160,10,196746
5892,0.000181,172.31.36.0-255,66,27226,10,196746
5893,0.000184,74.125.68.0-255,1484,28710,10,196746
5894,0.000186,172.31.36.0-255,66,28776,10,196746
5895,0.000208,74.125.68.0-255,2543,31319,10,196746
5896,0.000214,172.31.36.0-255,66,31385,10,196746
5897,0.000317,74.125.68.0-255,1484,32869,10,196746
5898,0.000321,172.31.36.0-255,66,32935,10,196746
5899,0.000327,74.125.68.0-255,2902,35837,10,196746
5900,0.00033,172.31.36.0-255,66,35903,10,196746
5901,0.000358,74.125.68.0-255,5738,41641,10,196746
5902,0.000361,172.31.36.0-255,66,41707,10,196746
5903,0.000388,74.125.68.0-255,6797,48504,10,196746
5904,0.000391,172.31.36.0-255,66,48570,10,196746
5905,0.000495,74.125.68.0-255,1484,50054,10,196746
5906,0.000499,172.31.36.0-255,66,50120,10,196746
5907,0.000503,74.125.68.0-255,1484,51604,10,196746
5908,0.000505,172.31.36.0-255,66,51670,10,196746
5909,0.000525,74.125.68.0-255,1484,53154,10,196746
5910,0.000533,74.125.68.0-255,5738,58892,10,196746
5911,0.000556,74.125.68.0-255,2902,61794,10,196746
5912,0.000591,74.125.68.0-255,3961,65755,10,196746
5913,0.000619,74.125.68.0-255,7156,72911,10,196746
5914,0.000633,74.125.68.0-255,1484,74395,10,196746
5915,0.000636,172.31.36.0-255,66,74461,10,196746
5916,0.00068,74.125.68.0-255,2902,77363,10,196746
5917,0.000708,74.125.68.0-255,5379,82742,10,196746
5918,0.000716,172.31.36.0-255,66,82808,10,196746
5919,0.000756,74.125.68.0-255,1484,84292,10,196746
5920,0.00077,74.125.68.0-255,2902,87194,10,196746
5921,0.000779,172.31.36.0-255,66,87260,10,196746
5922,0.00079,74.125.68.0-255,5738,92998,10,196746
5923,0.000808,172.31.36.0-255,66,93064,10,196746
5924,0.000837,74.125.68.0-255,6797,99861,10,196746
5925,0.00085,172.31.36.0-255,66,99927,10,196746
5926,0.001169,74.125.68.0-255,1484,101411,10,196746
5927,0.001184,74.125.68.0-255,2902,104313,10,196746
5928,0.001187,172.31.36.0-255,66,104379,10,196746
5929,0.001216,74.125.68.0-255,5738,110117,10,196746
5930,0.001229,172.31.36.0-255,66,110183,10,196746
5931,0.001251,74.125.68.0-255,5738,115921,10,196746
5932,0.00127,74.125.68.0-255,1111,117032,10,196746
5933,0.001273,172.31.36.0-255,66,117098,10,196746
5934,0.001501,74.125.68.0-255,1484,118582,10,196746
5935,0.001506,172.31.36.0-255,66,118648,10,196746
5936,0.001511,74.125.68.0-255,2902,121550,10,196746
5937,0.001532,74.125.68.0-255,4320,125870,10,196746
5938,0.001537,172.31.36.0-255,66,125936,10,196746
5939,0.001579,172.31.36.0-255,66,126002,10,196746
5940,0.001631,74.125.68.0-255,7156,133158,10,196746
5941,0.001652,172.31.36.0-255,66,133224,10,196746
5942,0.001695,172.31.36.0-255,66,133290,10,196746
5943,0.001901,74.125.68.0-255,1484,134774,10,196746
5944,0.001907,74.125.68.0-255,2902,137676,10,196746
5945,0.001911,172.31.36.0-255,66,137742,10,196746
5946,0.001938,74.125.68.0-255,4320,142062,10,196746
5947,0.001946,172.31.36.0-255,66,142128,10,196746
5948,0.001956,74.125.68.0-255,4320,146448,10,196746
5949,0.001975,74.125.68.0-255,1484,147932,10,196746
5950,0.001977,172.31.36.0-255,66,147998,10,196746
5951,0.002023,172.31.36.0-255,66,148064,10,196746
5952,0.002085,74.125.68.0-255,2902,150966,10,196746
5953,0.002092,172.31.36.0-255,66,151032,10,196746
5954,0.002111,74.125.68.0-255,5020,156052,10,196746
5955,0.00213,172.31.36.0-255,66,156118,10,196746
5956,0.004386,74.125.68.0-255,5738,161856,10,196746
5957,0.004393,172.31.36.0-255,66,161922,10,196746
5958,0.006642,74.125.68.0-255,5738,167660,10,196746
5959,0.00722,172.31.36.0-255,66,167726,10,196746
5960,0.009514,74.125.68.0-255,5738,173464,10,196746
5961,0.009521,172.31.36.0-255,66,173530,10,196746
5962,0.011784,74.125.68.0-255,5738,179268,10,196746
5963,0.011792,172.31.36.0-255,66,179334,10,196746
5964,0.014055,74.125.68.0-255,5738,185072,10,196746
5965,0.01408,172.31.36.0-255,66,185138,10,196746
5966,0.016345,74.125.68.0-255,5738,190876,10,196746
5967,0.016355,172.31.36.0-255,66,190942,10,196746
5968,0.018661,74.125.68.0-255,5738,196680,10,196746
5969,0.018668,172.31.36.0-255,66,196746,10,196746
5970,0.0,172.217.160.0-255,144,144,10,185212
5971,2.4e-05,172.31.36.0-255,66,210,10,185212
5972,3.1e-05,172.217.160.0-255,1484,1694,10,185212
5973,3.6e-05,172.31.36.0-255,66,1760,10,185212
5974,4.2e-05,172.217.160.0-255,2902,4662,10,185212
5975,4.6e-05,172.31.36.0-255,66,4728,10,185212
5976,5.4e-05,172.217.160.0-255,7156,11884,10,185212
5977,5.7e-05,172.31.36.0-255,66,11950,10,185212
5978,6.1e-05,172.217.160.0-255,1975,13925,10,185212
5979,6.4e-05,172.31.36.0-255,66,13991,10,185212
5980,9.6e-05,172.217.160.0-255,1484,15475,10,185212
5981,9.8e-05,172.31.36.0-255,66,15541,10,185212
5982,0.000103,172.217.160.0-255,2902,18443,10,185212
5983,0.000106,172.31.36.0-255,66,18509,10,185212
5984,0.000109,172.217.160.0-255,1484,19993,10,185212
5985,0.000111,172.31.36.0-255,66,20059,10,185212
5986,0.000139,172.217.160.0-255,4320,24379,10,185212
5987,0.000142,172.31.36.0-255,66,24445,10,185212
5988,0.00015,172.217.160.0-255,6797,31242,10,185212
5989,0.000152,172.31.36.0-255,66,31308,10,185212
5990,0.000193,172.217.160.0-255,4320,35628,10,185212
5991,0.000196,172.31.36.0-255,66,35694,10,185212
5992,0.000208,172.217.160.0-255,2902,38596,10,185212
5993,0.00021,172.31.36.0-255,66,38662,10,185212
5994,0.000217,172.217.160.0-255,5738,44400,10,185212
5995,0.00022,172.31.36.0-255,66,44466,10,185212
5996,0.000243,172.217.160.0-255,2902,47368,10,185212
5997,0.000246,172.31.36.0-255,66,47434,10,185212
5998,0.000249,172.217.160.0-255,1125,48559,10,185212
5999,0.000251,172.31.36.0-255,66,48625,10,185212
6000,0.000626,172.217.160.0-255,1484,50109,10,185212
6001,0.000632,172.31.36.0-255,66,50175,10,185212
6002,0.000638,172.217.160.0-255,2902,53077,10,185212
6003,0.000642,172.31.36.0-255,66,53143,10,185212
6004,0.000649,172.217.160.0-255,5738,58881,10,185212
6005,0.000651,172.31.36.0-255,66,58947,10,185212
6006,0.000654,172.217.160.0-255,1484,60431,10,185212
6007,0.000705,172.217.160.0-255,5379,65810,10,185212
6008,0.000718,172.31.36.0-255,66,65876,10,185212
6009,0.000766,172.217.160.0-255,372,66248,10,185212
6010,0.001057,172.31.36.0-255,66,66314,10,185212
6011,0.001144,172.217.160.0-255,1484,67798,10,185212
6012,0.001153,172.217.160.0-255,2902,70700,10,185212
6013,0.001157,172.31.36.0-255,66,70766,10,185212
6014,0.001163,172.217.160.0-255,4320,75086,10,185212
6015,0.001166,172.31.36.0-255,66,75152,10,185212
6016,0.00118,172.217.160.0-255,1484,76636,10,185212
6017,0.001186,172.217.160.0-255,4320,80956,10,185212
6018,0.001188,172.31.36.0-255,66,81022,10,185212
6019,0.001224,172.31.36.0-255,66,81088,10,185212
6020,0.001232,172.217.160.0-255,6522,87610,10,185212
6021,0.001234,172.31.36.0-255,66,87676,10,185212
6022,0.001252,172.217.160.0-255,2902,90578,10,185212
6023,0.001255,172.31.36.0-255,66,90644,10,185212
6024,0.001273,172.217.160.0-255,4320,94964,10,185212
6025,0.001275,172.31.36.0-255,66,95030,10,185212
6026,0.001287,172.31.36.0-255,66,95096,10,185212
6027,0.00137,172.217.160.0-255,1484,96580,10,185212
6028,0.001377,172.217.160.0-255,2902,99482,10,185212
6029,0.00138,172.31.36.0-255,66,99548,10,185212
6030,0.001387,172.217.160.0-255,5738,105286,10,185212
6031,0.001389,172.31.36.0-255,66,105352,10,185212
6032,0.001458,172.217.160.0-255,2902,108254,10,185212
6033,0.001463,172.31.36.0-255,66,108320,10,185212
6034,0.001486,172.217.160.0-255,4084,112404,10,185212
6035,0.00149,172.31.36.0-255,66,112470,10,185212
6036,0.001495,172.217.160.0-255,4320,116790,10,185212
6037,0.001497,172.31.36.0-255,66,116856,10,185212
6038,0.001503,172.217.160.0-255,4320,121176,10,185212
6039,0.001506,172.31.36.0-255,66,121242,10,185212
6040,0.001526,172.217.160.0-255,1484,122726,10,185212
6041,0.001541,172.31.36.0-255,66,122792,10,185212
6042,0.001549,172.217.160.0-255,7156,129948,10,185212
6043,0.001551,172.31.36.0-255,66,130014,10,185212
6044,0.001586,172.217.160.0-255,5600,135614,10,185212
6045,0.001589,172.31.36.0-255,66,135680,10,185212
6046,0.003463,172.217.160.0-255,5738,141418,10,185212
6047,0.003471,172.31.36.0-255,66,141484,10,185212
6048,0.005352,172.217.160.0-255,5738,147222,10,185212
6049,0.005358,172.31.36.0-255,66,147288,10,185212
6050,0.007233,172.217.160.0-255,4320,151608,10,185212
6051,0.007237,172.31.36.0-255,66,151674,10,185212
6052,0.007253,172.217.160.0-255,1484,153158,10,185212
6053,0.009117,172.217.160.0-255,2902,156060,10,185212
6054,0.009125,172.31.36.0-255,66,156126,10,185212
6055,0.009145,172.217.160.0-255,1484,157610,10,185212
6056,0.011005,172.217.160.0-255,4320,161930,10,185212
6057,0.011013,172.31.36.0-255,66,161996,10,185212
6058,0.012895,172.217.160.0-255,5738,167734,10,185212
6059,0.012903,172.31.36.0-255,66,167800,10,185212
6060,0.01479,172.217.160.0-255,5738,173538,10,185212
6061,0.014798,172.31.36.0-255,66,173604,10,185212
6062,0.016678,172.217.160.0-255,5738,179342,10,185212
6063,0.016687,172.31.36.0-255,66,179408,10,185212
6064,0.018563,172.217.160.0-255,5738,185146,10,185212
6065,0.018569,172.31.36.0-255,66,185212,10,185212
6066,0.0,172.217.27.0-255,152,152,10,156672
6067,2.8e-05,172.31.36.0-255,66,218,10,156672
6068,3.5e-05,172.217.27.0-255,1484,1702,10,156672
6069,4e-05,172.31.36.0-255,66,1768,10,156672
6070,4.4e-05,172.217.27.0-255,2902,4670,10,156672
6071,4.7e-05,172.31.36.0-255,66,4736,10,156672
6072,6.2e-05,172.217.27.0-255,7156,11892,10,156672
6073,6.6e-05,172.31.36.0-255,66,11958,10,156672
6074,7.1e-05,172.217.27.0-255,3471,15429,10,156672
6075,7.4e-05,172.31.36.0-255,66,15495,10,156672
6076,7.9e-05,172.217.27.0-255,4320,19815,10,156672
6077,8.1e-05,172.31.36.0-255,66,19881,10,156672
6078,9.2e-05,172.31.36.0-255,66,19947,10,156672
6079,0.000123,172.217.27.0-255,1484,21431,10,156672
6080,0.000127,172.31.36.0-255,66,21497,10,156672
6081,0.00013,172.217.27.0-255,1125,22622,10,156672
6082,0.000132,172.31.36.0-255,66,22688,10,156672
6083,0.000226,172.217.27.0-255,1484,24172,10,156672
6084,0.000232,172.31.36.0-255,66,24238,10,156672
6085,0.000238,172.217.27.0-255,2902,27140,10,156672
6086,0.00024,172.31.36.0-255,66,27206,10,156672
6087,0.000252,172.217.27.0-255,5738,32944,10,156672
6088,0.000254,172.31.36.0-255,66,33010,10,156672
6089,0.000258,172.217.27.0-255,1484,34494,10,156672
6090,0.00026,172.31.36.0-255,66,34560,10,156672
6091,0.000306,172.217.27.0-255,5379,39939,10,156672
6092,0.000311,172.31.36.0-255,66,40005,10,156672
6093,0.000319,172.217.27.0-255,7156,47161,10,156672
6094,0.000321,172.31.36.0-255,66,47227,10,156672
6095,0.000332,172.31.36.0-255,66,47293,10,156672
6096,0.00036,172.217.27.0-255,1432,48725,10,156672
6097,0.000634,172.217.27.0-255,116,48841,10,156672
6098,0.000806,172.217.27.0-255,1484,50325,10,156672
6099,0.000811,172.31.36.0-255,66,50391,10,156672
6100,0.000817,172.217.27.0-255,2902,53293,10,156672
6101,0.000819,172.31.36.0-255,66,53359,10,156672
6102,0.000825,172.217.27.0-255,4320,57679,10,156672
6103,0.000833,172.31.36.0-255,66,57745,10,156672
6104,0.00084,172.217.27.0-255,5738,63483,10,156672
6105,0.000842,172.31.36.0-255,66,63549,10,156672
6106,0.000882,172.31.36.0-255,66,63615,10,156672
6107,0.000914,172.217.27.0-255,2543,66158,10,156672
6108,0.000917,172.31.36.0-255,66,66224,10,156672
6109,0.000925,172.217.27.0-255,6480,72704,10,156672
6110,0.000928,172.31.36.0-255,66,72770,10,156672
6111,0.001021,172.217.27.0-255,1484,74254,10,156672
6112,0.001027,172.217.27.0-255,2902,77156,10,156672
6113,0.001031,172.31.36.0-255,66,77222,10,156672
6114,0.001085,172.217.27.0-255,5738,82960,10,156672
6115,0.001096,172.31.36.0-255,66,83026,10,156672
6116,0.001101,172.217.27.0-255,7156,90182,10,156672
6117,0.001101,172.31.36.0-255,66,90248,10,156672
6118,0.001104,172.31.36.0-255,66,90314,10,156672
6119,0.00114,172.217.27.0-255,3602,93916,10,156672
6120,0.001143,172.31.36.0-255,66,93982,10,156672
6121,0.00276,172.217.27.0-255,1484,95466,10,156672
6122,0.002793,172.217.27.0-255,4320,99786,10,156672
6123,0.002798,172.31.36.0-255,66,99852,10,156672
6124,0.004455,172.217.27.0-255,2902,102754,10,156672
6125,0.004458,172.31.36.0-255,66,102820,10,156672
6126,0.004487,172.217.27.0-255,2902,105722,10,156672
6127,0.004489,172.31.36.0-255,66,105788,10,156672
6128,0.006135,172.217.27.0-255,4320,110108,10,156672
6129,0.006142,172.31.36.0-255,66,110174,10,156672
6130,0.00617,172.217.27.0-255,1484,111658,10,156672
6131,0.007803,172.217.27.0-255,4320,115978,10,156672
6132,0.007811,172.31.36.0-255,66,116044,10,156672
6133,0.009486,172.217.27.0-255,5738,121782,10,156672
6134,0.009495,172.31.36.0-255,66,121848,10,156672
6135,0.011166,172.217.27.0-255,5738,127586,10,156672
6136,0.011172,172.31.36.0-255,66,127652,10,156672
6137,0.01284,172.217.27.0-255,5738,133390,10,156672
6138,0.012849,172.31.36.0-255,66,133456,10,156672
6139,0.014519,172.217.27.0-255,5738,139194,10,156672
6140,0.014525,172.31.36.0-255,66,139260,10,156672
6141,0.016196,172.217.27.0-255,5738,144998,10,156672
6142,0.0162,172.31.36.0-255,66,145064,10,156672
6143,0.017886,172.217.27.0-255,5738,150802,10,156672
6144,0.017893,172.31.36.0-255,66,150868,10,156672
6145,0.019577,172.217.27.0-255,5738,156606,10,156672
6146,0.019587,172.31.36.0-255,66,156672,10,156672
6147,0.0,74.125.68.0-255,152,152,10,122583
6148,1.8e-05,172.31.36.0-255,66,218,10,122583
6149,2.4e-05,74.125.68.0-255,1484,1702,10,122583
6150,2.9e-05,172.31.36.0-255,66,1768,10,122583
6151,3.5e-05,74.125.68.0-255,2902,4670,10,122583
6152,3.8e-05,172.31.36.0-255,66,4736,10,122583
6153,4.5e-05,74.125.68.0-255,7156,11892,10,122583
6154,4.9e-05,172.31.36.0-255,66,11958,10,122583
6155,5.3e-05,74.125.68.0-255,2085,14043,10,122583
6156,5.6e-05,172.31.36.0-255,66,14109,10,122583
6157,0.000117,74.125.68.0-255,1484,15593,10,122583
6158,0.00012,172.31.36.0-255,66,15659,10,122583
6159,0.000126,74.125.68.0-255,2902,18561,10,122583
6160,0.000128,172.31.36.0-255,66,18627,10,122583
6161,0.000149,74.125.68.0-255,5738,24365,10,122583
6162,0.000152,172.31.36.0-255,66,24431,10,122583
6163,0.000171,74.125.68.0-255,2902,27333,10,122583
6164,0.000173,172.31.36.0-255,66,27399,10,122583
6165,0.00022,74.125.68.0-255,3961,31360,10,122583
6166,0.000223,172.31.36.0-255,66,31426,10,122583
6167,0.00038,74.125.68.0-255,1484,32910,10,122583
6168,0.000385,172.31.36.0-255,66,32976,10,122583
6169,0.000392,74.125.68.0-255,2902,35878,10,122583
6170,0.000395,172.31.36.0-255,66,35944,10,122583
6171,0.000425,74.125.68.0-255,5738,41682,10,122583
6172,0.000427,172.31.36.0-255,66,41748,10,122583
6173,0.000435,74.125.68.0-255,6797,48545,10,122583
6174,0.000437,172.31.36.0-255,66,48611,10,122583
6175,0.000472,74.125.68.0-255,2902,51513,10,122583
6176,0.000475,172.31.36.0-255,66,51579,10,122583
6177,0.000514,74.125.68.0-255,4320,55899,10,122583
6178,0.000518,172.31.36.0-255,66,55965,10,122583
6179,0.000566,74.125.68.0-255,1463,57428,10,122583
6180,0.00092,74.125.68.0-255,347,57775,10,122583
6181,0.000945,172.31.36.0-255,66,57841,10,122583
6182,0.001099,74.125.68.0-255,1484,59325,10,122583
6183,0.001104,74.125.68.0-255,1484,60809,10,122583
6184,0.001123,74.125.68.0-255,1484,62293,10,122583
6185,0.001126,74.125.68.0-255,1484,63777,10,122583
6186,0.001129,74.125.68.0-255,1484,65261,10,122583
6187,0.001148,74.125.68.0-255,4320,69581,10,122583
6188,0.001169,74.125.68.0-255,2902,72483,10,122583
6189,0.001225,74.125.68.0-255,7156,79639,10,122583
6190,0.001233,172.31.36.0-255,66,79705,10,122583
6191,0.001243,74.125.68.0-255,2184,81889,10,122583
6192,0.00125,172.31.36.0-255,66,81955,10,122583
6193,0.00383,74.125.68.0-255,5738,87693,10,122583
6194,0.003841,172.31.36.0-255,66,87759,10,122583
6195,0.006421,74.125.68.0-255,5738,93497,10,122583
6196,0.00643,172.31.36.0-255,66,93563,10,122583
6197,0.009008,74.125.68.0-255,5738,99301,10,122583
6198,0.009017,172.31.36.0-255,66,99367,10,122583
6199,0.011598,74.125.68.0-255,5738,105105,10,122583
6200,0.011608,172.31.36.0-255,66,105171,10,122583
6201,0.014182,74.125.68.0-255,5738,110909,10,122583
6202,0.014191,172.31.36.0-255,66,110975,10,122583
6203,0.016764,74.125.68.0-255,5738,116713,10,122583
6204,0.016771,172.31.36.0-255,66,116779,10,122583
6205,0.019348,74.125.68.0-255,5738,122517,10,122583
6206,0.019357,172.31.36.0-255,66,122583,10,122583
6207,0.0,172.217.194.0-255,298,298,10,190626
6208,3.1e-05,172.31.36.0-255,66,364,10,190626
6209,4e-05,172.217.194.0-255,1484,1848,10,190626
6210,4.3e-05,172.31.36.0-255,66,1914,10,190626
6211,4.9e-05,172.217.194.0-255,4320,6234,10,190626
6212,5.2e-05,172.31.36.0-255,66,6300,10,190626
6213,6.2e-05,172.31.36.0-255,66,6366,10,190626
6214,0.000102,172.31.36.0-255,66,6432,10,190626
6215,0.000106,172.217.194.0-255,2902,9334,10,190626
6216,0.000108,172.31.36.0-255,66,9400,10,190626
6217,0.000123,172.217.194.0-255,5738,15138,10,190626
6218,0.000126,172.31.36.0-255,66,15204,10,190626
6219,0.000148,172.31.36.0-255,66,15270,10,190626
6220,0.000174,172.217.194.0-255,2184,17454,10,190626
6221,0.000176,172.31.36.0-255,66,17520,10,190626
6222,0.000182,172.217.194.0-255,2902,20422,10,190626
6223,0.000186,172.31.36.0-255,66,20488,10,190626
6224,0.00019,172.217.194.0-255,4320,24808,10,190626
6225,0.000193,172.31.36.0-255,66,24874,10,190626
6226,0.000217,172.217.194.0-255,1484,26358,10,190626
6227,0.00022,172.31.36.0-255,66,26424,10,190626
6228,0.000253,172.217.194.0-255,7156,33580,10,190626
6229,0.000256,172.31.36.0-255,66,33646,10,190626
6230,0.000272,172.217.194.0-255,1377,35023,10,190626
6231,0.000274,172.31.36.0-255,66,35089,10,190626
6232,0.000529,172.217.194.0-255,117,35206,10,190626
6233,0.000533,172.31.36.0-255,66,35272,10,190626
6234,0.000658,172.217.194.0-255,1484,36756,10,190626
6235,0.000663,172.31.36.0-255,66,36822,10,190626
6236,0.000667,172.217.194.0-255,1484,38306,10,190626
6237,0.000682,172.217.194.0-255,1484,39790,10,190626
6238,0.000685,172.31.36.0-255,66,39856,10,190626
6239,0.000691,172.217.194.0-255,4320,44176,10,190626
6240,0.000694,172.31.36.0-255,66,44242,10,190626
6241,0.000697,172.217.194.0-255,1484,45726,10,190626
6242,0.000721,172.217.194.0-255,7156,52882,10,190626
6243,0.000724,172.31.36.0-255,66,52948,10,190626
6244,0.000747,172.217.194.0-255,7156,60104,10,190626
6245,0.00075,172.31.36.0-255,66,60170,10,190626
6246,0.00077,172.31.36.0-255,66,60236,10,190626
6247,0.001148,172.217.194.0-255,1484,61720,10,190626
6248,0.001158,172.217.194.0-255,2902,64622,10,190626
6249,0.001161,172.31.36.0-255,66,64688,10,190626
6250,0.001167,172.217.194.0-255,5738,70426,10,190626
6251,0.00117,172.31.36.0-255,66,70492,10,190626
6252,0.001205,172.217.194.0-255,7156,77648,10,190626
6253,0.001209,172.31.36.0-255,66,77714,10,190626
6254,0.001238,172.217.194.0-255,5738,83452,10,190626
6255,0.001241,172.31.36.0-255,66,83518,10,190626
6256,0.001253,172.31.36.0-255,66,83584,10,190626
6257,0.00155,172.217.194.0-255,1484,85068,10,190626
6258,0.001558,172.217.194.0-255,2902,87970,10,190626
6259,0.001562,172.31.36.0-255,66,88036,10,190626
6260,0.001569,172.217.194.0-255,5738,93774,10,190626
6261,0.001571,172.31.36.0-255,66,93840,10,190626
6262,0.001574,172.217.194.0-255,1484,95324,10,190626
6263,0.001596,172.217.194.0-255,5738,101062,10,190626
6264,0.001599,172.31.36.0-255,66,101128,10,190626
6265,0.001617,172.217.194.0-255,2902,104030,10,190626
6266,0.001619,172.31.36.0-255,66,104096,10,190626
6267,0.001652,172.31.36.0-255,66,104162,10,190626
6268,0.001659,172.217.194.0-255,6438,110600,10,190626
6269,0.001662,172.31.36.0-255,66,110666,10,190626
6270,0.00171,172.31.36.0-255,66,110732,10,190626
6271,0.001718,172.217.194.0-255,6438,117170,10,190626
6272,0.00172,172.31.36.0-255,66,117236,10,190626
6273,0.00175,172.217.194.0-255,7156,124392,10,190626
6274,0.001753,172.31.36.0-255,66,124458,10,190626
6275,0.001781,172.31.36.0-255,66,124524,10,190626
6276,0.001785,172.217.194.0-255,2902,127426,10,190626
6277,0.001788,172.31.36.0-255,66,127492,10,190626
6278,0.001815,172.31.36.0-255,66,127558,10,190626
6279,0.001818,172.217.194.0-255,766,128324,10,190626
6280,0.001839,172.217.194.0-255,2902,131226,10,190626
6281,0.001842,172.31.36.0-255,66,131292,10,190626
6282,0.001879,172.31.36.0-255,66,131358,10,190626
6283,0.001893,172.31.36.0-255,66,131424,10,190626
6284,0.001925,172.31.36.0-255,66,131490,10,190626
6285,0.001928,172.217.194.0-255,1484,132974,10,190626
6286,0.001955,172.31.36.0-255,66,133040,10,190626
6287,0.001965,172.31.36.0-255,66,133106,10,190626
6288,0.002017,172.217.194.0-255,3602,136708,10,190626
6289,0.002019,172.31.36.0-255,66,136774,10,190626
6290,0.002078,172.217.194.0-255,1484,138258,10,190626
6291,0.00209,172.217.194.0-255,2902,141160,10,190626
6292,0.002093,172.31.36.0-255,66,141226,10,190626
6293,0.002114,172.217.194.0-255,5738,146964,10,190626
6294,0.002116,172.31.36.0-255,66,147030,10,190626
6295,0.002144,172.31.36.0-255,66,147096,10,190626
6296,0.00216,172.217.194.0-255,2902,149998,10,190626
6297,0.002162,172.31.36.0-255,66,150064,10,190626
6298,0.00219,172.31.36.0-255,66,150130,10,190626
6299,0.002218,172.217.194.0-255,4320,154450,10,190626
6300,0.002221,172.31.36.0-255,66,154516,10,190626
6301,0.002248,172.31.36.0-255,66,154582,10,190626
6302,0.00226,172.31.36.0-255,66,154648,10,190626
6303,0.002279,172.217.194.0-255,4320,158968,10,190626
6304,0.002281,172.31.36.0-255,66,159034,10,190626
6305,0.002306,172.217.194.0-255,6438,165472,10,190626
6306,0.002309,172.31.36.0-255,66,165538,10,190626
6307,0.002315,172.217.194.0-255,5738,171276,10,190626
6308,0.002317,172.31.36.0-255,66,171342,10,190626
6309,0.002353,172.31.36.0-255,66,171408,10,190626
6310,0.00236,172.217.194.0-255,6438,177846,10,190626
6311,0.002362,172.31.36.0-255,66,177912,10,190626
6312,0.002383,172.217.194.0-255,1484,179396,10,190626
6313,0.002395,172.217.194.0-255,2902,182298,10,190626
6314,0.002398,172.31.36.0-255,66,182364,10,190626
6315,0.002428,172.217.194.0-255,5738,188102,10,190626
6316,0.002431,172.31.36.0-255,66,188168,10,190626
6317,0.002434,172.217.194.0-255,1953,190121,10,190626
6318,0.002436,172.31.36.0-255,66,190187,10,190626
6319,0.002462,172.217.194.0-255,97,190284,10,190626
6320,0.002495,172.217.194.0-255,105,190389,10,190626
6321,0.00682,172.31.36.0-255,66,190455,10,190626
6322,0.006848,172.31.36.0-255,105,190560,10,190626
6323,0.009368,172.217.194.0-255,66,190626,10,190626
6324,0.0,74.125.24.0-255,152,152,10,281884
6325,1.6e-05,172.31.36.0-255,66,218,10,281884
6326,2.3e-05,74.125.24.0-255,1484,1702,10,281884
6327,2.8e-05,172.31.36.0-255,66,1768,10,281884
6328,3.4e-05,74.125.24.0-255,2902,4670,10,281884
6329,3.8e-05,172.31.36.0-255,66,4736,10,281884
6330,4.5e-05,74.125.24.0-255,7156,11892,10,281884
6331,4.8e-05,172.31.36.0-255,66,11958,10,281884
6332,8.6e-05,74.125.24.0-255,5738,17696,10,281884
6333,9e-05,172.31.36.0-255,66,17762,10,281884
6334,0.000122,172.31.36.0-255,66,17828,10,281884
6335,0.000127,74.125.24.0-255,2543,20371,10,281884
6336,0.000129,172.31.36.0-255,66,20437,10,281884
6337,0.000133,74.125.24.0-255,2902,23339,10,281884
6338,0.000137,172.31.36.0-255,66,23405,10,281884
6339,0.000142,74.125.24.0-255,2902,26307,10,281884
6340,0.000144,172.31.36.0-255,66,26373,10,281884
6341,0.00017,74.125.24.0-255,4320,30693,10,281884
6342,0.000172,172.31.36.0-255,66,30759,10,281884
6343,0.000178,74.125.24.0-255,4320,35079,10,281884
6344,0.000179,172.31.36.0-255,66,35145,10,281884
6345,0.000205,74.125.24.0-255,2543,37688,10,281884
6346,0.000209,172.31.36.0-255,66,37754,10,281884
6347,0.000303,74.125.24.0-255,1484,39238,10,281884
6348,0.000307,172.31.36.0-255,66,39304,10,281884
6349,0.000312,74.125.24.0-255,2902,42206,10,281884
6350,0.000315,172.31.36.0-255,66,42272,10,281884
6351,0.000321,74.125.24.0-255,5738,48010,10,281884
6352,0.000324,172.31.36.0-255,66,48076,10,281884
6353,0.000355,74.125.24.0-255,6797,54873,10,281884
6354,0.000358,172.31.36.0-255,66,54939,10,281884
6355,0.000361,74.125.24.0-255,648,55587,10,281884
6356,0.00044,74.125.24.0-255,1484,57071,10,281884
6357,0.000443,172.31.36.0-255,66,57137,10,281884
6358,0.000449,74.125.24.0-255,2902,60039,10,281884
6359,0.000451,172.31.36.0-255,66,60105,10,281884
6360,0.000481,74.125.24.0-255,5738,65843,10,281884
6361,0.000483,172.31.36.0-255,66,65909,10,281884
6362,0.000487,74.125.24.0-255,1484,67393,10,281884
6363,0.000517,172.31.36.0-255,66,67459,10,281884
6364,0.000521,74.125.24.0-255,2902,70361,10,281884
6365,0.000524,172.31.36.0-255,66,70427,10,281884
6366,0.00055,172.31.36.0-255,66,70493,10,281884
6367,0.000571,74.125.24.0-255,1484,71977,10,281884
6368,0.000595,74.125.24.0-255,5738,77715,10,281884
6369,0.000598,172.31.36.0-255,66,77781,10,281884
6370,0.000609,172.31.36.0-255,66,77847,10,281884
6371,0.000612,74.125.24.0-255,1011,78858,10,281884
6372,0.000828,74.125.24.0-255,211,79069,10,281884
6373,0.001091,74.125.24.0-255,1484,80553,10,281884
6374,0.001098,74.125.24.0-255,2902,83455,10,281884
6375,0.001103,172.31.36.0-255,66,83521,10,281884
6376,0.001107,172.31.36.0-255,66,83587,10,281884
6377,0.001114,74.125.24.0-255,1484,85071,10,281884
6378,0.00114,74.125.24.0-255,4320,89391,10,281884
6379,0.001143,172.31.36.0-255,66,89457,10,281884
6380,0.00115,74.125.24.0-255,5738,95195,10,281884
6381,0.001152,172.31.36.0-255,66,95261,10,281884
6382,0.001158,74.125.24.0-255,4320,99581,10,281884
6383,0.00116,172.31.36.0-255,66,99647,10,281884
6384,0.001199,172.31.36.0-255,66,99713,10,281884
6385,0.001207,74.125.24.0-255,5020,104733,10,281884
6386,0.001209,172.31.36.0-255,66,104799,10,281884
6387,0.001225,74.125.24.0-255,1484,106283,10,281884
6388,0.001248,74.125.24.0-255,2902,109185,10,281884
6389,0.001251,172.31.36.0-255,66,109251,10,281884
6390,0.001258,74.125.24.0-255,5738,114989,10,281884
6391,0.00126,172.31.36.0-255,66,115055,10,281884
6392,0.001294,172.31.36.0-255,66,115121,10,281884
6393,0.001312,74.125.24.0-255,2902,118023,10,281884
6394,0.001315,172.31.36.0-255,66,118089,10,281884
6395,0.001332,74.125.24.0-255,5738,123827,10,281884
6396,0.001334,172.31.36.0-255,66,123893,10,281884
6397,0.001349,74.125.24.0-255,5020,128913,10,281884
6398,0.001351,172.31.36.0-255,66,128979,10,281884
6399,0.001425,74.125.24.0-255,1484,130463,10,281884
6400,0.001444,74.125.24.0-255,2902,133365,10,281884
6401,0.001447,172.31.36.0-255,66,133431,10,281884
6402,0.001455,74.125.24.0-255,5738,139169,10,281884
6403,0.001457,172.31.36.0-255,66,139235,10,281884
6404,0.001494,172.31.36.0-255,66,139301,10,281884
6405,0.001501,74.125.24.0-255,7156,146457,10,281884
6406,0.001515,172.31.36.0-255,66,146523,10,281884
6407,0.001533,74.125.24.0-255,1484,148007,10,281884
6408,0.001556,74.125.24.0-255,2184,150191,10,281884
6409,0.001563,172.31.36.0-255,66,150257,10,281884
6410,0.001916,74.125.24.0-255,1484,151741,10,281884
6411,0.001924,74.125.24.0-255,2902,154643,10,281884
6412,0.001928,172.31.36.0-255,66,154709,10,281884
6413,0.001933,74.125.24.0-255,2902,157611,10,281884
6414,0.001935,172.31.36.0-255,66,157677,10,281884
6415,0.001949,74.125.24.0-255,2902,160579,10,281884
6416,0.001952,172.31.36.0-255,66,160645,10,281884
6417,0.001959,74.125.24.0-255,7156,167801,10,281884
6418,0.001962,172.31.36.0-255,66,167867,10,281884
6419,0.001966,74.125.24.0-255,2902,170769,10,281884
6420,0.001969,172.31.36.0-255,66,170835,10,281884
6421,0.001997,172.31.36.0-255,66,170901,10,281884
6422,0.002007,74.125.24.0-255,2184,173085,10,281884
6423,0.002009,172.31.36.0-255,66,173151,10,281884
6424,0.002107,74.125.24.0-255,1484,174635,10,281884
6425,0.002112,74.125.24.0-255,2902,177537,10,281884
6426,0.002115,172.31.36.0-255,66,177603,10,281884
6427,0.00212,74.125.24.0-255,1484,179087,10,281884
6428,0.002137,74.125.24.0-255,4320,183407,10,281884
6429,0.00214,172.31.36.0-255,66,183473,10,281884
6430,0.002168,74.125.24.0-255,4320,187793,10,281884
6431,0.002171,172.31.36.0-255,66,187859,10,281884
6432,0.002177,74.125.24.0-255,5738,193597,10,281884
6433,0.00218,172.31.36.0-255,66,193663,10,281884
6434,0.002183,74.125.24.0-255,1484,195147,10,281884
6435,0.002229,74.125.24.0-255,6438,201585,10,281884
6436,0.002236,74.125.24.0-255,7156,208741,10,281884
6437,0.002241,74.125.24.0-255,4320,213061,10,281884
6438,0.002248,172.31.36.0-255,66,213127,10,281884
6439,0.00227,74.125.24.0-255,6438,219565,10,281884
6440,0.002294,172.31.36.0-255,66,219631,10,281884
6441,0.002306,74.125.24.0-255,1484,221115,10,281884
6442,0.002322,74.125.24.0-255,2902,224017,10,281884
6443,0.002328,74.125.24.0-255,4320,228337,10,281884
6444,0.00234,74.125.24.0-255,1484,229821,10,281884
6445,0.002352,172.31.36.0-255,66,229887,10,281884
6446,0.002391,74.125.24.0-255,7156,237043,10,281884
6447,0.002405,172.31.36.0-255,66,237109,10,281884
6448,0.002416,74.125.24.0-255,3602,240711,10,281884
6449,0.002422,172.31.36.0-255,66,240777,10,281884
6450,0.002432,74.125.24.0-255,4320,245097,10,281884
6451,0.002442,74.125.24.0-255,1484,246581,10,281884
6452,0.002462,74.125.24.0-255,4320,250901,10,281884
6453,0.002468,74.125.24.0-255,4320,255221,10,281884
6454,0.002476,172.31.36.0-255,66,255287,10,281884
6455,0.002494,74.125.24.0-255,7156,262443,10,281884
6456,0.002509,172.31.36.0-255,66,262509,10,281884
6457,0.002515,74.125.24.0-255,2902,265411,10,281884
6458,0.00253,172.31.36.0-255,66,265477,10,281884
6459,0.002546,74.125.24.0-255,766,266243,10,281884
6460,0.002566,74.125.24.0-255,1484,267727,10,281884
6461,0.002581,74.125.24.0-255,7156,274883,10,281884
6462,0.002598,74.125.24.0-255,6593,281476,10,281884
6463,0.002614,74.125.24.0-255,105,281581,10,281884
6464,0.002617,172.31.36.0-255,66,281647,10,281884
6465,0.004585,172.31.36.0-255,66,281713,10,281884
6466,0.004625,172.31.36.0-255,105,281818,10,281884
6467,0.006905,74.125.24.0-255,66,281884,10,281884
6468,0.0,74.125.130.0-255,150,150,10,181594
6469,2.5e-05,172.31.36.0-255,66,216,10,181594
6470,3.3e-05,74.125.130.0-255,1484,1700,10,181594
6471,3.7e-05,172.31.36.0-255,66,1766,10,181594
6472,4.3e-05,74.125.130.0-255,2902,4668,10,181594
6473,5.6e-05,172.31.36.0-255,66,4734,10,181594
6474,6.4e-05,74.125.130.0-255,7156,11890,10,181594
6475,6.7e-05,172.31.36.0-255,66,11956,10,181594
6476,7.1e-05,74.125.130.0-255,2088,14044,10,181594
6477,7.4e-05,172.31.36.0-255,66,14110,10,181594
6478,0.000124,74.125.130.0-255,2902,17012,10,181594
6479,0.000128,172.31.36.0-255,66,17078,10,181594
6480,0.000134,74.125.130.0-255,4320,21398,10,181594
6481,0.000137,172.31.36.0-255,66,21464,10,181594
6482,0.000153,172.31.36.0-255,66,21530,10,181594
6483,0.000156,74.125.130.0-255,1125,22655,10,181594
6484,0.000158,172.31.36.0-255,66,22721,10,181594
6485,0.000266,74.125.130.0-255,1484,24205,10,181594
6486,0.000272,172.31.36.0-255,66,24271,10,181594
6487,0.000277,74.125.130.0-255,1484,25755,10,181594
6488,0.000279,172.31.36.0-255,66,25821,10,181594
6489,0.000311,74.125.130.0-255,1484,27305,10,181594
6490,0.000314,172.31.36.0-255,66,27371,10,181594
6491,0.000321,74.125.130.0-255,5738,33109,10,181594
6492,0.000325,172.31.36.0-255,66,33175,10,181594
6493,0.000337,74.125.130.0-255,6797,39972,10,181594
6494,0.00034,172.31.36.0-255,66,40038,10,181594
6495,0.000392,172.31.36.0-255,66,40104,10,181594
6496,0.000396,74.125.130.0-255,2799,42903,10,181594
6497,0.000398,172.31.36.0-255,66,42969,10,181594
6498,0.000402,74.125.130.0-255,115,43084,10,181594
6499,0.000545,74.125.130.0-255,1484,44568,10,181594
6500,0.000553,172.31.36.0-255,66,44634,10,181594
6501,0.00056,74.125.130.0-255,2902,47536,10,181594
6502,0.000563,172.31.36.0-255,66,47602,10,181594
6503,0.000567,74.125.130.0-255,2902,50504,10,181594
6504,0.000575,172.31.36.0-255,66,50570,10,181594
6505,0.000612,74.125.130.0-255,1484,52054,10,181594
6506,0.000626,172.31.36.0-255,66,52120,10,181594
6507,0.000646,172.31.36.0-255,66,52186,10,181594
6508,0.000671,74.125.130.0-255,1440,53626,10,181594
6509,0.000742,74.125.130.0-255,1484,55110,10,181594
6510,0.000747,172.31.36.0-255,66,55176,10,181594
6511,0.000753,74.125.130.0-255,2902,58078,10,181594
6512,0.000756,172.31.36.0-255,66,58144,10,181594
6513,0.000763,74.125.130.0-255,1484,59628,10,181594
6514,0.000788,74.125.130.0-255,1484,61112,10,181594
6515,0.00079,172.31.36.0-255,66,61178,10,181594
6516,0.000795,74.125.130.0-255,4320,65498,10,181594
6517,0.000798,172.31.36.0-255,66,65564,10,181594
6518,0.000813,172.31.36.0-255,66,65630,10,181594
6519,0.000815,74.125.130.0-255,1484,67114,10,181594
6520,0.000863,172.31.36.0-255,66,67180,10,181594
6521,0.000884,74.125.130.0-255,1484,68664,10,181594
6522,0.000889,74.125.130.0-255,2902,71566,10,181594
6523,0.000892,172.31.36.0-255,66,71632,10,181594
6524,0.000927,74.125.130.0-255,5738,77370,10,181594
6525,0.000931,172.31.36.0-255,66,77436,10,181594
6526,0.000942,172.31.36.0-255,66,77502,10,181594
6527,0.000959,172.31.36.0-255,66,77568,10,181594
6528,0.000988,74.125.130.0-255,5020,82588,10,181594
6529,0.000991,172.31.36.0-255,66,82654,10,181594
6530,0.001057,74.125.130.0-255,1484,84138,10,181594
6531,0.001062,74.125.130.0-255,2902,87040,10,181594
6532,0.001065,172.31.36.0-255,66,87106,10,181594
6533,0.001071,74.125.130.0-255,5738,92844,10,181594
6534,0.001073,172.31.36.0-255,66,92910,10,181594
6535,0.001093,172.31.36.0-255,66,92976,10,181594
6536,0.001123,74.125.130.0-255,2902,95878,10,181594
6537,0.001126,172.31.36.0-255,66,95944,10,181594
6538,0.001155,172.31.36.0-255,66,96010,10,181594
6539,0.001191,172.31.36.0-255,66,96076,10,181594
6540,0.001199,74.125.130.0-255,7156,103232,10,181594
6541,0.001201,172.31.36.0-255,66,103298,10,181594
6542,0.001238,74.125.130.0-255,5738,109036,10,181594
6543,0.001241,172.31.36.0-255,66,109102,10,181594
6544,0.001269,172.31.36.0-255,66,109168,10,181594
6545,0.001298,74.125.130.0-255,7156,116324,10,181594
6546,0.001301,172.31.36.0-255,66,116390,10,181594
6547,0.001311,172.31.36.0-255,66,116456,10,181594
6548,0.00133,74.125.130.0-255,1484,117940,10,181594
6549,0.00136,172.31.36.0-255,66,118006,10,181594
6550,0.001363,74.125.130.0-255,766,118772,10,181594
6551,0.001971,74.125.130.0-255,1484,120256,10,181594
6552,0.001977,172.31.36.0-255,66,120322,10,181594
6553,0.001984,74.125.130.0-255,2902,123224,10,181594
6554,0.001986,172.31.36.0-255,66,123290,10,181594
6555,0.002022,74.125.130.0-255,5738,129028,10,181594
6556,0.002025,172.31.36.0-255,66,129094,10,181594
6557,0.003994,74.125.130.0-255,5738,134832,10,181594
6558,0.004,172.31.36.0-255,66,134898,10,181594
6559,0.005979,74.125.130.0-255,5738,140636,10,181594
6560,0.005986,172.31.36.0-255,66,140702,10,181594
6561,0.007965,74.125.130.0-255,5738,146440,10,181594
6562,0.007971,172.31.36.0-255,66,146506,10,181594
6563,0.009939,74.125.130.0-255,5738,152244,10,181594
6564,0.009945,172.31.36.0-255,66,152310,10,181594
6565,0.011921,74.125.130.0-255,5738,158048,10,181594
6566,0.011928,172.31.36.0-255,66,158114,10,181594
6567,0.013904,74.125.130.0-255,5738,163852,10,181594
6568,0.013911,172.31.36.0-255,66,163918,10,181594
6569,0.015898,74.125.130.0-255,5738,169656,10,181594
6570,0.015905,172.31.36.0-255,66,169722,10,181594
6571,0.01789,74.125.130.0-255,2902,172624,10,181594
6572,0.017896,172.31.36.0-255,66,172690,10,181594
6573,0.017932,74.125.130.0-255,2902,175592,10,181594
6574,0.017935,172.31.36.0-255,66,175658,10,181594
6575,0.019876,74.125.130.0-255,2902,178560,10,181594
6576,0.019884,172.31.36.0-255,66,178626,10,181594
6577,0.019917,74.125.130.0-255,2902,181528,10,181594
6578,0.019921,172.31.36.0-255,66,181594,10,181594
6579,0.0,172.217.194.0-255,153,153,10,184969
6580,3.2e-05,172.31.36.0-255,66,219,10,184969
6581,4e-05,172.217.194.0-255,1484,1703,10,184969
6582,4.4e-05,172.31.36.0-255,66,1769,10,184969
6583,5.7e-05,172.217.194.0-255,2902,4671,10,184969
6584,6e-05,172.31.36.0-255,66,4737,10,184969
6585,6.7e-05,172.217.194.0-255,7156,11893,10,184969
6586,6.9e-05,172.31.36.0-255,66,11959,10,184969
6587,7.3e-05,172.217.194.0-255,2066,14025,10,184969
6588,7.5e-05,172.31.36.0-255,66,14091,10,184969
6589,0.000126,172.217.194.0-255,1484,15575,10,184969
6590,0.000129,172.31.36.0-255,66,15641,10,184969
6591,0.000133,172.217.194.0-255,1484,17125,10,184969
6592,0.000135,172.31.36.0-255,66,17191,10,184969
6593,0.000171,172.217.194.0-255,1484,18675,10,184969
6594,0.000173,172.31.36.0-255,66,18741,10,184969
6595,0.000181,172.217.194.0-255,5738,24479,10,184969
6596,0.000183,172.31.36.0-255,66,24545,10,184969
6597,0.000188,172.217.194.0-255,4320,28865,10,184969
6598,0.00019,172.31.36.0-255,66,28931,10,184969
6599,0.000222,172.217.194.0-255,2543,31474,10,184969
6600,0.000225,172.31.36.0-255,66,31540,10,184969
6601,0.00023,172.217.194.0-255,2902,34442,10,184969
6602,0.000232,172.31.36.0-255,66,34508,10,184969
6603,0.000246,172.217.194.0-255,7156,41664,10,184969
6604,0.000249,172.31.36.0-255,66,41730,10,184969
6605,0.000278,172.217.194.0-255,6797,48527,10,184969
6606,0.000281,172.31.36.0-255,66,48593,10,184969
6607,0.001332,172.217.194.0-255,1484,50077,10,184969
6608,0.001338,172.31.36.0-255,66,50143,10,184969
6609,0.001347,172.217.194.0-255,2902,53045,10,184969
6610,0.001349,172.31.36.0-255,66,53111,10,184969
6611,0.001362,172.217.194.0-255,5738,58849,10,184969
6612,0.001365,172.31.36.0-255,66,58915,10,184969
6613,0.001368,172.217.194.0-255,1484,60399,10,184969
6614,0.001401,172.217.194.0-255,5379,65778,10,184969
6615,0.001404,172.31.36.0-255,66,65844,10,184969
6616,0.001697,172.217.194.0-255,647,66491,10,184969
6617,0.001816,172.217.194.0-255,1484,67975,10,184969
6618,0.001819,172.31.36.0-255,66,68041,10,184969
6619,0.001853,172.217.194.0-255,2902,70943,10,184969
6620,0.001856,172.31.36.0-255,66,71009,10,184969
6621,0.001862,172.217.194.0-255,5738,76747,10,184969
6622,0.001863,172.31.36.0-255,66,76813,10,184969
6623,0.00191,172.31.36.0-255,66,76879,10,184969
6624,0.00192,172.31.36.0-255,66,76945,10,184969
6625,0.001923,172.217.194.0-255,766,77711,10,184969
6626,0.001947,172.217.194.0-255,1484,79195,10,184969
6627,0.00195,172.31.36.0-255,66,79261,10,184969
6628,0.001955,172.217.194.0-255,4320,83581,10,184969
6629,0.001957,172.31.36.0-255,66,83647,10,184969
6630,0.001991,172.31.36.0-255,66,83713,10,184969
6631,0.001996,172.217.194.0-255,4320,88033,10,184969
6632,0.001998,172.31.36.0-255,66,88099,10,184969
6633,0.00203,172.217.194.0-255,5738,93837,10,184969
6634,0.002033,172.31.36.0-255,66,93903,10,184969
6635,0.002064,172.31.36.0-255,66,93969,10,184969
6636,0.002093,172.217.194.0-255,1484,95453,10,184969
6637,0.002098,172.217.194.0-255,2902,98355,10,184969
6638,0.002099,172.31.36.0-255,66,98421,10,184969
6639,0.002126,172.217.194.0-255,5738,104159,10,184969
6640,0.002129,172.31.36.0-255,66,104225,10,184969
6641,0.002173,172.217.194.0-255,1484,105709,10,184969
6642,0.002195,172.31.36.0-255,66,105775,10,184969
6643,0.002211,172.31.36.0-255,66,105841,10,184969
6644,0.002279,172.217.194.0-255,1484,107325,10,184969
6645,0.002298,172.217.194.0-255,2902,110227,10,184969
6646,0.0023,172.31.36.0-255,66,110293,10,184969
6647,0.002305,172.217.194.0-255,5738,116031,10,184969
6648,0.002308,172.31.36.0-255,66,116097,10,184969
6649,0.002342,172.31.36.0-255,66,116163,10,184969
6650,0.002373,172.31.36.0-255,66,116229,10,184969
6651,0.002406,172.217.194.0-255,1484,117713,10,184969
6652,0.002419,172.217.194.0-255,2902,120615,10,184969
6653,0.002421,172.31.36.0-255,66,120681,10,184969
6654,0.002447,172.217.194.0-255,5738,126419,10,184969
6655,0.00245,172.31.36.0-255,66,126485,10,184969
6656,0.002455,172.217.194.0-255,5738,132223,10,184969
6657,0.002457,172.31.36.0-255,66,132289,10,184969
6658,0.002492,172.31.36.0-255,66,132355,10,184969
6659,0.002517,172.217.194.0-255,4320,136675,10,184969
6660,0.002519,172.31.36.0-255,66,136741,10,184969
6661,0.002525,172.217.194.0-255,5020,141761,10,184969
6662,0.002527,172.31.36.0-255,66,141827,10,184969
6663,0.002532,172.217.194.0-255,5738,147565,10,184969
6664,0.002535,172.31.36.0-255,66,147631,10,184969
6665,0.002582,172.31.36.0-255,66,147697,10,184969
6666,0.002593,172.31.36.0-255,66,147763,10,184969
6667,0.002597,172.217.194.0-255,3602,151365,10,184969
6668,0.002601,172.31.36.0-255,66,151431,10,184969
6669,0.005118,172.217.194.0-255,1484,152915,10,184969
6670,0.00517,172.217.194.0-255,4320,157235,10,184969
6671,0.005174,172.31.36.0-255,66,157301,10,184969
6672,0.007744,172.217.194.0-255,4320,161621,10,184969
6673,0.007748,172.31.36.0-255,66,161687,10,184969
6674,0.007774,172.217.194.0-255,1484,163171,10,184969
6675,0.01029,172.217.194.0-255,4320,167491,10,184969
6676,0.010298,172.31.36.0-255,66,167557,10,184969
6677,0.012868,172.217.194.0-255,5738,173295,10,184969
6678,0.012876,172.31.36.0-255,66,173361,10,184969
6679,0.015467,172.217.194.0-255,5738,179099,10,184969
6680,0.015477,172.31.36.0-255,66,179165,10,184969
6681,0.018058,172.217.194.0-255,5738,184903,10,184969
6682,0.018067,172.31.36.0-255,66,184969,10,184969
6683,0.0,172.217.194.0-255,150,150,10,173449
6684,2.3e-05,172.31.36.0-255,66,216,10,173449
6685,3e-05,172.217.194.0-255,1484,1700,10,173449
6686,3.4e-05,172.31.36.0-255,66,1766,10,173449
6687,4.8e-05,172.217.194.0-255,2902,4668,10,173449
6688,5e-05,172.31.36.0-255,66,4734,10,173449
6689,5.6e-05,172.217.194.0-255,4320,9054,10,173449
6690,5.9e-05,172.31.36.0-255,66,9120,10,173449
6691,6.2e-05,172.217.194.0-255,1484,10604,10,173449
6692,6.6e-05,172.31.36.0-255,66,10670,10,173449
6693,0.0001,172.217.194.0-255,3468,14138,10,173449
6694,0.000104,172.31.36.0-255,66,14204,10,173449
6695,0.000111,172.217.194.0-255,5738,19942,10,173449
6696,0.000113,172.31.36.0-255,66,20008,10,173449
6697,0.000153,172.217.194.0-255,4320,24328,10,173449
6698,0.000155,172.31.36.0-255,66,24394,10,173449
6699,0.000197,172.217.194.0-255,1484,25878,10,173449
6700,0.000199,172.31.36.0-255,66,25944,10,173449
6701,0.000218,172.31.36.0-255,66,26010,10,173449
6702,0.000229,172.31.36.0-255,66,26076,10,173449
6703,0.000232,172.217.194.0-255,1484,27560,10,173449
6704,0.000234,172.31.36.0-255,66,27626,10,173449
6705,0.000269,172.217.194.0-255,7156,34782,10,173449
6706,0.000271,172.31.36.0-255,66,34848,10,173449
6707,0.000288,172.31.36.0-255,66,34914,10,173449
6708,0.00043,172.217.194.0-255,1484,36398,10,173449
6709,0.000435,172.31.36.0-255,66,36464,10,173449
6710,0.000441,172.217.194.0-255,2902,39366,10,173449
6711,0.000443,172.31.36.0-255,66,39432,10,173449
6712,0.000449,172.217.194.0-255,4320,43752,10,173449
6713,0.000457,172.31.36.0-255,66,43818,10,173449
6714,0.000489,172.217.194.0-255,1484,45302,10,173449
6715,0.000511,172.31.36.0-255,66,45368,10,173449
6716,0.000522,172.31.36.0-255,66,45434,10,173449
6717,0.000553,172.217.194.0-255,2184,47618,10,173449
6718,0.000556,172.31.36.0-255,66,47684,10,173449
6719,0.000784,172.217.194.0-255,1484,49168,10,173449
6720,0.000791,172.217.194.0-255,2902,52070,10,173449
6721,0.000795,172.31.36.0-255,66,52136,10,173449
6722,0.000802,172.217.194.0-255,4320,56456,10,173449
6723,0.000804,172.31.36.0-255,66,56522,10,173449
6724,0.000828,172.217.194.0-255,1484,58006,10,173449
6725,0.000844,172.217.194.0-255,5738,63744,10,173449
6726,0.000847,172.31.36.0-255,66,63810,10,173449
6727,0.000888,172.217.194.0-255,7156,70966,10,173449
6728,0.000891,172.31.36.0-255,66,71032,10,173449
6729,0.000902,172.31.36.0-255,66,71098,10,173449
6730,0.000912,172.217.194.0-255,2184,73282,10,173449
6731,0.000914,172.31.36.0-255,66,73348,10,173449
6732,0.000951,172.217.194.0-255,2902,76250,10,173449
6733,0.000954,172.31.36.0-255,66,76316,10,173449
6734,0.000962,172.217.194.0-255,7156,83472,10,173449
6735,0.000969,172.31.36.0-255,66,83538,10,173449
6736,0.000975,172.217.194.0-255,5738,89276,10,173449
6737,0.000978,172.31.36.0-255,66,89342,10,173449
6738,0.001046,172.31.36.0-255,66,89408,10,173449
6739,0.001051,172.217.194.0-255,3602,93010,10,173449
6740,0.001054,172.31.36.0-255,66,93076,10,173449
6741,0.001453,172.217.194.0-255,1484,94560,10,173449
6742,0.001459,172.217.194.0-255,2902,97462,10,173449
6743,0.001463,172.31.36.0-255,66,97528,10,173449
6744,0.001467,172.217.194.0-255,1484,99012,10,173449
6745,0.001497,172.217.194.0-255,4320,103332,10,173449
6746,0.001502,172.31.36.0-255,66,103398,10,173449
6747,0.001528,172.31.36.0-255,66,103464,10,173449
6748,0.001554,172.217.194.0-255,4320,107784,10,173449
6749,0.001556,172.31.36.0-255,66,107850,10,173449
6750,0.001602,172.31.36.0-255,66,107916,10,173449
6751,0.001725,172.217.194.0-255,1484,109400,10,173449
6752,0.001731,172.217.194.0-255,2902,112302,10,173449
6753,0.001734,172.31.36.0-255,66,112368,10,173449
6754,0.001774,172.217.194.0-255,4320,116688,10,173449
6755,0.001777,172.31.36.0-255,66,116754,10,173449
6756,0.001801,172.217.194.0-255,1484,118238,10,173449
6757,0.001814,172.217.194.0-255,7156,125394,10,173449
6758,0.001816,172.31.36.0-255,66,125460,10,173449
6759,0.001826,172.31.36.0-255,66,125526,10,173449
6760,0.001837,172.31.36.0-255,66,125592,10,173449
6761,0.00221,172.217.194.0-255,1484,127076,10,173449
6762,0.002218,172.217.194.0-255,2902,129978,10,173449
6763,0.002223,172.31.36.0-255,66,130044,10,173449
6764,0.002227,172.217.194.0-255,1484,131528,10,173449
6765,0.002256,172.217.194.0-255,4320,135848,10,173449
6766,0.00226,172.31.36.0-255,66,135914,10,173449
6767,0.002284,172.31.36.0-255,66,135980,10,173449
6768,0.002297,172.31.36.0-255,66,136046,10,173449
6769,0.002336,172.217.194.0-255,1484,137530,10,173449
6770,0.002341,172.217.194.0-255,2902,140432,10,173449
6771,0.002343,172.31.36.0-255,66,140498,10,173449
6772,0.002383,172.217.194.0-255,5738,146236,10,173449
6773,0.002386,172.31.36.0-255,66,146302,10,173449
6774,0.002399,172.31.36.0-255,66,146368,10,173449
6775,0.002413,172.217.194.0-255,1484,147852,10,173449
6776,0.002436,172.31.36.0-255,66,147918,10,173449
6777,0.002451,172.217.194.0-255,3602,151520,10,173449
6778,0.002458,172.31.36.0-255,66,151586,10,173449
6779,0.00247,172.31.36.0-255,66,151652,10,173449
6780,0.002508,172.31.36.0-255,66,151718,10,173449
6781,0.002553,172.31.36.0-255,66,151784,10,173449
6782,0.002593,172.31.36.0-255,66,151850,10,173449
6783,0.002628,172.31.36.0-255,66,151916,10,173449
6784,0.00265,172.31.36.0-255,66,151982,10,173449
6785,0.005177,172.217.194.0-255,5738,157720,10,173449
6786,0.005186,172.31.36.0-255,66,157786,10,173449
6787,0.007717,172.217.194.0-255,5738,163524,10,173449
6788,0.007723,172.31.36.0-255,66,163590,10,173449
6789,0.010263,172.217.194.0-255,5738,169328,10,173449
6790,0.01027,172.31.36.0-255,66,169394,10,173449
6791,0.01278,172.217.194.0-255,3818,173212,10,173449
6792,0.012788,172.31.36.0-255,66,173278,10,173449
6793,0.012958,172.31.36.0-255,105,173383,10,173449
6794,0.015427,172.217.194.0-255,66,173449,10,173449
6795,0.0,172.217.194.0-255,152,152,10,180739
6796,3.4e-05,172.31.36.0-255,66,218,10,180739
6797,4.2e-05,172.217.194.0-255,1484,1702,10,180739
6798,4.7e-05,172.31.36.0-255,66,1768,10,180739
6799,5.3e-05,172.217.194.0-255,2902,4670,10,180739
6800,5.5e-05,172.31.36.0-255,66,4736,10,180739
6801,6.2e-05,172.217.194.0-255,5738,10474,10,180739
6802,6.4e-05,172.31.36.0-255,66,10540,10,180739
6803,9.4e-05,172.217.194.0-255,3465,14005,10,180739
6804,9.7e-05,172.31.36.0-255,66,14071,10,180739
6805,0.000103,172.217.194.0-255,4320,18391,10,180739
6806,0.000105,172.31.36.0-255,66,18457,10,180739
6807,0.000108,172.217.194.0-255,1484,19941,10,180739
6808,0.00011,172.31.36.0-255,66,20007,10,180739
6809,0.000133,172.31.36.0-255,66,20073,10,180739
6810,0.000137,172.217.194.0-255,2543,22616,10,180739
6811,0.000139,172.31.36.0-255,66,22682,10,180739
6812,0.00043,172.217.194.0-255,1484,24166,10,180739
6813,0.000435,172.31.36.0-255,66,24232,10,180739
6814,0.000441,172.217.194.0-255,2902,27134,10,180739
6815,0.000443,172.31.36.0-255,66,27200,10,180739
6816,0.000474,172.217.194.0-255,5738,32938,10,180739
6817,0.000478,172.31.36.0-255,66,33004,10,180739
6818,0.000484,172.217.194.0-255,4320,37324,10,180739
6819,0.000486,172.31.36.0-255,66,37390,10,180739
6820,0.000512,172.31.36.0-255,66,37456,10,180739
6821,0.000527,172.217.194.0-255,1125,38581,10,180739
6822,0.00053,172.31.36.0-255,66,38647,10,180739
6823,0.000543,172.31.36.0-255,66,38713,10,180739
6824,0.000546,172.217.194.0-255,366,39079,10,180739
6825,0.000567,172.217.194.0-255,378,39457,10,180739
6826,0.000852,172.31.36.0-255,66,39523,10,180739
6827,0.000967,172.217.194.0-255,1484,41007,10,180739
6828,0.000976,172.217.194.0-255,2902,43909,10,180739
6829,0.001028,172.217.194.0-255,5738,49647,10,180739
6830,0.001035,172.217.194.0-255,5738,55385,10,180739
6831,0.001039,172.217.194.0-255,2902,58287,10,180739
6832,0.001076,172.217.194.0-255,5020,63307,10,180739
6833,0.00118,172.217.194.0-255,1484,64791,10,180739
6834,0.001185,172.217.194.0-255,1484,66275,10,180739
6835,0.0012,172.217.194.0-255,1484,67759,10,180739
6836,0.001206,172.217.194.0-255,5738,73497,10,180739
6837,0.001209,172.217.194.0-255,1484,74981,10,180739
6838,0.00123,172.217.194.0-255,1484,76465,10,180739
6839,0.001707,172.217.194.0-255,1484,77949,10,180739
6840,0.001717,172.217.194.0-255,2902,80851,10,180739
6841,0.001723,172.217.194.0-255,5738,86589,10,180739
6842,0.001743,172.217.194.0-255,1484,88073,10,180739
6843,0.001793,172.217.194.0-255,1484,89557,10,180739
6844,0.001817,172.217.194.0-255,4320,93877,10,180739
6845,0.001841,172.217.194.0-255,5738,99615,10,180739
6846,0.001846,172.217.194.0-255,2902,102517,10,180739
6847,0.001876,172.217.194.0-255,2902,105419,10,180739
6848,0.002072,172.217.194.0-255,1484,106903,10,180739
6849,0.002089,172.217.194.0-255,2902,109805,10,180739
6850,0.002095,172.217.194.0-255,4320,114125,10,180739
6851,0.002108,172.217.194.0-255,1484,115609,10,180739
6852,0.002123,172.217.194.0-255,5738,121347,10,180739
6853,0.002145,172.217.194.0-255,7156,128503,10,180739
6854,0.002228,172.217.194.0-255,1484,129987,10,180739
6855,0.002245,172.217.194.0-255,2902,132889,10,180739
6856,0.002256,172.217.194.0-255,2902,135791,10,180739
6857,0.002269,172.217.194.0-255,2902,138693,10,180739
6858,0.002272,172.217.194.0-255,1484,140177,10,180739
6859,0.002324,172.217.194.0-255,7156,147333,10,180739
6860,0.002341,172.217.194.0-255,4320,151653,10,180739
6861,0.006643,172.31.36.0-255,66,151719,10,180739
6862,0.008995,172.217.194.0-255,5738,157457,10,180739
6863,0.009002,172.31.36.0-255,66,157523,10,180739
6864,0.011332,172.217.194.0-255,5738,163261,10,180739
6865,0.011341,172.31.36.0-255,66,163327,10,180739
6866,0.013649,172.217.194.0-255,5738,169065,10,180739
6867,0.014306,172.31.36.0-255,66,169131,10,180739
6868,0.016634,172.217.194.0-255,5738,174869,10,180739
6869,0.016644,172.31.36.0-255,66,174935,10,180739
6870,0.018949,172.217.194.0-255,5738,180673,10,180739
6871,0.018956,172.31.36.0-255,66,180739,10,180739
6872,0.0,172.217.194.0-255,153,153,10,254389
6873,2.2e-05,172.31.36.0-255,66,219,10,254389
6874,3e-05,172.217.194.0-255,1484,1703,10,254389
6875,3.5e-05,172.31.36.0-255,66,1769,10,254389
6876,4.1e-05,172.217.194.0-255,2902,4671,10,254389
6877,4.6e-05,172.31.36.0-255,66,4737,10,254389
6878,5.4e-05,172.217.194.0-255,7156,11893,10,254389
6879,5.8e-05,172.31.36.0-255,66,11959,10,254389
6880,6.4e-05,172.217.194.0-255,4320,16279,10,254389
6881,6.7e-05,172.31.36.0-255,66,16345,10,254389
6882,0.000106,172.31.36.0-255,66,16411,10,254389
6883,0.000109,172.217.194.0-255,1484,17895,10,254389
6884,0.000111,172.31.36.0-255,66,17961,10,254389
6885,0.000128,172.217.194.0-255,3961,21922,10,254389
6886,0.000131,172.31.36.0-255,66,21988,10,254389
6887,0.000353,172.217.194.0-255,1484,23472,10,254389
6888,0.000358,172.31.36.0-255,66,23538,10,254389
6889,0.000365,172.217.194.0-255,2902,26440,10,254389
6890,0.000368,172.31.36.0-255,66,26506,10,254389
6891,0.000373,172.217.194.0-255,2902,29408,10,254389
6892,0.000376,172.31.36.0-255,66,29474,10,254389
6893,0.000394,172.217.194.0-255,2902,32376,10,254389
6894,0.000397,172.31.36.0-255,66,32442,10,254389
6895,0.000403,172.217.194.0-255,4320,36762,10,254389
6896,0.000405,172.31.36.0-255,66,36828,10,254389
6897,0.00043,172.31.36.0-255,66,36894,10,254389
6898,0.000436,172.217.194.0-255,5738,42632,10,254389
6899,0.000439,172.31.36.0-255,66,42698,10,254389
6900,0.000454,172.217.194.0-255,2902,45600,10,254389
6901,0.000456,172.31.36.0-255,66,45666,10,254389
6902,0.00046,172.217.194.0-255,1125,46791,10,254389
6903,0.000496,172.217.194.0-255,381,47172,10,254389
6904,0.000543,172.217.194.0-255,364,47536,10,254389
6905,0.000546,172.31.36.0-255,66,47602,10,254389
6906,0.00089,172.217.194.0-255,1484,49086,10,254389
6907,0.000895,172.217.194.0-255,1484,50570,10,254389
6908,0.000898,172.31.36.0-255,66,50636,10,254389
6909,0.000919,172.217.194.0-255,1484,52120,10,254389
6910,0.000926,172.217.194.0-255,5738,57858,10,254389
6911,0.000928,172.31.36.0-255,66,57924,10,254389
6912,0.000935,172.217.194.0-255,4320,62244,10,254389
6913,0.000937,172.31.36.0-255,66,62310,10,254389
6914,0.000961,172.217.194.0-255,7156,69466,10,254389
6915,0.000965,172.31.36.0-255,66,69532,10,254389
6916,0.000993,172.217.194.0-255,4320,73852,10,254389
6917,0.000996,172.31.36.0-255,66,73918,10,254389
6918,0.001007,172.31.36.0-255,66,73984,10,254389
6919,0.00102,172.217.194.0-255,1484,75468,10,254389
6920,0.001024,172.217.194.0-255,2902,78370,10,254389
6921,0.001026,172.31.36.0-255,66,78436,10,254389
6922,0.001029,172.217.194.0-255,1484,79920,10,254389
6923,0.001047,172.217.194.0-255,4320,84240,10,254389
6924,0.00105,172.31.36.0-255,66,84306,10,254389
6925,0.001075,172.31.36.0-255,66,84372,10,254389
6926,0.001096,172.217.194.0-255,2902,87274,10,254389
6927,0.001103,172.217.194.0-255,7156,94430,10,254389
6928,0.001106,172.31.36.0-255,66,94496,10,254389
6929,0.00111,172.31.36.0-255,66,94562,10,254389
6930,0.001118,172.217.194.0-255,2902,97464,10,254389
6931,0.001121,172.31.36.0-255,66,97530,10,254389
6932,0.001125,172.217.194.0-255,2902,100432,10,254389
6933,0.001129,172.31.36.0-255,66,100498,10,254389
6934,0.00116,172.217.194.0-255,2184,102682,10,254389
6935,0.001164,172.31.36.0-255,66,102748,10,254389
6936,0.00117,172.217.194.0-255,5738,108486,10,254389
6937,0.001173,172.31.36.0-255,66,108552,10,254389
6938,0.001185,172.31.36.0-255,66,108618,10,254389
6939,0.001225,172.217.194.0-255,4320,112938,10,254389
6940,0.001229,172.31.36.0-255,66,113004,10,254389
6941,0.001263,172.217.194.0-255,6438,119442,10,254389
6942,0.001267,172.31.36.0-255,66,119508,10,254389
6943,0.001278,172.31.36.0-255,66,119574,10,254389
6944,0.00129,172.31.36.0-255,66,119640,10,254389
6945,0.001303,172.31.36.0-255,66,119706,10,254389
6946,0.001327,172.217.194.0-255,3602,123308,10,254389
6947,0.00133,172.31.36.0-255,66,123374,10,254389
6948,0.001461,172.217.194.0-255,1484,124858,10,254389
6949,0.001476,172.217.194.0-255,2902,127760,10,254389
6950,0.001479,172.31.36.0-255,66,127826,10,254389
6951,0.001485,172.217.194.0-255,2902,130728,10,254389
6952,0.001487,172.31.36.0-255,66,130794,10,254389
6953,0.001502,172.217.194.0-255,2902,133696,10,254389
6954,0.001505,172.31.36.0-255,66,133762,10,254389
6955,0.001511,172.217.194.0-255,4320,138082,10,254389
6956,0.001513,172.31.36.0-255,66,138148,10,254389
6957,0.001531,172.217.194.0-255,7156,145304,10,254389
6958,0.001533,172.31.36.0-255,66,145370,10,254389
6959,0.001561,172.217.194.0-255,1484,146854,10,254389
6960,0.001575,172.31.36.0-255,66,146920,10,254389
6961,0.001625,172.217.194.0-255,1484,148404,10,254389
6962,0.001646,172.217.194.0-255,2902,151306,10,254389
6963,0.001649,172.31.36.0-255,66,151372,10,254389
6964,0.001656,172.217.194.0-255,5738,157110,10,254389
6965,0.001658,172.31.36.0-255,66,157176,10,254389
6966,0.001683,172.217.194.0-255,4320,161496,10,254389
6967,0.001686,172.31.36.0-255,66,161562,10,254389
6968,0.001718,172.31.36.0-255,66,161628,10,254389
6969,0.00173,172.31.36.0-255,66,161694,10,254389
6970,0.001732,172.217.194.0-255,766,162460,10,254389
6971,0.001806,172.217.194.0-255,1484,163944,10,254389
6972,0.00181,172.31.36.0-255,66,164010,10,254389
6973,0.001815,172.217.194.0-255,2902,166912,10,254389
6974,0.001818,172.31.36.0-255,66,166978,10,254389
6975,0.001824,172.217.194.0-255,5738,172716,10,254389
6976,0.001827,172.31.36.0-255,66,172782,10,254389
6977,0.001849,172.217.194.0-255,5738,178520,10,254389
6978,0.001852,172.31.36.0-255,66,178586,10,254389
6979,0.001859,172.217.194.0-255,7156,185742,10,254389
6980,0.001862,172.31.36.0-255,66,185808,10,254389
6981,0.001894,172.217.194.0-255,5738,191546,10,254389
6982,0.001899,172.31.36.0-255,66,191612,10,254389
6983,0.001921,172.217.194.0-255,5020,196632,10,254389
6984,0.001923,172.31.36.0-255,66,196698,10,254389
6985,0.001939,172.217.194.0-255,4320,201018,10,254389
6986,0.001951,172.31.36.0-255,66,201084,10,254389
6987,0.001962,172.217.194.0-255,4320,205404,10,254389
6988,0.001968,172.31.36.0-255,66,205470,10,254389
6989,0.001991,172.217.194.0-255,5738,211208,10,254389
6990,0.002,172.31.36.0-255,66,211274,10,254389
6991,0.002056,172.217.194.0-255,4320,215594,10,254389
6992,0.002062,172.31.36.0-255,66,215660,10,254389
6993,0.002089,172.217.194.0-255,7156,222816,10,254389
6994,0.002121,172.217.194.0-255,7156,229972,10,254389
6995,0.002131,172.217.194.0-255,1484,231456,10,254389
6996,0.002139,172.31.36.0-255,66,231522,10,254389
6997,0.002162,172.217.194.0-255,5738,237260,10,254389
6998,0.002169,172.31.36.0-255,66,237326,10,254389
6999,0.002188,172.217.194.0-255,5020,242346,10,254389
7000,0.002196,172.217.194.0-255,7156,249502,10,254389
7001,0.00221,172.217.194.0-255,4320,253822,10,254389
7002,0.002213,172.217.194.0-255,159,253981,10,254389
7003,0.002218,172.31.36.0-255,66,254047,10,254389
7004,0.002251,172.217.194.0-255,105,254152,10,254389
7005,0.009734,172.31.36.0-255,66,254218,10,254389
7006,0.009778,172.31.36.0-255,105,254323,10,254389
7007,0.012315,172.217.194.0-255,66,254389,10,254389
7008,0.0,74.125.24.0-255,154,154,10,240919
7009,3.3e-05,172.31.36.0-255,66,220,10,240919
7010,4e-05,74.125.24.0-255,1484,1704,10,240919
7011,4.4e-05,172.31.36.0-255,66,1770,10,240919
7012,4.9e-05,74.125.24.0-255,2902,4672,10,240919
7013,5.9e-05,172.31.36.0-255,66,4738,10,240919
7014,6.7e-05,74.125.24.0-255,7156,11894,10,240919
7015,7e-05,172.31.36.0-255,66,11960,10,240919
7016,7.3e-05,74.125.24.0-255,2040,14000,10,240919
7017,7.6e-05,172.31.36.0-255,66,14066,10,240919
7018,0.000159,74.125.24.0-255,1484,15550,10,240919
7019,0.000163,172.31.36.0-255,66,15616,10,240919
7020,0.000168,74.125.24.0-255,2902,18518,10,240919
7021,0.00017,172.31.36.0-255,66,18584,10,240919
7022,0.000174,74.125.24.0-255,1484,20068,10,240919
7023,0.000175,172.31.36.0-255,66,20134,10,240919
7024,0.000216,74.125.24.0-255,4320,24454,10,240919
7025,0.000219,172.31.36.0-255,66,24520,10,240919
7026,0.000226,74.125.24.0-255,6797,31317,10,240919
7027,0.000229,172.31.36.0-255,66,31383,10,240919
7028,0.000284,172.31.36.0-255,66,31449,10,240919
7029,0.000288,74.125.24.0-255,2543,33992,10,240919
7030,0.00029,172.31.36.0-255,66,34058,10,240919
7031,0.000391,74.125.24.0-255,1484,35542,10,240919
7032,0.000395,172.31.36.0-255,66,35608,10,240919
7033,0.000401,74.125.24.0-255,2902,38510,10,240919
7034,0.000404,172.31.36.0-255,66,38576,10,240919
7035,0.000433,74.125.24.0-255,2902,41478,10,240919
7036,0.000437,172.31.36.0-255,66,41544,10,240919
7037,0.000456,74.125.24.0-255,2902,44446,10,240919
7038,0.000459,172.31.36.0-255,66,44512,10,240919
7039,0.000463,74.125.24.0-255,2902,47414,10,240919
7040,0.000468,172.31.36.0-255,66,47480,10,240919
7041,0.000498,74.125.24.0-255,3961,51441,10,240919
7042,0.000502,172.31.36.0-255,66,51507,10,240919
7043,0.000533,74.125.24.0-255,364,51871,10,240919
7044,0.000557,74.125.24.0-255,1546,53417,10,240919
7045,0.000561,172.31.36.0-255,66,53483,10,240919
7046,0.000564,74.125.24.0-255,1484,54967,10,240919
7047,0.000593,74.125.24.0-255,4320,59287,10,240919
7048,0.000597,172.31.36.0-255,66,59353,10,240919
7049,0.000642,74.125.24.0-255,4320,63673,10,240919
7050,0.000647,172.31.36.0-255,66,63739,10,240919
7051,0.000677,74.125.24.0-255,5379,69118,10,240919
7052,0.00068,172.31.36.0-255,66,69184,10,240919
7053,0.000752,74.125.24.0-255,1484,70668,10,240919
7054,0.000768,74.125.24.0-255,2902,73570,10,240919
7055,0.000772,172.31.36.0-255,66,73636,10,240919
7056,0.000776,74.125.24.0-255,1484,75120,10,240919
7057,0.000803,74.125.24.0-255,4320,79440,10,240919
7058,0.000807,172.31.36.0-255,66,79506,10,240919
7059,0.000833,74.125.24.0-255,6797,86303,10,240919
7060,0.000836,172.31.36.0-255,66,86369,10,240919
7061,0.000844,74.125.24.0-255,7156,93525,10,240919
7062,0.000846,172.31.36.0-255,66,93591,10,240919
7063,0.000849,74.125.24.0-255,1484,95075,10,240919
7064,0.0009,172.31.36.0-255,66,95141,10,240919
7065,0.000909,74.125.24.0-255,2902,98043,10,240919
7066,0.000912,172.31.36.0-255,66,98109,10,240919
7067,0.000927,172.31.36.0-255,66,98175,10,240919
7068,0.000982,74.125.24.0-255,2184,100359,10,240919
7069,0.000986,172.31.36.0-255,66,100425,10,240919
7070,0.001049,74.125.24.0-255,1484,101909,10,240919
7071,0.001056,74.125.24.0-255,2902,104811,10,240919
7072,0.001068,172.31.36.0-255,66,104877,10,240919
7073,0.001078,74.125.24.0-255,5738,110615,10,240919
7074,0.001085,172.31.36.0-255,66,110681,10,240919
7075,0.001091,74.125.24.0-255,7156,117837,10,240919
7076,0.001105,172.31.36.0-255,66,117903,10,240919
7077,0.001117,74.125.24.0-255,5738,123641,10,240919
7078,0.001121,172.31.36.0-255,66,123707,10,240919
7079,0.001157,172.31.36.0-255,66,123773,10,240919
7080,0.001164,74.125.24.0-255,5020,128793,10,240919
7081,0.001171,172.31.36.0-255,66,128859,10,240919
7082,0.001263,74.125.24.0-255,7156,136015,10,240919
7083,0.00127,172.31.36.0-255,66,136081,10,240919
7084,0.001319,172.31.36.0-255,66,136147,10,240919
7085,0.001327,74.125.24.0-255,1484,137631,10,240919
7086,0.00133,74.125.24.0-255,2902,140533,10,240919
7087,0.001335,74.125.24.0-255,4320,144853,10,240919
7088,0.001335,172.31.36.0-255,66,144919,10,240919
7089,0.001339,172.31.36.0-255,66,144985,10,240919
7090,0.001371,74.125.24.0-255,1484,146469,10,240919
7091,0.001377,74.125.24.0-255,4320,150789,10,240919
7092,0.001383,172.31.36.0-255,66,150855,10,240919
7093,0.001399,172.31.36.0-255,66,150921,10,240919
7094,0.001401,74.125.24.0-255,5738,156659,10,240919
7095,0.001415,172.31.36.0-255,66,156725,10,240919
7096,0.001454,74.125.24.0-255,2902,159627,10,240919
7097,0.001469,172.31.36.0-255,66,159693,10,240919
7098,0.001473,172.31.36.0-255,66,159759,10,240919
7099,0.001491,172.31.36.0-255,66,159825,10,240919
7100,0.001504,172.31.36.0-255,66,159891,10,240919
7101,0.001517,74.125.24.0-255,4320,164211,10,240919
7102,0.001525,74.125.24.0-255,2184,166395,10,240919
7103,0.001525,172.31.36.0-255,66,166461,10,240919
7104,0.001527,74.125.24.0-255,349,166810,10,240919
7105,0.001529,172.31.36.0-255,66,166876,10,240919
7106,0.001554,74.125.24.0-255,1484,168360,10,240919
7107,0.001558,172.31.36.0-255,66,168426,10,240919
7108,0.001582,74.125.24.0-255,4320,172746,10,240919
7109,0.001587,172.31.36.0-255,66,172812,10,240919
7110,0.001638,74.125.24.0-255,2902,175714,10,240919
7111,0.001647,172.31.36.0-255,66,175780,10,240919
7112,0.001654,74.125.24.0-255,2902,178682,10,240919
7113,0.00166,74.125.24.0-255,7156,185838,10,240919
7114,0.00166,172.31.36.0-255,66,185904,10,240919
7115,0.001664,172.31.36.0-255,66,185970,10,240919
7116,0.00168,172.31.36.0-255,66,186036,10,240919
7117,0.001698,74.125.24.0-255,1484,187520,10,240919
7118,0.001702,74.125.24.0-255,766,188286,10,240919
7119,0.001706,74.125.24.0-255,2902,191188,10,240919
7120,0.001706,172.31.36.0-255,66,191254,10,240919
7121,0.00171,74.125.24.0-255,4320,195574,10,240919
7122,0.001713,172.31.36.0-255,66,195640,10,240919
7123,0.001715,74.125.24.0-255,5738,201378,10,240919
7124,0.001734,172.31.36.0-255,66,201444,10,240919
7125,0.001751,74.125.24.0-255,2902,204346,10,240919
7126,0.001761,172.31.36.0-255,66,204412,10,240919
7127,0.001773,172.31.36.0-255,66,204478,10,240919
7128,0.001792,74.125.24.0-255,2902,207380,10,240919
7129,0.001795,74.125.24.0-255,766,208146,10,240919
7130,0.001798,172.31.36.0-255,66,208212,10,240919
7131,0.001806,74.125.24.0-255,1484,209696,10,240919
7132,0.001812,172.31.36.0-255,66,209762,10,240919
7133,0.001842,74.125.24.0-255,4320,214082,10,240919
7134,0.001848,74.125.24.0-255,5738,219820,10,240919
7135,0.00185,172.31.36.0-255,66,219886,10,240919
7136,0.001854,74.125.24.0-255,7156,227042,10,240919
7137,0.001855,172.31.36.0-255,66,227108,10,240919
7138,0.001867,172.31.36.0-255,66,227174,10,240919
7139,0.001899,74.125.24.0-255,766,227940,10,240919
7140,0.001907,172.31.36.0-255,66,228006,10,240919
7141,0.001936,74.125.24.0-255,4320,232326,10,240919
7142,0.001941,172.31.36.0-255,66,232392,10,240919
7143,0.00197,74.125.24.0-255,7156,239548,10,240919
7144,0.001973,74.125.24.0-255,963,240511,10,240919
7145,0.001979,172.31.36.0-255,66,240577,10,240919
7146,0.002006,74.125.24.0-255,105,240682,10,240919
7147,0.003853,172.31.36.0-255,66,240748,10,240919
7148,0.003882,172.31.36.0-255,105,240853,10,240919
7149,0.006426,74.125.24.0-255,66,240919,10,240919
7150,0.0,74.125.24.0-255,153,153,10,166797
7151,1.6e-05,172.31.36.0-255,66,219,10,166797
7152,2.3e-05,74.125.24.0-255,1484,1703,10,166797
7153,2.7e-05,172.31.36.0-255,66,1769,10,166797
7154,3.4e-05,74.125.24.0-255,2902,4671,10,166797
7155,3.7e-05,172.31.36.0-255,66,4737,10,166797
7156,4.5e-05,74.125.24.0-255,7156,11893,10,166797
7157,4.9e-05,172.31.36.0-255,66,11959,10,166797
7158,5.6e-05,74.125.24.0-255,6231,18190,10,166797
7159,5.8e-05,172.31.36.0-255,66,18256,10,166797
7160,7.8e-05,74.125.24.0-255,2902,21158,10,166797
7161,8e-05,172.31.36.0-255,66,21224,10,166797
7162,0.000113,172.31.36.0-255,66,21290,10,166797
7163,0.000504,74.125.24.0-255,1484,22774,10,166797
7164,0.00051,172.31.36.0-255,66,22840,10,166797
7165,0.000516,74.125.24.0-255,2902,25742,10,166797
7166,0.000519,172.31.36.0-255,66,25808,10,166797
7167,0.000572,74.125.24.0-255,5738,31546,10,166797
7168,0.000576,172.31.36.0-255,66,31612,10,166797
7169,0.000582,74.125.24.0-255,4320,35932,10,166797
7170,0.000584,172.31.36.0-255,66,35998,10,166797
7171,0.00062,74.125.24.0-255,2543,38541,10,166797
7172,0.000623,172.31.36.0-255,66,38607,10,166797
7173,0.000708,74.125.24.0-255,1484,40091,10,166797
7174,0.000711,172.31.36.0-255,66,40157,10,166797
7175,0.000717,74.125.24.0-255,2902,43059,10,166797
7176,0.000719,172.31.36.0-255,66,43125,10,166797
7177,0.000731,74.125.24.0-255,1484,44609,10,166797
7178,0.000733,172.31.36.0-255,66,44675,10,166797
7179,0.000757,74.125.24.0-255,4320,48995,10,166797
7180,0.00076,172.31.36.0-255,66,49061,10,166797
7181,0.000766,74.125.24.0-255,4320,53381,10,166797
7182,0.000768,172.31.36.0-255,66,53447,10,166797
7183,0.000794,172.31.36.0-255,66,53513,10,166797
7184,0.000864,172.31.36.0-255,66,53579,10,166797
7185,0.000921,74.125.24.0-255,4320,57899,10,166797
7186,0.000924,172.31.36.0-255,66,57965,10,166797
7187,0.00095,74.125.24.0-255,5738,63703,10,166797
7188,0.000952,172.31.36.0-255,66,63769,10,166797
7189,0.000987,74.125.24.0-255,2902,66671,10,166797
7190,0.000991,172.31.36.0-255,66,66737,10,166797
7191,0.001001,74.125.24.0-255,1484,68221,10,166797
7192,0.001013,74.125.24.0-255,1484,69705,10,166797
7193,0.001016,172.31.36.0-255,66,69771,10,166797
7194,0.001035,74.125.24.0-255,1706,71477,10,166797
7195,0.00104,172.31.36.0-255,66,71543,10,166797
7196,0.001642,74.125.24.0-255,1484,73027,10,166797
7197,0.001652,74.125.24.0-255,2902,75929,10,166797
7198,0.001656,172.31.36.0-255,66,75995,10,166797
7199,0.001672,74.125.24.0-255,2902,78897,10,166797
7200,0.001675,172.31.36.0-255,66,78963,10,166797
7201,0.001696,74.125.24.0-255,2902,81865,10,166797
7202,0.001699,172.31.36.0-255,66,81931,10,166797
7203,0.00172,74.125.24.0-255,7156,89087,10,166797
7204,0.001722,172.31.36.0-255,66,89153,10,166797
7205,0.00174,74.125.24.0-255,2902,92055,10,166797
7206,0.001742,172.31.36.0-255,66,92121,10,166797
7207,0.001759,74.125.24.0-255,2902,95023,10,166797
7208,0.001761,172.31.36.0-255,66,95089,10,166797
7209,0.001792,172.31.36.0-255,66,95155,10,166797
7210,0.00184,74.125.24.0-255,2184,97339,10,166797
7211,0.001843,172.31.36.0-255,66,97405,10,166797
7212,0.00232,74.125.24.0-255,1484,98889,10,166797
7213,0.002327,74.125.24.0-255,1484,100373,10,166797
7214,0.002332,172.31.36.0-255,66,100439,10,166797
7215,0.002354,74.125.24.0-255,1484,101923,10,166797
7216,0.002361,74.125.24.0-255,5738,107661,10,166797
7217,0.002363,172.31.36.0-255,66,107727,10,166797
7218,0.00237,74.125.24.0-255,5738,113465,10,166797
7219,0.002372,172.31.36.0-255,66,113531,10,166797
7220,0.002405,74.125.24.0-255,1484,115015,10,166797
7221,0.002409,74.125.24.0-255,1484,116499,10,166797
7222,0.002411,172.31.36.0-255,66,116565,10,166797
7223,0.002425,74.125.24.0-255,1484,118049,10,166797
7224,0.00243,74.125.24.0-255,2902,120951,10,166797
7225,0.002432,172.31.36.0-255,66,121017,10,166797
7226,0.002452,74.125.24.0-255,2902,123919,10,166797
7227,0.002455,172.31.36.0-255,66,123985,10,166797
7228,0.002473,74.125.24.0-255,1484,125469,10,166797
7229,0.002494,74.125.24.0-255,6438,131907,10,166797
7230,0.002497,172.31.36.0-255,66,131973,10,166797
7231,0.005095,74.125.24.0-255,5738,137711,10,166797
7232,0.005103,172.31.36.0-255,66,137777,10,166797
7233,0.007683,74.125.24.0-255,5738,143515,10,166797
7234,0.007689,172.31.36.0-255,66,143581,10,166797
7235,0.010292,74.125.24.0-255,5738,149319,10,166797
7236,0.010299,172.31.36.0-255,66,149385,10,166797
7237,0.012889,74.125.24.0-255,5738,155123,10,166797
7238,0.012901,172.31.36.0-255,66,155189,10,166797
7239,0.015519,74.125.24.0-255,5738,160927,10,166797
7240,0.015531,172.31.36.0-255,66,160993,10,166797
7241,0.018133,74.125.24.0-255,5738,166731,10,166797
7242,0.018143,172.31.36.0-255,66,166797,10,166797
7243,0.0,172.217.194.0-255,145,145,10,88079
7244,3.3e-05,172.31.36.0-255,66,211,10,88079
7245,4e-05,172.217.194.0-255,1484,1695,10,88079
7246,4.4e-05,172.31.36.0-255,66,1761,10,88079
7247,4.9e-05,172.217.194.0-255,2902,4663,10,88079
7248,5.1e-05,172.31.36.0-255,66,4729,10,88079
7249,6.4e-05,172.217.194.0-255,4320,9049,10,88079
7250,6.7e-05,172.31.36.0-255,66,9115,10,88079
7251,0.000101,172.217.194.0-255,7156,16271,10,88079
7252,0.000104,172.31.36.0-255,66,16337,10,88079
7253,0.000131,172.217.194.0-255,2057,18394,10,88079
7254,0.000134,172.31.36.0-255,66,18460,10,88079
7255,0.000196,172.217.194.0-255,5738,24198,10,88079
7256,0.0002,172.31.36.0-255,66,24264,10,88079
7257,0.00023,172.217.194.0-255,6797,31061,10,88079
7258,0.000232,172.31.36.0-255,66,31127,10,88079
7259,0.000334,172.217.194.0-255,2902,34029,10,88079
7260,0.000338,172.31.36.0-255,66,34095,10,88079
7261,0.000377,172.31.36.0-255,66,34161,10,88079
7262,0.000474,172.217.194.0-255,1484,35645,10,88079
7263,0.000477,172.31.36.0-255,66,35711,10,88079
7264,0.000524,172.31.36.0-255,66,35777,10,88079
7265,0.000689,172.217.194.0-255,437,36214,10,88079
7266,0.000694,172.31.36.0-255,66,36280,10,88079
7267,0.000723,172.217.194.0-255,4320,40600,10,88079
7268,0.000726,172.31.36.0-255,66,40666,10,88079
7269,0.000772,172.31.36.0-255,66,40732,10,88079
7270,0.000988,172.217.194.0-255,5738,46470,10,88079
7271,0.000994,172.31.36.0-255,66,46536,10,88079
7272,0.001011,172.217.194.0-255,5020,51556,10,88079
7273,0.001014,172.31.36.0-255,66,51622,10,88079
7274,0.001111,172.31.36.0-255,66,51688,10,88079
7275,0.001157,172.31.36.0-255,66,51754,10,88079
7276,0.001473,172.31.36.0-255,66,51820,10,88079
7277,0.001501,172.217.194.0-255,2184,54004,10,88079
7278,0.00161,172.217.194.0-255,7156,61160,10,88079
7279,0.002998,172.217.194.0-255,4320,65480,10,88079
7280,0.003738,172.217.194.0-255,5738,71218,10,88079
7281,0.004142,172.31.36.0-255,66,71284,10,88079
7282,0.006425,172.217.194.0-255,4320,75604,10,88079
7283,0.006432,172.31.36.0-255,66,75670,10,88079
7284,0.006458,172.217.194.0-255,1484,77154,10,88079
7285,0.008686,172.217.194.0-255,4320,81474,10,88079
7286,0.009297,172.31.36.0-255,66,81540,10,88079
7287,0.011559,172.217.194.0-255,5738,87278,10,88079
7288,0.011567,172.31.36.0-255,66,87344,10,88079
7289,0.013811,172.217.194.0-255,498,87842,10,88079
7290,0.014769,172.31.36.0-255,66,87908,10,88079
7291,0.014799,172.31.36.0-255,105,88013,10,88079
7292,0.017056,172.217.194.0-255,66,88079,10,88079
7293,0.0,74.125.24.0-255,151,151,10,210975
7294,2.6e-05,172.31.36.0-255,66,217,10,210975
7295,3.3e-05,74.125.24.0-255,1484,1701,10,210975
7296,3.7e-05,172.31.36.0-255,66,1767,10,210975
7297,4.2e-05,74.125.24.0-255,2902,4669,10,210975
7298,4.4e-05,172.31.36.0-255,66,4735,10,210975
7299,4.8e-05,74.125.24.0-255,2902,7637,10,210975
7300,5e-05,172.31.36.0-255,66,7703,10,210975
7301,6.5e-05,74.125.24.0-255,4320,12023,10,210975
7302,6.8e-05,172.31.36.0-255,66,12089,10,210975
7303,9.9e-05,74.125.24.0-255,5738,17827,10,210975
7304,0.000101,172.31.36.0-255,66,17893,10,210975
7305,0.000127,74.125.24.0-255,6307,24200,10,210975
7306,0.000129,172.31.36.0-255,66,24266,10,210975
7307,0.000141,172.31.36.0-255,66,24332,10,210975
7308,0.000176,172.31.36.0-255,66,24398,10,210975
7309,0.000192,74.125.24.0-255,766,25164,10,210975
7310,0.000194,172.31.36.0-255,66,25230,10,210975
7311,0.000197,74.125.24.0-255,1484,26714,10,210975
7312,0.0002,172.31.36.0-255,66,26780,10,210975
7313,0.000204,74.125.24.0-255,2902,29682,10,210975
7314,0.000207,172.31.36.0-255,66,29748,10,210975
7315,0.000212,74.125.24.0-255,4320,34068,10,210975
7316,0.000214,172.31.36.0-255,66,34134,10,210975
7317,0.000238,74.125.24.0-255,1484,35618,10,210975
7318,0.000241,172.31.36.0-255,66,35684,10,210975
7319,0.000248,74.125.24.0-255,7151,42835,10,210975
7320,0.00025,172.31.36.0-255,66,42901,10,210975
7321,0.000311,74.125.24.0-255,1484,44385,10,210975
7322,0.000314,172.31.36.0-255,66,44451,10,210975
7323,0.00032,74.125.24.0-255,2902,47353,10,210975
7324,0.000322,172.31.36.0-255,66,47419,10,210975
7325,0.000343,74.125.24.0-255,4320,51739,10,210975
7326,0.000347,172.31.36.0-255,66,51805,10,210975
7327,0.000367,74.125.24.0-255,1484,53289,10,210975
7328,0.000384,172.31.36.0-255,66,53355,10,210975
7329,0.000389,74.125.24.0-255,4320,57675,10,210975
7330,0.000395,172.31.36.0-255,66,57741,10,210975
7331,0.00041,74.125.24.0-255,6438,64179,10,210975
7332,0.000414,172.31.36.0-255,66,64245,10,210975
7333,0.000421,172.31.36.0-255,101,64346,10,210975
7334,0.000433,74.125.24.0-255,331,64677,10,210975
7335,0.000467,74.125.24.0-255,1484,66161,10,210975
7336,0.00047,172.31.36.0-255,66,66227,10,210975
7337,0.000495,74.125.24.0-255,4320,70547,10,210975
7338,0.000499,172.31.36.0-255,66,70613,10,210975
7339,0.000505,74.125.24.0-255,5738,76351,10,210975
7340,0.000508,172.31.36.0-255,66,76417,10,210975
7341,0.000515,74.125.24.0-255,7156,83573,10,210975
7342,0.000517,172.31.36.0-255,66,83639,10,210975
7343,0.000523,74.125.24.0-255,4320,87959,10,210975
7344,0.000562,172.31.36.0-255,66,88025,10,210975
7345,0.000564,172.31.36.0-255,66,88091,10,210975
7346,0.000567,74.125.24.0-255,766,88857,10,210975
7347,0.000605,74.125.24.0-255,4320,93177,10,210975
7348,0.000609,172.31.36.0-255,66,93243,10,210975
7349,0.000641,172.31.36.0-255,66,93309,10,210975
7350,0.000645,74.125.24.0-255,1484,94793,10,210975
7351,0.000649,74.125.24.0-255,2902,97695,10,210975
7352,0.000652,172.31.36.0-255,66,97761,10,210975
7353,0.00069,172.31.36.0-255,66,97827,10,210975
7354,0.000849,74.125.24.0-255,1484,99311,10,210975
7355,0.000915,74.125.24.0-255,2902,102213,10,210975
7356,0.000919,172.31.36.0-255,66,102279,10,210975
7357,0.000926,74.125.24.0-255,4320,106599,10,210975
7358,0.000928,172.31.36.0-255,66,106665,10,210975
7359,0.000956,74.125.24.0-255,7156,113821,10,210975
7360,0.000958,172.31.36.0-255,66,113887,10,210975
7361,0.000972,74.125.24.0-255,1484,115371,10,210975
7362,0.000979,74.125.24.0-255,7156,122527,10,210975
7363,0.000982,172.31.36.0-255,66,122593,10,210975
7364,0.00101,74.125.24.0-255,5738,128331,10,210975
7365,0.001014,172.31.36.0-255,66,128397,10,210975
7366,0.001023,74.125.24.0-255,2902,131299,10,210975
7367,0.001025,172.31.36.0-255,66,131365,10,210975
7368,0.001028,74.125.24.0-255,766,132131,10,210975
7369,0.001526,74.125.24.0-255,1484,133615,10,210975
7370,0.001532,172.31.36.0-255,66,133681,10,210975
7371,0.001544,74.125.24.0-255,2902,136583,10,210975
7372,0.001547,172.31.36.0-255,66,136649,10,210975
7373,0.001552,74.125.24.0-255,4320,140969,10,210975
7374,0.001554,172.31.36.0-255,66,141035,10,210975
7375,0.001578,74.125.24.0-255,1484,142519,10,210975
7376,0.001591,172.31.36.0-255,66,142585,10,210975
7377,0.001616,74.125.24.0-255,2902,145487,10,210975
7378,0.001619,172.31.36.0-255,66,145553,10,210975
7379,0.001685,172.31.36.0-255,66,145619,10,210975
7380,0.001709,172.31.36.0-255,66,145685,10,210975
7381,0.001732,172.31.36.0-255,66,145751,10,210975
7382,0.00175,74.125.24.0-255,2184,147935,10,210975
7383,0.001753,172.31.36.0-255,66,148001,10,210975
7384,0.001819,74.125.24.0-255,1484,149485,10,210975
7385,0.001835,74.125.24.0-255,2902,152387,10,210975
7386,0.001839,172.31.36.0-255,66,152453,10,210975
7387,0.001842,74.125.24.0-255,1484,153937,10,210975
7388,0.001859,74.125.24.0-255,4320,158257,10,210975
7389,0.001863,172.31.36.0-255,66,158323,10,210975
7390,0.00189,74.125.24.0-255,2902,161225,10,210975
7391,0.001894,172.31.36.0-255,66,161291,10,210975
7392,0.001915,74.125.24.0-255,5738,167029,10,210975
7393,0.001918,172.31.36.0-255,66,167095,10,210975
7394,0.001938,74.125.24.0-255,4320,171415,10,210975
7395,0.001941,172.31.36.0-255,66,171481,10,210975
7396,0.001972,74.125.24.0-255,1484,172965,10,210975
7397,0.002006,172.31.36.0-255,66,173031,10,210975
7398,0.002062,74.125.24.0-255,1484,174515,10,210975
7399,0.002068,74.125.24.0-255,2902,177417,10,210975
7400,0.002072,172.31.36.0-255,66,177483,10,210975
7401,0.002095,74.125.24.0-255,5738,183221,10,210975
7402,0.002099,172.31.36.0-255,66,183287,10,210975
7403,0.002121,74.125.24.0-255,4320,187607,10,210975
7404,0.002124,172.31.36.0-255,66,187673,10,210975
7405,0.002159,74.125.24.0-255,5738,193411,10,210975
7406,0.002163,172.31.36.0-255,66,193477,10,210975
7407,0.002175,172.31.36.0-255,66,193543,10,210975
7408,0.002183,74.125.24.0-255,5738,199281,10,210975
7409,0.002185,172.31.36.0-255,66,199347,10,210975
7410,0.002222,172.31.36.0-255,66,199413,10,210975
7411,0.002238,172.31.36.0-255,66,199479,10,210975
7412,0.002243,74.125.24.0-255,3602,203081,10,210975
7413,0.00225,172.31.36.0-255,66,203147,10,210975
7414,0.002269,74.125.24.0-255,5738,208885,10,210975
7415,0.002272,172.31.36.0-255,66,208951,10,210975
7416,0.002326,172.31.36.0-255,66,209017,10,210975
7417,0.002331,172.31.36.0-255,66,209083,10,210975
7418,0.002355,74.125.24.0-255,1484,210567,10,210975
7419,0.002378,74.125.24.0-255,105,210672,10,210975
7420,0.002388,172.31.36.0-255,66,210738,10,210975
7421,0.002707,74.125.24.0-255,66,210804,10,210975
7422,0.008005,172.31.36.0-255,105,210909,10,210975
7423,0.010294,74.125.24.0-255,66,210975,10,210975
7424,0.0,74.125.200.0-255,142,142,10,289299
7425,3.5e-05,172.31.36.0-255,66,208,10,289299
7426,4.1e-05,74.125.200.0-255,1484,1692,10,289299
7427,4.5e-05,172.31.36.0-255,66,1758,10,289299
7428,4.8e-05,74.125.200.0-255,1484,3242,10,289299
7429,5e-05,172.31.36.0-255,66,3308,10,289299
7430,5.6e-05,74.125.200.0-255,2902,6210,10,289299
7431,5.9e-05,172.31.36.0-255,66,6276,10,289299
7432,6.5e-05,74.125.200.0-255,5738,12014,10,289299
7433,6.8e-05,172.31.36.0-255,66,12080,10,289299
7434,9.2e-05,74.125.200.0-255,4320,16400,10,289299
7435,9.5e-05,172.31.36.0-255,66,16466,10,289299
7436,0.000119,74.125.200.0-255,2040,18506,10,289299
7437,0.000121,172.31.36.0-255,66,18572,10,289299
7438,0.000128,74.125.200.0-255,7156,25728,10,289299
7439,0.00013,172.31.36.0-255,66,25794,10,289299
7440,0.000146,74.125.200.0-255,5379,31173,10,289299
7441,0.000149,172.31.36.0-255,66,31239,10,289299
7442,0.000376,74.125.200.0-255,1484,32723,10,289299
7443,0.000381,172.31.36.0-255,66,32789,10,289299
7444,0.000385,74.125.200.0-255,1484,34273,10,289299
7445,0.000388,172.31.36.0-255,66,34339,10,289299
7446,0.000402,74.125.200.0-255,1484,35823,10,289299
7447,0.000405,172.31.36.0-255,66,35889,10,289299
7448,0.000411,74.125.200.0-255,4320,40209,10,289299
7449,0.000415,172.31.36.0-255,66,40275,10,289299
7450,0.000446,172.31.36.0-255,66,40341,10,289299
7451,0.000452,74.125.200.0-255,5738,46079,10,289299
7452,0.000454,172.31.36.0-255,66,46145,10,289299
7453,0.00047,74.125.200.0-255,4320,50465,10,289299
7454,0.000474,172.31.36.0-255,66,50531,10,289299
7455,0.000501,74.125.200.0-255,6438,56969,10,289299
7456,0.000505,172.31.36.0-255,66,57035,10,289299
7457,0.000529,74.125.200.0-255,398,57433,10,289299
7458,0.000577,74.125.200.0-255,109,57542,10,289299
7459,0.000873,172.31.36.0-255,66,57608,10,289299
7460,0.001182,74.125.200.0-255,1484,59092,10,289299
7461,0.001194,74.125.200.0-255,2902,61994,10,289299
7462,0.001198,172.31.36.0-255,66,62060,10,289299
7463,0.001223,74.125.200.0-255,2902,64962,10,289299
7464,0.001225,172.31.36.0-255,66,65028,10,289299
7465,0.001253,74.125.200.0-255,2902,67930,10,289299
7466,0.001255,172.31.36.0-255,66,67996,10,289299
7467,0.001262,74.125.200.0-255,7156,75152,10,289299
7468,0.001265,172.31.36.0-255,66,75218,10,289299
7469,0.001274,172.31.36.0-255,66,75284,10,289299
7470,0.001278,74.125.200.0-255,2902,78186,10,289299
7471,0.001281,172.31.36.0-255,66,78252,10,289299
7472,0.001301,74.125.200.0-255,5020,83272,10,289299
7473,0.001303,172.31.36.0-255,66,83338,10,289299
7474,0.001395,74.125.200.0-255,1484,84822,10,289299
7475,0.001403,74.125.200.0-255,2902,87724,10,289299
7476,0.001406,172.31.36.0-255,66,87790,10,289299
7477,0.001429,74.125.200.0-255,4320,92110,10,289299
7478,0.001432,172.31.36.0-255,66,92176,10,289299
7479,0.001449,74.125.200.0-255,4320,96496,10,289299
7480,0.001452,172.31.36.0-255,66,96562,10,289299
7481,0.001471,74.125.200.0-255,1484,98046,10,289299
7482,0.001488,74.125.200.0-255,7156,105202,10,289299
7483,0.001492,172.31.36.0-255,66,105268,10,289299
7484,0.00153,172.31.36.0-255,66,105334,10,289299
7485,0.001535,74.125.200.0-255,3602,108936,10,289299
7486,0.001538,172.31.36.0-255,66,109002,10,289299
7487,0.001583,74.125.200.0-255,1484,110486,10,289299
7488,0.001609,172.31.36.0-255,66,110552,10,289299
7489,0.001627,74.125.200.0-255,1484,112036,10,289299
7490,0.001638,172.31.36.0-255,66,112102,10,289299
7491,0.001661,74.125.200.0-255,5738,117840,10,289299
7492,0.001663,172.31.36.0-255,66,117906,10,289299
7493,0.001681,74.125.200.0-255,3602,121508,10,289299
7494,0.001683,172.31.36.0-255,66,121574,10,289299
7495,0.001709,74.125.200.0-255,4320,125894,10,289299
7496,0.001712,172.31.36.0-255,66,125960,10,289299
7497,0.001733,74.125.200.0-255,5738,131698,10,289299
7498,0.001736,172.31.36.0-255,66,131764,10,289299
7499,0.001739,74.125.200.0-255,1484,133248,10,289299
7500,0.001757,74.125.200.0-255,5738,138986,10,289299
7501,0.001759,172.31.36.0-255,66,139052,10,289299
7502,0.001777,74.125.200.0-255,4320,143372,10,289299
7503,0.001779,172.31.36.0-255,66,143438,10,289299
7504,0.001805,172.31.36.0-255,66,143504,10,289299
7505,0.001835,74.125.200.0-255,2184,145688,10,289299
7506,0.001837,172.31.36.0-255,66,145754,10,289299
7507,0.001854,74.125.200.0-255,2902,148656,10,289299
7508,0.001856,172.31.36.0-255,66,148722,10,289299
7509,0.001871,74.125.200.0-255,1484,150206,10,289299
7510,0.001882,74.125.200.0-255,1484,151690,10,289299
7511,0.001884,172.31.36.0-255,66,151756,10,289299
7512,0.001903,74.125.200.0-255,4320,156076,10,289299
7513,0.001906,172.31.36.0-255,66,156142,10,289299
7514,0.001921,74.125.200.0-255,1484,157626,10,289299
7515,0.001942,74.125.200.0-255,7156,164782,10,289299
7516,0.001944,172.31.36.0-255,66,164848,10,289299
7517,0.001966,74.125.200.0-255,5738,170586,10,289299
7518,0.001968,172.31.36.0-255,66,170652,10,289299
7519,0.001987,74.125.200.0-255,4320,174972,10,289299
7520,0.00199,172.31.36.0-255,66,175038,10,289299
7521,0.001995,74.125.200.0-255,4320,179358,10,289299
7522,0.001997,172.31.36.0-255,66,179424,10,289299
7523,0.002046,74.125.200.0-255,5738,185162,10,289299
7524,0.002049,172.31.36.0-255,66,185228,10,289299
7525,0.002084,172.31.36.0-255,66,185294,10,289299
7526,0.002102,172.31.36.0-255,66,185360,10,289299
7527,0.002107,74.125.200.0-255,3602,188962,10,289299
7528,0.00211,172.31.36.0-255,66,189028,10,289299
7529,0.002177,172.31.36.0-255,66,189094,10,289299
7530,0.002187,172.31.36.0-255,66,189160,10,289299
7531,0.00219,74.125.200.0-255,2902,192062,10,289299
7532,0.002192,172.31.36.0-255,66,192128,10,289299
7533,0.002248,172.31.36.0-255,66,192194,10,289299
7534,0.002284,74.125.200.0-255,1484,193678,10,289299
7535,0.002301,74.125.200.0-255,2902,196580,10,289299
7536,0.002303,172.31.36.0-255,66,196646,10,289299
7537,0.002306,74.125.200.0-255,1484,198130,10,289299
7538,0.00232,74.125.200.0-255,4320,202450,10,289299
7539,0.002322,172.31.36.0-255,66,202516,10,289299
7540,0.002338,74.125.200.0-255,2902,205418,10,289299
7541,0.002341,172.31.36.0-255,66,205484,10,289299
7542,0.002363,74.125.200.0-255,4320,209804,10,289299
7543,0.002365,172.31.36.0-255,66,209870,10,289299
7544,0.002374,172.31.36.0-255,66,209936,10,289299
7545,0.002377,74.125.200.0-255,1484,211420,10,289299
7546,0.002406,74.125.200.0-255,6438,217858,10,289299
7547,0.002408,172.31.36.0-255,66,217924,10,289299
7548,0.002414,74.125.200.0-255,7156,225080,10,289299
7549,0.002416,172.31.36.0-255,66,225146,10,289299
7550,0.002427,74.125.200.0-255,1484,226630,10,289299
7551,0.00243,74.125.200.0-255,1484,228114,10,289299
7552,0.002431,172.31.36.0-255,66,228180,10,289299
7553,0.002449,74.125.200.0-255,4320,232500,10,289299
7554,0.002451,172.31.36.0-255,66,232566,10,289299
7555,0.002458,74.125.200.0-255,5738,238304,10,289299
7556,0.00246,172.31.36.0-255,66,238370,10,289299
7557,0.002479,74.125.200.0-255,1484,239854,10,289299
7558,0.002501,74.125.200.0-255,5738,245592,10,289299
7559,0.002503,172.31.36.0-255,66,245658,10,289299
7560,0.002526,74.125.200.0-255,6438,252096,10,289299
7561,0.002528,172.31.36.0-255,66,252162,10,289299
7562,0.00255,172.31.36.0-255,66,252228,10,289299
7563,0.002565,74.125.200.0-255,4320,256548,10,289299
7564,0.002567,172.31.36.0-255,66,256614,10,289299
7565,0.002572,74.125.200.0-255,4320,260934,10,289299
7566,0.002574,172.31.36.0-255,66,261000,10,289299
7567,0.002586,74.125.200.0-255,2902,263902,10,289299
7568,0.002588,172.31.36.0-255,66,263968,10,289299
7569,0.002608,74.125.200.0-255,5738,269706,10,289299
7570,0.002611,172.31.36.0-255,66,269772,10,289299
7571,0.005165,74.125.200.0-255,5738,275510,10,289299
7572,0.005169,172.31.36.0-255,66,275576,10,289299
7573,0.00771,74.125.200.0-255,5738,281314,10,289299
7574,0.007716,172.31.36.0-255,66,281380,10,289299
7575,0.010269,74.125.200.0-255,5738,287118,10,289299
7576,0.010275,172.31.36.0-255,66,287184,10,289299
7577,0.012823,74.125.200.0-255,1878,289062,10,289299
7578,0.012831,172.31.36.0-255,66,289128,10,289299
7579,0.015637,172.31.36.0-255,105,289233,10,289299
7580,0.018145,74.125.200.0-255,66,289299,10,289299
7581,0.0,172.217.27.0-255,153,153,10,147424
7582,1.6e-05,172.31.36.0-255,66,219,10,147424
7583,2.3e-05,172.217.27.0-255,1484,1703,10,147424
7584,2.8e-05,172.31.36.0-255,66,1769,10,147424
7585,3.5e-05,172.217.27.0-255,2902,4671,10,147424
7586,4.6e-05,172.31.36.0-255,66,4737,10,147424
7587,5.4e-05,172.217.27.0-255,7156,11893,10,147424
7588,5.7e-05,172.31.36.0-255,66,11959,10,147424
7589,6.1e-05,172.217.27.0-255,1967,13926,10,147424
7590,6.4e-05,172.31.36.0-255,66,13992,10,147424
7591,0.00013,172.217.27.0-255,1484,15476,10,147424
7592,0.000133,172.31.36.0-255,66,15542,10,147424
7593,0.000138,172.217.27.0-255,2902,18444,10,147424
7594,0.000141,172.31.36.0-255,66,18510,10,147424
7595,0.000173,172.217.27.0-255,5738,24248,10,147424
7596,0.000176,172.31.36.0-255,66,24314,10,147424
7597,0.00021,172.31.36.0-255,66,24380,10,147424
7598,0.00026,172.217.27.0-255,5738,30118,10,147424
7599,0.000264,172.31.36.0-255,66,30184,10,147424
7600,0.000294,172.217.27.0-255,5379,35563,10,147424
7601,0.000296,172.31.36.0-255,66,35629,10,147424
7602,0.000299,172.217.27.0-255,1484,37113,10,147424
7603,0.000302,172.31.36.0-255,66,37179,10,147424
7604,0.000337,172.217.27.0-255,2902,40081,10,147424
7605,0.00034,172.31.36.0-255,66,40147,10,147424
7606,0.000346,172.217.27.0-255,5738,45885,10,147424
7607,0.000348,172.31.36.0-255,66,45951,10,147424
7608,0.000362,172.217.27.0-255,6797,52748,10,147424
7609,0.000364,172.31.36.0-255,66,52814,10,147424
7610,0.000417,172.217.27.0-255,398,53212,10,147424
7611,0.00042,172.31.36.0-255,66,53278,10,147424
7612,0.000923,172.217.27.0-255,114,53392,10,147424
7613,0.001059,172.217.27.0-255,1484,54876,10,147424
7614,0.001064,172.31.36.0-255,66,54942,10,147424
7615,0.001069,172.217.27.0-255,2902,57844,10,147424
7616,0.001071,172.31.36.0-255,66,57910,10,147424
7617,0.001078,172.217.27.0-255,5738,63648,10,147424
7618,0.001085,172.31.36.0-255,66,63714,10,147424
7619,0.001095,172.217.27.0-255,1484,65198,10,147424
7620,0.001138,172.31.36.0-255,66,65264,10,147424
7621,0.001146,172.217.27.0-255,7156,72420,10,147424
7622,0.001148,172.31.36.0-255,66,72486,10,147424
7623,0.001173,172.217.27.0-255,2543,75029,10,147424
7624,0.001175,172.31.36.0-255,66,75095,10,147424
7625,0.001633,172.217.27.0-255,1484,76579,10,147424
7626,0.001641,172.217.27.0-255,2902,79481,10,147424
7627,0.001645,172.31.36.0-255,66,79547,10,147424
7628,0.001654,172.217.27.0-255,5738,85285,10,147424
7629,0.001656,172.31.36.0-255,66,85351,10,147424
7630,0.001664,172.217.27.0-255,1484,86835,10,147424
7631,0.00171,172.31.36.0-255,66,86901,10,147424
7632,0.001721,172.31.36.0-255,66,86967,10,147424
7633,0.001729,172.217.27.0-255,2184,89151,10,147424
7634,0.001732,172.31.36.0-255,66,89217,10,147424
7635,0.003394,172.217.27.0-255,5738,94955,10,147424
7636,0.003399,172.31.36.0-255,66,95021,10,147424
7637,0.005072,172.217.27.0-255,5738,100759,10,147424
7638,0.005076,172.31.36.0-255,66,100825,10,147424
7639,0.006754,172.217.27.0-255,5738,106563,10,147424
7640,0.00676,172.31.36.0-255,66,106629,10,147424
7641,0.008439,172.217.27.0-255,5738,112367,10,147424
7642,0.008445,172.31.36.0-255,66,112433,10,147424
7643,0.010131,172.217.27.0-255,5738,118171,10,147424
7644,0.010138,172.31.36.0-255,66,118237,10,147424
7645,0.011823,172.217.27.0-255,5738,123975,10,147424
7646,0.01183,172.31.36.0-255,66,124041,10,147424
7647,0.013512,172.217.27.0-255,5738,129779,10,147424
7648,0.013519,172.31.36.0-255,66,129845,10,147424
7649,0.0152,172.217.27.0-255,5738,135583,10,147424
7650,0.015209,172.31.36.0-255,66,135649,10,147424
7651,0.016881,172.217.27.0-255,5738,141387,10,147424
7652,0.016886,172.31.36.0-255,66,141453,10,147424
7653,0.017018,172.31.36.0-255,101,141554,10,147424
7654,0.018567,172.217.27.0-255,5738,147292,10,147424
7655,0.018575,172.31.36.0-255,66,147358,10,147424
7656,0.018648,172.217.27.0-255,66,147424,10,147424
7657,0.0,172.217.24.0-255,153,153,10,117679
7658,2.1e-05,172.31.36.0-255,66,219,10,117679
7659,2.8e-05,172.217.24.0-255,1484,1703,10,117679
7660,3.3e-05,172.31.36.0-255,66,1769,10,117679
7661,3.8e-05,172.217.24.0-255,2902,4671,10,117679
7662,4.1e-05,172.31.36.0-255,66,4737,10,117679
7663,4.5e-05,172.217.24.0-255,2902,7639,10,117679
7664,4.8e-05,172.31.36.0-255,66,7705,10,117679
7665,5.2e-05,172.217.24.0-255,2902,10607,10,117679
7666,5.4e-05,172.31.36.0-255,66,10673,10,117679
7667,5.9e-05,172.217.24.0-255,3480,14153,10,117679
7668,6.1e-05,172.31.36.0-255,66,14219,10,117679
7669,0.000436,172.217.24.0-255,1484,15703,10,117679
7670,0.000441,172.31.36.0-255,66,15769,10,117679
7671,0.000449,172.217.24.0-255,2902,18671,10,117679
7672,0.000451,172.31.36.0-255,66,18737,10,117679
7673,0.000457,172.217.24.0-255,5738,24475,10,117679
7674,0.000459,172.31.36.0-255,66,24541,10,117679
7675,0.000462,172.217.24.0-255,1484,26025,10,117679
7676,0.000464,172.31.36.0-255,66,26091,10,117679
7677,0.000477,172.217.24.0-255,2902,28993,10,117679
7678,0.000479,172.31.36.0-255,66,29059,10,117679
7679,0.000512,172.217.24.0-255,2543,31602,10,117679
7680,0.000514,172.31.36.0-255,66,31668,10,117679
7681,0.000778,172.217.24.0-255,1484,33152,10,117679
7682,0.000784,172.31.36.0-255,66,33218,10,117679
7683,0.000789,172.217.24.0-255,2902,36120,10,117679
7684,0.000791,172.31.36.0-255,66,36186,10,117679
7685,0.000795,172.217.24.0-255,2902,39088,10,117679
7686,0.000797,172.31.36.0-255,66,39154,10,117679
7687,0.000816,172.217.24.0-255,2902,42056,10,117679
7688,0.000818,172.31.36.0-255,66,42122,10,117679
7689,0.000857,172.217.24.0-255,4320,46442,10,117679
7690,0.00086,172.31.36.0-255,66,46508,10,117679
7691,0.000873,172.217.24.0-255,2543,49051,10,117679
7692,0.000875,172.31.36.0-255,66,49117,10,117679
7693,0.000936,172.217.24.0-255,1484,50601,10,117679
7694,0.000941,172.217.24.0-255,1484,52085,10,117679
7695,0.000943,172.31.36.0-255,66,52151,10,117679
7696,0.000954,172.217.24.0-255,1484,53635,10,117679
7697,0.000959,172.217.24.0-255,2902,56537,10,117679
7698,0.000961,172.31.36.0-255,66,56603,10,117679
7699,0.000983,172.217.24.0-255,2902,59505,10,117679
7700,0.000985,172.31.36.0-255,66,59571,10,117679
7701,0.000988,172.217.24.0-255,1484,61055,10,117679
7702,0.001006,172.217.24.0-255,5379,66434,10,117679
7703,0.001009,172.31.36.0-255,66,66500,10,117679
7704,0.001011,172.217.24.0-255,361,66861,10,117679
7705,0.002933,172.217.24.0-255,4320,71181,10,117679
7706,0.002942,172.31.36.0-255,66,71247,10,117679
7707,0.004897,172.217.24.0-255,5738,76985,10,117679
7708,0.004909,172.31.36.0-255,66,77051,10,117679
7709,0.006872,172.217.24.0-255,5738,82789,10,117679
7710,0.00689,172.31.36.0-255,66,82855,10,117679
7711,0.008845,172.217.24.0-255,5738,88593,10,117679
7712,0.008859,172.31.36.0-255,66,88659,10,117679
7713,0.010814,172.217.24.0-255,5738,94397,10,117679
7714,0.010828,172.31.36.0-255,66,94463,10,117679
7715,0.012785,172.217.24.0-255,5738,100201,10,117679
7716,0.012802,172.31.36.0-255,66,100267,10,117679
7717,0.014756,172.217.24.0-255,5738,106005,10,117679
7718,0.014771,172.31.36.0-255,66,106071,10,117679
7719,0.01672,172.217.24.0-255,5738,111809,10,117679
7720,0.016731,172.31.36.0-255,66,111875,10,117679
7721,0.018682,172.217.24.0-255,5738,117613,10,117679
7722,0.018692,172.31.36.0-255,66,117679,10,117679
7723,0.0,172.217.194.0-255,153,153,10,248535
7724,3.4e-05,172.31.36.0-255,66,219,10,248535
7725,4.1e-05,172.217.194.0-255,1484,1703,10,248535
7726,4.5e-05,172.31.36.0-255,66,1769,10,248535
7727,5.8e-05,172.217.194.0-255,2902,4671,10,248535
7728,6.2e-05,172.31.36.0-255,66,4737,10,248535
7729,6.9e-05,172.217.194.0-255,7156,11893,10,248535
7730,7.2e-05,172.31.36.0-255,66,11959,10,248535
7731,7.5e-05,172.217.194.0-255,1484,13443,10,248535
7732,7.7e-05,172.31.36.0-255,66,13509,10,248535
7733,0.000134,172.31.36.0-255,66,13575,10,248535
7734,0.000137,172.217.194.0-255,1484,15059,10,248535
7735,0.00014,172.31.36.0-255,66,15125,10,248535
7736,0.000142,172.217.194.0-255,1125,16250,10,248535
7737,0.000144,172.31.36.0-255,66,16316,10,248535
7738,0.000172,172.217.194.0-255,1484,17800,10,248535
7739,0.000175,172.31.36.0-255,66,17866,10,248535
7740,0.000181,172.217.194.0-255,2902,20768,10,248535
7741,0.000184,172.31.36.0-255,66,20834,10,248535
7742,0.000189,172.217.194.0-255,4320,25154,10,248535
7743,0.000192,172.31.36.0-255,66,25220,10,248535
7744,0.000226,172.217.194.0-255,1484,26704,10,248535
7745,0.000229,172.31.36.0-255,66,26770,10,248535
7746,0.000247,172.31.36.0-255,66,26836,10,248535
7747,0.000277,172.217.194.0-255,4320,31156,10,248535
7748,0.000281,172.31.36.0-255,66,31222,10,248535
7749,0.000306,172.217.194.0-255,5968,37190,10,248535
7750,0.000308,172.31.36.0-255,66,37256,10,248535
7751,0.000585,172.217.194.0-255,1484,38740,10,248535
7752,0.00059,172.31.36.0-255,66,38806,10,248535
7753,0.000596,172.217.194.0-255,2902,41708,10,248535
7754,0.000598,172.31.36.0-255,66,41774,10,248535
7755,0.000654,172.217.194.0-255,5738,47512,10,248535
7756,0.000658,172.31.36.0-255,66,47578,10,248535
7757,0.000672,172.31.36.0-255,66,47644,10,248535
7758,0.000705,172.31.36.0-255,66,47710,10,248535
7759,0.001114,172.217.194.0-255,1484,49194,10,248535
7760,0.001133,172.217.194.0-255,2902,52096,10,248535
7761,0.001139,172.31.36.0-255,66,52162,10,248535
7762,0.001159,172.217.194.0-255,4320,56482,10,248535
7763,0.001164,172.31.36.0-255,66,56548,10,248535
7764,0.001166,172.217.194.0-255,5738,62286,10,248535
7765,0.001168,172.31.36.0-255,66,62352,10,248535
7766,0.001194,172.217.194.0-255,2902,65254,10,248535
7767,0.001197,172.31.36.0-255,66,65320,10,248535
7768,0.001203,172.217.194.0-255,4320,69640,10,248535
7769,0.001205,172.31.36.0-255,66,69706,10,248535
7770,0.001235,172.217.194.0-255,2902,72608,10,248535
7771,0.001239,172.31.36.0-255,66,72674,10,248535
7772,0.001277,172.31.36.0-255,66,72740,10,248535
7773,0.001436,172.217.194.0-255,1484,74224,10,248535
7774,0.001441,172.217.194.0-255,2902,77126,10,248535
7775,0.001444,172.31.36.0-255,66,77192,10,248535
7776,0.001477,172.217.194.0-255,5738,82930,10,248535
7777,0.001482,172.31.36.0-255,66,82996,10,248535
7778,0.001504,172.31.36.0-255,66,83062,10,248535
7779,0.001543,172.217.194.0-255,5738,88800,10,248535
7780,0.001547,172.31.36.0-255,66,88866,10,248535
7781,0.001586,172.31.36.0-255,66,88932,10,248535
7782,0.001589,172.217.194.0-255,1484,90416,10,248535
7783,0.001593,172.217.194.0-255,2902,93318,10,248535
7784,0.001595,172.31.36.0-255,66,93384,10,248535
7785,0.001607,172.217.194.0-255,2902,96286,10,248535
7786,0.00161,172.31.36.0-255,66,96352,10,248535
7787,0.001648,172.217.194.0-255,2902,99254,10,248535
7788,0.001651,172.31.36.0-255,66,99320,10,248535
7789,0.001681,172.31.36.0-255,66,99386,10,248535
7790,0.001684,172.217.194.0-255,1484,100870,10,248535
7791,0.001689,172.217.194.0-255,2902,103772,10,248535
7792,0.001691,172.31.36.0-255,66,103838,10,248535
7793,0.001728,172.217.194.0-255,6438,110276,10,248535
7794,0.001732,172.31.36.0-255,66,110342,10,248535
7795,0.001958,172.217.194.0-255,1484,111826,10,248535
7796,0.001977,172.217.194.0-255,2902,114728,10,248535
7797,0.001981,172.31.36.0-255,66,114794,10,248535
7798,0.001989,172.217.194.0-255,5738,120532,10,248535
7799,0.001991,172.31.36.0-255,66,120598,10,248535
7800,0.002017,172.217.194.0-255,7156,127754,10,248535
7801,0.002026,172.31.36.0-255,66,127820,10,248535
7802,0.00203,172.217.194.0-255,2902,130722,10,248535
7803,0.002032,172.31.36.0-255,66,130788,10,248535
7804,0.002072,172.31.36.0-255,66,130854,10,248535
7805,0.002076,172.217.194.0-255,2184,133038,10,248535
7806,0.002078,172.31.36.0-255,66,133104,10,248535
7807,0.002366,172.217.194.0-255,1484,134588,10,248535
7808,0.002373,172.217.194.0-255,2902,137490,10,248535
7809,0.002378,172.31.36.0-255,66,137556,10,248535
7810,0.002387,172.217.194.0-255,5738,143294,10,248535
7811,0.00239,172.31.36.0-255,66,143360,10,248535
7812,0.002409,172.217.194.0-255,4320,147680,10,248535
7813,0.002416,172.31.36.0-255,66,147746,10,248535
7814,0.002445,172.217.194.0-255,7156,154902,10,248535
7815,0.002447,172.31.36.0-255,66,154968,10,248535
7816,0.00246,172.31.36.0-255,66,155034,10,248535
7817,0.002463,172.217.194.0-255,2902,157936,10,248535
7818,0.002465,172.31.36.0-255,66,158002,10,248535
7819,0.002505,172.217.194.0-255,1484,159486,10,248535
7820,0.002525,172.217.194.0-255,2902,162388,10,248535
7821,0.00253,172.31.36.0-255,66,162454,10,248535
7822,0.002542,172.31.36.0-255,66,162520,10,248535
7823,0.002549,172.217.194.0-255,7156,169676,10,248535
7824,0.002551,172.31.36.0-255,66,169742,10,248535
7825,0.00256,172.31.36.0-255,66,169808,10,248535
7826,0.002564,172.217.194.0-255,2184,171992,10,248535
7827,0.002566,172.31.36.0-255,66,172058,10,248535
7828,0.002611,172.217.194.0-255,2902,174960,10,248535
7829,0.002614,172.31.36.0-255,66,175026,10,248535
7830,0.002619,172.217.194.0-255,4320,179346,10,248535
7831,0.002622,172.31.36.0-255,66,179412,10,248535
7832,0.002657,172.31.36.0-255,66,179478,10,248535
7833,0.002663,172.217.194.0-255,4320,183798,10,248535
7834,0.002665,172.31.36.0-255,66,183864,10,248535
7835,0.002698,172.217.194.0-255,7156,191020,10,248535
7836,0.002701,172.31.36.0-255,66,191086,10,248535
7837,0.002721,172.217.194.0-255,4320,195406,10,248535
7838,0.002724,172.31.36.0-255,66,195472,10,248535
7839,0.002727,172.217.194.0-255,2184,197656,10,248535
7840,0.002729,172.31.36.0-255,66,197722,10,248535
7841,0.002768,172.217.194.0-255,5738,203460,10,248535
7842,0.002771,172.31.36.0-255,66,203526,10,248535
7843,0.002803,172.217.194.0-255,5738,209264,10,248535
7844,0.002806,172.31.36.0-255,66,209330,10,248535
7845,0.002809,172.217.194.0-255,1484,210814,10,248535
7846,0.002814,172.217.194.0-255,2902,213716,10,248535
7847,0.002816,172.31.36.0-255,66,213782,10,248535
7848,0.002855,172.31.36.0-255,66,213848,10,248535
7849,0.002858,172.217.194.0-255,1484,215332,10,248535
7850,0.002861,172.217.194.0-255,1484,216816,10,248535
7851,0.002863,172.31.36.0-255,66,216882,10,248535
7852,0.002908,172.31.36.0-255,66,216948,10,248535
7853,0.002915,172.217.194.0-255,7156,224104,10,248535
7854,0.002917,172.31.36.0-255,66,224170,10,248535
7855,0.00292,172.217.194.0-255,1484,225654,10,248535
7856,0.002923,172.217.194.0-255,1484,227138,10,248535
7857,0.002927,172.31.36.0-255,66,227204,10,248535
7858,0.002968,172.217.194.0-255,7156,234360,10,248535
7859,0.002971,172.31.36.0-255,66,234426,10,248535
7860,0.002982,172.31.36.0-255,66,234492,10,248535
7861,0.002985,172.217.194.0-255,2184,236676,10,248535
7862,0.002988,172.31.36.0-255,66,236742,10,248535
7863,0.002992,172.217.194.0-255,2902,239644,10,248535
7864,0.002994,172.31.36.0-255,66,239710,10,248535
7865,0.003001,172.217.194.0-255,7156,246866,10,248535
7866,0.003003,172.31.36.0-255,66,246932,10,248535
7867,0.003027,172.217.194.0-255,1261,248193,10,248535
7868,0.003085,172.217.194.0-255,105,248298,10,248535
7869,0.008487,172.31.36.0-255,66,248364,10,248535
7870,0.008519,172.31.36.0-255,105,248469,10,248535
7871,0.011109,172.217.194.0-255,66,248535,10,248535
7872,0.0,172.217.194.0-255,153,153,10,138992
7873,2.2e-05,172.31.36.0-255,66,219,10,138992
7874,2.9e-05,172.217.194.0-255,1484,1703,10,138992
7875,3.4e-05,172.31.36.0-255,66,1769,10,138992
7876,4.8e-05,172.217.194.0-255,2902,4671,10,138992
7877,5.1e-05,172.31.36.0-255,66,4737,10,138992
7878,5.9e-05,172.217.194.0-255,7156,11893,10,138992
7879,6.2e-05,172.31.36.0-255,66,11959,10,138992
7880,6.5e-05,172.217.194.0-255,1484,13443,10,138992
7881,6.7e-05,172.31.36.0-255,66,13509,10,138992
7882,0.000123,172.31.36.0-255,66,13575,10,138992
7883,0.000128,172.217.194.0-255,3961,17536,10,138992
7884,0.000131,172.31.36.0-255,66,17602,10,138992
7885,0.000329,172.217.194.0-255,1484,19086,10,138992
7886,0.000347,172.31.36.0-255,66,19152,10,138992
7887,0.000353,172.217.194.0-255,2902,22054,10,138992
7888,0.000356,172.31.36.0-255,66,22120,10,138992
7889,0.000368,172.217.194.0-255,5738,27858,10,138992
7890,0.00037,172.31.36.0-255,66,27924,10,138992
7891,0.000377,172.217.194.0-255,4320,32244,10,138992
7892,0.000379,172.31.36.0-255,66,32310,10,138992
7893,0.000415,172.217.194.0-255,2543,34853,10,138992
7894,0.000419,172.31.36.0-255,66,34919,10,138992
7895,0.000438,172.31.36.0-255,66,34985,10,138992
7896,0.000443,172.217.194.0-255,2543,37528,10,138992
7897,0.000445,172.31.36.0-255,66,37594,10,138992
7898,0.000509,172.217.194.0-255,378,37972,10,138992
7899,0.000513,172.31.36.0-255,66,38038,10,138992
7900,0.001063,172.217.194.0-255,1484,39522,10,138992
7901,0.001068,172.31.36.0-255,66,39588,10,138992
7902,0.001074,172.217.194.0-255,2902,42490,10,138992
7903,0.001076,172.31.36.0-255,66,42556,10,138992
7904,0.001082,172.217.194.0-255,4320,46876,10,138992
7905,0.001088,172.31.36.0-255,66,46942,10,138992
7906,0.001092,172.217.194.0-255,1484,48426,10,138992
7907,0.001128,172.217.194.0-255,7156,55582,10,138992
7908,0.00113,172.31.36.0-255,66,55648,10,138992
7909,0.001168,172.31.36.0-255,66,55714,10,138992
7910,0.001196,172.217.194.0-255,2184,57898,10,138992
7911,0.001199,172.31.36.0-255,66,57964,10,138992
7912,0.001204,172.217.194.0-255,2902,60866,10,138992
7913,0.001206,172.31.36.0-255,66,60932,10,138992
7914,0.001211,172.217.194.0-255,4320,65252,10,138992
7915,0.001217,172.31.36.0-255,66,65318,10,138992
7916,0.001228,172.31.36.0-255,66,65384,10,138992
7917,0.001271,172.31.36.0-255,66,65450,10,138992
7918,0.001306,172.217.194.0-255,4320,69770,10,138992
7919,0.001309,172.31.36.0-255,66,69836,10,138992
7920,0.001358,172.31.36.0-255,66,69902,10,138992
7921,0.001376,172.31.36.0-255,66,69968,10,138992
7922,0.00138,172.217.194.0-255,2184,72152,10,138992
7923,0.001383,172.31.36.0-255,66,72218,10,138992
7924,0.001388,172.217.194.0-255,2902,75120,10,138992
7925,0.00139,172.31.36.0-255,66,75186,10,138992
7926,0.001397,172.217.194.0-255,7156,82342,10,138992
7927,0.0014,172.31.36.0-255,66,82408,10,138992
7928,0.001412,172.31.36.0-255,66,82474,10,138992
7929,0.00147,172.31.36.0-255,66,82540,10,138992
7930,0.001506,172.31.36.0-255,66,82606,10,138992
7931,0.001513,172.217.194.0-255,5738,88344,10,138992
7932,0.001515,172.31.36.0-255,66,88410,10,138992
7933,0.001558,172.31.36.0-255,66,88476,10,138992
7934,0.001563,172.217.194.0-255,3602,92078,10,138992
7935,0.001565,172.31.36.0-255,66,92144,10,138992
7936,0.001633,172.217.194.0-255,1484,93628,10,138992
7937,0.001638,172.217.194.0-255,2902,96530,10,138992
7938,0.001641,172.31.36.0-255,66,96596,10,138992
7939,0.001665,172.217.194.0-255,5738,102334,10,138992
7940,0.001668,172.31.36.0-255,66,102400,10,138992
7941,0.001674,172.217.194.0-255,4320,106720,10,138992
7942,0.001676,172.31.36.0-255,66,106786,10,138992
7943,0.001726,172.217.194.0-255,1484,108270,10,138992
7944,0.00173,172.31.36.0-255,66,108336,10,138992
7945,0.001763,172.217.194.0-255,6438,114774,10,138992
7946,0.001766,172.31.36.0-255,66,114840,10,138992
7947,0.001792,172.217.194.0-255,1484,116324,10,138992
7948,0.001809,172.217.194.0-255,2902,119226,10,138992
7949,0.001811,172.31.36.0-255,66,119292,10,138992
7950,0.001818,172.217.194.0-255,5738,125030,10,138992
7951,0.00182,172.31.36.0-255,66,125096,10,138992
7952,0.00188,172.31.36.0-255,66,125162,10,138992
7953,0.001895,172.31.36.0-255,66,125228,10,138992
7954,0.001911,172.31.36.0-255,66,125294,10,138992
7955,0.00194,172.217.194.0-255,5738,131032,10,138992
7956,0.001943,172.31.36.0-255,66,131098,10,138992
7957,0.001992,172.217.194.0-255,7156,138254,10,138992
7958,0.001995,172.31.36.0-255,66,138320,10,138992
7959,0.002043,172.31.36.0-255,66,138386,10,138992
7960,0.002065,172.31.36.0-255,66,138452,10,138992
7961,0.002079,172.31.36.0-255,66,138518,10,138992
7962,0.002104,172.31.36.0-255,66,138584,10,138992
7963,0.002123,172.31.36.0-255,66,138650,10,138992
7964,0.002126,172.217.194.0-255,105,138755,10,138992
7965,0.010341,172.31.36.0-255,66,138821,10,138992
7966,0.010394,172.31.36.0-255,105,138926,10,138992
7967,0.012658,172.217.194.0-255,66,138992,10,138992
7968,0.0,74.125.24.0-255,291,291,10,138726
7969,1.5e-05,172.31.36.0-255,66,357,10,138726
7970,2.1e-05,74.125.24.0-255,1484,1841,10,138726
7971,2.5e-05,172.31.36.0-255,66,1907,10,138726
7972,3.1e-05,74.125.24.0-255,4320,6227,10,138726
7973,4.3e-05,172.31.36.0-255,66,6293,10,138726
7974,8.2e-05,74.125.24.0-255,7156,13449,10,138726
7975,8.6e-05,172.31.36.0-255,66,13515,10,138726
7976,0.000112,74.125.24.0-255,350,13865,10,138726
7977,0.000115,172.31.36.0-255,66,13931,10,138726
7978,0.000119,74.125.24.0-255,1484,15415,10,138726
7979,0.000121,172.31.36.0-255,66,15481,10,138726
7980,0.000151,74.125.24.0-255,5738,21219,10,138726
7981,0.000154,172.31.36.0-255,66,21285,10,138726
7982,0.000166,172.31.36.0-255,66,21351,10,138726
7983,0.000168,74.125.24.0-255,1125,22476,10,138726
7984,0.000171,172.31.36.0-255,66,22542,10,138726
7985,0.000383,74.125.24.0-255,1484,24026,10,138726
7986,0.000389,172.31.36.0-255,66,24092,10,138726
7987,0.000396,74.125.24.0-255,2902,26994,10,138726
7988,0.000399,172.31.36.0-255,66,27060,10,138726
7989,0.000413,74.125.24.0-255,5738,32798,10,138726
7990,0.000417,172.31.36.0-255,66,32864,10,138726
7991,0.00042,74.125.24.0-255,1484,34348,10,138726
7992,0.000422,172.31.36.0-255,66,34414,10,138726
7993,0.000467,172.31.36.0-255,66,34480,10,138726
7994,0.000498,172.31.36.0-255,66,34546,10,138726
7995,0.0005,74.125.24.0-255,344,34890,10,138726
7996,0.000502,172.31.36.0-255,66,34956,10,138726
7997,0.000887,74.125.24.0-255,1484,36440,10,138726
7998,0.000894,74.125.24.0-255,2902,39342,10,138726
7999,0.000898,172.31.36.0-255,66,39408,10,138726
8000,0.000905,74.125.24.0-255,5738,45146,10,138726
8001,0.000907,172.31.36.0-255,66,45212,10,138726
8002,0.000949,172.31.36.0-255,66,45278,10,138726
8003,0.000979,74.125.24.0-255,4320,49598,10,138726
8004,0.000982,172.31.36.0-255,66,49664,10,138726
8005,0.00101,74.125.24.0-255,6438,56102,10,138726
8006,0.001016,172.31.36.0-255,66,56168,10,138726
8007,0.002248,74.125.24.0-255,1484,57652,10,138726
8008,0.002257,74.125.24.0-255,2902,60554,10,138726
8009,0.002261,172.31.36.0-255,66,60620,10,138726
8010,0.002267,74.125.24.0-255,4320,64940,10,138726
8011,0.002269,172.31.36.0-255,66,65006,10,138726
8012,0.002289,74.125.24.0-255,1484,66490,10,138726
8013,0.002307,172.31.36.0-255,66,66556,10,138726
8014,0.00234,74.125.24.0-255,4320,70876,10,138726
8015,0.002343,172.31.36.0-255,66,70942,10,138726
8016,0.002373,74.125.24.0-255,6438,77380,10,138726
8017,0.002375,172.31.36.0-255,66,77446,10,138726
8018,0.002511,74.125.24.0-255,1484,78930,10,138726
8019,0.002522,74.125.24.0-255,2902,81832,10,138726
8020,0.002525,172.31.36.0-255,66,81898,10,138726
8021,0.00253,74.125.24.0-255,4320,86218,10,138726
8022,0.002532,172.31.36.0-255,66,86284,10,138726
8023,0.002558,74.125.24.0-255,1484,87768,10,138726
8024,0.002565,74.125.24.0-255,7156,94924,10,138726
8025,0.002567,172.31.36.0-255,66,94990,10,138726
8026,0.002594,172.31.36.0-255,66,95056,10,138726
8027,0.002621,74.125.24.0-255,5738,100794,10,138726
8028,0.002624,172.31.36.0-255,66,100860,10,138726
8029,0.002628,74.125.24.0-255,2184,103044,10,138726
8030,0.00263,172.31.36.0-255,66,103110,10,138726
8031,0.005192,74.125.24.0-255,2902,106012,10,138726
8032,0.005199,172.31.36.0-255,66,106078,10,138726
8033,0.005265,74.125.24.0-255,2902,108980,10,138726
8034,0.00527,172.31.36.0-255,66,109046,10,138726
8035,0.007793,74.125.24.0-255,2902,111948,10,138726
8036,0.007802,172.31.36.0-255,66,112014,10,138726
8037,0.007872,74.125.24.0-255,2902,114916,10,138726
8038,0.007877,172.31.36.0-255,66,114982,10,138726
8039,0.010393,74.125.24.0-255,2902,117884,10,138726
8040,0.0104,172.31.36.0-255,66,117950,10,138726
8041,0.010453,74.125.24.0-255,2902,120852,10,138726
8042,0.010457,172.31.36.0-255,66,120918,10,138726
8043,0.013003,74.125.24.0-255,2902,123820,10,138726
8044,0.013011,172.31.36.0-255,66,123886,10,138726
8045,0.013046,74.125.24.0-255,2902,126788,10,138726
8046,0.013048,172.31.36.0-255,66,126854,10,138726
8047,0.015611,74.125.24.0-255,2902,129756,10,138726
8048,0.015618,172.31.36.0-255,66,129822,10,138726
8049,0.015654,74.125.24.0-255,2902,132724,10,138726
8050,0.015659,172.31.36.0-255,66,132790,10,138726
8051,0.018201,74.125.24.0-255,2902,135692,10,138726
8052,0.018212,172.31.36.0-255,66,135758,10,138726
8053,0.018254,74.125.24.0-255,2902,138660,10,138726
8054,0.018258,172.31.36.0-255,66,138726,10,138726
8055,0.0,172.217.27.0-255,152,152,10,110295
8056,3.6e-05,172.31.36.0-255,66,218,10,110295
8057,4.4e-05,172.217.27.0-255,1484,1702,10,110295
8058,4.9e-05,172.31.36.0-255,66,1768,10,110295
8059,5.6e-05,172.217.27.0-255,2902,4670,10,110295
8060,5.9e-05,172.31.36.0-255,66,4736,10,110295
8061,6.6e-05,172.217.27.0-255,7156,11892,10,110295
8062,6.9e-05,172.31.36.0-255,66,11958,10,110295
8063,7.2e-05,172.217.27.0-255,1484,13442,10,110295
8064,7.4e-05,172.31.36.0-255,66,13508,10,110295
8065,9.8e-05,172.217.27.0-255,551,14059,10,110295
8066,0.0001,172.31.36.0-255,66,14125,10,110295
8067,0.000146,172.217.27.0-255,1484,15609,10,110295
8068,0.000149,172.31.36.0-255,66,15675,10,110295
8069,0.000154,172.217.27.0-255,4320,19995,10,110295
8070,0.000157,172.31.36.0-255,66,20061,10,110295
8071,0.000195,172.217.27.0-255,5738,25799,10,110295
8072,0.000199,172.31.36.0-255,66,25865,10,110295
8073,0.000202,172.217.27.0-255,1484,27349,10,110295
8074,0.000204,172.31.36.0-255,66,27415,10,110295
8075,0.000221,172.217.27.0-255,3961,31376,10,110295
8076,0.000225,172.31.36.0-255,66,31442,10,110295
8077,0.000813,172.217.27.0-255,1484,32926,10,110295
8078,0.000818,172.31.36.0-255,66,32992,10,110295
8079,0.000823,172.217.27.0-255,1484,34476,10,110295
8080,0.000826,172.31.36.0-255,66,34542,10,110295
8081,0.000831,172.217.27.0-255,2902,37444,10,110295
8082,0.000834,172.31.36.0-255,66,37510,10,110295
8083,0.00084,172.217.27.0-255,5738,43248,10,110295
8084,0.000842,172.31.36.0-255,66,43314,10,110295
8085,0.00089,172.31.36.0-255,66,43380,10,110295
8086,0.000911,172.217.27.0-255,2543,45923,10,110295
8087,0.000914,172.31.36.0-255,66,45989,10,110295
8088,0.000926,172.31.36.0-255,66,46055,10,110295
8089,0.002611,172.217.27.0-255,5738,51793,10,110295
8090,0.002617,172.31.36.0-255,66,51859,10,110295
8091,0.004255,172.217.27.0-255,5738,57597,10,110295
8092,0.004258,172.31.36.0-255,66,57663,10,110295
8093,0.005898,172.217.27.0-255,2902,60565,10,110295
8094,0.005903,172.31.36.0-255,66,60631,10,110295
8095,0.00593,172.217.27.0-255,2902,63533,10,110295
8096,0.005932,172.31.36.0-255,66,63599,10,110295
8097,0.007543,172.217.27.0-255,2902,66501,10,110295
8098,0.00755,172.31.36.0-255,66,66567,10,110295
8099,0.007567,172.217.27.0-255,2902,69469,10,110295
8100,0.00757,172.31.36.0-255,66,69535,10,110295
8101,0.009179,172.217.27.0-255,2902,72437,10,110295
8102,0.009186,172.31.36.0-255,66,72503,10,110295
8103,0.009206,172.217.27.0-255,2902,75405,10,110295
8104,0.009208,172.31.36.0-255,66,75471,10,110295
8105,0.010829,172.217.27.0-255,5738,81209,10,110295
8106,0.010837,172.31.36.0-255,66,81275,10,110295
8107,0.012474,172.217.27.0-255,5738,87013,10,110295
8108,0.012482,172.31.36.0-255,66,87079,10,110295
8109,0.014151,172.217.27.0-255,5738,92817,10,110295
8110,0.014163,172.31.36.0-255,66,92883,10,110295
8111,0.015802,172.217.27.0-255,5738,98621,10,110295
8112,0.015809,172.31.36.0-255,66,98687,10,110295
8113,0.017473,172.217.27.0-255,5738,104425,10,110295
8114,0.017481,172.31.36.0-255,66,104491,10,110295
8115,0.019121,172.217.27.0-255,5738,110229,10,110295
8116,0.019128,172.31.36.0-255,66,110295,10,110295
8117,0.0,74.125.24.0-255,153,153,10,228990
8118,1.7e-05,172.31.36.0-255,66,219,10,228990
8119,2.4e-05,74.125.24.0-255,1484,1703,10,228990
8120,2.9e-05,172.31.36.0-255,66,1769,10,228990
8121,3.5e-05,74.125.24.0-255,2902,4671,10,228990
8122,3.8e-05,172.31.36.0-255,66,4737,10,228990
8123,6e-05,74.125.24.0-255,7156,11893,10,228990
8124,6.3e-05,172.31.36.0-255,66,11959,10,228990
8125,7.4e-05,74.125.24.0-255,1484,13443,10,228990
8126,7.7e-05,172.31.36.0-255,66,13509,10,228990
8127,0.000106,74.125.24.0-255,3494,17003,10,228990
8128,0.000109,172.31.36.0-255,66,17069,10,228990
8129,0.00012,172.31.36.0-255,66,17135,10,228990
8130,0.000139,74.125.24.0-255,5379,22514,10,228990
8131,0.000142,172.31.36.0-255,66,22580,10,228990
8132,0.000262,74.125.24.0-255,1484,24064,10,228990
8133,0.000267,172.31.36.0-255,66,24130,10,228990
8134,0.000272,74.125.24.0-255,2902,27032,10,228990
8135,0.000275,172.31.36.0-255,66,27098,10,228990
8136,0.000304,74.125.24.0-255,4320,31418,10,228990
8137,0.000307,172.31.36.0-255,66,31484,10,228990
8138,0.000334,74.125.24.0-255,1484,32968,10,228990
8139,0.000336,172.31.36.0-255,66,33034,10,228990
8140,0.000352,74.125.24.0-255,5738,38772,10,228990
8141,0.000355,172.31.36.0-255,66,38838,10,228990
8142,0.00037,74.125.24.0-255,1125,39963,10,228990
8143,0.000372,172.31.36.0-255,66,40029,10,228990
8144,0.000384,172.31.36.0-255,66,40095,10,228990
8145,0.00039,74.125.24.0-255,4320,44415,10,228990
8146,0.000393,172.31.36.0-255,66,44481,10,228990
8147,0.000409,74.125.24.0-255,3961,48442,10,228990
8148,0.000412,172.31.36.0-255,66,48508,10,228990
8149,0.000427,74.125.24.0-255,362,48870,10,228990
8150,0.000659,74.125.24.0-255,125,48995,10,228990
8151,0.000714,74.125.24.0-255,1484,50479,10,228990
8152,0.000717,74.125.24.0-255,1484,51963,10,228990
8153,0.000722,172.31.36.0-255,66,52029,10,228990
8154,0.000732,74.125.24.0-255,1484,53513,10,228990
8155,0.000735,172.31.36.0-255,66,53579,10,228990
8156,0.000742,74.125.24.0-255,5738,59317,10,228990
8157,0.000744,172.31.36.0-255,66,59383,10,228990
8158,0.000779,74.125.24.0-255,5738,65121,10,228990
8159,0.000783,172.31.36.0-255,66,65187,10,228990
8160,0.000801,74.125.24.0-255,7156,72343,10,228990
8161,0.000804,172.31.36.0-255,66,72409,10,228990
8162,0.000816,172.31.36.0-255,66,72475,10,228990
8163,0.000838,74.125.24.0-255,2184,74659,10,228990
8164,0.000841,172.31.36.0-255,66,74725,10,228990
8165,0.000993,74.125.24.0-255,1484,76209,10,228990
8166,0.000999,74.125.24.0-255,2902,79111,10,228990
8167,0.001005,172.31.36.0-255,66,79177,10,228990
8168,0.001034,74.125.24.0-255,5738,84915,10,228990
8169,0.001037,172.31.36.0-255,66,84981,10,228990
8170,0.001051,172.31.36.0-255,66,85047,10,228990
8171,0.001056,74.125.24.0-255,4320,89367,10,228990
8172,0.001058,172.31.36.0-255,66,89433,10,228990
8173,0.001092,74.125.24.0-255,2902,92335,10,228990
8174,0.001095,172.31.36.0-255,66,92401,10,228990
8175,0.001111,74.125.24.0-255,3602,96003,10,228990
8176,0.001114,172.31.36.0-255,66,96069,10,228990
8177,0.001573,74.125.24.0-255,1484,97553,10,228990
8178,0.00158,74.125.24.0-255,2902,100455,10,228990
8179,0.001584,172.31.36.0-255,66,100521,10,228990
8180,0.001603,74.125.24.0-255,1484,102005,10,228990
8181,0.001622,74.125.24.0-255,2902,104907,10,228990
8182,0.001624,172.31.36.0-255,66,104973,10,228990
8183,0.00163,74.125.24.0-255,4320,109293,10,228990
8184,0.001632,172.31.36.0-255,66,109359,10,228990
8185,0.001655,74.125.24.0-255,1484,110843,10,228990
8186,0.00166,74.125.24.0-255,4320,115163,10,228990
8187,0.001663,172.31.36.0-255,66,115229,10,228990
8188,0.001688,172.31.36.0-255,66,115295,10,228990
8189,0.00171,74.125.24.0-255,2902,118197,10,228990
8190,0.001713,172.31.36.0-255,66,118263,10,228990
8191,0.001733,74.125.24.0-255,3602,121865,10,228990
8192,0.001735,172.31.36.0-255,66,121931,10,228990
8193,0.002515,74.125.24.0-255,1484,123415,10,228990
8194,0.002541,74.125.24.0-255,2902,126317,10,228990
8195,0.002546,172.31.36.0-255,66,126383,10,228990
8196,0.002555,74.125.24.0-255,5738,132121,10,228990
8197,0.002557,172.31.36.0-255,66,132187,10,228990
8198,0.00259,172.31.36.0-255,66,132253,10,228990
8199,0.002641,172.31.36.0-255,66,132319,10,228990
8200,0.002653,172.31.36.0-255,66,132385,10,228990
8201,0.002656,74.125.24.0-255,1484,133869,10,228990
8202,0.002728,172.31.36.0-255,66,133935,10,228990
8203,0.002763,74.125.24.0-255,7156,141091,10,228990
8204,0.002765,172.31.36.0-255,66,141157,10,228990
8205,0.002787,74.125.24.0-255,5738,146895,10,228990
8206,0.002789,172.31.36.0-255,66,146961,10,228990
8207,0.002809,172.31.36.0-255,66,147027,10,228990
8208,0.002831,74.125.24.0-255,4320,151347,10,228990
8209,0.002834,172.31.36.0-255,66,151413,10,228990
8210,0.002847,74.125.24.0-255,2184,153597,10,228990
8211,0.00285,172.31.36.0-255,66,153663,10,228990
8212,0.002889,74.125.24.0-255,7156,160819,10,228990
8213,0.002892,172.31.36.0-255,66,160885,10,228990
8214,0.002896,74.125.24.0-255,2902,163787,10,228990
8215,0.002899,172.31.36.0-255,66,163853,10,228990
8216,0.002906,74.125.24.0-255,5738,169591,10,228990
8217,0.002909,172.31.36.0-255,66,169657,10,228990
8218,0.002934,74.125.24.0-255,2902,172559,10,228990
8219,0.002937,172.31.36.0-255,66,172625,10,228990
8220,0.002943,74.125.24.0-255,4320,176945,10,228990
8221,0.002945,172.31.36.0-255,66,177011,10,228990
8222,0.002988,172.31.36.0-255,66,177077,10,228990
8223,0.003,172.31.36.0-255,66,177143,10,228990
8224,0.003012,172.31.36.0-255,66,177209,10,228990
8225,0.003017,74.125.24.0-255,4320,181529,10,228990
8226,0.00302,172.31.36.0-255,66,181595,10,228990
8227,0.003027,74.125.24.0-255,7156,188751,10,228990
8228,0.003029,172.31.36.0-255,66,188817,10,228990
8229,0.003035,74.125.24.0-255,3602,192419,10,228990
8230,0.003038,172.31.36.0-255,66,192485,10,228990
8231,0.003044,74.125.24.0-255,4320,196805,10,228990
8232,0.003047,172.31.36.0-255,66,196871,10,228990
8233,0.003085,172.31.36.0-255,66,196937,10,228990
8234,0.003089,74.125.24.0-255,1484,198421,10,228990
8235,0.003116,172.31.36.0-255,66,198487,10,228990
8236,0.003135,74.125.24.0-255,2902,201389,10,228990
8237,0.003137,172.31.36.0-255,66,201455,10,228990
8238,0.003163,172.31.36.0-255,66,201521,10,228990
8239,0.003171,74.125.24.0-255,5738,207259,10,228990
8240,0.003173,172.31.36.0-255,66,207325,10,228990
8241,0.00319,74.125.24.0-255,2902,210227,10,228990
8242,0.003193,172.31.36.0-255,66,210293,10,228990
8243,0.0032,74.125.24.0-255,5738,216031,10,228990
8244,0.003207,74.125.24.0-255,7156,223187,10,228990
8245,0.003224,74.125.24.0-255,1484,224671,10,228990
8246,0.003261,74.125.24.0-255,3977,228648,10,228990
8247,0.00331,74.125.24.0-255,105,228753,10,228990
8248,0.006323,172.31.36.0-255,66,228819,10,228990
8249,0.008206,172.31.36.0-255,105,228924,10,228990
8250,0.010802,74.125.24.0-255,66,228990,10,228990
8251,0.0,172.217.194.0-255,143,143,10,225209
8252,2.4e-05,172.31.36.0-255,66,209,10,225209
8253,3.1e-05,172.217.194.0-255,1484,1693,10,225209
8254,3.4e-05,172.31.36.0-255,66,1759,10,225209
8255,3.9e-05,172.217.194.0-255,2902,4661,10,225209
8256,4.2e-05,172.31.36.0-255,66,4727,10,225209
8257,4.8e-05,172.217.194.0-255,4320,9047,10,225209
8258,5.1e-05,172.31.36.0-255,66,9113,10,225209
8259,7.6e-05,172.217.194.0-255,2902,12015,10,225209
8260,7.9e-05,172.31.36.0-255,66,12081,10,225209
8261,8.2e-05,172.217.194.0-255,1484,13565,10,225209
8262,8.6e-05,172.31.36.0-255,66,13631,10,225209
8263,8.9e-05,172.217.194.0-255,7156,20787,10,225209
8264,9.1e-05,172.31.36.0-255,66,20853,10,225209
8265,0.000121,172.217.194.0-255,3464,24317,10,225209
8266,0.000124,172.31.36.0-255,66,24383,10,225209
8267,0.000132,172.217.194.0-255,6797,31180,10,225209
8268,0.000134,172.31.36.0-255,66,31246,10,225209
8269,0.000213,172.217.194.0-255,1484,32730,10,225209
8270,0.000218,172.31.36.0-255,66,32796,10,225209
8271,0.000225,172.217.194.0-255,2902,35698,10,225209
8272,0.000228,172.31.36.0-255,66,35764,10,225209
8273,0.00025,172.217.194.0-255,5738,41502,10,225209
8274,0.000253,172.31.36.0-255,66,41568,10,225209
8275,0.000259,172.217.194.0-255,4320,45888,10,225209
8276,0.000262,172.31.36.0-255,66,45954,10,225209
8277,0.000285,172.217.194.0-255,5738,51692,10,225209
8278,0.000288,172.31.36.0-255,66,51758,10,225209
8279,0.00032,172.217.194.0-255,6797,58555,10,225209
8280,0.000325,172.31.36.0-255,66,58621,10,225209
8281,0.000331,172.217.194.0-255,6797,65418,10,225209
8282,0.000334,172.31.36.0-255,66,65484,10,225209
8283,0.000354,172.217.194.0-255,381,65865,10,225209
8284,0.000425,172.217.194.0-255,362,66227,10,225209
8285,0.000737,172.217.194.0-255,1484,67711,10,225209
8286,0.000743,172.31.36.0-255,66,67777,10,225209
8287,0.000749,172.217.194.0-255,2902,70679,10,225209
8288,0.000751,172.31.36.0-255,66,70745,10,225209
8289,0.000758,172.217.194.0-255,5738,76483,10,225209
8290,0.000761,172.31.36.0-255,66,76549,10,225209
8291,0.000772,172.31.36.0-255,66,76615,10,225209
8292,0.000778,172.217.194.0-255,4320,80935,10,225209
8293,0.00078,172.31.36.0-255,66,81001,10,225209
8294,0.0008,172.217.194.0-255,7156,88157,10,225209
8295,0.000804,172.31.36.0-255,66,88223,10,225209
8296,0.000808,172.217.194.0-255,2184,90407,10,225209
8297,0.000811,172.31.36.0-255,66,90473,10,225209
8298,0.001189,172.217.194.0-255,1484,91957,10,225209
8299,0.0012,172.217.194.0-255,2902,94859,10,225209
8300,0.001204,172.31.36.0-255,66,94925,10,225209
8301,0.001212,172.217.194.0-255,5738,100663,10,225209
8302,0.001214,172.31.36.0-255,66,100729,10,225209
8303,0.001219,172.217.194.0-255,2902,103631,10,225209
8304,0.001222,172.31.36.0-255,66,103697,10,225209
8305,0.001244,172.217.194.0-255,4320,108017,10,225209
8306,0.001247,172.31.36.0-255,66,108083,10,225209
8307,0.001262,172.31.36.0-255,66,108149,10,225209
8308,0.001266,172.217.194.0-255,2184,110333,10,225209
8309,0.001268,172.31.36.0-255,66,110399,10,225209
8310,0.001309,172.217.194.0-255,2902,113301,10,225209
8311,0.001313,172.31.36.0-255,66,113367,10,225209
8312,0.001317,172.217.194.0-255,1484,114851,10,225209
8313,0.001338,172.217.194.0-255,5738,120589,10,225209
8314,0.001341,172.31.36.0-255,66,120655,10,225209
8315,0.001354,172.31.36.0-255,66,120721,10,225209
8316,0.001383,172.217.194.0-255,5738,126459,10,225209
8317,0.001387,172.31.36.0-255,66,126525,10,225209
8318,0.001411,172.31.36.0-255,66,126591,10,225209
8319,0.001696,172.217.194.0-255,1484,128075,10,225209
8320,0.001704,172.217.194.0-255,2902,130977,10,225209
8321,0.00171,172.31.36.0-255,66,131043,10,225209
8322,0.001718,172.217.194.0-255,5738,136781,10,225209
8323,0.001721,172.31.36.0-255,66,136847,10,225209
8324,0.00176,172.31.36.0-255,66,136913,10,225209
8325,0.0018,172.31.36.0-255,66,136979,10,225209
8326,0.001956,172.217.194.0-255,1484,138463,10,225209
8327,0.001962,172.217.194.0-255,2902,141365,10,225209
8328,0.001973,172.31.36.0-255,66,141431,10,225209
8329,0.00198,172.217.194.0-255,5738,147169,10,225209
8330,0.001984,172.31.36.0-255,66,147235,10,225209
8331,0.001991,172.217.194.0-255,7156,154391,10,225209
8332,0.001993,172.31.36.0-255,66,154457,10,225209
8333,0.002024,172.31.36.0-255,66,154523,10,225209
8334,0.002028,172.217.194.0-255,2184,156707,10,225209
8335,0.00203,172.31.36.0-255,66,156773,10,225209
8336,0.002098,172.217.194.0-255,1484,158257,10,225209
8337,0.002103,172.217.194.0-255,2902,161159,10,225209
8338,0.002106,172.31.36.0-255,66,161225,10,225209
8339,0.00211,172.217.194.0-255,1484,162709,10,225209
8340,0.002127,172.217.194.0-255,4320,167029,10,225209
8341,0.00213,172.31.36.0-255,66,167095,10,225209
8342,0.002134,172.217.194.0-255,2902,169997,10,225209
8343,0.002136,172.31.36.0-255,66,170063,10,225209
8344,0.002165,172.31.36.0-255,66,170129,10,225209
8345,0.002202,172.31.36.0-255,66,170195,10,225209
8346,0.002236,172.217.194.0-255,4320,174515,10,225209
8347,0.002239,172.31.36.0-255,66,174581,10,225209
8348,0.002269,172.31.36.0-255,66,174647,10,225209
8349,0.002279,172.31.36.0-255,66,174713,10,225209
8350,0.002366,172.31.36.0-255,66,174779,10,225209
8351,0.00237,172.31.36.0-255,66,174845,10,225209
8352,0.00239,172.31.36.0-255,66,174911,10,225209
8353,0.002403,172.31.36.0-255,66,174977,10,225209
8354,0.00241,172.217.194.0-255,7156,182133,10,225209
8355,0.002412,172.31.36.0-255,66,182199,10,225209
8356,0.002435,172.217.194.0-255,2184,184383,10,225209
8357,0.002438,172.31.36.0-255,66,184449,10,225209
8358,0.004789,172.217.194.0-255,2902,187351,10,225209
8359,0.004796,172.31.36.0-255,66,187417,10,225209
8360,0.004816,172.217.194.0-255,2902,190319,10,225209
8361,0.004819,172.31.36.0-255,66,190385,10,225209
8362,0.007173,172.217.194.0-255,5738,196123,10,225209
8363,0.00718,172.31.36.0-255,66,196189,10,225209
8364,0.009585,172.217.194.0-255,5738,201927,10,225209
8365,0.009594,172.31.36.0-255,66,201993,10,225209
8366,0.011962,172.217.194.0-255,5738,207731,10,225209
8367,0.011968,172.31.36.0-255,66,207797,10,225209
8368,0.014336,172.217.194.0-255,5738,213535,10,225209
8369,0.014343,172.31.36.0-255,66,213601,10,225209
8370,0.016746,172.217.194.0-255,5738,219339,10,225209
8371,0.016758,172.31.36.0-255,66,219405,10,225209
8372,0.019136,172.217.194.0-255,5738,225143,10,225209
8373,0.019148,172.31.36.0-255,66,225209,10,225209
8374,0.0,74.125.24.0-255,290,290,10,128173
8375,2.9e-05,172.31.36.0-255,66,356,10,128173
8376,3.6e-05,74.125.24.0-255,1484,1840,10,128173
8377,3.9e-05,172.31.36.0-255,66,1906,10,128173
8378,4.6e-05,74.125.24.0-255,4320,6226,10,128173
8379,5.7e-05,172.31.36.0-255,66,6292,10,128173
8380,6.9e-05,172.31.36.0-255,66,6358,10,128173
8381,0.000533,74.125.24.0-255,1484,7842,10,128173
8382,0.00054,172.31.36.0-255,66,7908,10,128173
8383,0.00055,74.125.24.0-255,2902,10810,10,128173
8384,0.000561,172.31.36.0-255,66,10876,10,128173
8385,0.00059,74.125.24.0-255,5738,16614,10,128173
8386,0.000594,172.31.36.0-255,66,16680,10,128173
8387,0.00063,74.125.24.0-255,6797,23477,10,128173
8388,0.000634,172.31.36.0-255,66,23543,10,128173
8389,0.000894,74.125.24.0-255,1484,25027,10,128173
8390,0.0009,172.31.36.0-255,66,25093,10,128173
8391,0.00091,74.125.24.0-255,2902,27995,10,128173
8392,0.000912,172.31.36.0-255,66,28061,10,128173
8393,0.000924,74.125.24.0-255,5738,33799,10,128173
8394,0.000926,172.31.36.0-255,66,33865,10,128173
8395,0.000946,74.125.24.0-255,4320,38185,10,128173
8396,0.000949,172.31.36.0-255,66,38251,10,128173
8397,0.000979,74.125.24.0-255,2543,40794,10,128173
8398,0.000981,172.31.36.0-255,66,40860,10,128173
8399,0.001007,74.125.24.0-255,1484,42344,10,128173
8400,0.00101,172.31.36.0-255,66,42410,10,128173
8401,0.001015,74.125.24.0-255,2902,45312,10,128173
8402,0.001018,172.31.36.0-255,66,45378,10,128173
8403,0.001028,74.125.24.0-255,5738,51116,10,128173
8404,0.001031,172.31.36.0-255,66,51182,10,128173
8405,0.001038,74.125.24.0-255,6797,57979,10,128173
8406,0.001048,172.31.36.0-255,66,58045,10,128173
8407,0.001066,74.125.24.0-255,707,58752,10,128173
8408,0.001415,172.31.36.0-255,66,58818,10,128173
8409,0.001662,74.125.24.0-255,1484,60302,10,128173
8410,0.001671,74.125.24.0-255,2902,63204,10,128173
8411,0.001675,74.125.24.0-255,2902,66106,10,128173
8412,0.001693,74.125.24.0-255,2902,69008,10,128173
8413,0.001696,74.125.24.0-255,1484,70492,10,128173
8414,0.001707,172.31.36.0-255,66,70558,10,128173
8415,0.001736,74.125.24.0-255,7156,77714,10,128173
8416,0.00175,74.125.24.0-255,3961,81675,10,128173
8417,0.00177,172.31.36.0-255,66,81741,10,128173
8418,0.003807,74.125.24.0-255,5738,87479,10,128173
8419,0.003813,172.31.36.0-255,66,87545,10,128173
8420,0.005833,74.125.24.0-255,5738,93283,10,128173
8421,0.005839,172.31.36.0-255,66,93349,10,128173
8422,0.007857,74.125.24.0-255,5738,99087,10,128173
8423,0.007863,172.31.36.0-255,66,99153,10,128173
8424,0.00992,74.125.24.0-255,5738,104891,10,128173
8425,0.009928,172.31.36.0-255,66,104957,10,128173
8426,0.011943,74.125.24.0-255,5738,110695,10,128173
8427,0.01195,172.31.36.0-255,66,110761,10,128173
8428,0.013984,74.125.24.0-255,5738,116499,10,128173
8429,0.013995,172.31.36.0-255,66,116565,10,128173
8430,0.016018,74.125.24.0-255,5738,122303,10,128173
8431,0.016026,172.31.36.0-255,66,122369,10,128173
8432,0.018068,74.125.24.0-255,5738,128107,10,128173
8433,0.018075,172.31.36.0-255,66,128173,10,128173
8434,0.0,74.125.24.0-255,161,161,10,179338
8435,3.3e-05,172.31.36.0-255,66,227,10,179338
8436,4e-05,74.125.24.0-255,1484,1711,10,179338
8437,4.4e-05,172.31.36.0-255,66,1777,10,179338
8438,5e-05,74.125.24.0-255,2902,4679,10,179338
8439,5.3e-05,172.31.36.0-255,66,4745,10,179338
8440,6.7e-05,74.125.24.0-255,7156,11901,10,179338
8441,7e-05,172.31.36.0-255,66,11967,10,179338
8442,9.6e-05,74.125.24.0-255,2019,13986,10,179338
8443,0.000105,172.31.36.0-255,66,14052,10,179338
8444,0.000132,74.125.24.0-255,2902,16954,10,179338
8445,0.000136,172.31.36.0-255,66,17020,10,179338
8446,0.000141,74.125.24.0-255,4320,21340,10,179338
8447,0.000143,172.31.36.0-255,66,21406,10,179338
8448,0.000159,172.31.36.0-255,66,21472,10,179338
8449,0.000187,74.125.24.0-255,1125,22597,10,179338
8450,0.000194,172.31.36.0-255,66,22663,10,179338
8451,0.000236,74.125.24.0-255,1484,24147,10,179338
8452,0.000239,172.31.36.0-255,66,24213,10,179338
8453,0.000244,74.125.24.0-255,2902,27115,10,179338
8454,0.000247,172.31.36.0-255,66,27181,10,179338
8455,0.000274,74.125.24.0-255,5738,32919,10,179338
8456,0.000278,172.31.36.0-255,66,32985,10,179338
8457,0.000285,74.125.24.0-255,6797,39782,10,179338
8458,0.000287,172.31.36.0-255,66,39848,10,179338
8459,0.000321,172.31.36.0-255,66,39914,10,179338
8460,0.000353,74.125.24.0-255,5738,45652,10,179338
8461,0.000357,172.31.36.0-255,66,45718,10,179338
8462,0.000361,74.125.24.0-255,2876,48594,10,179338
8463,0.000364,172.31.36.0-255,66,48660,10,179338
8464,0.000439,74.125.24.0-255,111,48771,10,179338
8465,0.000585,74.125.24.0-255,1484,50255,10,179338
8466,0.000589,172.31.36.0-255,66,50321,10,179338
8467,0.000609,74.125.24.0-255,2902,53223,10,179338
8468,0.000612,172.31.36.0-255,66,53289,10,179338
8469,0.000618,74.125.24.0-255,4320,57609,10,179338
8470,0.000622,172.31.36.0-255,66,57675,10,179338
8471,0.00064,74.125.24.0-255,1484,59159,10,179338
8472,0.000658,172.31.36.0-255,66,59225,10,179338
8473,0.000662,74.125.24.0-255,1484,60709,10,179338
8474,0.000704,172.31.36.0-255,66,60775,10,179338
8475,0.000708,74.125.24.0-255,331,61106,10,179338
8476,0.00093,74.125.24.0-255,1484,62590,10,179338
8477,0.000935,172.31.36.0-255,66,62656,10,179338
8478,0.000941,74.125.24.0-255,2902,65558,10,179338
8479,0.000943,172.31.36.0-255,66,65624,10,179338
8480,0.000947,74.125.24.0-255,1484,67108,10,179338
8481,0.000978,74.125.24.0-255,4320,71428,10,179338
8482,0.000982,172.31.36.0-255,66,71494,10,179338
8483,0.000993,172.31.36.0-255,66,71560,10,179338
8484,0.001015,74.125.24.0-255,4320,75880,10,179338
8485,0.001018,172.31.36.0-255,66,75946,10,179338
8486,0.001054,172.31.36.0-255,66,76012,10,179338
8487,0.001477,74.125.24.0-255,1484,77496,10,179338
8488,0.001488,74.125.24.0-255,2902,80398,10,179338
8489,0.001493,172.31.36.0-255,66,80464,10,179338
8490,0.001498,74.125.24.0-255,2902,83366,10,179338
8491,0.0015,172.31.36.0-255,66,83432,10,179338
8492,0.001537,74.125.24.0-255,7156,90588,10,179338
8493,0.001542,172.31.36.0-255,66,90654,10,179338
8494,0.001583,74.125.24.0-255,2902,93556,10,179338
8495,0.001586,172.31.36.0-255,66,93622,10,179338
8496,0.001634,172.31.36.0-255,66,93688,10,179338
8497,0.001639,74.125.24.0-255,3602,97290,10,179338
8498,0.001643,172.31.36.0-255,66,97356,10,179338
8499,0.001671,74.125.24.0-255,1484,98840,10,179338
8500,0.001706,74.125.24.0-255,2902,101742,10,179338
8501,0.001711,172.31.36.0-255,66,101808,10,179338
8502,0.001717,74.125.24.0-255,4320,106128,10,179338
8503,0.001719,172.31.36.0-255,66,106194,10,179338
8504,0.001738,74.125.24.0-255,1484,107678,10,179338
8505,0.001742,74.125.24.0-255,1484,109162,10,179338
8506,0.001749,172.31.36.0-255,66,109228,10,179338
8507,0.001774,74.125.24.0-255,5738,114966,10,179338
8508,0.001778,172.31.36.0-255,66,115032,10,179338
8509,0.001789,172.31.36.0-255,66,115098,10,179338
8510,0.001858,172.31.36.0-255,66,115164,10,179338
8511,0.002022,74.125.24.0-255,1484,116648,10,179338
8512,0.002031,74.125.24.0-255,2902,119550,10,179338
8513,0.002034,172.31.36.0-255,66,119616,10,179338
8514,0.002038,74.125.24.0-255,1484,121100,10,179338
8515,0.00207,74.125.24.0-255,4320,125420,10,179338
8516,0.002074,172.31.36.0-255,66,125486,10,179338
8517,0.002079,74.125.24.0-255,2902,128388,10,179338
8518,0.002081,172.31.36.0-255,66,128454,10,179338
8519,0.002091,74.125.24.0-255,4320,132774,10,179338
8520,0.002093,172.31.36.0-255,66,132840,10,179338
8521,0.002127,74.125.24.0-255,5738,138578,10,179338
8522,0.002132,172.31.36.0-255,66,138644,10,179338
8523,0.002149,172.31.36.0-255,66,138710,10,179338
8524,0.004398,74.125.24.0-255,5738,144448,10,179338
8525,0.004405,172.31.36.0-255,66,144514,10,179338
8526,0.006652,74.125.24.0-255,5738,150252,10,179338
8527,0.006658,172.31.36.0-255,66,150318,10,179338
8528,0.008936,74.125.24.0-255,5738,156056,10,179338
8529,0.008943,172.31.36.0-255,66,156122,10,179338
8530,0.011207,74.125.24.0-255,5738,161860,10,179338
8531,0.011215,172.31.36.0-255,66,161926,10,179338
8532,0.013513,74.125.24.0-255,5738,167664,10,179338
8533,0.013524,172.31.36.0-255,66,167730,10,179338
8534,0.015805,74.125.24.0-255,5738,173468,10,179338
8535,0.015813,172.31.36.0-255,66,173534,10,179338
8536,0.018068,74.125.24.0-255,5738,179272,10,179338
8537,0.018076,172.31.36.0-255,66,179338,10,179338
8538,0.0,172.217.194.0-255,153,153,10,129407
8539,2.4e-05,172.31.36.0-255,66,219,10,129407
8540,3.2e-05,172.217.194.0-255,1484,1703,10,129407
8541,3.6e-05,172.31.36.0-255,66,1769,10,129407
8542,4.3e-05,172.217.194.0-255,2902,4671,10,129407
8543,5.6e-05,172.31.36.0-255,66,4737,10,129407
8544,6.3e-05,172.217.194.0-255,5738,10475,10,129407
8545,6.6e-05,172.31.36.0-255,66,10541,10,129407
8546,7.4e-05,172.217.194.0-255,5738,16279,10,129407
8547,7.6e-05,172.31.36.0-255,66,16345,10,129407
8548,0.000127,172.31.36.0-255,66,16411,10,129407
8549,0.000141,172.31.36.0-255,66,16477,10,129407
8550,0.000159,172.31.36.0-255,66,16543,10,129407
8551,0.00019,172.31.36.0-255,66,16609,10,129407
8552,0.000207,172.31.36.0-255,66,16675,10,129407
8553,0.000233,172.217.194.0-255,428,17103,10,129407
8554,0.000235,172.31.36.0-255,66,17169,10,129407
8555,0.000466,172.217.194.0-255,1484,18653,10,129407
8556,0.000472,172.31.36.0-255,66,18719,10,129407
8557,0.000478,172.217.194.0-255,2902,21621,10,129407
8558,0.000481,172.31.36.0-255,66,21687,10,129407
8559,0.000491,172.217.194.0-255,4320,26007,10,129407
8560,0.000494,172.31.36.0-255,66,26073,10,129407
8561,0.000499,172.217.194.0-255,4320,30393,10,129407
8562,0.000502,172.31.36.0-255,66,30459,10,129407
8563,0.00053,172.217.194.0-255,1484,31943,10,129407
8564,0.000532,172.31.36.0-255,66,32009,10,129407
8565,0.000546,172.31.36.0-255,66,32075,10,129407
8566,0.000559,172.217.194.0-255,7156,39231,10,129407
8567,0.000561,172.31.36.0-255,66,39297,10,129407
8568,0.000584,172.217.194.0-255,766,40063,10,129407
8569,0.00087,172.217.194.0-255,1484,41547,10,129407
8570,0.000875,172.31.36.0-255,66,41613,10,129407
8571,0.000881,172.217.194.0-255,2902,44515,10,129407
8572,0.000884,172.31.36.0-255,66,44581,10,129407
8573,0.000894,172.217.194.0-255,5738,50319,10,129407
8574,0.000896,172.31.36.0-255,66,50385,10,129407
8575,0.000949,172.31.36.0-255,66,50451,10,129407
8576,0.000968,172.31.36.0-255,66,50517,10,129407
8577,0.002347,172.217.194.0-255,1484,52001,10,129407
8578,0.002359,172.217.194.0-255,2902,54903,10,129407
8579,0.002364,172.31.36.0-255,66,54969,10,129407
8580,0.002373,172.217.194.0-255,5738,60707,10,129407
8581,0.002375,172.31.36.0-255,66,60773,10,129407
8582,0.002415,172.31.36.0-255,66,60839,10,129407
8583,0.002453,172.217.194.0-255,4320,65159,10,129407
8584,0.002456,172.31.36.0-255,66,65225,10,129407
8585,0.00249,172.31.36.0-255,66,65291,10,129407
8586,0.002513,172.217.194.0-255,1484,66775,10,129407
8587,0.002529,172.217.194.0-255,2902,69677,10,129407
8588,0.002532,172.31.36.0-255,66,69743,10,129407
8589,0.002539,172.217.194.0-255,5738,75481,10,129407
8590,0.002541,172.31.36.0-255,66,75547,10,129407
8591,0.002546,172.217.194.0-255,2902,78449,10,129407
8592,0.002548,172.31.36.0-255,66,78515,10,129407
8593,0.002586,172.217.194.0-255,4320,82835,10,129407
8594,0.00259,172.31.36.0-255,66,82901,10,129407
8595,0.002609,172.31.36.0-255,66,82967,10,129407
8596,0.002613,172.217.194.0-255,2184,85151,10,129407
8597,0.002615,172.31.36.0-255,66,85217,10,129407
8598,0.002657,172.217.194.0-255,1484,86701,10,129407
8599,0.002676,172.217.194.0-255,2902,89603,10,129407
8600,0.002679,172.31.36.0-255,66,89669,10,129407
8601,0.002697,172.217.194.0-255,4320,93989,10,129407
8602,0.0027,172.31.36.0-255,66,94055,10,129407
8603,0.00533,172.217.194.0-255,2902,96957,10,129407
8604,0.005335,172.31.36.0-255,66,97023,10,129407
8605,0.005362,172.217.194.0-255,2902,99925,10,129407
8606,0.005365,172.31.36.0-255,66,99991,10,129407
8607,0.007978,172.217.194.0-255,2902,102893,10,129407
8608,0.007987,172.31.36.0-255,66,102959,10,129407
8609,0.008026,172.217.194.0-255,2902,105861,10,129407
8610,0.008029,172.31.36.0-255,66,105927,10,129407
8611,0.010624,172.217.194.0-255,2902,108829,10,129407
8612,0.010631,172.31.36.0-255,66,108895,10,129407
8613,0.010674,172.217.194.0-255,2902,111797,10,129407
8614,0.010678,172.31.36.0-255,66,111863,10,129407
8615,0.013296,172.217.194.0-255,2902,114765,10,129407
8616,0.013304,172.31.36.0-255,66,114831,10,129407
8617,0.013334,172.217.194.0-255,2902,117733,10,129407
8618,0.013336,172.31.36.0-255,66,117799,10,129407
8619,0.015983,172.217.194.0-255,5738,123537,10,129407
8620,0.015996,172.31.36.0-255,66,123603,10,129407
8621,0.018683,172.217.194.0-255,5738,129341,10,129407
8622,0.018691,172.31.36.0-255,66,129407,10,129407
8623,0.0,172.217.194.0-255,152,152,10,150299
8624,3.4e-05,172.31.36.0-255,66,218,10,150299
8625,4.1e-05,172.217.194.0-255,1484,1702,10,150299
8626,4.6e-05,172.31.36.0-255,66,1768,10,150299
8627,5.2e-05,172.217.194.0-255,2902,4670,10,150299
8628,5.4e-05,172.31.36.0-255,66,4736,10,150299
8629,5.7e-05,172.217.194.0-255,1484,6220,10,150299
8630,5.9e-05,172.31.36.0-255,66,6286,10,150299
8631,6.3e-05,172.217.194.0-255,1484,7770,10,150299
8632,6.6e-05,172.31.36.0-255,66,7836,10,150299
8633,9.2e-05,172.217.194.0-255,6224,14060,10,150299
8634,9.5e-05,172.31.36.0-255,66,14126,10,150299
8635,0.000101,172.217.194.0-255,4320,18446,10,150299
8636,0.000103,172.31.36.0-255,66,18512,10,150299
8637,0.000124,172.217.194.0-255,4320,22832,10,150299
8638,0.000127,172.31.36.0-255,66,22898,10,150299
8639,0.000134,172.217.194.0-255,7156,30054,10,150299
8640,0.000136,172.31.36.0-255,66,30120,10,150299
8641,0.000147,172.217.194.0-255,1125,31245,10,150299
8642,0.00015,172.31.36.0-255,66,31311,10,150299
8643,0.000248,172.217.194.0-255,1484,32795,10,150299
8644,0.000252,172.31.36.0-255,66,32861,10,150299
8645,0.000256,172.217.194.0-255,1484,34345,10,150299
8646,0.000257,172.31.36.0-255,66,34411,10,150299
8647,0.000272,172.217.194.0-255,1484,35895,10,150299
8648,0.000275,172.31.36.0-255,66,35961,10,150299
8649,0.000279,172.217.194.0-255,2902,38863,10,150299
8650,0.000282,172.31.36.0-255,66,38929,10,150299
8651,0.000308,172.217.194.0-255,2902,41831,10,150299
8652,0.000311,172.31.36.0-255,66,41897,10,150299
8653,0.000317,172.217.194.0-255,5738,47635,10,150299
8654,0.000319,172.31.36.0-255,66,47701,10,150299
8655,0.000333,172.217.194.0-255,2902,50603,10,150299
8656,0.000336,172.31.36.0-255,66,50669,10,150299
8657,0.000351,172.217.194.0-255,6797,57466,10,150299
8658,0.000354,172.31.36.0-255,66,57532,10,150299
8659,0.000387,172.217.194.0-255,1484,59016,10,150299
8660,0.000412,172.217.194.0-255,7068,66084,10,150299
8661,0.000416,172.31.36.0-255,66,66150,10,150299
8662,0.000793,172.217.194.0-255,120,66270,10,150299
8663,0.00082,172.31.36.0-255,66,66336,10,150299
8664,0.00099,172.217.194.0-255,383,66719,10,150299
8665,0.001467,172.217.194.0-255,1484,68203,10,150299
8666,0.001474,172.31.36.0-255,66,68269,10,150299
8667,0.001481,172.217.194.0-255,2902,71171,10,150299
8668,0.001483,172.31.36.0-255,66,71237,10,150299
8669,0.001489,172.217.194.0-255,5738,76975,10,150299
8670,0.00149,172.31.36.0-255,66,77041,10,150299
8671,0.001534,172.31.36.0-255,66,77107,10,150299
8672,0.001549,172.217.194.0-255,1484,78591,10,150299
8673,0.001574,172.31.36.0-255,66,78657,10,150299
8674,0.00159,172.217.194.0-255,2184,80841,10,150299
8675,0.001592,172.31.36.0-255,66,80907,10,150299
8676,0.001839,172.217.194.0-255,1484,82391,10,150299
8677,0.001853,172.217.194.0-255,2902,85293,10,150299
8678,0.001855,172.31.36.0-255,66,85359,10,150299
8679,0.001876,172.217.194.0-255,5738,91097,10,150299
8680,0.001878,172.31.36.0-255,66,91163,10,150299
8681,0.001925,172.217.194.0-255,4320,95483,10,150299
8682,0.001928,172.31.36.0-255,66,95549,10,150299
8683,0.00195,172.31.36.0-255,66,95615,10,150299
8684,0.001955,172.217.194.0-255,4320,99935,10,150299
8685,0.001957,172.31.36.0-255,66,100001,10,150299
8686,0.001979,172.217.194.0-255,6438,106439,10,150299
8687,0.001981,172.31.36.0-255,66,106505,10,150299
8688,0.002003,172.217.194.0-255,1484,107989,10,150299
8689,0.002025,172.31.36.0-255,66,108055,10,150299
8690,0.002036,172.31.36.0-255,66,108121,10,150299
8691,0.002048,172.217.194.0-255,1484,109605,10,150299
8692,0.002079,172.31.36.0-255,66,109671,10,150299
8693,0.004367,172.217.194.0-255,5738,115409,10,150299
8694,0.004371,172.31.36.0-255,66,115475,10,150299
8695,0.006647,172.217.194.0-255,5738,121213,10,150299
8696,0.006654,172.31.36.0-255,66,121279,10,150299
8697,0.008936,172.217.194.0-255,5738,127017,10,150299
8698,0.008942,172.31.36.0-255,66,127083,10,150299
8699,0.011254,172.217.194.0-255,5738,132821,10,150299
8700,0.011262,172.31.36.0-255,66,132887,10,150299
8701,0.013562,172.217.194.0-255,5738,138625,10,150299
8702,0.013571,172.31.36.0-255,66,138691,10,150299
8703,0.015871,172.217.194.0-255,5738,144429,10,150299
8704,0.015879,172.31.36.0-255,66,144495,10,150299
8705,0.018181,172.217.194.0-255,5738,150233,10,150299
8706,0.01819,172.31.36.0-255,66,150299,10,150299
8707,0.0,74.125.24.0-255,153,153,10,210820
8708,4e-05,172.31.36.0-255,66,219,10,210820
8709,4.8e-05,74.125.24.0-255,1484,1703,10,210820
8710,5.5e-05,172.31.36.0-255,66,1769,10,210820
8711,6e-05,74.125.24.0-255,2902,4671,10,210820
8712,6.3e-05,172.31.36.0-255,66,4737,10,210820
8713,7e-05,74.125.24.0-255,7156,11893,10,210820
8714,7.4e-05,172.31.36.0-255,66,11959,10,210820
8715,9e-05,172.31.36.0-255,66,12025,10,210820
8716,0.000111,74.125.24.0-255,2066,14091,10,210820
8717,0.000114,74.125.24.0-255,2543,16634,10,210820
8718,0.000115,172.31.36.0-255,66,16700,10,210820
8719,0.00012,172.31.36.0-255,66,16766,10,210820
8720,0.000128,74.125.24.0-255,1484,18250,10,210820
8721,0.000131,172.31.36.0-255,66,18316,10,210820
8722,0.000134,74.125.24.0-255,1484,19800,10,210820
8723,0.000136,172.31.36.0-255,66,19866,10,210820
8724,0.000159,74.125.24.0-255,1484,21350,10,210820
8725,0.000161,172.31.36.0-255,66,21416,10,210820
8726,0.000169,74.125.24.0-255,5738,27154,10,210820
8727,0.000171,172.31.36.0-255,66,27220,10,210820
8728,0.000218,74.125.24.0-255,6797,34017,10,210820
8729,0.000221,172.31.36.0-255,66,34083,10,210820
8730,0.000465,74.125.24.0-255,1484,35567,10,210820
8731,0.00047,172.31.36.0-255,66,35633,10,210820
8732,0.000476,74.125.24.0-255,2902,38535,10,210820
8733,0.000478,172.31.36.0-255,66,38601,10,210820
8734,0.000498,74.125.24.0-255,5738,44339,10,210820
8735,0.000503,172.31.36.0-255,66,44405,10,210820
8736,0.000547,74.125.24.0-255,7143,51548,10,210820
8737,0.000551,172.31.36.0-255,66,51614,10,210820
8738,0.000607,74.125.24.0-255,331,51945,10,210820
8739,0.000884,74.125.24.0-255,1484,53429,10,210820
8740,0.000886,172.31.36.0-255,66,53495,10,210820
8741,0.000897,74.125.24.0-255,2902,56397,10,210820
8742,0.0009,172.31.36.0-255,66,56463,10,210820
8743,0.000929,74.125.24.0-255,5738,62201,10,210820
8744,0.000932,172.31.36.0-255,66,62267,10,210820
8745,0.000945,172.31.36.0-255,66,62333,10,210820
8746,0.001004,74.125.24.0-255,4320,66653,10,210820
8747,0.001008,172.31.36.0-255,66,66719,10,210820
8748,0.001031,172.31.36.0-255,66,66785,10,210820
8749,0.001167,74.125.24.0-255,1484,68269,10,210820
8750,0.001174,74.125.24.0-255,2902,71171,10,210820
8751,0.001177,172.31.36.0-255,66,71237,10,210820
8752,0.001181,74.125.24.0-255,1484,72721,10,210820
8753,0.001202,74.125.24.0-255,4320,77041,10,210820
8754,0.001206,172.31.36.0-255,66,77107,10,210820
8755,0.001218,172.31.36.0-255,66,77173,10,210820
8756,0.00124,74.125.24.0-255,4320,81493,10,210820
8757,0.001242,172.31.36.0-255,66,81559,10,210820
8758,0.001255,172.31.36.0-255,66,81625,10,210820
8759,0.001258,74.125.24.0-255,766,82391,10,210820
8760,0.001273,74.125.24.0-255,1484,83875,10,210820
8761,0.001275,172.31.36.0-255,66,83941,10,210820
8762,0.001281,74.125.24.0-255,2902,86843,10,210820
8763,0.001284,172.31.36.0-255,66,86909,10,210820
8764,0.001294,74.125.24.0-255,1484,88393,10,210820
8765,0.001299,74.125.24.0-255,2902,91295,10,210820
8766,0.001302,172.31.36.0-255,66,91361,10,210820
8767,0.001334,74.125.24.0-255,7156,98517,10,210820
8768,0.001338,172.31.36.0-255,66,98583,10,210820
8769,0.001349,172.31.36.0-255,66,98649,10,210820
8770,0.001398,172.31.36.0-255,66,98715,10,210820
8771,0.001418,74.125.24.0-255,4320,103035,10,210820
8772,0.001422,172.31.36.0-255,66,103101,10,210820
8773,0.001446,74.125.24.0-255,5738,108839,10,210820
8774,0.00145,172.31.36.0-255,66,108905,10,210820
8775,0.001461,172.31.36.0-255,66,108971,10,210820
8776,0.001499,172.31.36.0-255,66,109037,10,210820
8777,0.001517,74.125.24.0-255,2184,111221,10,210820
8778,0.001519,172.31.36.0-255,66,111287,10,210820
8779,0.001526,74.125.24.0-255,5738,117025,10,210820
8780,0.001529,172.31.36.0-255,66,117091,10,210820
8781,0.001553,74.125.24.0-255,7156,124247,10,210820
8782,0.001558,172.31.36.0-255,66,124313,10,210820
8783,0.001571,74.125.24.0-255,7156,131469,10,210820
8784,0.001574,172.31.36.0-255,66,131535,10,210820
8785,0.001596,74.125.24.0-255,7156,138691,10,210820
8786,0.001599,172.31.36.0-255,66,138757,10,210820
8787,0.001606,74.125.24.0-255,6438,145195,10,210820
8788,0.00161,172.31.36.0-255,66,145261,10,210820
8789,0.001627,74.125.24.0-255,1484,146745,10,210820
8790,0.001632,74.125.24.0-255,2902,149647,10,210820
8791,0.001635,172.31.36.0-255,66,149713,10,210820
8792,0.001641,74.125.24.0-255,5738,155451,10,210820
8793,0.001644,172.31.36.0-255,66,155517,10,210820
8794,0.001695,172.31.36.0-255,66,155583,10,210820
8795,0.001707,172.31.36.0-255,66,155649,10,210820
8796,0.001731,74.125.24.0-255,766,156415,10,210820
8797,0.001759,74.125.24.0-255,1484,157899,10,210820
8798,0.001763,172.31.36.0-255,66,157965,10,210820
8799,0.001829,74.125.24.0-255,2902,160867,10,210820
8800,0.001832,172.31.36.0-255,66,160933,10,210820
8801,0.001858,74.125.24.0-255,1484,162417,10,210820
8802,0.001865,74.125.24.0-255,4320,166737,10,210820
8803,0.001868,172.31.36.0-255,66,166803,10,210820
8804,0.001883,172.31.36.0-255,66,166869,10,210820
8805,0.001896,172.31.36.0-255,66,166935,10,210820
8806,0.001922,74.125.24.0-255,1484,168419,10,210820
8807,0.001928,74.125.24.0-255,2902,171321,10,210820
8808,0.001931,172.31.36.0-255,66,171387,10,210820
8809,0.001937,74.125.24.0-255,4320,175707,10,210820
8810,0.00194,172.31.36.0-255,66,175773,10,210820
8811,0.001958,74.125.24.0-255,1484,177257,10,210820
8812,0.001967,74.125.24.0-255,7156,184413,10,210820
8813,0.00197,172.31.36.0-255,66,184479,10,210820
8814,0.001984,172.31.36.0-255,66,184545,10,210820
8815,0.002005,74.125.24.0-255,4320,188865,10,210820
8816,0.002008,172.31.36.0-255,66,188931,10,210820
8817,0.002013,74.125.24.0-255,2184,191115,10,210820
8818,0.002016,172.31.36.0-255,66,191181,10,210820
8819,0.002039,74.125.24.0-255,2902,194083,10,210820
8820,0.002042,172.31.36.0-255,66,194149,10,210820
8821,0.002048,74.125.24.0-255,2902,197051,10,210820
8822,0.00205,172.31.36.0-255,66,197117,10,210820
8823,0.002075,74.125.24.0-255,1484,198601,10,210820
8824,0.002088,172.31.36.0-255,66,198667,10,210820
8825,0.002094,74.125.24.0-255,4320,202987,10,210820
8826,0.002095,172.31.36.0-255,66,203053,10,210820
8827,0.002118,74.125.24.0-255,2902,205955,10,210820
8828,0.002121,172.31.36.0-255,66,206021,10,210820
8829,0.00216,172.31.36.0-255,66,206087,10,210820
8830,0.002175,172.31.36.0-255,66,206153,10,210820
8831,0.002198,74.125.24.0-255,1484,207637,10,210820
8832,0.002227,172.31.36.0-255,66,207703,10,210820
8833,0.002262,172.31.36.0-255,66,207769,10,210820
8834,0.002266,74.125.24.0-255,2121,209890,10,210820
8835,0.002268,172.31.36.0-255,66,209956,10,210820
8836,0.004428,74.125.24.0-255,168,210124,10,210820
8837,0.010073,172.31.36.0-255,105,210229,10,210820
8838,0.01011,172.31.36.0-255,105,210334,10,210820
8839,0.010342,172.31.36.0-255,90,210424,10,210820
8840,0.010353,172.31.36.0-255,66,210490,10,210820
8841,0.012264,74.125.24.0-255,66,210556,10,210820
8842,0.012278,74.125.24.0-255,66,210622,10,210820
8843,0.012517,74.125.24.0-255,66,210688,10,210820
8844,0.012548,74.125.24.0-255,66,210754,10,210820
8845,0.012558,172.31.36.0-255,66,210820,10,210820
8846,0.0,74.125.130.0-255,143,143,10,98726
8847,1.5e-05,172.31.36.0-255,66,209,10,98726
8848,2.2e-05,74.125.130.0-255,1484,1693,10,98726
8849,2.7e-05,172.31.36.0-255,66,1759,10,98726
8850,3.2e-05,74.125.130.0-255,2902,4661,10,98726
8851,3.6e-05,172.31.36.0-255,66,4727,10,98726
8852,5.8e-05,74.125.130.0-255,5738,10465,10,98726
8853,6.1e-05,172.31.36.0-255,66,10531,10,98726
8854,8.7e-05,74.125.130.0-255,3567,14098,10,98726
8855,9e-05,172.31.36.0-255,66,14164,10,98726
8856,0.000475,74.125.130.0-255,1484,15648,10,98726
8857,0.000482,172.31.36.0-255,66,15714,10,98726
8858,0.000489,74.125.130.0-255,2902,18616,10,98726
8859,0.000492,172.31.36.0-255,66,18682,10,98726
8860,0.000497,74.125.130.0-255,2902,21584,10,98726
8861,0.0005,172.31.36.0-255,66,21650,10,98726
8862,0.000528,74.125.130.0-255,4320,25970,10,98726
8863,0.000531,172.31.36.0-255,66,26036,10,98726
8864,0.000557,74.125.130.0-255,5379,31415,10,98726
8865,0.00056,172.31.36.0-255,66,31481,10,98726
8866,0.000593,74.125.130.0-255,2902,34383,10,98726
8867,0.000596,172.31.36.0-255,66,34449,10,98726
8868,0.000616,74.125.130.0-255,2902,37351,10,98726
8869,0.000619,172.31.36.0-255,66,37417,10,98726
8870,0.000622,74.125.130.0-255,1484,38901,10,98726
8871,0.000624,172.31.36.0-255,66,38967,10,98726
8872,0.000644,74.125.130.0-255,5738,44705,10,98726
8873,0.000647,172.31.36.0-255,66,44771,10,98726
8874,0.000663,74.125.130.0-255,3961,48732,10,98726
8875,0.000665,172.31.36.0-255,66,48798,10,98726
8876,0.002658,74.125.130.0-255,1484,50282,10,98726
8877,0.002665,172.31.36.0-255,66,50348,10,98726
8878,0.002684,74.125.130.0-255,2902,53250,10,98726
8879,0.002686,172.31.36.0-255,66,53316,10,98726
8880,0.00269,74.125.130.0-255,1484,54800,10,98726
8881,0.004592,74.125.130.0-255,1484,56284,10,98726
8882,0.004596,172.31.36.0-255,66,56350,10,98726
8883,0.00462,74.125.130.0-255,2902,59252,10,98726
8884,0.004622,172.31.36.0-255,66,59318,10,98726
8885,0.006529,74.125.130.0-255,2902,62220,10,98726
8886,0.006532,172.31.36.0-255,66,62286,10,98726
8887,0.006552,74.125.130.0-255,2902,65188,10,98726
8888,0.006554,172.31.36.0-255,66,65254,10,98726
8889,0.008468,74.125.130.0-255,4320,69574,10,98726
8890,0.008475,172.31.36.0-255,66,69640,10,98726
8891,0.008495,74.125.130.0-255,1484,71124,10,98726
8892,0.01043,74.125.130.0-255,4320,75444,10,98726
8893,0.010438,172.31.36.0-255,66,75510,10,98726
8894,0.012402,74.125.130.0-255,5738,81248,10,98726
8895,0.012414,172.31.36.0-255,66,81314,10,98726
8896,0.014385,74.125.130.0-255,5738,87052,10,98726
8897,0.014402,172.31.36.0-255,66,87118,10,98726
8898,0.016423,74.125.130.0-255,5738,92856,10,98726
8899,0.016434,172.31.36.0-255,66,92922,10,98726
8900,0.01839,74.125.130.0-255,5738,98660,10,98726
8901,0.018402,172.31.36.0-255,66,98726,10,98726
8902,0.0,172.217.194.0-255,143,143,10,123021
8903,1.5e-05,172.31.36.0-255,66,209,10,123021
8904,4.7e-05,172.217.194.0-255,1484,1693,10,123021
8905,5.2e-05,172.31.36.0-255,66,1759,10,123021
8906,5.9e-05,172.217.194.0-255,2902,4661,10,123021
8907,6.2e-05,172.31.36.0-255,66,4727,10,123021
8908,6.8e-05,172.217.194.0-255,7156,11883,10,123021
8909,7.1e-05,172.31.36.0-255,66,11949,10,123021
8910,0.000102,172.217.194.0-255,2012,13961,10,123021
8911,0.000105,172.31.36.0-255,66,14027,10,123021
8912,0.00011,172.217.194.0-255,2902,16929,10,123021
8913,0.000113,172.31.36.0-255,66,16995,10,123021
8914,0.00014,172.217.194.0-255,5738,22733,10,123021
8915,0.000143,172.31.36.0-255,66,22799,10,123021
8916,0.000189,172.217.194.0-255,2902,25701,10,123021
8917,0.000193,172.31.36.0-255,66,25767,10,123021
8918,0.000221,172.217.194.0-255,5379,31146,10,123021
8919,0.000226,172.31.36.0-255,66,31212,10,123021
8920,0.000381,172.217.194.0-255,1484,32696,10,123021
8921,0.000387,172.31.36.0-255,66,32762,10,123021
8922,0.000393,172.217.194.0-255,2902,35664,10,123021
8923,0.000396,172.31.36.0-255,66,35730,10,123021
8924,0.000422,172.217.194.0-255,5738,41468,10,123021
8925,0.000425,172.31.36.0-255,66,41534,10,123021
8926,0.000447,172.217.194.0-255,7156,48690,10,123021
8927,0.00045,172.31.36.0-255,66,48756,10,123021
8928,0.000464,172.217.194.0-255,3961,52717,10,123021
8929,0.000472,172.31.36.0-255,66,52783,10,123021
8930,0.000485,172.31.36.0-255,66,52849,10,123021
8931,0.000488,172.217.194.0-255,1422,54271,10,123021
8932,0.00049,172.31.36.0-255,66,54337,10,123021
8933,0.00075,172.217.194.0-255,380,54717,10,123021
8934,0.001075,172.217.194.0-255,1484,56201,10,123021
8935,0.00108,172.31.36.0-255,66,56267,10,123021
8936,0.001084,172.217.194.0-255,1484,57751,10,123021
8937,0.001108,172.217.194.0-255,1484,59235,10,123021
8938,0.001111,172.31.36.0-255,66,59301,10,123021
8939,0.001118,172.217.194.0-255,5738,65039,10,123021
8940,0.00112,172.31.36.0-255,66,65105,10,123021
8941,0.001158,172.31.36.0-255,66,65171,10,123021
8942,0.001168,172.31.36.0-255,66,65237,10,123021
8943,0.001212,172.217.194.0-255,2184,67421,10,123021
8944,0.001215,172.31.36.0-255,66,67487,10,123021
8945,0.002057,172.217.194.0-255,1484,68971,10,123021
8946,0.002068,172.217.194.0-255,2902,71873,10,123021
8947,0.002073,172.31.36.0-255,66,71939,10,123021
8948,0.002081,172.217.194.0-255,5738,77677,10,123021
8949,0.002083,172.31.36.0-255,66,77743,10,123021
8950,0.002104,172.31.36.0-255,66,77809,10,123021
8951,0.002176,172.31.36.0-255,66,77875,10,123021
8952,0.004259,172.217.194.0-255,4320,82195,10,123021
8953,0.004264,172.31.36.0-255,66,82261,10,123021
8954,0.004292,172.217.194.0-255,1484,83745,10,123021
8955,0.006323,172.217.194.0-255,4320,88065,10,123021
8956,0.006328,172.31.36.0-255,66,88131,10,123021
8957,0.008407,172.217.194.0-255,5738,93869,10,123021
8958,0.008413,172.31.36.0-255,66,93935,10,123021
8959,0.010467,172.217.194.0-255,5738,99673,10,123021
8960,0.010474,172.31.36.0-255,66,99739,10,123021
8961,0.012525,172.217.194.0-255,5738,105477,10,123021
8962,0.012534,172.31.36.0-255,66,105543,10,123021
8963,0.014614,172.217.194.0-255,5738,111281,10,123021
8964,0.014622,172.31.36.0-255,66,111347,10,123021
8965,0.016669,172.217.194.0-255,5738,117085,10,123021
8966,0.016676,172.31.36.0-255,66,117151,10,123021
8967,0.018758,172.217.194.0-255,4320,121471,10,123021
8968,0.018764,172.31.36.0-255,66,121537,10,123021
8969,0.018794,172.217.194.0-255,1484,123021,10,123021
8970,0.0,74.125.130.0-255,143,143,10,164902
8971,2.4e-05,172.31.36.0-255,66,209,10,164902
8972,3.1e-05,74.125.130.0-255,1484,1693,10,164902
8973,3.6e-05,172.31.36.0-255,66,1759,10,164902
8974,4.2e-05,74.125.130.0-255,2902,4661,10,164902
8975,4.5e-05,172.31.36.0-255,66,4727,10,164902
8976,5.3e-05,74.125.130.0-255,7156,11883,10,164902
8977,5.6e-05,172.31.36.0-255,66,11949,10,164902
8978,8.6e-05,74.125.130.0-255,1993,13942,10,164902
8979,8.9e-05,172.31.36.0-255,66,14008,10,164902
8980,0.000454,74.125.130.0-255,1484,15492,10,164902
8981,0.000459,172.31.36.0-255,66,15558,10,164902
8982,0.000466,74.125.130.0-255,2902,18460,10,164902
8983,0.000469,172.31.36.0-255,66,18526,10,164902
8984,0.000501,74.125.130.0-255,4320,22846,10,164902
8985,0.000504,172.31.36.0-255,66,22912,10,164902
8986,0.000511,74.125.130.0-255,5738,28650,10,164902
8987,0.000513,172.31.36.0-255,66,28716,10,164902
8988,0.00056,74.125.130.0-255,2543,31259,10,164902
8989,0.000564,172.31.36.0-255,66,31325,10,164902
8990,0.000648,74.125.130.0-255,1484,32809,10,164902
8991,0.000652,172.31.36.0-255,66,32875,10,164902
8992,0.000658,74.125.130.0-255,2902,35777,10,164902
8993,0.00066,172.31.36.0-255,66,35843,10,164902
8994,0.000666,74.125.130.0-255,4320,40163,10,164902
8995,0.000668,172.31.36.0-255,66,40229,10,164902
8996,0.000684,74.125.130.0-255,1484,41713,10,164902
8997,0.000687,172.31.36.0-255,66,41779,10,164902
8998,0.000691,74.125.130.0-255,2902,44681,10,164902
8999,0.000693,172.31.36.0-255,66,44747,10,164902
9000,0.00072,74.125.130.0-255,5379,50126,10,164902
9001,0.000724,172.31.36.0-255,66,50192,10,164902
9002,0.000735,172.31.36.0-255,66,50258,10,164902
9003,0.000741,74.125.130.0-255,4320,54578,10,164902
9004,0.000743,172.31.36.0-255,66,54644,10,164902
9005,0.000761,74.125.130.0-255,2833,57477,10,164902
9006,0.000764,172.31.36.0-255,66,57543,10,164902
9007,0.000767,74.125.130.0-255,365,57908,10,164902
9008,0.001113,74.125.130.0-255,1484,59392,10,164902
9009,0.001117,172.31.36.0-255,66,59458,10,164902
9010,0.001121,74.125.130.0-255,1484,60942,10,164902
9011,0.001145,74.125.130.0-255,1484,62426,10,164902
9012,0.001148,172.31.36.0-255,66,62492,10,164902
9013,0.001155,74.125.130.0-255,5738,68230,10,164902
9014,0.001157,172.31.36.0-255,66,68296,10,164902
9015,0.001162,74.125.130.0-255,4320,72616,10,164902
9016,0.001164,172.31.36.0-255,66,72682,10,164902
9017,0.001188,74.125.130.0-255,5738,78420,10,164902
9018,0.001191,172.31.36.0-255,66,78486,10,164902
9019,0.001219,74.125.130.0-255,5738,84224,10,164902
9020,0.001221,172.31.36.0-255,66,84290,10,164902
9021,0.001246,74.125.130.0-255,5738,90028,10,164902
9022,0.001249,172.31.36.0-255,66,90094,10,164902
9023,0.001254,74.125.130.0-255,2184,92278,10,164902
9024,0.001255,172.31.36.0-255,66,92344,10,164902
9025,0.001378,74.125.130.0-255,1484,93828,10,164902
9026,0.001396,74.125.130.0-255,2902,96730,10,164902
9027,0.0014,172.31.36.0-255,66,96796,10,164902
9028,0.001405,74.125.130.0-255,2902,99698,10,164902
9029,0.001407,172.31.36.0-255,66,99764,10,164902
9030,0.001433,74.125.130.0-255,4320,104084,10,164902
9031,0.001436,172.31.36.0-255,66,104150,10,164902
9032,0.001478,172.31.36.0-255,66,104216,10,164902
9033,0.001484,74.125.130.0-255,5738,109954,10,164902
9034,0.001486,172.31.36.0-255,66,110020,10,164902
9035,0.001515,74.125.130.0-255,5738,115758,10,164902
9036,0.001517,172.31.36.0-255,66,115824,10,164902
9037,0.001539,74.125.130.0-255,2184,118008,10,164902
9038,0.001542,172.31.36.0-255,66,118074,10,164902
9039,0.003759,74.125.130.0-255,2902,120976,10,164902
9040,0.003767,172.31.36.0-255,66,121042,10,164902
9041,0.003788,74.125.130.0-255,2902,123944,10,164902
9042,0.003791,172.31.36.0-255,66,124010,10,164902
9043,0.006002,74.125.130.0-255,2902,126912,10,164902
9044,0.006007,172.31.36.0-255,66,126978,10,164902
9045,0.006027,74.125.130.0-255,2902,129880,10,164902
9046,0.00603,172.31.36.0-255,66,129946,10,164902
9047,0.00826,74.125.130.0-255,2902,132848,10,164902
9048,0.008269,172.31.36.0-255,66,132914,10,164902
9049,0.008288,74.125.130.0-255,2902,135816,10,164902
9050,0.008291,172.31.36.0-255,66,135882,10,164902
9051,0.010519,74.125.130.0-255,5738,141620,10,164902
9052,0.01053,172.31.36.0-255,66,141686,10,164902
9053,0.012777,74.125.130.0-255,5738,147424,10,164902
9054,0.012787,172.31.36.0-255,66,147490,10,164902
9055,0.015038,74.125.130.0-255,5738,153228,10,164902
9056,0.015053,172.31.36.0-255,66,153294,10,164902
9057,0.017306,74.125.130.0-255,5738,159032,10,164902
9058,0.017316,172.31.36.0-255,66,159098,10,164902
9059,0.019567,74.125.130.0-255,5738,164836,10,164902
9060,0.019578,172.31.36.0-255,66,164902,10,164902
9061,0.0,172.217.194.0-255,146,146,10,183240
9062,1.9e-05,172.31.36.0-255,66,212,10,183240
9063,2.7e-05,172.217.194.0-255,1484,1696,10,183240
9064,3.2e-05,172.31.36.0-255,66,1762,10,183240
9065,4.7e-05,172.217.194.0-255,2902,4664,10,183240
9066,5.1e-05,172.31.36.0-255,66,4730,10,183240
9067,5.8e-05,172.217.194.0-255,7156,11886,10,183240
9068,6.1e-05,172.31.36.0-255,66,11952,10,183240
9069,6.5e-05,172.217.194.0-255,1965,13917,10,183240
9070,6.8e-05,172.31.36.0-255,66,13983,10,183240
9071,0.000266,172.217.194.0-255,1484,15467,10,183240
9072,0.000271,172.31.36.0-255,66,15533,10,183240
9073,0.000278,172.217.194.0-255,2902,18435,10,183240
9074,0.000282,172.31.36.0-255,66,18501,10,183240
9075,0.000293,172.217.194.0-255,5738,24239,10,183240
9076,0.000296,172.31.36.0-255,66,24305,10,183240
9077,0.000351,172.31.36.0-255,66,24371,10,183240
9078,0.000385,172.217.194.0-255,2543,26914,10,183240
9079,0.000387,172.31.36.0-255,66,26980,10,183240
9080,0.000399,172.31.36.0-255,66,27046,10,183240
9081,0.000419,172.31.36.0-255,66,27112,10,183240
9082,0.000469,172.217.194.0-255,3602,30714,10,183240
9083,0.000473,172.31.36.0-255,66,30780,10,183240
9084,0.000517,172.217.194.0-255,378,31158,10,183240
9085,0.000521,172.31.36.0-255,66,31224,10,183240
9086,0.000553,172.217.194.0-255,99,31323,10,183240
9087,0.000556,172.31.36.0-255,66,31389,10,183240
9088,0.000665,172.217.194.0-255,1484,32873,10,183240
9089,0.000671,172.31.36.0-255,66,32939,10,183240
9090,0.000676,172.217.194.0-255,2902,35841,10,183240
9091,0.000679,172.31.36.0-255,66,35907,10,183240
9092,0.00069,172.217.194.0-255,5738,41645,10,183240
9093,0.000693,172.31.36.0-255,66,41711,10,183240
9094,0.000698,172.217.194.0-255,2902,44613,10,183240
9095,0.000728,172.217.194.0-255,5738,50351,10,183240
9096,0.000764,172.217.194.0-255,4737,55088,10,183240
9097,0.000796,172.217.194.0-255,1484,56572,10,183240
9098,0.000801,172.217.194.0-255,2902,59474,10,183240
9099,0.000814,172.217.194.0-255,1484,60958,10,183240
9100,0.000828,172.217.194.0-255,4320,65278,10,183240
9101,0.000834,172.31.36.0-255,66,65344,10,183240
9102,0.000845,172.217.194.0-255,2902,68246,10,183240
9103,0.000878,172.217.194.0-255,2902,71148,10,183240
9104,0.000893,172.217.194.0-255,1484,72632,10,183240
9105,0.000913,172.217.194.0-255,3602,76234,10,183240
9106,0.000921,172.31.36.0-255,66,76300,10,183240
9107,0.001037,172.217.194.0-255,1484,77784,10,183240
9108,0.001045,172.217.194.0-255,2902,80686,10,183240
9109,0.001053,172.31.36.0-255,66,80752,10,183240
9110,0.001087,172.217.194.0-255,5738,86490,10,183240
9111,0.001109,172.31.36.0-255,66,86556,10,183240
9112,0.001117,172.217.194.0-255,1484,88040,10,183240
9113,0.001169,172.217.194.0-255,7156,95196,10,183240
9114,0.001187,172.217.194.0-255,4320,99516,10,183240
9115,0.001192,172.31.36.0-255,66,99582,10,183240
9116,0.001209,172.217.194.0-255,1484,101066,10,183240
9117,0.001243,172.31.36.0-255,66,101132,10,183240
9118,0.001254,172.217.194.0-255,3602,104734,10,183240
9119,0.001264,172.31.36.0-255,66,104800,10,183240
9120,0.001295,172.217.194.0-255,4320,109120,10,183240
9121,0.001321,172.31.36.0-255,66,109186,10,183240
9122,0.001339,172.31.36.0-255,66,109252,10,183240
9123,0.001391,172.217.194.0-255,4320,113572,10,183240
9124,0.001442,172.31.36.0-255,66,113638,10,183240
9125,0.001461,172.217.194.0-255,5738,119376,10,183240
9126,0.001496,172.31.36.0-255,66,119442,10,183240
9127,0.00152,172.31.36.0-255,66,119508,10,183240
9128,0.001766,172.217.194.0-255,1484,120992,10,183240
9129,0.001772,172.217.194.0-255,2902,123894,10,183240
9130,0.001777,172.217.194.0-255,2902,126796,10,183240
9131,0.001792,172.217.194.0-255,2902,129698,10,183240
9132,0.001798,172.31.36.0-255,66,129764,10,183240
9133,0.001841,172.217.194.0-255,5738,135502,10,183240
9134,0.001862,172.217.194.0-255,5020,140522,10,183240
9135,0.001867,172.31.36.0-255,66,140588,10,183240
9136,0.001955,172.217.194.0-255,1484,142072,10,183240
9137,0.00197,172.217.194.0-255,2902,144974,10,183240
9138,0.001977,172.31.36.0-255,66,145040,10,183240
9139,0.00199,172.217.194.0-255,5738,150778,10,183240
9140,0.001999,172.217.194.0-255,2902,153680,10,183240
9141,0.002018,172.217.194.0-255,7156,160836,10,183240
9142,0.002036,172.217.194.0-255,2902,163738,10,183240
9143,0.002039,172.31.36.0-255,66,163804,10,183240
9144,0.002044,172.31.36.0-255,66,163870,10,183240
9145,0.002084,172.217.194.0-255,7156,171026,10,183240
9146,0.002132,172.217.194.0-255,1484,172510,10,183240
9147,0.002135,172.31.36.0-255,66,172576,10,183240
9148,0.002146,172.217.194.0-255,2902,175478,10,183240
9149,0.002163,172.217.194.0-255,4320,179798,10,183240
9150,0.002167,172.31.36.0-255,66,179864,10,183240
9151,0.002262,172.31.36.0-255,66,179930,10,183240
9152,0.002293,172.217.194.0-255,2902,182832,10,183240
9153,0.002307,172.31.36.0-255,66,182898,10,183240
9154,0.002373,172.217.194.0-255,105,183003,10,183240
9155,0.002378,172.31.36.0-255,66,183069,10,183240
9156,0.010834,172.31.36.0-255,105,183174,10,183240
9157,0.013402,172.217.194.0-255,66,183240,10,183240
9158,0.0,172.217.27.0-255,152,152,10,149917
9159,2.3e-05,172.31.36.0-255,66,218,10,149917
9160,3.1e-05,172.217.27.0-255,1484,1702,10,149917
9161,3.6e-05,172.31.36.0-255,66,1768,10,149917
9162,4.2e-05,172.217.27.0-255,2902,4670,10,149917
9163,4.6e-05,172.31.36.0-255,66,4736,10,149917
9164,4.9e-05,172.217.27.0-255,1484,6220,10,149917
9165,5.1e-05,172.31.36.0-255,66,6286,10,149917
9166,5.7e-05,172.217.27.0-255,2902,9188,10,149917
9167,6e-05,172.31.36.0-255,66,9254,10,149917
9168,6.6e-05,172.217.27.0-255,4830,14084,10,149917
9169,6.9e-05,172.31.36.0-255,66,14150,10,149917
9170,0.00032,172.217.27.0-255,1484,15634,10,149917
9171,0.000326,172.31.36.0-255,66,15700,10,149917
9172,0.000332,172.217.27.0-255,2902,18602,10,149917
9173,0.000334,172.31.36.0-255,66,18668,10,149917
9174,0.000341,172.217.27.0-255,5738,24406,10,149917
9175,0.000344,172.31.36.0-255,66,24472,10,149917
9176,0.000383,172.217.27.0-255,6797,31269,10,149917
9177,0.000386,172.31.36.0-255,66,31335,10,149917
9178,0.000587,172.217.27.0-255,1484,32819,10,149917
9179,0.000592,172.31.36.0-255,66,32885,10,149917
9180,0.000598,172.217.27.0-255,2902,35787,10,149917
9181,0.000601,172.31.36.0-255,66,35853,10,149917
9182,0.000628,172.217.27.0-255,5738,41591,10,149917
9183,0.000631,172.31.36.0-255,66,41657,10,149917
9184,0.000661,172.217.27.0-255,2902,44559,10,149917
9185,0.000663,172.31.36.0-255,66,44625,10,149917
9186,0.000685,172.217.27.0-255,3961,48586,10,149917
9187,0.000688,172.31.36.0-255,66,48652,10,149917
9188,0.00079,172.217.27.0-255,1484,50136,10,149917
9189,0.000793,172.31.36.0-255,66,50202,10,149917
9190,0.000798,172.217.27.0-255,2902,53104,10,149917
9191,0.000824,172.217.27.0-255,4320,57424,10,149917
9192,0.000827,172.31.36.0-255,66,57490,10,149917
9193,0.000831,172.31.36.0-255,66,57556,10,149917
9194,0.000841,172.217.27.0-255,1484,59040,10,149917
9195,0.000863,172.217.27.0-255,7125,66165,10,149917
9196,0.000875,172.31.36.0-255,66,66231,10,149917
9197,0.00109,172.217.27.0-255,114,66345,10,149917
9198,0.001164,172.31.36.0-255,66,66411,10,149917
9199,0.001257,172.217.27.0-255,1484,67895,10,149917
9200,0.001266,172.217.27.0-255,2902,70797,10,149917
9201,0.001273,172.217.27.0-255,5738,76535,10,149917
9202,0.001306,172.217.27.0-255,1484,78019,10,149917
9203,0.001329,172.217.27.0-255,5379,83398,10,149917
9204,0.00135,172.217.27.0-255,5738,89136,10,149917
9205,0.001361,172.217.27.0-255,1484,90620,10,149917
9206,0.001366,172.217.27.0-255,4320,94940,10,149917
9207,0.001382,172.217.27.0-255,1484,96424,10,149917
9208,0.001416,172.217.27.0-255,2902,99326,10,149917
9209,0.001432,172.217.27.0-255,1125,100451,10,149917
9210,0.001642,172.217.27.0-255,1484,101935,10,149917
9211,0.001648,172.217.27.0-255,1484,103419,10,149917
9212,0.004683,172.31.36.0-255,66,103485,10,149917
9213,0.006325,172.217.27.0-255,5738,109223,10,149917
9214,0.006336,172.31.36.0-255,66,109289,10,149917
9215,0.007974,172.217.27.0-255,5738,115027,10,149917
9216,0.007983,172.31.36.0-255,66,115093,10,149917
9217,0.009617,172.217.27.0-255,5738,120831,10,149917
9218,0.009627,172.31.36.0-255,66,120897,10,149917
9219,0.011284,172.217.27.0-255,5738,126635,10,149917
9220,0.011299,172.31.36.0-255,66,126701,10,149917
9221,0.012941,172.217.27.0-255,5738,132439,10,149917
9222,0.01439,172.31.36.0-255,66,132505,10,149917
9223,0.01604,172.217.27.0-255,5738,138243,10,149917
9224,0.016054,172.31.36.0-255,66,138309,10,149917
9225,0.017701,172.217.27.0-255,5738,144047,10,149917
9226,0.017709,172.31.36.0-255,66,144113,10,149917
9227,0.019347,172.217.27.0-255,5738,149851,10,149917
9228,0.019359,172.31.36.0-255,66,149917,10,149917
9229,0.0,74.125.24.0-255,431,431,10,80738
9230,2.5e-05,74.125.24.0-255,1484,1915,10,80738
9231,3.4e-05,172.31.36.0-255,66,1981,10,80738
9232,4.3e-05,74.125.24.0-255,4320,6301,10,80738
9233,4.5e-05,172.31.36.0-255,66,6367,10,80738
9234,0.000226,172.31.36.0-255,66,6433,10,80738
9235,0.000589,172.31.36.0-255,66,6499,10,80738
9236,0.000981,74.125.24.0-255,7156,13655,10,80738
9237,0.000987,172.31.36.0-255,66,13721,10,80738
9238,0.002626,74.125.24.0-255,5738,19459,10,80738
9239,0.002632,172.31.36.0-255,66,19525,10,80738
9240,0.002813,74.125.24.0-255,5738,25263,10,80738
9241,0.002818,172.31.36.0-255,66,25329,10,80738
9242,0.002866,74.125.24.0-255,7156,32485,10,80738
9243,0.002886,172.31.36.0-255,66,32551,10,80738
9244,0.003344,74.125.24.0-255,5738,38289,10,80738
9245,0.003349,172.31.36.0-255,66,38355,10,80738
9246,0.003415,172.31.36.0-255,66,38421,10,80738
9247,0.004204,74.125.24.0-255,4320,42741,10,80738
9248,0.004208,172.31.36.0-255,66,42807,10,80738
9249,0.004258,172.31.36.0-255,66,42873,10,80738
9250,0.004935,74.125.24.0-255,2902,45775,10,80738
9251,0.004939,172.31.36.0-255,66,45841,10,80738
9252,0.004967,74.125.24.0-255,4320,50161,10,80738
9253,0.004974,172.31.36.0-255,66,50227,10,80738
9254,0.00528,74.125.24.0-255,2902,53129,10,80738
9255,0.005297,172.31.36.0-255,66,53195,10,80738
9256,0.005623,172.31.36.0-255,66,53261,10,80738
9257,0.006043,172.31.36.0-255,66,53327,10,80738
9258,0.006524,74.125.24.0-255,7156,60483,10,80738
9259,0.006529,172.31.36.0-255,66,60549,10,80738
9260,0.006564,172.31.36.0-255,66,60615,10,80738
9261,0.006941,172.31.36.0-255,66,60681,10,80738
9262,0.006974,172.31.36.0-255,66,60747,10,80738
9263,0.007542,74.125.24.0-255,4320,65067,10,80738
9264,0.007547,172.31.36.0-255,66,65133,10,80738
9265,0.007593,172.31.36.0-255,66,65199,10,80738
9266,0.008228,74.125.24.0-255,7156,72355,10,80738
9267,0.008234,172.31.36.0-255,66,72421,10,80738
9268,0.008258,172.31.36.0-255,66,72487,10,80738
9269,0.008652,172.31.36.0-255,66,72553,10,80738
9270,0.008677,172.31.36.0-255,66,72619,10,80738
9271,0.008712,74.125.24.0-255,5738,78357,10,80738
9272,0.008716,172.31.36.0-255,66,78423,10,80738
9273,0.008737,172.31.36.0-255,66,78489,10,80738
9274,0.008806,172.31.36.0-255,66,78555,10,80738
9275,0.008828,172.31.36.0-255,66,78621,10,80738
9276,0.009159,74.125.24.0-255,1484,80105,10,80738
9277,0.00918,172.31.36.0-255,66,80171,10,80738
9278,0.009218,172.31.36.0-255,66,80237,10,80738
9279,0.00925,172.31.36.0-255,66,80303,10,80738
9280,0.009697,172.31.36.0-255,66,80369,10,80738
9281,0.009748,172.31.36.0-255,66,80435,10,80738
9282,0.010888,172.31.36.0-255,66,80501,10,80738
9283,0.01098,172.31.36.0-255,66,80567,10,80738
9284,0.01139,172.31.36.0-255,105,80672,10,80738
9285,0.013936,74.125.24.0-255,66,80738,10,80738
9286,0.0,74.125.68.0-255,146,146,10,152126
9287,2.8e-05,172.31.36.0-255,66,212,10,152126
9288,3.6e-05,74.125.68.0-255,1484,1696,10,152126
9289,4e-05,172.31.36.0-255,66,1762,10,152126
9290,4.3e-05,74.125.68.0-255,1484,3246,10,152126
9291,4.5e-05,172.31.36.0-255,66,3312,10,152126
9292,7.1e-05,74.125.68.0-255,1484,4796,10,152126
9293,7.3e-05,172.31.36.0-255,66,4862,10,152126
9294,9.3e-05,74.125.68.0-255,2902,7764,10,152126
9295,9.6e-05,172.31.36.0-255,66,7830,10,152126
9296,0.000113,74.125.68.0-255,5738,13568,10,152126
9297,0.000117,172.31.36.0-255,66,13634,10,152126
9298,0.00012,74.125.68.0-255,600,14234,10,152126
9299,0.000121,172.31.36.0-255,66,14300,10,152126
9300,0.000144,74.125.68.0-255,1484,15784,10,152126
9301,0.000147,172.31.36.0-255,66,15850,10,152126
9302,0.00015,74.125.68.0-255,1484,17334,10,152126
9303,0.000152,172.31.36.0-255,66,17400,10,152126
9304,0.000169,74.125.68.0-255,2902,20302,10,152126
9305,0.000172,172.31.36.0-255,66,20368,10,152126
9306,0.000175,74.125.68.0-255,1484,21852,10,152126
9307,0.000177,172.31.36.0-255,66,21918,10,152126
9308,0.000199,74.125.68.0-255,4320,26238,10,152126
9309,0.000202,172.31.36.0-255,66,26304,10,152126
9310,0.00022,74.125.68.0-255,1484,27788,10,152126
9311,0.000222,172.31.36.0-255,66,27854,10,152126
9312,0.000238,74.125.68.0-255,3961,31815,10,152126
9313,0.000241,172.31.36.0-255,66,31881,10,152126
9314,0.000281,74.125.68.0-255,1484,33365,10,152126
9315,0.000285,172.31.36.0-255,66,33431,10,152126
9316,0.000302,74.125.68.0-255,2902,36333,10,152126
9317,0.000305,172.31.36.0-255,66,36399,10,152126
9318,0.000339,74.125.68.0-255,4320,40719,10,152126
9319,0.000343,172.31.36.0-255,66,40785,10,152126
9320,0.000367,74.125.68.0-255,1484,42269,10,152126
9321,0.00037,172.31.36.0-255,66,42335,10,152126
9322,0.000377,74.125.68.0-255,6797,49132,10,152126
9323,0.00038,172.31.36.0-255,66,49198,10,152126
9324,0.000387,74.125.68.0-255,7156,56354,10,152126
9325,0.000389,172.31.36.0-255,66,56420,10,152126
9326,0.000404,74.125.68.0-255,1484,57904,10,152126
9327,0.000408,172.31.36.0-255,66,57970,10,152126
9328,0.000423,74.125.68.0-255,1484,59454,10,152126
9329,0.000426,172.31.36.0-255,66,59520,10,152126
9330,0.000454,74.125.68.0-255,7108,66628,10,152126
9331,0.000459,172.31.36.0-255,66,66694,10,152126
9332,0.001678,74.125.68.0-255,112,66806,10,152126
9333,0.00173,74.125.68.0-255,1484,68290,10,152126
9334,0.001735,172.31.36.0-255,66,68356,10,152126
9335,0.001751,74.125.68.0-255,2902,71258,10,152126
9336,0.001769,74.125.68.0-255,5738,76996,10,152126
9337,0.001784,74.125.68.0-255,2902,79898,10,152126
9338,0.001795,74.125.68.0-255,4320,84218,10,152126
9339,0.001819,74.125.68.0-255,7156,91374,10,152126
9340,0.001834,74.125.68.0-255,1484,92858,10,152126
9341,0.001837,74.125.68.0-255,1484,94342,10,152126
9342,0.001867,74.125.68.0-255,1484,95826,10,152126
9343,0.00188,74.125.68.0-255,1484,97310,10,152126
9344,0.001918,74.125.68.0-255,1484,98794,10,152126
9345,0.001934,74.125.68.0-255,2184,100978,10,152126
9346,0.002203,74.125.68.0-255,1484,102462,10,152126
9347,0.002219,74.125.68.0-255,2902,105364,10,152126
9348,0.002222,74.125.68.0-255,1484,106848,10,152126
9349,0.002241,74.125.68.0-255,4320,111168,10,152126
9350,0.002254,74.125.68.0-255,1484,112652,10,152126
9351,0.002726,172.31.36.0-255,66,112718,10,152126
9352,0.004958,74.125.68.0-255,5738,118456,10,152126
9353,0.004965,172.31.36.0-255,66,118522,10,152126
9354,0.007201,74.125.68.0-255,4320,122842,10,152126
9355,0.007208,172.31.36.0-255,66,122908,10,152126
9356,0.00723,74.125.68.0-255,1484,124392,10,152126
9357,0.007232,172.31.36.0-255,66,124458,10,152126
9358,0.009435,74.125.68.0-255,4320,128778,10,152126
9359,0.009443,172.31.36.0-255,66,128844,10,152126
9360,0.009468,74.125.68.0-255,1484,130328,10,152126
9361,0.011677,74.125.68.0-255,4320,134648,10,152126
9362,0.011684,172.31.36.0-255,66,134714,10,152126
9363,0.013915,74.125.68.0-255,5738,140452,10,152126
9364,0.013973,172.31.36.0-255,66,140518,10,152126
9365,0.016195,74.125.68.0-255,5738,146256,10,152126
9366,0.016202,172.31.36.0-255,66,146322,10,152126
9367,0.018424,74.125.68.0-255,5738,152060,10,152126
9368,0.018435,172.31.36.0-255,66,152126,10,152126
9369,0.0,172.217.194.0-255,152,152,10,77960
9370,1.7e-05,172.31.36.0-255,66,218,10,77960
9371,2.3e-05,172.217.194.0-255,1484,1702,10,77960
9372,2.7e-05,172.31.36.0-255,66,1768,10,77960
9373,3e-05,172.217.194.0-255,1484,3252,10,77960
9374,3.1e-05,172.31.36.0-255,66,3318,10,77960
9375,6e-05,172.217.194.0-255,4320,7638,10,77960
9376,6.3e-05,172.31.36.0-255,66,7704,10,77960
9377,0.000101,172.217.194.0-255,2902,10606,10,77960
9378,0.000103,172.31.36.0-255,66,10672,10,77960
9379,0.000122,172.217.194.0-255,3436,14108,10,77960
9380,0.000125,172.31.36.0-255,66,14174,10,77960
9381,0.000132,172.217.194.0-255,7156,21330,10,77960
9382,0.000134,172.31.36.0-255,66,21396,10,77960
9383,0.000137,172.217.194.0-255,2902,24298,10,77960
9384,0.00014,172.31.36.0-255,66,24364,10,77960
9385,0.00019,172.31.36.0-255,66,24430,10,77960
9386,0.000205,172.217.194.0-255,1484,25914,10,77960
9387,0.000208,172.31.36.0-255,66,25980,10,77960
9388,0.000212,172.217.194.0-255,2902,28882,10,77960
9389,0.000213,172.31.36.0-255,66,28948,10,77960
9390,0.000248,172.217.194.0-255,4320,33268,10,77960
9391,0.000252,172.31.36.0-255,66,33334,10,77960
9392,0.000257,172.217.194.0-255,4320,37654,10,77960
9393,0.000259,172.31.36.0-255,66,37720,10,77960
9394,0.00029,172.217.194.0-255,766,38486,10,77960
9395,0.000293,172.31.36.0-255,66,38552,10,77960
9396,0.004874,172.217.194.0-255,1484,40036,10,77960
9397,0.004881,172.31.36.0-255,66,40102,10,77960
9398,0.004889,172.217.194.0-255,2902,43004,10,77960
9399,0.004891,172.31.36.0-255,66,43070,10,77960
9400,0.004895,172.217.194.0-255,1484,44554,10,77960
9401,0.00726,172.217.194.0-255,4320,48874,10,77960
9402,0.007267,172.31.36.0-255,66,48940,10,77960
9403,0.009614,172.217.194.0-255,5738,54678,10,77960
9404,0.009621,172.31.36.0-255,66,54744,10,77960
9405,0.011997,172.217.194.0-255,5738,60482,10,77960
9406,0.012003,172.31.36.0-255,66,60548,10,77960
9407,0.014387,172.217.194.0-255,5738,66286,10,77960
9408,0.014395,172.31.36.0-255,66,66352,10,77960
9409,0.016749,172.217.194.0-255,5738,72090,10,77960
9410,0.016755,172.31.36.0-255,66,72156,10,77960
9411,0.019104,172.217.194.0-255,5738,77894,10,77960
9412,0.019111,172.31.36.0-255,66,77960,10,77960
9413,0.0,172.217.194.0-255,298,298,10,180915
9414,1.6e-05,172.31.36.0-255,66,364,10,180915
9415,2.3e-05,172.217.194.0-255,1484,1848,10,180915
9416,2.8e-05,172.31.36.0-255,66,1914,10,180915
9417,3.5e-05,172.217.194.0-255,4320,6234,10,180915
9418,4.7e-05,172.31.36.0-255,66,6300,10,180915
9419,6e-05,172.31.36.0-255,66,6366,10,180915
9420,6.4e-05,172.217.194.0-255,1484,7850,10,180915
9421,6.6e-05,172.31.36.0-255,66,7916,10,180915
9422,0.000114,172.31.36.0-255,66,7982,10,180915
9423,0.000118,172.217.194.0-255,1484,9466,10,180915
9424,0.00012,172.31.36.0-255,66,9532,10,180915
9425,0.000123,172.217.194.0-255,1484,11016,10,180915
9426,0.000125,172.31.36.0-255,66,11082,10,180915
9427,0.000157,172.217.194.0-255,1484,12566,10,180915
9428,0.00016,172.31.36.0-255,66,12632,10,180915
9429,0.000167,172.217.194.0-255,5738,18370,10,180915
9430,0.00017,172.31.36.0-255,66,18436,10,180915
9431,0.000181,172.31.36.0-255,66,18502,10,180915
9432,0.000207,172.217.194.0-255,2543,21045,10,180915
9433,0.00021,172.31.36.0-255,66,21111,10,180915
9434,0.000248,172.31.36.0-255,66,21177,10,180915
9435,0.000276,172.217.194.0-255,121,21298,10,180915
9436,0.000278,172.31.36.0-255,66,21364,10,180915
9437,0.000303,172.217.194.0-255,1484,22848,10,180915
9438,0.000306,172.31.36.0-255,66,22914,10,180915
9439,0.00031,172.217.194.0-255,1484,24398,10,180915
9440,0.000312,172.31.36.0-255,66,24464,10,180915
9441,0.000331,172.217.194.0-255,1484,25948,10,180915
9442,0.00034,172.217.194.0-255,7156,33104,10,180915
9443,0.000342,172.31.36.0-255,66,33170,10,180915
9444,0.000384,172.217.194.0-255,1484,34654,10,180915
9445,0.000401,172.217.194.0-255,4249,38903,10,180915
9446,0.000404,172.31.36.0-255,66,38969,10,180915
9447,0.000457,172.217.194.0-255,5738,44707,10,180915
9448,0.000459,172.31.36.0-255,66,44773,10,180915
9449,0.000467,172.217.194.0-255,7156,51929,10,180915
9450,0.000469,172.31.36.0-255,66,51995,10,180915
9451,0.000479,172.217.194.0-255,3961,55956,10,180915
9452,0.000481,172.31.36.0-255,66,56022,10,180915
9453,0.000624,172.217.194.0-255,1484,57506,10,180915
9454,0.000629,172.217.194.0-255,2902,60408,10,180915
9455,0.000633,172.31.36.0-255,66,60474,10,180915
9456,0.000663,172.217.194.0-255,5738,66212,10,180915
9457,0.000666,172.31.36.0-255,66,66278,10,180915
9458,0.000672,172.217.194.0-255,4320,70598,10,180915
9459,0.000675,172.31.36.0-255,66,70664,10,180915
9460,0.000707,172.31.36.0-255,66,70730,10,180915
9461,0.000713,172.217.194.0-255,5738,76468,10,180915
9462,0.000715,172.31.36.0-255,66,76534,10,180915
9463,0.000745,172.217.194.0-255,5020,81554,10,180915
9464,0.000747,172.31.36.0-255,66,81620,10,180915
9465,0.000789,172.217.194.0-255,4320,85940,10,180915
9466,0.000792,172.31.36.0-255,66,86006,10,180915
9467,0.000796,172.217.194.0-255,1484,87490,10,180915
9468,0.000821,172.217.194.0-255,4320,91810,10,180915
9469,0.000824,172.31.36.0-255,66,91876,10,180915
9470,0.000851,172.217.194.0-255,1484,93360,10,180915
9471,0.000864,172.31.36.0-255,66,93426,10,180915
9472,0.000893,172.217.194.0-255,5738,99164,10,180915
9473,0.000906,172.31.36.0-255,66,99230,10,180915
9474,0.000964,172.31.36.0-255,66,99296,10,180915
9475,0.00101,172.31.36.0-255,66,99362,10,180915
9476,0.001615,172.217.194.0-255,1484,100846,10,180915
9477,0.001621,172.217.194.0-255,2902,103748,10,180915
9478,0.001625,172.31.36.0-255,66,103814,10,180915
9479,0.001654,172.217.194.0-255,5738,109552,10,180915
9480,0.001657,172.31.36.0-255,66,109618,10,180915
9481,0.001664,172.217.194.0-255,7156,116774,10,180915
9482,0.00169,172.217.194.0-255,5738,122512,10,180915
9483,0.00171,172.31.36.0-255,66,122578,10,180915
9484,0.001944,172.217.194.0-255,1484,124062,10,180915
9485,0.001948,172.217.194.0-255,1484,125546,10,180915
9486,0.001951,172.31.36.0-255,66,125612,10,180915
9487,0.001982,172.217.194.0-255,1484,127096,10,180915
9488,0.001989,172.217.194.0-255,5738,132834,10,180915
9489,0.001992,172.217.194.0-255,2902,135736,10,180915
9490,0.001997,172.31.36.0-255,66,135802,10,180915
9491,0.002004,172.31.36.0-255,66,135868,10,180915
9492,0.002014,172.217.194.0-255,4320,140188,10,180915
9493,0.002016,172.31.36.0-255,66,140254,10,180915
9494,0.002064,172.217.194.0-255,7156,147410,10,180915
9495,0.002076,172.31.36.0-255,66,147476,10,180915
9496,0.002098,172.217.194.0-255,1484,148960,10,180915
9497,0.002132,172.31.36.0-255,66,149026,10,180915
9498,0.002148,172.217.194.0-255,2902,151928,10,180915
9499,0.002155,172.217.194.0-255,5738,157666,10,180915
9500,0.002179,172.217.194.0-255,2902,160568,10,180915
9501,0.00219,172.31.36.0-255,66,160634,10,180915
9502,0.002202,172.217.194.0-255,4320,164954,10,180915
9503,0.002247,172.217.194.0-255,2184,167138,10,180915
9504,0.002249,172.217.194.0-255,1484,168622,10,180915
9505,0.002252,172.31.36.0-255,66,168688,10,180915
9506,0.002258,172.31.36.0-255,66,168754,10,180915
9507,0.00232,172.217.194.0-255,4320,173074,10,180915
9508,0.002372,172.31.36.0-255,66,173140,10,180915
9509,0.002379,172.217.194.0-255,766,173906,10,180915
9510,0.002401,172.31.36.0-255,66,173972,10,180915
9511,0.002442,172.217.194.0-255,3602,177574,10,180915
9512,0.002447,172.217.194.0-255,2999,180573,10,180915
9513,0.00245,172.217.194.0-255,105,180678,10,180915
9514,0.002465,172.31.36.0-255,66,180744,10,180915
9515,0.010683,172.31.36.0-255,105,180849,10,180915
9516,0.013161,172.217.194.0-255,66,180915,10,180915
9517,0.0,172.217.160.0-255,146,146,10,192167
9518,1.9e-05,172.31.36.0-255,66,212,10,192167
9519,2.6e-05,172.217.160.0-255,1484,1696,10,192167
9520,3.1e-05,172.31.36.0-255,66,1762,10,192167
9521,3.6e-05,172.217.160.0-255,2902,4664,10,192167
9522,4e-05,172.31.36.0-255,66,4730,10,192167
9523,4.5e-05,172.217.160.0-255,2902,7632,10,192167
9524,4.7e-05,172.31.36.0-255,66,7698,10,192167
9525,6e-05,172.31.36.0-255,66,7764,10,192167
9526,0.000104,172.31.36.0-255,66,7830,10,192167
9527,0.000138,172.217.160.0-255,1484,9314,10,192167
9528,0.000141,172.31.36.0-255,66,9380,10,192167
9529,0.000146,172.217.160.0-255,2902,12282,10,192167
9530,0.000148,172.31.36.0-255,66,12348,10,192167
9531,0.000163,172.217.160.0-255,2902,15250,10,192167
9532,0.000168,172.31.36.0-255,66,15316,10,192167
9533,0.00019,172.217.160.0-255,2902,18218,10,192167
9534,0.000193,172.31.36.0-255,66,18284,10,192167
9535,0.000199,172.217.160.0-255,6797,25081,10,192167
9536,0.000201,172.31.36.0-255,66,25147,10,192167
9537,0.000232,172.31.36.0-255,66,25213,10,192167
9538,0.000256,172.217.160.0-255,5738,30951,10,192167
9539,0.000259,172.31.36.0-255,66,31017,10,192167
9540,0.000264,172.217.160.0-255,2543,33560,10,192167
9541,0.000265,172.31.36.0-255,66,33626,10,192167
9542,0.000269,172.217.160.0-255,334,33960,10,192167
9543,0.000271,172.31.36.0-255,66,34026,10,192167
9544,0.000869,172.217.160.0-255,123,34149,10,192167
9545,0.000875,172.31.36.0-255,66,34215,10,192167
9546,0.00093,172.217.160.0-255,1484,35699,10,192167
9547,0.000935,172.31.36.0-255,66,35765,10,192167
9548,0.000943,172.217.160.0-255,2902,38667,10,192167
9549,0.000945,172.31.36.0-255,66,38733,10,192167
9550,0.000952,172.217.160.0-255,5738,44471,10,192167
9551,0.000954,172.31.36.0-255,66,44537,10,192167
9552,0.000959,172.217.160.0-255,4320,48857,10,192167
9553,0.000961,172.31.36.0-255,66,48923,10,192167
9554,0.001008,172.217.160.0-255,2543,51466,10,192167
9555,0.001011,172.31.36.0-255,66,51532,10,192167
9556,0.001032,172.217.160.0-255,2902,54434,10,192167
9557,0.001035,172.31.36.0-255,66,54500,10,192167
9558,0.001042,172.217.160.0-255,7156,61656,10,192167
9559,0.001045,172.31.36.0-255,66,61722,10,192167
9560,0.001079,172.217.160.0-255,1484,63206,10,192167
9561,0.001082,172.31.36.0-255,66,63272,10,192167
9562,0.001102,172.217.160.0-255,5379,68651,10,192167
9563,0.001106,172.31.36.0-255,66,68717,10,192167
9564,0.001443,172.217.160.0-255,1484,70201,10,192167
9565,0.001449,172.31.36.0-255,66,70267,10,192167
9566,0.001466,172.217.160.0-255,2902,73169,10,192167
9567,0.001468,172.31.36.0-255,66,73235,10,192167
9568,0.001474,172.217.160.0-255,2902,76137,10,192167
9569,0.001476,172.31.36.0-255,66,76203,10,192167
9570,0.001501,172.217.160.0-255,1484,77687,10,192167
9571,0.001504,172.31.36.0-255,66,77753,10,192167
9572,0.001514,172.31.36.0-255,66,77819,10,192167
9573,0.001519,172.217.160.0-255,2902,80721,10,192167
9574,0.001522,172.31.36.0-255,66,80787,10,192167
9575,0.001564,172.31.36.0-255,66,80853,10,192167
9576,0.00157,172.217.160.0-255,4320,85173,10,192167
9577,0.001574,172.31.36.0-255,66,85239,10,192167
9578,0.001591,172.217.160.0-255,4320,89559,10,192167
9579,0.001595,172.31.36.0-255,66,89625,10,192167
9580,0.001608,172.31.36.0-255,66,89691,10,192167
9581,0.001641,172.31.36.0-255,66,89757,10,192167
9582,0.001668,172.217.160.0-255,1484,91241,10,192167
9583,0.001669,172.31.36.0-255,66,91307,10,192167
9584,0.001673,172.217.160.0-255,1484,92791,10,192167
9585,0.001674,172.31.36.0-255,66,92857,10,192167
9586,0.001688,172.217.160.0-255,1484,94341,10,192167
9587,0.00169,172.31.36.0-255,66,94407,10,192167
9588,0.001697,172.217.160.0-255,5738,100145,10,192167
9589,0.001699,172.31.36.0-255,66,100211,10,192167
9590,0.001736,172.31.36.0-255,66,100277,10,192167
9591,0.001753,172.217.160.0-255,2902,103179,10,192167
9592,0.001756,172.31.36.0-255,66,103245,10,192167
9593,0.001773,172.217.160.0-255,4320,107565,10,192167
9594,0.001776,172.31.36.0-255,66,107631,10,192167
9595,0.001797,172.217.160.0-255,6438,114069,10,192167
9596,0.001799,172.31.36.0-255,66,114135,10,192167
9597,0.001838,172.217.160.0-255,1484,115619,10,192167
9598,0.00184,172.31.36.0-255,66,115685,10,192167
9599,0.001845,172.217.160.0-255,2902,118587,10,192167
9600,0.001847,172.31.36.0-255,66,118653,10,192167
9601,0.001873,172.217.160.0-255,5738,124391,10,192167
9602,0.001876,172.31.36.0-255,66,124457,10,192167
9603,0.001881,172.217.160.0-255,5738,130195,10,192167
9604,0.001883,172.31.36.0-255,66,130261,10,192167
9605,0.001886,172.217.160.0-255,1484,131745,10,192167
9606,0.001888,172.31.36.0-255,66,131811,10,192167
9607,0.001909,172.31.36.0-255,66,131877,10,192167
9608,0.001921,172.217.160.0-255,2902,134779,10,192167
9609,0.001923,172.31.36.0-255,66,134845,10,192167
9610,0.001929,172.217.160.0-255,5020,139865,10,192167
9611,0.001932,172.31.36.0-255,66,139931,10,192167
9612,0.003838,172.217.160.0-255,5738,145669,10,192167
9613,0.003842,172.31.36.0-255,66,145735,10,192167
9614,0.005743,172.217.160.0-255,5738,151473,10,192167
9615,0.005746,172.31.36.0-255,66,151539,10,192167
9616,0.007711,172.217.160.0-255,5738,157277,10,192167
9617,0.007718,172.31.36.0-255,66,157343,10,192167
9618,0.009633,172.217.160.0-255,5738,163081,10,192167
9619,0.00964,172.31.36.0-255,66,163147,10,192167
9620,0.011559,172.217.160.0-255,5738,168885,10,192167
9621,0.011566,172.31.36.0-255,66,168951,10,192167
9622,0.013491,172.217.160.0-255,5738,174689,10,192167
9623,0.013504,172.31.36.0-255,66,174755,10,192167
9624,0.015455,172.217.160.0-255,5738,180493,10,192167
9625,0.015463,172.31.36.0-255,66,180559,10,192167
9626,0.017394,172.217.160.0-255,5738,186297,10,192167
9627,0.017402,172.31.36.0-255,66,186363,10,192167
9628,0.019322,172.217.160.0-255,5738,192101,10,192167
9629,0.019329,172.31.36.0-255,66,192167,10,192167
9630,0.0,172.217.194.0-255,159,159,10,152525
9631,3.4e-05,172.31.36.0-255,66,225,10,152525
9632,4.1e-05,172.217.194.0-255,1484,1709,10,152525
9633,4.4e-05,172.31.36.0-255,66,1775,10,152525
9634,5e-05,172.217.194.0-255,2902,4677,10,152525
9635,6.1e-05,172.31.36.0-255,66,4743,10,152525
9636,6.8e-05,172.217.194.0-255,7156,11899,10,152525
9637,7.1e-05,172.31.36.0-255,66,11965,10,152525
9638,7.5e-05,172.217.194.0-255,2047,14012,10,152525
9639,7.8e-05,172.31.36.0-255,66,14078,10,152525
9640,8.1e-05,172.217.194.0-255,1484,15562,10,152525
9641,8.5e-05,172.31.36.0-255,66,15628,10,152525
9642,0.000135,172.31.36.0-255,66,15694,10,152525
9643,0.000142,172.217.194.0-255,5379,21073,10,152525
9644,0.000146,172.31.36.0-255,66,21139,10,152525
9645,0.000174,172.217.194.0-255,5738,26877,10,152525
9646,0.00018,172.31.36.0-255,66,26943,10,152525
9647,0.000183,172.217.194.0-255,1484,28427,10,152525
9648,0.000185,172.31.36.0-255,66,28493,10,152525
9649,0.000192,172.217.194.0-255,7156,35649,10,152525
9650,0.000195,172.31.36.0-255,66,35715,10,152525
9651,0.000238,172.217.194.0-255,1484,37199,10,152525
9652,0.000242,172.31.36.0-255,66,37265,10,152525
9653,0.000256,172.31.36.0-255,66,37331,10,152525
9654,0.000305,172.217.194.0-255,6797,44128,10,152525
9655,0.00031,172.31.36.0-255,66,44194,10,152525
9656,0.000661,172.217.194.0-255,645,44839,10,152525
9657,0.000669,172.31.36.0-255,66,44905,10,152525
9658,0.001202,172.217.194.0-255,1484,46389,10,152525
9659,0.001209,172.31.36.0-255,66,46455,10,152525
9660,0.001217,172.217.194.0-255,2902,49357,10,152525
9661,0.001219,172.31.36.0-255,66,49423,10,152525
9662,0.001231,172.217.194.0-255,5738,55161,10,152525
9663,0.001234,172.31.36.0-255,66,55227,10,152525
9664,0.001241,172.217.194.0-255,5738,60965,10,152525
9665,0.001243,172.31.36.0-255,66,61031,10,152525
9666,0.00128,172.217.194.0-255,4320,65351,10,152525
9667,0.001283,172.31.36.0-255,66,65417,10,152525
9668,0.001297,172.31.36.0-255,66,65483,10,152525
9669,0.001301,172.217.194.0-255,2184,67667,10,152525
9670,0.001303,172.31.36.0-255,66,67733,10,152525
9671,0.001701,172.217.194.0-255,1484,69217,10,152525
9672,0.00172,172.217.194.0-255,2902,72119,10,152525
9673,0.001724,172.31.36.0-255,66,72185,10,152525
9674,0.001755,172.217.194.0-255,5738,77923,10,152525
9675,0.001758,172.31.36.0-255,66,77989,10,152525
9676,0.001765,172.217.194.0-255,5738,83727,10,152525
9677,0.001795,172.217.194.0-255,7156,90883,10,152525
9678,0.001815,172.217.194.0-255,5738,96621,10,152525
9679,0.001822,172.217.194.0-255,5020,101641,10,152525
9680,0.001846,172.217.194.0-255,1484,103125,10,152525
9681,0.001876,172.217.194.0-255,1484,104609,10,152525
9682,0.001882,172.217.194.0-255,4320,108929,10,152525
9683,0.001913,172.217.194.0-255,1484,110413,10,152525
9684,0.001948,172.217.194.0-255,1484,111897,10,152525
9685,0.001963,172.217.194.0-255,5738,117635,10,152525
9686,0.00665,172.31.36.0-255,66,117701,10,152525
9687,0.008689,172.217.194.0-255,5738,123439,10,152525
9688,0.008698,172.31.36.0-255,66,123505,10,152525
9689,0.010702,172.217.194.0-255,5738,129243,10,152525
9690,0.01071,172.31.36.0-255,66,129309,10,152525
9691,0.012737,172.217.194.0-255,5738,135047,10,152525
9692,0.012744,172.31.36.0-255,66,135113,10,152525
9693,0.014804,172.217.194.0-255,5738,140851,10,152525
9694,0.014814,172.31.36.0-255,66,140917,10,152525
9695,0.016842,172.217.194.0-255,5738,146655,10,152525
9696,0.016853,172.31.36.0-255,66,146721,10,152525
9697,0.018859,172.217.194.0-255,5738,152459,10,152525
9698,0.018867,172.31.36.0-255,66,152525,10,152525
9699,0.0,74.125.24.0-255,143,143,10,194558
9700,3e-05,172.31.36.0-255,66,209,10,194558
9701,3.7e-05,74.125.24.0-255,1484,1693,10,194558
9702,4e-05,172.31.36.0-255,66,1759,10,194558
9703,4.5e-05,74.125.24.0-255,2902,4661,10,194558
9704,4.8e-05,172.31.36.0-255,66,4727,10,194558
9705,6.2e-05,74.125.24.0-255,7156,11883,10,194558
9706,6.5e-05,172.31.36.0-255,66,11949,10,194558
9707,9.2e-05,74.125.24.0-255,2055,14004,10,194558
9708,9.4e-05,172.31.36.0-255,66,14070,10,194558
9709,0.000133,74.125.24.0-255,2902,16972,10,194558
9710,0.000136,172.31.36.0-255,66,17038,10,194558
9711,0.000143,74.125.24.0-255,7156,24194,10,194558
9712,0.000145,172.31.36.0-255,66,24260,10,194558
9713,0.000188,74.125.24.0-255,1484,25744,10,194558
9714,0.000191,172.31.36.0-255,66,25810,10,194558
9715,0.000226,172.31.36.0-255,66,25876,10,194558
9716,0.000238,172.31.36.0-255,66,25942,10,194558
9717,0.000243,74.125.24.0-255,3961,29903,10,194558
9718,0.000245,172.31.36.0-255,66,29969,10,194558
9719,0.000273,74.125.24.0-255,4320,34289,10,194558
9720,0.000281,172.31.36.0-255,66,34355,10,194558
9721,0.000316,172.31.36.0-255,66,34421,10,194558
9722,0.000368,74.125.24.0-255,2902,37323,10,194558
9723,0.000371,172.31.36.0-255,66,37389,10,194558
9724,0.000396,74.125.24.0-255,1125,38514,10,194558
9725,0.000399,172.31.36.0-255,66,38580,10,194558
9726,0.00054,74.125.24.0-255,401,38981,10,194558
9727,0.000545,172.31.36.0-255,66,39047,10,194558
9728,0.00071,74.125.24.0-255,109,39156,10,194558
9729,0.000794,172.31.36.0-255,66,39222,10,194558
9730,0.000865,74.125.24.0-255,1484,40706,10,194558
9731,0.000873,74.125.24.0-255,2902,43608,10,194558
9732,0.000876,172.31.36.0-255,66,43674,10,194558
9733,0.000903,74.125.24.0-255,5738,49412,10,194558
9734,0.000907,172.31.36.0-255,66,49478,10,194558
9735,0.000935,74.125.24.0-255,6797,56275,10,194558
9736,0.000938,172.31.36.0-255,66,56341,10,194558
9737,0.000966,74.125.24.0-255,7156,63497,10,194558
9738,0.000969,172.31.36.0-255,66,63563,10,194558
9739,0.001002,74.125.24.0-255,7156,70719,10,194558
9740,0.001006,172.31.36.0-255,66,70785,10,194558
9741,0.001011,74.125.24.0-255,2543,73328,10,194558
9742,0.001013,172.31.36.0-255,66,73394,10,194558
9743,0.001615,74.125.24.0-255,1484,74878,10,194558
9744,0.001623,74.125.24.0-255,2902,77780,10,194558
9745,0.001627,172.31.36.0-255,66,77846,10,194558
9746,0.001649,74.125.24.0-255,5738,83584,10,194558
9747,0.001652,172.31.36.0-255,66,83650,10,194558
9748,0.001657,74.125.24.0-255,2902,86552,10,194558
9749,0.001659,172.31.36.0-255,66,86618,10,194558
9750,0.001695,172.31.36.0-255,66,86684,10,194558
9751,0.00173,172.31.36.0-255,66,86750,10,194558
9752,0.001753,74.125.24.0-255,766,87516,10,194558
9753,0.001796,74.125.24.0-255,1484,89000,10,194558
9754,0.001798,172.31.36.0-255,66,89066,10,194558
9755,0.001822,74.125.24.0-255,2902,91968,10,194558
9756,0.001824,172.31.36.0-255,66,92034,10,194558
9757,0.001829,74.125.24.0-255,2902,94936,10,194558
9758,0.001831,172.31.36.0-255,66,95002,10,194558
9759,0.001851,74.125.24.0-255,2902,97904,10,194558
9760,0.001854,172.31.36.0-255,66,97970,10,194558
9761,0.001891,172.31.36.0-255,66,98036,10,194558
9762,0.001916,74.125.24.0-255,4320,102356,10,194558
9763,0.001918,172.31.36.0-255,66,102422,10,194558
9764,0.001952,172.31.36.0-255,66,102488,10,194558
9765,0.001963,172.31.36.0-255,66,102554,10,194558
9766,0.001991,74.125.24.0-255,4320,106874,10,194558
9767,0.001993,172.31.36.0-255,66,106940,10,194558
9768,0.002009,172.31.36.0-255,66,107006,10,194558
9769,0.002015,74.125.24.0-255,5020,112026,10,194558
9770,0.002018,172.31.36.0-255,66,112092,10,194558
9771,0.002064,74.125.24.0-255,4320,116412,10,194558
9772,0.002066,172.31.36.0-255,66,116478,10,194558
9773,0.002093,74.125.24.0-255,5738,122216,10,194558
9774,0.002096,172.31.36.0-255,66,122282,10,194558
9775,0.00212,74.125.24.0-255,4320,126602,10,194558
9776,0.002122,172.31.36.0-255,66,126668,10,194558
9777,0.002151,74.125.24.0-255,7156,133824,10,194558
9778,0.002154,172.31.36.0-255,66,133890,10,194558
9779,0.002164,172.31.36.0-255,66,133956,10,194558
9780,0.002168,74.125.24.0-255,2184,136140,10,194558
9781,0.00217,172.31.36.0-255,66,136206,10,194558
9782,0.002208,74.125.24.0-255,2902,139108,10,194558
9783,0.002211,172.31.36.0-255,66,139174,10,194558
9784,0.002239,74.125.24.0-255,5738,144912,10,194558
9785,0.002241,172.31.36.0-255,66,144978,10,194558
9786,0.002262,172.31.36.0-255,66,145044,10,194558
9787,0.002339,172.31.36.0-255,66,145110,10,194558
9788,0.002358,172.31.36.0-255,66,145176,10,194558
9789,0.002372,172.31.36.0-255,66,145242,10,194558
9790,0.002376,74.125.24.0-255,2184,147426,10,194558
9791,0.002493,74.125.24.0-255,1484,148910,10,194558
9792,0.002511,74.125.24.0-255,2902,151812,10,194558
9793,0.002516,74.125.24.0-255,4320,156132,10,194558
9794,0.002529,74.125.24.0-255,1484,157616,10,194558
9795,0.002541,74.125.24.0-255,2902,160518,10,194558
9796,0.002578,74.125.24.0-255,4320,164838,10,194558
9797,0.002599,74.125.24.0-255,6438,171276,10,194558
9798,0.007005,172.31.36.0-255,66,171342,10,194558
9799,0.009598,74.125.24.0-255,5738,177080,10,194558
9800,0.009604,172.31.36.0-255,66,177146,10,194558
9801,0.012205,74.125.24.0-255,5738,182884,10,194558
9802,0.012213,172.31.36.0-255,66,182950,10,194558
9803,0.014846,74.125.24.0-255,5738,188688,10,194558
9804,0.014859,172.31.36.0-255,66,188754,10,194558
9805,0.017462,74.125.24.0-255,5738,194492,10,194558
9806,0.01747,172.31.36.0-255,66,194558,10,194558
9807,0.0,74.125.24.0-255,153,153,10,138648
9808,2.4e-05,172.31.36.0-255,66,219,10,138648
9809,3.2e-05,74.125.24.0-255,1484,1703,10,138648
9810,3.7e-05,172.31.36.0-255,66,1769,10,138648
9811,4.3e-05,74.125.24.0-255,2902,4671,10,138648
9812,4.5e-05,172.31.36.0-255,66,4737,10,138648
9813,5.1e-05,74.125.24.0-255,2902,7639,10,138648
9814,5.3e-05,172.31.36.0-255,66,7705,10,138648
9815,7.3e-05,74.125.24.0-255,2902,10607,10,138648
9816,7.6e-05,172.31.36.0-255,66,10673,10,138648
9817,9.4e-05,74.125.24.0-255,3392,14065,10,138648
9818,9.7e-05,172.31.36.0-255,66,14131,10,138648
9819,0.000385,74.125.24.0-255,1484,15615,10,138648
9820,0.00039,172.31.36.0-255,66,15681,10,138648
9821,0.000397,74.125.24.0-255,2902,18583,10,138648
9822,0.0004,172.31.36.0-255,66,18649,10,138648
9823,0.000421,74.125.24.0-255,5738,24387,10,138648
9824,0.000423,172.31.36.0-255,66,24453,10,138648
9825,0.000466,74.125.24.0-255,4320,28773,10,138648
9826,0.000469,172.31.36.0-255,66,28839,10,138648
9827,0.000481,74.125.24.0-255,2543,31382,10,138648
9828,0.000483,172.31.36.0-255,66,31448,10,138648
9829,0.000537,74.125.24.0-255,1484,32932,10,138648
9830,0.000542,172.31.36.0-255,66,32998,10,138648
9831,0.000559,74.125.24.0-255,2902,35900,10,138648
9832,0.000562,172.31.36.0-255,66,35966,10,138648
9833,0.000569,74.125.24.0-255,5738,41704,10,138648
9834,0.000571,172.31.36.0-255,66,41770,10,138648
9835,0.000603,74.125.24.0-255,1484,43254,10,138648
9836,0.000605,172.31.36.0-255,66,43320,10,138648
9837,0.00064,74.125.24.0-255,1484,44804,10,138648
9838,0.000643,172.31.36.0-255,66,44870,10,138648
9839,0.000658,172.31.36.0-255,66,44936,10,138648
9840,0.00067,172.31.36.0-255,66,45002,10,138648
9841,0.000672,74.125.24.0-255,358,45360,10,138648
9842,0.000694,74.125.24.0-255,134,45494,10,138648
9843,0.000754,74.125.24.0-255,348,45842,10,138648
9844,0.001181,172.31.36.0-255,66,45908,10,138648
9845,0.001541,74.125.24.0-255,1484,47392,10,138648
9846,0.001549,74.125.24.0-255,1484,48876,10,138648
9847,0.001553,172.31.36.0-255,66,48942,10,138648
9848,0.001573,74.125.24.0-255,1484,50426,10,138648
9849,0.00158,74.125.24.0-255,5738,56164,10,138648
9850,0.001582,172.31.36.0-255,66,56230,10,138648
9851,0.001605,74.125.24.0-255,4320,60550,10,138648
9852,0.001608,172.31.36.0-255,66,60616,10,138648
9853,0.001636,172.31.36.0-255,66,60682,10,138648
9854,0.001657,74.125.24.0-255,5738,66420,10,138648
9855,0.00166,172.31.36.0-255,66,66486,10,138648
9856,0.001678,74.125.24.0-255,5020,71506,10,138648
9857,0.001681,172.31.36.0-255,66,71572,10,138648
9858,0.002178,74.125.24.0-255,1484,73056,10,138648
9859,0.002211,74.125.24.0-255,2902,75958,10,138648
9860,0.002216,172.31.36.0-255,66,76024,10,138648
9861,0.002223,74.125.24.0-255,4320,80344,10,138648
9862,0.002225,172.31.36.0-255,66,80410,10,138648
9863,0.002252,74.125.24.0-255,5738,86148,10,138648
9864,0.002254,172.31.36.0-255,66,86214,10,138648
9865,0.002272,74.125.24.0-255,2902,89116,10,138648
9866,0.002275,172.31.36.0-255,66,89182,10,138648
9867,0.002282,74.125.24.0-255,5738,94920,10,138648
9868,0.002284,172.31.36.0-255,66,94986,10,138648
9869,0.002296,74.125.24.0-255,2902,97888,10,138648
9870,0.002298,172.31.36.0-255,66,97954,10,138648
9871,0.002339,172.31.36.0-255,66,98020,10,138648
9872,0.004763,74.125.24.0-255,5738,103758,10,138648
9873,0.004768,172.31.36.0-255,66,103824,10,138648
9874,0.007156,74.125.24.0-255,5738,109562,10,138648
9875,0.007163,172.31.36.0-255,66,109628,10,138648
9876,0.009582,74.125.24.0-255,5738,115366,10,138648
9877,0.009591,172.31.36.0-255,66,115432,10,138648
9878,0.012001,74.125.24.0-255,5738,121170,10,138648
9879,0.01201,172.31.36.0-255,66,121236,10,138648
9880,0.014427,74.125.24.0-255,5738,126974,10,138648
9881,0.014436,172.31.36.0-255,66,127040,10,138648
9882,0.016816,74.125.24.0-255,5738,132778,10,138648
9883,0.016828,172.31.36.0-255,66,132844,10,138648
9884,0.019204,74.125.24.0-255,5738,138582,10,138648
9885,0.019213,172.31.36.0-255,66,138648,10,138648
9886,0.0,172.217.194.0-255,152,152,10,108002
9887,1.6e-05,172.31.36.0-255,66,218,10,108002
9888,4.2e-05,172.217.194.0-255,1484,1702,10,108002
9889,4.7e-05,172.31.36.0-255,66,1768,10,108002
9890,5.2e-05,172.217.194.0-255,2902,4670,10,108002
9891,5.6e-05,172.31.36.0-255,66,4736,10,108002
9892,7.4e-05,172.217.194.0-255,1484,6220,10,108002
9893,7.7e-05,172.31.36.0-255,66,6286,10,108002
9894,0.000106,172.217.194.0-255,5738,12024,10,108002
9895,0.000109,172.31.36.0-255,66,12090,10,108002
9896,0.000122,172.31.36.0-255,66,12156,10,108002
9897,0.000136,172.217.194.0-255,1484,13640,10,108002
9898,0.000138,172.31.36.0-255,66,13706,10,108002
9899,0.00016,172.217.194.0-255,6797,20503,10,108002
9900,0.000163,172.31.36.0-255,66,20569,10,108002
9901,0.001099,172.217.194.0-255,1484,22053,10,108002
9902,0.001107,172.31.36.0-255,66,22119,10,108002
9903,0.001117,172.217.194.0-255,2902,25021,10,108002
9904,0.001119,172.31.36.0-255,66,25087,10,108002
9905,0.001126,172.217.194.0-255,5738,30825,10,108002
9906,0.001129,172.31.36.0-255,66,30891,10,108002
9907,0.001141,172.31.36.0-255,66,30957,10,108002
9908,0.001179,172.217.194.0-255,7156,38113,10,108002
9909,0.001181,172.31.36.0-255,66,38179,10,108002
9910,0.001224,172.217.194.0-255,6438,44617,10,108002
9911,0.001226,172.31.36.0-255,66,44683,10,108002
9912,0.00172,172.217.194.0-255,365,45048,10,108002
9913,0.001728,172.31.36.0-255,66,45114,10,108002
9914,0.001758,172.217.194.0-255,1484,46598,10,108002
9915,0.001762,172.31.36.0-255,66,46664,10,108002
9916,0.001777,172.217.194.0-255,2902,49566,10,108002
9917,0.00178,172.31.36.0-255,66,49632,10,108002
9918,0.0018,172.217.194.0-255,5738,55370,10,108002
9919,0.001803,172.31.36.0-255,66,55436,10,108002
9920,0.001828,172.217.194.0-255,4320,59756,10,108002
9921,0.00183,172.31.36.0-255,66,59822,10,108002
9922,0.001847,172.217.194.0-255,4320,64142,10,108002
9923,0.00185,172.31.36.0-255,66,64208,10,108002
9924,0.001872,172.217.194.0-255,1484,65692,10,108002
9925,0.001885,172.217.194.0-255,2902,68594,10,108002
9926,0.001888,172.31.36.0-255,66,68660,10,108002
9927,0.001919,172.31.36.0-255,66,68726,10,108002
9928,0.004236,172.217.194.0-255,5738,74464,10,108002
9929,0.004242,172.31.36.0-255,66,74530,10,108002
9930,0.006553,172.217.194.0-255,4320,78850,10,108002
9931,0.006557,172.31.36.0-255,66,78916,10,108002
9932,0.006575,172.217.194.0-255,1484,80400,10,108002
9933,0.008856,172.217.194.0-255,4320,84720,10,108002
9934,0.008864,172.31.36.0-255,66,84786,10,108002
9935,0.011181,172.217.194.0-255,5738,90524,10,108002
9936,0.01119,172.31.36.0-255,66,90590,10,108002
9937,0.013493,172.217.194.0-255,5738,96328,10,108002
9938,0.013502,172.31.36.0-255,66,96394,10,108002
9939,0.015811,172.217.194.0-255,5738,102132,10,108002
9940,0.01582,172.31.36.0-255,66,102198,10,108002
9941,0.018147,172.217.194.0-255,5738,107936,10,108002
9942,0.018154,172.31.36.0-255,66,108002,10,108002
9943,0.0,172.217.194.0-255,155,155,10,206966
9944,2.5e-05,172.31.36.0-255,66,221,10,206966
9945,3e-05,172.217.194.0-255,1484,1705,10,206966
9946,3.4e-05,172.31.36.0-255,66,1771,10,206966
9947,3.8e-05,172.217.194.0-255,2902,4673,10,206966
9948,4e-05,172.31.36.0-255,66,4739,10,206966
9949,4.7e-05,172.217.194.0-255,7156,11895,10,206966
9950,4.9e-05,172.31.36.0-255,66,11961,10,206966
9951,8.8e-05,172.31.36.0-255,66,12027,10,206966
9952,9.9e-05,172.217.194.0-255,3428,15455,10,206966
9953,0.000101,172.31.36.0-255,66,15521,10,206966
9954,0.000105,172.217.194.0-255,2543,18064,10,206966
9955,0.000107,172.31.36.0-255,66,18130,10,206966
9956,0.000143,172.217.194.0-255,1484,19614,10,206966
9957,0.000145,172.31.36.0-255,66,19680,10,206966
9958,0.000149,172.217.194.0-255,1484,21164,10,206966
9959,0.000151,172.31.36.0-255,66,21230,10,206966
9960,0.000162,172.217.194.0-255,1484,22714,10,206966
9961,0.000164,172.31.36.0-255,66,22780,10,206966
9962,0.000169,172.217.194.0-255,2902,25682,10,206966
9963,0.000171,172.31.36.0-255,66,25748,10,206966
9964,0.00019,172.217.194.0-255,2902,28650,10,206966
9965,0.000192,172.31.36.0-255,66,28716,10,206966
9966,0.000199,172.217.194.0-255,6797,35513,10,206966
9967,0.000201,172.31.36.0-255,66,35579,10,206966
9968,0.000207,172.217.194.0-255,7156,42735,10,206966
9969,0.000209,172.31.36.0-255,66,42801,10,206966
9970,0.000242,172.217.194.0-255,1484,44285,10,206966
9971,0.000245,172.31.36.0-255,66,44351,10,206966
9972,0.000271,172.31.36.0-255,66,44417,10,206966
9973,0.000273,172.217.194.0-255,395,44812,10,206966
9974,0.000443,172.217.194.0-255,1484,46296,10,206966
9975,0.000448,172.217.194.0-255,1484,47780,10,206966
9976,0.000458,172.217.194.0-255,1484,49264,10,206966
9977,0.000477,172.217.194.0-255,4320,53584,10,206966
9978,0.000497,172.217.194.0-255,1484,55068,10,206966
9979,0.000505,172.217.194.0-255,7156,62224,10,206966
9980,0.000529,172.217.194.0-255,4320,66544,10,206966
9981,0.000534,172.217.194.0-255,2184,68728,10,206966
9982,0.001088,172.217.194.0-255,1484,70212,10,206966
9983,0.001095,172.217.194.0-255,2902,73114,10,206966
9984,0.001099,172.217.194.0-255,2902,76016,10,206966
9985,0.001115,172.217.194.0-255,2902,78918,10,206966
9986,0.001117,172.217.194.0-255,1484,80402,10,206966
9987,0.001149,172.217.194.0-255,1484,81886,10,206966
9988,0.001174,172.217.194.0-255,766,82652,10,206966
9989,0.001602,172.217.194.0-255,1484,84136,10,206966
9990,0.001605,172.217.194.0-255,1484,85620,10,206966
9991,0.001616,172.217.194.0-255,1484,87104,10,206966
9992,0.00162,172.217.194.0-255,2902,90006,10,206966
9993,0.001636,172.217.194.0-255,2902,92908,10,206966
9994,0.001652,172.217.194.0-255,7156,100064,10,206966
9995,0.001671,172.217.194.0-255,5738,105802,10,206966
9996,0.001745,172.217.194.0-255,2902,108704,10,206966
9997,0.00177,172.217.194.0-255,1484,110188,10,206966
9998,0.001772,172.217.194.0-255,1484,111672,10,206966
9999,0.001801,172.217.194.0-255,4320,115992,10,206966
10000,0.001813,172.217.194.0-255,2184,118176,10,206966
10001,0.00198,172.217.194.0-255,1484,119660,10,206966
10002,0.001985,172.217.194.0-255,2902,122562,10,206966
10003,0.002008,172.217.194.0-255,1484,124046,10,206966
10004,0.002023,172.217.194.0-255,1484,125530,10,206966
10005,0.002036,172.217.194.0-255,1484,127014,10,206966
10006,0.002057,172.217.194.0-255,2902,129916,10,206966
10007,0.002067,172.217.194.0-255,2902,132818,10,206966
10008,0.002109,172.217.194.0-255,5738,138556,10,206966
10009,0.002129,172.217.194.0-255,5020,143576,10,206966
10010,0.00218,172.217.194.0-255,1484,145060,10,206966
10011,0.00219,172.217.194.0-255,1484,146544,10,206966
10012,0.0022,172.217.194.0-255,1484,148028,10,206966
10013,0.002217,172.217.194.0-255,2902,150930,10,206966
10014,0.002235,172.217.194.0-255,2902,153832,10,206966
10015,0.002248,172.217.194.0-255,1484,155316,10,206966
10016,0.002257,172.217.194.0-255,1484,156800,10,206966
10017,0.002289,172.217.194.0-255,7156,163956,10,206966
10018,0.002305,172.217.194.0-255,3602,167558,10,206966
10019,0.003392,172.31.36.0-255,66,167624,10,206966
10020,0.005654,172.217.194.0-255,4320,171944,10,206966
10021,0.005661,172.31.36.0-255,66,172010,10,206966
10022,0.00568,172.217.194.0-255,1484,173494,10,206966
10023,0.007893,172.217.194.0-255,4320,177814,10,206966
10024,0.007899,172.31.36.0-255,66,177880,10,206966
10025,0.010166,172.217.194.0-255,1484,179364,10,206966
10026,0.010188,172.217.194.0-255,4320,183684,10,206966
10027,0.010193,172.31.36.0-255,66,183750,10,206966
10028,0.012461,172.217.194.0-255,5738,189488,10,206966
10029,0.012475,172.31.36.0-255,66,189554,10,206966
10030,0.014738,172.217.194.0-255,5738,195292,10,206966
10031,0.014745,172.31.36.0-255,66,195358,10,206966
10032,0.017,172.217.194.0-255,5738,201096,10,206966
10033,0.017008,172.31.36.0-255,66,201162,10,206966
10034,0.019294,172.217.194.0-255,5738,206900,10,206966
10035,0.019301,172.31.36.0-255,66,206966,10,206966
10036,0.0,172.217.194.0-255,146,146,10,175412
10037,3.5e-05,172.31.36.0-255,66,212,10,175412
10038,4.2e-05,172.217.194.0-255,1484,1696,10,175412
10039,4.7e-05,172.31.36.0-255,66,1762,10,175412
10040,5.3e-05,172.217.194.0-255,2902,4664,10,175412
10041,5.6e-05,172.31.36.0-255,66,4730,10,175412
10042,6.4e-05,172.217.194.0-255,7156,11886,10,175412
10043,6.7e-05,172.31.36.0-255,66,11952,10,175412
10044,7.1e-05,172.217.194.0-255,2083,14035,10,175412
10045,7.3e-05,172.31.36.0-255,66,14101,10,175412
10046,0.000229,172.217.194.0-255,1484,15585,10,175412
10047,0.000233,172.31.36.0-255,66,15651,10,175412
10048,0.000239,172.217.194.0-255,2902,18553,10,175412
10049,0.000242,172.31.36.0-255,66,18619,10,175412
10050,0.000249,172.217.194.0-255,5738,24357,10,175412
10051,0.000251,172.31.36.0-255,66,24423,10,175412
10052,0.000276,172.217.194.0-255,5738,30161,10,175412
10053,0.000279,172.31.36.0-255,66,30227,10,175412
10054,0.000299,172.217.194.0-255,1125,31352,10,175412
10055,0.000302,172.31.36.0-255,66,31418,10,175412
10056,0.000636,172.217.194.0-255,1484,32902,10,175412
10057,0.000641,172.31.36.0-255,66,32968,10,175412
10058,0.000651,172.217.194.0-255,2902,35870,10,175412
10059,0.000653,172.31.36.0-255,66,35936,10,175412
10060,0.00066,172.217.194.0-255,5738,41674,10,175412
10061,0.000663,172.31.36.0-255,66,41740,10,175412
10062,0.000669,172.217.194.0-255,5738,47478,10,175412
10063,0.000672,172.31.36.0-255,66,47544,10,175412
10064,0.000724,172.31.36.0-255,66,47610,10,175412
10065,0.000729,172.217.194.0-255,4251,51861,10,175412
10066,0.000732,172.31.36.0-255,66,51927,10,175412
10067,0.000872,172.217.194.0-255,365,52292,10,175412
10068,0.000962,172.217.194.0-255,1484,53776,10,175412
10069,0.000968,172.31.36.0-255,66,53842,10,175412
10070,0.000973,172.217.194.0-255,1484,55326,10,175412
10071,0.000991,172.217.194.0-255,1484,56810,10,175412
10072,0.000994,172.31.36.0-255,66,56876,10,175412
10073,0.001,172.217.194.0-255,5738,62614,10,175412
10074,0.001003,172.31.36.0-255,66,62680,10,175412
10075,0.00102,172.217.194.0-255,2902,65582,10,175412
10076,0.001023,172.31.36.0-255,66,65648,10,175412
10077,0.001054,172.31.36.0-255,66,65714,10,175412
10078,0.001058,172.217.194.0-255,1484,67198,10,175412
10079,0.001086,172.31.36.0-255,66,67264,10,175412
10080,0.001609,172.217.194.0-255,1484,68748,10,175412
10081,0.001617,172.217.194.0-255,1484,70232,10,175412
10082,0.001621,172.31.36.0-255,66,70298,10,175412
10083,0.001642,172.217.194.0-255,1484,71782,10,175412
10084,0.001648,172.217.194.0-255,5738,77520,10,175412
10085,0.00165,172.31.36.0-255,66,77586,10,175412
10086,0.001671,172.217.194.0-255,2902,80488,10,175412
10087,0.001673,172.31.36.0-255,66,80554,10,175412
10088,0.001713,172.31.36.0-255,66,80620,10,175412
10089,0.001724,172.31.36.0-255,66,80686,10,175412
10090,0.001726,172.217.194.0-255,766,81452,10,175412
10091,0.001759,172.217.194.0-255,1484,82936,10,175412
10092,0.001763,172.31.36.0-255,66,83002,10,175412
10093,0.001766,172.217.194.0-255,1484,84486,10,175412
10094,0.001783,172.217.194.0-255,2902,87388,10,175412
10095,0.001785,172.31.36.0-255,66,87454,10,175412
10096,0.001792,172.217.194.0-255,7156,94610,10,175412
10097,0.001794,172.31.36.0-255,66,94676,10,175412
10098,0.001797,172.217.194.0-255,1484,96160,10,175412
10099,0.001826,172.217.194.0-255,7156,103316,10,175412
10100,0.001828,172.31.36.0-255,66,103382,10,175412
10101,0.001844,172.217.194.0-255,5738,109120,10,175412
10102,0.001846,172.31.36.0-255,66,109186,10,175412
10103,0.001869,172.217.194.0-255,6438,115624,10,175412
10104,0.001872,172.31.36.0-255,66,115690,10,175412
10105,0.002412,172.217.194.0-255,1484,117174,10,175412
10106,0.002442,172.217.194.0-255,2902,120076,10,175412
10107,0.002445,172.31.36.0-255,66,120142,10,175412
10108,0.002451,172.217.194.0-255,5738,125880,10,175412
10109,0.002453,172.31.36.0-255,66,125946,10,175412
10110,0.002458,172.217.194.0-255,2902,128848,10,175412
10111,0.002459,172.31.36.0-255,66,128914,10,175412
10112,0.002498,172.31.36.0-255,66,128980,10,175412
10113,0.002504,172.217.194.0-255,5738,134718,10,175412
10114,0.002506,172.31.36.0-255,66,134784,10,175412
10115,0.00492,172.217.194.0-255,5738,140522,10,175412
10116,0.004925,172.31.36.0-255,66,140588,10,175412
10117,0.007317,172.217.194.0-255,5738,146326,10,175412
10118,0.007323,172.31.36.0-255,66,146392,10,175412
10119,0.009748,172.217.194.0-255,5738,152130,10,175412
10120,0.009756,172.31.36.0-255,66,152196,10,175412
10121,0.012154,172.217.194.0-255,5738,157934,10,175412
10122,0.012162,172.31.36.0-255,66,158000,10,175412
10123,0.014556,172.217.194.0-255,5738,163738,10,175412
10124,0.014564,172.31.36.0-255,66,163804,10,175412
10125,0.017019,172.217.194.0-255,5738,169542,10,175412
10126,0.017026,172.31.36.0-255,66,169608,10,175412
10127,0.019439,172.217.194.0-255,5738,175346,10,175412
10128,0.019445,172.31.36.0-255,66,175412,10,175412
10129,0.0,74.125.68.0-255,153,153,10,172693
10130,3.2e-05,172.31.36.0-255,66,219,10,172693
10131,4e-05,74.125.68.0-255,1484,1703,10,172693
10132,4.5e-05,172.31.36.0-255,66,1769,10,172693
10133,5e-05,74.125.68.0-255,2902,4671,10,172693
10134,5.3e-05,172.31.36.0-255,66,4737,10,172693
10135,5.6e-05,74.125.68.0-255,1484,6221,10,172693
10136,5.9e-05,172.31.36.0-255,66,6287,10,172693
10137,8.7e-05,74.125.68.0-255,1484,7771,10,172693
10138,8.9e-05,172.31.36.0-255,66,7837,10,172693
10139,9.4e-05,74.125.68.0-255,4320,12157,10,172693
10140,9.7e-05,172.31.36.0-255,66,12223,10,172693
10141,0.000101,74.125.68.0-255,1966,14189,10,172693
10142,0.000103,172.31.36.0-255,66,14255,10,172693
10143,0.000264,74.125.68.0-255,1484,15739,10,172693
10144,0.000269,172.31.36.0-255,66,15805,10,172693
10145,0.000273,74.125.68.0-255,1484,17289,10,172693
10146,0.000275,172.31.36.0-255,66,17355,10,172693
10147,0.000289,74.125.68.0-255,1484,18839,10,172693
10148,0.000292,172.31.36.0-255,66,18905,10,172693
10149,0.000313,74.125.68.0-255,2902,21807,10,172693
10150,0.000316,172.31.36.0-255,66,21873,10,172693
10151,0.000329,74.125.68.0-255,2902,24775,10,172693
10152,0.000332,172.31.36.0-255,66,24841,10,172693
10153,0.000352,74.125.68.0-255,2902,27743,10,172693
10154,0.000355,172.31.36.0-255,66,27809,10,172693
10155,0.000378,74.125.68.0-255,3961,31770,10,172693
10156,0.000381,172.31.36.0-255,66,31836,10,172693
10157,0.000409,74.125.68.0-255,1484,33320,10,172693
10158,0.000414,172.31.36.0-255,66,33386,10,172693
10159,0.000433,74.125.68.0-255,2902,36288,10,172693
10160,0.000436,172.31.36.0-255,66,36354,10,172693
10161,0.000442,74.125.68.0-255,2902,39256,10,172693
10162,0.000444,172.31.36.0-255,66,39322,10,172693
10163,0.000469,74.125.68.0-255,2902,42224,10,172693
10164,0.000472,172.31.36.0-255,66,42290,10,172693
10165,0.000475,74.125.68.0-255,1484,43774,10,172693
10166,0.000481,74.125.68.0-255,2902,46676,10,172693
10167,0.000483,172.31.36.0-255,66,46742,10,172693
10168,0.000503,74.125.68.0-255,2543,49285,10,172693
10169,0.000506,172.31.36.0-255,66,49351,10,172693
10170,0.000578,74.125.68.0-255,1484,50835,10,172693
10171,0.000601,74.125.68.0-255,2902,53737,10,172693
10172,0.000606,172.31.36.0-255,66,53803,10,172693
10173,0.00061,74.125.68.0-255,1484,55287,10,172693
10174,0.000626,74.125.68.0-255,2902,58189,10,172693
10175,0.00063,172.31.36.0-255,66,58255,10,172693
10176,0.000644,74.125.68.0-255,1484,59739,10,172693
10177,0.000659,74.125.68.0-255,4320,64059,10,172693
10178,0.000663,172.31.36.0-255,66,64125,10,172693
10179,0.000666,74.125.68.0-255,1484,65609,10,172693
10180,0.000698,74.125.68.0-255,1125,66734,10,172693
10181,0.000707,172.31.36.0-255,66,66800,10,172693
10182,0.000839,74.125.68.0-255,1484,68284,10,172693
10183,0.000862,74.125.68.0-255,2902,71186,10,172693
10184,0.000865,172.31.36.0-255,66,71252,10,172693
10185,0.000889,74.125.68.0-255,5738,76990,10,172693
10186,0.000892,172.31.36.0-255,66,77056,10,172693
10187,0.000918,74.125.68.0-255,1484,78540,10,172693
10188,0.000941,74.125.68.0-255,5960,84500,10,172693
10189,0.000944,172.31.36.0-255,66,84566,10,172693
10190,0.00102,74.125.68.0-255,1484,86050,10,172693
10191,0.001046,74.125.68.0-255,2902,88952,10,172693
10192,0.001049,172.31.36.0-255,66,89018,10,172693
10193,0.001075,74.125.68.0-255,5738,94756,10,172693
10194,0.001079,172.31.36.0-255,66,94822,10,172693
10195,0.001084,74.125.68.0-255,2902,97724,10,172693
10196,0.001085,172.31.36.0-255,66,97790,10,172693
10197,0.001109,74.125.68.0-255,2902,100692,10,172693
10198,0.001113,172.31.36.0-255,66,100758,10,172693
10199,0.00113,74.125.68.0-255,1125,101883,10,172693
10200,0.001365,172.31.36.0-255,66,101949,10,172693
10201,0.001834,74.125.68.0-255,1484,103433,10,172693
10202,0.001844,74.125.68.0-255,2902,106335,10,172693
10203,0.001848,172.31.36.0-255,66,106401,10,172693
10204,0.001854,74.125.68.0-255,2902,109303,10,172693
10205,0.001856,172.31.36.0-255,66,109369,10,172693
10206,0.001871,74.125.68.0-255,2902,112271,10,172693
10207,0.001875,172.31.36.0-255,66,112337,10,172693
10208,0.001894,74.125.68.0-255,4320,116657,10,172693
10209,0.001896,172.31.36.0-255,66,116723,10,172693
10210,0.001922,74.125.68.0-255,4320,121043,10,172693
10211,0.001924,172.31.36.0-255,66,121109,10,172693
10212,0.001936,172.31.36.0-255,66,121175,10,172693
10213,0.001942,74.125.68.0-255,5020,126195,10,172693
10214,0.001944,172.31.36.0-255,66,126261,10,172693
10215,0.003988,74.125.68.0-255,5738,131999,10,172693
10216,0.003996,172.31.36.0-255,66,132065,10,172693
10217,0.006037,74.125.68.0-255,5738,137803,10,172693
10218,0.006043,172.31.36.0-255,66,137869,10,172693
10219,0.008085,74.125.68.0-255,5738,143607,10,172693
10220,0.008093,172.31.36.0-255,66,143673,10,172693
10221,0.010172,74.125.68.0-255,5738,149411,10,172693
10222,0.010191,172.31.36.0-255,66,149477,10,172693
10223,0.012261,74.125.68.0-255,5738,155215,10,172693
10224,0.012278,172.31.36.0-255,66,155281,10,172693
10225,0.014345,74.125.68.0-255,5738,161019,10,172693
10226,0.014357,172.31.36.0-255,66,161085,10,172693
10227,0.016399,74.125.68.0-255,5738,166823,10,172693
10228,0.016413,172.31.36.0-255,66,166889,10,172693
10229,0.018509,74.125.68.0-255,5738,172627,10,172693
10230,0.018523,172.31.36.0-255,66,172693,10,172693
10231,0.0,74.125.200.0-255,153,153,10,191633
10232,2.6e-05,172.31.36.0-255,66,219,10,191633
10233,6.5e-05,74.125.200.0-255,1484,1703,10,191633
10234,7e-05,172.31.36.0-255,66,1769,10,191633
10235,7.4e-05,74.125.200.0-255,1484,3253,10,191633
10236,7.8e-05,172.31.36.0-255,66,3319,10,191633
10237,9.3e-05,74.125.200.0-255,2902,6221,10,191633
10238,9.7e-05,172.31.36.0-255,66,6287,10,191633
10239,0.000103,74.125.200.0-255,5738,12025,10,191633
10240,0.000106,172.31.36.0-255,66,12091,10,191633
10241,0.000124,74.125.200.0-255,1484,13575,10,191633
10242,0.000127,172.31.36.0-255,66,13641,10,191633
10243,0.000143,74.125.200.0-255,4936,18577,10,191633
10244,0.000146,172.31.36.0-255,66,18643,10,191633
10245,0.000152,74.125.200.0-255,5738,24381,10,191633
10246,0.000155,172.31.36.0-255,66,24447,10,191633
10247,0.00017,74.125.200.0-255,1484,25931,10,191633
10248,0.000173,172.31.36.0-255,66,25997,10,191633
10249,0.000177,74.125.200.0-255,1484,27481,10,191633
10250,0.000181,172.31.36.0-255,66,27547,10,191633
10251,0.000199,74.125.200.0-255,3961,31508,10,191633
10252,0.000202,172.31.36.0-255,66,31574,10,191633
10253,0.000294,74.125.200.0-255,1484,33058,10,191633
10254,0.000299,172.31.36.0-255,66,33124,10,191633
10255,0.00031,74.125.200.0-255,2902,36026,10,191633
10256,0.000313,172.31.36.0-255,66,36092,10,191633
10257,0.000316,74.125.200.0-255,1484,37576,10,191633
10258,0.00032,172.31.36.0-255,66,37642,10,191633
10259,0.000344,74.125.200.0-255,4320,41962,10,191633
10260,0.000348,172.31.36.0-255,66,42028,10,191633
10261,0.000352,74.125.200.0-255,2902,44930,10,191633
10262,0.000354,172.31.36.0-255,66,44996,10,191633
10263,0.000392,74.125.200.0-255,3961,48957,10,191633
10264,0.000396,172.31.36.0-255,66,49023,10,191633
10265,0.000619,74.125.200.0-255,1484,50507,10,191633
10266,0.000637,74.125.200.0-255,2902,53409,10,191633
10267,0.000642,172.31.36.0-255,66,53475,10,191633
10268,0.000648,74.125.200.0-255,4320,57795,10,191633
10269,0.00065,172.31.36.0-255,66,57861,10,191633
10270,0.000698,172.31.36.0-255,66,57927,10,191633
10271,0.000778,74.125.200.0-255,1484,59411,10,191633
10272,0.000783,74.125.200.0-255,2902,62313,10,191633
10273,0.000785,172.31.36.0-255,66,62379,10,191633
10274,0.000799,74.125.200.0-255,1484,63863,10,191633
10275,0.000803,74.125.200.0-255,2902,66765,10,191633
10276,0.000805,172.31.36.0-255,66,66831,10,191633
10277,0.000829,74.125.200.0-255,5738,72569,10,191633
10278,0.000832,172.31.36.0-255,66,72635,10,191633
10279,0.000849,74.125.200.0-255,3961,76596,10,191633
10280,0.000854,172.31.36.0-255,66,76662,10,191633
10281,0.000878,74.125.200.0-255,4320,80982,10,191633
10282,0.000881,172.31.36.0-255,66,81048,10,191633
10283,0.000893,172.31.36.0-255,66,81114,10,191633
10284,0.000895,74.125.200.0-255,1125,82239,10,191633
10285,0.001104,172.31.36.0-255,66,82305,10,191633
10286,0.001482,74.125.200.0-255,1484,83789,10,191633
10287,0.001493,74.125.200.0-255,2902,86691,10,191633
10288,0.001497,172.31.36.0-255,66,86757,10,191633
10289,0.001502,74.125.200.0-255,1484,88241,10,191633
10290,0.001505,74.125.200.0-255,1484,89725,10,191633
10291,0.001507,172.31.36.0-255,66,89791,10,191633
10292,0.001526,74.125.200.0-255,1484,91275,10,191633
10293,0.001547,74.125.200.0-255,5738,97013,10,191633
10294,0.00155,172.31.36.0-255,66,97079,10,191633
10295,0.001556,74.125.200.0-255,4320,101399,10,191633
10296,0.001559,172.31.36.0-255,66,101465,10,191633
10297,0.001561,74.125.200.0-255,1484,102949,10,191633
10298,0.001588,74.125.200.0-255,4320,107269,10,191633
10299,0.001591,172.31.36.0-255,66,107335,10,191633
10300,0.001635,74.125.200.0-255,2902,110237,10,191633
10301,0.001639,172.31.36.0-255,66,110303,10,191633
10302,0.001662,74.125.200.0-255,6438,116741,10,191633
10303,0.001665,172.31.36.0-255,66,116807,10,191633
10304,0.001892,74.125.200.0-255,1484,118291,10,191633
10305,0.001897,74.125.200.0-255,1484,119775,10,191633
10306,0.001901,172.31.36.0-255,66,119841,10,191633
10307,0.001918,74.125.200.0-255,1484,121325,10,191633
10308,0.001921,74.125.200.0-255,1484,122809,10,191633
10309,0.001923,172.31.36.0-255,66,122875,10,191633
10310,0.001927,74.125.200.0-255,2902,125777,10,191633
10311,0.001929,172.31.36.0-255,66,125843,10,191633
10312,0.001945,74.125.200.0-255,5738,131581,10,191633
10313,0.001947,172.31.36.0-255,66,131647,10,191633
10314,0.001969,74.125.200.0-255,5738,137385,10,191633
10315,0.001973,172.31.36.0-255,66,137451,10,191633
10316,0.001982,74.125.200.0-255,4320,141771,10,191633
10317,0.001984,172.31.36.0-255,66,141837,10,191633
10318,0.001997,74.125.200.0-255,1484,143321,10,191633
10319,0.002032,172.31.36.0-255,66,143387,10,191633
10320,0.002567,74.125.200.0-255,1484,144871,10,191633
10321,0.002595,74.125.200.0-255,1484,146355,10,191633
10322,0.0026,172.31.36.0-255,66,146421,10,191633
10323,0.002609,74.125.200.0-255,1484,147905,10,191633
10324,0.002623,74.125.200.0-255,2902,150807,10,191633
10325,0.002625,172.31.36.0-255,66,150873,10,191633
10326,0.002628,74.125.200.0-255,1484,152357,10,191633
10327,0.002644,74.125.200.0-255,4320,156677,10,191633
10328,0.002646,172.31.36.0-255,66,156743,10,191633
10329,0.005225,74.125.200.0-255,5738,162481,10,191633
10330,0.00523,172.31.36.0-255,66,162547,10,191633
10331,0.007849,74.125.200.0-255,1484,164031,10,191633
10332,0.007878,74.125.200.0-255,4320,168351,10,191633
10333,0.007883,172.31.36.0-255,66,168417,10,191633
10334,0.01047,74.125.200.0-255,5738,174155,10,191633
10335,0.01048,172.31.36.0-255,66,174221,10,191633
10336,0.013065,74.125.200.0-255,5738,179959,10,191633
10337,0.013074,172.31.36.0-255,66,180025,10,191633
10338,0.015659,74.125.200.0-255,5738,185763,10,191633
10339,0.015668,172.31.36.0-255,66,185829,10,191633
10340,0.018251,74.125.200.0-255,5738,191567,10,191633
10341,0.018258,172.31.36.0-255,66,191633,10,191633
10342,0.0,74.125.68.0-255,153,153,10,141135
10343,1.6e-05,172.31.36.0-255,66,219,10,141135
10344,2.3e-05,74.125.68.0-255,1484,1703,10,141135
10345,2.7e-05,172.31.36.0-255,66,1769,10,141135
10346,5.5e-05,74.125.68.0-255,1484,3253,10,141135
10347,5.8e-05,172.31.36.0-255,66,3319,10,141135
10348,6.4e-05,74.125.68.0-255,2902,6221,10,141135
10349,6.8e-05,172.31.36.0-255,66,6287,10,141135
10350,7.5e-05,74.125.68.0-255,5738,12025,10,141135
10351,7.8e-05,172.31.36.0-255,66,12091,10,141135
10352,8.2e-05,74.125.68.0-255,2029,14120,10,141135
10353,8.5e-05,172.31.36.0-255,66,14186,10,141135
10354,8.8e-05,74.125.68.0-255,1484,15670,10,141135
10355,9.1e-05,172.31.36.0-255,66,15736,10,141135
10356,0.000132,74.125.68.0-255,1484,17220,10,141135
10357,0.000135,172.31.36.0-255,66,17286,10,141135
10358,0.000143,74.125.68.0-255,7156,24442,10,141135
10359,0.000145,172.31.36.0-255,66,24508,10,141135
10360,0.000148,74.125.68.0-255,1484,25992,10,141135
10361,0.00015,172.31.36.0-255,66,26058,10,141135
10362,0.000173,74.125.68.0-255,2902,28960,10,141135
10363,0.000176,172.31.36.0-255,66,29026,10,141135
10364,0.000204,74.125.68.0-255,2543,31569,10,141135
10365,0.000207,172.31.36.0-255,66,31635,10,141135
10366,0.00038,74.125.68.0-255,1484,33119,10,141135
10367,0.000385,172.31.36.0-255,66,33185,10,141135
10368,0.000391,74.125.68.0-255,2902,36087,10,141135
10369,0.000394,172.31.36.0-255,66,36153,10,141135
10370,0.000422,74.125.68.0-255,5738,41891,10,141135
10371,0.000425,172.31.36.0-255,66,41957,10,141135
10372,0.000472,74.125.68.0-255,5738,47695,10,141135
10373,0.000476,172.31.36.0-255,66,47761,10,141135
10374,0.000499,74.125.68.0-255,1125,48886,10,141135
10375,0.000664,74.125.68.0-255,1484,50370,10,141135
10376,0.000679,172.31.36.0-255,66,50436,10,141135
10377,0.000717,74.125.68.0-255,1484,51920,10,141135
10378,0.000732,74.125.68.0-255,2902,54822,10,141135
10379,0.000735,172.31.36.0-255,66,54888,10,141135
10380,0.000744,74.125.68.0-255,5738,60626,10,141135
10381,0.000747,74.125.68.0-255,1484,62110,10,141135
10382,0.000765,172.31.36.0-255,66,62176,10,141135
10383,0.000772,74.125.68.0-255,3961,66137,10,141135
10384,0.000782,172.31.36.0-255,66,66203,10,141135
10385,0.000935,74.125.68.0-255,1484,67687,10,141135
10386,0.000962,74.125.68.0-255,2902,70589,10,141135
10387,0.000965,74.125.68.0-255,1484,72073,10,141135
10388,0.000983,172.31.36.0-255,66,72139,10,141135
10389,0.00099,74.125.68.0-255,4320,76459,10,141135
10390,0.000996,74.125.68.0-255,5738,82197,10,141135
10391,0.001014,172.31.36.0-255,66,82263,10,141135
10392,0.001025,74.125.68.0-255,2902,85165,10,141135
10393,0.001045,74.125.68.0-255,3961,89126,10,141135
10394,0.001049,74.125.68.0-255,2902,92028,10,141135
10395,0.001067,74.125.68.0-255,7156,99184,10,141135
10396,0.001078,172.31.36.0-255,66,99250,10,141135
10397,0.001107,74.125.68.0-255,1125,100375,10,141135
10398,0.001515,172.31.36.0-255,66,100441,10,141135
10399,0.003286,74.125.68.0-255,4320,104761,10,141135
10400,0.003724,74.125.68.0-255,1484,106245,10,141135
10401,0.005738,172.31.36.0-255,66,106311,10,141135
10402,0.007969,74.125.68.0-255,5738,112049,10,141135
10403,0.008014,172.31.36.0-255,66,112115,10,141135
10404,0.010238,74.125.68.0-255,5738,117853,10,141135
10405,0.010248,172.31.36.0-255,66,117919,10,141135
10406,0.012471,74.125.68.0-255,5738,123657,10,141135
10407,0.012481,172.31.36.0-255,66,123723,10,141135
10408,0.014713,74.125.68.0-255,5738,129461,10,141135
10409,0.014722,172.31.36.0-255,66,129527,10,141135
10410,0.016948,74.125.68.0-255,5738,135265,10,141135
10411,0.016957,172.31.36.0-255,66,135331,10,141135
10412,0.019172,74.125.68.0-255,5738,141069,10,141135
10413,0.019179,172.31.36.0-255,66,141135,10,141135
10414,0.0,74.125.68.0-255,296,296,10,305170
10415,1.6e-05,172.31.36.0-255,66,362,10,305170
10416,2.1e-05,74.125.68.0-255,1484,1846,10,305170
10417,2.5e-05,172.31.36.0-255,66,1912,10,305170
10418,4.3e-05,74.125.68.0-255,1484,3396,10,305170
10419,4.6e-05,172.31.36.0-255,66,3462,10,305170
10420,6.6e-05,74.125.68.0-255,2902,6364,10,305170
10421,6.9e-05,172.31.36.0-255,66,6430,10,305170
10422,7.7e-05,74.125.68.0-255,5738,12168,10,305170
10423,7.9e-05,172.31.36.0-255,66,12234,10,305170
10424,0.000105,74.125.68.0-255,4320,16554,10,305170
10425,0.000108,172.31.36.0-255,66,16620,10,305170
10426,0.000136,74.125.68.0-255,4686,21306,10,305170
10427,0.000138,172.31.36.0-255,66,21372,10,305170
10428,0.000151,172.31.36.0-255,66,21438,10,305170
10429,0.00023,74.125.68.0-255,1484,22922,10,305170
10430,0.000234,172.31.36.0-255,66,22988,10,305170
10431,0.000242,74.125.68.0-255,2902,25890,10,305170
10432,0.000244,172.31.36.0-255,66,25956,10,305170
10433,0.000264,74.125.68.0-255,1484,27440,10,305170
10434,0.000266,172.31.36.0-255,66,27506,10,305170
10435,0.000271,74.125.68.0-255,2902,30408,10,305170
10436,0.000274,172.31.36.0-255,66,30474,10,305170
10437,0.000281,74.125.68.0-255,5738,36212,10,305170
10438,0.000283,172.31.36.0-255,66,36278,10,305170
10439,0.000309,74.125.68.0-255,3961,40239,10,305170
10440,0.000312,172.31.36.0-255,66,40305,10,305170
10441,0.000318,74.125.68.0-255,4320,44625,10,305170
10442,0.00032,172.31.36.0-255,66,44691,10,305170
10443,0.000359,172.31.36.0-255,66,44757,10,305170
10444,0.000362,74.125.68.0-255,1434,46191,10,305170
10445,0.000398,74.125.68.0-255,111,46302,10,305170
10446,0.000482,74.125.68.0-255,1484,47786,10,305170
10447,0.000486,172.31.36.0-255,66,47852,10,305170
10448,0.000507,74.125.68.0-255,2902,50754,10,305170
10449,0.00051,172.31.36.0-255,66,50820,10,305170
10450,0.000516,74.125.68.0-255,4320,55140,10,305170
10451,0.000519,172.31.36.0-255,66,55206,10,305170
10452,0.000534,74.125.68.0-255,1484,56690,10,305170
10453,0.000559,74.125.68.0-255,7156,63846,10,305170
10454,0.000562,172.31.36.0-255,66,63912,10,305170
10455,0.000569,74.125.68.0-255,7156,71068,10,305170
10456,0.000572,172.31.36.0-255,66,71134,10,305170
10457,0.000576,74.125.68.0-255,1484,72618,10,305170
10458,0.000608,74.125.68.0-255,7156,79774,10,305170
10459,0.000612,172.31.36.0-255,66,79840,10,305170
10460,0.000615,74.125.68.0-255,766,80606,10,305170
10461,0.000669,74.125.68.0-255,1484,82090,10,305170
10462,0.000673,172.31.36.0-255,66,82156,10,305170
10463,0.000696,74.125.68.0-255,2902,85058,10,305170
10464,0.000699,172.31.36.0-255,66,85124,10,305170
10465,0.000706,74.125.68.0-255,4320,89444,10,305170
10466,0.000708,172.31.36.0-255,66,89510,10,305170
10467,0.000725,74.125.68.0-255,1484,90994,10,305170
10468,0.000733,74.125.68.0-255,7156,98150,10,305170
10469,0.000736,172.31.36.0-255,66,98216,10,305170
10470,0.000758,74.125.68.0-255,2902,101118,10,305170
10471,0.000761,172.31.36.0-255,66,101184,10,305170
10472,0.000785,172.31.36.0-255,66,101250,10,305170
10473,0.000814,74.125.68.0-255,3288,104538,10,305170
10474,0.000817,172.31.36.0-255,66,104604,10,305170
10475,0.000884,74.125.68.0-255,1484,106088,10,305170
10476,0.000899,74.125.68.0-255,2902,108990,10,305170
10477,0.000903,172.31.36.0-255,66,109056,10,305170
10478,0.000906,74.125.68.0-255,1484,110540,10,305170
10479,0.000923,74.125.68.0-255,2902,113442,10,305170
10480,0.000926,172.31.36.0-255,66,113508,10,305170
10481,0.00093,74.125.68.0-255,2902,116410,10,305170
10482,0.000932,172.31.36.0-255,66,116476,10,305170
10483,0.000947,74.125.68.0-255,2902,119378,10,305170
10484,0.000949,172.31.36.0-255,66,119444,10,305170
10485,0.000967,74.125.68.0-255,4320,123764,10,305170
10486,0.000969,172.31.36.0-255,66,123830,10,305170
10487,0.000988,74.125.68.0-255,5738,129568,10,305170
10488,0.000992,172.31.36.0-255,66,129634,10,305170
10489,0.001017,74.125.68.0-255,2902,132536,10,305170
10490,0.00102,172.31.36.0-255,66,132602,10,305170
10491,0.001044,74.125.68.0-255,6438,139040,10,305170
10492,0.001047,172.31.36.0-255,66,139106,10,305170
10493,0.001077,74.125.68.0-255,1484,140590,10,305170
10494,0.001081,74.125.68.0-255,1484,142074,10,305170
10495,0.001084,172.31.36.0-255,66,142140,10,305170
10496,0.001102,74.125.68.0-255,1484,143624,10,305170
10497,0.001109,74.125.68.0-255,5738,149362,10,305170
10498,0.001112,172.31.36.0-255,66,149428,10,305170
10499,0.001116,74.125.68.0-255,2902,152330,10,305170
10500,0.001118,172.31.36.0-255,66,152396,10,305170
10501,0.001148,74.125.68.0-255,4320,156716,10,305170
10502,0.001152,172.31.36.0-255,66,156782,10,305170
10503,0.001163,172.31.36.0-255,66,156848,10,305170
10504,0.00117,74.125.68.0-255,5738,162586,10,305170
10505,0.001172,172.31.36.0-255,66,162652,10,305170
10506,0.001205,74.125.68.0-255,4320,166972,10,305170
10507,0.001209,172.31.36.0-255,66,167038,10,305170
10508,0.001229,74.125.68.0-255,2184,169222,10,305170
10509,0.001232,172.31.36.0-255,66,169288,10,305170
10510,0.00124,74.125.68.0-255,5738,175026,10,305170
10511,0.001242,172.31.36.0-255,66,175092,10,305170
10512,0.001249,74.125.68.0-255,7156,182248,10,305170
10513,0.001251,172.31.36.0-255,66,182314,10,305170
10514,0.001275,74.125.68.0-255,2902,185216,10,305170
10515,0.001278,172.31.36.0-255,66,185282,10,305170
10516,0.00131,172.31.36.0-255,66,185348,10,305170
10517,0.001327,74.125.68.0-255,1484,186832,10,305170
10518,0.00134,74.125.68.0-255,766,187598,10,305170
10519,0.001343,172.31.36.0-255,66,187664,10,305170
10520,0.001423,74.125.68.0-255,1484,189148,10,305170
10521,0.001436,74.125.68.0-255,2902,192050,10,305170
10522,0.00144,172.31.36.0-255,66,192116,10,305170
10523,0.001444,74.125.68.0-255,1484,193600,10,305170
10524,0.001465,74.125.68.0-255,4320,197920,10,305170
10525,0.001505,74.125.68.0-255,2902,200822,10,305170
10526,0.001509,172.31.36.0-255,66,200888,10,305170
10527,0.001512,172.31.36.0-255,66,200954,10,305170
10528,0.001537,74.125.68.0-255,2902,203856,10,305170
10529,0.001539,172.31.36.0-255,66,203922,10,305170
10530,0.001547,74.125.68.0-255,7156,211078,10,305170
10531,0.00155,172.31.36.0-255,66,211144,10,305170
10532,0.001562,172.31.36.0-255,66,211210,10,305170
10533,0.001678,74.125.68.0-255,1484,212694,10,305170
10534,0.001682,74.125.68.0-255,1484,214178,10,305170
10535,0.001687,172.31.36.0-255,66,214244,10,305170
10536,0.001696,74.125.68.0-255,1484,215728,10,305170
10537,0.001699,74.125.68.0-255,1484,217212,10,305170
10538,0.001701,172.31.36.0-255,66,217278,10,305170
10539,0.001717,74.125.68.0-255,4320,221598,10,305170
10540,0.001719,172.31.36.0-255,66,221664,10,305170
10541,0.001723,74.125.68.0-255,1484,223148,10,305170
10542,0.001752,74.125.68.0-255,4320,227468,10,305170
10543,0.001755,172.31.36.0-255,66,227534,10,305170
10544,0.001763,74.125.68.0-255,7156,234690,10,305170
10545,0.001765,172.31.36.0-255,66,234756,10,305170
10546,0.001798,172.31.36.0-255,66,234822,10,305170
10547,0.001817,74.125.68.0-255,766,235588,10,305170
10548,0.001847,74.125.68.0-255,1484,237072,10,305170
10549,0.00185,172.31.36.0-255,66,237138,10,305170
10550,0.001853,74.125.68.0-255,1484,238622,10,305170
10551,0.001875,74.125.68.0-255,2902,241524,10,305170
10552,0.001879,172.31.36.0-255,66,241590,10,305170
10553,0.001882,74.125.68.0-255,1484,243074,10,305170
10554,0.001886,74.125.68.0-255,2902,245976,10,305170
10555,0.001889,172.31.36.0-255,66,246042,10,305170
10556,0.001902,74.125.68.0-255,4320,250362,10,305170
10557,0.001905,172.31.36.0-255,66,250428,10,305170
10558,0.001926,74.125.68.0-255,1484,251912,10,305170
10559,0.001939,74.125.68.0-255,2902,254814,10,305170
10560,0.001943,172.31.36.0-255,66,254880,10,305170
10561,0.001972,172.31.36.0-255,66,254946,10,305170
10562,0.001976,74.125.68.0-255,2902,257848,10,305170
10563,0.001979,172.31.36.0-255,66,257914,10,305170
10564,0.002001,172.31.36.0-255,66,257980,10,305170
10565,0.002021,74.125.68.0-255,2184,260164,10,305170
10566,0.002023,172.31.36.0-255,66,260230,10,305170
10567,0.002034,172.31.36.0-255,66,260296,10,305170
10568,0.002069,74.125.68.0-255,7156,267452,10,305170
10569,0.002072,172.31.36.0-255,66,267518,10,305170
10570,0.002078,74.125.68.0-255,5738,273256,10,305170
10571,0.002081,172.31.36.0-255,66,273322,10,305170
10572,0.002085,74.125.68.0-255,2184,275506,10,305170
10573,0.002087,172.31.36.0-255,66,275572,10,305170
10574,0.002113,74.125.68.0-255,2902,278474,10,305170
10575,0.002117,172.31.36.0-255,66,278540,10,305170
10576,0.00212,74.125.68.0-255,1484,280024,10,305170
10577,0.002135,74.125.68.0-255,2902,282926,10,305170
10578,0.002138,172.31.36.0-255,66,282992,10,305170
10579,0.002171,74.125.68.0-255,5738,288730,10,305170
10580,0.002174,172.31.36.0-255,66,288796,10,305170
10581,0.002178,74.125.68.0-255,1484,290280,10,305170
10582,0.002204,172.31.36.0-255,66,290346,10,305170
10583,0.002232,74.125.68.0-255,1484,291830,10,305170
10584,0.002264,172.31.36.0-255,66,291896,10,305170
10585,0.004525,74.125.68.0-255,5738,297634,10,305170
10586,0.004533,172.31.36.0-255,66,297700,10,305170
10587,0.006789,74.125.68.0-255,5738,303438,10,305170
10588,0.006797,172.31.36.0-255,66,303504,10,305170
10589,0.009035,74.125.68.0-255,1429,304933,10,305170
10590,0.011,172.31.36.0-255,66,304999,10,305170
10591,0.011042,172.31.36.0-255,105,305104,10,305170
10592,0.013262,74.125.68.0-255,66,305170,10,305170
10593,0.0,172.217.194.0-255,152,152,10,155010
10594,3.1e-05,172.31.36.0-255,66,218,10,155010
10595,3.8e-05,172.217.194.0-255,1484,1702,10,155010
10596,4.3e-05,172.31.36.0-255,66,1768,10,155010
10597,4.6e-05,172.217.194.0-255,1484,3252,10,155010
10598,4.9e-05,172.31.36.0-255,66,3318,10,155010
10599,5.5e-05,172.217.194.0-255,2902,6220,10,155010
10600,5.8e-05,172.31.36.0-255,66,6286,10,155010
10601,6.4e-05,172.217.194.0-255,5738,12024,10,155010
10602,6.7e-05,172.31.36.0-255,66,12090,10,155010
10603,0.000116,172.31.36.0-255,66,12156,10,155010
10604,0.000122,172.217.194.0-255,5379,17535,10,155010
10605,0.000125,172.31.36.0-255,66,17601,10,155010
10606,0.00017,172.217.194.0-255,1484,19085,10,155010
10607,0.000173,172.31.36.0-255,66,19151,10,155010
10608,0.00018,172.217.194.0-255,2902,22053,10,155010
10609,0.000184,172.31.36.0-255,66,22119,10,155010
10610,0.00019,172.217.194.0-255,5738,27857,10,155010
10611,0.000192,172.31.36.0-255,66,27923,10,155010
10612,0.000195,172.217.194.0-255,1484,29407,10,155010
10613,0.000197,172.31.36.0-255,66,29473,10,155010
10614,0.000226,172.217.194.0-255,7156,36629,10,155010
10615,0.000229,172.31.36.0-255,66,36695,10,155010
10616,0.000259,172.217.194.0-255,5738,42433,10,155010
10617,0.000262,172.31.36.0-255,66,42499,10,155010
10618,0.000291,172.31.36.0-255,66,42565,10,155010
10619,0.000293,172.217.194.0-255,362,42927,10,155010
10620,0.000295,172.31.36.0-255,66,42993,10,155010
10621,0.000335,172.217.194.0-255,1484,44477,10,155010
10622,0.000339,172.31.36.0-255,66,44543,10,155010
10623,0.000345,172.217.194.0-255,4320,48863,10,155010
10624,0.000348,172.31.36.0-255,66,48929,10,155010
10625,0.000351,172.217.194.0-255,1484,50413,10,155010
10626,0.000382,172.217.194.0-255,5738,56151,10,155010
10627,0.000387,172.31.36.0-255,66,56217,10,155010
10628,0.000393,172.31.36.0-255,66,56283,10,155010
10629,0.000403,172.217.194.0-255,1484,57767,10,155010
10630,0.00044,172.31.36.0-255,66,57833,10,155010
10631,0.000707,172.217.194.0-255,1484,59317,10,155010
10632,0.000713,172.217.194.0-255,2902,62219,10,155010
10633,0.000718,172.31.36.0-255,66,62285,10,155010
10634,0.000738,172.217.194.0-255,5738,68023,10,155010
10635,0.000741,172.31.36.0-255,66,68089,10,155010
10636,0.000746,172.217.194.0-255,2902,70991,10,155010
10637,0.000749,172.31.36.0-255,66,71057,10,155010
10638,0.000792,172.31.36.0-255,66,71123,10,155010
10639,0.000803,172.31.36.0-255,66,71189,10,155010
10640,0.000807,172.217.194.0-255,2184,73373,10,155010
10641,0.00081,172.31.36.0-255,66,73439,10,155010
10642,0.00086,172.217.194.0-255,1484,74923,10,155010
10643,0.000877,172.217.194.0-255,2902,77825,10,155010
10644,0.000881,172.31.36.0-255,66,77891,10,155010
10645,0.000888,172.217.194.0-255,5738,83629,10,155010
10646,0.000902,172.31.36.0-255,66,83695,10,155010
10647,0.000917,172.31.36.0-255,66,83761,10,155010
10648,0.000924,172.217.194.0-255,4320,88081,10,155010
10649,0.000934,172.31.36.0-255,66,88147,10,155010
10650,0.000938,172.31.36.0-255,66,88213,10,155010
10651,0.000966,172.217.194.0-255,2184,90397,10,155010
10652,0.000972,172.31.36.0-255,66,90463,10,155010
10653,0.00122,172.217.194.0-255,1484,91947,10,155010
10654,0.001226,172.217.194.0-255,2902,94849,10,155010
10655,0.001229,172.31.36.0-255,66,94915,10,155010
10656,0.001236,172.217.194.0-255,5738,100653,10,155010
10657,0.001238,172.31.36.0-255,66,100719,10,155010
10658,0.001281,172.217.194.0-255,5738,106457,10,155010
10659,0.001285,172.31.36.0-255,66,106523,10,155010
10660,0.001297,172.217.194.0-255,2902,109425,10,155010
10661,0.001302,172.31.36.0-255,66,109491,10,155010
10662,0.00131,172.217.194.0-255,2184,111675,10,155010
10663,0.001312,172.31.36.0-255,66,111741,10,155010
10664,0.001447,172.217.194.0-255,1484,113225,10,155010
10665,0.001451,172.217.194.0-255,1484,114709,10,155010
10666,0.001454,172.31.36.0-255,66,114775,10,155010
10667,0.001474,172.217.194.0-255,1484,116259,10,155010
10668,0.001481,172.217.194.0-255,5738,121997,10,155010
10669,0.001483,172.31.36.0-255,66,122063,10,155010
10670,0.00149,172.217.194.0-255,5738,127801,10,155010
10671,0.001492,172.31.36.0-255,66,127867,10,155010
10672,0.00151,172.217.194.0-255,7156,135023,10,155010
10673,0.001513,172.31.36.0-255,66,135089,10,155010
10674,0.001537,172.217.194.0-255,5738,140827,10,155010
10675,0.001542,172.31.36.0-255,66,140893,10,155010
10676,0.001559,172.217.194.0-255,4320,145213,10,155010
10677,0.00156,172.31.36.0-255,66,145279,10,155010
10678,0.001565,172.31.36.0-255,66,145345,10,155010
10679,0.00161,172.31.36.0-255,66,145411,10,155010
10680,0.001623,172.31.36.0-255,66,145477,10,155010
10681,0.001695,172.31.36.0-255,66,145543,10,155010
10682,0.001713,172.31.36.0-255,66,145609,10,155010
10683,0.001727,172.31.36.0-255,66,145675,10,155010
10684,0.001737,172.217.194.0-255,1484,147159,10,155010
10685,0.001766,172.31.36.0-255,66,147225,10,155010
10686,0.001807,172.31.36.0-255,66,147291,10,155010
10687,0.001828,172.31.36.0-255,66,147357,10,155010
10688,0.001845,172.31.36.0-255,66,147423,10,155010
10689,0.001876,172.217.194.0-255,3602,151025,10,155010
10690,0.001881,172.31.36.0-255,66,151091,10,155010
10691,0.001896,172.217.194.0-255,3511,154602,10,155010
10692,0.001897,172.31.36.0-255,66,154668,10,155010
10693,0.001899,172.217.194.0-255,105,154773,10,155010
10694,0.001909,172.31.36.0-255,66,154839,10,155010
10695,0.003662,172.31.36.0-255,105,154944,10,155010
10696,0.005918,172.217.194.0-255,66,155010,10,155010
10697,0.0,172.217.194.0-255,153,153,10,149042
10698,2.7e-05,172.31.36.0-255,66,219,10,149042
10699,3.3e-05,172.217.194.0-255,1484,1703,10,149042
10700,3.8e-05,172.31.36.0-255,66,1769,10,149042
10701,4.2e-05,172.217.194.0-255,2902,4671,10,149042
10702,5.4e-05,172.31.36.0-255,66,4737,10,149042
10703,6.1e-05,172.217.194.0-255,7156,11893,10,149042
10704,6.4e-05,172.31.36.0-255,66,11959,10,149042
10705,7.1e-05,172.217.194.0-255,5738,17697,10,149042
10706,7.3e-05,172.31.36.0-255,66,17763,10,149042
10707,0.000103,172.217.194.0-255,1974,19737,10,149042
10708,0.000107,172.31.36.0-255,66,19803,10,149042
10709,0.000119,172.31.36.0-255,66,19869,10,149042
10710,0.000173,172.217.194.0-255,1484,21353,10,149042
10711,0.000177,172.31.36.0-255,66,21419,10,149042
10712,0.000209,172.217.194.0-255,2902,24321,10,149042
10713,0.000213,172.31.36.0-255,66,24387,10,149042
10714,0.00022,172.217.194.0-255,5738,30125,10,149042
10715,0.000223,172.31.36.0-255,66,30191,10,149042
10716,0.000275,172.31.36.0-255,66,30257,10,149042
10717,0.000288,172.31.36.0-255,66,30323,10,149042
10718,0.00029,172.217.194.0-255,379,30702,10,149042
10719,0.000293,172.31.36.0-255,66,30768,10,149042
10720,0.00055,172.217.194.0-255,364,31132,10,149042
10721,0.000557,172.31.36.0-255,66,31198,10,149042
10722,0.000624,172.217.194.0-255,1484,32682,10,149042
10723,0.000628,172.31.36.0-255,66,32748,10,149042
10724,0.000635,172.217.194.0-255,2902,35650,10,149042
10725,0.000637,172.31.36.0-255,66,35716,10,149042
10726,0.00065,172.217.194.0-255,5738,41454,10,149042
10727,0.000656,172.217.194.0-255,4320,45774,10,149042
10728,0.000656,172.31.36.0-255,66,45840,10,149042
10729,0.000662,172.31.36.0-255,66,45906,10,149042
10730,0.000691,172.217.194.0-255,2543,48449,10,149042
10731,0.000696,172.31.36.0-255,66,48515,10,149042
10732,0.000792,172.217.194.0-255,1484,49999,10,149042
10733,0.000799,172.217.194.0-255,2902,52901,10,149042
10734,0.000811,172.31.36.0-255,66,52967,10,149042
10735,0.000831,172.217.194.0-255,5738,58705,10,149042
10736,0.000843,172.31.36.0-255,66,58771,10,149042
10737,0.000878,172.217.194.0-255,6797,65568,10,149042
10738,0.000885,172.31.36.0-255,66,65634,10,149042
10739,0.001092,172.217.194.0-255,1484,67118,10,149042
10740,0.001099,172.217.194.0-255,2902,70020,10,149042
10741,0.001103,172.31.36.0-255,66,70086,10,149042
10742,0.001109,172.217.194.0-255,2902,72988,10,149042
10743,0.001114,172.31.36.0-255,66,73054,10,149042
10744,0.001132,172.217.194.0-255,1484,74538,10,149042
10745,0.001145,172.31.36.0-255,66,74604,10,149042
10746,0.001167,172.217.194.0-255,1484,76088,10,149042
10747,0.001215,172.31.36.0-255,66,76154,10,149042
10748,0.001501,172.217.194.0-255,1484,77638,10,149042
10749,0.001507,172.217.194.0-255,1484,79122,10,149042
10750,0.001511,172.31.36.0-255,66,79188,10,149042
10751,0.001526,172.217.194.0-255,1484,80672,10,149042
10752,0.001538,172.217.194.0-255,5738,86410,10,149042
10753,0.001545,172.217.194.0-255,7156,93566,10,149042
10754,0.001574,172.217.194.0-255,5738,99304,10,149042
10755,0.001596,172.217.194.0-255,2184,101488,10,149042
10756,0.001597,172.31.36.0-255,66,101554,10,149042
10757,0.001603,172.31.36.0-255,66,101620,10,149042
10758,0.003617,172.217.194.0-255,2902,104522,10,149042
10759,0.003624,172.31.36.0-255,66,104588,10,149042
10760,0.003662,172.217.194.0-255,2902,107490,10,149042
10761,0.003667,172.31.36.0-255,66,107556,10,149042
10762,0.005661,172.217.194.0-255,2902,110458,10,149042
10763,0.005667,172.31.36.0-255,66,110524,10,149042
10764,0.005711,172.217.194.0-255,2902,113426,10,149042
10765,0.005716,172.31.36.0-255,66,113492,10,149042
10766,0.007729,172.217.194.0-255,2902,116394,10,149042
10767,0.007736,172.31.36.0-255,66,116460,10,149042
10768,0.007763,172.217.194.0-255,2902,119362,10,149042
10769,0.007796,172.31.36.0-255,66,119428,10,149042
10770,0.009798,172.217.194.0-255,2902,122330,10,149042
10771,0.009805,172.31.36.0-255,66,122396,10,149042
10772,0.009861,172.217.194.0-255,2902,125298,10,149042
10773,0.011765,172.31.36.0-255,66,125364,10,149042
10774,0.011854,172.217.194.0-255,2902,128266,10,149042
10775,0.011859,172.31.36.0-255,66,128332,10,149042
10776,0.013799,172.217.194.0-255,2902,131234,10,149042
10777,0.013807,172.31.36.0-255,66,131300,10,149042
10778,0.013888,172.217.194.0-255,2902,134202,10,149042
10779,0.013922,172.31.36.0-255,66,134268,10,149042
10780,0.01589,172.217.194.0-255,2902,137170,10,149042
10781,0.015897,172.31.36.0-255,66,137236,10,149042
10782,0.015951,172.217.194.0-255,2902,140138,10,149042
10783,0.01623,172.31.36.0-255,66,140204,10,149042
10784,0.017943,172.217.194.0-255,2902,143106,10,149042
10785,0.017951,172.31.36.0-255,66,143172,10,149042
10786,0.018287,172.217.194.0-255,2902,146074,10,149042
10787,0.018294,172.31.36.0-255,66,146140,10,149042
10788,0.019997,172.217.194.0-255,2902,149042,10,149042
10789,0.0,172.217.194.0-255,152,152,10,171659
10790,2.9e-05,172.31.36.0-255,66,218,10,171659
10791,3.6e-05,172.217.194.0-255,1484,1702,10,171659
10792,4e-05,172.31.36.0-255,66,1768,10,171659
10793,4.5e-05,172.217.194.0-255,2902,4670,10,171659
10794,4.7e-05,172.31.36.0-255,66,4736,10,171659
10795,6.2e-05,172.217.194.0-255,7156,11892,10,171659
10796,6.5e-05,172.31.36.0-255,66,11958,10,171659
10797,7.1e-05,172.217.194.0-255,4865,16823,10,171659
10798,7.3e-05,172.31.36.0-255,66,16889,10,171659
10799,0.000109,172.31.36.0-255,66,16955,10,171659
10800,0.000128,172.217.194.0-255,5379,22334,10,171659
10801,0.000131,172.31.36.0-255,66,22400,10,171659
10802,0.000166,172.217.194.0-255,1484,23884,10,171659
10803,0.000169,172.31.36.0-255,66,23950,10,171659
10804,0.000208,172.31.36.0-255,66,24016,10,171659
10805,0.00022,172.31.36.0-255,66,24082,10,171659
10806,0.000238,172.31.36.0-255,66,24148,10,171659
10807,0.000267,172.217.194.0-255,409,24557,10,171659
10808,0.000271,172.31.36.0-255,66,24623,10,171659
10809,0.00032,172.217.194.0-255,1484,26107,10,171659
10810,0.000325,172.31.36.0-255,66,26173,10,171659
10811,0.00035,172.217.194.0-255,2902,29075,10,171659
10812,0.000353,172.217.194.0-255,1484,30559,10,171659
10813,0.000355,172.31.36.0-255,66,30625,10,171659
10814,0.000359,172.31.36.0-255,66,30691,10,171659
10815,0.000389,172.217.194.0-255,4320,35011,10,171659
10816,0.000393,172.31.36.0-255,66,35077,10,171659
10817,0.000405,172.217.194.0-255,5738,40815,10,171659
10818,0.000407,172.31.36.0-255,66,40881,10,171659
10819,0.000421,172.31.36.0-255,66,40947,10,171659
10820,0.000427,172.217.194.0-255,5020,45967,10,171659
10821,0.000429,172.31.36.0-255,66,46033,10,171659
10822,0.000478,172.217.194.0-255,1484,47517,10,171659
10823,0.000482,172.217.194.0-255,1484,49001,10,171659
10824,0.000485,172.31.36.0-255,66,49067,10,171659
10825,0.000509,172.217.194.0-255,1484,50551,10,171659
10826,0.000516,172.217.194.0-255,5738,56289,10,171659
10827,0.000519,172.31.36.0-255,66,56355,10,171659
10828,0.000557,172.31.36.0-255,66,56421,10,171659
10829,0.000593,172.31.36.0-255,66,56487,10,171659
10830,0.00062,172.217.194.0-255,2184,58671,10,171659
10831,0.000623,172.31.36.0-255,66,58737,10,171659
10832,0.000627,172.217.194.0-255,1484,60221,10,171659
10833,0.00065,172.217.194.0-255,2902,63123,10,171659
10834,0.000653,172.31.36.0-255,66,63189,10,171659
10835,0.00066,172.217.194.0-255,5738,68927,10,171659
10836,0.000662,172.31.36.0-255,66,68993,10,171659
10837,0.00071,172.31.36.0-255,66,69059,10,171659
10838,0.000781,172.31.36.0-255,66,69125,10,171659
10839,0.000793,172.31.36.0-255,66,69191,10,171659
10840,0.000813,172.31.36.0-255,66,69257,10,171659
10841,0.00084,172.217.194.0-255,4320,73577,10,171659
10842,0.000848,172.31.36.0-255,66,73643,10,171659
10843,0.00087,172.217.194.0-255,6438,80081,10,171659
10844,0.000873,172.31.36.0-255,66,80147,10,171659
10845,0.000881,172.217.194.0-255,7156,87303,10,171659
10846,0.000884,172.31.36.0-255,66,87369,10,171659
10847,0.000904,172.217.194.0-255,4320,91689,10,171659
10848,0.000909,172.31.36.0-255,66,91755,10,171659
10849,0.000915,172.31.36.0-255,66,91821,10,171659
10850,0.000972,172.31.36.0-255,66,91887,10,171659
10851,0.000976,172.217.194.0-255,2262,94149,10,171659
10852,0.000979,172.31.36.0-255,66,94215,10,171659
10853,0.001046,172.31.36.0-255,66,94281,10,171659
10854,0.001051,172.217.194.0-255,2902,97183,10,171659
10855,0.001054,172.31.36.0-255,66,97249,10,171659
10856,0.001088,172.217.194.0-255,6438,103687,10,171659
10857,0.001097,172.31.36.0-255,66,103753,10,171659
10858,0.001252,172.217.194.0-255,1484,105237,10,171659
10859,0.001259,172.217.194.0-255,2902,108139,10,171659
10860,0.001262,172.31.36.0-255,66,108205,10,171659
10861,0.00127,172.217.194.0-255,5738,113943,10,171659
10862,0.001272,172.31.36.0-255,66,114009,10,171659
10863,0.001309,172.217.194.0-255,6797,120806,10,171659
10864,0.001313,172.31.36.0-255,66,120872,10,171659
10865,0.001494,172.217.194.0-255,1484,122356,10,171659
10866,0.0015,172.217.194.0-255,1484,123840,10,171659
10867,0.001504,172.31.36.0-255,66,123906,10,171659
10868,0.001535,172.217.194.0-255,1484,125390,10,171659
10869,0.001543,172.217.194.0-255,5738,131128,10,171659
10870,0.001548,172.31.36.0-255,66,131194,10,171659
10871,0.001556,172.31.36.0-255,66,131260,10,171659
10872,0.001598,172.31.36.0-255,66,131326,10,171659
10873,0.001753,172.217.194.0-255,1484,132810,10,171659
10874,0.001759,172.217.194.0-255,2902,135712,10,171659
10875,0.001763,172.31.36.0-255,66,135778,10,171659
10876,0.00177,172.217.194.0-255,5738,141516,10,171659
10877,0.001772,172.31.36.0-255,66,141582,10,171659
10878,0.001862,172.31.36.0-255,66,141648,10,171659
10879,0.001875,172.31.36.0-255,66,141714,10,171659
10880,0.001888,172.217.194.0-255,7156,148870,10,171659
10881,0.001891,172.31.36.0-255,66,148936,10,171659
10882,0.001899,172.217.194.0-255,7156,156092,10,171659
10883,0.001901,172.31.36.0-255,66,156158,10,171659
10884,0.001931,172.217.194.0-255,1484,157642,10,171659
10885,0.001949,172.31.36.0-255,66,157708,10,171659
10886,0.001952,172.217.194.0-255,766,158474,10,171659
10887,0.00199,172.217.194.0-255,7156,165630,10,171659
10888,0.001993,172.31.36.0-255,66,165696,10,171659
10889,0.002023,172.217.194.0-255,5555,171251,10,171659
10890,0.002026,172.31.36.0-255,66,171317,10,171659
10891,0.002029,172.217.194.0-255,105,171422,10,171659
10892,0.006169,172.31.36.0-255,66,171488,10,171659
10893,0.006197,172.31.36.0-255,105,171593,10,171659
10894,0.008253,172.217.194.0-255,66,171659,10,171659
10895,0.0,74.125.200.0-255,297,297,10,203377
10896,1.7e-05,172.31.36.0-255,66,363,10,203377
10897,2.3e-05,74.125.200.0-255,1484,1847,10,203377
10898,2.7e-05,172.31.36.0-255,66,1913,10,203377
10899,3.3e-05,74.125.200.0-255,2902,4815,10,203377
10900,3.7e-05,172.31.36.0-255,66,4881,10,203377
10901,4.4e-05,74.125.200.0-255,5738,10619,10,203377
10902,4.7e-05,172.31.36.0-255,66,10685,10,203377
10903,7e-05,74.125.200.0-255,3296,13981,10,203377
10904,7.3e-05,172.31.36.0-255,66,14047,10,203377
10905,0.000603,74.125.200.0-255,1484,15531,10,203377
10906,0.00061,172.31.36.0-255,66,15597,10,203377
10907,0.000618,74.125.200.0-255,2902,18499,10,203377
10908,0.000621,172.31.36.0-255,66,18565,10,203377
10909,0.000628,74.125.200.0-255,5738,24303,10,203377
10910,0.000631,172.31.36.0-255,66,24369,10,203377
10911,0.000666,74.125.200.0-255,2902,27271,10,203377
10912,0.000669,172.31.36.0-255,66,27337,10,203377
10913,0.000692,74.125.200.0-255,3961,31298,10,203377
10914,0.000695,172.31.36.0-255,66,31364,10,203377
10915,0.000703,74.125.200.0-255,7156,38520,10,203377
10916,0.000705,172.31.36.0-255,66,38586,10,203377
10917,0.000711,74.125.200.0-255,4320,42906,10,203377
10918,0.000714,172.31.36.0-255,66,42972,10,203377
10919,0.000737,74.125.200.0-255,4320,47292,10,203377
10920,0.000741,172.31.36.0-255,66,47358,10,203377
10921,0.000744,74.125.200.0-255,1125,48483,10,203377
10922,0.000746,172.31.36.0-255,66,48549,10,203377
10923,0.001159,74.125.200.0-255,1484,50033,10,203377
10924,0.001166,172.31.36.0-255,66,50099,10,203377
10925,0.001171,74.125.200.0-255,1484,51583,10,203377
10926,0.001174,172.31.36.0-255,66,51649,10,203377
10927,0.001179,74.125.200.0-255,2902,54551,10,203377
10928,0.001181,172.31.36.0-255,66,54617,10,203377
10929,0.001206,74.125.200.0-255,5738,60355,10,203377
10930,0.001209,172.31.36.0-255,66,60421,10,203377
10931,0.001243,172.31.36.0-255,66,60487,10,203377
10932,0.001246,74.125.200.0-255,1484,61971,10,203377
10933,0.00127,172.31.36.0-255,66,62037,10,203377
10934,0.001273,74.125.200.0-255,286,62323,10,203377
10935,0.001316,74.125.200.0-255,1484,63807,10,203377
10936,0.001319,172.31.36.0-255,66,63873,10,203377
10937,0.001325,74.125.200.0-255,2902,66775,10,203377
10938,0.001328,172.31.36.0-255,66,66841,10,203377
10939,0.00135,74.125.200.0-255,1484,68325,10,203377
10940,0.001365,74.125.200.0-255,4320,72645,10,203377
10941,0.001368,172.31.36.0-255,66,72711,10,203377
10942,0.001374,74.125.200.0-255,4320,77031,10,203377
10943,0.001376,172.31.36.0-255,66,77097,10,203377
10944,0.001406,74.125.200.0-255,5738,82835,10,203377
10945,0.001409,172.31.36.0-255,66,82901,10,203377
10946,0.001412,74.125.200.0-255,1484,84385,10,203377
10947,0.001432,74.125.200.0-255,5738,90123,10,203377
10948,0.001434,172.31.36.0-255,66,90189,10,203377
10949,0.001467,74.125.200.0-255,2902,93091,10,203377
10950,0.00147,172.31.36.0-255,66,93157,10,203377
10951,0.001491,74.125.200.0-255,2939,96096,10,203377
10952,0.001494,172.31.36.0-255,66,96162,10,203377
10953,0.001537,74.125.200.0-255,1484,97646,10,203377
10954,0.001559,74.125.200.0-255,2902,100548,10,203377
10955,0.001562,172.31.36.0-255,66,100614,10,203377
10956,0.001566,74.125.200.0-255,1484,102098,10,203377
10957,0.001581,74.125.200.0-255,2902,105000,10,203377
10958,0.001585,172.31.36.0-255,66,105066,10,203377
10959,0.001608,74.125.200.0-255,2902,107968,10,203377
10960,0.001611,172.31.36.0-255,66,108034,10,203377
10961,0.001631,74.125.200.0-255,2902,110936,10,203377
10962,0.001634,172.31.36.0-255,66,111002,10,203377
10963,0.001637,74.125.200.0-255,1484,112486,10,203377
10964,0.001642,74.125.200.0-255,1819,114305,10,203377
10965,0.001644,172.31.36.0-255,66,114371,10,203377
10966,0.001696,74.125.200.0-255,5738,120109,10,203377
10967,0.001699,172.31.36.0-255,66,120175,10,203377
10968,0.001707,74.125.200.0-255,7156,127331,10,203377
10969,0.001709,172.31.36.0-255,66,127397,10,203377
10970,0.001735,74.125.200.0-255,4320,131717,10,203377
10971,0.001738,172.31.36.0-255,66,131783,10,203377
10972,0.001745,74.125.200.0-255,5738,137521,10,203377
10973,0.001748,172.31.36.0-255,66,137587,10,203377
10974,0.00177,74.125.200.0-255,2902,140489,10,203377
10975,0.001773,172.31.36.0-255,66,140555,10,203377
10976,0.001799,172.31.36.0-255,66,140621,10,203377
10977,0.002126,74.125.200.0-255,1484,142105,10,203377
10978,0.002133,74.125.200.0-255,1484,143589,10,203377
10979,0.002137,172.31.36.0-255,66,143655,10,203377
10980,0.002154,74.125.200.0-255,1484,145139,10,203377
10981,0.002158,74.125.200.0-255,1484,146623,10,203377
10982,0.00216,172.31.36.0-255,66,146689,10,203377
10983,0.00218,74.125.200.0-255,4320,151009,10,203377
10984,0.002183,172.31.36.0-255,66,151075,10,203377
10985,0.002189,74.125.200.0-255,5738,156813,10,203377
10986,0.002192,172.31.36.0-255,66,156879,10,203377
10987,0.002208,74.125.200.0-255,5738,162617,10,203377
10988,0.002211,172.31.36.0-255,66,162683,10,203377
10989,0.002225,172.31.36.0-255,66,162749,10,203377
10990,0.004466,74.125.200.0-255,5738,168487,10,203377
10991,0.004475,172.31.36.0-255,66,168553,10,203377
10992,0.006729,74.125.200.0-255,5738,174291,10,203377
10993,0.006736,172.31.36.0-255,66,174357,10,203377
10994,0.008992,74.125.200.0-255,5738,180095,10,203377
10995,0.009002,172.31.36.0-255,66,180161,10,203377
10996,0.01126,74.125.200.0-255,5738,185899,10,203377
10997,0.011269,172.31.36.0-255,66,185965,10,203377
10998,0.01353,74.125.200.0-255,5738,191703,10,203377
10999,0.013538,172.31.36.0-255,66,191769,10,203377
11000,0.015795,74.125.200.0-255,5738,197507,10,203377
11001,0.015803,172.31.36.0-255,66,197573,10,203377
11002,0.018067,74.125.200.0-255,5738,203311,10,203377
11003,0.018076,172.31.36.0-255,66,203377,10,203377
11004,0.0,74.125.24.0-255,152,152,10,278533
11005,2.7e-05,172.31.36.0-255,66,218,10,278533
11006,3.4e-05,74.125.24.0-255,1484,1702,10,278533
11007,3.9e-05,172.31.36.0-255,66,1768,10,278533
11008,5.1e-05,74.125.24.0-255,2902,4670,10,278533
11009,5.5e-05,172.31.36.0-255,66,4736,10,278533
11010,6.2e-05,74.125.24.0-255,7156,11892,10,278533
11011,6.4e-05,172.31.36.0-255,66,11958,10,278533
11012,6.8e-05,74.125.24.0-255,2021,13979,10,278533
11013,7.1e-05,172.31.36.0-255,66,14045,10,278533
11014,0.00013,74.125.24.0-255,1484,15529,10,278533
11015,0.000134,172.31.36.0-255,66,15595,10,278533
11016,0.00014,74.125.24.0-255,2902,18497,10,278533
11017,0.000143,172.31.36.0-255,66,18563,10,278533
11018,0.000171,74.125.24.0-255,5738,24301,10,278533
11019,0.000176,172.31.36.0-255,66,24367,10,278533
11020,0.000179,74.125.24.0-255,1484,25851,10,278533
11021,0.000181,172.31.36.0-255,66,25917,10,278533
11022,0.000222,74.125.24.0-255,2902,28819,10,278533
11023,0.000225,172.31.36.0-255,66,28885,10,278533
11024,0.00025,74.125.24.0-255,2543,31428,10,278533
11025,0.000253,172.31.36.0-255,66,31494,10,278533
11026,0.000316,74.125.24.0-255,1484,32978,10,278533
11027,0.000321,172.31.36.0-255,66,33044,10,278533
11028,0.000326,74.125.24.0-255,2902,35946,10,278533
11029,0.00033,172.31.36.0-255,66,36012,10,278533
11030,0.000356,74.125.24.0-255,2902,38914,10,278533
11031,0.00036,172.31.36.0-255,66,38980,10,278533
11032,0.000388,74.125.24.0-255,2902,41882,10,278533
11033,0.000391,172.31.36.0-255,66,41948,10,278533
11034,0.000396,74.125.24.0-255,2902,44850,10,278533
11035,0.0004,172.31.36.0-255,66,44916,10,278533
11036,0.000436,172.31.36.0-255,66,44982,10,278533
11037,0.000448,172.31.36.0-255,66,45048,10,278533
11038,0.000543,74.125.24.0-255,130,45178,10,278533
11039,0.000657,74.125.24.0-255,348,45526,10,278533
11040,0.000816,74.125.24.0-255,1484,47010,10,278533
11041,0.000821,172.31.36.0-255,66,47076,10,278533
11042,0.000827,74.125.24.0-255,2902,49978,10,278533
11043,0.00083,172.31.36.0-255,66,50044,10,278533
11044,0.000846,74.125.24.0-255,5738,55782,10,278533
11045,0.000849,172.31.36.0-255,66,55848,10,278533
11046,0.00086,172.31.36.0-255,66,55914,10,278533
11047,0.000895,74.125.24.0-255,2902,58816,10,278533
11048,0.000898,172.31.36.0-255,66,58882,10,278533
11049,0.000914,172.31.36.0-255,66,58948,10,278533
11050,0.001034,74.125.24.0-255,1484,60432,10,278533
11051,0.001052,74.125.24.0-255,2902,63334,10,278533
11052,0.001056,172.31.36.0-255,66,63400,10,278533
11053,0.001086,74.125.24.0-255,1484,64884,10,278533
11054,0.001099,74.125.24.0-255,4320,69204,10,278533
11055,0.001103,172.31.36.0-255,66,69270,10,278533
11056,0.001123,74.125.24.0-255,7156,76426,10,278533
11057,0.001126,172.31.36.0-255,66,76492,10,278533
11058,0.001155,74.125.24.0-255,4320,80812,10,278533
11059,0.001158,172.31.36.0-255,66,80878,10,278533
11060,0.001169,172.31.36.0-255,66,80944,10,278533
11061,0.001183,74.125.24.0-255,766,81710,10,278533
11062,0.001221,74.125.24.0-255,1484,83194,10,278533
11063,0.001224,172.31.36.0-255,66,83260,10,278533
11064,0.001229,74.125.24.0-255,2902,86162,10,278533
11065,0.001231,172.31.36.0-255,66,86228,10,278533
11066,0.001257,74.125.24.0-255,5738,91966,10,278533
11067,0.001262,172.31.36.0-255,66,92032,10,278533
11068,0.001266,74.125.24.0-255,4320,96352,10,278533
11069,0.001268,172.31.36.0-255,66,96418,10,278533
11070,0.001311,172.31.36.0-255,66,96484,10,278533
11071,0.001321,172.31.36.0-255,66,96550,10,278533
11072,0.00134,74.125.24.0-255,1484,98034,10,278533
11073,0.001344,74.125.24.0-255,2902,100936,10,278533
11074,0.001346,172.31.36.0-255,66,101002,10,278533
11075,0.001372,74.125.24.0-255,5738,106740,10,278533
11076,0.001375,172.31.36.0-255,66,106806,10,278533
11077,0.001402,74.125.24.0-255,4320,111126,10,278533
11078,0.001405,172.31.36.0-255,66,111192,10,278533
11079,0.001437,172.31.36.0-255,66,111258,10,278533
11080,0.001463,172.31.36.0-255,66,111324,10,278533
11081,0.00168,74.125.24.0-255,1484,112808,10,278533
11082,0.001683,74.125.24.0-255,1484,114292,10,278533
11083,0.001685,172.31.36.0-255,66,114358,10,278533
11084,0.001704,74.125.24.0-255,1484,115842,10,278533
11085,0.001706,74.125.24.0-255,1484,117326,10,278533
11086,0.001708,172.31.36.0-255,66,117392,10,278533
11087,0.001737,74.125.24.0-255,4320,121712,10,278533
11088,0.001739,172.31.36.0-255,66,121778,10,278533
11089,0.001749,172.31.36.0-255,66,121844,10,278533
11090,0.001757,74.125.24.0-255,5738,127582,10,278533
11091,0.001759,172.31.36.0-255,66,127648,10,278533
11092,0.001798,74.125.24.0-255,1484,129132,10,278533
11093,0.001814,74.125.24.0-255,3602,132734,10,278533
11094,0.001816,172.31.36.0-255,66,132800,10,278533
11095,0.001819,74.125.24.0-255,2902,135702,10,278533
11096,0.001821,172.31.36.0-255,66,135768,10,278533
11097,0.001848,74.125.24.0-255,2902,138670,10,278533
11098,0.00185,172.31.36.0-255,66,138736,10,278533
11099,0.001869,172.31.36.0-255,66,138802,10,278533
11100,0.001874,74.125.24.0-255,5738,144540,10,278533
11101,0.001876,172.31.36.0-255,66,144606,10,278533
11102,0.001899,74.125.24.0-255,2902,147508,10,278533
11103,0.001901,172.31.36.0-255,66,147574,10,278533
11104,0.001906,74.125.24.0-255,6438,154012,10,278533
11105,0.001908,172.31.36.0-255,66,154078,10,278533
11106,0.001927,74.125.24.0-255,5738,159816,10,278533
11107,0.001929,172.31.36.0-255,66,159882,10,278533
11108,0.001951,74.125.24.0-255,1484,161366,10,278533
11109,0.001955,74.125.24.0-255,4320,165686,10,278533
11110,0.001957,172.31.36.0-255,66,165752,10,278533
11111,0.001976,74.125.24.0-255,4320,170072,10,278533
11112,0.001977,172.31.36.0-255,66,170138,10,278533
11113,0.002034,74.125.24.0-255,2902,173040,10,278533
11114,0.002036,172.31.36.0-255,66,173106,10,278533
11115,0.002063,172.31.36.0-255,66,173172,10,278533
11116,0.002065,74.125.24.0-255,766,173938,10,278533
11117,0.002068,74.125.24.0-255,1484,175422,10,278533
11118,0.002069,172.31.36.0-255,66,175488,10,278533
11119,0.002074,74.125.24.0-255,4320,179808,10,278533
11120,0.002076,172.31.36.0-255,66,179874,10,278533
11121,0.002082,74.125.24.0-255,7156,187030,10,278533
11122,0.002086,172.31.36.0-255,66,187096,10,278533
11123,0.002112,74.125.24.0-255,2902,189998,10,278533
11124,0.002114,172.31.36.0-255,66,190064,10,278533
11125,0.002123,74.125.24.0-255,5738,195802,10,278533
11126,0.002124,172.31.36.0-255,66,195868,10,278533
11127,0.002127,74.125.24.0-255,1484,197352,10,278533
11128,0.002148,74.125.24.0-255,5738,203090,10,278533
11129,0.00215,172.31.36.0-255,66,203156,10,278533
11130,0.002174,74.125.24.0-255,5020,208176,10,278533
11131,0.002176,172.31.36.0-255,66,208242,10,278533
11132,0.002196,74.125.24.0-255,5738,213980,10,278533
11133,0.002198,172.31.36.0-255,66,214046,10,278533
11134,0.002207,74.125.24.0-255,7156,221202,10,278533
11135,0.002209,172.31.36.0-255,66,221268,10,278533
11136,0.002244,172.31.36.0-255,66,221334,10,278533
11137,0.002271,74.125.24.0-255,1484,222818,10,278533
11138,0.002279,74.125.24.0-255,6438,229256,10,278533
11139,0.002281,172.31.36.0-255,66,229322,10,278533
11140,0.002283,74.125.24.0-255,1484,230806,10,278533
11141,0.002287,74.125.24.0-255,2902,233708,10,278533
11142,0.002288,172.31.36.0-255,66,233774,10,278533
11143,0.002291,74.125.24.0-255,1484,235258,10,278533
11144,0.002318,74.125.24.0-255,4320,239578,10,278533
11145,0.00232,172.31.36.0-255,66,239644,10,278533
11146,0.002325,74.125.24.0-255,2902,242546,10,278533
11147,0.002327,172.31.36.0-255,66,242612,10,278533
11148,0.002334,74.125.24.0-255,7156,249768,10,278533
11149,0.00234,172.31.36.0-255,66,249834,10,278533
11150,0.00236,74.125.24.0-255,2902,252736,10,278533
11151,0.002362,172.31.36.0-255,66,252802,10,278533
11152,0.002371,74.125.24.0-255,4320,257122,10,278533
11153,0.002373,172.31.36.0-255,66,257188,10,278533
11154,0.004692,74.125.24.0-255,1484,258672,10,278533
11155,0.004705,74.125.24.0-255,4320,262992,10,278533
11156,0.004709,172.31.36.0-255,66,263058,10,278533
11157,0.00665,172.31.36.0-255,101,263159,10,278533
11158,0.007049,74.125.24.0-255,5738,268897,10,278533
11159,0.007054,172.31.36.0-255,66,268963,10,278533
11160,0.008931,74.125.24.0-255,66,269029,10,278533
11161,0.009357,74.125.24.0-255,2902,271931,10,278533
11162,0.009362,172.31.36.0-255,66,271997,10,278533
11163,0.009383,74.125.24.0-255,2902,274899,10,278533
11164,0.009385,172.31.36.0-255,66,274965,10,278533
11165,0.011676,74.125.24.0-255,3397,278362,10,278533
11166,0.011684,172.31.36.0-255,66,278428,10,278533
11167,0.016377,172.31.36.0-255,105,278533,10,278533
11168,0.0,172.31.36.0-255,66,66,10,66
11169,0.0,74.125.24.0-255,146,146,10,233485
11170,1.8e-05,172.31.36.0-255,66,212,10,233485
11171,2.5e-05,74.125.24.0-255,1484,1696,10,233485
11172,3.1e-05,172.31.36.0-255,66,1762,10,233485
11173,4.4e-05,74.125.24.0-255,2902,4664,10,233485
11174,4.8e-05,172.31.36.0-255,66,4730,10,233485
11175,5.4e-05,74.125.24.0-255,5738,10468,10,233485
11176,5.8e-05,172.31.36.0-255,66,10534,10,233485
11177,9.9e-05,74.125.24.0-255,3496,14030,10,233485
11178,0.000101,172.31.36.0-255,66,14096,10,233485
11179,0.000147,74.125.24.0-255,1484,15580,10,233485
11180,0.00015,172.31.36.0-255,66,15646,10,233485
11181,0.000156,74.125.24.0-255,2902,18548,10,233485
11182,0.00016,172.31.36.0-255,66,18614,10,233485
11183,0.000172,74.125.24.0-255,5738,24352,10,233485
11184,0.000175,172.31.36.0-255,66,24418,10,233485
11185,0.00021,74.125.24.0-255,6797,31215,10,233485
11186,0.000213,172.31.36.0-255,66,31281,10,233485
11187,0.000341,74.125.24.0-255,1484,32765,10,233485
11188,0.000344,172.31.36.0-255,66,32831,10,233485
11189,0.000373,74.125.24.0-255,2902,35733,10,233485
11190,0.000375,172.31.36.0-255,66,35799,10,233485
11191,0.000382,74.125.24.0-255,5738,41537,10,233485
11192,0.000384,172.31.36.0-255,66,41603,10,233485
11193,0.000417,74.125.24.0-255,6797,48400,10,233485
11194,0.00042,172.31.36.0-255,66,48466,10,233485
11195,0.000427,74.125.24.0-255,7156,55622,10,233485
11196,0.000429,172.31.36.0-255,66,55688,10,233485
11197,0.000466,172.31.36.0-255,66,55754,10,233485
11198,0.000647,74.125.24.0-255,131,55885,10,233485
11199,0.000652,172.31.36.0-255,66,55951,10,233485
11200,0.000685,74.125.24.0-255,1484,57435,10,233485
11201,0.00069,74.125.24.0-255,1484,58919,10,233485
11202,0.000693,172.31.36.0-255,66,58985,10,233485
11203,0.00071,74.125.24.0-255,1484,60469,10,233485
11204,0.000718,74.125.24.0-255,7156,67625,10,233485
11205,0.000721,172.31.36.0-255,66,67691,10,233485
11206,0.000728,74.125.24.0-255,5379,73070,10,233485
11207,0.00073,172.31.36.0-255,66,73136,10,233485
11208,0.000792,172.31.36.0-255,66,73202,10,233485
11209,0.000829,74.125.24.0-255,5379,78581,10,233485
11210,0.000833,172.31.36.0-255,66,78647,10,233485
11211,0.001023,74.125.24.0-255,347,78994,10,233485
11212,0.001239,74.125.24.0-255,1484,80478,10,233485
11213,0.001243,172.31.36.0-255,66,80544,10,233485
11214,0.001249,74.125.24.0-255,2902,83446,10,233485
11215,0.001251,172.31.36.0-255,66,83512,10,233485
11216,0.001254,74.125.24.0-255,1484,84996,10,233485
11217,0.001279,74.125.24.0-255,4320,89316,10,233485
11218,0.001281,172.31.36.0-255,66,89382,10,233485
11219,0.001293,172.31.36.0-255,66,89448,10,233485
11220,0.001332,172.31.36.0-255,66,89514,10,233485
11221,0.001336,74.125.24.0-255,2184,91698,10,233485
11222,0.001339,172.31.36.0-255,66,91764,10,233485
11223,0.001423,74.125.24.0-255,1484,93248,10,233485
11224,0.001426,74.125.24.0-255,1484,94732,10,233485
11225,0.001429,172.31.36.0-255,66,94798,10,233485
11226,0.001457,74.125.24.0-255,1484,96282,10,233485
11227,0.001465,74.125.24.0-255,5738,102020,10,233485
11228,0.001467,172.31.36.0-255,66,102086,10,233485
11229,0.001509,74.125.24.0-255,5738,107824,10,233485
11230,0.001512,172.31.36.0-255,66,107890,10,233485
11231,0.001539,74.125.24.0-255,7156,115046,10,233485
11232,0.001542,172.31.36.0-255,66,115112,10,233485
11233,0.001547,74.125.24.0-255,4320,119432,10,233485
11234,0.001549,172.31.36.0-255,66,119498,10,233485
11235,0.001561,74.125.24.0-255,6438,125936,10,233485
11236,0.001564,172.31.36.0-255,66,126002,10,233485
11237,0.001605,74.125.24.0-255,1484,127486,10,233485
11238,0.00161,74.125.24.0-255,1484,128970,10,233485
11239,0.001612,172.31.36.0-255,66,129036,10,233485
11240,0.001638,74.125.24.0-255,1484,130520,10,233485
11241,0.001645,74.125.24.0-255,5738,136258,10,233485
11242,0.001648,172.31.36.0-255,66,136324,10,233485
11243,0.001684,172.31.36.0-255,66,136390,10,233485
11244,0.001689,74.125.24.0-255,2902,139292,10,233485
11245,0.001691,172.31.36.0-255,66,139358,10,233485
11246,0.001729,74.125.24.0-255,5738,145096,10,233485
11247,0.001732,172.31.36.0-255,66,145162,10,233485
11248,0.001795,74.125.24.0-255,5020,150182,10,233485
11249,0.001798,172.31.36.0-255,66,150248,10,233485
11250,0.001947,74.125.24.0-255,1484,151732,10,233485
11251,0.001967,74.125.24.0-255,2902,154634,10,233485
11252,0.001971,172.31.36.0-255,66,154700,10,233485
11253,0.002003,74.125.24.0-255,5738,160438,10,233485
11254,0.002006,74.125.24.0-255,1484,161922,10,233485
11255,0.00201,172.31.36.0-255,66,161988,10,233485
11256,0.002019,74.125.24.0-255,1484,163472,10,233485
11257,0.002021,172.31.36.0-255,66,163538,10,233485
11258,0.002052,74.125.24.0-255,7156,170694,10,233485
11259,0.002055,172.31.36.0-255,66,170760,10,233485
11260,0.002071,172.31.36.0-255,66,170826,10,233485
11261,0.002102,74.125.24.0-255,5020,175846,10,233485
11262,0.002105,172.31.36.0-255,66,175912,10,233485
11263,0.00229,74.125.24.0-255,1484,177396,10,233485
11264,0.00233,74.125.24.0-255,2902,180298,10,233485
11265,0.002334,172.31.36.0-255,66,180364,10,233485
11266,0.00234,74.125.24.0-255,2902,183266,10,233485
11267,0.002342,172.31.36.0-255,66,183332,10,233485
11268,0.002374,74.125.24.0-255,2902,186234,10,233485
11269,0.002376,172.31.36.0-255,66,186300,10,233485
11270,0.002401,172.31.36.0-255,66,186366,10,233485
11271,0.002413,172.31.36.0-255,66,186432,10,233485
11272,0.002445,74.125.24.0-255,3602,190034,10,233485
11273,0.002448,172.31.36.0-255,66,190100,10,233485
11274,0.002463,172.31.36.0-255,66,190166,10,233485
11275,0.002496,172.31.36.0-255,66,190232,10,233485
11276,0.002503,74.125.24.0-255,5738,195970,10,233485
11277,0.002505,172.31.36.0-255,66,196036,10,233485
11278,0.002539,74.125.24.0-255,3602,199638,10,233485
11279,0.002542,172.31.36.0-255,66,199704,10,233485
11280,0.002554,172.31.36.0-255,66,199770,10,233485
11281,0.00257,172.31.36.0-255,66,199836,10,233485
11282,0.002601,74.125.24.0-255,2902,202738,10,233485
11283,0.002604,172.31.36.0-255,66,202804,10,233485
11284,0.002641,172.31.36.0-255,66,202870,10,233485
11285,0.002644,74.125.24.0-255,1484,204354,10,233485
11286,0.002689,74.125.24.0-255,4320,208674,10,233485
11287,0.002692,172.31.36.0-255,66,208740,10,233485
11288,0.002731,172.31.36.0-255,66,208806,10,233485
11289,0.002734,74.125.24.0-255,1484,210290,10,233485
11290,0.002737,74.125.24.0-255,1484,211774,10,233485
11291,0.002739,172.31.36.0-255,66,211840,10,233485
11292,0.002758,172.31.36.0-255,66,211906,10,233485
11293,0.002766,74.125.24.0-255,7156,219062,10,233485
11294,0.002768,172.31.36.0-255,66,219128,10,233485
11295,0.00278,172.31.36.0-255,66,219194,10,233485
11296,0.002787,74.125.24.0-255,5738,224932,10,233485
11297,0.00279,172.31.36.0-255,66,224998,10,233485
11298,0.002793,74.125.24.0-255,1484,226482,10,233485
11299,0.00284,172.31.36.0-255,66,226548,10,233485
11300,0.002847,74.125.24.0-255,6529,233077,10,233485
11301,0.002849,172.31.36.0-255,66,233143,10,233485
11302,0.002878,74.125.24.0-255,105,233248,10,233485
11303,0.009625,172.31.36.0-255,66,233314,10,233485
11304,0.009668,172.31.36.0-255,105,233419,10,233485
11305,0.012272,74.125.24.0-255,66,233485,10,233485
11306,0.0,74.125.68.0-255,153,153,10,145292
11307,2.4e-05,172.31.36.0-255,66,219,10,145292
11308,3.2e-05,74.125.68.0-255,1484,1703,10,145292
11309,3.6e-05,172.31.36.0-255,66,1769,10,145292
11310,4.2e-05,74.125.68.0-255,2902,4671,10,145292
11311,4.6e-05,172.31.36.0-255,66,4737,10,145292
11312,5.1e-05,74.125.68.0-255,2902,7639,10,145292
11313,5.3e-05,172.31.36.0-255,66,7705,10,145292
11314,5.9e-05,74.125.68.0-255,4320,12025,10,145292
11315,6.2e-05,172.31.36.0-255,66,12091,10,145292
11316,0.000128,172.31.36.0-255,66,12157,10,145292
11317,0.00014,172.31.36.0-255,66,12223,10,145292
11318,0.000194,74.125.68.0-255,1484,13707,10,145292
11319,0.000198,172.31.36.0-255,66,13773,10,145292
11320,0.000203,74.125.68.0-255,2902,16675,10,145292
11321,0.000204,172.31.36.0-255,66,16741,10,145292
11322,0.000208,74.125.68.0-255,1484,18225,10,145292
11323,0.00021,172.31.36.0-255,66,18291,10,145292
11324,0.000238,74.125.68.0-255,4320,22611,10,145292
11325,0.00024,172.31.36.0-255,66,22677,10,145292
11326,0.000244,74.125.68.0-255,1484,24161,10,145292
11327,0.000246,172.31.36.0-255,66,24227,10,145292
11328,0.000264,74.125.68.0-255,5379,29606,10,145292
11329,0.000266,172.31.36.0-255,66,29672,10,145292
11330,0.000422,74.125.68.0-255,1484,31156,10,145292
11331,0.000425,172.31.36.0-255,66,31222,10,145292
11332,0.000441,74.125.68.0-255,2902,34124,10,145292
11333,0.000444,172.31.36.0-255,66,34190,10,145292
11334,0.00046,74.125.68.0-255,2902,37092,10,145292
11335,0.000463,172.31.36.0-255,66,37158,10,145292
11336,0.000466,74.125.68.0-255,1484,38642,10,145292
11337,0.000485,74.125.68.0-255,4320,42962,10,145292
11338,0.000488,172.31.36.0-255,66,43028,10,145292
11339,0.000507,74.125.68.0-255,1484,44512,10,145292
11340,0.000511,74.125.68.0-255,2874,47386,10,145292
11341,0.000513,172.31.36.0-255,66,47452,10,145292
11342,0.000739,74.125.68.0-255,347,47799,10,145292
11343,0.000902,74.125.68.0-255,1484,49283,10,145292
11344,0.000907,172.31.36.0-255,66,49349,10,145292
11345,0.000915,74.125.68.0-255,2902,52251,10,145292
11346,0.000918,172.31.36.0-255,66,52317,10,145292
11347,0.000924,74.125.68.0-255,5738,58055,10,145292
11348,0.000927,172.31.36.0-255,66,58121,10,145292
11349,0.000959,74.125.68.0-255,2902,61023,10,145292
11350,0.000962,172.31.36.0-255,66,61089,10,145292
11351,0.000988,172.31.36.0-255,66,61155,10,145292
11352,0.000993,74.125.68.0-255,2902,64057,10,145292
11353,0.000995,172.31.36.0-255,66,64123,10,145292
11354,0.001015,172.31.36.0-255,66,64189,10,145292
11355,0.001018,74.125.68.0-255,1125,65314,10,145292
11356,0.00174,74.125.68.0-255,1484,66798,10,145292
11357,0.001746,172.31.36.0-255,66,66864,10,145292
11358,0.00177,74.125.68.0-255,2902,69766,10,145292
11359,0.001773,172.31.36.0-255,66,69832,10,145292
11360,0.001776,74.125.68.0-255,1484,71316,10,145292
11361,0.001779,74.125.68.0-255,1484,72800,10,145292
11362,0.001781,172.31.36.0-255,66,72866,10,145292
11363,0.001799,74.125.68.0-255,1484,74350,10,145292
11364,0.001806,74.125.68.0-255,5738,80088,10,145292
11365,0.001808,172.31.36.0-255,66,80154,10,145292
11366,0.001833,74.125.68.0-255,1484,81638,10,145292
11367,0.00186,172.31.36.0-255,66,81704,10,145292
11368,0.001892,74.125.68.0-255,7156,88860,10,145292
11369,0.001894,172.31.36.0-255,66,88926,10,145292
11370,0.001914,74.125.68.0-255,2184,91110,10,145292
11371,0.001917,172.31.36.0-255,66,91176,10,145292
11372,0.002277,74.125.68.0-255,1484,92660,10,145292
11373,0.002284,74.125.68.0-255,2902,95562,10,145292
11374,0.002288,172.31.36.0-255,66,95628,10,145292
11375,0.002295,74.125.68.0-255,4320,99948,10,145292
11376,0.002298,172.31.36.0-255,66,100014,10,145292
11377,0.002319,74.125.68.0-255,5738,105752,10,145292
11378,0.002321,172.31.36.0-255,66,105818,10,145292
11379,0.002365,172.31.36.0-255,66,105884,10,145292
11380,0.002369,74.125.68.0-255,1484,107368,10,145292
11381,0.004685,74.125.68.0-255,4320,111688,10,145292
11382,0.004692,172.31.36.0-255,66,111754,10,145292
11383,0.007013,74.125.68.0-255,4320,116074,10,145292
11384,0.007017,172.31.36.0-255,66,116140,10,145292
11385,0.007036,74.125.68.0-255,1484,117624,10,145292
11386,0.009345,74.125.68.0-255,4320,121944,10,145292
11387,0.009353,172.31.36.0-255,66,122010,10,145292
11388,0.011672,74.125.68.0-255,5738,127748,10,145292
11389,0.01168,172.31.36.0-255,66,127814,10,145292
11390,0.014002,74.125.68.0-255,5738,133552,10,145292
11391,0.01401,172.31.36.0-255,66,133618,10,145292
11392,0.016341,74.125.68.0-255,5738,139356,10,145292
11393,0.016351,172.31.36.0-255,66,139422,10,145292
11394,0.018705,74.125.68.0-255,4320,143742,10,145292
11395,0.018712,172.31.36.0-255,66,143808,10,145292
11396,0.018729,74.125.68.0-255,1484,145292,10,145292
11397,0.0,172.217.194.0-255,152,152,10,195855
11398,1.9e-05,172.31.36.0-255,66,218,10,195855
11399,2.5e-05,172.217.194.0-255,1484,1702,10,195855
11400,2.9e-05,172.31.36.0-255,66,1768,10,195855
11401,3.5e-05,172.217.194.0-255,2902,4670,10,195855
11402,3.7e-05,172.31.36.0-255,66,4736,10,195855
11403,7.6e-05,172.217.194.0-255,7156,11892,10,195855
11404,7.9e-05,172.31.36.0-255,66,11958,10,195855
11405,8.5e-05,172.217.194.0-255,4936,16894,10,195855
11406,8.7e-05,172.31.36.0-255,66,16960,10,195855
11407,0.000101,172.31.36.0-255,66,17026,10,195855
11408,0.000115,172.217.194.0-255,2543,19569,10,195855
11409,0.000118,172.31.36.0-255,66,19635,10,195855
11410,0.000162,172.217.194.0-255,1484,21119,10,195855
11411,0.000164,172.31.36.0-255,66,21185,10,195855
11412,0.000182,172.217.194.0-255,2902,24087,10,195855
11413,0.000184,172.31.36.0-255,66,24153,10,195855
11414,0.000191,172.217.194.0-255,5738,29891,10,195855
11415,0.000194,172.31.36.0-255,66,29957,10,195855
11416,0.000249,172.31.36.0-255,66,30023,10,195855
11417,0.00027,172.217.194.0-255,3961,33984,10,195855
11418,0.000272,172.31.36.0-255,66,34050,10,195855
11419,0.000284,172.31.36.0-255,66,34116,10,195855
11420,0.000435,172.217.194.0-255,378,34494,10,195855
11421,0.00044,172.31.36.0-255,66,34560,10,195855
11422,0.000599,172.217.194.0-255,1484,36044,10,195855
11423,0.000604,172.31.36.0-255,66,36110,10,195855
11424,0.00061,172.217.194.0-255,2902,39012,10,195855
11425,0.000613,172.31.36.0-255,66,39078,10,195855
11426,0.00062,172.217.194.0-255,5738,44816,10,195855
11427,0.000623,172.31.36.0-255,66,44882,10,195855
11428,0.000663,172.31.36.0-255,66,44948,10,195855
11429,0.00067,172.217.194.0-255,7156,52104,10,195855
11430,0.000673,172.31.36.0-255,66,52170,10,195855
11431,0.000708,172.217.194.0-255,3602,55772,10,195855
11432,0.00071,172.31.36.0-255,66,55838,10,195855
11433,0.001005,172.217.194.0-255,1484,57322,10,195855
11434,0.001012,172.217.194.0-255,2902,60224,10,195855
11435,0.001016,172.31.36.0-255,66,60290,10,195855
11436,0.001023,172.217.194.0-255,5738,66028,10,195855
11437,0.001025,172.31.36.0-255,66,66094,10,195855
11438,0.001044,172.217.194.0-255,2902,68996,10,195855
11439,0.001046,172.31.36.0-255,66,69062,10,195855
11440,0.001089,172.31.36.0-255,66,69128,10,195855
11441,0.001101,172.31.36.0-255,66,69194,10,195855
11442,0.001122,172.217.194.0-255,1484,70678,10,195855
11443,0.001128,172.217.194.0-255,2902,73580,10,195855
11444,0.00113,172.31.36.0-255,66,73646,10,195855
11445,0.001137,172.217.194.0-255,5738,79384,10,195855
11446,0.00114,172.31.36.0-255,66,79450,10,195855
11447,0.001176,172.31.36.0-255,66,79516,10,195855
11448,0.001204,172.31.36.0-255,66,79582,10,195855
11449,0.00121,172.217.194.0-255,766,80348,10,195855
11450,0.001321,172.217.194.0-255,1484,81832,10,195855
11451,0.001325,172.31.36.0-255,66,81898,10,195855
11452,0.00133,172.217.194.0-255,2902,84800,10,195855
11453,0.001333,172.31.36.0-255,66,84866,10,195855
11454,0.001338,172.217.194.0-255,2902,87768,10,195855
11455,0.00134,172.31.36.0-255,66,87834,10,195855
11456,0.001359,172.217.194.0-255,2902,90736,10,195855
11457,0.001362,172.31.36.0-255,66,90802,10,195855
11458,0.001376,172.31.36.0-255,66,90868,10,195855
11459,0.001379,172.217.194.0-255,1484,92352,10,195855
11460,0.001402,172.31.36.0-255,66,92418,10,195855
11461,0.001455,172.217.194.0-255,1484,93902,10,195855
11462,0.001461,172.217.194.0-255,2902,96804,10,195855
11463,0.001464,172.31.36.0-255,66,96870,10,195855
11464,0.001469,172.217.194.0-255,4320,101190,10,195855
11465,0.001472,172.31.36.0-255,66,101256,10,195855
11466,0.001484,172.217.194.0-255,1484,102740,10,195855
11467,0.001508,172.31.36.0-255,66,102806,10,195855
11468,0.001523,172.217.194.0-255,1484,104290,10,195855
11469,0.001528,172.217.194.0-255,2902,107192,10,195855
11470,0.00153,172.31.36.0-255,66,107258,10,195855
11471,0.00156,172.31.36.0-255,66,107324,10,195855
11472,0.001611,172.217.194.0-255,1484,108808,10,195855
11473,0.001616,172.217.194.0-255,2902,111710,10,195855
11474,0.001618,172.31.36.0-255,66,111776,10,195855
11475,0.001642,172.217.194.0-255,5738,117514,10,195855
11476,0.001645,172.31.36.0-255,66,117580,10,195855
11477,0.001663,172.31.36.0-255,66,117646,10,195855
11478,0.001686,172.217.194.0-255,5738,123384,10,195855
11479,0.001688,172.31.36.0-255,66,123450,10,195855
11480,0.001706,172.217.194.0-255,5020,128470,10,195855
11481,0.00171,172.31.36.0-255,66,128536,10,195855
11482,0.001741,172.217.194.0-255,1484,130020,10,195855
11483,0.001746,172.217.194.0-255,2902,132922,10,195855
11484,0.001749,172.31.36.0-255,66,132988,10,195855
11485,0.001771,172.217.194.0-255,5738,138726,10,195855
11486,0.001773,172.31.36.0-255,66,138792,10,195855
11487,0.001776,172.217.194.0-255,1484,140276,10,195855
11488,0.001801,172.31.36.0-255,66,140342,10,195855
11489,0.001816,172.217.194.0-255,1484,141826,10,195855
11490,0.001847,172.31.36.0-255,66,141892,10,195855
11491,0.001894,172.217.194.0-255,5738,147630,10,195855
11492,0.001928,172.217.194.0-255,1484,149114,10,195855
11493,0.001947,172.217.194.0-255,2902,152016,10,195855
11494,0.001951,172.217.194.0-255,2902,154918,10,195855
11495,0.001968,172.217.194.0-255,2902,157820,10,195855
11496,0.001974,172.217.194.0-255,5738,163558,10,195855
11497,0.001993,172.217.194.0-255,7156,170714,10,195855
11498,0.001996,172.217.194.0-255,1484,172198,10,195855
11499,0.002024,172.217.194.0-255,7156,179354,10,195855
11500,0.002041,172.217.194.0-255,4320,183674,10,195855
11501,0.002096,172.217.194.0-255,7156,190830,10,195855
11502,0.002141,172.217.194.0-255,4683,195513,10,195855
11503,0.002189,172.217.194.0-255,105,195618,10,195855
11504,0.005343,172.31.36.0-255,66,195684,10,195855
11505,0.008432,172.31.36.0-255,105,195789,10,195855
11506,0.010972,172.217.194.0-255,66,195855,10,195855
11507,0.0,74.125.200.0-255,153,153,10,160018
11508,1.6e-05,172.31.36.0-255,66,219,10,160018
11509,2.3e-05,74.125.200.0-255,1484,1703,10,160018
11510,2.7e-05,172.31.36.0-255,66,1769,10,160018
11511,3.3e-05,74.125.200.0-255,2902,4671,10,160018
11512,3.6e-05,172.31.36.0-255,66,4737,10,160018
11513,5.9e-05,74.125.200.0-255,4320,9057,10,160018
11514,6.2e-05,172.31.36.0-255,66,9123,10,160018
11515,9.8e-05,74.125.200.0-255,4884,14007,10,160018
11516,0.000101,172.31.36.0-255,66,14073,10,160018
11517,0.000122,74.125.200.0-255,4320,18393,10,160018
11518,0.000125,172.31.36.0-255,66,18459,10,160018
11519,0.000142,74.125.200.0-255,1484,19943,10,160018
11520,0.000145,172.31.36.0-255,66,20009,10,160018
11521,0.000151,74.125.200.0-255,5738,25747,10,160018
11522,0.000153,172.31.36.0-255,66,25813,10,160018
11523,0.000188,74.125.200.0-255,5379,31192,10,160018
11524,0.000191,172.31.36.0-255,66,31258,10,160018
11525,0.00024,74.125.200.0-255,1484,32742,10,160018
11526,0.000242,172.31.36.0-255,66,32808,10,160018
11527,0.000248,74.125.200.0-255,2902,35710,10,160018
11528,0.00025,172.31.36.0-255,66,35776,10,160018
11529,0.000279,74.125.200.0-255,5738,41514,10,160018
11530,0.000282,172.31.36.0-255,66,41580,10,160018
11531,0.000285,74.125.200.0-255,1484,43064,10,160018
11532,0.000287,172.31.36.0-255,66,43130,10,160018
11533,0.000311,74.125.200.0-255,5379,48509,10,160018
11534,0.000314,172.31.36.0-255,66,48575,10,160018
11535,0.000332,74.125.200.0-255,4320,52895,10,160018
11536,0.000334,172.31.36.0-255,66,52961,10,160018
11537,0.000355,74.125.200.0-255,2902,55863,10,160018
11538,0.000358,172.31.36.0-255,66,55929,10,160018
11539,0.000362,74.125.200.0-255,2902,58831,10,160018
11540,0.000364,172.31.36.0-255,66,58897,10,160018
11541,0.000398,74.125.200.0-255,7152,66049,10,160018
11542,0.000401,172.31.36.0-255,66,66115,10,160018
11543,0.000494,74.125.200.0-255,331,66446,10,160018
11544,0.001023,74.125.200.0-255,1484,67930,10,160018
11545,0.001028,172.31.36.0-255,66,67996,10,160018
11546,0.001045,74.125.200.0-255,2902,70898,10,160018
11547,0.001047,172.31.36.0-255,66,70964,10,160018
11548,0.001051,74.125.200.0-255,1484,72448,10,160018
11549,0.001073,74.125.200.0-255,4320,76768,10,160018
11550,0.001076,172.31.36.0-255,66,76834,10,160018
11551,0.001082,74.125.200.0-255,4320,81154,10,160018
11552,0.001084,172.31.36.0-255,66,81220,10,160018
11553,0.001112,74.125.200.0-255,5738,86958,10,160018
11554,0.001115,172.31.36.0-255,66,87024,10,160018
11555,0.001118,74.125.200.0-255,1484,88508,10,160018
11556,0.001147,172.31.36.0-255,66,88574,10,160018
11557,0.001172,74.125.200.0-255,2184,90758,10,160018
11558,0.001175,172.31.36.0-255,66,90824,10,160018
11559,0.001842,74.125.200.0-255,1484,92308,10,160018
11560,0.001852,74.125.200.0-255,2902,95210,10,160018
11561,0.001856,172.31.36.0-255,66,95276,10,160018
11562,0.001864,74.125.200.0-255,5738,101014,10,160018
11563,0.001866,172.31.36.0-255,66,101080,10,160018
11564,0.001882,74.125.200.0-255,1484,102564,10,160018
11565,0.001895,74.125.200.0-255,2902,105466,10,160018
11566,0.001897,172.31.36.0-255,66,105532,10,160018
11567,0.001918,74.125.200.0-255,5738,111270,10,160018
11568,0.00192,172.31.36.0-255,66,111336,10,160018
11569,0.001935,74.125.200.0-255,2902,114238,10,160018
11570,0.001937,172.31.36.0-255,66,114304,10,160018
11571,0.001954,74.125.200.0-255,4320,118624,10,160018
11572,0.001956,172.31.36.0-255,66,118690,10,160018
11573,0.001995,74.125.200.0-255,6438,125128,10,160018
11574,0.001997,172.31.36.0-255,66,125194,10,160018
11575,0.004559,74.125.200.0-255,5738,130932,10,160018
11576,0.004566,172.31.36.0-255,66,130998,10,160018
11577,0.007123,74.125.200.0-255,5738,136736,10,160018
11578,0.007129,172.31.36.0-255,66,136802,10,160018
11579,0.009705,74.125.200.0-255,5738,142540,10,160018
11580,0.009717,172.31.36.0-255,66,142606,10,160018
11581,0.012328,74.125.200.0-255,5738,148344,10,160018
11582,0.01234,172.31.36.0-255,66,148410,10,160018
11583,0.014927,74.125.200.0-255,5738,154148,10,160018
11584,0.014942,172.31.36.0-255,66,154214,10,160018
11585,0.017531,74.125.200.0-255,5738,159952,10,160018
11586,0.017546,172.31.36.0-255,66,160018,10,160018
11587,0.0,172.253.118.0-255,153,153,10,220063
11588,3.4e-05,172.31.36.0-255,66,219,10,220063
11589,4.1e-05,172.253.118.0-255,1484,1703,10,220063
11590,4.5e-05,172.31.36.0-255,66,1769,10,220063
11591,5.9e-05,172.253.118.0-255,2902,4671,10,220063
11592,6.2e-05,172.31.36.0-255,66,4737,10,220063
11593,6.9e-05,172.253.118.0-255,5738,10475,10,220063
11594,7.1e-05,172.31.36.0-255,66,10541,10,220063
11595,7.6e-05,172.253.118.0-255,3521,14062,10,220063
11596,8.1e-05,172.31.36.0-255,66,14128,10,220063
11597,0.000105,172.253.118.0-255,4320,18448,10,220063
11598,0.000107,172.31.36.0-255,66,18514,10,220063
11599,0.000113,172.253.118.0-255,4320,22834,10,220063
11600,0.000121,172.31.36.0-255,66,22900,10,220063
11601,0.000133,172.253.118.0-255,1484,24384,10,220063
11602,0.000135,172.31.36.0-255,66,24450,10,220063
11603,0.000169,172.253.118.0-255,6797,31247,10,220063
11604,0.000172,172.31.36.0-255,66,31313,10,220063
11605,0.000299,172.253.118.0-255,1484,32797,10,220063
11606,0.000303,172.31.36.0-255,66,32863,10,220063
11607,0.00031,172.253.118.0-255,2902,35765,10,220063
11608,0.000313,172.31.36.0-255,66,35831,10,220063
11609,0.000337,172.253.118.0-255,5738,41569,10,220063
11610,0.000345,172.31.36.0-255,66,41635,10,220063
11611,0.000393,172.31.36.0-255,66,41701,10,220063
11612,0.000411,172.31.36.0-255,66,41767,10,220063
11613,0.000414,172.253.118.0-255,1125,42892,10,220063
11614,0.000418,172.31.36.0-255,66,42958,10,220063
11615,0.000845,172.253.118.0-255,647,43605,10,220063
11616,0.00085,172.31.36.0-255,66,43671,10,220063
11617,0.00104,172.253.118.0-255,1484,45155,10,220063
11618,0.001046,172.253.118.0-255,1484,46639,10,220063
11619,0.001063,172.253.118.0-255,1484,48123,10,220063
11620,0.00107,172.253.118.0-255,5738,53861,10,220063
11621,0.00108,172.253.118.0-255,1484,55345,10,220063
11622,0.001104,172.253.118.0-255,7156,62501,10,220063
11623,0.001124,172.253.118.0-255,4320,66821,10,220063
11624,0.00113,172.253.118.0-255,5738,72559,10,220063
11625,0.001145,172.253.118.0-255,2902,75461,10,220063
11626,0.00117,172.253.118.0-255,2184,77645,10,220063
11627,0.001294,172.253.118.0-255,1484,79129,10,220063
11628,0.001319,172.253.118.0-255,2902,82031,10,220063
11629,0.001339,172.253.118.0-255,4320,86351,10,220063
11630,0.001353,172.253.118.0-255,1484,87835,10,220063
11631,0.001356,172.253.118.0-255,1484,89319,10,220063
11632,0.001373,172.253.118.0-255,2902,92221,10,220063
11633,0.00138,172.253.118.0-255,5738,97959,10,220063
11634,0.001383,172.253.118.0-255,1484,99443,10,220063
11635,0.001399,172.253.118.0-255,5738,105181,10,220063
11636,0.001425,172.253.118.0-255,2902,108083,10,220063
11637,0.001439,172.253.118.0-255,3602,111685,10,220063
11638,0.001458,172.253.118.0-255,4320,116005,10,220063
11639,0.001475,172.253.118.0-255,2902,118907,10,220063
11640,0.00148,172.253.118.0-255,4320,123227,10,220063
11641,0.001505,172.253.118.0-255,5738,128965,10,220063
11642,0.00152,172.253.118.0-255,7156,136121,10,220063
11643,0.001789,172.253.118.0-255,1484,137605,10,220063
11644,0.001793,172.253.118.0-255,2902,140507,10,220063
11645,0.001812,172.253.118.0-255,4320,144827,10,220063
11646,0.001828,172.253.118.0-255,1484,146311,10,220063
11647,0.001865,172.253.118.0-255,1484,147795,10,220063
11648,0.001886,172.253.118.0-255,2902,150697,10,220063
11649,0.001908,172.253.118.0-255,6438,157135,10,220063
11650,0.002171,172.253.118.0-255,1484,158619,10,220063
11651,0.002184,172.253.118.0-255,1484,160103,10,220063
11652,0.002196,172.253.118.0-255,1484,161587,10,220063
11653,0.002202,172.253.118.0-255,5738,167325,10,220063
11654,0.002229,172.253.118.0-255,5738,173063,10,220063
11655,0.002253,172.253.118.0-255,7156,180219,10,220063
11656,0.002259,172.253.118.0-255,7156,187375,10,220063
11657,0.002273,172.253.118.0-255,3602,190977,10,220063
11658,0.006417,172.31.36.0-255,66,191043,10,220063
11659,0.008676,172.253.118.0-255,5738,196781,10,220063
11660,0.008685,172.31.36.0-255,66,196847,10,220063
11661,0.010944,172.253.118.0-255,5738,202585,10,220063
11662,0.010953,172.31.36.0-255,66,202651,10,220063
11663,0.013178,172.253.118.0-255,5738,208389,10,220063
11664,0.013185,172.31.36.0-255,66,208455,10,220063
11665,0.01546,172.253.118.0-255,5738,214193,10,220063
11666,0.015889,172.31.36.0-255,66,214259,10,220063
11667,0.018138,172.253.118.0-255,5738,219997,10,220063
11668,0.018146,172.31.36.0-255,66,220063,10,220063
11669,0.0,172.217.194.0-255,153,153,10,149558
11670,1.6e-05,172.31.36.0-255,66,219,10,149558
11671,2.3e-05,172.217.194.0-255,1484,1703,10,149558
11672,2.7e-05,172.31.36.0-255,66,1769,10,149558
11673,3.2e-05,172.217.194.0-255,2902,4671,10,149558
11674,3.6e-05,172.31.36.0-255,66,4737,10,149558
11675,5e-05,172.217.194.0-255,7156,11893,10,149558
11676,5.4e-05,172.31.36.0-255,66,11959,10,149558
11677,7e-05,172.217.194.0-255,2902,14861,10,149558
11678,7.2e-05,172.31.36.0-255,66,14927,10,149558
11679,0.000107,172.31.36.0-255,66,14993,10,149558
11680,0.000115,172.217.194.0-255,2543,17536,10,149558
11681,0.000117,172.31.36.0-255,66,17602,10,149558
11682,0.000144,172.217.194.0-255,7156,24758,10,149558
11683,0.000147,172.31.36.0-255,66,24824,10,149558
11684,0.000191,172.31.36.0-255,66,24890,10,149558
11685,0.000417,172.217.194.0-255,1484,26374,10,149558
11686,0.000422,172.31.36.0-255,66,26440,10,149558
11687,0.000428,172.217.194.0-255,2902,29342,10,149558
11688,0.00043,172.31.36.0-255,66,29408,10,149558
11689,0.000441,172.217.194.0-255,5738,35146,10,149558
11690,0.000443,172.31.36.0-255,66,35212,10,149558
11691,0.00049,172.217.194.0-255,5738,40950,10,149558
11692,0.000493,172.31.36.0-255,66,41016,10,149558
11693,0.000516,172.217.194.0-255,1125,42141,10,149558
11694,0.000518,172.31.36.0-255,66,42207,10,149558
11695,0.000525,172.217.194.0-255,7156,49363,10,149558
11696,0.000527,172.31.36.0-255,66,49429,10,149558
11697,0.000587,172.31.36.0-255,66,49495,10,149558
11698,0.000602,172.31.36.0-255,66,49561,10,149558
11699,0.000608,172.217.194.0-255,5379,54940,10,149558
11700,0.00061,172.31.36.0-255,66,55006,10,149558
11701,0.000616,172.217.194.0-255,5738,60744,10,149558
11702,0.000618,172.31.36.0-255,66,60810,10,149558
11703,0.000641,172.217.194.0-255,1484,62294,10,149558
11704,0.000673,172.31.36.0-255,66,62360,10,149558
11705,0.000937,172.217.194.0-255,1484,63844,10,149558
11706,0.000943,172.217.194.0-255,2902,66746,10,149558
11707,0.000946,172.31.36.0-255,66,66812,10,149558
11708,0.000953,172.217.194.0-255,5738,72550,10,149558
11709,0.000954,172.31.36.0-255,66,72616,10,149558
11710,0.000993,172.31.36.0-255,66,72682,10,149558
11711,0.000996,172.217.194.0-255,1484,74166,10,149558
11712,0.001027,172.31.36.0-255,66,74232,10,149558
11713,0.001053,172.217.194.0-255,1484,75716,10,149558
11714,0.001058,172.217.194.0-255,2902,78618,10,149558
11715,0.00106,172.31.36.0-255,66,78684,10,149558
11716,0.001065,172.217.194.0-255,5738,84422,10,149558
11717,0.001067,172.31.36.0-255,66,84488,10,149558
11718,0.001106,172.31.36.0-255,66,84554,10,149558
11719,0.001117,172.31.36.0-255,66,84620,10,149558
11720,0.001143,172.217.194.0-255,2902,87522,10,149558
11721,0.001145,172.31.36.0-255,66,87588,10,149558
11722,0.001167,172.217.194.0-255,1484,89072,10,149558
11723,0.001173,172.217.194.0-255,5738,94810,10,149558
11724,0.001176,172.31.36.0-255,66,94876,10,149558
11725,0.001181,172.217.194.0-255,5738,100614,10,149558
11726,0.001183,172.31.36.0-255,66,100680,10,149558
11727,0.00121,172.217.194.0-255,5738,106418,10,149558
11728,0.001213,172.31.36.0-255,66,106484,10,149558
11729,0.001226,172.31.36.0-255,66,106550,10,149558
11730,0.001235,172.31.36.0-255,66,106616,10,149558
11731,0.001268,172.217.194.0-255,4320,110936,10,149558
11732,0.001271,172.31.36.0-255,66,111002,10,149558
11733,0.00129,172.31.36.0-255,66,111068,10,149558
11734,0.001316,172.217.194.0-255,3602,114670,10,149558
11735,0.001318,172.31.36.0-255,66,114736,10,149558
11736,0.001366,172.217.194.0-255,1484,116220,10,149558
11737,0.001411,172.217.194.0-255,2902,119122,10,149558
11738,0.001414,172.31.36.0-255,66,119188,10,149558
11739,0.00142,172.217.194.0-255,5738,124926,10,149558
11740,0.001422,172.31.36.0-255,66,124992,10,149558
11741,0.001441,172.31.36.0-255,66,125058,10,149558
11742,0.001452,172.31.36.0-255,66,125124,10,149558
11743,0.001454,172.217.194.0-255,766,125890,10,149558
11744,0.001476,172.217.194.0-255,1484,127374,10,149558
11745,0.001479,172.31.36.0-255,66,127440,10,149558
11746,0.001482,172.217.194.0-255,1484,128924,10,149558
11747,0.001509,172.217.194.0-255,2902,131826,10,149558
11748,0.001512,172.31.36.0-255,66,131892,10,149558
11749,0.001522,172.31.36.0-255,66,131958,10,149558
11750,0.00154,172.217.194.0-255,5738,137696,10,149558
11751,0.001542,172.31.36.0-255,66,137762,10,149558
11752,0.001566,172.217.194.0-255,4320,142082,10,149558
11753,0.001569,172.31.36.0-255,66,142148,10,149558
11754,0.00159,172.31.36.0-255,66,142214,10,149558
11755,0.001602,172.31.36.0-255,66,142280,10,149558
11756,0.00163,172.217.194.0-255,4320,146600,10,149558
11757,0.001633,172.31.36.0-255,66,146666,10,149558
11758,0.001671,172.31.36.0-255,66,146732,10,149558
11759,0.001691,172.31.36.0-255,66,146798,10,149558
11760,0.001712,172.31.36.0-255,66,146864,10,149558
11761,0.001756,172.31.36.0-255,66,146930,10,149558
11762,0.00176,172.217.194.0-255,2220,149150,10,149558
11763,0.001762,172.31.36.0-255,66,149216,10,149558
11764,0.001764,172.217.194.0-255,105,149321,10,149558
11765,0.009572,172.31.36.0-255,66,149387,10,149558
11766,0.009612,172.31.36.0-255,105,149492,10,149558
11767,0.012193,172.217.194.0-255,66,149558,10,149558
11768,0.0,74.125.24.0-255,153,153,10,162246
11769,2.4e-05,172.31.36.0-255,66,219,10,162246
11770,3.1e-05,74.125.24.0-255,1484,1703,10,162246
11771,3.5e-05,172.31.36.0-255,66,1769,10,162246
11772,4.9e-05,74.125.24.0-255,2902,4671,10,162246
11773,5.3e-05,172.31.36.0-255,66,4737,10,162246
11774,6.1e-05,74.125.24.0-255,7156,11893,10,162246
11775,6.4e-05,172.31.36.0-255,66,11959,10,162246
11776,6.8e-05,74.125.24.0-255,2037,13996,10,162246
11777,7.2e-05,172.31.36.0-255,66,14062,10,162246
11778,0.000135,74.125.24.0-255,1484,15546,10,162246
11779,0.000138,172.31.36.0-255,66,15612,10,162246
11780,0.000143,74.125.24.0-255,2902,18514,10,162246
11781,0.000146,172.31.36.0-255,66,18580,10,162246
11782,0.000149,74.125.24.0-255,1484,20064,10,162246
11783,0.000152,172.31.36.0-255,66,20130,10,162246
11784,0.000179,74.125.24.0-255,4320,24450,10,162246
11785,0.000183,172.31.36.0-255,66,24516,10,162246
11786,0.000226,172.31.36.0-255,66,24582,10,162246
11787,0.000255,172.31.36.0-255,66,24648,10,162246
11788,0.000276,74.125.24.0-255,1484,26132,10,162246
11789,0.000279,74.125.24.0-255,1125,27257,10,162246
11790,0.000283,172.31.36.0-255,66,27323,10,162246
11791,0.000287,172.31.36.0-255,66,27389,10,162246
11792,0.000322,74.125.24.0-255,1484,28873,10,162246
11793,0.000324,172.31.36.0-255,66,28939,10,162246
11794,0.000329,74.125.24.0-255,2902,31841,10,162246
11795,0.000332,172.31.36.0-255,66,31907,10,162246
11796,0.000364,74.125.24.0-255,5738,37645,10,162246
11797,0.000368,172.31.36.0-255,66,37711,10,162246
11798,0.000374,74.125.24.0-255,4320,42031,10,162246
11799,0.000423,74.125.24.0-255,2898,44929,10,162246
11800,0.0006,172.31.36.0-255,66,44995,10,162246
11801,0.001166,74.125.24.0-255,331,45326,10,162246
11802,0.0012,74.125.24.0-255,1484,46810,10,162246
11803,0.001204,172.31.36.0-255,66,46876,10,162246
11804,0.001208,74.125.24.0-255,1484,48360,10,162246
11805,0.001232,74.125.24.0-255,2902,51262,10,162246
11806,0.001235,172.31.36.0-255,66,51328,10,162246
11807,0.001243,74.125.24.0-255,7156,58484,10,162246
11808,0.001245,172.31.36.0-255,66,58550,10,162246
11809,0.001282,172.31.36.0-255,66,58616,10,162246
11810,0.001288,74.125.24.0-255,4320,62936,10,162246
11811,0.00129,172.31.36.0-255,66,63002,10,162246
11812,0.001312,74.125.24.0-255,766,63768,10,162246
11813,0.001442,74.125.24.0-255,1484,65252,10,162246
11814,0.001446,172.31.36.0-255,66,65318,10,162246
11815,0.001453,74.125.24.0-255,2902,68220,10,162246
11816,0.001455,172.31.36.0-255,66,68286,10,162246
11817,0.001458,74.125.24.0-255,1484,69770,10,162246
11818,0.001477,74.125.24.0-255,4320,74090,10,162246
11819,0.001479,172.31.36.0-255,66,74156,10,162246
11820,0.00149,74.125.24.0-255,5738,79894,10,162246
11821,0.001493,172.31.36.0-255,66,79960,10,162246
11822,0.001497,74.125.24.0-255,2902,82862,10,162246
11823,0.001499,172.31.36.0-255,66,82928,10,162246
11824,0.001558,74.125.24.0-255,3602,86530,10,162246
11825,0.001579,74.125.24.0-255,2902,89432,10,162246
11826,0.001607,172.31.36.0-255,66,89498,10,162246
11827,0.001962,74.125.24.0-255,1484,90982,10,162246
11828,0.001968,74.125.24.0-255,2902,93884,10,162246
11829,0.001971,172.31.36.0-255,66,93950,10,162246
11830,0.001977,74.125.24.0-255,4320,98270,10,162246
11831,0.002001,74.125.24.0-255,1484,99754,10,162246
11832,0.002006,74.125.24.0-255,4320,104074,10,162246
11833,0.002009,74.125.24.0-255,1484,105558,10,162246
11834,0.002015,172.31.36.0-255,66,105624,10,162246
11835,0.002029,74.125.24.0-255,7156,112780,10,162246
11836,0.002045,74.125.24.0-255,2902,115682,10,162246
11837,0.002075,172.31.36.0-255,66,115748,10,162246
11838,0.004128,74.125.24.0-255,5738,121486,10,162246
11839,0.004135,172.31.36.0-255,66,121552,10,162246
11840,0.006211,74.125.24.0-255,5738,127290,10,162246
11841,0.006218,172.31.36.0-255,66,127356,10,162246
11842,0.00829,74.125.24.0-255,1484,128840,10,162246
11843,0.00831,74.125.24.0-255,4320,133160,10,162246
11844,0.008313,172.31.36.0-255,66,133226,10,162246
11845,0.0104,74.125.24.0-255,5738,138964,10,162246
11846,0.010407,172.31.36.0-255,66,139030,10,162246
11847,0.012478,74.125.24.0-255,5738,144768,10,162246
11848,0.012486,172.31.36.0-255,66,144834,10,162246
11849,0.014574,74.125.24.0-255,5738,150572,10,162246
11850,0.014584,172.31.36.0-255,66,150638,10,162246
11851,0.01668,74.125.24.0-255,5738,156376,10,162246
11852,0.016691,172.31.36.0-255,66,156442,10,162246
11853,0.018782,74.125.24.0-255,5738,162180,10,162246
11854,0.018789,172.31.36.0-255,66,162246,10,162246
11855,0.0,172.217.194.0-255,151,151,10,107923
11856,2.8e-05,172.31.36.0-255,66,217,10,107923
11857,3.5e-05,172.217.194.0-255,1484,1701,10,107923
11858,3.9e-05,172.31.36.0-255,66,1767,10,107923
11859,4.4e-05,172.217.194.0-255,2902,4669,10,107923
11860,5.4e-05,172.31.36.0-255,66,4735,10,107923
11861,6.2e-05,172.217.194.0-255,7156,11891,10,107923
11862,6.5e-05,172.31.36.0-255,66,11957,10,107923
11863,0.000141,172.31.36.0-255,66,12023,10,107923
11864,0.000153,172.217.194.0-255,2041,14064,10,107923
11865,0.00016,172.31.36.0-255,66,14130,10,107923
11866,0.000275,172.217.194.0-255,6797,20927,10,107923
11867,0.000281,172.31.36.0-255,66,20993,10,107923
11868,0.000346,172.217.194.0-255,4320,25313,10,107923
11869,0.00035,172.31.36.0-255,66,25379,10,107923
11870,0.000391,172.31.36.0-255,66,25445,10,107923
11871,0.000544,172.217.194.0-255,7156,32601,10,107923
11872,0.00055,172.31.36.0-255,66,32667,10,107923
11873,0.000587,172.31.36.0-255,66,32733,10,107923
11874,0.000714,172.217.194.0-255,382,33115,10,107923
11875,0.000718,172.31.36.0-255,66,33181,10,107923
11876,0.000746,172.217.194.0-255,5738,38919,10,107923
11877,0.000749,172.31.36.0-255,66,38985,10,107923
11878,0.000814,172.217.194.0-255,5738,44723,10,107923
11879,0.000818,172.31.36.0-255,66,44789,10,107923
11880,0.000845,172.217.194.0-255,2902,47691,10,107923
11881,0.000849,172.31.36.0-255,66,47757,10,107923
11882,0.000912,172.217.194.0-255,5738,53495,10,107923
11883,0.000916,172.31.36.0-255,66,53561,10,107923
11884,0.000957,172.31.36.0-255,66,53627,10,107923
11885,0.00111,172.217.194.0-255,766,54393,10,107923
11886,0.001128,172.217.194.0-255,2902,57295,10,107923
11887,0.001132,172.31.36.0-255,66,57361,10,107923
11888,0.001177,172.31.36.0-255,66,57427,10,107923
11889,0.00139,172.31.36.0-255,66,57493,10,107923
11890,0.001416,172.217.194.0-255,2184,59677,10,107923
11891,0.001419,172.31.36.0-255,66,59743,10,107923
11892,0.001527,172.31.36.0-255,66,59809,10,107923
11893,0.001575,172.31.36.0-255,66,59875,10,107923
11894,0.001921,172.31.36.0-255,66,59941,10,107923
11895,0.00229,172.217.194.0-255,4320,64261,10,107923
11896,0.002699,172.217.194.0-255,4320,68581,10,107923
11897,0.005847,172.31.36.0-255,66,68647,10,107923
11898,0.007857,172.217.194.0-255,4320,72967,10,107923
11899,0.007863,172.31.36.0-255,66,73033,10,107923
11900,0.007886,172.217.194.0-255,1484,74517,10,107923
11901,0.009862,172.217.194.0-255,4320,78837,10,107923
11902,0.009868,172.31.36.0-255,66,78903,10,107923
11903,0.011886,172.217.194.0-255,5738,84641,10,107923
11904,0.011893,172.31.36.0-255,66,84707,10,107923
11905,0.013911,172.217.194.0-255,5738,90445,10,107923
11906,0.013918,172.31.36.0-255,66,90511,10,107923
11907,0.015935,172.217.194.0-255,5738,96249,10,107923
11908,0.015944,172.31.36.0-255,66,96315,10,107923
11909,0.017953,172.217.194.0-255,5738,102053,10,107923
11910,0.01796,172.31.36.0-255,66,102119,10,107923
11911,0.019978,172.217.194.0-255,5738,107857,10,107923
11912,0.019985,172.31.36.0-255,66,107923,10,107923
11913,0.0,74.125.200.0-255,153,153,10,167194
11914,2.5e-05,172.31.36.0-255,66,219,10,167194
11915,3.3e-05,74.125.200.0-255,1484,1703,10,167194
11916,3.8e-05,172.31.36.0-255,66,1769,10,167194
11917,4.3e-05,74.125.200.0-255,2902,4671,10,167194
11918,4.6e-05,172.31.36.0-255,66,4737,10,167194
11919,4.9e-05,74.125.200.0-255,1484,6221,10,167194
11920,5.1e-05,172.31.36.0-255,66,6287,10,167194
11921,8.1e-05,74.125.200.0-255,2902,9189,10,167194
11922,8.6e-05,172.31.36.0-255,66,9255,10,167194
11923,8.9e-05,74.125.200.0-255,1484,10739,10,167194
11924,9.1e-05,172.31.36.0-255,66,10805,10,167194
11925,0.000111,74.125.200.0-255,4855,15660,10,167194
11926,0.000114,172.31.36.0-255,66,15726,10,167194
11927,0.000119,74.125.200.0-255,4320,20046,10,167194
11928,0.000122,172.31.36.0-255,66,20112,10,167194
11929,0.000146,74.125.200.0-255,5738,25850,10,167194
11930,0.000149,172.31.36.0-255,66,25916,10,167194
11931,0.000187,74.125.200.0-255,4320,30236,10,167194
11932,0.00019,172.31.36.0-255,66,30302,10,167194
11933,0.000207,74.125.200.0-255,1125,31427,10,167194
11934,0.00021,172.31.36.0-255,66,31493,10,167194
11935,0.000272,74.125.200.0-255,1484,32977,10,167194
11936,0.00028,172.31.36.0-255,66,33043,10,167194
11937,0.000285,74.125.200.0-255,2902,35945,10,167194
11938,0.000287,172.31.36.0-255,66,36011,10,167194
11939,0.000325,74.125.200.0-255,4320,40331,10,167194
11940,0.000329,172.31.36.0-255,66,40397,10,167194
11941,0.000333,74.125.200.0-255,2902,43299,10,167194
11942,0.000336,172.31.36.0-255,66,43365,10,167194
11943,0.00035,74.125.200.0-255,2902,46267,10,167194
11944,0.000353,172.31.36.0-255,66,46333,10,167194
11945,0.000356,74.125.200.0-255,2543,48876,10,167194
11946,0.000359,172.31.36.0-255,66,48942,10,167194
11947,0.000383,74.125.200.0-255,2902,51844,10,167194
11948,0.000386,172.31.36.0-255,66,51910,10,167194
11949,0.000403,74.125.200.0-255,7156,59066,10,167194
11950,0.000406,172.31.36.0-255,66,59132,10,167194
11951,0.000411,74.125.200.0-255,4320,63452,10,167194
11952,0.00043,172.31.36.0-255,66,63518,10,167194
11953,0.000455,74.125.200.0-255,2875,66393,10,167194
11954,0.000458,172.31.36.0-255,66,66459,10,167194
11955,0.000534,74.125.200.0-255,112,66571,10,167194
11956,0.000553,74.125.200.0-255,331,66902,10,167194
11957,0.001244,74.125.200.0-255,1484,68386,10,167194
11958,0.001249,172.31.36.0-255,66,68452,10,167194
11959,0.001255,74.125.200.0-255,2902,71354,10,167194
11960,0.001257,172.31.36.0-255,66,71420,10,167194
11961,0.001277,74.125.200.0-255,2902,74322,10,167194
11962,0.001279,172.31.36.0-255,66,74388,10,167194
11963,0.001295,74.125.200.0-255,1484,75872,10,167194
11964,0.001301,74.125.200.0-255,5738,81610,10,167194
11965,0.001303,172.31.36.0-255,66,81676,10,167194
11966,0.001321,74.125.200.0-255,4320,85996,10,167194
11967,0.001324,172.31.36.0-255,66,86062,10,167194
11968,0.00135,74.125.200.0-255,5738,91800,10,167194
11969,0.001352,172.31.36.0-255,66,91866,10,167194
11970,0.001369,74.125.200.0-255,1484,93350,10,167194
11971,0.00139,172.31.36.0-255,66,93416,10,167194
11972,0.001861,74.125.200.0-255,1484,94900,10,167194
11973,0.001887,74.125.200.0-255,2902,97802,10,167194
11974,0.00189,172.31.36.0-255,66,97868,10,167194
11975,0.00191,74.125.200.0-255,5738,103606,10,167194
11976,0.001912,172.31.36.0-255,66,103672,10,167194
11977,0.001927,74.125.200.0-255,2902,106574,10,167194
11978,0.001929,172.31.36.0-255,66,106640,10,167194
11979,0.001943,74.125.200.0-255,4320,110960,10,167194
11980,0.001945,172.31.36.0-255,66,111026,10,167194
11981,0.001979,74.125.200.0-255,5738,116764,10,167194
11982,0.001981,172.31.36.0-255,66,116830,10,167194
11983,0.001996,74.125.200.0-255,1484,118314,10,167194
11984,0.002001,74.125.200.0-255,4320,122634,10,167194
11985,0.002003,172.31.36.0-255,66,122700,10,167194
11986,0.002027,74.125.200.0-255,4320,127020,10,167194
11987,0.002029,74.125.200.0-255,766,127786,10,167194
11988,0.002032,172.31.36.0-255,66,127852,10,167194
11989,0.002217,172.31.36.0-255,66,127918,10,167194
11990,0.004295,74.125.200.0-255,4320,132238,10,167194
11991,0.004299,172.31.36.0-255,66,132304,10,167194
11992,0.004483,74.125.200.0-255,1484,133788,10,167194
11993,0.006564,74.125.200.0-255,4320,138108,10,167194
11994,0.006569,172.31.36.0-255,66,138174,10,167194
11995,0.008842,74.125.200.0-255,5738,143912,10,167194
11996,0.008849,172.31.36.0-255,66,143978,10,167194
11997,0.011134,74.125.200.0-255,5738,149716,10,167194
11998,0.011143,172.31.36.0-255,66,149782,10,167194
11999,0.01343,74.125.200.0-255,5738,155520,10,167194
12000,0.013439,172.31.36.0-255,66,155586,10,167194
12001,0.015714,74.125.200.0-255,5738,161324,10,167194
12002,0.01572,172.31.36.0-255,66,161390,10,167194
12003,0.018001,74.125.200.0-255,5738,167128,10,167194
12004,0.018009,172.31.36.0-255,66,167194,10,167194
12005,0.0,74.125.24.0-255,153,153,10,158462
12006,3e-05,172.31.36.0-255,66,219,10,158462
12007,3.7e-05,74.125.24.0-255,1484,1703,10,158462
12008,4.1e-05,172.31.36.0-255,66,1769,10,158462
12009,5.3e-05,74.125.24.0-255,2902,4671,10,158462
12010,5.5e-05,172.31.36.0-255,66,4737,10,158462
12011,6e-05,74.125.24.0-255,2902,7639,10,158462
12012,6.2e-05,172.31.36.0-255,66,7705,10,158462
12013,9.9e-05,74.125.24.0-255,6196,13901,10,158462
12014,0.000102,172.31.36.0-255,66,13967,10,158462
12015,0.000136,74.125.24.0-255,2902,16869,10,158462
12016,0.000143,172.31.36.0-255,66,16935,10,158462
12017,0.000174,74.125.24.0-255,4320,21255,10,158462
12018,0.000178,172.31.36.0-255,66,21321,10,158462
12019,0.000187,74.125.24.0-255,5738,27059,10,158462
12020,0.000189,172.31.36.0-255,66,27125,10,158462
12021,0.000194,74.125.24.0-255,3961,31086,10,158462
12022,0.000196,172.31.36.0-255,66,31152,10,158462
12023,0.000257,74.125.24.0-255,1484,32636,10,158462
12024,0.000261,172.31.36.0-255,66,32702,10,158462
12025,0.000267,74.125.24.0-255,2902,35604,10,158462
12026,0.000269,172.31.36.0-255,66,35670,10,158462
12027,0.000272,74.125.24.0-255,1484,37154,10,158462
12028,0.000274,172.31.36.0-255,66,37220,10,158462
12029,0.000315,74.125.24.0-255,4320,41540,10,158462
12030,0.00032,172.31.36.0-255,66,41606,10,158462
12031,0.000327,74.125.24.0-255,6797,48403,10,158462
12032,0.000329,172.31.36.0-255,66,48469,10,158462
12033,0.000371,172.31.36.0-255,66,48535,10,158462
12034,0.000375,74.125.24.0-255,2849,51384,10,158462
12035,0.000378,74.125.24.0-255,111,51495,10,158462
12036,0.00038,172.31.36.0-255,66,51561,10,158462
12037,0.000433,74.125.24.0-255,335,51896,10,158462
12038,0.000954,172.31.36.0-255,66,51962,10,158462
12039,0.000954,74.125.24.0-255,1484,53446,10,158462
12040,0.000986,74.125.24.0-255,2902,56348,10,158462
12041,0.000989,172.31.36.0-255,66,56414,10,158462
12042,0.000995,74.125.24.0-255,2902,59316,10,158462
12043,0.000998,172.31.36.0-255,66,59382,10,158462
12044,0.001032,74.125.24.0-255,2902,62284,10,158462
12045,0.001035,172.31.36.0-255,66,62350,10,158462
12046,0.001039,74.125.24.0-255,2902,65252,10,158462
12047,0.001041,172.31.36.0-255,66,65318,10,158462
12048,0.001052,172.31.36.0-255,66,65384,10,158462
12049,0.001057,74.125.24.0-255,2902,68286,10,158462
12050,0.001059,172.31.36.0-255,66,68352,10,158462
12051,0.001093,172.31.36.0-255,66,68418,10,158462
12052,0.001123,74.125.24.0-255,5738,74156,10,158462
12053,0.001126,172.31.36.0-255,66,74222,10,158462
12054,0.001153,74.125.24.0-255,1484,75706,10,158462
12055,0.001165,172.31.36.0-255,66,75772,10,158462
12056,0.001185,172.31.36.0-255,66,75838,10,158462
12057,0.001189,74.125.24.0-255,766,76604,10,158462
12058,0.001589,172.31.36.0-255,66,76670,10,158462
12059,0.001697,74.125.24.0-255,1484,78154,10,158462
12060,0.001705,74.125.24.0-255,2902,81056,10,158462
12061,0.001708,172.31.36.0-255,66,81122,10,158462
12062,0.001715,74.125.24.0-255,5738,86860,10,158462
12063,0.001717,172.31.36.0-255,66,86926,10,158462
12064,0.001729,74.125.24.0-255,4320,91246,10,158462
12065,0.001732,172.31.36.0-255,66,91312,10,158462
12066,0.001735,74.125.24.0-255,1484,92796,10,158462
12067,0.001774,172.31.36.0-255,66,92862,10,158462
12068,0.001783,172.31.36.0-255,66,92928,10,158462
12069,0.001979,74.125.24.0-255,1484,94412,10,158462
12070,0.001986,74.125.24.0-255,2902,97314,10,158462
12071,0.001989,172.31.36.0-255,66,97380,10,158462
12072,0.001993,74.125.24.0-255,1484,98864,10,158462
12073,0.002021,74.125.24.0-255,4320,103184,10,158462
12074,0.002024,172.31.36.0-255,66,103250,10,158462
12075,0.002037,172.31.36.0-255,66,103316,10,158462
12076,0.00205,74.125.24.0-255,1484,104800,10,158462
12077,0.002069,74.125.24.0-255,2902,107702,10,158462
12078,0.002072,172.31.36.0-255,66,107768,10,158462
12079,0.002118,172.31.36.0-255,66,107834,10,158462
12080,0.002134,172.31.36.0-255,66,107900,10,158462
12081,0.002176,74.125.24.0-255,5738,113638,10,158462
12082,0.00218,172.31.36.0-255,66,113704,10,158462
12083,0.002233,172.31.36.0-255,66,113770,10,158462
12084,0.002261,172.31.36.0-255,66,113836,10,158462
12085,0.002301,172.31.36.0-255,66,113902,10,158462
12086,0.002329,172.31.36.0-255,66,113968,10,158462
12087,0.002335,74.125.24.0-255,5020,118988,10,158462
12088,0.002337,172.31.36.0-255,66,119054,10,158462
12089,0.002363,172.31.36.0-255,66,119120,10,158462
12090,0.002374,172.31.36.0-255,66,119186,10,158462
12091,0.004678,74.125.24.0-255,5738,124924,10,158462
12092,0.0047,172.31.36.0-255,66,124990,10,158462
12093,0.007033,74.125.24.0-255,5738,130728,10,158462
12094,0.00705,172.31.36.0-255,66,130794,10,158462
12095,0.009339,74.125.24.0-255,5738,136532,10,158462
12096,0.009355,172.31.36.0-255,66,136598,10,158462
12097,0.011625,74.125.24.0-255,4320,140918,10,158462
12098,0.011631,172.31.36.0-255,66,140984,10,158462
12099,0.011669,74.125.24.0-255,1484,142468,10,158462
12100,0.013896,74.125.24.0-255,4320,146788,10,158462
12101,0.013901,172.31.36.0-255,66,146854,10,158462
12102,0.016195,74.125.24.0-255,5738,152592,10,158462
12103,0.016201,172.31.36.0-255,66,152658,10,158462
12104,0.018467,74.125.24.0-255,5738,158396,10,158462
12105,0.018474,172.31.36.0-255,66,158462,10,158462
12106,0.0,74.125.68.0-255,153,153,10,210358
12107,3.4e-05,172.31.36.0-255,66,219,10,210358
12108,4.1e-05,74.125.68.0-255,1484,1703,10,210358
12109,4.5e-05,172.31.36.0-255,66,1769,10,210358
12110,5e-05,74.125.68.0-255,2902,4671,10,210358
12111,5.2e-05,172.31.36.0-255,66,4737,10,210358
12112,5.5e-05,74.125.68.0-255,1484,6221,10,210358
12113,5.8e-05,172.31.36.0-255,66,6287,10,210358
12114,6.4e-05,74.125.68.0-255,2902,9189,10,210358
12115,6.7e-05,172.31.36.0-255,66,9255,10,210358
12116,9.6e-05,74.125.68.0-255,2902,12157,10,210358
12117,9.9e-05,172.31.36.0-255,66,12223,10,210358
12118,0.000114,74.125.68.0-255,2036,14259,10,210358
12119,0.000116,172.31.36.0-255,66,14325,10,210358
12120,0.000318,74.125.68.0-255,1484,15809,10,210358
12121,0.000323,172.31.36.0-255,66,15875,10,210358
12122,0.000328,74.125.68.0-255,2902,18777,10,210358
12123,0.000331,172.31.36.0-255,66,18843,10,210358
12124,0.000354,74.125.68.0-255,1484,20327,10,210358
12125,0.000357,172.31.36.0-255,66,20393,10,210358
12126,0.000361,74.125.68.0-255,2902,23295,10,210358
12127,0.000364,172.31.36.0-255,66,23361,10,210358
12128,0.000379,74.125.68.0-255,2902,26263,10,210358
12129,0.000382,172.31.36.0-255,66,26329,10,210358
12130,0.000397,74.125.68.0-255,2902,29231,10,210358
12131,0.000399,172.31.36.0-255,66,29297,10,210358
12132,0.000404,74.125.68.0-255,2543,31840,10,210358
12133,0.000407,172.31.36.0-255,66,31906,10,210358
12134,0.000513,74.125.68.0-255,1484,33390,10,210358
12135,0.000517,172.31.36.0-255,66,33456,10,210358
12136,0.000539,74.125.68.0-255,2902,36358,10,210358
12137,0.000543,172.31.36.0-255,66,36424,10,210358
12138,0.000547,74.125.68.0-255,2902,39326,10,210358
12139,0.000551,172.31.36.0-255,66,39392,10,210358
12140,0.000568,74.125.68.0-255,2902,42294,10,210358
12141,0.000571,172.31.36.0-255,66,42360,10,210358
12142,0.00058,74.125.68.0-255,6797,49157,10,210358
12143,0.000582,172.31.36.0-255,66,49223,10,210358
12144,0.000855,74.125.68.0-255,1484,50707,10,210358
12145,0.000897,74.125.68.0-255,1484,52191,10,210358
12146,0.000902,172.31.36.0-255,66,52257,10,210358
12147,0.000944,74.125.68.0-255,2902,55159,10,210358
12148,0.000947,172.31.36.0-255,66,55225,10,210358
12149,0.00095,74.125.68.0-255,1484,56709,10,210358
12150,0.000968,74.125.68.0-255,2902,59611,10,210358
12151,0.000971,172.31.36.0-255,66,59677,10,210358
12152,0.001017,74.125.68.0-255,5738,65415,10,210358
12153,0.001021,172.31.36.0-255,66,65481,10,210358
12154,0.001026,74.125.68.0-255,1706,67187,10,210358
12155,0.001028,172.31.36.0-255,66,67253,10,210358
12156,0.001162,74.125.68.0-255,1484,68737,10,210358
12157,0.001178,74.125.68.0-255,2902,71639,10,210358
12158,0.001182,172.31.36.0-255,66,71705,10,210358
12159,0.001203,74.125.68.0-255,5738,77443,10,210358
12160,0.001205,172.31.36.0-255,66,77509,10,210358
12161,0.001208,74.125.68.0-255,1484,78993,10,210358
12162,0.001253,74.125.68.0-255,2902,81895,10,210358
12163,0.001256,172.31.36.0-255,66,81961,10,210358
12164,0.001283,74.125.68.0-255,2902,84863,10,210358
12165,0.001287,172.31.36.0-255,66,84929,10,210358
12166,0.001308,74.125.68.0-255,1125,86054,10,210358
12167,0.001319,172.31.36.0-255,66,86120,10,210358
12168,0.001362,172.31.36.0-255,66,86186,10,210358
12169,0.001374,172.31.36.0-255,66,86252,10,210358
12170,0.001413,74.125.68.0-255,4456,90708,10,210358
12171,0.001417,172.31.36.0-255,66,90774,10,210358
12172,0.001547,74.125.68.0-255,1484,92258,10,210358
12173,0.001561,74.125.68.0-255,1484,93742,10,210358
12174,0.001564,172.31.36.0-255,66,93808,10,210358
12175,0.001568,74.125.68.0-255,1484,95292,10,210358
12176,0.001582,74.125.68.0-255,1484,96776,10,210358
12177,0.001584,172.31.36.0-255,66,96842,10,210358
12178,0.001601,74.125.68.0-255,2902,99744,10,210358
12179,0.001604,172.31.36.0-255,66,99810,10,210358
12180,0.001618,74.125.68.0-255,2902,102712,10,210358
12181,0.001621,172.31.36.0-255,66,102778,10,210358
12182,0.001624,74.125.68.0-255,1484,104262,10,210358
12183,0.001659,74.125.68.0-255,2902,107164,10,210358
12184,0.001661,172.31.36.0-255,66,107230,10,210358
12185,0.001679,74.125.68.0-255,5738,112968,10,210358
12186,0.001682,172.31.36.0-255,66,113034,10,210358
12187,0.001685,74.125.68.0-255,1484,114518,10,210358
12188,0.001706,74.125.68.0-255,2902,117420,10,210358
12189,0.001709,172.31.36.0-255,66,117486,10,210358
12190,0.001712,74.125.68.0-255,1484,118970,10,210358
12191,0.001752,74.125.68.0-255,2902,121872,10,210358
12192,0.001755,172.31.36.0-255,66,121938,10,210358
12193,0.001758,74.125.68.0-255,1484,123422,10,210358
12194,0.00178,74.125.68.0-255,2184,125606,10,210358
12195,0.001782,172.31.36.0-255,66,125672,10,210358
12196,0.001893,74.125.68.0-255,1484,127156,10,210358
12197,0.001928,74.125.68.0-255,1484,128640,10,210358
12198,0.00193,172.31.36.0-255,66,128706,10,210358
12199,0.001934,74.125.68.0-255,2902,131608,10,210358
12200,0.001936,172.31.36.0-255,66,131674,10,210358
12201,0.001964,74.125.68.0-255,5738,137412,10,210358
12202,0.001967,172.31.36.0-255,66,137478,10,210358
12203,0.001972,74.125.68.0-255,4320,141798,10,210358
12204,0.001974,172.31.36.0-255,66,141864,10,210358
12205,0.001989,74.125.68.0-255,5738,147602,10,210358
12206,0.001991,172.31.36.0-255,66,147668,10,210358
12207,0.002034,74.125.68.0-255,2902,150570,10,210358
12208,0.002036,172.31.36.0-255,66,150636,10,210358
12209,0.002061,74.125.68.0-255,7156,157792,10,210358
12210,0.002063,172.31.36.0-255,66,157858,10,210358
12211,0.004035,74.125.68.0-255,5738,163596,10,210358
12212,0.004039,172.31.36.0-255,66,163662,10,210358
12213,0.006002,74.125.68.0-255,5738,169400,10,210358
12214,0.006009,172.31.36.0-255,66,169466,10,210358
12215,0.007973,74.125.68.0-255,2902,172368,10,210358
12216,0.007979,172.31.36.0-255,66,172434,10,210358
12217,0.008001,74.125.68.0-255,2902,175336,10,210358
12218,0.008005,172.31.36.0-255,66,175402,10,210358
12219,0.009947,74.125.68.0-255,2902,178304,10,210358
12220,0.009954,172.31.36.0-255,66,178370,10,210358
12221,0.009973,74.125.68.0-255,2902,181272,10,210358
12222,0.009975,172.31.36.0-255,66,181338,10,210358
12223,0.011932,74.125.68.0-255,5738,187076,10,210358
12224,0.011939,172.31.36.0-255,66,187142,10,210358
12225,0.013941,74.125.68.0-255,5738,192880,10,210358
12226,0.013956,172.31.36.0-255,66,192946,10,210358
12227,0.015933,74.125.68.0-255,5738,198684,10,210358
12228,0.015945,172.31.36.0-255,66,198750,10,210358
12229,0.017912,74.125.68.0-255,5738,204488,10,210358
12230,0.017919,172.31.36.0-255,66,204554,10,210358
12231,0.019894,74.125.68.0-255,5738,210292,10,210358
12232,0.0199,172.31.36.0-255,66,210358,10,210358
12233,0.0,74.125.24.0-255,153,153,10,302107
12234,2e-05,172.31.36.0-255,66,219,10,302107
12235,2.7e-05,74.125.24.0-255,1484,1703,10,302107
12236,3.1e-05,172.31.36.0-255,66,1769,10,302107
12237,3.5e-05,74.125.24.0-255,1484,3253,10,302107
12238,3.8e-05,172.31.36.0-255,66,3319,10,302107
12239,5.3e-05,74.125.24.0-255,4320,7639,10,302107
12240,5.6e-05,172.31.36.0-255,66,7705,10,302107
12241,9.7e-05,74.125.24.0-255,6301,14006,10,302107
12242,0.000101,172.31.36.0-255,66,14072,10,302107
12243,0.000177,74.125.24.0-255,1484,15556,10,302107
12244,0.00018,172.31.36.0-255,66,15622,10,302107
12245,0.000221,74.125.24.0-255,2902,18524,10,302107
12246,0.000225,172.31.36.0-255,66,18590,10,302107
12247,0.000229,74.125.24.0-255,2902,21492,10,302107
12248,0.000231,172.31.36.0-255,66,21558,10,302107
12249,0.00027,74.125.24.0-255,7156,28714,10,302107
12250,0.000273,172.31.36.0-255,66,28780,10,302107
12251,0.000278,74.125.24.0-255,2543,31323,10,302107
12252,0.00028,172.31.36.0-255,66,31389,10,302107
12253,0.000471,74.125.24.0-255,1484,32873,10,302107
12254,0.000476,172.31.36.0-255,66,32939,10,302107
12255,0.000505,74.125.24.0-255,2902,35841,10,302107
12256,0.000509,172.31.36.0-255,66,35907,10,302107
12257,0.000515,74.125.24.0-255,5738,41645,10,302107
12258,0.000518,172.31.36.0-255,66,41711,10,302107
12259,0.000547,74.125.24.0-255,6797,48508,10,302107
12260,0.000551,172.31.36.0-255,66,48574,10,302107
12261,0.000702,74.125.24.0-255,1484,50058,10,302107
12262,0.000706,172.31.36.0-255,66,50124,10,302107
12263,0.000737,74.125.24.0-255,2902,53026,10,302107
12264,0.00074,172.31.36.0-255,66,53092,10,302107
12265,0.000746,74.125.24.0-255,5738,58830,10,302107
12266,0.000758,74.125.24.0-255,4320,63150,10,302107
12267,0.000777,172.31.36.0-255,66,63216,10,302107
12268,0.000804,74.125.24.0-255,2890,66106,10,302107
12269,0.000819,172.31.36.0-255,66,66172,10,302107
12270,0.00088,74.125.24.0-255,329,66501,10,302107
12271,0.001146,172.31.36.0-255,66,66567,10,302107
12272,0.001197,74.125.24.0-255,1484,68051,10,302107
12273,0.001203,74.125.24.0-255,2902,70953,10,302107
12274,0.00122,74.125.24.0-255,5738,76691,10,302107
12275,0.001235,74.125.24.0-255,2902,79593,10,302107
12276,0.001248,172.31.36.0-255,66,79659,10,302107
12277,0.001279,74.125.24.0-255,1484,81143,10,302107
12278,0.001282,172.31.36.0-255,66,81209,10,302107
12279,0.001298,74.125.24.0-255,4320,85529,10,302107
12280,0.001319,74.125.24.0-255,6438,91967,10,302107
12281,0.00133,172.31.36.0-255,66,92033,10,302107
12282,0.001622,74.125.24.0-255,1484,93517,10,302107
12283,0.00163,74.125.24.0-255,2902,96419,10,302107
12284,0.001634,172.31.36.0-255,66,96485,10,302107
12285,0.001665,74.125.24.0-255,4320,100805,10,302107
12286,0.001684,74.125.24.0-255,5738,106543,10,302107
12287,0.00171,74.125.24.0-255,2902,109445,10,302107
12288,0.001766,74.125.24.0-255,1484,110929,10,302107
12289,0.001781,74.125.24.0-255,2902,113831,10,302107
12290,0.001795,74.125.24.0-255,4320,118151,10,302107
12291,0.001805,74.125.24.0-255,1484,119635,10,302107
12292,0.00181,74.125.24.0-255,2902,122537,10,302107
12293,0.001831,74.125.24.0-255,5738,128275,10,302107
12294,0.001861,74.125.24.0-255,1484,129759,10,302107
12295,0.001899,74.125.24.0-255,2184,131943,10,302107
12296,0.001948,74.125.24.0-255,1484,133427,10,302107
12297,0.001955,74.125.24.0-255,2902,136329,10,302107
12298,0.001982,74.125.24.0-255,5738,142067,10,302107
12299,0.002005,74.125.24.0-255,2902,144969,10,302107
12300,0.002018,74.125.24.0-255,2902,147871,10,302107
12301,0.002044,74.125.24.0-255,7156,155027,10,302107
12302,0.002061,74.125.24.0-255,1484,156511,10,302107
12303,0.002115,74.125.24.0-255,1484,157995,10,302107
12304,0.002119,74.125.24.0-255,1484,159479,10,302107
12305,0.002134,74.125.24.0-255,1484,160963,10,302107
12306,0.00214,74.125.24.0-255,4320,165283,10,302107
12307,0.002153,74.125.24.0-255,1484,166767,10,302107
12308,0.002223,74.125.24.0-255,5738,172505,10,302107
12309,0.002246,74.125.24.0-255,5020,177525,10,302107
12310,0.002295,74.125.24.0-255,1484,179009,10,302107
12311,0.002299,74.125.24.0-255,1484,180493,10,302107
12312,0.002317,74.125.24.0-255,1484,181977,10,302107
12313,0.002324,74.125.24.0-255,5738,187715,10,302107
12314,0.002373,74.125.24.0-255,7156,194871,10,302107
12315,0.002396,74.125.24.0-255,5738,200609,10,302107
12316,0.002593,74.125.24.0-255,1484,202093,10,302107
12317,0.0026,74.125.24.0-255,1484,203577,10,302107
12318,0.00261,74.125.24.0-255,1484,205061,10,302107
12319,0.002635,74.125.24.0-255,5738,210799,10,302107
12320,0.002641,74.125.24.0-255,2902,213701,10,302107
12321,0.002672,74.125.24.0-255,2902,216603,10,302107
12322,0.003257,74.125.24.0-255,1484,218087,10,302107
12323,0.003265,74.125.24.0-255,2902,220989,10,302107
12324,0.00328,74.125.24.0-255,1484,222473,10,302107
12325,0.0033,74.125.24.0-255,4320,226793,10,302107
12326,0.003306,74.125.24.0-255,4320,231113,10,302107
12327,0.003321,74.125.24.0-255,4320,235433,10,302107
12328,0.003344,74.125.24.0-255,4320,239753,10,302107
12329,0.003347,74.125.24.0-255,1484,241237,10,302107
12330,0.003353,74.125.24.0-255,7156,248393,10,302107
12331,0.003378,74.125.24.0-255,2184,250577,10,302107
12332,0.003514,74.125.24.0-255,1484,252061,10,302107
12333,0.003517,74.125.24.0-255,2902,254963,10,302107
12334,0.003538,74.125.24.0-255,5738,260701,10,302107
12335,0.003555,74.125.24.0-255,7156,267857,10,302107
12336,0.003569,74.125.24.0-255,5738,273595,10,302107
12337,0.003572,74.125.24.0-255,1484,275079,10,302107
12338,0.003616,74.125.24.0-255,1484,276563,10,302107
12339,0.003636,74.125.24.0-255,5738,282301,10,302107
12340,0.003644,74.125.24.0-255,7156,289457,10,302107
12341,0.003655,74.125.24.0-255,1484,290941,10,302107
12342,0.003704,74.125.24.0-255,5738,296679,10,302107
12343,0.003707,74.125.24.0-255,766,297445,10,302107
12344,0.003727,74.125.24.0-255,4320,301765,10,302107
12345,0.003756,74.125.24.0-255,105,301870,10,302107
12346,0.006107,172.31.36.0-255,66,301936,10,302107
12347,0.008573,172.31.36.0-255,105,302041,10,302107
12348,0.01113,74.125.24.0-255,66,302107,10,302107
12349,0.0,172.217.26.0-255,150,150,10,108962
12350,1.7e-05,172.31.36.0-255,66,216,10,108962
12351,2.4e-05,172.217.26.0-255,1484,1700,10,108962
12352,2.7e-05,172.31.36.0-255,66,1766,10,108962
12353,3.3e-05,172.217.26.0-255,2902,4668,10,108962
12354,3.6e-05,172.31.36.0-255,66,4734,10,108962
12355,4.2e-05,172.217.26.0-255,4320,9054,10,108962
12356,4.4e-05,172.31.36.0-255,66,9120,10,108962
12357,4.7e-05,172.217.26.0-255,1484,10604,10,108962
12358,4.9e-05,172.31.36.0-255,66,10670,10,108962
12359,8e-05,172.217.26.0-255,3494,14164,10,108962
12360,8.3e-05,172.31.36.0-255,66,14230,10,108962
12361,9.4e-05,172.31.36.0-255,66,14296,10,108962
12362,9.8e-05,172.217.26.0-255,2902,17198,10,108962
12363,0.0001,172.31.36.0-255,66,17264,10,108962
12364,0.000123,172.217.26.0-255,2543,19807,10,108962
12365,0.000125,172.31.36.0-255,66,19873,10,108962
12366,0.00065,172.217.26.0-255,1484,21357,10,108962
12367,0.000656,172.31.36.0-255,66,21423,10,108962
12368,0.000664,172.217.26.0-255,2902,24325,10,108962
12369,0.000666,172.31.36.0-255,66,24391,10,108962
12370,0.000672,172.217.26.0-255,5738,30129,10,108962
12371,0.000674,172.31.36.0-255,66,30195,10,108962
12372,0.000711,172.31.36.0-255,66,30261,10,108962
12373,0.000722,172.31.36.0-255,66,30327,10,108962
12374,0.000745,172.217.26.0-255,4230,34557,10,108962
12375,0.000748,172.31.36.0-255,66,34623,10,108962
12376,0.001091,172.217.26.0-255,136,34759,10,108962
12377,0.001097,172.31.36.0-255,66,34825,10,108962
12378,0.001254,172.217.26.0-255,1484,36309,10,108962
12379,0.001262,172.217.26.0-255,2902,39211,10,108962
12380,0.001267,172.31.36.0-255,66,39277,10,108962
12381,0.001274,172.217.26.0-255,5738,45015,10,108962
12382,0.001276,172.31.36.0-255,66,45081,10,108962
12383,0.001295,172.217.26.0-255,1484,46565,10,108962
12384,0.001327,172.31.36.0-255,66,46631,10,108962
12385,0.001336,172.217.26.0-255,7156,53787,10,108962
12386,0.001339,172.31.36.0-255,66,53853,10,108962
12387,0.00136,172.217.26.0-255,2543,56396,10,108962
12388,0.001362,172.31.36.0-255,66,56462,10,108962
12389,0.003307,172.217.26.0-255,2902,59364,10,108962
12390,0.003314,172.31.36.0-255,66,59430,10,108962
12391,0.003335,172.217.26.0-255,2902,62332,10,108962
12392,0.003338,172.31.36.0-255,66,62398,10,108962
12393,0.005281,172.217.26.0-255,2902,65300,10,108962
12394,0.005285,172.31.36.0-255,66,65366,10,108962
12395,0.005303,172.217.26.0-255,2902,68268,10,108962
12396,0.005305,172.31.36.0-255,66,68334,10,108962
12397,0.007267,172.217.26.0-255,5738,74072,10,108962
12398,0.007273,172.31.36.0-255,66,74138,10,108962
12399,0.009253,172.217.26.0-255,5738,79876,10,108962
12400,0.009261,172.31.36.0-255,66,79942,10,108962
12401,0.011233,172.217.26.0-255,5738,85680,10,108962
12402,0.01124,172.31.36.0-255,66,85746,10,108962
12403,0.013216,172.217.26.0-255,5738,91484,10,108962
12404,0.013224,172.31.36.0-255,66,91550,10,108962
12405,0.015211,172.217.26.0-255,5738,97288,10,108962
12406,0.015217,172.31.36.0-255,66,97354,10,108962
12407,0.017199,172.217.26.0-255,5738,103092,10,108962
12408,0.017208,172.31.36.0-255,66,103158,10,108962
12409,0.019185,172.217.26.0-255,5738,108896,10,108962
12410,0.019192,172.31.36.0-255,66,108962,10,108962
12411,0.0,172.217.194.0-255,150,150,10,95936
12412,2.2e-05,172.31.36.0-255,66,216,10,95936
12413,2.9e-05,172.217.194.0-255,1484,1700,10,95936
12414,3.4e-05,172.31.36.0-255,66,1766,10,95936
12415,4e-05,172.217.194.0-255,2902,4668,10,95936
12416,4.4e-05,172.31.36.0-255,66,4734,10,95936
12417,6.5e-05,172.217.194.0-255,1484,6218,10,95936
12418,6.8e-05,172.31.36.0-255,66,6284,10,95936
12419,9.4e-05,172.217.194.0-255,5738,12022,10,95936
12420,9.7e-05,172.31.36.0-255,66,12088,10,95936
12421,0.000187,172.217.194.0-255,2056,14144,10,95936
12422,0.000189,172.31.36.0-255,66,14210,10,95936
12423,0.00023,172.31.36.0-255,66,14276,10,95936
12424,0.000387,172.217.194.0-255,6797,21073,10,95936
12425,0.000391,172.31.36.0-255,66,21139,10,95936
12426,0.000511,172.31.36.0-255,66,21205,10,95936
12427,0.00054,172.31.36.0-255,66,21271,10,95936
12428,0.00081,172.31.36.0-255,66,21337,10,95936
12429,0.000838,172.31.36.0-255,66,21403,10,95936
12430,0.001051,172.217.194.0-255,385,21788,10,95936
12431,0.001055,172.31.36.0-255,66,21854,10,95936
12432,0.001175,172.217.194.0-255,1484,23338,10,95936
12433,0.00118,172.31.36.0-255,66,23404,10,95936
12434,0.001189,172.217.194.0-255,2902,26306,10,95936
12435,0.001191,172.31.36.0-255,66,26372,10,95936
12436,0.001222,172.217.194.0-255,2902,29274,10,95936
12437,0.001225,172.31.36.0-255,66,29340,10,95936
12438,0.001244,172.217.194.0-255,2902,32242,10,95936
12439,0.001323,172.217.194.0-255,2902,35144,10,95936
12440,0.001545,172.217.194.0-255,7156,42300,10,95936
12441,0.001561,172.217.194.0-255,3602,45902,10,95936
12442,0.001955,172.217.194.0-255,6438,52340,10,95936
12443,0.002322,172.217.194.0-255,2902,55242,10,95936
12444,0.002859,172.217.194.0-255,2902,58144,10,95936
12445,0.003842,172.217.194.0-255,2902,61046,10,95936
12446,0.004234,172.31.36.0-255,66,61112,10,95936
12447,0.006534,172.217.194.0-255,5738,66850,10,95936
12448,0.00654,172.31.36.0-255,66,66916,10,95936
12449,0.008824,172.217.194.0-255,5738,72654,10,95936
12450,0.00883,172.31.36.0-255,66,72720,10,95936
12451,0.011142,172.217.194.0-255,5738,78458,10,95936
12452,0.01115,172.31.36.0-255,66,78524,10,95936
12453,0.013463,172.217.194.0-255,5738,84262,10,95936
12454,0.013947,172.31.36.0-255,66,84328,10,95936
12455,0.016257,172.217.194.0-255,5738,90066,10,95936
12456,0.016264,172.31.36.0-255,66,90132,10,95936
12457,0.018571,172.217.194.0-255,5738,95870,10,95936
12458,0.0186,172.31.36.0-255,66,95936,10,95936
12459,0.0,172.217.194.0-255,146,146,10,162610
12460,2.4e-05,172.31.36.0-255,66,212,10,162610
12461,3.1e-05,172.217.194.0-255,1484,1696,10,162610
12462,3.6e-05,172.31.36.0-255,66,1762,10,162610
12463,4.2e-05,172.217.194.0-255,2902,4664,10,162610
12464,4.6e-05,172.31.36.0-255,66,4730,10,162610
12465,5.4e-05,172.217.194.0-255,7156,11886,10,162610
12466,5.7e-05,172.31.36.0-255,66,11952,10,162610
12467,6.2e-05,172.217.194.0-255,2075,14027,10,162610
12468,6.5e-05,172.31.36.0-255,66,14093,10,162610
12469,9.9e-05,172.217.194.0-255,4320,18413,10,162610
12470,0.000103,172.31.36.0-255,66,18479,10,162610
12471,0.000125,172.217.194.0-255,7156,25635,10,162610
12472,0.000127,172.31.36.0-255,66,25701,10,162610
12473,0.000151,172.217.194.0-255,5379,31080,10,162610
12474,0.000154,172.31.36.0-255,66,31146,10,162610
12475,0.000225,172.217.194.0-255,1484,32630,10,162610
12476,0.000228,172.31.36.0-255,66,32696,10,162610
12477,0.00027,172.217.194.0-255,2902,35598,10,162610
12478,0.000273,172.31.36.0-255,66,35664,10,162610
12479,0.00028,172.217.194.0-255,5738,41402,10,162610
12480,0.000282,172.31.36.0-255,66,41468,10,162610
12481,0.000313,172.31.36.0-255,66,41534,10,162610
12482,0.000318,172.217.194.0-255,2902,44436,10,162610
12483,0.00032,172.31.36.0-255,66,44502,10,162610
12484,0.00034,172.217.194.0-255,5738,50240,10,162610
12485,0.000342,172.31.36.0-255,66,50306,10,162610
12486,0.000365,172.217.194.0-255,7071,57377,10,162610
12487,0.000368,172.31.36.0-255,66,57443,10,162610
12488,0.000371,172.217.194.0-255,120,57563,10,162610
12489,0.000373,172.31.36.0-255,66,57629,10,162610
12490,0.000402,172.217.194.0-255,379,58008,10,162610
12491,0.000405,172.31.36.0-255,66,58074,10,162610
12492,0.000815,172.217.194.0-255,1484,59558,10,162610
12493,0.000821,172.31.36.0-255,66,59624,10,162610
12494,0.000828,172.217.194.0-255,2902,62526,10,162610
12495,0.00083,172.31.36.0-255,66,62592,10,162610
12496,0.000836,172.217.194.0-255,5738,68330,10,162610
12497,0.000838,172.31.36.0-255,66,68396,10,162610
12498,0.000868,172.217.194.0-255,2902,71298,10,162610
12499,0.000871,172.31.36.0-255,66,71364,10,162610
12500,0.000904,172.31.36.0-255,66,71430,10,162610
12501,0.000941,172.217.194.0-255,7156,78586,10,162610
12502,0.000944,172.31.36.0-255,66,78652,10,162610
12503,0.000965,172.217.194.0-255,3602,82254,10,162610
12504,0.000969,172.31.36.0-255,66,82320,10,162610
12505,0.001273,172.217.194.0-255,1484,83804,10,162610
12506,0.001279,172.31.36.0-255,66,83870,10,162610
12507,0.001285,172.217.194.0-255,2902,86772,10,162610
12508,0.001287,172.31.36.0-255,66,86838,10,162610
12509,0.00129,172.217.194.0-255,1484,88322,10,162610
12510,0.001292,172.31.36.0-255,66,88388,10,162610
12511,0.001318,172.217.194.0-255,4320,92708,10,162610
12512,0.001321,172.31.36.0-255,66,92774,10,162610
12513,0.001336,172.31.36.0-255,66,92840,10,162610
12514,0.001374,172.31.36.0-255,66,92906,10,162610
12515,0.001389,172.217.194.0-255,766,93672,10,162610
12516,0.001392,172.31.36.0-255,66,93738,10,162610
12517,0.001408,172.217.194.0-255,1484,95222,10,162610
12518,0.001411,172.31.36.0-255,66,95288,10,162610
12519,0.001462,172.31.36.0-255,66,95354,10,162610
12520,0.001528,172.217.194.0-255,4320,99674,10,162610
12521,0.001532,172.31.36.0-255,66,99740,10,162610
12522,0.001553,172.217.194.0-255,5020,104760,10,162610
12523,0.001557,172.31.36.0-255,66,104826,10,162610
12524,0.001582,172.31.36.0-255,66,104892,10,162610
12525,0.001631,172.31.36.0-255,66,104958,10,162610
12526,0.002354,172.217.194.0-255,1484,106442,10,162610
12527,0.002359,172.31.36.0-255,66,106508,10,162610
12528,0.002365,172.217.194.0-255,2902,109410,10,162610
12529,0.002367,172.31.36.0-255,66,109476,10,162610
12530,0.00237,172.217.194.0-255,1484,110960,10,162610
12531,0.002372,172.31.36.0-255,66,111026,10,162610
12532,0.002394,172.217.194.0-255,4320,115346,10,162610
12533,0.002396,172.31.36.0-255,66,115412,10,162610
12534,0.002403,172.217.194.0-255,5738,121150,10,162610
12535,0.002405,172.31.36.0-255,66,121216,10,162610
12536,0.002433,172.217.194.0-255,1484,122700,10,162610
12537,0.002477,172.217.194.0-255,5020,127720,10,162610
12538,0.002492,172.31.36.0-255,66,127786,10,162610
12539,0.005008,172.217.194.0-255,5738,133524,10,162610
12540,0.005017,172.31.36.0-255,66,133590,10,162610
12541,0.00755,172.217.194.0-255,5738,139328,10,162610
12542,0.007554,172.31.36.0-255,66,139394,10,162610
12543,0.010097,172.217.194.0-255,5738,145132,10,162610
12544,0.010108,172.31.36.0-255,66,145198,10,162610
12545,0.01265,172.217.194.0-255,5738,150936,10,162610
12546,0.012667,172.31.36.0-255,66,151002,10,162610
12547,0.015201,172.217.194.0-255,5738,156740,10,162610
12548,0.015211,172.31.36.0-255,66,156806,10,162610
12549,0.017749,172.217.194.0-255,5738,162544,10,162610
12550,0.017761,172.31.36.0-255,66,162610,10,162610
12551,0.0,74.125.24.0-255,153,153,10,215654
12552,2.9e-05,172.31.36.0-255,66,219,10,215654
12553,3.7e-05,74.125.24.0-255,1484,1703,10,215654
12554,4.2e-05,172.31.36.0-255,66,1769,10,215654
12555,4.8e-05,74.125.24.0-255,2902,4671,10,215654
12556,5.3e-05,172.31.36.0-255,66,4737,10,215654
12557,6e-05,74.125.24.0-255,7156,11893,10,215654
12558,6.2e-05,172.31.36.0-255,66,11959,10,215654
12559,8.2e-05,74.125.24.0-255,2017,13976,10,215654
12560,8.4e-05,172.31.36.0-255,66,14042,10,215654
12561,0.000336,74.125.24.0-255,1484,15526,10,215654
12562,0.000341,172.31.36.0-255,66,15592,10,215654
12563,0.000348,74.125.24.0-255,2902,18494,10,215654
12564,0.000351,172.31.36.0-255,66,18560,10,215654
12565,0.000376,74.125.24.0-255,5738,24298,10,215654
12566,0.000379,172.31.36.0-255,66,24364,10,215654
12567,0.000383,74.125.24.0-255,2902,27266,10,215654
12568,0.000385,172.31.36.0-255,66,27332,10,215654
12569,0.000404,74.125.24.0-255,3961,31293,10,215654
12570,0.000406,172.31.36.0-255,66,31359,10,215654
12571,0.000445,74.125.24.0-255,1484,32843,10,215654
12572,0.000448,172.31.36.0-255,66,32909,10,215654
12573,0.000453,74.125.24.0-255,2902,35811,10,215654
12574,0.000456,172.31.36.0-255,66,35877,10,215654
12575,0.00047,74.125.24.0-255,1484,37361,10,215654
12576,0.000473,172.31.36.0-255,66,37427,10,215654
12577,0.000497,74.125.24.0-255,4320,41747,10,215654
12578,0.000501,172.31.36.0-255,66,41813,10,215654
12579,0.000505,74.125.24.0-255,2902,44715,10,215654
12580,0.000508,172.31.36.0-255,66,44781,10,215654
12581,0.000519,172.31.36.0-255,66,44847,10,215654
12582,0.000544,74.125.24.0-255,7156,52003,10,215654
12583,0.000549,172.31.36.0-255,66,52069,10,215654
12584,0.000557,74.125.24.0-255,3602,55671,10,215654
12585,0.00056,172.31.36.0-255,66,55737,10,215654
12586,0.000586,74.125.24.0-255,401,56138,10,215654
12587,0.00085,172.31.36.0-255,66,56204,10,215654
12588,0.001441,74.125.24.0-255,342,56546,10,215654
12589,0.001473,74.125.24.0-255,1484,58030,10,215654
12590,0.001478,172.31.36.0-255,66,58096,10,215654
12591,0.001496,74.125.24.0-255,4320,62416,10,215654
12592,0.001499,172.31.36.0-255,66,62482,10,215654
12593,0.001504,74.125.24.0-255,2902,65384,10,215654
12594,0.001506,172.31.36.0-255,66,65450,10,215654
12595,0.001525,74.125.24.0-255,4320,69770,10,215654
12596,0.001528,172.31.36.0-255,66,69836,10,215654
12597,0.001556,172.31.36.0-255,66,69902,10,215654
12598,0.001582,74.125.24.0-255,5738,75640,10,215654
12599,0.001585,172.31.36.0-255,66,75706,10,215654
12600,0.001591,74.125.24.0-255,5020,80726,10,215654
12601,0.001593,172.31.36.0-255,66,80792,10,215654
12602,0.002203,74.125.24.0-255,1484,82276,10,215654
12603,0.00222,74.125.24.0-255,2902,85178,10,215654
12604,0.002223,172.31.36.0-255,66,85244,10,215654
12605,0.002229,74.125.24.0-255,5738,90982,10,215654
12606,0.002231,172.31.36.0-255,66,91048,10,215654
12607,0.00227,74.125.24.0-255,7156,98204,10,215654
12608,0.002273,172.31.36.0-255,66,98270,10,215654
12609,0.002289,74.125.24.0-255,2902,101172,10,215654
12610,0.002291,172.31.36.0-255,66,101238,10,215654
12611,0.002294,74.125.24.0-255,1484,102722,10,215654
12612,0.00233,172.31.36.0-255,66,102788,10,215654
12613,0.002346,74.125.24.0-255,2184,104972,10,215654
12614,0.002348,172.31.36.0-255,66,105038,10,215654
12615,0.002547,74.125.24.0-255,1484,106522,10,215654
12616,0.00255,74.125.24.0-255,1484,108006,10,215654
12617,0.002552,172.31.36.0-255,66,108072,10,215654
12618,0.002568,74.125.24.0-255,1484,109556,10,215654
12619,0.002575,74.125.24.0-255,5738,115294,10,215654
12620,0.002577,172.31.36.0-255,66,115360,10,215654
12621,0.002579,74.125.24.0-255,1484,116844,10,215654
12622,0.002607,172.31.36.0-255,66,116910,10,215654
12623,0.002624,74.125.24.0-255,2902,119812,10,215654
12624,0.002626,172.31.36.0-255,66,119878,10,215654
12625,0.002631,74.125.24.0-255,4320,124198,10,215654
12626,0.002633,172.31.36.0-255,66,124264,10,215654
12627,0.002658,172.31.36.0-255,66,124330,10,215654
12628,0.002661,74.125.24.0-255,1484,125814,10,215654
12629,0.002663,74.125.24.0-255,1484,127298,10,215654
12630,0.002665,172.31.36.0-255,66,127364,10,215654
12631,0.002668,74.125.24.0-255,1484,128848,10,215654
12632,0.002671,74.125.24.0-255,1484,130332,10,215654
12633,0.002672,172.31.36.0-255,66,130398,10,215654
12634,0.002678,74.125.24.0-255,4320,134718,10,215654
12635,0.002681,172.31.36.0-255,66,134784,10,215654
12636,0.002741,172.31.36.0-255,66,134850,10,215654
12637,0.002747,74.125.24.0-255,5738,140588,10,215654
12638,0.002749,172.31.36.0-255,66,140654,10,215654
12639,0.002754,74.125.24.0-255,5020,145674,10,215654
12640,0.002756,172.31.36.0-255,66,145740,10,215654
12641,0.002825,74.125.24.0-255,1484,147224,10,215654
12642,0.00284,74.125.24.0-255,2902,150126,10,215654
12643,0.002842,172.31.36.0-255,66,150192,10,215654
12644,0.002866,74.125.24.0-255,5738,155930,10,215654
12645,0.002868,172.31.36.0-255,66,155996,10,215654
12646,0.002874,74.125.24.0-255,5738,161734,10,215654
12647,0.002876,172.31.36.0-255,66,161800,10,215654
12648,0.00289,74.125.24.0-255,2902,164702,10,215654
12649,0.002892,172.31.36.0-255,66,164768,10,215654
12650,0.002932,74.125.24.0-255,5738,170506,10,215654
12651,0.002935,172.31.36.0-255,66,170572,10,215654
12652,0.002961,172.31.36.0-255,66,170638,10,215654
12653,0.002971,74.125.24.0-255,1484,172122,10,215654
12654,0.002982,74.125.24.0-255,2902,175024,10,215654
12655,0.002984,172.31.36.0-255,66,175090,10,215654
12656,0.002999,74.125.24.0-255,5738,180828,10,215654
12657,0.003002,172.31.36.0-255,66,180894,10,215654
12658,0.003052,172.31.36.0-255,66,180960,10,215654
12659,0.003064,172.31.36.0-255,66,181026,10,215654
12660,0.003087,74.125.24.0-255,5738,186764,10,215654
12661,0.003089,172.31.36.0-255,66,186830,10,215654
12662,0.003125,172.31.36.0-255,66,186896,10,215654
12663,0.003142,74.125.24.0-255,2184,189080,10,215654
12664,0.003144,172.31.36.0-255,66,189146,10,215654
12665,0.003156,172.31.36.0-255,66,189212,10,215654
12666,0.003168,172.31.36.0-255,66,189278,10,215654
12667,0.003217,172.31.36.0-255,66,189344,10,215654
12668,0.00323,74.125.24.0-255,2902,192246,10,215654
12669,0.003254,74.125.24.0-255,5738,197984,10,215654
12670,0.003325,74.125.24.0-255,7156,205140,10,215654
12671,0.003346,74.125.24.0-255,3602,208742,10,215654
12672,0.003376,74.125.24.0-255,5020,213762,10,215654
12673,0.003391,74.125.24.0-255,1484,215246,10,215654
12674,0.003424,74.125.24.0-255,105,215351,10,215654
12675,0.003425,172.31.36.0-255,66,215417,10,215654
12676,0.003433,172.31.36.0-255,66,215483,10,215654
12677,0.006131,172.31.36.0-255,105,215588,10,215654
12678,0.008384,74.125.24.0-255,66,215654,10,215654
12679,0.0,172.217.194.0-255,152,152,10,154552
12680,2.6e-05,172.31.36.0-255,66,218,10,154552
12681,3.2e-05,172.217.194.0-255,1484,1702,10,154552
12682,3.5e-05,172.31.36.0-255,66,1768,10,154552
12683,4e-05,172.217.194.0-255,2902,4670,10,154552
12684,4.2e-05,172.31.36.0-255,66,4736,10,154552
12685,4.6e-05,172.217.194.0-255,2902,7638,10,154552
12686,4.8e-05,172.31.36.0-255,66,7704,10,154552
12687,7.2e-05,172.31.36.0-255,66,7770,10,154552
12688,9.3e-05,172.217.194.0-255,5738,13508,10,154552
12689,9.6e-05,172.31.36.0-255,66,13574,10,154552
12690,0.000129,172.31.36.0-255,66,13640,10,154552
12691,0.000158,172.217.194.0-255,1484,15124,10,154552
12692,0.000161,172.31.36.0-255,66,15190,10,154552
12693,0.000164,172.217.194.0-255,1484,16674,10,154552
12694,0.000166,172.31.36.0-255,66,16740,10,154552
12695,0.000178,172.217.194.0-255,1484,18224,10,154552
12696,0.00018,172.31.36.0-255,66,18290,10,154552
12697,0.000186,172.217.194.0-255,5738,24028,10,154552
12698,0.000188,172.31.36.0-255,66,24094,10,154552
12699,0.00019,172.217.194.0-255,1484,25578,10,154552
12700,0.000192,172.31.36.0-255,66,25644,10,154552
12701,0.000215,172.217.194.0-255,2902,28546,10,154552
12702,0.000218,172.31.36.0-255,66,28612,10,154552
12703,0.000227,172.217.194.0-255,1484,30096,10,154552
12704,0.000229,172.31.36.0-255,66,30162,10,154552
12705,0.000257,172.31.36.0-255,66,30228,10,154552
12706,0.000276,172.217.194.0-255,2543,32771,10,154552
12707,0.000279,172.31.36.0-255,66,32837,10,154552
12708,0.000285,172.217.194.0-255,7052,39889,10,154552
12709,0.000288,172.31.36.0-255,66,39955,10,154552
12710,0.00029,172.217.194.0-255,116,40071,10,154552
12711,0.00044,172.217.194.0-255,381,40452,10,154552
12712,0.000581,172.217.194.0-255,1484,41936,10,154552
12713,0.000585,172.31.36.0-255,66,42002,10,154552
12714,0.000589,172.217.194.0-255,1484,43486,10,154552
12715,0.000601,172.217.194.0-255,1484,44970,10,154552
12716,0.000603,172.31.36.0-255,66,45036,10,154552
12717,0.000606,172.217.194.0-255,1484,46520,10,154552
12718,0.000627,172.217.194.0-255,4320,50840,10,154552
12719,0.00063,172.31.36.0-255,66,50906,10,154552
12720,0.000651,172.217.194.0-255,2902,53808,10,154552
12721,0.000654,172.31.36.0-255,66,53874,10,154552
12722,0.000668,172.217.194.0-255,3412,57286,10,154552
12723,0.00067,172.31.36.0-255,66,57352,10,154552
12724,0.001047,172.217.194.0-255,1484,58836,10,154552
12725,0.001058,172.217.194.0-255,2902,61738,10,154552
12726,0.001062,172.31.36.0-255,66,61804,10,154552
12727,0.00107,172.217.194.0-255,5738,67542,10,154552
12728,0.001072,172.31.36.0-255,66,67608,10,154552
12729,0.001085,172.217.194.0-255,1484,69092,10,154552
12730,0.001133,172.31.36.0-255,66,69158,10,154552
12731,0.001154,172.217.194.0-255,1484,70642,10,154552
12732,0.001168,172.31.36.0-255,66,70708,10,154552
12733,0.001528,172.217.194.0-255,1484,72192,10,154552
12734,0.001536,172.217.194.0-255,2902,75094,10,154552
12735,0.00154,172.31.36.0-255,66,75160,10,154552
12736,0.001547,172.217.194.0-255,5738,80898,10,154552
12737,0.001548,172.31.36.0-255,66,80964,10,154552
12738,0.001576,172.31.36.0-255,66,81030,10,154552
12739,0.001621,172.217.194.0-255,2902,83932,10,154552
12740,0.001623,172.31.36.0-255,66,83998,10,154552
12741,0.001648,172.31.36.0-255,66,84064,10,154552
12742,0.002301,172.217.194.0-255,1484,85548,10,154552
12743,0.002306,172.217.194.0-255,2902,88450,10,154552
12744,0.002309,172.31.36.0-255,66,88516,10,154552
12745,0.002322,172.217.194.0-255,2902,91418,10,154552
12746,0.002325,172.31.36.0-255,66,91484,10,154552
12747,0.002339,172.217.194.0-255,2902,94386,10,154552
12748,0.002341,172.31.36.0-255,66,94452,10,154552
12749,0.002345,172.217.194.0-255,2902,97354,10,154552
12750,0.002348,172.31.36.0-255,66,97420,10,154552
12751,0.002385,172.31.36.0-255,66,97486,10,154552
12752,0.002395,172.31.36.0-255,66,97552,10,154552
12753,0.002418,172.217.194.0-255,2184,99736,10,154552
12754,0.00242,172.31.36.0-255,66,99802,10,154552
12755,0.002476,172.217.194.0-255,1484,101286,10,154552
12756,0.002488,172.217.194.0-255,2902,104188,10,154552
12757,0.00249,172.31.36.0-255,66,104254,10,154552
12758,0.002512,172.217.194.0-255,5738,109992,10,154552
12759,0.002514,172.31.36.0-255,66,110058,10,154552
12760,0.002519,172.217.194.0-255,4320,114378,10,154552
12761,0.002521,172.31.36.0-255,66,114444,10,154552
12762,0.002543,172.217.194.0-255,2902,117346,10,154552
12763,0.002545,172.31.36.0-255,66,117412,10,154552
12764,0.002559,172.31.36.0-255,66,117478,10,154552
12765,0.002563,172.217.194.0-255,2184,119662,10,154552
12766,0.002565,172.31.36.0-255,66,119728,10,154552
12767,0.005075,172.217.194.0-255,5738,125466,10,154552
12768,0.005082,172.31.36.0-255,66,125532,10,154552
12769,0.007607,172.217.194.0-255,5738,131270,10,154552
12770,0.007614,172.31.36.0-255,66,131336,10,154552
12771,0.010123,172.217.194.0-255,5738,137074,10,154552
12772,0.010131,172.31.36.0-255,66,137140,10,154552
12773,0.01262,172.217.194.0-255,5738,142878,10,154552
12774,0.012628,172.31.36.0-255,66,142944,10,154552
12775,0.015121,172.217.194.0-255,5738,148682,10,154552
12776,0.01513,172.31.36.0-255,66,148748,10,154552
12777,0.017644,172.217.194.0-255,5738,154486,10,154552
12778,0.017653,172.31.36.0-255,66,154552,10,154552
12779,0.0,172.217.194.0-255,297,297,10,144679
12780,2.8e-05,172.31.36.0-255,66,363,10,144679
12781,3.5e-05,172.217.194.0-255,1484,1847,10,144679
12782,3.9e-05,172.31.36.0-255,66,1913,10,144679
12783,4.5e-05,172.217.194.0-255,4320,6233,10,144679
12784,4.8e-05,172.31.36.0-255,66,6299,10,144679
12785,5.4e-05,172.217.194.0-255,4320,10619,10,144679
12786,5.6e-05,172.31.36.0-255,66,10685,10,144679
12787,0.000101,172.217.194.0-255,4690,15375,10,144679
12788,0.000104,172.31.36.0-255,66,15441,10,144679
12789,0.000115,172.31.36.0-255,66,15507,10,144679
12790,0.000127,172.217.194.0-255,5379,20886,10,144679
12791,0.000131,172.31.36.0-255,66,20952,10,144679
12792,0.000137,172.217.194.0-255,5738,26690,10,144679
12793,0.00014,172.31.36.0-255,66,26756,10,144679
12794,0.000185,172.31.36.0-255,66,26822,10,144679
12795,0.000207,172.217.194.0-255,5738,32560,10,144679
12796,0.00021,172.31.36.0-255,66,32626,10,144679
12797,0.000242,172.217.194.0-255,5738,38364,10,144679
12798,0.000244,172.31.36.0-255,66,38430,10,144679
12799,0.000251,172.217.194.0-255,5651,44081,10,144679
12800,0.000253,172.31.36.0-255,66,44147,10,144679
12801,0.0004,172.217.194.0-255,120,44267,10,144679
12802,0.000405,172.31.36.0-255,66,44333,10,144679
12803,0.000455,172.217.194.0-255,384,44717,10,144679
12804,0.000459,172.31.36.0-255,66,44783,10,144679
12805,0.000666,172.217.194.0-255,1484,46267,10,144679
12806,0.00067,172.31.36.0-255,66,46333,10,144679
12807,0.000676,172.217.194.0-255,2902,49235,10,144679
12808,0.000678,172.31.36.0-255,66,49301,10,144679
12809,0.000683,172.217.194.0-255,2902,52203,10,144679
12810,0.000689,172.31.36.0-255,66,52269,10,144679
12811,0.000715,172.217.194.0-255,2902,55171,10,144679
12812,0.000724,172.31.36.0-255,66,55237,10,144679
12813,0.000739,172.31.36.0-255,66,55303,10,144679
12814,0.000746,172.31.36.0-255,66,55369,10,144679
12815,0.000765,172.217.194.0-255,2184,57553,10,144679
12816,0.000781,172.31.36.0-255,66,57619,10,144679
12817,0.001592,172.217.194.0-255,1484,59103,10,144679
12818,0.001607,172.217.194.0-255,2902,62005,10,144679
12819,0.001612,172.31.36.0-255,66,62071,10,144679
12820,0.00162,172.217.194.0-255,5738,67809,10,144679
12821,0.001628,172.217.194.0-255,7156,74965,10,144679
12822,0.001662,172.217.194.0-255,5738,80703,10,144679
12823,0.002216,172.217.194.0-255,1484,82187,10,144679
12824,0.002223,172.217.194.0-255,2902,85089,10,144679
12825,0.002229,172.217.194.0-255,5738,90827,10,144679
12826,0.002316,172.217.194.0-255,2902,93729,10,144679
12827,0.002376,172.217.194.0-255,1484,95213,10,144679
12828,0.002379,172.217.194.0-255,1484,96697,10,144679
12829,0.002391,172.217.194.0-255,1484,98181,10,144679
12830,0.002396,172.217.194.0-255,2902,101083,10,144679
12831,0.002412,172.217.194.0-255,2902,103985,10,144679
12832,0.002427,172.217.194.0-255,2902,106887,10,144679
12833,0.002457,172.217.194.0-255,2902,109789,10,144679
12834,0.003678,172.31.36.0-255,66,109855,10,144679
12835,0.006061,172.217.194.0-255,5738,115593,10,144679
12836,0.006068,172.31.36.0-255,66,115659,10,144679
12837,0.008471,172.217.194.0-255,5738,121397,10,144679
12838,0.008477,172.31.36.0-255,66,121463,10,144679
12839,0.010855,172.217.194.0-255,5738,127201,10,144679
12840,0.010861,172.31.36.0-255,66,127267,10,144679
12841,0.013252,172.217.194.0-255,5738,133005,10,144679
12842,0.013259,172.31.36.0-255,66,133071,10,144679
12843,0.015669,172.217.194.0-255,5738,138809,10,144679
12844,0.015678,172.31.36.0-255,66,138875,10,144679
12845,0.018041,172.217.194.0-255,5738,144613,10,144679
12846,0.018052,172.31.36.0-255,66,144679,10,144679
12847,0.0,74.125.24.0-255,143,143,10,101890
12848,2.2e-05,172.31.36.0-255,66,209,10,101890
12849,2.9e-05,74.125.24.0-255,1484,1693,10,101890
12850,3.4e-05,172.31.36.0-255,66,1759,10,101890
12851,4.8e-05,74.125.24.0-255,2902,4661,10,101890
12852,5.1e-05,172.31.36.0-255,66,4727,10,101890
12853,5.9e-05,74.125.24.0-255,7156,11883,10,101890
12854,6.2e-05,172.31.36.0-255,66,11949,10,101890
12855,6.8e-05,74.125.24.0-255,4320,16269,10,101890
12856,7e-05,172.31.36.0-255,66,16335,10,101890
12857,0.000107,74.125.24.0-255,3393,19728,10,101890
12858,0.000111,172.31.36.0-255,66,19794,10,101890
12859,0.000122,172.31.36.0-255,66,19860,10,101890
12860,0.000139,172.31.36.0-255,66,19926,10,101890
12861,0.000143,74.125.24.0-255,766,20692,10,101890
12862,0.000145,172.31.36.0-255,66,20758,10,101890
12863,0.000523,74.125.24.0-255,1484,22242,10,101890
12864,0.00053,172.31.36.0-255,66,22308,10,101890
12865,0.000537,74.125.24.0-255,2902,25210,10,101890
12866,0.00054,172.31.36.0-255,66,25276,10,101890
12867,0.000551,74.125.24.0-255,5738,31014,10,101890
12868,0.000553,172.31.36.0-255,66,31080,10,101890
12869,0.000605,172.31.36.0-255,66,31146,10,101890
12870,0.000735,74.125.24.0-255,1484,32630,10,101890
12871,0.000739,172.31.36.0-255,66,32696,10,101890
12872,0.000744,74.125.24.0-255,2902,35598,10,101890
12873,0.000746,172.31.36.0-255,66,35664,10,101890
12874,0.000775,74.125.24.0-255,5738,41402,10,101890
12875,0.000778,172.31.36.0-255,66,41468,10,101890
12876,0.000784,74.125.24.0-255,4320,45788,10,101890
12877,0.000786,172.31.36.0-255,66,45854,10,101890
12878,0.000821,74.125.24.0-255,3961,49815,10,101890
12879,0.000824,172.31.36.0-255,66,49881,10,101890
12880,0.000835,172.31.36.0-255,66,49947,10,101890
12881,0.000843,74.125.24.0-255,6797,56744,10,101890
12882,0.000845,172.31.36.0-255,66,56810,10,101890
12883,0.002981,74.125.24.0-255,5738,62548,10,101890
12884,0.002988,172.31.36.0-255,66,62614,10,101890
12885,0.005125,74.125.24.0-255,5738,68352,10,101890
12886,0.005129,172.31.36.0-255,66,68418,10,101890
12887,0.007316,74.125.24.0-255,4320,72738,10,101890
12888,0.007322,172.31.36.0-255,66,72804,10,101890
12889,0.00735,74.125.24.0-255,1484,74288,10,101890
12890,0.009429,74.125.24.0-255,4320,78608,10,101890
12891,0.009438,172.31.36.0-255,66,78674,10,101890
12892,0.011554,74.125.24.0-255,5738,84412,10,101890
12893,0.011564,172.31.36.0-255,66,84478,10,101890
12894,0.013744,74.125.24.0-255,5738,90216,10,101890
12895,0.013775,172.31.36.0-255,66,90282,10,101890
12896,0.015884,74.125.24.0-255,5738,96020,10,101890
12897,0.015894,172.31.36.0-255,66,96086,10,101890
12898,0.018037,74.125.24.0-255,5738,101824,10,101890
12899,0.018047,172.31.36.0-255,66,101890,10,101890
12900,0.0,172.217.194.0-255,66,66,10,66
12901,0.0,74.125.24.0-255,299,299,10,235126
12902,3.5e-05,172.31.36.0-255,66,365,10,235126
12903,4.2e-05,74.125.24.0-255,1484,1849,10,235126
12904,4.7e-05,172.31.36.0-255,66,1915,10,235126
12905,6e-05,74.125.24.0-255,4320,6235,10,235126
12906,6.4e-05,172.31.36.0-255,66,6301,10,235126
12907,7.1e-05,74.125.24.0-255,5738,12039,10,235126
12908,7.4e-05,172.31.36.0-255,66,12105,10,235126
12909,0.000102,74.125.24.0-255,1888,13993,10,235126
12910,0.000105,172.31.36.0-255,66,14059,10,235126
12911,0.000108,74.125.24.0-255,1484,15543,10,235126
12912,0.00011,172.31.36.0-255,66,15609,10,235126
12913,0.000143,74.125.24.0-255,2902,18511,10,235126
12914,0.000147,172.31.36.0-255,66,18577,10,235126
12915,0.000153,74.125.24.0-255,4320,22897,10,235126
12916,0.000155,172.31.36.0-255,66,22963,10,235126
12917,0.000179,74.125.24.0-255,1484,24447,10,235126
12918,0.000182,172.31.36.0-255,66,24513,10,235126
12919,0.000189,74.125.24.0-255,5738,30251,10,235126
12920,0.000192,172.31.36.0-255,66,30317,10,235126
12921,0.00021,74.125.24.0-255,1125,31442,10,235126
12922,0.000212,172.31.36.0-255,66,31508,10,235126
12923,0.000265,74.125.24.0-255,1484,32992,10,235126
12924,0.000268,172.31.36.0-255,66,33058,10,235126
12925,0.000273,74.125.24.0-255,2902,35960,10,235126
12926,0.000276,172.31.36.0-255,66,36026,10,235126
12927,0.000279,74.125.24.0-255,1484,37510,10,235126
12928,0.000281,172.31.36.0-255,66,37576,10,235126
12929,0.000302,74.125.24.0-255,4320,41896,10,235126
12930,0.000308,172.31.36.0-255,66,41962,10,235126
12931,0.000314,74.125.24.0-255,4320,46282,10,235126
12932,0.000317,172.31.36.0-255,66,46348,10,235126
12933,0.000353,74.125.24.0-255,6797,53145,10,235126
12934,0.000357,172.31.36.0-255,66,53211,10,235126
12935,0.000371,172.31.36.0-255,66,53277,10,235126
12936,0.000374,74.125.24.0-255,1125,54402,10,235126
12937,0.0004,74.125.24.0-255,363,54765,10,235126
12938,0.000444,74.125.24.0-255,132,54897,10,235126
12939,0.000448,172.31.36.0-255,66,54963,10,235126
12940,0.000526,74.125.24.0-255,345,55308,10,235126
12941,0.000894,74.125.24.0-255,1484,56792,10,235126
12942,0.000898,172.31.36.0-255,66,56858,10,235126
12943,0.000907,74.125.24.0-255,2902,59760,10,235126
12944,0.000909,172.31.36.0-255,66,59826,10,235126
12945,0.000921,74.125.24.0-255,5738,65564,10,235126
12946,0.000924,172.31.36.0-255,66,65630,10,235126
12947,0.000966,172.31.36.0-255,66,65696,10,235126
12948,0.000999,74.125.24.0-255,5738,71434,10,235126
12949,0.001003,172.31.36.0-255,66,71500,10,235126
12950,0.001023,74.125.24.0-255,5020,76520,10,235126
12951,0.001027,172.31.36.0-255,66,76586,10,235126
12952,0.00176,74.125.24.0-255,1484,78070,10,235126
12953,0.001771,74.125.24.0-255,2902,80972,10,235126
12954,0.001776,172.31.36.0-255,66,81038,10,235126
12955,0.001783,74.125.24.0-255,5738,86776,10,235126
12956,0.001786,172.31.36.0-255,66,86842,10,235126
12957,0.00179,74.125.24.0-255,2902,89744,10,235126
12958,0.001792,172.31.36.0-255,66,89810,10,235126
12959,0.001828,172.31.36.0-255,66,89876,10,235126
12960,0.001849,172.31.36.0-255,66,89942,10,235126
12961,0.001877,74.125.24.0-255,5738,95680,10,235126
12962,0.00188,172.31.36.0-255,66,95746,10,235126
12963,0.001886,74.125.24.0-255,2902,98648,10,235126
12964,0.001888,172.31.36.0-255,66,98714,10,235126
12965,0.001912,74.125.24.0-255,4320,103034,10,235126
12966,0.001916,172.31.36.0-255,66,103100,10,235126
12967,0.001931,172.31.36.0-255,66,103166,10,235126
12968,0.001935,74.125.24.0-255,2902,106068,10,235126
12969,0.001941,172.31.36.0-255,66,106134,10,235126
12970,0.00197,74.125.24.0-255,3602,109736,10,235126
12971,0.001974,172.31.36.0-255,66,109802,10,235126
12972,0.002011,74.125.24.0-255,4320,114122,10,235126
12973,0.002015,172.31.36.0-255,66,114188,10,235126
12974,0.002021,74.125.24.0-255,5738,119926,10,235126
12975,0.002023,172.31.36.0-255,66,119992,10,235126
12976,0.002031,74.125.24.0-255,5738,125730,10,235126
12977,0.002034,172.31.36.0-255,66,125796,10,235126
12978,0.002066,74.125.24.0-255,5738,131534,10,235126
12979,0.00207,172.31.36.0-255,66,131600,10,235126
12980,0.002082,172.31.36.0-255,66,131666,10,235126
12981,0.002111,74.125.24.0-255,2184,133850,10,235126
12982,0.002128,172.31.36.0-255,66,133916,10,235126
12983,0.002247,74.125.24.0-255,1484,135400,10,235126
12984,0.002255,74.125.24.0-255,2902,138302,10,235126
12985,0.002258,172.31.36.0-255,66,138368,10,235126
12986,0.002293,74.125.24.0-255,5738,144106,10,235126
12987,0.002296,172.31.36.0-255,66,144172,10,235126
12988,0.002301,74.125.24.0-255,4320,148492,10,235126
12989,0.002303,172.31.36.0-255,66,148558,10,235126
12990,0.002324,74.125.24.0-255,5738,154296,10,235126
12991,0.002326,172.31.36.0-255,66,154362,10,235126
12992,0.00233,74.125.24.0-255,2902,157264,10,235126
12993,0.002332,172.31.36.0-255,66,157330,10,235126
12994,0.002382,172.31.36.0-255,66,157396,10,235126
12995,0.002386,74.125.24.0-255,2184,159580,10,235126
12996,0.002388,172.31.36.0-255,66,159646,10,235126
12997,0.002568,74.125.24.0-255,1484,161130,10,235126
12998,0.002579,74.125.24.0-255,1484,162614,10,235126
12999,0.002582,172.31.36.0-255,66,162680,10,235126
13000,0.002586,74.125.24.0-255,1484,164164,10,235126
13001,0.002608,74.125.24.0-255,1484,165648,10,235126
13002,0.002613,74.125.24.0-255,4320,169968,10,235126
13003,0.002617,172.31.36.0-255,66,170034,10,235126
13004,0.002624,172.31.36.0-255,66,170100,10,235126
13005,0.002627,74.125.24.0-255,1484,171584,10,235126
13006,0.00266,172.31.36.0-255,66,171650,10,235126
13007,0.002671,172.31.36.0-255,66,171716,10,235126
13008,0.002701,74.125.24.0-255,3602,175318,10,235126
13009,0.002703,172.31.36.0-255,66,175384,10,235126
13010,0.002709,74.125.24.0-255,7156,182540,10,235126
13011,0.002711,172.31.36.0-255,66,182606,10,235126
13012,0.002714,74.125.24.0-255,1484,184090,10,235126
13013,0.002755,74.125.24.0-255,7156,191246,10,235126
13014,0.002757,172.31.36.0-255,66,191312,10,235126
13015,0.002784,74.125.24.0-255,1484,192796,10,235126
13016,0.002792,74.125.24.0-255,7156,199952,10,235126
13017,0.002794,172.31.36.0-255,66,200018,10,235126
13018,0.002796,74.125.24.0-255,1484,201502,10,235126
13019,0.002805,172.31.36.0-255,66,201568,10,235126
13020,0.002814,172.31.36.0-255,66,201634,10,235126
13021,0.00282,74.125.24.0-255,5738,207372,10,235126
13022,0.002822,172.31.36.0-255,66,207438,10,235126
13023,0.002862,172.31.36.0-255,66,207504,10,235126
13024,0.002888,74.125.24.0-255,5020,212524,10,235126
13025,0.00289,172.31.36.0-255,66,212590,10,235126
13026,0.002935,74.125.24.0-255,5738,218328,10,235126
13027,0.002938,172.31.36.0-255,66,218394,10,235126
13028,0.002945,74.125.24.0-255,7156,225550,10,235126
13029,0.002948,172.31.36.0-255,66,225616,10,235126
13030,0.002981,172.31.36.0-255,66,225682,10,235126
13031,0.003,74.125.24.0-255,2902,228584,10,235126
13032,0.003002,172.31.36.0-255,66,228650,10,235126
13033,0.003015,172.31.36.0-255,66,228716,10,235126
13034,0.003026,172.31.36.0-255,66,228782,10,235126
13035,0.00305,74.125.24.0-255,4320,233102,10,235126
13036,0.003052,172.31.36.0-255,66,233168,10,235126
13037,0.003064,172.31.36.0-255,66,233234,10,235126
13038,0.003093,74.125.24.0-255,1484,234718,10,235126
13039,0.003118,172.31.36.0-255,66,234784,10,235126
13040,0.003121,74.125.24.0-255,105,234889,10,235126
13041,0.005377,172.31.36.0-255,66,234955,10,235126
13042,0.005423,172.31.36.0-255,105,235060,10,235126
13043,0.00771,74.125.24.0-255,66,235126,10,235126
13044,0.0,172.217.194.0-255,153,153,10,249940
13045,3.5e-05,172.31.36.0-255,66,219,10,249940
13046,4.3e-05,172.217.194.0-255,1484,1703,10,249940
13047,4.7e-05,172.31.36.0-255,66,1769,10,249940
13048,5.2e-05,172.217.194.0-255,2902,4671,10,249940
13049,5.5e-05,172.31.36.0-255,66,4737,10,249940
13050,6.3e-05,172.217.194.0-255,7156,11893,10,249940
13051,6.5e-05,172.31.36.0-255,66,11959,10,249940
13052,9.5e-05,172.217.194.0-255,1484,13443,10,249940
13053,9.9e-05,172.31.36.0-255,66,13509,10,249940
13054,0.000133,172.31.36.0-255,66,13575,10,249940
13055,0.000146,172.31.36.0-255,66,13641,10,249940
13056,0.000152,172.217.194.0-255,5738,19379,10,249940
13057,0.000154,172.31.36.0-255,66,19445,10,249940
13058,0.0002,172.31.36.0-255,66,19511,10,249940
13059,0.000825,172.217.194.0-255,1484,20995,10,249940
13060,0.00083,172.31.36.0-255,66,21061,10,249940
13061,0.00084,172.217.194.0-255,2902,23963,10,249940
13062,0.000844,172.31.36.0-255,66,24029,10,249940
13063,0.000849,172.217.194.0-255,4320,28349,10,249940
13064,0.000851,172.31.36.0-255,66,28415,10,249940
13065,0.000879,172.31.36.0-255,66,28481,10,249940
13066,0.000883,172.217.194.0-255,118,28599,10,249940
13067,0.000885,172.31.36.0-255,66,28665,10,249940
13068,0.002554,172.217.194.0-255,1484,30149,10,249940
13069,0.002561,172.31.36.0-255,66,30215,10,249940
13070,0.002625,172.217.194.0-255,2902,33117,10,249940
13071,0.002629,172.31.36.0-255,66,33183,10,249940
13072,0.002646,172.217.194.0-255,1484,34667,10,249940
13073,0.002659,172.217.194.0-255,2902,37569,10,249940
13074,0.002661,172.31.36.0-255,66,37635,10,249940
13075,0.002694,172.217.194.0-255,7156,44791,10,249940
13076,0.002697,172.31.36.0-255,66,44857,10,249940
13077,0.002724,172.31.36.0-255,66,44923,10,249940
13078,0.00275,172.31.36.0-255,66,44989,10,249940
13079,0.003078,172.217.194.0-255,1484,46473,10,249940
13080,0.003086,172.217.194.0-255,2902,49375,10,249940
13081,0.003089,172.31.36.0-255,66,49441,10,249940
13082,0.003104,172.217.194.0-255,1484,50925,10,249940
13083,0.003107,172.217.194.0-255,1484,52409,10,249940
13084,0.003109,172.31.36.0-255,66,52475,10,249940
13085,0.003112,172.217.194.0-255,1484,53959,10,249940
13086,0.003168,172.217.194.0-255,5738,59697,10,249940
13087,0.003171,172.31.36.0-255,66,59763,10,249940
13088,0.003174,172.217.194.0-255,1484,61247,10,249940
13089,0.003227,172.31.36.0-255,66,61313,10,249940
13090,0.003235,172.217.194.0-255,7156,68469,10,249940
13091,0.003237,172.31.36.0-255,66,68535,10,249940
13092,0.003257,172.217.194.0-255,2184,70719,10,249940
13093,0.003259,172.31.36.0-255,66,70785,10,249940
13094,0.003281,172.217.194.0-255,7156,77941,10,249940
13095,0.003283,172.31.36.0-255,66,78007,10,249940
13096,0.003316,172.31.36.0-255,66,78073,10,249940
13097,0.003345,172.31.36.0-255,66,78139,10,249940
13098,0.003357,172.217.194.0-255,4320,82459,10,249940
13099,0.003359,172.31.36.0-255,66,82525,10,249940
13100,0.003363,172.217.194.0-255,3602,86127,10,249940
13101,0.003365,172.31.36.0-255,66,86193,10,249940
13102,0.00423,172.217.194.0-255,1484,87677,10,249940
13103,0.004239,172.217.194.0-255,2902,90579,10,249940
13104,0.004242,172.31.36.0-255,66,90645,10,249940
13105,0.004249,172.217.194.0-255,5738,96383,10,249940
13106,0.004251,172.31.36.0-255,66,96449,10,249940
13107,0.004266,172.217.194.0-255,1484,97933,10,249940
13108,0.00429,172.31.36.0-255,66,97999,10,249940
13109,0.004293,172.217.194.0-255,1484,99483,10,249940
13110,0.004332,172.217.194.0-255,4320,103803,10,249940
13111,0.004336,172.31.36.0-255,66,103869,10,249940
13112,0.004355,172.217.194.0-255,5020,108889,10,249940
13113,0.004358,172.31.36.0-255,66,108955,10,249940
13114,0.005422,172.217.194.0-255,1484,110439,10,249940
13115,0.005461,172.217.194.0-255,2902,113341,10,249940
13116,0.005466,172.31.36.0-255,78,113419,10,249940
13117,0.00547,172.217.194.0-255,1484,114903,10,249940
13118,0.005482,172.31.36.0-255,66,114969,10,249940
13119,0.005501,172.217.194.0-255,1484,116453,10,249940
13120,0.005514,172.217.194.0-255,2902,119355,10,249940
13121,0.005517,172.31.36.0-255,66,119421,10,249940
13122,0.005526,172.217.194.0-255,2902,122323,10,249940
13123,0.005528,172.31.36.0-255,66,122389,10,249940
13124,0.005551,172.217.194.0-255,2902,125291,10,249940
13125,0.005553,172.31.36.0-255,66,125357,10,249940
13126,0.00556,172.217.194.0-255,5738,131095,10,249940
13127,0.005561,172.31.36.0-255,66,131161,10,249940
13128,0.005578,172.217.194.0-255,7156,138317,10,249940
13129,0.00558,172.31.36.0-255,66,138383,10,249940
13130,0.005608,172.217.194.0-255,5020,143403,10,249940
13131,0.005611,172.31.36.0-255,66,143469,10,249940
13132,0.005617,172.217.194.0-255,7156,150625,10,249940
13133,0.005619,172.31.36.0-255,66,150691,10,249940
13134,0.005622,172.217.194.0-255,1484,152175,10,249940
13135,0.005645,172.217.194.0-255,5738,157913,10,249940
13136,0.005647,172.31.36.0-255,66,157979,10,249940
13137,0.005678,172.217.194.0-255,766,158745,10,249940
13138,0.005682,172.31.36.0-255,66,158811,10,249940
13139,0.005956,172.217.194.0-255,1484,160295,10,249940
13140,0.005962,172.217.194.0-255,2902,163197,10,249940
13141,0.005983,172.217.194.0-255,5738,168935,10,249940
13142,0.006035,172.217.194.0-255,4320,173255,10,249940
13143,0.006052,172.217.194.0-255,5738,178993,10,249940
13144,0.006086,172.217.194.0-255,2902,181895,10,249940
13145,0.006104,172.217.194.0-255,2184,184079,10,249940
13146,0.006181,172.31.36.0-255,66,184145,10,249940
13147,0.006185,172.31.36.0-255,66,184211,10,249940
13148,0.006188,172.31.36.0-255,66,184277,10,249940
13149,0.006191,172.31.36.0-255,66,184343,10,249940
13150,0.006201,172.31.36.0-255,66,184409,10,249940
13151,0.006205,172.31.36.0-255,66,184475,10,249940
13152,0.006207,172.31.36.0-255,66,184541,10,249940
13153,0.00621,172.31.36.0-255,66,184607,10,249940
13154,0.006815,172.217.194.0-255,1484,186091,10,249940
13155,0.006823,172.217.194.0-255,2902,188993,10,249940
13156,0.006827,172.31.36.0-255,66,189059,10,249940
13157,0.006852,172.217.194.0-255,5738,194797,10,249940
13158,0.006854,172.31.36.0-255,66,194863,10,249940
13159,0.006892,172.217.194.0-255,4320,199183,10,249940
13160,0.006895,172.31.36.0-255,66,199249,10,249940
13161,0.006922,172.31.36.0-255,66,199315,10,249940
13162,0.006944,172.217.194.0-255,5738,205053,10,249940
13163,0.006946,172.31.36.0-255,66,205119,10,249940
13164,0.006959,172.217.194.0-255,5020,210139,10,249940
13165,0.006964,172.31.36.0-255,66,210205,10,249940
13166,0.006978,172.31.36.0-255,66,210271,10,249940
13167,0.006993,172.217.194.0-255,2902,213173,10,249940
13168,0.006997,172.31.36.0-255,66,213239,10,249940
13169,0.007003,172.31.36.0-255,66,213305,10,249940
13170,0.007054,172.217.194.0-255,5738,219043,10,249940
13171,0.007057,172.31.36.0-255,66,219109,10,249940
13172,0.007084,172.31.36.0-255,66,219175,10,249940
13173,0.007318,172.217.194.0-255,1484,220659,10,249940
13174,0.007341,172.217.194.0-255,2902,223561,10,249940
13175,0.007344,172.31.36.0-255,66,223627,10,249940
13176,0.007359,172.217.194.0-255,4320,227947,10,249940
13177,0.007362,172.31.36.0-255,66,228013,10,249940
13178,0.007395,172.31.36.0-255,66,228079,10,249940
13179,0.007425,172.31.36.0-255,66,228145,10,249940
13180,0.007451,172.217.194.0-255,4320,232465,10,249940
13181,0.007454,172.31.36.0-255,66,232531,10,249940
13182,0.007502,172.217.194.0-255,3602,236133,10,249940
13183,0.007505,172.31.36.0-255,66,236199,10,249940
13184,0.007709,172.217.194.0-255,1484,237683,10,249940
13185,0.00774,172.217.194.0-255,2902,240585,10,249940
13186,0.007743,172.31.36.0-255,66,240651,10,249940
13187,0.007766,172.217.194.0-255,4320,244971,10,249940
13188,0.00777,172.31.36.0-255,66,245037,10,249940
13189,0.007812,172.217.194.0-255,4495,249532,10,249940
13190,0.007815,172.31.36.0-255,66,249598,10,249940
13191,0.007905,172.217.194.0-255,105,249703,10,249940
13192,0.008002,172.31.36.0-255,66,249769,10,249940
13193,0.008031,172.31.36.0-255,105,249874,10,249940
13194,0.010313,172.217.194.0-255,66,249940,10,249940
13195,0.0,74.125.200.0-255,153,153,10,156089
13196,2.7e-05,172.31.36.0-255,66,219,10,156089
13197,3.5e-05,74.125.200.0-255,1484,1703,10,156089
13198,3.9e-05,172.31.36.0-255,66,1769,10,156089
13199,4.5e-05,74.125.200.0-255,2902,4671,10,156089
13200,4.9e-05,172.31.36.0-255,66,4737,10,156089
13201,5.1e-05,74.125.200.0-255,1484,6221,10,156089
13202,5.5e-05,172.31.36.0-255,66,6287,10,156089
13203,8.4e-05,74.125.200.0-255,5738,12025,10,156089
13204,8.8e-05,172.31.36.0-255,66,12091,10,156089
13205,0.000109,74.125.200.0-255,1950,14041,10,156089
13206,0.000112,172.31.36.0-255,66,14107,10,156089
13207,0.000116,74.125.200.0-255,2902,17009,10,156089
13208,0.000117,172.31.36.0-255,66,17075,10,156089
13209,0.000121,74.125.200.0-255,4320,21395,10,156089
13210,0.000123,172.31.36.0-255,66,21461,10,156089
13211,0.000142,74.125.200.0-255,2902,24363,10,156089
13212,0.000144,172.31.36.0-255,66,24429,10,156089
13213,0.000147,74.125.200.0-255,2902,27331,10,156089
13214,0.000149,172.31.36.0-255,66,27397,10,156089
13215,0.000172,74.125.200.0-255,3961,31358,10,156089
13216,0.000174,172.31.36.0-255,66,31424,10,156089
13217,0.00027,74.125.200.0-255,1484,32908,10,156089
13218,0.000274,172.31.36.0-255,66,32974,10,156089
13219,0.000293,74.125.200.0-255,1484,34458,10,156089
13220,0.000295,172.31.36.0-255,66,34524,10,156089
13221,0.0003,74.125.200.0-255,2902,37426,10,156089
13222,0.000303,172.31.36.0-255,66,37492,10,156089
13223,0.000306,74.125.200.0-255,1484,38976,10,156089
13224,0.000308,172.31.36.0-255,66,39042,10,156089
13225,0.000336,74.125.200.0-255,4320,43362,10,156089
13226,0.000339,172.31.36.0-255,66,43428,10,156089
13227,0.000344,74.125.200.0-255,4320,47748,10,156089
13228,0.000346,172.31.36.0-255,66,47814,10,156089
13229,0.000374,74.125.200.0-255,5379,53193,10,156089
13230,0.000378,172.31.36.0-255,66,53259,10,156089
13231,0.00041,172.31.36.0-255,66,53325,10,156089
13232,0.00043,74.125.200.0-255,1125,54450,10,156089
13233,0.000826,74.125.200.0-255,647,55097,10,156089
13234,0.000832,172.31.36.0-255,66,55163,10,156089
13235,0.001019,74.125.200.0-255,1484,56647,10,156089
13236,0.001039,74.125.200.0-255,2902,59549,10,156089
13237,0.001045,172.31.36.0-255,66,59615,10,156089
13238,0.001052,74.125.200.0-255,5738,65353,10,156089
13239,0.001054,172.31.36.0-255,66,65419,10,156089
13240,0.001086,172.31.36.0-255,66,65485,10,156089
13241,0.001102,74.125.200.0-255,1484,66969,10,156089
13242,0.001117,172.31.36.0-255,66,67035,10,156089
13243,0.001122,74.125.200.0-255,2184,69219,10,156089
13244,0.001124,172.31.36.0-255,66,69285,10,156089
13245,0.001828,74.125.200.0-255,1484,70769,10,156089
13246,0.001835,74.125.200.0-255,2902,73671,10,156089
13247,0.001839,172.31.36.0-255,66,73737,10,156089
13248,0.001843,74.125.200.0-255,1484,75221,10,156089
13249,0.001889,74.125.200.0-255,2902,78123,10,156089
13250,0.001892,172.31.36.0-255,66,78189,10,156089
13251,0.001898,74.125.200.0-255,5738,83927,10,156089
13252,0.0019,172.31.36.0-255,66,83993,10,156089
13253,0.001903,74.125.200.0-255,1484,85477,10,156089
13254,0.001916,74.125.200.0-255,2902,88379,10,156089
13255,0.001918,172.31.36.0-255,66,88445,10,156089
13256,0.001921,74.125.200.0-255,1484,89929,10,156089
13257,0.001944,74.125.200.0-255,4320,94249,10,156089
13258,0.001946,172.31.36.0-255,66,94315,10,156089
13259,0.001951,74.125.200.0-255,5738,100053,10,156089
13260,0.001953,172.31.36.0-255,66,100119,10,156089
13261,0.002002,74.125.200.0-255,3602,103721,10,156089
13262,0.002004,172.31.36.0-255,66,103787,10,156089
13263,0.003933,74.125.200.0-255,1484,105271,10,156089
13264,0.003974,74.125.200.0-255,4320,109591,10,156089
13265,0.003979,172.31.36.0-255,66,109657,10,156089
13266,0.005964,74.125.200.0-255,5738,115395,10,156089
13267,0.005972,172.31.36.0-255,66,115461,10,156089
13268,0.007959,74.125.200.0-255,5738,121199,10,156089
13269,0.007967,172.31.36.0-255,66,121265,10,156089
13270,0.009964,74.125.200.0-255,5738,127003,10,156089
13271,0.009971,172.31.36.0-255,66,127069,10,156089
13272,0.011959,74.125.200.0-255,5738,132807,10,156089
13273,0.01197,172.31.36.0-255,66,132873,10,156089
13274,0.013965,74.125.200.0-255,5738,138611,10,156089
13275,0.013972,172.31.36.0-255,66,138677,10,156089
13276,0.015976,74.125.200.0-255,5738,144415,10,156089
13277,0.015984,172.31.36.0-255,66,144481,10,156089
13278,0.017975,74.125.200.0-255,5738,150219,10,156089
13279,0.017982,172.31.36.0-255,66,150285,10,156089
13280,0.019963,74.125.200.0-255,5738,156023,10,156089
13281,0.01997,172.31.36.0-255,66,156089,10,156089
13282,0.0,74.125.130.0-255,152,152,10,169114
13283,2e-05,172.31.36.0-255,66,218,10,169114
13284,2.7e-05,74.125.130.0-255,1484,1702,10,169114
13285,3.1e-05,172.31.36.0-255,66,1768,10,169114
13286,3.5e-05,74.125.130.0-255,1484,3252,10,169114
13287,4.5e-05,172.31.36.0-255,66,3318,10,169114
13288,5.1e-05,74.125.130.0-255,2902,6220,10,169114
13289,5.4e-05,172.31.36.0-255,66,6286,10,169114
13290,6.1e-05,74.125.130.0-255,5738,12024,10,169114
13291,6.4e-05,172.31.36.0-255,66,12090,10,169114
13292,8.7e-05,74.125.130.0-255,3395,15485,10,169114
13293,9.5e-05,172.31.36.0-255,66,15551,10,169114
13294,0.0001,74.125.130.0-255,4320,19871,10,169114
13295,0.000102,172.31.36.0-255,66,19937,10,169114
13296,0.000154,172.31.36.0-255,66,20003,10,169114
13297,0.000157,74.125.130.0-255,1125,21128,10,169114
13298,0.000159,172.31.36.0-255,66,21194,10,169114
13299,0.000289,74.125.130.0-255,1484,22678,10,169114
13300,0.000294,172.31.36.0-255,66,22744,10,169114
13301,0.000299,74.125.130.0-255,2902,25646,10,169114
13302,0.000302,172.31.36.0-255,66,25712,10,169114
13303,0.000334,74.125.130.0-255,5738,31450,10,169114
13304,0.000337,172.31.36.0-255,66,31516,10,169114
13305,0.000342,74.125.130.0-255,4320,35836,10,169114
13306,0.000344,172.31.36.0-255,66,35902,10,169114
13307,0.000372,74.125.130.0-255,1484,37386,10,169114
13308,0.000375,172.31.36.0-255,66,37452,10,169114
13309,0.000403,74.125.130.0-255,3961,41413,10,169114
13310,0.000405,172.31.36.0-255,66,41479,10,169114
13311,0.000409,74.125.130.0-255,2902,44381,10,169114
13312,0.000411,172.31.36.0-255,66,44447,10,169114
13313,0.000421,74.125.130.0-255,4320,48767,10,169114
13314,0.000424,172.31.36.0-255,66,48833,10,169114
13315,0.000459,74.125.130.0-255,7088,55921,10,169114
13316,0.000462,172.31.36.0-255,66,55987,10,169114
13317,0.000464,74.125.130.0-255,366,56353,10,169114
13318,0.000608,74.125.130.0-255,1484,57837,10,169114
13319,0.000613,172.31.36.0-255,66,57903,10,169114
13320,0.000619,74.125.130.0-255,2902,60805,10,169114
13321,0.000621,172.31.36.0-255,66,60871,10,169114
13322,0.000654,74.125.130.0-255,4320,65191,10,169114
13323,0.00066,74.125.130.0-255,5738,70929,10,169114
13324,0.000687,172.31.36.0-255,66,70995,10,169114
13325,0.00069,172.31.36.0-255,66,71061,10,169114
13326,0.000714,172.31.36.0-255,66,71127,10,169114
13327,0.00072,74.125.130.0-255,4320,75447,10,169114
13328,0.000723,172.31.36.0-255,66,75513,10,169114
13329,0.000757,74.125.130.0-255,4320,79833,10,169114
13330,0.00076,172.31.36.0-255,66,79899,10,169114
13331,0.000765,74.125.130.0-255,2543,82442,10,169114
13332,0.000766,172.31.36.0-255,66,82508,10,169114
13333,0.00116,74.125.130.0-255,1484,83992,10,169114
13334,0.001177,74.125.130.0-255,2902,86894,10,169114
13335,0.001181,172.31.36.0-255,66,86960,10,169114
13336,0.001186,74.125.130.0-255,2902,89862,10,169114
13337,0.001189,172.31.36.0-255,66,89928,10,169114
13338,0.001227,74.125.130.0-255,2902,92830,10,169114
13339,0.00123,172.31.36.0-255,66,92896,10,169114
13340,0.001238,74.125.130.0-255,7156,100052,10,169114
13341,0.00124,172.31.36.0-255,66,100118,10,169114
13342,0.001252,74.125.130.0-255,7156,107274,10,169114
13343,0.001254,172.31.36.0-255,66,107340,10,169114
13344,0.001288,74.125.130.0-255,5738,113078,10,169114
13345,0.001291,172.31.36.0-255,66,113144,10,169114
13346,0.001296,74.125.130.0-255,3602,116746,10,169114
13347,0.001298,172.31.36.0-255,66,116812,10,169114
13348,0.003321,74.125.130.0-255,1484,118296,10,169114
13349,0.003351,74.125.130.0-255,4320,122616,10,169114
13350,0.003356,172.31.36.0-255,66,122682,10,169114
13351,0.005383,74.125.130.0-255,5738,128420,10,169114
13352,0.00539,172.31.36.0-255,66,128486,10,169114
13353,0.00741,74.125.130.0-255,5738,134224,10,169114
13354,0.007414,172.31.36.0-255,66,134290,10,169114
13355,0.00944,74.125.130.0-255,5738,140028,10,169114
13356,0.009448,172.31.36.0-255,66,140094,10,169114
13357,0.01147,74.125.130.0-255,5738,145832,10,169114
13358,0.011479,172.31.36.0-255,66,145898,10,169114
13359,0.013511,74.125.130.0-255,5738,151636,10,169114
13360,0.013518,172.31.36.0-255,66,151702,10,169114
13361,0.015549,74.125.130.0-255,5738,157440,10,169114
13362,0.015559,172.31.36.0-255,66,157506,10,169114
13363,0.017585,74.125.130.0-255,5738,163244,10,169114
13364,0.017592,172.31.36.0-255,66,163310,10,169114
13365,0.019607,74.125.130.0-255,5738,169048,10,169114
13366,0.019613,172.31.36.0-255,66,169114,10,169114
13367,0.0,172.217.194.0-255,152,152,10,125754
13368,2.3e-05,172.31.36.0-255,66,218,10,125754
13369,3.1e-05,172.217.194.0-255,1484,1702,10,125754
13370,3.6e-05,172.31.36.0-255,66,1768,10,125754
13371,5.1e-05,172.217.194.0-255,2902,4670,10,125754
13372,5.4e-05,172.31.36.0-255,66,4736,10,125754
13373,6.2e-05,172.217.194.0-255,7156,11892,10,125754
13374,6.6e-05,172.31.36.0-255,66,11958,10,125754
13375,7e-05,172.217.194.0-255,2104,14062,10,125754
13376,7.2e-05,172.31.36.0-255,66,14128,10,125754
13377,0.000275,172.217.194.0-255,1484,15612,10,125754
13378,0.000281,172.31.36.0-255,66,15678,10,125754
13379,0.000288,172.217.194.0-255,2902,18580,10,125754
13380,0.000291,172.31.36.0-255,66,18646,10,125754
13381,0.000301,172.217.194.0-255,4320,22966,10,125754
13382,0.000304,172.31.36.0-255,66,23032,10,125754
13383,0.000315,172.217.194.0-255,1484,24516,10,125754
13384,0.000318,172.31.36.0-255,66,24582,10,125754
13385,0.000356,172.31.36.0-255,66,24648,10,125754
13386,0.000387,172.217.194.0-255,5379,30027,10,125754
13387,0.00039,172.31.36.0-255,66,30093,10,125754
13388,0.000406,172.31.36.0-255,66,30159,10,125754
13389,0.001228,172.217.194.0-255,1484,31643,10,125754
13390,0.001235,172.31.36.0-255,66,31709,10,125754
13391,0.001245,172.217.194.0-255,2902,34611,10,125754
13392,0.001247,172.31.36.0-255,66,34677,10,125754
13393,0.00126,172.217.194.0-255,5738,40415,10,125754
13394,0.001262,172.31.36.0-255,66,40481,10,125754
13395,0.00127,172.217.194.0-255,5738,46219,10,125754
13396,0.001272,172.31.36.0-255,66,46285,10,125754
13397,0.001314,172.31.36.0-255,66,46351,10,125754
13398,0.001326,172.31.36.0-255,66,46417,10,125754
13399,0.001354,172.217.194.0-255,7156,53573,10,125754
13400,0.001357,172.31.36.0-255,66,53639,10,125754
13401,0.00137,172.31.36.0-255,66,53705,10,125754
13402,0.001393,172.217.194.0-255,4181,57886,10,125754
13403,0.001395,172.31.36.0-255,66,57952,10,125754
13404,0.001417,172.217.194.0-255,2902,60854,10,125754
13405,0.00142,172.31.36.0-255,66,60920,10,125754
13406,0.001447,172.217.194.0-255,4716,65636,10,125754
13407,0.00145,172.31.36.0-255,66,65702,10,125754
13408,0.001477,172.217.194.0-255,1484,67186,10,125754
13409,0.001499,172.217.194.0-255,2902,70088,10,125754
13410,0.001502,172.31.36.0-255,66,70154,10,125754
13411,0.001505,172.217.194.0-255,1484,71638,10,125754
13412,0.001536,172.217.194.0-255,4320,75958,10,125754
13413,0.001539,172.31.36.0-255,66,76024,10,125754
13414,0.001562,172.31.36.0-255,66,76090,10,125754
13415,0.001583,172.217.194.0-255,1484,77574,10,125754
13416,0.001587,172.217.194.0-255,2902,80476,10,125754
13417,0.00159,172.31.36.0-255,66,80542,10,125754
13418,0.001619,172.217.194.0-255,5738,86280,10,125754
13419,0.001622,172.31.36.0-255,66,86346,10,125754
13420,0.001637,172.31.36.0-255,66,86412,10,125754
13421,0.001672,172.31.36.0-255,66,86478,10,125754
13422,0.004045,172.217.194.0-255,5738,92216,10,125754
13423,0.004055,172.31.36.0-255,66,92282,10,125754
13424,0.00642,172.217.194.0-255,5738,98020,10,125754
13425,0.006425,172.31.36.0-255,66,98086,10,125754
13426,0.008798,172.217.194.0-255,4320,102406,10,125754
13427,0.008805,172.31.36.0-255,66,102472,10,125754
13428,0.008835,172.217.194.0-255,1484,103956,10,125754
13429,0.011177,172.217.194.0-255,4320,108276,10,125754
13430,0.011185,172.31.36.0-255,66,108342,10,125754
13431,0.013547,172.217.194.0-255,5738,114080,10,125754
13432,0.013557,172.31.36.0-255,66,114146,10,125754
13433,0.01593,172.217.194.0-255,5738,119884,10,125754
13434,0.015942,172.31.36.0-255,66,119950,10,125754
13435,0.018319,172.217.194.0-255,5738,125688,10,125754
13436,0.018329,172.31.36.0-255,66,125754,10,125754
13437,0.0,172.217.194.0-255,153,153,10,221153
13438,2.7e-05,172.31.36.0-255,66,219,10,221153
13439,3.4e-05,172.217.194.0-255,1484,1703,10,221153
13440,3.9e-05,172.31.36.0-255,66,1769,10,221153
13441,5.2e-05,172.217.194.0-255,2902,4671,10,221153
13442,5.5e-05,172.31.36.0-255,66,4737,10,221153
13443,5.9e-05,172.217.194.0-255,2902,7639,10,221153
13444,6.2e-05,172.31.36.0-255,66,7705,10,221153
13445,6.7e-05,172.217.194.0-255,4320,12025,10,221153
13446,7e-05,172.31.36.0-255,66,12091,10,221153
13447,0.0001,172.217.194.0-255,2003,14094,10,221153
13448,0.000103,172.31.36.0-255,66,14160,10,221153
13449,0.000211,172.217.194.0-255,1484,15644,10,221153
13450,0.000215,172.31.36.0-255,66,15710,10,221153
13451,0.000219,172.217.194.0-255,1484,17194,10,221153
13452,0.000221,172.31.36.0-255,66,17260,10,221153
13453,0.000238,172.217.194.0-255,1484,18744,10,221153
13454,0.000241,172.31.36.0-255,66,18810,10,221153
13455,0.000252,172.217.194.0-255,5738,24548,10,221153
13456,0.000254,172.31.36.0-255,66,24614,10,221153
13457,0.000263,172.217.194.0-255,6797,31411,10,221153
13458,0.000266,172.31.36.0-255,66,31477,10,221153
13459,0.000432,172.217.194.0-255,1484,32961,10,221153
13460,0.000437,172.31.36.0-255,66,33027,10,221153
13461,0.000442,172.217.194.0-255,2902,35929,10,221153
13462,0.000444,172.31.36.0-255,66,35995,10,221153
13463,0.000447,172.217.194.0-255,1484,37479,10,221153
13464,0.000453,172.31.36.0-255,66,37545,10,221153
13465,0.000481,172.217.194.0-255,4320,41865,10,221153
13466,0.000484,172.31.36.0-255,66,41931,10,221153
13467,0.000491,172.217.194.0-255,5738,47669,10,221153
13468,0.000493,172.31.36.0-255,66,47735,10,221153
13469,0.000496,172.217.194.0-255,1484,49219,10,221153
13470,0.000544,172.217.194.0-255,3961,53180,10,221153
13471,0.000544,172.31.36.0-255,66,53246,10,221153
13472,0.00055,172.31.36.0-255,66,53312,10,221153
13473,0.00057,172.217.194.0-255,648,53960,10,221153
13474,0.000712,172.217.194.0-255,1484,55444,10,221153
13475,0.000717,172.31.36.0-255,66,55510,10,221153
13476,0.000722,172.217.194.0-255,2902,58412,10,221153
13477,0.000732,172.31.36.0-255,66,58478,10,221153
13478,0.000742,172.217.194.0-255,4320,62798,10,221153
13479,0.000748,172.31.36.0-255,66,62864,10,221153
13480,0.00076,172.217.194.0-255,1484,64348,10,221153
13481,0.000791,172.217.194.0-255,2902,67250,10,221153
13482,0.000798,172.31.36.0-255,66,67316,10,221153
13483,0.000816,172.217.194.0-255,7156,74472,10,221153
13484,0.000819,172.217.194.0-255,766,75238,10,221153
13485,0.000823,172.31.36.0-255,66,75304,10,221153
13486,0.000955,172.217.194.0-255,1484,76788,10,221153
13487,0.00097,172.217.194.0-255,2902,79690,10,221153
13488,0.000973,172.31.36.0-255,66,79756,10,221153
13489,0.000978,172.217.194.0-255,2902,82658,10,221153
13490,0.000991,172.31.36.0-255,66,82724,10,221153
13491,0.001002,172.217.194.0-255,7156,89880,10,221153
13492,0.001012,172.31.36.0-255,66,89946,10,221153
13493,0.001027,172.217.194.0-255,5738,95684,10,221153
13494,0.00104,172.31.36.0-255,66,95750,10,221153
13495,0.001071,172.217.194.0-255,3602,99352,10,221153
13496,0.001073,172.31.36.0-255,66,99418,10,221153
13497,0.001079,172.31.36.0-255,66,99484,10,221153
13498,0.001153,172.31.36.0-255,66,99550,10,221153
13499,0.001157,172.31.36.0-255,66,99616,10,221153
13500,0.001172,172.31.36.0-255,66,99682,10,221153
13501,0.001475,172.217.194.0-255,1484,101166,10,221153
13502,0.001491,172.217.194.0-255,2902,104068,10,221153
13503,0.001495,172.31.36.0-255,66,104134,10,221153
13504,0.0015,172.217.194.0-255,2902,107036,10,221153
13505,0.001509,172.31.36.0-255,66,107102,10,221153
13506,0.001522,172.217.194.0-255,2902,110004,10,221153
13507,0.001536,172.31.36.0-255,66,110070,10,221153
13508,0.001554,172.217.194.0-255,2902,112972,10,221153
13509,0.001565,172.31.36.0-255,66,113038,10,221153
13510,0.001573,172.217.194.0-255,4320,117358,10,221153
13511,0.001581,172.31.36.0-255,66,117424,10,221153
13512,0.001591,172.217.194.0-255,2902,120326,10,221153
13513,0.001599,172.31.36.0-255,66,120392,10,221153
13514,0.001611,172.217.194.0-255,1484,121876,10,221153
13515,0.001627,172.31.36.0-255,66,121942,10,221153
13516,0.001645,172.217.194.0-255,2184,124126,10,221153
13517,0.001649,172.31.36.0-255,66,124192,10,221153
13518,0.002126,172.217.194.0-255,1484,125676,10,221153
13519,0.002137,172.217.194.0-255,2902,128578,10,221153
13520,0.002141,172.31.36.0-255,66,128644,10,221153
13521,0.002149,172.217.194.0-255,4320,132964,10,221153
13522,0.002181,172.217.194.0-255,1484,134448,10,221153
13523,0.002189,172.217.194.0-255,5738,140186,10,221153
13524,0.00223,172.217.194.0-255,4320,144506,10,221153
13525,0.002236,172.31.36.0-255,66,144572,10,221153
13526,0.002267,172.217.194.0-255,7156,151728,10,221153
13527,0.002275,172.217.194.0-255,6438,158166,10,221153
13528,0.002315,172.31.36.0-255,66,158232,10,221153
13529,0.002438,172.217.194.0-255,1484,159716,10,221153
13530,0.002445,172.217.194.0-255,2902,162618,10,221153
13531,0.002472,172.217.194.0-255,5738,168356,10,221153
13532,0.002475,172.217.194.0-255,1484,169840,10,221153
13533,0.002502,172.217.194.0-255,7156,176996,10,221153
13534,0.002551,172.217.194.0-255,6438,183434,10,221153
13535,0.002565,172.217.194.0-255,5738,189172,10,221153
13536,0.002632,172.217.194.0-255,1484,190656,10,221153
13537,0.002649,172.217.194.0-255,3602,194258,10,221153
13538,0.002655,172.217.194.0-255,5738,199996,10,221153
13539,0.002732,172.217.194.0-255,1484,201480,10,221153
13540,0.002755,172.217.194.0-255,1484,202964,10,221153
13541,0.002847,172.217.194.0-255,2184,205148,10,221153
13542,0.002859,172.217.194.0-255,4320,209468,10,221153
13543,0.002894,172.217.194.0-255,1484,210952,10,221153
13544,0.002908,172.217.194.0-255,1484,212436,10,221153
13545,0.002923,172.217.194.0-255,5738,218174,10,221153
13546,0.002986,172.217.194.0-255,2637,220811,10,221153
13547,0.002989,172.217.194.0-255,105,220916,10,221153
13548,0.003181,172.31.36.0-255,66,220982,10,221153
13549,0.004629,172.31.36.0-255,105,221087,10,221153
13550,0.006899,172.217.194.0-255,66,221153,10,221153
13551,0.0,172.253.118.0-255,152,152,10,144211
13552,3e-05,172.31.36.0-255,66,218,10,144211
13553,3.7e-05,172.253.118.0-255,1484,1702,10,144211
13554,4.1e-05,172.31.36.0-255,66,1768,10,144211
13555,4.6e-05,172.253.118.0-255,2902,4670,10,144211
13556,4.9e-05,172.31.36.0-255,66,4736,10,144211
13557,6.2e-05,172.253.118.0-255,4320,9056,10,144211
13558,6.4e-05,172.31.36.0-255,66,9122,10,144211
13559,0.000142,172.253.118.0-255,2902,12024,10,144211
13560,0.000147,172.31.36.0-255,66,12090,10,144211
13561,0.000178,172.253.118.0-255,2104,14194,10,144211
13562,0.000181,172.31.36.0-255,66,14260,10,144211
13563,0.000279,172.253.118.0-255,1484,15744,10,144211
13564,0.000284,172.31.36.0-255,66,15810,10,144211
13565,0.000289,172.253.118.0-255,2902,18712,10,144211
13566,0.000293,172.31.36.0-255,66,18778,10,144211
13567,0.000356,172.253.118.0-255,5738,24516,10,144211
13568,0.00036,172.31.36.0-255,66,24582,10,144211
13569,0.000368,172.253.118.0-255,6797,31379,10,144211
13570,0.00037,172.31.36.0-255,66,31445,10,144211
13571,0.000381,172.31.36.0-255,66,31511,10,144211
13572,0.000417,172.253.118.0-255,6797,38308,10,144211
13573,0.000421,172.31.36.0-255,66,38374,10,144211
13574,0.00064,172.253.118.0-255,1484,39858,10,144211
13575,0.000644,172.31.36.0-255,66,39924,10,144211
13576,0.000649,172.253.118.0-255,2902,42826,10,144211
13577,0.000651,172.31.36.0-255,66,42892,10,144211
13578,0.000685,172.253.118.0-255,5738,48630,10,144211
13579,0.000689,172.31.36.0-255,66,48696,10,144211
13580,0.00072,172.253.118.0-255,7071,55767,10,144211
13581,0.000723,172.31.36.0-255,66,55833,10,144211
13582,0.001057,172.253.118.0-255,130,55963,10,144211
13583,0.001089,172.253.118.0-255,1484,57447,10,144211
13584,0.001094,172.31.36.0-255,66,57513,10,144211
13585,0.001125,172.253.118.0-255,2902,60415,10,144211
13586,0.001129,172.31.36.0-255,66,60481,10,144211
13587,0.001135,172.253.118.0-255,5738,66219,10,144211
13588,0.001137,172.31.36.0-255,66,66285,10,144211
13589,0.001175,172.31.36.0-255,66,66351,10,144211
13590,0.001193,172.253.118.0-255,2902,69253,10,144211
13591,0.001195,172.31.36.0-255,66,69319,10,144211
13592,0.0012,172.253.118.0-255,2902,72221,10,144211
13593,0.001202,172.31.36.0-255,66,72287,10,144211
13594,0.001231,172.253.118.0-255,2902,75189,10,144211
13595,0.001234,172.31.36.0-255,66,75255,10,144211
13596,0.001276,172.31.36.0-255,66,75321,10,144211
13597,0.001293,172.31.36.0-255,66,75387,10,144211
13598,0.001299,172.253.118.0-255,5738,81125,10,144211
13599,0.001301,172.31.36.0-255,66,81191,10,144211
13600,0.001331,172.253.118.0-255,5020,86211,10,144211
13601,0.001334,172.31.36.0-255,66,86277,10,144211
13602,0.001337,172.253.118.0-255,348,86625,10,144211
13603,0.001714,172.253.118.0-255,1484,88109,10,144211
13604,0.001718,172.31.36.0-255,66,88175,10,144211
13605,0.00174,172.253.118.0-255,2902,91077,10,144211
13606,0.001742,172.31.36.0-255,66,91143,10,144211
13607,0.001752,172.253.118.0-255,4320,95463,10,144211
13608,0.001754,172.31.36.0-255,66,95529,10,144211
13609,0.001773,172.253.118.0-255,1484,97013,10,144211
13610,0.001784,172.253.118.0-255,7156,104169,10,144211
13611,0.001787,172.31.36.0-255,66,104235,10,144211
13612,0.001808,172.253.118.0-255,1484,105719,10,144211
13613,0.001858,172.253.118.0-255,3602,109321,10,144211
13614,0.004968,172.31.36.0-255,66,109387,10,144211
13615,0.007266,172.253.118.0-255,5738,115125,10,144211
13616,0.007274,172.31.36.0-255,66,115191,10,144211
13617,0.009567,172.253.118.0-255,5738,120929,10,144211
13618,0.009576,172.31.36.0-255,66,120995,10,144211
13619,0.01187,172.253.118.0-255,5738,126733,10,144211
13620,0.011878,172.31.36.0-255,66,126799,10,144211
13621,0.014181,172.253.118.0-255,5738,132537,10,144211
13622,0.014194,172.31.36.0-255,66,132603,10,144211
13623,0.01648,172.253.118.0-255,5738,138341,10,144211
13624,0.016489,172.31.36.0-255,66,138407,10,144211
13625,0.018826,172.253.118.0-255,5738,144145,10,144211
13626,0.018836,172.31.36.0-255,66,144211,10,144211
13627,0.0,74.125.130.0-255,152,152,10,285886
13628,2.3e-05,172.31.36.0-255,66,218,10,285886
13629,3e-05,74.125.130.0-255,1484,1702,10,285886
13630,3.5e-05,172.31.36.0-255,66,1768,10,285886
13631,4.8e-05,74.125.130.0-255,2902,4670,10,285886
13632,5.2e-05,172.31.36.0-255,66,4736,10,285886
13633,5.5e-05,74.125.130.0-255,1484,6220,10,285886
13634,5.8e-05,172.31.36.0-255,66,6286,10,285886
13635,6.2e-05,74.125.130.0-255,2902,9188,10,285886
13636,6.5e-05,172.31.36.0-255,66,9254,10,285886
13637,9.9e-05,74.125.130.0-255,4847,14101,10,285886
13638,0.000102,172.31.36.0-255,66,14167,10,285886
13639,0.000228,74.125.130.0-255,1484,15651,10,285886
13640,0.000232,172.31.36.0-255,66,15717,10,285886
13641,0.000238,74.125.130.0-255,2902,18619,10,285886
13642,0.00024,172.31.36.0-255,66,18685,10,285886
13643,0.000243,74.125.130.0-255,1484,20169,10,285886
13644,0.00025,172.31.36.0-255,66,20235,10,285886
13645,0.000254,74.125.130.0-255,1484,21719,10,285886
13646,0.000256,172.31.36.0-255,66,21785,10,285886
13647,0.000277,74.125.130.0-255,1484,23269,10,285886
13648,0.000279,172.31.36.0-255,66,23335,10,285886
13649,0.000287,74.125.130.0-255,5738,29073,10,285886
13650,0.000289,172.31.36.0-255,66,29139,10,285886
13651,0.000315,74.125.130.0-255,2543,31682,10,285886
13652,0.000317,172.31.36.0-255,66,31748,10,285886
13653,0.000343,74.125.130.0-255,2902,34650,10,285886
13654,0.000347,172.31.36.0-255,66,34716,10,285886
13655,0.000354,74.125.130.0-255,7156,41872,10,285886
13656,0.000356,172.31.36.0-255,66,41938,10,285886
13657,0.000366,74.125.130.0-255,4320,46258,10,285886
13658,0.000368,172.31.36.0-255,66,46324,10,285886
13659,0.000404,74.125.130.0-255,2543,48867,10,285886
13660,0.000438,74.125.130.0-255,1484,50351,10,285886
13661,0.000454,74.125.130.0-255,1484,51835,10,285886
13662,0.000459,74.125.130.0-255,2902,54737,10,285886
13663,0.000464,74.125.130.0-255,4320,59057,10,285886
13664,0.000509,74.125.130.0-255,1484,60541,10,285886
13665,0.000534,74.125.130.0-255,5961,66502,10,285886
13666,0.000548,172.31.36.0-255,66,66568,10,285886
13667,0.000597,74.125.130.0-255,1484,68052,10,285886
13668,0.000616,74.125.130.0-255,2902,70954,10,285886
13669,0.000625,172.31.36.0-255,66,71020,10,285886
13670,0.00064,74.125.130.0-255,5738,76758,10,285886
13671,0.000651,172.31.36.0-255,66,76824,10,285886
13672,0.000657,74.125.130.0-255,5738,82562,10,285886
13673,0.000681,74.125.130.0-255,2543,85105,10,285886
13674,0.000707,74.125.130.0-255,6797,91902,10,285886
13675,0.000724,172.31.36.0-255,66,91968,10,285886
13676,0.000813,74.125.130.0-255,1484,93452,10,285886
13677,0.000818,74.125.130.0-255,2902,96354,10,285886
13678,0.000842,172.31.36.0-255,66,96420,10,285886
13679,0.000848,74.125.130.0-255,5738,102158,10,285886
13680,0.000854,74.125.130.0-255,4320,106478,10,285886
13681,0.000875,74.125.130.0-255,5738,112216,10,285886
13682,0.000919,74.125.130.0-255,2184,114400,10,285886
13683,0.000922,172.31.36.0-255,66,114466,10,285886
13684,0.001021,74.125.130.0-255,1484,115950,10,285886
13685,0.001027,74.125.130.0-255,2902,118852,10,285886
13686,0.001043,74.125.130.0-255,1484,120336,10,285886
13687,0.001061,74.125.130.0-255,4320,124656,10,285886
13688,0.001068,74.125.130.0-255,5738,130394,10,285886
13689,0.001091,74.125.130.0-255,7156,137550,10,285886
13690,0.001113,74.125.130.0-255,4320,141870,10,285886
13691,0.001127,74.125.130.0-255,6438,148308,10,285886
13692,0.001223,74.125.130.0-255,1484,149792,10,285886
13693,0.001237,74.125.130.0-255,2902,152694,10,285886
13694,0.001284,74.125.130.0-255,5738,158432,10,285886
13695,0.001289,74.125.130.0-255,4320,162752,10,285886
13696,0.001295,74.125.130.0-255,5738,168490,10,285886
13697,0.001324,74.125.130.0-255,7156,175646,10,285886
13698,0.001366,74.125.130.0-255,2902,178548,10,285886
13699,0.001384,74.125.130.0-255,3602,182150,10,285886
13700,0.001411,74.125.130.0-255,1484,183634,10,285886
13701,0.001431,74.125.130.0-255,2902,186536,10,285886
13702,0.001436,74.125.130.0-255,4320,190856,10,285886
13703,0.001448,74.125.130.0-255,1484,192340,10,285886
13704,0.001481,74.125.130.0-255,1484,193824,10,285886
13705,0.001516,74.125.130.0-255,5020,198844,10,285886
13706,0.0016,74.125.130.0-255,1484,200328,10,285886
13707,0.001603,74.125.130.0-255,1484,201812,10,285886
13708,0.001614,74.125.130.0-255,1484,203296,10,285886
13709,0.001628,74.125.130.0-255,4320,207616,10,285886
13710,0.00164,74.125.130.0-255,1484,209100,10,285886
13711,0.001667,74.125.130.0-255,7156,216256,10,285886
13712,0.001692,74.125.130.0-255,1484,217740,10,285886
13713,0.001723,74.125.130.0-255,5020,222760,10,285886
13714,0.001905,74.125.130.0-255,1484,224244,10,285886
13715,0.001909,74.125.130.0-255,1484,225728,10,285886
13716,0.001931,74.125.130.0-255,2902,228630,10,285886
13717,0.001948,74.125.130.0-255,4320,232950,10,285886
13718,0.001962,74.125.130.0-255,1484,234434,10,285886
13719,0.001966,74.125.130.0-255,4320,238754,10,285886
13720,0.001968,74.125.130.0-255,1484,240238,10,285886
13721,0.001988,74.125.130.0-255,4320,244558,10,285886
13722,0.002004,74.125.130.0-255,5738,250296,10,285886
13723,0.002028,74.125.130.0-255,5738,256034,10,285886
13724,0.00203,74.125.130.0-255,766,256800,10,285886
13725,0.00706,172.31.36.0-255,66,256866,10,285886
13726,0.009167,74.125.130.0-255,5738,262604,10,285886
13727,0.009176,172.31.36.0-255,66,262670,10,285886
13728,0.011259,74.125.130.0-255,5738,268408,10,285886
13729,0.011266,172.31.36.0-255,66,268474,10,285886
13730,0.013328,74.125.130.0-255,5738,274212,10,285886
13731,0.013338,172.31.36.0-255,66,274278,10,285886
13732,0.015397,74.125.130.0-255,5738,280016,10,285886
13733,0.016145,172.31.36.0-255,66,280082,10,285886
13734,0.01823,74.125.130.0-255,5738,285820,10,285886
13735,0.018248,172.31.36.0-255,66,285886,10,285886
13736,0.0,74.125.68.0-255,143,143,10,209015
13737,2.2e-05,172.31.36.0-255,66,209,10,209015
13738,2.9e-05,74.125.68.0-255,1484,1693,10,209015
13739,3.3e-05,172.31.36.0-255,66,1759,10,209015
13740,4e-05,74.125.68.0-255,2902,4661,10,209015
13741,4.3e-05,172.31.36.0-255,66,4727,10,209015
13742,5.1e-05,74.125.68.0-255,7156,11883,10,209015
13743,5.4e-05,172.31.36.0-255,66,11949,10,209015
13744,6e-05,74.125.68.0-255,2009,13958,10,209015
13745,6.4e-05,172.31.36.0-255,66,14024,10,209015
13746,0.000126,74.125.68.0-255,1484,15508,10,209015
13747,0.000128,172.31.36.0-255,66,15574,10,209015
13748,0.000134,74.125.68.0-255,2902,18476,10,209015
13749,0.000136,172.31.36.0-255,66,18542,10,209015
13750,0.000143,74.125.68.0-255,5738,24280,10,209015
13751,0.000146,172.31.36.0-255,66,24346,10,209015
13752,0.00015,74.125.68.0-255,2902,27248,10,209015
13753,0.000152,172.31.36.0-255,66,27314,10,209015
13754,0.000238,74.125.68.0-255,1484,28798,10,209015
13755,0.000241,172.31.36.0-255,66,28864,10,209015
13756,0.000262,74.125.68.0-255,2543,31407,10,209015
13757,0.000265,172.31.36.0-255,66,31473,10,209015
13758,0.00028,74.125.68.0-255,1484,32957,10,209015
13759,0.000283,172.31.36.0-255,66,33023,10,209015
13760,0.000287,74.125.68.0-255,2902,35925,10,209015
13761,0.00029,172.31.36.0-255,66,35991,10,209015
13762,0.000315,74.125.68.0-255,5738,41729,10,209015
13763,0.000319,172.31.36.0-255,66,41795,10,209015
13764,0.000322,74.125.68.0-255,1484,43279,10,209015
13765,0.000324,172.31.36.0-255,66,43345,10,209015
13766,0.000351,74.125.68.0-255,5379,48724,10,209015
13767,0.000355,172.31.36.0-255,66,48790,10,209015
13768,0.000373,74.125.68.0-255,2902,51692,10,209015
13769,0.000376,172.31.36.0-255,66,51758,10,209015
13770,0.000395,74.125.68.0-255,5738,57496,10,209015
13771,0.000398,172.31.36.0-255,66,57562,10,209015
13772,0.000413,74.125.68.0-255,4320,61882,10,209015
13773,0.000416,172.31.36.0-255,66,61948,10,209015
13774,0.000431,74.125.68.0-255,4275,66223,10,209015
13775,0.000434,172.31.36.0-255,66,66289,10,209015
13776,0.000437,74.125.68.0-255,108,66397,10,209015
13777,0.000562,74.125.68.0-255,1484,67881,10,209015
13778,0.000567,172.31.36.0-255,66,67947,10,209015
13779,0.000599,74.125.68.0-255,2902,70849,10,209015
13780,0.000602,172.31.36.0-255,66,70915,10,209015
13781,0.000624,74.125.68.0-255,5738,76653,10,209015
13782,0.000627,172.31.36.0-255,66,76719,10,209015
13783,0.000632,74.125.68.0-255,4320,81039,10,209015
13784,0.000634,172.31.36.0-255,66,81105,10,209015
13785,0.000656,74.125.68.0-255,2902,84007,10,209015
13786,0.000659,172.31.36.0-255,66,84073,10,209015
13787,0.000671,172.31.36.0-255,66,84139,10,209015
13788,0.000681,172.31.36.0-255,66,84205,10,209015
13789,0.000702,74.125.68.0-255,330,84535,10,209015
13790,0.000931,74.125.68.0-255,1484,86019,10,209015
13791,0.000936,172.31.36.0-255,66,86085,10,209015
13792,0.000942,74.125.68.0-255,2902,88987,10,209015
13793,0.000944,172.31.36.0-255,66,89053,10,209015
13794,0.000975,74.125.68.0-255,2902,91955,10,209015
13795,0.000978,172.31.36.0-255,66,92021,10,209015
13796,0.000998,74.125.68.0-255,2902,94923,10,209015
13797,0.001001,172.31.36.0-255,66,94989,10,209015
13798,0.001007,74.125.68.0-255,4320,99309,10,209015
13799,0.001009,172.31.36.0-255,66,99375,10,209015
13800,0.001022,74.125.68.0-255,2902,102277,10,209015
13801,0.001024,172.31.36.0-255,66,102343,10,209015
13802,0.001027,74.125.68.0-255,1484,103827,10,209015
13803,0.001057,172.31.36.0-255,66,103893,10,209015
13804,0.00106,74.125.68.0-255,1484,105377,10,209015
13805,0.001075,74.125.68.0-255,2184,107561,10,209015
13806,0.001078,172.31.36.0-255,66,107627,10,209015
13807,0.001205,74.125.68.0-255,1484,109111,10,209015
13808,0.001222,74.125.68.0-255,1484,110595,10,209015
13809,0.001226,172.31.36.0-255,66,110661,10,209015
13810,0.001239,74.125.68.0-255,2902,113563,10,209015
13811,0.001242,172.31.36.0-255,66,113629,10,209015
13812,0.001263,74.125.68.0-255,5738,119367,10,209015
13813,0.001267,172.31.36.0-255,66,119433,10,209015
13814,0.001288,74.125.68.0-255,7156,126589,10,209015
13815,0.001292,172.31.36.0-255,66,126655,10,209015
13816,0.001309,74.125.68.0-255,1484,128139,10,209015
13817,0.001324,74.125.68.0-255,2902,131041,10,209015
13818,0.001327,172.31.36.0-255,66,131107,10,209015
13819,0.001348,74.125.68.0-255,4320,135427,10,209015
13820,0.00135,172.31.36.0-255,66,135493,10,209015
13821,0.001374,74.125.68.0-255,4320,139813,10,209015
13822,0.001377,172.31.36.0-255,66,139879,10,209015
13823,0.001395,74.125.68.0-255,2184,142063,10,209015
13824,0.001398,172.31.36.0-255,66,142129,10,209015
13825,0.00168,74.125.68.0-255,1484,143613,10,209015
13826,0.001696,74.125.68.0-255,2902,146515,10,209015
13827,0.0017,172.31.36.0-255,66,146581,10,209015
13828,0.001723,74.125.68.0-255,5738,152319,10,209015
13829,0.001726,172.31.36.0-255,66,152385,10,209015
13830,0.001731,74.125.68.0-255,2902,155287,10,209015
13831,0.001733,172.31.36.0-255,66,155353,10,209015
13832,0.001781,74.125.68.0-255,2902,158255,10,209015
13833,0.001784,172.31.36.0-255,66,158321,10,209015
13834,0.001804,74.125.68.0-255,7156,165477,10,209015
13835,0.001807,172.31.36.0-255,66,165543,10,209015
13836,0.001818,172.31.36.0-255,66,165609,10,209015
13837,0.001871,74.125.68.0-255,2184,167793,10,209015
13838,0.001874,172.31.36.0-255,66,167859,10,209015
13839,0.00407,74.125.68.0-255,2902,170761,10,209015
13840,0.004079,172.31.36.0-255,66,170827,10,209015
13841,0.004101,74.125.68.0-255,2902,173729,10,209015
13842,0.004105,172.31.36.0-255,66,173795,10,209015
13843,0.006311,74.125.68.0-255,2902,176697,10,209015
13844,0.00632,172.31.36.0-255,66,176763,10,209015
13845,0.006343,74.125.68.0-255,2902,179665,10,209015
13846,0.006345,172.31.36.0-255,66,179731,10,209015
13847,0.008544,74.125.68.0-255,2902,182633,10,209015
13848,0.00855,172.31.36.0-255,66,182699,10,209015
13849,0.008572,74.125.68.0-255,2902,185601,10,209015
13850,0.008575,172.31.36.0-255,66,185667,10,209015
13851,0.010785,74.125.68.0-255,2902,188569,10,209015
13852,0.010797,172.31.36.0-255,66,188635,10,209015
13853,0.010818,74.125.68.0-255,2902,191537,10,209015
13854,0.010821,172.31.36.0-255,66,191603,10,209015
13855,0.013052,74.125.68.0-255,5738,197341,10,209015
13856,0.013068,172.31.36.0-255,66,197407,10,209015
13857,0.015351,74.125.68.0-255,5738,203145,10,209015
13858,0.015362,172.31.36.0-255,66,203211,10,209015
13859,0.017878,74.125.68.0-255,5738,208949,10,209015
13860,0.017897,172.31.36.0-255,66,209015,10,209015
13861,0.0,74.125.24.0-255,153,153,10,191044
13862,3.4e-05,172.31.36.0-255,66,219,10,191044
13863,4.1e-05,74.125.24.0-255,1484,1703,10,191044
13864,4.5e-05,172.31.36.0-255,66,1769,10,191044
13865,5.8e-05,74.125.24.0-255,2902,4671,10,191044
13866,6.1e-05,172.31.36.0-255,66,4737,10,191044
13867,6.8e-05,74.125.24.0-255,7156,11893,10,191044
13868,7.1e-05,172.31.36.0-255,66,11959,10,191044
13869,7.5e-05,74.125.24.0-255,2048,14007,10,191044
13870,7.7e-05,172.31.36.0-255,66,14073,10,191044
13871,0.000257,74.125.24.0-255,1484,15557,10,191044
13872,0.000262,172.31.36.0-255,66,15623,10,191044
13873,0.000267,74.125.24.0-255,1484,17107,10,191044
13874,0.000269,172.31.36.0-255,66,17173,10,191044
13875,0.000299,74.125.24.0-255,1484,18657,10,191044
13876,0.000304,172.31.36.0-255,66,18723,10,191044
13877,0.000305,74.125.24.0-255,5738,24461,10,191044
13878,0.000309,172.31.36.0-255,66,24527,10,191044
13879,0.000311,74.125.24.0-255,6797,31324,10,191044
13880,0.000313,172.31.36.0-255,66,31390,10,191044
13881,0.000441,74.125.24.0-255,1484,32874,10,191044
13882,0.000445,172.31.36.0-255,66,32940,10,191044
13883,0.00045,74.125.24.0-255,2902,35842,10,191044
13884,0.000452,172.31.36.0-255,66,35908,10,191044
13885,0.000456,74.125.24.0-255,2902,38810,10,191044
13886,0.000464,172.31.36.0-255,66,38876,10,191044
13887,0.000489,74.125.24.0-255,2902,41778,10,191044
13888,0.000493,172.31.36.0-255,66,41844,10,191044
13889,0.000504,172.31.36.0-255,66,41910,10,191044
13890,0.000545,74.125.24.0-255,5379,47289,10,191044
13891,0.000549,172.31.36.0-255,66,47355,10,191044
13892,0.000562,172.31.36.0-255,66,47421,10,191044
13893,0.000564,74.125.24.0-255,399,47820,10,191044
13894,0.000568,74.125.24.0-255,115,47935,10,191044
13895,0.000596,74.125.24.0-255,327,48262,10,191044
13896,0.000807,172.31.36.0-255,66,48328,10,191044
13897,0.000934,74.125.24.0-255,1484,49812,10,191044
13898,0.000943,74.125.24.0-255,2902,52714,10,191044
13899,0.000946,172.31.36.0-255,66,52780,10,191044
13900,0.000956,74.125.24.0-255,5738,58518,10,191044
13901,0.000958,172.31.36.0-255,66,58584,10,191044
13902,0.000982,172.31.36.0-255,66,58650,10,191044
13903,0.001013,74.125.24.0-255,7156,65806,10,191044
13904,0.001016,172.31.36.0-255,66,65872,10,191044
13905,0.001038,74.125.24.0-255,2902,68774,10,191044
13906,0.001046,172.31.36.0-255,66,68840,10,191044
13907,0.00105,74.125.24.0-255,766,69606,10,191044
13908,0.001233,74.125.24.0-255,1484,71090,10,191044
13909,0.001239,172.31.36.0-255,66,71156,10,191044
13910,0.001245,74.125.24.0-255,2902,74058,10,191044
13911,0.001246,172.31.36.0-255,66,74124,10,191044
13912,0.001258,74.125.24.0-255,5738,79862,10,191044
13913,0.001261,172.31.36.0-255,66,79928,10,191044
13914,0.001268,74.125.24.0-255,7156,87084,10,191044
13915,0.001271,172.31.36.0-255,66,87150,10,191044
13916,0.001308,74.125.24.0-255,5738,92888,10,191044
13917,0.001312,172.31.36.0-255,66,92954,10,191044
13918,0.001324,172.31.36.0-255,66,93020,10,191044
13919,0.001399,74.125.24.0-255,1484,94504,10,191044
13920,0.001423,74.125.24.0-255,2902,97406,10,191044
13921,0.001427,74.125.24.0-255,1484,98890,10,191044
13922,0.001439,172.31.36.0-255,66,98956,10,191044
13923,0.001445,74.125.24.0-255,1484,100440,10,191044
13924,0.001446,172.31.36.0-255,66,100506,10,191044
13925,0.001458,74.125.24.0-255,7156,107662,10,191044
13926,0.00146,172.31.36.0-255,66,107728,10,191044
13927,0.001463,74.125.24.0-255,1484,109212,10,191044
13928,0.001516,172.31.36.0-255,66,109278,10,191044
13929,0.001521,74.125.24.0-255,3602,112880,10,191044
13930,0.001523,172.31.36.0-255,66,112946,10,191044
13931,0.001674,74.125.24.0-255,1484,114430,10,191044
13932,0.00168,74.125.24.0-255,2902,117332,10,191044
13933,0.001683,172.31.36.0-255,66,117398,10,191044
13934,0.001687,74.125.24.0-255,1484,118882,10,191044
13935,0.001713,74.125.24.0-255,4320,123202,10,191044
13936,0.001716,172.31.36.0-255,66,123268,10,191044
13937,0.001721,74.125.24.0-255,4320,127588,10,191044
13938,0.001724,172.31.36.0-255,66,127654,10,191044
13939,0.001763,172.31.36.0-255,66,127720,10,191044
13940,0.001767,74.125.24.0-255,2902,130622,10,191044
13941,0.001769,172.31.36.0-255,66,130688,10,191044
13942,0.001785,74.125.24.0-255,4320,135008,10,191044
13943,0.001788,172.31.36.0-255,66,135074,10,191044
13944,0.001817,74.125.24.0-255,3602,138676,10,191044
13945,0.001822,172.31.36.0-255,66,138742,10,191044
13946,0.003767,74.125.24.0-255,1484,140226,10,191044
13947,0.003793,74.125.24.0-255,4320,144546,10,191044
13948,0.003797,172.31.36.0-255,66,144612,10,191044
13949,0.005758,74.125.24.0-255,5738,150350,10,191044
13950,0.005763,172.31.36.0-255,66,150416,10,191044
13951,0.007724,74.125.24.0-255,5738,156154,10,191044
13952,0.00773,172.31.36.0-255,66,156220,10,191044
13953,0.009734,74.125.24.0-255,5738,161958,10,191044
13954,0.00974,172.31.36.0-255,66,162024,10,191044
13955,0.011698,74.125.24.0-255,5738,167762,10,191044
13956,0.011705,172.31.36.0-255,66,167828,10,191044
13957,0.013681,74.125.24.0-255,5738,173566,10,191044
13958,0.013688,172.31.36.0-255,66,173632,10,191044
13959,0.01565,74.125.24.0-255,5738,179370,10,191044
13960,0.015657,172.31.36.0-255,66,179436,10,191044
13961,0.017632,74.125.24.0-255,5738,185174,10,191044
13962,0.01764,172.31.36.0-255,66,185240,10,191044
13963,0.019638,74.125.24.0-255,5738,190978,10,191044
13964,0.019645,172.31.36.0-255,66,191044,10,191044
13965,0.0,74.125.200.0-255,146,146,10,117034
13966,1.7e-05,172.31.36.0-255,66,212,10,117034
13967,2.4e-05,74.125.200.0-255,1484,1696,10,117034
13968,2.9e-05,172.31.36.0-255,66,1762,10,117034
13969,3.4e-05,74.125.200.0-255,2902,4664,10,117034
13970,4.6e-05,172.31.36.0-255,66,4730,10,117034
13971,5.3e-05,74.125.200.0-255,5738,10468,10,117034
13972,5.6e-05,172.31.36.0-255,66,10534,10,117034
13973,9.3e-05,74.125.200.0-255,3376,13910,10,117034
13974,9.7e-05,172.31.36.0-255,66,13976,10,117034
13975,0.00042,74.125.200.0-255,1484,15460,10,117034
13976,0.000426,74.125.200.0-255,2902,18362,10,117034
13977,0.000438,172.31.36.0-255,66,18428,10,117034
13978,0.000442,172.31.36.0-255,66,18494,10,117034
13979,0.000449,74.125.200.0-255,5738,24232,10,117034
13980,0.000456,172.31.36.0-255,66,24298,10,117034
13981,0.00046,74.125.200.0-255,2902,27200,10,117034
13982,0.000463,172.31.36.0-255,66,27266,10,117034
13983,0.000469,74.125.200.0-255,3961,31227,10,117034
13984,0.000471,172.31.36.0-255,66,31293,10,117034
13985,0.000661,74.125.200.0-255,1484,32777,10,117034
13986,0.000666,172.31.36.0-255,66,32843,10,117034
13987,0.000673,74.125.200.0-255,2902,35745,10,117034
13988,0.000675,172.31.36.0-255,66,35811,10,117034
13989,0.000712,74.125.200.0-255,5738,41549,10,117034
13990,0.000715,172.31.36.0-255,66,41615,10,117034
13991,0.000721,74.125.200.0-255,4320,45935,10,117034
13992,0.000723,172.31.36.0-255,66,46001,10,117034
13993,0.000734,74.125.200.0-255,5379,51380,10,117034
13994,0.000736,172.31.36.0-255,66,51446,10,117034
13995,0.000772,172.31.36.0-255,66,51512,10,117034
13996,0.000777,74.125.200.0-255,2543,54055,10,117034
13997,0.000779,172.31.36.0-255,66,54121,10,117034
13998,0.000782,74.125.200.0-255,410,54531,10,117034
13999,0.001078,172.31.36.0-255,66,54597,10,117034
14000,0.001388,74.125.200.0-255,333,54930,10,117034
14001,0.001723,74.125.200.0-255,1484,56414,10,117034
14002,0.00173,172.31.36.0-255,66,56480,10,117034
14003,0.001738,74.125.200.0-255,2902,59382,10,117034
14004,0.001739,172.31.36.0-255,66,59448,10,117034
14005,0.001743,74.125.200.0-255,1484,60932,10,117034
14006,0.00178,74.125.200.0-255,4320,65252,10,117034
14007,0.001783,172.31.36.0-255,66,65318,10,117034
14008,0.001793,172.31.36.0-255,66,65384,10,117034
14009,0.001812,172.31.36.0-255,66,65450,10,117034
14010,0.001815,74.125.200.0-255,1484,66934,10,117034
14011,0.001844,74.125.200.0-255,3602,70536,10,117034
14012,0.001846,172.31.36.0-255,66,70602,10,117034
14013,0.004096,74.125.200.0-255,5738,76340,10,117034
14014,0.004102,172.31.36.0-255,66,76406,10,117034
14015,0.006359,74.125.200.0-255,5738,82144,10,117034
14016,0.006363,172.31.36.0-255,66,82210,10,117034
14017,0.008619,74.125.200.0-255,5738,87948,10,117034
14018,0.008627,172.31.36.0-255,66,88014,10,117034
14019,0.010893,74.125.200.0-255,5738,93752,10,117034
14020,0.010901,172.31.36.0-255,66,93818,10,117034
14021,0.013148,74.125.200.0-255,5738,99556,10,117034
14022,0.013156,172.31.36.0-255,66,99622,10,117034
14023,0.015409,74.125.200.0-255,5738,105360,10,117034
14024,0.015418,172.31.36.0-255,66,105426,10,117034
14025,0.01768,74.125.200.0-255,5738,111164,10,117034
14026,0.01769,172.31.36.0-255,66,111230,10,117034
14027,0.019936,74.125.200.0-255,5738,116968,10,117034
14028,0.019944,172.31.36.0-255,66,117034,10,117034
14029,0.0,172.217.194.0-255,149,149,10,204550
14030,3e-05,172.31.36.0-255,66,215,10,204550
14031,3.7e-05,172.217.194.0-255,1484,1699,10,204550
14032,4e-05,172.31.36.0-255,66,1765,10,204550
14033,4.4e-05,172.217.194.0-255,2902,4667,10,204550
14034,4.6e-05,172.31.36.0-255,66,4733,10,204550
14035,5.3e-05,172.217.194.0-255,7156,11889,10,204550
14036,5.6e-05,172.31.36.0-255,66,11955,10,204550
14037,6e-05,172.217.194.0-255,3446,15401,10,204550
14038,6.1e-05,172.31.36.0-255,66,15467,10,204550
14039,7.9e-05,172.217.194.0-255,5738,21205,10,204550
14040,8.3e-05,172.31.36.0-255,66,21271,10,204550
14041,9.8e-05,172.217.194.0-255,7156,28427,10,204550
14042,0.0001,172.31.36.0-255,66,28493,10,204550
14043,0.000102,172.217.194.0-255,1484,29977,10,204550
14044,0.000104,172.31.36.0-255,66,30043,10,204550
14045,0.000121,172.217.194.0-255,1125,31168,10,204550
14046,0.000123,172.31.36.0-255,66,31234,10,204550
14047,0.000172,172.217.194.0-255,1484,32718,10,204550
14048,0.000175,172.31.36.0-255,66,32784,10,204550
14049,0.000193,172.217.194.0-255,2902,35686,10,204550
14050,0.000195,172.31.36.0-255,66,35752,10,204550
14051,0.000198,172.217.194.0-255,1484,37236,10,204550
14052,0.0002,172.31.36.0-255,66,37302,10,204550
14053,0.000225,172.217.194.0-255,4320,41622,10,204550
14054,0.000227,172.31.36.0-255,66,41688,10,204550
14055,0.00023,172.217.194.0-255,2902,44590,10,204550
14056,0.000231,172.31.36.0-255,66,44656,10,204550
14057,0.000254,172.31.36.0-255,66,44722,10,204550
14058,0.000289,172.31.36.0-255,66,44788,10,204550
14059,0.000369,172.217.194.0-255,98,44886,10,204550
14060,0.000402,172.217.194.0-255,363,45249,10,204550
14061,0.000691,172.31.36.0-255,66,45315,10,204550
14062,0.00085,172.217.194.0-255,1484,46799,10,204550
14063,0.000859,172.217.194.0-255,2902,49701,10,204550
14064,0.000863,172.217.194.0-255,2902,52603,10,204550
14065,0.000881,172.217.194.0-255,2902,55505,10,204550
14066,0.000885,172.217.194.0-255,2902,58407,10,204550
14067,0.000902,172.217.194.0-255,5738,64145,10,204550
14068,0.000914,172.217.194.0-255,4320,68465,10,204550
14069,0.000919,172.217.194.0-255,4320,72785,10,204550
14070,0.000939,172.217.194.0-255,5738,78523,10,204550
14071,0.000942,172.217.194.0-255,766,79289,10,204550
14072,0.001219,172.217.194.0-255,1484,80773,10,204550
14073,0.001225,172.217.194.0-255,2902,83675,10,204550
14074,0.00123,172.217.194.0-255,5738,89413,10,204550
14075,0.001276,172.217.194.0-255,5738,95151,10,204550
14076,0.001294,172.217.194.0-255,5020,100171,10,204550
14077,0.001323,172.217.194.0-255,2902,103073,10,204550
14078,0.001335,172.217.194.0-255,4320,107393,10,204550
14079,0.001392,172.217.194.0-255,2902,110295,10,204550
14080,0.001394,172.217.194.0-255,766,111061,10,204550
14081,0.001531,172.217.194.0-255,1484,112545,10,204550
14082,0.001534,172.217.194.0-255,1484,114029,10,204550
14083,0.001545,172.217.194.0-255,1484,115513,10,204550
14084,0.00155,172.217.194.0-255,5738,121251,10,204550
14085,0.001565,172.217.194.0-255,4320,125571,10,204550
14086,0.001611,172.217.194.0-255,766,126337,10,204550
14087,0.001721,172.217.194.0-255,1484,127821,10,204550
14088,0.001734,172.217.194.0-255,1484,129305,10,204550
14089,0.001743,172.217.194.0-255,1484,130789,10,204550
14090,0.001746,172.217.194.0-255,2902,133691,10,204550
14091,0.001757,172.217.194.0-255,2902,136593,10,204550
14092,0.00177,172.217.194.0-255,4320,140913,10,204550
14093,0.001813,172.217.194.0-255,2184,143097,10,204550
14094,0.001827,172.217.194.0-255,1484,144581,10,204550
14095,0.001956,172.217.194.0-255,1484,146065,10,204550
14096,0.001972,172.217.194.0-255,2902,148967,10,204550
14097,0.001987,172.217.194.0-255,4320,153287,10,204550
14098,0.001996,172.217.194.0-255,1484,154771,10,204550
14099,0.002003,172.217.194.0-255,5738,160509,10,204550
14100,0.002026,172.217.194.0-255,7156,167665,10,204550
14101,0.002099,172.217.194.0-255,2902,170567,10,204550
14102,0.002113,172.217.194.0-255,5738,176305,10,204550
14103,0.002117,172.217.194.0-255,2902,179207,10,204550
14104,0.002138,172.217.194.0-255,7156,186363,10,204550
14105,0.002172,172.217.194.0-255,4320,190683,10,204550
14106,0.002203,172.217.194.0-255,2184,192867,10,204550
14107,0.002239,172.217.194.0-255,2902,195769,10,204550
14108,0.002267,172.217.194.0-255,4320,200089,10,204550
14109,0.002331,172.217.194.0-255,2902,202991,10,204550
14110,0.005854,172.31.36.0-255,66,203057,10,204550
14111,0.008146,172.217.194.0-255,1256,204313,10,204550
14112,0.0085,172.31.36.0-255,66,204379,10,204550
14113,0.008528,172.31.36.0-255,105,204484,10,204550
14114,0.010761,172.217.194.0-255,66,204550,10,204550
14115,0.0,172.217.194.0-255,356,356,10,196461
14116,3e-05,172.31.36.0-255,66,422,10,196461
14117,3.7e-05,172.217.194.0-255,1484,1906,10,196461
14118,4.2e-05,172.31.36.0-255,66,1972,10,196461
14119,4.8e-05,172.217.194.0-255,4320,6292,10,196461
14120,5e-05,172.31.36.0-255,66,6358,10,196461
14121,6.1e-05,172.31.36.0-255,66,6424,10,196461
14122,0.00012,172.217.194.0-255,1484,7908,10,196461
14123,0.000123,172.31.36.0-255,66,7974,10,196461
14124,0.000128,172.217.194.0-255,2902,10876,10,196461
14125,0.00013,172.31.36.0-255,66,10942,10,196461
14126,0.000133,172.217.194.0-255,1484,12426,10,196461
14127,0.000136,172.31.36.0-255,66,12492,10,196461
14128,0.00016,172.217.194.0-255,4320,16812,10,196461
14129,0.000162,172.31.36.0-255,66,16878,10,196461
14130,0.00019,172.217.194.0-255,1484,18362,10,196461
14131,0.000192,172.31.36.0-255,66,18428,10,196461
14132,0.000215,172.217.194.0-255,5379,23807,10,196461
14133,0.000218,172.31.36.0-255,66,23873,10,196461
14134,0.000449,172.217.194.0-255,1484,25357,10,196461
14135,0.000453,172.31.36.0-255,66,25423,10,196461
14136,0.000459,172.217.194.0-255,2902,28325,10,196461
14137,0.000461,172.31.36.0-255,66,28391,10,196461
14138,0.000479,172.217.194.0-255,5738,34129,10,196461
14139,0.000482,172.31.36.0-255,66,34195,10,196461
14140,0.00051,172.217.194.0-255,6797,40992,10,196461
14141,0.000513,172.31.36.0-255,66,41058,10,196461
14142,0.000559,172.217.194.0-255,1484,42542,10,196461
14143,0.000562,172.31.36.0-255,66,42608,10,196461
14144,0.000569,172.217.194.0-255,2902,45510,10,196461
14145,0.000572,172.31.36.0-255,66,45576,10,196461
14146,0.000598,172.217.194.0-255,5738,51314,10,196461
14147,0.000601,172.31.36.0-255,66,51380,10,196461
14148,0.000609,172.217.194.0-255,6797,58177,10,196461
14149,0.000612,172.31.36.0-255,66,58243,10,196461
14150,0.000948,172.217.194.0-255,646,58889,10,196461
14151,0.000984,172.31.36.0-255,66,58955,10,196461
14152,0.001387,172.217.194.0-255,1484,60439,10,196461
14153,0.001398,172.217.194.0-255,2902,63341,10,196461
14154,0.001403,172.31.36.0-255,66,63407,10,196461
14155,0.00141,172.217.194.0-255,5738,69145,10,196461
14156,0.001413,172.31.36.0-255,66,69211,10,196461
14157,0.001421,172.217.194.0-255,7156,76367,10,196461
14158,0.001424,172.31.36.0-255,66,76433,10,196461
14159,0.001466,172.31.36.0-255,66,76499,10,196461
14160,0.00147,172.217.194.0-255,2184,78683,10,196461
14161,0.001472,172.31.36.0-255,66,78749,10,196461
14162,0.001687,172.217.194.0-255,1484,80233,10,196461
14163,0.001693,172.217.194.0-255,2902,83135,10,196461
14164,0.001697,172.31.36.0-255,66,83201,10,196461
14165,0.00172,172.217.194.0-255,5738,88939,10,196461
14166,0.001722,172.31.36.0-255,66,89005,10,196461
14167,0.001743,172.217.194.0-255,7156,96161,10,196461
14168,0.001781,172.31.36.0-255,66,96227,10,196461
14169,0.001789,172.31.36.0-255,66,96293,10,196461
14170,0.001795,172.217.194.0-255,5738,102031,10,196461
14171,0.001797,172.31.36.0-255,66,102097,10,196461
14172,0.001801,172.217.194.0-255,2184,104281,10,196461
14173,0.001803,172.31.36.0-255,66,104347,10,196461
14174,0.001821,172.217.194.0-255,1484,105831,10,196461
14175,0.001826,172.217.194.0-255,2902,108733,10,196461
14176,0.001828,172.31.36.0-255,66,108799,10,196461
14177,0.001831,172.217.194.0-255,1484,110283,10,196461
14178,0.001849,172.217.194.0-255,4320,114603,10,196461
14179,0.001853,172.31.36.0-255,66,114669,10,196461
14180,0.001886,172.31.36.0-255,66,114735,10,196461
14181,0.001898,172.31.36.0-255,66,114801,10,196461
14182,0.001981,172.217.194.0-255,1484,116285,10,196461
14183,0.001986,172.217.194.0-255,2902,119187,10,196461
14184,0.00199,172.31.36.0-255,66,119253,10,196461
14185,0.001996,172.217.194.0-255,5738,124991,10,196461
14186,0.001998,172.31.36.0-255,66,125057,10,196461
14187,0.002023,172.217.194.0-255,2902,127959,10,196461
14188,0.002025,172.31.36.0-255,66,128025,10,196461
14189,0.002054,172.217.194.0-255,2902,130927,10,196461
14190,0.002057,172.31.36.0-255,66,130993,10,196461
14191,0.00206,172.31.36.0-255,66,131059,10,196461
14192,0.002089,172.31.36.0-255,66,131125,10,196461
14193,0.002252,172.217.194.0-255,1484,132609,10,196461
14194,0.00227,172.217.194.0-255,2902,135511,10,196461
14195,0.002273,172.31.36.0-255,66,135577,10,196461
14196,0.002279,172.217.194.0-255,5738,141315,10,196461
14197,0.002281,172.31.36.0-255,66,141381,10,196461
14198,0.002284,172.217.194.0-255,1484,142865,10,196461
14199,0.002306,172.217.194.0-255,5738,148603,10,196461
14200,0.002308,172.31.36.0-255,66,148669,10,196461
14201,0.002319,172.31.36.0-255,66,148735,10,196461
14202,0.002336,172.217.194.0-255,4320,153055,10,196461
14203,0.002338,172.31.36.0-255,66,153121,10,196461
14204,0.002341,172.217.194.0-255,2184,155305,10,196461
14205,0.002343,172.31.36.0-255,66,155371,10,196461
14206,0.004585,172.217.194.0-255,2902,158273,10,196461
14207,0.004591,172.31.36.0-255,66,158339,10,196461
14208,0.004626,172.217.194.0-255,2902,161241,10,196461
14209,0.004629,172.31.36.0-255,66,161307,10,196461
14210,0.006904,172.217.194.0-255,2902,164209,10,196461
14211,0.006911,172.31.36.0-255,66,164275,10,196461
14212,0.006955,172.217.194.0-255,2902,167177,10,196461
14213,0.006959,172.31.36.0-255,66,167243,10,196461
14214,0.009197,172.217.194.0-255,2902,170145,10,196461
14215,0.009204,172.31.36.0-255,66,170211,10,196461
14216,0.009248,172.217.194.0-255,2902,173113,10,196461
14217,0.009253,172.31.36.0-255,66,173179,10,196461
14218,0.011543,172.217.194.0-255,5738,178917,10,196461
14219,0.011555,172.31.36.0-255,66,178983,10,196461
14220,0.013829,172.217.194.0-255,5738,184721,10,196461
14221,0.013838,172.31.36.0-255,66,184787,10,196461
14222,0.0161,172.217.194.0-255,5738,190525,10,196461
14223,0.016107,172.31.36.0-255,66,190591,10,196461
14224,0.018374,172.217.194.0-255,4320,194911,10,196461
14225,0.018382,172.31.36.0-255,66,194977,10,196461
14226,0.018402,172.217.194.0-255,1484,196461,10,196461
14227,0.0,172.217.194.0-255,153,153,10,197678
14228,2.2e-05,172.31.36.0-255,66,219,10,197678
14229,3.1e-05,172.217.194.0-255,1484,1703,10,197678
14230,3.5e-05,172.31.36.0-255,66,1769,10,197678
14231,4.1e-05,172.217.194.0-255,2902,4671,10,197678
14232,4.5e-05,172.31.36.0-255,66,4737,10,197678
14233,5.3e-05,172.217.194.0-255,7156,11893,10,197678
14234,5.7e-05,172.31.36.0-255,66,11959,10,197678
14235,6.1e-05,172.217.194.0-255,2049,14008,10,197678
14236,6.4e-05,172.31.36.0-255,66,14074,10,197678
14237,0.000103,172.217.194.0-255,1484,15558,10,197678
14238,0.000105,172.31.36.0-255,66,15624,10,197678
14239,0.000111,172.217.194.0-255,2902,18526,10,197678
14240,0.000113,172.31.36.0-255,66,18592,10,197678
14241,0.00012,172.217.194.0-255,5738,24330,10,197678
14242,0.000122,172.31.36.0-255,66,24396,10,197678
14243,0.000154,172.217.194.0-255,6797,31193,10,197678
14244,0.000157,172.31.36.0-255,66,31259,10,197678
14245,0.000165,172.217.194.0-255,7156,38415,10,197678
14246,0.000167,172.31.36.0-255,66,38481,10,197678
14247,0.000186,172.217.194.0-255,4320,42801,10,197678
14248,0.000188,172.31.36.0-255,66,42867,10,197678
14249,0.000213,172.217.194.0-255,5379,48246,10,197678
14250,0.000215,172.31.36.0-255,66,48312,10,197678
14251,0.000222,172.217.194.0-255,7156,55468,10,197678
14252,0.000224,172.31.36.0-255,66,55534,10,197678
14253,0.00024,172.217.194.0-255,2902,58436,10,197678
14254,0.000242,172.31.36.0-255,66,58502,10,197678
14255,0.000249,172.217.194.0-255,5738,64240,10,197678
14256,0.000252,172.31.36.0-255,66,64306,10,197678
14257,0.000268,172.217.194.0-255,1125,65431,10,197678
14258,0.00027,172.31.36.0-255,66,65497,10,197678
14259,0.000273,172.217.194.0-255,381,65878,10,197678
14260,0.000316,172.217.194.0-255,363,66241,10,197678
14261,0.000523,172.217.194.0-255,1484,67725,10,197678
14262,0.000528,172.31.36.0-255,66,67791,10,197678
14263,0.000534,172.217.194.0-255,2902,70693,10,197678
14264,0.000536,172.31.36.0-255,66,70759,10,197678
14265,0.00054,172.217.194.0-255,1484,72243,10,197678
14266,0.000555,172.217.194.0-255,4320,76563,10,197678
14267,0.000558,172.31.36.0-255,66,76629,10,197678
14268,0.000561,172.217.194.0-255,1484,78113,10,197678
14269,0.00059,172.31.36.0-255,66,78179,10,197678
14270,0.000627,172.31.36.0-255,66,78245,10,197678
14271,0.000816,172.217.194.0-255,1484,79729,10,197678
14272,0.000822,172.217.194.0-255,2902,82631,10,197678
14273,0.000825,172.31.36.0-255,66,82697,10,197678
14274,0.000833,172.217.194.0-255,5738,88435,10,197678
14275,0.000835,172.31.36.0-255,66,88501,10,197678
14276,0.000852,172.217.194.0-255,2902,91403,10,197678
14277,0.000855,172.31.36.0-255,66,91469,10,197678
14278,0.000884,172.217.194.0-255,7156,98625,10,197678
14279,0.000888,172.31.36.0-255,66,98691,10,197678
14280,0.000901,172.217.194.0-255,4320,103011,10,197678
14281,0.000904,172.31.36.0-255,66,103077,10,197678
14282,0.000935,172.31.36.0-255,66,103143,10,197678
14283,0.00094,172.217.194.0-255,4320,107463,10,197678
14284,0.000942,172.31.36.0-255,66,107529,10,197678
14285,0.000974,172.31.36.0-255,66,107595,10,197678
14286,0.000988,172.31.36.0-255,66,107661,10,197678
14287,0.001022,172.31.36.0-255,66,107727,10,197678
14288,0.001073,172.217.194.0-255,1484,109211,10,197678
14289,0.00109,172.217.194.0-255,2902,112113,10,197678
14290,0.001093,172.31.36.0-255,66,112179,10,197678
14291,0.0011,172.217.194.0-255,5738,117917,10,197678
14292,0.001102,172.31.36.0-255,66,117983,10,197678
14293,0.00111,172.217.194.0-255,7156,125139,10,197678
14294,0.001113,172.31.36.0-255,66,125205,10,197678
14295,0.001173,172.31.36.0-255,66,125271,10,197678
14296,0.001177,172.217.194.0-255,2184,127455,10,197678
14297,0.001179,172.31.36.0-255,66,127521,10,197678
14298,0.001184,172.217.194.0-255,2902,130423,10,197678
14299,0.001186,172.31.36.0-255,66,130489,10,197678
14300,0.001193,172.217.194.0-255,7156,137645,10,197678
14301,0.001196,172.31.36.0-255,66,137711,10,197678
14302,0.00123,172.31.36.0-255,66,137777,10,197678
14303,0.001233,172.217.194.0-255,1484,139261,10,197678
14304,0.001274,172.217.194.0-255,6438,145699,10,197678
14305,0.001277,172.31.36.0-255,66,145765,10,197678
14306,0.001301,172.217.194.0-255,1484,147249,10,197678
14307,0.001323,172.217.194.0-255,2902,150151,10,197678
14308,0.001329,172.217.194.0-255,5738,155889,10,197678
14309,0.001334,172.31.36.0-255,66,155955,10,197678
14310,0.001342,172.31.36.0-255,66,156021,10,197678
14311,0.001349,172.217.194.0-255,5738,161759,10,197678
14312,0.001351,172.31.36.0-255,66,161825,10,197678
14313,0.001393,172.217.194.0-255,7156,168981,10,197678
14314,0.001397,172.31.36.0-255,66,169047,10,197678
14315,0.00141,172.31.36.0-255,66,169113,10,197678
14316,0.0015,172.217.194.0-255,1484,170597,10,197678
14317,0.001506,172.217.194.0-255,2902,173499,10,197678
14318,0.001509,172.31.36.0-255,66,173565,10,197678
14319,0.001531,172.217.194.0-255,5738,179303,10,197678
14320,0.001533,172.31.36.0-255,66,179369,10,197678
14321,0.001545,172.217.194.0-255,1484,180853,10,197678
14322,0.001573,172.31.36.0-255,66,180919,10,197678
14323,0.001602,172.31.36.0-255,66,180985,10,197678
14324,0.001625,172.217.194.0-255,2184,183169,10,197678
14325,0.001643,172.31.36.0-255,66,183235,10,197678
14326,0.00165,172.31.36.0-255,66,183301,10,197678
14327,0.001664,172.31.36.0-255,66,183367,10,197678
14328,0.001678,172.31.36.0-255,66,183433,10,197678
14329,0.00169,172.217.194.0-255,1484,184917,10,197678
14330,0.001741,172.31.36.0-255,66,184983,10,197678
14331,0.001798,172.31.36.0-255,66,185049,10,197678
14332,0.001825,172.217.194.0-255,5738,190787,10,197678
14333,0.001828,172.31.36.0-255,66,190853,10,197678
14334,0.001844,172.31.36.0-255,66,190919,10,197678
14335,0.001851,172.217.194.0-255,6351,197270,10,197678
14336,0.001853,172.31.36.0-255,66,197336,10,197678
14337,0.001856,172.217.194.0-255,105,197441,10,197678
14338,0.004874,172.31.36.0-255,66,197507,10,197678
14339,0.004915,172.31.36.0-255,105,197612,10,197678
14340,0.007195,172.217.194.0-255,66,197678,10,197678
14341,0.0,74.125.24.0-255,145,145,10,194751
14342,1.5e-05,172.31.36.0-255,66,211,10,194751
14343,2.3e-05,74.125.24.0-255,1484,1695,10,194751
14344,2.7e-05,172.31.36.0-255,66,1761,10,194751
14345,4.1e-05,74.125.24.0-255,2902,4663,10,194751
14346,4.4e-05,172.31.36.0-255,66,4729,10,194751
14347,5.2e-05,74.125.24.0-255,7156,11885,10,194751
14348,5.5e-05,172.31.36.0-255,66,11951,10,194751
14349,6e-05,74.125.24.0-255,2105,14056,10,194751
14350,6.2e-05,172.31.36.0-255,66,14122,10,194751
14351,8.9e-05,74.125.24.0-255,1484,15606,10,194751
14352,9.2e-05,172.31.36.0-255,66,15672,10,194751
14353,9.7e-05,74.125.24.0-255,2902,18574,10,194751
14354,0.0001,172.31.36.0-255,66,18640,10,194751
14355,0.000136,74.125.24.0-255,5738,24378,10,194751
14356,0.000139,172.31.36.0-255,66,24444,10,194751
14357,0.000146,74.125.24.0-255,6797,31241,10,194751
14358,0.000148,172.31.36.0-255,66,31307,10,194751
14359,0.000203,74.125.24.0-255,7156,38463,10,194751
14360,0.000206,172.31.36.0-255,66,38529,10,194751
14361,0.000218,172.31.36.0-255,66,38595,10,194751
14362,0.000244,74.125.24.0-255,1484,40079,10,194751
14363,0.000247,172.31.36.0-255,66,40145,10,194751
14364,0.000252,74.125.24.0-255,2902,43047,10,194751
14365,0.000254,172.31.36.0-255,66,43113,10,194751
14366,0.000261,74.125.24.0-255,5738,48851,10,194751
14367,0.000264,172.31.36.0-255,66,48917,10,194751
14368,0.000305,74.125.24.0-255,6797,55714,10,194751
14369,0.000308,172.31.36.0-255,66,55780,10,194751
14370,0.000333,74.125.24.0-255,647,56427,10,194751
14371,0.000335,172.31.36.0-255,66,56493,10,194751
14372,0.000597,74.125.24.0-255,1484,57977,10,194751
14373,0.000605,74.125.24.0-255,2902,60879,10,194751
14374,0.000609,172.31.36.0-255,66,60945,10,194751
14375,0.000614,74.125.24.0-255,1484,62429,10,194751
14376,0.000626,74.125.24.0-255,5738,68167,10,194751
14377,0.000628,172.31.36.0-255,66,68233,10,194751
14378,0.000633,74.125.24.0-255,2902,71135,10,194751
14379,0.000636,172.31.36.0-255,66,71201,10,194751
14380,0.000676,172.31.36.0-255,66,71267,10,194751
14381,0.000688,172.31.36.0-255,66,71333,10,194751
14382,0.001208,74.125.24.0-255,1484,72817,10,194751
14383,0.00123,74.125.24.0-255,2902,75719,10,194751
14384,0.001235,172.31.36.0-255,66,75785,10,194751
14385,0.001241,74.125.24.0-255,5738,81523,10,194751
14386,0.001244,172.31.36.0-255,66,81589,10,194751
14387,0.001247,74.125.24.0-255,1484,83073,10,194751
14388,0.001282,172.31.36.0-255,66,83139,10,194751
14389,0.001299,172.31.36.0-255,66,83205,10,194751
14390,0.001437,74.125.24.0-255,1484,84689,10,194751
14391,0.001443,74.125.24.0-255,2902,87591,10,194751
14392,0.001446,172.31.36.0-255,66,87657,10,194751
14393,0.001478,74.125.24.0-255,5738,93395,10,194751
14394,0.001481,172.31.36.0-255,66,93461,10,194751
14395,0.001488,74.125.24.0-255,5738,99199,10,194751
14396,0.00149,172.31.36.0-255,66,99265,10,194751
14397,0.00152,74.125.24.0-255,5738,105003,10,194751
14398,0.001541,172.31.36.0-255,66,105069,10,194751
14399,0.001549,172.31.36.0-255,66,105135,10,194751
14400,0.00156,172.31.36.0-255,66,105201,10,194751
14401,0.001576,172.31.36.0-255,66,105267,10,194751
14402,0.001622,172.31.36.0-255,66,105333,10,194751
14403,0.001646,74.125.24.0-255,1484,106817,10,194751
14404,0.001649,74.125.24.0-255,1484,108301,10,194751
14405,0.001652,172.31.36.0-255,66,108367,10,194751
14406,0.001675,74.125.24.0-255,1484,109851,10,194751
14407,0.00169,74.125.24.0-255,5738,115589,10,194751
14408,0.001692,172.31.36.0-255,66,115655,10,194751
14409,0.001697,74.125.24.0-255,2902,118557,10,194751
14410,0.001699,172.31.36.0-255,66,118623,10,194751
14411,0.001742,74.125.24.0-255,4320,122943,10,194751
14412,0.001745,172.31.36.0-255,66,123009,10,194751
14413,0.001772,74.125.24.0-255,5738,128747,10,194751
14414,0.001775,172.31.36.0-255,66,128813,10,194751
14415,0.001788,172.31.36.0-255,66,128879,10,194751
14416,0.001865,74.125.24.0-255,1484,130363,10,194751
14417,0.001882,74.125.24.0-255,2902,133265,10,194751
14418,0.001885,172.31.36.0-255,66,133331,10,194751
14419,0.001892,74.125.24.0-255,5738,139069,10,194751
14420,0.001895,172.31.36.0-255,66,139135,10,194751
14421,0.001943,172.31.36.0-255,66,139201,10,194751
14422,0.001956,172.31.36.0-255,66,139267,10,194751
14423,0.001974,172.31.36.0-255,66,139333,10,194751
14424,0.002016,172.31.36.0-255,66,139399,10,194751
14425,0.002043,74.125.24.0-255,4320,143719,10,194751
14426,0.002046,172.31.36.0-255,66,143785,10,194751
14427,0.002057,172.31.36.0-255,66,143851,10,194751
14428,0.002062,74.125.24.0-255,4320,148171,10,194751
14429,0.002065,172.31.36.0-255,66,148237,10,194751
14430,0.002092,74.125.24.0-255,4320,152557,10,194751
14431,0.002095,172.31.36.0-255,66,152623,10,194751
14432,0.002101,74.125.24.0-255,4320,156943,10,194751
14433,0.002103,172.31.36.0-255,66,157009,10,194751
14434,0.002133,74.125.24.0-255,5738,162747,10,194751
14435,0.00215,74.125.24.0-255,5738,168485,10,194751
14436,0.002155,172.31.36.0-255,66,168551,10,194751
14437,0.002158,172.31.36.0-255,66,168617,10,194751
14438,0.002172,172.31.36.0-255,66,168683,10,194751
14439,0.002176,74.125.24.0-255,1484,170167,10,194751
14440,0.002194,74.125.24.0-255,2902,173069,10,194751
14441,0.002196,172.31.36.0-255,66,173135,10,194751
14442,0.002234,172.31.36.0-255,66,173201,10,194751
14443,0.002241,74.125.24.0-255,6438,179639,10,194751
14444,0.002243,172.31.36.0-255,66,179705,10,194751
14445,0.00229,172.31.36.0-255,66,179771,10,194751
14446,0.002327,172.31.36.0-255,66,179837,10,194751
14447,0.002335,74.125.24.0-255,6438,186275,10,194751
14448,0.002338,172.31.36.0-255,66,186341,10,194751
14449,0.004598,74.125.24.0-255,5738,192079,10,194751
14450,0.004606,172.31.36.0-255,66,192145,10,194751
14451,0.006843,74.125.24.0-255,2369,194514,10,194751
14452,0.006847,172.31.36.0-255,66,194580,10,194751
14453,0.009747,172.31.36.0-255,105,194685,10,194751
14454,0.011993,74.125.24.0-255,66,194751,10,194751
14455,0.0,172.217.194.0-255,152,152,10,215153
14456,2.2e-05,172.31.36.0-255,66,218,10,215153
14457,2.9e-05,172.217.194.0-255,1484,1702,10,215153
14458,3.4e-05,172.31.36.0-255,66,1768,10,215153
14459,5e-05,172.217.194.0-255,2902,4670,10,215153
14460,5.3e-05,172.31.36.0-255,66,4736,10,215153
14461,6.1e-05,172.217.194.0-255,7156,11892,10,215153
14462,6.5e-05,172.31.36.0-255,66,11958,10,215153
14463,6.9e-05,172.217.194.0-255,2037,13995,10,215153
14464,7.3e-05,172.31.36.0-255,66,14061,10,215153
14465,7.8e-05,172.217.194.0-255,2902,16963,10,215153
14466,8e-05,172.31.36.0-255,66,17029,10,215153
14467,0.00012,172.217.194.0-255,7156,24185,10,215153
14468,0.000123,172.31.36.0-255,66,24251,10,215153
14469,0.000131,172.217.194.0-255,6797,31048,10,215153
14470,0.000133,172.31.36.0-255,66,31114,10,215153
14471,0.000191,172.217.194.0-255,1484,32598,10,215153
14472,0.000193,172.31.36.0-255,66,32664,10,215153
14473,0.000198,172.217.194.0-255,2902,35566,10,215153
14474,0.000201,172.31.36.0-255,66,35632,10,215153
14475,0.000238,172.217.194.0-255,5738,41370,10,215153
14476,0.000241,172.31.36.0-255,66,41436,10,215153
14477,0.000249,172.217.194.0-255,7156,48592,10,215153
14478,0.000251,172.31.36.0-255,66,48658,10,215153
14479,0.000286,172.217.194.0-255,6797,55455,10,215153
14480,0.000289,172.31.36.0-255,66,55521,10,215153
14481,0.000304,172.31.36.0-255,66,55587,10,215153
14482,0.000308,172.217.194.0-255,678,56265,10,215153
14483,0.00031,172.31.36.0-255,66,56331,10,215153
14484,0.000453,172.217.194.0-255,1484,57815,10,215153
14485,0.000457,172.31.36.0-255,66,57881,10,215153
14486,0.000464,172.217.194.0-255,2902,60783,10,215153
14487,0.000466,172.31.36.0-255,66,60849,10,215153
14488,0.000475,172.217.194.0-255,1484,62333,10,215153
14489,0.000501,172.217.194.0-255,4320,66653,10,215153
14490,0.000504,172.31.36.0-255,66,66719,10,215153
14491,0.000518,172.31.36.0-255,66,66785,10,215153
14492,0.000535,172.31.36.0-255,66,66851,10,215153
14493,0.000564,172.217.194.0-255,766,67617,10,215153
14494,0.000591,172.217.194.0-255,1484,69101,10,215153
14495,0.000594,172.31.36.0-255,66,69167,10,215153
14496,0.000598,172.217.194.0-255,1484,70651,10,215153
14497,0.000623,172.217.194.0-255,2902,73553,10,215153
14498,0.000626,172.31.36.0-255,66,73619,10,215153
14499,0.000632,172.217.194.0-255,4320,77939,10,215153
14500,0.000634,172.31.36.0-255,66,78005,10,215153
14501,0.000645,172.217.194.0-255,5738,83743,10,215153
14502,0.000647,172.31.36.0-255,66,83809,10,215153
14503,0.00066,172.31.36.0-255,66,83875,10,215153
14504,0.000692,172.217.194.0-255,1484,85359,10,215153
14505,0.0007,172.217.194.0-255,6438,91797,10,215153
14506,0.000702,172.31.36.0-255,66,91863,10,215153
14507,0.000899,172.31.36.0-255,101,91964,10,215153
14508,0.001102,172.217.194.0-255,1484,93448,10,215153
14509,0.001138,172.217.194.0-255,2902,96350,10,215153
14510,0.001141,172.31.36.0-255,66,96416,10,215153
14511,0.001148,172.217.194.0-255,5738,102154,10,215153
14512,0.001151,172.31.36.0-255,66,102220,10,215153
14513,0.001197,172.31.36.0-255,66,102286,10,215153
14514,0.001216,172.31.36.0-255,66,102352,10,215153
14515,0.001323,172.217.194.0-255,1484,103836,10,215153
14516,0.001345,172.217.194.0-255,2902,106738,10,215153
14517,0.001348,172.31.36.0-255,66,106804,10,215153
14518,0.001354,172.217.194.0-255,4320,111124,10,215153
14519,0.001357,172.31.36.0-255,66,111190,10,215153
14520,0.001388,172.217.194.0-255,1484,112674,10,215153
14521,0.001403,172.31.36.0-255,66,112740,10,215153
14522,0.001411,172.217.194.0-255,7156,119896,10,215153
14523,0.001413,172.31.36.0-255,66,119962,10,215153
14524,0.001433,172.217.194.0-255,1484,121446,10,215153
14525,0.001437,172.217.194.0-255,2184,123630,10,215153
14526,0.001445,172.31.36.0-255,66,123696,10,215153
14527,0.001484,172.217.194.0-255,2902,126598,10,215153
14528,0.001487,172.31.36.0-255,66,126664,10,215153
14529,0.001495,172.217.194.0-255,7156,133820,10,215153
14530,0.001497,172.31.36.0-255,66,133886,10,215153
14531,0.001508,172.217.194.0-255,5738,139624,10,215153
14532,0.001511,172.31.36.0-255,66,139690,10,215153
14533,0.001551,172.217.194.0-255,2902,142592,10,215153
14534,0.001553,172.31.36.0-255,66,142658,10,215153
14535,0.001596,172.31.36.0-255,66,142724,10,215153
14536,0.001617,172.31.36.0-255,66,142790,10,215153
14537,0.001637,172.31.36.0-255,66,142856,10,215153
14538,0.001651,172.31.36.0-255,66,142922,10,215153
14539,0.001664,172.31.36.0-255,66,142988,10,215153
14540,0.001684,172.31.36.0-255,66,143054,10,215153
14541,0.001838,172.217.194.0-255,1484,144538,10,215153
14542,0.001844,172.217.194.0-255,2902,147440,10,215153
14543,0.001848,172.31.36.0-255,66,147506,10,215153
14544,0.001852,172.217.194.0-255,1484,148990,10,215153
14545,0.001883,172.217.194.0-255,4320,153310,10,215153
14546,0.001887,172.31.36.0-255,66,153376,10,215153
14547,0.001905,172.31.36.0-255,66,153442,10,215153
14548,0.00193,172.217.194.0-255,4320,157762,10,215153
14549,0.001933,172.31.36.0-255,66,157828,10,215153
14550,0.001966,172.217.194.0-255,6438,164266,10,215153
14551,0.001969,172.31.36.0-255,66,164332,10,215153
14552,0.002085,172.217.194.0-255,1484,165816,10,215153
14553,0.002105,172.217.194.0-255,2902,168718,10,215153
14554,0.002108,172.31.36.0-255,66,168784,10,215153
14555,0.002115,172.217.194.0-255,5738,174522,10,215153
14556,0.002117,172.31.36.0-255,66,174588,10,215153
14557,0.002135,172.217.194.0-255,2902,177490,10,215153
14558,0.002137,172.31.36.0-255,66,177556,10,215153
14559,0.002173,172.31.36.0-255,66,177622,10,215153
14560,0.002187,172.31.36.0-255,66,177688,10,215153
14561,0.00219,172.217.194.0-255,1484,179172,10,215153
14562,0.002194,172.217.194.0-255,1484,180656,10,215153
14563,0.002196,172.31.36.0-255,66,180722,10,215153
14564,0.002225,172.217.194.0-255,1484,182206,10,215153
14565,0.002231,172.217.194.0-255,5738,187944,10,215153
14566,0.002234,172.31.36.0-255,66,188010,10,215153
14567,0.002239,172.217.194.0-255,2902,190912,10,215153
14568,0.002242,172.31.36.0-255,66,190978,10,215153
14569,0.002265,172.217.194.0-255,5738,196716,10,215153
14570,0.002268,172.31.36.0-255,66,196782,10,215153
14571,0.002283,172.31.36.0-255,66,196848,10,215153
14572,0.003109,172.217.194.0-255,66,196914,10,215153
14573,0.004573,172.217.194.0-255,5738,202652,10,215153
14574,0.004581,172.31.36.0-255,66,202718,10,215153
14575,0.006835,172.217.194.0-255,5738,208456,10,215153
14576,0.006841,172.31.36.0-255,66,208522,10,215153
14577,0.009101,172.217.194.0-255,5738,214260,10,215153
14578,0.009108,172.31.36.0-255,66,214326,10,215153
14579,0.011361,172.217.194.0-255,656,214982,10,215153
14580,0.012142,172.31.36.0-255,105,215087,10,215153
14581,0.018735,172.217.194.0-255,66,215153,10,215153
14582,0.0,172.217.194.0-255,153,153,10,232139
14583,1.9e-05,172.31.36.0-255,66,219,10,232139
14584,2.6e-05,172.217.194.0-255,1484,1703,10,232139
14585,3e-05,172.31.36.0-255,66,1769,10,232139
14586,3.6e-05,172.217.194.0-255,2902,4671,10,232139
14587,3.9e-05,172.31.36.0-255,66,4737,10,232139
14588,6.8e-05,172.217.194.0-255,7156,11893,10,232139
14589,7.1e-05,172.31.36.0-255,66,11959,10,232139
14590,7.6e-05,172.217.194.0-255,2082,14041,10,232139
14591,7.8e-05,172.31.36.0-255,66,14107,10,232139
14592,0.000133,172.217.194.0-255,1484,15591,10,232139
14593,0.000136,172.31.36.0-255,66,15657,10,232139
14594,0.000141,172.217.194.0-255,2902,18559,10,232139
14595,0.000144,172.31.36.0-255,66,18625,10,232139
14596,0.000166,172.217.194.0-255,5738,24363,10,232139
14597,0.000169,172.31.36.0-255,66,24429,10,232139
14598,0.000176,172.217.194.0-255,5738,30167,10,232139
14599,0.000178,172.31.36.0-255,66,30233,10,232139
14600,0.000191,172.217.194.0-255,1125,31358,10,232139
14601,0.000194,172.31.36.0-255,66,31424,10,232139
14602,0.000302,172.217.194.0-255,1484,32908,10,232139
14603,0.000306,172.31.36.0-255,66,32974,10,232139
14604,0.000312,172.217.194.0-255,2902,35876,10,232139
14605,0.000315,172.31.36.0-255,66,35942,10,232139
14606,0.000321,172.217.194.0-255,5738,41680,10,232139
14607,0.000324,172.31.36.0-255,66,41746,10,232139
14608,0.000353,172.217.194.0-255,5738,47484,10,232139
14609,0.000356,172.31.36.0-255,66,47550,10,232139
14610,0.000393,172.31.36.0-255,66,47616,10,232139
14611,0.000404,172.31.36.0-255,66,47682,10,232139
14612,0.000407,172.217.194.0-255,345,48027,10,232139
14613,0.000421,172.217.194.0-255,430,48457,10,232139
14614,0.000685,172.217.194.0-255,1484,49941,10,232139
14615,0.00069,172.31.36.0-255,66,50007,10,232139
14616,0.000696,172.217.194.0-255,2902,52909,10,232139
14617,0.000698,172.31.36.0-255,66,52975,10,232139
14618,0.000703,172.217.194.0-255,2902,55877,10,232139
14619,0.000705,172.31.36.0-255,66,55943,10,232139
14620,0.000726,172.217.194.0-255,2902,58845,10,232139
14621,0.000729,172.31.36.0-255,66,58911,10,232139
14622,0.000742,172.31.36.0-255,66,58977,10,232139
14623,0.000756,172.31.36.0-255,66,59043,10,232139
14624,0.000992,172.217.194.0-255,1484,60527,10,232139
14625,0.000999,172.217.194.0-255,2902,63429,10,232139
14626,0.001003,172.31.36.0-255,66,63495,10,232139
14627,0.001009,172.217.194.0-255,4320,67815,10,232139
14628,0.001011,172.31.36.0-255,66,67881,10,232139
14629,0.001024,172.217.194.0-255,1484,69365,10,232139
14630,0.00103,172.217.194.0-255,4320,73685,10,232139
14631,0.001032,172.31.36.0-255,66,73751,10,232139
14632,0.001064,172.31.36.0-255,66,73817,10,232139
14633,0.001077,172.31.36.0-255,66,73883,10,232139
14634,0.001101,172.217.194.0-255,766,74649,10,232139
14635,0.00113,172.217.194.0-255,1484,76133,10,232139
14636,0.001133,172.31.36.0-255,66,76199,10,232139
14637,0.001136,172.217.194.0-255,1484,77683,10,232139
14638,0.001152,172.217.194.0-255,2902,80585,10,232139
14639,0.001155,172.31.36.0-255,66,80651,10,232139
14640,0.001175,172.217.194.0-255,1484,82135,10,232139
14641,0.001183,172.217.194.0-255,7156,89291,10,232139
14642,0.001186,172.31.36.0-255,66,89357,10,232139
14643,0.00121,172.217.194.0-255,2902,92259,10,232139
14644,0.001214,172.31.36.0-255,66,92325,10,232139
14645,0.001227,172.31.36.0-255,66,92391,10,232139
14646,0.001266,172.217.194.0-255,5020,97411,10,232139
14647,0.001269,172.31.36.0-255,66,97477,10,232139
14648,0.001768,172.217.194.0-255,1484,98961,10,232139
14649,0.001775,172.217.194.0-255,2902,101863,10,232139
14650,0.001778,172.31.36.0-255,66,101929,10,232139
14651,0.001813,172.217.194.0-255,1484,103413,10,232139
14652,0.00183,172.217.194.0-255,4320,107733,10,232139
14653,0.001832,172.31.36.0-255,66,107799,10,232139
14654,0.00184,172.217.194.0-255,7156,114955,10,232139
14655,0.001842,172.31.36.0-255,66,115021,10,232139
14656,0.001853,172.31.36.0-255,66,115087,10,232139
14657,0.001875,172.217.194.0-255,4320,119407,10,232139
14658,0.001877,172.31.36.0-255,66,119473,10,232139
14659,0.001882,172.217.194.0-255,2184,121657,10,232139
14660,0.001884,172.31.36.0-255,66,121723,10,232139
14661,0.001888,172.217.194.0-255,2902,124625,10,232139
14662,0.001891,172.31.36.0-255,66,124691,10,232139
14663,0.001897,172.217.194.0-255,4320,129011,10,232139
14664,0.001899,172.31.36.0-255,66,129077,10,232139
14665,0.001916,172.217.194.0-255,2902,131979,10,232139
14666,0.001918,172.31.36.0-255,66,132045,10,232139
14667,0.001922,172.217.194.0-255,2902,134947,10,232139
14668,0.001924,172.31.36.0-255,66,135013,10,232139
14669,0.001928,172.217.194.0-255,1484,136497,10,232139
14670,0.001958,172.31.36.0-255,66,136563,10,232139
14671,0.001969,172.31.36.0-255,66,136629,10,232139
14672,0.002038,172.217.194.0-255,1484,138113,10,232139
14673,0.002052,172.217.194.0-255,1484,139597,10,232139
14674,0.002055,172.31.36.0-255,66,139663,10,232139
14675,0.002075,172.217.194.0-255,1484,141147,10,232139
14676,0.002081,172.217.194.0-255,5738,146885,10,232139
14677,0.002084,172.31.36.0-255,66,146951,10,232139
14678,0.002113,172.217.194.0-255,1484,148435,10,232139
14679,0.002137,172.217.194.0-255,7156,155591,10,232139
14680,0.00214,172.31.36.0-255,66,155657,10,232139
14681,0.00216,172.217.194.0-255,4320,159977,10,232139
14682,0.002162,172.31.36.0-255,66,160043,10,232139
14683,0.002168,172.217.194.0-255,4320,164363,10,232139
14684,0.00217,172.31.36.0-255,66,164429,10,232139
14685,0.002178,172.217.194.0-255,6438,170867,10,232139
14686,0.002181,172.31.36.0-255,66,170933,10,232139
14687,0.002292,172.217.194.0-255,1484,172417,10,232139
14688,0.002307,172.217.194.0-255,2902,175319,10,232139
14689,0.002311,172.31.36.0-255,66,175385,10,232139
14690,0.002319,172.217.194.0-255,5738,181123,10,232139
14691,0.002321,172.31.36.0-255,66,181189,10,232139
14692,0.002324,172.217.194.0-255,1484,182673,10,232139
14693,0.002345,172.217.194.0-255,2902,185575,10,232139
14694,0.002348,172.31.36.0-255,66,185641,10,232139
14695,0.002355,172.217.194.0-255,5738,191379,10,232139
14696,0.002357,172.31.36.0-255,66,191445,10,232139
14697,0.002391,172.31.36.0-255,66,191511,10,232139
14698,0.004735,172.217.194.0-255,5738,197249,10,232139
14699,0.004745,172.31.36.0-255,66,197315,10,232139
14700,0.007074,172.217.194.0-255,5738,203053,10,232139
14701,0.007078,172.31.36.0-255,66,203119,10,232139
14702,0.009406,172.217.194.0-255,5738,208857,10,232139
14703,0.009413,172.31.36.0-255,66,208923,10,232139
14704,0.011741,172.217.194.0-255,5738,214661,10,232139
14705,0.01175,172.31.36.0-255,66,214727,10,232139
14706,0.014102,172.217.194.0-255,5738,220465,10,232139
14707,0.014114,172.31.36.0-255,66,220531,10,232139
14708,0.016496,172.217.194.0-255,5738,226269,10,232139
14709,0.016509,172.31.36.0-255,66,226335,10,232139
14710,0.01884,172.217.194.0-255,5738,232073,10,232139
14711,0.018851,172.31.36.0-255,66,232139,10,232139
14712,0.0,74.125.68.0-255,149,149,10,133538
14713,3.8e-05,172.31.36.0-255,66,215,10,133538
14714,4.5e-05,74.125.68.0-255,1484,1699,10,133538
14715,5e-05,172.31.36.0-255,66,1765,10,133538
14716,5.5e-05,74.125.68.0-255,2902,4667,10,133538
14717,5.7e-05,172.31.36.0-255,66,4733,10,133538
14718,6.3e-05,74.125.68.0-255,4320,9053,10,133538
14719,6.5e-05,172.31.36.0-255,66,9119,10,133538
14720,8.7e-05,74.125.68.0-255,4840,13959,10,133538
14721,9e-05,172.31.36.0-255,66,14025,10,133538
14722,0.000163,74.125.68.0-255,1484,15509,10,133538
14723,0.000167,172.31.36.0-255,66,15575,10,133538
14724,0.000172,74.125.68.0-255,2902,18477,10,133538
14725,0.000174,172.31.36.0-255,66,18543,10,133538
14726,0.000196,74.125.68.0-255,2902,21445,10,133538
14727,0.000199,172.31.36.0-255,66,21511,10,133538
14728,0.000206,74.125.68.0-255,4320,25831,10,133538
14729,0.000208,172.31.36.0-255,66,25897,10,133538
14730,0.000243,74.125.68.0-255,5379,31276,10,133538
14731,0.000247,172.31.36.0-255,66,31342,10,133538
14732,0.000291,74.125.68.0-255,1484,32826,10,133538
14733,0.000295,172.31.36.0-255,66,32892,10,133538
14734,0.000313,74.125.68.0-255,2902,35794,10,133538
14735,0.000315,172.31.36.0-255,66,35860,10,133538
14736,0.000321,74.125.68.0-255,5738,41598,10,133538
14737,0.000327,172.31.36.0-255,66,41664,10,133538
14738,0.000335,74.125.68.0-255,1484,43148,10,133538
14739,0.000337,172.31.36.0-255,66,43214,10,133538
14740,0.000361,74.125.68.0-255,5379,48593,10,133538
14741,0.000364,172.31.36.0-255,66,48659,10,133538
14742,0.001091,74.125.68.0-255,1484,50143,10,133538
14743,0.001098,172.31.36.0-255,66,50209,10,133538
14744,0.001108,74.125.68.0-255,2902,53111,10,133538
14745,0.00111,172.31.36.0-255,66,53177,10,133538
14746,0.001114,74.125.68.0-255,2902,56079,10,133538
14747,0.001117,172.31.36.0-255,66,56145,10,133538
14748,0.001135,74.125.68.0-255,1484,57629,10,133538
14749,0.001143,74.125.68.0-255,5738,63367,10,133538
14750,0.001145,172.31.36.0-255,66,63433,10,133538
14751,0.001192,74.125.68.0-255,5379,68812,10,133538
14752,0.001196,172.31.36.0-255,66,68878,10,133538
14753,0.001202,74.125.68.0-255,5738,74616,10,133538
14754,0.001204,172.31.36.0-255,66,74682,10,133538
14755,0.001241,172.31.36.0-255,66,74748,10,133538
14756,0.001307,74.125.68.0-255,1484,76232,10,133538
14757,0.001321,74.125.68.0-255,2902,79134,10,133538
14758,0.001324,172.31.36.0-255,66,79200,10,133538
14759,0.001343,74.125.68.0-255,4320,83520,10,133538
14760,0.001346,172.31.36.0-255,66,83586,10,133538
14761,0.001368,74.125.68.0-255,1484,85070,10,133538
14762,0.001373,74.125.68.0-255,4320,89390,10,133538
14763,0.001375,172.31.36.0-255,66,89456,10,133538
14764,0.001427,74.125.68.0-255,3124,92580,10,133538
14765,0.001431,172.31.36.0-255,66,92646,10,133538
14766,0.002587,74.125.68.0-255,1484,94130,10,133538
14767,0.002604,74.125.68.0-255,2902,97032,10,133538
14768,0.002608,172.31.36.0-255,66,97098,10,133538
14769,0.002614,74.125.68.0-255,2902,100000,10,133538
14770,0.002617,172.31.36.0-255,66,100066,10,133538
14771,0.005191,74.125.68.0-255,4320,104386,10,133538
14772,0.005194,172.31.36.0-255,66,104452,10,133538
14773,0.005209,74.125.68.0-255,1484,105936,10,133538
14774,0.007795,74.125.68.0-255,4320,110256,10,133538
14775,0.007808,172.31.36.0-255,66,110322,10,133538
14776,0.010418,74.125.68.0-255,5738,116060,10,133538
14777,0.010434,172.31.36.0-255,66,116126,10,133538
14778,0.013042,74.125.68.0-255,5738,121864,10,133538
14779,0.013058,172.31.36.0-255,66,121930,10,133538
14780,0.015665,74.125.68.0-255,5738,127668,10,133538
14781,0.015686,172.31.36.0-255,66,127734,10,133538
14782,0.01829,74.125.68.0-255,5738,133472,10,133538
14783,0.018308,172.31.36.0-255,66,133538,10,133538
14784,0.0,74.125.68.0-255,150,150,10,297831
14785,2.1e-05,172.31.36.0-255,66,216,10,297831
14786,2.8e-05,74.125.68.0-255,1484,1700,10,297831
14787,3.2e-05,172.31.36.0-255,66,1766,10,297831
14788,4.6e-05,74.125.68.0-255,2902,4668,10,297831
14789,4.9e-05,172.31.36.0-255,66,4734,10,297831
14790,8.7e-05,74.125.68.0-255,1484,6218,10,297831
14791,9e-05,172.31.36.0-255,66,6284,10,297831
14792,9.6e-05,74.125.68.0-255,2902,9186,10,297831
14793,9.8e-05,172.31.36.0-255,66,9252,10,297831
14794,0.00013,74.125.68.0-255,4912,14164,10,297831
14795,0.000134,172.31.36.0-255,66,14230,10,297831
14796,0.000141,74.125.68.0-255,5738,19968,10,297831
14797,0.000143,172.31.36.0-255,66,20034,10,297831
14798,0.00019,172.31.36.0-255,66,20100,10,297831
14799,0.000259,74.125.68.0-255,1484,21584,10,297831
14800,0.000261,172.31.36.0-255,66,21650,10,297831
14801,0.000287,74.125.68.0-255,2902,24552,10,297831
14802,0.000289,172.31.36.0-255,66,24618,10,297831
14803,0.000295,74.125.68.0-255,4320,28938,10,297831
14804,0.000297,172.31.36.0-255,66,29004,10,297831
14805,0.000348,74.125.68.0-255,7156,36160,10,297831
14806,0.00035,172.31.36.0-255,66,36226,10,297831
14807,0.000372,74.125.68.0-255,1484,37710,10,297831
14808,0.000374,172.31.36.0-255,66,37776,10,297831
14809,0.000382,74.125.68.0-255,7156,44932,10,297831
14810,0.000385,172.31.36.0-255,66,44998,10,297831
14811,0.000395,172.31.36.0-255,66,45064,10,297831
14812,0.000398,74.125.68.0-255,766,45830,10,297831
14813,0.0004,172.31.36.0-255,66,45896,10,297831
14814,0.000447,74.125.68.0-255,426,46322,10,297831
14815,0.000512,74.125.68.0-255,1484,47806,10,297831
14816,0.000518,74.125.68.0-255,2902,50708,10,297831
14817,0.000531,74.125.68.0-255,2902,53610,10,297831
14818,0.000543,74.125.68.0-255,2902,56512,10,297831
14819,0.000547,74.125.68.0-255,2902,59414,10,297831
14820,0.000552,74.125.68.0-255,4320,63734,10,297831
14821,0.000554,74.125.68.0-255,1484,65218,10,297831
14822,0.00057,74.125.68.0-255,7156,72374,10,297831
14823,0.000572,74.125.68.0-255,1484,73858,10,297831
14824,0.000595,74.125.68.0-255,6438,80296,10,297831
14825,0.000675,172.31.36.0-255,66,80362,10,297831
14826,0.000704,74.125.68.0-255,1484,81846,10,297831
14827,0.00071,74.125.68.0-255,2902,84748,10,297831
14828,0.000712,74.125.68.0-255,1484,86232,10,297831
14829,0.000726,74.125.68.0-255,4320,90552,10,297831
14830,0.000743,74.125.68.0-255,4320,94872,10,297831
14831,0.000756,74.125.68.0-255,2902,97774,10,297831
14832,0.000764,172.31.36.0-255,66,97840,10,297831
14833,0.000797,74.125.68.0-255,4320,102160,10,297831
14834,0.000823,74.125.68.0-255,7156,109316,10,297831
14835,0.000828,172.31.36.0-255,66,109382,10,297831
14836,0.000858,74.125.68.0-255,1484,110866,10,297831
14837,0.000875,172.31.36.0-255,66,110932,10,297831
14838,0.000897,74.125.68.0-255,7156,118088,10,297831
14839,0.000908,172.31.36.0-255,66,118154,10,297831
14840,0.000939,74.125.68.0-255,6438,124592,10,297831
14841,0.000949,172.31.36.0-255,66,124658,10,297831
14842,0.001304,74.125.68.0-255,1484,126142,10,297831
14843,0.00131,74.125.68.0-255,2902,129044,10,297831
14844,0.001324,172.31.36.0-255,66,129110,10,297831
14845,0.001327,74.125.68.0-255,1484,130594,10,297831
14846,0.001352,74.125.68.0-255,2902,133496,10,297831
14847,0.001358,74.125.68.0-255,5738,139234,10,297831
14848,0.001365,172.31.36.0-255,66,139300,10,297831
14849,0.001399,74.125.68.0-255,4320,143620,10,297831
14850,0.001417,172.31.36.0-255,66,143686,10,297831
14851,0.00145,74.125.68.0-255,3602,147288,10,297831
14852,0.00147,172.31.36.0-255,66,147354,10,297831
14853,0.00156,74.125.68.0-255,1484,148838,10,297831
14854,0.001565,74.125.68.0-255,2902,151740,10,297831
14855,0.001569,172.31.36.0-255,66,151806,10,297831
14856,0.001587,74.125.68.0-255,2902,154708,10,297831
14857,0.00161,74.125.68.0-255,2902,157610,10,297831
14858,0.001616,74.125.68.0-255,7156,164766,10,297831
14859,0.00162,172.31.36.0-255,66,164832,10,297831
14860,0.00163,172.31.36.0-255,66,164898,10,297831
14861,0.00171,172.31.36.0-255,66,164964,10,297831
14862,0.001715,74.125.68.0-255,2902,167866,10,297831
14863,0.001763,172.31.36.0-255,66,167932,10,297831
14864,0.001766,74.125.68.0-255,1484,169416,10,297831
14865,0.001771,74.125.68.0-255,5020,174436,10,297831
14866,0.001791,74.125.68.0-255,1484,175920,10,297831
14867,0.001808,74.125.68.0-255,2902,178822,10,297831
14868,0.001825,74.125.68.0-255,5738,184560,10,297831
14869,0.001828,172.31.36.0-255,66,184626,10,297831
14870,0.001833,172.31.36.0-255,66,184692,10,297831
14871,0.001858,74.125.68.0-255,5738,190430,10,297831
14872,0.001869,74.125.68.0-255,7156,197586,10,297831
14873,0.001886,172.31.36.0-255,66,197652,10,297831
14874,0.001897,74.125.68.0-255,5738,203390,10,297831
14875,0.001902,172.31.36.0-255,66,203456,10,297831
14876,0.00193,74.125.68.0-255,5020,208476,10,297831
14877,0.001947,172.31.36.0-255,66,208542,10,297831
14878,0.001957,74.125.68.0-255,1484,210026,10,297831
14879,0.00199,74.125.68.0-255,2902,212928,10,297831
14880,0.001997,74.125.68.0-255,5738,218666,10,297831
14881,0.002001,74.125.68.0-255,2902,221568,10,297831
14882,0.002006,74.125.68.0-255,4320,225888,10,297831
14883,0.002018,172.31.36.0-255,66,225954,10,297831
14884,0.002023,74.125.68.0-255,4320,230274,10,297831
14885,0.002041,74.125.68.0-255,4320,234594,10,297831
14886,0.002047,74.125.68.0-255,5738,240332,10,297831
14887,0.002077,74.125.68.0-255,6438,246770,10,297831
14888,0.002081,172.31.36.0-255,66,246836,10,297831
14889,0.00209,172.31.36.0-255,66,246902,10,297831
14890,0.002097,74.125.68.0-255,1484,248386,10,297831
14891,0.002121,74.125.68.0-255,4320,252706,10,297831
14892,0.002129,74.125.68.0-255,7156,259862,10,297831
14893,0.002159,74.125.68.0-255,5738,265600,10,297831
14894,0.002181,74.125.68.0-255,7156,272756,10,297831
14895,0.002185,172.31.36.0-255,66,272822,10,297831
14896,0.002217,172.31.36.0-255,66,272888,10,297831
14897,0.002224,74.125.68.0-255,766,273654,10,297831
14898,0.002226,74.125.68.0-255,1484,275138,10,297831
14899,0.002257,74.125.68.0-255,7156,282294,10,297831
14900,0.002283,74.125.68.0-255,5738,288032,10,297831
14901,0.002294,74.125.68.0-255,2184,290216,10,297831
14902,0.002301,74.125.68.0-255,5738,295954,10,297831
14903,0.002345,172.31.36.0-255,66,296020,10,297831
14904,0.002362,74.125.68.0-255,1469,297489,10,297831
14905,0.002366,74.125.68.0-255,105,297594,10,297831
14906,0.002384,172.31.36.0-255,66,297660,10,297831
14907,0.004938,172.31.36.0-255,105,297765,10,297831
14908,0.007415,74.125.68.0-255,66,297831,10,297831
14909,0.0,172.217.194.0-255,300,300,10,148549
14910,3.6e-05,172.31.36.0-255,66,366,10,148549
14911,4.3e-05,172.217.194.0-255,1484,1850,10,148549
14912,4.7e-05,172.31.36.0-255,66,1916,10,148549
14913,5.4e-05,172.217.194.0-255,4320,6236,10,148549
14914,5.7e-05,172.31.36.0-255,66,6302,10,148549
14915,6.2e-05,172.217.194.0-255,2902,9204,10,148549
14916,6.5e-05,172.31.36.0-255,66,9270,10,148549
14917,9.1e-05,172.217.194.0-255,4652,13922,10,148549
14918,9.4e-05,172.31.36.0-255,66,13988,10,148549
14919,0.000224,172.217.194.0-255,1484,15472,10,148549
14920,0.000229,172.31.36.0-255,66,15538,10,148549
14921,0.000235,172.217.194.0-255,2902,18440,10,148549
14922,0.000238,172.31.36.0-255,66,18506,10,148549
14923,0.000244,172.217.194.0-255,5738,24244,10,148549
14924,0.000246,172.31.36.0-255,66,24310,10,148549
14925,0.000272,172.217.194.0-255,6797,31107,10,148549
14926,0.000275,172.31.36.0-255,66,31173,10,148549
14927,0.000278,172.217.194.0-255,1484,32657,10,148549
14928,0.00028,172.31.36.0-255,66,32723,10,148549
14929,0.000298,172.217.194.0-255,5738,38461,10,148549
14930,0.000301,172.31.36.0-255,66,38527,10,148549
14931,0.000316,172.217.194.0-255,5738,44265,10,148549
14932,0.000319,172.31.36.0-255,66,44331,10,148549
14933,0.000338,172.217.194.0-255,3961,48292,10,148549
14934,0.000341,172.31.36.0-255,66,48358,10,148549
14935,0.000614,172.217.194.0-255,1484,49842,10,148549
14936,0.000619,172.31.36.0-255,66,49908,10,148549
14937,0.000625,172.217.194.0-255,2902,52810,10,148549
14938,0.000627,172.217.194.0-255,1484,54294,10,148549
14939,0.00063,172.31.36.0-255,66,54360,10,148549
14940,0.000633,172.31.36.0-255,66,54426,10,148549
14941,0.000648,172.217.194.0-255,1484,55910,10,148549
14942,0.000663,172.217.194.0-255,1484,57394,10,148549
14943,0.000666,172.31.36.0-255,66,57460,10,148549
14944,0.000672,172.217.194.0-255,5738,63198,10,148549
14945,0.000675,172.31.36.0-255,66,63264,10,148549
14946,0.000679,172.217.194.0-255,2543,65807,10,148549
14947,0.000681,172.31.36.0-255,66,65873,10,148549
14948,0.000858,172.217.194.0-255,1484,67357,10,148549
14949,0.000864,172.217.194.0-255,2902,70259,10,148549
14950,0.000868,172.31.36.0-255,66,70325,10,148549
14951,0.000872,172.217.194.0-255,1484,71809,10,148549
14952,0.000891,172.217.194.0-255,4320,76129,10,148549
14953,0.000894,172.31.36.0-255,66,76195,10,148549
14954,0.0009,172.217.194.0-255,5738,81933,10,148549
14955,0.000902,172.31.36.0-255,66,81999,10,148549
14956,0.00092,172.217.194.0-255,7156,89155,10,148549
14957,0.000923,172.31.36.0-255,66,89221,10,148549
14958,0.000934,172.31.36.0-255,66,89287,10,148549
14959,0.000957,172.217.194.0-255,766,90053,10,148549
14960,0.000997,172.217.194.0-255,646,90699,10,148549
14961,0.001158,172.31.36.0-255,66,90765,10,148549
14962,0.001314,172.217.194.0-255,1484,92249,10,148549
14963,0.001324,172.217.194.0-255,2902,95151,10,148549
14964,0.001327,172.31.36.0-255,66,95217,10,148549
14965,0.001335,172.217.194.0-255,5738,100955,10,148549
14966,0.001338,172.31.36.0-255,66,101021,10,148549
14967,0.00137,172.31.36.0-255,66,101087,10,148549
14968,0.001384,172.217.194.0-255,1484,102571,10,148549
14969,0.001397,172.31.36.0-255,66,102637,10,148549
14970,0.00142,172.217.194.0-255,766,103403,10,148549
14971,0.001714,172.31.36.0-255,66,103469,10,148549
14972,0.00344,172.217.194.0-255,4320,107789,10,148549
14973,0.003447,172.31.36.0-255,66,107855,10,148549
14974,0.003761,172.217.194.0-255,1484,109339,10,148549
14975,0.005528,172.217.194.0-255,4320,113659,10,148549
14976,0.005534,172.31.36.0-255,66,113725,10,148549
14977,0.007575,172.217.194.0-255,5738,119463,10,148549
14978,0.00758,172.31.36.0-255,66,119529,10,148549
14979,0.009658,172.217.194.0-255,5738,125267,10,148549
14980,0.009666,172.31.36.0-255,66,125333,10,148549
14981,0.011761,172.217.194.0-255,5738,131071,10,148549
14982,0.011769,172.31.36.0-255,66,131137,10,148549
14983,0.013851,172.217.194.0-255,5738,136875,10,148549
14984,0.01386,172.31.36.0-255,66,136941,10,148549
14985,0.015932,172.217.194.0-255,5738,142679,10,148549
14986,0.015945,172.31.36.0-255,66,142745,10,148549
14987,0.01803,172.217.194.0-255,5738,148483,10,148549
14988,0.018038,172.31.36.0-255,66,148549,10,148549
14989,0.0,74.125.24.0-255,153,153,10,213928
14990,3.4e-05,172.31.36.0-255,66,219,10,213928
14991,4.2e-05,74.125.24.0-255,1484,1703,10,213928
14992,4.6e-05,172.31.36.0-255,66,1769,10,213928
14993,5.2e-05,74.125.24.0-255,2902,4671,10,213928
14994,5.4e-05,172.31.36.0-255,66,4737,10,213928
14995,6.1e-05,74.125.24.0-255,7156,11893,10,213928
14996,6.3e-05,172.31.36.0-255,66,11959,10,213928
14997,6.7e-05,74.125.24.0-255,2020,13979,10,213928
14998,6.9e-05,172.31.36.0-255,66,14045,10,213928
14999,0.000107,74.125.24.0-255,4320,18365,10,213928
15000,0.00011,172.31.36.0-255,66,18431,10,213928
15001,0.000139,74.125.24.0-255,7156,25587,10,213928
15002,0.000142,172.31.36.0-255,66,25653,10,213928
15003,0.000154,172.31.36.0-255,66,25719,10,213928
15004,0.000188,74.125.24.0-255,5738,31457,10,213928
15005,0.000191,172.31.36.0-255,66,31523,10,213928
15006,0.00022,172.31.36.0-255,66,31589,10,213928
15007,0.000223,74.125.24.0-255,1484,33073,10,213928
15008,0.000226,172.31.36.0-255,66,33139,10,213928
15009,0.00023,74.125.24.0-255,2902,36041,10,213928
15010,0.000233,172.31.36.0-255,66,36107,10,213928
15011,0.000239,74.125.24.0-255,5738,41845,10,213928
15012,0.000243,172.31.36.0-255,66,41911,10,213928
15013,0.000275,74.125.24.0-255,7152,49063,10,213928
15014,0.000279,172.31.36.0-255,66,49129,10,213928
15015,0.000396,74.125.24.0-255,1484,50613,10,213928
15016,0.0004,172.31.36.0-255,66,50679,10,213928
15017,0.000406,74.125.24.0-255,2902,53581,10,213928
15018,0.000409,172.31.36.0-255,66,53647,10,213928
15019,0.000412,74.125.24.0-255,1484,55131,10,213928
15020,0.000433,74.125.24.0-255,4320,59451,10,213928
15021,0.000436,172.31.36.0-255,66,59517,10,213928
15022,0.000449,172.31.36.0-255,66,59583,10,213928
15023,0.00048,74.125.24.0-255,2902,62485,10,213928
15024,0.000488,172.31.36.0-255,66,62551,10,213928
15025,0.000493,172.31.36.0-255,66,62617,10,213928
15026,0.000532,74.125.24.0-255,1484,64101,10,213928
15027,0.000537,74.125.24.0-255,2902,67003,10,213928
15028,0.000539,172.31.36.0-255,66,67069,10,213928
15029,0.000546,74.125.24.0-255,5738,72807,10,213928
15030,0.000549,172.31.36.0-255,66,72873,10,213928
15031,0.000554,74.125.24.0-255,2902,75775,10,213928
15032,0.000558,172.31.36.0-255,66,75841,10,213928
15033,0.000598,172.31.36.0-255,66,75907,10,213928
15034,0.000604,74.125.24.0-255,5738,81645,10,213928
15035,0.000606,172.31.36.0-255,66,81711,10,213928
15036,0.000621,74.125.24.0-255,5020,86731,10,213928
15037,0.000624,172.31.36.0-255,66,86797,10,213928
15038,0.000651,74.125.24.0-255,5738,92535,10,213928
15039,0.000655,172.31.36.0-255,66,92601,10,213928
15040,0.000666,172.31.36.0-255,66,92667,10,213928
15041,0.000693,74.125.24.0-255,2902,95569,10,213928
15042,0.000696,172.31.36.0-255,66,95635,10,213928
15043,0.000707,172.31.36.0-255,66,95701,10,213928
15044,0.000727,74.125.24.0-255,5738,101439,10,213928
15045,0.000731,172.31.36.0-255,66,101505,10,213928
15046,0.000741,74.125.24.0-255,766,102271,10,213928
15047,0.000927,74.125.24.0-255,1484,103755,10,213928
15048,0.000931,172.31.36.0-255,66,103821,10,213928
15049,0.000936,74.125.24.0-255,2902,106723,10,213928
15050,0.000939,172.31.36.0-255,66,106789,10,213928
15051,0.000957,74.125.24.0-255,5738,112527,10,213928
15052,0.000959,172.31.36.0-255,66,112593,10,213928
15053,0.000995,172.31.36.0-255,66,112659,10,213928
15054,0.001025,74.125.24.0-255,2902,115561,10,213928
15055,0.001028,172.31.36.0-255,66,115627,10,213928
15056,0.001057,172.31.36.0-255,66,115693,10,213928
15057,0.001082,74.125.24.0-255,2902,118595,10,213928
15058,0.001086,172.31.36.0-255,66,118661,10,213928
15059,0.001116,172.31.36.0-255,66,118727,10,213928
15060,0.001129,172.31.36.0-255,66,118793,10,213928
15061,0.001134,74.125.24.0-255,4320,123113,10,213928
15062,0.001136,172.31.36.0-255,66,123179,10,213928
15063,0.001164,74.125.24.0-255,5020,128199,10,213928
15064,0.001172,172.31.36.0-255,66,128265,10,213928
15065,0.001202,74.125.24.0-255,1484,129749,10,213928
15066,0.00122,74.125.24.0-255,2902,132651,10,213928
15067,0.001225,172.31.36.0-255,66,132717,10,213928
15068,0.001231,74.125.24.0-255,5738,138455,10,213928
15069,0.001233,172.31.36.0-255,66,138521,10,213928
15070,0.001271,172.31.36.0-255,66,138587,10,213928
15071,0.001301,172.31.36.0-255,66,138653,10,213928
15072,0.001336,74.125.24.0-255,5738,144391,10,213928
15073,0.00134,172.31.36.0-255,66,144457,10,213928
15074,0.001371,172.31.36.0-255,66,144523,10,213928
15075,0.001433,172.31.36.0-255,66,144589,10,213928
15076,0.001438,74.125.24.0-255,3602,148191,10,213928
15077,0.001442,172.31.36.0-255,66,148257,10,213928
15078,0.001509,74.125.24.0-255,1484,149741,10,213928
15079,0.001515,74.125.24.0-255,2902,152643,10,213928
15080,0.001519,172.31.36.0-255,66,152709,10,213928
15081,0.001533,74.125.24.0-255,4320,157029,10,213928
15082,0.001536,172.31.36.0-255,66,157095,10,213928
15083,0.001556,74.125.24.0-255,1484,158579,10,213928
15084,0.00157,172.31.36.0-255,66,158645,10,213928
15085,0.001605,172.31.36.0-255,66,158711,10,213928
15086,0.001658,74.125.24.0-255,1484,160195,10,213928
15087,0.001665,74.125.24.0-255,2902,163097,10,213928
15088,0.001668,172.31.36.0-255,66,163163,10,213928
15089,0.001673,74.125.24.0-255,2902,166065,10,213928
15090,0.001675,172.31.36.0-255,66,166131,10,213928
15091,0.001693,74.125.24.0-255,2902,169033,10,213928
15092,0.001696,74.125.24.0-255,1484,170517,10,213928
15093,0.001697,172.31.36.0-255,66,170583,10,213928
15094,0.001725,74.125.24.0-255,5738,176321,10,213928
15095,0.001729,172.31.36.0-255,66,176387,10,213928
15096,0.001745,74.125.24.0-255,2184,178571,10,213928
15097,0.001745,172.31.36.0-255,66,178637,10,213928
15098,0.001749,172.31.36.0-255,66,178703,10,213928
15099,0.001798,74.125.24.0-255,1484,180187,10,213928
15100,0.001802,74.125.24.0-255,1484,181671,10,213928
15101,0.001806,172.31.36.0-255,66,181737,10,213928
15102,0.001825,74.125.24.0-255,1484,183221,10,213928
15103,0.001832,74.125.24.0-255,5738,188959,10,213928
15104,0.001836,172.31.36.0-255,66,189025,10,213928
15105,0.001841,74.125.24.0-255,4320,193345,10,213928
15106,0.001843,172.31.36.0-255,66,193411,10,213928
15107,0.001871,74.125.24.0-255,7156,200567,10,213928
15108,0.001874,172.31.36.0-255,66,200633,10,213928
15109,0.001892,74.125.24.0-255,5738,206371,10,213928
15110,0.001894,172.31.36.0-255,66,206437,10,213928
15111,0.001895,74.125.24.0-255,2902,209339,10,213928
15112,0.0019,172.31.36.0-255,66,209405,10,213928
15113,0.001918,74.125.24.0-255,4018,213423,10,213928
15114,0.001922,74.125.24.0-255,97,213520,10,213928
15115,0.001922,172.31.36.0-255,66,213586,10,213928
15116,0.001961,74.125.24.0-255,105,213691,10,213928
15117,0.004564,172.31.36.0-255,66,213757,10,213928
15118,0.004591,172.31.36.0-255,105,213862,10,213928
15119,0.006803,74.125.24.0-255,66,213928,10,213928
15120,0.0,74.125.24.0-255,153,153,10,129806
15121,2.1e-05,172.31.36.0-255,66,219,10,129806
15122,2.8e-05,74.125.24.0-255,1484,1703,10,129806
15123,3.3e-05,172.31.36.0-255,66,1769,10,129806
15124,4.7e-05,74.125.24.0-255,2902,4671,10,129806
15125,4.9e-05,172.31.36.0-255,66,4737,10,129806
15126,5.7e-05,74.125.24.0-255,7156,11893,10,129806
15127,6e-05,172.31.36.0-255,66,11959,10,129806
15128,7.4e-05,172.31.36.0-255,66,12025,10,129806
15129,0.0001,74.125.24.0-255,2056,14081,10,129806
15130,0.000103,172.31.36.0-255,66,14147,10,129806
15131,0.000155,74.125.24.0-255,3961,18108,10,129806
15132,0.000158,172.31.36.0-255,66,18174,10,129806
15133,0.000197,74.125.24.0-255,1484,19658,10,129806
15134,0.000199,172.31.36.0-255,66,19724,10,129806
15135,0.000234,74.125.24.0-255,2902,22626,10,129806
15136,0.000236,172.31.36.0-255,66,22692,10,129806
15137,0.000242,74.125.24.0-255,5738,28430,10,129806
15138,0.000244,172.31.36.0-255,66,28496,10,129806
15139,0.000284,172.31.36.0-255,66,28562,10,129806
15140,0.00033,74.125.24.0-255,4320,32882,10,129806
15141,0.000333,172.31.36.0-255,66,32948,10,129806
15142,0.000361,74.125.24.0-255,7156,40104,10,129806
15143,0.000363,172.31.36.0-255,66,40170,10,129806
15144,0.000394,74.125.24.0-255,1401,41571,10,129806
15145,0.000396,172.31.36.0-255,66,41637,10,129806
15146,0.000399,74.125.24.0-255,132,41769,10,129806
15147,0.0004,172.31.36.0-255,66,41835,10,129806
15148,0.000436,74.125.24.0-255,2902,44737,10,129806
15149,0.000439,172.31.36.0-255,66,44803,10,129806
15150,0.000444,74.125.24.0-255,2902,47705,10,129806
15151,0.000446,172.31.36.0-255,66,47771,10,129806
15152,0.000465,74.125.24.0-255,2902,50673,10,129806
15153,0.000467,172.31.36.0-255,66,50739,10,129806
15154,0.000491,74.125.24.0-255,4320,55059,10,129806
15155,0.000493,172.31.36.0-255,66,55125,10,129806
15156,0.000537,172.31.36.0-255,66,55191,10,129806
15157,0.00062,74.125.24.0-255,4241,59432,10,129806
15158,0.000624,172.31.36.0-255,66,59498,10,129806
15159,0.001656,74.125.24.0-255,1484,60982,10,129806
15160,0.001669,74.125.24.0-255,2902,63884,10,129806
15161,0.001673,172.31.36.0-255,66,63950,10,129806
15162,0.001682,74.125.24.0-255,5738,69688,10,129806
15163,0.001684,172.31.36.0-255,66,69754,10,129806
15164,0.00173,172.31.36.0-255,66,69820,10,129806
15165,0.001794,74.125.24.0-255,2902,72722,10,129806
15166,0.001797,172.31.36.0-255,66,72788,10,129806
15167,0.001833,172.31.36.0-255,66,72854,10,129806
15168,0.002004,74.125.24.0-255,1484,74338,10,129806
15169,0.002011,74.125.24.0-255,2902,77240,10,129806
15170,0.002015,172.31.36.0-255,66,77306,10,129806
15171,0.002021,74.125.24.0-255,2902,80208,10,129806
15172,0.002023,172.31.36.0-255,66,80274,10,129806
15173,0.002048,74.125.24.0-255,2902,83176,10,129806
15174,0.002051,172.31.36.0-255,66,83242,10,129806
15175,0.002069,172.31.36.0-255,66,83308,10,129806
15176,0.002157,172.31.36.0-255,66,83374,10,129806
15177,0.004248,74.125.24.0-255,5738,89112,10,129806
15178,0.004255,172.31.36.0-255,66,89178,10,129806
15179,0.006362,74.125.24.0-255,5738,94916,10,129806
15180,0.006366,172.31.36.0-255,66,94982,10,129806
15181,0.008492,74.125.24.0-255,5738,100720,10,129806
15182,0.008499,172.31.36.0-255,66,100786,10,129806
15183,0.010619,74.125.24.0-255,5738,106524,10,129806
15184,0.010631,172.31.36.0-255,66,106590,10,129806
15185,0.012719,74.125.24.0-255,5738,112328,10,129806
15186,0.012729,172.31.36.0-255,66,112394,10,129806
15187,0.014824,74.125.24.0-255,5738,118132,10,129806
15188,0.014839,172.31.36.0-255,66,118198,10,129806
15189,0.016944,74.125.24.0-255,5738,123936,10,129806
15190,0.016956,172.31.36.0-255,66,124002,10,129806
15191,0.019046,74.125.24.0-255,5738,129740,10,129806
15192,0.019052,172.31.36.0-255,66,129806,10,129806
15193,0.0,172.217.194.0-255,145,145,10,138702
15194,2.3e-05,172.31.36.0-255,66,211,10,138702
15195,3.1e-05,172.217.194.0-255,1484,1695,10,138702
15196,3.6e-05,172.31.36.0-255,66,1761,10,138702
15197,4.1e-05,172.217.194.0-255,2902,4663,10,138702
15198,4.4e-05,172.31.36.0-255,66,4729,10,138702
15199,4.8e-05,172.217.194.0-255,1484,6213,10,138702
15200,5.1e-05,172.31.36.0-255,66,6279,10,138702
15201,8.5e-05,172.217.194.0-255,5738,12017,10,138702
15202,8.8e-05,172.31.36.0-255,66,12083,10,138702
15203,9.3e-05,172.217.194.0-255,2085,14168,10,138702
15204,9.6e-05,172.31.36.0-255,66,14234,10,138702
15205,0.00013,172.217.194.0-255,1484,15718,10,138702
15206,0.000133,172.31.36.0-255,66,15784,10,138702
15207,0.000138,172.217.194.0-255,2902,18686,10,138702
15208,0.00014,172.31.36.0-255,66,18752,10,138702
15209,0.000143,172.217.194.0-255,1484,20236,10,138702
15210,0.000145,172.31.36.0-255,66,20302,10,138702
15211,0.000163,172.217.194.0-255,4320,24622,10,138702
15212,0.000166,172.31.36.0-255,66,24688,10,138702
15213,0.000171,172.217.194.0-255,4320,29008,10,138702
15214,0.000173,172.31.36.0-255,66,29074,10,138702
15215,0.000224,172.31.36.0-255,66,29140,10,138702
15216,0.000242,172.217.194.0-255,1125,30265,10,138702
15217,0.000245,172.31.36.0-255,66,30331,10,138702
15218,0.000251,172.217.194.0-255,6797,37128,10,138702
15219,0.000254,172.31.36.0-255,66,37194,10,138702
15220,0.000309,172.217.194.0-255,1484,38678,10,138702
15221,0.000313,172.31.36.0-255,66,38744,10,138702
15222,0.000317,172.217.194.0-255,2902,41646,10,138702
15223,0.000319,172.31.36.0-255,66,41712,10,138702
15224,0.000368,172.217.194.0-255,5738,47450,10,138702
15225,0.000371,172.31.36.0-255,66,47516,10,138702
15226,0.000376,172.217.194.0-255,2902,50418,10,138702
15227,0.000378,172.31.36.0-255,66,50484,10,138702
15228,0.000395,172.217.194.0-255,4257,54741,10,138702
15229,0.000398,172.31.36.0-255,66,54807,10,138702
15230,0.001277,172.217.194.0-255,381,55188,10,138702
15231,0.001306,172.217.194.0-255,1484,56672,10,138702
15232,0.00131,172.31.36.0-255,66,56738,10,138702
15233,0.001318,172.217.194.0-255,4320,61058,10,138702
15234,0.00132,172.31.36.0-255,66,61124,10,138702
15235,0.001345,172.31.36.0-255,66,61190,10,138702
15236,0.00137,172.217.194.0-255,1484,62674,10,138702
15237,0.001381,172.31.36.0-255,66,62740,10,138702
15238,0.001396,172.217.194.0-255,4320,67060,10,138702
15239,0.001398,172.31.36.0-255,66,67126,10,138702
15240,0.001426,172.217.194.0-255,5020,72146,10,138702
15241,0.001428,172.31.36.0-255,66,72212,10,138702
15242,0.002057,172.217.194.0-255,1484,73696,10,138702
15243,0.002066,172.217.194.0-255,2902,76598,10,138702
15244,0.00207,172.31.36.0-255,66,76664,10,138702
15245,0.002078,172.217.194.0-255,5738,82402,10,138702
15246,0.00208,172.31.36.0-255,66,82468,10,138702
15247,0.002101,172.217.194.0-255,5738,88206,10,138702
15248,0.002103,172.31.36.0-255,66,88272,10,138702
15249,0.002136,172.217.194.0-255,7156,95428,10,138702
15250,0.002138,172.31.36.0-255,66,95494,10,138702
15251,0.002148,172.31.36.0-255,66,95560,10,138702
15252,0.002169,172.217.194.0-255,2184,97744,10,138702
15253,0.002173,172.31.36.0-255,66,97810,10,138702
15254,0.004465,172.217.194.0-255,2902,100712,10,138702
15255,0.00447,172.31.36.0-255,66,100778,10,138702
15256,0.004502,172.217.194.0-255,2902,103680,10,138702
15257,0.004505,172.31.36.0-255,66,103746,10,138702
15258,0.006782,172.217.194.0-255,2902,106648,10,138702
15259,0.006788,172.31.36.0-255,66,106714,10,138702
15260,0.006811,172.217.194.0-255,2902,109616,10,138702
15261,0.006814,172.31.36.0-255,66,109682,10,138702
15262,0.009164,172.217.194.0-255,5738,115420,10,138702
15263,0.009171,172.31.36.0-255,66,115486,10,138702
15264,0.011514,172.217.194.0-255,5738,121224,10,138702
15265,0.011522,172.31.36.0-255,66,121290,10,138702
15266,0.013872,172.217.194.0-255,5738,127028,10,138702
15267,0.01388,172.31.36.0-255,66,127094,10,138702
15268,0.01621,172.217.194.0-255,5738,132832,10,138702
15269,0.016219,172.31.36.0-255,66,132898,10,138702
15270,0.018576,172.217.194.0-255,5738,138636,10,138702
15271,0.018583,172.31.36.0-255,66,138702,10,138702
15272,0.0,172.253.118.0-255,145,145,10,179862
15273,3.2e-05,172.31.36.0-255,66,211,10,179862
15274,4.1e-05,172.253.118.0-255,1484,1695,10,179862
15275,4.6e-05,172.31.36.0-255,66,1761,10,179862
15276,5.1e-05,172.253.118.0-255,2902,4663,10,179862
15277,5.4e-05,172.31.36.0-255,66,4729,10,179862
15278,6.1e-05,172.253.118.0-255,7156,11885,10,179862
15279,6.3e-05,172.31.36.0-255,66,11951,10,179862
15280,0.000102,172.31.36.0-255,66,12017,10,179862
15281,0.000136,172.31.36.0-255,66,12083,10,179862
15282,0.000953,172.253.118.0-255,1484,13567,10,179862
15283,0.00096,172.31.36.0-255,66,13633,10,179862
15284,0.000969,172.253.118.0-255,2902,16535,10,179862
15285,0.000971,172.31.36.0-255,66,16601,10,179862
15286,0.000975,172.253.118.0-255,1484,18085,10,179862
15287,0.000976,172.31.36.0-255,66,18151,10,179862
15288,0.001001,172.253.118.0-255,4320,22471,10,179862
15289,0.001004,172.31.36.0-255,66,22537,10,179862
15290,0.001007,172.253.118.0-255,1484,24021,10,179862
15291,0.001008,172.31.36.0-255,66,24087,10,179862
15292,0.001014,172.253.118.0-255,2902,26989,10,179862
15293,0.001016,172.31.36.0-255,66,27055,10,179862
15294,0.001036,172.253.118.0-255,1484,28539,10,179862
15295,0.001039,172.31.36.0-255,66,28605,10,179862
15296,0.001059,172.253.118.0-255,5379,33984,10,179862
15297,0.001061,172.31.36.0-255,66,34050,10,179862
15298,0.00107,172.253.118.0-255,7156,41206,10,179862
15299,0.001072,172.31.36.0-255,66,41272,10,179862
15300,0.001117,172.253.118.0-255,4320,45592,10,179862
15301,0.00112,172.31.36.0-255,66,45658,10,179862
15302,0.001131,172.253.118.0-255,1433,47091,10,179862
15303,0.001473,172.253.118.0-255,113,47204,10,179862
15304,0.001506,172.253.118.0-255,1484,48688,10,179862
15305,0.001508,172.31.36.0-255,66,48754,10,179862
15306,0.001519,172.253.118.0-255,1484,50238,10,179862
15307,0.001533,172.253.118.0-255,1484,51722,10,179862
15308,0.001535,172.31.36.0-255,66,51788,10,179862
15309,0.001542,172.253.118.0-255,5738,57526,10,179862
15310,0.001545,172.31.36.0-255,66,57592,10,179862
15311,0.00156,172.253.118.0-255,1484,59076,10,179862
15312,0.001596,172.253.118.0-255,4320,63396,10,179862
15313,0.001599,172.31.36.0-255,66,63462,10,179862
15314,0.001615,172.253.118.0-255,2902,66364,10,179862
15315,0.001617,172.31.36.0-255,66,66430,10,179862
15316,0.001631,172.253.118.0-255,4320,70750,10,179862
15317,0.001633,172.31.36.0-255,66,70816,10,179862
15318,0.001654,172.253.118.0-255,7156,77972,10,179862
15319,0.001657,172.31.36.0-255,66,78038,10,179862
15320,0.001678,172.253.118.0-255,3602,81640,10,179862
15321,0.00168,172.31.36.0-255,66,81706,10,179862
15322,0.001959,172.253.118.0-255,1484,83190,10,179862
15323,0.001963,172.253.118.0-255,1484,84674,10,179862
15324,0.001965,172.31.36.0-255,66,84740,10,179862
15325,0.001982,172.253.118.0-255,1484,86224,10,179862
15326,0.001996,172.253.118.0-255,1484,87708,10,179862
15327,0.001998,172.31.36.0-255,66,87774,10,179862
15328,0.002013,172.253.118.0-255,4320,92094,10,179862
15329,0.002015,172.31.36.0-255,66,92160,10,179862
15330,0.002019,172.253.118.0-255,2902,95062,10,179862
15331,0.002022,172.31.36.0-255,66,95128,10,179862
15332,0.002028,172.253.118.0-255,5738,100866,10,179862
15333,0.00203,172.31.36.0-255,66,100932,10,179862
15334,0.002051,172.253.118.0-255,4320,105252,10,179862
15335,0.002053,172.31.36.0-255,66,105318,10,179862
15336,0.002073,172.253.118.0-255,7156,112474,10,179862
15337,0.002075,172.31.36.0-255,66,112540,10,179862
15338,0.002097,172.253.118.0-255,3602,116142,10,179862
15339,0.002099,172.31.36.0-255,66,116208,10,179862
15340,0.00217,172.253.118.0-255,1484,117692,10,179862
15341,0.002174,172.253.118.0-255,2902,120594,10,179862
15342,0.002176,172.31.36.0-255,66,120660,10,179862
15343,0.002192,172.253.118.0-255,4320,124980,10,179862
15344,0.002194,172.31.36.0-255,66,125046,10,179862
15345,0.002217,172.253.118.0-255,1484,126530,10,179862
15346,0.002228,172.31.36.0-255,66,126596,10,179862
15347,0.002234,172.253.118.0-255,5738,132334,10,179862
15348,0.002236,172.31.36.0-255,66,132400,10,179862
15349,0.002264,172.253.118.0-255,5738,138138,10,179862
15350,0.002266,172.31.36.0-255,66,138204,10,179862
15351,0.00227,172.253.118.0-255,2184,140388,10,179862
15352,0.002273,172.31.36.0-255,66,140454,10,179862
15353,0.004595,172.253.118.0-255,2902,143356,10,179862
15354,0.0046,172.31.36.0-255,66,143422,10,179862
15355,0.004611,172.253.118.0-255,2902,146324,10,179862
15356,0.004614,172.31.36.0-255,66,146390,10,179862
15357,0.006933,172.253.118.0-255,4320,150710,10,179862
15358,0.00694,172.31.36.0-255,66,150776,10,179862
15359,0.006961,172.253.118.0-255,1484,152260,10,179862
15360,0.009275,172.253.118.0-255,4320,156580,10,179862
15361,0.009283,172.31.36.0-255,66,156646,10,179862
15362,0.011637,172.253.118.0-255,5738,162384,10,179862
15363,0.011646,172.31.36.0-255,66,162450,10,179862
15364,0.013983,172.253.118.0-255,5738,168188,10,179862
15365,0.013993,172.31.36.0-255,66,168254,10,179862
15366,0.016326,172.253.118.0-255,5738,173992,10,179862
15367,0.016335,172.31.36.0-255,66,174058,10,179862
15368,0.01869,172.253.118.0-255,5738,179796,10,179862
15369,0.018697,172.31.36.0-255,66,179862,10,179862
15370,0.0,74.125.68.0-255,142,142,10,133501
15371,2.6e-05,172.31.36.0-255,66,208,10,133501
15372,3.3e-05,74.125.68.0-255,1484,1692,10,133501
15373,3.8e-05,172.31.36.0-255,66,1758,10,133501
15374,4.3e-05,74.125.68.0-255,2902,4660,10,133501
15375,4.5e-05,172.31.36.0-255,66,4726,10,133501
15376,4.8e-05,74.125.68.0-255,1484,6210,10,133501
15377,5.1e-05,172.31.36.0-255,66,6276,10,133501
15378,8e-05,74.125.68.0-255,4320,10596,10,133501
15379,8.2e-05,172.31.36.0-255,66,10662,10,133501
15380,8.7e-05,74.125.68.0-255,3422,14084,10,133501
15381,8.9e-05,172.31.36.0-255,66,14150,10,133501
15382,0.000132,74.125.68.0-255,1484,15634,10,133501
15383,0.000134,172.31.36.0-255,66,15700,10,133501
15384,0.00014,74.125.68.0-255,2902,18602,10,133501
15385,0.000142,172.31.36.0-255,66,18668,10,133501
15386,0.000145,74.125.68.0-255,1484,20152,10,133501
15387,0.000147,172.31.36.0-255,66,20218,10,133501
15388,0.000171,74.125.68.0-255,4320,24538,10,133501
15389,0.000174,172.31.36.0-255,66,24604,10,133501
15390,0.000183,74.125.68.0-255,6797,31401,10,133501
15391,0.000187,172.31.36.0-255,66,31467,10,133501
15392,0.00023,74.125.68.0-255,1484,32951,10,133501
15393,0.000233,172.31.36.0-255,66,33017,10,133501
15394,0.000236,74.125.68.0-255,1484,34501,10,133501
15395,0.000238,172.31.36.0-255,66,34567,10,133501
15396,0.000252,74.125.68.0-255,1484,36051,10,133501
15397,0.000254,172.31.36.0-255,66,36117,10,133501
15398,0.000257,74.125.68.0-255,1484,37601,10,133501
15399,0.000259,172.31.36.0-255,66,37667,10,133501
15400,0.000284,74.125.68.0-255,4320,41987,10,133501
15401,0.000287,172.31.36.0-255,66,42053,10,133501
15402,0.00029,74.125.68.0-255,1484,43537,10,133501
15403,0.000318,74.125.68.0-255,2902,46439,10,133501
15404,0.000324,172.31.36.0-255,66,46505,10,133501
15405,0.000336,74.125.68.0-255,2543,49048,10,133501
15406,0.000339,172.31.36.0-255,66,49114,10,133501
15407,0.001233,74.125.68.0-255,1484,50598,10,133501
15408,0.001245,74.125.68.0-255,2902,53500,10,133501
15409,0.00125,172.31.36.0-255,66,53566,10,133501
15410,0.001258,74.125.68.0-255,5738,59304,10,133501
15411,0.00126,172.31.36.0-255,66,59370,10,133501
15412,0.001283,74.125.68.0-255,1484,60854,10,133501
15413,0.001305,74.125.68.0-255,5379,66233,10,133501
15414,0.001308,172.31.36.0-255,66,66299,10,133501
15415,0.001338,74.125.68.0-255,646,66945,10,133501
15416,0.001751,74.125.68.0-255,1484,68429,10,133501
15417,0.001757,172.31.36.0-255,66,68495,10,133501
15418,0.001763,74.125.68.0-255,2902,71397,10,133501
15419,0.001765,172.31.36.0-255,66,71463,10,133501
15420,0.001776,74.125.68.0-255,1484,72947,10,133501
15421,0.001788,74.125.68.0-255,1484,74431,10,133501
15422,0.00179,172.31.36.0-255,66,74497,10,133501
15423,0.001795,74.125.68.0-255,4320,78817,10,133501
15424,0.001797,172.31.36.0-255,66,78883,10,133501
15425,0.001832,172.31.36.0-255,66,78949,10,133501
15426,0.001837,74.125.68.0-255,4320,83269,10,133501
15427,0.001838,172.31.36.0-255,66,83335,10,133501
15428,0.001845,74.125.68.0-255,5738,89073,10,133501
15429,0.001847,172.31.36.0-255,66,89139,10,133501
15430,0.001884,74.125.68.0-255,3602,92741,10,133501
15431,0.001887,172.31.36.0-255,66,92807,10,133501
15432,0.004113,74.125.68.0-255,1484,94291,10,133501
15433,0.004157,74.125.68.0-255,4320,98611,10,133501
15434,0.004161,172.31.36.0-255,66,98677,10,133501
15435,0.006445,74.125.68.0-255,5738,104415,10,133501
15436,0.006456,172.31.36.0-255,66,104481,10,133501
15437,0.008764,74.125.68.0-255,5738,110219,10,133501
15438,0.008782,172.31.36.0-255,66,110285,10,133501
15439,0.011092,74.125.68.0-255,5738,116023,10,133501
15440,0.011109,172.31.36.0-255,66,116089,10,133501
15441,0.013407,74.125.68.0-255,5738,121827,10,133501
15442,0.013423,172.31.36.0-255,66,121893,10,133501
15443,0.015717,74.125.68.0-255,5738,127631,10,133501
15444,0.015729,172.31.36.0-255,66,127697,10,133501
15445,0.018034,74.125.68.0-255,5738,133435,10,133501
15446,0.018042,172.31.36.0-255,66,133501,10,133501
15447,0.0,172.31.36.0-255,66,66,10,66
15448,0.0,74.125.130.0-255,153,153,10,201101
15449,2.3e-05,172.31.36.0-255,66,219,10,201101
15450,3e-05,74.125.130.0-255,1484,1703,10,201101
15451,3.5e-05,172.31.36.0-255,66,1769,10,201101
15452,3.9e-05,74.125.130.0-255,1484,3253,10,201101
15453,5.5e-05,172.31.36.0-255,66,3319,10,201101
15454,6.2e-05,74.125.130.0-255,2902,6221,10,201101
15455,6.5e-05,172.31.36.0-255,66,6287,10,201101
15456,7.1e-05,74.125.130.0-255,2902,9189,10,201101
15457,7.3e-05,172.31.36.0-255,66,9255,10,201101
15458,9.8e-05,74.125.130.0-255,2902,12157,10,201101
15459,0.000101,172.31.36.0-255,66,12223,10,201101
15460,0.000104,74.125.130.0-255,1484,13707,10,201101
15461,0.000106,172.31.36.0-255,66,13773,10,201101
15462,0.000111,74.125.130.0-255,1975,15748,10,201101
15463,0.000113,172.31.36.0-255,66,15814,10,201101
15464,0.000142,74.125.130.0-255,4320,20134,10,201101
15465,0.000145,172.31.36.0-255,66,20200,10,201101
15466,0.000156,74.125.130.0-255,5738,25938,10,201101
15467,0.000159,172.31.36.0-255,66,26004,10,201101
15468,0.000192,74.125.130.0-255,4320,30324,10,201101
15469,0.000194,172.31.36.0-255,66,30390,10,201101
15470,0.00022,74.125.130.0-255,1125,31515,10,201101
15471,0.000222,172.31.36.0-255,66,31581,10,201101
15472,0.000396,74.125.130.0-255,1484,33065,10,201101
15473,0.000402,172.31.36.0-255,66,33131,10,201101
15474,0.000409,74.125.130.0-255,2902,36033,10,201101
15475,0.000411,172.31.36.0-255,66,36099,10,201101
15476,0.000435,74.125.130.0-255,2902,39001,10,201101
15477,0.000442,172.31.36.0-255,66,39067,10,201101
15478,0.000448,74.125.130.0-255,4320,43387,10,201101
15479,0.000451,172.31.36.0-255,66,43453,10,201101
15480,0.000498,74.125.130.0-255,1484,44937,10,201101
15481,0.000504,74.125.130.0-255,2902,47839,10,201101
15482,0.000527,74.125.130.0-255,1125,48964,10,201101
15483,0.000568,172.31.36.0-255,66,49030,10,201101
15484,0.00072,74.125.130.0-255,1484,50514,10,201101
15485,0.00074,74.125.130.0-255,1484,51998,10,201101
15486,0.000743,74.125.130.0-255,1484,53482,10,201101
15487,0.000758,74.125.130.0-255,1484,54966,10,201101
15488,0.000761,74.125.130.0-255,1484,56450,10,201101
15489,0.00077,172.31.36.0-255,66,56516,10,201101
15490,0.000783,74.125.130.0-255,4320,60836,10,201101
15491,0.000793,74.125.130.0-255,5379,66215,10,201101
15492,0.000812,74.125.130.0-255,646,66861,10,201101
15493,0.000826,172.31.36.0-255,66,66927,10,201101
15494,0.001651,74.125.130.0-255,1484,68411,10,201101
15495,0.001674,74.125.130.0-255,2902,71313,10,201101
15496,0.001679,172.31.36.0-255,66,71379,10,201101
15497,0.001686,74.125.130.0-255,4320,75699,10,201101
15498,0.001717,74.125.130.0-255,1484,77183,10,201101
15499,0.001722,74.125.130.0-255,2902,80085,10,201101
15500,0.001727,74.125.130.0-255,4320,84405,10,201101
15501,0.001734,74.125.130.0-255,5738,90143,10,201101
15502,0.001751,74.125.130.0-255,2902,93045,10,201101
15503,0.001758,74.125.130.0-255,5738,98783,10,201101
15504,0.001779,74.125.130.0-255,1484,100267,10,201101
15505,0.001782,74.125.130.0-255,766,101033,10,201101
15506,0.002129,74.125.130.0-255,1484,102517,10,201101
15507,0.002138,74.125.130.0-255,2902,105419,10,201101
15508,0.002142,74.125.130.0-255,2902,108321,10,201101
15509,0.002163,74.125.130.0-255,4320,112641,10,201101
15510,0.002174,74.125.130.0-255,1484,114125,10,201101
15511,0.002189,74.125.130.0-255,1484,115609,10,201101
15512,0.002207,74.125.130.0-255,5738,121347,10,201101
15513,0.002211,74.125.130.0-255,2902,124249,10,201101
15514,0.002233,74.125.130.0-255,2902,127151,10,201101
15515,0.002247,74.125.130.0-255,4320,131471,10,201101
15516,0.00227,74.125.130.0-255,2902,134373,10,201101
15517,0.002277,74.125.130.0-255,6438,140811,10,201101
15518,0.002283,74.125.130.0-255,4320,145131,10,201101
15519,0.002302,74.125.130.0-255,2902,148033,10,201101
15520,0.002305,74.125.130.0-255,1484,149517,10,201101
15521,0.002374,74.125.130.0-255,2184,151701,10,201101
15522,0.002377,74.125.130.0-255,1484,153185,10,201101
15523,0.002381,74.125.130.0-255,2902,156087,10,201101
15524,0.002396,74.125.130.0-255,1484,157571,10,201101
15525,0.002417,74.125.130.0-255,2902,160473,10,201101
15526,0.002422,74.125.130.0-255,2902,163375,10,201101
15527,0.002443,74.125.130.0-255,2902,166277,10,201101
15528,0.00245,74.125.130.0-255,4320,170597,10,201101
15529,0.002481,74.125.130.0-255,5738,176335,10,201101
15530,0.002499,74.125.130.0-255,1484,177819,10,201101
15531,0.007415,172.31.36.0-255,66,177885,10,201101
15532,0.009928,74.125.130.0-255,5738,183623,10,201101
15533,0.009942,172.31.36.0-255,66,183689,10,201101
15534,0.012445,74.125.130.0-255,5738,189427,10,201101
15535,0.012456,172.31.36.0-255,66,189493,10,201101
15536,0.014955,74.125.130.0-255,5738,195231,10,201101
15537,0.014967,172.31.36.0-255,66,195297,10,201101
15538,0.017491,74.125.130.0-255,5738,201035,10,201101
15539,0.017506,172.31.36.0-255,66,201101,10,201101
15540,0.0,172.217.194.0-255,153,153,10,176109
15541,2e-05,172.31.36.0-255,66,219,10,176109
15542,2.9e-05,172.217.194.0-255,1484,1703,10,176109
15543,3.3e-05,172.31.36.0-255,66,1769,10,176109
15544,3.9e-05,172.217.194.0-255,2902,4671,10,176109
15545,4.2e-05,172.31.36.0-255,66,4737,10,176109
15546,4.8e-05,172.217.194.0-255,4320,9057,10,176109
15547,5.1e-05,172.31.36.0-255,66,9123,10,176109
15548,7.5e-05,172.217.194.0-255,7156,16279,10,176109
15549,7.8e-05,172.31.36.0-255,66,16345,10,176109
15550,9.5e-05,172.217.194.0-255,2147,18492,10,176109
15551,9.7e-05,172.31.36.0-255,66,18558,10,176109
15552,0.000109,172.31.36.0-255,66,18624,10,176109
15553,0.000137,172.217.194.0-255,2543,21167,10,176109
15554,0.000139,172.31.36.0-255,66,21233,10,176109
15555,0.000144,172.217.194.0-255,2902,24135,10,176109
15556,0.000146,172.31.36.0-255,66,24201,10,176109
15557,0.000153,172.217.194.0-255,5738,29939,10,176109
15558,0.000156,172.31.36.0-255,66,30005,10,176109
15559,0.000182,172.217.194.0-255,1484,31489,10,176109
15560,0.000184,172.31.36.0-255,66,31555,10,176109
15561,0.000192,172.217.194.0-255,6797,38352,10,176109
15562,0.000194,172.31.36.0-255,66,38418,10,176109
15563,0.000225,172.217.194.0-255,7156,45574,10,176109
15564,0.000228,172.31.36.0-255,66,45640,10,176109
15565,0.000234,172.217.194.0-255,5738,51378,10,176109
15566,0.000237,172.31.36.0-255,66,51444,10,176109
15567,0.000317,172.217.194.0-255,3961,55405,10,176109
15568,0.000322,172.31.36.0-255,66,55471,10,176109
15569,0.000325,172.217.194.0-255,365,55836,10,176109
15570,0.000327,172.31.36.0-255,66,55902,10,176109
15571,0.000353,172.217.194.0-255,379,56281,10,176109
15572,0.0008,172.217.194.0-255,1484,57765,10,176109
15573,0.000805,172.31.36.0-255,66,57831,10,176109
15574,0.000812,172.217.194.0-255,2902,60733,10,176109
15575,0.000814,172.31.36.0-255,66,60799,10,176109
15576,0.000844,172.217.194.0-255,5738,66537,10,176109
15577,0.000874,172.31.36.0-255,66,66603,10,176109
15578,0.000878,172.31.36.0-255,66,66669,10,176109
15579,0.000881,172.31.36.0-255,66,66735,10,176109
15580,0.000956,172.217.194.0-255,1484,68219,10,176109
15581,0.000961,172.217.194.0-255,2902,71121,10,176109
15582,0.000963,172.217.194.0-255,1484,72605,10,176109
15583,0.000968,172.31.36.0-255,66,72671,10,176109
15584,0.000979,172.217.194.0-255,4320,76991,10,176109
15585,0.000982,172.31.36.0-255,66,77057,10,176109
15586,0.00099,172.217.194.0-255,7156,84213,10,176109
15587,0.000992,172.31.36.0-255,66,84279,10,176109
15588,0.001021,172.217.194.0-255,5738,90017,10,176109
15589,0.001024,172.31.36.0-255,66,90083,10,176109
15590,0.001042,172.31.36.0-255,66,90149,10,176109
15591,0.001059,172.31.36.0-255,66,90215,10,176109
15592,0.00107,172.31.36.0-255,66,90281,10,176109
15593,0.001223,172.217.194.0-255,1484,91765,10,176109
15594,0.001229,172.217.194.0-255,2902,94667,10,176109
15595,0.001232,172.31.36.0-255,66,94733,10,176109
15596,0.001236,172.217.194.0-255,1484,96217,10,176109
15597,0.001252,172.217.194.0-255,4320,100537,10,176109
15598,0.001255,172.31.36.0-255,66,100603,10,176109
15599,0.001258,172.217.194.0-255,1484,102087,10,176109
15600,0.001286,172.31.36.0-255,66,102153,10,176109
15601,0.001296,172.217.194.0-255,1484,103637,10,176109
15602,0.001325,172.31.36.0-255,66,103703,10,176109
15603,0.001546,172.217.194.0-255,1484,105187,10,176109
15604,0.001553,172.217.194.0-255,2902,108089,10,176109
15605,0.001556,172.31.36.0-255,66,108155,10,176109
15606,0.00156,172.217.194.0-255,1484,109639,10,176109
15607,0.001579,172.217.194.0-255,4320,113959,10,176109
15608,0.001581,172.31.36.0-255,66,114025,10,176109
15609,0.001625,172.217.194.0-255,5738,119763,10,176109
15610,0.001628,172.31.36.0-255,66,119829,10,176109
15611,0.001653,172.217.194.0-255,7156,126985,10,176109
15612,0.001656,172.31.36.0-255,66,127051,10,176109
15613,0.001668,172.31.36.0-255,66,127117,10,176109
15614,0.001671,172.217.194.0-255,1484,128601,10,176109
15615,0.001675,172.217.194.0-255,2902,131503,10,176109
15616,0.001677,172.31.36.0-255,66,131569,10,176109
15617,0.001683,172.217.194.0-255,5738,137307,10,176109
15618,0.001685,172.31.36.0-255,66,137373,10,176109
15619,0.001712,172.31.36.0-255,66,137439,10,176109
15620,0.001737,172.217.194.0-255,2902,140341,10,176109
15621,0.00174,172.31.36.0-255,66,140407,10,176109
15622,0.001753,172.31.36.0-255,66,140473,10,176109
15623,0.001893,172.217.194.0-255,1484,141957,10,176109
15624,0.001899,172.217.194.0-255,2902,144859,10,176109
15625,0.001902,172.31.36.0-255,66,144925,10,176109
15626,0.001908,172.217.194.0-255,2902,147827,10,176109
15627,0.001911,172.31.36.0-255,66,147893,10,176109
15628,0.001925,172.217.194.0-255,2902,150795,10,176109
15629,0.001927,172.31.36.0-255,66,150861,10,176109
15630,0.00193,172.217.194.0-255,1484,152345,10,176109
15631,0.00195,172.217.194.0-255,4320,156665,10,176109
15632,0.001953,172.31.36.0-255,66,156731,10,176109
15633,0.001984,172.31.36.0-255,66,156797,10,176109
15634,0.001994,172.31.36.0-255,66,156863,10,176109
15635,0.002014,172.217.194.0-255,766,157629,10,176109
15636,0.002114,172.217.194.0-255,1484,159113,10,176109
15637,0.002118,172.31.36.0-255,66,159179,10,176109
15638,0.002123,172.217.194.0-255,2902,162081,10,176109
15639,0.002125,172.31.36.0-255,66,162147,10,176109
15640,0.002129,172.217.194.0-255,1484,163631,10,176109
15641,0.002143,172.217.194.0-255,4320,167951,10,176109
15642,0.002145,172.31.36.0-255,66,168017,10,176109
15643,0.002179,172.31.36.0-255,66,168083,10,176109
15644,0.002191,172.31.36.0-255,66,168149,10,176109
15645,0.00221,172.217.194.0-255,1484,169633,10,176109
15646,0.002216,172.217.194.0-255,4320,173953,10,176109
15647,0.002219,172.31.36.0-255,66,174019,10,176109
15648,0.002287,172.31.36.0-255,66,174085,10,176109
15649,0.002341,172.31.36.0-255,66,174151,10,176109
15650,0.002394,172.31.36.0-255,66,174217,10,176109
15651,0.002402,172.217.194.0-255,1484,175701,10,176109
15652,0.002436,172.31.36.0-255,66,175767,10,176109
15653,0.004703,172.217.194.0-255,105,175872,10,176109
15654,0.010332,172.31.36.0-255,66,175938,10,176109
15655,0.01037,172.31.36.0-255,105,176043,10,176109
15656,0.012641,172.217.194.0-255,66,176109,10,176109
15657,0.0,74.125.68.0-255,152,152,10,209894
15658,2.4e-05,172.31.36.0-255,66,218,10,209894
15659,3.1e-05,74.125.68.0-255,1484,1702,10,209894
15660,3.6e-05,172.31.36.0-255,66,1768,10,209894
15661,6e-05,74.125.68.0-255,2902,4670,10,209894
15662,6.3e-05,172.31.36.0-255,66,4736,10,209894
15663,8.7e-05,74.125.68.0-255,4320,9056,10,209894
15664,9e-05,172.31.36.0-255,66,9122,10,209894
15665,0.000108,74.125.68.0-255,2902,12024,10,209894
15666,0.000112,172.31.36.0-255,66,12090,10,209894
15667,0.000128,74.125.68.0-255,1484,13574,10,209894
15668,0.00013,172.31.36.0-255,66,13640,10,209894
15669,0.000146,74.125.68.0-255,1484,15124,10,209894
15670,0.000148,172.31.36.0-255,66,15190,10,209894
15671,0.000163,74.125.68.0-255,3504,18694,10,209894
15672,0.000165,172.31.36.0-255,66,18760,10,209894
15673,0.00019,74.125.68.0-255,5738,24498,10,209894
15674,0.000193,172.31.36.0-255,66,24564,10,209894
15675,0.000208,74.125.68.0-255,2902,27466,10,209894
15676,0.000211,172.31.36.0-255,66,27532,10,209894
15677,0.000236,74.125.68.0-255,2902,30434,10,209894
15678,0.000239,172.31.36.0-255,66,30500,10,209894
15679,0.000253,74.125.68.0-255,1125,31625,10,209894
15680,0.000256,172.31.36.0-255,66,31691,10,209894
15681,0.000389,74.125.68.0-255,1484,33175,10,209894
15682,0.000394,172.31.36.0-255,66,33241,10,209894
15683,0.000421,74.125.68.0-255,1484,34725,10,209894
15684,0.000424,172.31.36.0-255,66,34791,10,209894
15685,0.000447,74.125.68.0-255,2902,37693,10,209894
15686,0.00045,172.31.36.0-255,66,37759,10,209894
15687,0.000453,74.125.68.0-255,1484,39243,10,209894
15688,0.000455,172.31.36.0-255,66,39309,10,209894
15689,0.000476,74.125.68.0-255,1484,40793,10,209894
15690,0.000483,74.125.68.0-255,4320,45113,10,209894
15691,0.000486,172.31.36.0-255,66,45179,10,209894
15692,0.000536,74.125.68.0-255,3961,49140,10,209894
15693,0.000539,172.31.36.0-255,66,49206,10,209894
15694,0.000544,74.125.68.0-255,4320,53526,10,209894
15695,0.000547,172.31.36.0-255,66,53592,10,209894
15696,0.000576,74.125.68.0-255,4320,57912,10,209894
15697,0.000579,172.31.36.0-255,66,57978,10,209894
15698,0.000616,74.125.68.0-255,5738,63716,10,209894
15699,0.000619,172.31.36.0-255,66,63782,10,209894
15700,0.000662,74.125.68.0-255,2813,66595,10,209894
15701,0.000666,172.31.36.0-255,66,66661,10,209894
15702,0.001202,74.125.68.0-255,385,67046,10,209894
15703,0.001254,74.125.68.0-255,1484,68530,10,209894
15704,0.001258,172.31.36.0-255,66,68596,10,209894
15705,0.001264,74.125.68.0-255,2902,71498,10,209894
15706,0.001267,172.31.36.0-255,66,71564,10,209894
15707,0.001284,74.125.68.0-255,4320,75884,10,209894
15708,0.001287,172.31.36.0-255,66,75950,10,209894
15709,0.001314,74.125.68.0-255,2902,78852,10,209894
15710,0.001317,172.31.36.0-255,66,78918,10,209894
15711,0.001335,74.125.68.0-255,5738,84656,10,209894
15712,0.001338,172.31.36.0-255,66,84722,10,209894
15713,0.001345,74.125.68.0-255,5738,90460,10,209894
15714,0.001347,172.31.36.0-255,66,90526,10,209894
15715,0.001352,74.125.68.0-255,2902,93428,10,209894
15716,0.001355,172.31.36.0-255,66,93494,10,209894
15717,0.001398,74.125.68.0-255,4320,97814,10,209894
15718,0.001401,172.31.36.0-255,66,97880,10,209894
15719,0.001407,74.125.68.0-255,3602,101482,10,209894
15720,0.001409,172.31.36.0-255,66,101548,10,209894
15721,0.001708,74.125.68.0-255,1484,103032,10,209894
15722,0.00173,74.125.68.0-255,1484,104516,10,209894
15723,0.001735,172.31.36.0-255,66,104582,10,209894
15724,0.001755,74.125.68.0-255,2902,107484,10,209894
15725,0.001758,172.31.36.0-255,66,107550,10,209894
15726,0.001762,74.125.68.0-255,1484,109034,10,209894
15727,0.001787,74.125.68.0-255,4320,113354,10,209894
15728,0.001789,172.31.36.0-255,66,113420,10,209894
15729,0.001817,74.125.68.0-255,7156,120576,10,209894
15730,0.00182,172.31.36.0-255,66,120642,10,209894
15731,0.001823,74.125.68.0-255,1484,122126,10,209894
15732,0.001841,74.125.68.0-255,2902,125028,10,209894
15733,0.001843,172.31.36.0-255,66,125094,10,209894
15734,0.001849,74.125.68.0-255,4320,129414,10,209894
15735,0.001851,172.31.36.0-255,66,129480,10,209894
15736,0.001863,74.125.68.0-255,1484,130964,10,209894
15737,0.001882,74.125.68.0-255,5020,135984,10,209894
15738,0.001885,172.31.36.0-255,66,136050,10,209894
15739,0.00206,74.125.68.0-255,1484,137534,10,209894
15740,0.002076,74.125.68.0-255,1484,139018,10,209894
15741,0.00208,172.31.36.0-255,66,139084,10,209894
15742,0.002092,74.125.68.0-255,1484,140568,10,209894
15743,0.002104,74.125.68.0-255,1484,142052,10,209894
15744,0.002107,172.31.36.0-255,66,142118,10,209894
15745,0.002125,74.125.68.0-255,4320,146438,10,209894
15746,0.002129,172.31.36.0-255,66,146504,10,209894
15747,0.002144,74.125.68.0-255,1484,147988,10,209894
15748,0.002161,74.125.68.0-255,4320,152308,10,209894
15749,0.002164,172.31.36.0-255,66,152374,10,209894
15750,0.002186,74.125.68.0-255,2902,155276,10,209894
15751,0.002188,172.31.36.0-255,66,155342,10,209894
15752,0.002194,74.125.68.0-255,4320,159662,10,209894
15753,0.002197,172.31.36.0-255,66,159728,10,209894
15754,0.002214,74.125.68.0-255,5738,165466,10,209894
15755,0.002217,172.31.36.0-255,66,165532,10,209894
15756,0.002241,74.125.68.0-255,5020,170552,10,209894
15757,0.002244,172.31.36.0-255,66,170618,10,209894
15758,0.00456,74.125.68.0-255,4320,174938,10,209894
15759,0.004564,172.31.36.0-255,66,175004,10,209894
15760,0.004578,74.125.68.0-255,1484,176488,10,209894
15761,0.0069,74.125.68.0-255,4320,180808,10,209894
15762,0.006906,172.31.36.0-255,66,180874,10,209894
15763,0.009243,74.125.68.0-255,5738,186612,10,209894
15764,0.00925,172.31.36.0-255,66,186678,10,209894
15765,0.011582,74.125.68.0-255,5738,192416,10,209894
15766,0.011588,172.31.36.0-255,66,192482,10,209894
15767,0.013925,74.125.68.0-255,5738,198220,10,209894
15768,0.013938,172.31.36.0-255,66,198286,10,209894
15769,0.016269,74.125.68.0-255,5738,204024,10,209894
15770,0.016279,172.31.36.0-255,66,204090,10,209894
15771,0.018606,74.125.68.0-255,5738,209828,10,209894
15772,0.018614,172.31.36.0-255,66,209894,10,209894
15773,0.0,74.125.68.0-255,152,152,10,255840
15774,2.2e-05,172.31.36.0-255,66,218,10,255840
15775,4e-05,74.125.68.0-255,1484,1702,10,255840
15776,5.3e-05,172.31.36.0-255,66,1768,10,255840
15777,5.9e-05,74.125.68.0-255,2902,4670,10,255840
15778,6.3e-05,172.31.36.0-255,66,4736,10,255840
15779,6.9e-05,74.125.68.0-255,4320,9056,10,255840
15780,7.1e-05,172.31.36.0-255,66,9122,10,255840
15781,0.00012,74.125.68.0-255,7156,16278,10,255840
15782,0.000124,172.31.36.0-255,66,16344,10,255840
15783,0.000153,74.125.68.0-255,2075,18419,10,255840
15784,0.000156,172.31.36.0-255,66,18485,10,255840
15785,0.000174,172.31.36.0-255,66,18551,10,255840
15786,0.000179,74.125.68.0-255,2543,21094,10,255840
15787,0.000182,172.31.36.0-255,66,21160,10,255840
15788,0.000245,74.125.68.0-255,1484,22644,10,255840
15789,0.000248,172.31.36.0-255,66,22710,10,255840
15790,0.000252,74.125.68.0-255,1484,24194,10,255840
15791,0.000254,172.31.36.0-255,66,24260,10,255840
15792,0.000281,74.125.68.0-255,2902,27162,10,255840
15793,0.000285,172.31.36.0-255,66,27228,10,255840
15794,0.000291,74.125.68.0-255,5738,32966,10,255840
15795,0.000294,172.31.36.0-255,66,33032,10,255840
15796,0.000319,74.125.68.0-255,2902,35934,10,255840
15797,0.000322,172.31.36.0-255,66,36000,10,255840
15798,0.00035,74.125.68.0-255,3961,39961,10,255840
15799,0.000353,172.31.36.0-255,66,40027,10,255840
15800,0.000359,74.125.68.0-255,4320,44347,10,255840
15801,0.000362,172.31.36.0-255,66,44413,10,255840
15802,0.000392,74.125.68.0-255,5738,50151,10,255840
15803,0.000396,172.31.36.0-255,66,50217,10,255840
15804,0.000424,74.125.68.0-255,5655,55872,10,255840
15805,0.000426,172.31.36.0-255,66,55938,10,255840
15806,0.000459,74.125.68.0-255,128,56066,10,255840
15807,0.00055,74.125.68.0-255,1484,57550,10,255840
15808,0.000555,172.31.36.0-255,66,57616,10,255840
15809,0.000559,74.125.68.0-255,1484,59100,10,255840
15810,0.000585,74.125.68.0-255,1484,60584,10,255840
15811,0.000587,172.31.36.0-255,66,60650,10,255840
15812,0.000617,74.125.68.0-255,2902,63552,10,255840
15813,0.00062,172.31.36.0-255,66,63618,10,255840
15814,0.000644,74.125.68.0-255,4320,67938,10,255840
15815,0.000647,172.31.36.0-255,66,68004,10,255840
15816,0.000672,74.125.68.0-255,1484,69488,10,255840
15817,0.000691,74.125.68.0-255,2902,72390,10,255840
15818,0.000694,172.31.36.0-255,66,72456,10,255840
15819,0.000722,74.125.68.0-255,5738,78194,10,255840
15820,0.000725,172.31.36.0-255,66,78260,10,255840
15821,0.00073,74.125.68.0-255,2902,81162,10,255840
15822,0.000733,172.31.36.0-255,66,81228,10,255840
15823,0.000781,172.31.36.0-255,66,81294,10,255840
15824,0.00092,74.125.68.0-255,1484,82778,10,255840
15825,0.000935,74.125.68.0-255,2902,85680,10,255840
15826,0.000939,172.31.36.0-255,66,85746,10,255840
15827,0.000943,74.125.68.0-255,1484,87230,10,255840
15828,0.000974,74.125.68.0-255,4320,91550,10,255840
15829,0.000977,172.31.36.0-255,66,91616,10,255840
15830,0.000981,74.125.68.0-255,1484,93100,10,255840
15831,0.001008,74.125.68.0-255,7156,100256,10,255840
15832,0.001011,172.31.36.0-255,66,100322,10,255840
15833,0.001044,172.31.36.0-255,66,100388,10,255840
15834,0.001086,74.125.68.0-255,6438,106826,10,255840
15835,0.001089,172.31.36.0-255,66,106892,10,255840
15836,0.001368,74.125.68.0-255,1484,108376,10,255840
15837,0.001381,74.125.68.0-255,1484,109860,10,255840
15838,0.001384,172.31.36.0-255,66,109926,10,255840
15839,0.001405,74.125.68.0-255,2902,112828,10,255840
15840,0.001408,172.31.36.0-255,66,112894,10,255840
15841,0.001438,74.125.68.0-255,4320,117214,10,255840
15842,0.001441,172.31.36.0-255,66,117280,10,255840
15843,0.001476,74.125.68.0-255,5738,123018,10,255840
15844,0.001479,172.31.36.0-255,66,123084,10,255840
15845,0.001522,74.125.68.0-255,7156,130240,10,255840
15846,0.001526,172.31.36.0-255,66,130306,10,255840
15847,0.001534,74.125.68.0-255,7156,137462,10,255840
15848,0.001553,74.125.68.0-255,1484,138946,10,255840
15849,0.001574,172.31.36.0-255,66,139012,10,255840
15850,0.0016,74.125.68.0-255,2184,141196,10,255840
15851,0.001725,74.125.68.0-255,1484,142680,10,255840
15852,0.001731,74.125.68.0-255,2902,145582,10,255840
15853,0.001781,74.125.68.0-255,5738,151320,10,255840
15854,0.001789,74.125.68.0-255,7156,158476,10,255840
15855,0.00181,74.125.68.0-255,5738,164214,10,255840
15856,0.001847,74.125.68.0-255,4320,168534,10,255840
15857,0.001892,74.125.68.0-255,5738,174272,10,255840
15858,0.001943,172.31.36.0-255,66,174338,10,255840
15859,0.001973,172.31.36.0-255,66,174404,10,255840
15860,0.002012,74.125.68.0-255,2902,177306,10,255840
15861,0.002015,74.125.68.0-255,1484,178790,10,255840
15862,0.002024,74.125.68.0-255,2902,181692,10,255840
15863,0.00203,74.125.68.0-255,5738,187430,10,255840
15864,0.002035,74.125.68.0-255,4320,191750,10,255840
15865,0.002047,74.125.68.0-255,1484,193234,10,255840
15866,0.00206,172.31.36.0-255,66,193300,10,255840
15867,0.002092,74.125.68.0-255,6438,199738,10,255840
15868,0.002097,74.125.68.0-255,2902,202640,10,255840
15869,0.002112,172.31.36.0-255,66,202706,10,255840
15870,0.002154,74.125.68.0-255,4320,207026,10,255840
15871,0.002173,172.31.36.0-255,66,207092,10,255840
15872,0.002228,74.125.68.0-255,5020,212112,10,255840
15873,0.002237,172.31.36.0-255,66,212178,10,255840
15874,0.002263,74.125.68.0-255,1484,213662,10,255840
15875,0.002265,74.125.68.0-255,1484,215146,10,255840
15876,0.002293,172.31.36.0-255,66,215212,10,255840
15877,0.004526,74.125.68.0-255,5738,220950,10,255840
15878,0.004532,172.31.36.0-255,66,221016,10,255840
15879,0.006752,74.125.68.0-255,5738,226754,10,255840
15880,0.006758,172.31.36.0-255,66,226820,10,255840
15881,0.008973,74.125.68.0-255,5738,232558,10,255840
15882,0.008977,172.31.36.0-255,66,232624,10,255840
15883,0.011221,74.125.68.0-255,5738,238362,10,255840
15884,0.011231,172.31.36.0-255,66,238428,10,255840
15885,0.01349,74.125.68.0-255,5738,244166,10,255840
15886,0.01354,172.31.36.0-255,66,244232,10,255840
15887,0.015782,74.125.68.0-255,5738,249970,10,255840
15888,0.015799,172.31.36.0-255,66,250036,10,255840
15889,0.01803,74.125.68.0-255,5738,255774,10,255840
15890,0.01804,172.31.36.0-255,66,255840,10,255840
15891,0.0,74.125.130.0-255,159,159,10,169637
15892,1.8e-05,172.31.36.0-255,66,225,10,169637
15893,2.5e-05,74.125.130.0-255,1484,1709,10,169637
15894,2.9e-05,172.31.36.0-255,66,1775,10,169637
15895,3.5e-05,74.125.130.0-255,2902,4677,10,169637
15896,3.8e-05,172.31.36.0-255,66,4743,10,169637
15897,8.9e-05,74.125.130.0-255,1484,6227,10,169637
15898,9.3e-05,172.31.36.0-255,66,6293,10,169637
15899,0.000112,74.125.130.0-255,2902,9195,10,169637
15900,0.000115,172.31.36.0-255,66,9261,10,169637
15901,0.000118,74.125.130.0-255,1484,10745,10,169637
15902,0.00012,172.31.36.0-255,66,10811,10,169637
15903,0.000139,74.125.130.0-255,3458,14269,10,169637
15904,0.000141,172.31.36.0-255,66,14335,10,169637
15905,0.000255,74.125.130.0-255,1484,15819,10,169637
15906,0.00026,172.31.36.0-255,66,15885,10,169637
15907,0.000266,74.125.130.0-255,2902,18787,10,169637
15908,0.000268,172.31.36.0-255,66,18853,10,169637
15909,0.000274,74.125.130.0-255,4320,23173,10,169637
15910,0.000277,172.31.36.0-255,66,23239,10,169637
15911,0.000315,74.125.130.0-255,2902,26141,10,169637
15912,0.000319,172.31.36.0-255,66,26207,10,169637
15913,0.000341,74.125.130.0-255,5379,31586,10,169637
15914,0.000344,172.31.36.0-255,66,31652,10,169637
15915,0.000365,74.125.130.0-255,5738,37390,10,169637
15916,0.000371,172.31.36.0-255,66,37456,10,169637
15917,0.000381,74.125.130.0-255,2902,40358,10,169637
15918,0.000383,172.31.36.0-255,66,40424,10,169637
15919,0.000386,74.125.130.0-255,1484,41908,10,169637
15920,0.000389,172.31.36.0-255,66,41974,10,169637
15921,0.00043,74.125.130.0-255,2902,44876,10,169637
15922,0.000433,172.31.36.0-255,66,44942,10,169637
15923,0.000454,74.125.130.0-255,3961,48903,10,169637
15924,0.000457,172.31.36.0-255,66,48969,10,169637
15925,0.00078,74.125.130.0-255,1484,50453,10,169637
15926,0.000798,74.125.130.0-255,2902,53355,10,169637
15927,0.000802,172.31.36.0-255,66,53421,10,169637
15928,0.000809,74.125.130.0-255,4320,57741,10,169637
15929,0.00081,172.31.36.0-255,66,57807,10,169637
15930,0.000821,74.125.130.0-255,1484,59291,10,169637
15931,0.000838,74.125.130.0-255,2902,62193,10,169637
15932,0.000841,172.31.36.0-255,66,62259,10,169637
15933,0.000862,74.125.130.0-255,3961,66220,10,169637
15934,0.000865,172.31.36.0-255,66,66286,10,169637
15935,0.000868,74.125.130.0-255,1484,67770,10,169637
15936,0.000872,74.125.130.0-255,2902,70672,10,169637
15937,0.000874,172.31.36.0-255,66,70738,10,169637
15938,0.000902,74.125.130.0-255,5738,76476,10,169637
15939,0.000904,172.31.36.0-255,66,76542,10,169637
15940,0.000926,74.125.130.0-255,5738,82280,10,169637
15941,0.000928,172.31.36.0-255,66,82346,10,169637
15942,0.000942,74.125.130.0-255,1705,84051,10,169637
15943,0.000944,172.31.36.0-255,66,84117,10,169637
15944,0.000977,74.125.130.0-255,1484,85601,10,169637
15945,0.000996,74.125.130.0-255,2902,88503,10,169637
15946,0.000999,172.31.36.0-255,66,88569,10,169637
15947,0.001025,74.125.130.0-255,5738,94307,10,169637
15948,0.001028,172.31.36.0-255,66,94373,10,169637
15949,0.001048,74.125.130.0-255,4320,98693,10,169637
15950,0.001051,172.31.36.0-255,66,98759,10,169637
15951,0.001072,74.125.130.0-255,2543,101302,10,169637
15952,0.001079,172.31.36.0-255,66,101368,10,169637
15953,0.001176,74.125.130.0-255,1484,102852,10,169637
15954,0.001182,74.125.130.0-255,2902,105754,10,169637
15955,0.001186,172.31.36.0-255,66,105820,10,169637
15956,0.001206,74.125.130.0-255,4320,110140,10,169637
15957,0.00121,172.31.36.0-255,66,110206,10,169637
15958,0.00123,74.125.130.0-255,1484,111690,10,169637
15959,0.001235,74.125.130.0-255,2902,114592,10,169637
15960,0.001237,172.31.36.0-255,66,114658,10,169637
15961,0.001242,74.125.130.0-255,3297,117955,10,169637
15962,0.001244,172.31.36.0-255,66,118021,10,169637
15963,0.001439,74.125.130.0-255,1484,119505,10,169637
15964,0.001445,74.125.130.0-255,1484,120989,10,169637
15965,0.001449,172.31.36.0-255,66,121055,10,169637
15966,0.001469,74.125.130.0-255,2902,123957,10,169637
15967,0.001472,172.31.36.0-255,66,124023,10,169637
15968,0.001478,74.125.130.0-255,5738,129761,10,169637
15969,0.00148,172.31.36.0-255,66,129827,10,169637
15970,0.001503,74.125.130.0-255,2902,132729,10,169637
15971,0.001505,172.31.36.0-255,66,132795,10,169637
15972,0.001524,74.125.130.0-255,3238,136033,10,169637
15973,0.001527,172.31.36.0-255,66,136099,10,169637
15974,0.005514,74.125.130.0-255,1484,137583,10,169637
15975,0.005536,74.125.130.0-255,2902,140485,10,169637
15976,0.00554,172.31.36.0-255,66,140551,10,169637
15977,0.005545,74.125.130.0-255,1484,142035,10,169637
15978,0.008165,74.125.130.0-255,4320,146355,10,169637
15979,0.008172,172.31.36.0-255,66,146421,10,169637
15980,0.010782,74.125.130.0-255,5738,152159,10,169637
15981,0.01079,172.31.36.0-255,66,152225,10,169637
15982,0.013433,74.125.130.0-255,5738,157963,10,169637
15983,0.013443,172.31.36.0-255,66,158029,10,169637
15984,0.016073,74.125.130.0-255,5738,163767,10,169637
15985,0.016084,172.31.36.0-255,66,163833,10,169637
15986,0.018876,74.125.130.0-255,5738,169571,10,169637
15987,0.01889,172.31.36.0-255,66,169637,10,169637
15988,0.0,172.217.194.0-255,153,153,10,231986
15989,3.8e-05,172.31.36.0-255,66,219,10,231986
15990,4.7e-05,172.217.194.0-255,1484,1703,10,231986
15991,5.1e-05,172.31.36.0-255,66,1769,10,231986
15992,5.6e-05,172.217.194.0-255,2902,4671,10,231986
15993,5.8e-05,172.31.36.0-255,66,4737,10,231986
15994,6.5e-05,172.217.194.0-255,7156,11893,10,231986
15995,6.8e-05,172.31.36.0-255,66,11959,10,231986
15996,7.3e-05,172.217.194.0-255,2002,13961,10,231986
15997,7.5e-05,172.31.36.0-255,66,14027,10,231986
15998,0.000129,172.217.194.0-255,1484,15511,10,231986
15999,0.000132,172.31.36.0-255,66,15577,10,231986
16000,0.000136,172.217.194.0-255,2902,18479,10,231986
16001,0.000138,172.31.36.0-255,66,18545,10,231986
16002,0.000145,172.217.194.0-255,5738,24283,10,231986
16003,0.000147,172.31.36.0-255,66,24349,10,231986
16004,0.000151,172.217.194.0-255,1484,25833,10,231986
16005,0.000152,172.31.36.0-255,66,25899,10,231986
16006,0.000169,172.217.194.0-255,5379,31278,10,231986
16007,0.000172,172.31.36.0-255,66,31344,10,231986
16008,0.000195,172.217.194.0-255,4320,35664,10,231986
16009,0.000198,172.31.36.0-255,66,35730,10,231986
16010,0.000222,172.217.194.0-255,2902,38632,10,231986
16011,0.000224,172.31.36.0-255,66,38698,10,231986
16012,0.000232,172.217.194.0-255,5738,44436,10,231986
16013,0.000234,172.31.36.0-255,66,44502,10,231986
16014,0.00025,172.217.194.0-255,1484,45986,10,231986
16015,0.000253,172.31.36.0-255,66,46052,10,231986
16016,0.000267,172.217.194.0-255,2543,48595,10,231986
16017,0.000271,172.31.36.0-255,66,48661,10,231986
16018,0.000333,172.217.194.0-255,1484,50145,10,231986
16019,0.000337,172.31.36.0-255,66,50211,10,231986
16020,0.00034,172.217.194.0-255,1484,51695,10,231986
16021,0.000354,172.217.194.0-255,1484,53179,10,231986
16022,0.00036,172.217.194.0-255,5738,58917,10,231986
16023,0.00036,172.31.36.0-255,66,58983,10,231986
16024,0.000364,172.31.36.0-255,66,59049,10,231986
16025,0.000399,172.217.194.0-255,2902,61951,10,231986
16026,0.000403,172.31.36.0-255,66,62017,10,231986
16027,0.000424,172.217.194.0-255,4541,66558,10,231986
16028,0.000427,172.31.36.0-255,66,66624,10,231986
16029,0.000582,172.217.194.0-255,1484,68108,10,231986
16030,0.000587,172.217.194.0-255,2902,71010,10,231986
16031,0.00059,172.31.36.0-255,66,71076,10,231986
16032,0.000594,172.217.194.0-255,1484,72560,10,231986
16033,0.000613,172.217.194.0-255,4320,76880,10,231986
16034,0.000616,172.31.36.0-255,66,76946,10,231986
16035,0.000621,172.217.194.0-255,4320,81266,10,231986
16036,0.000623,172.31.36.0-255,66,81332,10,231986
16037,0.000637,172.217.194.0-255,1994,83326,10,231986
16038,0.00064,172.31.36.0-255,66,83392,10,231986
16039,0.000694,172.217.194.0-255,1484,84876,10,231986
16040,0.000699,172.217.194.0-255,2902,87778,10,231986
16041,0.000702,172.31.36.0-255,66,87844,10,231986
16042,0.000726,172.217.194.0-255,5738,93582,10,231986
16043,0.00073,172.31.36.0-255,66,93648,10,231986
16044,0.000736,172.217.194.0-255,5738,99386,10,231986
16045,0.000738,172.31.36.0-255,66,99452,10,231986
16046,0.000764,172.31.36.0-255,66,99518,10,231986
16047,0.000791,172.217.194.0-255,4320,103838,10,231986
16048,0.000794,172.31.36.0-255,66,103904,10,231986
16049,0.0008,172.217.194.0-255,5020,108924,10,231986
16050,0.000802,172.31.36.0-255,66,108990,10,231986
16051,0.000898,172.217.194.0-255,1484,110474,10,231986
16052,0.000912,172.217.194.0-255,2902,113376,10,231986
16053,0.000915,172.31.36.0-255,66,113442,10,231986
16054,0.00095,172.217.194.0-255,5738,119180,10,231986
16055,0.000954,172.31.36.0-255,66,119246,10,231986
16056,0.000961,172.217.194.0-255,4320,123566,10,231986
16057,0.000964,172.31.36.0-255,66,123632,10,231986
16058,0.000975,172.217.194.0-255,4320,127952,10,231986
16059,0.000978,172.31.36.0-255,66,128018,10,231986
16060,0.001004,172.217.194.0-255,1484,129502,10,231986
16061,0.001018,172.31.36.0-255,66,129568,10,231986
16062,0.001021,172.217.194.0-255,766,130334,10,231986
16063,0.001554,172.31.36.0-255,66,130400,10,231986
16064,0.001824,172.217.194.0-255,1484,131884,10,231986
16065,0.001835,172.217.194.0-255,2902,134786,10,231986
16066,0.001842,172.31.36.0-255,66,134852,10,231986
16067,0.00185,172.217.194.0-255,4320,139172,10,231986
16068,0.001852,172.31.36.0-255,66,139238,10,231986
16069,0.001873,172.217.194.0-255,1484,140722,10,231986
16070,0.001896,172.217.194.0-255,4320,145042,10,231986
16071,0.001899,172.31.36.0-255,66,145108,10,231986
16072,0.001926,172.31.36.0-255,66,145174,10,231986
16073,0.001929,172.217.194.0-255,1484,146658,10,231986
16074,0.001952,172.31.36.0-255,66,146724,10,231986
16075,0.002019,172.217.194.0-255,1484,148208,10,231986
16076,0.002046,172.217.194.0-255,2902,151110,10,231986
16077,0.00205,172.31.36.0-255,66,151176,10,231986
16078,0.002053,172.217.194.0-255,1484,152660,10,231986
16079,0.002071,172.217.194.0-255,4320,156980,10,231986
16080,0.002074,172.31.36.0-255,66,157046,10,231986
16081,0.002116,172.217.194.0-255,7156,164202,10,231986
16082,0.002119,172.31.36.0-255,66,164268,10,231986
16083,0.002145,172.217.194.0-255,5738,170006,10,231986
16084,0.002148,172.31.36.0-255,66,170072,10,231986
16085,0.00216,172.31.36.0-255,66,170138,10,231986
16086,0.002163,172.217.194.0-255,766,170904,10,231986
16087,0.002425,172.217.194.0-255,1484,172388,10,231986
16088,0.002431,172.31.36.0-255,66,172454,10,231986
16089,0.002437,172.217.194.0-255,2902,175356,10,231986
16090,0.00244,172.31.36.0-255,66,175422,10,231986
16091,0.002447,172.217.194.0-255,5738,181160,10,231986
16092,0.002449,172.31.36.0-255,66,181226,10,231986
16093,0.002453,172.217.194.0-255,1484,182710,10,231986
16094,0.002516,172.31.36.0-255,66,182776,10,231986
16095,0.002538,172.31.36.0-255,66,182842,10,231986
16096,0.00254,172.217.194.0-255,1484,184326,10,231986
16097,0.002544,172.217.194.0-255,1484,185810,10,231986
16098,0.002545,172.31.36.0-255,66,185876,10,231986
16099,0.002567,172.217.194.0-255,1484,187360,10,231986
16100,0.002573,172.217.194.0-255,5738,193098,10,231986
16101,0.002575,172.31.36.0-255,66,193164,10,231986
16102,0.002579,172.217.194.0-255,2902,196066,10,231986
16103,0.002581,172.31.36.0-255,66,196132,10,231986
16104,0.002604,172.31.36.0-255,66,196198,10,231986
16105,0.002614,172.31.36.0-255,66,196264,10,231986
16106,0.002635,172.217.194.0-255,2184,198448,10,231986
16107,0.002637,172.31.36.0-255,66,198514,10,231986
16108,0.005218,172.217.194.0-255,4320,202834,10,231986
16109,0.005222,172.31.36.0-255,66,202900,10,231986
16110,0.005238,172.217.194.0-255,1484,204384,10,231986
16111,0.007794,172.217.194.0-255,4320,208704,10,231986
16112,0.007801,172.31.36.0-255,66,208770,10,231986
16113,0.010407,172.217.194.0-255,5738,214508,10,231986
16114,0.010415,172.31.36.0-255,66,214574,10,231986
16115,0.013039,172.217.194.0-255,5738,220312,10,231986
16116,0.01305,172.31.36.0-255,66,220378,10,231986
16117,0.015626,172.217.194.0-255,5738,226116,10,231986
16118,0.015637,172.31.36.0-255,66,226182,10,231986
16119,0.018237,172.217.194.0-255,5738,231920,10,231986
16120,0.018253,172.31.36.0-255,66,231986,10,231986
16121,0.0,74.125.130.0-255,152,152,10,159408
16122,2.6e-05,172.31.36.0-255,66,218,10,159408
16123,3.3e-05,74.125.130.0-255,1484,1702,10,159408
16124,3.8e-05,172.31.36.0-255,66,1768,10,159408
16125,4.2e-05,74.125.130.0-255,2902,4670,10,159408
16126,5.2e-05,172.31.36.0-255,66,4736,10,159408
16127,5.5e-05,74.125.130.0-255,1484,6220,10,159408
16128,5.7e-05,172.31.36.0-255,66,6286,10,159408
16129,6.2e-05,74.125.130.0-255,2902,9188,10,159408
16130,6.4e-05,172.31.36.0-255,66,9254,10,159408
16131,9.3e-05,74.125.130.0-255,1484,10738,10,159408
16132,9.5e-05,172.31.36.0-255,66,10804,10,159408
16133,0.000116,74.125.130.0-255,2902,13706,10,159408
16134,0.000119,172.31.36.0-255,66,13772,10,159408
16135,0.000122,74.125.130.0-255,629,14401,10,159408
16136,0.000124,172.31.36.0-255,66,14467,10,159408
16137,0.000177,74.125.130.0-255,1484,15951,10,159408
16138,0.000181,172.31.36.0-255,66,16017,10,159408
16139,0.000185,74.125.130.0-255,1484,17501,10,159408
16140,0.000187,172.31.36.0-255,66,17567,10,159408
16141,0.000209,74.125.130.0-255,2902,20469,10,159408
16142,0.000216,172.31.36.0-255,66,20535,10,159408
16143,0.00022,74.125.130.0-255,2902,23437,10,159408
16144,0.000222,172.31.36.0-255,66,23503,10,159408
16145,0.000227,74.125.130.0-255,4320,27823,10,159408
16146,0.000229,172.31.36.0-255,66,27889,10,159408
16147,0.000256,74.125.130.0-255,3961,31850,10,159408
16148,0.00026,172.31.36.0-255,66,31916,10,159408
16149,0.000788,74.125.130.0-255,1484,33400,10,159408
16150,0.000794,172.31.36.0-255,66,33466,10,159408
16151,0.000826,74.125.130.0-255,2902,36368,10,159408
16152,0.000829,172.31.36.0-255,66,36434,10,159408
16153,0.000858,74.125.130.0-255,4320,40754,10,159408
16154,0.00086,172.31.36.0-255,66,40820,10,159408
16155,0.000866,74.125.130.0-255,2902,43722,10,159408
16156,0.000868,172.31.36.0-255,66,43788,10,159408
16157,0.000902,74.125.130.0-255,4320,48108,10,159408
16158,0.000906,172.31.36.0-255,66,48174,10,159408
16159,0.00092,74.125.130.0-255,1125,49299,10,159408
16160,0.000941,74.125.130.0-255,1484,50783,10,159408
16161,0.000944,172.31.36.0-255,66,50849,10,159408
16162,0.00097,74.125.130.0-255,1484,52333,10,159408
16163,0.000989,74.125.130.0-255,2902,55235,10,159408
16164,0.000992,172.31.36.0-255,66,55301,10,159408
16165,0.001019,74.125.130.0-255,2902,58203,10,159408
16166,0.001021,172.31.36.0-255,66,58269,10,159408
16167,0.001027,74.125.130.0-255,4320,62589,10,159408
16168,0.001029,172.31.36.0-255,66,62655,10,159408
16169,0.00106,74.125.130.0-255,4240,66895,10,159408
16170,0.001065,172.31.36.0-255,66,66961,10,159408
16171,0.001483,74.125.130.0-255,1484,68445,10,159408
16172,0.001516,74.125.130.0-255,1484,69929,10,159408
16173,0.001518,172.31.36.0-255,66,69995,10,159408
16174,0.001522,74.125.130.0-255,1484,71479,10,159408
16175,0.00154,74.125.130.0-255,1484,72963,10,159408
16176,0.001542,172.31.36.0-255,66,73029,10,159408
16177,0.001575,74.125.130.0-255,4320,77349,10,159408
16178,0.001578,172.31.36.0-255,66,77415,10,159408
16179,0.001604,74.125.130.0-255,5738,83153,10,159408
16180,0.001606,172.31.36.0-255,66,83219,10,159408
16181,0.001609,74.125.130.0-255,1125,84344,10,159408
16182,0.002335,74.125.130.0-255,1484,85828,10,159408
16183,0.002337,172.31.36.0-255,66,85894,10,159408
16184,0.002364,74.125.130.0-255,2902,88796,10,159408
16185,0.002366,172.31.36.0-255,66,88862,10,159408
16186,0.00239,74.125.130.0-255,1484,90346,10,159408
16187,0.002401,74.125.130.0-255,2902,93248,10,159408
16188,0.002402,172.31.36.0-255,66,93314,10,159408
16189,0.002426,74.125.130.0-255,5738,99052,10,159408
16190,0.002428,172.31.36.0-255,66,99118,10,159408
16191,0.002469,74.125.130.0-255,7156,106274,10,159408
16192,0.002471,172.31.36.0-255,66,106340,10,159408
16193,0.002476,74.125.130.0-255,4320,110660,10,159408
16194,0.002478,172.31.36.0-255,66,110726,10,159408
16195,0.002497,74.125.130.0-255,4320,115046,10,159408
16196,0.002499,172.31.36.0-255,66,115112,10,159408
16197,0.002507,74.125.130.0-255,3602,118714,10,159408
16198,0.002508,172.31.36.0-255,66,118780,10,159408
16199,0.004978,74.125.130.0-255,5738,124518,10,159408
16200,0.004982,172.31.36.0-255,66,124584,10,159408
16201,0.007483,74.125.130.0-255,5738,130322,10,159408
16202,0.00749,172.31.36.0-255,66,130388,10,159408
16203,0.00997,74.125.130.0-255,5738,136126,10,159408
16204,0.009978,172.31.36.0-255,66,136192,10,159408
16205,0.012466,74.125.130.0-255,5738,141930,10,159408
16206,0.012473,172.31.36.0-255,66,141996,10,159408
16207,0.014943,74.125.130.0-255,5738,147734,10,159408
16208,0.014949,172.31.36.0-255,66,147800,10,159408
16209,0.017439,74.125.130.0-255,5738,153538,10,159408
16210,0.01745,172.31.36.0-255,66,153604,10,159408
16211,0.01994,74.125.130.0-255,5738,159342,10,159408
16212,0.019948,172.31.36.0-255,66,159408,10,159408
16213,0.0,172.217.194.0-255,297,297,10,206090
16214,2.7e-05,172.31.36.0-255,66,363,10,206090
16215,3.4e-05,172.217.194.0-255,1484,1847,10,206090
16216,3.8e-05,172.31.36.0-255,66,1913,10,206090
16217,4.6e-05,172.217.194.0-255,4320,6233,10,206090
16218,5.8e-05,172.31.36.0-255,66,6299,10,206090
16219,7.1e-05,172.31.36.0-255,66,6365,10,206090
16220,9.5e-05,172.31.36.0-255,66,6431,10,206090
16221,0.000102,172.217.194.0-255,5379,11810,10,206090
16222,0.000105,172.31.36.0-255,66,11876,10,206090
16223,0.000631,172.217.194.0-255,1484,13360,10,206090
16224,0.000638,172.31.36.0-255,66,13426,10,206090
16225,0.000644,172.217.194.0-255,2902,16328,10,206090
16226,0.000646,172.31.36.0-255,66,16394,10,206090
16227,0.000679,172.217.194.0-255,5738,22132,10,206090
16228,0.000682,172.31.36.0-255,66,22198,10,206090
16229,0.000686,172.217.194.0-255,2902,25100,10,206090
16230,0.000688,172.31.36.0-255,66,25166,10,206090
16231,0.000725,172.31.36.0-255,66,25232,10,206090
16232,0.000731,172.217.194.0-255,4320,29552,10,206090
16233,0.000733,172.31.36.0-255,66,29618,10,206090
16234,0.000764,172.217.194.0-255,2902,32520,10,206090
16235,0.000766,172.31.36.0-255,66,32586,10,206090
16236,0.000793,172.217.194.0-255,2833,35419,10,206090
16237,0.000796,172.31.36.0-255,66,35485,10,206090
16238,0.0008,172.217.194.0-255,99,35584,10,206090
16239,0.000802,172.31.36.0-255,66,35650,10,206090
16240,0.000936,172.217.194.0-255,1484,37134,10,206090
16241,0.000941,172.31.36.0-255,66,37200,10,206090
16242,0.000947,172.217.194.0-255,2902,40102,10,206090
16243,0.000949,172.31.36.0-255,66,40168,10,206090
16244,0.000956,172.217.194.0-255,5738,45906,10,206090
16245,0.000962,172.31.36.0-255,66,45972,10,206090
16246,0.000969,172.217.194.0-255,4320,50292,10,206090
16247,0.000971,172.31.36.0-255,66,50358,10,206090
16248,0.001012,172.31.36.0-255,66,50424,10,206090
16249,0.001044,172.31.36.0-255,66,50490,10,206090
16250,0.001068,172.217.194.0-255,2902,53392,10,206090
16251,0.001071,172.31.36.0-255,66,53458,10,206090
16252,0.001099,172.217.194.0-255,5738,59196,10,206090
16253,0.001113,172.31.36.0-255,66,59262,10,206090
16254,0.00112,172.31.36.0-255,66,59328,10,206090
16255,0.001126,172.217.194.0-255,4320,63648,10,206090
16256,0.001128,172.31.36.0-255,66,63714,10,206090
16257,0.00117,172.31.36.0-255,66,63780,10,206090
16258,0.001174,172.217.194.0-255,1484,65264,10,206090
16259,0.001197,172.217.194.0-255,2902,68166,10,206090
16260,0.001201,172.31.36.0-255,66,68232,10,206090
16261,0.001204,172.217.194.0-255,1484,69716,10,206090
16262,0.001226,172.217.194.0-255,4320,74036,10,206090
16263,0.001232,172.217.194.0-255,5738,79774,10,206090
16264,0.001234,172.217.194.0-255,1484,81258,10,206090
16265,0.001239,172.31.36.0-255,66,81324,10,206090
16266,0.001242,172.31.36.0-255,66,81390,10,206090
16267,0.001303,172.31.36.0-255,66,81456,10,206090
16268,0.001322,172.217.194.0-255,5020,86476,10,206090
16269,0.001329,172.31.36.0-255,66,86542,10,206090
16270,0.001378,172.217.194.0-255,1484,88026,10,206090
16271,0.001384,172.217.194.0-255,2902,90928,10,206090
16272,0.001387,172.31.36.0-255,66,90994,10,206090
16273,0.001414,172.217.194.0-255,5738,96732,10,206090
16274,0.001417,172.217.194.0-255,1484,98216,10,206090
16275,0.001421,172.31.36.0-255,66,98282,10,206090
16276,0.001441,172.217.194.0-255,5738,104020,10,206090
16277,0.001444,172.31.36.0-255,66,104086,10,206090
16278,0.001478,172.31.36.0-255,66,104152,10,206090
16279,0.001501,172.217.194.0-255,1484,105636,10,206090
16280,0.001506,172.217.194.0-255,2184,107820,10,206090
16281,0.001508,172.31.36.0-255,66,107886,10,206090
16282,0.001543,172.217.194.0-255,1484,109370,10,206090
16283,0.001546,172.217.194.0-255,1484,110854,10,206090
16284,0.001549,172.31.36.0-255,66,110920,10,206090
16285,0.001566,172.217.194.0-255,1484,112404,10,206090
16286,0.001569,172.217.194.0-255,1484,113888,10,206090
16287,0.001571,172.31.36.0-255,66,113954,10,206090
16288,0.001595,172.217.194.0-255,4320,118274,10,206090
16289,0.001598,172.31.36.0-255,66,118340,10,206090
16290,0.001605,172.217.194.0-255,7156,125496,10,206090
16291,0.001608,172.31.36.0-255,66,125562,10,206090
16292,0.001666,172.217.194.0-255,2184,127746,10,206090
16293,0.001683,172.31.36.0-255,66,127812,10,206090
16294,0.001687,172.31.36.0-255,66,127878,10,206090
16295,0.00169,172.31.36.0-255,66,127944,10,206090
16296,0.001726,172.217.194.0-255,2902,130846,10,206090
16297,0.001729,172.31.36.0-255,66,130912,10,206090
16298,0.001742,172.31.36.0-255,66,130978,10,206090
16299,0.001749,172.217.194.0-255,5020,135998,10,206090
16300,0.001755,172.217.194.0-255,5738,141736,10,206090
16301,0.001806,172.31.36.0-255,66,141802,10,206090
16302,0.001825,172.31.36.0-255,66,141868,10,206090
16303,0.002182,172.217.194.0-255,1484,143352,10,206090
16304,0.002207,172.217.194.0-255,2902,146254,10,206090
16305,0.002211,172.31.36.0-255,66,146320,10,206090
16306,0.002219,172.217.194.0-255,5738,152058,10,206090
16307,0.002221,172.31.36.0-255,66,152124,10,206090
16308,0.002231,172.217.194.0-255,2902,155026,10,206090
16309,0.002233,172.31.36.0-255,66,155092,10,206090
16310,0.002284,172.31.36.0-255,66,155158,10,206090
16311,0.002296,172.31.36.0-255,66,155224,10,206090
16312,0.002304,172.217.194.0-255,766,155990,10,206090
16313,0.002307,172.217.194.0-255,1484,157474,10,206090
16314,0.002311,172.217.194.0-255,4320,161794,10,206090
16315,0.002396,172.217.194.0-255,3602,165396,10,206090
16316,0.002414,172.31.36.0-255,66,165462,10,206090
16317,0.004755,172.217.194.0-255,5738,171200,10,206090
16318,0.004763,172.31.36.0-255,66,171266,10,206090
16319,0.007137,172.217.194.0-255,5738,177004,10,206090
16320,0.007145,172.31.36.0-255,66,177070,10,206090
16321,0.009517,172.217.194.0-255,5738,182808,10,206090
16322,0.009525,172.31.36.0-255,66,182874,10,206090
16323,0.011888,172.217.194.0-255,5738,188612,10,206090
16324,0.011896,172.31.36.0-255,66,188678,10,206090
16325,0.014265,172.217.194.0-255,5738,194416,10,206090
16326,0.014274,172.31.36.0-255,66,194482,10,206090
16327,0.016627,172.217.194.0-255,5738,200220,10,206090
16328,0.016636,172.31.36.0-255,66,200286,10,206090
16329,0.019007,172.217.194.0-255,5738,206024,10,206090
16330,0.019016,172.31.36.0-255,66,206090,10,206090
16331,0.0,74.125.24.0-255,153,153,10,205068
16332,2.6e-05,172.31.36.0-255,66,219,10,205068
16333,3.3e-05,74.125.24.0-255,1484,1703,10,205068
16334,3.7e-05,172.31.36.0-255,66,1769,10,205068
16335,5e-05,74.125.24.0-255,2902,4671,10,205068
16336,5.4e-05,172.31.36.0-255,66,4737,10,205068
16337,5.9e-05,74.125.24.0-255,2902,7639,10,205068
16338,6.1e-05,172.31.36.0-255,66,7705,10,205068
16339,0.0001,74.125.24.0-255,6305,14010,10,205068
16340,0.000104,172.31.36.0-255,66,14076,10,205068
16341,0.000139,74.125.24.0-255,7156,21232,10,205068
16342,0.000143,172.31.36.0-255,66,21298,10,205068
16343,0.000149,74.125.24.0-255,4320,25618,10,205068
16344,0.000151,172.31.36.0-255,66,25684,10,205068
16345,0.000185,74.125.24.0-255,5379,31063,10,205068
16346,0.000188,172.31.36.0-255,66,31129,10,205068
16347,0.000372,74.125.24.0-255,1484,32613,10,205068
16348,0.000378,172.31.36.0-255,66,32679,10,205068
16349,0.000397,74.125.24.0-255,2902,35581,10,205068
16350,0.000402,172.31.36.0-255,66,35647,10,205068
16351,0.000405,74.125.24.0-255,1484,37131,10,205068
16352,0.000407,172.31.36.0-255,66,37197,10,205068
16353,0.000413,74.125.24.0-255,2902,40099,10,205068
16354,0.000416,172.31.36.0-255,66,40165,10,205068
16355,0.000421,74.125.24.0-255,4320,44485,10,205068
16356,0.000423,172.31.36.0-255,66,44551,10,205068
16357,0.000436,74.125.24.0-255,1484,46035,10,205068
16358,0.00044,172.31.36.0-255,66,46101,10,205068
16359,0.000462,74.125.24.0-255,4320,50421,10,205068
16360,0.000466,172.31.36.0-255,66,50487,10,205068
16361,0.000494,74.125.24.0-255,5379,55866,10,205068
16362,0.000498,172.31.36.0-255,66,55932,10,205068
16363,0.000503,74.125.24.0-255,4320,60252,10,205068
16364,0.000506,172.31.36.0-255,66,60318,10,205068
16365,0.00054,74.125.24.0-255,5958,66276,10,205068
16366,0.000545,172.31.36.0-255,66,66342,10,205068
16367,0.001112,74.125.24.0-255,1484,67826,10,205068
16368,0.001124,74.125.24.0-255,2902,70728,10,205068
16369,0.001129,172.31.36.0-255,66,70794,10,205068
16370,0.001137,74.125.24.0-255,5738,76532,10,205068
16371,0.00114,172.31.36.0-255,66,76598,10,205068
16372,0.001162,172.31.36.0-255,66,76664,10,205068
16373,0.001191,74.125.24.0-255,2902,79566,10,205068
16374,0.001195,172.31.36.0-255,66,79632,10,205068
16375,0.001226,74.125.24.0-255,7156,86788,10,205068
16376,0.001229,172.31.36.0-255,66,86854,10,205068
16377,0.001233,74.125.24.0-255,766,87620,10,205068
16378,0.001374,74.125.24.0-255,1484,89104,10,205068
16379,0.001379,172.31.36.0-255,66,89170,10,205068
16380,0.001386,74.125.24.0-255,2902,92072,10,205068
16381,0.001389,172.31.36.0-255,66,92138,10,205068
16382,0.001421,74.125.24.0-255,5738,97876,10,205068
16383,0.001424,172.31.36.0-255,66,97942,10,205068
16384,0.001427,74.125.24.0-255,1484,99426,10,205068
16385,0.001455,172.31.36.0-255,66,99492,10,205068
16386,0.001466,74.125.24.0-255,1484,100976,10,205068
16387,0.001494,172.31.36.0-255,66,101042,10,205068
16388,0.001552,74.125.24.0-255,1484,102526,10,205068
16389,0.001555,74.125.24.0-255,1484,104010,10,205068
16390,0.001557,172.31.36.0-255,66,104076,10,205068
16391,0.001574,74.125.24.0-255,1484,105560,10,205068
16392,0.00158,74.125.24.0-255,4320,109880,10,205068
16393,0.001582,172.31.36.0-255,66,109946,10,205068
16394,0.001588,74.125.24.0-255,5738,115684,10,205068
16395,0.00159,172.31.36.0-255,66,115750,10,205068
16396,0.00162,74.125.24.0-255,2902,118652,10,205068
16397,0.001623,172.31.36.0-255,66,118718,10,205068
16398,0.001628,74.125.24.0-255,4320,123038,10,205068
16399,0.001646,172.31.36.0-255,66,123104,10,205068
16400,0.00168,172.31.36.0-255,66,123170,10,205068
16401,0.001684,74.125.24.0-255,1484,124654,10,205068
16402,0.001688,74.125.24.0-255,2902,127556,10,205068
16403,0.00169,172.31.36.0-255,66,127622,10,205068
16404,0.001729,74.125.24.0-255,5738,133360,10,205068
16405,0.001733,172.31.36.0-255,66,133426,10,205068
16406,0.001746,172.31.36.0-255,66,133492,10,205068
16407,0.001789,74.125.24.0-255,4320,137812,10,205068
16408,0.001793,172.31.36.0-255,66,137878,10,205068
16409,0.001834,172.31.36.0-255,66,137944,10,205068
16410,0.001853,172.31.36.0-255,66,138010,10,205068
16411,0.00187,172.31.36.0-255,66,138076,10,205068
16412,0.001899,74.125.24.0-255,5020,143096,10,205068
16413,0.001903,172.31.36.0-255,66,143162,10,205068
16414,0.001945,74.125.24.0-255,1484,144646,10,205068
16415,0.001962,74.125.24.0-255,2902,147548,10,205068
16416,0.001965,172.31.36.0-255,66,147614,10,205068
16417,0.001992,74.125.24.0-255,5738,153352,10,205068
16418,0.001995,172.31.36.0-255,66,153418,10,205068
16419,0.002048,172.31.36.0-255,66,153484,10,205068
16420,0.002078,74.125.24.0-255,7156,160640,10,205068
16421,0.002081,172.31.36.0-255,66,160706,10,205068
16422,0.002109,74.125.24.0-255,3602,164308,10,205068
16423,0.002112,172.31.36.0-255,66,164374,10,205068
16424,0.004385,74.125.24.0-255,1484,165858,10,205068
16425,0.004462,74.125.24.0-255,4320,170178,10,205068
16426,0.004467,172.31.36.0-255,66,170244,10,205068
16427,0.006804,74.125.24.0-255,5738,175982,10,205068
16428,0.006808,172.31.36.0-255,66,176048,10,205068
16429,0.00914,74.125.24.0-255,5738,181786,10,205068
16430,0.009147,172.31.36.0-255,66,181852,10,205068
16431,0.011487,74.125.24.0-255,5738,187590,10,205068
16432,0.011497,172.31.36.0-255,66,187656,10,205068
16433,0.013826,74.125.24.0-255,5738,193394,10,205068
16434,0.013834,172.31.36.0-255,66,193460,10,205068
16435,0.016163,74.125.24.0-255,5738,199198,10,205068
16436,0.016173,172.31.36.0-255,66,199264,10,205068
16437,0.018505,74.125.24.0-255,5738,205002,10,205068
16438,0.018512,172.31.36.0-255,66,205068,10,205068
16439,0.0,172.217.194.0-255,154,154,10,217462
16440,2.7e-05,172.31.36.0-255,66,220,10,217462
16441,3.4e-05,172.217.194.0-255,1484,1704,10,217462
16442,3.8e-05,172.31.36.0-255,66,1770,10,217462
16443,4.3e-05,172.217.194.0-255,2902,4672,10,217462
16444,4.6e-05,172.31.36.0-255,66,4738,10,217462
16445,5.4e-05,172.217.194.0-255,7156,11894,10,217462
16446,5.7e-05,172.31.36.0-255,66,11960,10,217462
16447,9.8e-05,172.31.36.0-255,66,12026,10,217462
16448,0.000175,172.217.194.0-255,2543,14569,10,217462
16449,0.000178,172.31.36.0-255,66,14635,10,217462
16450,0.000185,172.217.194.0-255,2902,17537,10,217462
16451,0.000186,172.31.36.0-255,66,17603,10,217462
16452,0.000209,172.217.194.0-255,7156,24759,10,217462
16453,0.000212,172.31.36.0-255,66,24825,10,217462
16454,0.000253,172.217.194.0-255,1484,26309,10,217462
16455,0.000256,172.31.36.0-255,66,26375,10,217462
16456,0.000278,172.217.194.0-255,5379,31754,10,217462
16457,0.000281,172.31.36.0-255,66,31820,10,217462
16458,0.000589,172.217.194.0-255,1484,33304,10,217462
16459,0.000593,172.31.36.0-255,66,33370,10,217462
16460,0.000599,172.217.194.0-255,2902,36272,10,217462
16461,0.000601,172.31.36.0-255,66,36338,10,217462
16462,0.000623,172.217.194.0-255,2902,39240,10,217462
16463,0.000626,172.31.36.0-255,66,39306,10,217462
16464,0.000647,172.217.194.0-255,2902,42208,10,217462
16465,0.000649,172.31.36.0-255,66,42274,10,217462
16466,0.000655,172.217.194.0-255,4320,46594,10,217462
16467,0.000657,172.31.36.0-255,66,46660,10,217462
16468,0.000679,172.217.194.0-255,3122,49782,10,217462
16469,0.000683,172.31.36.0-255,66,49848,10,217462
16470,0.000701,172.217.194.0-255,4320,54168,10,217462
16471,0.000704,172.31.36.0-255,66,54234,10,217462
16472,0.000722,172.217.194.0-255,2902,57136,10,217462
16473,0.000724,172.31.36.0-255,66,57202,10,217462
16474,0.000741,172.217.194.0-255,7156,64358,10,217462
16475,0.000743,172.31.36.0-255,66,64424,10,217462
16476,0.000791,172.217.194.0-255,2543,66967,10,217462
16477,0.000794,172.31.36.0-255,66,67033,10,217462
16478,0.000798,172.217.194.0-255,2902,69935,10,217462
16479,0.0008,172.31.36.0-255,66,70001,10,217462
16480,0.000807,172.217.194.0-255,7156,77157,10,217462
16481,0.000809,172.31.36.0-255,66,77223,10,217462
16482,0.00084,172.217.194.0-255,1484,78707,10,217462
16483,0.000855,172.217.194.0-255,5379,84086,10,217462
16484,0.000858,172.31.36.0-255,66,84152,10,217462
16485,0.001359,172.217.194.0-255,1484,85636,10,217462
16486,0.00137,172.217.194.0-255,2902,88538,10,217462
16487,0.001374,172.31.36.0-255,66,88604,10,217462
16488,0.00138,172.217.194.0-255,2902,91506,10,217462
16489,0.001382,172.31.36.0-255,66,91572,10,217462
16490,0.0014,172.217.194.0-255,2902,94474,10,217462
16491,0.001402,172.31.36.0-255,66,94540,10,217462
16492,0.001406,172.217.194.0-255,2902,97442,10,217462
16493,0.001408,172.31.36.0-255,66,97508,10,217462
16494,0.001412,172.217.194.0-255,1484,98992,10,217462
16495,0.001441,172.31.36.0-255,66,99058,10,217462
16496,0.001474,172.217.194.0-255,4320,103378,10,217462
16497,0.001477,172.31.36.0-255,66,103444,10,217462
16498,0.001502,172.217.194.0-255,6438,109882,10,217462
16499,0.001505,172.31.36.0-255,66,109948,10,217462
16500,0.001558,172.217.194.0-255,5738,115686,10,217462
16501,0.001563,172.31.36.0-255,66,115752,10,217462
16502,0.001593,172.217.194.0-255,7156,122908,10,217462
16503,0.001597,172.31.36.0-255,66,122974,10,217462
16504,0.001614,172.217.194.0-255,1484,124458,10,217462
16505,0.001638,172.31.36.0-255,66,124524,10,217462
16506,0.001712,172.217.194.0-255,2902,127426,10,217462
16507,0.001715,172.31.36.0-255,66,127492,10,217462
16508,0.001732,172.217.194.0-255,3602,131094,10,217462
16509,0.001735,172.31.36.0-255,66,131160,10,217462
16510,0.001739,172.217.194.0-255,2902,134062,10,217462
16511,0.001741,172.31.36.0-255,66,134128,10,217462
16512,0.001772,172.217.194.0-255,2902,137030,10,217462
16513,0.001774,172.31.36.0-255,66,137096,10,217462
16514,0.001796,172.31.36.0-255,66,137162,10,217462
16515,0.00184,172.31.36.0-255,66,137228,10,217462
16516,0.001876,172.31.36.0-255,66,137294,10,217462
16517,0.001941,172.217.194.0-255,2902,140196,10,217462
16518,0.001945,172.31.36.0-255,66,140262,10,217462
16519,0.00196,172.217.194.0-255,7156,147418,10,217462
16520,0.001962,172.31.36.0-255,66,147484,10,217462
16521,0.002006,172.217.194.0-255,7156,154640,10,217462
16522,0.002009,172.31.36.0-255,66,154706,10,217462
16523,0.00203,172.217.194.0-255,4320,159026,10,217462
16524,0.002033,172.31.36.0-255,66,159092,10,217462
16525,0.00208,172.217.194.0-255,2902,161994,10,217462
16526,0.002083,172.31.36.0-255,66,162060,10,217462
16527,0.002114,172.31.36.0-255,66,162126,10,217462
16528,0.002151,172.217.194.0-255,7156,169282,10,217462
16529,0.002155,172.31.36.0-255,66,169348,10,217462
16530,0.002176,172.217.194.0-255,5738,175086,10,217462
16531,0.002179,172.31.36.0-255,66,175152,10,217462
16532,0.002223,172.217.194.0-255,2902,178054,10,217462
16533,0.002226,172.31.36.0-255,66,178120,10,217462
16534,0.002276,172.31.36.0-255,66,178186,10,217462
16535,0.004553,172.217.194.0-255,5738,183924,10,217462
16536,0.004558,172.31.36.0-255,66,183990,10,217462
16537,0.006804,172.217.194.0-255,4320,188310,10,217462
16538,0.00681,172.31.36.0-255,66,188376,10,217462
16539,0.006829,172.217.194.0-255,1484,189860,10,217462
16540,0.009081,172.217.194.0-255,4320,194180,10,217462
16541,0.009088,172.31.36.0-255,66,194246,10,217462
16542,0.011361,172.217.194.0-255,5738,199984,10,217462
16543,0.011368,172.31.36.0-255,66,200050,10,217462
16544,0.013658,172.217.194.0-255,5738,205788,10,217462
16545,0.013665,172.31.36.0-255,66,205854,10,217462
16546,0.015956,172.217.194.0-255,5738,211592,10,217462
16547,0.015966,172.31.36.0-255,66,211658,10,217462
16548,0.01826,172.217.194.0-255,5738,217396,10,217462
16549,0.018268,172.31.36.0-255,66,217462,10,217462
16550,0.0,74.125.130.0-255,153,153,10,377752
16551,1.4e-05,172.31.36.0-255,66,219,10,377752
16552,3.2e-05,74.125.130.0-255,1484,1703,10,377752
16553,3.7e-05,172.31.36.0-255,66,1769,10,377752
16554,5.2e-05,74.125.130.0-255,2902,4671,10,377752
16555,5.5e-05,172.31.36.0-255,66,4737,10,377752
16556,8.9e-05,74.125.130.0-255,4320,9057,10,377752
16557,9.2e-05,172.31.36.0-255,66,9123,10,377752
16558,0.000118,74.125.130.0-255,1484,10607,10,377752
16559,0.00012,172.31.36.0-255,66,10673,10,377752
16560,0.000141,74.125.130.0-255,3469,14142,10,377752
16561,0.000144,172.31.36.0-255,66,14208,10,377752
16562,0.000258,74.125.130.0-255,1484,15692,10,377752
16563,0.000263,172.31.36.0-255,66,15758,10,377752
16564,0.000278,74.125.130.0-255,1484,17242,10,377752
16565,0.00028,172.31.36.0-255,66,17308,10,377752
16566,0.000312,74.125.130.0-255,1484,18792,10,377752
16567,0.000315,172.31.36.0-255,66,18858,10,377752
16568,0.000332,74.125.130.0-255,1484,20342,10,377752
16569,0.000335,172.31.36.0-255,66,20408,10,377752
16570,0.000339,74.125.130.0-255,1484,21892,10,377752
16571,0.000341,172.31.36.0-255,66,21958,10,377752
16572,0.000355,74.125.130.0-255,2902,24860,10,377752
16573,0.000358,172.31.36.0-255,66,24926,10,377752
16574,0.000377,74.125.130.0-255,1484,26410,10,377752
16575,0.000379,172.31.36.0-255,66,26476,10,377752
16576,0.000409,74.125.130.0-255,2902,29378,10,377752
16577,0.000411,172.31.36.0-255,66,29444,10,377752
16578,0.000445,74.125.130.0-255,2543,31987,10,377752
16579,0.000447,172.31.36.0-255,66,32053,10,377752
16580,0.000816,74.125.130.0-255,1484,33537,10,377752
16581,0.000821,172.31.36.0-255,66,33603,10,377752
16582,0.000827,74.125.130.0-255,1484,35087,10,377752
16583,0.000829,172.31.36.0-255,66,35153,10,377752
16584,0.000848,74.125.130.0-255,2902,38055,10,377752
16585,0.00085,172.31.36.0-255,66,38121,10,377752
16586,0.000883,74.125.130.0-255,5738,43859,10,377752
16587,0.000936,74.125.130.0-255,4320,48179,10,377752
16588,0.000957,74.125.130.0-255,2543,50722,10,377752
16589,0.000991,74.125.130.0-255,5738,56460,10,377752
16590,0.001034,74.125.130.0-255,2902,59362,10,377752
16591,0.001058,74.125.130.0-255,4320,63682,10,377752
16592,0.001082,74.125.130.0-255,2801,66483,10,377752
16593,0.001399,74.125.130.0-255,397,66880,10,377752
16594,0.001705,74.125.130.0-255,1484,68364,10,377752
16595,0.001721,74.125.130.0-255,2902,71266,10,377752
16596,0.001742,74.125.130.0-255,1484,72750,10,377752
16597,0.001755,74.125.130.0-255,1484,74234,10,377752
16598,0.001825,74.125.130.0-255,1484,75718,10,377752
16599,0.001829,74.125.130.0-255,2902,78620,10,377752
16600,0.001864,74.125.130.0-255,1484,80104,10,377752
16601,0.001878,172.31.36.0-255,66,80170,10,377752
16602,0.001889,74.125.130.0-255,2902,83072,10,377752
16603,0.001926,172.31.36.0-255,66,83138,10,377752
16604,0.001961,74.125.130.0-255,2902,86040,10,377752
16605,0.00199,172.31.36.0-255,66,86106,10,377752
16606,0.002009,74.125.130.0-255,1484,87590,10,377752
16607,0.002028,74.125.130.0-255,2902,90492,10,377752
16608,0.002031,74.125.130.0-255,1484,91976,10,377752
16609,0.002046,172.31.36.0-255,66,92042,10,377752
16610,0.002053,74.125.130.0-255,1484,93526,10,377752
16611,0.002082,74.125.130.0-255,2902,96428,10,377752
16612,0.002085,74.125.130.0-255,1484,97912,10,377752
16613,0.002098,172.31.36.0-255,66,97978,10,377752
16614,0.002105,74.125.130.0-255,1484,99462,10,377752
16615,0.00213,74.125.130.0-255,2184,101646,10,377752
16616,0.002143,172.31.36.0-255,66,101712,10,377752
16617,0.002539,74.125.130.0-255,1484,103196,10,377752
16618,0.002545,74.125.130.0-255,2902,106098,10,377752
16619,0.002549,172.31.36.0-255,66,106164,10,377752
16620,0.002554,74.125.130.0-255,2902,109066,10,377752
16621,0.002568,74.125.130.0-255,1484,110550,10,377752
16622,0.00257,74.125.130.0-255,1484,112034,10,377752
16623,0.002575,172.31.36.0-255,66,112100,10,377752
16624,0.002587,74.125.130.0-255,4320,116420,10,377752
16625,0.002605,74.125.130.0-255,2902,119322,10,377752
16626,0.002618,74.125.130.0-255,4320,123642,10,377752
16627,0.002621,172.31.36.0-255,66,123708,10,377752
16628,0.002627,172.31.36.0-255,66,123774,10,377752
16629,0.002644,74.125.130.0-255,4320,128094,10,377752
16630,0.00266,172.31.36.0-255,66,128160,10,377752
16631,0.002671,74.125.130.0-255,4320,132480,10,377752
16632,0.002685,74.125.130.0-255,3602,136082,10,377752
16633,0.0027,172.31.36.0-255,66,136148,10,377752
16634,0.002932,74.125.130.0-255,1484,137632,10,377752
16635,0.002951,74.125.130.0-255,2902,140534,10,377752
16636,0.002954,172.31.36.0-255,66,140600,10,377752
16637,0.002959,74.125.130.0-255,2902,143502,10,377752
16638,0.002967,172.31.36.0-255,66,143568,10,377752
16639,0.002977,74.125.130.0-255,2902,146470,10,377752
16640,0.002981,172.31.36.0-255,66,146536,10,377752
16641,0.003002,74.125.130.0-255,2902,149438,10,377752
16642,0.003012,74.125.130.0-255,1484,150922,10,377752
16643,0.003025,74.125.130.0-255,2902,153824,10,377752
16644,0.003035,172.31.36.0-255,66,153890,10,377752
16645,0.003064,74.125.130.0-255,4320,158210,10,377752
16646,0.00307,172.31.36.0-255,66,158276,10,377752
16647,0.003088,74.125.130.0-255,2184,160460,10,377752
16648,0.003107,172.31.36.0-255,66,160526,10,377752
16649,0.003436,74.125.130.0-255,1484,162010,10,377752
16650,0.00344,172.31.36.0-255,66,162076,10,377752
16651,0.003447,74.125.130.0-255,2902,164978,10,377752
16652,0.003459,74.125.130.0-255,1484,166462,10,377752
16653,0.00348,74.125.130.0-255,4320,170782,10,377752
16654,0.003482,74.125.130.0-255,1484,172266,10,377752
16655,0.003486,74.125.130.0-255,2902,175168,10,377752
16656,0.003496,74.125.130.0-255,1484,176652,10,377752
16657,0.00351,74.125.130.0-255,4320,180972,10,377752
16658,0.003513,74.125.130.0-255,1484,182456,10,377752
16659,0.00353,74.125.130.0-255,4320,186776,10,377752
16660,0.003533,74.125.130.0-255,1484,188260,10,377752
16661,0.003552,74.125.130.0-255,5738,193998,10,377752
16662,0.003576,74.125.130.0-255,4320,198318,10,377752
16663,0.003592,74.125.130.0-255,2184,200502,10,377752
16664,0.003596,74.125.130.0-255,2902,203404,10,377752
16665,0.003612,74.125.130.0-255,4320,207724,10,377752
16666,0.003629,74.125.130.0-255,2902,210626,10,377752
16667,0.003645,74.125.130.0-255,5738,216364,10,377752
16668,0.003656,74.125.130.0-255,1484,217848,10,377752
16669,0.00367,74.125.130.0-255,2902,220750,10,377752
16670,0.003682,74.125.130.0-255,5738,226488,10,377752
16671,0.003701,74.125.130.0-255,2184,228672,10,377752
16672,0.003705,74.125.130.0-255,2902,231574,10,377752
16673,0.003714,74.125.130.0-255,1484,233058,10,377752
16674,0.00373,74.125.130.0-255,5738,238796,10,377752
16675,0.003757,74.125.130.0-255,7156,245952,10,377752
16676,0.003763,74.125.130.0-255,5738,251690,10,377752
16677,0.003784,74.125.130.0-255,2902,254592,10,377752
16678,0.003819,74.125.130.0-255,1484,256076,10,377752
16679,0.003835,74.125.130.0-255,4320,260396,10,377752
16680,0.003855,74.125.130.0-255,2902,263298,10,377752
16681,0.003869,74.125.130.0-255,4320,267618,10,377752
16682,0.003874,74.125.130.0-255,4320,271938,10,377752
16683,0.00389,74.125.130.0-255,2902,274840,10,377752
16684,0.003892,74.125.130.0-255,1484,276324,10,377752
16685,0.003926,74.125.130.0-255,4320,280644,10,377752
16686,0.00394,74.125.130.0-255,2184,282828,10,377752
16687,0.003954,74.125.130.0-255,1484,284312,10,377752
16688,0.003971,74.125.130.0-255,5738,290050,10,377752
16689,0.003973,74.125.130.0-255,1484,291534,10,377752
16690,0.00399,74.125.130.0-255,2902,294436,10,377752
16691,0.003995,74.125.130.0-255,5738,300174,10,377752
16692,0.004019,74.125.130.0-255,4320,304494,10,377752
16693,0.004032,74.125.130.0-255,7156,311650,10,377752
16694,0.004036,74.125.130.0-255,2184,313834,10,377752
16695,0.004079,74.125.130.0-255,2902,316736,10,377752
16696,0.004101,74.125.130.0-255,1484,318220,10,377752
16697,0.004126,74.125.130.0-255,2902,321122,10,377752
16698,0.004138,74.125.130.0-255,4320,325442,10,377752
16699,0.004156,74.125.130.0-255,1484,326926,10,377752
16700,0.004161,74.125.130.0-255,5738,332664,10,377752
16701,0.004195,74.125.130.0-255,5738,338402,10,377752
16702,0.004206,74.125.130.0-255,766,339168,10,377752
16703,0.004227,74.125.130.0-255,7156,346324,10,377752
16704,0.00423,74.125.130.0-255,1484,347808,10,377752
16705,0.004234,74.125.130.0-255,2902,350710,10,377752
16706,0.004259,74.125.130.0-255,1484,352194,10,377752
16707,0.004273,74.125.130.0-255,4320,356514,10,377752
16708,0.004288,74.125.130.0-255,5738,362252,10,377752
16709,0.004306,74.125.130.0-255,7156,369408,10,377752
16710,0.004332,74.125.130.0-255,5738,375146,10,377752
16711,0.004361,74.125.130.0-255,2264,377410,10,377752
16712,0.004426,74.125.130.0-255,105,377515,10,377752
16713,0.006019,172.31.36.0-255,66,377581,10,377752
16714,0.010658,172.31.36.0-255,105,377686,10,377752
16715,0.012682,74.125.130.0-255,66,377752,10,377752
16716,0.0,74.125.24.0-255,155,155,10,167533
16717,1.5e-05,172.31.36.0-255,66,221,10,167533
16718,2.2e-05,74.125.24.0-255,1484,1705,10,167533
16719,2.6e-05,172.31.36.0-255,66,1771,10,167533
16720,4e-05,74.125.24.0-255,2902,4673,10,167533
16721,4.3e-05,172.31.36.0-255,66,4739,10,167533
16722,5e-05,74.125.24.0-255,5738,10477,10,167533
16723,5.2e-05,172.31.36.0-255,66,10543,10,167533
16724,9.6e-05,172.31.36.0-255,66,10609,10,167533
16725,0.000104,74.125.24.0-255,6797,17406,10,167533
16726,0.000106,172.31.36.0-255,66,17472,10,167533
16727,0.00019,74.125.24.0-255,1484,18956,10,167533
16728,0.000193,172.31.36.0-255,66,19022,10,167533
16729,0.000198,74.125.24.0-255,2902,21924,10,167533
16730,0.000199,172.31.36.0-255,66,21990,10,167533
16731,0.000202,74.125.24.0-255,1484,23474,10,167533
16732,0.000209,172.31.36.0-255,66,23540,10,167533
16733,0.000239,74.125.24.0-255,4320,27860,10,167533
16734,0.000242,172.31.36.0-255,66,27926,10,167533
16735,0.000249,74.125.24.0-255,6797,34723,10,167533
16736,0.000251,172.31.36.0-255,66,34789,10,167533
16737,0.000267,172.31.36.0-255,66,34855,10,167533
16738,0.000295,74.125.24.0-255,2819,37674,10,167533
16739,0.000297,172.31.36.0-255,66,37740,10,167533
16740,0.00032,74.125.24.0-255,379,38119,10,167533
16741,0.000322,172.31.36.0-255,66,38185,10,167533
16742,0.000461,74.125.24.0-255,1484,39669,10,167533
16743,0.000466,172.31.36.0-255,66,39735,10,167533
16744,0.000471,74.125.24.0-255,2902,42637,10,167533
16745,0.000474,172.31.36.0-255,66,42703,10,167533
16746,0.000502,74.125.24.0-255,4320,47023,10,167533
16747,0.000504,172.31.36.0-255,66,47089,10,167533
16748,0.000517,172.31.36.0-255,66,47155,10,167533
16749,0.000542,74.125.24.0-255,4320,51475,10,167533
16750,0.000545,172.31.36.0-255,66,51541,10,167533
16751,0.000579,172.31.36.0-255,66,51607,10,167533
16752,0.00068,74.125.24.0-255,1484,53091,10,167533
16753,0.000688,74.125.24.0-255,2902,55993,10,167533
16754,0.000691,172.31.36.0-255,66,56059,10,167533
16755,0.000703,74.125.24.0-255,1484,57543,10,167533
16756,0.000719,74.125.24.0-255,4320,61863,10,167533
16757,0.000722,172.31.36.0-255,66,61929,10,167533
16758,0.000767,172.31.36.0-255,66,61995,10,167533
16759,0.000779,172.31.36.0-255,66,62061,10,167533
16760,0.000807,74.125.24.0-255,5020,67081,10,167533
16761,0.00081,172.31.36.0-255,66,67147,10,167533
16762,0.000821,172.31.36.0-255,66,67213,10,167533
16763,0.000866,172.31.36.0-255,66,67279,10,167533
16764,0.000888,74.125.24.0-255,3602,70881,10,167533
16765,0.00089,172.31.36.0-255,66,70947,10,167533
16766,0.000983,74.125.24.0-255,1484,72431,10,167533
16767,0.000989,74.125.24.0-255,2902,75333,10,167533
16768,0.000991,74.125.24.0-255,1484,76817,10,167533
16769,0.000997,172.31.36.0-255,66,76883,10,167533
16770,0.001014,74.125.24.0-255,4320,81203,10,167533
16771,0.001017,172.31.36.0-255,66,81269,10,167533
16772,0.001024,74.125.24.0-255,5738,87007,10,167533
16773,0.001026,172.31.36.0-255,66,87073,10,167533
16774,0.001053,74.125.24.0-255,7156,94229,10,167533
16775,0.001056,172.31.36.0-255,66,94295,10,167533
16776,0.00107,172.31.36.0-255,66,94361,10,167533
16777,0.00117,74.125.24.0-255,1484,95845,10,167533
16778,0.001176,74.125.24.0-255,2902,98747,10,167533
16779,0.001179,172.31.36.0-255,66,98813,10,167533
16780,0.001208,74.125.24.0-255,2902,101715,10,167533
16781,0.001211,172.31.36.0-255,66,101781,10,167533
16782,0.001239,74.125.24.0-255,4320,106101,10,167533
16783,0.001242,172.31.36.0-255,66,106167,10,167533
16784,0.001246,74.125.24.0-255,1484,107651,10,167533
16785,0.001275,74.125.24.0-255,7156,114807,10,167533
16786,0.001278,172.31.36.0-255,66,114873,10,167533
16787,0.001304,172.31.36.0-255,66,114939,10,167533
16788,0.001311,74.125.24.0-255,3602,118541,10,167533
16789,0.001314,172.31.36.0-255,66,118607,10,167533
16790,0.001394,74.125.24.0-255,1484,120091,10,167533
16791,0.0014,74.125.24.0-255,2902,122993,10,167533
16792,0.001403,172.31.36.0-255,66,123059,10,167533
16793,0.001428,74.125.24.0-255,5738,128797,10,167533
16794,0.001432,172.31.36.0-255,66,128863,10,167533
16795,0.001474,172.31.36.0-255,66,128929,10,167533
16796,0.001478,74.125.24.0-255,2902,131831,10,167533
16797,0.001481,172.31.36.0-255,66,131897,10,167533
16798,0.001522,172.31.36.0-255,66,131963,10,167533
16799,0.001609,74.125.24.0-255,1484,133447,10,167533
16800,0.001615,74.125.24.0-255,2902,136349,10,167533
16801,0.001617,172.31.36.0-255,66,136415,10,167533
16802,0.00165,74.125.24.0-255,5738,142153,10,167533
16803,0.001654,172.31.36.0-255,66,142219,10,167533
16804,0.001672,172.31.36.0-255,66,142285,10,167533
16805,0.001708,74.125.24.0-255,2902,145187,10,167533
16806,0.00171,172.31.36.0-255,66,145253,10,167533
16807,0.001746,172.31.36.0-255,66,145319,10,167533
16808,0.00176,172.31.36.0-255,66,145385,10,167533
16809,0.001779,172.31.36.0-255,66,145451,10,167533
16810,0.001803,74.125.24.0-255,4320,149771,10,167533
16811,0.001805,172.31.36.0-255,66,149837,10,167533
16812,0.001819,172.31.36.0-255,66,149903,10,167533
16813,0.00185,74.125.24.0-255,6438,156341,10,167533
16814,0.001853,172.31.36.0-255,66,156407,10,167533
16815,0.001866,172.31.36.0-255,66,156473,10,167533
16816,0.001871,74.125.24.0-255,4320,160793,10,167533
16817,0.001873,172.31.36.0-255,66,160859,10,167533
16818,0.001888,74.125.24.0-255,5738,166597,10,167533
16819,0.001891,172.31.36.0-255,66,166663,10,167533
16820,0.001936,172.31.36.0-255,66,166729,10,167533
16821,0.001996,172.31.36.0-255,66,166795,10,167533
16822,0.00203,172.31.36.0-255,66,166861,10,167533
16823,0.002032,74.125.24.0-255,330,167191,10,167533
16824,0.003991,74.125.24.0-255,105,167296,10,167533
16825,0.008443,172.31.36.0-255,66,167362,10,167533
16826,0.008484,172.31.36.0-255,105,167467,10,167533
16827,0.010416,74.125.24.0-255,66,167533,10,167533
16828,0.0,74.125.24.0-255,299,299,10,201672
16829,2.4e-05,172.31.36.0-255,66,365,10,201672
16830,3e-05,74.125.24.0-255,1484,1849,10,201672
16831,3.5e-05,172.31.36.0-255,66,1915,10,201672
16832,4.3e-05,74.125.24.0-255,4320,6235,10,201672
16833,4.6e-05,172.31.36.0-255,66,6301,10,201672
16834,5.8e-05,172.31.36.0-255,66,6367,10,201672
16835,9.1e-05,172.31.36.0-255,66,6433,10,201672
16836,9.4e-05,74.125.24.0-255,1484,7917,10,201672
16837,9.6e-05,172.31.36.0-255,66,7983,10,201672
16838,0.000123,172.31.36.0-255,66,8049,10,201672
16839,0.000134,172.31.36.0-255,66,8115,10,201672
16840,0.000151,74.125.24.0-255,2902,11017,10,201672
16841,0.000153,172.31.36.0-255,66,11083,10,201672
16842,0.000156,74.125.24.0-255,766,11849,10,201672
16843,0.000157,172.31.36.0-255,66,11915,10,201672
16844,0.000183,74.125.24.0-255,1484,13399,10,201672
16845,0.000185,172.31.36.0-255,66,13465,10,201672
16846,0.000189,74.125.24.0-255,1484,14949,10,201672
16847,0.000191,172.31.36.0-255,66,15015,10,201672
16848,0.000195,74.125.24.0-255,1484,16499,10,201672
16849,0.000197,172.31.36.0-255,66,16565,10,201672
16850,0.000222,74.125.24.0-255,2902,19467,10,201672
16851,0.000225,172.31.36.0-255,66,19533,10,201672
16852,0.000235,172.31.36.0-255,66,19599,10,201672
16853,0.000247,74.125.24.0-255,1433,21032,10,201672
16854,0.000249,172.31.36.0-255,66,21098,10,201672
16855,0.000252,74.125.24.0-255,109,21207,10,201672
16856,0.000291,74.125.24.0-255,1484,22691,10,201672
16857,0.000304,74.125.24.0-255,2902,25593,10,201672
16858,0.000324,74.125.24.0-255,5738,31331,10,201672
16859,0.000368,74.125.24.0-255,6797,38128,10,201672
16860,0.000441,74.125.24.0-255,1484,39612,10,201672
16861,0.000458,74.125.24.0-255,2902,42514,10,201672
16862,0.000478,74.125.24.0-255,5738,48252,10,201672
16863,0.000499,74.125.24.0-255,2902,51154,10,201672
16864,0.000514,74.125.24.0-255,4231,55385,10,201672
16865,0.000607,172.31.36.0-255,66,55451,10,201672
16866,0.000663,74.125.24.0-255,1484,56935,10,201672
16867,0.000668,74.125.24.0-255,2902,59837,10,201672
16868,0.000674,74.125.24.0-255,4320,64157,10,201672
16869,0.000682,172.31.36.0-255,66,64223,10,201672
16870,0.000689,74.125.24.0-255,1484,65707,10,201672
16871,0.000702,74.125.24.0-255,4320,70027,10,201672
16872,0.000744,172.31.36.0-255,66,70093,10,201672
16873,0.000761,74.125.24.0-255,5738,75831,10,201672
16874,0.000779,74.125.24.0-255,5020,80851,10,201672
16875,0.000797,172.31.36.0-255,66,80917,10,201672
16876,0.001233,74.125.24.0-255,1484,82401,10,201672
16877,0.00124,74.125.24.0-255,2902,85303,10,201672
16878,0.001243,172.31.36.0-255,66,85369,10,201672
16879,0.00127,74.125.24.0-255,5738,91107,10,201672
16880,0.001291,74.125.24.0-255,4320,95427,10,201672
16881,0.001297,74.125.24.0-255,5738,101165,10,201672
16882,0.0013,74.125.24.0-255,1484,102649,10,201672
16883,0.001308,172.31.36.0-255,66,102715,10,201672
16884,0.001338,74.125.24.0-255,1484,104199,10,201672
16885,0.001344,172.31.36.0-255,66,104265,10,201672
16886,0.001353,74.125.24.0-255,766,105031,10,201672
16887,0.001947,74.125.24.0-255,1484,106515,10,201672
16888,0.001952,172.31.36.0-255,66,106581,10,201672
16889,0.001957,74.125.24.0-255,2902,109483,10,201672
16890,0.001979,74.125.24.0-255,2902,112385,10,201672
16891,0.001987,172.31.36.0-255,66,112451,10,201672
16892,0.001998,74.125.24.0-255,2902,115353,10,201672
16893,0.002001,74.125.24.0-255,1484,116837,10,201672
16894,0.002015,74.125.24.0-255,2902,119739,10,201672
16895,0.002032,74.125.24.0-255,5738,125477,10,201672
16896,0.002039,172.31.36.0-255,66,125543,10,201672
16897,0.002049,74.125.24.0-255,4320,129863,10,201672
16898,0.002053,172.31.36.0-255,66,129929,10,201672
16899,0.00208,74.125.24.0-255,766,130695,10,201672
16900,0.002094,172.31.36.0-255,66,130761,10,201672
16901,0.002099,74.125.24.0-255,2902,133663,10,201672
16902,0.002103,172.31.36.0-255,66,133729,10,201672
16903,0.002112,74.125.24.0-255,2902,136631,10,201672
16904,0.002138,74.125.24.0-255,5738,142369,10,201672
16905,0.002147,172.31.36.0-255,66,142435,10,201672
16906,0.002161,74.125.24.0-255,1484,143919,10,201672
16907,0.002178,172.31.36.0-255,66,143985,10,201672
16908,0.002201,74.125.24.0-255,5738,149723,10,201672
16909,0.002211,172.31.36.0-255,66,149789,10,201672
16910,0.002223,74.125.24.0-255,6438,156227,10,201672
16911,0.002228,172.31.36.0-255,66,156293,10,201672
16912,0.002275,74.125.24.0-255,1484,157777,10,201672
16913,0.002279,74.125.24.0-255,1484,159261,10,201672
16914,0.002295,74.125.24.0-255,1484,160745,10,201672
16915,0.002306,172.31.36.0-255,66,160811,10,201672
16916,0.002978,172.31.36.0-255,101,160912,10,201672
16917,0.004473,74.125.24.0-255,1484,162396,10,201672
16918,0.004565,74.125.24.0-255,4320,166716,10,201672
16919,0.00457,172.31.36.0-255,66,166782,10,201672
16920,0.005206,74.125.24.0-255,66,166848,10,201672
16921,0.006815,74.125.24.0-255,5738,172586,10,201672
16922,0.006822,172.31.36.0-255,66,172652,10,201672
16923,0.009139,74.125.24.0-255,5738,178390,10,201672
16924,0.009155,172.31.36.0-255,66,178456,10,201672
16925,0.011443,74.125.24.0-255,5738,184194,10,201672
16926,0.012763,172.31.36.0-255,66,184260,10,201672
16927,0.015018,74.125.24.0-255,5738,189998,10,201672
16928,0.015024,172.31.36.0-255,66,190064,10,201672
16929,0.017305,74.125.24.0-255,5738,195802,10,201672
16930,0.017322,172.31.36.0-255,66,195868,10,201672
16931,0.019575,74.125.24.0-255,5738,201606,10,201672
16932,0.019584,172.31.36.0-255,66,201672,10,201672
16933,0.0,74.125.68.0-255,151,151,10,152138
16934,2.6e-05,172.31.36.0-255,66,217,10,152138
16935,3.2e-05,74.125.68.0-255,1484,1701,10,152138
16936,3.7e-05,172.31.36.0-255,66,1767,10,152138
16937,4e-05,74.125.68.0-255,1484,3251,10,152138
16938,4.2e-05,172.31.36.0-255,66,3317,10,152138
16939,6.7e-05,74.125.68.0-255,1484,4801,10,152138
16940,6.9e-05,172.31.36.0-255,66,4867,10,152138
16941,7.7e-05,74.125.68.0-255,7156,12023,10,152138
16942,7.9e-05,172.31.36.0-255,66,12089,10,152138
16943,8.3e-05,74.125.68.0-255,2049,14138,10,152138
16944,8.4e-05,172.31.36.0-255,66,14204,10,152138
16945,0.000163,74.125.68.0-255,1484,15688,10,152138
16946,0.000169,172.31.36.0-255,66,15754,10,152138
16947,0.000181,74.125.68.0-255,2902,18656,10,152138
16948,0.000184,172.31.36.0-255,66,18722,10,152138
16949,0.000189,74.125.68.0-255,2902,21624,10,152138
16950,0.000191,172.31.36.0-255,66,21690,10,152138
16951,0.000213,74.125.68.0-255,1484,23174,10,152138
16952,0.000215,172.31.36.0-255,66,23240,10,152138
16953,0.000244,74.125.68.0-255,4320,27560,10,152138
16954,0.000247,172.31.36.0-255,66,27626,10,152138
16955,0.000267,74.125.68.0-255,3961,31587,10,152138
16956,0.00027,172.31.36.0-255,66,31653,10,152138
16957,0.000321,74.125.68.0-255,1484,33137,10,152138
16958,0.000325,172.31.36.0-255,66,33203,10,152138
16959,0.000329,74.125.68.0-255,1484,34687,10,152138
16960,0.000331,172.31.36.0-255,66,34753,10,152138
16961,0.000345,74.125.68.0-255,1484,36237,10,152138
16962,0.00035,172.31.36.0-255,66,36303,10,152138
16963,0.00035,74.125.68.0-255,4320,40623,10,152138
16964,0.000355,172.31.36.0-255,66,40689,10,152138
16965,0.000366,74.125.68.0-255,1484,42173,10,152138
16966,0.00038,74.125.68.0-255,2902,45075,10,152138
16967,0.000383,172.31.36.0-255,66,45141,10,152138
16968,0.000404,74.125.68.0-255,5379,50520,10,152138
16969,0.000407,172.31.36.0-255,66,50586,10,152138
16970,0.000416,74.125.68.0-255,7156,57742,10,152138
16971,0.000419,172.31.36.0-255,66,57808,10,152138
16972,0.000432,74.125.68.0-255,1484,59292,10,152138
16973,0.000438,74.125.68.0-255,4320,63612,10,152138
16974,0.000442,172.31.36.0-255,66,63678,10,152138
16975,0.000462,74.125.68.0-255,2854,66532,10,152138
16976,0.000465,172.31.36.0-255,66,66598,10,152138
16977,0.000752,74.125.68.0-255,109,66707,10,152138
16978,0.000816,172.31.36.0-255,66,66773,10,152138
16979,0.00082,74.125.68.0-255,332,67105,10,152138
16980,0.000834,172.31.36.0-255,66,67171,10,152138
16981,0.000998,74.125.68.0-255,1484,68655,10,152138
16982,0.001027,74.125.68.0-255,2902,71557,10,152138
16983,0.001032,172.31.36.0-255,66,71623,10,152138
16984,0.001055,74.125.68.0-255,5738,77361,10,152138
16985,0.001059,172.31.36.0-255,66,77427,10,152138
16986,0.001131,172.31.36.0-255,66,77493,10,152138
16987,0.001143,172.31.36.0-255,66,77559,10,152138
16988,0.001147,74.125.68.0-255,2184,79743,10,152138
16989,0.001149,172.31.36.0-255,66,79809,10,152138
16990,0.001217,74.125.68.0-255,1484,81293,10,152138
16991,0.001223,74.125.68.0-255,2902,84195,10,152138
16992,0.001227,172.31.36.0-255,66,84261,10,152138
16993,0.001234,74.125.68.0-255,4320,88581,10,152138
16994,0.001236,172.31.36.0-255,66,88647,10,152138
16995,0.001241,74.125.68.0-255,4320,92967,10,152138
16996,0.001243,172.31.36.0-255,66,93033,10,152138
16997,0.001273,74.125.68.0-255,1484,94517,10,152138
16998,0.001282,74.125.68.0-255,7156,101673,10,152138
16999,0.001285,172.31.36.0-255,66,101739,10,152138
17000,0.001296,172.31.36.0-255,66,101805,10,152138
17001,0.001301,74.125.68.0-255,3602,105407,10,152138
17002,0.001304,172.31.36.0-255,66,105473,10,152138
17003,0.001608,172.31.36.0-255,101,105574,10,152138
17004,0.003618,74.125.68.0-255,1484,107058,10,152138
17005,0.003637,74.125.68.0-255,4320,111378,10,152138
17006,0.003641,172.31.36.0-255,66,111444,10,152138
17007,0.003855,74.125.68.0-255,66,111510,10,152138
17008,0.005931,74.125.68.0-255,5738,117248,10,152138
17009,0.005935,172.31.36.0-255,66,117314,10,152138
17010,0.008218,74.125.68.0-255,5738,123052,10,152138
17011,0.008225,172.31.36.0-255,66,123118,10,152138
17012,0.010519,74.125.68.0-255,5738,128856,10,152138
17013,0.010527,172.31.36.0-255,66,128922,10,152138
17014,0.012856,74.125.68.0-255,5738,134660,10,152138
17015,0.012864,172.31.36.0-255,66,134726,10,152138
17016,0.015155,74.125.68.0-255,5738,140464,10,152138
17017,0.015164,172.31.36.0-255,66,140530,10,152138
17018,0.017462,74.125.68.0-255,5738,146268,10,152138
17019,0.017471,172.31.36.0-255,66,146334,10,152138
17020,0.019776,74.125.68.0-255,5738,152072,10,152138
17021,0.019787,172.31.36.0-255,66,152138,10,152138
17022,0.0,172.217.194.0-255,152,152,10,137023
17023,3.4e-05,172.31.36.0-255,66,218,10,137023
17024,4.1e-05,172.217.194.0-255,1484,1702,10,137023
17025,4.5e-05,172.31.36.0-255,66,1768,10,137023
17026,5.8e-05,172.217.194.0-255,2902,4670,10,137023
17027,6e-05,172.31.36.0-255,66,4736,10,137023
17028,6.8e-05,172.217.194.0-255,7156,11892,10,137023
17029,7e-05,172.31.36.0-255,66,11958,10,137023
17030,8e-05,172.31.36.0-255,66,12024,10,137023
17031,0.000124,172.31.36.0-255,66,12090,10,137023
17032,0.000128,172.217.194.0-255,2543,14633,10,137023
17033,0.00013,172.31.36.0-255,66,14699,10,137023
17034,0.000133,172.217.194.0-255,1484,16183,10,137023
17035,0.000135,172.31.36.0-255,66,16249,10,137023
17036,0.000139,172.217.194.0-255,2902,19151,10,137023
17037,0.000141,172.31.36.0-255,66,19217,10,137023
17038,0.000146,172.217.194.0-255,2902,22119,10,137023
17039,0.000149,172.31.36.0-255,66,22185,10,137023
17040,0.000189,172.217.194.0-255,2902,25087,10,137023
17041,0.000193,172.31.36.0-255,66,25153,10,137023
17042,0.000213,172.31.36.0-255,66,25219,10,137023
17043,0.000226,172.31.36.0-255,66,25285,10,137023
17044,0.000229,172.217.194.0-255,393,25678,10,137023
17045,0.00023,172.31.36.0-255,66,25744,10,137023
17046,0.000336,172.217.194.0-255,382,26126,10,137023
17047,0.000341,172.31.36.0-255,66,26192,10,137023
17048,0.000523,172.217.194.0-255,1484,27676,10,137023
17049,0.000528,172.31.36.0-255,66,27742,10,137023
17050,0.000534,172.217.194.0-255,2902,30644,10,137023
17051,0.000536,172.217.194.0-255,1484,32128,10,137023
17052,0.000538,172.31.36.0-255,66,32194,10,137023
17053,0.000571,172.217.194.0-255,4320,36514,10,137023
17054,0.000575,172.31.36.0-255,66,36580,10,137023
17055,0.000588,172.31.36.0-255,66,36646,10,137023
17056,0.000626,172.217.194.0-255,2543,39189,10,137023
17057,0.00063,172.31.36.0-255,66,39255,10,137023
17058,0.000648,172.31.36.0-255,66,39321,10,137023
17059,0.001585,172.217.194.0-255,1484,40805,10,137023
17060,0.001597,172.217.194.0-255,2902,43707,10,137023
17061,0.001602,172.31.36.0-255,66,43773,10,137023
17062,0.001608,172.217.194.0-255,2902,46675,10,137023
17063,0.00161,172.31.36.0-255,66,46741,10,137023
17064,0.001635,172.217.194.0-255,2902,49643,10,137023
17065,0.001638,172.31.36.0-255,66,49709,10,137023
17066,0.001657,172.31.36.0-255,66,49775,10,137023
17067,0.001663,172.217.194.0-255,5738,55513,10,137023
17068,0.001665,172.31.36.0-255,66,55579,10,137023
17069,0.001695,172.217.194.0-255,5020,60599,10,137023
17070,0.001703,172.31.36.0-255,66,60665,10,137023
17071,0.001809,172.217.194.0-255,1484,62149,10,137023
17072,0.001815,172.217.194.0-255,2902,65051,10,137023
17073,0.001818,172.31.36.0-255,66,65117,10,137023
17074,0.001822,172.217.194.0-255,1484,66601,10,137023
17075,0.001847,172.217.194.0-255,4320,70921,10,137023
17076,0.00185,172.31.36.0-255,66,70987,10,137023
17077,0.001854,172.217.194.0-255,1484,72471,10,137023
17078,0.00189,172.31.36.0-255,66,72537,10,137023
17079,0.0019,172.31.36.0-255,66,72603,10,137023
17080,0.001928,172.217.194.0-255,2184,74787,10,137023
17081,0.00193,172.31.36.0-255,66,74853,10,137023
17082,0.001988,172.217.194.0-255,2902,77755,10,137023
17083,0.001991,172.31.36.0-255,66,77821,10,137023
17084,0.001998,172.217.194.0-255,7156,84977,10,137023
17085,0.002,172.31.36.0-255,66,85043,10,137023
17086,0.002015,172.31.36.0-255,66,85109,10,137023
17087,0.002031,172.31.36.0-255,66,85175,10,137023
17088,0.002041,172.31.36.0-255,66,85241,10,137023
17089,0.002055,172.217.194.0-255,5738,90979,10,137023
17090,0.002057,172.31.36.0-255,66,91045,10,137023
17091,0.002098,172.31.36.0-255,66,91111,10,137023
17092,0.002139,172.31.36.0-255,66,91177,10,137023
17093,0.002162,172.31.36.0-255,66,91243,10,137023
17094,0.002165,172.217.194.0-255,1484,92727,10,137023
17095,0.002192,172.217.194.0-255,3602,96329,10,137023
17096,0.002195,172.31.36.0-255,66,96395,10,137023
17097,0.004536,172.217.194.0-255,5738,102133,10,137023
17098,0.004541,172.31.36.0-255,66,102199,10,137023
17099,0.006933,172.217.194.0-255,5738,107937,10,137023
17100,0.00694,172.31.36.0-255,66,108003,10,137023
17101,0.009317,172.217.194.0-255,5738,113741,10,137023
17102,0.009324,172.31.36.0-255,66,113807,10,137023
17103,0.011724,172.217.194.0-255,5738,119545,10,137023
17104,0.011732,172.31.36.0-255,66,119611,10,137023
17105,0.014098,172.217.194.0-255,5738,125349,10,137023
17106,0.014108,172.31.36.0-255,66,125415,10,137023
17107,0.016496,172.217.194.0-255,5738,131153,10,137023
17108,0.016503,172.31.36.0-255,66,131219,10,137023
17109,0.018876,172.217.194.0-255,5738,136957,10,137023
17110,0.018883,172.31.36.0-255,66,137023,10,137023
17111,0.0,74.125.24.0-255,146,146,10,117953
17112,2.4e-05,172.31.36.0-255,66,212,10,117953
17113,3.2e-05,74.125.24.0-255,1484,1696,10,117953
17114,3.7e-05,172.31.36.0-255,66,1762,10,117953
17115,4.3e-05,74.125.24.0-255,2902,4664,10,117953
17116,4.7e-05,172.31.36.0-255,66,4730,10,117953
17117,5.5e-05,74.125.24.0-255,7156,11886,10,117953
17118,5.8e-05,172.31.36.0-255,66,11952,10,117953
17119,6.1e-05,74.125.24.0-255,1484,13436,10,117953
17120,6.3e-05,172.31.36.0-255,66,13502,10,117953
17121,6.8e-05,74.125.24.0-255,2000,15502,10,117953
17122,7e-05,172.31.36.0-255,66,15568,10,117953
17123,7.6e-05,74.125.24.0-255,4320,19888,10,117953
17124,7.9e-05,172.31.36.0-255,66,19954,10,117953
17125,0.000109,74.125.24.0-255,1484,21438,10,117953
17126,0.000111,172.31.36.0-255,66,21504,10,117953
17127,0.000123,172.31.36.0-255,66,21570,10,117953
17128,0.000136,74.125.24.0-255,1125,22695,10,117953
17129,0.000138,172.31.36.0-255,66,22761,10,117953
17130,0.000233,74.125.24.0-255,1484,24245,10,117953
17131,0.000237,172.31.36.0-255,66,24311,10,117953
17132,0.000242,74.125.24.0-255,2902,27213,10,117953
17133,0.000244,172.31.36.0-255,66,27279,10,117953
17134,0.000249,74.125.24.0-255,2902,30181,10,117953
17135,0.000251,172.31.36.0-255,66,30247,10,117953
17136,0.000269,74.125.24.0-255,2902,33149,10,117953
17137,0.000272,172.31.36.0-255,66,33215,10,117953
17138,0.000285,172.31.36.0-255,66,33281,10,117953
17139,0.000307,74.125.24.0-255,4320,37601,10,117953
17140,0.00031,172.31.36.0-255,66,37667,10,117953
17141,0.000337,172.31.36.0-255,66,37733,10,117953
17142,0.00034,74.125.24.0-255,109,37842,10,117953
17143,0.000358,74.125.24.0-255,331,38173,10,117953
17144,0.000744,74.125.24.0-255,1484,39657,10,117953
17145,0.00075,172.31.36.0-255,66,39723,10,117953
17146,0.000756,74.125.24.0-255,2902,42625,10,117953
17147,0.000758,172.31.36.0-255,66,42691,10,117953
17148,0.000765,74.125.24.0-255,5738,48429,10,117953
17149,0.000767,172.31.36.0-255,66,48495,10,117953
17150,0.000808,172.31.36.0-255,66,48561,10,117953
17151,0.000822,172.31.36.0-255,66,48627,10,117953
17152,0.000844,74.125.24.0-255,2184,50811,10,117953
17153,0.000847,172.31.36.0-255,66,50877,10,117953
17154,0.001494,74.125.24.0-255,1484,52361,10,117953
17155,0.001503,74.125.24.0-255,2902,55263,10,117953
17156,0.001507,172.31.36.0-255,66,55329,10,117953
17157,0.001515,74.125.24.0-255,5738,61067,10,117953
17158,0.001517,172.31.36.0-255,66,61133,10,117953
17159,0.001522,74.125.24.0-255,2902,64035,10,117953
17160,0.001524,172.31.36.0-255,66,64101,10,117953
17161,0.001562,172.31.36.0-255,66,64167,10,117953
17162,0.00159,74.125.24.0-255,1484,65651,10,117953
17163,0.001613,172.31.36.0-255,66,65717,10,117953
17164,0.003568,74.125.24.0-255,5738,71455,10,117953
17165,0.003575,172.31.36.0-255,66,71521,10,117953
17166,0.005564,74.125.24.0-255,5738,77259,10,117953
17167,0.005567,172.31.36.0-255,66,77325,10,117953
17168,0.007525,74.125.24.0-255,5738,83063,10,117953
17169,0.007531,172.31.36.0-255,66,83129,10,117953
17170,0.009518,74.125.24.0-255,5738,88867,10,117953
17171,0.009526,172.31.36.0-255,66,88933,10,117953
17172,0.011525,74.125.24.0-255,5738,94671,10,117953
17173,0.011533,172.31.36.0-255,66,94737,10,117953
17174,0.01349,74.125.24.0-255,5738,100475,10,117953
17175,0.013497,172.31.36.0-255,66,100541,10,117953
17176,0.015458,74.125.24.0-255,5738,106279,10,117953
17177,0.015465,172.31.36.0-255,66,106345,10,117953
17178,0.017443,74.125.24.0-255,5738,112083,10,117953
17179,0.017453,172.31.36.0-255,66,112149,10,117953
17180,0.019494,74.125.24.0-255,5738,117887,10,117953
17181,0.019505,172.31.36.0-255,66,117953,10,117953
17182,0.0,74.125.24.0-255,153,153,10,177434
17183,2.6e-05,172.31.36.0-255,66,219,10,177434
17184,3.2e-05,74.125.24.0-255,1484,1703,10,177434
17185,3.6e-05,172.31.36.0-255,66,1769,10,177434
17186,4.2e-05,74.125.24.0-255,2902,4671,10,177434
17187,5.1e-05,172.31.36.0-255,66,4737,10,177434
17188,6e-05,74.125.24.0-255,7156,11893,10,177434
17189,6.3e-05,172.31.36.0-255,66,11959,10,177434
17190,0.000106,172.31.36.0-255,66,12025,10,177434
17191,0.000142,172.31.36.0-255,66,12091,10,177434
17192,0.00015,74.125.24.0-255,7156,19247,10,177434
17193,0.000152,172.31.36.0-255,66,19313,10,177434
17194,0.000175,74.125.24.0-255,1484,20797,10,177434
17195,0.000178,172.31.36.0-255,66,20863,10,177434
17196,0.000195,172.31.36.0-255,66,20929,10,177434
17197,0.000233,74.125.24.0-255,1484,22413,10,177434
17198,0.000236,172.31.36.0-255,66,22479,10,177434
17199,0.00024,74.125.24.0-255,2902,25381,10,177434
17200,0.000243,172.31.36.0-255,66,25447,10,177434
17201,0.000265,74.125.24.0-255,5738,31185,10,177434
17202,0.000267,172.31.36.0-255,66,31251,10,177434
17203,0.000275,74.125.24.0-255,2902,34153,10,177434
17204,0.000277,172.31.36.0-255,66,34219,10,177434
17205,0.000311,74.125.24.0-255,4287,38506,10,177434
17206,0.000315,172.31.36.0-255,66,38572,10,177434
17207,0.000436,74.125.24.0-255,117,38689,10,177434
17208,0.000441,172.31.36.0-255,66,38755,10,177434
17209,0.000489,74.125.24.0-255,332,39087,10,177434
17210,0.000492,172.31.36.0-255,66,39153,10,177434
17211,0.000716,74.125.24.0-255,1484,40637,10,177434
17212,0.000732,74.125.24.0-255,2902,43539,10,177434
17213,0.000736,74.125.24.0-255,4320,47859,10,177434
17214,0.000736,172.31.36.0-255,66,47925,10,177434
17215,0.00074,172.31.36.0-255,66,47991,10,177434
17216,0.000783,74.125.24.0-255,1484,49475,10,177434
17217,0.000795,74.125.24.0-255,4320,53795,10,177434
17218,0.000798,172.31.36.0-255,66,53861,10,177434
17219,0.000829,74.125.24.0-255,2543,56404,10,177434
17220,0.000831,172.31.36.0-255,66,56470,10,177434
17221,0.00084,172.31.36.0-255,66,56536,10,177434
17222,0.000856,172.31.36.0-255,66,56602,10,177434
17223,0.000988,74.125.24.0-255,1484,58086,10,177434
17224,0.000994,74.125.24.0-255,2902,60988,10,177434
17225,0.000997,172.31.36.0-255,66,61054,10,177434
17226,0.001001,74.125.24.0-255,2902,63956,10,177434
17227,0.001003,172.31.36.0-255,66,64022,10,177434
17228,0.001017,74.125.24.0-255,2902,66924,10,177434
17229,0.00102,172.31.36.0-255,66,66990,10,177434
17230,0.001023,74.125.24.0-255,1484,68474,10,177434
17231,0.001061,74.125.24.0-255,4320,72794,10,177434
17232,0.001062,172.31.36.0-255,66,72860,10,177434
17233,0.001065,172.31.36.0-255,66,72926,10,177434
17234,0.001089,74.125.24.0-255,1484,74410,10,177434
17235,0.001099,74.125.24.0-255,5020,79430,10,177434
17236,0.001102,172.31.36.0-255,66,79496,10,177434
17237,0.001123,74.125.24.0-255,1484,80980,10,177434
17238,0.001138,74.125.24.0-255,4320,85300,10,177434
17239,0.001141,172.31.36.0-255,66,85366,10,177434
17240,0.001146,74.125.24.0-255,4320,89686,10,177434
17241,0.001148,172.31.36.0-255,66,89752,10,177434
17242,0.001214,172.31.36.0-255,66,89818,10,177434
17243,0.001231,172.31.36.0-255,66,89884,10,177434
17244,0.001291,74.125.24.0-255,1484,91368,10,177434
17245,0.001306,74.125.24.0-255,2902,94270,10,177434
17246,0.001309,172.31.36.0-255,66,94336,10,177434
17247,0.001314,74.125.24.0-255,4320,98656,10,177434
17248,0.001316,172.31.36.0-255,66,98722,10,177434
17249,0.00134,74.125.24.0-255,1484,100206,10,177434
17250,0.001352,172.31.36.0-255,66,100272,10,177434
17251,0.001358,74.125.24.0-255,5738,106010,10,177434
17252,0.00136,172.31.36.0-255,66,106076,10,177434
17253,0.001405,74.125.24.0-255,5020,111096,10,177434
17254,0.001408,172.31.36.0-255,66,111162,10,177434
17255,0.00145,74.125.24.0-255,1484,112646,10,177434
17256,0.001461,74.125.24.0-255,1484,114130,10,177434
17257,0.001463,172.31.36.0-255,66,114196,10,177434
17258,0.001477,74.125.24.0-255,1484,115680,10,177434
17259,0.001486,74.125.24.0-255,5738,121418,10,177434
17260,0.001489,172.31.36.0-255,66,121484,10,177434
17261,0.001518,172.31.36.0-255,66,121550,10,177434
17262,0.001524,74.125.24.0-255,5738,127288,10,177434
17263,0.001526,172.31.36.0-255,66,127354,10,177434
17264,0.00155,74.125.24.0-255,2902,130256,10,177434
17265,0.001553,172.31.36.0-255,66,130322,10,177434
17266,0.001563,74.125.24.0-255,2184,132506,10,177434
17267,0.001565,172.31.36.0-255,66,132572,10,177434
17268,0.001793,74.125.24.0-255,1484,134056,10,177434
17269,0.001799,74.125.24.0-255,2902,136958,10,177434
17270,0.001801,172.31.36.0-255,66,137024,10,177434
17271,0.001805,74.125.24.0-255,1484,138508,10,177434
17272,0.001826,74.125.24.0-255,5738,144246,10,177434
17273,0.001829,172.31.36.0-255,66,144312,10,177434
17274,0.00188,172.31.36.0-255,66,144378,10,177434
17275,0.001898,172.31.36.0-255,66,144444,10,177434
17276,0.001903,74.125.24.0-255,2902,147346,10,177434
17277,0.001906,172.31.36.0-255,66,147412,10,177434
17278,0.001963,172.31.36.0-255,66,147478,10,177434
17279,0.001974,172.31.36.0-255,66,147544,10,177434
17280,0.002002,74.125.24.0-255,1484,149028,10,177434
17281,0.00202,74.125.24.0-255,2902,151930,10,177434
17282,0.002023,172.31.36.0-255,66,151996,10,177434
17283,0.002028,74.125.24.0-255,2902,154898,10,177434
17284,0.00203,172.31.36.0-255,66,154964,10,177434
17285,0.002048,74.125.24.0-255,2902,157866,10,177434
17286,0.002051,172.31.36.0-255,66,157932,10,177434
17287,0.002066,74.125.24.0-255,7156,165088,10,177434
17288,0.00207,172.31.36.0-255,66,165154,10,177434
17289,0.002098,74.125.24.0-255,5738,170892,10,177434
17290,0.002101,172.31.36.0-255,66,170958,10,177434
17291,0.002119,172.31.36.0-255,66,171024,10,177434
17292,0.00216,74.125.24.0-255,5738,176762,10,177434
17293,0.002163,172.31.36.0-255,66,176828,10,177434
17294,0.002206,172.31.36.0-255,66,176894,10,177434
17295,0.002223,172.31.36.0-255,66,176960,10,177434
17296,0.002247,172.31.36.0-255,66,177026,10,177434
17297,0.00226,172.31.36.0-255,66,177092,10,177434
17298,0.002263,74.125.24.0-255,105,177197,10,177434
17299,0.003424,172.31.36.0-255,66,177263,10,177434
17300,0.003449,172.31.36.0-255,105,177368,10,177434
17301,0.005771,74.125.24.0-255,66,177434,10,177434
17302,0.0,74.125.24.0-255,153,153,10,103976
17303,2.8e-05,172.31.36.0-255,66,219,10,103976
17304,3.5e-05,74.125.24.0-255,1484,1703,10,103976
17305,3.9e-05,172.31.36.0-255,66,1769,10,103976
17306,4.4e-05,74.125.24.0-255,2902,4671,10,103976
17307,4.7e-05,172.31.36.0-255,66,4737,10,103976
17308,6.1e-05,74.125.24.0-255,5738,10475,10,103976
17309,6.3e-05,172.31.36.0-255,66,10541,10,103976
17310,9.5e-05,74.125.24.0-255,3433,13974,10,103976
17311,9.8e-05,172.31.36.0-255,66,14040,10,103976
17312,0.000173,74.125.24.0-255,1484,15524,10,103976
17313,0.000179,172.31.36.0-255,66,15590,10,103976
17314,0.000183,74.125.24.0-255,2902,18492,10,103976
17315,0.000186,172.31.36.0-255,66,18558,10,103976
17316,0.000192,74.125.24.0-255,5738,24296,10,103976
17317,0.0002,172.31.36.0-255,66,24362,10,103976
17318,0.000205,74.125.24.0-255,2902,27264,10,103976
17319,0.000208,172.31.36.0-255,66,27330,10,103976
17320,0.000239,74.125.24.0-255,3961,31291,10,103976
17321,0.000242,172.31.36.0-255,66,31357,10,103976
17322,0.000245,74.125.24.0-255,1484,32841,10,103976
17323,0.000247,172.31.36.0-255,66,32907,10,103976
17324,0.000301,172.31.36.0-255,66,32973,10,103976
17325,0.000304,74.125.24.0-255,1484,34457,10,103976
17326,0.000306,172.31.36.0-255,66,34523,10,103976
17327,0.000331,172.31.36.0-255,66,34589,10,103976
17328,0.000334,74.125.24.0-255,766,35355,10,103976
17329,0.000338,172.31.36.0-255,66,35421,10,103976
17330,0.001063,74.125.24.0-255,647,36068,10,103976
17331,0.00107,172.31.36.0-255,66,36134,10,103976
17332,0.001841,74.125.24.0-255,1484,37618,10,103976
17333,0.001848,74.125.24.0-255,1484,39102,10,103976
17334,0.001851,172.31.36.0-255,66,39168,10,103976
17335,0.001878,74.125.24.0-255,1484,40652,10,103976
17336,0.001884,74.125.24.0-255,5738,46390,10,103976
17337,0.001887,172.31.36.0-255,66,46456,10,103976
17338,0.0019,172.31.36.0-255,66,46522,10,103976
17339,0.001906,74.125.24.0-255,5738,52260,10,103976
17340,0.001908,172.31.36.0-255,66,52326,10,103976
17341,0.001944,74.125.24.0-255,2902,55228,10,103976
17342,0.001947,172.31.36.0-255,66,55294,10,103976
17343,0.001971,74.125.24.0-255,2184,57478,10,103976
17344,0.001974,172.31.36.0-255,66,57544,10,103976
17345,0.003952,74.125.24.0-255,5738,63282,10,103976
17346,0.003959,172.31.36.0-255,66,63348,10,103976
17347,0.005963,74.125.24.0-255,5738,69086,10,103976
17348,0.005973,172.31.36.0-255,66,69152,10,103976
17349,0.007986,74.125.24.0-255,5738,74890,10,103976
17350,0.007993,172.31.36.0-255,66,74956,10,103976
17351,0.010019,74.125.24.0-255,5738,80694,10,103976
17352,0.010026,172.31.36.0-255,66,80760,10,103976
17353,0.012015,74.125.24.0-255,5738,86498,10,103976
17354,0.012021,172.31.36.0-255,66,86564,10,103976
17355,0.014051,74.125.24.0-255,5738,92302,10,103976
17356,0.014064,172.31.36.0-255,66,92368,10,103976
17357,0.016059,74.125.24.0-255,5738,98106,10,103976
17358,0.016067,172.31.36.0-255,66,98172,10,103976
17359,0.018066,74.125.24.0-255,5738,103910,10,103976
17360,0.018074,172.31.36.0-255,66,103976,10,103976
17361,0.0,74.125.24.0-255,145,145,10,137294
17362,1.6e-05,172.31.36.0-255,66,211,10,137294
17363,2.2e-05,74.125.24.0-255,1484,1695,10,137294
17364,2.6e-05,172.31.36.0-255,66,1761,10,137294
17365,3.3e-05,74.125.24.0-255,2902,4663,10,137294
17366,4.5e-05,172.31.36.0-255,66,4729,10,137294
17367,5.3e-05,74.125.24.0-255,7156,11885,10,137294
17368,5.6e-05,172.31.36.0-255,66,11951,10,137294
17369,7.1e-05,74.125.24.0-255,1484,13435,10,137294
17370,7.3e-05,172.31.36.0-255,66,13501,10,137294
17371,0.000118,172.31.36.0-255,66,13567,10,137294
17372,0.000123,74.125.24.0-255,2543,16110,10,137294
17373,0.000125,172.31.36.0-255,66,16176,10,137294
17374,0.000192,74.125.24.0-255,1484,17660,10,137294
17375,0.000195,172.31.36.0-255,66,17726,10,137294
17376,0.0002,74.125.24.0-255,2902,20628,10,137294
17377,0.000203,172.31.36.0-255,66,20694,10,137294
17378,0.000235,74.125.24.0-255,5738,26432,10,137294
17379,0.000239,172.31.36.0-255,66,26498,10,137294
17380,0.000247,74.125.24.0-255,6797,33295,10,137294
17381,0.000249,172.31.36.0-255,66,33361,10,137294
17382,0.000612,74.125.24.0-255,1484,34845,10,137294
17383,0.000618,172.31.36.0-255,66,34911,10,137294
17384,0.000625,74.125.24.0-255,2902,37813,10,137294
17385,0.000627,172.31.36.0-255,66,37879,10,137294
17386,0.000685,74.125.24.0-255,4320,42199,10,137294
17387,0.000697,172.31.36.0-255,66,42265,10,137294
17388,0.000705,172.31.36.0-255,66,42331,10,137294
17389,0.000782,74.125.24.0-255,1484,43815,10,137294
17390,0.000787,172.31.36.0-255,66,43881,10,137294
17391,0.000792,74.125.24.0-255,2902,46783,10,137294
17392,0.000794,172.31.36.0-255,66,46849,10,137294
17393,0.000801,74.125.24.0-255,5738,52587,10,137294
17394,0.000809,172.31.36.0-255,66,52653,10,137294
17395,0.000847,172.31.36.0-255,66,52719,10,137294
17396,0.000851,74.125.24.0-255,1484,54203,10,137294
17397,0.000872,74.125.24.0-255,7156,61359,10,137294
17398,0.000875,172.31.36.0-255,66,61425,10,137294
17399,0.000878,74.125.24.0-255,1125,62550,10,137294
17400,0.00127,74.125.24.0-255,1484,64034,10,137294
17401,0.001275,172.31.36.0-255,66,64100,10,137294
17402,0.001281,74.125.24.0-255,2902,67002,10,137294
17403,0.001283,172.31.36.0-255,66,67068,10,137294
17404,0.001295,74.125.24.0-255,5738,72806,10,137294
17405,0.001298,172.31.36.0-255,66,72872,10,137294
17406,0.001304,74.125.24.0-255,5738,78610,10,137294
17407,0.001306,172.31.36.0-255,66,78676,10,137294
17408,0.001334,74.125.24.0-255,1156,79832,10,137294
17409,0.001572,74.125.24.0-255,1484,81316,10,137294
17410,0.001577,74.125.24.0-255,2902,84218,10,137294
17411,0.001579,74.125.24.0-255,1484,85702,10,137294
17412,0.001584,172.31.36.0-255,66,85768,10,137294
17413,0.001588,172.31.36.0-255,66,85834,10,137294
17414,0.001612,74.125.24.0-255,4320,90154,10,137294
17415,0.001615,172.31.36.0-255,66,90220,10,137294
17416,0.001634,172.31.36.0-255,66,90286,10,137294
17417,0.001646,172.31.36.0-255,66,90352,10,137294
17418,0.001675,74.125.24.0-255,766,91118,10,137294
17419,0.002052,172.31.36.0-255,66,91184,10,137294
17420,0.002489,74.125.24.0-255,1484,92668,10,137294
17421,0.0025,74.125.24.0-255,2902,95570,10,137294
17422,0.002504,172.31.36.0-255,66,95636,10,137294
17423,0.002511,74.125.24.0-255,4320,99956,10,137294
17424,0.002513,172.31.36.0-255,66,100022,10,137294
17425,0.002538,74.125.24.0-255,1484,101506,10,137294
17426,0.002558,172.31.36.0-255,66,101572,10,137294
17427,0.002562,74.125.24.0-255,1484,103056,10,137294
17428,0.002595,172.31.36.0-255,66,103122,10,137294
17429,0.002598,74.125.24.0-255,766,103888,10,137294
17430,0.005212,74.125.24.0-255,4320,108208,10,137294
17431,0.005221,172.31.36.0-255,66,108274,10,137294
17432,0.007834,74.125.24.0-255,5738,114012,10,137294
17433,0.007841,172.31.36.0-255,66,114078,10,137294
17434,0.010504,74.125.24.0-255,5738,119816,10,137294
17435,0.010513,172.31.36.0-255,66,119882,10,137294
17436,0.013147,74.125.24.0-255,5738,125620,10,137294
17437,0.013157,172.31.36.0-255,66,125686,10,137294
17438,0.015802,74.125.24.0-255,5738,131424,10,137294
17439,0.015813,172.31.36.0-255,66,131490,10,137294
17440,0.018428,74.125.24.0-255,5738,137228,10,137294
17441,0.018439,172.31.36.0-255,66,137294,10,137294
17442,0.0,74.125.200.0-255,153,153,10,155425
17443,2.1e-05,172.31.36.0-255,66,219,10,155425
17444,4.9e-05,74.125.200.0-255,1484,1703,10,155425
17445,5.3e-05,172.31.36.0-255,66,1769,10,155425
17446,5.9e-05,74.125.200.0-255,2902,4671,10,155425
17447,6.2e-05,172.31.36.0-255,66,4737,10,155425
17448,6.9e-05,74.125.200.0-255,5738,10475,10,155425
17449,7.2e-05,172.31.36.0-255,66,10541,10,155425
17450,7.5e-05,74.125.200.0-255,1484,12025,10,155425
17451,7.7e-05,172.31.36.0-255,66,12091,10,155425
17452,9.3e-05,74.125.200.0-255,2058,14149,10,155425
17453,9.5e-05,172.31.36.0-255,66,14215,10,155425
17454,0.000233,74.125.200.0-255,1484,15699,10,155425
17455,0.000238,172.31.36.0-255,66,15765,10,155425
17456,0.000257,74.125.200.0-255,2902,18667,10,155425
17457,0.00026,172.31.36.0-255,66,18733,10,155425
17458,0.000267,74.125.200.0-255,5738,24471,10,155425
17459,0.00027,172.31.36.0-255,66,24537,10,155425
17460,0.000286,74.125.200.0-255,4320,28857,10,155425
17461,0.000288,172.31.36.0-255,66,28923,10,155425
17462,0.000326,74.125.200.0-255,2543,31466,10,155425
17463,0.000329,172.31.36.0-255,66,31532,10,155425
17464,0.000352,74.125.200.0-255,2902,34434,10,155425
17465,0.000354,172.31.36.0-255,66,34500,10,155425
17466,0.000372,74.125.200.0-255,7156,41656,10,155425
17467,0.000375,172.31.36.0-255,66,41722,10,155425
17468,0.000378,74.125.200.0-255,1484,43206,10,155425
17469,0.00038,172.31.36.0-255,66,43272,10,155425
17470,0.000439,74.125.200.0-255,5379,48651,10,155425
17471,0.000442,172.31.36.0-255,66,48717,10,155425
17472,0.000538,74.125.200.0-255,1484,50201,10,155425
17473,0.000542,172.31.36.0-255,66,50267,10,155425
17474,0.000547,74.125.200.0-255,2902,53169,10,155425
17475,0.000549,172.31.36.0-255,66,53235,10,155425
17476,0.000581,74.125.200.0-255,5738,58973,10,155425
17477,0.000584,172.31.36.0-255,66,59039,10,155425
17478,0.000587,74.125.200.0-255,1484,60523,10,155425
17479,0.00061,74.125.200.0-255,5379,65902,10,155425
17480,0.000613,172.31.36.0-255,66,65968,10,155425
17481,0.000616,74.125.200.0-255,678,66646,10,155425
17482,0.000723,74.125.200.0-255,1484,68130,10,155425
17483,0.000729,172.31.36.0-255,66,68196,10,155425
17484,0.00074,74.125.200.0-255,2902,71098,10,155425
17485,0.000743,172.31.36.0-255,66,71164,10,155425
17486,0.000769,74.125.200.0-255,4320,75484,10,155425
17487,0.000771,172.31.36.0-255,66,75550,10,155425
17488,0.000827,172.31.36.0-255,66,75616,10,155425
17489,0.000829,172.31.36.0-255,66,75682,10,155425
17490,0.000847,74.125.200.0-255,4320,80002,10,155425
17491,0.000849,172.31.36.0-255,66,80068,10,155425
17492,0.000893,74.125.200.0-255,3961,84029,10,155425
17493,0.000896,172.31.36.0-255,66,84095,10,155425
17494,0.001882,74.125.200.0-255,1484,85579,10,155425
17495,0.001899,74.125.200.0-255,1484,87063,10,155425
17496,0.001903,172.31.36.0-255,66,87129,10,155425
17497,0.001925,74.125.200.0-255,2902,90031,10,155425
17498,0.001927,172.31.36.0-255,66,90097,10,155425
17499,0.001951,74.125.200.0-255,5738,95835,10,155425
17500,0.001954,172.31.36.0-255,66,95901,10,155425
17501,0.001961,74.125.200.0-255,5738,101639,10,155425
17502,0.001963,172.31.36.0-255,66,101705,10,155425
17503,0.001972,74.125.200.0-255,7156,108861,10,155425
17504,0.001974,172.31.36.0-255,66,108927,10,155425
17505,0.002023,172.31.36.0-255,66,108993,10,155425
17506,0.004041,74.125.200.0-255,5738,114731,10,155425
17507,0.004047,172.31.36.0-255,66,114797,10,155425
17508,0.006062,74.125.200.0-255,5738,120535,10,155425
17509,0.006083,172.31.36.0-255,66,120601,10,155425
17510,0.008105,74.125.200.0-255,5738,126339,10,155425
17511,0.008112,172.31.36.0-255,66,126405,10,155425
17512,0.010131,74.125.200.0-255,5738,132143,10,155425
17513,0.01014,172.31.36.0-255,66,132209,10,155425
17514,0.012162,74.125.200.0-255,5738,137947,10,155425
17515,0.012169,172.31.36.0-255,66,138013,10,155425
17516,0.014185,74.125.200.0-255,5738,143751,10,155425
17517,0.014193,172.31.36.0-255,66,143817,10,155425
17518,0.016211,74.125.200.0-255,5738,149555,10,155425
17519,0.016222,172.31.36.0-255,66,149621,10,155425
17520,0.018236,74.125.200.0-255,5738,155359,10,155425
17521,0.018243,172.31.36.0-255,66,155425,10,155425
17522,0.0,74.125.68.0-255,150,150,10,140700
17523,2.9e-05,172.31.36.0-255,66,216,10,140700
17524,3.6e-05,74.125.68.0-255,1484,1700,10,140700
17525,4.1e-05,172.31.36.0-255,66,1766,10,140700
17526,4.5e-05,74.125.68.0-255,2902,4668,10,140700
17527,5.6e-05,172.31.36.0-255,66,4734,10,140700
17528,6.4e-05,74.125.68.0-255,5738,10472,10,140700
17529,6.7e-05,172.31.36.0-255,66,10538,10,140700
17530,0.000104,74.125.68.0-255,3423,13961,10,140700
17531,0.000107,172.31.36.0-255,66,14027,10,140700
17532,0.000149,74.125.68.0-255,4320,18347,10,140700
17533,0.000153,172.31.36.0-255,66,18413,10,140700
17534,0.000183,74.125.68.0-255,4320,22733,10,140700
17535,0.000186,172.31.36.0-255,66,22799,10,140700
17536,0.000193,74.125.68.0-255,5738,28537,10,140700
17537,0.000195,172.31.36.0-255,66,28603,10,140700
17538,0.000205,74.125.68.0-255,2543,31146,10,140700
17539,0.000207,172.31.36.0-255,66,31212,10,140700
17540,0.00024,74.125.68.0-255,1484,32696,10,140700
17541,0.000243,172.31.36.0-255,66,32762,10,140700
17542,0.000268,74.125.68.0-255,1484,34246,10,140700
17543,0.000272,172.31.36.0-255,66,34312,10,140700
17544,0.000275,74.125.68.0-255,1484,35796,10,140700
17545,0.000277,172.31.36.0-255,66,35862,10,140700
17546,0.000281,74.125.68.0-255,2902,38764,10,140700
17547,0.00029,172.31.36.0-255,66,38830,10,140700
17548,0.000324,74.125.68.0-255,5738,44568,10,140700
17549,0.000328,172.31.36.0-255,66,44634,10,140700
17550,0.000333,74.125.68.0-255,2902,47536,10,140700
17551,0.000335,172.31.36.0-255,66,47602,10,140700
17552,0.000361,74.125.68.0-255,1125,48727,10,140700
17553,0.000364,172.31.36.0-255,66,48793,10,140700
17554,0.000416,74.125.68.0-255,1484,50277,10,140700
17555,0.000444,74.125.68.0-255,2902,53179,10,140700
17556,0.00045,172.31.36.0-255,66,53245,10,140700
17557,0.000473,74.125.68.0-255,5738,58983,10,140700
17558,0.000476,172.31.36.0-255,66,59049,10,140700
17559,0.000479,74.125.68.0-255,1484,60533,10,140700
17560,0.000484,74.125.68.0-255,2902,63435,10,140700
17561,0.000486,172.31.36.0-255,66,63501,10,140700
17562,0.000514,74.125.68.0-255,1484,64985,10,140700
17563,0.000531,74.125.68.0-255,1125,66110,10,140700
17564,0.000535,172.31.36.0-255,66,66176,10,140700
17565,0.000559,74.125.68.0-255,414,66590,10,140700
17566,0.000814,172.31.36.0-255,66,66656,10,140700
17567,0.000976,74.125.68.0-255,332,66988,10,140700
17568,0.001988,74.125.68.0-255,1484,68472,10,140700
17569,0.001994,172.31.36.0-255,66,68538,10,140700
17570,0.001999,74.125.68.0-255,1484,70022,10,140700
17571,0.002018,74.125.68.0-255,1484,71506,10,140700
17572,0.00202,172.31.36.0-255,66,71572,10,140700
17573,0.002027,74.125.68.0-255,5738,77310,10,140700
17574,0.002029,172.31.36.0-255,66,77376,10,140700
17575,0.002055,74.125.68.0-255,5738,83114,10,140700
17576,0.002057,172.31.36.0-255,66,83180,10,140700
17577,0.002085,74.125.68.0-255,7156,90336,10,140700
17578,0.002087,172.31.36.0-255,66,90402,10,140700
17579,0.00209,74.125.68.0-255,1484,91886,10,140700
17580,0.002109,74.125.68.0-255,4320,96206,10,140700
17581,0.00211,172.31.36.0-255,66,96272,10,140700
17582,0.002139,74.125.68.0-255,5020,101292,10,140700
17583,0.002141,172.31.36.0-255,66,101358,10,140700
17584,0.004383,74.125.68.0-255,1484,102842,10,140700
17585,0.004405,74.125.68.0-255,4320,107162,10,140700
17586,0.004408,172.31.36.0-255,66,107228,10,140700
17587,0.006642,74.125.68.0-255,5738,112966,10,140700
17588,0.006648,172.31.36.0-255,66,113032,10,140700
17589,0.008891,74.125.68.0-255,4320,117352,10,140700
17590,0.008898,172.31.36.0-255,66,117418,10,140700
17591,0.008927,74.125.68.0-255,1484,118902,10,140700
17592,0.011135,74.125.68.0-255,4320,123222,10,140700
17593,0.011143,172.31.36.0-255,66,123288,10,140700
17594,0.013386,74.125.68.0-255,5738,129026,10,140700
17595,0.013396,172.31.36.0-255,66,129092,10,140700
17596,0.015649,74.125.68.0-255,5738,134830,10,140700
17597,0.015658,172.31.36.0-255,66,134896,10,140700
17598,0.017891,74.125.68.0-255,5738,140634,10,140700
17599,0.017897,172.31.36.0-255,66,140700,10,140700
17600,0.0,74.125.24.0-255,153,153,10,239972
17601,3.7e-05,172.31.36.0-255,66,219,10,239972
17602,4.4e-05,74.125.24.0-255,1484,1703,10,239972
17603,4.9e-05,172.31.36.0-255,66,1769,10,239972
17604,5.6e-05,74.125.24.0-255,2902,4671,10,239972
17605,6e-05,172.31.36.0-255,66,4737,10,239972
17606,6.8e-05,74.125.24.0-255,7156,11893,10,239972
17607,7e-05,172.31.36.0-255,66,11959,10,239972
17608,7.4e-05,74.125.24.0-255,2039,13998,10,239972
17609,7.6e-05,172.31.36.0-255,66,14064,10,239972
17610,0.00011,74.125.24.0-255,1484,15548,10,239972
17611,0.000112,172.31.36.0-255,66,15614,10,239972
17612,0.000117,74.125.24.0-255,2902,18516,10,239972
17613,0.000119,172.31.36.0-255,66,18582,10,239972
17614,0.000125,74.125.24.0-255,4320,22902,10,239972
17615,0.000127,172.31.36.0-255,66,22968,10,239972
17616,0.000154,74.125.24.0-255,1484,24452,10,239972
17617,0.000157,172.31.36.0-255,66,24518,10,239972
17618,0.000164,74.125.24.0-255,6797,31315,10,239972
17619,0.000166,172.31.36.0-255,66,31381,10,239972
17620,0.00019,74.125.24.0-255,1484,32865,10,239972
17621,0.000192,172.31.36.0-255,66,32931,10,239972
17622,0.000218,74.125.24.0-255,5738,38669,10,239972
17623,0.000222,172.31.36.0-255,66,38735,10,239972
17624,0.000234,172.31.36.0-255,66,38801,10,239972
17625,0.000255,74.125.24.0-255,2902,41703,10,239972
17626,0.000258,172.31.36.0-255,66,41769,10,239972
17627,0.000281,74.125.24.0-255,7156,48925,10,239972
17628,0.000285,172.31.36.0-255,66,48991,10,239972
17629,0.000301,74.125.24.0-255,1484,50475,10,239972
17630,0.000304,172.31.36.0-255,66,50541,10,239972
17631,0.000326,74.125.24.0-255,5675,56216,10,239972
17632,0.000329,172.31.36.0-255,66,56282,10,239972
17633,0.000366,74.125.24.0-255,127,56409,10,239972
17634,0.000413,74.125.24.0-255,351,56760,10,239972
17635,0.000744,74.125.24.0-255,1484,58244,10,239972
17636,0.000765,172.31.36.0-255,66,58310,10,239972
17637,0.00077,74.125.24.0-255,2902,61212,10,239972
17638,0.000773,172.31.36.0-255,66,61278,10,239972
17639,0.000779,74.125.24.0-255,4320,65598,10,239972
17640,0.00078,172.31.36.0-255,66,65664,10,239972
17641,0.000788,74.125.24.0-255,7156,72820,10,239972
17642,0.00079,172.31.36.0-255,66,72886,10,239972
17643,0.000813,74.125.24.0-255,1484,74370,10,239972
17644,0.000848,74.125.24.0-255,2902,77272,10,239972
17645,0.000851,172.31.36.0-255,66,77338,10,239972
17646,0.000881,172.31.36.0-255,66,77404,10,239972
17647,0.000961,74.125.24.0-255,1484,78888,10,239972
17648,0.000966,74.125.24.0-255,2902,81790,10,239972
17649,0.000969,172.31.36.0-255,66,81856,10,239972
17650,0.000975,74.125.24.0-255,5738,87594,10,239972
17651,0.000977,172.31.36.0-255,66,87660,10,239972
17652,0.00098,74.125.24.0-255,1484,89144,10,239972
17653,0.000999,74.125.24.0-255,7156,96300,10,239972
17654,0.001003,172.31.36.0-255,66,96366,10,239972
17655,0.001028,74.125.24.0-255,4320,100686,10,239972
17656,0.001031,172.31.36.0-255,66,100752,10,239972
17657,0.001042,172.31.36.0-255,66,100818,10,239972
17658,0.001064,74.125.24.0-255,5738,106556,10,239972
17659,0.001067,172.31.36.0-255,66,106622,10,239972
17660,0.001072,74.125.24.0-255,2902,109524,10,239972
17661,0.001074,172.31.36.0-255,66,109590,10,239972
17662,0.001091,74.125.24.0-255,4320,113910,10,239972
17663,0.001094,172.31.36.0-255,66,113976,10,239972
17664,0.0011,74.125.24.0-255,7156,121132,10,239972
17665,0.001103,172.31.36.0-255,66,121198,10,239972
17666,0.001119,74.125.24.0-255,7156,128354,10,239972
17667,0.001122,172.31.36.0-255,66,128420,10,239972
17668,0.001129,74.125.24.0-255,6438,134858,10,239972
17669,0.001132,172.31.36.0-255,66,134924,10,239972
17670,0.00128,74.125.24.0-255,1484,136408,10,239972
17671,0.001286,74.125.24.0-255,2902,139310,10,239972
17672,0.001291,172.31.36.0-255,66,139376,10,239972
17673,0.001307,74.125.24.0-255,4320,143696,10,239972
17674,0.00131,172.31.36.0-255,66,143762,10,239972
17675,0.001332,74.125.24.0-255,1484,145246,10,239972
17676,0.001338,74.125.24.0-255,5738,150984,10,239972
17677,0.00134,172.31.36.0-255,66,151050,10,239972
17678,0.001361,74.125.24.0-255,4320,155370,10,239972
17679,0.001364,172.31.36.0-255,66,155436,10,239972
17680,0.001394,172.31.36.0-255,66,155502,10,239972
17681,0.0014,74.125.24.0-255,5020,160522,10,239972
17682,0.001402,172.31.36.0-255,66,160588,10,239972
17683,0.001971,74.125.24.0-255,1484,162072,10,239972
17684,0.001982,74.125.24.0-255,2902,164974,10,239972
17685,0.001986,172.31.36.0-255,66,165040,10,239972
17686,0.001993,74.125.24.0-255,5738,170778,10,239972
17687,0.001995,172.31.36.0-255,66,170844,10,239972
17688,0.002056,172.31.36.0-255,66,170910,10,239972
17689,0.002075,74.125.24.0-255,4320,175230,10,239972
17690,0.002079,172.31.36.0-255,66,175296,10,239972
17691,0.00209,172.31.36.0-255,66,175362,10,239972
17692,0.002096,74.125.24.0-255,5738,181100,10,239972
17693,0.002098,172.31.36.0-255,66,181166,10,239972
17694,0.002105,74.125.24.0-255,7156,188322,10,239972
17695,0.002107,172.31.36.0-255,66,188388,10,239972
17696,0.002118,74.125.24.0-255,4320,192708,10,239972
17697,0.002121,172.31.36.0-255,66,192774,10,239972
17698,0.002157,172.31.36.0-255,66,192840,10,239972
17699,0.002164,74.125.24.0-255,6438,199278,10,239972
17700,0.002166,172.31.36.0-255,66,199344,10,239972
17701,0.004472,74.125.24.0-255,5738,205082,10,239972
17702,0.004478,172.31.36.0-255,66,205148,10,239972
17703,0.00678,74.125.24.0-255,5738,210886,10,239972
17704,0.006786,172.31.36.0-255,66,210952,10,239972
17705,0.009161,74.125.24.0-255,5738,216690,10,239972
17706,0.009168,172.31.36.0-255,66,216756,10,239972
17707,0.011511,74.125.24.0-255,5738,222494,10,239972
17708,0.011519,172.31.36.0-255,66,222560,10,239972
17709,0.013864,74.125.24.0-255,5738,228298,10,239972
17710,0.013874,172.31.36.0-255,66,228364,10,239972
17711,0.016217,74.125.24.0-255,5738,234102,10,239972
17712,0.01623,172.31.36.0-255,66,234168,10,239972
17713,0.018555,74.125.24.0-255,5738,239906,10,239972
17714,0.018566,172.31.36.0-255,66,239972,10,239972
17715,0.0,172.217.194.0-255,153,153,10,190057
17716,2.4e-05,172.31.36.0-255,66,219,10,190057
17717,3.1e-05,172.217.194.0-255,1484,1703,10,190057
17718,3.5e-05,172.31.36.0-255,66,1769,10,190057
17719,4.9e-05,172.217.194.0-255,2902,4671,10,190057
17720,5.3e-05,172.31.36.0-255,66,4737,10,190057
17721,6.1e-05,172.217.194.0-255,7156,11893,10,190057
17722,6.4e-05,172.31.36.0-255,66,11959,10,190057
17723,6.9e-05,172.217.194.0-255,2072,14031,10,190057
17724,7.2e-05,172.31.36.0-255,66,14097,10,190057
17725,9.9e-05,172.217.194.0-255,2902,16999,10,190057
17726,0.000103,172.31.36.0-255,66,17065,10,190057
17727,0.000131,172.217.194.0-255,5738,22803,10,190057
17728,0.000134,172.31.36.0-255,66,22869,10,190057
17729,0.000172,172.217.194.0-255,7156,30025,10,190057
17730,0.000175,172.31.36.0-255,66,30091,10,190057
17731,0.000211,172.217.194.0-255,1125,31216,10,190057
17732,0.000214,172.31.36.0-255,66,31282,10,190057
17733,0.000222,172.217.194.0-255,5738,37020,10,190057
17734,0.000224,172.31.36.0-255,66,37086,10,190057
17735,0.000237,172.217.194.0-255,7156,44242,10,190057
17736,0.00024,172.31.36.0-255,66,44308,10,190057
17737,0.000245,172.217.194.0-255,3961,48269,10,190057
17738,0.000247,172.31.36.0-255,66,48335,10,190057
17739,0.000744,172.217.194.0-255,1484,49819,10,190057
17740,0.00075,172.31.36.0-255,66,49885,10,190057
17741,0.000756,172.217.194.0-255,2902,52787,10,190057
17742,0.000758,172.31.36.0-255,66,52853,10,190057
17743,0.000768,172.217.194.0-255,2902,55755,10,190057
17744,0.000771,172.31.36.0-255,66,55821,10,190057
17745,0.000801,172.217.194.0-255,2902,58723,10,190057
17746,0.000803,172.31.36.0-255,66,58789,10,190057
17747,0.000812,172.217.194.0-255,6797,65586,10,190057
17748,0.000814,172.31.36.0-255,66,65652,10,190057
17749,0.000827,172.31.36.0-255,66,65718,10,190057
17750,0.000852,172.217.194.0-255,4320,70038,10,190057
17751,0.000855,172.31.36.0-255,66,70104,10,190057
17752,0.000859,172.217.194.0-255,2543,72647,10,190057
17753,0.000861,172.31.36.0-255,66,72713,10,190057
17754,0.000897,172.31.36.0-255,66,72779,10,190057
17755,0.000943,172.31.36.0-255,66,72845,10,190057
17756,0.001044,172.217.194.0-255,645,73490,10,190057
17757,0.001185,172.217.194.0-255,1484,74974,10,190057
17758,0.00119,172.31.36.0-255,66,75040,10,190057
17759,0.001195,172.217.194.0-255,2902,77942,10,190057
17760,0.001197,172.31.36.0-255,66,78008,10,190057
17761,0.001201,172.217.194.0-255,1484,79492,10,190057
17762,0.001233,172.217.194.0-255,4320,83812,10,190057
17763,0.001235,172.31.36.0-255,66,83878,10,190057
17764,0.00125,172.31.36.0-255,66,83944,10,190057
17765,0.001256,172.217.194.0-255,5738,89682,10,190057
17766,0.001259,172.31.36.0-255,66,89748,10,190057
17767,0.001302,172.217.194.0-255,7156,96904,10,190057
17768,0.001305,172.31.36.0-255,66,96970,10,190057
17769,0.001336,172.217.194.0-255,5020,101990,10,190057
17770,0.001339,172.31.36.0-255,66,102056,10,190057
17771,0.001357,172.31.36.0-255,66,102122,10,190057
17772,0.001373,172.31.36.0-255,66,102188,10,190057
17773,0.001644,172.217.194.0-255,1484,103672,10,190057
17774,0.00165,172.217.194.0-255,2902,106574,10,190057
17775,0.001653,172.31.36.0-255,66,106640,10,190057
17776,0.001659,172.217.194.0-255,2902,109542,10,190057
17777,0.001661,172.31.36.0-255,66,109608,10,190057
17778,0.001683,172.217.194.0-255,2902,112510,10,190057
17779,0.001711,172.31.36.0-255,66,112576,10,190057
17780,0.001715,172.31.36.0-255,66,112642,10,190057
17781,0.001722,172.31.36.0-255,66,112708,10,190057
17782,0.001749,172.217.194.0-255,2184,114892,10,190057
17783,0.001751,172.31.36.0-255,66,114958,10,190057
17784,0.002192,172.217.194.0-255,1484,116442,10,190057
17785,0.002236,172.217.194.0-255,1484,117926,10,190057
17786,0.00224,172.31.36.0-255,66,117992,10,190057
17787,0.002246,172.217.194.0-255,2902,120894,10,190057
17788,0.002248,172.31.36.0-255,66,120960,10,190057
17789,0.002278,172.217.194.0-255,5738,126698,10,190057
17790,0.00228,172.31.36.0-255,66,126764,10,190057
17791,0.002312,172.217.194.0-255,7156,133920,10,190057
17792,0.002315,172.31.36.0-255,66,133986,10,190057
17793,0.002352,172.217.194.0-255,5738,139724,10,190057
17794,0.002355,172.31.36.0-255,66,139790,10,190057
17795,0.002361,172.217.194.0-255,4320,144110,10,190057
17796,0.002362,172.31.36.0-255,66,144176,10,190057
17797,0.002374,172.217.194.0-255,5020,149196,10,190057
17798,0.002376,172.31.36.0-255,66,149262,10,190057
17799,0.004715,172.217.194.0-255,5738,155000,10,190057
17800,0.004722,172.31.36.0-255,66,155066,10,190057
17801,0.007056,172.217.194.0-255,5738,160804,10,190057
17802,0.00706,172.31.36.0-255,66,160870,10,190057
17803,0.008254,172.31.36.0-255,101,160971,10,190057
17804,0.009423,172.217.194.0-255,5738,166709,10,190057
17805,0.00943,172.31.36.0-255,66,166775,10,190057
17806,0.010557,172.217.194.0-255,66,166841,10,190057
17807,0.011763,172.217.194.0-255,5738,172579,10,190057
17808,0.011771,172.31.36.0-255,66,172645,10,190057
17809,0.01411,172.217.194.0-255,5738,178383,10,190057
17810,0.014118,172.31.36.0-255,66,178449,10,190057
17811,0.016457,172.217.194.0-255,5738,184187,10,190057
17812,0.016467,172.31.36.0-255,66,184253,10,190057
17813,0.018804,172.217.194.0-255,5738,189991,10,190057
17814,0.018812,172.31.36.0-255,66,190057,10,190057
17815,0.0,172.217.194.0-255,153,153,10,180424
17816,1.5e-05,172.31.36.0-255,66,219,10,180424
17817,2.1e-05,172.217.194.0-255,1484,1703,10,180424
17818,2.6e-05,172.31.36.0-255,66,1769,10,180424
17819,3.8e-05,172.217.194.0-255,2902,4671,10,180424
17820,4.1e-05,172.31.36.0-255,66,4737,10,180424
17821,4.7e-05,172.217.194.0-255,4320,9057,10,180424
17822,5e-05,172.31.36.0-255,66,9123,10,180424
17823,9.9e-05,172.31.36.0-255,66,9189,10,180424
17824,0.000106,172.217.194.0-255,4320,13509,10,180424
17825,0.000108,172.31.36.0-255,66,13575,10,180424
17826,0.000154,172.31.36.0-255,66,13641,10,180424
17827,0.00017,172.31.36.0-255,66,13707,10,180424
17828,0.000225,172.31.36.0-255,66,13773,10,180424
17829,0.00025,172.217.194.0-255,5738,19511,10,180424
17830,0.000253,172.31.36.0-255,66,19577,10,180424
17831,0.000278,172.217.194.0-255,1415,20992,10,180424
17832,0.000281,172.31.36.0-255,66,21058,10,180424
17833,0.00046,172.217.194.0-255,364,21422,10,180424
17834,0.000466,172.31.36.0-255,66,21488,10,180424
17835,0.000495,172.217.194.0-255,1484,22972,10,180424
17836,0.000497,172.31.36.0-255,66,23038,10,180424
17837,0.000504,172.217.194.0-255,4320,27358,10,180424
17838,0.000506,172.31.36.0-255,66,27424,10,180424
17839,0.000539,172.217.194.0-255,7156,34580,10,180424
17840,0.000542,172.31.36.0-255,66,34646,10,180424
17841,0.000548,172.217.194.0-255,5738,40384,10,180424
17842,0.000551,172.31.36.0-255,66,40450,10,180424
17843,0.000586,172.31.36.0-255,66,40516,10,180424
17844,0.000593,172.217.194.0-255,5020,45536,10,180424
17845,0.000595,172.31.36.0-255,66,45602,10,180424
17846,0.000627,172.217.194.0-255,1484,47086,10,180424
17847,0.000632,172.217.194.0-255,2902,49988,10,180424
17848,0.000635,172.31.36.0-255,66,50054,10,180424
17849,0.000641,172.217.194.0-255,5738,55792,10,180424
17850,0.000643,172.31.36.0-255,66,55858,10,180424
17851,0.000671,172.217.194.0-255,4320,60178,10,180424
17852,0.000673,172.31.36.0-255,66,60244,10,180424
17853,0.000707,172.31.36.0-255,66,60310,10,180424
17854,0.00072,172.31.36.0-255,66,60376,10,180424
17855,0.000762,172.31.36.0-255,66,60442,10,180424
17856,0.000782,172.31.36.0-255,66,60508,10,180424
17857,0.000794,172.31.36.0-255,66,60574,10,180424
17858,0.001435,172.217.194.0-255,1484,62058,10,180424
17859,0.001442,172.217.194.0-255,2902,64960,10,180424
17860,0.001445,172.31.36.0-255,66,65026,10,180424
17861,0.001453,172.217.194.0-255,5738,70764,10,180424
17862,0.001455,172.31.36.0-255,66,70830,10,180424
17863,0.001501,172.217.194.0-255,5738,76568,10,180424
17864,0.001505,172.31.36.0-255,66,76634,10,180424
17865,0.001508,172.31.36.0-255,66,76700,10,180424
17866,0.001533,172.217.194.0-255,4320,81020,10,180424
17867,0.001536,172.31.36.0-255,66,81086,10,180424
17868,0.00154,172.217.194.0-255,766,81852,10,180424
17869,0.001591,172.217.194.0-255,1484,83336,10,180424
17870,0.001594,172.31.36.0-255,66,83402,10,180424
17871,0.001599,172.217.194.0-255,2902,86304,10,180424
17872,0.001601,172.31.36.0-255,66,86370,10,180424
17873,0.001605,172.217.194.0-255,1484,87854,10,180424
17874,0.001625,172.217.194.0-255,4320,92174,10,180424
17875,0.001627,172.31.36.0-255,66,92240,10,180424
17876,0.001666,172.31.36.0-255,66,92306,10,180424
17877,0.001679,172.31.36.0-255,66,92372,10,180424
17878,0.001683,172.217.194.0-255,2184,94556,10,180424
17879,0.001685,172.31.36.0-255,66,94622,10,180424
17880,0.001751,172.217.194.0-255,2902,97524,10,180424
17881,0.001753,172.31.36.0-255,66,97590,10,180424
17882,0.001761,172.217.194.0-255,7156,104746,10,180424
17883,0.001764,172.31.36.0-255,66,104812,10,180424
17884,0.001786,172.31.36.0-255,66,104878,10,180424
17885,0.001791,172.217.194.0-255,2902,107780,10,180424
17886,0.001793,172.31.36.0-255,66,107846,10,180424
17887,0.001841,172.31.36.0-255,66,107912,10,180424
17888,0.001853,172.31.36.0-255,66,107978,10,180424
17889,0.001884,172.217.194.0-255,2902,110880,10,180424
17890,0.001887,172.31.36.0-255,66,110946,10,180424
17891,0.001905,172.31.36.0-255,66,111012,10,180424
17892,0.001912,172.217.194.0-255,5738,116750,10,180424
17893,0.001914,172.31.36.0-255,66,116816,10,180424
17894,0.001946,172.217.194.0-255,3602,120418,10,180424
17895,0.001949,172.31.36.0-255,66,120484,10,180424
17896,0.001956,172.217.194.0-255,5738,126222,10,180424
17897,0.001959,172.31.36.0-255,66,126288,10,180424
17898,0.001969,172.217.194.0-255,5738,132026,10,180424
17899,0.001971,172.31.36.0-255,66,132092,10,180424
17900,0.002002,172.217.194.0-255,1484,133576,10,180424
17901,0.002019,172.31.36.0-255,66,133642,10,180424
17902,0.002024,172.217.194.0-255,4320,137962,10,180424
17903,0.002026,172.31.36.0-255,66,138028,10,180424
17904,0.002056,172.217.194.0-255,2184,140212,10,180424
17905,0.002059,172.31.36.0-255,66,140278,10,180424
17906,0.002091,172.217.194.0-255,1484,141762,10,180424
17907,0.002094,172.217.194.0-255,1484,143246,10,180424
17908,0.002098,172.31.36.0-255,66,143312,10,180424
17909,0.002128,172.217.194.0-255,1484,144796,10,180424
17910,0.002135,172.217.194.0-255,5738,150534,10,180424
17911,0.002137,172.31.36.0-255,66,150600,10,180424
17912,0.002144,172.217.194.0-255,5738,156338,10,180424
17913,0.002146,172.31.36.0-255,66,156404,10,180424
17914,0.002179,172.217.194.0-255,7156,163560,10,180424
17915,0.002182,172.31.36.0-255,66,163626,10,180424
17916,0.002201,172.31.36.0-255,66,163692,10,180424
17917,0.002224,172.217.194.0-255,1484,165176,10,180424
17918,0.002229,172.217.194.0-255,2902,168078,10,180424
17919,0.002231,172.31.36.0-255,66,168144,10,180424
17920,0.002236,172.217.194.0-255,2902,171046,10,180424
17921,0.002238,172.31.36.0-255,66,171112,10,180424
17922,0.002272,172.217.194.0-255,2902,174014,10,180424
17923,0.002275,172.31.36.0-255,66,174080,10,180424
17924,0.002286,172.31.36.0-255,66,174146,10,180424
17925,0.002312,172.217.194.0-255,5738,179884,10,180424
17926,0.002314,172.31.36.0-255,66,179950,10,180424
17927,0.002351,172.31.36.0-255,66,180016,10,180424
17928,0.002388,172.31.36.0-255,66,180082,10,180424
17929,0.002439,172.217.194.0-255,105,180187,10,180424
17930,0.009991,172.31.36.0-255,66,180253,10,180424
17931,0.010034,172.31.36.0-255,105,180358,10,180424
17932,0.012486,172.217.194.0-255,66,180424,10,180424
17933,0.0,74.125.24.0-255,153,153,10,83082
17934,2.4e-05,172.31.36.0-255,66,219,10,83082
17935,3.1e-05,74.125.24.0-255,1484,1703,10,83082
17936,3.5e-05,172.31.36.0-255,66,1769,10,83082
17937,5e-05,74.125.24.0-255,2902,4671,10,83082
17938,5.4e-05,172.31.36.0-255,66,4737,10,83082
17939,6.1e-05,74.125.24.0-255,7156,11893,10,83082
17940,6.4e-05,172.31.36.0-255,66,11959,10,83082
17941,7.7e-05,172.31.36.0-255,66,12025,10,83082
17942,8.9e-05,172.31.36.0-255,66,12091,10,83082
17943,0.000406,74.125.24.0-255,1484,13575,10,83082
17944,0.000413,172.31.36.0-255,66,13641,10,83082
17945,0.00042,74.125.24.0-255,2902,16543,10,83082
17946,0.000423,172.31.36.0-255,66,16609,10,83082
17947,0.000426,74.125.24.0-255,1484,18093,10,83082
17948,0.000433,172.31.36.0-255,66,18159,10,83082
17949,0.000467,74.125.24.0-255,4320,22479,10,83082
17950,0.00047,172.31.36.0-255,66,22545,10,83082
17951,0.000484,172.31.36.0-255,66,22611,10,83082
17952,0.000512,74.125.24.0-255,1125,23736,10,83082
17953,0.000514,172.31.36.0-255,66,23802,10,83082
17954,0.000527,172.31.36.0-255,66,23868,10,83082
17955,0.001186,74.125.24.0-255,646,24514,10,83082
17956,0.001192,172.31.36.0-255,66,24580,10,83082
17957,0.001426,74.125.24.0-255,1484,26064,10,83082
17958,0.001431,172.31.36.0-255,66,26130,10,83082
17959,0.001438,74.125.24.0-255,2902,29032,10,83082
17960,0.00144,172.31.36.0-255,66,29098,10,83082
17961,0.001451,74.125.24.0-255,5738,34836,10,83082
17962,0.001453,172.31.36.0-255,66,34902,10,83082
17963,0.001496,172.31.36.0-255,66,34968,10,83082
17964,0.001502,74.125.24.0-255,2902,37870,10,83082
17965,0.001503,172.31.36.0-255,66,37936,10,83082
17966,0.001543,172.31.36.0-255,66,38002,10,83082
17967,0.003843,74.125.24.0-255,5738,43740,10,83082
17968,0.003849,172.31.36.0-255,66,43806,10,83082
17969,0.006156,74.125.24.0-255,4320,48126,10,83082
17970,0.006159,172.31.36.0-255,66,48192,10,83082
17971,0.006183,74.125.24.0-255,1484,49676,10,83082
17972,0.00844,74.125.24.0-255,4320,53996,10,83082
17973,0.008449,172.31.36.0-255,66,54062,10,83082
17974,0.010711,74.125.24.0-255,5738,59800,10,83082
17975,0.010719,172.31.36.0-255,66,59866,10,83082
17976,0.013007,74.125.24.0-255,5738,65604,10,83082
17977,0.013014,172.31.36.0-255,66,65670,10,83082
17978,0.015298,74.125.24.0-255,5738,71408,10,83082
17979,0.015308,172.31.36.0-255,66,71474,10,83082
17980,0.017621,74.125.24.0-255,5738,77212,10,83082
17981,0.017634,172.31.36.0-255,66,77278,10,83082
17982,0.019914,74.125.24.0-255,5738,83016,10,83082
17983,0.019922,172.31.36.0-255,66,83082,10,83082
17984,0.0,74.125.68.0-255,153,153,10,234391
17985,2.5e-05,172.31.36.0-255,66,219,10,234391
17986,3.2e-05,74.125.68.0-255,1484,1703,10,234391
17987,3.6e-05,172.31.36.0-255,66,1769,10,234391
17988,3.9e-05,74.125.68.0-255,1484,3253,10,234391
17989,4.1e-05,172.31.36.0-255,66,3319,10,234391
17990,6.4e-05,74.125.68.0-255,1484,4803,10,234391
17991,6.7e-05,172.31.36.0-255,66,4869,10,234391
17992,0.000103,74.125.68.0-255,2902,7771,10,234391
17993,0.000106,172.31.36.0-255,66,7837,10,234391
17994,0.000143,74.125.68.0-255,1484,9321,10,234391
17995,0.000147,172.31.36.0-255,66,9387,10,234391
17996,0.000171,74.125.68.0-255,2902,12289,10,234391
17997,0.000175,172.31.36.0-255,66,12355,10,234391
17998,0.000179,74.125.68.0-255,2019,14374,10,234391
17999,0.000181,172.31.36.0-255,66,14440,10,234391
18000,0.000235,74.125.68.0-255,1484,15924,10,234391
18001,0.000239,172.31.36.0-255,66,15990,10,234391
18002,0.000259,74.125.68.0-255,2902,18892,10,234391
18003,0.000261,172.31.36.0-255,66,18958,10,234391
18004,0.000295,74.125.68.0-255,4320,23278,10,234391
18005,0.000299,172.31.36.0-255,66,23344,10,234391
18006,0.000321,74.125.68.0-255,1484,24828,10,234391
18007,0.000324,172.31.36.0-255,66,24894,10,234391
18008,0.000329,74.125.68.0-255,2902,27796,10,234391
18009,0.000331,172.31.36.0-255,66,27862,10,234391
18010,0.000336,74.125.68.0-255,3961,31823,10,234391
18011,0.000341,172.31.36.0-255,66,31889,10,234391
18012,0.000352,74.125.68.0-255,2902,34791,10,234391
18013,0.000355,172.31.36.0-255,66,34857,10,234391
18014,0.000375,74.125.68.0-255,5738,40595,10,234391
18015,0.000378,172.31.36.0-255,66,40661,10,234391
18016,0.000418,172.31.36.0-255,66,40727,10,234391
18017,0.000428,172.31.36.0-255,66,40793,10,234391
18018,0.000444,74.125.68.0-255,1484,42277,10,234391
18019,0.000469,74.125.68.0-255,5020,47297,10,234391
18020,0.000471,172.31.36.0-255,66,47363,10,234391
18021,0.000572,74.125.68.0-255,399,47762,10,234391
18022,0.000577,74.125.68.0-255,113,47875,10,234391
18023,0.00063,74.125.68.0-255,328,48203,10,234391
18024,0.000841,172.31.36.0-255,66,48269,10,234391
18025,0.000946,74.125.68.0-255,1484,49753,10,234391
18026,0.000962,74.125.68.0-255,1484,51237,10,234391
18027,0.000966,172.31.36.0-255,66,51303,10,234391
18028,0.00098,74.125.68.0-255,1484,52787,10,234391
18029,0.000987,74.125.68.0-255,5738,58525,10,234391
18030,0.00099,172.31.36.0-255,66,58591,10,234391
18031,0.001021,74.125.68.0-255,2902,61493,10,234391
18032,0.001025,172.31.36.0-255,66,61559,10,234391
18033,0.001059,172.31.36.0-255,66,61625,10,234391
18034,0.001063,74.125.68.0-255,1484,63109,10,234391
18035,0.001083,74.125.68.0-255,5738,68847,10,234391
18036,0.001086,172.31.36.0-255,66,68913,10,234391
18037,0.001125,74.125.68.0-255,5020,73933,10,234391
18038,0.001129,172.31.36.0-255,66,73999,10,234391
18039,0.001277,74.125.68.0-255,1484,75483,10,234391
18040,0.001346,74.125.68.0-255,2902,78385,10,234391
18041,0.00135,172.31.36.0-255,66,78451,10,234391
18042,0.001354,74.125.68.0-255,1484,79935,10,234391
18043,0.001374,74.125.68.0-255,2902,82837,10,234391
18044,0.001377,172.31.36.0-255,66,82903,10,234391
18045,0.001381,74.125.68.0-255,2902,85805,10,234391
18046,0.001383,172.31.36.0-255,66,85871,10,234391
18047,0.001427,74.125.68.0-255,4320,90191,10,234391
18048,0.00143,172.31.36.0-255,66,90257,10,234391
18049,0.001435,74.125.68.0-255,2902,93159,10,234391
18050,0.001437,172.31.36.0-255,66,93225,10,234391
18051,0.001442,74.125.68.0-255,2902,96127,10,234391
18052,0.001444,172.31.36.0-255,66,96193,10,234391
18053,0.001468,74.125.68.0-255,5738,101931,10,234391
18054,0.001471,172.31.36.0-255,66,101997,10,234391
18055,0.001477,74.125.68.0-255,5738,107735,10,234391
18056,0.001479,172.31.36.0-255,66,107801,10,234391
18057,0.001496,74.125.68.0-255,766,108567,10,234391
18058,0.001563,74.125.68.0-255,1484,110051,10,234391
18059,0.001565,172.31.36.0-255,66,110117,10,234391
18060,0.001586,74.125.68.0-255,2902,113019,10,234391
18061,0.001588,172.31.36.0-255,66,113085,10,234391
18062,0.001593,74.125.68.0-255,4320,117405,10,234391
18063,0.001595,172.31.36.0-255,66,117471,10,234391
18064,0.001605,74.125.68.0-255,1484,118955,10,234391
18065,0.001619,74.125.68.0-255,1484,120439,10,234391
18066,0.001621,172.31.36.0-255,66,120505,10,234391
18067,0.001655,74.125.68.0-255,2902,123407,10,234391
18068,0.001658,172.31.36.0-255,66,123473,10,234391
18069,0.001678,74.125.68.0-255,5738,129211,10,234391
18070,0.00168,172.31.36.0-255,66,129277,10,234391
18071,0.001683,74.125.68.0-255,1484,130761,10,234391
18072,0.001702,74.125.68.0-255,5738,136499,10,234391
18073,0.001704,172.31.36.0-255,66,136565,10,234391
18074,0.00174,74.125.68.0-255,6438,143003,10,234391
18075,0.001743,172.31.36.0-255,66,143069,10,234391
18076,0.001814,74.125.68.0-255,1484,144553,10,234391
18077,0.001837,74.125.68.0-255,2902,147455,10,234391
18078,0.001839,172.31.36.0-255,66,147521,10,234391
18079,0.001842,74.125.68.0-255,1484,149005,10,234391
18080,0.001862,74.125.68.0-255,4320,153325,10,234391
18081,0.001864,172.31.36.0-255,66,153391,10,234391
18082,0.001882,74.125.68.0-255,2902,156293,10,234391
18083,0.001884,172.31.36.0-255,66,156359,10,234391
18084,0.001908,74.125.68.0-255,1484,157843,10,234391
18085,0.001914,74.125.68.0-255,5738,163581,10,234391
18086,0.001916,172.31.36.0-255,66,163647,10,234391
18087,0.001938,74.125.68.0-255,2902,166549,10,234391
18088,0.00194,172.31.36.0-255,66,166615,10,234391
18089,0.001951,74.125.68.0-255,2902,169517,10,234391
18090,0.001953,172.31.36.0-255,66,169583,10,234391
18091,0.001966,74.125.68.0-255,2902,172485,10,234391
18092,0.001968,172.31.36.0-255,66,172551,10,234391
18093,0.001982,74.125.68.0-255,5020,177571,10,234391
18094,0.001984,172.31.36.0-255,66,177637,10,234391
18095,0.002012,74.125.68.0-255,1484,179121,10,234391
18096,0.002022,74.125.68.0-255,2902,182023,10,234391
18097,0.002025,172.31.36.0-255,66,182089,10,234391
18098,0.002048,74.125.68.0-255,1484,183573,10,234391
18099,0.002064,74.125.68.0-255,4320,187893,10,234391
18100,0.002067,172.31.36.0-255,66,187959,10,234391
18101,0.004122,74.125.68.0-255,5738,193697,10,234391
18102,0.00413,172.31.36.0-255,66,193763,10,234391
18103,0.006164,74.125.68.0-255,5738,199501,10,234391
18104,0.00617,172.31.36.0-255,66,199567,10,234391
18105,0.008213,74.125.68.0-255,5738,205305,10,234391
18106,0.00822,172.31.36.0-255,66,205371,10,234391
18107,0.010272,74.125.68.0-255,5738,211109,10,234391
18108,0.010281,172.31.36.0-255,66,211175,10,234391
18109,0.012411,74.125.68.0-255,5738,216913,10,234391
18110,0.012422,172.31.36.0-255,66,216979,10,234391
18111,0.014456,74.125.68.0-255,5738,222717,10,234391
18112,0.014467,172.31.36.0-255,66,222783,10,234391
18113,0.01653,74.125.68.0-255,5738,228521,10,234391
18114,0.016537,172.31.36.0-255,66,228587,10,234391
18115,0.01858,74.125.68.0-255,5738,234325,10,234391
18116,0.018589,172.31.36.0-255,66,234391,10,234391
18117,0.0,172.217.194.0-255,296,296,10,146620
18118,2.3e-05,172.31.36.0-255,66,362,10,146620
18119,3e-05,172.217.194.0-255,1484,1846,10,146620
18120,3.4e-05,172.31.36.0-255,66,1912,10,146620
18121,4e-05,172.217.194.0-255,4320,6232,10,146620
18122,5.4e-05,172.31.36.0-255,66,6298,10,146620
18123,6.6e-05,172.31.36.0-255,66,6364,10,146620
18124,0.000116,172.31.36.0-255,66,6430,10,146620
18125,0.000177,172.217.194.0-255,1484,7914,10,146620
18126,0.00018,172.31.36.0-255,66,7980,10,146620
18127,0.00021,172.217.194.0-255,1484,9464,10,146620
18128,0.000212,172.31.36.0-255,66,9530,10,146620
18129,0.000217,172.217.194.0-255,2902,12432,10,146620
18130,0.000219,172.31.36.0-255,66,12498,10,146620
18131,0.000238,172.217.194.0-255,5738,18236,10,146620
18132,0.000245,172.31.36.0-255,66,18302,10,146620
18133,0.000248,172.217.194.0-255,1484,19786,10,146620
18134,0.000251,172.31.36.0-255,66,19852,10,146620
18135,0.000296,172.31.36.0-255,66,19918,10,146620
18136,0.000314,172.31.36.0-255,66,19984,10,146620
18137,0.000317,172.217.194.0-255,766,20750,10,146620
18138,0.000318,172.31.36.0-255,66,20816,10,146620
18139,0.00035,172.217.194.0-255,678,21494,10,146620
18140,0.000352,172.31.36.0-255,66,21560,10,146620
18141,0.00038,172.217.194.0-255,1484,23044,10,146620
18142,0.000383,172.31.36.0-255,66,23110,10,146620
18143,0.000412,172.217.194.0-255,4320,27430,10,146620
18144,0.000415,172.31.36.0-255,66,27496,10,146620
18145,0.000421,172.217.194.0-255,5738,33234,10,146620
18146,0.000423,172.31.36.0-255,66,33300,10,146620
18147,0.000451,172.217.194.0-255,5738,39038,10,146620
18148,0.000454,172.31.36.0-255,66,39104,10,146620
18149,0.000487,172.31.36.0-255,66,39170,10,146620
18150,0.000498,172.31.36.0-255,66,39236,10,146620
18151,0.000547,172.217.194.0-255,1484,40720,10,146620
18152,0.000566,172.217.194.0-255,2902,43622,10,146620
18153,0.000568,172.31.36.0-255,66,43688,10,146620
18154,0.000595,172.217.194.0-255,5738,49426,10,146620
18155,0.000598,172.31.36.0-255,66,49492,10,146620
18156,0.000618,172.31.36.0-255,66,49558,10,146620
18157,0.000658,172.217.194.0-255,5738,55296,10,146620
18158,0.00066,172.31.36.0-255,66,55362,10,146620
18159,0.000691,172.217.194.0-255,5888,61250,10,146620
18160,0.000693,172.31.36.0-255,66,61316,10,146620
18161,0.000718,172.31.36.0-255,66,61382,10,146620
18162,0.000749,172.217.194.0-255,5738,67120,10,146620
18163,0.000751,172.31.36.0-255,66,67186,10,146620
18164,0.000757,172.217.194.0-255,5020,72206,10,146620
18165,0.000759,172.31.36.0-255,66,72272,10,146620
18166,0.000775,172.31.36.0-255,66,72338,10,146620
18167,0.000786,172.31.36.0-255,66,72404,10,146620
18168,0.000806,172.31.36.0-255,66,72470,10,146620
18169,0.000856,172.31.36.0-255,66,72536,10,146620
18170,0.000868,172.31.36.0-255,66,72602,10,146620
18171,0.0009,172.217.194.0-255,4320,76922,10,146620
18172,0.000902,172.31.36.0-255,66,76988,10,146620
18173,0.000939,172.31.36.0-255,66,77054,10,146620
18174,0.000968,172.217.194.0-255,3602,80656,10,146620
18175,0.00097,172.31.36.0-255,66,80722,10,146620
18176,0.000973,172.217.194.0-255,1484,82206,10,146620
18177,0.000992,172.31.36.0-255,66,82272,10,146620
18178,0.001038,172.31.36.0-255,66,82338,10,146620
18179,0.001042,172.217.194.0-255,2184,84522,10,146620
18180,0.001044,172.31.36.0-255,66,84588,10,146620
18181,0.001051,172.217.194.0-255,5738,90326,10,146620
18182,0.001058,172.31.36.0-255,66,90392,10,146620
18183,0.001066,172.217.194.0-255,7156,97548,10,146620
18184,0.001068,172.31.36.0-255,66,97614,10,146620
18185,0.001084,172.31.36.0-255,66,97680,10,146620
18186,0.001137,172.31.36.0-255,66,97746,10,146620
18187,0.001172,172.217.194.0-255,2902,100648,10,146620
18188,0.001175,172.31.36.0-255,66,100714,10,146620
18189,0.001181,172.217.194.0-255,5020,105734,10,146620
18190,0.001183,172.31.36.0-255,66,105800,10,146620
18191,0.001194,172.217.194.0-255,5738,111538,10,146620
18192,0.001202,172.217.194.0-255,7156,118694,10,146620
18193,0.001206,172.217.194.0-255,2902,121596,10,146620
18194,0.001264,172.217.194.0-255,6438,128034,10,146620
18195,0.00128,172.217.194.0-255,1484,129518,10,146620
18196,0.001292,172.31.36.0-255,66,129584,10,146620
18197,0.001299,172.217.194.0-255,5738,135322,10,146620
18198,0.001309,172.31.36.0-255,66,135388,10,146620
18199,0.001352,172.217.194.0-255,5738,141126,10,146620
18200,0.001379,172.217.194.0-255,2184,143310,10,146620
18201,0.001384,172.217.194.0-255,2902,146212,10,146620
18202,0.001391,172.31.36.0-255,66,146278,10,146620
18203,0.001449,172.217.194.0-255,105,146383,10,146620
18204,0.001457,172.31.36.0-255,66,146449,10,146620
18205,0.004712,172.31.36.0-255,105,146554,10,146620
18206,0.007088,172.217.194.0-255,66,146620,10,146620
18207,0.0,74.125.68.0-255,150,150,10,270830
18208,2.4e-05,172.31.36.0-255,66,216,10,270830
18209,2.9e-05,74.125.68.0-255,1484,1700,10,270830
18210,3.3e-05,172.31.36.0-255,66,1766,10,270830
18211,3.7e-05,74.125.68.0-255,1484,3250,10,270830
18212,3.9e-05,172.31.36.0-255,66,3316,10,270830
18213,6e-05,74.125.68.0-255,1484,4800,10,270830
18214,6.2e-05,172.31.36.0-255,66,4866,10,270830
18215,6.5e-05,74.125.68.0-255,1484,6350,10,270830
18216,6.7e-05,172.31.36.0-255,66,6416,10,270830
18217,8.9e-05,74.125.68.0-255,5738,12154,10,270830
18218,9.2e-05,172.31.36.0-255,66,12220,10,270830
18219,9.5e-05,74.125.68.0-255,2066,14286,10,270830
18220,9.8e-05,172.31.36.0-255,66,14352,10,270830
18221,0.000102,74.125.68.0-255,2902,17254,10,270830
18222,0.000105,172.31.36.0-255,66,17320,10,270830
18223,0.000109,74.125.68.0-255,2902,20222,10,270830
18224,0.000111,172.31.36.0-255,66,20288,10,270830
18225,0.000134,74.125.68.0-255,4320,24608,10,270830
18226,0.000137,172.31.36.0-255,66,24674,10,270830
18227,0.000141,74.125.68.0-255,2902,27576,10,270830
18228,0.000143,172.31.36.0-255,66,27642,10,270830
18229,0.000148,74.125.68.0-255,3961,31603,10,270830
18230,0.00015,172.31.36.0-255,66,31669,10,270830
18231,0.000259,74.125.68.0-255,1484,33153,10,270830
18232,0.000264,172.31.36.0-255,66,33219,10,270830
18233,0.000268,74.125.68.0-255,1484,34703,10,270830
18234,0.00027,172.31.36.0-255,66,34769,10,270830
18235,0.000288,74.125.68.0-255,1484,36253,10,270830
18236,0.00029,172.31.36.0-255,66,36319,10,270830
18237,0.000293,74.125.68.0-255,1484,37803,10,270830
18238,0.000295,172.31.36.0-255,66,37869,10,270830
18239,0.000314,74.125.68.0-255,5738,43607,10,270830
18240,0.000317,172.31.36.0-255,66,43673,10,270830
18241,0.000336,74.125.68.0-255,1484,45157,10,270830
18242,0.000351,74.125.68.0-255,3961,49118,10,270830
18243,0.000354,172.31.36.0-255,66,49184,10,270830
18244,0.000357,74.125.68.0-255,1484,50668,10,270830
18245,0.000377,74.125.68.0-255,4320,54988,10,270830
18246,0.00038,172.31.36.0-255,66,55054,10,270830
18247,0.000385,74.125.68.0-255,2902,57956,10,270830
18248,0.000389,172.31.36.0-255,66,58022,10,270830
18249,0.000407,74.125.68.0-255,7156,65178,10,270830
18250,0.00041,172.31.36.0-255,66,65244,10,270830
18251,0.000429,74.125.68.0-255,1397,66641,10,270830
18252,0.00047,74.125.68.0-255,383,67024,10,270830
18253,0.000473,172.31.36.0-255,66,67090,10,270830
18254,0.000586,74.125.68.0-255,1484,68574,10,270830
18255,0.000602,74.125.68.0-255,2902,71476,10,270830
18256,0.000605,172.31.36.0-255,66,71542,10,270830
18257,0.000627,74.125.68.0-255,5738,77280,10,270830
18258,0.00063,172.31.36.0-255,66,77346,10,270830
18259,0.000636,74.125.68.0-255,4320,81666,10,270830
18260,0.000638,172.31.36.0-255,66,81732,10,270830
18261,0.000654,74.125.68.0-255,1484,83216,10,270830
18262,0.000658,74.125.68.0-255,2902,86118,10,270830
18263,0.00066,172.31.36.0-255,66,86184,10,270830
18264,0.000681,74.125.68.0-255,3961,90145,10,270830
18265,0.000683,172.31.36.0-255,66,90211,10,270830
18266,0.000689,74.125.68.0-255,4320,94531,10,270830
18267,0.000691,172.31.36.0-255,66,94597,10,270830
18268,0.000721,74.125.68.0-255,5738,100335,10,270830
18269,0.000724,172.31.36.0-255,66,100401,10,270830
18270,0.000727,74.125.68.0-255,1125,101526,10,270830
18271,0.001044,74.125.68.0-255,1484,103010,10,270830
18272,0.001048,172.31.36.0-255,66,103076,10,270830
18273,0.001062,74.125.68.0-255,2902,105978,10,270830
18274,0.001065,172.31.36.0-255,66,106044,10,270830
18275,0.001085,74.125.68.0-255,1484,107528,10,270830
18276,0.001103,74.125.68.0-255,2902,110430,10,270830
18277,0.001107,172.31.36.0-255,66,110496,10,270830
18278,0.001113,74.125.68.0-255,2902,113398,10,270830
18279,0.001115,172.31.36.0-255,66,113464,10,270830
18280,0.001128,74.125.68.0-255,2902,116366,10,270830
18281,0.001131,172.31.36.0-255,66,116432,10,270830
18282,0.001149,74.125.68.0-255,4320,120752,10,270830
18283,0.001152,172.31.36.0-255,66,120818,10,270830
18284,0.001174,74.125.68.0-255,4320,125138,10,270830
18285,0.001177,172.31.36.0-255,66,125204,10,270830
18286,0.001195,74.125.68.0-255,1484,126688,10,270830
18287,0.001201,74.125.68.0-255,4320,131008,10,270830
18288,0.001203,172.31.36.0-255,66,131074,10,270830
18289,0.001232,74.125.68.0-255,5020,136094,10,270830
18290,0.001236,172.31.36.0-255,66,136160,10,270830
18291,0.001395,74.125.68.0-255,1484,137644,10,270830
18292,0.001431,74.125.68.0-255,2902,140546,10,270830
18293,0.001435,172.31.36.0-255,66,140612,10,270830
18294,0.001439,74.125.68.0-255,1484,142096,10,270830
18295,0.001453,74.125.68.0-255,1484,143580,10,270830
18296,0.001456,172.31.36.0-255,66,143646,10,270830
18297,0.001469,74.125.68.0-255,1484,145130,10,270830
18298,0.00149,74.125.68.0-255,2902,148032,10,270830
18299,0.001493,172.31.36.0-255,66,148098,10,270830
18300,0.001511,74.125.68.0-255,5738,153836,10,270830
18301,0.001514,172.31.36.0-255,66,153902,10,270830
18302,0.001532,74.125.68.0-255,1484,155386,10,270830
18303,0.001536,74.125.68.0-255,1484,156870,10,270830
18304,0.001539,172.31.36.0-255,66,156936,10,270830
18305,0.001565,74.125.68.0-255,7156,164092,10,270830
18306,0.001568,172.31.36.0-255,66,164158,10,270830
18307,0.001574,74.125.68.0-255,4320,168478,10,270830
18308,0.001576,172.31.36.0-255,66,168544,10,270830
18309,0.001598,74.125.68.0-255,2184,170728,10,270830
18310,0.001601,172.31.36.0-255,66,170794,10,270830
18311,0.00173,74.125.68.0-255,1484,172278,10,270830
18312,0.001745,74.125.68.0-255,1484,173762,10,270830
18313,0.001749,172.31.36.0-255,66,173828,10,270830
18314,0.001772,74.125.68.0-255,2902,176730,10,270830
18315,0.001774,172.31.36.0-255,66,176796,10,270830
18316,0.001779,74.125.68.0-255,2902,179698,10,270830
18317,0.001781,172.31.36.0-255,66,179764,10,270830
18318,0.001795,74.125.68.0-255,2902,182666,10,270830
18319,0.001797,172.31.36.0-255,66,182732,10,270830
18320,0.001804,74.125.68.0-255,4320,187052,10,270830
18321,0.001806,172.31.36.0-255,66,187118,10,270830
18322,0.001842,74.125.68.0-255,2902,190020,10,270830
18323,0.001846,172.31.36.0-255,66,190086,10,270830
18324,0.00186,74.125.68.0-255,2902,192988,10,270830
18325,0.001862,172.31.36.0-255,66,193054,10,270830
18326,0.00187,74.125.68.0-255,7156,200210,10,270830
18327,0.001872,172.31.36.0-255,66,200276,10,270830
18328,0.00191,74.125.68.0-255,2902,203178,10,270830
18329,0.001913,172.31.36.0-255,66,203244,10,270830
18330,0.001929,74.125.68.0-255,2184,205428,10,270830
18331,0.001933,172.31.36.0-255,66,205494,10,270830
18332,0.002109,74.125.68.0-255,1484,206978,10,270830
18333,0.002113,74.125.68.0-255,1484,208462,10,270830
18334,0.002115,172.31.36.0-255,66,208528,10,270830
18335,0.00213,74.125.68.0-255,1484,210012,10,270830
18336,0.002147,74.125.68.0-255,5738,215750,10,270830
18337,0.00215,172.31.36.0-255,66,215816,10,270830
18338,0.002153,74.125.68.0-255,2902,218718,10,270830
18339,0.002155,172.31.36.0-255,66,218784,10,270830
18340,0.002158,74.125.68.0-255,1484,220268,10,270830
18341,0.002168,74.125.68.0-255,1484,221752,10,270830
18342,0.00217,172.31.36.0-255,66,221818,10,270830
18343,0.002181,74.125.68.0-255,1484,223302,10,270830
18344,0.002207,172.31.36.0-255,66,223368,10,270830
18345,0.002212,74.125.68.0-255,4320,227688,10,270830
18346,0.002214,172.31.36.0-255,66,227754,10,270830
18347,0.002231,74.125.68.0-255,1484,229238,10,270830
18348,0.002245,74.125.68.0-255,2184,231422,10,270830
18349,0.002247,172.31.36.0-255,66,231488,10,270830
18350,0.004423,74.125.68.0-255,1484,232972,10,270830
18351,0.004445,74.125.68.0-255,2902,235874,10,270830
18352,0.004448,172.31.36.0-255,66,235940,10,270830
18353,0.00446,74.125.68.0-255,1484,237424,10,270830
18354,0.006667,74.125.68.0-255,4320,241744,10,270830
18355,0.006672,172.31.36.0-255,66,241810,10,270830
18356,0.008885,74.125.68.0-255,5738,247548,10,270830
18357,0.008891,172.31.36.0-255,66,247614,10,270830
18358,0.0111,74.125.68.0-255,5738,253352,10,270830
18359,0.011108,172.31.36.0-255,66,253418,10,270830
18360,0.013337,74.125.68.0-255,5738,259156,10,270830
18361,0.013345,172.31.36.0-255,66,259222,10,270830
18362,0.015582,74.125.68.0-255,5738,264960,10,270830
18363,0.01559,172.31.36.0-255,66,265026,10,270830
18364,0.017821,74.125.68.0-255,5738,270764,10,270830
18365,0.01783,172.31.36.0-255,66,270830,10,270830
18366,0.0,74.125.68.0-255,153,153,10,90444
18367,2.3e-05,172.31.36.0-255,66,219,10,90444
18368,3e-05,74.125.68.0-255,1484,1703,10,90444
18369,3.4e-05,172.31.36.0-255,66,1769,10,90444
18370,3.9e-05,74.125.68.0-255,2902,4671,10,90444
18371,4.2e-05,172.31.36.0-255,66,4737,10,90444
18372,6e-05,74.125.68.0-255,1484,6221,10,90444
18373,6.9e-05,172.31.36.0-255,66,6287,10,90444
18374,9.3e-05,74.125.68.0-255,1484,7771,10,90444
18375,9.6e-05,172.31.36.0-255,66,7837,10,90444
18376,0.00011,74.125.68.0-255,4320,12157,10,90444
18377,0.000117,172.31.36.0-255,66,12223,10,90444
18378,0.000205,172.31.36.0-255,66,12289,10,90444
18379,0.000376,172.31.36.0-255,66,12355,10,90444
18380,0.000542,74.125.68.0-255,7156,19511,10,90444
18381,0.000549,172.31.36.0-255,66,19577,10,90444
18382,0.000559,74.125.68.0-255,2902,22479,10,90444
18383,0.000561,172.31.36.0-255,66,22545,10,90444
18384,0.000715,74.125.68.0-255,7156,29701,10,90444
18385,0.000719,172.31.36.0-255,66,29767,10,90444
18386,0.00076,172.31.36.0-255,66,29833,10,90444
18387,0.001088,74.125.68.0-255,2854,32687,10,90444
18388,0.001092,172.31.36.0-255,66,32753,10,90444
18389,0.001105,74.125.68.0-255,343,33096,10,90444
18390,0.001111,172.31.36.0-255,66,33162,10,90444
18391,0.001142,74.125.68.0-255,5738,38900,10,90444
18392,0.001145,172.31.36.0-255,66,38966,10,90444
18393,0.001182,172.31.36.0-255,66,39032,10,90444
18394,0.001451,74.125.68.0-255,2902,41934,10,90444
18395,0.001456,172.31.36.0-255,66,42000,10,90444
18396,0.001501,172.31.36.0-255,66,42066,10,90444
18397,0.001753,74.125.68.0-255,4320,46386,10,90444
18398,0.001758,172.31.36.0-255,66,46452,10,90444
18399,0.001779,74.125.68.0-255,2902,49354,10,90444
18400,0.001782,172.31.36.0-255,66,49420,10,90444
18401,0.001887,172.31.36.0-255,66,49486,10,90444
18402,0.00193,172.31.36.0-255,66,49552,10,90444
18403,0.002307,172.31.36.0-255,66,49618,10,90444
18404,0.002361,172.31.36.0-255,66,49684,10,90444
18405,0.002965,172.31.36.0-255,66,49750,10,90444
18406,0.003012,172.31.36.0-255,66,49816,10,90444
18407,0.005242,74.125.68.0-255,5738,55554,10,90444
18408,0.005253,172.31.36.0-255,66,55620,10,90444
18409,0.007485,74.125.68.0-255,5738,61358,10,90444
18410,0.007493,172.31.36.0-255,66,61424,10,90444
18411,0.009736,74.125.68.0-255,5738,67162,10,90444
18412,0.009745,172.31.36.0-255,66,67228,10,90444
18413,0.011988,74.125.68.0-255,5738,72966,10,90444
18414,0.011996,172.31.36.0-255,66,73032,10,90444
18415,0.014235,74.125.68.0-255,5738,78770,10,90444
18416,0.014247,172.31.36.0-255,66,78836,10,90444
18417,0.016486,74.125.68.0-255,5738,84574,10,90444
18418,0.016491,172.31.36.0-255,66,84640,10,90444
18419,0.018723,74.125.68.0-255,5738,90378,10,90444
18420,0.018733,172.31.36.0-255,66,90444,10,90444
18421,0.0,74.125.24.0-255,153,153,10,135313
18422,2.4e-05,172.31.36.0-255,66,219,10,135313
18423,3.2e-05,74.125.24.0-255,1484,1703,10,135313
18424,3.6e-05,172.31.36.0-255,66,1769,10,135313
18425,4.2e-05,74.125.24.0-255,2902,4671,10,135313
18426,4.4e-05,172.31.36.0-255,66,4737,10,135313
18427,5.3e-05,74.125.24.0-255,7156,11893,10,135313
18428,5.5e-05,172.31.36.0-255,66,11959,10,135313
18429,9.1e-05,172.31.36.0-255,66,12025,10,135313
18430,0.000118,172.31.36.0-255,66,12091,10,135313
18431,0.000122,74.125.24.0-255,2543,14634,10,135313
18432,0.000125,172.31.36.0-255,66,14700,10,135313
18433,0.000266,74.125.24.0-255,1484,16184,10,135313
18434,0.000271,172.31.36.0-255,66,16250,10,135313
18435,0.000277,74.125.24.0-255,2902,19152,10,135313
18436,0.000279,172.31.36.0-255,66,19218,10,135313
18437,0.000301,74.125.24.0-255,2902,22120,10,135313
18438,0.000303,172.31.36.0-255,66,22186,10,135313
18439,0.000309,74.125.24.0-255,4320,26506,10,135313
18440,0.000311,172.31.36.0-255,66,26572,10,135313
18441,0.000316,74.125.24.0-255,2902,29474,10,135313
18442,0.000318,172.31.36.0-255,66,29540,10,135313
18443,0.000341,74.125.24.0-255,2543,32083,10,135313
18444,0.000344,172.31.36.0-255,66,32149,10,135313
18445,0.000384,172.31.36.0-255,66,32215,10,135313
18446,0.000391,74.125.24.0-255,5379,37594,10,135313
18447,0.000393,172.31.36.0-255,66,37660,10,135313
18448,0.000396,74.125.24.0-255,413,38073,10,135313
18449,0.000398,172.31.36.0-255,66,38139,10,135313
18450,0.000453,74.125.24.0-255,330,38469,10,135313
18451,0.001048,172.31.36.0-255,66,38535,10,135313
18452,0.001409,74.125.24.0-255,1484,40019,10,135313
18453,0.001419,74.125.24.0-255,2902,42921,10,135313
18454,0.001424,74.125.24.0-255,2902,45823,10,135313
18455,0.001438,74.125.24.0-255,2902,48725,10,135313
18456,0.001442,74.125.24.0-255,2902,51627,10,135313
18457,0.001489,74.125.24.0-255,1484,53111,10,135313
18458,0.00151,74.125.24.0-255,5738,58849,10,135313
18459,0.001534,74.125.24.0-255,3602,62451,10,135313
18460,0.001548,74.125.24.0-255,1484,63935,10,135313
18461,0.001613,74.125.24.0-255,1484,65419,10,135313
18462,0.001633,74.125.24.0-255,2184,67603,10,135313
18463,0.002115,74.125.24.0-255,1484,69087,10,135313
18464,0.002124,74.125.24.0-255,2902,71989,10,135313
18465,0.002135,74.125.24.0-255,1484,73473,10,135313
18466,0.002153,74.125.24.0-255,1484,74957,10,135313
18467,0.00218,74.125.24.0-255,4320,79277,10,135313
18468,0.002222,74.125.24.0-255,2902,82179,10,135313
18469,0.002235,74.125.24.0-255,1484,83663,10,135313
18470,0.002242,74.125.24.0-255,5738,89401,10,135313
18471,0.002261,74.125.24.0-255,1484,90885,10,135313
18472,0.00228,74.125.24.0-255,2902,93787,10,135313
18473,0.002306,74.125.24.0-255,1484,95271,10,135313
18474,0.002342,74.125.24.0-255,2902,98173,10,135313
18475,0.002371,74.125.24.0-255,3602,101775,10,135313
18476,0.002837,172.31.36.0-255,66,101841,10,135313
18477,0.005444,74.125.24.0-255,4320,106161,10,135313
18478,0.00545,172.31.36.0-255,66,106227,10,135313
18479,0.00547,74.125.24.0-255,1484,107711,10,135313
18480,0.007972,74.125.24.0-255,4320,112031,10,135313
18481,0.008451,172.31.36.0-255,66,112097,10,135313
18482,0.011013,74.125.24.0-255,5738,117835,10,135313
18483,0.011024,172.31.36.0-255,66,117901,10,135313
18484,0.013595,74.125.24.0-255,5738,123639,10,135313
18485,0.013911,172.31.36.0-255,66,123705,10,135313
18486,0.016459,74.125.24.0-255,5738,129443,10,135313
18487,0.01647,172.31.36.0-255,66,129509,10,135313
18488,0.019018,74.125.24.0-255,5738,135247,10,135313
18489,0.019025,172.31.36.0-255,66,135313,10,135313
18490,0.0,74.125.24.0-255,149,149,10,156245
18491,2.6e-05,172.31.36.0-255,66,215,10,156245
18492,3.3e-05,74.125.24.0-255,1484,1699,10,156245
18493,3.7e-05,172.31.36.0-255,66,1765,10,156245
18494,4.1e-05,74.125.24.0-255,2902,4667,10,156245
18495,4.4e-05,172.31.36.0-255,66,4733,10,156245
18496,5.8e-05,74.125.24.0-255,7156,11889,10,156245
18497,6.1e-05,172.31.36.0-255,66,11955,10,156245
18498,6.4e-05,74.125.24.0-255,1484,13439,10,156245
18499,6.6e-05,172.31.36.0-255,66,13505,10,156245
18500,0.00011,172.31.36.0-255,66,13571,10,156245
18501,0.000117,74.125.24.0-255,6797,20368,10,156245
18502,0.000119,172.31.36.0-255,66,20434,10,156245
18503,0.000325,74.125.24.0-255,1484,21918,10,156245
18504,0.00033,172.31.36.0-255,66,21984,10,156245
18505,0.000336,74.125.24.0-255,2902,24886,10,156245
18506,0.000339,172.31.36.0-255,66,24952,10,156245
18507,0.000345,74.125.24.0-255,4320,29272,10,156245
18508,0.000355,172.31.36.0-255,66,29338,10,156245
18509,0.000389,74.125.24.0-255,1484,30822,10,156245
18510,0.000395,172.31.36.0-255,66,30888,10,156245
18511,0.000397,74.125.24.0-255,6797,37685,10,156245
18512,0.0004,172.31.36.0-255,66,37751,10,156245
18513,0.000406,172.31.36.0-255,66,37817,10,156245
18514,0.000441,74.125.24.0-255,5738,43555,10,156245
18515,0.000445,172.31.36.0-255,66,43621,10,156245
18516,0.00045,74.125.24.0-255,2543,46164,10,156245
18517,0.000452,172.31.36.0-255,66,46230,10,156245
18518,0.001256,74.125.24.0-255,647,46877,10,156245
18519,0.001263,172.31.36.0-255,66,46943,10,156245
18520,0.001801,74.125.24.0-255,1484,48427,10,156245
18521,0.001815,74.125.24.0-255,1484,49911,10,156245
18522,0.001817,172.31.36.0-255,66,49977,10,156245
18523,0.001843,74.125.24.0-255,1484,51461,10,156245
18524,0.001849,74.125.24.0-255,5738,57199,10,156245
18525,0.001852,172.31.36.0-255,66,57265,10,156245
18526,0.001856,74.125.24.0-255,2902,60167,10,156245
18527,0.001858,172.31.36.0-255,66,60233,10,156245
18528,0.001884,74.125.24.0-255,5738,65971,10,156245
18529,0.001886,172.31.36.0-255,66,66037,10,156245
18530,0.001891,74.125.24.0-255,4320,70357,10,156245
18531,0.001893,172.31.36.0-255,66,70423,10,156245
18532,0.001918,74.125.24.0-255,5738,76161,10,156245
18533,0.00192,172.31.36.0-255,66,76227,10,156245
18534,0.001945,74.125.24.0-255,5020,81247,10,156245
18535,0.001947,172.31.36.0-255,66,81313,10,156245
18536,0.002244,74.125.24.0-255,1484,82797,10,156245
18537,0.002264,74.125.24.0-255,2902,85699,10,156245
18538,0.002266,172.31.36.0-255,66,85765,10,156245
18539,0.002292,74.125.24.0-255,5738,91503,10,156245
18540,0.002294,172.31.36.0-255,66,91569,10,156245
18541,0.002321,74.125.24.0-255,5738,97307,10,156245
18542,0.002323,172.31.36.0-255,66,97373,10,156245
18543,0.002349,74.125.24.0-255,7156,104529,10,156245
18544,0.002352,172.31.36.0-255,66,104595,10,156245
18545,0.002381,74.125.24.0-255,1484,106079,10,156245
18546,0.002394,74.125.24.0-255,5738,111817,10,156245
18547,0.002396,172.31.36.0-255,66,111883,10,156245
18548,0.002425,74.125.24.0-255,3602,115485,10,156245
18549,0.002427,172.31.36.0-255,66,115551,10,156245
18550,0.004742,74.125.24.0-255,1484,117035,10,156245
18551,0.004759,74.125.24.0-255,4320,121355,10,156245
18552,0.004764,172.31.36.0-255,66,121421,10,156245
18553,0.007121,74.125.24.0-255,5738,127159,10,156245
18554,0.007127,172.31.36.0-255,66,127225,10,156245
18555,0.009488,74.125.24.0-255,5738,132963,10,156245
18556,0.009495,172.31.36.0-255,66,133029,10,156245
18557,0.011845,74.125.24.0-255,5738,138767,10,156245
18558,0.011853,172.31.36.0-255,66,138833,10,156245
18559,0.014231,74.125.24.0-255,5738,144571,10,156245
18560,0.014241,172.31.36.0-255,66,144637,10,156245
18561,0.016625,74.125.24.0-255,5738,150375,10,156245
18562,0.016634,172.31.36.0-255,66,150441,10,156245
18563,0.018996,74.125.24.0-255,5738,156179,10,156245
18564,0.019004,172.31.36.0-255,66,156245,10,156245
18565,0.0,74.125.24.0-255,150,150,10,165553
18566,3.4e-05,172.31.36.0-255,66,216,10,165553
18567,4.2e-05,74.125.24.0-255,1484,1700,10,165553
18568,4.7e-05,172.31.36.0-255,66,1766,10,165553
18569,5.3e-05,74.125.24.0-255,2902,4668,10,165553
18570,5.5e-05,172.31.36.0-255,66,4734,10,165553
18571,6.2e-05,74.125.24.0-255,7156,11890,10,165553
18572,6.4e-05,172.31.36.0-255,66,11956,10,165553
18573,9.3e-05,172.31.36.0-255,66,12022,10,165553
18574,0.000104,172.31.36.0-255,66,12088,10,165553
18575,0.00019,74.125.24.0-255,1484,13572,10,165553
18576,0.000194,172.31.36.0-255,66,13638,10,165553
18577,0.000201,74.125.24.0-255,2902,16540,10,165553
18578,0.000203,172.31.36.0-255,66,16606,10,165553
18579,0.000213,74.125.24.0-255,5738,22344,10,165553
18580,0.000215,172.31.36.0-255,66,22410,10,165553
18581,0.00025,172.31.36.0-255,66,22476,10,165553
18582,0.000257,74.125.24.0-255,5738,28214,10,165553
18583,0.000259,172.31.36.0-255,66,28280,10,165553
18584,0.000283,74.125.24.0-255,3961,32241,10,165553
18585,0.000286,172.31.36.0-255,66,32307,10,165553
18586,0.000288,74.125.24.0-255,364,32671,10,165553
18587,0.00029,172.31.36.0-255,66,32737,10,165553
18588,0.00035,74.125.24.0-255,382,33119,10,165553
18589,0.000354,172.31.36.0-255,66,33185,10,165553
18590,0.000482,74.125.24.0-255,1484,34669,10,165553
18591,0.000487,172.31.36.0-255,66,34735,10,165553
18592,0.000491,74.125.24.0-255,1484,36219,10,165553
18593,0.000495,172.31.36.0-255,66,36285,10,165553
18594,0.000505,74.125.24.0-255,1484,37769,10,165553
18595,0.000513,74.125.24.0-255,4320,42089,10,165553
18596,0.000523,172.31.36.0-255,66,42155,10,165553
18597,0.00053,74.125.24.0-255,1484,43639,10,165553
18598,0.000536,74.125.24.0-255,4320,47959,10,165553
18599,0.00054,172.31.36.0-255,66,48025,10,165553
18600,0.00055,74.125.24.0-255,3961,51986,10,165553
18601,0.000555,172.31.36.0-255,66,52052,10,165553
18602,0.00059,172.31.36.0-255,66,52118,10,165553
18603,0.000599,74.125.24.0-255,6797,58915,10,165553
18604,0.000608,172.31.36.0-255,66,58981,10,165553
18605,0.00118,74.125.24.0-255,1484,60465,10,165553
18606,0.001189,74.125.24.0-255,2902,63367,10,165553
18607,0.001194,172.31.36.0-255,66,63433,10,165553
18608,0.001198,74.125.24.0-255,1484,64917,10,165553
18609,0.001215,74.125.24.0-255,4320,69237,10,165553
18610,0.001217,172.31.36.0-255,66,69303,10,165553
18611,0.001221,74.125.24.0-255,1484,70787,10,165553
18612,0.001254,74.125.24.0-255,7156,77943,10,165553
18613,0.001288,74.125.24.0-255,3602,81545,10,165553
18614,0.001422,74.125.24.0-255,1484,83029,10,165553
18615,0.001455,74.125.24.0-255,1484,84513,10,165553
18616,0.001468,74.125.24.0-255,1484,85997,10,165553
18617,0.001472,74.125.24.0-255,2902,88899,10,165553
18618,0.001495,74.125.24.0-255,2902,91801,10,165553
18619,0.001509,74.125.24.0-255,2902,94703,10,165553
18620,0.001524,74.125.24.0-255,1484,96187,10,165553
18621,0.00155,74.125.24.0-255,6438,102625,10,165553
18622,0.002276,74.125.24.0-255,1484,104109,10,165553
18623,0.002296,74.125.24.0-255,2902,107011,10,165553
18624,0.002302,74.125.24.0-255,5738,112749,10,165553
18625,0.00233,74.125.24.0-255,7156,119905,10,165553
18626,0.002354,74.125.24.0-255,5738,125643,10,165553
18627,0.00236,74.125.24.0-255,7156,132799,10,165553
18628,0.002371,74.125.24.0-255,1484,134283,10,165553
18629,0.002375,74.125.24.0-255,2184,136467,10,165553
18630,0.006651,172.31.36.0-255,66,136533,10,165553
18631,0.00903,74.125.24.0-255,5738,142271,10,165553
18632,0.009037,172.31.36.0-255,66,142337,10,165553
18633,0.011408,74.125.24.0-255,5738,148075,10,165553
18634,0.012152,172.31.36.0-255,66,148141,10,165553
18635,0.014519,74.125.24.0-255,5738,153879,10,165553
18636,0.014529,172.31.36.0-255,66,153945,10,165553
18637,0.016893,74.125.24.0-255,5738,159683,10,165553
18638,0.016903,172.31.36.0-255,66,159749,10,165553
18639,0.01929,74.125.24.0-255,5738,165487,10,165553
18640,0.019297,172.31.36.0-255,66,165553,10,165553
18641,0.0,172.217.194.0-255,153,153,10,212929
18642,2.5e-05,172.31.36.0-255,66,219,10,212929
18643,3.3e-05,172.217.194.0-255,1484,1703,10,212929
18644,3.8e-05,172.31.36.0-255,66,1769,10,212929
18645,5.3e-05,172.217.194.0-255,2902,4671,10,212929
18646,5.6e-05,172.31.36.0-255,66,4737,10,212929
18647,6.1e-05,172.217.194.0-255,2902,7639,10,212929
18648,6.5e-05,172.31.36.0-255,66,7705,10,212929
18649,8.8e-05,172.217.194.0-255,2902,10607,10,212929
18650,9.1e-05,172.31.36.0-255,66,10673,10,212929
18651,0.000126,172.217.194.0-255,3511,14184,10,212929
18652,0.000129,172.31.36.0-255,66,14250,10,212929
18653,0.000137,172.217.194.0-255,7156,21406,10,212929
18654,0.00014,172.31.36.0-255,66,21472,10,212929
18655,0.000146,172.217.194.0-255,5738,27210,10,212929
18656,0.000149,172.31.36.0-255,66,27276,10,212929
18657,0.000193,172.217.194.0-255,4320,31596,10,212929
18658,0.000195,172.31.36.0-255,66,31662,10,212929
18659,0.000234,172.31.36.0-255,66,31728,10,212929
18660,0.000241,172.217.194.0-255,5379,37107,10,212929
18661,0.000243,172.31.36.0-255,66,37173,10,212929
18662,0.000299,172.217.194.0-255,4320,41493,10,212929
18663,0.000302,172.31.36.0-255,66,41559,10,212929
18664,0.000327,172.217.194.0-255,1484,43043,10,212929
18665,0.000331,172.31.36.0-255,66,43109,10,212929
18666,0.000339,172.217.194.0-255,7156,50265,10,212929
18667,0.000342,172.31.36.0-255,66,50331,10,212929
18668,0.000348,172.217.194.0-255,3961,54292,10,212929
18669,0.000351,172.31.36.0-255,66,54358,10,212929
18670,0.000354,172.217.194.0-255,362,54720,10,212929
18671,0.000356,172.31.36.0-255,66,54786,10,212929
18672,0.000393,172.217.194.0-255,381,55167,10,212929
18673,0.000711,172.217.194.0-255,1484,56651,10,212929
18674,0.000718,172.31.36.0-255,66,56717,10,212929
18675,0.000723,172.217.194.0-255,2902,59619,10,212929
18676,0.000725,172.31.36.0-255,66,59685,10,212929
18677,0.000729,172.217.194.0-255,1484,61169,10,212929
18678,0.000772,172.217.194.0-255,4320,65489,10,212929
18679,0.000775,172.217.194.0-255,1484,66973,10,212929
18680,0.000789,172.31.36.0-255,66,67039,10,212929
18681,0.000798,172.31.36.0-255,66,67105,10,212929
18682,0.000815,172.31.36.0-255,66,67171,10,212929
18683,0.000849,172.217.194.0-255,3602,70773,10,212929
18684,0.000852,172.31.36.0-255,66,70839,10,212929
18685,0.001193,172.217.194.0-255,1484,72323,10,212929
18686,0.001199,172.217.194.0-255,1484,73807,10,212929
18687,0.001202,172.31.36.0-255,66,73873,10,212929
18688,0.00123,172.217.194.0-255,1484,75357,10,212929
18689,0.001238,172.217.194.0-255,5738,81095,10,212929
18690,0.001241,172.31.36.0-255,66,81161,10,212929
18691,0.001304,172.31.36.0-255,66,81227,10,212929
18692,0.00132,172.31.36.0-255,66,81293,10,212929
18693,0.001326,172.217.194.0-255,5020,86313,10,212929
18694,0.001328,172.31.36.0-255,66,86379,10,212929
18695,0.001376,172.217.194.0-255,1484,87863,10,212929
18696,0.001381,172.217.194.0-255,2902,90765,10,212929
18697,0.001384,172.31.36.0-255,66,90831,10,212929
18698,0.001415,172.217.194.0-255,5738,96569,10,212929
18699,0.001418,172.31.36.0-255,66,96635,10,212929
18700,0.001424,172.217.194.0-255,4320,100955,10,212929
18701,0.001426,172.31.36.0-255,66,101021,10,212929
18702,0.001475,172.217.194.0-255,5738,106759,10,212929
18703,0.001479,172.31.36.0-255,66,106825,10,212929
18704,0.001494,172.31.36.0-255,66,106891,10,212929
18705,0.001497,172.217.194.0-255,766,107657,10,212929
18706,0.001566,172.217.194.0-255,1484,109141,10,212929
18707,0.00157,172.31.36.0-255,66,109207,10,212929
18708,0.001577,172.217.194.0-255,2902,112109,10,212929
18709,0.001579,172.31.36.0-255,66,112175,10,212929
18710,0.001615,172.217.194.0-255,5738,117913,10,212929
18711,0.001618,172.31.36.0-255,66,117979,10,212929
18712,0.001623,172.217.194.0-255,2902,120881,10,212929
18713,0.001625,172.31.36.0-255,66,120947,10,212929
18714,0.001669,172.217.194.0-255,7156,128103,10,212929
18715,0.001673,172.31.36.0-255,66,128169,10,212929
18716,0.001687,172.31.36.0-255,66,128235,10,212929
18717,0.001689,172.217.194.0-255,766,129001,10,212929
18718,0.001885,172.217.194.0-255,1484,130485,10,212929
18719,0.001889,172.31.36.0-255,66,130551,10,212929
18720,0.001894,172.217.194.0-255,2902,133453,10,212929
18721,0.001897,172.31.36.0-255,66,133519,10,212929
18722,0.001901,172.217.194.0-255,1484,135003,10,212929
18723,0.001928,172.217.194.0-255,4320,139323,10,212929
18724,0.001931,172.31.36.0-255,66,139389,10,212929
18725,0.001939,172.217.194.0-255,7156,146545,10,212929
18726,0.001941,172.31.36.0-255,66,146611,10,212929
18727,0.001964,172.217.194.0-255,5738,152349,10,212929
18728,0.001967,172.31.36.0-255,66,152415,10,212929
18729,0.001985,172.31.36.0-255,66,152481,10,212929
18730,0.002038,172.217.194.0-255,1484,153965,10,212929
18731,0.002044,172.217.194.0-255,2902,156867,10,212929
18732,0.002046,172.31.36.0-255,66,156933,10,212929
18733,0.002074,172.217.194.0-255,5738,162671,10,212929
18734,0.00208,172.31.36.0-255,66,162737,10,212929
18735,0.002088,172.217.194.0-255,1484,164221,10,212929
18736,0.002131,172.31.36.0-255,66,164287,10,212929
18737,0.002144,172.31.36.0-255,66,164353,10,212929
18738,0.002337,172.217.194.0-255,1484,165837,10,212929
18739,0.002356,172.217.194.0-255,2902,168739,10,212929
18740,0.00236,172.31.36.0-255,66,168805,10,212929
18741,0.002386,172.217.194.0-255,2902,171707,10,212929
18742,0.00239,172.31.36.0-255,66,171773,10,212929
18743,0.004685,172.217.194.0-255,2902,174675,10,212929
18744,0.004699,172.31.36.0-255,66,174741,10,212929
18745,0.004728,172.217.194.0-255,2902,177643,10,212929
18746,0.004731,172.31.36.0-255,66,177709,10,212929
18747,0.007033,172.217.194.0-255,2902,180611,10,212929
18748,0.007037,172.31.36.0-255,66,180677,10,212929
18749,0.007063,172.217.194.0-255,2902,183579,10,212929
18750,0.007066,172.31.36.0-255,66,183645,10,212929
18751,0.009376,172.217.194.0-255,2902,186547,10,212929
18752,0.009383,172.31.36.0-255,66,186613,10,212929
18753,0.009447,172.217.194.0-255,2902,189515,10,212929
18754,0.009451,172.31.36.0-255,66,189581,10,212929
18755,0.011756,172.217.194.0-255,2902,192483,10,212929
18756,0.011771,172.31.36.0-255,66,192549,10,212929
18757,0.011803,172.217.194.0-255,2902,195451,10,212929
18758,0.011807,172.31.36.0-255,66,195517,10,212929
18759,0.014152,172.217.194.0-255,5738,201255,10,212929
18760,0.014167,172.31.36.0-255,66,201321,10,212929
18761,0.016539,172.217.194.0-255,5738,207059,10,212929
18762,0.016555,172.31.36.0-255,66,207125,10,212929
18763,0.018956,172.217.194.0-255,5738,212863,10,212929
18764,0.018973,172.31.36.0-255,66,212929,10,212929
18765,0.0,172.217.27.0-255,291,291,10,119520
18766,1.9e-05,172.31.36.0-255,66,357,10,119520
18767,2.5e-05,172.217.27.0-255,1484,1841,10,119520
18768,3e-05,172.31.36.0-255,66,1907,10,119520
18769,3.3e-05,172.217.27.0-255,1484,3391,10,119520
18770,3.5e-05,172.31.36.0-255,66,3457,10,119520
18771,4e-05,172.217.27.0-255,2902,6359,10,119520
18772,4.3e-05,172.31.36.0-255,66,6425,10,119520
18773,5e-05,172.217.27.0-255,5738,12163,10,119520
18774,5.3e-05,172.31.36.0-255,66,12229,10,119520
18775,9e-05,172.217.27.0-255,1868,14097,10,119520
18776,9.4e-05,172.31.36.0-255,66,14163,10,119520
18777,0.000391,172.217.27.0-255,1484,15647,10,119520
18778,0.000399,172.31.36.0-255,66,15713,10,119520
18779,0.000405,172.217.27.0-255,2902,18615,10,119520
18780,0.000407,172.31.36.0-255,66,18681,10,119520
18781,0.000413,172.217.27.0-255,5738,24419,10,119520
18782,0.000415,172.31.36.0-255,66,24485,10,119520
18783,0.000436,172.217.27.0-255,4320,28805,10,119520
18784,0.000439,172.31.36.0-255,66,28871,10,119520
18785,0.000468,172.217.27.0-255,2543,31414,10,119520
18786,0.000472,172.31.36.0-255,66,31480,10,119520
18787,0.000572,172.217.27.0-255,1484,32964,10,119520
18788,0.000578,172.31.36.0-255,66,33030,10,119520
18789,0.000584,172.217.27.0-255,2902,35932,10,119520
18790,0.000587,172.31.36.0-255,66,35998,10,119520
18791,0.00059,172.217.27.0-255,1484,37482,10,119520
18792,0.000592,172.31.36.0-255,66,37548,10,119520
18793,0.000606,172.217.27.0-255,1484,39032,10,119520
18794,0.00061,172.31.36.0-255,66,39098,10,119520
18795,0.000617,172.217.27.0-255,4320,43418,10,119520
18796,0.000619,172.31.36.0-255,66,43484,10,119520
18797,0.000668,172.31.36.0-255,66,43550,10,119520
18798,0.00068,172.31.36.0-255,66,43616,10,119520
18799,0.000684,172.217.27.0-255,2543,46159,10,119520
18800,0.000686,172.31.36.0-255,66,46225,10,119520
18801,0.00071,172.217.27.0-255,393,46618,10,119520
18802,0.001016,172.217.27.0-255,117,46735,10,119520
18803,0.001249,172.217.27.0-255,1484,48219,10,119520
18804,0.001255,172.31.36.0-255,66,48285,10,119520
18805,0.001262,172.217.27.0-255,2902,51187,10,119520
18806,0.001264,172.31.36.0-255,66,51253,10,119520
18807,0.00127,172.217.27.0-255,5738,56991,10,119520
18808,0.001272,172.31.36.0-255,66,57057,10,119520
18809,0.001317,172.31.36.0-255,66,57123,10,119520
18810,0.001329,172.31.36.0-255,66,57189,10,119520
18811,0.001332,172.217.27.0-255,1125,58314,10,119520
18812,0.001638,172.31.36.0-255,66,58380,10,119520
18813,0.002978,172.217.27.0-255,4320,62700,10,119520
18814,0.002982,172.31.36.0-255,66,62766,10,119520
18815,0.003276,172.217.27.0-255,1484,64250,10,119520
18816,0.004633,172.217.27.0-255,4320,68570,10,119520
18817,0.004639,172.31.36.0-255,66,68636,10,119520
18818,0.006284,172.217.27.0-255,4320,72956,10,119520
18819,0.006288,172.31.36.0-255,66,73022,10,119520
18820,0.006307,172.217.27.0-255,1484,74506,10,119520
18821,0.007951,172.217.27.0-255,4320,78826,10,119520
18822,0.007958,172.31.36.0-255,66,78892,10,119520
18823,0.009619,172.217.27.0-255,5738,84630,10,119520
18824,0.009626,172.31.36.0-255,66,84696,10,119520
18825,0.011285,172.217.27.0-255,5738,90434,10,119520
18826,0.011291,172.31.36.0-255,66,90500,10,119520
18827,0.012952,172.217.27.0-255,5738,96238,10,119520
18828,0.012961,172.31.36.0-255,66,96304,10,119520
18829,0.01462,172.217.27.0-255,5738,102042,10,119520
18830,0.014628,172.31.36.0-255,66,102108,10,119520
18831,0.016301,172.217.27.0-255,5738,107846,10,119520
18832,0.016308,172.31.36.0-255,66,107912,10,119520
18833,0.017973,172.217.27.0-255,5738,113650,10,119520
18834,0.01798,172.31.36.0-255,66,113716,10,119520
18835,0.019637,172.217.27.0-255,5738,119454,10,119520
18836,0.019643,172.31.36.0-255,66,119520,10,119520
18837,0.0,172.253.118.0-255,163,163,10,148154
18838,3.1e-05,172.31.36.0-255,66,229,10,148154
18839,3.8e-05,172.253.118.0-255,1484,1713,10,148154
18840,4.1e-05,172.31.36.0-255,66,1779,10,148154
18841,4.7e-05,172.253.118.0-255,2902,4681,10,148154
18842,5e-05,172.31.36.0-255,66,4747,10,148154
18843,5.8e-05,172.253.118.0-255,7156,11903,10,148154
18844,6e-05,172.31.36.0-255,66,11969,10,148154
18845,6.3e-05,172.253.118.0-255,1484,13453,10,148154
18846,6.6e-05,172.31.36.0-255,66,13519,10,148154
18847,9.3e-05,172.253.118.0-255,2053,15572,10,148154
18848,9.7e-05,172.31.36.0-255,66,15638,10,148154
18849,0.000104,172.253.118.0-255,4320,19958,10,148154
18850,0.000106,172.31.36.0-255,66,20024,10,148154
18851,0.000118,172.253.118.0-255,1484,21508,10,148154
18852,0.00012,172.31.36.0-255,66,21574,10,148154
18853,0.000123,172.253.118.0-255,1484,23058,10,148154
18854,0.000126,172.31.36.0-255,66,23124,10,148154
18855,0.000146,172.253.118.0-255,5738,28862,10,148154
18856,0.000149,172.31.36.0-255,66,28928,10,148154
18857,0.000153,172.253.118.0-255,2543,31471,10,148154
18858,0.000156,172.31.36.0-255,66,31537,10,148154
18859,0.000225,172.253.118.0-255,1484,33021,10,148154
18860,0.000229,172.31.36.0-255,66,33087,10,148154
18861,0.000232,172.253.118.0-255,1484,34571,10,148154
18862,0.000234,172.31.36.0-255,66,34637,10,148154
18863,0.000245,172.253.118.0-255,1484,36121,10,148154
18864,0.000247,172.31.36.0-255,66,36187,10,148154
18865,0.000253,172.253.118.0-255,2902,39089,10,148154
18866,0.000256,172.31.36.0-255,66,39155,10,148154
18867,0.000273,172.253.118.0-255,1484,40639,10,148154
18868,0.000277,172.31.36.0-255,66,40705,10,148154
18869,0.000304,172.253.118.0-255,5738,46443,10,148154
18870,0.000308,172.31.36.0-255,66,46509,10,148154
18871,0.000322,172.253.118.0-255,2543,49052,10,148154
18872,0.000325,172.31.36.0-255,66,49118,10,148154
18873,0.000777,172.253.118.0-255,1484,50602,10,148154
18874,0.000805,172.253.118.0-255,2902,53504,10,148154
18875,0.00081,172.31.36.0-255,66,53570,10,148154
18876,0.000829,172.253.118.0-255,2902,56472,10,148154
18877,0.000832,172.31.36.0-255,66,56538,10,148154
18878,0.000851,172.253.118.0-255,1484,58022,10,148154
18879,0.000869,172.253.118.0-255,2902,60924,10,148154
18880,0.000873,172.31.36.0-255,66,60990,10,148154
18881,0.000879,172.253.118.0-255,4320,65310,10,148154
18882,0.000881,172.31.36.0-255,66,65376,10,148154
18883,0.000908,172.253.118.0-255,1704,67080,10,148154
18884,0.000911,172.31.36.0-255,66,67146,10,148154
18885,0.001352,172.253.118.0-255,1484,68630,10,148154
18886,0.00136,172.253.118.0-255,2902,71532,10,148154
18887,0.001364,172.31.36.0-255,66,71598,10,148154
18888,0.001369,172.253.118.0-255,2902,74500,10,148154
18889,0.001371,172.31.36.0-255,66,74566,10,148154
18890,0.001384,172.253.118.0-255,2902,77468,10,148154
18891,0.001385,172.31.36.0-255,66,77534,10,148154
18892,0.001399,172.253.118.0-255,1484,79018,10,148154
18893,0.00142,172.31.36.0-255,66,79084,10,148154
18894,0.001438,172.253.118.0-255,3961,83045,10,148154
18895,0.00144,172.31.36.0-255,66,83111,10,148154
18896,0.001445,172.253.118.0-255,4320,87431,10,148154
18897,0.001446,172.31.36.0-255,66,87497,10,148154
18898,0.001461,172.253.118.0-255,2902,90399,10,148154
18899,0.001464,172.31.36.0-255,66,90465,10,148154
18900,0.001468,172.253.118.0-255,2543,93008,10,148154
18901,0.00147,172.31.36.0-255,66,93074,10,148154
18902,0.002063,172.253.118.0-255,1484,94558,10,148154
18903,0.002066,172.253.118.0-255,1484,96042,10,148154
18904,0.002068,172.31.36.0-255,66,96108,10,148154
18905,0.002083,172.253.118.0-255,1484,97592,10,148154
18906,0.002095,172.253.118.0-255,2902,100494,10,148154
18907,0.002098,172.31.36.0-255,66,100560,10,148154
18908,0.002122,172.253.118.0-255,2902,103462,10,148154
18909,0.002124,172.31.36.0-255,66,103528,10,148154
18910,0.002164,172.31.36.0-255,66,103594,10,148154
18911,0.002179,172.253.118.0-255,1484,105078,10,148154
18912,0.002188,172.31.36.0-255,66,105144,10,148154
18913,0.002192,172.253.118.0-255,2184,107328,10,148154
18914,0.002194,172.31.36.0-255,66,107394,10,148154
18915,0.004468,172.253.118.0-255,2902,110296,10,148154
18916,0.004471,172.31.36.0-255,66,110362,10,148154
18917,0.004491,172.253.118.0-255,2902,113264,10,148154
18918,0.004493,172.31.36.0-255,66,113330,10,148154
18919,0.006779,172.253.118.0-255,5738,119068,10,148154
18920,0.006785,172.31.36.0-255,66,119134,10,148154
18921,0.0091,172.253.118.0-255,5738,124872,10,148154
18922,0.00911,172.31.36.0-255,66,124938,10,148154
18923,0.011418,172.253.118.0-255,5738,130676,10,148154
18924,0.011428,172.31.36.0-255,66,130742,10,148154
18925,0.013724,172.253.118.0-255,5738,136480,10,148154
18926,0.013736,172.31.36.0-255,66,136546,10,148154
18927,0.016068,172.253.118.0-255,5738,142284,10,148154
18928,0.016081,172.31.36.0-255,66,142350,10,148154
18929,0.018384,172.253.118.0-255,5738,148088,10,148154
18930,0.018394,172.31.36.0-255,66,148154,10,148154
18931,0.0,172.217.194.0-255,146,146,10,195570
18932,2.8e-05,172.31.36.0-255,66,212,10,195570
18933,3.4e-05,172.217.194.0-255,1484,1696,10,195570
18934,4e-05,172.31.36.0-255,66,1762,10,195570
18935,5.3e-05,172.217.194.0-255,2902,4664,10,195570
18936,5.5e-05,172.31.36.0-255,66,4730,10,195570
18937,6.1e-05,172.217.194.0-255,4320,9050,10,195570
18938,6.3e-05,172.31.36.0-255,66,9116,10,195570
18939,0.0001,172.217.194.0-255,2902,12018,10,195570
18940,0.000103,172.31.36.0-255,66,12084,10,195570
18941,0.000107,172.217.194.0-255,1994,14078,10,195570
18942,0.000109,172.31.36.0-255,66,14144,10,195570
18943,0.000245,172.217.194.0-255,1484,15628,10,195570
18944,0.000249,172.31.36.0-255,66,15694,10,195570
18945,0.000279,172.217.194.0-255,2902,18596,10,195570
18946,0.000283,172.31.36.0-255,66,18662,10,195570
18947,0.00029,172.217.194.0-255,5738,24400,10,195570
18948,0.000293,172.31.36.0-255,66,24466,10,195570
18949,0.000296,172.217.194.0-255,1484,25950,10,195570
18950,0.000298,172.31.36.0-255,66,26016,10,195570
18951,0.000348,172.31.36.0-255,66,26082,10,195570
18952,0.000377,172.217.194.0-255,5379,31461,10,195570
18953,0.000381,172.31.36.0-255,66,31527,10,195570
18954,0.000391,172.31.36.0-255,66,31593,10,195570
18955,0.000523,172.217.194.0-255,1484,33077,10,195570
18956,0.000527,172.31.36.0-255,66,33143,10,195570
18957,0.000532,172.217.194.0-255,2902,36045,10,195570
18958,0.000535,172.31.36.0-255,66,36111,10,195570
18959,0.000538,172.217.194.0-255,1484,37595,10,195570
18960,0.000549,172.31.36.0-255,66,37661,10,195570
18961,0.000583,172.217.194.0-255,4320,41981,10,195570
18962,0.000587,172.31.36.0-255,66,42047,10,195570
18963,0.000595,172.217.194.0-255,6797,48844,10,195570
18964,0.000603,172.31.36.0-255,66,48910,10,195570
18965,0.000664,172.217.194.0-255,4320,53230,10,195570
18966,0.000668,172.31.36.0-255,66,53296,10,195570
18967,0.000674,172.217.194.0-255,5738,59034,10,195570
18968,0.000676,172.31.36.0-255,66,59100,10,195570
18969,0.00068,172.217.194.0-255,1484,60584,10,195570
18970,0.000716,172.217.194.0-255,5959,66543,10,195570
18971,0.000719,172.31.36.0-255,66,66609,10,195570
18972,0.000842,172.217.194.0-255,1484,68093,10,195570
18973,0.000848,172.217.194.0-255,2902,70995,10,195570
18974,0.000851,172.31.36.0-255,66,71061,10,195570
18975,0.000856,172.217.194.0-255,2902,73963,10,195570
18976,0.000858,172.31.36.0-255,66,74029,10,195570
18977,0.000878,172.217.194.0-255,2902,76931,10,195570
18978,0.000881,172.217.194.0-255,1484,78415,10,195570
18979,0.000883,172.31.36.0-255,66,78481,10,195570
18980,0.000934,172.31.36.0-255,66,78547,10,195570
18981,0.000937,172.217.194.0-255,1484,80031,10,195570
18982,0.000947,172.31.36.0-255,66,80097,10,195570
18983,0.001461,172.217.194.0-255,1484,81581,10,195570
18984,0.001483,172.217.194.0-255,2902,84483,10,195570
18985,0.001487,172.31.36.0-255,66,84549,10,195570
18986,0.001495,172.217.194.0-255,5738,90287,10,195570
18987,0.001498,172.31.36.0-255,66,90353,10,195570
18988,0.001544,172.217.194.0-255,5738,96091,10,195570
18989,0.001548,172.31.36.0-255,66,96157,10,195570
18990,0.001579,172.217.194.0-255,5379,101536,10,195570
18991,0.001582,172.31.36.0-255,66,101602,10,195570
18992,0.001601,172.31.36.0-255,66,101668,10,195570
18993,0.001634,172.31.36.0-255,66,101734,10,195570
18994,0.00166,172.217.194.0-255,3602,105336,10,195570
18995,0.001663,172.31.36.0-255,66,105402,10,195570
18996,0.001802,172.217.194.0-255,1484,106886,10,195570
18997,0.001809,172.217.194.0-255,2902,109788,10,195570
18998,0.001813,172.31.36.0-255,66,109854,10,195570
18999,0.001843,172.217.194.0-255,5738,115592,10,195570
19000,0.001847,172.31.36.0-255,66,115658,10,195570
19001,0.001859,172.31.36.0-255,66,115724,10,195570
19002,0.001895,172.217.194.0-255,2902,118626,10,195570
19003,0.001898,172.31.36.0-255,66,118692,10,195570
19004,0.001914,172.31.36.0-255,66,118758,10,195570
19005,0.002078,172.217.194.0-255,1484,120242,10,195570
19006,0.00209,172.217.194.0-255,2902,123144,10,195570
19007,0.002092,172.31.36.0-255,66,123210,10,195570
19008,0.002115,172.217.194.0-255,5738,128948,10,195570
19009,0.002118,172.31.36.0-255,66,129014,10,195570
19010,0.002151,172.217.194.0-255,7156,136170,10,195570
19011,0.002153,172.31.36.0-255,66,136236,10,195570
19012,0.002172,172.217.194.0-255,2902,139138,10,195570
19013,0.002174,172.31.36.0-255,66,139204,10,195570
19014,0.002181,172.217.194.0-255,7156,146360,10,195570
19015,0.002183,172.31.36.0-255,66,146426,10,195570
19016,0.00222,172.217.194.0-255,2902,149328,10,195570
19017,0.002222,172.31.36.0-255,66,149394,10,195570
19018,0.002253,172.31.36.0-255,66,149460,10,195570
19019,0.002293,172.217.194.0-255,2902,152362,10,195570
19020,0.002295,172.31.36.0-255,66,152428,10,195570
19021,0.002339,172.31.36.0-255,66,152494,10,195570
19022,0.002344,172.217.194.0-255,3602,156096,10,195570
19023,0.002347,172.31.36.0-255,66,156162,10,195570
19024,0.002364,172.31.36.0-255,66,156228,10,195570
19025,0.002401,172.31.36.0-255,66,156294,10,195570
19026,0.004663,172.217.194.0-255,4320,160614,10,195570
19027,0.004666,172.31.36.0-255,66,160680,10,195570
19028,0.00469,172.217.194.0-255,1484,162164,10,195570
19029,0.006944,172.217.194.0-255,4320,166484,10,195570
19030,0.006952,172.31.36.0-255,66,166550,10,195570
19031,0.009244,172.217.194.0-255,5738,172288,10,195570
19032,0.00925,172.31.36.0-255,66,172354,10,195570
19033,0.011535,172.217.194.0-255,5738,178092,10,195570
19034,0.011543,172.31.36.0-255,66,178158,10,195570
19035,0.013821,172.217.194.0-255,5738,183896,10,195570
19036,0.013828,172.31.36.0-255,66,183962,10,195570
19037,0.016295,172.217.194.0-255,5738,189700,10,195570
19038,0.016305,172.31.36.0-255,66,189766,10,195570
19039,0.018607,172.217.194.0-255,5738,195504,10,195570
19040,0.018614,172.31.36.0-255,66,195570,10,195570
19041,0.0,74.125.24.0-255,152,152,10,162692
19042,2.2e-05,172.31.36.0-255,66,218,10,162692
19043,3e-05,74.125.24.0-255,1484,1702,10,162692
19044,3.5e-05,172.31.36.0-255,66,1768,10,162692
19045,4e-05,74.125.24.0-255,2902,4670,10,162692
19046,4.4e-05,172.31.36.0-255,66,4736,10,162692
19047,5.2e-05,74.125.24.0-255,5738,10474,10,162692
19048,5.6e-05,172.31.36.0-255,66,10540,10,162692
19049,5.9e-05,74.125.24.0-255,1484,12024,10,162692
19050,6.2e-05,172.31.36.0-255,66,12090,10,162692
19051,8.1e-05,74.125.24.0-255,2065,14155,10,162692
19052,8.3e-05,172.31.36.0-255,66,14221,10,162692
19053,9.7e-05,74.125.24.0-255,1484,15705,10,162692
19054,9.9e-05,172.31.36.0-255,66,15771,10,162692
19055,0.000115,74.125.24.0-255,2902,18673,10,162692
19056,0.000117,172.31.36.0-255,66,18739,10,162692
19057,0.000123,74.125.24.0-255,4320,23059,10,162692
19058,0.000125,172.31.36.0-255,66,23125,10,162692
19059,0.000185,74.125.24.0-255,7156,30281,10,162692
19060,0.000188,172.31.36.0-255,66,30347,10,162692
19061,0.00021,74.125.24.0-255,3961,34308,10,162692
19062,0.000213,172.31.36.0-255,66,34374,10,162692
19063,0.000227,172.31.36.0-255,66,34440,10,162692
19064,0.000231,74.125.24.0-255,2543,36983,10,162692
19065,0.000233,172.31.36.0-255,66,37049,10,162692
19066,0.001121,74.125.24.0-255,1484,38533,10,162692
19067,0.001128,172.31.36.0-255,66,38599,10,162692
19068,0.001136,74.125.24.0-255,2902,41501,10,162692
19069,0.001139,172.31.36.0-255,66,41567,10,162692
19070,0.001145,74.125.24.0-255,4320,45887,10,162692
19071,0.001147,172.31.36.0-255,66,45953,10,162692
19072,0.001199,172.31.36.0-255,66,46019,10,162692
19073,0.001286,74.125.24.0-255,1484,47503,10,162692
19074,0.001293,74.125.24.0-255,2902,50405,10,162692
19075,0.001297,172.31.36.0-255,66,50471,10,162692
19076,0.001302,74.125.24.0-255,2902,53373,10,162692
19077,0.001304,172.31.36.0-255,66,53439,10,162692
19078,0.001321,74.125.24.0-255,2902,56341,10,162692
19079,0.001323,172.31.36.0-255,66,56407,10,162692
19080,0.001339,74.125.24.0-255,5738,62145,10,162692
19081,0.001341,172.31.36.0-255,66,62211,10,162692
19082,0.001361,172.31.36.0-255,66,62277,10,162692
19083,0.001399,74.125.24.0-255,5738,68015,10,162692
19084,0.001402,172.31.36.0-255,66,68081,10,162692
19085,0.001422,74.125.24.0-255,4540,72621,10,162692
19086,0.001425,172.31.36.0-255,66,72687,10,162692
19087,0.001458,74.125.24.0-255,1484,74171,10,162692
19088,0.001482,74.125.24.0-255,2902,77073,10,162692
19089,0.001486,172.31.36.0-255,66,77139,10,162692
19090,0.00149,74.125.24.0-255,1484,78623,10,162692
19091,0.001505,74.125.24.0-255,2902,81525,10,162692
19092,0.001508,172.31.36.0-255,66,81591,10,162692
19093,0.001528,74.125.24.0-255,2902,84493,10,162692
19094,0.00153,172.31.36.0-255,66,84559,10,162692
19095,0.001542,172.31.36.0-255,66,84625,10,162692
19096,0.001568,74.125.24.0-255,4320,88945,10,162692
19097,0.001572,172.31.36.0-255,66,89011,10,162692
19098,0.001585,172.31.36.0-255,66,89077,10,162692
19099,0.001636,74.125.24.0-255,1484,90561,10,162692
19100,0.001642,74.125.24.0-255,2902,93463,10,162692
19101,0.001645,172.31.36.0-255,66,93529,10,162692
19102,0.001667,74.125.24.0-255,5738,99267,10,162692
19103,0.00167,172.31.36.0-255,66,99333,10,162692
19104,0.001713,172.31.36.0-255,66,99399,10,162692
19105,0.00172,74.125.24.0-255,5738,105137,10,162692
19106,0.001722,172.31.36.0-255,66,105203,10,162692
19107,0.001754,74.125.24.0-255,5020,110223,10,162692
19108,0.001758,172.31.36.0-255,66,110289,10,162692
19109,0.003699,74.125.24.0-255,5738,116027,10,162692
19110,0.003709,172.31.36.0-255,66,116093,10,162692
19111,0.005658,74.125.24.0-255,5738,121831,10,162692
19112,0.005666,172.31.36.0-255,66,121897,10,162692
19113,0.007578,74.125.24.0-255,5738,127635,10,162692
19114,0.007583,172.31.36.0-255,66,127701,10,162692
19115,0.007688,172.31.36.0-255,101,127802,10,162692
19116,0.009494,74.125.24.0-255,5738,133540,10,162692
19117,0.009501,172.31.36.0-255,66,133606,10,162692
19118,0.009615,74.125.24.0-255,66,133672,10,162692
19119,0.011416,74.125.24.0-255,5738,139410,10,162692
19120,0.011423,172.31.36.0-255,66,139476,10,162692
19121,0.013362,74.125.24.0-255,5738,145214,10,162692
19122,0.01337,172.31.36.0-255,66,145280,10,162692
19123,0.0153,74.125.24.0-255,5738,151018,10,162692
19124,0.015313,172.31.36.0-255,66,151084,10,162692
19125,0.017289,74.125.24.0-255,5738,156822,10,162692
19126,0.017298,172.31.36.0-255,66,156888,10,162692
19127,0.019232,74.125.24.0-255,5738,162626,10,162692
19128,0.01924,172.31.36.0-255,66,162692,10,162692
19129,0.0,74.125.200.0-255,153,153,10,244487
19130,2.3e-05,172.31.36.0-255,66,219,10,244487
19131,3.1e-05,74.125.200.0-255,1484,1703,10,244487
19132,3.5e-05,172.31.36.0-255,66,1769,10,244487
19133,4.1e-05,74.125.200.0-255,2902,4671,10,244487
19134,4.4e-05,172.31.36.0-255,66,4737,10,244487
19135,6e-05,74.125.200.0-255,7156,11893,10,244487
19136,6.4e-05,172.31.36.0-255,66,11959,10,244487
19137,6.8e-05,74.125.200.0-255,2065,14024,10,244487
19138,7e-05,172.31.36.0-255,66,14090,10,244487
19139,0.000165,74.125.200.0-255,1484,15574,10,244487
19140,0.000168,172.31.36.0-255,66,15640,10,244487
19141,0.000174,74.125.200.0-255,2902,18542,10,244487
19142,0.000176,172.31.36.0-255,66,18608,10,244487
19143,0.000201,74.125.200.0-255,5738,24346,10,244487
19144,0.000208,172.31.36.0-255,66,24412,10,244487
19145,0.000213,74.125.200.0-255,2902,27314,10,244487
19146,0.000215,172.31.36.0-255,66,27380,10,244487
19147,0.000251,74.125.200.0-255,3961,31341,10,244487
19148,0.000254,172.31.36.0-255,66,31407,10,244487
19149,0.00033,74.125.200.0-255,1484,32891,10,244487
19150,0.000334,172.31.36.0-255,66,32957,10,244487
19151,0.000339,74.125.200.0-255,2902,35859,10,244487
19152,0.000342,172.31.36.0-255,66,35925,10,244487
19153,0.000345,74.125.200.0-255,1484,37409,10,244487
19154,0.000347,172.31.36.0-255,66,37475,10,244487
19155,0.000371,74.125.200.0-255,1484,38959,10,244487
19156,0.000379,172.31.36.0-255,66,39025,10,244487
19157,0.000384,74.125.200.0-255,4320,43345,10,244487
19158,0.000387,172.31.36.0-255,66,43411,10,244487
19159,0.000393,74.125.200.0-255,5738,49149,10,244487
19160,0.000396,172.31.36.0-255,66,49215,10,244487
19161,0.00042,74.125.200.0-255,3961,53176,10,244487
19162,0.000427,74.125.200.0-255,2902,56078,10,244487
19163,0.000543,74.125.200.0-255,134,56212,10,244487
19164,0.000567,172.31.36.0-255,66,56278,10,244487
19165,0.00068,74.125.200.0-255,1484,57762,10,244487
19166,0.000686,74.125.200.0-255,2902,60664,10,244487
19167,0.000702,74.125.200.0-255,2902,63566,10,244487
19168,0.000714,74.125.200.0-255,2902,66468,10,244487
19169,0.000716,74.125.200.0-255,1484,67952,10,244487
19170,0.00072,172.31.36.0-255,66,68018,10,244487
19171,0.000726,172.31.36.0-255,66,68084,10,244487
19172,0.000751,74.125.200.0-255,5379,73463,10,244487
19173,0.000757,74.125.200.0-255,4320,77783,10,244487
19174,0.000785,74.125.200.0-255,7156,84939,10,244487
19175,0.000796,172.31.36.0-255,66,85005,10,244487
19176,0.000809,74.125.200.0-255,5379,90384,10,244487
19177,0.000837,172.31.36.0-255,66,90450,10,244487
19178,0.001241,74.125.200.0-255,1484,91934,10,244487
19179,0.001248,74.125.200.0-255,2902,94836,10,244487
19180,0.001252,172.31.36.0-255,66,94902,10,244487
19181,0.001256,74.125.200.0-255,1484,96386,10,244487
19182,0.001278,74.125.200.0-255,2902,99288,10,244487
19183,0.001284,74.125.200.0-255,4320,103608,10,244487
19184,0.001295,74.125.200.0-255,1484,105092,10,244487
19185,0.001317,74.125.200.0-255,4320,109412,10,244487
19186,0.001327,172.31.36.0-255,66,109478,10,244487
19187,0.001351,172.31.36.0-255,66,109544,10,244487
19188,0.001363,74.125.200.0-255,4320,113864,10,244487
19189,0.001379,74.125.200.0-255,2184,116048,10,244487
19190,0.001392,172.31.36.0-255,66,116114,10,244487
19191,0.00142,74.125.200.0-255,1484,117598,10,244487
19192,0.001423,74.125.200.0-255,1484,119082,10,244487
19193,0.001439,74.125.200.0-255,1484,120566,10,244487
19194,0.001446,74.125.200.0-255,5738,126304,10,244487
19195,0.001456,172.31.36.0-255,66,126370,10,244487
19196,0.001459,74.125.200.0-255,1484,127854,10,244487
19197,0.001479,74.125.200.0-255,5738,133592,10,244487
19198,0.001483,74.125.200.0-255,4320,137912,10,244487
19199,0.001488,172.31.36.0-255,66,137978,10,244487
19200,0.001499,74.125.200.0-255,4320,142298,10,244487
19201,0.001516,74.125.200.0-255,2902,145200,10,244487
19202,0.001533,74.125.200.0-255,5020,150220,10,244487
19203,0.001587,172.31.36.0-255,66,150286,10,244487
19204,0.00189,74.125.200.0-255,1484,151770,10,244487
19205,0.001914,74.125.200.0-255,2902,154672,10,244487
19206,0.001917,172.31.36.0-255,66,154738,10,244487
19207,0.001925,74.125.200.0-255,5738,160476,10,244487
19208,0.001928,74.125.200.0-255,1484,161960,10,244487
19209,0.001953,74.125.200.0-255,5738,167698,10,244487
19210,0.001956,172.31.36.0-255,66,167764,10,244487
19211,0.00196,172.31.36.0-255,66,167830,10,244487
19212,0.00197,74.125.200.0-255,4320,172150,10,244487
19213,0.002023,74.125.200.0-255,2184,174334,10,244487
19214,0.002033,172.31.36.0-255,66,174400,10,244487
19215,0.002223,74.125.200.0-255,1484,175884,10,244487
19216,0.002229,74.125.200.0-255,2902,178786,10,244487
19217,0.002232,172.31.36.0-255,66,178852,10,244487
19218,0.002261,74.125.200.0-255,5738,184590,10,244487
19219,0.002268,172.31.36.0-255,66,184656,10,244487
19220,0.002297,74.125.200.0-255,4320,188976,10,244487
19221,0.002312,74.125.200.0-255,5738,194714,10,244487
19222,0.002316,74.125.200.0-255,1484,196198,10,244487
19223,0.002322,172.31.36.0-255,66,196264,10,244487
19224,0.002333,74.125.200.0-255,3602,199866,10,244487
19225,0.002335,74.125.200.0-255,1484,201350,10,244487
19226,0.002347,172.31.36.0-255,66,201416,10,244487
19227,0.002356,74.125.200.0-255,2902,204318,10,244487
19228,0.002376,172.31.36.0-255,66,204384,10,244487
19229,0.002944,172.31.36.0-255,101,204485,10,244487
19230,0.004667,74.125.200.0-255,2902,207387,10,244487
19231,0.004674,172.31.36.0-255,66,207453,10,244487
19232,0.004702,74.125.200.0-255,2902,210355,10,244487
19233,0.004705,172.31.36.0-255,66,210421,10,244487
19234,0.00521,74.125.200.0-255,66,210487,10,244487
19235,0.006977,74.125.200.0-255,2902,213389,10,244487
19236,0.00698,172.31.36.0-255,66,213455,10,244487
19237,0.00701,74.125.200.0-255,2902,216357,10,244487
19238,0.007012,172.31.36.0-255,66,216423,10,244487
19239,0.009289,74.125.200.0-255,2902,219325,10,244487
19240,0.009296,172.31.36.0-255,66,219391,10,244487
19241,0.009323,74.125.200.0-255,2902,222293,10,244487
19242,0.009325,172.31.36.0-255,66,222359,10,244487
19243,0.011621,74.125.200.0-255,2902,225261,10,244487
19244,0.011629,172.31.36.0-255,66,225327,10,244487
19245,0.011655,74.125.200.0-255,2902,228229,10,244487
19246,0.011657,172.31.36.0-255,66,228295,10,244487
19247,0.013953,74.125.200.0-255,2902,231197,10,244487
19248,0.013961,172.31.36.0-255,66,231263,10,244487
19249,0.013994,74.125.200.0-255,2902,234165,10,244487
19250,0.013997,172.31.36.0-255,66,234231,10,244487
19251,0.016285,74.125.200.0-255,4320,238551,10,244487
19252,0.016295,172.31.36.0-255,66,238617,10,244487
19253,0.016323,74.125.200.0-255,1484,240101,10,244487
19254,0.018614,74.125.200.0-255,4320,244421,10,244487
19255,0.018623,172.31.36.0-255,66,244487,10,244487
19256,0.0,74.125.24.0-255,150,150,10,136446
19257,3.5e-05,172.31.36.0-255,66,216,10,136446
19258,4.2e-05,74.125.24.0-255,1484,1700,10,136446
19259,4.5e-05,172.31.36.0-255,66,1766,10,136446
19260,5.1e-05,74.125.24.0-255,2902,4668,10,136446
19261,5.5e-05,172.31.36.0-255,66,4734,10,136446
19262,6e-05,74.125.24.0-255,4320,9054,10,136446
19263,6.3e-05,172.31.36.0-255,66,9120,10,136446
19264,0.000107,74.125.24.0-255,4947,14067,10,136446
19265,0.00011,172.31.36.0-255,66,14133,10,136446
19266,0.000173,74.125.24.0-255,1484,15617,10,136446
19267,0.000177,172.31.36.0-255,66,15683,10,136446
19268,0.000196,74.125.24.0-255,2902,18585,10,136446
19269,0.000199,172.31.36.0-255,66,18651,10,136446
19270,0.000206,74.125.24.0-255,5738,24389,10,136446
19271,0.00021,172.31.36.0-255,66,24455,10,136446
19272,0.000252,74.125.24.0-255,6797,31252,10,136446
19273,0.000255,172.31.36.0-255,66,31318,10,136446
19274,0.000258,74.125.24.0-255,1484,32802,10,136446
19275,0.00026,172.31.36.0-255,66,32868,10,136446
19276,0.000278,74.125.24.0-255,5738,38606,10,136446
19277,0.000281,172.31.36.0-255,66,38672,10,136446
19278,0.000316,172.31.36.0-255,66,38738,10,136446
19279,0.000596,74.125.24.0-255,1484,40222,10,136446
19280,0.000618,74.125.24.0-255,2902,43124,10,136446
19281,0.000619,172.31.36.0-255,66,43190,10,136446
19282,0.000623,74.125.24.0-255,4320,47510,10,136446
19283,0.000625,172.31.36.0-255,66,47576,10,136446
19284,0.000628,172.31.36.0-255,66,47642,10,136446
19285,0.000641,74.125.24.0-255,1484,49126,10,136446
19286,0.000644,172.31.36.0-255,66,49192,10,136446
19287,0.000651,74.125.24.0-255,7141,56333,10,136446
19288,0.000654,172.31.36.0-255,66,56399,10,136446
19289,0.000867,74.125.24.0-255,333,56732,10,136446
19290,0.000993,74.125.24.0-255,1484,58216,10,136446
19291,0.000998,172.31.36.0-255,66,58282,10,136446
19292,0.001004,74.125.24.0-255,2902,61184,10,136446
19293,0.001006,172.31.36.0-255,66,61250,10,136446
19294,0.001012,74.125.24.0-255,5738,66988,10,136446
19295,0.001014,172.31.36.0-255,66,67054,10,136446
19296,0.001046,74.125.24.0-255,2902,69956,10,136446
19297,0.00105,172.31.36.0-255,66,70022,10,136446
19298,0.001066,74.125.24.0-255,3961,73983,10,136446
19299,0.001069,172.31.36.0-255,66,74049,10,136446
19300,0.001101,74.125.24.0-255,7156,81205,10,136446
19301,0.001105,172.31.36.0-255,66,81271,10,136446
19302,0.00111,74.125.24.0-255,4320,85591,10,136446
19303,0.001112,172.31.36.0-255,66,85657,10,136446
19304,0.001131,74.125.24.0-255,4320,89977,10,136446
19305,0.001133,172.31.36.0-255,66,90043,10,136446
19306,0.001136,74.125.24.0-255,1125,91168,10,136446
19307,0.001693,74.125.24.0-255,1484,92652,10,136446
19308,0.001697,172.31.36.0-255,66,92718,10,136446
19309,0.001718,74.125.24.0-255,2902,95620,10,136446
19310,0.00172,172.31.36.0-255,66,95686,10,136446
19311,0.001726,74.125.24.0-255,5738,101424,10,136446
19312,0.001728,172.31.36.0-255,66,101490,10,136446
19313,0.001761,172.31.36.0-255,66,101556,10,136446
19314,0.004636,172.31.36.0-255,66,101622,10,136446
19315,0.007183,74.125.24.0-255,5738,107360,10,136446
19316,0.007192,172.31.36.0-255,66,107426,10,136446
19317,0.009723,74.125.24.0-255,5738,113164,10,136446
19318,0.009735,172.31.36.0-255,66,113230,10,136446
19319,0.012268,74.125.24.0-255,5738,118968,10,136446
19320,0.012278,172.31.36.0-255,66,119034,10,136446
19321,0.014826,74.125.24.0-255,5738,124772,10,136446
19322,0.014838,172.31.36.0-255,66,124838,10,136446
19323,0.01737,74.125.24.0-255,5738,130576,10,136446
19324,0.017383,172.31.36.0-255,66,130642,10,136446
19325,0.019889,74.125.24.0-255,5738,136380,10,136446
19326,0.019897,172.31.36.0-255,66,136446,10,136446
19327,0.0,74.125.24.0-255,152,152,10,187842
19328,3.3e-05,172.31.36.0-255,66,218,10,187842
19329,4.1e-05,74.125.24.0-255,1484,1702,10,187842
19330,4.5e-05,172.31.36.0-255,66,1768,10,187842
19331,5.1e-05,74.125.24.0-255,2902,4670,10,187842
19332,5.4e-05,172.31.36.0-255,66,4736,10,187842
19333,6.1e-05,74.125.24.0-255,7156,11892,10,187842
19334,6.4e-05,172.31.36.0-255,66,11958,10,187842
19335,6.8e-05,74.125.24.0-255,2038,13996,10,187842
19336,7e-05,172.31.36.0-255,66,14062,10,187842
19337,0.000134,74.125.24.0-255,1484,15546,10,187842
19338,0.000137,172.31.36.0-255,66,15612,10,187842
19339,0.000156,74.125.24.0-255,1484,17096,10,187842
19340,0.000159,172.31.36.0-255,66,17162,10,187842
19341,0.000176,74.125.24.0-255,1484,18646,10,187842
19342,0.00018,172.31.36.0-255,66,18712,10,187842
19343,0.000184,74.125.24.0-255,2902,21614,10,187842
19344,0.000187,172.31.36.0-255,66,21680,10,187842
19345,0.000194,74.125.24.0-255,7156,28836,10,187842
19346,0.000196,172.31.36.0-255,66,28902,10,187842
19347,0.000218,74.125.24.0-255,5738,34640,10,187842
19348,0.000221,172.31.36.0-255,66,34706,10,187842
19349,0.000243,74.125.24.0-255,5379,40085,10,187842
19350,0.000246,172.31.36.0-255,66,40151,10,187842
19351,0.000262,74.125.24.0-255,4320,44471,10,187842
19352,0.000265,172.31.36.0-255,66,44537,10,187842
19353,0.00028,74.125.24.0-255,3961,48498,10,187842
19354,0.000284,172.31.36.0-255,66,48564,10,187842
19355,0.000294,172.31.36.0-255,66,48630,10,187842
19356,0.000323,172.31.36.0-255,66,48696,10,187842
19357,0.00036,74.125.24.0-255,411,49107,10,187842
19358,0.000427,74.125.24.0-255,331,49438,10,187842
19359,0.000758,74.125.24.0-255,1484,50922,10,187842
19360,0.000763,172.31.36.0-255,66,50988,10,187842
19361,0.000768,74.125.24.0-255,2902,53890,10,187842
19362,0.00077,172.31.36.0-255,66,53956,10,187842
19363,0.000799,74.125.24.0-255,5738,59694,10,187842
19364,0.000807,172.31.36.0-255,66,59760,10,187842
19365,0.000829,74.125.24.0-255,4320,64080,10,187842
19366,0.000833,172.31.36.0-255,66,64146,10,187842
19367,0.000869,172.31.36.0-255,66,64212,10,187842
19368,0.000879,172.31.36.0-255,66,64278,10,187842
19369,0.000883,74.125.24.0-255,2184,66462,10,187842
19370,0.000886,172.31.36.0-255,66,66528,10,187842
19371,0.001123,74.125.24.0-255,1484,68012,10,187842
19372,0.001132,74.125.24.0-255,2902,70914,10,187842
19373,0.001135,172.31.36.0-255,66,70980,10,187842
19374,0.001142,74.125.24.0-255,4320,75300,10,187842
19375,0.001144,172.31.36.0-255,66,75366,10,187842
19376,0.001155,74.125.24.0-255,1484,76850,10,187842
19377,0.00116,74.125.24.0-255,4320,81170,10,187842
19378,0.001162,172.31.36.0-255,66,81236,10,187842
19379,0.001201,172.31.36.0-255,66,81302,10,187842
19380,0.001211,172.31.36.0-255,66,81368,10,187842
19381,0.001214,74.125.24.0-255,766,82134,10,187842
19382,0.001889,74.125.24.0-255,1484,83618,10,187842
19383,0.001896,172.31.36.0-255,66,83684,10,187842
19384,0.001902,74.125.24.0-255,2902,86586,10,187842
19385,0.001904,172.31.36.0-255,66,86652,10,187842
19386,0.001932,74.125.24.0-255,5738,92390,10,187842
19387,0.001934,172.31.36.0-255,66,92456,10,187842
19388,0.00195,74.125.24.0-255,7156,99612,10,187842
19389,0.001952,172.31.36.0-255,66,99678,10,187842
19390,0.001971,74.125.24.0-255,5738,105416,10,187842
19391,0.001974,172.31.36.0-255,66,105482,10,187842
19392,0.001984,172.31.36.0-255,66,105548,10,187842
19393,0.002103,74.125.24.0-255,1484,107032,10,187842
19394,0.002117,74.125.24.0-255,2902,109934,10,187842
19395,0.00212,172.31.36.0-255,66,110000,10,187842
19396,0.002124,74.125.24.0-255,2902,112902,10,187842
19397,0.002126,172.31.36.0-255,66,112968,10,187842
19398,0.002141,74.125.24.0-255,2902,115870,10,187842
19399,0.002143,172.31.36.0-255,66,115936,10,187842
19400,0.002147,74.125.24.0-255,4320,120256,10,187842
19401,0.002149,172.31.36.0-255,66,120322,10,187842
19402,0.002178,172.31.36.0-255,66,120388,10,187842
19403,0.002188,172.31.36.0-255,66,120454,10,187842
19404,0.002225,74.125.24.0-255,2902,123356,10,187842
19405,0.002227,172.31.36.0-255,66,123422,10,187842
19406,0.002266,172.31.36.0-255,66,123488,10,187842
19407,0.002291,172.31.36.0-255,66,123554,10,187842
19408,0.002308,74.125.24.0-255,5738,129292,10,187842
19409,0.00231,172.31.36.0-255,66,129358,10,187842
19410,0.002324,74.125.24.0-255,3602,132960,10,187842
19411,0.002325,172.31.36.0-255,66,133026,10,187842
19412,0.002329,74.125.24.0-255,1484,134510,10,187842
19413,0.002333,74.125.24.0-255,2902,137412,10,187842
19414,0.002335,172.31.36.0-255,66,137478,10,187842
19415,0.002337,74.125.24.0-255,1484,138962,10,187842
19416,0.002358,74.125.24.0-255,4320,143282,10,187842
19417,0.00236,172.31.36.0-255,66,143348,10,187842
19418,0.002364,74.125.24.0-255,2902,146250,10,187842
19419,0.002366,172.31.36.0-255,66,146316,10,187842
19420,0.002383,74.125.24.0-255,2902,149218,10,187842
19421,0.002385,172.31.36.0-255,66,149284,10,187842
19422,0.002416,74.125.24.0-255,7156,156440,10,187842
19423,0.002418,172.31.36.0-255,66,156506,10,187842
19424,0.00243,74.125.24.0-255,2184,158690,10,187842
19425,0.006634,172.31.36.0-255,66,158756,10,187842
19426,0.009004,74.125.24.0-255,5738,164494,10,187842
19427,0.009011,172.31.36.0-255,66,164560,10,187842
19428,0.011352,74.125.24.0-255,5738,170298,10,187842
19429,0.011359,172.31.36.0-255,66,170364,10,187842
19430,0.013994,74.125.24.0-255,5738,176102,10,187842
19431,0.014003,172.31.36.0-255,66,176168,10,187842
19432,0.016337,74.125.24.0-255,5738,181906,10,187842
19433,0.016347,172.31.36.0-255,66,181972,10,187842
19434,0.018705,74.125.24.0-255,4320,186292,10,187842
19435,0.018715,172.31.36.0-255,66,186358,10,187842
19436,0.018736,74.125.24.0-255,1484,187842,10,187842
19437,0.0,172.217.194.0-255,153,153,10,168847
19438,3.4e-05,172.31.36.0-255,66,219,10,168847
19439,4.2e-05,172.217.194.0-255,1484,1703,10,168847
19440,4.7e-05,172.31.36.0-255,66,1769,10,168847
19441,5.2e-05,172.217.194.0-255,2902,4671,10,168847
19442,5.5e-05,172.31.36.0-255,66,4737,10,168847
19443,6.1e-05,172.217.194.0-255,5738,10475,10,168847
19444,6.4e-05,172.31.36.0-255,66,10541,10,168847
19445,6.9e-05,172.217.194.0-255,4320,14861,10,168847
19446,7.2e-05,172.31.36.0-255,66,14927,10,168847
19447,0.000112,172.31.36.0-255,66,14993,10,168847
19448,0.000124,172.31.36.0-255,66,15059,10,168847
19449,0.000137,172.217.194.0-255,2902,17961,10,168847
19450,0.000139,172.31.36.0-255,66,18027,10,168847
19451,0.000149,172.31.36.0-255,66,18093,10,168847
19452,0.000183,172.217.194.0-255,4320,22413,10,168847
19453,0.000185,172.31.36.0-255,66,22479,10,168847
19454,0.000211,172.31.36.0-255,66,22545,10,168847
19455,0.000227,172.217.194.0-255,1424,23969,10,168847
19456,0.000229,172.31.36.0-255,66,24035,10,168847
19457,0.000231,172.217.194.0-255,386,24421,10,168847
19458,0.000233,172.31.36.0-255,66,24487,10,168847
19459,0.000298,172.217.194.0-255,1484,25971,10,168847
19460,0.000301,172.31.36.0-255,66,26037,10,168847
19461,0.000316,172.217.194.0-255,2902,28939,10,168847
19462,0.000319,172.31.36.0-255,66,29005,10,168847
19463,0.000341,172.217.194.0-255,5738,34743,10,168847
19464,0.000343,172.31.36.0-255,66,34809,10,168847
19465,0.000379,172.217.194.0-255,4320,39129,10,168847
19466,0.000389,172.31.36.0-255,66,39195,10,168847
19467,0.000402,172.217.194.0-255,5738,44933,10,168847
19468,0.000406,172.31.36.0-255,66,44999,10,168847
19469,0.000423,172.31.36.0-255,66,45065,10,168847
19470,0.000432,172.217.194.0-255,2184,47249,10,168847
19471,0.000436,172.31.36.0-255,66,47315,10,168847
19472,0.000656,172.217.194.0-255,1484,48799,10,168847
19473,0.00067,172.217.194.0-255,2902,51701,10,168847
19474,0.000673,172.31.36.0-255,66,51767,10,168847
19475,0.000689,172.217.194.0-255,5738,57505,10,168847
19476,0.000698,172.31.36.0-255,66,57571,10,168847
19477,0.000722,172.217.194.0-255,7156,64727,10,168847
19478,0.000726,172.217.194.0-255,1484,66211,10,168847
19479,0.000728,172.31.36.0-255,66,66277,10,168847
19480,0.000762,172.217.194.0-255,2184,68461,10,168847
19481,0.000771,172.31.36.0-255,66,68527,10,168847
19482,0.000913,172.217.194.0-255,1484,70011,10,168847
19483,0.000917,172.217.194.0-255,2902,72913,10,168847
19484,0.00092,172.31.36.0-255,66,72979,10,168847
19485,0.000942,172.217.194.0-255,5738,78717,10,168847
19486,0.000945,172.31.36.0-255,66,78783,10,168847
19487,0.00095,172.217.194.0-255,4320,83103,10,168847
19488,0.000959,172.31.36.0-255,66,83169,10,168847
19489,0.000972,172.31.36.0-255,66,83235,10,168847
19490,0.001001,172.217.194.0-255,2902,86137,10,168847
19491,0.001007,172.31.36.0-255,66,86203,10,168847
19492,0.00102,172.31.36.0-255,66,86269,10,168847
19493,0.001075,172.217.194.0-255,1484,87753,10,168847
19494,0.001079,172.217.194.0-255,2902,90655,10,168847
19495,0.001089,172.31.36.0-255,66,90721,10,168847
19496,0.001095,172.217.194.0-255,4320,95041,10,168847
19497,0.001101,172.31.36.0-255,66,95107,10,168847
19498,0.001107,172.217.194.0-255,1484,96591,10,168847
19499,0.001117,172.217.194.0-255,1484,98075,10,168847
19500,0.001119,172.31.36.0-255,66,98141,10,168847
19501,0.001149,172.31.36.0-255,66,98207,10,168847
19502,0.001176,172.31.36.0-255,66,98273,10,168847
19503,0.001374,172.217.194.0-255,1484,99757,10,168847
19504,0.001388,172.217.194.0-255,2902,102659,10,168847
19505,0.001391,172.31.36.0-255,66,102725,10,168847
19506,0.001413,172.217.194.0-255,5738,108463,10,168847
19507,0.001416,172.31.36.0-255,66,108529,10,168847
19508,0.001422,172.217.194.0-255,7156,115685,10,168847
19509,0.001426,172.31.36.0-255,66,115751,10,168847
19510,0.001455,172.217.194.0-255,4320,120071,10,168847
19511,0.001463,172.31.36.0-255,66,120137,10,168847
19512,0.001486,172.217.194.0-255,2184,122321,10,168847
19513,0.001485,172.31.36.0-255,66,122387,10,168847
19514,0.001489,172.31.36.0-255,66,122453,10,168847
19515,0.001532,172.217.194.0-255,1484,123937,10,168847
19516,0.001536,172.217.194.0-255,1484,125421,10,168847
19517,0.001538,172.31.36.0-255,66,125487,10,168847
19518,0.001548,172.217.194.0-255,1484,126971,10,168847
19519,0.001552,172.217.194.0-255,2902,129873,10,168847
19520,0.001559,172.31.36.0-255,66,129939,10,168847
19521,0.001572,172.217.194.0-255,2902,132841,10,168847
19522,0.001574,172.31.36.0-255,66,132907,10,168847
19523,0.001591,172.31.36.0-255,66,132973,10,168847
19524,0.001647,172.31.36.0-255,66,133039,10,168847
19525,0.001679,172.217.194.0-255,3602,136641,10,168847
19526,0.001683,172.217.194.0-255,2902,139543,10,168847
19527,0.001683,172.31.36.0-255,66,139609,10,168847
19528,0.001688,172.31.36.0-255,66,139675,10,168847
19529,0.001703,172.31.36.0-255,66,139741,10,168847
19530,0.001713,172.31.36.0-255,66,139807,10,168847
19531,0.001735,172.217.194.0-255,5738,145545,10,168847
19532,0.001744,172.31.36.0-255,66,145611,10,168847
19533,0.001783,172.217.194.0-255,4320,149931,10,168847
19534,0.001785,172.31.36.0-255,66,149997,10,168847
19535,0.001789,172.31.36.0-255,66,150063,10,168847
19536,0.001809,172.217.194.0-255,5020,155083,10,168847
19537,0.001817,172.31.36.0-255,66,155149,10,168847
19538,0.001821,172.31.36.0-255,66,155215,10,168847
19539,0.001834,172.217.194.0-255,7156,162371,10,168847
19540,0.001841,172.31.36.0-255,66,162437,10,168847
19541,0.00187,172.31.36.0-255,66,162503,10,168847
19542,0.001874,172.31.36.0-255,66,162569,10,168847
19543,0.001919,172.31.36.0-255,66,162635,10,168847
19544,0.001929,172.217.194.0-255,5738,168373,10,168847
19545,0.001931,172.31.36.0-255,66,168439,10,168847
19546,0.001953,172.31.36.0-255,66,168505,10,168847
19547,0.00196,172.217.194.0-255,105,168610,10,168847
19548,0.00335,172.31.36.0-255,66,168676,10,168847
19549,0.003373,172.31.36.0-255,105,168781,10,168847
19550,0.005346,172.217.194.0-255,66,168847,10,168847
19551,0.0,172.217.194.0-255,153,153,10,192159
19552,1.6e-05,172.31.36.0-255,66,219,10,192159
19553,2.4e-05,172.217.194.0-255,1484,1703,10,192159
19554,2.9e-05,172.31.36.0-255,66,1769,10,192159
19555,3.4e-05,172.217.194.0-255,2902,4671,10,192159
19556,3.7e-05,172.31.36.0-255,66,4737,10,192159
19557,4.6e-05,172.217.194.0-255,7156,11893,10,192159
19558,4.9e-05,172.31.36.0-255,66,11959,10,192159
19559,6.8e-05,172.217.194.0-255,2100,14059,10,192159
19560,7.1e-05,172.31.36.0-255,66,14125,10,192159
19561,8.9e-05,172.217.194.0-255,2902,17027,10,192159
19562,9.2e-05,172.31.36.0-255,66,17093,10,192159
19563,9.7e-05,172.217.194.0-255,2902,19995,10,192159
19564,9.9e-05,172.31.36.0-255,66,20061,10,192159
19565,0.000121,172.217.194.0-255,4320,24381,10,192159
19566,0.000124,172.31.36.0-255,66,24447,10,192159
19567,0.000132,172.217.194.0-255,6797,31244,10,192159
19568,0.000134,172.31.36.0-255,66,31310,10,192159
19569,0.000194,172.217.194.0-255,1484,32794,10,192159
19570,0.000196,172.31.36.0-255,66,32860,10,192159
19571,0.000201,172.217.194.0-255,2902,35762,10,192159
19572,0.000204,172.31.36.0-255,66,35828,10,192159
19573,0.000207,172.217.194.0-255,1484,37312,10,192159
19574,0.000209,172.31.36.0-255,66,37378,10,192159
19575,0.000236,172.217.194.0-255,4320,41698,10,192159
19576,0.000239,172.31.36.0-255,66,41764,10,192159
19577,0.000246,172.217.194.0-255,5738,47502,10,192159
19578,0.000248,172.31.36.0-255,66,47568,10,192159
19579,0.000261,172.31.36.0-255,66,47634,10,192159
19580,0.000278,172.217.194.0-255,2543,50177,10,192159
19581,0.000281,172.31.36.0-255,66,50243,10,192159
19582,0.000287,172.217.194.0-255,3961,54204,10,192159
19583,0.00029,172.31.36.0-255,66,54270,10,192159
19584,0.00032,172.217.194.0-255,369,54639,10,192159
19585,0.000392,172.217.194.0-255,375,55014,10,192159
19586,0.000669,172.217.194.0-255,1484,56498,10,192159
19587,0.000674,172.31.36.0-255,66,56564,10,192159
19588,0.00068,172.217.194.0-255,2902,59466,10,192159
19589,0.000683,172.31.36.0-255,66,59532,10,192159
19590,0.000688,172.217.194.0-255,2902,62434,10,192159
19591,0.00069,172.31.36.0-255,66,62500,10,192159
19592,0.00071,172.217.194.0-255,2902,65402,10,192159
19593,0.000713,172.31.36.0-255,66,65468,10,192159
19594,0.000727,172.31.36.0-255,66,65534,10,192159
19595,0.00073,172.217.194.0-255,1484,67018,10,192159
19596,0.000761,172.31.36.0-255,66,67084,10,192159
19597,0.001181,172.217.194.0-255,1484,68568,10,192159
19598,0.001188,172.217.194.0-255,2902,71470,10,192159
19599,0.001192,172.31.36.0-255,66,71536,10,192159
19600,0.001196,172.217.194.0-255,1484,73020,10,192159
19601,0.001219,172.217.194.0-255,4320,77340,10,192159
19602,0.001222,172.31.36.0-255,66,77406,10,192159
19603,0.001228,172.217.194.0-255,5738,83144,10,192159
19604,0.001231,172.31.36.0-255,66,83210,10,192159
19605,0.001252,172.217.194.0-255,7156,90366,10,192159
19606,0.001254,172.31.36.0-255,66,90432,10,192159
19607,0.001261,172.217.194.0-255,5738,96170,10,192159
19608,0.001263,172.31.36.0-255,66,96236,10,192159
19609,0.001288,172.217.194.0-255,5020,101256,10,192159
19610,0.00129,172.31.36.0-255,66,101322,10,192159
19611,0.001873,172.217.194.0-255,1484,102806,10,192159
19612,0.001881,172.217.194.0-255,2902,105708,10,192159
19613,0.001886,172.31.36.0-255,66,105774,10,192159
19614,0.001894,172.217.194.0-255,5738,111512,10,192159
19615,0.001896,172.31.36.0-255,66,111578,10,192159
19616,0.001902,172.217.194.0-255,5738,117316,10,192159
19617,0.001906,172.31.36.0-255,66,117382,10,192159
19618,0.00191,172.217.194.0-255,2902,120284,10,192159
19619,0.001912,172.31.36.0-255,66,120350,10,192159
19620,0.001948,172.31.36.0-255,66,120416,10,192159
19621,0.001984,172.217.194.0-255,1484,121900,10,192159
19622,0.002001,172.217.194.0-255,3602,125502,10,192159
19623,0.002003,172.31.36.0-255,66,125568,10,192159
19624,0.002077,172.217.194.0-255,1484,127052,10,192159
19625,0.002091,172.217.194.0-255,2902,129954,10,192159
19626,0.002094,172.31.36.0-255,66,130020,10,192159
19627,0.002098,172.217.194.0-255,2902,132922,10,192159
19628,0.0021,172.31.36.0-255,66,132988,10,192159
19629,0.002114,172.217.194.0-255,2902,135890,10,192159
19630,0.002117,172.31.36.0-255,66,135956,10,192159
19631,0.002148,172.217.194.0-255,5738,141694,10,192159
19632,0.002151,172.31.36.0-255,66,141760,10,192159
19633,0.002177,172.217.194.0-255,7156,148916,10,192159
19634,0.002179,172.31.36.0-255,66,148982,10,192159
19635,0.00219,172.31.36.0-255,66,149048,10,192159
19636,0.002194,172.217.194.0-255,2184,151232,10,192159
19637,0.002196,172.31.36.0-255,66,151298,10,192159
19638,0.004487,172.217.194.0-255,1484,152782,10,192159
19639,0.004506,172.217.194.0-255,4320,157102,10,192159
19640,0.004509,172.31.36.0-255,66,157168,10,192159
19641,0.006772,172.217.194.0-255,5738,162906,10,192159
19642,0.006778,172.31.36.0-255,66,162972,10,192159
19643,0.008027,172.31.36.0-255,101,163073,10,192159
19644,0.009108,172.217.194.0-255,5738,168811,10,192159
19645,0.009115,172.31.36.0-255,66,168877,10,192159
19646,0.010261,172.217.194.0-255,66,168943,10,192159
19647,0.01143,172.217.194.0-255,5738,174681,10,192159
19648,0.011438,172.31.36.0-255,66,174747,10,192159
19649,0.013708,172.217.194.0-255,5738,180485,10,192159
19650,0.013716,172.31.36.0-255,66,180551,10,192159
19651,0.016,172.217.194.0-255,5738,186289,10,192159
19652,0.016009,172.31.36.0-255,66,186355,10,192159
19653,0.018297,172.217.194.0-255,5738,192093,10,192159
19654,0.018305,172.31.36.0-255,66,192159,10,192159
19655,0.0,74.125.24.0-255,143,143,10,208107
19656,3.5e-05,172.31.36.0-255,66,209,10,208107
19657,4.4e-05,74.125.24.0-255,1484,1693,10,208107
19658,4.8e-05,172.31.36.0-255,66,1759,10,208107
19659,5.3e-05,74.125.24.0-255,2902,4661,10,208107
19660,5.5e-05,172.31.36.0-255,66,4727,10,208107
19661,7e-05,74.125.24.0-255,7156,11883,10,208107
19662,7.2e-05,172.31.36.0-255,66,11949,10,208107
19663,7.5e-05,74.125.24.0-255,1484,13433,10,208107
19664,7.7e-05,172.31.36.0-255,66,13499,10,208107
19665,0.000121,172.31.36.0-255,66,13565,10,208107
19666,0.000131,172.31.36.0-255,66,13631,10,208107
19667,0.000153,172.31.36.0-255,66,13697,10,208107
19668,0.000159,74.125.24.0-255,5738,19435,10,208107
19669,0.000162,172.31.36.0-255,66,19501,10,208107
19670,0.000212,172.31.36.0-255,66,19567,10,208107
19671,0.000215,74.125.24.0-255,109,19676,10,208107
19672,0.000217,172.31.36.0-255,66,19742,10,208107
19673,0.00022,74.125.24.0-255,331,20073,10,208107
19674,0.000222,172.31.36.0-255,66,20139,10,208107
19675,0.000447,74.125.24.0-255,1484,21623,10,208107
19676,0.000452,74.125.24.0-255,2902,24525,10,208107
19677,0.000454,172.31.36.0-255,66,24591,10,208107
19678,0.000457,74.125.24.0-255,5738,30329,10,208107
19679,0.000459,172.31.36.0-255,66,30395,10,208107
19680,0.000462,172.31.36.0-255,66,30461,10,208107
19681,0.000502,172.31.36.0-255,66,30527,10,208107
19682,0.000517,172.31.36.0-255,66,30593,10,208107
19683,0.000687,74.125.24.0-255,1484,32077,10,208107
19684,0.000693,74.125.24.0-255,2902,34979,10,208107
19685,0.000697,172.31.36.0-255,66,35045,10,208107
19686,0.000704,74.125.24.0-255,5738,40783,10,208107
19687,0.000717,172.31.36.0-255,66,40849,10,208107
19688,0.000729,74.125.24.0-255,7156,48005,10,208107
19689,0.000734,172.31.36.0-255,66,48071,10,208107
19690,0.000766,74.125.24.0-255,5738,53809,10,208107
19691,0.000769,172.31.36.0-255,66,53875,10,208107
19692,0.000776,74.125.24.0-255,7156,61031,10,208107
19693,0.000781,74.125.24.0-255,3602,64633,10,208107
19694,0.00079,172.31.36.0-255,66,64699,10,208107
19695,0.001148,74.125.24.0-255,1484,66183,10,208107
19696,0.001153,74.125.24.0-255,2902,69085,10,208107
19697,0.001156,172.31.36.0-255,66,69151,10,208107
19698,0.00116,74.125.24.0-255,1484,70635,10,208107
19699,0.001179,74.125.24.0-255,4320,74955,10,208107
19700,0.001183,172.31.36.0-255,66,75021,10,208107
19701,0.001193,74.125.24.0-255,2902,77923,10,208107
19702,0.001196,172.31.36.0-255,66,77989,10,208107
19703,0.001211,74.125.24.0-255,5738,83727,10,208107
19704,0.001214,172.31.36.0-255,66,83793,10,208107
19705,0.001242,74.125.24.0-255,4320,88113,10,208107
19706,0.001247,172.31.36.0-255,66,88179,10,208107
19707,0.001275,74.125.24.0-255,5738,93917,10,208107
19708,0.001291,172.31.36.0-255,66,93983,10,208107
19709,0.001294,74.125.24.0-255,5020,99003,10,208107
19710,0.001324,172.31.36.0-255,66,99069,10,208107
19711,0.001401,74.125.24.0-255,1484,100553,10,208107
19712,0.001407,74.125.24.0-255,2902,103455,10,208107
19713,0.001409,172.31.36.0-255,66,103521,10,208107
19714,0.001441,74.125.24.0-255,5738,109259,10,208107
19715,0.001449,74.125.24.0-255,7156,116415,10,208107
19716,0.001454,172.31.36.0-255,66,116481,10,208107
19717,0.001482,74.125.24.0-255,5738,122219,10,208107
19718,0.001486,74.125.24.0-255,1484,123703,10,208107
19719,0.001489,172.31.36.0-255,66,123769,10,208107
19720,0.001536,172.31.36.0-255,66,123835,10,208107
19721,0.001548,74.125.24.0-255,7156,130991,10,208107
19722,0.001552,172.31.36.0-255,66,131057,10,208107
19723,0.001582,74.125.24.0-255,2902,133959,10,208107
19724,0.001585,172.31.36.0-255,66,134025,10,208107
19725,0.001588,74.125.24.0-255,1484,135509,10,208107
19726,0.001618,172.31.36.0-255,66,135575,10,208107
19727,0.001647,74.125.24.0-255,5738,141313,10,208107
19728,0.001652,172.31.36.0-255,66,141379,10,208107
19729,0.001662,74.125.24.0-255,4320,145699,10,208107
19730,0.001665,74.125.24.0-255,1484,147183,10,208107
19731,0.001666,172.31.36.0-255,66,147249,10,208107
19732,0.001718,74.125.24.0-255,2902,150151,10,208107
19733,0.001749,74.125.24.0-255,4320,154471,10,208107
19734,0.001774,74.125.24.0-255,2902,157373,10,208107
19735,0.001819,74.125.24.0-255,2902,160275,10,208107
19736,0.001843,74.125.24.0-255,766,161041,10,208107
19737,0.001884,74.125.24.0-255,7156,168197,10,208107
19738,0.001949,74.125.24.0-255,7156,175353,10,208107
19739,0.001975,74.125.24.0-255,3602,178955,10,208107
19740,0.007788,172.31.36.0-255,66,179021,10,208107
19741,0.009877,74.125.24.0-255,5738,184759,10,208107
19742,0.009886,172.31.36.0-255,66,184825,10,208107
19743,0.011968,74.125.24.0-255,5738,190563,10,208107
19744,0.011977,172.31.36.0-255,66,190629,10,208107
19745,0.014066,74.125.24.0-255,5738,196367,10,208107
19746,0.014074,172.31.36.0-255,66,196433,10,208107
19747,0.016151,74.125.24.0-255,5738,202171,10,208107
19748,0.016157,172.31.36.0-255,66,202237,10,208107
19749,0.01821,74.125.24.0-255,4320,206557,10,208107
19750,0.018215,172.31.36.0-255,66,206623,10,208107
19751,0.018241,74.125.24.0-255,1484,208107,10,208107
19752,0.0,172.217.194.0-255,152,152,10,166104
19753,2.3e-05,172.31.36.0-255,66,218,10,166104
19754,3e-05,172.217.194.0-255,1484,1702,10,166104
19755,3.4e-05,172.31.36.0-255,66,1768,10,166104
19756,3.9e-05,172.217.194.0-255,2902,4670,10,166104
19757,5.2e-05,172.31.36.0-255,66,4736,10,166104
19758,6e-05,172.217.194.0-255,7156,11892,10,166104
19759,6.4e-05,172.31.36.0-255,66,11958,10,166104
19760,7.9e-05,172.31.36.0-255,66,12024,10,166104
19761,0.000126,172.217.194.0-255,5379,17403,10,166104
19762,0.000129,172.31.36.0-255,66,17469,10,166104
19763,0.00016,172.217.194.0-255,4320,21789,10,166104
19764,0.000163,172.31.36.0-255,66,21855,10,166104
19765,0.000167,172.217.194.0-255,2902,24757,10,166104
19766,0.00017,172.31.36.0-255,66,24823,10,166104
19767,0.000195,172.217.194.0-255,2902,27725,10,166104
19768,0.000202,172.31.36.0-255,66,27791,10,166104
19769,0.000208,172.217.194.0-255,4320,32111,10,166104
19770,0.000211,172.31.36.0-255,66,32177,10,166104
19771,0.000246,172.217.194.0-255,2543,34720,10,166104
19772,0.000248,172.31.36.0-255,66,34786,10,166104
19773,0.000256,172.217.194.0-255,7156,41942,10,166104
19774,0.000259,172.31.36.0-255,66,42008,10,166104
19775,0.000293,172.31.36.0-255,66,42074,10,166104
19776,0.000711,172.217.194.0-255,646,42720,10,166104
19777,0.000717,172.31.36.0-255,66,42786,10,166104
19778,0.000908,172.217.194.0-255,1484,44270,10,166104
19779,0.000913,172.31.36.0-255,66,44336,10,166104
19780,0.000918,172.217.194.0-255,2902,47238,10,166104
19781,0.000921,172.31.36.0-255,66,47304,10,166104
19782,0.000951,172.217.194.0-255,4320,51624,10,166104
19783,0.000954,172.31.36.0-255,66,51690,10,166104
19784,0.000979,172.217.194.0-255,1484,53174,10,166104
19785,0.000993,172.31.36.0-255,66,53240,10,166104
19786,0.001012,172.31.36.0-255,66,53306,10,166104
19787,0.001254,172.217.194.0-255,1484,54790,10,166104
19788,0.00126,172.217.194.0-255,2902,57692,10,166104
19789,0.001263,172.31.36.0-255,66,57758,10,166104
19790,0.00127,172.217.194.0-255,5738,63496,10,166104
19791,0.001273,172.31.36.0-255,66,63562,10,166104
19792,0.001279,172.217.194.0-255,5738,69300,10,166104
19793,0.001287,172.31.36.0-255,66,69366,10,166104
19794,0.00133,172.217.194.0-255,2902,72268,10,166104
19795,0.001332,172.31.36.0-255,66,72334,10,166104
19796,0.001374,172.31.36.0-255,66,72400,10,166104
19797,0.00138,172.217.194.0-255,5020,77420,10,166104
19798,0.001382,172.31.36.0-255,66,77486,10,166104
19799,0.001539,172.217.194.0-255,1484,78970,10,166104
19800,0.001554,172.217.194.0-255,2902,81872,10,166104
19801,0.001557,172.31.36.0-255,66,81938,10,166104
19802,0.001563,172.217.194.0-255,2902,84840,10,166104
19803,0.001564,172.31.36.0-255,66,84906,10,166104
19804,0.001589,172.217.194.0-255,2902,87808,10,166104
19805,0.001591,172.31.36.0-255,66,87874,10,166104
19806,0.001602,172.217.194.0-255,7156,95030,10,166104
19807,0.001605,172.31.36.0-255,66,95096,10,166104
19808,0.001666,172.31.36.0-255,66,95162,10,166104
19809,0.00167,172.217.194.0-255,2184,97346,10,166104
19810,0.001672,172.31.36.0-255,66,97412,10,166104
19811,0.001759,172.217.194.0-255,1484,98896,10,166104
19812,0.001766,172.217.194.0-255,2902,101798,10,166104
19813,0.001768,172.31.36.0-255,66,101864,10,166104
19814,0.001805,172.217.194.0-255,5738,107602,10,166104
19815,0.001808,172.31.36.0-255,66,107668,10,166104
19816,0.001811,172.217.194.0-255,1484,109152,10,166104
19817,0.001829,172.31.36.0-255,66,109218,10,166104
19818,0.001865,172.31.36.0-255,66,109284,10,166104
19819,0.001948,172.217.194.0-255,1484,110768,10,166104
19820,0.001955,172.217.194.0-255,2902,113670,10,166104
19821,0.001958,172.31.36.0-255,66,113736,10,166104
19822,0.001965,172.217.194.0-255,5738,119474,10,166104
19823,0.001968,172.31.36.0-255,66,119540,10,166104
19824,0.002005,172.31.36.0-255,66,119606,10,166104
19825,0.002018,172.31.36.0-255,66,119672,10,166104
19826,0.004095,172.217.194.0-255,5738,125410,10,166104
19827,0.004102,172.31.36.0-255,66,125476,10,166104
19828,0.006151,172.217.194.0-255,5738,131214,10,166104
19829,0.006155,172.31.36.0-255,66,131280,10,166104
19830,0.008197,172.217.194.0-255,5738,137018,10,166104
19831,0.008204,172.31.36.0-255,66,137084,10,166104
19832,0.010294,172.217.194.0-255,5738,142822,10,166104
19833,0.010302,172.31.36.0-255,66,142888,10,166104
19834,0.012355,172.217.194.0-255,5738,148626,10,166104
19835,0.012364,172.31.36.0-255,66,148692,10,166104
19836,0.014415,172.217.194.0-255,5738,154430,10,166104
19837,0.014424,172.31.36.0-255,66,154496,10,166104
19838,0.016467,172.217.194.0-255,5738,160234,10,166104
19839,0.016477,172.31.36.0-255,66,160300,10,166104
19840,0.018563,172.217.194.0-255,5738,166038,10,166104
19841,0.018572,172.31.36.0-255,66,166104,10,166104
19842,0.0,74.125.68.0-255,152,152,10,211173
19843,3.4e-05,172.31.36.0-255,66,218,10,211173
19844,4.1e-05,74.125.68.0-255,1484,1702,10,211173
19845,4.6e-05,172.31.36.0-255,66,1768,10,211173
19846,6e-05,74.125.68.0-255,2902,4670,10,211173
19847,6.4e-05,172.31.36.0-255,66,4736,10,211173
19848,7.1e-05,74.125.68.0-255,5738,10474,10,211173
19849,7.3e-05,172.31.36.0-255,66,10540,10,211173
19850,8.4e-05,74.125.68.0-255,1484,12024,10,211173
19851,8.7e-05,172.31.36.0-255,66,12090,10,211173
19852,0.000118,74.125.68.0-255,4891,16981,10,211173
19853,0.000121,172.31.36.0-255,66,17047,10,211173
19854,0.000127,74.125.68.0-255,5738,22785,10,211173
19855,0.000129,172.31.36.0-255,66,22851,10,211173
19856,0.000136,74.125.68.0-255,7156,30007,10,211173
19857,0.000138,172.31.36.0-255,66,30073,10,211173
19858,0.000141,74.125.68.0-255,1125,31198,10,211173
19859,0.000144,172.31.36.0-255,66,31264,10,211173
19860,0.000316,74.125.68.0-255,1484,32748,10,211173
19861,0.000321,172.31.36.0-255,66,32814,10,211173
19862,0.000327,74.125.68.0-255,2902,35716,10,211173
19863,0.000329,172.31.36.0-255,66,35782,10,211173
19864,0.000381,74.125.68.0-255,5738,41520,10,211173
19865,0.000386,172.31.36.0-255,66,41586,10,211173
19866,0.000391,74.125.68.0-255,2902,44488,10,211173
19867,0.000394,172.31.36.0-255,66,44554,10,211173
19868,0.0004,74.125.68.0-255,5738,50292,10,211173
19869,0.000403,172.31.36.0-255,66,50358,10,211173
19870,0.000437,74.125.68.0-255,5379,55737,10,211173
19871,0.000442,74.125.68.0-255,4320,60057,10,211173
19872,0.000444,172.31.36.0-255,66,60123,10,211173
19873,0.000448,172.31.36.0-255,66,60189,10,211173
19874,0.000467,74.125.68.0-255,5689,65878,10,211173
19875,0.00047,172.31.36.0-255,66,65944,10,211173
19876,0.000501,74.125.68.0-255,113,66057,10,211173
19877,0.000622,74.125.68.0-255,330,66387,10,211173
19878,0.000853,172.31.36.0-255,66,66453,10,211173
19879,0.000957,74.125.68.0-255,1484,67937,10,211173
19880,0.000966,74.125.68.0-255,1484,69421,10,211173
19881,0.000969,172.31.36.0-255,66,69487,10,211173
19882,0.000975,74.125.68.0-255,2902,72389,10,211173
19883,0.000978,172.31.36.0-255,66,72455,10,211173
19884,0.001014,74.125.68.0-255,5738,78193,10,211173
19885,0.001019,172.31.36.0-255,66,78259,10,211173
19886,0.001025,74.125.68.0-255,4320,82579,10,211173
19887,0.001028,172.31.36.0-255,66,82645,10,211173
19888,0.001061,74.125.68.0-255,7156,89801,10,211173
19889,0.001065,172.31.36.0-255,66,89867,10,211173
19890,0.00107,74.125.68.0-255,2902,92769,10,211173
19891,0.001074,172.31.36.0-255,66,92835,10,211173
19892,0.00111,172.31.36.0-255,66,92901,10,211173
19893,0.001322,74.125.68.0-255,1484,94385,10,211173
19894,0.001329,74.125.68.0-255,1484,95869,10,211173
19895,0.001332,172.31.36.0-255,66,95935,10,211173
19896,0.001359,74.125.68.0-255,1484,97419,10,211173
19897,0.001365,74.125.68.0-255,4320,101739,10,211173
19898,0.001369,172.31.36.0-255,66,101805,10,211173
19899,0.001375,74.125.68.0-255,4320,106125,10,211173
19900,0.001377,172.31.36.0-255,66,106191,10,211173
19901,0.001407,74.125.68.0-255,4320,110511,10,211173
19902,0.001409,172.31.36.0-255,66,110577,10,211173
19903,0.001416,74.125.68.0-255,5738,116315,10,211173
19904,0.001418,172.31.36.0-255,66,116381,10,211173
19905,0.001457,74.125.68.0-255,7156,123537,10,211173
19906,0.00146,172.31.36.0-255,66,123603,10,211173
19907,0.001487,74.125.68.0-255,3602,127205,10,211173
19908,0.00149,172.31.36.0-255,66,127271,10,211173
19909,0.00176,74.125.68.0-255,1484,128755,10,211173
19910,0.001779,74.125.68.0-255,2902,131657,10,211173
19911,0.001783,172.31.36.0-255,66,131723,10,211173
19912,0.001805,74.125.68.0-255,1484,133207,10,211173
19913,0.00182,74.125.68.0-255,2902,136109,10,211173
19914,0.001823,172.31.36.0-255,66,136175,10,211173
19915,0.001852,74.125.68.0-255,5738,141913,10,211173
19916,0.001854,172.31.36.0-255,66,141979,10,211173
19917,0.001858,74.125.68.0-255,2902,144881,10,211173
19918,0.00186,172.31.36.0-255,66,144947,10,211173
19919,0.001893,172.31.36.0-255,66,145013,10,211173
19920,0.001941,74.125.68.0-255,6438,151451,10,211173
19921,0.001944,172.31.36.0-255,66,151517,10,211173
19922,0.001967,74.125.68.0-255,2902,154419,10,211173
19923,0.001969,172.31.36.0-255,66,154485,10,211173
19924,0.001995,74.125.68.0-255,4320,158805,10,211173
19925,0.001997,172.31.36.0-255,66,158871,10,211173
19926,0.003924,74.125.68.0-255,1484,160355,10,211173
19927,0.003956,74.125.68.0-255,4320,164675,10,211173
19928,0.003959,172.31.36.0-255,66,164741,10,211173
19929,0.005911,74.125.68.0-255,5738,170479,10,211173
19930,0.005917,172.31.36.0-255,66,170545,10,211173
19931,0.007906,74.125.68.0-255,5738,176283,10,211173
19932,0.007912,172.31.36.0-255,66,176349,10,211173
19933,0.009861,74.125.68.0-255,5738,182087,10,211173
19934,0.009871,172.31.36.0-255,66,182153,10,211173
19935,0.011823,74.125.68.0-255,5738,187891,10,211173
19936,0.011834,172.31.36.0-255,66,187957,10,211173
19937,0.01379,74.125.68.0-255,5738,193695,10,211173
19938,0.013802,172.31.36.0-255,66,193761,10,211173
19939,0.015763,74.125.68.0-255,5738,199499,10,211173
19940,0.015771,172.31.36.0-255,66,199565,10,211173
19941,0.017723,74.125.68.0-255,5738,205303,10,211173
19942,0.017732,172.31.36.0-255,66,205369,10,211173
19943,0.019693,74.125.68.0-255,5738,211107,10,211173
19944,0.019701,172.31.36.0-255,66,211173,10,211173
19945,0.0,74.125.130.0-255,150,150,10,284586
19946,2.2e-05,172.31.36.0-255,66,216,10,284586
19947,2.9e-05,74.125.130.0-255,1484,1700,10,284586
19948,3.4e-05,172.31.36.0-255,66,1766,10,284586
19949,3.9e-05,74.125.130.0-255,2902,4668,10,284586
19950,4.2e-05,172.31.36.0-255,66,4734,10,284586
19951,4.8e-05,74.125.130.0-255,4320,9054,10,284586
19952,5e-05,172.31.36.0-255,66,9120,10,284586
19953,7e-05,74.125.130.0-255,1484,10604,10,284586
19954,7.3e-05,172.31.36.0-255,66,10670,10,284586
19955,8.9e-05,74.125.130.0-255,2902,13572,10,284586
19956,9.1e-05,172.31.36.0-255,66,13638,10,284586
19957,0.00011,74.125.130.0-255,2085,15723,10,284586
19958,0.000112,172.31.36.0-255,66,15789,10,284586
19959,0.00013,74.125.130.0-255,5738,21527,10,284586
19960,0.000132,172.31.36.0-255,66,21593,10,284586
19961,0.000138,74.125.130.0-255,5738,27331,10,284586
19962,0.00014,172.31.36.0-255,66,27397,10,284586
19963,0.000162,74.125.130.0-255,3961,31358,10,284586
19964,0.000165,172.31.36.0-255,66,31424,10,284586
19965,0.000335,74.125.130.0-255,1484,32908,10,284586
19966,0.000342,172.31.36.0-255,66,32974,10,284586
19967,0.000356,74.125.130.0-255,2902,35876,10,284586
19968,0.000358,172.31.36.0-255,66,35942,10,284586
19969,0.000385,74.125.130.0-255,1484,37426,10,284586
19970,0.000388,172.31.36.0-255,66,37492,10,284586
19971,0.000401,74.125.130.0-255,2902,40394,10,284586
19972,0.000404,172.31.36.0-255,66,40460,10,284586
19973,0.000422,74.125.130.0-255,1484,41944,10,284586
19974,0.000424,172.31.36.0-255,66,42010,10,284586
19975,0.000429,74.125.130.0-255,2902,44912,10,284586
19976,0.000431,172.31.36.0-255,66,44978,10,284586
19977,0.000437,74.125.130.0-255,3961,48939,10,284586
19978,0.000439,172.31.36.0-255,66,49005,10,284586
19979,0.000446,74.125.130.0-255,7156,56161,10,284586
19980,0.000449,172.31.36.0-255,66,56227,10,284586
19981,0.000454,74.125.130.0-255,2902,59129,10,284586
19982,0.000457,172.31.36.0-255,66,59195,10,284586
19983,0.000483,74.125.130.0-255,5738,64933,10,284586
19984,0.000486,172.31.36.0-255,66,64999,10,284586
19985,0.000489,74.125.130.0-255,1375,66374,10,284586
19986,0.000597,74.125.130.0-255,123,66497,10,284586
19987,0.000804,74.125.130.0-255,1484,67981,10,284586
19988,0.000808,172.31.36.0-255,66,68047,10,284586
19989,0.000814,74.125.130.0-255,2902,70949,10,284586
19990,0.000816,172.31.36.0-255,66,71015,10,284586
19991,0.000822,74.125.130.0-255,4320,75335,10,284586
19992,0.000824,172.31.36.0-255,66,75401,10,284586
19993,0.00084,74.125.130.0-255,1484,76885,10,284586
19994,0.000845,74.125.130.0-255,2902,79787,10,284586
19995,0.000847,172.31.36.0-255,66,79853,10,284586
19996,0.000853,74.125.130.0-255,4320,84173,10,284586
19997,0.000855,172.31.36.0-255,66,84239,10,284586
19998,0.000905,172.31.36.0-255,66,84305,10,284586
19999,0.000908,74.125.130.0-255,1484,85789,10,284586
20000,0.000923,74.125.130.0-255,1484,87273,10,284586
20001,0.000926,172.31.36.0-255,66,87339,10,284586
20002,0.000942,74.125.130.0-255,4320,91659,10,284586
20003,0.000944,74.125.130.0-255,766,92425,10,284586
20004,0.000948,172.31.36.0-255,66,92491,10,284586
20005,0.001068,74.125.130.0-255,1484,93975,10,284586
20006,0.001073,172.31.36.0-255,66,94041,10,284586
20007,0.001078,74.125.130.0-255,2902,96943,10,284586
20008,0.00108,172.31.36.0-255,66,97009,10,284586
20009,0.001106,74.125.130.0-255,4320,101329,10,284586
20010,0.001109,172.31.36.0-255,66,101395,10,284586
20011,0.001136,74.125.130.0-255,1484,102879,10,284586
20012,0.001151,74.125.130.0-255,2902,105781,10,284586
20013,0.001153,172.31.36.0-255,66,105847,10,284586
20014,0.001174,74.125.130.0-255,4320,110167,10,284586
20015,0.001176,172.31.36.0-255,66,110233,10,284586
20016,0.0012,74.125.130.0-255,2902,113135,10,284586
20017,0.001203,172.31.36.0-255,66,113201,10,284586
20018,0.00123,74.125.130.0-255,7156,120357,10,284586
20019,0.001233,172.31.36.0-255,66,120423,10,284586
20020,0.00124,74.125.130.0-255,6171,126594,10,284586
20021,0.001242,172.31.36.0-255,66,126660,10,284586
20022,0.00141,74.125.130.0-255,1484,128144,10,284586
20023,0.001416,74.125.130.0-255,2902,131046,10,284586
20024,0.001419,172.31.36.0-255,66,131112,10,284586
20025,0.001426,74.125.130.0-255,5738,136850,10,284586
20026,0.001429,172.31.36.0-255,66,136916,10,284586
20027,0.001448,74.125.130.0-255,1484,138400,10,284586
20028,0.001477,172.31.36.0-255,66,138466,10,284586
20029,0.001514,172.31.36.0-255,66,138532,10,284586
20030,0.001518,74.125.130.0-255,2184,140716,10,284586
20031,0.001521,172.31.36.0-255,66,140782,10,284586
20032,0.001525,74.125.130.0-255,2902,143684,10,284586
20033,0.001527,172.31.36.0-255,66,143750,10,284586
20034,0.001551,74.125.130.0-255,7156,150906,10,284586
20035,0.001554,172.31.36.0-255,66,150972,10,284586
20036,0.001559,74.125.130.0-255,4320,155292,10,284586
20037,0.001561,172.31.36.0-255,66,155358,10,284586
20038,0.00159,74.125.130.0-255,1484,156842,10,284586
20039,0.001611,74.125.130.0-255,4320,161162,10,284586
20040,0.001614,172.31.36.0-255,66,161228,10,284586
20041,0.001619,74.125.130.0-255,4320,165548,10,284586
20042,0.001622,172.31.36.0-255,66,165614,10,284586
20043,0.001641,74.125.130.0-255,7156,172770,10,284586
20044,0.001644,172.31.36.0-255,66,172836,10,284586
20045,0.001659,74.125.130.0-255,4320,177156,10,284586
20046,0.001663,172.31.36.0-255,66,177222,10,284586
20047,0.001671,74.125.130.0-255,2184,179406,10,284586
20048,0.001673,172.31.36.0-255,66,179472,10,284586
20049,0.001711,74.125.130.0-255,4320,183792,10,284586
20050,0.001715,172.31.36.0-255,66,183858,10,284586
20051,0.001732,74.125.130.0-255,2902,186760,10,284586
20052,0.001735,172.31.36.0-255,66,186826,10,284586
20053,0.00174,74.125.130.0-255,2902,189728,10,284586
20054,0.001743,172.31.36.0-255,66,189794,10,284586
20055,0.001765,74.125.130.0-255,5738,195532,10,284586
20056,0.001768,172.31.36.0-255,66,195598,10,284586
20057,0.001771,74.125.130.0-255,1484,197082,10,284586
20058,0.001788,74.125.130.0-255,2902,199984,10,284586
20059,0.001791,172.31.36.0-255,66,200050,10,284586
20060,0.00183,74.125.130.0-255,5738,205788,10,284586
20061,0.001833,172.31.36.0-255,66,205854,10,284586
20062,0.001837,74.125.130.0-255,1484,207338,10,284586
20063,0.001864,74.125.130.0-255,2184,209522,10,284586
20064,0.001867,172.31.36.0-255,66,209588,10,284586
20065,0.002077,74.125.130.0-255,1484,211072,10,284586
20066,0.002092,74.125.130.0-255,2902,213974,10,284586
20067,0.002097,172.31.36.0-255,66,214040,10,284586
20068,0.002142,74.125.130.0-255,1484,215524,10,284586
20069,0.002165,74.125.130.0-255,2902,218426,10,284586
20070,0.002169,172.31.36.0-255,66,218492,10,284586
20071,0.00218,74.125.130.0-255,5738,224230,10,284586
20072,0.002182,172.31.36.0-255,66,224296,10,284586
20073,0.002186,74.125.130.0-255,4320,228616,10,284586
20074,0.002189,172.31.36.0-255,66,228682,10,284586
20075,0.002196,74.125.130.0-255,5738,234420,10,284586
20076,0.002198,172.31.36.0-255,66,234486,10,284586
20077,0.002215,74.125.130.0-255,2902,237388,10,284586
20078,0.002217,172.31.36.0-255,66,237454,10,284586
20079,0.002254,74.125.130.0-255,6438,243892,10,284586
20080,0.002257,172.31.36.0-255,66,243958,10,284586
20081,0.004538,74.125.130.0-255,5738,249696,10,284586
20082,0.004547,172.31.36.0-255,66,249762,10,284586
20083,0.006858,74.125.130.0-255,5738,255500,10,284586
20084,0.006864,172.31.36.0-255,66,255566,10,284586
20085,0.009136,74.125.130.0-255,5738,261304,10,284586
20086,0.009142,172.31.36.0-255,66,261370,10,284586
20087,0.011434,74.125.130.0-255,5738,267108,10,284586
20088,0.011442,172.31.36.0-255,66,267174,10,284586
20089,0.013729,74.125.130.0-255,5738,272912,10,284586
20090,0.013737,172.31.36.0-255,66,272978,10,284586
20091,0.016019,74.125.130.0-255,5738,278716,10,284586
20092,0.016027,172.31.36.0-255,66,278782,10,284586
20093,0.018313,74.125.130.0-255,5738,284520,10,284586
20094,0.018323,172.31.36.0-255,66,284586,10,284586
20095,0.0,74.125.24.0-255,156,156,10,183550
20096,2.4e-05,172.31.36.0-255,66,222,10,183550
20097,3.2e-05,74.125.24.0-255,1484,1706,10,183550
20098,3.6e-05,172.31.36.0-255,66,1772,10,183550
20099,4.2e-05,74.125.24.0-255,2902,4674,10,183550
20100,4.5e-05,172.31.36.0-255,66,4740,10,183550
20101,5.3e-05,74.125.24.0-255,7156,11896,10,183550
20102,5.6e-05,172.31.36.0-255,66,11962,10,183550
20103,6e-05,74.125.24.0-255,2066,14028,10,183550
20104,6.3e-05,172.31.36.0-255,66,14094,10,183550
20105,0.000249,74.125.24.0-255,1484,15578,10,183550
20106,0.000254,172.31.36.0-255,66,15644,10,183550
20107,0.000261,74.125.24.0-255,2902,18546,10,183550
20108,0.000265,172.31.36.0-255,66,18612,10,183550
20109,0.000271,74.125.24.0-255,5738,24350,10,183550
20110,0.000274,172.31.36.0-255,66,24416,10,183550
20111,0.000278,74.125.24.0-255,2902,27318,10,183550
20112,0.00028,172.31.36.0-255,66,27384,10,183550
20113,0.000306,74.125.24.0-255,3961,31345,10,183550
20114,0.000308,172.31.36.0-255,66,31411,10,183550
20115,0.000316,74.125.24.0-255,7156,38567,10,183550
20116,0.000319,172.31.36.0-255,66,38633,10,183550
20117,0.000367,172.31.36.0-255,66,38699,10,183550
20118,0.000378,172.31.36.0-255,66,38765,10,183550
20119,0.000382,74.125.24.0-255,2481,41246,10,183550
20120,0.000384,172.31.36.0-255,66,41312,10,183550
20121,0.000519,74.125.24.0-255,380,41692,10,183550
20122,0.000523,172.31.36.0-255,66,41758,10,183550
20123,0.000552,74.125.24.0-255,1484,43242,10,183550
20124,0.000556,172.31.36.0-255,66,43308,10,183550
20125,0.000559,74.125.24.0-255,1484,44792,10,183550
20126,0.000575,74.125.24.0-255,2902,47694,10,183550
20127,0.000578,74.125.24.0-255,1484,49178,10,183550
20128,0.000585,172.31.36.0-255,66,49244,10,183550
20129,0.000618,74.125.24.0-255,5738,54982,10,183550
20130,0.000624,172.31.36.0-255,66,55048,10,183550
20131,0.000649,74.125.24.0-255,7156,62204,10,183550
20132,0.000666,74.125.24.0-255,5020,67224,10,183550
20133,0.000671,172.31.36.0-255,66,67290,10,183550
20134,0.000716,74.125.24.0-255,5738,73028,10,183550
20135,0.000737,74.125.24.0-255,7156,80184,10,183550
20136,0.000744,74.125.24.0-255,7156,87340,10,183550
20137,0.000777,172.31.36.0-255,66,87406,10,183550
20138,0.00131,74.125.24.0-255,1484,88890,10,183550
20139,0.001313,74.125.24.0-255,1484,90374,10,183550
20140,0.001325,172.31.36.0-255,66,90440,10,183550
20141,0.00133,74.125.24.0-255,1484,91924,10,183550
20142,0.001352,74.125.24.0-255,5738,97662,10,183550
20143,0.001369,172.31.36.0-255,66,97728,10,183550
20144,0.001378,74.125.24.0-255,1484,99212,10,183550
20145,0.00138,74.125.24.0-255,1484,100696,10,183550
20146,0.001385,172.31.36.0-255,66,100762,10,183550
20147,0.001419,74.125.24.0-255,5738,106500,10,183550
20148,0.001428,172.31.36.0-255,66,106566,10,183550
20149,0.001437,74.125.24.0-255,3602,110168,10,183550
20150,0.001447,172.31.36.0-255,66,110234,10,183550
20151,0.001835,74.125.24.0-255,1484,111718,10,183550
20152,0.001841,74.125.24.0-255,2902,114620,10,183550
20153,0.001844,172.31.36.0-255,66,114686,10,183550
20154,0.001852,74.125.24.0-255,5738,120424,10,183550
20155,0.001876,74.125.24.0-255,4320,124744,10,183550
20156,0.001899,172.31.36.0-255,66,124810,10,183550
20157,0.001954,74.125.24.0-255,1484,126294,10,183550
20158,0.001962,172.31.36.0-255,66,126360,10,183550
20159,0.002003,74.125.24.0-255,7156,133516,10,183550
20160,0.002029,74.125.24.0-255,1484,135000,10,183550
20161,0.002036,74.125.24.0-255,5738,140738,10,183550
20162,0.002053,74.125.24.0-255,5738,146476,10,183550
20163,0.002078,74.125.24.0-255,2184,148660,10,183550
20164,0.006229,172.31.36.0-255,66,148726,10,183550
20165,0.008263,74.125.24.0-255,5738,154464,10,183550
20166,0.008273,172.31.36.0-255,66,154530,10,183550
20167,0.01034,74.125.24.0-255,5738,160268,10,183550
20168,0.010352,172.31.36.0-255,66,160334,10,183550
20169,0.012422,74.125.24.0-255,5738,166072,10,183550
20170,0.013073,172.31.36.0-255,66,166138,10,183550
20171,0.015102,74.125.24.0-255,5738,171876,10,183550
20172,0.015118,172.31.36.0-255,66,171942,10,183550
20173,0.017178,74.125.24.0-255,5738,177680,10,183550
20174,0.017196,172.31.36.0-255,66,177746,10,183550
20175,0.019263,74.125.24.0-255,5738,183484,10,183550
20176,0.019279,172.31.36.0-255,66,183550,10,183550
20177,0.0,74.125.24.0-255,142,142,10,170995
20178,2.3e-05,172.31.36.0-255,66,208,10,170995
20179,3.1e-05,74.125.24.0-255,1484,1692,10,170995
20180,3.6e-05,172.31.36.0-255,66,1758,10,170995
20181,4.2e-05,74.125.24.0-255,2902,4660,10,170995
20182,4.5e-05,172.31.36.0-255,66,4726,10,170995
20183,5.3e-05,74.125.24.0-255,7156,11882,10,170995
20184,5.6e-05,172.31.36.0-255,66,11948,10,170995
20185,6e-05,74.125.24.0-255,2082,14030,10,170995
20186,6.3e-05,172.31.36.0-255,66,14096,10,170995
20187,0.000419,74.125.24.0-255,1484,15580,10,170995
20188,0.000425,172.31.36.0-255,66,15646,10,170995
20189,0.000431,74.125.24.0-255,2902,18548,10,170995
20190,0.000433,172.31.36.0-255,66,18614,10,170995
20191,0.000457,74.125.24.0-255,5738,24352,10,170995
20192,0.000459,172.31.36.0-255,66,24418,10,170995
20193,0.000463,74.125.24.0-255,2902,27320,10,170995
20194,0.000466,172.31.36.0-255,66,27386,10,170995
20195,0.000505,74.125.24.0-255,4320,31706,10,170995
20196,0.000508,172.31.36.0-255,66,31772,10,170995
20197,0.00053,74.125.24.0-255,6797,38569,10,170995
20198,0.000532,172.31.36.0-255,66,38635,10,170995
20199,0.000538,74.125.24.0-255,5738,44373,10,170995
20200,0.00054,172.31.36.0-255,66,44439,10,170995
20201,0.000555,74.125.24.0-255,2902,47341,10,170995
20202,0.000558,172.31.36.0-255,66,47407,10,170995
20203,0.000576,74.125.24.0-255,1125,48532,10,170995
20204,0.000578,172.31.36.0-255,66,48598,10,170995
20205,0.00061,74.125.24.0-255,1484,50082,10,170995
20206,0.000614,172.31.36.0-255,66,50148,10,170995
20207,0.000619,74.125.24.0-255,2902,53050,10,170995
20208,0.000621,172.31.36.0-255,66,53116,10,170995
20209,0.000626,74.125.24.0-255,2902,56018,10,170995
20210,0.00064,74.125.24.0-255,2902,58920,10,170995
20211,0.000649,172.31.36.0-255,66,58986,10,170995
20212,0.00066,74.125.24.0-255,4320,63306,10,170995
20213,0.000665,172.31.36.0-255,66,63372,10,170995
20214,0.000681,74.125.24.0-255,2888,66260,10,170995
20215,0.000697,172.31.36.0-255,66,66326,10,170995
20216,0.000743,74.125.24.0-255,1484,67810,10,170995
20217,0.000747,74.125.24.0-255,2902,70712,10,170995
20218,0.000759,74.125.24.0-255,1484,72196,10,170995
20219,0.000771,172.31.36.0-255,66,72262,10,170995
20220,0.000781,74.125.24.0-255,4320,76582,10,170995
20221,0.000786,74.125.24.0-255,1484,78066,10,170995
20222,0.00079,172.31.36.0-255,66,78132,10,170995
20223,0.000798,74.125.24.0-255,1484,79616,10,170995
20224,0.000815,74.125.24.0-255,4320,83936,10,170995
20225,0.000838,74.125.24.0-255,2902,86838,10,170995
20226,0.000844,172.31.36.0-255,66,86904,10,170995
20227,0.000856,74.125.24.0-255,5623,92527,10,170995
20228,0.000877,172.31.36.0-255,66,92593,10,170995
20229,0.001283,74.125.24.0-255,1484,94077,10,170995
20230,0.00129,74.125.24.0-255,2902,96979,10,170995
20231,0.001293,172.31.36.0-255,66,97045,10,170995
20232,0.0013,74.125.24.0-255,5738,102783,10,170995
20233,0.001318,74.125.24.0-255,7156,109939,10,170995
20234,0.001334,172.31.36.0-255,66,110005,10,170995
20235,0.001341,74.125.24.0-255,5738,115743,10,170995
20236,0.001348,172.31.36.0-255,66,115809,10,170995
20237,0.001369,74.125.24.0-255,2184,117993,10,170995
20238,0.00139,172.31.36.0-255,66,118059,10,170995
20239,0.001925,74.125.24.0-255,1484,119543,10,170995
20240,0.001936,74.125.24.0-255,2902,122445,10,170995
20241,0.001941,172.31.36.0-255,66,122511,10,170995
20242,0.001949,74.125.24.0-255,5738,128249,10,170995
20243,0.001991,74.125.24.0-255,2902,131151,10,170995
20244,0.001998,74.125.24.0-255,5738,136889,10,170995
20245,0.002034,74.125.24.0-255,5020,141909,10,170995
20246,0.007474,172.31.36.0-255,66,141975,10,170995
20247,0.009523,74.125.24.0-255,5738,147713,10,170995
20248,0.009533,172.31.36.0-255,66,147779,10,170995
20249,0.011594,74.125.24.0-255,5738,153517,10,170995
20250,0.012207,172.31.36.0-255,66,153583,10,170995
20251,0.014264,74.125.24.0-255,5738,159321,10,170995
20252,0.014273,172.31.36.0-255,66,159387,10,170995
20253,0.016317,74.125.24.0-255,5738,165125,10,170995
20254,0.016326,172.31.36.0-255,66,165191,10,170995
20255,0.018359,74.125.24.0-255,5738,170929,10,170995
20256,0.018367,172.31.36.0-255,66,170995,10,170995
20257,0.0,74.125.24.0-255,297,297,10,202979
20258,2.4e-05,172.31.36.0-255,66,363,10,202979
20259,3.1e-05,74.125.24.0-255,1484,1847,10,202979
20260,3.6e-05,172.31.36.0-255,66,1913,10,202979
20261,4.3e-05,74.125.24.0-255,4320,6233,10,202979
20262,4.6e-05,172.31.36.0-255,66,6299,10,202979
20263,6.2e-05,74.125.24.0-255,7156,13455,10,202979
20264,6.6e-05,172.31.36.0-255,66,13521,10,202979
20265,9.8e-05,172.31.36.0-255,66,13587,10,202979
20266,0.000129,74.125.24.0-255,3961,17548,10,202979
20267,0.000133,172.31.36.0-255,66,17614,10,202979
20268,0.000236,74.125.24.0-255,1484,19098,10,202979
20269,0.00024,172.31.36.0-255,66,19164,10,202979
20270,0.000245,74.125.24.0-255,2902,22066,10,202979
20271,0.000248,172.31.36.0-255,66,22132,10,202979
20272,0.000251,74.125.24.0-255,1484,23616,10,202979
20273,0.000258,172.31.36.0-255,66,23682,10,202979
20274,0.000289,74.125.24.0-255,4320,28002,10,202979
20275,0.000292,172.31.36.0-255,66,28068,10,202979
20276,0.000299,74.125.24.0-255,5738,33806,10,202979
20277,0.000301,172.31.36.0-255,66,33872,10,202979
20278,0.000313,74.125.24.0-255,1125,34997,10,202979
20279,0.000315,172.31.36.0-255,66,35063,10,202979
20280,0.000379,74.125.24.0-255,1484,36547,10,202979
20281,0.000382,172.31.36.0-255,66,36613,10,202979
20282,0.000387,74.125.24.0-255,2902,39515,10,202979
20283,0.00039,172.31.36.0-255,66,39581,10,202979
20284,0.000397,74.125.24.0-255,1484,41065,10,202979
20285,0.000399,172.31.36.0-255,66,41131,10,202979
20286,0.000427,74.125.24.0-255,4320,45451,10,202979
20287,0.00043,172.31.36.0-255,66,45517,10,202979
20288,0.000437,74.125.24.0-255,6797,52314,10,202979
20289,0.00044,172.31.36.0-255,66,52380,10,202979
20290,0.000499,74.125.24.0-255,362,52742,10,202979
20291,0.000613,74.125.24.0-255,1484,54226,10,202979
20292,0.000619,172.31.36.0-255,66,54292,10,202979
20293,0.000624,74.125.24.0-255,2902,57194,10,202979
20294,0.000627,172.31.36.0-255,66,57260,10,202979
20295,0.000633,74.125.24.0-255,5738,62998,10,202979
20296,0.000641,172.31.36.0-255,66,63064,10,202979
20297,0.000681,74.125.24.0-255,4320,67384,10,202979
20298,0.000684,172.31.36.0-255,66,67450,10,202979
20299,0.000719,74.125.24.0-255,6797,74247,10,202979
20300,0.000722,172.31.36.0-255,66,74313,10,202979
20301,0.000741,172.31.36.0-255,66,74379,10,202979
20302,0.000744,74.125.24.0-255,860,75239,10,202979
20303,0.000747,74.125.24.0-255,1484,76723,10,202979
20304,0.000749,172.31.36.0-255,66,76789,10,202979
20305,0.000779,74.125.24.0-255,4320,81109,10,202979
20306,0.000782,172.31.36.0-255,66,81175,10,202979
20307,0.000794,172.31.36.0-255,66,81241,10,202979
20308,0.000813,74.125.24.0-255,1142,82383,10,202979
20309,0.000938,74.125.24.0-255,1484,83867,10,202979
20310,0.000942,172.31.36.0-255,66,83933,10,202979
20311,0.000948,74.125.24.0-255,2902,86835,10,202979
20312,0.00095,172.31.36.0-255,66,86901,10,202979
20313,0.000982,74.125.24.0-255,5738,92639,10,202979
20314,0.000984,172.31.36.0-255,66,92705,10,202979
20315,0.00099,74.125.24.0-255,5738,98443,10,202979
20316,0.000992,172.31.36.0-255,66,98509,10,202979
20317,0.001025,172.31.36.0-255,66,98575,10,202979
20318,0.001053,74.125.24.0-255,4320,102895,10,202979
20319,0.001057,172.31.36.0-255,66,102961,10,202979
20320,0.001063,74.125.24.0-255,5020,107981,10,202979
20321,0.001065,172.31.36.0-255,66,108047,10,202979
20322,0.001699,74.125.24.0-255,1484,109531,10,202979
20323,0.001704,74.125.24.0-255,1484,111015,10,202979
20324,0.001708,172.31.36.0-255,66,111081,10,202979
20325,0.001726,74.125.24.0-255,1484,112565,10,202979
20326,0.001733,74.125.24.0-255,4320,116885,10,202979
20327,0.001735,172.31.36.0-255,66,116951,10,202979
20328,0.001758,74.125.24.0-255,1484,118435,10,202979
20329,0.001766,74.125.24.0-255,7156,125591,10,202979
20330,0.001768,172.31.36.0-255,66,125657,10,202979
20331,0.001771,74.125.24.0-255,1484,127141,10,202979
20332,0.001816,172.31.36.0-255,66,127207,10,202979
20333,0.001821,74.125.24.0-255,2184,129391,10,202979
20334,0.001823,172.31.36.0-255,66,129457,10,202979
20335,0.001826,74.125.24.0-255,1484,130941,10,202979
20336,0.001844,74.125.24.0-255,2902,133843,10,202979
20337,0.001846,172.31.36.0-255,66,133909,10,202979
20338,0.001858,74.125.24.0-255,5738,139647,10,202979
20339,0.00186,172.31.36.0-255,66,139713,10,202979
20340,0.001903,172.31.36.0-255,66,139779,10,202979
20341,0.001909,74.125.24.0-255,4320,144099,10,202979
20342,0.001911,172.31.36.0-255,66,144165,10,202979
20343,0.001926,172.31.36.0-255,66,144231,10,202979
20344,0.001957,74.125.24.0-255,2184,146415,10,202979
20345,0.001959,172.31.36.0-255,66,146481,10,202979
20346,0.002076,74.125.24.0-255,1484,147965,10,202979
20347,0.002082,74.125.24.0-255,2902,150867,10,202979
20348,0.002085,172.31.36.0-255,66,150933,10,202979
20349,0.002089,74.125.24.0-255,2902,153835,10,202979
20350,0.002091,172.31.36.0-255,66,153901,10,202979
20351,0.002111,74.125.24.0-255,2902,156803,10,202979
20352,0.002113,172.31.36.0-255,66,156869,10,202979
20353,0.002135,172.31.36.0-255,66,156935,10,202979
20354,0.002167,74.125.24.0-255,2902,159837,10,202979
20355,0.002169,172.31.36.0-255,66,159903,10,202979
20356,0.002181,172.31.36.0-255,66,159969,10,202979
20357,0.00219,74.125.24.0-255,2184,162153,10,202979
20358,0.002193,172.31.36.0-255,66,162219,10,202979
20359,0.004461,74.125.24.0-255,2902,165121,10,202979
20360,0.004469,172.31.36.0-255,66,165187,10,202979
20361,0.004495,74.125.24.0-255,2902,168089,10,202979
20362,0.004498,172.31.36.0-255,66,168155,10,202979
20363,0.006751,74.125.24.0-255,5738,173893,10,202979
20364,0.006755,172.31.36.0-255,66,173959,10,202979
20365,0.009033,74.125.24.0-255,5738,179697,10,202979
20366,0.009039,172.31.36.0-255,66,179763,10,202979
20367,0.011294,74.125.24.0-255,5738,185501,10,202979
20368,0.011303,172.31.36.0-255,66,185567,10,202979
20369,0.013617,74.125.24.0-255,5738,191305,10,202979
20370,0.013633,172.31.36.0-255,66,191371,10,202979
20371,0.015897,74.125.24.0-255,5738,197109,10,202979
20372,0.015907,172.31.36.0-255,66,197175,10,202979
20373,0.018213,74.125.24.0-255,5738,202913,10,202979
20374,0.018223,172.31.36.0-255,66,202979,10,202979
20375,0.0,172.217.194.0-255,153,153,10,183730
20376,3.1e-05,172.31.36.0-255,66,219,10,183730
20377,3.9e-05,172.217.194.0-255,1484,1703,10,183730
20378,4.3e-05,172.31.36.0-255,66,1769,10,183730
20379,4.8e-05,172.217.194.0-255,2902,4671,10,183730
20380,5.1e-05,172.31.36.0-255,66,4737,10,183730
20381,5.6e-05,172.217.194.0-255,4320,9057,10,183730
20382,6e-05,172.31.36.0-255,66,9123,10,183730
20383,6.6e-05,172.217.194.0-255,5738,14861,10,183730
20384,6.9e-05,172.31.36.0-255,66,14927,10,183730
20385,9.9e-05,172.217.194.0-255,3439,18366,10,183730
20386,0.000101,172.31.36.0-255,66,18432,10,183730
20387,0.000115,172.31.36.0-255,66,18498,10,183730
20388,0.0002,172.217.194.0-255,1484,19982,10,183730
20389,0.000204,172.31.36.0-255,66,20048,10,183730
20390,0.00021,172.217.194.0-255,2902,22950,10,183730
20391,0.000213,172.31.36.0-255,66,23016,10,183730
20392,0.000218,172.217.194.0-255,2902,25918,10,183730
20393,0.00022,172.31.36.0-255,66,25984,10,183730
20394,0.000247,172.217.194.0-255,2902,28886,10,183730
20395,0.00025,172.31.36.0-255,66,28952,10,183730
20396,0.000257,172.217.194.0-255,6797,35749,10,183730
20397,0.000259,172.31.36.0-255,66,35815,10,183730
20398,0.000398,172.217.194.0-255,1484,37299,10,183730
20399,0.000403,172.217.194.0-255,2902,40201,10,183730
20400,0.000406,172.31.36.0-255,66,40267,10,183730
20401,0.00041,172.31.36.0-255,66,40333,10,183730
20402,0.000423,172.217.194.0-255,5738,46071,10,183730
20403,0.000427,172.31.36.0-255,66,46137,10,183730
20404,0.000453,172.217.194.0-255,6797,52934,10,183730
20405,0.000456,172.31.36.0-255,66,53000,10,183730
20406,0.000469,172.217.194.0-255,648,53648,10,183730
20407,0.000564,172.217.194.0-255,1484,55132,10,183730
20408,0.000567,172.31.36.0-255,66,55198,10,183730
20409,0.000574,172.217.194.0-255,2902,58100,10,183730
20410,0.000577,172.31.36.0-255,66,58166,10,183730
20411,0.000584,172.217.194.0-255,5738,63904,10,183730
20412,0.000586,172.31.36.0-255,66,63970,10,183730
20413,0.000589,172.217.194.0-255,1484,65454,10,183730
20414,0.000603,172.217.194.0-255,1484,66938,10,183730
20415,0.000606,172.31.36.0-255,66,67004,10,183730
20416,0.000634,172.217.194.0-255,7156,74160,10,183730
20417,0.000637,172.31.36.0-255,66,74226,10,183730
20418,0.000673,172.31.36.0-255,66,74292,10,183730
20419,0.000693,172.217.194.0-255,3602,77894,10,183730
20420,0.000696,172.31.36.0-255,66,77960,10,183730
20421,0.000782,172.217.194.0-255,1484,79444,10,183730
20422,0.0008,172.217.194.0-255,2902,82346,10,183730
20423,0.000804,172.31.36.0-255,66,82412,10,183730
20424,0.000809,172.217.194.0-255,2902,85314,10,183730
20425,0.000811,172.31.36.0-255,66,85380,10,183730
20426,0.000825,172.217.194.0-255,2902,88282,10,183730
20427,0.000827,172.31.36.0-255,66,88348,10,183730
20428,0.000833,172.217.194.0-255,4320,92668,10,183730
20429,0.000836,172.31.36.0-255,66,92734,10,183730
20430,0.000855,172.31.36.0-255,66,92800,10,183730
20431,0.000871,172.217.194.0-255,1484,94284,10,183730
20432,0.000895,172.31.36.0-255,66,94350,10,183730
20433,0.001197,172.217.194.0-255,1484,95834,10,183730
20434,0.001222,172.217.194.0-255,2902,98736,10,183730
20435,0.001226,172.31.36.0-255,66,98802,10,183730
20436,0.001233,172.217.194.0-255,5738,104540,10,183730
20437,0.001236,172.31.36.0-255,66,104606,10,183730
20438,0.001241,172.217.194.0-255,4320,108926,10,183730
20439,0.001243,172.31.36.0-255,66,108992,10,183730
20440,0.001284,172.217.194.0-255,4320,113312,10,183730
20441,0.001284,172.31.36.0-255,66,113378,10,183730
20442,0.001288,172.31.36.0-255,66,113444,10,183730
20443,0.001302,172.217.194.0-255,3602,117046,10,183730
20444,0.001305,172.31.36.0-255,66,117112,10,183730
20445,0.001336,172.31.36.0-255,66,117178,10,183730
20446,0.001348,172.31.36.0-255,66,117244,10,183730
20447,0.001368,172.217.194.0-255,1484,118728,10,183730
20448,0.001392,172.217.194.0-255,5738,124466,10,183730
20449,0.001396,172.31.36.0-255,66,124532,10,183730
20450,0.001426,172.31.36.0-255,66,124598,10,183730
20451,0.001485,172.217.194.0-255,1484,126082,10,183730
20452,0.001507,172.217.194.0-255,1484,127566,10,183730
20453,0.001511,172.31.36.0-255,66,127632,10,183730
20454,0.001519,172.217.194.0-255,2902,130534,10,183730
20455,0.001522,172.31.36.0-255,66,130600,10,183730
20456,0.001546,172.217.194.0-255,5738,136338,10,183730
20457,0.001549,172.31.36.0-255,66,136404,10,183730
20458,0.001564,172.217.194.0-255,2902,139306,10,183730
20459,0.001569,172.31.36.0-255,66,139372,10,183730
20460,0.00159,172.31.36.0-255,66,139438,10,183730
20461,0.001609,172.217.194.0-255,2902,142340,10,183730
20462,0.001612,172.31.36.0-255,66,142406,10,183730
20463,0.001634,172.217.194.0-255,6438,148844,10,183730
20464,0.001637,172.31.36.0-255,66,148910,10,183730
20465,0.001756,172.217.194.0-255,1484,150394,10,183730
20466,0.00177,172.217.194.0-255,2902,153296,10,183730
20467,0.001773,172.31.36.0-255,66,153362,10,183730
20468,0.001777,172.217.194.0-255,1484,154846,10,183730
20469,0.001795,172.217.194.0-255,4320,159166,10,183730
20470,0.001797,172.217.194.0-255,1484,160650,10,183730
20471,0.001798,172.31.36.0-255,66,160716,10,183730
20472,0.001826,172.217.194.0-255,7156,167872,10,183730
20473,0.001829,172.31.36.0-255,66,167938,10,183730
20474,0.001856,172.217.194.0-255,4320,172258,10,183730
20475,0.00186,172.31.36.0-255,66,172324,10,183730
20476,0.001872,172.31.36.0-255,66,172390,10,183730
20477,0.001881,172.217.194.0-255,2184,174574,10,183730
20478,0.001883,172.31.36.0-255,66,174640,10,183730
20479,0.001921,172.31.36.0-255,66,174706,10,183730
20480,0.001953,172.217.194.0-255,7156,181862,10,183730
20481,0.001957,172.31.36.0-255,66,181928,10,183730
20482,0.001971,172.31.36.0-255,66,181994,10,183730
20483,0.002,172.31.36.0-255,66,182060,10,183730
20484,0.002035,172.217.194.0-255,766,182826,10,183730
20485,0.002066,172.31.36.0-255,66,182892,10,183730
20486,0.002084,172.31.36.0-255,66,182958,10,183730
20487,0.002129,172.31.36.0-255,66,183024,10,183730
20488,0.002132,172.217.194.0-255,364,183388,10,183730
20489,0.002136,172.217.194.0-255,105,183493,10,183730
20490,0.00357,172.31.36.0-255,66,183559,10,183730
20491,0.003597,172.31.36.0-255,105,183664,10,183730
20492,0.005828,172.217.194.0-255,66,183730,10,183730
20493,0.0,74.125.24.0-255,153,153,10,200027
20494,1.9e-05,172.31.36.0-255,66,219,10,200027
20495,2.7e-05,74.125.24.0-255,1484,1703,10,200027
20496,3.2e-05,172.31.36.0-255,66,1769,10,200027
20497,4.4e-05,74.125.24.0-255,2902,4671,10,200027
20498,4.7e-05,172.31.36.0-255,66,4737,10,200027
20499,5.4e-05,74.125.24.0-255,4320,9057,10,200027
20500,5.7e-05,172.31.36.0-255,66,9123,10,200027
20501,9.7e-05,74.125.24.0-255,4768,13891,10,200027
20502,0.000101,172.31.36.0-255,66,13957,10,200027
20503,0.000302,74.125.24.0-255,1484,15441,10,200027
20504,0.000307,172.31.36.0-255,66,15507,10,200027
20505,0.000313,74.125.24.0-255,2902,18409,10,200027
20506,0.000315,172.31.36.0-255,66,18475,10,200027
20507,0.00034,74.125.24.0-255,5738,24213,10,200027
20508,0.000343,172.31.36.0-255,66,24279,10,200027
20509,0.000366,74.125.24.0-255,2902,27181,10,200027
20510,0.000368,172.31.36.0-255,66,27247,10,200027
20511,0.000394,74.125.24.0-255,2902,30149,10,200027
20512,0.000397,172.31.36.0-255,66,30215,10,200027
20513,0.000403,74.125.24.0-255,4320,34535,10,200027
20514,0.000406,172.31.36.0-255,66,34601,10,200027
20515,0.000439,172.31.36.0-255,66,34667,10,200027
20516,0.000444,74.125.24.0-255,2902,37569,10,200027
20517,0.000446,172.31.36.0-255,66,37635,10,200027
20518,0.000484,172.31.36.0-255,66,37701,10,200027
20519,0.00049,74.125.24.0-255,4320,42021,10,200027
20520,0.000492,172.31.36.0-255,66,42087,10,200027
20521,0.000496,74.125.24.0-255,2184,44271,10,200027
20522,0.000498,172.31.36.0-255,66,44337,10,200027
20523,0.000528,74.125.24.0-255,411,44748,10,200027
20524,0.000531,172.31.36.0-255,66,44814,10,200027
20525,0.000592,74.125.24.0-255,332,45146,10,200027
20526,0.000595,172.31.36.0-255,66,45212,10,200027
20527,0.000837,74.125.24.0-255,1484,46696,10,200027
20528,0.000842,172.31.36.0-255,66,46762,10,200027
20529,0.000848,74.125.24.0-255,2902,49664,10,200027
20530,0.000851,172.31.36.0-255,66,49730,10,200027
20531,0.000856,74.125.24.0-255,2902,52632,10,200027
20532,0.000863,172.31.36.0-255,66,52698,10,200027
20533,0.000887,74.125.24.0-255,2902,55600,10,200027
20534,0.000894,172.31.36.0-255,66,55666,10,200027
20535,0.000898,74.125.24.0-255,2902,58568,10,200027
20536,0.000901,172.31.36.0-255,66,58634,10,200027
20537,0.000943,172.31.36.0-255,66,58700,10,200027
20538,0.000949,74.125.24.0-255,5738,64438,10,200027
20539,0.000951,172.31.36.0-255,66,64504,10,200027
20540,0.000982,74.125.24.0-255,5738,70242,10,200027
20541,0.000985,172.31.36.0-255,66,70308,10,200027
20542,0.000988,74.125.24.0-255,1125,71433,10,200027
20543,0.001353,74.125.24.0-255,1484,72917,10,200027
20544,0.001358,172.31.36.0-255,66,72983,10,200027
20545,0.001364,74.125.24.0-255,2902,75885,10,200027
20546,0.001366,172.31.36.0-255,66,75951,10,200027
20547,0.001391,74.125.24.0-255,1484,77435,10,200027
20548,0.001405,74.125.24.0-255,4320,81755,10,200027
20549,0.001408,74.125.24.0-255,1484,83239,10,200027
20550,0.001426,172.31.36.0-255,66,83305,10,200027
20551,0.001443,74.125.24.0-255,2902,86207,10,200027
20552,0.001465,74.125.24.0-255,5738,91945,10,200027
20553,0.001468,74.125.24.0-255,1484,93429,10,200027
20554,0.001471,172.31.36.0-255,66,93495,10,200027
20555,0.001481,74.125.24.0-255,4320,97815,10,200027
20556,0.0015,74.125.24.0-255,1484,99299,10,200027
20557,0.001505,172.31.36.0-255,66,99365,10,200027
20558,0.001514,74.125.24.0-255,2902,102267,10,200027
20559,0.001535,74.125.24.0-255,3602,105869,10,200027
20560,0.001556,172.31.36.0-255,66,105935,10,200027
20561,0.001628,74.125.24.0-255,1484,107419,10,200027
20562,0.001646,74.125.24.0-255,2902,110321,10,200027
20563,0.001684,74.125.24.0-255,5738,116059,10,200027
20564,0.001702,172.31.36.0-255,66,116125,10,200027
20565,0.001721,74.125.24.0-255,5738,121863,10,200027
20566,0.001739,74.125.24.0-255,7156,129019,10,200027
20567,0.001757,74.125.24.0-255,1484,130503,10,200027
20568,0.001763,172.31.36.0-255,66,130569,10,200027
20569,0.001805,172.31.36.0-255,66,130635,10,200027
20570,0.001975,74.125.24.0-255,1484,132119,10,200027
20571,0.001979,74.125.24.0-255,1484,133603,10,200027
20572,0.001994,74.125.24.0-255,1484,135087,10,200027
20573,0.001997,74.125.24.0-255,1484,136571,10,200027
20574,0.002001,172.31.36.0-255,66,136637,10,200027
20575,0.002006,172.31.36.0-255,66,136703,10,200027
20576,0.00202,74.125.24.0-255,4320,141023,10,200027
20577,0.002027,74.125.24.0-255,7156,148179,10,200027
20578,0.002093,74.125.24.0-255,1484,149663,10,200027
20579,0.002107,172.31.36.0-255,66,149729,10,200027
20580,0.002113,74.125.24.0-255,4320,154049,10,200027
20581,0.002116,74.125.24.0-255,2184,156233,10,200027
20582,0.002127,172.31.36.0-255,66,156299,10,200027
20583,0.004191,74.125.24.0-255,5738,162037,10,200027
20584,0.004199,172.31.36.0-255,66,162103,10,200027
20585,0.00628,74.125.24.0-255,5738,167841,10,200027
20586,0.006285,172.31.36.0-255,66,167907,10,200027
20587,0.008331,74.125.24.0-255,4320,172227,10,200027
20588,0.008337,172.31.36.0-255,66,172293,10,200027
20589,0.008354,74.125.24.0-255,1484,173777,10,200027
20590,0.010398,74.125.24.0-255,4320,178097,10,200027
20591,0.010405,172.31.36.0-255,66,178163,10,200027
20592,0.012498,74.125.24.0-255,4320,182483,10,200027
20593,0.012507,172.31.36.0-255,66,182549,10,200027
20594,0.012535,74.125.24.0-255,1484,184033,10,200027
20595,0.014573,74.125.24.0-255,4320,188353,10,200027
20596,0.01509,172.31.36.0-255,66,188419,10,200027
20597,0.017173,74.125.24.0-255,5738,194157,10,200027
20598,0.017183,172.31.36.0-255,66,194223,10,200027
20599,0.019252,74.125.24.0-255,5738,199961,10,200027
20600,0.01926,172.31.36.0-255,66,200027,10,200027
20601,0.0,172.217.194.0-255,152,152,10,153702
20602,1.5e-05,172.31.36.0-255,66,218,10,153702
20603,2.2e-05,172.217.194.0-255,1484,1702,10,153702
20604,2.7e-05,172.31.36.0-255,66,1768,10,153702
20605,3.3e-05,172.217.194.0-255,2902,4670,10,153702
20606,4.6e-05,172.31.36.0-255,66,4736,10,153702
20607,5.4e-05,172.217.194.0-255,7156,11892,10,153702
20608,5.7e-05,172.31.36.0-255,66,11958,10,153702
20609,6.4e-05,172.217.194.0-255,4855,16813,10,153702
20610,6.8e-05,172.31.36.0-255,66,16879,10,153702
20611,8.5e-05,172.31.36.0-255,66,16945,10,153702
20612,0.000116,172.217.194.0-255,1484,18429,10,153702
20613,0.000119,172.31.36.0-255,66,18495,10,153702
20614,0.000125,172.217.194.0-255,2902,21397,10,153702
20615,0.000127,172.31.36.0-255,66,21463,10,153702
20616,0.000134,172.217.194.0-255,4320,25783,10,153702
20617,0.000137,172.31.36.0-255,66,25849,10,153702
20618,0.000186,172.31.36.0-255,66,25915,10,153702
20619,0.000192,172.217.194.0-255,4320,30235,10,153702
20620,0.000194,172.31.36.0-255,66,30301,10,153702
20621,0.000242,172.31.36.0-255,66,30367,10,153702
20622,0.000244,172.217.194.0-255,366,30733,10,153702
20623,0.000247,172.31.36.0-255,66,30799,10,153702
20624,0.0003,172.217.194.0-255,1484,32283,10,153702
20625,0.000304,172.31.36.0-255,66,32349,10,153702
20626,0.000309,172.217.194.0-255,2902,35251,10,153702
20627,0.000311,172.31.36.0-255,66,35317,10,153702
20628,0.000338,172.217.194.0-255,5738,41055,10,153702
20629,0.000341,172.31.36.0-255,66,41121,10,153702
20630,0.000348,172.217.194.0-255,5738,46859,10,153702
20631,0.00035,172.31.36.0-255,66,46925,10,153702
20632,0.000356,172.217.194.0-255,4320,51245,10,153702
20633,0.000362,172.31.36.0-255,66,51311,10,153702
20634,0.000393,172.31.36.0-255,66,51377,10,153702
20635,0.0004,172.217.194.0-255,4470,55847,10,153702
20636,0.000404,172.31.36.0-255,66,55913,10,153702
20637,0.0006,172.217.194.0-255,1484,57397,10,153702
20638,0.000607,172.217.194.0-255,2902,60299,10,153702
20639,0.000611,172.31.36.0-255,66,60365,10,153702
20640,0.000618,172.217.194.0-255,5738,66103,10,153702
20641,0.000622,172.31.36.0-255,66,66169,10,153702
20642,0.000657,172.217.194.0-255,6797,72966,10,153702
20643,0.000661,172.31.36.0-255,66,73032,10,153702
20644,0.000718,172.217.194.0-255,1484,74516,10,153702
20645,0.000723,172.217.194.0-255,2902,77418,10,153702
20646,0.000726,172.31.36.0-255,66,77484,10,153702
20647,0.000733,172.217.194.0-255,5738,83222,10,153702
20648,0.000735,172.31.36.0-255,66,83288,10,153702
20649,0.000749,172.31.36.0-255,66,83354,10,153702
20650,0.00076,172.31.36.0-255,66,83420,10,153702
20651,0.000781,172.217.194.0-255,766,84186,10,153702
20652,0.000962,172.217.194.0-255,1484,85670,10,153702
20653,0.000965,172.217.194.0-255,1484,87154,10,153702
20654,0.000971,172.31.36.0-255,66,87220,10,153702
20655,0.000984,172.217.194.0-255,1484,88704,10,153702
20656,0.000991,172.31.36.0-255,66,88770,10,153702
20657,0.000998,172.217.194.0-255,5738,94508,10,153702
20658,0.001,172.31.36.0-255,66,94574,10,153702
20659,0.001005,172.217.194.0-255,2902,97476,10,153702
20660,0.001007,172.31.36.0-255,66,97542,10,153702
20661,0.001047,172.31.36.0-255,66,97608,10,153702
20662,0.001053,172.217.194.0-255,4320,101928,10,153702
20663,0.001056,172.31.36.0-255,66,101994,10,153702
20664,0.001089,172.31.36.0-255,66,102060,10,153702
20665,0.001847,172.217.194.0-255,1484,103544,10,153702
20666,0.001856,172.217.194.0-255,2902,106446,10,153702
20667,0.00186,172.31.36.0-255,66,106512,10,153702
20668,0.001886,172.217.194.0-255,5738,112250,10,153702
20669,0.001889,172.31.36.0-255,66,112316,10,153702
20670,0.001933,172.31.36.0-255,66,112382,10,153702
20671,0.001944,172.31.36.0-255,66,112448,10,153702
20672,0.002074,172.217.194.0-255,1484,113932,10,153702
20673,0.002081,172.217.194.0-255,2902,116834,10,153702
20674,0.002084,172.31.36.0-255,66,116900,10,153702
20675,0.002088,172.217.194.0-255,1484,118384,10,153702
20676,0.002114,172.217.194.0-255,4320,122704,10,153702
20677,0.002116,172.31.36.0-255,66,122770,10,153702
20678,0.002129,172.31.36.0-255,66,122836,10,153702
20679,0.002151,172.217.194.0-255,1484,124320,10,153702
20680,0.002153,172.217.194.0-255,1484,125804,10,153702
20681,0.002156,172.31.36.0-255,66,125870,10,153702
20682,0.002202,172.31.36.0-255,66,125936,10,153702
20683,0.002215,172.31.36.0-255,66,126002,10,153702
20684,0.002255,172.31.36.0-255,66,126068,10,153702
20685,0.002289,172.31.36.0-255,66,126134,10,153702
20686,0.002326,172.217.194.0-255,5738,131872,10,153702
20687,0.002329,172.31.36.0-255,66,131938,10,153702
20688,0.002371,172.31.36.0-255,66,132004,10,153702
20689,0.002373,172.217.194.0-255,1484,133488,10,153702
20690,0.00238,172.217.194.0-255,7156,140644,10,153702
20691,0.002383,172.31.36.0-255,66,140710,10,153702
20692,0.002386,172.217.194.0-255,1484,142194,10,153702
20693,0.002389,172.31.36.0-255,78,142272,10,153702
20694,0.002405,172.217.194.0-255,1484,143756,10,153702
20695,0.00241,172.217.194.0-255,3602,147358,10,153702
20696,0.002427,172.217.194.0-255,1484,148842,10,153702
20697,0.002431,172.217.194.0-255,2902,151744,10,153702
20698,0.002436,172.31.36.0-255,66,151810,10,153702
20699,0.002438,172.31.36.0-255,66,151876,10,153702
20700,0.002507,172.217.194.0-255,1484,153360,10,153702
20701,0.002549,172.217.194.0-255,105,153465,10,153702
20702,0.00593,172.31.36.0-255,66,153531,10,153702
20703,0.008499,172.31.36.0-255,105,153636,10,153702
20704,0.010718,172.217.194.0-255,66,153702,10,153702
20705,0.0,74.125.24.0-255,146,146,10,180725
20706,3.1e-05,172.31.36.0-255,66,212,10,180725
20707,3.8e-05,74.125.24.0-255,1484,1696,10,180725
20708,4.2e-05,172.31.36.0-255,66,1762,10,180725
20709,4.7e-05,74.125.24.0-255,2902,4664,10,180725
20710,4.9e-05,172.31.36.0-255,66,4730,10,180725
20711,5.3e-05,74.125.24.0-255,1484,6214,10,180725
20712,5.5e-05,172.31.36.0-255,66,6280,10,180725
20713,8.8e-05,74.125.24.0-255,5738,12018,10,180725
20714,9.1e-05,172.31.36.0-255,66,12084,10,180725
20715,9.5e-05,74.125.24.0-255,2027,14111,10,180725
20716,9.8e-05,172.31.36.0-255,66,14177,10,180725
20717,0.00011,172.31.36.0-255,66,14243,10,180725
20718,0.000134,74.125.24.0-255,5379,19622,10,180725
20719,0.000137,172.31.36.0-255,66,19688,10,180725
20720,0.000183,74.125.24.0-255,1484,21172,10,180725
20721,0.000186,172.31.36.0-255,66,21238,10,180725
20722,0.000189,74.125.24.0-255,1484,22722,10,180725
20723,0.000191,172.31.36.0-255,66,22788,10,180725
20724,0.000203,74.125.24.0-255,1484,24272,10,180725
20725,0.000206,172.31.36.0-255,66,24338,10,180725
20726,0.000212,74.125.24.0-255,5738,30076,10,180725
20727,0.000215,172.31.36.0-255,66,30142,10,180725
20728,0.00022,74.125.24.0-255,2902,33044,10,180725
20729,0.000223,172.31.36.0-255,66,33110,10,180725
20730,0.000247,74.125.24.0-255,3961,37071,10,180725
20731,0.00025,172.31.36.0-255,66,37137,10,180725
20732,0.000258,74.125.24.0-255,7156,44293,10,180725
20733,0.00026,172.31.36.0-255,66,44359,10,180725
20734,0.000284,74.125.24.0-255,7156,51515,10,180725
20735,0.000287,172.31.36.0-255,66,51581,10,180725
20736,0.000291,74.125.24.0-255,2852,54433,10,180725
20737,0.000293,74.125.24.0-255,114,54547,10,180725
20738,0.000295,172.31.36.0-255,66,54613,10,180725
20739,0.00039,74.125.24.0-255,1484,56097,10,180725
20740,0.000394,172.31.36.0-255,66,56163,10,180725
20741,0.000398,74.125.24.0-255,1484,57647,10,180725
20742,0.000412,74.125.24.0-255,1484,59131,10,180725
20743,0.000416,172.31.36.0-255,66,59197,10,180725
20744,0.000423,74.125.24.0-255,5738,64935,10,180725
20745,0.000425,172.31.36.0-255,66,65001,10,180725
20746,0.000431,74.125.24.0-255,5738,70739,10,180725
20747,0.000434,172.31.36.0-255,66,70805,10,180725
20748,0.00045,74.125.24.0-255,1484,72289,10,180725
20749,0.000475,172.31.36.0-255,66,72355,10,180725
20750,0.000496,74.125.24.0-255,3602,75957,10,180725
20751,0.000499,172.31.36.0-255,66,76023,10,180725
20752,0.000502,74.125.24.0-255,331,76354,10,180725
20753,0.000805,74.125.24.0-255,1484,77838,10,180725
20754,0.00081,172.31.36.0-255,66,77904,10,180725
20755,0.000815,74.125.24.0-255,2902,80806,10,180725
20756,0.000818,172.31.36.0-255,66,80872,10,180725
20757,0.000823,74.125.24.0-255,2902,83774,10,180725
20758,0.000826,172.31.36.0-255,66,83840,10,180725
20759,0.000843,74.125.24.0-255,2902,86742,10,180725
20760,0.000846,172.31.36.0-255,66,86808,10,180725
20761,0.000852,74.125.24.0-255,5738,92546,10,180725
20762,0.000854,172.31.36.0-255,66,92612,10,180725
20763,0.000884,74.125.24.0-255,7156,99768,10,180725
20764,0.000887,172.31.36.0-255,66,99834,10,180725
20765,0.00089,74.125.24.0-255,1484,101318,10,180725
20766,0.000904,74.125.24.0-255,1484,102802,10,180725
20767,0.000907,172.31.36.0-255,66,102868,10,180725
20768,0.00093,172.31.36.0-255,66,102934,10,180725
20769,0.000963,74.125.24.0-255,3051,105985,10,180725
20770,0.000966,172.31.36.0-255,66,106051,10,180725
20771,0.000983,172.31.36.0-255,66,106117,10,180725
20772,0.000995,172.31.36.0-255,66,106183,10,180725
20773,0.001145,74.125.24.0-255,1484,107667,10,180725
20774,0.00115,74.125.24.0-255,2902,110569,10,180725
20775,0.001154,172.31.36.0-255,66,110635,10,180725
20776,0.001193,74.125.24.0-255,1484,112119,10,180725
20777,0.001209,74.125.24.0-255,4320,116439,10,180725
20778,0.001213,172.31.36.0-255,66,116505,10,180725
20779,0.001227,172.31.36.0-255,66,116571,10,180725
20780,0.001239,172.31.36.0-255,66,116637,10,180725
20781,0.001318,74.125.24.0-255,1484,118121,10,180725
20782,0.001322,74.125.24.0-255,1484,119605,10,180725
20783,0.001326,172.31.36.0-255,66,119671,10,180725
20784,0.001346,74.125.24.0-255,1484,121155,10,180725
20785,0.001354,74.125.24.0-255,5738,126893,10,180725
20786,0.001357,172.31.36.0-255,66,126959,10,180725
20787,0.001364,74.125.24.0-255,7156,134115,10,180725
20788,0.001367,172.31.36.0-255,66,134181,10,180725
20789,0.001393,74.125.24.0-255,5738,139919,10,180725
20790,0.001396,172.31.36.0-255,66,139985,10,180725
20791,0.001407,172.31.36.0-255,66,140051,10,180725
20792,0.001847,74.125.24.0-255,1484,141535,10,180725
20793,0.001855,74.125.24.0-255,2902,144437,10,180725
20794,0.00186,172.31.36.0-255,66,144503,10,180725
20795,0.001884,74.125.24.0-255,5738,150241,10,180725
20796,0.001888,172.31.36.0-255,66,150307,10,180725
20797,0.001891,74.125.24.0-255,1484,151791,10,180725
20798,0.001909,172.31.36.0-255,66,151857,10,180725
20799,0.001948,172.31.36.0-255,66,151923,10,180725
20800,0.00198,74.125.24.0-255,1484,153407,10,180725
20801,0.001984,74.125.24.0-255,2902,156309,10,180725
20802,0.001986,172.31.36.0-255,66,156375,10,180725
20803,0.001999,74.125.24.0-255,4320,160695,10,180725
20804,0.002002,172.31.36.0-255,66,160761,10,180725
20805,0.002013,74.125.24.0-255,1484,162245,10,180725
20806,0.002016,74.125.24.0-255,1484,163729,10,180725
20807,0.002018,172.31.36.0-255,66,163795,10,180725
20808,0.002054,172.31.36.0-255,66,163861,10,180725
20809,0.002057,74.125.24.0-255,1484,165345,10,180725
20810,0.002068,74.125.24.0-255,1484,166829,10,180725
20811,0.00207,172.31.36.0-255,66,166895,10,180725
20812,0.002109,172.31.36.0-255,66,166961,10,180725
20813,0.002119,172.31.36.0-255,66,167027,10,180725
20814,0.002132,74.125.24.0-255,2902,169929,10,180725
20815,0.002134,172.31.36.0-255,66,169995,10,180725
20816,0.002149,74.125.24.0-255,4320,174315,10,180725
20817,0.002151,172.31.36.0-255,66,174381,10,180725
20818,0.002192,172.31.36.0-255,66,174447,10,180725
20819,0.002228,74.125.24.0-255,5738,180185,10,180725
20820,0.00223,172.31.36.0-255,66,180251,10,180725
20821,0.002269,172.31.36.0-255,66,180317,10,180725
20822,0.002289,172.31.36.0-255,66,180383,10,180725
20823,0.002291,74.125.24.0-255,105,180488,10,180725
20824,0.005639,172.31.36.0-255,66,180554,10,180725
20825,0.005665,172.31.36.0-255,105,180659,10,180725
20826,0.008244,74.125.24.0-255,66,180725,10,180725
20827,0.0,74.125.24.0-255,150,150,10,231823
20828,3.1e-05,172.31.36.0-255,66,216,10,231823
20829,3.7e-05,74.125.24.0-255,1484,1700,10,231823
20830,4.1e-05,172.31.36.0-255,66,1766,10,231823
20831,4.5e-05,74.125.24.0-255,2902,4668,10,231823
20832,4.7e-05,172.31.36.0-255,66,4734,10,231823
20833,4.9e-05,74.125.24.0-255,1484,6218,10,231823
20834,5.2e-05,172.31.36.0-255,66,6284,10,231823
20835,5.8e-05,74.125.24.0-255,5738,12022,10,231823
20836,6e-05,172.31.36.0-255,66,12088,10,231823
20837,8.4e-05,74.125.24.0-255,1966,14054,10,231823
20838,8.6e-05,172.31.36.0-255,66,14120,10,231823
20839,0.000146,74.125.24.0-255,1484,15604,10,231823
20840,0.00015,172.31.36.0-255,66,15670,10,231823
20841,0.000155,74.125.24.0-255,2902,18572,10,231823
20842,0.000158,172.31.36.0-255,66,18638,10,231823
20843,0.000163,74.125.24.0-255,1484,20122,10,231823
20844,0.000164,172.31.36.0-255,66,20188,10,231823
20845,0.000189,74.125.24.0-255,4320,24508,10,231823
20846,0.000192,172.31.36.0-255,66,24574,10,231823
20847,0.000199,74.125.24.0-255,6797,31371,10,231823
20848,0.000201,172.31.36.0-255,66,31437,10,231823
20849,0.000224,74.125.24.0-255,2902,34339,10,231823
20850,0.000226,172.31.36.0-255,66,34405,10,231823
20851,0.000254,172.31.36.0-255,66,34471,10,231823
20852,0.000258,74.125.24.0-255,2543,37014,10,231823
20853,0.000261,172.31.36.0-255,66,37080,10,231823
20854,0.00029,74.125.24.0-255,2902,39982,10,231823
20855,0.000294,172.31.36.0-255,66,40048,10,231823
20856,0.000317,74.125.24.0-255,7156,47204,10,231823
20857,0.000319,172.31.36.0-255,66,47270,10,231823
20858,0.000349,74.125.24.0-255,5738,53008,10,231823
20859,0.000352,172.31.36.0-255,66,53074,10,231823
20860,0.000368,74.125.24.0-255,1460,54534,10,231823
20861,0.000372,74.125.24.0-255,109,54643,10,231823
20862,0.000374,172.31.36.0-255,66,54709,10,231823
20863,0.000554,74.125.24.0-255,332,55041,10,231823
20864,0.000785,172.31.36.0-255,66,55107,10,231823
20865,0.00085,74.125.24.0-255,1484,56591,10,231823
20866,0.000856,74.125.24.0-255,2902,59493,10,231823
20867,0.00086,172.31.36.0-255,66,59559,10,231823
20868,0.000867,74.125.24.0-255,5738,65297,10,231823
20869,0.000869,172.31.36.0-255,66,65363,10,231823
20870,0.000894,74.125.24.0-255,2902,68265,10,231823
20871,0.000897,172.31.36.0-255,66,68331,10,231823
20872,0.000918,74.125.24.0-255,3961,72292,10,231823
20873,0.000921,172.31.36.0-255,66,72358,10,231823
20874,0.000928,74.125.24.0-255,7156,79514,10,231823
20875,0.00093,172.31.36.0-255,66,79580,10,231823
20876,0.000947,74.125.24.0-255,4320,83900,10,231823
20877,0.00095,172.31.36.0-255,66,83966,10,231823
20878,0.000964,74.125.24.0-255,5379,89345,10,231823
20879,0.000966,172.31.36.0-255,66,89411,10,231823
20880,0.001137,74.125.24.0-255,1484,90895,10,231823
20881,0.001141,74.125.24.0-255,1484,92379,10,231823
20882,0.001144,172.31.36.0-255,66,92445,10,231823
20883,0.001163,74.125.24.0-255,1484,93929,10,231823
20884,0.00117,74.125.24.0-255,5738,99667,10,231823
20885,0.001173,172.31.36.0-255,66,99733,10,231823
20886,0.001176,74.125.24.0-255,1484,101217,10,231823
20887,0.001206,172.31.36.0-255,66,101283,10,231823
20888,0.00122,172.31.36.0-255,66,101349,10,231823
20889,0.001326,74.125.24.0-255,1484,102833,10,231823
20890,0.00133,74.125.24.0-255,2902,105735,10,231823
20891,0.001333,172.31.36.0-255,66,105801,10,231823
20892,0.001357,74.125.24.0-255,5738,111539,10,231823
20893,0.00136,172.31.36.0-255,66,111605,10,231823
20894,0.001366,74.125.24.0-255,5738,117343,10,231823
20895,0.001369,172.31.36.0-255,66,117409,10,231823
20896,0.001423,172.31.36.0-255,66,117475,10,231823
20897,0.00143,74.125.24.0-255,5020,122495,10,231823
20898,0.001433,172.31.36.0-255,66,122561,10,231823
20899,0.001435,74.125.24.0-255,5738,128299,10,231823
20900,0.001437,172.31.36.0-255,66,128365,10,231823
20901,0.001476,172.31.36.0-255,66,128431,10,231823
20902,0.001482,74.125.24.0-255,4320,132751,10,231823
20903,0.001484,172.31.36.0-255,66,132817,10,231823
20904,0.00151,74.125.24.0-255,2902,135719,10,231823
20905,0.001512,172.31.36.0-255,66,135785,10,231823
20906,0.001532,172.31.36.0-255,66,135851,10,231823
20907,0.001566,74.125.24.0-255,1484,137335,10,231823
20908,0.001571,74.125.24.0-255,2902,140237,10,231823
20909,0.001574,172.31.36.0-255,66,140303,10,231823
20910,0.001589,74.125.24.0-255,5738,146041,10,231823
20911,0.001592,172.31.36.0-255,66,146107,10,231823
20912,0.001624,172.31.36.0-255,66,146173,10,231823
20913,0.001643,74.125.24.0-255,2902,149075,10,231823
20914,0.001647,172.31.36.0-255,66,149141,10,231823
20915,0.001653,74.125.24.0-255,7156,156297,10,231823
20916,0.001656,172.31.36.0-255,66,156363,10,231823
20917,0.001658,74.125.24.0-255,1484,157847,10,231823
20918,0.001712,172.31.36.0-255,66,157913,10,231823
20919,0.001724,172.31.36.0-255,66,157979,10,231823
20920,0.001729,74.125.24.0-255,3602,161581,10,231823
20921,0.001732,172.31.36.0-255,66,161647,10,231823
20922,0.001837,74.125.24.0-255,1484,163131,10,231823
20923,0.00185,74.125.24.0-255,2902,166033,10,231823
20924,0.001854,172.31.36.0-255,66,166099,10,231823
20925,0.001859,74.125.24.0-255,2902,169001,10,231823
20926,0.001861,172.31.36.0-255,66,169067,10,231823
20927,0.001875,74.125.24.0-255,2902,171969,10,231823
20928,0.001877,172.31.36.0-255,66,172035,10,231823
20929,0.001888,172.31.36.0-255,66,172101,10,231823
20930,0.001904,74.125.24.0-255,4320,176421,10,231823
20931,0.001907,172.31.36.0-255,66,176487,10,231823
20932,0.001923,74.125.24.0-255,2902,179389,10,231823
20933,0.001925,172.31.36.0-255,66,179455,10,231823
20934,0.001957,172.31.36.0-255,66,179521,10,231823
20935,0.003906,74.125.24.0-255,5738,185259,10,231823
20936,0.003913,172.31.36.0-255,66,185325,10,231823
20937,0.005841,74.125.24.0-255,5738,191063,10,231823
20938,0.005844,172.31.36.0-255,66,191129,10,231823
20939,0.007781,74.125.24.0-255,1484,192613,10,231823
20940,0.007796,74.125.24.0-255,4320,196933,10,231823
20941,0.007799,172.31.36.0-255,66,196999,10,231823
20942,0.009746,74.125.24.0-255,5738,202737,10,231823
20943,0.009753,172.31.36.0-255,66,202803,10,231823
20944,0.011718,74.125.24.0-255,5738,208541,10,231823
20945,0.011726,172.31.36.0-255,66,208607,10,231823
20946,0.013652,74.125.24.0-255,5738,214345,10,231823
20947,0.013657,172.31.36.0-255,66,214411,10,231823
20948,0.015602,74.125.24.0-255,5738,220149,10,231823
20949,0.015608,172.31.36.0-255,66,220215,10,231823
20950,0.017572,74.125.24.0-255,5738,225953,10,231823
20951,0.017582,172.31.36.0-255,66,226019,10,231823
20952,0.019554,74.125.24.0-255,5738,231757,10,231823
20953,0.019566,172.31.36.0-255,66,231823,10,231823
20954,0.0,74.125.24.0-255,153,153,10,142361
20955,2.2e-05,172.31.36.0-255,66,219,10,142361
20956,4.1e-05,74.125.24.0-255,1484,1703,10,142361
20957,4.6e-05,172.31.36.0-255,66,1769,10,142361
20958,5.1e-05,74.125.24.0-255,2902,4671,10,142361
20959,5.4e-05,172.31.36.0-255,66,4737,10,142361
20960,6.1e-05,74.125.24.0-255,7156,11893,10,142361
20961,6.3e-05,172.31.36.0-255,66,11959,10,142361
20962,8.5e-05,74.125.24.0-255,1974,13933,10,142361
20963,8.7e-05,172.31.36.0-255,66,13999,10,142361
20964,0.000136,74.125.24.0-255,1484,15483,10,142361
20965,0.000138,172.31.36.0-255,66,15549,10,142361
20966,0.000142,74.125.24.0-255,2902,18451,10,142361
20967,0.000144,172.31.36.0-255,66,18517,10,142361
20968,0.000162,74.125.24.0-255,5738,24255,10,142361
20969,0.000164,172.31.36.0-255,66,24321,10,142361
20970,0.000193,74.125.24.0-255,6797,31118,10,142361
20971,0.000196,172.31.36.0-255,66,31184,10,142361
20972,0.000474,74.125.24.0-255,1484,32668,10,142361
20973,0.000478,172.31.36.0-255,66,32734,10,142361
20974,0.000484,74.125.24.0-255,2902,35636,10,142361
20975,0.000486,172.31.36.0-255,66,35702,10,142361
20976,0.000508,74.125.24.0-255,5738,41440,10,142361
20977,0.000511,172.31.36.0-255,66,41506,10,142361
20978,0.000516,74.125.24.0-255,4320,45826,10,142361
20979,0.000517,172.31.36.0-255,66,45892,10,142361
20980,0.000544,74.125.24.0-255,2543,48435,10,142361
20981,0.000547,172.31.36.0-255,66,48501,10,142361
20982,0.000561,172.31.36.0-255,66,48567,10,142361
20983,0.000565,74.125.24.0-255,2543,51110,10,142361
20984,0.000567,172.31.36.0-255,66,51176,10,142361
20985,0.000788,74.125.24.0-255,647,51823,10,142361
20986,0.000931,172.31.36.0-255,66,51889,10,142361
20987,0.00101,74.125.24.0-255,1484,53373,10,142361
20988,0.001017,74.125.24.0-255,2902,56275,10,142361
20989,0.00102,172.31.36.0-255,66,56341,10,142361
20990,0.001024,74.125.24.0-255,1484,57825,10,142361
20991,0.001042,74.125.24.0-255,4320,62145,10,142361
20992,0.001044,172.31.36.0-255,66,62211,10,142361
20993,0.001049,74.125.24.0-255,4320,66531,10,142361
20994,0.001051,172.31.36.0-255,66,66597,10,142361
20995,0.001081,172.31.36.0-255,66,66663,10,142361
20996,0.001088,74.125.24.0-255,7156,73819,10,142361
20997,0.001089,172.31.36.0-255,66,73885,10,142361
20998,0.001114,74.125.24.0-255,3602,77487,10,142361
20999,0.001115,172.31.36.0-255,66,77553,10,142361
21000,0.001432,74.125.24.0-255,1484,79037,10,142361
21001,0.00144,74.125.24.0-255,2902,81939,10,142361
21002,0.001444,172.31.36.0-255,66,82005,10,142361
21003,0.001451,74.125.24.0-255,5738,87743,10,142361
21004,0.001453,172.31.36.0-255,66,87809,10,142361
21005,0.001476,172.31.36.0-255,66,87875,10,142361
21006,0.00152,74.125.24.0-255,4320,92195,10,142361
21007,0.001522,172.31.36.0-255,66,92261,10,142361
21008,0.001541,74.125.24.0-255,4320,96581,10,142361
21009,0.001543,172.31.36.0-255,66,96647,10,142361
21010,0.001566,74.125.24.0-255,5020,101667,10,142361
21011,0.001567,172.31.36.0-255,66,101733,10,142361
21012,0.003936,74.125.24.0-255,5738,107471,10,142361
21013,0.003944,172.31.36.0-255,66,107537,10,142361
21014,0.006305,74.125.24.0-255,5738,113275,10,142361
21015,0.006311,172.31.36.0-255,66,113341,10,142361
21016,0.008726,74.125.24.0-255,5738,119079,10,142361
21017,0.008735,172.31.36.0-255,66,119145,10,142361
21018,0.011087,74.125.24.0-255,5738,124883,10,142361
21019,0.011093,172.31.36.0-255,66,124949,10,142361
21020,0.013443,74.125.24.0-255,5738,130687,10,142361
21021,0.01345,172.31.36.0-255,66,130753,10,142361
21022,0.015821,74.125.24.0-255,5738,136491,10,142361
21023,0.01583,172.31.36.0-255,66,136557,10,142361
21024,0.018171,74.125.24.0-255,5738,142295,10,142361
21025,0.018181,172.31.36.0-255,66,142361,10,142361
21026,0.0,172.217.194.0-255,153,153,10,166776
21027,2.5e-05,172.31.36.0-255,66,219,10,166776
21028,3e-05,172.217.194.0-255,1484,1703,10,166776
21029,3.5e-05,172.31.36.0-255,66,1769,10,166776
21030,4.4e-05,172.217.194.0-255,2902,4671,10,166776
21031,4.8e-05,172.31.36.0-255,66,4737,10,166776
21032,5.6e-05,172.217.194.0-255,5738,10475,10,166776
21033,5.9e-05,172.31.36.0-255,66,10541,10,166776
21034,8.8e-05,172.217.194.0-255,1484,12025,10,166776
21035,9.2e-05,172.31.36.0-255,66,12091,10,166776
21036,9.7e-05,172.217.194.0-255,2038,14129,10,166776
21037,9.8e-05,172.31.36.0-255,66,14195,10,166776
21038,0.000111,172.31.36.0-255,66,14261,10,166776
21039,0.000117,172.217.194.0-255,5379,19640,10,166776
21040,0.00012,172.31.36.0-255,66,19706,10,166776
21041,0.000182,172.217.194.0-255,1484,21190,10,166776
21042,0.000186,172.31.36.0-255,66,21256,10,166776
21043,0.000192,172.217.194.0-255,2902,24158,10,166776
21044,0.000194,172.31.36.0-255,66,24224,10,166776
21045,0.000221,172.217.194.0-255,5738,29962,10,166776
21046,0.000224,172.31.36.0-255,66,30028,10,166776
21047,0.00023,172.217.194.0-255,5738,35766,10,166776
21048,0.000232,172.31.36.0-255,66,35832,10,166776
21049,0.000269,172.31.36.0-255,66,35898,10,166776
21050,0.000274,172.217.194.0-255,4252,40150,10,166776
21051,0.000277,172.31.36.0-255,66,40216,10,166776
21052,0.000492,172.217.194.0-255,364,40580,10,166776
21053,0.000496,172.31.36.0-255,66,40646,10,166776
21054,0.000805,172.217.194.0-255,1484,42130,10,166776
21055,0.00081,172.31.36.0-255,66,42196,10,166776
21056,0.000819,172.217.194.0-255,2902,45098,10,166776
21057,0.000821,172.31.36.0-255,66,45164,10,166776
21058,0.000834,172.217.194.0-255,5738,50902,10,166776
21059,0.000836,172.31.36.0-255,66,50968,10,166776
21060,0.000882,172.31.36.0-255,66,51034,10,166776
21061,0.000894,172.31.36.0-255,66,51100,10,166776
21062,0.001459,172.217.194.0-255,1484,52584,10,166776
21063,0.001469,172.217.194.0-255,2902,55486,10,166776
21064,0.001473,172.31.36.0-255,66,55552,10,166776
21065,0.001481,172.217.194.0-255,5738,61290,10,166776
21066,0.001483,172.31.36.0-255,66,61356,10,166776
21067,0.001486,172.217.194.0-255,1484,62840,10,166776
21068,0.001523,172.31.36.0-255,66,62906,10,166776
21069,0.001558,172.31.36.0-255,66,62972,10,166776
21070,0.001849,172.217.194.0-255,1484,64456,10,166776
21071,0.001853,172.217.194.0-255,2902,67358,10,166776
21072,0.001864,172.31.36.0-255,66,67424,10,166776
21073,0.001871,172.217.194.0-255,5738,73162,10,166776
21074,0.001872,172.31.36.0-255,66,73228,10,166776
21075,0.001908,172.31.36.0-255,66,73294,10,166776
21076,0.001933,172.217.194.0-255,1484,74778,10,166776
21077,0.001955,172.31.36.0-255,66,74844,10,166776
21078,0.001987,172.217.194.0-255,7156,82000,10,166776
21079,0.001989,172.31.36.0-255,66,82066,10,166776
21080,0.002013,172.217.194.0-255,4320,86386,10,166776
21081,0.002015,172.31.36.0-255,66,86452,10,166776
21082,0.002026,172.31.36.0-255,66,86518,10,166776
21083,0.002055,172.217.194.0-255,5738,92256,10,166776
21084,0.002057,172.31.36.0-255,66,92322,10,166776
21085,0.002077,172.217.194.0-255,6438,98760,10,166776
21086,0.002079,172.31.36.0-255,66,98826,10,166776
21087,0.002128,172.31.36.0-255,66,98892,10,166776
21088,0.002138,172.31.36.0-255,66,98958,10,166776
21089,0.002178,172.31.36.0-255,66,99024,10,166776
21090,0.002248,172.217.194.0-255,1484,100508,10,166776
21091,0.002254,172.217.194.0-255,2902,103410,10,166776
21092,0.002257,172.31.36.0-255,66,103476,10,166776
21093,0.002262,172.217.194.0-255,4320,107796,10,166776
21094,0.002264,172.31.36.0-255,66,107862,10,166776
21095,0.002285,172.217.194.0-255,1484,109346,10,166776
21096,0.002309,172.31.36.0-255,66,109412,10,166776
21097,0.002316,172.217.194.0-255,2902,112314,10,166776
21098,0.002319,172.31.36.0-255,66,112380,10,166776
21099,0.002333,172.31.36.0-255,66,112446,10,166776
21100,0.002336,172.217.194.0-255,766,113212,10,166776
21101,0.002412,172.217.194.0-255,1484,114696,10,166776
21102,0.002415,172.31.36.0-255,66,114762,10,166776
21103,0.002421,172.217.194.0-255,2902,117664,10,166776
21104,0.002424,172.31.36.0-255,66,117730,10,166776
21105,0.002433,172.217.194.0-255,4320,122050,10,166776
21106,0.002436,172.31.36.0-255,66,122116,10,166776
21107,0.002476,172.217.194.0-255,1484,123600,10,166776
21108,0.00249,172.31.36.0-255,66,123666,10,166776
21109,0.002494,172.217.194.0-255,2902,126568,10,166776
21110,0.002496,172.31.36.0-255,66,126634,10,166776
21111,0.002499,172.217.194.0-255,1484,128118,10,166776
21112,0.002527,172.217.194.0-255,6438,134556,10,166776
21113,0.00253,172.31.36.0-255,66,134622,10,166776
21114,0.002533,172.217.194.0-255,1484,136106,10,166776
21115,0.002535,172.217.194.0-255,1484,137590,10,166776
21116,0.002537,172.31.36.0-255,66,137656,10,166776
21117,0.002567,172.217.194.0-255,2902,140558,10,166776
21118,0.002571,172.31.36.0-255,66,140624,10,166776
21119,0.002603,172.31.36.0-255,66,140690,10,166776
21120,0.00261,172.217.194.0-255,5738,146428,10,166776
21121,0.002612,172.31.36.0-255,66,146494,10,166776
21122,0.002615,172.217.194.0-255,1484,147978,10,166776
21123,0.002617,172.31.36.0-255,78,148056,10,166776
21124,0.002633,172.31.36.0-255,66,148122,10,166776
21125,0.002636,172.217.194.0-255,2184,150306,10,166776
21126,0.002639,172.31.36.0-255,66,150372,10,166776
21127,0.002646,172.217.194.0-255,7156,157528,10,166776
21128,0.002648,172.31.36.0-255,66,157594,10,166776
21129,0.002697,172.31.36.0-255,66,157660,10,166776
21130,0.002727,172.217.194.0-255,4320,161980,10,166776
21131,0.00273,172.31.36.0-255,66,162046,10,166776
21132,0.002733,172.217.194.0-255,1484,163530,10,166776
21133,0.002747,172.31.36.0-255,66,163596,10,166776
21134,0.002761,172.31.36.0-255,66,163662,10,166776
21135,0.002811,172.31.36.0-255,66,163728,10,166776
21136,0.002821,172.31.36.0-255,66,163794,10,166776
21137,0.002845,172.217.194.0-255,2574,166368,10,166776
21138,0.002847,172.31.36.0-255,66,166434,10,166776
21139,0.00285,172.217.194.0-255,105,166539,10,166776
21140,0.004581,172.31.36.0-255,66,166605,10,166776
21141,0.004615,172.31.36.0-255,105,166710,10,166776
21142,0.006941,172.217.194.0-255,66,166776,10,166776
21143,0.0,74.125.200.0-255,156,156,10,308134
21144,3.2e-05,172.31.36.0-255,66,222,10,308134
21145,3.9e-05,74.125.200.0-255,1484,1706,10,308134
21146,4.3e-05,172.31.36.0-255,66,1772,10,308134
21147,4.9e-05,74.125.200.0-255,2902,4674,10,308134
21148,5.3e-05,172.31.36.0-255,66,4740,10,308134
21149,5.7e-05,74.125.200.0-255,4320,9060,10,308134
21150,6e-05,172.31.36.0-255,66,9126,10,308134
21151,8.4e-05,74.125.200.0-255,2902,12028,10,308134
21152,8.6e-05,172.31.36.0-255,66,12094,10,308134
21153,9e-05,74.125.200.0-255,2018,14112,10,308134
21154,9.2e-05,172.31.36.0-255,66,14178,10,308134
21155,9.5e-05,74.125.200.0-255,2902,17080,10,308134
21156,9.6e-05,172.31.36.0-255,66,17146,10,308134
21157,0.000119,74.125.200.0-255,4320,21466,10,308134
21158,0.000122,172.31.36.0-255,66,21532,10,308134
21159,0.000138,74.125.200.0-255,1484,23016,10,308134
21160,0.00014,172.31.36.0-255,66,23082,10,308134
21161,0.000146,74.125.200.0-255,7156,30238,10,308134
21162,0.000148,172.31.36.0-255,66,30304,10,308134
21163,0.000151,74.125.200.0-255,1125,31429,10,308134
21164,0.000152,172.31.36.0-255,66,31495,10,308134
21165,0.000264,74.125.200.0-255,1484,32979,10,308134
21166,0.000268,172.31.36.0-255,66,33045,10,308134
21167,0.00028,74.125.200.0-255,2902,35947,10,308134
21168,0.000284,172.31.36.0-255,66,36013,10,308134
21169,0.000305,74.125.200.0-255,5738,41751,10,308134
21170,0.000308,172.31.36.0-255,66,41817,10,308134
21171,0.000311,74.125.200.0-255,1484,43301,10,308134
21172,0.000315,172.31.36.0-255,66,43367,10,308134
21173,0.000327,74.125.200.0-255,2902,46269,10,308134
21174,0.00033,172.31.36.0-255,66,46335,10,308134
21175,0.000365,74.125.200.0-255,5379,51714,10,308134
21176,0.000369,172.31.36.0-255,66,51780,10,308134
21177,0.000373,74.125.200.0-255,4320,56100,10,308134
21178,0.000375,74.125.200.0-255,1484,57584,10,308134
21179,0.000376,172.31.36.0-255,66,57650,10,308134
21180,0.00039,74.125.200.0-255,4320,61970,10,308134
21181,0.000393,172.31.36.0-255,66,62036,10,308134
21182,0.000413,74.125.200.0-255,2902,64938,10,308134
21183,0.000416,172.31.36.0-255,66,65004,10,308134
21184,0.000423,74.125.200.0-255,1436,66440,10,308134
21185,0.000444,74.125.200.0-255,111,66551,10,308134
21186,0.000506,74.125.200.0-255,1484,68035,10,308134
21187,0.00051,172.31.36.0-255,66,68101,10,308134
21188,0.000522,74.125.200.0-255,2902,71003,10,308134
21189,0.000525,172.31.36.0-255,66,71069,10,308134
21190,0.000528,74.125.200.0-255,1484,72553,10,308134
21191,0.000541,74.125.200.0-255,4320,76873,10,308134
21192,0.000543,172.31.36.0-255,66,76939,10,308134
21193,0.000564,74.125.200.0-255,2902,79841,10,308134
21194,0.000567,172.31.36.0-255,66,79907,10,308134
21195,0.000586,74.125.200.0-255,3645,83552,10,308134
21196,0.000588,172.31.36.0-255,66,83618,10,308134
21197,0.000789,74.125.200.0-255,1484,85102,10,308134
21198,0.000803,74.125.200.0-255,2902,88004,10,308134
21199,0.000806,172.31.36.0-255,66,88070,10,308134
21200,0.000811,74.125.200.0-255,4320,92390,10,308134
21201,0.000813,172.31.36.0-255,66,92456,10,308134
21202,0.00083,74.125.200.0-255,1484,93940,10,308134
21203,0.000834,74.125.200.0-255,2902,96842,10,308134
21204,0.000836,172.31.36.0-255,66,96908,10,308134
21205,0.000872,172.31.36.0-255,66,96974,10,308134
21206,0.000877,74.125.200.0-255,5738,102712,10,308134
21207,0.000879,172.31.36.0-255,66,102778,10,308134
21208,0.000894,74.125.200.0-255,5020,107798,10,308134
21209,0.000896,172.31.36.0-255,66,107864,10,308134
21210,0.001107,74.125.200.0-255,1484,109348,10,308134
21211,0.001122,74.125.200.0-255,2902,112250,10,308134
21212,0.001125,172.31.36.0-255,66,112316,10,308134
21213,0.001147,74.125.200.0-255,1484,113800,10,308134
21214,0.001161,74.125.200.0-255,4320,118120,10,308134
21215,0.001164,172.31.36.0-255,66,118186,10,308134
21216,0.001166,74.125.200.0-255,1484,119670,10,308134
21217,0.001185,74.125.200.0-255,2902,122572,10,308134
21218,0.001188,172.31.36.0-255,66,122638,10,308134
21219,0.001192,74.125.200.0-255,4320,126958,10,308134
21220,0.001194,172.31.36.0-255,66,127024,10,308134
21221,0.001204,74.125.200.0-255,1484,128508,10,308134
21222,0.001217,74.125.200.0-255,1484,129992,10,308134
21223,0.001219,172.31.36.0-255,66,130058,10,308134
21224,0.00124,74.125.200.0-255,4320,134378,10,308134
21225,0.001242,172.31.36.0-255,66,134444,10,308134
21226,0.001246,74.125.200.0-255,2902,137346,10,308134
21227,0.001247,172.31.36.0-255,66,137412,10,308134
21228,0.001264,74.125.200.0-255,4320,141732,10,308134
21229,0.001266,172.31.36.0-255,66,141798,10,308134
21230,0.001268,74.125.200.0-255,766,142564,10,308134
21231,0.001386,172.31.36.0-255,66,142630,10,308134
21232,0.001406,74.125.200.0-255,1484,144114,10,308134
21233,0.001418,74.125.200.0-255,2902,147016,10,308134
21234,0.001421,172.31.36.0-255,66,147082,10,308134
21235,0.001446,74.125.200.0-255,1484,148566,10,308134
21236,0.001458,74.125.200.0-255,2902,151468,10,308134
21237,0.001461,172.31.36.0-255,66,151534,10,308134
21238,0.001474,74.125.200.0-255,1484,153018,10,308134
21239,0.001477,74.125.200.0-255,1484,154502,10,308134
21240,0.001479,172.31.36.0-255,66,154568,10,308134
21241,0.001495,74.125.200.0-255,4320,158888,10,308134
21242,0.001499,172.31.36.0-255,66,158954,10,308134
21243,0.001515,74.125.200.0-255,4320,163274,10,308134
21244,0.001518,172.31.36.0-255,66,163340,10,308134
21245,0.001532,74.125.200.0-255,2902,166242,10,308134
21246,0.001536,74.125.200.0-255,2902,169144,10,308134
21247,0.001536,172.31.36.0-255,66,169210,10,308134
21248,0.001539,172.31.36.0-255,66,169276,10,308134
21249,0.00154,74.125.200.0-255,4320,173596,10,308134
21250,0.001543,172.31.36.0-255,66,173662,10,308134
21251,0.00158,74.125.200.0-255,3602,177264,10,308134
21252,0.001583,172.31.36.0-255,66,177330,10,308134
21253,0.001599,74.125.200.0-255,4320,181650,10,308134
21254,0.001602,172.31.36.0-255,66,181716,10,308134
21255,0.001622,74.125.200.0-255,1484,183200,10,308134
21256,0.001643,74.125.200.0-255,4320,187520,10,308134
21257,0.001646,172.31.36.0-255,66,187586,10,308134
21258,0.001653,74.125.200.0-255,5738,193324,10,308134
21259,0.001655,172.31.36.0-255,66,193390,10,308134
21260,0.001666,74.125.200.0-255,1484,194874,10,308134
21261,0.001669,74.125.200.0-255,1484,196358,10,308134
21262,0.001671,172.31.36.0-255,66,196424,10,308134
21263,0.001703,74.125.200.0-255,4320,200744,10,308134
21264,0.001707,172.31.36.0-255,66,200810,10,308134
21265,0.001714,74.125.200.0-255,7156,207966,10,308134
21266,0.001716,172.31.36.0-255,66,208032,10,308134
21267,0.001719,74.125.200.0-255,1484,209516,10,308134
21268,0.001743,74.125.200.0-255,2184,211700,10,308134
21269,0.001746,172.31.36.0-255,66,211766,10,308134
21270,0.00185,74.125.200.0-255,1484,213250,10,308134
21271,0.001853,74.125.200.0-255,1484,214734,10,308134
21272,0.001856,172.31.36.0-255,66,214800,10,308134
21273,0.001872,74.125.200.0-255,1484,216284,10,308134
21274,0.001875,74.125.200.0-255,1484,217768,10,308134
21275,0.001877,172.31.36.0-255,66,217834,10,308134
21276,0.001898,74.125.200.0-255,2902,220736,10,308134
21277,0.001901,172.31.36.0-255,66,220802,10,308134
21278,0.001955,74.125.200.0-255,5738,226540,10,308134
21279,0.001958,74.125.200.0-255,2902,229442,10,308134
21280,0.001959,172.31.36.0-255,66,229508,10,308134
21281,0.001962,74.125.200.0-255,4320,233828,10,308134
21282,0.001963,172.31.36.0-255,66,233894,10,308134
21283,0.001966,172.31.36.0-255,66,233960,10,308134
21284,0.001977,172.31.36.0-255,66,234026,10,308134
21285,0.001983,74.125.200.0-255,3602,237628,10,308134
21286,0.001985,172.31.36.0-255,66,237694,10,308134
21287,0.002149,74.125.200.0-255,1484,239178,10,308134
21288,0.00217,74.125.200.0-255,2902,242080,10,308134
21289,0.002173,172.31.36.0-255,66,242146,10,308134
21290,0.002179,74.125.200.0-255,4320,246466,10,308134
21291,0.002181,172.31.36.0-255,66,246532,10,308134
21292,0.002185,74.125.200.0-255,2902,249434,10,308134
21293,0.002187,172.31.36.0-255,66,249500,10,308134
21294,0.002204,74.125.200.0-255,2902,252402,10,308134
21295,0.002207,172.31.36.0-255,66,252468,10,308134
21296,0.002222,74.125.200.0-255,4320,256788,10,308134
21297,0.002225,172.31.36.0-255,66,256854,10,308134
21298,0.002251,74.125.200.0-255,7156,264010,10,308134
21299,0.002254,172.31.36.0-255,66,264076,10,308134
21300,0.002258,74.125.200.0-255,2902,266978,10,308134
21301,0.00226,172.31.36.0-255,66,267044,10,308134
21302,0.002263,74.125.200.0-255,1484,268528,10,308134
21303,0.004456,74.125.200.0-255,1484,270012,10,308134
21304,0.004462,172.31.36.0-255,66,270078,10,308134
21305,0.00448,74.125.200.0-255,2902,272980,10,308134
21306,0.004482,172.31.36.0-255,66,273046,10,308134
21307,0.006664,74.125.200.0-255,2902,275948,10,308134
21308,0.006668,172.31.36.0-255,66,276014,10,308134
21309,0.006687,74.125.200.0-255,2902,278916,10,308134
21310,0.006688,172.31.36.0-255,66,278982,10,308134
21311,0.008881,74.125.200.0-255,2902,281884,10,308134
21312,0.008887,172.31.36.0-255,66,281950,10,308134
21313,0.008909,74.125.200.0-255,2902,284852,10,308134
21314,0.008912,172.31.36.0-255,66,284918,10,308134
21315,0.011117,74.125.200.0-255,5738,290656,10,308134
21316,0.011123,172.31.36.0-255,66,290722,10,308134
21317,0.013373,74.125.200.0-255,5738,296460,10,308134
21318,0.013387,172.31.36.0-255,66,296526,10,308134
21319,0.015607,74.125.200.0-255,5738,302264,10,308134
21320,0.01562,172.31.36.0-255,66,302330,10,308134
21321,0.017851,74.125.200.0-255,5738,308068,10,308134
21322,0.017868,172.31.36.0-255,66,308134,10,308134
21323,0.0,172.217.194.0-255,145,145,10,137141
21324,1.9e-05,172.31.36.0-255,66,211,10,137141
21325,2.7e-05,172.217.194.0-255,1484,1695,10,137141
21326,3.1e-05,172.31.36.0-255,66,1761,10,137141
21327,3.7e-05,172.217.194.0-255,2902,4663,10,137141
21328,4e-05,172.31.36.0-255,66,4729,10,137141
21329,4.8e-05,172.217.194.0-255,7156,11885,10,137141
21330,5.1e-05,172.31.36.0-255,66,11951,10,137141
21331,5.5e-05,172.217.194.0-255,1950,13901,10,137141
21332,5.9e-05,172.31.36.0-255,66,13967,10,137141
21333,0.000121,172.217.194.0-255,1484,15451,10,137141
21334,0.000124,172.31.36.0-255,66,15517,10,137141
21335,0.00013,172.217.194.0-255,2902,18419,10,137141
21336,0.000132,172.31.36.0-255,66,18485,10,137141
21337,0.000135,172.217.194.0-255,1484,19969,10,137141
21338,0.000138,172.31.36.0-255,66,20035,10,137141
21339,0.000161,172.217.194.0-255,4320,24355,10,137141
21340,0.000164,172.31.36.0-255,66,24421,10,137141
21341,0.000171,172.217.194.0-255,6797,31218,10,137141
21342,0.000173,172.31.36.0-255,66,31284,10,137141
21343,0.000212,172.217.194.0-255,4320,35604,10,137141
21344,0.000215,172.31.36.0-255,66,35670,10,137141
21345,0.000247,172.31.36.0-255,66,35736,10,137141
21346,0.000251,172.217.194.0-255,2543,38279,10,137141
21347,0.000253,172.31.36.0-255,66,38345,10,137141
21348,0.0012,172.217.194.0-255,1484,39829,10,137141
21349,0.001208,172.31.36.0-255,66,39895,10,137141
21350,0.001218,172.217.194.0-255,2902,42797,10,137141
21351,0.00122,172.31.36.0-255,66,42863,10,137141
21352,0.001252,172.217.194.0-255,5738,48601,10,137141
21353,0.001254,172.31.36.0-255,66,48667,10,137141
21354,0.001282,172.31.36.0-255,66,48733,10,137141
21355,0.001305,172.217.194.0-255,2543,51276,10,137141
21356,0.001307,172.31.36.0-255,66,51342,10,137141
21357,0.001313,172.217.194.0-255,4320,55662,10,137141
21358,0.001314,172.31.36.0-255,66,55728,10,137141
21359,0.001321,172.217.194.0-255,4320,60048,10,137141
21360,0.001323,172.31.36.0-255,66,60114,10,137141
21361,0.001362,172.31.36.0-255,66,60180,10,137141
21362,0.001369,172.217.194.0-255,5738,65918,10,137141
21363,0.001371,172.31.36.0-255,66,65984,10,137141
21364,0.001394,172.217.194.0-255,2184,68168,10,137141
21365,0.001397,172.31.36.0-255,66,68234,10,137141
21366,0.001444,172.217.194.0-255,1484,69718,10,137141
21367,0.001449,172.217.194.0-255,1484,71202,10,137141
21368,0.001451,172.31.36.0-255,66,71268,10,137141
21369,0.001469,172.217.194.0-255,1484,72752,10,137141
21370,0.001475,172.217.194.0-255,5738,78490,10,137141
21371,0.001478,172.31.36.0-255,66,78556,10,137141
21372,0.001505,172.217.194.0-255,1484,80040,10,137141
21373,0.001524,172.217.194.0-255,5264,85304,10,137141
21374,0.001526,172.31.36.0-255,66,85370,10,137141
21375,0.001529,172.217.194.0-255,98,85468,10,137141
21376,0.001621,172.217.194.0-255,1484,86952,10,137141
21377,0.001625,172.31.36.0-255,66,87018,10,137141
21378,0.00163,172.217.194.0-255,1484,88502,10,137141
21379,0.001645,172.217.194.0-255,1484,89986,10,137141
21380,0.001648,172.31.36.0-255,66,90052,10,137141
21381,0.001655,172.217.194.0-255,5738,95790,10,137141
21382,0.001657,172.31.36.0-255,66,95856,10,137141
21383,0.001693,172.31.36.0-255,66,95922,10,137141
21384,0.001698,172.217.194.0-255,2902,98824,10,137141
21385,0.0017,172.31.36.0-255,66,98890,10,137141
21386,0.001722,172.31.36.0-255,66,98956,10,137141
21387,0.001749,172.31.36.0-255,66,99022,10,137141
21388,0.001788,172.31.36.0-255,66,99088,10,137141
21389,0.001808,172.217.194.0-255,4320,103408,10,137141
21390,0.00181,172.31.36.0-255,66,103474,10,137141
21391,0.001839,172.31.36.0-255,66,103540,10,137141
21392,0.001852,172.31.36.0-255,66,103606,10,137141
21393,0.001881,172.217.194.0-255,4320,107926,10,137141
21394,0.001884,172.31.36.0-255,66,107992,10,137141
21395,0.001899,172.31.36.0-255,66,108058,10,137141
21396,0.001902,172.217.194.0-255,1484,109542,10,137141
21397,0.001907,172.217.194.0-255,2902,112444,10,137141
21398,0.00191,172.31.36.0-255,66,112510,10,137141
21399,0.001939,172.217.194.0-255,5738,118248,10,137141
21400,0.001941,172.31.36.0-255,66,118314,10,137141
21401,0.001947,172.217.194.0-255,5738,124052,10,137141
21402,0.00195,172.31.36.0-255,66,124118,10,137141
21403,0.001974,172.217.194.0-255,4320,128438,10,137141
21404,0.001977,172.31.36.0-255,66,128504,10,137141
21405,0.001993,172.217.194.0-255,1484,129988,10,137141
21406,0.002029,172.31.36.0-255,66,130054,10,137141
21407,0.002037,172.217.194.0-255,1484,131538,10,137141
21408,0.002079,172.31.36.0-255,66,131604,10,137141
21409,0.002091,172.31.36.0-255,66,131670,10,137141
21410,0.002175,172.31.36.0-255,66,131736,10,137141
21411,0.00221,172.31.36.0-255,66,131802,10,137141
21412,0.002228,172.31.36.0-255,66,131868,10,137141
21413,0.002249,172.31.36.0-255,66,131934,10,137141
21414,0.002271,172.31.36.0-255,66,132000,10,137141
21415,0.002285,172.31.36.0-255,66,132066,10,137141
21416,0.002318,172.31.36.0-255,66,132132,10,137141
21417,0.002334,172.31.36.0-255,66,132198,10,137141
21418,0.002339,172.217.194.0-255,4535,136733,10,137141
21419,0.002341,172.31.36.0-255,66,136799,10,137141
21420,0.00237,172.217.194.0-255,105,136904,10,137141
21421,0.005363,172.31.36.0-255,66,136970,10,137141
21422,0.005402,172.31.36.0-255,105,137075,10,137141
21423,0.008008,172.217.194.0-255,66,137141,10,137141
21424,0.0,172.217.194.0-255,142,142,10,105637
21425,2.3e-05,172.31.36.0-255,66,208,10,105637
21426,3.1e-05,172.217.194.0-255,1484,1692,10,105637
21427,3.5e-05,172.31.36.0-255,66,1758,10,105637
21428,5.1e-05,172.217.194.0-255,2902,4660,10,105637
21429,5.5e-05,172.31.36.0-255,66,4726,10,105637
21430,6e-05,172.217.194.0-255,2902,7628,10,105637
21431,6.4e-05,172.31.36.0-255,66,7694,10,105637
21432,9.9e-05,172.217.194.0-255,4320,12014,10,105637
21433,0.000103,172.31.36.0-255,66,12080,10,105637
21434,0.000183,172.217.194.0-255,2081,14161,10,105637
21435,0.000186,172.31.36.0-255,66,14227,10,105637
21436,0.000215,172.217.194.0-255,2902,17129,10,105637
21437,0.000218,172.31.36.0-255,66,17195,10,105637
21438,0.000253,172.31.36.0-255,66,17261,10,105637
21439,0.000421,172.217.194.0-255,5379,22640,10,105637
21440,0.000426,172.31.36.0-255,66,22706,10,105637
21441,0.000503,172.217.194.0-255,5738,28444,10,105637
21442,0.000507,172.31.36.0-255,66,28510,10,105637
21443,0.000535,172.31.36.0-255,66,28576,10,105637
21444,0.001631,172.217.194.0-255,1484,30060,10,105637
21445,0.001639,172.31.36.0-255,66,30126,10,105637
21446,0.001649,172.217.194.0-255,2902,33028,10,105637
21447,0.001659,172.31.36.0-255,66,33094,10,105637
21448,0.001686,172.217.194.0-255,1484,34578,10,105637
21449,0.001689,172.31.36.0-255,66,34644,10,105637
21450,0.001708,172.217.194.0-255,4320,38964,10,105637
21451,0.00171,172.31.36.0-255,66,39030,10,105637
21452,0.001772,172.217.194.0-255,2902,41932,10,105637
21453,0.001775,172.31.36.0-255,66,41998,10,105637
21454,0.001962,172.217.194.0-255,2902,44900,10,105637
21455,0.002278,172.217.194.0-255,7156,52056,10,105637
21456,0.002296,172.217.194.0-255,3602,55658,10,105637
21457,0.002431,172.217.194.0-255,645,56303,10,105637
21458,0.002464,172.217.194.0-255,4320,60623,10,105637
21459,0.002682,172.217.194.0-255,2902,63525,10,105637
21460,0.003144,172.217.194.0-255,1484,65009,10,105637
21461,0.003159,172.217.194.0-255,5738,70747,10,105637
21462,0.003524,172.31.36.0-255,66,70813,10,105637
21463,0.005893,172.217.194.0-255,5738,76551,10,105637
21464,0.0059,172.31.36.0-255,66,76617,10,105637
21465,0.008282,172.217.194.0-255,5738,82355,10,105637
21466,0.008289,172.31.36.0-255,66,82421,10,105637
21467,0.010643,172.217.194.0-255,5738,88159,10,105637
21468,0.010655,172.31.36.0-255,66,88225,10,105637
21469,0.013048,172.217.194.0-255,5738,93963,10,105637
21470,0.013059,172.31.36.0-255,66,94029,10,105637
21471,0.01545,172.217.194.0-255,5738,99767,10,105637
21472,0.015458,172.31.36.0-255,66,99833,10,105637
21473,0.017844,172.217.194.0-255,5738,105571,10,105637
21474,0.01903,172.31.36.0-255,66,105637,10,105637
21475,0.0,216.58.221.0-255,293,293,10,116506
21476,3.3e-05,172.31.36.0-255,66,359,10,116506
21477,3.9e-05,216.58.221.0-255,1484,1843,10,116506
21478,4.4e-05,172.31.36.0-255,66,1909,10,116506
21479,5.8e-05,216.58.221.0-255,4320,6229,10,116506
21480,6.1e-05,172.31.36.0-255,66,6295,10,116506
21481,6.7e-05,216.58.221.0-255,5738,12033,10,116506
21482,7e-05,172.31.36.0-255,66,12099,10,116506
21483,9.7e-05,216.58.221.0-255,1814,13913,10,116506
21484,0.000101,172.31.36.0-255,66,13979,10,116506
21485,0.000123,216.58.221.0-255,1484,15463,10,116506
21486,0.000127,172.31.36.0-255,66,15529,10,116506
21487,0.000132,216.58.221.0-255,2902,18431,10,116506
21488,0.000135,172.31.36.0-255,66,18497,10,116506
21489,0.000165,216.58.221.0-255,2902,21399,10,116506
21490,0.000168,172.31.36.0-255,66,21465,10,116506
21491,0.000173,216.58.221.0-255,4320,25785,10,116506
21492,0.000177,172.31.36.0-255,66,25851,10,116506
21493,0.000214,216.58.221.0-255,5379,31230,10,116506
21494,0.000218,172.31.36.0-255,66,31296,10,116506
21495,0.000397,216.58.221.0-255,1484,32780,10,116506
21496,0.000402,172.31.36.0-255,66,32846,10,116506
21497,0.000407,216.58.221.0-255,2902,35748,10,116506
21498,0.00041,172.31.36.0-255,66,35814,10,116506
21499,0.000414,216.58.221.0-255,2902,38716,10,116506
21500,0.000421,172.31.36.0-255,66,38782,10,116506
21501,0.000445,216.58.221.0-255,2902,41684,10,116506
21502,0.000448,172.31.36.0-255,66,41750,10,116506
21503,0.000454,216.58.221.0-255,5738,47488,10,116506
21504,0.000457,172.31.36.0-255,66,47554,10,116506
21505,0.00048,216.58.221.0-255,1125,48679,10,116506
21506,0.000483,172.31.36.0-255,66,48745,10,116506
21507,0.000488,216.58.221.0-255,2902,51647,10,116506
21508,0.000491,172.31.36.0-255,66,51713,10,116506
21509,0.000522,216.58.221.0-255,4320,56033,10,116506
21510,0.000524,172.31.36.0-255,66,56099,10,116506
21511,0.000531,216.58.221.0-255,5738,61837,10,116506
21512,0.000533,172.31.36.0-255,66,61903,10,116506
21513,0.000557,216.58.221.0-255,3961,65864,10,116506
21514,0.000561,172.31.36.0-255,66,65930,10,116506
21515,0.002571,216.58.221.0-255,648,66578,10,116506
21516,0.002606,216.58.221.0-255,1484,68062,10,116506
21517,0.00261,172.31.36.0-255,66,68128,10,116506
21518,0.002615,216.58.221.0-255,1484,69612,10,116506
21519,0.002639,216.58.221.0-255,1484,71096,10,116506
21520,0.002641,172.31.36.0-255,66,71162,10,116506
21521,0.004587,216.58.221.0-255,2902,74064,10,116506
21522,0.004594,172.31.36.0-255,66,74130,10,116506
21523,0.004617,216.58.221.0-255,2902,77032,10,116506
21524,0.00462,172.31.36.0-255,66,77098,10,116506
21525,0.006564,216.58.221.0-255,2902,80000,10,116506
21526,0.006568,172.31.36.0-255,66,80066,10,116506
21527,0.006596,216.58.221.0-255,2902,82968,10,116506
21528,0.006598,172.31.36.0-255,66,83034,10,116506
21529,0.008554,216.58.221.0-255,4320,87354,10,116506
21530,0.008561,172.31.36.0-255,66,87420,10,116506
21531,0.008589,216.58.221.0-255,1484,88904,10,116506
21532,0.010532,216.58.221.0-255,4320,93224,10,116506
21533,0.01054,172.31.36.0-255,66,93290,10,116506
21534,0.012545,216.58.221.0-255,5738,99028,10,116506
21535,0.012552,172.31.36.0-255,66,99094,10,116506
21536,0.014564,216.58.221.0-255,5738,104832,10,116506
21537,0.014574,172.31.36.0-255,66,104898,10,116506
21538,0.016623,216.58.221.0-255,5738,110636,10,116506
21539,0.016636,172.31.36.0-255,66,110702,10,116506
21540,0.018612,216.58.221.0-255,5738,116440,10,116506
21541,0.01862,172.31.36.0-255,66,116506,10,116506
21542,0.0,172.217.194.0-255,152,152,10,227463
21543,2.4e-05,172.31.36.0-255,66,218,10,227463
21544,3.2e-05,172.217.194.0-255,1484,1702,10,227463
21545,3.6e-05,172.31.36.0-255,66,1768,10,227463
21546,4.1e-05,172.217.194.0-255,2902,4670,10,227463
21547,4.4e-05,172.31.36.0-255,66,4736,10,227463
21548,4.9e-05,172.217.194.0-255,2902,7638,10,227463
21549,5.1e-05,172.31.36.0-255,66,7704,10,227463
21550,7.9e-05,172.217.194.0-255,4320,12024,10,227463
21551,8.2e-05,172.31.36.0-255,66,12090,10,227463
21552,8.7e-05,172.217.194.0-255,2039,14129,10,227463
21553,8.9e-05,172.31.36.0-255,66,14195,10,227463
21554,0.000112,172.31.36.0-255,66,14261,10,227463
21555,0.000137,172.217.194.0-255,2902,17163,10,227463
21556,0.000139,172.31.36.0-255,66,17229,10,227463
21557,0.000145,172.217.194.0-255,5379,22608,10,227463
21558,0.000147,172.31.36.0-255,66,22674,10,227463
21559,0.000207,172.217.194.0-255,1484,24158,10,227463
21560,0.00021,172.31.36.0-255,66,24224,10,227463
21561,0.000213,172.217.194.0-255,1484,25708,10,227463
21562,0.000215,172.31.36.0-255,66,25774,10,227463
21563,0.000229,172.217.194.0-255,1484,27258,10,227463
21564,0.000232,172.31.36.0-255,66,27324,10,227463
21565,0.00024,172.217.194.0-255,5738,33062,10,227463
21566,0.000242,172.31.36.0-255,66,33128,10,227463
21567,0.000276,172.31.36.0-255,66,33194,10,227463
21568,0.000301,172.217.194.0-255,4320,37514,10,227463
21569,0.000304,172.31.36.0-255,66,37580,10,227463
21570,0.00031,172.217.194.0-255,5738,43318,10,227463
21571,0.000312,172.31.36.0-255,66,43384,10,227463
21572,0.000336,172.217.194.0-255,4320,47704,10,227463
21573,0.000339,172.31.36.0-255,66,47770,10,227463
21574,0.000353,172.217.194.0-255,766,48536,10,227463
21575,0.000394,172.217.194.0-255,676,49212,10,227463
21576,0.000424,172.217.194.0-255,1484,50696,10,227463
21577,0.000428,172.31.36.0-255,66,50762,10,227463
21578,0.000432,172.217.194.0-255,1484,52246,10,227463
21579,0.000449,172.217.194.0-255,2902,55148,10,227463
21580,0.000451,172.31.36.0-255,66,55214,10,227463
21581,0.000471,172.217.194.0-255,5738,60952,10,227463
21582,0.000474,172.31.36.0-255,66,61018,10,227463
21583,0.000508,172.217.194.0-255,4320,65338,10,227463
21584,0.00051,172.31.36.0-255,66,65404,10,227463
21585,0.000526,172.31.36.0-255,66,65470,10,227463
21586,0.000531,172.217.194.0-255,1636,67106,10,227463
21587,0.000534,172.31.36.0-255,66,67172,10,227463
21588,0.000627,172.217.194.0-255,1484,68656,10,227463
21589,0.000649,172.217.194.0-255,2902,71558,10,227463
21590,0.000653,172.217.194.0-255,2902,74460,10,227463
21591,0.000658,172.31.36.0-255,66,74526,10,227463
21592,0.000662,172.31.36.0-255,66,74592,10,227463
21593,0.000675,172.217.194.0-255,2902,77494,10,227463
21594,0.000678,172.31.36.0-255,66,77560,10,227463
21595,0.000682,172.217.194.0-255,2902,80462,10,227463
21596,0.000685,172.31.36.0-255,66,80528,10,227463
21597,0.000711,172.217.194.0-255,3947,84475,10,227463
21598,0.000714,172.31.36.0-255,66,84541,10,227463
21599,0.001028,172.217.194.0-255,1484,86025,10,227463
21600,0.001033,172.217.194.0-255,1484,87509,10,227463
21601,0.001036,172.31.36.0-255,66,87575,10,227463
21602,0.001059,172.217.194.0-255,1484,89059,10,227463
21603,0.001065,172.217.194.0-255,5738,94797,10,227463
21604,0.001068,172.31.36.0-255,66,94863,10,227463
21605,0.001075,172.217.194.0-255,7156,102019,10,227463
21606,0.001077,172.31.36.0-255,66,102085,10,227463
21607,0.001094,172.217.194.0-255,5738,107823,10,227463
21608,0.001097,172.31.36.0-255,66,107889,10,227463
21609,0.001107,172.31.36.0-255,66,107955,10,227463
21610,0.001138,172.217.194.0-255,2184,110139,10,227463
21611,0.001141,172.31.36.0-255,66,110205,10,227463
21612,0.001308,172.217.194.0-255,1484,111689,10,227463
21613,0.00133,172.217.194.0-255,2902,114591,10,227463
21614,0.001334,172.31.36.0-255,66,114657,10,227463
21615,0.001339,172.217.194.0-255,2902,117559,10,227463
21616,0.001341,172.31.36.0-255,66,117625,10,227463
21617,0.001359,172.217.194.0-255,7156,124781,10,227463
21618,0.001361,172.31.36.0-255,66,124847,10,227463
21619,0.001387,172.217.194.0-255,2902,127749,10,227463
21620,0.001389,172.31.36.0-255,66,127815,10,227463
21621,0.001418,172.31.36.0-255,66,127881,10,227463
21622,0.001437,172.217.194.0-255,4320,132201,10,227463
21623,0.00144,172.31.36.0-255,66,132267,10,227463
21624,0.001443,172.217.194.0-255,1484,133751,10,227463
21625,0.001446,172.217.194.0-255,2184,135935,10,227463
21626,0.001448,172.31.36.0-255,66,136001,10,227463
21627,0.001726,172.217.194.0-255,1484,137485,10,227463
21628,0.001732,172.217.194.0-255,2902,140387,10,227463
21629,0.001735,172.31.36.0-255,66,140453,10,227463
21630,0.001761,172.217.194.0-255,2902,143355,10,227463
21631,0.001763,172.31.36.0-255,66,143421,10,227463
21632,0.001769,172.217.194.0-255,4320,147741,10,227463
21633,0.001771,172.31.36.0-255,66,147807,10,227463
21634,0.001784,172.217.194.0-255,2902,150709,10,227463
21635,0.001786,172.31.36.0-255,66,150775,10,227463
21636,0.00183,172.31.36.0-255,66,150841,10,227463
21637,0.001847,172.217.194.0-255,1484,152325,10,227463
21638,0.00186,172.217.194.0-255,2902,155227,10,227463
21639,0.001862,172.31.36.0-255,66,155293,10,227463
21640,0.001879,172.217.194.0-255,2184,157477,10,227463
21641,0.001882,172.31.36.0-255,66,157543,10,227463
21642,0.002056,172.217.194.0-255,1484,159027,10,227463
21643,0.002069,172.217.194.0-255,1484,160511,10,227463
21644,0.002072,172.31.36.0-255,66,160577,10,227463
21645,0.002087,172.217.194.0-255,1484,162061,10,227463
21646,0.002092,172.217.194.0-255,2902,164963,10,227463
21647,0.002094,172.31.36.0-255,66,165029,10,227463
21648,0.002115,172.217.194.0-255,2902,167931,10,227463
21649,0.002117,172.31.36.0-255,66,167997,10,227463
21650,0.002125,172.217.194.0-255,7156,175153,10,227463
21651,0.002127,172.31.36.0-255,66,175219,10,227463
21652,0.002138,172.31.36.0-255,66,175285,10,227463
21653,0.002163,172.217.194.0-255,4320,179605,10,227463
21654,0.002167,172.217.194.0-255,2184,181789,10,227463
21655,0.002171,172.31.36.0-255,66,181855,10,227463
21656,0.002507,172.217.194.0-255,1484,183339,10,227463
21657,0.002523,172.217.194.0-255,2902,186241,10,227463
21658,0.002535,172.217.194.0-255,2902,189143,10,227463
21659,0.00255,172.217.194.0-255,2902,192045,10,227463
21660,0.002555,172.217.194.0-255,4320,196365,10,227463
21661,0.002581,172.217.194.0-255,1484,197849,10,227463
21662,0.002591,172.217.194.0-255,1484,199333,10,227463
21663,0.002605,172.217.194.0-255,4320,203653,10,227463
21664,0.008015,172.31.36.0-255,66,203719,10,227463
21665,0.008023,172.31.36.0-255,66,203785,10,227463
21666,0.008026,172.31.36.0-255,66,203851,10,227463
21667,0.008035,172.31.36.0-255,66,203917,10,227463
21668,0.008039,172.31.36.0-255,66,203983,10,227463
21669,0.008041,172.31.36.0-255,66,204049,10,227463
21670,0.008045,172.31.36.0-255,66,204115,10,227463
21671,0.008049,172.31.36.0-255,66,204181,10,227463
21672,0.010581,172.217.194.0-255,1484,205665,10,227463
21673,0.010605,172.217.194.0-255,4320,209985,10,227463
21674,0.01061,172.31.36.0-255,66,210051,10,227463
21675,0.013135,172.217.194.0-255,5738,215789,10,227463
21676,0.013144,172.31.36.0-255,66,215855,10,227463
21677,0.015694,172.217.194.0-255,5738,221593,10,227463
21678,0.015702,172.31.36.0-255,66,221659,10,227463
21679,0.01824,172.217.194.0-255,5738,227397,10,227463
21680,0.01825,172.31.36.0-255,66,227463,10,227463
21681,0.0,172.217.194.0-255,150,150,10,188306
21682,3.5e-05,172.31.36.0-255,66,216,10,188306
21683,4.2e-05,172.217.194.0-255,1484,1700,10,188306
21684,4.6e-05,172.31.36.0-255,66,1766,10,188306
21685,5.1e-05,172.217.194.0-255,2902,4668,10,188306
21686,5.4e-05,172.31.36.0-255,66,4734,10,188306
21687,6.2e-05,172.217.194.0-255,7156,11890,10,188306
21688,6.4e-05,172.31.36.0-255,66,11956,10,188306
21689,0.000117,172.217.194.0-255,2086,14042,10,188306
21690,0.00012,172.31.36.0-255,66,14108,10,188306
21691,0.000139,172.217.194.0-255,2902,17010,10,188306
21692,0.000142,172.31.36.0-255,66,17076,10,188306
21693,0.000145,172.217.194.0-255,1484,18560,10,188306
21694,0.000147,172.31.36.0-255,66,18626,10,188306
21695,0.000172,172.217.194.0-255,4320,22946,10,188306
21696,0.000175,172.31.36.0-255,66,23012,10,188306
21697,0.000188,172.31.36.0-255,66,23078,10,188306
21698,0.000194,172.217.194.0-255,5738,28816,10,188306
21699,0.000196,172.31.36.0-255,66,28882,10,188306
21700,0.000227,172.31.36.0-255,66,28948,10,188306
21701,0.000666,172.217.194.0-255,1484,30432,10,188306
21702,0.000671,172.31.36.0-255,66,30498,10,188306
21703,0.000676,172.217.194.0-255,2902,33400,10,188306
21704,0.000678,172.31.36.0-255,66,33466,10,188306
21705,0.000702,172.217.194.0-255,5738,39204,10,188306
21706,0.000705,172.31.36.0-255,66,39270,10,188306
21707,0.000709,172.217.194.0-255,1484,40754,10,188306
21708,0.000711,172.31.36.0-255,66,40820,10,188306
21709,0.000742,172.217.194.0-255,2902,43722,10,188306
21710,0.000745,172.31.36.0-255,66,43788,10,188306
21711,0.000766,172.217.194.0-255,2543,46331,10,188306
21712,0.000769,172.31.36.0-255,66,46397,10,188306
21713,0.000775,172.217.194.0-255,5738,52135,10,188306
21714,0.000777,172.31.36.0-255,66,52201,10,188306
21715,0.00084,172.217.194.0-255,2902,55103,10,188306
21716,0.000843,172.31.36.0-255,66,55169,10,188306
21717,0.000872,172.31.36.0-255,66,55235,10,188306
21718,0.000898,172.217.194.0-255,1484,56719,10,188306
21719,0.000903,172.217.194.0-255,1484,58203,10,188306
21720,0.000905,172.31.36.0-255,66,58269,10,188306
21721,0.000925,172.217.194.0-255,1484,59753,10,188306
21722,0.000931,172.217.194.0-255,5738,65491,10,188306
21723,0.000934,172.31.36.0-255,66,65557,10,188306
21724,0.000937,172.217.194.0-255,1484,67041,10,188306
21725,0.000962,172.31.36.0-255,66,67107,10,188306
21726,0.000995,172.217.194.0-255,2902,70009,10,188306
21727,0.000998,172.31.36.0-255,66,70075,10,188306
21728,0.001029,172.31.36.0-255,66,70141,10,188306
21729,0.001047,172.217.194.0-255,2902,73043,10,188306
21730,0.001049,172.31.36.0-255,66,73109,10,188306
21731,0.001074,172.217.194.0-255,2902,76011,10,188306
21732,0.001077,172.31.36.0-255,66,76077,10,188306
21733,0.001084,172.217.194.0-255,7156,83233,10,188306
21734,0.001086,172.31.36.0-255,66,83299,10,188306
21735,0.001089,172.217.194.0-255,1484,84783,10,188306
21736,0.001106,172.217.194.0-255,1633,86416,10,188306
21737,0.001109,172.31.36.0-255,66,86482,10,188306
21738,0.001318,172.217.194.0-255,1484,87966,10,188306
21739,0.001323,172.217.194.0-255,2902,90868,10,188306
21740,0.001326,172.31.36.0-255,66,90934,10,188306
21741,0.001347,172.217.194.0-255,5738,96672,10,188306
21742,0.00135,172.31.36.0-255,66,96738,10,188306
21743,0.001356,172.217.194.0-255,5738,102476,10,188306
21744,0.001358,172.31.36.0-255,66,102542,10,188306
21745,0.001379,172.217.194.0-255,2902,105444,10,188306
21746,0.001382,172.31.36.0-255,66,105510,10,188306
21747,0.001411,172.31.36.0-255,66,105576,10,188306
21748,0.001418,172.217.194.0-255,5020,110596,10,188306
21749,0.00142,172.31.36.0-255,66,110662,10,188306
21750,0.001821,172.217.194.0-255,1484,112146,10,188306
21751,0.001831,172.217.194.0-255,2902,115048,10,188306
21752,0.001836,172.31.36.0-255,66,115114,10,188306
21753,0.001842,172.217.194.0-255,4320,119434,10,188306
21754,0.001844,172.31.36.0-255,66,119500,10,188306
21755,0.001858,172.217.194.0-255,1484,120984,10,188306
21756,0.001863,172.217.194.0-255,4320,125304,10,188306
21757,0.001865,172.31.36.0-255,66,125370,10,188306
21758,0.001876,172.217.194.0-255,1484,126854,10,188306
21759,0.001894,172.217.194.0-255,5738,132592,10,188306
21760,0.001896,172.31.36.0-255,66,132658,10,188306
21761,0.001919,172.217.194.0-255,7156,139814,10,188306
21762,0.001922,172.31.36.0-255,66,139880,10,188306
21763,0.001927,172.217.194.0-255,4320,144200,10,188306
21764,0.001928,172.31.36.0-255,66,144266,10,188306
21765,0.001943,172.217.194.0-255,766,145032,10,188306
21766,0.002208,172.217.194.0-255,1484,146516,10,188306
21767,0.002214,172.31.36.0-255,66,146582,10,188306
21768,0.00222,172.217.194.0-255,2902,149484,10,188306
21769,0.002222,172.31.36.0-255,66,149550,10,188306
21770,0.002228,172.217.194.0-255,5738,155288,10,188306
21771,0.00223,172.31.36.0-255,66,155354,10,188306
21772,0.002276,172.31.36.0-255,66,155420,10,188306
21773,0.002286,172.31.36.0-255,66,155486,10,188306
21774,0.002298,172.217.194.0-255,766,156252,10,188306
21775,0.004889,172.217.194.0-255,2902,159154,10,188306
21776,0.004893,172.31.36.0-255,66,159220,10,188306
21777,0.004909,172.217.194.0-255,1484,160704,10,188306
21778,0.007491,172.217.194.0-255,4320,165024,10,188306
21779,0.007497,172.31.36.0-255,66,165090,10,188306
21780,0.010078,172.217.194.0-255,5738,170828,10,188306
21781,0.010087,172.31.36.0-255,66,170894,10,188306
21782,0.012677,172.217.194.0-255,5738,176632,10,188306
21783,0.012687,172.31.36.0-255,66,176698,10,188306
21784,0.015319,172.217.194.0-255,5738,182436,10,188306
21785,0.015335,172.31.36.0-255,66,182502,10,188306
21786,0.017903,172.217.194.0-255,5738,188240,10,188306
21787,0.017912,172.31.36.0-255,66,188306,10,188306
21788,0.0,172.31.36.0-255,161,161,10,227
21789,0.007469,74.125.24.0-255,66,227,10,227
21790,0.0,172.217.27.0-255,146,146,10,145788
21791,1.6e-05,172.31.36.0-255,66,212,10,145788
21792,2.3e-05,172.217.27.0-255,1484,1696,10,145788
21793,2.7e-05,172.31.36.0-255,66,1762,10,145788
21794,3.2e-05,172.217.27.0-255,2902,4664,10,145788
21795,3.5e-05,172.31.36.0-255,66,4730,10,145788
21796,5e-05,172.217.27.0-255,5738,10468,10,145788
21797,5.2e-05,172.31.36.0-255,66,10534,10,145788
21798,0.000112,172.217.27.0-255,3418,13952,10,145788
21799,0.000116,172.31.36.0-255,66,14018,10,145788
21800,0.000154,172.217.27.0-255,7156,21174,10,145788
21801,0.000157,172.31.36.0-255,66,21240,10,145788
21802,0.000186,172.217.27.0-255,4320,25560,10,145788
21803,0.000192,172.31.36.0-255,66,25626,10,145788
21804,0.000292,172.217.27.0-255,5379,31005,10,145788
21805,0.000297,172.31.36.0-255,66,31071,10,145788
21806,0.000357,172.217.27.0-255,5738,36809,10,145788
21807,0.000361,172.31.36.0-255,66,36875,10,145788
21808,0.000425,172.217.27.0-255,7156,44031,10,145788
21809,0.000429,172.31.36.0-255,66,44097,10,145788
21810,0.000456,172.217.27.0-255,5379,49476,10,145788
21811,0.000459,172.31.36.0-255,66,49542,10,145788
21812,0.000571,172.217.27.0-255,7156,56698,10,145788
21813,0.000576,172.31.36.0-255,66,56764,10,145788
21814,0.000599,172.31.36.0-255,66,56830,10,145788
21815,0.00073,172.217.27.0-255,397,57227,10,145788
21816,0.000734,172.31.36.0-255,66,57293,10,145788
21817,0.000998,172.217.27.0-255,112,57405,10,145788
21818,0.001003,172.31.36.0-255,66,57471,10,145788
21819,0.001147,172.217.27.0-255,1484,58955,10,145788
21820,0.001151,172.31.36.0-255,66,59021,10,145788
21821,0.001156,172.217.27.0-255,2902,61923,10,145788
21822,0.001158,172.31.36.0-255,66,61989,10,145788
21823,0.001189,172.217.27.0-255,5738,67727,10,145788
21824,0.001192,172.31.36.0-255,66,67793,10,145788
21825,0.001262,172.217.27.0-255,7156,74949,10,145788
21826,0.001266,172.31.36.0-255,66,75015,10,145788
21827,0.001299,172.217.27.0-255,6797,81812,10,145788
21828,0.001302,172.31.36.0-255,66,81878,10,145788
21829,0.001434,172.31.36.0-255,66,81944,10,145788
21830,0.003062,172.217.27.0-255,5738,87682,10,145788
21831,0.003069,172.31.36.0-255,66,87748,10,145788
21832,0.004688,172.217.27.0-255,5738,93486,10,145788
21833,0.004692,172.31.36.0-255,66,93552,10,145788
21834,0.006312,172.217.27.0-255,5738,99290,10,145788
21835,0.006318,172.31.36.0-255,66,99356,10,145788
21836,0.007953,172.217.27.0-255,5738,105094,10,145788
21837,0.007961,172.31.36.0-255,66,105160,10,145788
21838,0.009592,172.217.27.0-255,5738,110898,10,145788
21839,0.009599,172.31.36.0-255,66,110964,10,145788
21840,0.011248,172.217.27.0-255,5738,116702,10,145788
21841,0.011256,172.31.36.0-255,66,116768,10,145788
21842,0.012925,172.217.27.0-255,5738,122506,10,145788
21843,0.012932,172.31.36.0-255,66,122572,10,145788
21844,0.014566,172.217.27.0-255,5738,128310,10,145788
21845,0.014574,172.31.36.0-255,66,128376,10,145788
21846,0.016217,172.217.27.0-255,5738,134114,10,145788
21847,0.016224,172.31.36.0-255,66,134180,10,145788
21848,0.017871,172.217.27.0-255,5738,139918,10,145788
21849,0.017879,172.31.36.0-255,66,139984,10,145788
21850,0.019515,172.217.27.0-255,5738,145722,10,145788
21851,0.019522,172.31.36.0-255,66,145788,10,145788
21852,0.0,172.217.194.0-255,153,153,10,225822
21853,2.5e-05,172.31.36.0-255,66,219,10,225822
21854,3.3e-05,172.217.194.0-255,1484,1703,10,225822
21855,3.8e-05,172.31.36.0-255,66,1769,10,225822
21856,4.4e-05,172.217.194.0-255,2902,4671,10,225822
21857,4.7e-05,172.31.36.0-255,66,4737,10,225822
21858,5.4e-05,172.217.194.0-255,7156,11893,10,225822
21859,5.8e-05,172.31.36.0-255,66,11959,10,225822
21860,6.2e-05,172.217.194.0-255,2049,14008,10,225822
21861,6.5e-05,172.31.36.0-255,66,14074,10,225822
21862,0.00013,172.31.36.0-255,66,14140,10,225822
21863,0.000136,172.217.194.0-255,4320,18460,10,225822
21864,0.000139,172.31.36.0-255,66,18526,10,225822
21865,0.000141,172.217.194.0-255,1125,19651,10,225822
21866,0.000143,172.31.36.0-255,66,19717,10,225822
21867,0.000219,172.217.194.0-255,1484,21201,10,225822
21868,0.000222,172.31.36.0-255,66,21267,10,225822
21869,0.000228,172.217.194.0-255,2902,24169,10,225822
21870,0.00023,172.31.36.0-255,66,24235,10,225822
21871,0.00026,172.217.194.0-255,5738,29973,10,225822
21872,0.000263,172.31.36.0-255,66,30039,10,225822
21873,0.000269,172.217.194.0-255,5738,35777,10,225822
21874,0.000271,172.31.36.0-255,66,35843,10,225822
21875,0.000283,172.217.194.0-255,1484,37327,10,225822
21876,0.000285,172.31.36.0-255,66,37393,10,225822
21877,0.000307,172.217.194.0-255,1484,38877,10,225822
21878,0.000309,172.31.36.0-255,66,38943,10,225822
21879,0.000344,172.31.36.0-255,66,39009,10,225822
21880,0.000348,172.217.194.0-255,2184,41193,10,225822
21881,0.00035,172.31.36.0-255,66,41259,10,225822
21882,0.000353,172.217.194.0-255,341,41600,10,225822
21883,0.000636,172.217.194.0-255,116,41716,10,225822
21884,0.000657,172.217.194.0-255,383,42099,10,225822
21885,0.000918,172.217.194.0-255,1484,43583,10,225822
21886,0.000924,172.31.36.0-255,66,43649,10,225822
21887,0.00093,172.217.194.0-255,2902,46551,10,225822
21888,0.000948,172.217.194.0-255,5738,52289,10,225822
21889,0.000966,172.31.36.0-255,66,52355,10,225822
21890,0.000984,172.217.194.0-255,4320,56675,10,225822
21891,0.000995,172.31.36.0-255,66,56741,10,225822
21892,0.001014,172.217.194.0-255,7156,63897,10,225822
21893,0.001041,172.31.36.0-255,66,63963,10,225822
21894,0.001425,172.217.194.0-255,1484,65447,10,225822
21895,0.001432,172.217.194.0-255,2902,68349,10,225822
21896,0.001435,172.31.36.0-255,66,68415,10,225822
21897,0.001443,172.217.194.0-255,5738,74153,10,225822
21898,0.001445,172.217.194.0-255,1484,75637,10,225822
21899,0.001471,172.31.36.0-255,66,75703,10,225822
21900,0.00151,172.217.194.0-255,7156,82859,10,225822
21901,0.001534,172.217.194.0-255,6438,89297,10,225822
21902,0.001539,172.31.36.0-255,66,89363,10,225822
21903,0.001555,172.217.194.0-255,5738,95101,10,225822
21904,0.001566,172.31.36.0-255,66,95167,10,225822
21905,0.001585,172.31.36.0-255,66,95233,10,225822
21906,0.0016,172.217.194.0-255,7156,102389,10,225822
21907,0.001615,172.217.194.0-255,7156,109545,10,225822
21908,0.001626,172.217.194.0-255,1484,111029,10,225822
21909,0.001631,172.217.194.0-255,3602,114631,10,225822
21910,0.001639,172.31.36.0-255,66,114697,10,225822
21911,0.001667,172.217.194.0-255,1484,116181,10,225822
21912,0.001672,172.217.194.0-255,2902,119083,10,225822
21913,0.001676,172.31.36.0-255,66,119149,10,225822
21914,0.001691,172.217.194.0-255,5738,124887,10,225822
21915,0.001716,172.217.194.0-255,5738,130625,10,225822
21916,0.001719,172.217.194.0-255,1484,132109,10,225822
21917,0.001723,172.31.36.0-255,66,132175,10,225822
21918,0.00179,172.31.36.0-255,66,132241,10,225822
21919,0.001802,172.217.194.0-255,5020,137261,10,225822
21920,0.001808,172.217.194.0-255,5738,142999,10,225822
21921,0.001822,172.31.36.0-255,66,143065,10,225822
21922,0.001838,172.217.194.0-255,7156,150221,10,225822
21923,0.001857,172.217.194.0-255,7156,157377,10,225822
21924,0.001877,172.217.194.0-255,2902,160279,10,225822
21925,0.00188,172.217.194.0-255,766,161045,10,225822
21926,0.001889,172.31.36.0-255,66,161111,10,225822
21927,0.002059,172.217.194.0-255,1484,162595,10,225822
21928,0.002063,172.217.194.0-255,1484,164079,10,225822
21929,0.002069,172.31.36.0-255,66,164145,10,225822
21930,0.002078,172.217.194.0-255,1484,165629,10,225822
21931,0.002085,172.217.194.0-255,5738,171367,10,225822
21932,0.002109,172.217.194.0-255,5738,177105,10,225822
21933,0.00213,172.217.194.0-255,7156,184261,10,225822
21934,0.002159,172.217.194.0-255,2184,186445,10,225822
21935,0.002268,172.217.194.0-255,1484,187929,10,225822
21936,0.002273,172.217.194.0-255,2902,190831,10,225822
21937,0.002294,172.217.194.0-255,5738,196569,10,225822
21938,0.002318,172.217.194.0-255,2902,199471,10,225822
21939,0.002365,172.217.194.0-255,2902,202373,10,225822
21940,0.007445,172.31.36.0-255,66,202439,10,225822
21941,0.008256,172.31.36.0-255,101,202540,10,225822
21942,0.009757,172.217.194.0-255,5738,208278,10,225822
21943,0.009765,172.31.36.0-255,66,208344,10,225822
21944,0.010558,172.217.194.0-255,66,208410,10,225822
21945,0.012082,172.217.194.0-255,5738,214148,10,225822
21946,0.012089,172.31.36.0-255,66,214214,10,225822
21947,0.014413,172.217.194.0-255,5738,219952,10,225822
21948,0.015543,172.31.36.0-255,66,220018,10,225822
21949,0.017866,172.217.194.0-255,5738,225756,10,225822
21950,0.017878,172.31.36.0-255,66,225822,10,225822
21951,0.0,172.217.194.0-255,143,143,10,269282
21952,3.3e-05,172.31.36.0-255,66,209,10,269282
21953,4e-05,172.217.194.0-255,1484,1693,10,269282
21954,4.4e-05,172.31.36.0-255,66,1759,10,269282
21955,4.9e-05,172.217.194.0-255,2902,4661,10,269282
21956,5.2e-05,172.31.36.0-255,66,4727,10,269282
21957,5.9e-05,172.217.194.0-255,7156,11883,10,269282
21958,6.2e-05,172.31.36.0-255,66,11949,10,269282
21959,6.6e-05,172.217.194.0-255,2144,14093,10,269282
21960,6.8e-05,172.31.36.0-255,66,14159,10,269282
21961,0.000112,172.217.194.0-255,1484,15643,10,269282
21962,0.000115,172.31.36.0-255,66,15709,10,269282
21963,0.00012,172.217.194.0-255,2902,18611,10,269282
21964,0.000122,172.31.36.0-255,66,18677,10,269282
21965,0.000125,172.217.194.0-255,1484,20161,10,269282
21966,0.000128,172.31.36.0-255,66,20227,10,269282
21967,0.000148,172.217.194.0-255,4320,24547,10,269282
21968,0.000151,172.31.36.0-255,66,24613,10,269282
21969,0.000158,172.217.194.0-255,6797,31410,10,269282
21970,0.00016,172.31.36.0-255,66,31476,10,269282
21971,0.000193,172.217.194.0-255,5738,37214,10,269282
21972,0.000197,172.31.36.0-255,66,37280,10,269282
21973,0.000223,172.31.36.0-255,66,37346,10,269282
21974,0.000227,172.217.194.0-255,2543,39889,10,269282
21975,0.000229,172.31.36.0-255,66,39955,10,269282
21976,0.000263,172.217.194.0-255,1484,41439,10,269282
21977,0.000266,172.31.36.0-255,66,41505,10,269282
21978,0.000271,172.217.194.0-255,2902,44407,10,269282
21979,0.000277,172.217.194.0-255,5738,50145,10,269282
21980,0.000277,172.31.36.0-255,66,50211,10,269282
21981,0.000281,172.31.36.0-255,66,50277,10,269282
21982,0.000303,172.217.194.0-255,2902,53179,10,269282
21983,0.000306,172.31.36.0-255,66,53245,10,269282
21984,0.000325,172.217.194.0-255,3961,57206,10,269282
21985,0.000329,172.31.36.0-255,66,57272,10,269282
21986,0.000332,172.217.194.0-255,366,57638,10,269282
21987,0.000532,172.217.194.0-255,378,58016,10,269282
21988,0.000675,172.217.194.0-255,1484,59500,10,269282
21989,0.000679,172.31.36.0-255,66,59566,10,269282
21990,0.000684,172.217.194.0-255,2902,62468,10,269282
21991,0.000686,172.31.36.0-255,66,62534,10,269282
21992,0.000691,172.217.194.0-255,2902,65436,10,269282
21993,0.000693,172.31.36.0-255,66,65502,10,269282
21994,0.000717,172.217.194.0-255,2902,68404,10,269282
21995,0.000721,172.31.36.0-255,66,68470,10,269282
21996,0.000728,172.217.194.0-255,6797,75267,10,269282
21997,0.000731,172.31.36.0-255,66,75333,10,269282
21998,0.000764,172.217.194.0-255,4320,79653,10,269282
21999,0.000767,172.31.36.0-255,66,79719,10,269282
22000,0.000792,172.31.36.0-255,66,79785,10,269282
22001,0.000821,172.217.194.0-255,2543,82328,10,269282
22002,0.000825,172.31.36.0-255,66,82394,10,269282
22003,0.001191,172.217.194.0-255,1484,83878,10,269282
22004,0.001201,172.217.194.0-255,2902,86780,10,269282
22005,0.001205,172.31.36.0-255,66,86846,10,269282
22006,0.001214,172.217.194.0-255,5738,92584,10,269282
22007,0.001216,172.31.36.0-255,66,92650,10,269282
22008,0.001222,172.217.194.0-255,5738,98388,10,269282
22009,0.001224,172.31.36.0-255,66,98454,10,269282
22010,0.001247,172.217.194.0-255,1484,99938,10,269282
22011,0.001263,172.31.36.0-255,66,100004,10,269282
22012,0.001267,172.217.194.0-255,2184,102188,10,269282
22013,0.001269,172.31.36.0-255,66,102254,10,269282
22014,0.001294,172.217.194.0-255,1484,103738,10,269282
22015,0.001313,172.217.194.0-255,1484,105222,10,269282
22016,0.001316,172.31.36.0-255,66,105288,10,269282
22017,0.001324,172.217.194.0-255,7156,112444,10,269282
22018,0.001326,172.31.36.0-255,66,112510,10,269282
22019,0.001334,172.217.194.0-255,7156,119666,10,269282
22020,0.001336,172.31.36.0-255,66,119732,10,269282
22021,0.001376,172.31.36.0-255,66,119798,10,269282
22022,0.001379,172.217.194.0-255,766,120564,10,269282
22023,0.001455,172.217.194.0-255,1484,122048,10,269282
22024,0.001459,172.31.36.0-255,66,122114,10,269282
22025,0.001465,172.217.194.0-255,2902,125016,10,269282
22026,0.001468,172.31.36.0-255,66,125082,10,269282
22027,0.001473,172.217.194.0-255,4320,129402,10,269282
22028,0.001475,172.31.36.0-255,66,129468,10,269282
22029,0.001506,172.217.194.0-255,1484,130952,10,269282
22030,0.001521,172.31.36.0-255,66,131018,10,269282
22031,0.001563,172.217.194.0-255,4320,135338,10,269282
22032,0.001569,172.31.36.0-255,66,135404,10,269282
22033,0.001586,172.217.194.0-255,6438,141842,10,269282
22034,0.001589,172.31.36.0-255,66,141908,10,269282
22035,0.001676,172.217.194.0-255,1484,143392,10,269282
22036,0.001682,172.217.194.0-255,2902,146294,10,269282
22037,0.001685,172.31.36.0-255,66,146360,10,269282
22038,0.001692,172.217.194.0-255,5738,152098,10,269282
22039,0.001695,172.31.36.0-255,66,152164,10,269282
22040,0.001725,172.31.36.0-255,66,152230,10,269282
22041,0.001744,172.217.194.0-255,4320,156550,10,269282
22042,0.001747,172.31.36.0-255,66,156616,10,269282
22043,0.00176,172.31.36.0-255,66,156682,10,269282
22044,0.001905,172.217.194.0-255,1484,158166,10,269282
22045,0.001912,172.217.194.0-255,2902,161068,10,269282
22046,0.001917,172.31.36.0-255,66,161134,10,269282
22047,0.001923,172.217.194.0-255,5738,166872,10,269282
22048,0.001926,172.31.36.0-255,66,166938,10,269282
22049,0.001931,172.217.194.0-255,4320,171258,10,269282
22050,0.001934,172.31.36.0-255,66,171324,10,269282
22051,0.00196,172.217.194.0-255,2902,174226,10,269282
22052,0.001964,172.31.36.0-255,66,174292,10,269282
22053,0.001981,172.31.36.0-255,66,174358,10,269282
22054,0.001985,172.217.194.0-255,2184,176542,10,269282
22055,0.001987,172.31.36.0-255,66,176608,10,269282
22056,0.002045,172.217.194.0-255,1484,178092,10,269282
22057,0.002058,172.217.194.0-255,2902,180994,10,269282
22058,0.002061,172.31.36.0-255,66,181060,10,269282
22059,0.002064,172.217.194.0-255,1484,182544,10,269282
22060,0.002082,172.217.194.0-255,4320,186864,10,269282
22061,0.002084,172.31.36.0-255,66,186930,10,269282
22062,0.002094,172.31.36.0-255,66,186996,10,269282
22063,0.002142,172.217.194.0-255,7156,194152,10,269282
22064,0.002145,172.31.36.0-255,66,194218,10,269282
22065,0.002164,172.31.36.0-255,66,194284,10,269282
22066,0.002206,172.217.194.0-255,1484,195768,10,269282
22067,0.002209,172.217.194.0-255,2902,198670,10,269282
22068,0.002211,172.31.36.0-255,66,198736,10,269282
22069,0.002232,172.217.194.0-255,5738,204474,10,269282
22070,0.002235,172.31.36.0-255,66,204540,10,269282
22071,0.00224,172.217.194.0-255,5738,210278,10,269282
22072,0.002243,172.31.36.0-255,66,210344,10,269282
22073,0.002282,172.31.36.0-255,66,210410,10,269282
22074,0.002287,172.217.194.0-255,4320,214730,10,269282
22075,0.002289,172.31.36.0-255,66,214796,10,269282
22076,0.002303,172.217.194.0-255,766,215562,10,269282
22077,0.002308,172.217.194.0-255,5738,221300,10,269282
22078,0.002311,172.31.36.0-255,66,221366,10,269282
22079,0.00232,172.217.194.0-255,1484,222850,10,269282
22080,0.002343,172.217.194.0-255,4320,227170,10,269282
22081,0.002362,172.217.194.0-255,4320,231490,10,269282
22082,0.002365,172.217.194.0-255,2902,234392,10,269282
22083,0.004769,172.31.36.0-255,66,234458,10,269282
22084,0.007097,172.217.194.0-255,5738,240196,10,269282
22085,0.007103,172.31.36.0-255,66,240262,10,269282
22086,0.009446,172.217.194.0-255,5738,246000,10,269282
22087,0.009451,172.31.36.0-255,66,246066,10,269282
22088,0.011804,172.217.194.0-255,5738,251804,10,269282
22089,0.01181,172.31.36.0-255,66,251870,10,269282
22090,0.014134,172.217.194.0-255,5738,257608,10,269282
22091,0.014141,172.31.36.0-255,66,257674,10,269282
22092,0.016485,172.217.194.0-255,5738,263412,10,269282
22093,0.016498,172.31.36.0-255,66,263478,10,269282
22094,0.018796,172.217.194.0-255,5738,269216,10,269282
22095,0.018804,172.31.36.0-255,66,269282,10,269282
22096,0.0,74.125.24.0-255,153,153,10,194071
22097,3.4e-05,172.31.36.0-255,66,219,10,194071
22098,4.1e-05,74.125.24.0-255,1484,1703,10,194071
22099,4.5e-05,172.31.36.0-255,66,1769,10,194071
22100,5e-05,74.125.24.0-255,2902,4671,10,194071
22101,5.3e-05,172.31.36.0-255,66,4737,10,194071
22102,5.9e-05,74.125.24.0-255,5738,10475,10,194071
22103,6.2e-05,172.31.36.0-255,66,10541,10,194071
22104,6.6e-05,74.125.24.0-255,3522,14063,10,194071
22105,6.9e-05,172.31.36.0-255,66,14129,10,194071
22106,0.000187,74.125.24.0-255,1484,15613,10,194071
22107,0.000192,172.31.36.0-255,66,15679,10,194071
22108,0.000197,74.125.24.0-255,2902,18581,10,194071
22109,0.0002,172.31.36.0-255,66,18647,10,194071
22110,0.000204,74.125.24.0-255,2902,21549,10,194071
22111,0.000207,172.31.36.0-255,66,21615,10,194071
22112,0.000226,74.125.24.0-255,2902,24517,10,194071
22113,0.000228,172.31.36.0-255,66,24583,10,194071
22114,0.000234,74.125.24.0-255,5738,30321,10,194071
22115,0.000237,172.31.36.0-255,66,30387,10,194071
22116,0.000253,74.125.24.0-255,1125,31512,10,194071
22117,0.000256,172.31.36.0-255,66,31578,10,194071
22118,0.000262,74.125.24.0-255,7156,38734,10,194071
22119,0.000265,172.31.36.0-255,66,38800,10,194071
22120,0.000283,74.125.24.0-255,2902,41702,10,194071
22121,0.000286,172.31.36.0-255,66,41768,10,194071
22122,0.000323,172.31.36.0-255,66,41834,10,194071
22123,0.000336,172.31.36.0-255,66,41900,10,194071
22124,0.000358,74.125.24.0-255,1059,42959,10,194071
22125,0.000361,172.31.36.0-255,66,43025,10,194071
22126,0.000378,74.125.24.0-255,136,43161,10,194071
22127,0.00052,74.125.24.0-255,1484,44645,10,194071
22128,0.000525,172.31.36.0-255,66,44711,10,194071
22129,0.00053,74.125.24.0-255,2902,47613,10,194071
22130,0.000536,74.125.24.0-255,4320,51933,10,194071
22131,0.000545,172.31.36.0-255,66,51999,10,194071
22132,0.00055,74.125.24.0-255,1484,53483,10,194071
22133,0.000577,74.125.24.0-255,4320,57803,10,194071
22134,0.000593,74.125.24.0-255,5738,63541,10,194071
22135,0.000594,172.31.36.0-255,66,63607,10,194071
22136,0.000599,172.31.36.0-255,66,63673,10,194071
22137,0.000617,74.125.24.0-255,2902,66575,10,194071
22138,0.000625,172.31.36.0-255,66,66641,10,194071
22139,0.00063,74.125.24.0-255,346,66987,10,194071
22140,0.000643,172.31.36.0-255,66,67053,10,194071
22141,0.000657,74.125.24.0-255,1484,68537,10,194071
22142,0.000673,74.125.24.0-255,2902,71439,10,194071
22143,0.000675,172.31.36.0-255,66,71505,10,194071
22144,0.000695,74.125.24.0-255,1484,72989,10,194071
22145,0.000726,172.31.36.0-255,66,73055,10,194071
22146,0.000731,172.31.36.0-255,66,73121,10,194071
22147,0.000739,74.125.24.0-255,5738,78859,10,194071
22148,0.000743,74.125.24.0-255,2184,81043,10,194071
22149,0.000744,172.31.36.0-255,66,81109,10,194071
22150,0.00075,172.31.36.0-255,66,81175,10,194071
22151,0.001469,74.125.24.0-255,1484,82659,10,194071
22152,0.001479,74.125.24.0-255,2902,85561,10,194071
22153,0.001483,172.31.36.0-255,66,85627,10,194071
22154,0.00149,74.125.24.0-255,5738,91365,10,194071
22155,0.001571,74.125.24.0-255,5738,97103,10,194071
22156,0.001591,74.125.24.0-255,6438,103541,10,194071
22157,0.001769,74.125.24.0-255,1484,105025,10,194071
22158,0.001781,74.125.24.0-255,2902,107927,10,194071
22159,0.001786,74.125.24.0-255,4320,112247,10,194071
22160,0.001805,74.125.24.0-255,1484,113731,10,194071
22161,0.001813,74.125.24.0-255,7156,120887,10,194071
22162,0.001837,74.125.24.0-255,4320,125207,10,194071
22163,0.001858,74.125.24.0-255,4320,129527,10,194071
22164,0.001994,74.125.24.0-255,1484,131011,10,194071
22165,0.002001,74.125.24.0-255,2902,133913,10,194071
22166,0.002015,74.125.24.0-255,4320,138233,10,194071
22167,0.002027,74.125.24.0-255,1484,139717,10,194071
22168,0.002064,74.125.24.0-255,2902,142619,10,194071
22169,0.002111,74.125.24.0-255,5738,148357,10,194071
22170,0.002133,74.125.24.0-255,5020,153377,10,194071
22171,0.004447,172.31.36.0-255,66,153443,10,194071
22172,0.006535,74.125.24.0-255,5738,159181,10,194071
22173,0.006541,172.31.36.0-255,66,159247,10,194071
22174,0.008577,74.125.24.0-255,5738,164985,10,194071
22175,0.008813,172.31.36.0-255,66,165051,10,194071
22176,0.010889,74.125.24.0-255,5738,170789,10,194071
22177,0.010897,172.31.36.0-255,66,170855,10,194071
22178,0.012979,74.125.24.0-255,5738,176593,10,194071
22179,0.013507,172.31.36.0-255,66,176659,10,194071
22180,0.01557,74.125.24.0-255,5738,182397,10,194071
22181,0.015583,172.31.36.0-255,66,182463,10,194071
22182,0.017649,74.125.24.0-255,5738,188201,10,194071
22183,0.017664,172.31.36.0-255,66,188267,10,194071
22184,0.019746,74.125.24.0-255,5738,194005,10,194071
22185,0.019754,172.31.36.0-255,66,194071,10,194071
22186,0.0,74.125.24.0-255,150,150,10,163124
22187,2.5e-05,172.31.36.0-255,66,216,10,163124
22188,3.3e-05,74.125.24.0-255,1484,1700,10,163124
22189,3.8e-05,172.31.36.0-255,66,1766,10,163124
22190,4.4e-05,74.125.24.0-255,2902,4668,10,163124
22191,4.7e-05,172.31.36.0-255,66,4734,10,163124
22192,5.4e-05,74.125.24.0-255,7156,11890,10,163124
22193,5.7e-05,172.31.36.0-255,66,11956,10,163124
22194,6.1e-05,74.125.24.0-255,2047,14003,10,163124
22195,6.4e-05,172.31.36.0-255,66,14069,10,163124
22196,8.3e-05,74.125.24.0-255,7156,21225,10,163124
22197,8.7e-05,172.31.36.0-255,66,21291,10,163124
22198,0.000118,74.125.24.0-255,4320,25611,10,163124
22199,0.000121,172.31.36.0-255,66,25677,10,163124
22200,0.000127,74.125.24.0-255,5379,31056,10,163124
22201,0.000129,172.31.36.0-255,66,31122,10,163124
22202,0.000159,74.125.24.0-255,1484,32606,10,163124
22203,0.000161,172.31.36.0-255,66,32672,10,163124
22204,0.000166,74.125.24.0-255,2902,35574,10,163124
22205,0.000168,172.31.36.0-255,66,35640,10,163124
22206,0.000172,74.125.24.0-255,1484,37124,10,163124
22207,0.000173,172.31.36.0-255,66,37190,10,163124
22208,0.000204,74.125.24.0-255,4320,41510,10,163124
22209,0.000207,172.31.36.0-255,66,41576,10,163124
22210,0.000213,74.125.24.0-255,4320,45896,10,163124
22211,0.000216,172.31.36.0-255,66,45962,10,163124
22212,0.000223,74.125.24.0-255,7156,53118,10,163124
22213,0.000225,172.31.36.0-255,66,53184,10,163124
22214,0.000252,74.125.24.0-255,4320,57504,10,163124
22215,0.000255,172.31.36.0-255,66,57570,10,163124
22216,0.000265,172.31.36.0-255,66,57636,10,163124
22217,0.000294,74.125.24.0-255,110,57746,10,163124
22218,0.000373,74.125.24.0-255,330,58076,10,163124
22219,0.000672,74.125.24.0-255,1484,59560,10,163124
22220,0.000679,74.125.24.0-255,2902,62462,10,163124
22221,0.000693,172.31.36.0-255,66,62528,10,163124
22222,0.00071,74.125.24.0-255,5738,68266,10,163124
22223,0.000716,172.31.36.0-255,66,68332,10,163124
22224,0.000732,74.125.24.0-255,7156,75488,10,163124
22225,0.000748,74.125.24.0-255,5738,81226,10,163124
22226,0.000751,74.125.24.0-255,1484,82710,10,163124
22227,0.000762,172.31.36.0-255,66,82776,10,163124
22228,0.000802,172.31.36.0-255,66,82842,10,163124
22229,0.001008,74.125.24.0-255,1484,84326,10,163124
22230,0.001015,74.125.24.0-255,2902,87228,10,163124
22231,0.001025,172.31.36.0-255,66,87294,10,163124
22232,0.001037,74.125.24.0-255,5738,93032,10,163124
22233,0.001044,172.31.36.0-255,66,93098,10,163124
22234,0.001077,74.125.24.0-255,4320,97418,10,163124
22235,0.001084,74.125.24.0-255,7156,104574,10,163124
22236,0.0011,172.31.36.0-255,66,104640,10,163124
22237,0.00111,74.125.24.0-255,3602,108242,10,163124
22238,0.001114,172.31.36.0-255,66,108308,10,163124
22239,0.001595,74.125.24.0-255,1484,109792,10,163124
22240,0.0016,74.125.24.0-255,1484,111276,10,163124
22241,0.001603,172.31.36.0-255,66,111342,10,163124
22242,0.001627,74.125.24.0-255,1484,112826,10,163124
22243,0.001635,74.125.24.0-255,5738,118564,10,163124
22244,0.001657,74.125.24.0-255,4320,122884,10,163124
22245,0.001661,172.31.36.0-255,66,122950,10,163124
22246,0.001697,74.125.24.0-255,766,123716,10,163124
22247,0.0017,172.31.36.0-255,66,123782,10,163124
22248,0.00212,172.31.36.0-255,66,123848,10,163124
22249,0.003957,74.125.24.0-255,4320,128168,10,163124
22250,0.003964,172.31.36.0-255,66,128234,10,163124
22251,0.004411,74.125.24.0-255,1484,129718,10,163124
22252,0.006255,74.125.24.0-255,4320,134038,10,163124
22253,0.006258,172.31.36.0-255,66,134104,10,163124
22254,0.008524,74.125.24.0-255,5738,139842,10,163124
22255,0.008531,172.31.36.0-255,66,139908,10,163124
22256,0.010841,74.125.24.0-255,5738,145646,10,163124
22257,0.010849,172.31.36.0-255,66,145712,10,163124
22258,0.013118,74.125.24.0-255,5738,151450,10,163124
22259,0.013125,172.31.36.0-255,66,151516,10,163124
22260,0.015472,74.125.24.0-255,5738,157254,10,163124
22261,0.015485,172.31.36.0-255,66,157320,10,163124
22262,0.017789,74.125.24.0-255,5738,163058,10,163124
22263,0.017798,172.31.36.0-255,66,163124,10,163124
22264,0.0,74.125.24.0-255,145,145,10,154087
22265,3.2e-05,172.31.36.0-255,66,211,10,154087
22266,3.8e-05,74.125.24.0-255,1484,1695,10,154087
22267,4.3e-05,172.31.36.0-255,66,1761,10,154087
22268,4.8e-05,74.125.24.0-255,2902,4663,10,154087
22269,5e-05,172.31.36.0-255,66,4729,10,154087
22270,5.7e-05,74.125.24.0-255,7156,11885,10,154087
22271,6e-05,172.31.36.0-255,66,11951,10,154087
22272,6.3e-05,74.125.24.0-255,2067,14018,10,154087
22273,6.6e-05,172.31.36.0-255,66,14084,10,154087
22274,0.000111,74.125.24.0-255,1484,15568,10,154087
22275,0.000114,172.31.36.0-255,66,15634,10,154087
22276,0.00013,74.125.24.0-255,2902,18536,10,154087
22277,0.000133,172.31.36.0-255,66,18602,10,154087
22278,0.000139,74.125.24.0-255,5738,24340,10,154087
22279,0.000142,172.31.36.0-255,66,24406,10,154087
22280,0.000173,74.125.24.0-255,6797,31203,10,154087
22281,0.000176,172.31.36.0-255,66,31269,10,154087
22282,0.000208,74.125.24.0-255,2902,34171,10,154087
22283,0.000211,172.31.36.0-255,66,34237,10,154087
22284,0.000236,172.31.36.0-255,66,34303,10,154087
22285,0.000259,74.125.24.0-255,2543,36846,10,154087
22286,0.000261,172.31.36.0-255,66,36912,10,154087
22287,0.000284,74.125.24.0-255,2902,39814,10,154087
22288,0.000287,172.31.36.0-255,66,39880,10,154087
22289,0.0003,74.125.24.0-255,4320,44200,10,154087
22290,0.000303,172.31.36.0-255,66,44266,10,154087
22291,0.000321,74.125.24.0-255,2902,47168,10,154087
22292,0.000324,172.31.36.0-255,66,47234,10,154087
22293,0.000329,74.125.24.0-255,4320,51554,10,154087
22294,0.000332,172.31.36.0-255,66,51620,10,154087
22295,0.000371,74.125.24.0-255,2543,54163,10,154087
22296,0.000374,172.31.36.0-255,66,54229,10,154087
22297,0.00055,74.125.24.0-255,415,54644,10,154087
22298,0.000585,74.125.24.0-255,331,54975,10,154087
22299,0.000793,172.31.36.0-255,66,55041,10,154087
22300,0.000963,74.125.24.0-255,1484,56525,10,154087
22301,0.000973,74.125.24.0-255,2902,59427,10,154087
22302,0.000977,172.31.36.0-255,66,59493,10,154087
22303,0.000985,74.125.24.0-255,5738,65231,10,154087
22304,0.000987,172.31.36.0-255,66,65297,10,154087
22305,0.001025,172.31.36.0-255,66,65363,10,154087
22306,0.001032,74.125.24.0-255,4320,69683,10,154087
22307,0.001035,172.31.36.0-255,66,69749,10,154087
22308,0.001054,74.125.24.0-255,6438,76187,10,154087
22309,0.001057,172.31.36.0-255,66,76253,10,154087
22310,0.001382,74.125.24.0-255,1484,77737,10,154087
22311,0.001427,74.125.24.0-255,2902,80639,10,154087
22312,0.001432,172.31.36.0-255,66,80705,10,154087
22313,0.001441,74.125.24.0-255,5738,86443,10,154087
22314,0.001444,172.31.36.0-255,66,86509,10,154087
22315,0.001457,172.31.36.0-255,66,86575,10,154087
22316,0.001475,74.125.24.0-255,4320,90895,10,154087
22317,0.001477,172.31.36.0-255,66,90961,10,154087
22318,0.001501,74.125.24.0-255,4320,95281,10,154087
22319,0.001503,172.31.36.0-255,66,95347,10,154087
22320,0.001522,74.125.24.0-255,6438,101785,10,154087
22321,0.001525,172.31.36.0-255,66,101851,10,154087
22322,0.003543,74.125.24.0-255,5738,107589,10,154087
22323,0.00355,172.31.36.0-255,66,107655,10,154087
22324,0.005625,74.125.24.0-255,5738,113393,10,154087
22325,0.005632,172.31.36.0-255,66,113459,10,154087
22326,0.00768,74.125.24.0-255,5738,119197,10,154087
22327,0.007687,172.31.36.0-255,66,119263,10,154087
22328,0.00971,74.125.24.0-255,5738,125001,10,154087
22329,0.009718,172.31.36.0-255,66,125067,10,154087
22330,0.011763,74.125.24.0-255,5738,130805,10,154087
22331,0.011771,172.31.36.0-255,66,130871,10,154087
22332,0.013816,74.125.24.0-255,5738,136609,10,154087
22333,0.013828,172.31.36.0-255,66,136675,10,154087
22334,0.01587,74.125.24.0-255,5738,142413,10,154087
22335,0.015878,172.31.36.0-255,66,142479,10,154087
22336,0.017934,74.125.24.0-255,5738,148217,10,154087
22337,0.017941,172.31.36.0-255,66,148283,10,154087
22338,0.019978,74.125.24.0-255,5738,154021,10,154087
22339,0.019985,172.31.36.0-255,66,154087,10,154087
22340,0.0,172.253.118.0-255,146,146,10,189843
22341,3.4e-05,172.31.36.0-255,66,212,10,189843
22342,4e-05,172.253.118.0-255,1484,1696,10,189843
22343,4.5e-05,172.31.36.0-255,66,1762,10,189843
22344,4.9e-05,172.253.118.0-255,2902,4664,10,189843
22345,5.2e-05,172.31.36.0-255,66,4730,10,189843
22346,8.5e-05,172.253.118.0-255,7156,11886,10,189843
22347,8.8e-05,172.253.118.0-255,2103,13989,10,189843
22348,9e-05,172.31.36.0-255,66,14055,10,189843
22349,9.4e-05,172.31.36.0-255,66,14121,10,189843
22350,0.000322,172.253.118.0-255,1484,15605,10,189843
22351,0.000329,172.31.36.0-255,66,15671,10,189843
22352,0.000335,172.253.118.0-255,2902,18573,10,189843
22353,0.000339,172.31.36.0-255,66,18639,10,189843
22354,0.000359,172.253.118.0-255,5738,24377,10,189843
22355,0.000362,172.31.36.0-255,66,24443,10,189843
22356,0.000387,172.253.118.0-255,4320,28763,10,189843
22357,0.000392,172.31.36.0-255,66,28829,10,189843
22358,0.000408,172.253.118.0-255,2543,31372,10,189843
22359,0.000411,172.31.36.0-255,66,31438,10,189843
22360,0.00042,172.253.118.0-255,7156,38594,10,189843
22361,0.000422,172.31.36.0-255,66,38660,10,189843
22362,0.000455,172.253.118.0-255,7156,45816,10,189843
22363,0.000458,172.31.36.0-255,66,45882,10,189843
22364,0.000461,172.253.118.0-255,1484,47366,10,189843
22365,0.000463,172.31.36.0-255,66,47432,10,189843
22366,0.000485,172.253.118.0-255,7156,54588,10,189843
22367,0.000491,172.253.118.0-255,5738,60326,10,189843
22368,0.000492,172.31.36.0-255,66,60392,10,189843
22369,0.000495,172.31.36.0-255,66,60458,10,189843
22370,0.000561,172.253.118.0-255,5020,65478,10,189843
22371,0.000565,172.31.36.0-255,66,65544,10,189843
22372,0.000568,172.253.118.0-255,396,65940,10,189843
22373,0.000702,172.253.118.0-255,1484,67424,10,189843
22374,0.000706,172.253.118.0-255,1484,68908,10,189843
22375,0.000707,172.31.36.0-255,66,68974,10,189843
22376,0.000719,172.253.118.0-255,1484,70458,10,189843
22377,0.000721,172.31.36.0-255,66,70524,10,189843
22378,0.000727,172.253.118.0-255,5738,76262,10,189843
22379,0.000729,172.31.36.0-255,66,76328,10,189843
22380,0.000755,172.253.118.0-255,5738,82066,10,189843
22381,0.000759,172.31.36.0-255,66,82132,10,189843
22382,0.000816,172.31.36.0-255,66,82198,10,189843
22383,0.000821,172.253.118.0-255,5020,87218,10,189843
22384,0.000824,172.31.36.0-255,66,87284,10,189843
22385,0.000884,172.253.118.0-255,347,87631,10,189843
22386,0.000923,172.253.118.0-255,1484,89115,10,189843
22387,0.000927,172.31.36.0-255,66,89181,10,189843
22388,0.00093,172.253.118.0-255,1484,90665,10,189843
22389,0.000952,172.253.118.0-255,2902,93567,10,189843
22390,0.000954,172.31.36.0-255,66,93633,10,189843
22391,0.00096,172.253.118.0-255,5738,99371,10,189843
22392,0.000963,172.31.36.0-255,66,99437,10,189843
22393,0.000976,172.253.118.0-255,1484,100921,10,189843
22394,0.001002,172.253.118.0-255,4320,105241,10,189843
22395,0.001004,172.31.36.0-255,66,105307,10,189843
22396,0.001032,172.31.36.0-255,66,105373,10,189843
22397,0.001054,172.253.118.0-255,6438,111811,10,189843
22398,0.001056,172.31.36.0-255,66,111877,10,189843
22399,0.001913,172.253.118.0-255,1484,113361,10,189843
22400,0.001933,172.253.118.0-255,2902,116263,10,189843
22401,0.001937,172.31.36.0-255,66,116329,10,189843
22402,0.001945,172.253.118.0-255,5738,122067,10,189843
22403,0.001948,172.31.36.0-255,66,122133,10,189843
22404,0.001951,172.253.118.0-255,1484,123617,10,189843
22405,0.001973,172.253.118.0-255,5738,129355,10,189843
22406,0.001975,172.31.36.0-255,66,129421,10,189843
22407,0.001994,172.253.118.0-255,2902,132323,10,189843
22408,0.001996,172.31.36.0-255,66,132389,10,189843
22409,0.002015,172.253.118.0-255,5738,138127,10,189843
22410,0.002018,172.31.36.0-255,66,138193,10,189843
22411,0.002048,172.253.118.0-255,7156,145349,10,189843
22412,0.00205,172.31.36.0-255,66,145415,10,189843
22413,0.002053,172.253.118.0-255,766,146181,10,189843
22414,0.004086,172.253.118.0-255,4320,150501,10,189843
22415,0.00409,172.31.36.0-255,66,150567,10,189843
22416,0.006117,172.253.118.0-255,4320,154887,10,189843
22417,0.00612,172.31.36.0-255,66,154953,10,189843
22418,0.006135,172.253.118.0-255,1484,156437,10,189843
22419,0.008145,172.253.118.0-255,4320,160757,10,189843
22420,0.008151,172.31.36.0-255,66,160823,10,189843
22421,0.010194,172.253.118.0-255,5738,166561,10,189843
22422,0.010203,172.31.36.0-255,66,166627,10,189843
22423,0.012235,172.253.118.0-255,5738,172365,10,189843
22424,0.012246,172.31.36.0-255,66,172431,10,189843
22425,0.014289,172.253.118.0-255,5738,178169,10,189843
22426,0.014299,172.31.36.0-255,66,178235,10,189843
22427,0.016336,172.253.118.0-255,5738,183973,10,189843
22428,0.016342,172.31.36.0-255,66,184039,10,189843
22429,0.018357,172.253.118.0-255,5738,189777,10,189843
22430,0.018363,172.31.36.0-255,66,189843,10,189843
22431,0.0,74.125.24.0-255,152,152,10,228142
22432,3.2e-05,172.31.36.0-255,66,218,10,228142
22433,3.9e-05,74.125.24.0-255,1484,1702,10,228142
22434,4.4e-05,172.31.36.0-255,66,1768,10,228142
22435,4.8e-05,74.125.24.0-255,2902,4670,10,228142
22436,5.1e-05,172.31.36.0-255,66,4736,10,228142
22437,5.8e-05,74.125.24.0-255,7156,11892,10,228142
22438,6.1e-05,172.31.36.0-255,66,11958,10,228142
22439,8.7e-05,74.125.24.0-255,2037,13995,10,228142
22440,9.1e-05,172.31.36.0-255,66,14061,10,228142
22441,0.000407,74.125.24.0-255,1484,15545,10,228142
22442,0.000412,172.31.36.0-255,66,15611,10,228142
22443,0.000417,74.125.24.0-255,2902,18513,10,228142
22444,0.00042,172.31.36.0-255,66,18579,10,228142
22445,0.000423,74.125.24.0-255,1484,20063,10,228142
22446,0.000425,172.31.36.0-255,66,20129,10,228142
22447,0.000449,74.125.24.0-255,4320,24449,10,228142
22448,0.000452,172.31.36.0-255,66,24515,10,228142
22449,0.000458,74.125.24.0-255,4320,28835,10,228142
22450,0.00046,172.31.36.0-255,66,28901,10,228142
22451,0.000481,74.125.24.0-255,2543,31444,10,228142
22452,0.000484,172.31.36.0-255,66,31510,10,228142
22453,0.000761,74.125.24.0-255,1484,32994,10,228142
22454,0.000767,172.31.36.0-255,66,33060,10,228142
22455,0.000776,74.125.24.0-255,2902,35962,10,228142
22456,0.000778,172.31.36.0-255,66,36028,10,228142
22457,0.000785,74.125.24.0-255,5738,41766,10,228142
22458,0.000788,172.31.36.0-255,66,41832,10,228142
22459,0.000812,74.125.24.0-255,1484,43316,10,228142
22460,0.000815,172.31.36.0-255,66,43382,10,228142
22461,0.00085,172.31.36.0-255,66,43448,10,228142
22462,0.000869,74.125.24.0-255,4320,47768,10,228142
22463,0.000872,172.31.36.0-255,66,47834,10,228142
22464,0.000898,74.125.24.0-255,5379,53213,10,228142
22465,0.000901,172.31.36.0-255,66,53279,10,228142
22466,0.000904,74.125.24.0-255,645,53924,10,228142
22467,0.001101,74.125.24.0-255,1484,55408,10,228142
22468,0.001107,172.31.36.0-255,66,55474,10,228142
22469,0.001113,74.125.24.0-255,2902,58376,10,228142
22470,0.001116,172.31.36.0-255,66,58442,10,228142
22471,0.001121,74.125.24.0-255,2902,61344,10,228142
22472,0.001123,172.31.36.0-255,66,61410,10,228142
22473,0.001147,74.125.24.0-255,2902,64312,10,228142
22474,0.001149,172.31.36.0-255,66,64378,10,228142
22475,0.001163,172.31.36.0-255,66,64444,10,228142
22476,0.001178,74.125.24.0-255,1484,65928,10,228142
22477,0.00119,172.31.36.0-255,66,65994,10,228142
22478,0.001278,74.125.24.0-255,1484,67478,10,228142
22479,0.001282,74.125.24.0-255,2902,70380,10,228142
22480,0.001285,172.31.36.0-255,66,70446,10,228142
22481,0.001288,74.125.24.0-255,1484,71930,10,228142
22482,0.001303,74.125.24.0-255,4320,76250,10,228142
22483,0.001306,172.31.36.0-255,66,76316,10,228142
22484,0.001318,74.125.24.0-255,2902,79218,10,228142
22485,0.001321,172.31.36.0-255,66,79284,10,228142
22486,0.001352,172.31.36.0-255,66,79350,10,228142
22487,0.001381,74.125.24.0-255,4320,83670,10,228142
22488,0.001383,172.31.36.0-255,66,83736,10,228142
22489,0.001404,74.125.24.0-255,6438,90174,10,228142
22490,0.001407,172.31.36.0-255,66,90240,10,228142
22491,0.001459,74.125.24.0-255,5738,95978,10,228142
22492,0.001461,172.31.36.0-255,66,96044,10,228142
22493,0.001467,74.125.24.0-255,5738,101782,10,228142
22494,0.001469,172.31.36.0-255,66,101848,10,228142
22495,0.001492,74.125.24.0-255,1484,103332,10,228142
22496,0.001506,172.31.36.0-255,66,103398,10,228142
22497,0.001509,74.125.24.0-255,1484,104882,10,228142
22498,0.001544,74.125.24.0-255,1484,106366,10,228142
22499,0.001546,172.31.36.0-255,66,106432,10,228142
22500,0.001566,74.125.24.0-255,3602,110034,10,228142
22501,0.001568,172.31.36.0-255,66,110100,10,228142
22502,0.001602,74.125.24.0-255,1484,111584,10,228142
22503,0.001613,74.125.24.0-255,2902,114486,10,228142
22504,0.001615,172.31.36.0-255,66,114552,10,228142
22505,0.001635,74.125.24.0-255,4320,118872,10,228142
22506,0.001638,172.31.36.0-255,66,118938,10,228142
22507,0.00165,74.125.24.0-255,1484,120422,10,228142
22508,0.001653,74.125.24.0-255,1484,121906,10,228142
22509,0.001655,172.31.36.0-255,66,121972,10,228142
22510,0.001666,172.31.36.0-255,66,122038,10,228142
22511,0.001688,74.125.24.0-255,1484,123522,10,228142
22512,0.001708,74.125.24.0-255,7156,130678,10,228142
22513,0.00171,172.31.36.0-255,66,130744,10,228142
22514,0.001746,74.125.24.0-255,5020,135764,10,228142
22515,0.001748,172.31.36.0-255,66,135830,10,228142
22516,0.001869,74.125.24.0-255,1484,137314,10,228142
22517,0.001887,74.125.24.0-255,2902,140216,10,228142
22518,0.001889,172.31.36.0-255,66,140282,10,228142
22519,0.001893,74.125.24.0-255,2902,143184,10,228142
22520,0.001896,172.31.36.0-255,66,143250,10,228142
22521,0.001909,74.125.24.0-255,2902,146152,10,228142
22522,0.001911,172.31.36.0-255,66,146218,10,228142
22523,0.001932,74.125.24.0-255,7156,153374,10,228142
22524,0.001934,172.31.36.0-255,66,153440,10,228142
22525,0.001953,74.125.24.0-255,5738,159178,10,228142
22526,0.001955,172.31.36.0-255,66,159244,10,228142
22527,0.002014,172.31.36.0-255,66,159310,10,228142
22528,0.002029,74.125.24.0-255,766,160076,10,228142
22529,0.002332,74.125.24.0-255,1484,161560,10,228142
22530,0.002334,172.31.36.0-255,66,161626,10,228142
22531,0.002347,74.125.24.0-255,2902,164528,10,228142
22532,0.00235,172.31.36.0-255,66,164594,10,228142
22533,0.002355,74.125.24.0-255,4320,168914,10,228142
22534,0.002358,172.31.36.0-255,66,168980,10,228142
22535,0.00237,74.125.24.0-255,1484,170464,10,228142
22536,0.002405,172.31.36.0-255,66,170530,10,228142
22537,0.002428,74.125.24.0-255,4320,174850,10,228142
22538,0.00243,172.31.36.0-255,66,174916,10,228142
22539,0.002442,172.31.36.0-255,66,174982,10,228142
22540,0.002508,74.125.24.0-255,1484,176466,10,228142
22541,0.002519,74.125.24.0-255,2902,179368,10,228142
22542,0.002522,172.31.36.0-255,66,179434,10,228142
22543,0.002524,74.125.24.0-255,1484,180918,10,228142
22544,0.002542,74.125.24.0-255,4320,185238,10,228142
22545,0.002544,172.31.36.0-255,66,185304,10,228142
22546,0.002547,74.125.24.0-255,1484,186788,10,228142
22547,0.002567,74.125.24.0-255,5738,192526,10,228142
22548,0.002569,172.31.36.0-255,66,192592,10,228142
22549,0.002572,74.125.24.0-255,1484,194076,10,228142
22550,0.005123,74.125.24.0-255,4320,198396,10,228142
22551,0.005129,172.31.36.0-255,66,198462,10,228142
22552,0.007665,74.125.24.0-255,2902,201364,10,228142
22553,0.00767,172.31.36.0-255,66,201430,10,228142
22554,0.007702,74.125.24.0-255,2902,204332,10,228142
22555,0.007705,172.31.36.0-255,66,204398,10,228142
22556,0.010208,74.125.24.0-255,2902,207300,10,228142
22557,0.01022,172.31.36.0-255,66,207366,10,228142
22558,0.010244,74.125.24.0-255,2902,210268,10,228142
22559,0.010247,172.31.36.0-255,66,210334,10,228142
22560,0.01277,74.125.24.0-255,2902,213236,10,228142
22561,0.012779,172.31.36.0-255,66,213302,10,228142
22562,0.012812,74.125.24.0-255,2902,216204,10,228142
22563,0.012816,172.31.36.0-255,66,216270,10,228142
22564,0.015313,74.125.24.0-255,2902,219172,10,228142
22565,0.01532,172.31.36.0-255,66,219238,10,228142
22566,0.015354,74.125.24.0-255,2902,222140,10,228142
22567,0.015357,172.31.36.0-255,66,222206,10,228142
22568,0.017912,74.125.24.0-255,2902,225108,10,228142
22569,0.017922,172.31.36.0-255,66,225174,10,228142
22570,0.017959,74.125.24.0-255,2902,228076,10,228142
22571,0.017963,172.31.36.0-255,66,228142,10,228142
22572,0.0,74.125.24.0-255,146,146,10,131283
22573,2.5e-05,172.31.36.0-255,66,212,10,131283
22574,3.2e-05,74.125.24.0-255,1484,1696,10,131283
22575,3.6e-05,172.31.36.0-255,66,1762,10,131283
22576,4e-05,74.125.24.0-255,2902,4664,10,131283
22577,4.3e-05,172.31.36.0-255,66,4730,10,131283
22578,7e-05,74.125.24.0-255,7156,11886,10,131283
22579,7.3e-05,172.31.36.0-255,66,11952,10,131283
22580,0.0001,172.31.36.0-255,66,12018,10,131283
22581,0.00014,172.31.36.0-255,66,12084,10,131283
22582,0.000168,74.125.24.0-255,2902,14986,10,131283
22583,0.000171,172.31.36.0-255,66,15052,10,131283
22584,0.000193,172.31.36.0-255,66,15118,10,131283
22585,0.000225,74.125.24.0-255,1484,16602,10,131283
22586,0.000228,172.31.36.0-255,66,16668,10,131283
22587,0.00025,74.125.24.0-255,2902,19570,10,131283
22588,0.000252,172.31.36.0-255,66,19636,10,131283
22589,0.000258,74.125.24.0-255,5738,25374,10,131283
22590,0.000261,172.31.36.0-255,66,25440,10,131283
22591,0.000282,74.125.24.0-255,5738,31178,10,131283
22592,0.000285,172.31.36.0-255,66,31244,10,131283
22593,0.000307,74.125.24.0-255,1464,32708,10,131283
22594,0.000311,172.31.36.0-255,66,32774,10,131283
22595,0.000448,74.125.24.0-255,1484,34258,10,131283
22596,0.000453,74.125.24.0-255,2902,37160,10,131283
22597,0.000453,172.31.36.0-255,66,37226,10,131283
22598,0.000457,172.31.36.0-255,66,37292,10,131283
22599,0.000478,74.125.24.0-255,5738,43030,10,131283
22600,0.000481,172.31.36.0-255,66,43096,10,131283
22601,0.000489,74.125.24.0-255,7156,50252,10,131283
22602,0.000501,172.31.36.0-255,66,50318,10,131283
22603,0.000507,74.125.24.0-255,2902,53220,10,131283
22604,0.000518,172.31.36.0-255,66,53286,10,131283
22605,0.000533,74.125.24.0-255,2184,55470,10,131283
22606,0.000536,172.31.36.0-255,66,55536,10,131283
22607,0.000566,172.31.36.0-255,66,55602,10,131283
22608,0.000795,74.125.24.0-255,1484,57086,10,131283
22609,0.0008,74.125.24.0-255,2902,59988,10,131283
22610,0.000803,172.31.36.0-255,66,60054,10,131283
22611,0.000807,74.125.24.0-255,1484,61538,10,131283
22612,0.000826,74.125.24.0-255,4320,65858,10,131283
22613,0.000832,74.125.24.0-255,5738,71596,10,131283
22614,0.000832,172.31.36.0-255,66,71662,10,131283
22615,0.000837,172.31.36.0-255,66,71728,10,131283
22616,0.000843,74.125.24.0-255,1484,73212,10,131283
22617,0.000869,172.31.36.0-255,66,73278,10,131283
22618,0.000877,74.125.24.0-255,4320,77598,10,131283
22619,0.000884,172.31.36.0-255,66,77664,10,131283
22620,0.000907,74.125.24.0-255,5738,83402,10,131283
22621,0.000912,172.31.36.0-255,66,83468,10,131283
22622,0.000949,172.31.36.0-255,66,83534,10,131283
22623,0.000953,172.31.36.0-255,66,83600,10,131283
22624,0.000979,74.125.24.0-255,2902,86502,10,131283
22625,0.000987,172.31.36.0-255,66,86568,10,131283
22626,0.001002,172.31.36.0-255,66,86634,10,131283
22627,0.001041,74.125.24.0-255,4320,90954,10,131283
22628,0.001046,172.31.36.0-255,66,91020,10,131283
22629,0.001068,172.31.36.0-255,66,91086,10,131283
22630,0.001085,172.31.36.0-255,66,91152,10,131283
22631,0.001107,172.31.36.0-255,66,91218,10,131283
22632,0.001109,172.31.36.0-255,66,91284,10,131283
22633,0.001128,74.125.24.0-255,2902,94186,10,131283
22634,0.001137,172.31.36.0-255,66,94252,10,131283
22635,0.001189,172.31.36.0-255,66,94318,10,131283
22636,0.001195,172.31.36.0-255,66,94384,10,131283
22637,0.001232,172.31.36.0-255,66,94450,10,131283
22638,0.001267,74.125.24.0-255,5020,99470,10,131283
22639,0.001273,172.31.36.0-255,66,99536,10,131283
22640,0.001288,74.125.24.0-255,3602,103138,10,131283
22641,0.00129,172.31.36.0-255,66,103204,10,131283
22642,0.001294,172.31.36.0-255,66,103270,10,131283
22643,0.001304,74.125.24.0-255,5738,109008,10,131283
22644,0.001315,172.31.36.0-255,66,109074,10,131283
22645,0.001343,172.31.36.0-255,66,109140,10,131283
22646,0.001356,172.31.36.0-255,66,109206,10,131283
22647,0.001367,74.125.24.0-255,1484,110690,10,131283
22648,0.001403,172.31.36.0-255,66,110756,10,131283
22649,0.001419,74.125.24.0-255,6438,117194,10,131283
22650,0.001425,172.31.36.0-255,66,117260,10,131283
22651,0.001439,172.31.36.0-255,66,117326,10,131283
22652,0.001467,74.125.24.0-255,1484,118810,10,131283
22653,0.001513,172.31.36.0-255,66,118876,10,131283
22654,0.001518,172.31.36.0-255,66,118942,10,131283
22655,0.001531,74.125.24.0-255,7156,126098,10,131283
22656,0.001541,172.31.36.0-255,66,126164,10,131283
22657,0.001556,74.125.24.0-255,4711,130875,10,131283
22658,0.001561,172.31.36.0-255,66,130941,10,131283
22659,0.001572,74.125.24.0-255,105,131046,10,131283
22660,0.007758,172.31.36.0-255,66,131112,10,131283
22661,0.007786,172.31.36.0-255,105,131217,10,131283
22662,0.009743,74.125.24.0-255,66,131283,10,131283
22663,0.0,74.125.68.0-255,151,151,10,134663
22664,2.7e-05,172.31.36.0-255,66,217,10,134663
22665,3.4e-05,74.125.68.0-255,1484,1701,10,134663
22666,3.9e-05,172.31.36.0-255,66,1767,10,134663
22667,4.4e-05,74.125.68.0-255,2902,4669,10,134663
22668,4.6e-05,172.31.36.0-255,66,4735,10,134663
22669,6.1e-05,74.125.68.0-255,2902,7637,10,134663
22670,6.3e-05,172.31.36.0-255,66,7703,10,134663
22671,7.6e-05,74.125.68.0-255,2902,10605,10,134663
22672,7.9e-05,172.31.36.0-255,66,10671,10,134663
22673,8.2e-05,74.125.68.0-255,1484,12155,10,134663
22674,8.6e-05,172.31.36.0-255,66,12221,10,134663
22675,0.00011,74.125.68.0-255,4816,17037,10,134663
22676,0.000112,172.31.36.0-255,66,17103,10,134663
22677,0.000119,74.125.68.0-255,7156,24259,10,134663
22678,0.000121,172.31.36.0-255,66,24325,10,134663
22679,0.000144,74.125.68.0-255,1484,25809,10,134663
22680,0.000146,172.31.36.0-255,66,25875,10,134663
22681,0.000165,74.125.68.0-255,5379,31254,10,134663
22682,0.000168,172.31.36.0-255,66,31320,10,134663
22683,0.00025,74.125.68.0-255,1484,32804,10,134663
22684,0.000253,172.31.36.0-255,66,32870,10,134663
22685,0.000264,74.125.68.0-255,1484,34354,10,134663
22686,0.000266,172.31.36.0-255,66,34420,10,134663
22687,0.000271,74.125.68.0-255,2902,37322,10,134663
22688,0.000274,172.31.36.0-255,66,37388,10,134663
22689,0.000306,74.125.68.0-255,5738,43126,10,134663
22690,0.00031,172.31.36.0-255,66,43192,10,134663
22691,0.000313,74.125.68.0-255,1484,44676,10,134663
22692,0.000315,172.31.36.0-255,66,44742,10,134663
22693,0.000345,74.125.68.0-255,1484,46226,10,134663
22694,0.000349,172.31.36.0-255,66,46292,10,134663
22695,0.000354,74.125.68.0-255,3961,50253,10,134663
22696,0.000357,172.31.36.0-255,66,50319,10,134663
22697,0.000362,74.125.68.0-255,2902,53221,10,134663
22698,0.000364,172.31.36.0-255,66,53287,10,134663
22699,0.000379,74.125.68.0-255,4320,57607,10,134663
22700,0.000382,172.31.36.0-255,66,57673,10,134663
22701,0.000412,172.31.36.0-255,66,57739,10,134663
22702,0.000546,74.125.68.0-255,111,57850,10,134663
22703,0.000551,74.125.68.0-255,331,58181,10,134663
22704,0.000849,172.31.36.0-255,66,58247,10,134663
22705,0.001296,74.125.68.0-255,1484,59731,10,134663
22706,0.001306,74.125.68.0-255,2902,62633,10,134663
22707,0.001311,172.31.36.0-255,66,62699,10,134663
22708,0.001318,74.125.68.0-255,4320,67019,10,134663
22709,0.001321,172.31.36.0-255,66,67085,10,134663
22710,0.001345,74.125.68.0-255,1484,68569,10,134663
22711,0.001352,74.125.68.0-255,7156,75725,10,134663
22712,0.001355,172.31.36.0-255,66,75791,10,134663
22713,0.001375,74.125.68.0-255,1484,77275,10,134663
22714,0.001386,172.31.36.0-255,66,77341,10,134663
22715,0.001432,74.125.68.0-255,5020,82361,10,134663
22716,0.001436,172.31.36.0-255,66,82427,10,134663
22717,0.003432,74.125.68.0-255,5738,88165,10,134663
22718,0.003438,172.31.36.0-255,66,88231,10,134663
22719,0.005433,74.125.68.0-255,5738,93969,10,134663
22720,0.005439,172.31.36.0-255,66,94035,10,134663
22721,0.007431,74.125.68.0-255,5738,99773,10,134663
22722,0.007437,172.31.36.0-255,66,99839,10,134663
22723,0.009439,74.125.68.0-255,5738,105577,10,134663
22724,0.009447,172.31.36.0-255,66,105643,10,134663
22725,0.011465,74.125.68.0-255,5738,111381,10,134663
22726,0.011472,172.31.36.0-255,66,111447,10,134663
22727,0.013487,74.125.68.0-255,5738,117185,10,134663
22728,0.013496,172.31.36.0-255,66,117251,10,134663
22729,0.015501,74.125.68.0-255,5738,122989,10,134663
22730,0.015508,172.31.36.0-255,66,123055,10,134663
22731,0.017518,74.125.68.0-255,5738,128793,10,134663
22732,0.017526,172.31.36.0-255,66,128859,10,134663
22733,0.019521,74.125.68.0-255,5738,134597,10,134663
22734,0.019528,172.31.36.0-255,66,134663,10,134663
22735,0.0,74.125.24.0-255,153,153,10,207181
22736,2.2e-05,172.31.36.0-255,66,219,10,207181
22737,2.9e-05,74.125.24.0-255,1484,1703,10,207181
22738,3.5e-05,172.31.36.0-255,66,1769,10,207181
22739,3.8e-05,74.125.24.0-255,1484,3253,10,207181
22740,4.1e-05,172.31.36.0-255,66,3319,10,207181
22741,4.9e-05,74.125.24.0-255,4320,7639,10,207181
22742,5.2e-05,172.31.36.0-255,66,7705,10,207181
22743,5.7e-05,74.125.24.0-255,2902,10607,10,207181
22744,5.9e-05,172.31.36.0-255,66,10673,10,207181
22745,8.1e-05,74.125.24.0-255,3517,14190,10,207181
22746,8.3e-05,172.31.36.0-255,66,14256,10,207181
22747,0.000103,74.125.24.0-255,2902,17158,10,207181
22748,0.000105,172.31.36.0-255,66,17224,10,207181
22749,0.000119,74.125.24.0-255,4320,21544,10,207181
22750,0.000122,172.31.36.0-255,66,21610,10,207181
22751,0.000125,74.125.24.0-255,1484,23094,10,207181
22752,0.000127,172.31.36.0-255,66,23160,10,207181
22753,0.000151,74.125.24.0-255,7156,30316,10,207181
22754,0.000154,172.31.36.0-255,66,30382,10,207181
22755,0.000157,74.125.24.0-255,1125,31507,10,207181
22756,0.000159,172.31.36.0-255,66,31573,10,207181
22757,0.000211,74.125.24.0-255,5738,37311,10,207181
22758,0.000215,172.31.36.0-255,66,37377,10,207181
22759,0.000229,74.125.24.0-255,5738,43115,10,207181
22760,0.000231,172.31.36.0-255,66,43181,10,207181
22761,0.000238,74.125.24.0-255,5379,48560,10,207181
22762,0.00024,172.31.36.0-255,66,48626,10,207181
22763,0.000298,74.125.24.0-255,1484,50110,10,207181
22764,0.000301,172.31.36.0-255,66,50176,10,207181
22765,0.000307,74.125.24.0-255,2902,53078,10,207181
22766,0.000309,172.31.36.0-255,66,53144,10,207181
22767,0.000333,74.125.24.0-255,5738,58882,10,207181
22768,0.000338,74.125.24.0-255,1484,60366,10,207181
22769,0.000356,74.125.24.0-255,5379,65745,10,207181
22770,0.000358,74.125.24.0-255,364,66109,10,207181
22771,0.000464,74.125.24.0-255,128,66237,10,207181
22772,0.00048,74.125.24.0-255,347,66584,10,207181
22773,0.000522,172.31.36.0-255,66,66650,10,207181
22774,0.000898,74.125.24.0-255,1484,68134,10,207181
22775,0.000905,74.125.24.0-255,2902,71036,10,207181
22776,0.000909,172.31.36.0-255,66,71102,10,207181
22777,0.000916,74.125.24.0-255,5738,76840,10,207181
22778,0.000945,172.31.36.0-255,66,76906,10,207181
22779,0.000968,172.31.36.0-255,66,76972,10,207181
22780,0.000987,74.125.24.0-255,7156,84128,10,207181
22781,0.000999,74.125.24.0-255,3602,87730,10,207181
22782,0.001009,172.31.36.0-255,66,87796,10,207181
22783,0.001179,74.125.24.0-255,1484,89280,10,207181
22784,0.001185,74.125.24.0-255,2902,92182,10,207181
22785,0.001188,172.31.36.0-255,66,92248,10,207181
22786,0.001192,74.125.24.0-255,1484,93732,10,207181
22787,0.00121,74.125.24.0-255,4320,98052,10,207181
22788,0.001217,172.31.36.0-255,66,98118,10,207181
22789,0.001261,172.31.36.0-255,66,98184,10,207181
22790,0.001281,74.125.24.0-255,2184,100368,10,207181
22791,0.001293,172.31.36.0-255,66,100434,10,207181
22792,0.001663,74.125.24.0-255,1484,101918,10,207181
22793,0.001669,74.125.24.0-255,2902,104820,10,207181
22794,0.001673,172.31.36.0-255,66,104886,10,207181
22795,0.0017,74.125.24.0-255,1484,106370,10,207181
22796,0.001705,74.125.24.0-255,2902,109272,10,207181
22797,0.001711,74.125.24.0-255,5738,115010,10,207181
22798,0.001722,74.125.24.0-255,2902,117912,10,207181
22799,0.001726,172.31.36.0-255,66,117978,10,207181
22800,0.001744,74.125.24.0-255,2902,120880,10,207181
22801,0.001761,74.125.24.0-255,1484,122364,10,207181
22802,0.001769,172.31.36.0-255,66,122430,10,207181
22803,0.001794,74.125.24.0-255,5020,127450,10,207181
22804,0.001801,74.125.24.0-255,5738,133188,10,207181
22805,0.001811,172.31.36.0-255,66,133254,10,207181
22806,0.00182,74.125.24.0-255,2902,136156,10,207181
22807,0.001825,172.31.36.0-255,66,136222,10,207181
22808,0.00187,74.125.24.0-255,766,136988,10,207181
22809,0.00188,172.31.36.0-255,66,137054,10,207181
22810,0.001926,74.125.24.0-255,1484,138538,10,207181
22811,0.00193,74.125.24.0-255,1484,140022,10,207181
22812,0.001935,172.31.36.0-255,66,140088,10,207181
22813,0.001955,74.125.24.0-255,1484,141572,10,207181
22814,0.001962,74.125.24.0-255,5738,147310,10,207181
22815,0.001976,74.125.24.0-255,1484,148794,10,207181
22816,0.001993,74.125.24.0-255,7156,155950,10,207181
22817,0.001997,172.31.36.0-255,66,156016,10,207181
22818,0.002003,172.31.36.0-255,66,156082,10,207181
22819,0.00202,74.125.24.0-255,4320,160402,10,207181
22820,0.002041,172.31.36.0-255,66,160468,10,207181
22821,0.002063,74.125.24.0-255,4320,164788,10,207181
22822,0.00212,172.31.36.0-255,66,164854,10,207181
22823,0.002155,74.125.24.0-255,2184,167038,10,207181
22824,0.002185,74.125.24.0-255,1484,168522,10,207181
22825,0.002203,74.125.24.0-255,1484,170006,10,207181
22826,0.002205,74.125.24.0-255,1484,171490,10,207181
22827,0.002212,74.125.24.0-255,5738,177228,10,207181
22828,0.00224,74.125.24.0-255,4320,181548,10,207181
22829,0.002292,74.125.24.0-255,2184,183732,10,207181
22830,0.008321,172.31.36.0-255,66,183798,10,207181
22831,0.008829,172.31.36.0-255,101,183899,10,207181
22832,0.010661,74.125.24.0-255,5738,189637,10,207181
22833,0.010668,172.31.36.0-255,66,189703,10,207181
22834,0.011073,74.125.24.0-255,66,189769,10,207181
22835,0.012987,74.125.24.0-255,5738,195507,10,207181
22836,0.014454,172.31.36.0-255,66,195573,10,207181
22837,0.016765,74.125.24.0-255,5738,201311,10,207181
22838,0.016782,172.31.36.0-255,66,201377,10,207181
22839,0.019115,74.125.24.0-255,5738,207115,10,207181
22840,0.019126,172.31.36.0-255,66,207181,10,207181
22841,0.0,74.125.68.0-255,297,297,10,172913
22842,2.3e-05,172.31.36.0-255,66,363,10,172913
22843,6e-05,74.125.68.0-255,1484,1847,10,172913
22844,6.5e-05,172.31.36.0-255,66,1913,10,172913
22845,7.2e-05,74.125.68.0-255,2902,4815,10,172913
22846,7.6e-05,172.31.36.0-255,66,4881,10,172913
22847,8.8e-05,74.125.68.0-255,5738,10619,10,172913
22848,9.2e-05,172.31.36.0-255,66,10685,10,172913
22849,0.000124,74.125.68.0-255,3249,13934,10,172913
22850,0.000127,172.31.36.0-255,66,14000,10,172913
22851,0.000133,74.125.68.0-255,4320,18320,10,172913
22852,0.000136,172.31.36.0-255,66,18386,10,172913
22853,0.000173,172.31.36.0-255,66,18452,10,172913
22854,0.000178,74.125.68.0-255,2543,20995,10,172913
22855,0.000181,172.31.36.0-255,66,21061,10,172913
22856,0.000303,74.125.68.0-255,1484,22545,10,172913
22857,0.000308,172.31.36.0-255,66,22611,10,172913
22858,0.000312,74.125.68.0-255,1484,24095,10,172913
22859,0.000314,172.31.36.0-255,66,24161,10,172913
22860,0.00032,74.125.68.0-255,2902,27063,10,172913
22861,0.000329,172.31.36.0-255,66,27129,10,172913
22862,0.000361,74.125.68.0-255,5738,32867,10,172913
22863,0.000365,172.31.36.0-255,66,32933,10,172913
22864,0.000371,74.125.68.0-255,4320,37253,10,172913
22865,0.000373,172.31.36.0-255,66,37319,10,172913
22866,0.000403,74.125.68.0-255,5379,42698,10,172913
22867,0.000406,172.31.36.0-255,66,42764,10,172913
22868,0.000409,74.125.68.0-255,1484,44248,10,172913
22869,0.000411,172.31.36.0-255,66,44314,10,172913
22870,0.000437,74.125.68.0-255,4320,48634,10,172913
22871,0.000445,172.31.36.0-255,66,48700,10,172913
22872,0.000476,74.125.68.0-255,5738,54438,10,172913
22873,0.000479,172.31.36.0-255,66,54504,10,172913
22874,0.000512,74.125.68.0-255,1431,55935,10,172913
22875,0.000539,74.125.68.0-255,115,56050,10,172913
22876,0.000621,74.125.68.0-255,1484,57534,10,172913
22877,0.000625,172.31.36.0-255,66,57600,10,172913
22878,0.000629,74.125.68.0-255,1484,59084,10,172913
22879,0.00065,74.125.68.0-255,1484,60568,10,172913
22880,0.000652,172.31.36.0-255,66,60634,10,172913
22881,0.000659,74.125.68.0-255,5738,66372,10,172913
22882,0.000662,172.31.36.0-255,66,66438,10,172913
22883,0.000665,74.125.68.0-255,1484,67922,10,172913
22884,0.000688,74.125.68.0-255,2902,70824,10,172913
22885,0.000691,172.31.36.0-255,66,70890,10,172913
22886,0.000702,74.125.68.0-255,5738,76628,10,172913
22887,0.000704,172.31.36.0-255,66,76694,10,172913
22888,0.000745,172.31.36.0-255,66,76760,10,172913
22889,0.000771,74.125.68.0-255,1484,78244,10,172913
22890,0.000787,74.125.68.0-255,3867,82111,10,172913
22891,0.000791,172.31.36.0-255,66,82177,10,172913
22892,0.000933,74.125.68.0-255,1484,83661,10,172913
22893,0.000948,74.125.68.0-255,2902,86563,10,172913
22894,0.000952,172.31.36.0-255,66,86629,10,172913
22895,0.000957,74.125.68.0-255,2902,89531,10,172913
22896,0.00096,172.31.36.0-255,66,89597,10,172913
22897,0.000994,74.125.68.0-255,2902,92499,10,172913
22898,0.000997,172.31.36.0-255,66,92565,10,172913
22899,0.001001,74.125.68.0-255,2902,95467,10,172913
22900,0.001004,172.31.36.0-255,66,95533,10,172913
22901,0.001014,74.125.68.0-255,4320,99853,10,172913
22902,0.001017,172.31.36.0-255,66,99919,10,172913
22903,0.00103,172.31.36.0-255,66,99985,10,172913
22904,0.001037,74.125.68.0-255,5738,105723,10,172913
22905,0.00104,172.31.36.0-255,66,105789,10,172913
22906,0.001079,74.125.68.0-255,2184,107973,10,172913
22907,0.001085,172.31.36.0-255,66,108039,10,172913
22908,0.002116,74.125.68.0-255,1484,109523,10,172913
22909,0.002126,74.125.68.0-255,2902,112425,10,172913
22910,0.002131,172.31.36.0-255,66,112491,10,172913
22911,0.002137,74.125.68.0-255,2902,115393,10,172913
22912,0.002139,172.31.36.0-255,66,115459,10,172913
22913,0.002151,74.125.68.0-255,4320,119779,10,172913
22914,0.002153,172.31.36.0-255,66,119845,10,172913
22915,0.002186,172.31.36.0-255,66,119911,10,172913
22916,0.002198,74.125.68.0-255,5738,125649,10,172913
22917,0.0022,172.31.36.0-255,66,125715,10,172913
22918,0.002226,74.125.68.0-255,7156,132871,10,172913
22919,0.002232,172.31.36.0-255,66,132937,10,172913
22920,0.002235,74.125.68.0-255,766,133703,10,172913
22921,0.004495,74.125.68.0-255,4320,138023,10,172913
22922,0.004503,172.31.36.0-255,66,138089,10,172913
22923,0.006788,74.125.68.0-255,5738,143827,10,172913
22924,0.006792,172.31.36.0-255,66,143893,10,172913
22925,0.009059,74.125.68.0-255,5738,149631,10,172913
22926,0.009067,172.31.36.0-255,66,149697,10,172913
22927,0.011343,74.125.68.0-255,5738,155435,10,172913
22928,0.011354,172.31.36.0-255,66,155501,10,172913
22929,0.013629,74.125.68.0-255,5738,161239,10,172913
22930,0.013645,172.31.36.0-255,66,161305,10,172913
22931,0.01591,74.125.68.0-255,5738,167043,10,172913
22932,0.015924,172.31.36.0-255,66,167109,10,172913
22933,0.018184,74.125.68.0-255,5738,172847,10,172913
22934,0.018192,172.31.36.0-255,66,172913,10,172913
22935,0.0,172.217.160.0-255,156,156,10,174584
22936,1.6e-05,172.31.36.0-255,66,222,10,174584
22937,2.3e-05,172.217.160.0-255,1484,1706,10,174584
22938,2.8e-05,172.31.36.0-255,66,1772,10,174584
22939,3.3e-05,172.217.160.0-255,2902,4674,10,174584
22940,3.7e-05,172.31.36.0-255,66,4740,10,174584
22941,4.5e-05,172.217.160.0-255,7156,11896,10,174584
22942,4.8e-05,172.31.36.0-255,66,11962,10,174584
22943,5.2e-05,172.217.160.0-255,2054,14016,10,174584
22944,5.4e-05,172.31.36.0-255,66,14082,10,174584
22945,0.00015,172.217.160.0-255,1484,15566,10,174584
22946,0.000153,172.31.36.0-255,66,15632,10,174584
22947,0.000158,172.217.160.0-255,2902,18534,10,174584
22948,0.000161,172.31.36.0-255,66,18600,10,174584
22949,0.000165,172.217.160.0-255,2902,21502,10,174584
22950,0.000168,172.31.36.0-255,66,21568,10,174584
22951,0.000184,172.217.160.0-255,2902,24470,10,174584
22952,0.000187,172.31.36.0-255,66,24536,10,174584
22953,0.000195,172.217.160.0-255,6797,31333,10,174584
22954,0.000197,172.31.36.0-255,66,31399,10,174584
22955,0.000528,172.217.160.0-255,1484,32883,10,174584
22956,0.000534,172.31.36.0-255,66,32949,10,174584
22957,0.00054,172.217.160.0-255,2902,35851,10,174584
22958,0.000543,172.31.36.0-255,66,35917,10,174584
22959,0.000548,172.217.160.0-255,2902,38819,10,174584
22960,0.00055,172.31.36.0-255,66,38885,10,174584
22961,0.000602,172.217.160.0-255,2902,41787,10,174584
22962,0.000605,172.31.36.0-255,66,41853,10,174584
22963,0.000614,172.217.160.0-255,6797,48650,10,174584
22964,0.000616,172.31.36.0-255,66,48716,10,174584
22965,0.000624,172.217.160.0-255,7156,55872,10,174584
22966,0.000626,172.31.36.0-255,66,55938,10,174584
22967,0.000656,172.31.36.0-255,66,56004,10,174584
22968,0.001015,172.217.160.0-255,372,56376,10,174584
22969,0.001077,172.217.160.0-255,370,56746,10,174584
22970,0.001246,172.217.160.0-255,1484,58230,10,174584
22971,0.001252,172.31.36.0-255,66,58296,10,174584
22972,0.001259,172.217.160.0-255,2902,61198,10,174584
22973,0.001262,172.31.36.0-255,66,61264,10,174584
22974,0.001269,172.217.160.0-255,5738,67002,10,174584
22975,0.001271,172.31.36.0-255,66,67068,10,174584
22976,0.001278,172.217.160.0-255,6797,73865,10,174584
22977,0.001281,172.31.36.0-255,66,73931,10,174584
22978,0.001293,172.31.36.0-255,66,73997,10,174584
22979,0.001319,172.217.160.0-255,5738,79735,10,174584
22980,0.001322,172.31.36.0-255,66,79801,10,174584
22981,0.001326,172.217.160.0-255,2543,82344,10,174584
22982,0.001328,172.31.36.0-255,66,82410,10,174584
22983,0.001594,172.217.160.0-255,1484,83894,10,174584
22984,0.001602,172.217.160.0-255,2902,86796,10,174584
22985,0.001607,172.31.36.0-255,66,86862,10,174584
22986,0.001614,172.217.160.0-255,5738,92600,10,174584
22987,0.001616,172.31.36.0-255,66,92666,10,174584
22988,0.001623,172.217.160.0-255,7156,99822,10,174584
22989,0.001626,172.31.36.0-255,66,99888,10,174584
22990,0.001661,172.217.160.0-255,5738,105626,10,174584
22991,0.001663,172.31.36.0-255,66,105692,10,174584
22992,0.001674,172.31.36.0-255,66,105758,10,174584
22993,0.001678,172.217.160.0-255,2184,107942,10,174584
22994,0.001681,172.31.36.0-255,66,108008,10,174584
22995,0.003294,172.217.160.0-255,4320,112328,10,174584
22996,0.003297,172.31.36.0-255,66,112394,10,174584
22997,0.003314,172.217.160.0-255,1484,113878,10,174584
22998,0.004924,172.217.160.0-255,4320,118198,10,174584
22999,0.004931,172.31.36.0-255,66,118264,10,174584
23000,0.006566,172.217.160.0-255,5738,124002,10,174584
23001,0.006575,172.31.36.0-255,66,124068,10,174584
23002,0.008205,172.217.160.0-255,5738,129806,10,174584
23003,0.008214,172.31.36.0-255,66,129872,10,174584
23004,0.009847,172.217.160.0-255,5738,135610,10,174584
23005,0.009858,172.31.36.0-255,66,135676,10,174584
23006,0.011494,172.217.160.0-255,5738,141414,10,174584
23007,0.011506,172.31.36.0-255,66,141480,10,174584
23008,0.013128,172.217.160.0-255,5738,147218,10,174584
23009,0.013136,172.31.36.0-255,66,147284,10,174584
23010,0.014768,172.217.160.0-255,5738,153022,10,174584
23011,0.014776,172.31.36.0-255,66,153088,10,174584
23012,0.016421,172.217.160.0-255,5738,158826,10,174584
23013,0.016428,172.31.36.0-255,66,158892,10,174584
23014,0.018077,172.217.160.0-255,5738,164630,10,174584
23015,0.018083,172.31.36.0-255,66,164696,10,174584
23016,0.018986,172.31.36.0-255,167,164863,10,174584
23017,0.019017,172.31.36.0-255,1113,165976,10,174584
23018,0.019077,172.31.36.0-255,1514,167490,10,174584
23019,0.019079,172.31.36.0-255,1290,168780,10,174584
23020,0.019717,172.217.160.0-255,5738,174518,10,174584
23021,0.019724,172.31.36.0-255,66,174584,10,174584
23022,0.0,74.125.24.0-255,153,153,10,234296
23023,2.8e-05,172.31.36.0-255,66,219,10,234296
23024,3.5e-05,74.125.24.0-255,1484,1703,10,234296
23025,4e-05,172.31.36.0-255,66,1769,10,234296
23026,4.6e-05,74.125.24.0-255,2902,4671,10,234296
23027,5e-05,172.31.36.0-255,66,4737,10,234296
23028,5.4e-05,74.125.24.0-255,2902,7639,10,234296
23029,5.7e-05,172.31.36.0-255,66,7705,10,234296
23030,0.000102,74.125.24.0-255,1484,9189,10,234296
23031,0.000106,172.31.36.0-255,66,9255,10,234296
23032,0.000126,74.125.24.0-255,4983,14238,10,234296
23033,0.000129,172.31.36.0-255,66,14304,10,234296
23034,0.000304,74.125.24.0-255,1484,15788,10,234296
23035,0.000309,172.31.36.0-255,66,15854,10,234296
23036,0.000313,74.125.24.0-255,1484,17338,10,234296
23037,0.000316,172.31.36.0-255,66,17404,10,234296
23038,0.000341,74.125.24.0-255,1484,18888,10,234296
23039,0.000345,172.31.36.0-255,66,18954,10,234296
23040,0.000349,74.125.24.0-255,2902,21856,10,234296
23041,0.000352,172.31.36.0-255,66,21922,10,234296
23042,0.000356,74.125.24.0-255,2902,24824,10,234296
23043,0.000359,172.31.36.0-255,66,24890,10,234296
23044,0.000382,74.125.24.0-255,4320,29210,10,234296
23045,0.000385,172.31.36.0-255,66,29276,10,234296
23046,0.000388,74.125.24.0-255,1484,30760,10,234296
23047,0.00039,172.31.36.0-255,66,30826,10,234296
23048,0.000406,74.125.24.0-255,2543,33369,10,234296
23049,0.000409,172.31.36.0-255,66,33435,10,234296
23050,0.000412,74.125.24.0-255,1484,34919,10,234296
23051,0.000414,172.31.36.0-255,66,34985,10,234296
23052,0.000429,74.125.24.0-255,2902,37887,10,234296
23053,0.000432,172.31.36.0-255,66,37953,10,234296
23054,0.000443,172.31.36.0-255,66,38019,10,234296
23055,0.000447,74.125.24.0-255,2902,40921,10,234296
23056,0.000451,172.31.36.0-255,66,40987,10,234296
23057,0.000482,74.125.24.0-255,2902,43889,10,234296
23058,0.000482,172.31.36.0-255,66,43955,10,234296
23059,0.000486,172.31.36.0-255,66,44021,10,234296
23060,0.000506,74.125.24.0-255,3602,47623,10,234296
23061,0.000509,172.31.36.0-255,66,47689,10,234296
23062,0.000512,74.125.24.0-255,428,48117,10,234296
23063,0.000514,172.31.36.0-255,66,48183,10,234296
23064,0.000733,74.125.24.0-255,1484,49667,10,234296
23065,0.000737,172.31.36.0-255,66,49733,10,234296
23066,0.000741,74.125.24.0-255,2902,52635,10,234296
23067,0.000743,172.31.36.0-255,66,52701,10,234296
23068,0.000747,74.125.24.0-255,2902,55603,10,234296
23069,0.000749,172.31.36.0-255,66,55669,10,234296
23070,0.000773,74.125.24.0-255,2902,58571,10,234296
23071,0.000776,172.31.36.0-255,66,58637,10,234296
23072,0.000791,172.31.36.0-255,66,58703,10,234296
23073,0.000795,74.125.24.0-255,4320,63023,10,234296
23074,0.000803,172.31.36.0-255,66,63089,10,234296
23075,0.000835,74.125.24.0-255,4320,67409,10,234296
23076,0.000843,172.31.36.0-255,66,67475,10,234296
23077,0.000848,74.125.24.0-255,2902,70377,10,234296
23078,0.00085,172.31.36.0-255,66,70443,10,234296
23079,0.000869,74.125.24.0-255,3883,74326,10,234296
23080,0.000872,172.31.36.0-255,66,74392,10,234296
23081,0.001106,74.125.24.0-255,1484,75876,10,234296
23082,0.001115,74.125.24.0-255,2902,78778,10,234296
23083,0.001118,172.31.36.0-255,66,78844,10,234296
23084,0.001121,74.125.24.0-255,1484,80328,10,234296
23085,0.001137,74.125.24.0-255,1484,81812,10,234296
23086,0.001139,172.31.36.0-255,66,81878,10,234296
23087,0.00115,74.125.24.0-255,1484,83362,10,234296
23088,0.00116,74.125.24.0-255,1484,84846,10,234296
23089,0.001163,172.31.36.0-255,66,84912,10,234296
23090,0.001183,74.125.24.0-255,1484,86396,10,234296
23091,0.001187,74.125.24.0-255,2902,89298,10,234296
23092,0.00119,172.31.36.0-255,66,89364,10,234296
23093,0.001195,74.125.24.0-255,5738,95102,10,234296
23094,0.001197,172.31.36.0-255,66,95168,10,234296
23095,0.001214,74.125.24.0-255,7156,102324,10,234296
23096,0.001217,172.31.36.0-255,66,102390,10,234296
23097,0.001232,74.125.24.0-255,5738,108128,10,234296
23098,0.001234,172.31.36.0-255,66,108194,10,234296
23099,0.001237,74.125.24.0-255,766,108960,10,234296
23100,0.001319,74.125.24.0-255,1484,110444,10,234296
23101,0.001323,172.31.36.0-255,66,110510,10,234296
23102,0.001328,74.125.24.0-255,2902,113412,10,234296
23103,0.00133,74.125.24.0-255,1484,114896,10,234296
23104,0.001343,74.125.24.0-255,4320,119216,10,234296
23105,0.001356,74.125.24.0-255,4320,123536,10,234296
23106,0.001372,74.125.24.0-255,4320,127856,10,234296
23107,0.001418,74.125.24.0-255,5020,132876,10,234296
23108,0.001702,74.125.24.0-255,1484,134360,10,234296
23109,0.001706,74.125.24.0-255,1484,135844,10,234296
23110,0.001716,74.125.24.0-255,1484,137328,10,234296
23111,0.001718,74.125.24.0-255,1484,138812,10,234296
23112,0.001729,74.125.24.0-255,4320,143132,10,234296
23113,0.001743,74.125.24.0-255,1484,144616,10,234296
23114,0.001813,74.125.24.0-255,5738,150354,10,234296
23115,0.001818,74.125.24.0-255,5020,155374,10,234296
23116,0.002185,74.125.24.0-255,1484,156858,10,234296
23117,0.002189,74.125.24.0-255,2902,159760,10,234296
23118,0.002206,74.125.24.0-255,5738,165498,10,234296
23119,0.002227,74.125.24.0-255,4320,169818,10,234296
23120,0.002238,74.125.24.0-255,1484,171302,10,234296
23121,0.002255,74.125.24.0-255,5738,177040,10,234296
23122,0.002267,74.125.24.0-255,4320,181360,10,234296
23123,0.002303,74.125.24.0-255,2902,184262,10,234296
23124,0.002316,74.125.24.0-255,5020,189282,10,234296
23125,0.002319,74.125.24.0-255,2902,192184,10,234296
23126,0.002339,74.125.24.0-255,5738,197922,10,234296
23127,0.002349,74.125.24.0-255,1484,199406,10,234296
23128,0.005872,172.31.36.0-255,66,199472,10,234296
23129,0.008184,74.125.24.0-255,5738,205210,10,234296
23130,0.008191,172.31.36.0-255,66,205276,10,234296
23131,0.010454,74.125.24.0-255,5738,211014,10,234296
23132,0.010461,172.31.36.0-255,66,211080,10,234296
23133,0.012752,74.125.24.0-255,5738,216818,10,234296
23134,0.012761,172.31.36.0-255,66,216884,10,234296
23135,0.015045,74.125.24.0-255,5738,222622,10,234296
23136,0.015057,172.31.36.0-255,66,222688,10,234296
23137,0.017337,74.125.24.0-255,5738,228426,10,234296
23138,0.017351,172.31.36.0-255,66,228492,10,234296
23139,0.019615,74.125.24.0-255,5738,234230,10,234296
23140,0.019626,172.31.36.0-255,66,234296,10,234296
23141,0.0,74.125.68.0-255,148,148,10,362566
23142,1.3e-05,172.31.36.0-255,66,214,10,362566
23143,3.2e-05,74.125.68.0-255,1484,1698,10,362566
23144,3.5e-05,172.31.36.0-255,66,1764,10,362566
23145,5.7e-05,74.125.68.0-255,2902,4666,10,362566
23146,5.9e-05,172.31.36.0-255,66,4732,10,362566
23147,6.3e-05,74.125.68.0-255,2902,7634,10,362566
23148,6.5e-05,172.31.36.0-255,66,7700,10,362566
23149,7.1e-05,74.125.68.0-255,4320,12020,10,362566
23150,7.4e-05,172.31.36.0-255,66,12086,10,362566
23151,0.000102,74.125.68.0-255,2076,14162,10,362566
23152,0.000104,172.31.36.0-255,66,14228,10,362566
23153,0.000135,74.125.68.0-255,2902,17130,10,362566
23154,0.000137,172.31.36.0-255,66,17196,10,362566
23155,0.000156,74.125.68.0-255,4320,21516,10,362566
23156,0.000158,172.31.36.0-255,66,21582,10,362566
23157,0.000178,74.125.68.0-255,5738,27320,10,362566
23158,0.00018,172.31.36.0-255,66,27386,10,362566
23159,0.000222,74.125.68.0-255,3961,31347,10,362566
23160,0.000226,172.31.36.0-255,66,31413,10,362566
23161,0.000328,74.125.68.0-255,1484,32897,10,362566
23162,0.000332,172.31.36.0-255,66,32963,10,362566
23163,0.000337,74.125.68.0-255,2902,35865,10,362566
23164,0.000338,172.31.36.0-255,66,35931,10,362566
23165,0.000359,74.125.68.0-255,5738,41669,10,362566
23166,0.000361,172.31.36.0-255,66,41735,10,362566
23167,0.000383,74.125.68.0-255,6797,48532,10,362566
23168,0.000385,172.31.36.0-255,66,48598,10,362566
23169,0.000406,74.125.68.0-255,1484,50082,10,362566
23170,0.000409,172.31.36.0-255,66,50148,10,362566
23171,0.000437,172.31.36.0-255,66,50214,10,362566
23172,0.00046,74.125.68.0-255,4320,54534,10,362566
23173,0.000482,74.125.68.0-255,2819,57353,10,362566
23174,0.00049,172.31.36.0-255,66,57419,10,362566
23175,0.000564,74.125.68.0-255,381,57800,10,362566
23176,0.000689,74.125.68.0-255,1484,59284,10,362566
23177,0.000693,74.125.68.0-255,1484,60768,10,362566
23178,0.000709,74.125.68.0-255,1484,62252,10,362566
23179,0.000713,74.125.68.0-255,2902,65154,10,362566
23180,0.000715,74.125.68.0-255,1484,66638,10,362566
23181,0.000731,74.125.68.0-255,2902,69540,10,362566
23182,0.000734,172.31.36.0-255,66,69606,10,362566
23183,0.000739,172.31.36.0-255,66,69672,10,362566
23184,0.000755,74.125.68.0-255,4320,73992,10,362566
23185,0.00077,74.125.68.0-255,5379,79371,10,362566
23186,0.000774,74.125.68.0-255,4320,83691,10,362566
23187,0.000791,172.31.36.0-255,66,83757,10,362566
23188,0.000822,74.125.68.0-255,5738,89495,10,362566
23189,0.000829,172.31.36.0-255,66,89561,10,362566
23190,0.000843,74.125.68.0-255,2543,92104,10,362566
23191,0.000862,172.31.36.0-255,66,92170,10,362566
23192,0.000995,74.125.68.0-255,1484,93654,10,362566
23193,0.00101,74.125.68.0-255,2902,96556,10,362566
23194,0.001019,172.31.36.0-255,66,96622,10,362566
23195,0.001024,74.125.68.0-255,2902,99524,10,362566
23196,0.001028,74.125.68.0-255,4320,103844,10,362566
23197,0.001053,74.125.68.0-255,7156,111000,10,362566
23198,0.001056,172.31.36.0-255,66,111066,10,362566
23199,0.001062,74.125.68.0-255,1484,112550,10,362566
23200,0.001064,74.125.68.0-255,1484,114034,10,362566
23201,0.001068,172.31.36.0-255,66,114100,10,362566
23202,0.001082,74.125.68.0-255,5738,119838,10,362566
23203,0.001096,172.31.36.0-255,66,119904,10,362566
23204,0.001122,74.125.68.0-255,4320,124224,10,362566
23205,0.001137,74.125.68.0-255,2184,126408,10,362566
23206,0.001173,74.125.68.0-255,1484,127892,10,362566
23207,0.001175,74.125.68.0-255,1484,129376,10,362566
23208,0.001185,74.125.68.0-255,1484,130860,10,362566
23209,0.001187,74.125.68.0-255,1484,132344,10,362566
23210,0.00119,172.31.36.0-255,66,132410,10,362566
23211,0.001195,172.31.36.0-255,66,132476,10,362566
23212,0.001211,74.125.68.0-255,4320,136796,10,362566
23213,0.001222,172.31.36.0-255,66,136862,10,362566
23214,0.001247,172.31.36.0-255,66,136928,10,362566
23215,0.001279,172.31.36.0-255,66,136994,10,362566
23216,0.001283,74.125.68.0-255,2184,139178,10,362566
23217,0.001287,172.31.36.0-255,66,139244,10,362566
23218,0.001792,74.125.68.0-255,1484,140728,10,362566
23219,0.001811,74.125.68.0-255,2902,143630,10,362566
23220,0.001815,172.31.36.0-255,66,143696,10,362566
23221,0.001834,74.125.68.0-255,5738,149434,10,362566
23222,0.001852,172.31.36.0-255,66,149500,10,362566
23223,0.00186,74.125.68.0-255,7156,156656,10,362566
23224,0.001864,172.31.36.0-255,66,156722,10,362566
23225,0.001908,74.125.68.0-255,4320,161042,10,362566
23226,0.001921,172.31.36.0-255,66,161108,10,362566
23227,0.00193,74.125.68.0-255,2184,163292,10,362566
23228,0.001934,172.31.36.0-255,66,163358,10,362566
23229,0.002124,74.125.68.0-255,1484,164842,10,362566
23230,0.00214,74.125.68.0-255,2902,167744,10,362566
23231,0.002143,172.31.36.0-255,66,167810,10,362566
23232,0.002147,74.125.68.0-255,1484,169294,10,362566
23233,0.002162,74.125.68.0-255,4320,173614,10,362566
23234,0.00217,172.31.36.0-255,66,173680,10,362566
23235,0.00219,74.125.68.0-255,5738,179418,10,362566
23236,0.002192,172.31.36.0-255,66,179484,10,362566
23237,0.002209,74.125.68.0-255,5738,185222,10,362566
23238,0.002212,74.125.68.0-255,1484,186706,10,362566
23239,0.002218,172.31.36.0-255,66,186772,10,362566
23240,0.002246,74.125.68.0-255,1484,188256,10,362566
23241,0.00225,74.125.68.0-255,2902,191158,10,362566
23242,0.002256,172.31.36.0-255,66,191224,10,362566
23243,0.002266,74.125.68.0-255,5738,196962,10,362566
23244,0.00227,172.31.36.0-255,66,197028,10,362566
23245,0.002281,74.125.68.0-255,4320,201348,10,362566
23246,0.002298,74.125.68.0-255,1484,202832,10,362566
23247,0.002301,74.125.68.0-255,1484,204316,10,362566
23248,0.002318,74.125.68.0-255,5738,210054,10,362566
23249,0.002321,74.125.68.0-255,1484,211538,10,362566
23250,0.002334,74.125.68.0-255,2902,214440,10,362566
23251,0.002345,74.125.68.0-255,2902,217342,10,362566
23252,0.002347,74.125.68.0-255,1484,218826,10,362566
23253,0.002364,74.125.68.0-255,2184,221010,10,362566
23254,0.002383,74.125.68.0-255,1484,222494,10,362566
23255,0.002399,74.125.68.0-255,2902,225396,10,362566
23256,0.00242,74.125.68.0-255,5738,231134,10,362566
23257,0.002432,74.125.68.0-255,1484,232618,10,362566
23258,0.002436,74.125.68.0-255,2902,235520,10,362566
23259,0.002455,74.125.68.0-255,1484,237004,10,362566
23260,0.002472,74.125.68.0-255,5738,242742,10,362566
23261,0.002487,74.125.68.0-255,1484,244226,10,362566
23262,0.00253,74.125.68.0-255,5738,249964,10,362566
23263,0.002547,74.125.68.0-255,5020,254984,10,362566
23264,0.002562,74.125.68.0-255,1484,256468,10,362566
23265,0.002578,74.125.68.0-255,2902,259370,10,362566
23266,0.002581,74.125.68.0-255,1484,260854,10,362566
23267,0.002594,74.125.68.0-255,1484,262338,10,362566
23268,0.002608,74.125.68.0-255,2902,265240,10,362566
23269,0.002614,74.125.68.0-255,4320,269560,10,362566
23270,0.002617,74.125.68.0-255,1484,271044,10,362566
23271,0.002664,74.125.68.0-255,1484,272528,10,362566
23272,0.00267,74.125.68.0-255,5738,278266,10,362566
23273,0.002673,74.125.68.0-255,1484,279750,10,362566
23274,0.002692,74.125.68.0-255,5738,285488,10,362566
23275,0.002705,74.125.68.0-255,1484,286972,10,362566
23276,0.002709,74.125.68.0-255,2184,289156,10,362566
23277,0.002711,74.125.68.0-255,1484,290640,10,362566
23278,0.002713,74.125.68.0-255,1484,292124,10,362566
23279,0.002742,74.125.68.0-255,4320,296444,10,362566
23280,0.002773,74.125.68.0-255,4320,300764,10,362566
23281,0.002795,74.125.68.0-255,5738,306502,10,362566
23282,0.002825,74.125.68.0-255,5738,312240,10,362566
23283,0.002837,74.125.68.0-255,2184,314424,10,362566
23284,0.003002,172.31.36.0-255,66,314490,10,362566
23285,0.003066,74.125.68.0-255,1484,315974,10,362566
23286,0.003082,74.125.68.0-255,2902,318876,10,362566
23287,0.0031,74.125.68.0-255,2902,321778,10,362566
23288,0.003105,74.125.68.0-255,4320,326098,10,362566
23289,0.003109,172.31.36.0-255,66,326164,10,362566
23290,0.003119,172.31.36.0-255,66,326230,10,362566
23291,0.00313,74.125.68.0-255,2902,329132,10,362566
23292,0.003148,74.125.68.0-255,4320,333452,10,362566
23293,0.003152,74.125.68.0-255,4320,337772,10,362566
23294,0.003155,74.125.68.0-255,1484,339256,10,362566
23295,0.003171,74.125.68.0-255,2902,342158,10,362566
23296,0.003175,74.125.68.0-255,1484,343642,10,362566
23297,0.003185,172.31.36.0-255,66,343708,10,362566
23298,0.003198,74.125.68.0-255,5020,348728,10,362566
23299,0.003224,172.31.36.0-255,66,348794,10,362566
23300,0.003236,74.125.68.0-255,1484,350278,10,362566
23301,0.00325,74.125.68.0-255,4320,354598,10,362566
23302,0.003266,74.125.68.0-255,1484,356082,10,362566
23303,0.003279,74.125.68.0-255,5738,361820,10,362566
23304,0.003282,74.125.68.0-255,338,362158,10,362566
23305,0.003297,172.31.36.0-255,66,362224,10,362566
23306,0.003333,74.125.68.0-255,105,362329,10,362566
23307,0.004891,172.31.36.0-255,66,362395,10,362566
23308,0.004922,172.31.36.0-255,105,362500,10,362566
23309,0.007191,74.125.68.0-255,66,362566,10,362566
23310,0.0,74.125.24.0-255,146,146,10,196264
23311,5.2e-05,172.31.36.0-255,66,212,10,196264
23312,6e-05,74.125.24.0-255,1484,1696,10,196264
23313,6.5e-05,172.31.36.0-255,66,1762,10,196264
23314,7.8e-05,74.125.24.0-255,2902,4664,10,196264
23315,8.2e-05,172.31.36.0-255,66,4730,10,196264
23316,8.9e-05,74.125.24.0-255,7156,11886,10,196264
23317,9.1e-05,172.31.36.0-255,66,11952,10,196264
23318,9.5e-05,74.125.24.0-255,2035,13987,10,196264
23319,9.8e-05,172.31.36.0-255,66,14053,10,196264
23320,0.000101,74.125.24.0-255,1484,15537,10,196264
23321,0.000102,172.31.36.0-255,66,15603,10,196264
23322,0.000132,74.125.24.0-255,2902,18505,10,196264
23323,0.000136,172.31.36.0-255,66,18571,10,196264
23324,0.000142,74.125.24.0-255,5738,24309,10,196264
23325,0.000144,172.31.36.0-255,66,24375,10,196264
23326,0.000169,74.125.24.0-255,6797,31172,10,196264
23327,0.000172,172.31.36.0-255,66,31238,10,196264
23328,0.000344,74.125.24.0-255,1484,32722,10,196264
23329,0.000348,172.31.36.0-255,66,32788,10,196264
23330,0.000354,74.125.24.0-255,2902,35690,10,196264
23331,0.000357,172.31.36.0-255,66,35756,10,196264
23332,0.000362,74.125.24.0-255,4320,40076,10,196264
23333,0.000367,172.31.36.0-255,66,40142,10,196264
23334,0.000377,74.125.24.0-255,1484,41626,10,196264
23335,0.00038,172.31.36.0-255,66,41692,10,196264
23336,0.000416,74.125.24.0-255,2902,44594,10,196264
23337,0.00042,172.31.36.0-255,66,44660,10,196264
23338,0.000453,74.125.24.0-255,3961,48621,10,196264
23339,0.000457,172.31.36.0-255,66,48687,10,196264
23340,0.000465,74.125.24.0-255,7156,55843,10,196264
23341,0.000467,172.31.36.0-255,66,55909,10,196264
23342,0.000476,74.125.24.0-255,1484,57393,10,196264
23343,0.000499,172.31.36.0-255,66,57459,10,196264
23344,0.000753,74.125.24.0-255,647,58106,10,196264
23345,0.000872,172.31.36.0-255,66,58172,10,196264
23346,0.000922,74.125.24.0-255,1484,59656,10,196264
23347,0.000926,74.125.24.0-255,1484,61140,10,196264
23348,0.000929,172.31.36.0-255,66,61206,10,196264
23349,0.000961,74.125.24.0-255,1484,62690,10,196264
23350,0.000968,74.125.24.0-255,5738,68428,10,196264
23351,0.000971,172.31.36.0-255,66,68494,10,196264
23352,0.000989,172.31.36.0-255,66,68560,10,196264
23353,0.001024,74.125.24.0-255,2902,71462,10,196264
23354,0.001028,172.31.36.0-255,66,71528,10,196264
23355,0.001063,172.31.36.0-255,66,71594,10,196264
23356,0.001075,172.31.36.0-255,66,71660,10,196264
23357,0.001081,74.125.24.0-255,5738,77398,10,196264
23358,0.001083,172.31.36.0-255,66,77464,10,196264
23359,0.001127,74.125.24.0-255,4320,81784,10,196264
23360,0.001131,172.31.36.0-255,66,81850,10,196264
23361,0.001161,172.31.36.0-255,66,81916,10,196264
23362,0.001227,172.31.36.0-255,66,81982,10,196264
23363,0.001233,74.125.24.0-255,4320,86302,10,196264
23364,0.001235,172.31.36.0-255,66,86368,10,196264
23365,0.001281,172.31.36.0-255,66,86434,10,196264
23366,0.001284,74.125.24.0-255,1484,87918,10,196264
23367,0.001308,74.125.24.0-255,2902,90820,10,196264
23368,0.001311,172.31.36.0-255,66,90886,10,196264
23369,0.001318,74.125.24.0-255,5738,96624,10,196264
23370,0.00132,172.31.36.0-255,66,96690,10,196264
23371,0.001327,74.125.24.0-255,7156,103846,10,196264
23372,0.001329,172.31.36.0-255,66,103912,10,196264
23373,0.001359,74.125.24.0-255,1484,105396,10,196264
23374,0.001372,172.31.36.0-255,66,105462,10,196264
23375,0.001378,74.125.24.0-255,5020,110482,10,196264
23376,0.001381,172.31.36.0-255,66,110548,10,196264
23377,0.001421,74.125.24.0-255,5738,116286,10,196264
23378,0.001424,172.31.36.0-255,66,116352,10,196264
23379,0.001427,74.125.24.0-255,1484,117836,10,196264
23380,0.001456,74.125.24.0-255,5738,123574,10,196264
23381,0.001461,172.31.36.0-255,66,123640,10,196264
23382,0.001466,172.31.36.0-255,66,123706,10,196264
23383,0.001489,74.125.24.0-255,4320,128026,10,196264
23384,0.001496,172.31.36.0-255,66,128092,10,196264
23385,0.001503,74.125.24.0-255,6438,134530,10,196264
23386,0.001505,172.31.36.0-255,66,134596,10,196264
23387,0.002118,74.125.24.0-255,1484,136080,10,196264
23388,0.002132,74.125.24.0-255,2902,138982,10,196264
23389,0.002136,172.31.36.0-255,66,139048,10,196264
23390,0.002141,74.125.24.0-255,4320,143368,10,196264
23391,0.002143,172.31.36.0-255,66,143434,10,196264
23392,0.002178,74.125.24.0-255,1484,144918,10,196264
23393,0.002216,172.31.36.0-255,66,144984,10,196264
23394,0.002227,172.31.36.0-255,66,145050,10,196264
23395,0.002248,74.125.24.0-255,1484,146534,10,196264
23396,0.002256,74.125.24.0-255,2902,149436,10,196264
23397,0.002258,172.31.36.0-255,66,149502,10,196264
23398,0.002291,74.125.24.0-255,5738,155240,10,196264
23399,0.002295,172.31.36.0-255,66,155306,10,196264
23400,0.002305,172.31.36.0-255,66,155372,10,196264
23401,0.002338,172.31.36.0-255,66,155438,10,196264
23402,0.002376,172.31.36.0-255,66,155504,10,196264
23403,0.002387,172.31.36.0-255,66,155570,10,196264
23404,0.002412,172.31.36.0-255,66,155636,10,196264
23405,0.004734,74.125.24.0-255,5738,161374,10,196264
23406,0.004747,172.31.36.0-255,66,161440,10,196264
23407,0.007067,74.125.24.0-255,5738,167178,10,196264
23408,0.007072,172.31.36.0-255,66,167244,10,196264
23409,0.009408,74.125.24.0-255,5738,172982,10,196264
23410,0.009415,172.31.36.0-255,66,173048,10,196264
23411,0.011781,74.125.24.0-255,5738,178786,10,196264
23412,0.011803,172.31.36.0-255,66,178852,10,196264
23413,0.014153,74.125.24.0-255,5738,184590,10,196264
23414,0.014167,172.31.36.0-255,66,184656,10,196264
23415,0.016514,74.125.24.0-255,5738,190394,10,196264
23416,0.016526,172.31.36.0-255,66,190460,10,196264
23417,0.018871,74.125.24.0-255,5738,196198,10,196264
23418,0.018886,172.31.36.0-255,66,196264,10,196264
23419,0.0,74.125.24.0-255,155,155,10,240318
23420,3.1e-05,172.31.36.0-255,66,221,10,240318
23421,3.8e-05,74.125.24.0-255,1484,1705,10,240318
23422,4.2e-05,172.31.36.0-255,66,1771,10,240318
23423,4.7e-05,74.125.24.0-255,2902,4673,10,240318
23424,4.9e-05,172.31.36.0-255,66,4739,10,240318
23425,6.5e-05,74.125.24.0-255,7156,11895,10,240318
23426,6.7e-05,172.31.36.0-255,66,11961,10,240318
23427,7.2e-05,74.125.24.0-255,2036,13997,10,240318
23428,7.5e-05,172.31.36.0-255,66,14063,10,240318
23429,0.000122,172.31.36.0-255,66,14129,10,240318
23430,0.000135,172.31.36.0-255,66,14195,10,240318
23431,0.000146,74.125.24.0-255,4320,18515,10,240318
23432,0.000148,172.31.36.0-255,66,18581,10,240318
23433,0.000184,74.125.24.0-255,6438,25019,10,240318
23434,0.000188,172.31.36.0-255,66,25085,10,240318
23435,0.000191,74.125.24.0-255,1484,26569,10,240318
23436,0.000193,172.31.36.0-255,66,26635,10,240318
23437,0.0002,74.125.24.0-255,2902,29537,10,240318
23438,0.000208,172.31.36.0-255,66,29603,10,240318
23439,0.000215,74.125.24.0-255,5738,35341,10,240318
23440,0.000218,172.31.36.0-255,66,35407,10,240318
23441,0.000251,74.125.24.0-255,7075,42482,10,240318
23442,0.000254,172.31.36.0-255,66,42548,10,240318
23443,0.00038,74.125.24.0-255,128,42676,10,240318
23444,0.000384,172.31.36.0-255,66,42742,10,240318
23445,0.000387,74.125.24.0-255,348,43090,10,240318
23446,0.00039,172.31.36.0-255,66,43156,10,240318
23447,0.000552,74.125.24.0-255,1484,44640,10,240318
23448,0.000556,172.31.36.0-255,66,44706,10,240318
23449,0.000562,74.125.24.0-255,2902,47608,10,240318
23450,0.000564,172.31.36.0-255,66,47674,10,240318
23451,0.000585,74.125.24.0-255,5738,53412,10,240318
23452,0.000588,172.31.36.0-255,66,53478,10,240318
23453,0.000599,74.125.24.0-255,5738,59216,10,240318
23454,0.000601,172.31.36.0-255,66,59282,10,240318
23455,0.000642,172.31.36.0-255,66,59348,10,240318
23456,0.000648,74.125.24.0-255,3961,63309,10,240318
23457,0.000652,172.31.36.0-255,66,63375,10,240318
23458,0.001424,74.125.24.0-255,1484,64859,10,240318
23459,0.001436,74.125.24.0-255,2902,67761,10,240318
23460,0.001441,172.31.36.0-255,66,67827,10,240318
23461,0.001448,74.125.24.0-255,5738,73565,10,240318
23462,0.00145,172.31.36.0-255,66,73631,10,240318
23463,0.001462,74.125.24.0-255,4320,77951,10,240318
23464,0.001464,172.31.36.0-255,66,78017,10,240318
23465,0.001468,74.125.24.0-255,1484,79501,10,240318
23466,0.001507,172.31.36.0-255,66,79567,10,240318
23467,0.001517,172.31.36.0-255,66,79633,10,240318
23468,0.001977,74.125.24.0-255,1484,81117,10,240318
23469,0.001984,74.125.24.0-255,2902,84019,10,240318
23470,0.001988,172.31.36.0-255,66,84085,10,240318
23471,0.002019,74.125.24.0-255,5738,89823,10,240318
23472,0.002021,172.31.36.0-255,66,89889,10,240318
23473,0.002028,74.125.24.0-255,5738,95627,10,240318
23474,0.00203,172.31.36.0-255,66,95693,10,240318
23475,0.002067,172.31.36.0-255,66,95759,10,240318
23476,0.002074,74.125.24.0-255,5020,100779,10,240318
23477,0.002076,172.31.36.0-255,66,100845,10,240318
23478,0.002142,74.125.24.0-255,1484,102329,10,240318
23479,0.002162,74.125.24.0-255,2902,105231,10,240318
23480,0.002164,172.31.36.0-255,66,105297,10,240318
23481,0.002171,74.125.24.0-255,5738,111035,10,240318
23482,0.002173,172.31.36.0-255,66,111101,10,240318
23483,0.002241,172.31.36.0-255,66,111167,10,240318
23484,0.002253,172.31.36.0-255,66,111233,10,240318
23485,0.002345,74.125.24.0-255,1484,112717,10,240318
23486,0.002349,74.125.24.0-255,1484,114201,10,240318
23487,0.002351,172.31.36.0-255,66,114267,10,240318
23488,0.002375,74.125.24.0-255,1484,115751,10,240318
23489,0.002381,74.125.24.0-255,5738,121489,10,240318
23490,0.002384,172.31.36.0-255,66,121555,10,240318
23491,0.002417,172.31.36.0-255,66,121621,10,240318
23492,0.002422,74.125.24.0-255,4320,125941,10,240318
23493,0.002424,172.31.36.0-255,66,126007,10,240318
23494,0.002454,74.125.24.0-255,6438,132445,10,240318
23495,0.002456,172.31.36.0-255,66,132511,10,240318
23496,0.002551,74.125.24.0-255,1484,133995,10,240318
23497,0.002556,74.125.24.0-255,2902,136897,10,240318
23498,0.002558,172.31.36.0-255,66,136963,10,240318
23499,0.002586,74.125.24.0-255,5738,142701,10,240318
23500,0.002588,172.31.36.0-255,66,142767,10,240318
23501,0.002614,74.125.24.0-255,7156,149923,10,240318
23502,0.002617,172.31.36.0-255,66,149989,10,240318
23503,0.002656,74.125.24.0-255,5738,155727,10,240318
23504,0.002658,172.31.36.0-255,66,155793,10,240318
23505,0.002679,74.125.24.0-255,7156,162949,10,240318
23506,0.002682,172.31.36.0-255,66,163015,10,240318
23507,0.002685,74.125.24.0-255,1484,164499,10,240318
23508,0.002687,172.31.36.0-255,78,164577,10,240318
23509,0.002695,74.125.24.0-255,7156,171733,10,240318
23510,0.002697,172.31.36.0-255,78,171811,10,240318
23511,0.002749,172.31.36.0-255,66,171877,10,240318
23512,0.002764,74.125.24.0-255,766,172643,10,240318
23513,0.002767,74.125.24.0-255,1484,174127,10,240318
23514,0.002772,74.125.24.0-255,2902,177029,10,240318
23515,0.002778,74.125.24.0-255,4320,181349,10,240318
23516,0.002785,74.125.24.0-255,7156,188505,10,240318
23517,0.002789,74.125.24.0-255,2902,191407,10,240318
23518,0.002793,74.125.24.0-255,1484,192891,10,240318
23519,0.002797,172.31.36.0-255,66,192957,10,240318
23520,0.002799,172.31.36.0-255,66,193023,10,240318
23521,0.0028,172.31.36.0-255,66,193089,10,240318
23522,0.002801,172.31.36.0-255,66,193155,10,240318
23523,0.002839,172.31.36.0-255,66,193221,10,240318
23524,0.00284,172.31.36.0-255,66,193287,10,240318
23525,0.002841,172.31.36.0-255,66,193353,10,240318
23526,0.002845,74.125.24.0-255,2902,196255,10,240318
23527,0.002847,172.31.36.0-255,66,196321,10,240318
23528,0.00285,74.125.24.0-255,2184,198505,10,240318
23529,0.002853,172.31.36.0-255,66,198571,10,240318
23530,0.002893,74.125.24.0-255,2902,201473,10,240318
23531,0.002895,172.31.36.0-255,66,201539,10,240318
23532,0.002923,74.125.24.0-255,4320,205859,10,240318
23533,0.002925,172.31.36.0-255,66,205925,10,240318
23534,0.002931,74.125.24.0-255,5738,211663,10,240318
23535,0.002933,172.31.36.0-255,66,211729,10,240318
23536,0.002962,74.125.24.0-255,1484,213213,10,240318
23537,0.002976,172.31.36.0-255,66,213279,10,240318
23538,0.003019,74.125.24.0-255,2902,216181,10,240318
23539,0.003021,172.31.36.0-255,66,216247,10,240318
23540,0.003045,74.125.24.0-255,5020,221267,10,240318
23541,0.003048,172.31.36.0-255,66,221333,10,240318
23542,0.003054,74.125.24.0-255,5738,227071,10,240318
23543,0.003056,172.31.36.0-255,66,227137,10,240318
23544,0.003059,74.125.24.0-255,1484,228621,10,240318
23545,0.00307,172.31.36.0-255,66,228687,10,240318
23546,0.003081,172.31.36.0-255,66,228753,10,240318
23547,0.003092,172.31.36.0-255,66,228819,10,240318
23548,0.003097,74.125.24.0-255,2902,231721,10,240318
23549,0.003099,172.31.36.0-255,66,231787,10,240318
23550,0.003135,74.125.24.0-255,5738,237525,10,240318
23551,0.003138,172.31.36.0-255,66,237591,10,240318
23552,0.003142,74.125.24.0-255,2319,239910,10,240318
23553,0.003144,172.31.36.0-255,66,239976,10,240318
23554,0.003175,74.125.24.0-255,105,240081,10,240318
23555,0.010349,172.31.36.0-255,66,240147,10,240318
23556,0.010379,172.31.36.0-255,105,240252,10,240318
23557,0.012967,74.125.24.0-255,66,240318,10,240318
23558,0.0,74.125.24.0-255,152,152,10,204732
23559,3.3e-05,172.31.36.0-255,66,218,10,204732
23560,4e-05,74.125.24.0-255,1484,1702,10,204732
23561,4.5e-05,172.31.36.0-255,66,1768,10,204732
23562,5e-05,74.125.24.0-255,2902,4670,10,204732
23563,6.1e-05,172.31.36.0-255,66,4736,10,204732
23564,6.8e-05,74.125.24.0-255,7156,11892,10,204732
23565,7e-05,172.31.36.0-255,66,11958,10,204732
23566,7.4e-05,74.125.24.0-255,2018,13976,10,204732
23567,7.7e-05,172.31.36.0-255,66,14042,10,204732
23568,0.000212,74.125.24.0-255,1484,15526,10,204732
23569,0.000217,172.31.36.0-255,66,15592,10,204732
23570,0.000223,74.125.24.0-255,2902,18494,10,204732
23571,0.000225,172.31.36.0-255,66,18560,10,204732
23572,0.000231,74.125.24.0-255,5738,24298,10,204732
23573,0.00024,172.31.36.0-255,66,24364,10,204732
23574,0.000243,74.125.24.0-255,1484,25848,10,204732
23575,0.000245,172.31.36.0-255,66,25914,10,204732
23576,0.000276,74.125.24.0-255,1484,27398,10,204732
23577,0.000279,172.31.36.0-255,66,27464,10,204732
23578,0.000319,74.125.24.0-255,5738,33202,10,204732
23579,0.00032,172.31.36.0-255,66,33268,10,204732
23580,0.000324,172.31.36.0-255,66,33334,10,204732
23581,0.000358,74.125.24.0-255,6797,40131,10,204732
23582,0.000362,172.31.36.0-255,66,40197,10,204732
23583,0.000368,74.125.24.0-255,7156,47353,10,204732
23584,0.00037,172.31.36.0-255,66,47419,10,204732
23585,0.000393,74.125.24.0-255,1484,48903,10,204732
23586,0.000396,172.31.36.0-255,66,48969,10,204732
23587,0.000433,172.31.36.0-255,66,49035,10,204732
23588,0.000436,74.125.24.0-255,413,49448,10,204732
23589,0.000473,74.125.24.0-255,331,49779,10,204732
23590,0.000815,74.125.24.0-255,1484,51263,10,204732
23591,0.000819,172.31.36.0-255,66,51329,10,204732
23592,0.000825,74.125.24.0-255,2902,54231,10,204732
23593,0.000829,172.31.36.0-255,66,54297,10,204732
23594,0.000852,74.125.24.0-255,5738,60035,10,204732
23595,0.000857,74.125.24.0-255,2902,62937,10,204732
23596,0.000859,172.31.36.0-255,66,63003,10,204732
23597,0.000864,172.31.36.0-255,66,63069,10,204732
23598,0.000899,172.31.36.0-255,66,63135,10,204732
23599,0.000904,74.125.24.0-255,2902,66037,10,204732
23600,0.000915,172.31.36.0-255,66,66103,10,204732
23601,0.000952,172.31.36.0-255,66,66169,10,204732
23602,0.001375,74.125.24.0-255,1484,67653,10,204732
23603,0.001387,74.125.24.0-255,2902,70555,10,204732
23604,0.001392,172.31.36.0-255,66,70621,10,204732
23605,0.001399,74.125.24.0-255,5738,76359,10,204732
23606,0.001402,74.125.24.0-255,1484,77843,10,204732
23607,0.001472,74.125.24.0-255,7156,84999,10,204732
23608,0.001491,74.125.24.0-255,6438,91437,10,204732
23609,0.001517,172.31.36.0-255,66,91503,10,204732
23610,0.001632,74.125.24.0-255,1484,92987,10,204732
23611,0.001639,74.125.24.0-255,2902,95889,10,204732
23612,0.001641,74.125.24.0-255,1484,97373,10,204732
23613,0.001654,172.31.36.0-255,66,97439,10,204732
23614,0.001671,74.125.24.0-255,4320,101759,10,204732
23615,0.001677,74.125.24.0-255,4320,106079,10,204732
23616,0.00168,74.125.24.0-255,1484,107563,10,204732
23617,0.001686,172.31.36.0-255,66,107629,10,204732
23618,0.001718,74.125.24.0-255,3602,111231,10,204732
23619,0.001746,172.31.36.0-255,66,111297,10,204732
23620,0.001813,74.125.24.0-255,1484,112781,10,204732
23621,0.001819,74.125.24.0-255,2902,115683,10,204732
23622,0.001825,172.31.36.0-255,66,115749,10,204732
23623,0.00185,74.125.24.0-255,5738,121487,10,204732
23624,0.001897,172.31.36.0-255,66,121553,10,204732
23625,0.001906,74.125.24.0-255,1484,123037,10,204732
23626,0.001911,74.125.24.0-255,5020,128057,10,204732
23627,0.001922,172.31.36.0-255,66,128123,10,204732
23628,0.00196,74.125.24.0-255,1484,129607,10,204732
23629,0.001965,74.125.24.0-255,2902,132509,10,204732
23630,0.001976,172.31.36.0-255,66,132575,10,204732
23631,0.001981,74.125.24.0-255,2902,135477,10,204732
23632,0.001986,172.31.36.0-255,66,135543,10,204732
23633,0.001997,74.125.24.0-255,2902,138445,10,204732
23634,0.002023,74.125.24.0-255,7156,145601,10,204732
23635,0.002031,172.31.36.0-255,66,145667,10,204732
23636,0.002058,74.125.24.0-255,4320,149987,10,204732
23637,0.002065,74.125.24.0-255,7156,157143,10,204732
23638,0.002078,172.31.36.0-255,66,157209,10,204732
23639,0.002657,172.31.36.0-255,101,157310,10,204732
23640,0.004075,74.125.24.0-255,5738,163048,10,204732
23641,0.004081,172.31.36.0-255,66,163114,10,204732
23642,0.004632,74.125.24.0-255,66,163180,10,204732
23643,0.006055,74.125.24.0-255,2902,166082,10,204732
23644,0.006059,172.31.36.0-255,66,166148,10,204732
23645,0.006088,74.125.24.0-255,2902,169050,10,204732
23646,0.006105,172.31.36.0-255,66,169116,10,204732
23647,0.00805,74.125.24.0-255,2902,172018,10,204732
23648,0.008057,172.31.36.0-255,66,172084,10,204732
23649,0.00809,74.125.24.0-255,2902,174986,10,204732
23650,0.008127,172.31.36.0-255,66,175052,10,204732
23651,0.010059,74.125.24.0-255,2902,177954,10,204732
23652,0.010065,172.31.36.0-255,66,178020,10,204732
23653,0.010097,74.125.24.0-255,2902,180922,10,204732
23654,0.010491,172.31.36.0-255,66,180988,10,204732
23655,0.012069,74.125.24.0-255,2902,183890,10,204732
23656,0.012075,172.31.36.0-255,66,183956,10,204732
23657,0.012495,74.125.24.0-255,2902,186858,10,204732
23658,0.012501,172.31.36.0-255,66,186924,10,204732
23659,0.014066,74.125.24.0-255,2902,189826,10,204732
23660,0.014073,172.31.36.0-255,66,189892,10,204732
23661,0.014485,74.125.24.0-255,2902,192794,10,204732
23662,0.01449,172.31.36.0-255,66,192860,10,204732
23663,0.016077,74.125.24.0-255,2902,195762,10,204732
23664,0.016084,172.31.36.0-255,66,195828,10,204732
23665,0.016458,74.125.24.0-255,2902,198730,10,204732
23666,0.016464,172.31.36.0-255,66,198796,10,204732
23667,0.018128,74.125.24.0-255,2902,201698,10,204732
23668,0.018136,172.31.36.0-255,66,201764,10,204732
23669,0.018468,74.125.24.0-255,2902,204666,10,204732
23670,0.018473,172.31.36.0-255,66,204732,10,204732
23671,0.0,74.125.68.0-255,153,153,10,283815
23672,2.7e-05,172.31.36.0-255,66,219,10,283815
23673,3.4e-05,74.125.68.0-255,1484,1703,10,283815
23674,4e-05,172.31.36.0-255,66,1769,10,283815
23675,4.6e-05,74.125.68.0-255,2902,4671,10,283815
23676,4.9e-05,172.31.36.0-255,66,4737,10,283815
23677,6.6e-05,74.125.68.0-255,4320,9057,10,283815
23678,7e-05,172.31.36.0-255,66,9123,10,283815
23679,9.5e-05,74.125.68.0-255,1484,10607,10,283815
23680,9.7e-05,172.31.36.0-255,66,10673,10,283815
23681,0.000103,74.125.68.0-255,3486,14159,10,283815
23682,0.000106,172.31.36.0-255,66,14225,10,283815
23683,0.000141,74.125.68.0-255,1484,15709,10,283815
23684,0.000144,172.31.36.0-255,66,15775,10,283815
23685,0.000149,74.125.68.0-255,2902,18677,10,283815
23686,0.000151,172.31.36.0-255,66,18743,10,283815
23687,0.000158,74.125.68.0-255,5738,24481,10,283815
23688,0.00016,172.31.36.0-255,66,24547,10,283815
23689,0.000164,74.125.68.0-255,2902,27449,10,283815
23690,0.000167,172.31.36.0-255,66,27515,10,283815
23691,0.000172,74.125.68.0-255,3961,31476,10,283815
23692,0.000175,172.31.36.0-255,66,31542,10,283815
23693,0.000178,74.125.68.0-255,1484,33026,10,283815
23694,0.00018,172.31.36.0-255,66,33092,10,283815
23695,0.000185,74.125.68.0-255,2902,35994,10,283815
23696,0.000187,172.31.36.0-255,66,36060,10,283815
23697,0.000194,74.125.68.0-255,5738,41798,10,283815
23698,0.000197,172.31.36.0-255,66,41864,10,283815
23699,0.000204,74.125.68.0-255,6797,48661,10,283815
23700,0.000207,172.31.36.0-255,66,48727,10,283815
23701,0.000219,172.31.36.0-255,66,48793,10,283815
23702,0.000226,74.125.68.0-255,7104,55897,10,283815
23703,0.000229,172.31.36.0-255,66,55963,10,283815
23704,0.000232,74.125.68.0-255,112,56075,10,283815
23705,0.000282,74.125.68.0-255,333,56408,10,283815
23706,0.000393,74.125.68.0-255,1484,57892,10,283815
23707,0.000398,172.31.36.0-255,66,57958,10,283815
23708,0.000404,74.125.68.0-255,2902,60860,10,283815
23709,0.000407,172.31.36.0-255,66,60926,10,283815
23710,0.000443,74.125.68.0-255,1484,62410,10,283815
23711,0.000446,74.125.68.0-255,1484,63894,10,283815
23712,0.000449,172.31.36.0-255,66,63960,10,283815
23713,0.000464,74.125.68.0-255,1484,65444,10,283815
23714,0.000471,74.125.68.0-255,5738,71182,10,283815
23715,0.000473,172.31.36.0-255,66,71248,10,283815
23716,0.00048,74.125.68.0-255,5738,76986,10,283815
23717,0.000482,172.31.36.0-255,66,77052,10,283815
23718,0.000499,74.125.68.0-255,5738,82790,10,283815
23719,0.000502,172.31.36.0-255,66,82856,10,283815
23720,0.000529,74.125.68.0-255,5738,88594,10,283815
23721,0.000532,172.31.36.0-255,66,88660,10,283815
23722,0.00055,74.125.68.0-255,2184,90844,10,283815
23723,0.000552,172.31.36.0-255,66,90910,10,283815
23724,0.000718,74.125.68.0-255,1484,92394,10,283815
23725,0.000723,74.125.68.0-255,1484,93878,10,283815
23726,0.000727,172.31.36.0-255,66,93944,10,283815
23727,0.00075,74.125.68.0-255,1484,95428,10,283815
23728,0.000757,74.125.68.0-255,5738,101166,10,283815
23729,0.00076,172.31.36.0-255,66,101232,10,283815
23730,0.000764,74.125.68.0-255,2902,104134,10,283815
23731,0.000767,172.31.36.0-255,66,104200,10,283815
23732,0.000801,172.31.36.0-255,66,104266,10,283815
23733,0.000808,74.125.68.0-255,5738,110004,10,283815
23734,0.00081,172.31.36.0-255,66,110070,10,283815
23735,0.000825,74.125.68.0-255,1484,111554,10,283815
23736,0.000842,74.125.68.0-255,3602,115156,10,283815
23737,0.000845,172.31.36.0-255,66,115222,10,283815
23738,0.001085,74.125.68.0-255,1484,116706,10,283815
23739,0.001092,74.125.68.0-255,2902,119608,10,283815
23740,0.001095,172.31.36.0-255,66,119674,10,283815
23741,0.001122,74.125.68.0-255,5738,125412,10,283815
23742,0.001124,172.31.36.0-255,66,125478,10,283815
23743,0.001129,74.125.68.0-255,2902,128380,10,283815
23744,0.001131,172.31.36.0-255,66,128446,10,283815
23745,0.001148,74.125.68.0-255,4320,132766,10,283815
23746,0.00115,172.31.36.0-255,66,132832,10,283815
23747,0.001158,74.125.68.0-255,7156,139988,10,283815
23748,0.001161,172.31.36.0-255,66,140054,10,283815
23749,0.00118,74.125.68.0-255,1484,141538,10,283815
23750,0.001193,172.31.36.0-255,66,141604,10,283815
23751,0.001233,74.125.68.0-255,1484,143088,10,283815
23752,0.001254,74.125.68.0-255,2902,145990,10,283815
23753,0.001257,172.31.36.0-255,66,146056,10,283815
23754,0.001265,74.125.68.0-255,5738,151794,10,283815
23755,0.001267,172.31.36.0-255,66,151860,10,283815
23756,0.001294,74.125.68.0-255,7156,159016,10,283815
23757,0.001298,172.31.36.0-255,66,159082,10,283815
23758,0.001308,74.125.68.0-255,4320,163402,10,283815
23759,0.00131,172.31.36.0-255,66,163468,10,283815
23760,0.001348,74.125.68.0-255,2902,166370,10,283815
23761,0.001351,172.31.36.0-255,66,166436,10,283815
23762,0.001381,172.31.36.0-255,66,166502,10,283815
23763,0.001453,74.125.68.0-255,1484,167986,10,283815
23764,0.001473,74.125.68.0-255,2902,170888,10,283815
23765,0.001477,172.31.36.0-255,66,170954,10,283815
23766,0.001483,74.125.68.0-255,5738,176692,10,283815
23767,0.001486,172.31.36.0-255,66,176758,10,283815
23768,0.001492,74.125.68.0-255,5738,182496,10,283815
23769,0.001494,172.31.36.0-255,66,182562,10,283815
23770,0.001523,74.125.68.0-255,7156,189718,10,283815
23771,0.001527,172.31.36.0-255,66,189784,10,283815
23772,0.001545,74.125.68.0-255,2902,192686,10,283815
23773,0.001548,172.31.36.0-255,66,192752,10,283815
23774,0.001576,172.31.36.0-255,66,192818,10,283815
23775,0.001702,74.125.68.0-255,1484,194302,10,283815
23776,0.001707,74.125.68.0-255,1484,195786,10,283815
23777,0.00171,172.31.36.0-255,66,195852,10,283815
23778,0.001729,74.125.68.0-255,1484,197336,10,283815
23779,0.001732,74.125.68.0-255,1484,198820,10,283815
23780,0.001734,172.31.36.0-255,66,198886,10,283815
23781,0.001761,74.125.68.0-255,4320,203206,10,283815
23782,0.001764,172.31.36.0-255,66,203272,10,283815
23783,0.00177,74.125.68.0-255,2902,206174,10,283815
23784,0.001772,172.31.36.0-255,66,206240,10,283815
23785,0.001789,172.31.36.0-255,66,206306,10,283815
23786,0.001819,172.31.36.0-255,66,206372,10,283815
23787,0.001878,74.125.68.0-255,1484,207856,10,283815
23788,0.001892,74.125.68.0-255,2902,210758,10,283815
23789,0.001895,172.31.36.0-255,66,210824,10,283815
23790,0.001898,74.125.68.0-255,1484,212308,10,283815
23791,0.001902,74.125.68.0-255,2902,215210,10,283815
23792,0.001905,172.31.36.0-255,66,215276,10,283815
23793,0.001934,74.125.68.0-255,5738,221014,10,283815
23794,0.001937,172.31.36.0-255,66,221080,10,283815
23795,0.001967,172.31.36.0-255,66,221146,10,283815
23796,0.001987,74.125.68.0-255,2902,224048,10,283815
23797,0.00199,74.125.68.0-255,1484,225532,10,283815
23798,0.001995,172.31.36.0-255,66,225598,10,283815
23799,0.002028,172.31.36.0-255,66,225664,10,283815
23800,0.002033,74.125.68.0-255,4320,229984,10,283815
23801,0.002035,172.31.36.0-255,66,230050,10,283815
23802,0.002072,172.31.36.0-255,66,230116,10,283815
23803,0.002092,74.125.68.0-255,1484,231600,10,283815
23804,0.0021,74.125.68.0-255,6438,238038,10,283815
23805,0.002102,172.31.36.0-255,66,238104,10,283815
23806,0.00213,172.31.36.0-255,66,238170,10,283815
23807,0.002154,74.125.68.0-255,5738,243908,10,283815
23808,0.002157,172.31.36.0-255,66,243974,10,283815
23809,0.002204,74.125.68.0-255,3602,247576,10,283815
23810,0.002209,172.31.36.0-255,66,247642,10,283815
23811,0.002217,172.31.36.0-255,66,247708,10,283815
23812,0.002265,74.125.68.0-255,4320,252028,10,283815
23813,0.002268,172.31.36.0-255,66,252094,10,283815
23814,0.002292,172.31.36.0-255,66,252160,10,283815
23815,0.002297,74.125.68.0-255,4320,256480,10,283815
23816,0.0023,172.31.36.0-255,66,256546,10,283815
23817,0.004526,74.125.68.0-255,5738,262284,10,283815
23818,0.004534,172.31.36.0-255,66,262350,10,283815
23819,0.006758,74.125.68.0-255,5738,268088,10,283815
23820,0.006766,172.31.36.0-255,66,268154,10,283815
23821,0.008985,74.125.68.0-255,5738,273892,10,283815
23822,0.008993,172.31.36.0-255,66,273958,10,283815
23823,0.011214,74.125.68.0-255,5738,279696,10,283815
23824,0.011219,172.31.36.0-255,66,279762,10,283815
23825,0.013443,74.125.68.0-255,3987,283749,10,283815
23826,0.013453,172.31.36.0-255,66,283815,10,283815
23827,0.0,172.217.194.0-255,374,374,10,64205
23828,2.3e-05,172.31.36.0-255,66,440,10,64205
23829,2.9e-05,172.217.194.0-255,1484,1924,10,64205
23830,3.3e-05,172.31.36.0-255,66,1990,10,64205
23831,6.1e-05,172.217.194.0-255,4320,6310,10,64205
23832,6.3e-05,172.31.36.0-255,66,6376,10,64205
23833,0.000221,172.217.194.0-255,2902,9278,10,64205
23834,0.000226,172.31.36.0-255,66,9344,10,64205
23835,0.000244,172.217.194.0-255,4669,14013,10,64205
23836,0.000247,172.31.36.0-255,66,14079,10,64205
23837,0.000521,172.217.194.0-255,1484,15563,10,64205
23838,0.000526,172.31.36.0-255,66,15629,10,64205
23839,0.000552,172.217.194.0-255,7156,22785,10,64205
23840,0.000555,172.31.36.0-255,66,22851,10,64205
23841,0.000882,172.31.36.0-255,66,22917,10,64205
23842,0.00342,172.217.194.0-255,5738,28655,10,64205
23843,0.003427,172.31.36.0-255,66,28721,10,64205
23844,0.006008,172.217.194.0-255,5738,34459,10,64205
23845,0.006013,172.31.36.0-255,66,34525,10,64205
23846,0.008573,172.217.194.0-255,2902,37427,10,64205
23847,0.008581,172.31.36.0-255,66,37493,10,64205
23848,0.008606,172.217.194.0-255,2902,40395,10,64205
23849,0.008609,172.31.36.0-255,66,40461,10,64205
23850,0.011134,172.217.194.0-255,2902,43363,10,64205
23851,0.011143,172.31.36.0-255,66,43429,10,64205
23852,0.011169,172.217.194.0-255,2902,46331,10,64205
23853,0.011173,172.31.36.0-255,66,46397,10,64205
23854,0.013682,172.217.194.0-255,2902,49299,10,64205
23855,0.013692,172.31.36.0-255,66,49365,10,64205
23856,0.013717,172.217.194.0-255,2902,52267,10,64205
23857,0.013721,172.31.36.0-255,66,52333,10,64205
23858,0.016283,172.217.194.0-255,2902,55235,10,64205
23859,0.016291,172.31.36.0-255,66,55301,10,64205
23860,0.016316,172.217.194.0-255,2902,58203,10,64205
23861,0.01632,172.31.36.0-255,66,58269,10,64205
23862,0.018859,172.217.194.0-255,2902,61171,10,64205
23863,0.018866,172.31.36.0-255,66,61237,10,64205
23864,0.018891,172.217.194.0-255,2902,64139,10,64205
23865,0.018895,172.31.36.0-255,66,64205,10,64205
23866,0.0,172.31.36.0-255,66,66,10,66
23867,0.0,74.125.24.0-255,146,146,10,263498
23868,2.1e-05,172.31.36.0-255,66,212,10,263498
23869,2.8e-05,74.125.24.0-255,1484,1696,10,263498
23870,3.3e-05,172.31.36.0-255,66,1762,10,263498
23871,3.9e-05,74.125.24.0-255,2902,4664,10,263498
23872,4.2e-05,172.31.36.0-255,66,4730,10,263498
23873,4.9e-05,74.125.24.0-255,5738,10468,10,263498
23874,5.2e-05,172.31.36.0-255,66,10534,10,263498
23875,7.8e-05,74.125.24.0-255,3446,13980,10,263498
23876,8.2e-05,172.31.36.0-255,66,14046,10,263498
23877,9.7e-05,74.125.24.0-255,4320,18366,10,263498
23878,9.9e-05,172.31.36.0-255,66,18432,10,263498
23879,0.000128,74.125.24.0-255,7156,25588,10,263498
23880,0.000131,172.31.36.0-255,66,25654,10,263498
23881,0.00017,172.31.36.0-255,66,25720,10,263498
23882,0.000175,74.125.24.0-255,4320,30040,10,263498
23883,0.000177,172.31.36.0-255,66,30106,10,263498
23884,0.000193,74.125.24.0-255,2902,33008,10,263498
23885,0.000195,172.31.36.0-255,66,33074,10,263498
23886,0.00022,74.125.24.0-255,1125,34199,10,263498
23887,0.000224,172.31.36.0-255,66,34265,10,263498
23888,0.000237,74.125.24.0-255,1484,35749,10,263498
23889,0.00024,172.31.36.0-255,66,35815,10,263498
23890,0.000255,74.125.24.0-255,4320,40135,10,263498
23891,0.000257,172.31.36.0-255,66,40201,10,263498
23892,0.000282,172.31.36.0-255,66,40267,10,263498
23893,0.000318,74.125.24.0-255,2543,42810,10,263498
23894,0.000321,172.31.36.0-255,66,42876,10,263498
23895,0.000409,74.125.24.0-255,404,43280,10,263498
23896,0.000413,172.31.36.0-255,66,43346,10,263498
23897,0.000451,74.125.24.0-255,371,43717,10,263498
23898,0.000532,74.125.24.0-255,1484,45201,10,263498
23899,0.000537,172.31.36.0-255,66,45267,10,263498
23900,0.000542,74.125.24.0-255,2902,48169,10,263498
23901,0.000545,172.31.36.0-255,66,48235,10,263498
23902,0.00055,74.125.24.0-255,2902,51137,10,263498
23903,0.000552,172.31.36.0-255,66,51203,10,263498
23904,0.000578,74.125.24.0-255,2902,54105,10,263498
23905,0.000581,172.31.36.0-255,66,54171,10,263498
23906,0.000587,74.125.24.0-255,5738,59909,10,263498
23907,0.00059,172.31.36.0-255,66,59975,10,263498
23908,0.000651,172.31.36.0-255,66,60041,10,263498
23909,0.000688,74.125.24.0-255,6797,66838,10,263498
23910,0.000692,172.31.36.0-255,66,66904,10,263498
23911,0.001104,74.125.24.0-255,1484,68388,10,263498
23912,0.001111,74.125.24.0-255,2902,71290,10,263498
23913,0.001114,172.31.36.0-255,66,71356,10,263498
23914,0.001121,74.125.24.0-255,4320,75676,10,263498
23915,0.001124,172.31.36.0-255,66,75742,10,263498
23916,0.001137,74.125.24.0-255,1484,77226,10,263498
23917,0.00114,74.125.24.0-255,1484,78710,10,263498
23918,0.001144,172.31.36.0-255,66,78776,10,263498
23919,0.001159,74.125.24.0-255,5738,84514,10,263498
23920,0.001162,172.31.36.0-255,66,84580,10,263498
23921,0.001167,74.125.24.0-255,2902,87482,10,263498
23922,0.001169,172.31.36.0-255,66,87548,10,263498
23923,0.001208,172.31.36.0-255,66,87614,10,263498
23924,0.001213,74.125.24.0-255,2184,89798,10,263498
23925,0.001215,172.31.36.0-255,66,89864,10,263498
23926,0.00124,74.125.24.0-255,1484,91348,10,263498
23927,0.001245,74.125.24.0-255,2902,94250,10,263498
23928,0.001247,172.31.36.0-255,66,94316,10,263498
23929,0.001253,74.125.24.0-255,4320,98636,10,263498
23930,0.001255,172.31.36.0-255,66,98702,10,263498
23931,0.001267,74.125.24.0-255,1484,100186,10,263498
23932,0.001284,74.125.24.0-255,1484,101670,10,263498
23933,0.001286,172.31.36.0-255,66,101736,10,263498
23934,0.001315,172.31.36.0-255,66,101802,10,263498
23935,0.001322,74.125.24.0-255,7156,108958,10,263498
23936,0.001325,172.31.36.0-255,66,109024,10,263498
23937,0.001349,74.125.24.0-255,3602,112626,10,263498
23938,0.001352,172.31.36.0-255,66,112692,10,263498
23939,0.001355,74.125.24.0-255,1484,114176,10,263498
23940,0.001373,74.125.24.0-255,2902,117078,10,263498
23941,0.001376,172.31.36.0-255,66,117144,10,263498
23942,0.001379,74.125.24.0-255,1484,118628,10,263498
23943,0.001395,74.125.24.0-255,2902,121530,10,263498
23944,0.001397,172.31.36.0-255,66,121596,10,263498
23945,0.001416,74.125.24.0-255,5738,127334,10,263498
23946,0.001418,172.31.36.0-255,66,127400,10,263498
23947,0.001425,74.125.24.0-255,5738,133138,10,263498
23948,0.001427,172.31.36.0-255,66,133204,10,263498
23949,0.001463,172.31.36.0-255,66,133270,10,263498
23950,0.001481,74.125.24.0-255,1484,134754,10,263498
23951,0.001504,172.31.36.0-255,66,134820,10,263498
23952,0.001523,74.125.24.0-255,1484,136304,10,263498
23953,0.001534,172.31.36.0-255,66,136370,10,263498
23954,0.001556,74.125.24.0-255,7156,143526,10,263498
23955,0.00156,172.31.36.0-255,66,143592,10,263498
23956,0.001581,74.125.24.0-255,3602,147194,10,263498
23957,0.001583,172.31.36.0-255,66,147260,10,263498
23958,0.001602,74.125.24.0-255,1484,148744,10,263498
23959,0.001615,74.125.24.0-255,2902,151646,10,263498
23960,0.001618,74.125.24.0-255,2902,154548,10,263498
23961,0.001623,172.31.36.0-255,66,154614,10,263498
23962,0.001627,172.31.36.0-255,66,154680,10,263498
23963,0.001635,74.125.24.0-255,2902,157582,10,263498
23964,0.001638,172.31.36.0-255,66,157648,10,263498
23965,0.001641,74.125.24.0-255,1484,159132,10,263498
23966,0.00173,74.125.24.0-255,5738,164870,10,263498
23967,0.001744,172.31.36.0-255,66,164936,10,263498
23968,0.001751,74.125.24.0-255,5020,169956,10,263498
23969,0.0018,172.31.36.0-255,66,170022,10,263498
23970,0.001806,74.125.24.0-255,2184,172206,10,263498
23971,0.00183,172.31.36.0-255,66,172272,10,263498
23972,0.001845,74.125.24.0-255,1484,173756,10,263498
23973,0.001849,74.125.24.0-255,1484,175240,10,263498
23974,0.00186,172.31.36.0-255,66,175306,10,263498
23975,0.001864,74.125.24.0-255,1484,176790,10,263498
23976,0.001869,74.125.24.0-255,4320,181110,10,263498
23977,0.00188,74.125.24.0-255,1484,182594,10,263498
23978,0.001884,74.125.24.0-255,2902,185496,10,263498
23979,0.001887,172.31.36.0-255,66,185562,10,263498
23980,0.00192,74.125.24.0-255,7156,192718,10,263498
23981,0.001935,172.31.36.0-255,66,192784,10,263498
23982,0.00195,74.125.24.0-255,3602,196386,10,263498
23983,0.001968,172.31.36.0-255,66,196452,10,263498
23984,0.001999,74.125.24.0-255,4320,200772,10,263498
23985,0.002002,74.125.24.0-255,1484,202256,10,263498
23986,0.002021,74.125.24.0-255,4320,206576,10,263498
23987,0.002028,74.125.24.0-255,5738,212314,10,263498
23988,0.002032,172.31.36.0-255,66,212380,10,263498
23989,0.002042,172.31.36.0-255,66,212446,10,263498
23990,0.002048,74.125.24.0-255,5738,218184,10,263498
23991,0.002055,74.125.24.0-255,7156,225340,10,263498
23992,0.002081,74.125.24.0-255,5020,230360,10,263498
23993,0.002089,172.31.36.0-255,66,230426,10,263498
23994,0.002096,74.125.24.0-255,1484,231910,10,263498
23995,0.002111,74.125.24.0-255,2902,234812,10,263498
23996,0.002116,74.125.24.0-255,2902,237714,10,263498
23997,0.002131,74.125.24.0-255,2902,240616,10,263498
23998,0.002136,172.31.36.0-255,66,240682,10,263498
23999,0.002168,74.125.24.0-255,5738,246420,10,263498
24000,0.002188,172.31.36.0-255,66,246486,10,263498
24001,0.002202,74.125.24.0-255,5020,251506,10,263498
24002,0.002206,74.125.24.0-255,1484,252990,10,263498
24003,0.002224,74.125.24.0-255,5738,258728,10,263498
24004,0.002232,172.31.36.0-255,66,258794,10,263498
24005,0.002246,74.125.24.0-255,2902,261696,10,263498
24006,0.002249,74.125.24.0-255,1297,262993,10,263498
24007,0.002251,74.125.24.0-255,97,263090,10,263498
24008,0.00227,172.31.36.0-255,66,263156,10,263498
24009,0.002303,74.125.24.0-255,105,263261,10,263498
24010,0.0106,172.31.36.0-255,66,263327,10,263498
24011,0.010648,172.31.36.0-255,105,263432,10,263498
24012,0.012689,74.125.24.0-255,66,263498,10,263498
24013,0.0,74.125.200.0-255,153,153,10,221071
24014,2.5e-05,172.31.36.0-255,66,219,10,221071
24015,3.1e-05,74.125.200.0-255,1484,1703,10,221071
24016,3.5e-05,172.31.36.0-255,66,1769,10,221071
24017,5.2e-05,74.125.200.0-255,1484,3253,10,221071
24018,5.5e-05,172.31.36.0-255,66,3319,10,221071
24019,7.8e-05,74.125.200.0-255,1484,4803,10,221071
24020,8.1e-05,172.31.36.0-255,66,4869,10,221071
24021,9.4e-05,74.125.200.0-255,5738,10607,10,221071
24022,9.7e-05,172.31.36.0-255,66,10673,10,221071
24023,0.000104,74.125.200.0-255,6300,16973,10,221071
24024,0.000106,172.31.36.0-255,66,17039,10,221071
24025,0.000109,74.125.200.0-255,1484,18523,10,221071
24026,0.000111,172.31.36.0-255,66,18589,10,221071
24027,0.000138,74.125.200.0-255,5738,24327,10,221071
24028,0.000142,172.31.36.0-255,66,24393,10,221071
24029,0.000147,74.125.200.0-255,2902,27295,10,221071
24030,0.00015,172.31.36.0-255,66,27361,10,221071
24031,0.000176,74.125.200.0-255,3961,31322,10,221071
24032,0.000179,172.31.36.0-255,66,31388,10,221071
24033,0.000284,74.125.200.0-255,1484,32872,10,221071
24034,0.000288,172.31.36.0-255,66,32938,10,221071
24035,0.000323,74.125.200.0-255,2902,35840,10,221071
24036,0.000326,172.31.36.0-255,66,35906,10,221071
24037,0.000332,74.125.200.0-255,2902,38808,10,221071
24038,0.000335,172.31.36.0-255,66,38874,10,221071
24039,0.000346,74.125.200.0-255,4320,43194,10,221071
24040,0.000349,172.31.36.0-255,66,43260,10,221071
24041,0.000354,74.125.200.0-255,2902,46162,10,221071
24042,0.000357,172.31.36.0-255,66,46228,10,221071
24043,0.000385,74.125.200.0-255,2543,48771,10,221071
24044,0.000388,172.31.36.0-255,66,48837,10,221071
24045,0.000395,74.125.200.0-255,5738,54575,10,221071
24046,0.0004,74.125.200.0-255,4320,58895,10,221071
24047,0.000405,172.31.36.0-255,66,58961,10,221071
24048,0.000438,74.125.200.0-255,5738,64699,10,221071
24049,0.000442,74.125.200.0-255,1435,66134,10,221071
24050,0.000443,172.31.36.0-255,66,66200,10,221071
24051,0.000476,74.125.200.0-255,375,66575,10,221071
24052,0.000479,172.31.36.0-255,66,66641,10,221071
24053,0.00065,74.125.200.0-255,1484,68125,10,221071
24054,0.000656,74.125.200.0-255,2902,71027,10,221071
24055,0.00066,172.31.36.0-255,66,71093,10,221071
24056,0.000682,74.125.200.0-255,5738,76831,10,221071
24057,0.000686,172.31.36.0-255,66,76897,10,221071
24058,0.000695,74.125.200.0-255,1484,78381,10,221071
24059,0.000725,74.125.200.0-255,2902,81283,10,221071
24060,0.000734,172.31.36.0-255,66,81349,10,221071
24061,0.000763,74.125.200.0-255,4320,85669,10,221071
24062,0.000767,74.125.200.0-255,2902,88571,10,221071
24063,0.000767,172.31.36.0-255,66,88637,10,221071
24064,0.000772,172.31.36.0-255,66,88703,10,221071
24065,0.000823,74.125.200.0-255,766,89469,10,221071
24066,0.000855,74.125.200.0-255,1484,90953,10,221071
24067,0.000862,172.31.36.0-255,66,91019,10,221071
24068,0.00089,74.125.200.0-255,2902,93921,10,221071
24069,0.000897,172.31.36.0-255,66,93987,10,221071
24070,0.000927,74.125.200.0-255,5738,99725,10,221071
24071,0.000931,74.125.200.0-255,1484,101209,10,221071
24072,0.000934,74.125.200.0-255,2902,104111,10,221071
24073,0.000937,172.31.36.0-255,66,104177,10,221071
24074,0.000941,172.31.36.0-255,66,104243,10,221071
24075,0.000967,74.125.200.0-255,5738,109981,10,221071
24076,0.00097,74.125.200.0-255,1484,111465,10,221071
24077,0.000973,74.125.200.0-255,2902,114367,10,221071
24078,0.000981,172.31.36.0-255,66,114433,10,221071
24079,0.000992,74.125.200.0-255,1484,115917,10,221071
24080,0.001016,74.125.200.0-255,4320,120237,10,221071
24081,0.001021,74.125.200.0-255,2902,123139,10,221071
24082,0.001025,172.31.36.0-255,66,123205,10,221071
24083,0.00105,74.125.200.0-255,766,123971,10,221071
24084,0.001366,172.31.36.0-255,66,124037,10,221071
24085,0.001547,74.125.200.0-255,1484,125521,10,221071
24086,0.001557,74.125.200.0-255,1484,127005,10,221071
24087,0.001572,74.125.200.0-255,1484,128489,10,221071
24088,0.001587,74.125.200.0-255,2902,131391,10,221071
24089,0.001606,74.125.200.0-255,4320,135711,10,221071
24090,0.001648,74.125.200.0-255,7156,142867,10,221071
24091,0.00167,74.125.200.0-255,5738,148605,10,221071
24092,0.001684,74.125.200.0-255,2902,151507,10,221071
24093,0.00169,74.125.200.0-255,4320,155827,10,221071
24094,0.001733,74.125.200.0-255,2184,158011,10,221071
24095,0.00211,74.125.200.0-255,1484,159495,10,221071
24096,0.002117,74.125.200.0-255,2902,162397,10,221071
24097,0.00212,74.125.200.0-255,1484,163881,10,221071
24098,0.00214,74.125.200.0-255,4320,168201,10,221071
24099,0.002144,74.125.200.0-255,2902,171103,10,221071
24100,0.002148,74.125.200.0-255,4320,175423,10,221071
24101,0.002173,74.125.200.0-255,4320,179743,10,221071
24102,0.002194,74.125.200.0-255,4320,184063,10,221071
24103,0.0022,74.125.200.0-255,7156,191219,10,221071
24104,0.002225,74.125.200.0-255,766,191985,10,221071
24105,0.006334,172.31.36.0-255,66,192051,10,221071
24106,0.008626,74.125.200.0-255,5738,197789,10,221071
24107,0.008634,172.31.36.0-255,66,197855,10,221071
24108,0.010899,74.125.200.0-255,5738,203593,10,221071
24109,0.010906,172.31.36.0-255,66,203659,10,221071
24110,0.013183,74.125.200.0-255,5738,209397,10,221071
24111,0.013197,172.31.36.0-255,66,209463,10,221071
24112,0.015467,74.125.200.0-255,5738,215201,10,221071
24113,0.015477,172.31.36.0-255,66,215267,10,221071
24114,0.017777,74.125.200.0-255,5738,221005,10,221071
24115,0.017785,172.31.36.0-255,66,221071,10,221071
24116,0.0,74.125.24.0-255,66,66,10,66
24117,0.0,74.125.24.0-255,298,298,10,289048
24118,3.5e-05,172.31.36.0-255,66,364,10,289048
24119,4.2e-05,74.125.24.0-255,1484,1848,10,289048
24120,4.8e-05,172.31.36.0-255,66,1914,10,289048
24121,5.3e-05,74.125.24.0-255,2902,4816,10,289048
24122,5.6e-05,172.31.36.0-255,66,4882,10,289048
24123,6.2e-05,74.125.24.0-255,5738,10620,10,289048
24124,6.5e-05,172.31.36.0-255,66,10686,10,289048
24125,7e-05,74.125.24.0-255,2902,13588,10,289048
24126,7.2e-05,172.31.36.0-255,66,13654,10,289048
24127,9.2e-05,74.125.24.0-255,400,14054,10,289048
24128,9.5e-05,172.31.36.0-255,66,14120,10,289048
24129,0.000202,74.125.24.0-255,1484,15604,10,289048
24130,0.000207,172.31.36.0-255,66,15670,10,289048
24131,0.00021,74.125.24.0-255,1484,17154,10,289048
24132,0.000213,172.31.36.0-255,66,17220,10,289048
24133,0.000226,74.125.24.0-255,1484,18704,10,289048
24134,0.000231,172.31.36.0-255,66,18770,10,289048
24135,0.000237,74.125.24.0-255,5738,24508,10,289048
24136,0.000241,172.31.36.0-255,66,24574,10,289048
24137,0.000292,74.125.24.0-255,5738,30312,10,289048
24138,0.000295,172.31.36.0-255,66,30378,10,289048
24139,0.000306,74.125.24.0-255,1125,31503,10,289048
24140,0.000308,172.31.36.0-255,66,31569,10,289048
24141,0.000326,74.125.24.0-255,7156,38725,10,289048
24142,0.000329,172.31.36.0-255,66,38791,10,289048
24143,0.000334,74.125.24.0-255,4320,43111,10,289048
24144,0.000337,172.31.36.0-255,66,43177,10,289048
24145,0.00037,74.125.24.0-255,1484,44661,10,289048
24146,0.000373,172.31.36.0-255,66,44727,10,289048
24147,0.000394,74.125.24.0-255,3961,48688,10,289048
24148,0.000399,172.31.36.0-255,66,48754,10,289048
24149,0.000778,74.125.24.0-255,1484,50238,10,289048
24150,0.000805,74.125.24.0-255,2902,53140,10,289048
24151,0.000809,172.31.36.0-255,66,53206,10,289048
24152,0.000816,74.125.24.0-255,5738,58944,10,289048
24153,0.000836,74.125.24.0-255,4320,63264,10,289048
24154,0.000854,74.125.24.0-255,2543,65807,10,289048
24155,0.000861,74.125.24.0-255,7156,72963,10,289048
24156,0.000884,74.125.24.0-255,2902,75865,10,289048
24157,0.000907,74.125.24.0-255,6797,82662,10,289048
24158,0.001,74.125.24.0-255,1484,84146,10,289048
24159,0.001018,74.125.24.0-255,2902,87048,10,289048
24160,0.001022,74.125.24.0-255,1484,88532,10,289048
24161,0.001035,74.125.24.0-255,4320,92852,10,289048
24162,0.001038,74.125.24.0-255,1484,94336,10,289048
24163,0.001059,74.125.24.0-255,7156,101492,10,289048
24164,0.001078,74.125.24.0-255,1484,102976,10,289048
24165,0.001104,74.125.24.0-255,5738,108714,10,289048
24166,0.001185,74.125.24.0-255,1484,110198,10,289048
24167,0.001198,74.125.24.0-255,1484,111682,10,289048
24168,0.001216,74.125.24.0-255,1484,113166,10,289048
24169,0.001222,74.125.24.0-255,5738,118904,10,289048
24170,0.001247,74.125.24.0-255,2902,121806,10,289048
24171,0.00126,74.125.24.0-255,1484,123290,10,289048
24172,0.001266,74.125.24.0-255,5738,129028,10,289048
24173,0.001282,74.125.24.0-255,2902,131930,10,289048
24174,0.001302,74.125.24.0-255,2184,134114,10,289048
24175,0.001329,74.125.24.0-255,212,134326,10,289048
24176,0.001359,74.125.24.0-255,1484,135810,10,289048
24177,0.001381,74.125.24.0-255,4320,140130,10,289048
24178,0.001384,74.125.24.0-255,1484,141614,10,289048
24179,0.001402,74.125.24.0-255,7156,148770,10,289048
24180,0.001419,74.125.24.0-255,2902,151672,10,289048
24181,0.001457,74.125.24.0-255,2902,154574,10,289048
24182,0.001472,74.125.24.0-255,5020,159594,10,289048
24183,0.001891,74.125.24.0-255,1484,161078,10,289048
24184,0.001899,74.125.24.0-255,2902,163980,10,289048
24185,0.001902,74.125.24.0-255,1484,165464,10,289048
24186,0.001923,74.125.24.0-255,4320,169784,10,289048
24187,0.001929,74.125.24.0-255,5738,175522,10,289048
24188,0.001949,74.125.24.0-255,7156,182678,10,289048
24189,0.001968,74.125.24.0-255,1484,184162,10,289048
24190,0.001992,74.125.24.0-255,766,184928,10,289048
24191,0.002138,74.125.24.0-255,1484,186412,10,289048
24192,0.002148,74.125.24.0-255,1484,187896,10,289048
24193,0.002165,74.125.24.0-255,1484,189380,10,289048
24194,0.002171,74.125.24.0-255,5738,195118,10,289048
24195,0.002216,74.125.24.0-255,1484,196602,10,289048
24196,0.002284,74.125.24.0-255,1484,198086,10,289048
24197,0.002292,74.125.24.0-255,2902,200988,10,289048
24198,0.002295,74.125.24.0-255,1484,202472,10,289048
24199,0.002313,74.125.24.0-255,4320,206792,10,289048
24200,0.002327,74.125.24.0-255,2902,209694,10,289048
24201,0.002349,74.125.24.0-255,4320,214014,10,289048
24202,0.00237,74.125.24.0-255,6438,220452,10,289048
24203,0.002373,74.125.24.0-255,1484,221936,10,289048
24204,0.0024,74.125.24.0-255,1484,223420,10,289048
24205,0.002448,74.125.24.0-255,4320,227740,10,289048
24206,0.002463,74.125.24.0-255,2184,229924,10,289048
24207,0.002533,74.125.24.0-255,1484,231408,10,289048
24208,0.002537,74.125.24.0-255,2902,234310,10,289048
24209,0.002553,74.125.24.0-255,2902,237212,10,289048
24210,0.002568,74.125.24.0-255,2902,240114,10,289048
24211,0.002587,74.125.24.0-255,4320,244434,10,289048
24212,0.002591,74.125.24.0-255,2902,247336,10,289048
24213,0.002605,74.125.24.0-255,2902,250238,10,289048
24214,0.002617,74.125.24.0-255,4320,254558,10,289048
24215,0.002628,74.125.24.0-255,766,255324,10,289048
24216,0.002645,74.125.24.0-255,1484,256808,10,289048
24217,0.002657,74.125.24.0-255,2902,259710,10,289048
24218,0.002677,74.125.24.0-255,5738,265448,10,289048
24219,0.0027,74.125.24.0-255,5738,271186,10,289048
24220,0.002715,74.125.24.0-255,7156,278342,10,289048
24221,0.002721,74.125.24.0-255,5738,284080,10,289048
24222,0.002733,74.125.24.0-255,1484,285564,10,289048
24223,0.002748,74.125.24.0-255,1484,287048,10,289048
24224,0.002808,74.125.24.0-255,1484,288532,10,289048
24225,0.002811,74.125.24.0-255,174,288706,10,289048
24226,0.002859,74.125.24.0-255,105,288811,10,289048
24227,0.006011,172.31.36.0-255,66,288877,10,289048
24228,0.009546,172.31.36.0-255,105,288982,10,289048
24229,0.012119,74.125.24.0-255,66,289048,10,289048
24230,0.0,74.125.68.0-255,145,145,10,196500
24231,3.2e-05,172.31.36.0-255,66,211,10,196500
24232,3.8e-05,74.125.68.0-255,1484,1695,10,196500
24233,4.2e-05,172.31.36.0-255,66,1761,10,196500
24234,4.7e-05,74.125.68.0-255,2902,4663,10,196500
24235,5.9e-05,172.31.36.0-255,66,4729,10,196500
24236,6.5e-05,74.125.68.0-255,5738,10467,10,196500
24237,6.8e-05,172.31.36.0-255,66,10533,10,196500
24238,7.4e-05,74.125.68.0-255,4800,15333,10,196500
24239,7.7e-05,172.31.36.0-255,66,15399,10,196500
24240,0.000105,74.125.68.0-255,2902,18301,10,196500
24241,0.000108,172.31.36.0-255,66,18367,10,196500
24242,0.000137,74.125.68.0-255,2902,21269,10,196500
24243,0.00014,172.31.36.0-255,66,21335,10,196500
24244,0.000144,74.125.68.0-255,1484,22819,10,196500
24245,0.000146,172.31.36.0-255,66,22885,10,196500
24246,0.00015,74.125.68.0-255,2902,25787,10,196500
24247,0.000152,172.31.36.0-255,66,25853,10,196500
24248,0.000185,74.125.68.0-255,4320,30173,10,196500
24249,0.000188,172.31.36.0-255,66,30239,10,196500
24250,0.000225,74.125.68.0-255,1125,31364,10,196500
24251,0.000228,172.31.36.0-255,66,31430,10,196500
24252,0.000311,74.125.68.0-255,1484,32914,10,196500
24253,0.000316,172.31.36.0-255,66,32980,10,196500
24254,0.000344,74.125.68.0-255,2902,35882,10,196500
24255,0.000348,172.31.36.0-255,66,35948,10,196500
24256,0.000355,74.125.68.0-255,5738,41686,10,196500
24257,0.000358,172.31.36.0-255,66,41752,10,196500
24258,0.000389,74.125.68.0-255,6797,48549,10,196500
24259,0.000395,172.31.36.0-255,66,48615,10,196500
24260,0.000398,74.125.68.0-255,1484,50099,10,196500
24261,0.0004,172.31.36.0-255,66,50165,10,196500
24262,0.000437,74.125.68.0-255,5738,55903,10,196500
24263,0.000442,172.31.36.0-255,66,55969,10,196500
24264,0.000448,74.125.68.0-255,5738,61707,10,196500
24265,0.000454,172.31.36.0-255,66,61773,10,196500
24266,0.00047,74.125.68.0-255,1484,63257,10,196500
24267,0.000495,74.125.68.0-255,2855,66112,10,196500
24268,0.000499,172.31.36.0-255,66,66178,10,196500
24269,0.000696,74.125.68.0-255,112,66290,10,196500
24270,0.000813,172.31.36.0-255,66,66356,10,196500
24271,0.000977,74.125.68.0-255,1484,67840,10,196500
24272,0.000986,74.125.68.0-255,2902,70742,10,196500
24273,0.00099,172.31.36.0-255,66,70808,10,196500
24274,0.001022,74.125.68.0-255,5738,76546,10,196500
24275,0.001026,172.31.36.0-255,66,76612,10,196500
24276,0.001031,74.125.68.0-255,2902,79514,10,196500
24277,0.001034,172.31.36.0-255,66,79580,10,196500
24278,0.001068,74.125.68.0-255,3961,83541,10,196500
24279,0.001072,172.31.36.0-255,66,83607,10,196500
24280,0.00108,74.125.68.0-255,7156,90763,10,196500
24281,0.001083,172.31.36.0-255,66,90829,10,196500
24282,0.00109,74.125.68.0-255,7156,97985,10,196500
24283,0.001095,172.31.36.0-255,66,98051,10,196500
24284,0.001114,74.125.68.0-255,2543,100594,10,196500
24285,0.001117,172.31.36.0-255,66,100660,10,196500
24286,0.002109,74.125.68.0-255,1484,102144,10,196500
24287,0.002166,74.125.68.0-255,2902,105046,10,196500
24288,0.002171,172.31.36.0-255,66,105112,10,196500
24289,0.002175,74.125.68.0-255,1484,106596,10,196500
24290,0.002179,74.125.68.0-255,2902,109498,10,196500
24291,0.002181,172.31.36.0-255,66,109564,10,196500
24292,0.002191,74.125.68.0-255,5738,115302,10,196500
24293,0.002193,172.31.36.0-255,66,115368,10,196500
24294,0.002199,74.125.68.0-255,5738,121106,10,196500
24295,0.002201,172.31.36.0-255,66,121172,10,196500
24296,0.002206,74.125.68.0-255,4320,125492,10,196500
24297,0.002208,172.31.36.0-255,66,125558,10,196500
24298,0.00223,74.125.68.0-255,2902,128460,10,196500
24299,0.002232,172.31.36.0-255,66,128526,10,196500
24300,0.002237,74.125.68.0-255,4320,132846,10,196500
24301,0.00224,172.31.36.0-255,66,132912,10,196500
24302,0.002266,74.125.68.0-255,2184,135096,10,196500
24303,0.002268,172.31.36.0-255,66,135162,10,196500
24304,0.00236,74.125.68.0-255,1484,136646,10,196500
24305,0.002377,74.125.68.0-255,2902,139548,10,196500
24306,0.002379,172.31.36.0-255,66,139614,10,196500
24307,0.002383,74.125.68.0-255,1484,141098,10,196500
24308,0.002411,74.125.68.0-255,2902,144000,10,196500
24309,0.002415,172.31.36.0-255,66,144066,10,196500
24310,0.00242,74.125.68.0-255,4320,148386,10,196500
24311,0.002423,172.31.36.0-255,66,148452,10,196500
24312,0.002454,74.125.68.0-255,4320,152772,10,196500
24313,0.002457,172.31.36.0-255,66,152838,10,196500
24314,0.002462,74.125.68.0-255,4320,157158,10,196500
24315,0.002465,172.31.36.0-255,66,157224,10,196500
24316,0.002495,74.125.68.0-255,4320,161544,10,196500
24317,0.002498,172.31.36.0-255,66,161610,10,196500
24318,0.002521,172.31.36.0-255,66,161676,10,196500
24319,0.005019,74.125.68.0-255,5738,167414,10,196500
24320,0.005025,172.31.36.0-255,66,167480,10,196500
24321,0.007534,74.125.68.0-255,5738,173218,10,196500
24322,0.007539,172.31.36.0-255,66,173284,10,196500
24323,0.010056,74.125.68.0-255,5738,179022,10,196500
24324,0.010065,172.31.36.0-255,66,179088,10,196500
24325,0.012574,74.125.68.0-255,5738,184826,10,196500
24326,0.012582,172.31.36.0-255,66,184892,10,196500
24327,0.015099,74.125.68.0-255,5738,190630,10,196500
24328,0.01511,172.31.36.0-255,66,190696,10,196500
24329,0.017619,74.125.68.0-255,5738,196434,10,196500
24330,0.017628,172.31.36.0-255,66,196500,10,196500
24331,0.0,172.217.194.0-255,146,146,10,128375
24332,2e-05,172.31.36.0-255,66,212,10,128375
24333,2.7e-05,172.217.194.0-255,1484,1696,10,128375
24334,3.2e-05,172.31.36.0-255,66,1762,10,128375
24335,4.8e-05,172.217.194.0-255,2902,4664,10,128375
24336,5.3e-05,172.31.36.0-255,66,4730,10,128375
24337,6e-05,172.217.194.0-255,7156,11886,10,128375
24338,6.3e-05,172.31.36.0-255,66,11952,10,128375
24339,6.7e-05,172.217.194.0-255,2104,14056,10,128375
24340,7e-05,172.31.36.0-255,66,14122,10,128375
24341,0.000107,172.217.194.0-255,2902,17024,10,128375
24342,0.00011,172.31.36.0-255,66,17090,10,128375
24343,0.000116,172.217.194.0-255,4320,21410,10,128375
24344,0.000119,172.31.36.0-255,66,21476,10,128375
24345,0.00013,172.31.36.0-255,66,21542,10,128375
24346,0.000154,172.217.194.0-255,1125,22667,10,128375
24347,0.000157,172.31.36.0-255,66,22733,10,128375
24348,0.000938,172.217.194.0-255,1484,24217,10,128375
24349,0.000944,172.31.36.0-255,66,24283,10,128375
24350,0.000954,172.217.194.0-255,2902,27185,10,128375
24351,0.000957,172.31.36.0-255,66,27251,10,128375
24352,0.000969,172.217.194.0-255,5738,32989,10,128375
24353,0.000972,172.31.36.0-255,66,33055,10,128375
24354,0.001006,172.217.194.0-255,6797,39852,10,128375
24355,0.001009,172.31.36.0-255,66,39918,10,128375
24356,0.001012,172.217.194.0-255,1484,41402,10,128375
24357,0.001014,172.31.36.0-255,66,41468,10,128375
24358,0.001045,172.217.194.0-255,5738,47206,10,128375
24359,0.001048,172.31.36.0-255,66,47272,10,128375
24360,0.001059,172.31.36.0-255,66,47338,10,128375
24361,0.001062,172.217.194.0-255,1377,48715,10,128375
24362,0.001113,172.217.194.0-255,118,48833,10,128375
24363,0.001223,172.217.194.0-255,1484,50317,10,128375
24364,0.001228,172.31.36.0-255,66,50383,10,128375
24365,0.001234,172.217.194.0-255,2902,53285,10,128375
24366,0.001237,172.31.36.0-255,66,53351,10,128375
24367,0.001249,172.217.194.0-255,5738,59089,10,128375
24368,0.001251,172.31.36.0-255,66,59155,10,128375
24369,0.001288,172.31.36.0-255,66,59221,10,128375
24370,0.001318,172.217.194.0-255,4320,63541,10,128375
24371,0.001321,172.31.36.0-255,66,63607,10,128375
24372,0.00136,172.31.36.0-255,66,63673,10,128375
24373,0.001373,172.31.36.0-255,66,63739,10,128375
24374,0.001435,172.31.36.0-255,66,63805,10,128375
24375,0.001887,172.217.194.0-255,1484,65289,10,128375
24376,0.001896,172.217.194.0-255,2902,68191,10,128375
24377,0.001901,172.31.36.0-255,66,68257,10,128375
24378,0.001908,172.217.194.0-255,2902,71159,10,128375
24379,0.00191,172.31.36.0-255,66,71225,10,128375
24380,0.001931,172.217.194.0-255,2902,74127,10,128375
24381,0.001934,172.31.36.0-255,66,74193,10,128375
24382,0.001947,172.31.36.0-255,66,74259,10,128375
24383,0.001981,172.217.194.0-255,2902,77161,10,128375
24384,0.001983,172.31.36.0-255,66,77227,10,128375
24385,0.001998,172.31.36.0-255,66,77293,10,128375
24386,0.002227,172.217.194.0-255,1484,78777,10,128375
24387,0.002242,172.217.194.0-255,2902,81679,10,128375
24388,0.002245,172.31.36.0-255,66,81745,10,128375
24389,0.002264,172.217.194.0-255,5738,87483,10,128375
24390,0.002267,172.31.36.0-255,66,87549,10,128375
24391,0.002307,172.31.36.0-255,66,87615,10,128375
24392,0.002324,172.31.36.0-255,66,87681,10,128375
24393,0.002356,172.31.36.0-255,66,87747,10,128375
24394,0.004705,172.217.194.0-255,5738,93485,10,128375
24395,0.004711,172.31.36.0-255,66,93551,10,128375
24396,0.007043,172.217.194.0-255,5738,99289,10,128375
24397,0.007048,172.31.36.0-255,66,99355,10,128375
24398,0.009388,172.217.194.0-255,5738,105093,10,128375
24399,0.009396,172.31.36.0-255,66,105159,10,128375
24400,0.011728,172.217.194.0-255,5738,110897,10,128375
24401,0.011737,172.31.36.0-255,66,110963,10,128375
24402,0.014075,172.217.194.0-255,5738,116701,10,128375
24403,0.014082,172.31.36.0-255,66,116767,10,128375
24404,0.016412,172.217.194.0-255,5738,122505,10,128375
24405,0.016419,172.31.36.0-255,66,122571,10,128375
24406,0.018758,172.217.194.0-255,5738,128309,10,128375
24407,0.018769,172.31.36.0-255,66,128375,10,128375
24408,0.0,74.125.24.0-255,298,298,10,164279
24409,1.5e-05,172.31.36.0-255,66,364,10,164279
24410,2.4e-05,74.125.24.0-255,1484,1848,10,164279
24411,2.9e-05,172.31.36.0-255,66,1914,10,164279
24412,3.6e-05,74.125.24.0-255,4320,6234,10,164279
24413,3.9e-05,172.31.36.0-255,66,6300,10,164279
24414,6.1e-05,172.31.36.0-255,66,6366,10,164279
24415,7.6e-05,172.31.36.0-255,66,6432,10,164279
24416,0.000139,74.125.24.0-255,2543,8975,10,164279
24417,0.000142,172.31.36.0-255,66,9041,10,164279
24418,0.000168,74.125.24.0-255,1484,10525,10,164279
24419,0.000171,172.31.36.0-255,66,10591,10,164279
24420,0.000176,74.125.24.0-255,2902,13493,10,164279
24421,0.000179,172.31.36.0-255,66,13559,10,164279
24422,0.0002,74.125.24.0-255,5738,19297,10,164279
24423,0.000203,172.31.36.0-255,66,19363,10,164279
24424,0.00021,74.125.24.0-255,5738,25101,10,164279
24425,0.000213,172.31.36.0-255,66,25167,10,164279
24426,0.000244,74.125.24.0-255,2543,27710,10,164279
24427,0.000246,172.31.36.0-255,66,27776,10,164279
24428,0.000264,172.31.36.0-255,66,27842,10,164279
24429,0.000267,74.125.24.0-255,414,28256,10,164279
24430,0.000268,172.31.36.0-255,66,28322,10,164279
24431,0.0004,74.125.24.0-255,331,28653,10,164279
24432,0.000405,172.31.36.0-255,66,28719,10,164279
24433,0.000781,74.125.24.0-255,1484,30203,10,164279
24434,0.000786,172.31.36.0-255,66,30269,10,164279
24435,0.000793,74.125.24.0-255,2902,33171,10,164279
24436,0.000795,172.31.36.0-255,66,33237,10,164279
24437,0.0008,74.125.24.0-255,2902,36139,10,164279
24438,0.000802,172.31.36.0-255,66,36205,10,164279
24439,0.000841,74.125.24.0-255,2902,39107,10,164279
24440,0.000844,172.31.36.0-255,66,39173,10,164279
24441,0.000851,74.125.24.0-255,5738,44911,10,164279
24442,0.000853,172.31.36.0-255,66,44977,10,164279
24443,0.000867,172.31.36.0-255,66,45043,10,164279
24444,0.000912,74.125.24.0-255,5020,50063,10,164279
24445,0.000915,172.31.36.0-255,66,50129,10,164279
24446,0.00162,74.125.24.0-255,1484,51613,10,164279
24447,0.00163,74.125.24.0-255,2902,54515,10,164279
24448,0.001634,172.31.36.0-255,66,54581,10,164279
24449,0.001641,74.125.24.0-255,5738,60319,10,164279
24450,0.001643,172.31.36.0-255,66,60385,10,164279
24451,0.001686,172.31.36.0-255,66,60451,10,164279
24452,0.001696,172.31.36.0-255,66,60517,10,164279
24453,0.001726,74.125.24.0-255,2184,62701,10,164279
24454,0.001728,172.31.36.0-255,66,62767,10,164279
24455,0.001782,74.125.24.0-255,1484,64251,10,164279
24456,0.001787,74.125.24.0-255,1484,65735,10,164279
24457,0.00179,172.31.36.0-255,66,65801,10,164279
24458,0.001818,74.125.24.0-255,1484,67285,10,164279
24459,0.001825,74.125.24.0-255,5738,73023,10,164279
24460,0.001827,172.31.36.0-255,66,73089,10,164279
24461,0.001841,172.31.36.0-255,66,73155,10,164279
24462,0.001849,74.125.24.0-255,7156,80311,10,164279
24463,0.001851,172.31.36.0-255,66,80377,10,164279
24464,0.001878,74.125.24.0-255,3602,83979,10,164279
24465,0.00188,172.31.36.0-255,66,84045,10,164279
24466,0.00191,74.125.24.0-255,4320,88365,10,164279
24467,0.001912,172.31.36.0-255,66,88431,10,164279
24468,0.001916,74.125.24.0-255,1484,89915,10,164279
24469,0.001955,172.31.36.0-255,66,89981,10,164279
24470,0.001969,172.31.36.0-255,66,90047,10,164279
24471,0.002006,172.31.36.0-255,66,90113,10,164279
24472,0.00201,74.125.24.0-255,1484,91597,10,164279
24473,0.002037,74.125.24.0-255,7156,98753,10,164279
24474,0.00204,172.31.36.0-255,66,98819,10,164279
24475,0.002076,74.125.24.0-255,5738,104557,10,164279
24476,0.00208,172.31.36.0-255,66,104623,10,164279
24477,0.002111,74.125.24.0-255,5738,110361,10,164279
24478,0.002114,172.31.36.0-255,66,110427,10,164279
24479,0.002119,74.125.24.0-255,2902,113329,10,164279
24480,0.002121,172.31.36.0-255,66,113395,10,164279
24481,0.004093,74.125.24.0-255,5738,119133,10,164279
24482,0.004107,172.31.36.0-255,66,119199,10,164279
24483,0.00609,74.125.24.0-255,5738,124937,10,164279
24484,0.006094,172.31.36.0-255,66,125003,10,164279
24485,0.008075,74.125.24.0-255,5738,130741,10,164279
24486,0.008086,172.31.36.0-255,66,130807,10,164279
24487,0.010077,74.125.24.0-255,5738,136545,10,164279
24488,0.010084,172.31.36.0-255,66,136611,10,164279
24489,0.012038,74.125.24.0-255,4320,140931,10,164279
24490,0.012046,172.31.36.0-255,66,140997,10,164279
24491,0.012082,74.125.24.0-255,1484,142481,10,164279
24492,0.014028,74.125.24.0-255,4320,146801,10,164279
24493,0.014035,172.31.36.0-255,66,146867,10,164279
24494,0.016036,74.125.24.0-255,5738,152605,10,164279
24495,0.016044,172.31.36.0-255,66,152671,10,164279
24496,0.017975,74.125.24.0-255,5738,158409,10,164279
24497,0.017981,172.31.36.0-255,66,158475,10,164279
24498,0.019936,74.125.24.0-255,5738,164213,10,164279
24499,0.019944,172.31.36.0-255,66,164279,10,164279
24500,0.0,74.125.130.0-255,146,146,10,225514
24501,3.4e-05,172.31.36.0-255,66,212,10,225514
24502,4.1e-05,74.125.130.0-255,1484,1696,10,225514
24503,4.6e-05,172.31.36.0-255,66,1762,10,225514
24504,5.1e-05,74.125.130.0-255,2902,4664,10,225514
24505,5.4e-05,172.31.36.0-255,66,4730,10,225514
24506,5.9e-05,74.125.130.0-255,4320,9050,10,225514
24507,6.1e-05,172.31.36.0-255,66,9116,10,225514
24508,6.5e-05,74.125.130.0-255,1484,10600,10,225514
24509,6.7e-05,172.31.36.0-255,66,10666,10,225514
24510,9.5e-05,74.125.130.0-255,3436,14102,10,225514
24511,0.0001,172.31.36.0-255,66,14168,10,225514
24512,0.000192,74.125.130.0-255,1484,15652,10,225514
24513,0.000195,172.31.36.0-255,66,15718,10,225514
24514,0.000201,74.125.130.0-255,2902,18620,10,225514
24515,0.000203,172.31.36.0-255,66,18686,10,225514
24516,0.000251,74.125.130.0-255,4320,23006,10,225514
24517,0.000255,172.31.36.0-255,66,23072,10,225514
24518,0.000258,74.125.130.0-255,1484,24556,10,225514
24519,0.00026,172.31.36.0-255,66,24622,10,225514
24520,0.000283,74.125.130.0-255,6797,31419,10,225514
24521,0.000286,172.31.36.0-255,66,31485,10,225514
24522,0.00055,74.125.130.0-255,1484,32969,10,225514
24523,0.000555,172.31.36.0-255,66,33035,10,225514
24524,0.00057,74.125.130.0-255,1484,34519,10,225514
24525,0.000573,172.31.36.0-255,66,34585,10,225514
24526,0.000577,74.125.130.0-255,2902,37487,10,225514
24527,0.000579,172.31.36.0-255,66,37553,10,225514
24528,0.000583,74.125.130.0-255,2902,40455,10,225514
24529,0.000586,172.31.36.0-255,66,40521,10,225514
24530,0.0006,74.125.130.0-255,2902,43423,10,225514
24531,0.000604,172.31.36.0-255,66,43489,10,225514
24532,0.000607,74.125.130.0-255,1484,44973,10,225514
24533,0.000626,74.125.130.0-255,3961,48934,10,225514
24534,0.000629,172.31.36.0-255,66,49000,10,225514
24535,0.000636,74.125.130.0-255,5738,54738,10,225514
24536,0.000638,172.31.36.0-255,66,54804,10,225514
24537,0.00066,74.125.130.0-255,2902,57706,10,225514
24538,0.000663,172.31.36.0-255,66,57772,10,225514
24539,0.00069,172.31.36.0-255,66,57838,10,225514
24540,0.001568,74.125.130.0-255,648,58486,10,225514
24541,0.001602,74.125.130.0-255,1484,59970,10,225514
24542,0.001606,172.31.36.0-255,66,60036,10,225514
24543,0.001628,74.125.130.0-255,2902,62938,10,225514
24544,0.00163,172.31.36.0-255,66,63004,10,225514
24545,0.001648,74.125.130.0-255,4320,67324,10,225514
24546,0.00165,172.31.36.0-255,66,67390,10,225514
24547,0.001677,74.125.130.0-255,7156,74546,10,225514
24548,0.001679,172.31.36.0-255,66,74612,10,225514
24549,0.001693,74.125.130.0-255,1484,76096,10,225514
24550,0.001708,74.125.130.0-255,4320,80416,10,225514
24551,0.00171,172.31.36.0-255,66,80482,10,225514
24552,0.001727,74.125.130.0-255,2902,83384,10,225514
24553,0.001729,172.31.36.0-255,66,83450,10,225514
24554,0.001735,74.125.130.0-255,5738,89188,10,225514
24555,0.001737,172.31.36.0-255,66,89254,10,225514
24556,0.001749,74.125.130.0-255,3602,92856,10,225514
24557,0.001751,172.31.36.0-255,66,92922,10,225514
24558,0.001768,74.125.130.0-255,5738,98660,10,225514
24559,0.00177,172.31.36.0-255,66,98726,10,225514
24560,0.001791,74.125.130.0-255,4320,103046,10,225514
24561,0.001794,172.31.36.0-255,66,103112,10,225514
24562,0.001798,74.125.130.0-255,2902,106014,10,225514
24563,0.0018,172.31.36.0-255,66,106080,10,225514
24564,0.001823,172.31.36.0-255,66,106146,10,225514
24565,0.001829,74.125.130.0-255,5738,111884,10,225514
24566,0.001831,172.31.36.0-255,66,111950,10,225514
24567,0.001856,74.125.130.0-255,5738,117688,10,225514
24568,0.001858,172.31.36.0-255,66,117754,10,225514
24569,0.001877,74.125.130.0-255,2902,120656,10,225514
24570,0.001879,172.31.36.0-255,66,120722,10,225514
24571,0.001894,74.125.130.0-255,7156,127878,10,225514
24572,0.001897,172.31.36.0-255,66,127944,10,225514
24573,0.001926,74.125.130.0-255,2184,130128,10,225514
24574,0.001928,172.31.36.0-255,66,130194,10,225514
24575,0.00193,74.125.130.0-255,1484,131678,10,225514
24576,0.001934,74.125.130.0-255,2902,134580,10,225514
24577,0.001936,172.31.36.0-255,66,134646,10,225514
24578,0.001942,74.125.130.0-255,5738,140384,10,225514
24579,0.001944,172.31.36.0-255,66,140450,10,225514
24580,0.001951,74.125.130.0-255,7156,147606,10,225514
24581,0.001954,172.31.36.0-255,66,147672,10,225514
24582,0.001975,74.125.130.0-255,1484,149156,10,225514
24583,0.001992,74.125.130.0-255,3602,152758,10,225514
24584,0.001994,172.31.36.0-255,66,152824,10,225514
24585,0.002105,74.125.130.0-255,1484,154308,10,225514
24586,0.002118,74.125.130.0-255,2902,157210,10,225514
24587,0.00212,172.31.36.0-255,66,157276,10,225514
24588,0.002123,74.125.130.0-255,1484,158760,10,225514
24589,0.002136,74.125.130.0-255,1484,160244,10,225514
24590,0.002137,172.31.36.0-255,66,160310,10,225514
24591,0.002142,74.125.130.0-255,4320,164630,10,225514
24592,0.002144,172.31.36.0-255,66,164696,10,225514
24593,0.002167,74.125.130.0-255,4320,169016,10,225514
24594,0.002169,172.31.36.0-255,66,169082,10,225514
24595,0.002185,74.125.130.0-255,4320,173402,10,225514
24596,0.002187,172.31.36.0-255,66,173468,10,225514
24597,0.00219,74.125.130.0-255,1484,174952,10,225514
24598,0.002213,74.125.130.0-255,4320,179272,10,225514
24599,0.002216,172.31.36.0-255,66,179338,10,225514
24600,0.002218,74.125.130.0-255,1484,180822,10,225514
24601,0.00223,74.125.130.0-255,1484,182306,10,225514
24602,0.002232,172.31.36.0-255,66,182372,10,225514
24603,0.002249,74.125.130.0-255,4320,186692,10,225514
24604,0.002251,172.31.36.0-255,66,186758,10,225514
24605,0.002253,74.125.130.0-255,766,187524,10,225514
24606,0.004017,172.31.36.0-255,66,187590,10,225514
24607,0.004574,74.125.130.0-255,4320,191910,10,225514
24608,0.004579,172.31.36.0-255,66,191976,10,225514
24609,0.006347,74.125.130.0-255,1484,193460,10,225514
24610,0.006921,74.125.130.0-255,2902,196362,10,225514
24611,0.006924,172.31.36.0-255,66,196428,10,225514
24612,0.006939,74.125.130.0-255,1484,197912,10,225514
24613,0.009277,74.125.130.0-255,4320,202232,10,225514
24614,0.009284,172.31.36.0-255,66,202298,10,225514
24615,0.011647,74.125.130.0-255,5738,208036,10,225514
24616,0.011653,172.31.36.0-255,66,208102,10,225514
24617,0.013996,74.125.130.0-255,5738,213840,10,225514
24618,0.014012,172.31.36.0-255,66,213906,10,225514
24619,0.016349,74.125.130.0-255,5738,219644,10,225514
24620,0.016359,172.31.36.0-255,66,219710,10,225514
24621,0.018707,74.125.130.0-255,5738,225448,10,225514
24622,0.018717,172.31.36.0-255,66,225514,10,225514
24623,0.0,74.125.24.0-255,299,299,10,111864
24624,1.8e-05,172.31.36.0-255,66,365,10,111864
24625,2.5e-05,74.125.24.0-255,1484,1849,10,111864
24626,2.9e-05,172.31.36.0-255,66,1915,10,111864
24627,4.8e-05,74.125.24.0-255,4320,6235,10,111864
24628,5.2e-05,172.31.36.0-255,66,6301,10,111864
24629,8.1e-05,74.125.24.0-255,4320,10621,10,111864
24630,8.5e-05,172.31.36.0-255,66,10687,10,111864
24631,0.000149,74.125.24.0-255,2902,13589,10,111864
24632,0.000152,172.31.36.0-255,66,13655,10,111864
24633,0.000187,172.31.36.0-255,66,13721,10,111864
24634,0.000336,74.125.24.0-255,7156,20877,10,111864
24635,0.000342,172.31.36.0-255,66,20943,10,111864
24636,0.000456,74.125.24.0-255,5738,26681,10,111864
24637,0.000461,172.31.36.0-255,66,26747,10,111864
24638,0.000498,172.31.36.0-255,66,26813,10,111864
24639,0.000804,74.125.24.0-255,4320,31133,10,111864
24640,0.00081,172.31.36.0-255,66,31199,10,111864
24641,0.000851,172.31.36.0-255,66,31265,10,111864
24642,0.00111,74.125.24.0-255,5738,37003,10,111864
24643,0.001115,172.31.36.0-255,66,37069,10,111864
24644,0.001151,172.31.36.0-255,66,37135,10,111864
24645,0.001441,74.125.24.0-255,5738,42873,10,111864
24646,0.001448,172.31.36.0-255,66,42939,10,111864
24647,0.001495,172.31.36.0-255,66,43005,10,111864
24648,0.001714,172.31.36.0-255,66,43071,10,111864
24649,0.001768,172.31.36.0-255,66,43137,10,111864
24650,0.0023,74.125.24.0-255,1484,44621,10,111864
24651,0.002336,74.125.24.0-255,2902,47523,10,111864
24652,0.002341,172.31.36.0-255,66,47589,10,111864
24653,0.002372,74.125.24.0-255,5738,53327,10,111864
24654,0.002375,172.31.36.0-255,66,53393,10,111864
24655,0.002472,74.125.24.0-255,7156,60549,10,111864
24656,0.002476,172.31.36.0-255,66,60615,10,111864
24657,0.002506,74.125.24.0-255,5738,66353,10,111864
24658,0.00251,172.31.36.0-255,66,66419,10,111864
24659,0.002702,74.125.24.0-255,5738,72157,10,111864
24660,0.002706,172.31.36.0-255,66,72223,10,111864
24661,0.002759,172.31.36.0-255,66,72289,10,111864
24662,0.003166,172.31.36.0-255,101,72390,10,111864
24663,0.003213,172.31.36.0-255,66,72456,10,111864
24664,0.003507,172.31.36.0-255,66,72522,10,111864
24665,0.003529,74.125.24.0-255,5738,78260,10,111864
24666,0.003532,172.31.36.0-255,66,78326,10,111864
24667,0.005652,74.125.24.0-255,66,78392,10,111864
24668,0.006056,74.125.24.0-255,5738,84130,10,111864
24669,0.006062,172.31.36.0-255,66,84196,10,111864
24670,0.008582,74.125.24.0-255,4320,88516,10,111864
24671,0.008585,172.31.36.0-255,66,88582,10,111864
24672,0.008616,74.125.24.0-255,1484,90066,10,111864
24673,0.01113,74.125.24.0-255,4320,94386,10,111864
24674,0.011136,172.31.36.0-255,66,94452,10,111864
24675,0.013684,74.125.24.0-255,5738,100190,10,111864
24676,0.013693,172.31.36.0-255,66,100256,10,111864
24677,0.016236,74.125.24.0-255,5738,105994,10,111864
24678,0.016243,172.31.36.0-255,66,106060,10,111864
24679,0.018802,74.125.24.0-255,5738,111798,10,111864
24680,0.01881,172.31.36.0-255,66,111864,10,111864
24681,0.0,74.125.24.0-255,150,150,10,228345
24682,3.2e-05,172.31.36.0-255,66,216,10,228345
24683,3.9e-05,74.125.24.0-255,1484,1700,10,228345
24684,4.4e-05,172.31.36.0-255,66,1766,10,228345
24685,4.9e-05,74.125.24.0-255,2902,4668,10,228345
24686,5.1e-05,172.31.36.0-255,66,4734,10,228345
24687,5.8e-05,74.125.24.0-255,7156,11890,10,228345
24688,6.1e-05,172.31.36.0-255,66,11956,10,228345
24689,9.3e-05,74.125.24.0-255,2019,13975,10,228345
24690,9.8e-05,172.31.36.0-255,66,14041,10,228345
24691,0.000196,74.125.24.0-255,1484,15525,10,228345
24692,0.0002,172.31.36.0-255,66,15591,10,228345
24693,0.000206,74.125.24.0-255,2902,18493,10,228345
24694,0.000209,172.31.36.0-255,66,18559,10,228345
24695,0.000212,74.125.24.0-255,1484,20043,10,228345
24696,0.000213,172.31.36.0-255,66,20109,10,228345
24697,0.000239,74.125.24.0-255,4320,24429,10,228345
24698,0.000242,172.31.36.0-255,66,24495,10,228345
24699,0.000247,74.125.24.0-255,2902,27397,10,228345
24700,0.000249,172.31.36.0-255,66,27463,10,228345
24701,0.000252,74.125.24.0-255,1484,28947,10,228345
24702,0.000253,172.31.36.0-255,66,29013,10,228345
24703,0.000285,172.31.36.0-255,66,29079,10,228345
24704,0.000298,172.31.36.0-255,66,29145,10,228345
24705,0.00032,74.125.24.0-255,2902,32047,10,228345
24706,0.000322,74.125.24.0-255,1484,33531,10,228345
24707,0.000325,172.31.36.0-255,66,33597,10,228345
24708,0.000328,172.31.36.0-255,66,33663,10,228345
24709,0.000348,172.31.36.0-255,66,33729,10,228345
24710,0.000363,74.125.24.0-255,3602,37331,10,228345
24711,0.000366,172.31.36.0-255,66,37397,10,228345
24712,0.000369,74.125.24.0-255,433,37830,10,228345
24713,0.000467,74.125.24.0-255,1484,39314,10,228345
24714,0.000471,172.31.36.0-255,66,39380,10,228345
24715,0.000476,74.125.24.0-255,2902,42282,10,228345
24716,0.000479,172.31.36.0-255,66,42348,10,228345
24717,0.000485,74.125.24.0-255,4320,46668,10,228345
24718,0.000487,172.31.36.0-255,66,46734,10,228345
24719,0.000506,74.125.24.0-255,1484,48218,10,228345
24720,0.000515,74.125.24.0-255,7156,55374,10,228345
24721,0.000517,172.31.36.0-255,66,55440,10,228345
24722,0.000541,74.125.24.0-255,5738,61178,10,228345
24723,0.000544,172.31.36.0-255,66,61244,10,228345
24724,0.000547,74.125.24.0-255,1484,62728,10,228345
24725,0.000551,74.125.24.0-255,2902,65630,10,228345
24726,0.000553,172.31.36.0-255,66,65696,10,228345
24727,0.00056,74.125.24.0-255,5738,71434,10,228345
24728,0.000562,172.31.36.0-255,66,71500,10,228345
24729,0.000565,74.125.24.0-255,1043,72543,10,228345
24730,0.000854,74.125.24.0-255,1484,74027,10,228345
24731,0.000859,172.31.36.0-255,66,74093,10,228345
24732,0.000865,74.125.24.0-255,2902,76995,10,228345
24733,0.000869,172.31.36.0-255,66,77061,10,228345
24734,0.000892,74.125.24.0-255,2902,79963,10,228345
24735,0.000895,172.31.36.0-255,66,80029,10,228345
24736,0.000901,74.125.24.0-255,4320,84349,10,228345
24737,0.000904,172.31.36.0-255,66,84415,10,228345
24738,0.00091,172.31.36.0-255,66,84481,10,228345
24739,0.00094,74.125.24.0-255,7156,91637,10,228345
24740,0.000943,172.31.36.0-255,66,91703,10,228345
24741,0.000967,74.125.24.0-255,6438,98141,10,228345
24742,0.00097,172.31.36.0-255,66,98207,10,228345
24743,0.00098,74.125.24.0-255,1484,99691,10,228345
24744,0.000993,74.125.24.0-255,2902,102593,10,228345
24745,0.000995,172.31.36.0-255,66,102659,10,228345
24746,0.001,74.125.24.0-255,2902,105561,10,228345
24747,0.001003,172.31.36.0-255,66,105627,10,228345
24748,0.001017,74.125.24.0-255,2902,108529,10,228345
24749,0.00102,172.31.36.0-255,66,108595,10,228345
24750,0.001037,74.125.24.0-255,4320,112915,10,228345
24751,0.00104,172.31.36.0-255,66,112981,10,228345
24752,0.001062,74.125.24.0-255,5738,118719,10,228345
24753,0.001065,172.31.36.0-255,66,118785,10,228345
24754,0.001078,74.125.24.0-255,1484,120269,10,228345
24755,0.001104,172.31.36.0-255,66,120335,10,228345
24756,0.001139,74.125.24.0-255,2184,122519,10,228345
24757,0.001143,172.31.36.0-255,66,122585,10,228345
24758,0.001248,74.125.24.0-255,1484,124069,10,228345
24759,0.001265,74.125.24.0-255,2902,126971,10,228345
24760,0.001269,172.31.36.0-255,66,127037,10,228345
24761,0.001293,74.125.24.0-255,5738,132775,10,228345
24762,0.001296,172.31.36.0-255,66,132841,10,228345
24763,0.001301,74.125.24.0-255,2902,135743,10,228345
24764,0.001304,172.31.36.0-255,66,135809,10,228345
24765,0.001336,172.31.36.0-255,66,135875,10,228345
24766,0.001375,74.125.24.0-255,4320,140195,10,228345
24767,0.001377,172.31.36.0-255,66,140261,10,228345
24768,0.001402,74.125.24.0-255,2902,143163,10,228345
24769,0.001406,74.125.24.0-255,3602,146765,10,228345
24770,0.00141,172.31.36.0-255,66,146831,10,228345
24771,0.001413,172.31.36.0-255,66,146897,10,228345
24772,0.001474,74.125.24.0-255,1484,148381,10,228345
24773,0.00149,74.125.24.0-255,2902,151283,10,228345
24774,0.001493,172.31.36.0-255,66,151349,10,228345
24775,0.001499,74.125.24.0-255,4320,155669,10,228345
24776,0.001501,172.31.36.0-255,66,155735,10,228345
24777,0.00154,172.31.36.0-255,66,155801,10,228345
24778,0.001547,74.125.24.0-255,7156,162957,10,228345
24779,0.001549,172.31.36.0-255,66,163023,10,228345
24780,0.001593,74.125.24.0-255,2902,165925,10,228345
24781,0.001597,172.31.36.0-255,66,165991,10,228345
24782,0.001621,74.125.24.0-255,6438,172429,10,228345
24783,0.001624,172.31.36.0-255,66,172495,10,228345
24784,0.00169,74.125.24.0-255,1484,173979,10,228345
24785,0.001695,74.125.24.0-255,1484,175463,10,228345
24786,0.001698,172.31.36.0-255,66,175529,10,228345
24787,0.001709,74.125.24.0-255,1484,177013,10,228345
24788,0.001714,74.125.24.0-255,2902,179915,10,228345
24789,0.001716,172.31.36.0-255,66,179981,10,228345
24790,0.001748,74.125.24.0-255,2902,182883,10,228345
24791,0.001752,172.31.36.0-255,66,182949,10,228345
24792,0.001775,172.31.36.0-255,66,183015,10,228345
24793,0.001783,74.125.24.0-255,7156,190171,10,228345
24794,0.001786,172.31.36.0-255,66,190237,10,228345
24795,0.001789,74.125.24.0-255,1484,191721,10,228345
24796,0.00181,74.125.24.0-255,2184,193905,10,228345
24797,0.001813,172.31.36.0-255,66,193971,10,228345
24798,0.001931,74.125.24.0-255,1484,195455,10,228345
24799,0.001937,74.125.24.0-255,2902,198357,10,228345
24800,0.00194,172.31.36.0-255,66,198423,10,228345
24801,0.001944,74.125.24.0-255,1484,199907,10,228345
24802,0.001966,74.125.24.0-255,4320,204227,10,228345
24803,0.001969,172.31.36.0-255,66,204293,10,228345
24804,0.001986,74.125.24.0-255,4320,208613,10,228345
24805,0.001989,172.31.36.0-255,66,208679,10,228345
24806,0.002028,172.31.36.0-255,66,208745,10,228345
24807,0.002041,172.31.36.0-255,66,208811,10,228345
24808,0.002053,172.31.36.0-255,66,208877,10,228345
24809,0.002081,74.125.24.0-255,1484,210361,10,228345
24810,0.002104,172.31.36.0-255,66,210427,10,228345
24811,0.002112,74.125.24.0-255,7156,217583,10,228345
24812,0.002114,172.31.36.0-255,66,217649,10,228345
24813,0.002162,172.31.36.0-255,66,217715,10,228345
24814,0.002175,172.31.36.0-255,66,217781,10,228345
24815,0.002225,172.31.36.0-255,66,217847,10,228345
24816,0.002245,74.125.24.0-255,6438,224285,10,228345
24817,0.002248,172.31.36.0-255,66,224351,10,228345
24818,0.002269,172.31.36.0-255,66,224417,10,228345
24819,0.002274,74.125.24.0-255,3520,227937,10,228345
24820,0.002278,172.31.36.0-255,66,228003,10,228345
24821,0.002281,74.125.24.0-255,105,228108,10,228345
24822,0.003745,172.31.36.0-255,66,228174,10,228345
24823,0.003774,172.31.36.0-255,105,228279,10,228345
24824,0.006125,74.125.24.0-255,66,228345,10,228345
24825,0.0,74.125.24.0-255,153,153,10,249870
24826,2.5e-05,172.31.36.0-255,66,219,10,249870
24827,3.3e-05,74.125.24.0-255,1484,1703,10,249870
24828,3.7e-05,172.31.36.0-255,66,1769,10,249870
24829,4.3e-05,74.125.24.0-255,2902,4671,10,249870
24830,4.6e-05,172.31.36.0-255,66,4737,10,249870
24831,5.2e-05,74.125.24.0-255,4320,9057,10,249870
24832,5.6e-05,172.31.36.0-255,66,9123,10,249870
24833,8.5e-05,74.125.24.0-255,4801,13924,10,249870
24834,8.8e-05,172.31.36.0-255,66,13990,10,249870
24835,0.000203,74.125.24.0-255,1484,15474,10,249870
24836,0.000207,172.31.36.0-255,66,15540,10,249870
24837,0.000213,74.125.24.0-255,2902,18442,10,249870
24838,0.000215,172.31.36.0-255,66,18508,10,249870
24839,0.000246,74.125.24.0-255,5738,24246,10,249870
24840,0.00025,172.31.36.0-255,66,24312,10,249870
24841,0.000253,74.125.24.0-255,1484,25796,10,249870
24842,0.000255,172.31.36.0-255,66,25862,10,249870
24843,0.000276,74.125.24.0-255,1484,27346,10,249870
24844,0.000279,172.31.36.0-255,66,27412,10,249870
24845,0.000303,74.125.24.0-255,6797,34209,10,249870
24846,0.000306,172.31.36.0-255,66,34275,10,249870
24847,0.000317,172.31.36.0-255,66,34341,10,249870
24848,0.000339,74.125.24.0-255,5379,39720,10,249870
24849,0.000343,172.31.36.0-255,66,39786,10,249870
24850,0.000382,74.125.24.0-255,4320,44106,10,249870
24851,0.000385,172.31.36.0-255,66,44172,10,249870
24852,0.000408,74.125.24.0-255,1484,45656,10,249870
24853,0.000411,172.31.36.0-255,66,45722,10,249870
24854,0.000424,74.125.24.0-255,4320,50042,10,249870
24855,0.000427,172.31.36.0-255,66,50108,10,249870
24856,0.000443,74.125.24.0-255,5738,55846,10,249870
24857,0.000446,172.31.36.0-255,66,55912,10,249870
24858,0.00046,74.125.24.0-255,1125,57037,10,249870
24859,0.000757,74.125.24.0-255,413,57450,10,249870
24860,0.000821,74.125.24.0-255,331,57781,10,249870
24861,0.000825,172.31.36.0-255,66,57847,10,249870
24862,0.001108,74.125.24.0-255,1484,59331,10,249870
24863,0.00112,74.125.24.0-255,2902,62233,10,249870
24864,0.001125,172.31.36.0-255,66,62299,10,249870
24865,0.001147,74.125.24.0-255,5738,68037,10,249870
24866,0.001149,172.31.36.0-255,66,68103,10,249870
24867,0.001175,74.125.24.0-255,2902,71005,10,249870
24868,0.001177,172.31.36.0-255,66,71071,10,249870
24869,0.001183,74.125.24.0-255,3961,75032,10,249870
24870,0.001185,172.31.36.0-255,66,75098,10,249870
24871,0.001188,74.125.24.0-255,1484,76582,10,249870
24872,0.001212,74.125.24.0-255,4320,80902,10,249870
24873,0.001214,172.31.36.0-255,66,80968,10,249870
24874,0.001234,74.125.24.0-255,2902,83870,10,249870
24875,0.001237,172.31.36.0-255,66,83936,10,249870
24876,0.00126,172.31.36.0-255,66,84002,10,249870
24877,0.001637,74.125.24.0-255,1484,85486,10,249870
24878,0.001645,74.125.24.0-255,1484,86970,10,249870
24879,0.001649,172.31.36.0-255,66,87036,10,249870
24880,0.001669,74.125.24.0-255,1484,88520,10,249870
24881,0.001676,74.125.24.0-255,5738,94258,10,249870
24882,0.001678,172.31.36.0-255,66,94324,10,249870
24883,0.001697,74.125.24.0-255,2902,97226,10,249870
24884,0.001699,172.31.36.0-255,66,97292,10,249870
24885,0.001737,172.31.36.0-255,66,97358,10,249870
24886,0.001745,74.125.24.0-255,7156,104514,10,249870
24887,0.001747,172.31.36.0-255,66,104580,10,249870
24888,0.001752,74.125.24.0-255,3602,108182,10,249870
24889,0.001754,172.31.36.0-255,66,108248,10,249870
24890,0.001861,74.125.24.0-255,1484,109732,10,249870
24891,0.001885,74.125.24.0-255,2902,112634,10,249870
24892,0.001889,172.31.36.0-255,66,112700,10,249870
24893,0.001896,74.125.24.0-255,4320,117020,10,249870
24894,0.001898,172.31.36.0-255,66,117086,10,249870
24895,0.001923,74.125.24.0-255,1484,118570,10,249870
24896,0.001931,74.125.24.0-255,7156,125726,10,249870
24897,0.001934,172.31.36.0-255,66,125792,10,249870
24898,0.001949,172.31.36.0-255,66,125858,10,249870
24899,0.001953,74.125.24.0-255,2184,128042,10,249870
24900,0.001955,172.31.36.0-255,66,128108,10,249870
24901,0.002025,74.125.24.0-255,1484,129592,10,249870
24902,0.002031,74.125.24.0-255,2902,132494,10,249870
24903,0.002035,172.31.36.0-255,66,132560,10,249870
24904,0.002038,74.125.24.0-255,1484,134044,10,249870
24905,0.002078,74.125.24.0-255,4320,138364,10,249870
24906,0.002083,172.31.36.0-255,66,138430,10,249870
24907,0.002089,74.125.24.0-255,5738,144168,10,249870
24908,0.002091,172.31.36.0-255,66,144234,10,249870
24909,0.002099,74.125.24.0-255,7156,151390,10,249870
24910,0.002101,172.31.36.0-255,66,151456,10,249870
24911,0.00212,74.125.24.0-255,5738,157194,10,249870
24912,0.002122,172.31.36.0-255,66,157260,10,249870
24913,0.002133,172.31.36.0-255,66,157326,10,249870
24914,0.002145,74.125.24.0-255,766,158092,10,249870
24915,0.002149,74.125.24.0-255,1484,159576,10,249870
24916,0.002152,172.31.36.0-255,66,159642,10,249870
24917,0.002195,172.31.36.0-255,66,159708,10,249870
24918,0.002241,74.125.24.0-255,1484,161192,10,249870
24919,0.002244,172.31.36.0-255,78,161270,10,249870
24920,0.002257,172.31.36.0-255,66,161336,10,249870
24921,0.002287,172.31.36.0-255,66,161402,10,249870
24922,0.002304,74.125.24.0-255,1484,162886,10,249870
24923,0.002316,172.31.36.0-255,66,162952,10,249870
24924,0.00232,74.125.24.0-255,2184,165136,10,249870
24925,0.002323,172.31.36.0-255,66,165202,10,249870
24926,0.002532,74.125.24.0-255,1484,166686,10,249870
24927,0.002538,74.125.24.0-255,1484,168170,10,249870
24928,0.002542,172.31.36.0-255,66,168236,10,249870
24929,0.002559,74.125.24.0-255,1484,169720,10,249870
24930,0.002566,74.125.24.0-255,4320,174040,10,249870
24931,0.002569,172.31.36.0-255,66,174106,10,249870
24932,0.002595,74.125.24.0-255,1484,175590,10,249870
24933,0.00261,172.31.36.0-255,66,175656,10,249870
24934,0.002622,172.31.36.0-255,66,175722,10,249870
24935,0.00264,74.125.24.0-255,5020,180742,10,249870
24936,0.002644,172.31.36.0-255,66,180808,10,249870
24937,0.002683,74.125.24.0-255,1484,182292,10,249870
24938,0.002689,74.125.24.0-255,2902,185194,10,249870
24939,0.002692,172.31.36.0-255,66,185260,10,249870
24940,0.002711,74.125.24.0-255,2902,188162,10,249870
24941,0.002714,172.31.36.0-255,66,188228,10,249870
24942,0.002738,74.125.24.0-255,2902,191130,10,249870
24943,0.002741,172.31.36.0-255,66,191196,10,249870
24944,0.002749,74.125.24.0-255,7156,198352,10,249870
24945,0.002751,172.31.36.0-255,66,198418,10,249870
24946,0.002757,74.125.24.0-255,5738,204156,10,249870
24947,0.00276,172.31.36.0-255,66,204222,10,249870
24948,0.002802,172.31.36.0-255,66,204288,10,249870
24949,0.002807,74.125.24.0-255,2184,206472,10,249870
24950,0.002809,172.31.36.0-255,66,206538,10,249870
24951,0.002831,74.125.24.0-255,1484,208022,10,249870
24952,0.002837,74.125.24.0-255,2902,210924,10,249870
24953,0.002839,172.31.36.0-255,66,210990,10,249870
24954,0.002863,74.125.24.0-255,5738,216728,10,249870
24955,0.002868,172.31.36.0-255,66,216794,10,249870
24956,0.002875,74.125.24.0-255,5738,222532,10,249870
24957,0.002877,172.31.36.0-255,66,222598,10,249870
24958,0.002894,74.125.24.0-255,2902,225500,10,249870
24959,0.002921,74.125.24.0-255,2902,228402,10,249870
24960,0.002936,74.125.24.0-255,2184,230586,10,249870
24961,0.002964,74.125.24.0-255,5738,236324,10,249870
24962,0.002971,74.125.24.0-255,4320,240644,10,249870
24963,0.003014,74.125.24.0-255,2902,243546,10,249870
24964,0.003103,74.125.24.0-255,2902,246448,10,249870
24965,0.003119,74.125.24.0-255,2913,249361,10,249870
24966,0.003122,74.125.24.0-255,105,249466,10,249870
24967,0.006654,172.31.36.0-255,66,249532,10,249870
24968,0.007417,172.31.36.0-255,101,249633,10,249870
24969,0.009332,172.31.36.0-255,105,249738,10,249870
24970,0.009506,74.125.24.0-255,66,249804,10,249870
24971,0.011462,74.125.24.0-255,66,249870,10,249870
24972,0.0,172.217.27.0-255,291,291,10,270460
24973,2.4e-05,172.31.36.0-255,66,357,10,270460
24974,3.2e-05,172.217.27.0-255,1484,1841,10,270460
24975,3.7e-05,172.31.36.0-255,66,1907,10,270460
24976,4.5e-05,172.217.27.0-255,4320,6227,10,270460
24977,4.8e-05,172.31.36.0-255,66,6293,10,270460
24978,6.2e-05,172.217.27.0-255,5738,12031,10,270460
24979,6.7e-05,172.31.36.0-255,66,12097,10,270460
24980,8.1e-05,172.31.36.0-255,66,12163,10,270460
24981,8.8e-05,172.217.27.0-255,6797,18960,10,270460
24982,9.2e-05,172.31.36.0-255,66,19026,10,270460
24983,0.000254,172.217.27.0-255,1484,20510,10,270460
24984,0.000259,172.31.36.0-255,66,20576,10,270460
24985,0.000265,172.217.27.0-255,2902,23478,10,270460
24986,0.000267,172.31.36.0-255,66,23544,10,270460
24987,0.00028,172.217.27.0-255,5738,29282,10,270460
24988,0.000282,172.31.36.0-255,66,29348,10,270460
24989,0.000287,172.217.27.0-255,2902,32250,10,270460
24990,0.000289,172.31.36.0-255,66,32316,10,270460
24991,0.000322,172.217.27.0-255,3961,36277,10,270460
24992,0.000324,172.31.36.0-255,66,36343,10,270460
24993,0.000349,172.217.27.0-255,1484,37827,10,270460
24994,0.000351,172.31.36.0-255,66,37893,10,270460
24995,0.000357,172.217.27.0-255,2902,40795,10,270460
24996,0.000359,172.31.36.0-255,66,40861,10,270460
24997,0.000366,172.217.27.0-255,5738,46599,10,270460
24998,0.000373,172.31.36.0-255,66,46665,10,270460
24999,0.000403,172.217.27.0-255,7082,53747,10,270460
25000,0.000406,172.31.36.0-255,66,53813,10,270460
25001,0.000647,172.217.27.0-255,142,53955,10,270460
25002,0.000653,172.31.36.0-255,66,54021,10,270460
25003,0.000774,172.217.27.0-255,1484,55505,10,270460
25004,0.000781,172.217.27.0-255,2902,58407,10,270460
25005,0.000784,172.31.36.0-255,66,58473,10,270460
25006,0.00079,172.217.27.0-255,2902,61375,10,270460
25007,0.000792,172.31.36.0-255,66,61441,10,270460
25008,0.000818,172.217.27.0-255,1484,62925,10,270460
25009,0.00083,172.217.27.0-255,5738,68663,10,270460
25010,0.000833,172.31.36.0-255,66,68729,10,270460
25011,0.000847,172.31.36.0-255,66,68795,10,270460
25012,0.000854,172.217.27.0-255,6797,75592,10,270460
25013,0.000857,172.31.36.0-255,66,75658,10,270460
25014,0.000907,172.217.27.0-255,1484,77142,10,270460
25015,0.000924,172.217.27.0-255,2902,80044,10,270460
25016,0.000926,172.31.36.0-255,66,80110,10,270460
25017,0.000934,172.217.27.0-255,5738,85848,10,270460
25018,0.000936,172.31.36.0-255,66,85914,10,270460
25019,0.000987,172.31.36.0-255,66,85980,10,270460
25020,0.000999,172.31.36.0-255,66,86046,10,270460
25021,0.001011,172.217.27.0-255,5020,91066,10,270460
25022,0.001013,172.31.36.0-255,66,91132,10,270460
25023,0.001042,172.217.27.0-255,5738,96870,10,270460
25024,0.001044,172.31.36.0-255,66,96936,10,270460
25025,0.001049,172.217.27.0-255,2902,99838,10,270460
25026,0.001051,172.31.36.0-255,66,99904,10,270460
25027,0.001057,172.217.27.0-255,4320,104224,10,270460
25028,0.001059,172.31.36.0-255,66,104290,10,270460
25029,0.001064,172.217.27.0-255,4320,108610,10,270460
25030,0.001067,172.31.36.0-255,66,108676,10,270460
25031,0.001092,172.217.27.0-255,4320,112996,10,270460
25032,0.001095,172.31.36.0-255,66,113062,10,270460
25033,0.00111,172.31.36.0-255,66,113128,10,270460
25034,0.001133,172.217.27.0-255,3602,116730,10,270460
25035,0.00114,172.31.36.0-255,66,116796,10,270460
25036,0.001212,172.217.27.0-255,1484,118280,10,270460
25037,0.001217,172.217.27.0-255,2902,121182,10,270460
25038,0.00122,172.31.36.0-255,66,121248,10,270460
25039,0.001252,172.217.27.0-255,5738,126986,10,270460
25040,0.001255,172.31.36.0-255,66,127052,10,270460
25041,0.001273,172.31.36.0-255,66,127118,10,270460
25042,0.001304,172.217.27.0-255,4320,131438,10,270460
25043,0.001307,172.31.36.0-255,66,131504,10,270460
25044,0.001341,172.217.27.0-255,6438,137942,10,270460
25045,0.001344,172.31.36.0-255,66,138008,10,270460
25046,0.001357,172.31.36.0-255,66,138074,10,270460
25047,0.001368,172.217.27.0-255,7156,145230,10,270460
25048,0.00137,172.31.36.0-255,66,145296,10,270460
25049,0.001427,172.31.36.0-255,66,145362,10,270460
25050,0.00145,172.217.27.0-255,6438,151800,10,270460
25051,0.001452,172.31.36.0-255,66,151866,10,270460
25052,0.001484,172.217.27.0-255,1484,153350,10,270460
25053,0.001489,172.217.27.0-255,2902,156252,10,270460
25054,0.001492,172.31.36.0-255,66,156318,10,270460
25055,0.001519,172.217.27.0-255,2902,159220,10,270460
25056,0.001521,172.31.36.0-255,66,159286,10,270460
25057,0.001527,172.217.27.0-255,4320,163606,10,270460
25058,0.001529,172.31.36.0-255,66,163672,10,270460
25059,0.001536,172.217.27.0-255,5738,169410,10,270460
25060,0.001553,172.31.36.0-255,66,169476,10,270460
25061,0.001584,172.217.27.0-255,2902,172378,10,270460
25062,0.001591,172.31.36.0-255,66,172444,10,270460
25063,0.001606,172.31.36.0-255,66,172510,10,270460
25064,0.001646,172.217.27.0-255,1484,173994,10,270460
25065,0.001661,172.217.27.0-255,2902,176896,10,270460
25066,0.001663,172.31.36.0-255,66,176962,10,270460
25067,0.001667,172.217.27.0-255,1484,178446,10,270460
25068,0.001696,172.217.27.0-255,4320,182766,10,270460
25069,0.0017,172.31.36.0-255,66,182832,10,270460
25070,0.00171,172.31.36.0-255,66,182898,10,270460
25071,0.00172,172.217.27.0-255,4320,187218,10,270460
25072,0.001722,172.31.36.0-255,66,187284,10,270460
25073,0.001725,172.217.27.0-255,1484,188768,10,270460
25074,0.001732,172.217.27.0-255,7156,195924,10,270460
25075,0.001734,172.31.36.0-255,66,195990,10,270460
25076,0.001756,172.217.27.0-255,1484,197474,10,270460
25077,0.00179,172.31.36.0-255,66,197540,10,270460
25078,0.001814,172.217.27.0-255,2184,199724,10,270460
25079,0.001827,172.31.36.0-255,66,199790,10,270460
25080,0.001857,172.217.27.0-255,1484,201274,10,270460
25081,0.001862,172.217.27.0-255,2902,204176,10,270460
25082,0.001865,172.217.27.0-255,1484,205660,10,270460
25083,0.001926,172.217.27.0-255,7156,212816,10,270460
25084,0.00193,172.31.36.0-255,66,212882,10,270460
25085,0.001935,172.31.36.0-255,66,212948,10,270460
25086,0.001947,172.217.27.0-255,1484,214432,10,270460
25087,0.001949,172.217.27.0-255,1484,215916,10,270460
25088,0.001951,172.217.27.0-255,1484,217400,10,270460
25089,0.001953,172.217.27.0-255,1484,218884,10,270460
25090,0.001958,172.217.27.0-255,4320,223204,10,270460
25091,0.001964,172.217.27.0-255,7156,230360,10,270460
25092,0.001969,172.217.27.0-255,3602,233962,10,270460
25093,0.00199,172.217.27.0-255,1484,235446,10,270460
25094,0.002009,172.217.27.0-255,2902,238348,10,270460
25095,0.002016,172.217.27.0-255,7156,245504,10,270460
25096,0.002019,172.217.27.0-255,1484,246988,10,270460
25097,0.002034,172.217.27.0-255,5738,252726,10,270460
25098,0.002044,172.31.36.0-255,66,252792,10,270460
25099,0.002054,172.217.27.0-255,4320,257112,10,270460
25100,0.002085,172.31.36.0-255,66,257178,10,270460
25101,0.002096,172.217.27.0-255,5020,262198,10,270460
25102,0.002121,172.217.27.0-255,7156,269354,10,270460
25103,0.002135,172.217.27.0-255,764,270118,10,270460
25104,0.002138,172.217.27.0-255,105,270223,10,270460
25105,0.002145,172.31.36.0-255,66,270289,10,270460
25106,0.00495,172.31.36.0-255,105,270394,10,270460
25107,0.006541,172.217.27.0-255,66,270460,10,270460
25108,0.0,172.217.194.0-255,146,146,10,169860
25109,2.3e-05,172.31.36.0-255,66,212,10,169860
25110,3e-05,172.217.194.0-255,1484,1696,10,169860
25111,3.6e-05,172.31.36.0-255,66,1762,10,169860
25112,4.2e-05,172.217.194.0-255,2902,4664,10,169860
25113,4.5e-05,172.31.36.0-255,66,4730,10,169860
25114,5.2e-05,172.217.194.0-255,5738,10468,10,169860
25115,5.6e-05,172.31.36.0-255,66,10534,10,169860
25116,7.6e-05,172.217.194.0-255,3501,14035,10,169860
25117,7.9e-05,172.31.36.0-255,66,14101,10,169860
25118,8.6e-05,172.217.194.0-255,4320,18421,10,169860
25119,8.9e-05,172.31.36.0-255,66,18487,10,169860
25120,0.000109,172.217.194.0-255,1484,19971,10,169860
25121,0.000112,172.31.36.0-255,66,20037,10,169860
25122,0.000149,172.31.36.0-255,66,20103,10,169860
25123,0.000155,172.217.194.0-255,5738,25841,10,169860
25124,0.000158,172.31.36.0-255,66,25907,10,169860
25125,0.000175,172.217.194.0-255,1484,27391,10,169860
25126,0.000177,172.31.36.0-255,66,27457,10,169860
25127,0.000206,172.31.36.0-255,66,27523,10,169860
25128,0.000211,172.217.194.0-255,2902,30425,10,169860
25129,0.000214,172.31.36.0-255,66,30491,10,169860
25130,0.00024,172.31.36.0-255,66,30557,10,169860
25131,0.000265,172.217.194.0-255,2902,33459,10,169860
25132,0.000268,172.31.36.0-255,66,33525,10,169860
25133,0.000272,172.217.194.0-255,2543,36068,10,169860
25134,0.000275,172.31.36.0-255,66,36134,10,169860
25135,0.000305,172.31.36.0-255,66,36200,10,169860
25136,0.000316,172.31.36.0-255,66,36266,10,169860
25137,0.000334,172.217.194.0-255,1125,37391,10,169860
25138,0.000338,172.217.194.0-255,1484,38875,10,169860
25139,0.00034,172.31.36.0-255,66,38941,10,169860
25140,0.000367,172.217.194.0-255,4320,43261,10,169860
25141,0.000369,172.31.36.0-255,66,43327,10,169860
25142,0.000377,172.217.194.0-255,7156,50483,10,169860
25143,0.000379,172.31.36.0-255,66,50549,10,169860
25144,0.000397,172.217.194.0-255,2902,53451,10,169860
25145,0.0004,172.31.36.0-255,66,53517,10,169860
25146,0.000403,172.217.194.0-255,1125,54642,10,169860
25147,0.001108,172.217.194.0-255,1484,56126,10,169860
25148,0.001114,172.31.36.0-255,66,56192,10,169860
25149,0.00112,172.217.194.0-255,2902,59094,10,169860
25150,0.001122,172.31.36.0-255,66,59160,10,169860
25151,0.001128,172.217.194.0-255,5738,64898,10,169860
25152,0.00113,172.31.36.0-255,66,64964,10,169860
25153,0.001133,172.217.194.0-255,1484,66448,10,169860
25154,0.001167,172.31.36.0-255,66,66514,10,169860
25155,0.001179,172.31.36.0-255,66,66580,10,169860
25156,0.001261,172.217.194.0-255,1484,68064,10,169860
25157,0.001267,172.217.194.0-255,2902,70966,10,169860
25158,0.00127,172.31.36.0-255,66,71032,10,169860
25159,0.001294,172.217.194.0-255,5738,76770,10,169860
25160,0.001297,172.31.36.0-255,66,76836,10,169860
25161,0.001306,172.31.36.0-255,66,76902,10,169860
25162,0.00133,172.217.194.0-255,4320,81222,10,169860
25163,0.001333,172.31.36.0-255,66,81288,10,169860
25164,0.001343,172.31.36.0-255,66,81354,10,169860
25165,0.001407,172.31.36.0-255,66,81420,10,169860
25166,0.001421,172.31.36.0-255,66,81486,10,169860
25167,0.001428,172.217.194.0-255,6438,87924,10,169860
25168,0.00143,172.31.36.0-255,66,87990,10,169860
25169,0.00145,172.217.194.0-255,4320,92310,10,169860
25170,0.001452,172.31.36.0-255,66,92376,10,169860
25171,0.001467,172.217.194.0-255,2902,95278,10,169860
25172,0.00147,172.31.36.0-255,66,95344,10,169860
25173,0.001482,172.31.36.0-255,66,95410,10,169860
25174,0.001534,172.217.194.0-255,7156,102566,10,169860
25175,0.001538,172.31.36.0-255,66,102632,10,169860
25176,0.001559,172.31.36.0-255,66,102698,10,169860
25177,0.001637,172.217.194.0-255,1484,104182,10,169860
25178,0.00166,172.217.194.0-255,2902,107084,10,169860
25179,0.001665,172.31.36.0-255,66,107150,10,169860
25180,0.001684,172.217.194.0-255,4320,111470,10,169860
25181,0.001687,172.31.36.0-255,66,111536,10,169860
25182,0.001693,172.217.194.0-255,5738,117274,10,169860
25183,0.001696,172.31.36.0-255,66,117340,10,169860
25184,0.001709,172.217.194.0-255,7156,124496,10,169860
25185,0.001711,172.31.36.0-255,66,124562,10,169860
25186,0.001746,172.217.194.0-255,4320,128882,10,169860
25187,0.001749,172.31.36.0-255,66,128948,10,169860
25188,0.001758,172.31.36.0-255,66,129014,10,169860
25189,0.001801,172.217.194.0-255,1484,130498,10,169860
25190,0.001806,172.217.194.0-255,2902,133400,10,169860
25191,0.001808,172.31.36.0-255,66,133466,10,169860
25192,0.001832,172.217.194.0-255,5738,139204,10,169860
25193,0.001835,172.31.36.0-255,66,139270,10,169860
25194,0.001841,172.217.194.0-255,4320,143590,10,169860
25195,0.001843,172.31.36.0-255,66,143656,10,169860
25196,0.001875,172.217.194.0-255,7156,150812,10,169860
25197,0.001879,172.31.36.0-255,66,150878,10,169860
25198,0.001882,172.31.36.0-255,66,150944,10,169860
25199,0.001903,172.217.194.0-255,3602,154546,10,169860
25200,0.001906,172.31.36.0-255,66,154612,10,169860
25201,0.001918,172.31.36.0-255,66,154678,10,169860
25202,0.001925,172.217.194.0-255,5738,160416,10,169860
25203,0.001927,172.31.36.0-255,66,160482,10,169860
25204,0.001978,172.217.194.0-255,4320,164802,10,169860
25205,0.001982,172.31.36.0-255,66,164868,10,169860
25206,0.002086,172.217.194.0-255,2902,167770,10,169860
25207,0.002097,172.217.194.0-255,1484,169254,10,169860
25208,0.002099,172.31.36.0-255,66,169320,10,169860
25209,0.002106,172.31.36.0-255,66,169386,10,169860
25210,0.002155,172.31.36.0-255,66,169452,10,169860
25211,0.002206,172.31.36.0-255,66,169518,10,169860
25212,0.002222,172.217.194.0-255,105,169623,10,169860
25213,0.004445,172.31.36.0-255,66,169689,10,169860
25214,0.004483,172.31.36.0-255,105,169794,10,169860
25215,0.006722,172.217.194.0-255,66,169860,10,169860
25216,0.0,74.125.68.0-255,146,146,10,251071
25217,2.6e-05,172.31.36.0-255,66,212,10,251071
25218,3.3e-05,74.125.68.0-255,1484,1696,10,251071
25219,3.7e-05,172.31.36.0-255,66,1762,10,251071
25220,5.1e-05,74.125.68.0-255,1484,3246,10,251071
25221,5.4e-05,172.31.36.0-255,66,3312,10,251071
25222,7.7e-05,74.125.68.0-255,2902,6214,10,251071
25223,8.1e-05,172.31.36.0-255,66,6280,10,251071
25224,0.000101,74.125.68.0-255,5738,12018,10,251071
25225,0.000104,172.31.36.0-255,66,12084,10,251071
25226,0.000108,74.125.68.0-255,1983,14067,10,251071
25227,0.00011,172.31.36.0-255,66,14133,10,251071
25228,0.000213,74.125.68.0-255,1484,15617,10,251071
25229,0.000217,172.31.36.0-255,66,15683,10,251071
25230,0.000223,74.125.68.0-255,2902,18585,10,251071
25231,0.000225,172.31.36.0-255,66,18651,10,251071
25232,0.000259,74.125.68.0-255,2902,21553,10,251071
25233,0.000264,172.31.36.0-255,66,21619,10,251071
25234,0.0003,74.125.68.0-255,4320,25939,10,251071
25235,0.000304,172.31.36.0-255,66,26005,10,251071
25236,0.000316,74.125.68.0-255,2902,28907,10,251071
25237,0.000319,172.31.36.0-255,66,28973,10,251071
25238,0.000361,74.125.68.0-255,2543,31516,10,251071
25239,0.000364,172.31.36.0-255,66,31582,10,251071
25240,0.000464,74.125.68.0-255,1484,33066,10,251071
25241,0.000468,172.31.36.0-255,66,33132,10,251071
25242,0.00049,74.125.68.0-255,2902,36034,10,251071
25243,0.000492,172.31.36.0-255,66,36100,10,251071
25244,0.000516,74.125.68.0-255,5738,41838,10,251071
25245,0.00052,172.31.36.0-255,66,41904,10,251071
25246,0.000526,74.125.68.0-255,4320,46224,10,251071
25247,0.00053,172.31.36.0-255,66,46290,10,251071
25248,0.000552,74.125.68.0-255,5379,51669,10,251071
25249,0.000555,172.31.36.0-255,66,51735,10,251071
25250,0.000575,74.125.68.0-255,2902,54637,10,251071
25251,0.000579,172.31.36.0-255,66,54703,10,251071
25252,0.000597,74.125.68.0-255,5738,60441,10,251071
25253,0.0006,172.31.36.0-255,66,60507,10,251071
25254,0.000623,74.125.68.0-255,4320,64827,10,251071
25255,0.000625,172.31.36.0-255,66,64893,10,251071
25256,0.000629,74.125.68.0-255,1402,66295,10,251071
25257,0.000654,74.125.68.0-255,130,66425,10,251071
25258,0.000848,172.31.36.0-255,66,66491,10,251071
25259,0.001062,74.125.68.0-255,1484,67975,10,251071
25260,0.00107,74.125.68.0-255,1484,69459,10,251071
25261,0.001074,172.31.36.0-255,66,69525,10,251071
25262,0.00108,74.125.68.0-255,2902,72427,10,251071
25263,0.001082,172.31.36.0-255,66,72493,10,251071
25264,0.001124,74.125.68.0-255,5738,78231,10,251071
25265,0.001128,172.31.36.0-255,66,78297,10,251071
25266,0.001138,172.31.36.0-255,66,78363,10,251071
25267,0.001174,172.31.36.0-255,66,78429,10,251071
25268,0.001179,74.125.68.0-255,2902,81331,10,251071
25269,0.00118,172.31.36.0-255,66,81397,10,251071
25270,0.001213,74.125.68.0-255,3602,84999,10,251071
25271,0.001217,172.31.36.0-255,66,85065,10,251071
25272,0.00122,74.125.68.0-255,1484,86549,10,251071
25273,0.001261,74.125.68.0-255,2902,89451,10,251071
25274,0.001265,172.31.36.0-255,66,89517,10,251071
25275,0.001269,74.125.68.0-255,1484,91001,10,251071
25276,0.001286,74.125.68.0-255,4320,95321,10,251071
25277,0.00129,172.31.36.0-255,66,95387,10,251071
25278,0.001306,74.125.68.0-255,1484,96871,10,251071
25279,0.001322,74.125.68.0-255,2902,99773,10,251071
25280,0.001325,172.31.36.0-255,66,99839,10,251071
25281,0.001351,172.31.36.0-255,66,99905,10,251071
25282,0.001357,74.125.68.0-255,5738,105643,10,251071
25283,0.00136,172.31.36.0-255,66,105709,10,251071
25284,0.001362,74.125.68.0-255,766,106475,10,251071
25285,0.001505,74.125.68.0-255,1484,107959,10,251071
25286,0.00151,172.31.36.0-255,66,108025,10,251071
25287,0.001526,74.125.68.0-255,2902,110927,10,251071
25288,0.001529,172.31.36.0-255,66,110993,10,251071
25289,0.001532,74.125.68.0-255,1484,112477,10,251071
25290,0.00155,74.125.68.0-255,1484,113961,10,251071
25291,0.001551,172.31.36.0-255,66,114027,10,251071
25292,0.001583,74.125.68.0-255,1484,115511,10,251071
25293,0.001605,74.125.68.0-255,2902,118413,10,251071
25294,0.001608,172.31.36.0-255,66,118479,10,251071
25295,0.001632,74.125.68.0-255,5738,124217,10,251071
25296,0.001634,172.31.36.0-255,66,124283,10,251071
25297,0.00164,74.125.68.0-255,5738,130021,10,251071
25298,0.001642,172.31.36.0-255,66,130087,10,251071
25299,0.001661,74.125.68.0-255,5738,135825,10,251071
25300,0.001663,172.31.36.0-255,66,135891,10,251071
25301,0.001677,74.125.68.0-255,1484,137375,10,251071
25302,0.001704,74.125.68.0-255,2902,140277,10,251071
25303,0.001707,172.31.36.0-255,66,140343,10,251071
25304,0.001724,74.125.68.0-255,766,141109,10,251071
25305,0.001745,74.125.68.0-255,1484,142593,10,251071
25306,0.001747,172.31.36.0-255,66,142659,10,251071
25307,0.001759,74.125.68.0-255,1484,144143,10,251071
25308,0.001771,74.125.68.0-255,1484,145627,10,251071
25309,0.001773,172.31.36.0-255,66,145693,10,251071
25310,0.001779,74.125.68.0-255,5738,151431,10,251071
25311,0.001781,172.31.36.0-255,66,151497,10,251071
25312,0.001784,74.125.68.0-255,1484,152981,10,251071
25313,0.001804,74.125.68.0-255,4320,157301,10,251071
25314,0.001807,172.31.36.0-255,66,157367,10,251071
25315,0.001819,74.125.68.0-255,4320,161687,10,251071
25316,0.001822,172.31.36.0-255,66,161753,10,251071
25317,0.001841,74.125.68.0-255,2902,164655,10,251071
25318,0.001843,172.31.36.0-255,66,164721,10,251071
25319,0.001846,74.125.68.0-255,1484,166205,10,251071
25320,0.00189,74.125.68.0-255,1484,167689,10,251071
25321,0.001892,172.31.36.0-255,66,167755,10,251071
25322,0.001925,74.125.68.0-255,2902,170657,10,251071
25323,0.001928,172.31.36.0-255,66,170723,10,251071
25324,0.001982,74.125.68.0-255,1484,172207,10,251071
25325,0.002045,74.125.68.0-255,2902,175109,10,251071
25326,0.002048,172.31.36.0-255,66,175175,10,251071
25327,0.002083,74.125.68.0-255,3602,178777,10,251071
25328,0.002086,172.31.36.0-255,66,178843,10,251071
25329,0.00209,74.125.68.0-255,2902,181745,10,251071
25330,0.002093,172.31.36.0-255,66,181811,10,251071
25331,0.002103,74.125.68.0-255,1484,183295,10,251071
25332,0.002118,74.125.68.0-255,2902,186197,10,251071
25333,0.002121,172.31.36.0-255,66,186263,10,251071
25334,0.002125,74.125.68.0-255,2902,189165,10,251071
25335,0.002127,172.31.36.0-255,66,189231,10,251071
25336,0.002144,74.125.68.0-255,5738,194969,10,251071
25337,0.002146,172.31.36.0-255,66,195035,10,251071
25338,0.002149,74.125.68.0-255,1484,196519,10,251071
25339,0.002152,74.125.68.0-255,1484,198003,10,251071
25340,0.002154,172.31.36.0-255,66,198069,10,251071
25341,0.002174,74.125.68.0-255,1484,199553,10,251071
25342,0.00218,74.125.68.0-255,5738,205291,10,251071
25343,0.002182,172.31.36.0-255,66,205357,10,251071
25344,0.002202,74.125.68.0-255,5020,210377,10,251071
25345,0.002205,172.31.36.0-255,66,210443,10,251071
25346,0.00443,74.125.68.0-255,5738,216181,10,251071
25347,0.004436,172.31.36.0-255,66,216247,10,251071
25348,0.006702,74.125.68.0-255,5738,221985,10,251071
25349,0.006708,172.31.36.0-255,66,222051,10,251071
25350,0.008952,74.125.68.0-255,5738,227789,10,251071
25351,0.008959,172.31.36.0-255,66,227855,10,251071
25352,0.011245,74.125.68.0-255,5738,233593,10,251071
25353,0.011253,172.31.36.0-255,66,233659,10,251071
25354,0.013498,74.125.68.0-255,5738,239397,10,251071
25355,0.013506,172.31.36.0-255,66,239463,10,251071
25356,0.015743,74.125.68.0-255,5738,245201,10,251071
25357,0.015752,172.31.36.0-255,66,245267,10,251071
25358,0.017998,74.125.68.0-255,5738,251005,10,251071
25359,0.018006,172.31.36.0-255,66,251071,10,251071
25360,0.0,74.125.24.0-255,151,151,10,104544
25361,1.5e-05,172.31.36.0-255,66,217,10,104544
25362,2.3e-05,74.125.24.0-255,1484,1701,10,104544
25363,2.7e-05,172.31.36.0-255,66,1767,10,104544
25364,3.2e-05,74.125.24.0-255,2902,4669,10,104544
25365,4.3e-05,172.31.36.0-255,66,4735,10,104544
25366,5.1e-05,74.125.24.0-255,7156,11891,10,104544
25367,5.5e-05,172.31.36.0-255,66,11957,10,104544
25368,6e-05,74.125.24.0-255,1975,13932,10,104544
25369,6.2e-05,172.31.36.0-255,66,13998,10,104544
25370,0.00051,74.125.24.0-255,1484,15482,10,104544
25371,0.000517,172.31.36.0-255,66,15548,10,104544
25372,0.000526,74.125.24.0-255,2902,18450,10,104544
25373,0.000528,172.31.36.0-255,66,18516,10,104544
25374,0.000542,74.125.24.0-255,5738,24254,10,104544
25375,0.000544,172.31.36.0-255,66,24320,10,104544
25376,0.000547,74.125.24.0-255,1484,25804,10,104544
25377,0.000549,172.31.36.0-255,66,25870,10,104544
25378,0.000604,172.31.36.0-255,66,25936,10,104544
25379,0.000622,172.31.36.0-255,66,26002,10,104544
25380,0.000641,172.31.36.0-255,66,26068,10,104544
25381,0.000644,74.125.24.0-255,399,26467,10,104544
25382,0.000645,172.31.36.0-255,66,26533,10,104544
25383,0.000996,74.125.24.0-255,111,26644,10,104544
25384,0.001004,172.31.36.0-255,66,26710,10,104544
25385,0.001784,74.125.24.0-255,1484,28194,10,104544
25386,0.00179,172.31.36.0-255,66,28260,10,104544
25387,0.001797,74.125.24.0-255,2902,31162,10,104544
25388,0.0018,172.31.36.0-255,66,31228,10,104544
25389,0.001812,74.125.24.0-255,5738,36966,10,104544
25390,0.001821,74.125.24.0-255,7156,44122,10,104544
25391,0.001886,74.125.24.0-255,2184,46306,10,104544
25392,0.001956,74.125.24.0-255,1484,47790,10,104544
25393,0.001959,74.125.24.0-255,1484,49274,10,104544
25394,0.001971,74.125.24.0-255,1484,50758,10,104544
25395,0.001974,74.125.24.0-255,1484,52242,10,104544
25396,0.002077,172.31.36.0-255,66,52308,10,104544
25397,0.00406,74.125.24.0-255,5738,58046,10,104544
25398,0.004066,172.31.36.0-255,66,58112,10,104544
25399,0.006061,74.125.24.0-255,5738,63850,10,104544
25400,0.006069,172.31.36.0-255,66,63916,10,104544
25401,0.008029,74.125.24.0-255,5738,69654,10,104544
25402,0.008038,172.31.36.0-255,66,69720,10,104544
25403,0.010005,74.125.24.0-255,5738,75458,10,104544
25404,0.010012,172.31.36.0-255,66,75524,10,104544
25405,0.011981,74.125.24.0-255,5738,81262,10,104544
25406,0.011989,172.31.36.0-255,66,81328,10,104544
25407,0.013927,74.125.24.0-255,5738,87066,10,104544
25408,0.013935,172.31.36.0-255,66,87132,10,104544
25409,0.015898,74.125.24.0-255,5738,92870,10,104544
25410,0.01591,172.31.36.0-255,66,92936,10,104544
25411,0.017875,74.125.24.0-255,5738,98674,10,104544
25412,0.017883,172.31.36.0-255,66,98740,10,104544
25413,0.019845,74.125.24.0-255,5738,104478,10,104544
25414,0.019853,172.31.36.0-255,66,104544,10,104544
25415,0.0,74.125.68.0-255,153,153,10,280742
25416,2.2e-05,172.31.36.0-255,66,219,10,280742
25417,3e-05,74.125.68.0-255,1484,1703,10,280742
25418,3.4e-05,172.31.36.0-255,66,1769,10,280742
25419,4.1e-05,74.125.68.0-255,2902,4671,10,280742
25420,4.5e-05,172.31.36.0-255,66,4737,10,280742
25421,5.1e-05,74.125.68.0-255,4320,9057,10,280742
25422,5.4e-05,172.31.36.0-255,66,9123,10,280742
25423,7.6e-05,74.125.68.0-255,4939,14062,10,280742
25424,7.9e-05,172.31.36.0-255,66,14128,10,280742
25425,0.0001,74.125.68.0-255,2902,17030,10,280742
25426,0.000103,172.31.36.0-255,66,17096,10,280742
25427,0.000124,74.125.68.0-255,4320,21416,10,280742
25428,0.000127,172.31.36.0-255,66,21482,10,280742
25429,0.000138,172.31.36.0-255,66,21548,10,280742
25430,0.000141,74.125.68.0-255,1125,22673,10,280742
25431,0.000143,172.31.36.0-255,66,22739,10,280742
25432,0.000265,74.125.68.0-255,1484,24223,10,280742
25433,0.00027,172.31.36.0-255,66,24289,10,280742
25434,0.000275,74.125.68.0-255,2902,27191,10,280742
25435,0.000277,172.31.36.0-255,66,27257,10,280742
25436,0.000297,74.125.68.0-255,5738,32995,10,280742
25437,0.0003,172.31.36.0-255,66,33061,10,280742
25438,0.000305,74.125.68.0-255,2902,35963,10,280742
25439,0.000307,172.31.36.0-255,66,36029,10,280742
25440,0.000337,74.125.68.0-255,3961,39990,10,280742
25441,0.00034,172.31.36.0-255,66,40056,10,280742
25442,0.000343,74.125.68.0-255,1484,41540,10,280742
25443,0.000345,172.31.36.0-255,66,41606,10,280742
25444,0.000363,74.125.68.0-255,7156,48762,10,280742
25445,0.000365,172.31.36.0-255,66,48828,10,280742
25446,0.00037,74.125.68.0-255,2902,51730,10,280742
25447,0.000372,172.31.36.0-255,66,51796,10,280742
25448,0.000413,74.125.68.0-255,4320,56116,10,280742
25449,0.000416,172.31.36.0-255,66,56182,10,280742
25450,0.000428,74.125.68.0-255,1462,57644,10,280742
25451,0.000446,74.125.68.0-255,348,57992,10,280742
25452,0.000449,172.31.36.0-255,66,58058,10,280742
25453,0.000702,74.125.68.0-255,1484,59542,10,280742
25454,0.000708,74.125.68.0-255,2902,62444,10,280742
25455,0.00071,74.125.68.0-255,1484,63928,10,280742
25456,0.000716,172.31.36.0-255,66,63994,10,280742
25457,0.000733,74.125.68.0-255,2902,66896,10,280742
25458,0.000735,172.31.36.0-255,66,66962,10,280742
25459,0.000741,74.125.68.0-255,2902,69864,10,280742
25460,0.000743,172.31.36.0-255,66,69930,10,280742
25461,0.00076,74.125.68.0-255,2902,72832,10,280742
25462,0.000763,172.31.36.0-255,66,72898,10,280742
25463,0.000767,74.125.68.0-255,2902,75800,10,280742
25464,0.00077,172.31.36.0-255,66,75866,10,280742
25465,0.000794,74.125.68.0-255,5738,81604,10,280742
25466,0.000798,172.31.36.0-255,66,81670,10,280742
25467,0.00081,172.31.36.0-255,66,81736,10,280742
25468,0.000813,74.125.68.0-255,766,82502,10,280742
25469,0.001052,74.125.68.0-255,1484,83986,10,280742
25470,0.001059,172.31.36.0-255,66,84052,10,280742
25471,0.001069,74.125.68.0-255,2902,86954,10,280742
25472,0.001071,172.31.36.0-255,66,87020,10,280742
25473,0.001096,74.125.68.0-255,4320,91340,10,280742
25474,0.001098,172.31.36.0-255,66,91406,10,280742
25475,0.00115,172.31.36.0-255,66,91472,10,280742
25476,0.001167,74.125.68.0-255,7156,98628,10,280742
25477,0.00117,172.31.36.0-255,66,98694,10,280742
25478,0.001189,74.125.68.0-255,2902,101596,10,280742
25479,0.001193,74.125.68.0-255,2902,104498,10,280742
25480,0.001196,172.31.36.0-255,66,104564,10,280742
25481,0.0012,172.31.36.0-255,66,104630,10,280742
25482,0.001225,74.125.68.0-255,3602,108232,10,280742
25483,0.001228,172.31.36.0-255,66,108298,10,280742
25484,0.001281,74.125.68.0-255,1484,109782,10,280742
25485,0.0013,74.125.68.0-255,2902,112684,10,280742
25486,0.001303,172.31.36.0-255,66,112750,10,280742
25487,0.001323,74.125.68.0-255,4320,117070,10,280742
25488,0.001326,172.31.36.0-255,66,117136,10,280742
25489,0.001341,74.125.68.0-255,1484,118620,10,280742
25490,0.001371,74.125.68.0-255,7156,125776,10,280742
25491,0.001374,172.31.36.0-255,66,125842,10,280742
25492,0.001399,74.125.68.0-255,5738,131580,10,280742
25493,0.001402,74.125.68.0-255,1484,133064,10,280742
25494,0.001406,172.31.36.0-255,66,133130,10,280742
25495,0.001428,74.125.68.0-255,5738,138868,10,280742
25496,0.001431,172.31.36.0-255,66,138934,10,280742
25497,0.001435,74.125.68.0-255,2902,141836,10,280742
25498,0.001438,172.31.36.0-255,66,141902,10,280742
25499,0.001468,74.125.68.0-255,766,142668,10,280742
25500,0.001528,74.125.68.0-255,1484,144152,10,280742
25501,0.001532,172.31.36.0-255,66,144218,10,280742
25502,0.001549,74.125.68.0-255,2902,147120,10,280742
25503,0.001552,172.31.36.0-255,66,147186,10,280742
25504,0.001572,74.125.68.0-255,5738,152924,10,280742
25505,0.001575,172.31.36.0-255,66,152990,10,280742
25506,0.001579,74.125.68.0-255,2902,155892,10,280742
25507,0.001581,172.31.36.0-255,66,155958,10,280742
25508,0.001586,74.125.68.0-255,2902,158860,10,280742
25509,0.001588,172.31.36.0-255,66,158926,10,280742
25510,0.001606,74.125.68.0-255,1484,160410,10,280742
25511,0.001645,172.31.36.0-255,66,160476,10,280742
25512,0.001652,74.125.68.0-255,5738,166214,10,280742
25513,0.001655,172.31.36.0-255,66,166280,10,280742
25514,0.001684,74.125.68.0-255,2184,168464,10,280742
25515,0.001687,172.31.36.0-255,66,168530,10,280742
25516,0.001736,74.125.68.0-255,1484,170014,10,280742
25517,0.001757,74.125.68.0-255,2902,172916,10,280742
25518,0.001761,172.31.36.0-255,66,172982,10,280742
25519,0.001766,74.125.68.0-255,2902,175884,10,280742
25520,0.001768,172.31.36.0-255,66,175950,10,280742
25521,0.001788,74.125.68.0-255,2902,178852,10,280742
25522,0.001791,172.31.36.0-255,66,178918,10,280742
25523,0.001796,74.125.68.0-255,4320,183238,10,280742
25524,0.001798,172.31.36.0-255,66,183304,10,280742
25525,0.001804,74.125.68.0-255,5738,189042,10,280742
25526,0.001807,172.31.36.0-255,66,189108,10,280742
25527,0.001848,172.31.36.0-255,66,189174,10,280742
25528,0.001853,74.125.68.0-255,2184,191358,10,280742
25529,0.001854,172.31.36.0-255,66,191424,10,280742
25530,0.001896,74.125.68.0-255,1484,192908,10,280742
25531,0.001914,74.125.68.0-255,2902,195810,10,280742
25532,0.001917,172.31.36.0-255,66,195876,10,280742
25533,0.001921,74.125.68.0-255,1484,197360,10,280742
25534,0.001937,74.125.68.0-255,4320,201680,10,280742
25535,0.001941,172.31.36.0-255,66,201746,10,280742
25536,0.001944,74.125.68.0-255,1484,203230,10,280742
25537,0.001952,74.125.68.0-255,1484,204714,10,280742
25538,0.001954,172.31.36.0-255,66,204780,10,280742
25539,0.001972,74.125.68.0-255,1484,206264,10,280742
25540,0.001978,74.125.68.0-255,5738,212002,10,280742
25541,0.00198,172.31.36.0-255,66,212068,10,280742
25542,0.002019,172.31.36.0-255,66,212134,10,280742
25543,0.002038,74.125.68.0-255,2902,215036,10,280742
25544,0.002041,172.31.36.0-255,66,215102,10,280742
25545,0.002064,74.125.68.0-255,2184,217286,10,280742
25546,0.002066,172.31.36.0-255,66,217352,10,280742
25547,0.002183,74.125.68.0-255,1484,218836,10,280742
25548,0.002197,74.125.68.0-255,2902,221738,10,280742
25549,0.002201,172.31.36.0-255,66,221804,10,280742
25550,0.002225,74.125.68.0-255,5738,227542,10,280742
25551,0.002228,172.31.36.0-255,66,227608,10,280742
25552,0.002233,74.125.68.0-255,4320,231928,10,280742
25553,0.002235,172.31.36.0-255,66,231994,10,280742
25554,0.002263,74.125.68.0-255,5738,237732,10,280742
25555,0.002266,172.31.36.0-255,66,237798,10,280742
25556,0.002306,172.31.36.0-255,66,237864,10,280742
25557,0.00231,74.125.68.0-255,2184,240048,10,280742
25558,0.002312,172.31.36.0-255,66,240114,10,280742
25559,0.004592,74.125.68.0-255,5738,245852,10,280742
25560,0.004598,172.31.36.0-255,66,245918,10,280742
25561,0.006882,74.125.68.0-255,5738,251656,10,280742
25562,0.006889,172.31.36.0-255,66,251722,10,280742
25563,0.009188,74.125.68.0-255,5738,257460,10,280742
25564,0.009195,172.31.36.0-255,66,257526,10,280742
25565,0.011502,74.125.68.0-255,5738,263264,10,280742
25566,0.011509,172.31.36.0-255,66,263330,10,280742
25567,0.013802,74.125.68.0-255,5738,269068,10,280742
25568,0.013812,172.31.36.0-255,66,269134,10,280742
25569,0.016099,74.125.68.0-255,5738,274872,10,280742
25570,0.016109,172.31.36.0-255,66,274938,10,280742
25571,0.018401,74.125.68.0-255,5738,280676,10,280742
25572,0.018408,172.31.36.0-255,66,280742,10,280742
25573,0.0,74.125.130.0-255,297,297,10,165787
25574,2.8e-05,172.31.36.0-255,66,363,10,165787
25575,4.7e-05,74.125.130.0-255,1484,1847,10,165787
25576,5.3e-05,172.31.36.0-255,66,1913,10,165787
25577,6.6e-05,74.125.130.0-255,2902,4815,10,165787
25578,6.8e-05,172.31.36.0-255,66,4881,10,165787
25579,7.5e-05,74.125.130.0-255,4320,9201,10,165787
25580,7.7e-05,172.31.36.0-255,66,9267,10,165787
25581,9.2e-05,74.125.130.0-255,1484,10751,10,165787
25582,0.0001,172.31.36.0-255,66,10817,10,165787
25583,0.000124,74.125.130.0-255,3257,14074,10,165787
25584,0.000128,172.31.36.0-255,66,14140,10,165787
25585,0.000276,74.125.130.0-255,1484,15624,10,165787
25586,0.000281,172.31.36.0-255,66,15690,10,165787
25587,0.000286,74.125.130.0-255,2902,18592,10,165787
25588,0.000288,172.31.36.0-255,66,18658,10,165787
25589,0.000317,74.125.130.0-255,5738,24396,10,165787
25590,0.000322,172.31.36.0-255,66,24462,10,165787
25591,0.000328,74.125.130.0-255,5738,30200,10,165787
25592,0.000331,172.31.36.0-255,66,30266,10,165787
25593,0.000368,74.125.130.0-255,1125,31391,10,165787
25594,0.000371,172.31.36.0-255,66,31457,10,165787
25595,0.000587,74.125.130.0-255,1484,32941,10,165787
25596,0.000592,172.31.36.0-255,66,33007,10,165787
25597,0.000599,74.125.130.0-255,1484,34491,10,165787
25598,0.000601,172.31.36.0-255,66,34557,10,165787
25599,0.000628,74.125.130.0-255,1484,36041,10,165787
25600,0.000631,172.31.36.0-255,66,36107,10,165787
25601,0.000638,74.125.130.0-255,5738,41845,10,165787
25602,0.00064,172.31.36.0-255,66,41911,10,165787
25603,0.000651,74.125.130.0-255,4320,46231,10,165787
25604,0.000654,172.31.36.0-255,66,46297,10,165787
25605,0.00066,74.125.130.0-255,5379,51676,10,165787
25606,0.000663,172.31.36.0-255,66,51742,10,165787
25607,0.000721,172.31.36.0-255,66,51808,10,165787
25608,0.000727,74.125.130.0-255,3961,55769,10,165787
25609,0.000729,172.31.36.0-255,66,55835,10,165787
25610,0.00129,74.125.130.0-255,650,56485,10,165787
25611,0.001455,74.125.130.0-255,1484,57969,10,165787
25612,0.001461,172.31.36.0-255,66,58035,10,165787
25613,0.001469,74.125.130.0-255,2902,60937,10,165787
25614,0.001473,172.31.36.0-255,66,61003,10,165787
25615,0.001487,74.125.130.0-255,5738,66741,10,165787
25616,0.001489,172.31.36.0-255,66,66807,10,165787
25617,0.001493,74.125.130.0-255,2902,69709,10,165787
25618,0.001496,172.31.36.0-255,66,69775,10,165787
25619,0.001501,74.125.130.0-255,3961,73736,10,165787
25620,0.001504,172.31.36.0-255,66,73802,10,165787
25621,0.001541,74.125.130.0-255,4320,78122,10,165787
25622,0.001543,172.31.36.0-255,66,78188,10,165787
25623,0.00157,74.125.130.0-255,4320,82508,10,165787
25624,0.001573,172.31.36.0-255,66,82574,10,165787
25625,0.001596,74.125.130.0-255,5738,88312,10,165787
25626,0.001598,172.31.36.0-255,66,88378,10,165787
25627,0.001619,74.125.130.0-255,2543,90921,10,165787
25628,0.001621,172.31.36.0-255,66,90987,10,165787
25629,0.001979,74.125.130.0-255,1484,92471,10,165787
25630,0.001996,74.125.130.0-255,2902,95373,10,165787
25631,0.001998,172.31.36.0-255,66,95439,10,165787
25632,0.002024,74.125.130.0-255,5738,101177,10,165787
25633,0.002026,172.31.36.0-255,66,101243,10,165787
25634,0.002059,74.125.130.0-255,4320,105563,10,165787
25635,0.002062,172.31.36.0-255,66,105629,10,165787
25636,0.002088,74.125.130.0-255,7156,112785,10,165787
25637,0.00209,172.31.36.0-255,66,112851,10,165787
25638,0.002096,74.125.130.0-255,5738,118589,10,165787
25639,0.002098,172.31.36.0-255,66,118655,10,165787
25640,0.002117,74.125.130.0-255,6438,125093,10,165787
25641,0.002124,172.31.36.0-255,66,125159,10,165787
25642,0.004617,74.125.130.0-255,5738,130897,10,165787
25643,0.004624,172.31.36.0-255,66,130963,10,165787
25644,0.007127,74.125.130.0-255,5738,136701,10,165787
25645,0.007134,172.31.36.0-255,66,136767,10,165787
25646,0.009632,74.125.130.0-255,5738,142505,10,165787
25647,0.009639,172.31.36.0-255,66,142571,10,165787
25648,0.012139,74.125.130.0-255,5738,148309,10,165787
25649,0.012147,172.31.36.0-255,66,148375,10,165787
25650,0.014652,74.125.130.0-255,5738,154113,10,165787
25651,0.014661,172.31.36.0-255,66,154179,10,165787
25652,0.017169,74.125.130.0-255,5738,159917,10,165787
25653,0.017177,172.31.36.0-255,66,159983,10,165787
25654,0.019685,74.125.130.0-255,5738,165721,10,165787
25655,0.019693,172.31.36.0-255,66,165787,10,165787
25656,0.0,172.217.194.0-255,159,159,10,211772
25657,2.3e-05,172.31.36.0-255,66,225,10,211772
25658,2.9e-05,172.217.194.0-255,1484,1709,10,211772
25659,3.3e-05,172.31.36.0-255,66,1775,10,211772
25660,6.1e-05,172.217.194.0-255,2902,4677,10,211772
25661,6.4e-05,172.31.36.0-255,66,4743,10,211772
25662,7.6e-05,172.217.194.0-255,7156,11899,10,211772
25663,7.8e-05,172.31.36.0-255,66,11965,10,211772
25664,8.1e-05,172.217.194.0-255,1484,13449,10,211772
25665,8.4e-05,172.31.36.0-255,66,13515,10,211772
25666,0.000112,172.217.194.0-255,653,14168,10,211772
25667,0.000115,172.31.36.0-255,66,14234,10,211772
25668,0.000183,172.217.194.0-255,1484,15718,10,211772
25669,0.000186,172.31.36.0-255,66,15784,10,211772
25670,0.000192,172.217.194.0-255,2902,18686,10,211772
25671,0.000195,172.31.36.0-255,66,18752,10,211772
25672,0.000223,172.217.194.0-255,5738,24490,10,211772
25673,0.000226,172.31.36.0-255,66,24556,10,211772
25674,0.000262,172.217.194.0-255,6797,31353,10,211772
25675,0.000266,172.31.36.0-255,66,31419,10,211772
25676,0.00034,172.217.194.0-255,1484,32903,10,211772
25677,0.000344,172.31.36.0-255,66,32969,10,211772
25678,0.00035,172.217.194.0-255,2902,35871,10,211772
25679,0.000354,172.31.36.0-255,66,35937,10,211772
25680,0.000365,172.217.194.0-255,2902,38839,10,211772
25681,0.000368,172.31.36.0-255,66,38905,10,211772
25682,0.000392,172.217.194.0-255,2902,41807,10,211772
25683,0.000395,172.31.36.0-255,66,41873,10,211772
25684,0.000409,172.217.194.0-255,6797,48670,10,211772
25685,0.000412,172.31.36.0-255,66,48736,10,211772
25686,0.000436,172.217.194.0-255,1484,50220,10,211772
25687,0.00044,172.31.36.0-255,66,50286,10,211772
25688,0.00045,172.217.194.0-255,2902,53188,10,211772
25689,0.000455,172.31.36.0-255,66,53254,10,211772
25690,0.000475,172.217.194.0-255,5738,58992,10,211772
25691,0.000481,172.31.36.0-255,66,59058,10,211772
25692,0.000501,172.217.194.0-255,7096,66154,10,211772
25693,0.000509,172.31.36.0-255,66,66220,10,211772
25694,0.000545,172.217.194.0-255,378,66598,10,211772
25695,0.000801,172.31.36.0-255,66,66664,10,211772
25696,0.000834,172.217.194.0-255,1484,68148,10,211772
25697,0.000841,172.217.194.0-255,2902,71050,10,211772
25698,0.000848,172.217.194.0-255,5738,76788,10,211772
25699,0.000862,172.31.36.0-255,66,76854,10,211772
25700,0.000904,172.31.36.0-255,66,76920,10,211772
25701,0.000919,172.31.36.0-255,66,76986,10,211772
25702,0.000936,172.217.194.0-255,2184,79170,10,211772
25703,0.000943,172.31.36.0-255,66,79236,10,211772
25704,0.001397,172.217.194.0-255,1484,80720,10,211772
25705,0.001408,172.217.194.0-255,2902,83622,10,211772
25706,0.001412,172.31.36.0-255,66,83688,10,211772
25707,0.001421,172.217.194.0-255,5738,89426,10,211772
25708,0.00148,172.217.194.0-255,766,90192,10,211772
25709,0.001653,172.217.194.0-255,1484,91676,10,211772
25710,0.001659,172.217.194.0-255,2902,94578,10,211772
25711,0.001675,172.217.194.0-255,5738,100316,10,211772
25712,0.001696,172.217.194.0-255,7156,107472,10,211772
25713,0.001727,172.217.194.0-255,5738,113210,10,211772
25714,0.001754,172.217.194.0-255,2184,115394,10,211772
25715,0.002761,172.217.194.0-255,1484,116878,10,211772
25716,0.002765,172.217.194.0-255,1484,118362,10,211772
25717,0.002776,172.217.194.0-255,1484,119846,10,211772
25718,0.002779,172.217.194.0-255,1484,121330,10,211772
25719,0.002823,172.217.194.0-255,2902,124232,10,211772
25720,0.002843,172.217.194.0-255,1484,125716,10,211772
25721,0.002863,172.217.194.0-255,5020,130736,10,211772
25722,0.002898,172.217.194.0-255,1484,132220,10,211772
25723,0.002952,172.217.194.0-255,1484,133704,10,211772
25724,0.003012,172.217.194.0-255,2902,136606,10,211772
25725,0.003052,172.217.194.0-255,766,137372,10,211772
25726,0.003079,172.217.194.0-255,5738,143110,10,211772
25727,0.003101,172.217.194.0-255,2902,146012,10,211772
25728,0.003105,172.217.194.0-255,3602,149614,10,211772
25729,0.003148,172.217.194.0-255,4320,153934,10,211772
25730,0.003164,172.217.194.0-255,7156,161090,10,211772
25731,0.003175,172.217.194.0-255,2902,163992,10,211772
25732,0.003179,172.217.194.0-255,2902,166894,10,211772
25733,0.003221,172.217.194.0-255,3602,170496,10,211772
25734,0.003233,172.217.194.0-255,2902,173398,10,211772
25735,0.003268,172.217.194.0-255,4320,177718,10,211772
25736,0.003287,172.217.194.0-255,7156,184874,10,211772
25737,0.003289,172.217.194.0-255,766,185640,10,211772
25738,0.003385,172.217.194.0-255,1484,187124,10,211772
25739,0.003396,172.217.194.0-255,1484,188608,10,211772
25740,0.003408,172.217.194.0-255,4320,192928,10,211772
25741,0.003447,172.217.194.0-255,1484,194412,10,211772
25742,0.003477,172.217.194.0-255,2902,197314,10,211772
25743,0.00348,172.217.194.0-255,2184,199498,10,211772
25744,0.003508,172.217.194.0-255,4320,203818,10,211772
25745,0.003533,172.217.194.0-255,7156,210974,10,211772
25746,0.003535,172.217.194.0-255,456,211430,10,211772
25747,0.003571,172.217.194.0-255,105,211535,10,211772
25748,0.00406,172.31.36.0-255,66,211601,10,211772
25749,0.010082,172.31.36.0-255,105,211706,10,211772
25750,0.012666,172.217.194.0-255,66,211772,10,211772
25751,0.0,172.217.194.0-255,153,153,10,238303
25752,2.2e-05,172.31.36.0-255,66,219,10,238303
25753,2.8e-05,172.217.194.0-255,1484,1703,10,238303
25754,3.2e-05,172.31.36.0-255,66,1769,10,238303
25755,3.7e-05,172.217.194.0-255,2902,4671,10,238303
25756,4e-05,172.31.36.0-255,66,4737,10,238303
25757,4.6e-05,172.217.194.0-255,7156,11893,10,238303
25758,4.9e-05,172.31.36.0-255,66,11959,10,238303
25759,7.1e-05,172.217.194.0-255,2047,14006,10,238303
25760,7.3e-05,172.31.36.0-255,66,14072,10,238303
25761,7.7e-05,172.217.194.0-255,2902,16974,10,238303
25762,7.9e-05,172.31.36.0-255,66,17040,10,238303
25763,8.2e-05,172.217.194.0-255,1484,18524,10,238303
25764,8.4e-05,172.31.36.0-255,66,18590,10,238303
25765,0.000107,172.217.194.0-255,5738,24328,10,238303
25766,0.000109,172.31.36.0-255,66,24394,10,238303
25767,0.000134,172.217.194.0-255,6797,31191,10,238303
25768,0.000136,172.31.36.0-255,66,31257,10,238303
25769,0.000212,172.217.194.0-255,1484,32741,10,238303
25770,0.000215,172.31.36.0-255,66,32807,10,238303
25771,0.00022,172.217.194.0-255,2902,35709,10,238303
25772,0.000222,172.31.36.0-255,66,35775,10,238303
25773,0.000246,172.217.194.0-255,5738,41513,10,238303
25774,0.000249,172.31.36.0-255,66,41579,10,238303
25775,0.000282,172.31.36.0-255,66,41645,10,238303
25776,0.000315,172.217.194.0-255,7156,48801,10,238303
25777,0.000317,172.31.36.0-255,66,48867,10,238303
25778,0.000333,172.217.194.0-255,1484,50351,10,238303
25779,0.000335,172.31.36.0-255,66,50417,10,238303
25780,0.000341,172.217.194.0-255,7087,57504,10,238303
25781,0.000343,172.31.36.0-255,66,57570,10,238303
25782,0.000346,172.217.194.0-255,98,57668,10,238303
25783,0.000575,172.217.194.0-255,365,58033,10,238303
25784,0.000826,172.217.194.0-255,1484,59517,10,238303
25785,0.000831,172.31.36.0-255,66,59583,10,238303
25786,0.000836,172.217.194.0-255,2902,62485,10,238303
25787,0.000839,172.31.36.0-255,66,62551,10,238303
25788,0.000843,172.217.194.0-255,2902,65453,10,238303
25789,0.000845,172.31.36.0-255,66,65519,10,238303
25790,0.000869,172.217.194.0-255,2902,68421,10,238303
25791,0.000871,172.31.36.0-255,66,68487,10,238303
25792,0.000882,172.31.36.0-255,66,68553,10,238303
25793,0.0009,172.217.194.0-255,2902,71455,10,238303
25794,0.000903,172.31.36.0-255,66,71521,10,238303
25795,0.000917,172.217.194.0-255,1484,73005,10,238303
25796,0.000943,172.31.36.0-255,66,73071,10,238303
25797,0.001188,172.217.194.0-255,1484,74555,10,238303
25798,0.001192,172.217.194.0-255,1484,76039,10,238303
25799,0.001195,172.31.36.0-255,66,76105,10,238303
25800,0.001214,172.217.194.0-255,1484,77589,10,238303
25801,0.00122,172.217.194.0-255,5738,83327,10,238303
25802,0.001221,172.31.36.0-255,66,83393,10,238303
25803,0.001226,172.217.194.0-255,4320,87713,10,238303
25804,0.001228,172.31.36.0-255,66,87779,10,238303
25805,0.001264,172.31.36.0-255,66,87845,10,238303
25806,0.001269,172.217.194.0-255,4320,92165,10,238303
25807,0.001271,172.31.36.0-255,66,92231,10,238303
25808,0.001287,172.217.194.0-255,3602,95833,10,238303
25809,0.001289,172.31.36.0-255,66,95899,10,238303
25810,0.001321,172.217.194.0-255,2902,98801,10,238303
25811,0.001324,172.31.36.0-255,66,98867,10,238303
25812,0.001328,172.217.194.0-255,4320,103187,10,238303
25813,0.00133,172.31.36.0-255,66,103253,10,238303
25814,0.00134,172.217.194.0-255,1484,104737,10,238303
25815,0.001362,172.217.194.0-255,7156,111893,10,238303
25816,0.001365,172.31.36.0-255,66,111959,10,238303
25817,0.00137,172.217.194.0-255,4320,116279,10,238303
25818,0.001372,172.31.36.0-255,66,116345,10,238303
25819,0.001386,172.217.194.0-255,4320,120665,10,238303
25820,0.001388,172.31.36.0-255,66,120731,10,238303
25821,0.00142,172.31.36.0-255,66,120797,10,238303
25822,0.001509,172.217.194.0-255,1484,122281,10,238303
25823,0.001537,172.217.194.0-255,2902,125183,10,238303
25824,0.00154,172.31.36.0-255,66,125249,10,238303
25825,0.001558,172.217.194.0-255,5738,130987,10,238303
25826,0.00156,172.31.36.0-255,66,131053,10,238303
25827,0.001581,172.217.194.0-255,4320,135373,10,238303
25828,0.001583,172.31.36.0-255,66,135439,10,238303
25829,0.001608,172.217.194.0-255,7156,142595,10,238303
25830,0.00161,172.31.36.0-255,66,142661,10,238303
25831,0.001614,172.217.194.0-255,2902,145563,10,238303
25832,0.001616,172.31.36.0-255,66,145629,10,238303
25833,0.001638,172.31.36.0-255,66,145695,10,238303
25834,0.001798,172.217.194.0-255,1484,147179,10,238303
25835,0.001805,172.217.194.0-255,2902,150081,10,238303
25836,0.001808,172.31.36.0-255,66,150147,10,238303
25837,0.001814,172.217.194.0-255,4320,154467,10,238303
25838,0.001816,172.31.36.0-255,66,154533,10,238303
25839,0.00183,172.217.194.0-255,1484,156017,10,238303
25840,0.001833,172.217.194.0-255,1484,157501,10,238303
25841,0.001835,172.31.36.0-255,66,157567,10,238303
25842,0.001864,172.31.36.0-255,66,157633,10,238303
25843,0.001879,172.217.194.0-255,1484,159117,10,238303
25844,0.001896,172.217.194.0-255,7156,166273,10,238303
25845,0.001899,172.31.36.0-255,66,166339,10,238303
25846,0.001916,172.217.194.0-255,2184,168523,10,238303
25847,0.001918,172.31.36.0-255,66,168589,10,238303
25848,0.002009,172.217.194.0-255,1484,170073,10,238303
25849,0.002014,172.217.194.0-255,2902,172975,10,238303
25850,0.002017,172.31.36.0-255,66,173041,10,238303
25851,0.002061,172.217.194.0-255,5738,178779,10,238303
25852,0.002064,172.31.36.0-255,66,178845,10,238303
25853,0.002087,172.217.194.0-255,7156,186001,10,238303
25854,0.00209,172.31.36.0-255,66,186067,10,238303
25855,0.002095,172.217.194.0-255,5738,191805,10,238303
25856,0.002098,172.31.36.0-255,66,191871,10,238303
25857,0.004137,172.217.194.0-255,5738,197609,10,238303
25858,0.004146,172.31.36.0-255,66,197675,10,238303
25859,0.006166,172.217.194.0-255,5738,203413,10,238303
25860,0.006173,172.31.36.0-255,66,203479,10,238303
25861,0.008216,172.217.194.0-255,5738,209217,10,238303
25862,0.008222,172.31.36.0-255,66,209283,10,238303
25863,0.010234,172.217.194.0-255,5738,215021,10,238303
25864,0.010241,172.31.36.0-255,66,215087,10,238303
25865,0.012272,172.217.194.0-255,5738,220825,10,238303
25866,0.012278,172.31.36.0-255,66,220891,10,238303
25867,0.014292,172.217.194.0-255,5738,226629,10,238303
25868,0.014301,172.31.36.0-255,66,226695,10,238303
25869,0.016365,172.217.194.0-255,5738,232433,10,238303
25870,0.016372,172.31.36.0-255,66,232499,10,238303
25871,0.018428,172.217.194.0-255,5738,238237,10,238303
25872,0.018436,172.31.36.0-255,66,238303,10,238303
25873,0.0,74.125.24.0-255,150,150,10,157710
25874,2.5e-05,172.31.36.0-255,66,216,10,157710
25875,3.3e-05,74.125.24.0-255,1484,1700,10,157710
25876,3.8e-05,172.31.36.0-255,66,1766,10,157710
25877,4.4e-05,74.125.24.0-255,2902,4668,10,157710
25878,5.5e-05,172.31.36.0-255,66,4734,10,157710
25879,6.3e-05,74.125.24.0-255,7156,11890,10,157710
25880,6.6e-05,172.31.36.0-255,66,11956,10,157710
25881,7e-05,74.125.24.0-255,2003,13959,10,157710
25882,7.4e-05,172.31.36.0-255,66,14025,10,157710
25883,0.000208,74.125.24.0-255,1484,15509,10,157710
25884,0.000212,172.31.36.0-255,66,15575,10,157710
25885,0.000219,74.125.24.0-255,2902,18477,10,157710
25886,0.000222,172.31.36.0-255,66,18543,10,157710
25887,0.000251,74.125.24.0-255,5738,24281,10,157710
25888,0.000254,172.31.36.0-255,66,24347,10,157710
25889,0.00028,74.125.24.0-255,2902,27249,10,157710
25890,0.000282,172.31.36.0-255,66,27315,10,157710
25891,0.000313,74.125.24.0-255,3961,31276,10,157710
25892,0.000315,172.31.36.0-255,66,31342,10,157710
25893,0.000323,74.125.24.0-255,7156,38498,10,157710
25894,0.000325,172.31.36.0-255,66,38564,10,157710
25895,0.000333,74.125.24.0-255,1484,40048,10,157710
25896,0.000335,172.31.36.0-255,66,40114,10,157710
25897,0.000338,74.125.24.0-255,1484,41598,10,157710
25898,0.00034,172.31.36.0-255,66,41664,10,157710
25899,0.000369,74.125.24.0-255,1484,43148,10,157710
25900,0.000372,172.31.36.0-255,66,43214,10,157710
25901,0.000379,74.125.24.0-255,5379,48593,10,157710
25902,0.000381,172.31.36.0-255,66,48659,10,157710
25903,0.000428,74.125.24.0-255,1484,50143,10,157710
25904,0.00043,172.31.36.0-255,66,50209,10,157710
25905,0.000433,74.125.24.0-255,1484,51693,10,157710
25906,0.000455,74.125.24.0-255,1484,53177,10,157710
25907,0.000458,172.31.36.0-255,66,53243,10,157710
25908,0.000466,74.125.24.0-255,5738,58981,10,157710
25909,0.000468,172.31.36.0-255,66,59047,10,157710
25910,0.000479,74.125.24.0-255,6797,65844,10,157710
25911,0.000482,172.31.36.0-255,66,65910,10,157710
25912,0.000508,74.125.24.0-255,679,66589,10,157710
25913,0.000686,74.125.24.0-255,1484,68073,10,157710
25914,0.00069,172.31.36.0-255,66,68139,10,157710
25915,0.000695,74.125.24.0-255,1484,69623,10,157710
25916,0.000718,74.125.24.0-255,1484,71107,10,157710
25917,0.000721,172.31.36.0-255,66,71173,10,157710
25918,0.000729,74.125.24.0-255,5738,76911,10,157710
25919,0.000732,172.31.36.0-255,66,76977,10,157710
25920,0.00074,74.125.24.0-255,2902,79879,10,157710
25921,0.000742,172.31.36.0-255,66,79945,10,157710
25922,0.000784,172.31.36.0-255,66,80011,10,157710
25923,0.00079,74.125.24.0-255,5738,85749,10,157710
25924,0.000792,172.31.36.0-255,66,85815,10,157710
25925,0.000838,74.125.24.0-255,3961,89776,10,157710
25926,0.00084,172.31.36.0-255,66,89842,10,157710
25927,0.001834,74.125.24.0-255,1484,91326,10,157710
25928,0.001856,74.125.24.0-255,2902,94228,10,157710
25929,0.001861,172.31.36.0-255,66,94294,10,157710
25930,0.001869,74.125.24.0-255,4320,98614,10,157710
25931,0.001871,172.31.36.0-255,66,98680,10,157710
25932,0.001874,74.125.24.0-255,1484,100164,10,157710
25933,0.001904,74.125.24.0-255,7156,107320,10,157710
25934,0.001906,172.31.36.0-255,66,107386,10,157710
25935,0.001948,172.31.36.0-255,66,107452,10,157710
25936,0.002011,74.125.24.0-255,1484,108936,10,157710
25937,0.002015,74.125.24.0-255,1484,110420,10,157710
25938,0.002018,172.31.36.0-255,66,110486,10,157710
25939,0.003955,74.125.24.0-255,2902,113388,10,157710
25940,0.003962,172.31.36.0-255,66,113454,10,157710
25941,0.00401,74.125.24.0-255,2902,116356,10,157710
25942,0.004012,172.31.36.0-255,66,116422,10,157710
25943,0.005963,74.125.24.0-255,2902,119324,10,157710
25944,0.00597,172.31.36.0-255,66,119390,10,157710
25945,0.006002,74.125.24.0-255,2902,122292,10,157710
25946,0.006005,172.31.36.0-255,66,122358,10,157710
25947,0.007938,74.125.24.0-255,2902,125260,10,157710
25948,0.007944,172.31.36.0-255,66,125326,10,157710
25949,0.008005,74.125.24.0-255,2902,128228,10,157710
25950,0.008009,172.31.36.0-255,66,128294,10,157710
25951,0.009945,74.125.24.0-255,2902,131196,10,157710
25952,0.009953,172.31.36.0-255,66,131262,10,157710
25953,0.009995,74.125.24.0-255,2902,134164,10,157710
25954,0.009999,172.31.36.0-255,66,134230,10,157710
25955,0.011951,74.125.24.0-255,2902,137132,10,157710
25956,0.011959,172.31.36.0-255,66,137198,10,157710
25957,0.011992,74.125.24.0-255,2902,140100,10,157710
25958,0.011994,172.31.36.0-255,66,140166,10,157710
25959,0.013958,74.125.24.0-255,2902,143068,10,157710
25960,0.013966,172.31.36.0-255,66,143134,10,157710
25961,0.013998,74.125.24.0-255,2902,146036,10,157710
25962,0.014001,172.31.36.0-255,66,146102,10,157710
25963,0.015982,74.125.24.0-255,5738,151840,10,157710
25964,0.015995,172.31.36.0-255,66,151906,10,157710
25965,0.017986,74.125.24.0-255,5738,157644,10,157710
25966,0.017996,172.31.36.0-255,66,157710,10,157710
25967,0.0,172.217.194.0-255,151,151,10,201565
25968,2.3e-05,172.31.36.0-255,66,217,10,201565
25969,3e-05,172.217.194.0-255,1484,1701,10,201565
25970,3.5e-05,172.31.36.0-255,66,1767,10,201565
25971,4.1e-05,172.217.194.0-255,2902,4669,10,201565
25972,5.2e-05,172.31.36.0-255,66,4735,10,201565
25973,6e-05,172.217.194.0-255,7156,11891,10,201565
25974,6.3e-05,172.31.36.0-255,66,11957,10,201565
25975,7.8e-05,172.31.36.0-255,66,12023,10,201565
25976,0.000121,172.31.36.0-255,66,12089,10,201565
25977,0.000148,172.217.194.0-255,1484,13573,10,201565
25978,0.000151,172.31.36.0-255,66,13639,10,201565
25979,0.000157,172.217.194.0-255,2902,16541,10,201565
25980,0.000159,172.31.36.0-255,66,16607,10,201565
25981,0.000193,172.217.194.0-255,5738,22345,10,201565
25982,0.000196,172.31.36.0-255,66,22411,10,201565
25983,0.000214,172.31.36.0-255,66,22477,10,201565
25984,0.000242,172.217.194.0-255,1484,23961,10,201565
25985,0.000244,172.31.36.0-255,66,24027,10,201565
25986,0.000263,172.31.36.0-255,66,24093,10,201565
25987,0.000266,172.217.194.0-255,410,24503,10,201565
25988,0.000268,172.31.36.0-255,66,24569,10,201565
25989,0.00035,172.217.194.0-255,364,24933,10,201565
25990,0.000353,172.31.36.0-255,66,24999,10,201565
25991,0.000469,172.217.194.0-255,1484,26483,10,201565
25992,0.000473,172.31.36.0-255,66,26549,10,201565
25993,0.00048,172.217.194.0-255,2902,29451,10,201565
25994,0.000483,172.31.36.0-255,66,29517,10,201565
25995,0.000494,172.217.194.0-255,5738,35255,10,201565
25996,0.000497,172.31.36.0-255,66,35321,10,201565
25997,0.000534,172.217.194.0-255,6797,42118,10,201565
25998,0.000538,172.31.36.0-255,66,42184,10,201565
25999,0.000813,172.217.194.0-255,1484,43668,10,201565
26000,0.000822,172.217.194.0-255,2902,46570,10,201565
26001,0.000825,172.31.36.0-255,66,46636,10,201565
26002,0.000829,172.217.194.0-255,1484,48120,10,201565
26003,0.000858,172.217.194.0-255,4320,52440,10,201565
26004,0.00086,172.31.36.0-255,66,52506,10,201565
26005,0.00089,172.217.194.0-255,6797,59303,10,201565
26006,0.000893,172.31.36.0-255,66,59369,10,201565
26007,0.001077,172.217.194.0-255,1484,60853,10,201565
26008,0.001083,172.217.194.0-255,2902,63755,10,201565
26009,0.001087,172.31.36.0-255,66,63821,10,201565
26010,0.001094,172.217.194.0-255,5738,69559,10,201565
26011,0.001096,172.31.36.0-255,66,69625,10,201565
26012,0.001132,172.31.36.0-255,66,69691,10,201565
26013,0.001139,172.217.194.0-255,7156,76847,10,201565
26014,0.001142,172.31.36.0-255,66,76913,10,201565
26015,0.001184,172.217.194.0-255,2902,79815,10,201565
26016,0.001191,172.31.36.0-255,66,79881,10,201565
26017,0.001197,172.217.194.0-255,5020,84901,10,201565
26018,0.0012,172.31.36.0-255,66,84967,10,201565
26019,0.00125,172.217.194.0-255,1484,86451,10,201565
26020,0.001264,172.217.194.0-255,2902,89353,10,201565
26021,0.001268,172.31.36.0-255,66,89419,10,201565
26022,0.001275,172.217.194.0-255,5738,95157,10,201565
26023,0.001277,172.31.36.0-255,66,95223,10,201565
26024,0.001324,172.31.36.0-255,66,95289,10,201565
26025,0.00133,172.217.194.0-255,5738,101027,10,201565
26026,0.001332,172.31.36.0-255,66,101093,10,201565
26027,0.001357,172.217.194.0-255,5020,106113,10,201565
26028,0.00136,172.31.36.0-255,66,106179,10,201565
26029,0.001377,172.31.36.0-255,66,106245,10,201565
26030,0.001384,172.217.194.0-255,7156,113401,10,201565
26031,0.001387,172.31.36.0-255,66,113467,10,201565
26032,0.001474,172.31.36.0-255,66,113533,10,201565
26033,0.001496,172.31.36.0-255,66,113599,10,201565
26034,0.001513,172.31.36.0-255,66,113665,10,201565
26035,0.001524,172.217.194.0-255,2184,115849,10,201565
26036,0.001527,172.31.36.0-255,66,115915,10,201565
26037,0.00171,172.217.194.0-255,1484,117399,10,201565
26038,0.001716,172.217.194.0-255,2902,120301,10,201565
26039,0.001719,172.31.36.0-255,66,120367,10,201565
26040,0.001723,172.217.194.0-255,1484,121851,10,201565
26041,0.001752,172.217.194.0-255,4320,126171,10,201565
26042,0.001755,172.31.36.0-255,66,126237,10,201565
26043,0.001779,172.31.36.0-255,66,126303,10,201565
26044,0.001785,172.217.194.0-255,4320,130623,10,201565
26045,0.001787,172.31.36.0-255,66,130689,10,201565
26046,0.00183,172.217.194.0-255,6438,137127,10,201565
26047,0.001834,172.31.36.0-255,66,137193,10,201565
26048,0.001923,172.217.194.0-255,1484,138677,10,201565
26049,0.001929,172.217.194.0-255,2902,141579,10,201565
26050,0.001933,172.31.36.0-255,66,141645,10,201565
26051,0.00194,172.217.194.0-255,5738,147383,10,201565
26052,0.001942,172.31.36.0-255,66,147449,10,201565
26053,0.001979,172.31.36.0-255,66,147515,10,201565
26054,0.002,172.217.194.0-255,2902,150417,10,201565
26055,0.002015,172.31.36.0-255,66,150483,10,201565
26056,0.002018,172.31.36.0-255,66,150549,10,201565
26057,0.002052,172.31.36.0-255,66,150615,10,201565
26058,0.00207,172.31.36.0-255,66,150681,10,201565
26059,0.002075,172.217.194.0-255,4320,155001,10,201565
26060,0.002077,172.31.36.0-255,66,155067,10,201565
26061,0.004078,172.217.194.0-255,1484,156551,10,201565
26062,0.004105,172.217.194.0-255,4320,160871,10,201565
26063,0.004112,172.31.36.0-255,66,160937,10,201565
26064,0.00617,172.217.194.0-255,5738,166675,10,201565
26065,0.006181,172.31.36.0-255,66,166741,10,201565
26066,0.008218,172.217.194.0-255,5738,172479,10,201565
26067,0.008224,172.31.36.0-255,66,172545,10,201565
26068,0.010266,172.217.194.0-255,5738,178283,10,201565
26069,0.010284,172.31.36.0-255,66,178349,10,201565
26070,0.012328,172.217.194.0-255,5738,184087,10,201565
26071,0.012338,172.31.36.0-255,66,184153,10,201565
26072,0.014387,172.217.194.0-255,5738,189891,10,201565
26073,0.014399,172.31.36.0-255,66,189957,10,201565
26074,0.016474,172.217.194.0-255,5738,195695,10,201565
26075,0.016487,172.31.36.0-255,66,195761,10,201565
26076,0.01854,172.217.194.0-255,5738,201499,10,201565
26077,0.018555,172.31.36.0-255,66,201565,10,201565
26078,0.0,74.125.200.0-255,153,153,10,331354
26079,2e-05,172.31.36.0-255,66,219,10,331354
26080,2.7e-05,74.125.200.0-255,1484,1703,10,331354
26081,3e-05,172.31.36.0-255,66,1769,10,331354
26082,3.4e-05,74.125.200.0-255,1484,3253,10,331354
26083,3.6e-05,172.31.36.0-255,66,3319,10,331354
26084,6e-05,74.125.200.0-255,1484,4803,10,331354
26085,6.2e-05,172.31.36.0-255,66,4869,10,331354
26086,6.9e-05,74.125.200.0-255,4320,9189,10,331354
26087,7.1e-05,172.31.36.0-255,66,9255,10,331354
26088,9.9e-05,74.125.200.0-255,4923,14178,10,331354
26089,0.000101,172.31.36.0-255,66,14244,10,331354
26090,0.000118,74.125.200.0-255,1484,15728,10,331354
26091,0.00012,172.31.36.0-255,66,15794,10,331354
26092,0.000125,74.125.200.0-255,2902,18696,10,331354
26093,0.000126,172.31.36.0-255,66,18762,10,331354
26094,0.000156,74.125.200.0-255,5738,24500,10,331354
26095,0.000158,172.31.36.0-255,66,24566,10,331354
26096,0.000163,74.125.200.0-255,5738,30304,10,331354
26097,0.000165,172.31.36.0-255,66,30370,10,331354
26098,0.000196,74.125.200.0-255,1125,31495,10,331354
26099,0.000198,172.31.36.0-255,66,31561,10,331354
26100,0.000265,74.125.200.0-255,1484,33045,10,331354
26101,0.000269,172.31.36.0-255,66,33111,10,331354
26102,0.000273,74.125.200.0-255,2902,36013,10,331354
26103,0.000275,172.31.36.0-255,66,36079,10,331354
26104,0.0003,74.125.200.0-255,5738,41817,10,331354
26105,0.000302,172.31.36.0-255,66,41883,10,331354
26106,0.000322,74.125.200.0-255,5738,47621,10,331354
26107,0.000325,172.31.36.0-255,66,47687,10,331354
26108,0.000327,74.125.200.0-255,1484,49171,10,331354
26109,0.000329,172.31.36.0-255,66,49237,10,331354
26110,0.000351,74.125.200.0-255,5379,54616,10,331354
26111,0.000353,172.31.36.0-255,66,54682,10,331354
26112,0.00037,74.125.200.0-255,2902,57584,10,331354
26113,0.000373,172.31.36.0-255,66,57650,10,331354
26114,0.0004,172.31.36.0-255,66,57716,10,331354
26115,0.000403,74.125.200.0-255,132,57848,10,331354
26116,0.000475,74.125.200.0-255,1484,59332,10,331354
26117,0.000478,172.31.36.0-255,66,59398,10,331354
26118,0.000483,74.125.200.0-255,2902,62300,10,331354
26119,0.000485,172.31.36.0-255,66,62366,10,331354
26120,0.000495,74.125.200.0-255,1484,63850,10,331354
26121,0.00051,74.125.200.0-255,4320,68170,10,331354
26122,0.000512,172.31.36.0-255,66,68236,10,331354
26123,0.000516,74.125.200.0-255,2902,71138,10,331354
26124,0.000518,172.31.36.0-255,66,71204,10,331354
26125,0.000548,74.125.200.0-255,2902,74106,10,331354
26126,0.00055,172.31.36.0-255,66,74172,10,331354
26127,0.000588,172.31.36.0-255,66,74238,10,331354
26128,0.000591,172.31.36.0-255,66,74304,10,331354
26129,0.000606,74.125.200.0-255,1125,75429,10,331354
26130,0.000711,74.125.200.0-255,1484,76913,10,331354
26131,0.00072,172.31.36.0-255,66,76979,10,331354
26132,0.000729,74.125.200.0-255,2902,79881,10,331354
26133,0.00074,74.125.200.0-255,2902,82783,10,331354
26134,0.000754,74.125.200.0-255,2902,85685,10,331354
26135,0.00076,172.31.36.0-255,66,85751,10,331354
26136,0.000785,74.125.200.0-255,7156,92907,10,331354
26137,0.000807,172.31.36.0-255,66,92973,10,331354
26138,0.000817,74.125.200.0-255,4320,97293,10,331354
26139,0.000832,74.125.200.0-255,3602,100895,10,331354
26140,0.000837,172.31.36.0-255,66,100961,10,331354
26141,0.000856,172.31.36.0-255,66,101027,10,331354
26142,0.000874,74.125.200.0-255,1484,102511,10,331354
26143,0.000886,74.125.200.0-255,2902,105413,10,331354
26144,0.000894,172.31.36.0-255,66,105479,10,331354
26145,0.000903,74.125.200.0-255,2902,108381,10,331354
26146,0.000907,172.31.36.0-255,66,108447,10,331354
26147,0.000919,74.125.200.0-255,2902,111349,10,331354
26148,0.000924,74.125.200.0-255,4320,115669,10,331354
26149,0.000941,74.125.200.0-255,5738,121407,10,331354
26150,0.000946,172.31.36.0-255,66,121473,10,331354
26151,0.000969,74.125.200.0-255,4320,125793,10,331354
26152,0.000974,172.31.36.0-255,66,125859,10,331354
26153,0.000981,74.125.200.0-255,1484,127343,10,331354
26154,0.000988,74.125.200.0-255,7156,134499,10,331354
26155,0.000998,74.125.200.0-255,766,135265,10,331354
26156,0.001019,172.31.36.0-255,66,135331,10,331354
26157,0.00109,74.125.200.0-255,1484,136815,10,331354
26158,0.001106,74.125.200.0-255,2902,139717,10,331354
26159,0.001114,172.31.36.0-255,66,139783,10,331354
26160,0.001125,74.125.200.0-255,1484,141267,10,331354
26161,0.001129,74.125.200.0-255,2902,144169,10,331354
26162,0.001144,172.31.36.0-255,66,144235,10,331354
26163,0.001153,74.125.200.0-255,5738,149973,10,331354
26164,0.001161,172.31.36.0-255,66,150039,10,331354
26165,0.001166,74.125.200.0-255,2902,152941,10,331354
26166,0.001185,74.125.200.0-255,5738,158679,10,331354
26167,0.001191,172.31.36.0-255,66,158745,10,331354
26168,0.001221,74.125.200.0-255,766,159511,10,331354
26169,0.001226,172.31.36.0-255,66,159577,10,331354
26170,0.001379,74.125.200.0-255,1484,161061,10,331354
26171,0.001383,74.125.200.0-255,1484,162545,10,331354
26172,0.001389,172.31.36.0-255,66,162611,10,331354
26173,0.0014,74.125.200.0-255,1484,164095,10,331354
26174,0.001416,74.125.200.0-255,5738,169833,10,331354
26175,0.001419,74.125.200.0-255,2902,172735,10,331354
26176,0.001426,172.31.36.0-255,66,172801,10,331354
26177,0.001449,74.125.200.0-255,7156,179957,10,331354
26178,0.001459,74.125.200.0-255,2902,182859,10,331354
26179,0.001462,172.31.36.0-255,66,182925,10,331354
26180,0.001466,172.31.36.0-255,66,182991,10,331354
26181,0.001474,74.125.200.0-255,4320,187311,10,331354
26182,0.001488,74.125.200.0-255,6438,193749,10,331354
26183,0.001519,74.125.200.0-255,7156,200905,10,331354
26184,0.001527,172.31.36.0-255,66,200971,10,331354
26185,0.001536,74.125.200.0-255,4320,205291,10,331354
26186,0.001544,74.125.200.0-255,2902,208193,10,331354
26187,0.001577,172.31.36.0-255,66,208259,10,331354
26188,0.001608,74.125.200.0-255,3602,211861,10,331354
26189,0.001612,172.31.36.0-255,66,211927,10,331354
26190,0.00162,74.125.200.0-255,4320,216247,10,331354
26191,0.001628,172.31.36.0-255,66,216313,10,331354
26192,0.001631,74.125.200.0-255,1484,217797,10,331354
26193,0.001651,74.125.200.0-255,4320,222117,10,331354
26194,0.001656,172.31.36.0-255,66,222183,10,331354
26195,0.00168,74.125.200.0-255,5738,227921,10,331354
26196,0.001685,172.31.36.0-255,66,227987,10,331354
26197,0.001712,74.125.200.0-255,5738,233725,10,331354
26198,0.001736,74.125.200.0-255,3602,237327,10,331354
26199,0.001743,172.31.36.0-255,66,237393,10,331354
26200,0.001759,74.125.200.0-255,1484,238877,10,331354
26201,0.001784,74.125.200.0-255,1484,240361,10,331354
26202,0.001787,74.125.200.0-255,1484,241845,10,331354
26203,0.0018,172.31.36.0-255,66,241911,10,331354
26204,0.001803,74.125.200.0-255,1484,243395,10,331354
26205,0.001807,74.125.200.0-255,2902,246297,10,331354
26206,0.001812,172.31.36.0-255,66,246363,10,331354
26207,0.001821,74.125.200.0-255,2902,249265,10,331354
26208,0.001825,74.125.200.0-255,2902,252167,10,331354
26209,0.001843,172.31.36.0-255,66,252233,10,331354
26210,0.001849,74.125.200.0-255,4320,256553,10,331354
26211,0.001854,172.31.36.0-255,66,256619,10,331354
26212,0.001862,74.125.200.0-255,2902,259521,10,331354
26213,0.001879,74.125.200.0-255,5738,265259,10,331354
26214,0.001885,74.125.200.0-255,5738,270997,10,331354
26215,0.001891,172.31.36.0-255,66,271063,10,331354
26216,0.001908,74.125.200.0-255,1484,272547,10,331354
26217,0.001926,74.125.200.0-255,5020,277567,10,331354
26218,0.00193,172.31.36.0-255,66,277633,10,331354
26219,0.001947,74.125.200.0-255,2902,280535,10,331354
26220,0.00195,74.125.200.0-255,1484,282019,10,331354
26221,0.001954,172.31.36.0-255,66,282085,10,331354
26222,0.001971,74.125.200.0-255,2902,284987,10,331354
26223,0.001978,172.31.36.0-255,66,285053,10,331354
26224,0.002006,74.125.200.0-255,2902,287955,10,331354
26225,0.002009,74.125.200.0-255,4320,292275,10,331354
26226,0.002028,172.31.36.0-255,66,292341,10,331354
26227,0.002037,74.125.200.0-255,5738,298079,10,331354
26228,0.002042,172.31.36.0-255,66,298145,10,331354
26229,0.002052,74.125.200.0-255,766,298911,10,331354
26230,0.002059,74.125.200.0-255,7156,306067,10,331354
26231,0.002077,172.31.36.0-255,66,306133,10,331354
26232,0.00209,74.125.200.0-255,7156,313289,10,331354
26233,0.002105,172.31.36.0-255,66,313355,10,331354
26234,0.00211,74.125.200.0-255,2902,316257,10,331354
26235,0.002124,172.31.36.0-255,66,316323,10,331354
26236,0.002146,74.125.200.0-255,5020,321343,10,331354
26237,0.002153,74.125.200.0-255,5738,327081,10,331354
26238,0.002157,172.31.36.0-255,66,327147,10,331354
26239,0.002183,74.125.200.0-255,3799,330946,10,331354
26240,0.002187,172.31.36.0-255,66,331012,10,331354
26241,0.002229,74.125.200.0-255,105,331117,10,331354
26242,0.008727,172.31.36.0-255,66,331183,10,331354
26243,0.008771,172.31.36.0-255,105,331288,10,331354
26244,0.01131,74.125.200.0-255,66,331354,10,331354
26245,0.0,74.125.24.0-255,143,143,10,160068
26246,2.4e-05,172.31.36.0-255,66,209,10,160068
26247,3.2e-05,74.125.24.0-255,1484,1693,10,160068
26248,3.7e-05,172.31.36.0-255,66,1759,10,160068
26249,5.1e-05,74.125.24.0-255,2902,4661,10,160068
26250,5.4e-05,172.31.36.0-255,66,4727,10,160068
26251,5.9e-05,74.125.24.0-255,2902,7629,10,160068
26252,6.2e-05,172.31.36.0-255,66,7695,10,160068
26253,6.7e-05,74.125.24.0-255,2902,10597,10,160068
26254,7e-05,172.31.36.0-255,66,10663,10,160068
26255,0.000113,172.31.36.0-255,66,10729,10,160068
26256,0.000129,172.31.36.0-255,66,10795,10,160068
26257,0.000183,74.125.24.0-255,1484,12279,10,160068
26258,0.000186,172.31.36.0-255,66,12345,10,160068
26259,0.000199,74.125.24.0-255,2902,15247,10,160068
26260,0.000205,172.31.36.0-255,66,15313,10,160068
26261,0.000211,74.125.24.0-255,4320,19633,10,160068
26262,0.000214,172.31.36.0-255,66,19699,10,160068
26263,0.000238,74.125.24.0-255,1484,21183,10,160068
26264,0.00024,172.31.36.0-255,66,21249,10,160068
26265,0.000253,74.125.24.0-255,7156,28405,10,160068
26266,0.000255,172.31.36.0-255,66,28471,10,160068
26267,0.000289,74.125.24.0-255,6797,35268,10,160068
26268,0.000292,172.31.36.0-255,66,35334,10,160068
26269,0.000305,172.31.36.0-255,66,35400,10,160068
26270,0.000334,74.125.24.0-255,386,35786,10,160068
26271,0.000336,172.31.36.0-255,66,35852,10,160068
26272,0.000472,74.125.24.0-255,1484,37336,10,160068
26273,0.000477,172.31.36.0-255,66,37402,10,160068
26274,0.000484,74.125.24.0-255,2902,40304,10,160068
26275,0.000486,172.31.36.0-255,66,40370,10,160068
26276,0.000498,74.125.24.0-255,5738,46108,10,160068
26277,0.000502,172.31.36.0-255,66,46174,10,160068
26278,0.000506,74.125.24.0-255,2902,49076,10,160068
26279,0.000509,172.31.36.0-255,66,49142,10,160068
26280,0.000544,74.125.24.0-255,5379,54521,10,160068
26281,0.000548,172.31.36.0-255,66,54587,10,160068
26282,0.000552,74.125.24.0-255,1484,56071,10,160068
26283,0.000592,172.31.36.0-255,66,56137,10,160068
26284,0.000844,74.125.24.0-255,1484,57621,10,160068
26285,0.000851,74.125.24.0-255,2902,60523,10,160068
26286,0.000856,172.31.36.0-255,66,60589,10,160068
26287,0.000859,74.125.24.0-255,1484,62073,10,160068
26288,0.00089,74.125.24.0-255,2902,64975,10,160068
26289,0.000893,172.31.36.0-255,66,65041,10,160068
26290,0.0009,74.125.24.0-255,5738,70779,10,160068
26291,0.000902,172.31.36.0-255,66,70845,10,160068
26292,0.000936,74.125.24.0-255,2543,73388,10,160068
26293,0.00094,172.31.36.0-255,66,73454,10,160068
26294,0.001449,74.125.24.0-255,1484,74938,10,160068
26295,0.001465,74.125.24.0-255,2902,77840,10,160068
26296,0.00147,172.31.36.0-255,66,77906,10,160068
26297,0.001508,74.125.24.0-255,1484,79390,10,160068
26298,0.001528,74.125.24.0-255,4320,83710,10,160068
26299,0.001531,172.31.36.0-255,66,83776,10,160068
26300,0.001542,172.31.36.0-255,66,83842,10,160068
26301,0.001558,172.31.36.0-255,66,83908,10,160068
26302,0.001584,74.125.24.0-255,1484,85392,10,160068
26303,0.001595,74.125.24.0-255,5020,90412,10,160068
26304,0.001597,172.31.36.0-255,66,90478,10,160068
26305,0.002177,74.125.24.0-255,1484,91962,10,160068
26306,0.002185,74.125.24.0-255,2902,94864,10,160068
26307,0.002189,172.31.36.0-255,66,94930,10,160068
26308,0.002198,74.125.24.0-255,5738,100668,10,160068
26309,0.002201,172.31.36.0-255,66,100734,10,160068
26310,0.002212,74.125.24.0-255,4320,105054,10,160068
26311,0.002215,172.31.36.0-255,66,105120,10,160068
26312,0.00224,74.125.24.0-255,2902,108022,10,160068
26313,0.002243,172.31.36.0-255,66,108088,10,160068
26314,0.002263,172.31.36.0-255,66,108154,10,160068
26315,0.002267,74.125.24.0-255,2184,110338,10,160068
26316,0.002269,172.31.36.0-255,66,110404,10,160068
26317,0.002554,74.125.24.0-255,1484,111888,10,160068
26318,0.002558,74.125.24.0-255,1484,113372,10,160068
26319,0.002561,172.31.36.0-255,66,113438,10,160068
26320,0.002588,74.125.24.0-255,1484,114922,10,160068
26321,0.002595,74.125.24.0-255,5738,120660,10,160068
26322,0.002598,172.31.36.0-255,66,120726,10,160068
26323,0.002603,74.125.24.0-255,4320,125046,10,160068
26324,0.002605,172.31.36.0-255,66,125112,10,160068
26325,0.002647,172.31.36.0-255,66,125178,10,160068
26326,0.002663,172.31.36.0-255,66,125244,10,160068
26327,0.005313,74.125.24.0-255,5738,130982,10,160068
26328,0.005319,172.31.36.0-255,66,131048,10,160068
26329,0.007929,74.125.24.0-255,5738,136786,10,160068
26330,0.007936,172.31.36.0-255,66,136852,10,160068
26331,0.010529,74.125.24.0-255,5738,142590,10,160068
26332,0.010537,172.31.36.0-255,66,142656,10,160068
26333,0.013164,74.125.24.0-255,5738,148394,10,160068
26334,0.013186,172.31.36.0-255,66,148460,10,160068
26335,0.015811,74.125.24.0-255,5738,154198,10,160068
26336,0.015821,172.31.36.0-255,66,154264,10,160068
26337,0.018461,74.125.24.0-255,5738,160002,10,160068
26338,0.01847,172.31.36.0-255,66,160068,10,160068
26339,0.0,74.125.24.0-255,143,143,10,85945
26340,3.6e-05,172.31.36.0-255,66,209,10,85945
26341,4.3e-05,74.125.24.0-255,1484,1693,10,85945
26342,4.8e-05,172.31.36.0-255,66,1759,10,85945
26343,5.3e-05,74.125.24.0-255,2902,4661,10,85945
26344,6.3e-05,172.31.36.0-255,66,4727,10,85945
26345,7.1e-05,74.125.24.0-255,7156,11883,10,85945
26346,7.3e-05,172.31.36.0-255,66,11949,10,85945
26347,7.6e-05,74.125.24.0-255,1484,13433,10,85945
26348,7.8e-05,172.31.36.0-255,66,13499,10,85945
26349,0.000108,74.125.24.0-255,575,14074,10,85945
26350,0.000116,172.31.36.0-255,66,14140,10,85945
26351,0.000119,74.125.24.0-255,1484,15624,10,85945
26352,0.000121,172.31.36.0-255,66,15690,10,85945
26353,0.000125,74.125.24.0-255,2902,18592,10,85945
26354,0.000128,172.31.36.0-255,66,18658,10,85945
26355,0.000152,74.125.24.0-255,1484,20142,10,85945
26356,0.000154,172.31.36.0-255,66,20208,10,85945
26357,0.000172,172.31.36.0-255,66,20274,10,85945
26358,0.000197,74.125.24.0-255,1484,21758,10,85945
26359,0.000199,172.31.36.0-255,66,21824,10,85945
26360,0.000215,172.31.36.0-255,66,21890,10,85945
26361,0.000226,172.31.36.0-255,66,21956,10,85945
26362,0.00033,74.125.24.0-255,1484,23440,10,85945
26363,0.000335,74.125.24.0-255,2902,26342,10,85945
26364,0.000336,172.31.36.0-255,66,26408,10,85945
26365,0.000342,172.31.36.0-255,66,26474,10,85945
26366,0.000366,74.125.24.0-255,4320,30794,10,85945
26367,0.000375,172.31.36.0-255,66,30860,10,85945
26368,0.000378,74.125.24.0-255,1484,32344,10,85945
26369,0.000409,74.125.24.0-255,7103,39447,10,85945
26370,0.000413,172.31.36.0-255,66,39513,10,85945
26371,0.00266,74.125.24.0-255,5738,45251,10,85945
26372,0.002667,172.31.36.0-255,66,45317,10,85945
26373,0.004887,74.125.24.0-255,5738,51055,10,85945
26374,0.004892,172.31.36.0-255,66,51121,10,85945
26375,0.007139,74.125.24.0-255,5738,56859,10,85945
26376,0.007145,172.31.36.0-255,66,56925,10,85945
26377,0.009419,74.125.24.0-255,5738,62663,10,85945
26378,0.009426,172.31.36.0-255,66,62729,10,85945
26379,0.011714,74.125.24.0-255,5738,68467,10,85945
26380,0.011722,172.31.36.0-255,66,68533,10,85945
26381,0.014009,74.125.24.0-255,5738,74271,10,85945
26382,0.014017,172.31.36.0-255,66,74337,10,85945
26383,0.016308,74.125.24.0-255,5738,80075,10,85945
26384,0.016315,172.31.36.0-255,66,80141,10,85945
26385,0.018574,74.125.24.0-255,5738,85879,10,85945
26386,0.01858,172.31.36.0-255,66,85945,10,85945
26387,0.0,172.217.194.0-255,149,149,10,168280
26388,2e-05,172.31.36.0-255,66,215,10,168280
26389,2.6e-05,172.217.194.0-255,1484,1699,10,168280
26390,3.1e-05,172.31.36.0-255,66,1765,10,168280
26391,3.7e-05,172.217.194.0-255,2902,4667,10,168280
26392,4.1e-05,172.31.36.0-255,66,4733,10,168280
26393,4.8e-05,172.217.194.0-255,7156,11889,10,168280
26394,5.1e-05,172.31.36.0-255,66,11955,10,168280
26395,7.6e-05,172.217.194.0-255,2147,14102,10,168280
26396,7.9e-05,172.31.36.0-255,66,14168,10,168280
26397,0.000198,172.217.194.0-255,1484,15652,10,168280
26398,0.000203,172.31.36.0-255,66,15718,10,168280
26399,0.00021,172.217.194.0-255,2902,18620,10,168280
26400,0.000214,172.31.36.0-255,66,18686,10,168280
26401,0.00022,172.217.194.0-255,5738,24424,10,168280
26402,0.000223,172.31.36.0-255,66,24490,10,168280
26403,0.000225,172.217.194.0-255,1484,25974,10,168280
26404,0.000227,172.31.36.0-255,66,26040,10,168280
26405,0.000258,172.217.194.0-255,5379,31419,10,168280
26406,0.000262,172.31.36.0-255,66,31485,10,168280
26407,0.000474,172.217.194.0-255,1484,32969,10,168280
26408,0.00048,172.31.36.0-255,66,33035,10,168280
26409,0.000501,172.217.194.0-255,2902,35937,10,168280
26410,0.000505,172.31.36.0-255,66,36003,10,168280
26411,0.00051,172.217.194.0-255,2902,38905,10,168280
26412,0.000512,172.31.36.0-255,66,38971,10,168280
26413,0.000527,172.217.194.0-255,2902,41873,10,168280
26414,0.00053,172.31.36.0-255,66,41939,10,168280
26415,0.000558,172.31.36.0-255,66,42005,10,168280
26416,0.000581,172.217.194.0-255,2543,44548,10,168280
26417,0.000585,172.31.36.0-255,66,44614,10,168280
26418,0.000596,172.31.36.0-255,66,44680,10,168280
26419,0.000618,172.217.194.0-255,362,45042,10,168280
26420,0.000858,172.217.194.0-255,382,45424,10,168280
26421,0.000902,172.217.194.0-255,1484,46908,10,168280
26422,0.000906,172.31.36.0-255,66,46974,10,168280
26423,0.000927,172.217.194.0-255,4320,51294,10,168280
26424,0.000929,172.31.36.0-255,66,51360,10,168280
26425,0.000947,172.217.194.0-255,1484,52844,10,168280
26426,0.000963,172.217.194.0-255,5738,58582,10,168280
26427,0.000966,172.31.36.0-255,66,58648,10,168280
26428,0.000973,172.217.194.0-255,7156,65804,10,168280
26429,0.000975,172.31.36.0-255,66,65870,10,168280
26430,0.001,172.217.194.0-255,1484,67354,10,168280
26431,0.001016,172.31.36.0-255,66,67420,10,168280
26432,0.001256,172.217.194.0-255,1484,68904,10,168280
26433,0.001263,172.217.194.0-255,2902,71806,10,168280
26434,0.001266,172.31.36.0-255,66,71872,10,168280
26435,0.001282,172.217.194.0-255,5738,77610,10,168280
26436,0.001286,172.31.36.0-255,66,77676,10,168280
26437,0.00129,172.217.194.0-255,2902,80578,10,168280
26438,0.001292,172.31.36.0-255,66,80644,10,168280
26439,0.001328,172.31.36.0-255,66,80710,10,168280
26440,0.001366,172.217.194.0-255,5738,86448,10,168280
26441,0.001371,172.31.36.0-255,66,86514,10,168280
26442,0.001393,172.217.194.0-255,6438,92952,10,168280
26443,0.001397,172.31.36.0-255,66,93018,10,168280
26444,0.001436,172.31.36.0-255,66,93084,10,168280
26445,0.001461,172.217.194.0-255,4320,97404,10,168280
26446,0.001464,172.31.36.0-255,66,97470,10,168280
26447,0.001483,172.31.36.0-255,66,97536,10,168280
26448,0.001498,172.31.36.0-255,66,97602,10,168280
26449,0.00154,172.217.194.0-255,4320,101922,10,168280
26450,0.001544,172.31.36.0-255,66,101988,10,168280
26451,0.001547,172.31.36.0-255,66,102054,10,168280
26452,0.00157,172.217.194.0-255,6438,108492,10,168280
26453,0.001574,172.31.36.0-255,66,108558,10,168280
26454,0.001588,172.31.36.0-255,66,108624,10,168280
26455,0.001603,172.31.36.0-255,66,108690,10,168280
26456,0.001642,172.31.36.0-255,66,108756,10,168280
26457,0.001664,172.217.194.0-255,5738,114494,10,168280
26458,0.001667,172.31.36.0-255,66,114560,10,168280
26459,0.00168,172.217.194.0-255,7156,121716,10,168280
26460,0.001682,172.31.36.0-255,66,121782,10,168280
26461,0.001704,172.31.36.0-255,66,121848,10,168280
26462,0.003809,172.217.194.0-255,5738,127586,10,168280
26463,0.003816,172.31.36.0-255,66,127652,10,168280
26464,0.005922,172.217.194.0-255,5738,133390,10,168280
26465,0.005929,172.31.36.0-255,66,133456,10,168280
26466,0.008016,172.217.194.0-255,5738,139194,10,168280
26467,0.008024,172.31.36.0-255,66,139260,10,168280
26468,0.010121,172.217.194.0-255,5738,144998,10,168280
26469,0.010128,172.31.36.0-255,66,145064,10,168280
26470,0.012223,172.217.194.0-255,5738,150802,10,168280
26471,0.012231,172.31.36.0-255,66,150868,10,168280
26472,0.014306,172.217.194.0-255,5738,156606,10,168280
26473,0.014314,172.31.36.0-255,66,156672,10,168280
26474,0.016419,172.217.194.0-255,5738,162410,10,168280
26475,0.016428,172.31.36.0-255,66,162476,10,168280
26476,0.018529,172.217.194.0-255,5738,168214,10,168280
26477,0.018535,172.31.36.0-255,66,168280,10,168280
26478,0.0,172.217.194.0-255,152,152,10,192358
26479,2.7e-05,172.31.36.0-255,66,218,10,192358
26480,3.5e-05,172.217.194.0-255,1484,1702,10,192358
26481,3.9e-05,172.31.36.0-255,66,1768,10,192358
26482,5.7e-05,172.217.194.0-255,2902,4670,10,192358
26483,6e-05,172.31.36.0-255,66,4736,10,192358
26484,6.9e-05,172.217.194.0-255,7156,11892,10,192358
26485,7.2e-05,172.31.36.0-255,66,11958,10,192358
26486,7.7e-05,172.217.194.0-255,2067,14025,10,192358
26487,8e-05,172.31.36.0-255,66,14091,10,192358
26488,9.4e-05,172.31.36.0-255,66,14157,10,192358
26489,0.000108,172.31.36.0-255,66,14223,10,192358
26490,0.000164,172.31.36.0-255,66,14289,10,192358
26491,0.00017,172.217.194.0-255,4320,18609,10,192358
26492,0.000172,172.31.36.0-255,66,18675,10,192358
26493,0.000205,172.217.194.0-255,7156,25831,10,192358
26494,0.000208,172.31.36.0-255,66,25897,10,192358
26495,0.000215,172.217.194.0-255,5668,31565,10,192358
26496,0.000217,172.31.36.0-255,66,31631,10,192358
26497,0.000225,172.217.194.0-255,365,31996,10,192358
26498,0.000227,172.31.36.0-255,66,32062,10,192358
26499,0.000248,172.217.194.0-255,1484,33546,10,192358
26500,0.000251,172.31.36.0-255,66,33612,10,192358
26501,0.000271,172.217.194.0-255,4320,37932,10,192358
26502,0.000278,172.31.36.0-255,66,37998,10,192358
26503,0.000308,172.31.36.0-255,66,38064,10,192358
26504,0.000314,172.217.194.0-255,4320,42384,10,192358
26505,0.000316,172.31.36.0-255,66,42450,10,192358
26506,0.000394,172.217.194.0-255,2184,44634,10,192358
26507,0.000419,172.31.36.0-255,66,44700,10,192358
26508,0.00077,172.217.194.0-255,1484,46184,10,192358
26509,0.000787,172.217.194.0-255,2902,49086,10,192358
26510,0.000793,172.217.194.0-255,4320,53406,10,192358
26511,0.000804,172.217.194.0-255,1484,54890,10,192358
26512,0.00081,172.217.194.0-255,2902,57792,10,192358
26513,0.000822,172.217.194.0-255,1484,59276,10,192358
26514,0.000849,172.31.36.0-255,66,59342,10,192358
26515,0.000926,172.217.194.0-255,7156,66498,10,192358
26516,0.000929,172.31.36.0-255,66,66564,10,192358
26517,0.000935,172.31.36.0-255,66,66630,10,192358
26518,0.00098,172.217.194.0-255,1484,68114,10,192358
26519,0.000993,172.31.36.0-255,66,68180,10,192358
26520,0.001019,172.217.194.0-255,2902,71082,10,192358
26521,0.001024,172.217.194.0-255,2902,73984,10,192358
26522,0.001027,172.217.194.0-255,1484,75468,10,192358
26523,0.001044,172.217.194.0-255,2902,78370,10,192358
26524,0.001048,172.31.36.0-255,66,78436,10,192358
26525,0.00106,172.217.194.0-255,4320,82756,10,192358
26526,0.001069,172.31.36.0-255,66,82822,10,192358
26527,0.00108,172.217.194.0-255,4320,87142,10,192358
26528,0.001103,172.217.194.0-255,1484,88626,10,192358
26529,0.001117,172.217.194.0-255,2184,90810,10,192358
26530,0.001132,172.31.36.0-255,66,90876,10,192358
26531,0.001288,172.217.194.0-255,1484,92360,10,192358
26532,0.001294,172.217.194.0-255,2902,95262,10,192358
26533,0.001318,172.217.194.0-255,4320,99582,10,192358
26534,0.001326,172.31.36.0-255,66,99648,10,192358
26535,0.001379,172.31.36.0-255,66,99714,10,192358
26536,0.001419,172.217.194.0-255,766,100480,10,192358
26537,0.001435,172.31.36.0-255,66,100546,10,192358
26538,0.00156,172.217.194.0-255,1484,102030,10,192358
26539,0.001565,172.217.194.0-255,2902,104932,10,192358
26540,0.001585,172.31.36.0-255,66,104998,10,192358
26541,0.001595,172.217.194.0-255,1484,106482,10,192358
26542,0.001618,172.217.194.0-255,4320,110802,10,192358
26543,0.001633,172.217.194.0-255,1484,112286,10,192358
26544,0.001635,172.31.36.0-255,66,112352,10,192358
26545,0.001647,172.217.194.0-255,5738,118090,10,192358
26546,0.001663,172.217.194.0-255,4320,122410,10,192358
26547,0.001669,172.31.36.0-255,66,122476,10,192358
26548,0.001691,172.217.194.0-255,4320,126796,10,192358
26549,0.001698,172.217.194.0-255,5738,132534,10,192358
26550,0.001719,172.217.194.0-255,2184,134718,10,192358
26551,0.001766,172.31.36.0-255,66,134784,10,192358
26552,0.001846,172.217.194.0-255,1484,136268,10,192358
26553,0.001852,172.217.194.0-255,2902,139170,10,192358
26554,0.001865,172.217.194.0-255,1484,140654,10,192358
26555,0.001872,172.31.36.0-255,66,140720,10,192358
26556,0.0019,172.217.194.0-255,4320,145040,10,192358
26557,0.001905,172.217.194.0-255,4320,149360,10,192358
26558,0.001922,172.217.194.0-255,5738,155098,10,192358
26559,0.001929,172.31.36.0-255,66,155164,10,192358
26560,0.001962,172.217.194.0-255,2902,158066,10,192358
26561,0.001982,172.217.194.0-255,5738,163804,10,192358
26562,0.002012,172.31.36.0-255,66,163870,10,192358
26563,0.002066,172.217.194.0-255,3602,167472,10,192358
26564,0.002078,172.31.36.0-255,66,167538,10,192358
26565,0.002085,172.217.194.0-255,4320,171858,10,192358
26566,0.00211,172.217.194.0-255,5738,177596,10,192358
26567,0.002119,172.31.36.0-255,66,177662,10,192358
26568,0.002129,172.217.194.0-255,1484,179146,10,192358
26569,0.002163,172.217.194.0-255,1484,180630,10,192358
26570,0.002174,172.31.36.0-255,66,180696,10,192358
26571,0.002184,172.217.194.0-255,2902,183598,10,192358
26572,0.002194,172.31.36.0-255,66,183664,10,192358
26573,0.002244,172.31.36.0-255,66,183730,10,192358
26574,0.002269,172.217.194.0-255,7156,190886,10,192358
26575,0.002274,172.31.36.0-255,66,190952,10,192358
26576,0.002307,172.217.194.0-255,800,191752,10,192358
26577,0.002311,172.217.194.0-255,97,191849,10,192358
26578,0.002324,172.31.36.0-255,66,191915,10,192358
26579,0.003199,172.31.36.0-255,101,192016,10,192358
26580,0.004602,172.217.194.0-255,105,192121,10,192358
26581,0.00505,172.31.36.0-255,105,192226,10,192358
26582,0.00544,172.217.194.0-255,66,192292,10,192358
26583,0.007338,172.217.194.0-255,66,192358,10,192358
26584,0.0,74.125.200.0-255,146,146,10,284314
26585,2.4e-05,172.31.36.0-255,66,212,10,284314
26586,4.3e-05,74.125.200.0-255,1484,1696,10,284314
26587,4.8e-05,172.31.36.0-255,66,1762,10,284314
26588,7.3e-05,74.125.200.0-255,1484,3246,10,284314
26589,7.6e-05,172.31.36.0-255,66,3312,10,284314
26590,8.6e-05,74.125.200.0-255,1484,4796,10,284314
26591,8.9e-05,172.31.36.0-255,66,4862,10,284314
26592,0.0001,74.125.200.0-255,5738,10600,10,284314
26593,0.000103,172.31.36.0-255,66,10666,10,284314
26594,0.000137,74.125.200.0-255,3487,14153,10,284314
26595,0.000142,172.31.36.0-255,66,14219,10,284314
26596,0.000229,74.125.200.0-255,1484,15703,10,284314
26597,0.000232,172.31.36.0-255,66,15769,10,284314
26598,0.000262,74.125.200.0-255,2902,18671,10,284314
26599,0.000266,172.31.36.0-255,66,18737,10,284314
26600,0.000272,74.125.200.0-255,5738,24475,10,284314
26601,0.000276,172.31.36.0-255,66,24541,10,284314
26602,0.000282,74.125.200.0-255,4320,28861,10,284314
26603,0.000285,172.31.36.0-255,66,28927,10,284314
26604,0.000322,74.125.200.0-255,5379,34306,10,284314
26605,0.000326,172.31.36.0-255,66,34372,10,284314
26606,0.000333,74.125.200.0-255,5738,40110,10,284314
26607,0.000336,172.31.36.0-255,66,40176,10,284314
26608,0.000343,74.125.200.0-255,7156,47332,10,284314
26609,0.000345,172.31.36.0-255,66,47398,10,284314
26610,0.000369,74.125.200.0-255,1125,48523,10,284314
26611,0.000372,172.31.36.0-255,66,48589,10,284314
26612,0.000579,74.125.200.0-255,1484,50073,10,284314
26613,0.000585,172.31.36.0-255,66,50139,10,284314
26614,0.00061,74.125.200.0-255,2902,53041,10,284314
26615,0.000614,172.31.36.0-255,66,53107,10,284314
26616,0.000621,74.125.200.0-255,5738,58845,10,284314
26617,0.000623,172.31.36.0-255,66,58911,10,284314
26618,0.000628,74.125.200.0-255,4320,63231,10,284314
26619,0.00063,172.31.36.0-255,66,63297,10,284314
26620,0.000674,74.125.200.0-255,3123,66420,10,284314
26621,0.000678,172.31.36.0-255,66,66486,10,284314
26622,0.000706,74.125.200.0-255,4320,70806,10,284314
26623,0.000709,172.31.36.0-255,66,70872,10,284314
26624,0.000736,74.125.200.0-255,1484,72356,10,284314
26625,0.000739,172.31.36.0-255,66,72422,10,284314
26626,0.000744,74.125.200.0-255,2902,75324,10,284314
26627,0.000746,172.31.36.0-255,66,75390,10,284314
26628,0.000753,74.125.200.0-255,5738,81128,10,284314
26629,0.000756,172.31.36.0-255,66,81194,10,284314
26630,0.00078,74.125.200.0-255,4320,85514,10,284314
26631,0.000783,172.31.36.0-255,66,85580,10,284314
26632,0.000814,74.125.200.0-255,2902,88482,10,284314
26633,0.000819,172.31.36.0-255,66,88548,10,284314
26634,0.00083,172.31.36.0-255,66,88614,10,284314
26635,0.000835,74.125.200.0-255,3602,92216,10,284314
26636,0.000838,172.31.36.0-255,66,92282,10,284314
26637,0.000967,74.125.200.0-255,1484,93766,10,284314
26638,0.000972,172.31.36.0-255,66,93832,10,284314
26639,0.000977,74.125.200.0-255,2902,96734,10,284314
26640,0.00098,172.31.36.0-255,66,96800,10,284314
26641,0.000998,74.125.200.0-255,2902,99702,10,284314
26642,0.001,172.31.36.0-255,66,99768,10,284314
26643,0.001022,74.125.200.0-255,2902,102670,10,284314
26644,0.001025,172.31.36.0-255,66,102736,10,284314
26645,0.001032,74.125.200.0-255,7156,109892,10,284314
26646,0.001035,172.31.36.0-255,66,109958,10,284314
26647,0.001061,74.125.200.0-255,4320,114278,10,284314
26648,0.001064,172.31.36.0-255,66,114344,10,284314
26649,0.001102,172.31.36.0-255,66,114410,10,284314
26650,0.001108,74.125.200.0-255,2184,116594,10,284314
26651,0.00111,172.31.36.0-255,66,116660,10,284314
26652,0.001139,74.125.200.0-255,2902,119562,10,284314
26653,0.001142,172.31.36.0-255,66,119628,10,284314
26654,0.001205,74.125.200.0-255,7156,126784,10,284314
26655,0.00121,172.31.36.0-255,66,126850,10,284314
26656,0.001219,172.31.36.0-255,66,126916,10,284314
26657,0.001232,172.31.36.0-255,66,126982,10,284314
26658,0.001275,74.125.200.0-255,1484,128466,10,284314
26659,0.001278,172.31.36.0-255,66,128532,10,284314
26660,0.001281,74.125.200.0-255,1484,130016,10,284314
26661,0.001282,172.31.36.0-255,66,130082,10,284314
26662,0.001301,74.125.200.0-255,1484,131566,10,284314
26663,0.001303,172.31.36.0-255,66,131632,10,284314
26664,0.001314,74.125.200.0-255,5738,137370,10,284314
26665,0.001316,172.31.36.0-255,66,137436,10,284314
26666,0.001321,74.125.200.0-255,4320,141756,10,284314
26667,0.001323,172.31.36.0-255,66,141822,10,284314
26668,0.001345,74.125.200.0-255,2902,144724,10,284314
26669,0.001348,172.31.36.0-255,66,144790,10,284314
26670,0.001391,172.31.36.0-255,66,144856,10,284314
26671,0.001395,74.125.200.0-255,2184,147040,10,284314
26672,0.001397,172.31.36.0-255,66,147106,10,284314
26673,0.001523,74.125.200.0-255,1484,148590,10,284314
26674,0.001526,172.31.36.0-255,66,148656,10,284314
26675,0.001531,74.125.200.0-255,2902,151558,10,284314
26676,0.001533,172.31.36.0-255,66,151624,10,284314
26677,0.001552,74.125.200.0-255,5738,157362,10,284314
26678,0.001555,172.31.36.0-255,66,157428,10,284314
26679,0.001578,74.125.200.0-255,7156,164584,10,284314
26680,0.00158,172.31.36.0-255,66,164650,10,284314
26681,0.001607,74.125.200.0-255,2902,167552,10,284314
26682,0.001609,172.31.36.0-255,66,167618,10,284314
26683,0.001621,172.31.36.0-255,66,167684,10,284314
26684,0.001625,74.125.200.0-255,2184,169868,10,284314
26685,0.001627,172.31.36.0-255,66,169934,10,284314
26686,0.001779,74.125.200.0-255,1484,171418,10,284314
26687,0.001784,74.125.200.0-255,2902,174320,10,284314
26688,0.001799,74.125.200.0-255,1484,175804,10,284314
26689,0.001809,74.125.200.0-255,2902,178706,10,284314
26690,0.001823,74.125.200.0-255,1484,180190,10,284314
26691,0.001833,74.125.200.0-255,5738,185928,10,284314
26692,0.001836,74.125.200.0-255,2902,188830,10,284314
26693,0.001854,74.125.200.0-255,4320,193150,10,284314
26694,0.001871,74.125.200.0-255,4320,197470,10,284314
26695,0.001886,74.125.200.0-255,6438,203908,10,284314
26696,0.001923,74.125.200.0-255,2902,206810,10,284314
26697,0.001928,74.125.200.0-255,4320,211130,10,284314
26698,0.001944,74.125.200.0-255,2902,214032,10,284314
26699,0.001946,74.125.200.0-255,1484,215516,10,284314
26700,0.001967,74.125.200.0-255,7156,222672,10,284314
26701,0.00199,74.125.200.0-255,5738,228410,10,284314
26702,0.002001,74.125.200.0-255,766,229176,10,284314
26703,0.002006,74.125.200.0-255,4320,233496,10,284314
26704,0.002016,74.125.200.0-255,2902,236398,10,284314
26705,0.002035,74.125.200.0-255,5738,242136,10,284314
26706,0.00205,74.125.200.0-255,1484,243620,10,284314
26707,0.00388,172.31.36.0-255,66,243686,10,284314
26708,0.005916,74.125.200.0-255,5738,249424,10,284314
26709,0.005923,172.31.36.0-255,66,249490,10,284314
26710,0.007931,74.125.200.0-255,5738,255228,10,284314
26711,0.007939,172.31.36.0-255,66,255294,10,284314
26712,0.00994,74.125.200.0-255,5738,261032,10,284314
26713,0.009947,172.31.36.0-255,66,261098,10,284314
26714,0.011945,74.125.200.0-255,5738,266836,10,284314
26715,0.011953,172.31.36.0-255,66,266902,10,284314
26716,0.01395,74.125.200.0-255,5738,272640,10,284314
26717,0.013957,172.31.36.0-255,66,272706,10,284314
26718,0.015979,74.125.200.0-255,5738,278444,10,284314
26719,0.015985,172.31.36.0-255,66,278510,10,284314
26720,0.018016,74.125.200.0-255,5738,284248,10,284314
26721,0.018023,172.31.36.0-255,66,284314,10,284314
26722,0.0,74.125.130.0-255,145,145,10,216208
26723,2.3e-05,172.31.36.0-255,66,211,10,216208
26724,3e-05,74.125.130.0-255,1484,1695,10,216208
26725,3.4e-05,172.31.36.0-255,66,1761,10,216208
26726,4.1e-05,74.125.130.0-255,2902,4663,10,216208
26727,4.4e-05,172.31.36.0-255,66,4729,10,216208
26728,4.7e-05,74.125.130.0-255,1484,6213,10,216208
26729,4.9e-05,172.31.36.0-255,66,6279,10,216208
26730,5.5e-05,74.125.130.0-255,2902,9181,10,216208
26731,5.7e-05,172.31.36.0-255,66,9247,10,216208
26732,6e-05,74.125.130.0-255,1484,10731,10,216208
26733,6.2e-05,172.31.36.0-255,66,10797,10,216208
26734,8.8e-05,74.125.130.0-255,3471,14268,10,216208
26735,9.1e-05,172.31.36.0-255,66,14334,10,216208
26736,0.000165,74.125.130.0-255,1484,15818,10,216208
26737,0.000167,172.31.36.0-255,66,15884,10,216208
26738,0.000173,74.125.130.0-255,2902,18786,10,216208
26739,0.000176,172.31.36.0-255,66,18852,10,216208
26740,0.000197,74.125.130.0-255,5738,24590,10,216208
26741,0.0002,172.31.36.0-255,66,24656,10,216208
26742,0.000215,74.125.130.0-255,1484,26140,10,216208
26743,0.000217,172.31.36.0-255,66,26206,10,216208
26744,0.000241,74.125.130.0-255,5379,31585,10,216208
26745,0.000244,172.31.36.0-255,66,31651,10,216208
26746,0.000354,74.125.130.0-255,1484,33135,10,216208
26747,0.000359,172.31.36.0-255,66,33201,10,216208
26748,0.000364,74.125.130.0-255,2902,36103,10,216208
26749,0.000366,172.31.36.0-255,66,36169,10,216208
26750,0.000379,74.125.130.0-255,2902,39071,10,216208
26751,0.000382,172.31.36.0-255,66,39137,10,216208
26752,0.000388,74.125.130.0-255,4320,43457,10,216208
26753,0.00039,172.31.36.0-255,66,43523,10,216208
26754,0.000413,74.125.130.0-255,7156,50679,10,216208
26755,0.000416,172.31.36.0-255,66,50745,10,216208
26756,0.000445,74.125.130.0-255,2543,53288,10,216208
26757,0.000447,172.31.36.0-255,66,53354,10,216208
26758,0.000459,172.31.36.0-255,66,53420,10,216208
26759,0.000474,74.125.130.0-255,1484,54904,10,216208
26760,0.000491,74.125.130.0-255,1423,56327,10,216208
26761,0.000493,172.31.36.0-255,66,56393,10,216208
26762,0.000496,74.125.130.0-255,379,56772,10,216208
26763,0.000802,74.125.130.0-255,1484,58256,10,216208
26764,0.000807,172.31.36.0-255,66,58322,10,216208
26765,0.000813,74.125.130.0-255,2902,61224,10,216208
26766,0.000815,172.31.36.0-255,66,61290,10,216208
26767,0.000822,74.125.130.0-255,5738,67028,10,216208
26768,0.000824,172.31.36.0-255,66,67094,10,216208
26769,0.00086,74.125.130.0-255,1484,68578,10,216208
26770,0.000885,74.125.130.0-255,2902,71480,10,216208
26771,0.000898,172.31.36.0-255,66,71546,10,216208
26772,0.000906,74.125.130.0-255,5738,77284,10,216208
26773,0.000908,172.31.36.0-255,66,77350,10,216208
26774,0.00092,172.31.36.0-255,66,77416,10,216208
26775,0.000924,74.125.130.0-255,2184,79600,10,216208
26776,0.000927,172.31.36.0-255,66,79666,10,216208
26777,0.001135,74.125.130.0-255,1484,81150,10,216208
26778,0.001142,74.125.130.0-255,2902,84052,10,216208
26779,0.001145,172.31.36.0-255,66,84118,10,216208
26780,0.001151,74.125.130.0-255,2902,87020,10,216208
26781,0.001153,172.31.36.0-255,66,87086,10,216208
26782,0.001168,74.125.130.0-255,2902,89988,10,216208
26783,0.00117,172.31.36.0-255,66,90054,10,216208
26784,0.001191,74.125.130.0-255,4320,94374,10,216208
26785,0.001194,172.31.36.0-255,66,94440,10,216208
26786,0.001227,172.31.36.0-255,66,94506,10,216208
26787,0.001245,74.125.130.0-255,1484,95990,10,216208
26788,0.001275,172.31.36.0-255,66,96056,10,216208
26789,0.001432,74.125.130.0-255,1484,97540,10,216208
26790,0.001436,74.125.130.0-255,1484,99024,10,216208
26791,0.001439,172.31.36.0-255,66,99090,10,216208
26792,0.001458,74.125.130.0-255,1484,100574,10,216208
26793,0.001479,74.125.130.0-255,5738,106312,10,216208
26794,0.001482,172.31.36.0-255,66,106378,10,216208
26795,0.001486,74.125.130.0-255,1484,107862,10,216208
26796,0.001508,74.125.130.0-255,5738,113600,10,216208
26797,0.001511,172.31.36.0-255,66,113666,10,216208
26798,0.001532,74.125.130.0-255,7156,120822,10,216208
26799,0.001535,172.31.36.0-255,66,120888,10,216208
26800,0.001553,74.125.130.0-255,1484,122372,10,216208
26801,0.001558,74.125.130.0-255,2902,125274,10,216208
26802,0.00156,172.31.36.0-255,66,125340,10,216208
26803,0.001566,74.125.130.0-255,4320,129660,10,216208
26804,0.001568,172.31.36.0-255,66,129726,10,216208
26805,0.001572,74.125.130.0-255,766,130492,10,216208
26806,0.001798,74.125.130.0-255,1484,131976,10,216208
26807,0.001802,172.31.36.0-255,66,132042,10,216208
26808,0.001826,74.125.130.0-255,2902,134944,10,216208
26809,0.001828,172.31.36.0-255,66,135010,10,216208
26810,0.001835,74.125.130.0-255,5738,140748,10,216208
26811,0.001837,172.31.36.0-255,66,140814,10,216208
26812,0.001841,74.125.130.0-255,2902,143716,10,216208
26813,0.001843,172.31.36.0-255,66,143782,10,216208
26814,0.001866,74.125.130.0-255,1484,145266,10,216208
26815,0.001888,172.31.36.0-255,66,145332,10,216208
26816,0.001908,172.31.36.0-255,66,145398,10,216208
26817,0.001959,74.125.130.0-255,2184,147582,10,216208
26818,0.001962,172.31.36.0-255,66,147648,10,216208
26819,0.002124,74.125.130.0-255,1484,149132,10,216208
26820,0.002141,74.125.130.0-255,2902,152034,10,216208
26821,0.002146,172.31.36.0-255,66,152100,10,216208
26822,0.002168,74.125.130.0-255,4320,156420,10,216208
26823,0.00217,172.31.36.0-255,66,156486,10,216208
26824,0.002189,74.125.130.0-255,2902,159388,10,216208
26825,0.002192,172.31.36.0-255,66,159454,10,216208
26826,0.002221,74.125.130.0-255,5738,165192,10,216208
26827,0.002223,172.31.36.0-255,66,165258,10,216208
26828,0.002229,74.125.130.0-255,5738,170996,10,216208
26829,0.002231,172.31.36.0-255,66,171062,10,216208
26830,0.002234,74.125.130.0-255,1484,172546,10,216208
26831,0.004427,74.125.130.0-255,4320,176866,10,216208
26832,0.004433,172.31.36.0-255,66,176932,10,216208
26833,0.006625,74.125.130.0-255,4320,181252,10,216208
26834,0.006628,172.31.36.0-255,66,181318,10,216208
26835,0.00664,74.125.130.0-255,1484,182802,10,216208
26836,0.008815,74.125.130.0-255,4320,187122,10,216208
26837,0.008821,172.31.36.0-255,66,187188,10,216208
26838,0.011024,74.125.130.0-255,5738,192926,10,216208
26839,0.011032,172.31.36.0-255,66,192992,10,216208
26840,0.01324,74.125.130.0-255,5738,198730,10,216208
26841,0.013247,172.31.36.0-255,66,198796,10,216208
26842,0.015457,74.125.130.0-255,5738,204534,10,216208
26843,0.015466,172.31.36.0-255,66,204600,10,216208
26844,0.017689,74.125.130.0-255,5738,210338,10,216208
26845,0.017698,172.31.36.0-255,66,210404,10,216208
26846,0.019899,74.125.130.0-255,5738,216142,10,216208
26847,0.019905,172.31.36.0-255,66,216208,10,216208
26848,0.0,172.217.194.0-255,153,153,10,157761
26849,3.3e-05,172.31.36.0-255,66,219,10,157761
26850,4e-05,172.217.194.0-255,1484,1703,10,157761
26851,4.4e-05,172.31.36.0-255,66,1769,10,157761
26852,5e-05,172.217.194.0-255,2902,4671,10,157761
26853,5.3e-05,172.31.36.0-255,66,4737,10,157761
26854,6e-05,172.217.194.0-255,5738,10475,10,157761
26855,6.3e-05,172.31.36.0-255,66,10541,10,157761
26856,8.6e-05,172.217.194.0-255,1484,12025,10,157761
26857,8.9e-05,172.31.36.0-255,66,12091,10,157761
26858,0.000109,172.217.194.0-255,1979,14070,10,157761
26859,0.000111,172.31.36.0-255,66,14136,10,157761
26860,0.000379,172.217.194.0-255,1484,15620,10,157761
26861,0.000383,172.31.36.0-255,66,15686,10,157761
26862,0.000389,172.217.194.0-255,2902,18588,10,157761
26863,0.000391,172.31.36.0-255,66,18654,10,157761
26864,0.000398,172.217.194.0-255,5738,24392,10,157761
26865,0.0004,172.31.36.0-255,66,24458,10,157761
26866,0.000448,172.217.194.0-255,4320,28778,10,157761
26867,0.000452,172.31.36.0-255,66,28844,10,157761
26868,0.00047,172.217.194.0-255,2543,31387,10,157761
26869,0.000473,172.31.36.0-255,66,31453,10,157761
26870,0.000492,172.217.194.0-255,1484,32937,10,157761
26871,0.000495,172.31.36.0-255,66,33003,10,157761
26872,0.0005,172.217.194.0-255,2902,35905,10,157761
26873,0.000503,172.31.36.0-255,66,35971,10,157761
26874,0.000527,172.217.194.0-255,5738,41709,10,157761
26875,0.00053,172.31.36.0-255,66,41775,10,157761
26876,0.000551,172.217.194.0-255,5738,47513,10,157761
26877,0.000555,172.31.36.0-255,66,47579,10,157761
26878,0.000587,172.31.36.0-255,66,47645,10,157761
26879,0.000598,172.31.36.0-255,66,47711,10,157761
26880,0.000601,172.217.194.0-255,1377,49088,10,157761
26881,0.000624,172.217.194.0-255,121,49209,10,157761
26882,0.000775,172.217.194.0-255,1484,50693,10,157761
26883,0.000779,172.31.36.0-255,66,50759,10,157761
26884,0.000784,172.217.194.0-255,2902,53661,10,157761
26885,0.000786,172.31.36.0-255,66,53727,10,157761
26886,0.000792,172.217.194.0-255,4320,58047,10,157761
26887,0.000794,172.31.36.0-255,66,58113,10,157761
26888,0.000812,172.217.194.0-255,1484,59597,10,157761
26889,0.00082,172.217.194.0-255,5738,65335,10,157761
26890,0.000822,172.31.36.0-255,66,65401,10,157761
26891,0.000836,172.217.194.0-255,1125,66526,10,157761
26892,0.000842,172.217.194.0-255,4320,70846,10,157761
26893,0.000844,172.31.36.0-255,66,70912,10,157761
26894,0.000877,172.31.36.0-255,66,70978,10,157761
26895,0.000882,172.217.194.0-255,2543,73521,10,157761
26896,0.000884,172.31.36.0-255,66,73587,10,157761
26897,0.002147,172.217.194.0-255,1484,75071,10,157761
26898,0.002157,172.217.194.0-255,2902,77973,10,157761
26899,0.002161,172.31.36.0-255,66,78039,10,157761
26900,0.002167,172.217.194.0-255,2902,80941,10,157761
26901,0.002169,172.31.36.0-255,66,81007,10,157761
26902,0.002185,172.217.194.0-255,2902,83909,10,157761
26903,0.002187,172.31.36.0-255,66,83975,10,157761
26904,0.002217,172.217.194.0-255,2902,86877,10,157761
26905,0.002219,172.31.36.0-255,66,86943,10,157761
26906,0.002244,172.31.36.0-255,66,87009,10,157761
26907,0.002253,172.31.36.0-255,66,87075,10,157761
26908,0.002257,172.217.194.0-255,2184,89259,10,157761
26909,0.002259,172.31.36.0-255,66,89325,10,157761
26910,0.002386,172.217.194.0-255,1484,90809,10,157761
26911,0.002403,172.217.194.0-255,2902,93711,10,157761
26912,0.002405,172.31.36.0-255,66,93777,10,157761
26913,0.002409,172.217.194.0-255,2902,96679,10,157761
26914,0.002411,172.31.36.0-255,66,96745,10,157761
26915,0.002427,172.217.194.0-255,2902,99647,10,157761
26916,0.002429,172.31.36.0-255,66,99713,10,157761
26917,0.002436,172.217.194.0-255,7156,106869,10,157761
26918,0.002439,172.31.36.0-255,66,106935,10,157761
26919,0.00246,172.217.194.0-255,5738,112673,10,157761
26920,0.002462,172.31.36.0-255,66,112739,10,157761
26921,0.002471,172.31.36.0-255,66,112805,10,157761
26922,0.002506,172.217.194.0-255,5738,118543,10,157761
26923,0.002508,172.31.36.0-255,66,118609,10,157761
26924,0.00254,172.31.36.0-255,66,118675,10,157761
26925,0.002551,172.31.36.0-255,66,118741,10,157761
26926,0.002566,172.217.194.0-255,2184,120925,10,157761
26927,0.002568,172.31.36.0-255,66,120991,10,157761
26928,0.00261,172.31.36.0-255,66,121057,10,157761
26929,0.002613,172.217.194.0-255,1484,122541,10,157761
26930,0.002637,172.31.36.0-255,66,122607,10,157761
26931,0.002658,172.31.36.0-255,66,122673,10,157761
26932,0.002674,172.31.36.0-255,66,122739,10,157761
26933,0.002703,172.31.36.0-255,66,122805,10,157761
26934,0.002712,172.31.36.0-255,66,122871,10,157761
26935,0.005378,172.217.194.0-255,5738,128609,10,157761
26936,0.0054,172.31.36.0-255,66,128675,10,157761
26937,0.008106,172.217.194.0-255,5738,134413,10,157761
26938,0.008129,172.31.36.0-255,66,134479,10,157761
26939,0.01078,172.217.194.0-255,5738,140217,10,157761
26940,0.010794,172.31.36.0-255,66,140283,10,157761
26941,0.013429,172.217.194.0-255,5738,146021,10,157761
26942,0.013435,172.31.36.0-255,66,146087,10,157761
26943,0.016118,172.217.194.0-255,5738,151825,10,157761
26944,0.016125,172.31.36.0-255,66,151891,10,157761
26945,0.018794,172.217.194.0-255,4320,156211,10,157761
26946,0.018803,172.31.36.0-255,66,156277,10,157761
26947,0.018824,172.217.194.0-255,1484,157761,10,157761
26948,0.0,74.125.68.0-255,153,153,10,194244
26949,3.3e-05,172.31.36.0-255,66,219,10,194244
26950,4e-05,74.125.68.0-255,1484,1703,10,194244
26951,4.5e-05,172.31.36.0-255,66,1769,10,194244
26952,4.9e-05,74.125.68.0-255,2902,4671,10,194244
26953,5.2e-05,172.31.36.0-255,66,4737,10,194244
26954,9.1e-05,74.125.68.0-255,4320,9057,10,194244
26955,9.4e-05,172.31.36.0-255,66,9123,10,194244
26956,0.000109,74.125.68.0-255,1484,10607,10,194244
26957,0.000111,172.31.36.0-255,66,10673,10,194244
26958,0.000125,74.125.68.0-255,2902,13575,10,194244
26959,0.000128,172.31.36.0-255,66,13641,10,194244
26960,0.000131,74.125.68.0-255,648,14289,10,194244
26961,0.000134,172.31.36.0-255,66,14355,10,194244
26962,0.000157,74.125.68.0-255,1484,15839,10,194244
26963,0.00016,172.31.36.0-255,66,15905,10,194244
26964,0.000164,74.125.68.0-255,1484,17389,10,194244
26965,0.000166,172.31.36.0-255,66,17455,10,194244
26966,0.000181,74.125.68.0-255,2902,20357,10,194244
26967,0.000186,172.31.36.0-255,66,20423,10,194244
26968,0.000198,74.125.68.0-255,2902,23325,10,194244
26969,0.000201,172.31.36.0-255,66,23391,10,194244
26970,0.000227,74.125.68.0-255,7156,30547,10,194244
26971,0.00023,172.31.36.0-255,66,30613,10,194244
26972,0.000259,74.125.68.0-255,1125,31738,10,194244
26973,0.000261,172.31.36.0-255,66,31804,10,194244
26974,0.000323,74.125.68.0-255,1484,33288,10,194244
26975,0.000327,172.31.36.0-255,66,33354,10,194244
26976,0.000342,74.125.68.0-255,2902,36256,10,194244
26977,0.000346,172.31.36.0-255,66,36322,10,194244
26978,0.000349,74.125.68.0-255,1484,37806,10,194244
26979,0.000351,172.31.36.0-255,66,37872,10,194244
26980,0.000356,74.125.68.0-255,2902,40774,10,194244
26981,0.000358,172.31.36.0-255,66,40840,10,194244
26982,0.000378,74.125.68.0-255,5738,46578,10,194244
26983,0.000381,172.31.36.0-255,66,46644,10,194244
26984,0.000412,74.125.68.0-255,2543,49187,10,194244
26985,0.000415,172.31.36.0-255,66,49253,10,194244
26986,0.000455,74.125.68.0-255,2902,52155,10,194244
26987,0.00046,172.31.36.0-255,66,52221,10,194244
26988,0.000466,74.125.68.0-255,5738,57959,10,194244
26989,0.000468,172.31.36.0-255,66,58025,10,194244
26990,0.000498,74.125.68.0-255,5738,63763,10,194244
26991,0.000501,172.31.36.0-255,66,63829,10,194244
26992,0.000519,74.125.68.0-255,1484,65313,10,194244
26993,0.000541,74.125.68.0-255,1397,66710,10,194244
26994,0.000544,172.31.36.0-255,66,66776,10,194244
26995,0.000582,74.125.68.0-255,416,67192,10,194244
26996,0.000738,74.125.68.0-255,1484,68676,10,194244
26997,0.000742,172.31.36.0-255,66,68742,10,194244
26998,0.00076,74.125.68.0-255,2902,71644,10,194244
26999,0.000763,172.31.36.0-255,66,71710,10,194244
27000,0.000768,74.125.68.0-255,4320,76030,10,194244
27001,0.000771,172.31.36.0-255,66,76096,10,194244
27002,0.000807,172.31.36.0-255,66,76162,10,194244
27003,0.000847,74.125.68.0-255,1484,77646,10,194244
27004,0.00086,74.125.68.0-255,2902,80548,10,194244
27005,0.000865,172.31.36.0-255,66,80614,10,194244
27006,0.000885,74.125.68.0-255,4320,84934,10,194244
27007,0.000889,172.31.36.0-255,66,85000,10,194244
27008,0.000909,74.125.68.0-255,1484,86484,10,194244
27009,0.00093,74.125.68.0-255,6438,92922,10,194244
27010,0.000933,172.31.36.0-255,66,92988,10,194244
27011,0.001068,74.125.68.0-255,1484,94472,10,194244
27012,0.001082,74.125.68.0-255,2902,97374,10,194244
27013,0.001085,172.31.36.0-255,66,97440,10,194244
27014,0.001089,74.125.68.0-255,1484,98924,10,194244
27015,0.001111,74.125.68.0-255,2902,101826,10,194244
27016,0.001114,172.31.36.0-255,66,101892,10,194244
27017,0.001118,74.125.68.0-255,1484,103376,10,194244
27018,0.001135,74.125.68.0-255,4320,107696,10,194244
27019,0.001138,172.31.36.0-255,66,107762,10,194244
27020,0.001155,74.125.68.0-255,1484,109246,10,194244
27021,0.001178,74.125.68.0-255,7156,116402,10,194244
27022,0.001181,172.31.36.0-255,66,116468,10,194244
27023,0.001218,74.125.68.0-255,4320,120788,10,194244
27024,0.001221,172.31.36.0-255,66,120854,10,194244
27025,0.001237,74.125.68.0-255,5738,126592,10,194244
27026,0.00124,172.31.36.0-255,66,126658,10,194244
27027,0.001274,74.125.68.0-255,766,127424,10,194244
27028,0.001375,172.31.36.0-255,66,127490,10,194244
27029,0.002068,74.125.68.0-255,1484,128974,10,194244
27030,0.002079,74.125.68.0-255,2902,131876,10,194244
27031,0.002083,172.31.36.0-255,66,131942,10,194244
27032,0.00209,74.125.68.0-255,4320,136262,10,194244
27033,0.002092,172.31.36.0-255,66,136328,10,194244
27034,0.002108,74.125.68.0-255,1484,137812,10,194244
27035,0.002131,172.31.36.0-255,66,137878,10,194244
27036,0.002149,74.125.68.0-255,1484,139362,10,194244
27037,0.002208,74.125.68.0-255,4320,143682,10,194244
27038,0.002212,172.31.36.0-255,66,143748,10,194244
27039,0.00224,74.125.68.0-255,7156,150904,10,194244
27040,0.002243,172.31.36.0-255,66,150970,10,194244
27041,0.002268,74.125.68.0-255,2184,153154,10,194244
27042,0.002271,172.31.36.0-255,66,153220,10,194244
27043,0.004474,74.125.68.0-255,2902,156122,10,194244
27044,0.00448,172.31.36.0-255,66,156188,10,194244
27045,0.004514,74.125.68.0-255,2902,159090,10,194244
27046,0.004518,172.31.36.0-255,66,159156,10,194244
27047,0.006711,74.125.68.0-255,2902,162058,10,194244
27048,0.006717,172.31.36.0-255,66,162124,10,194244
27049,0.006758,74.125.68.0-255,2902,165026,10,194244
27050,0.006761,172.31.36.0-255,66,165092,10,194244
27051,0.008966,74.125.68.0-255,2902,167994,10,194244
27052,0.008973,172.31.36.0-255,66,168060,10,194244
27053,0.008997,74.125.68.0-255,2902,170962,10,194244
27054,0.009001,172.31.36.0-255,66,171028,10,194244
27055,0.011228,74.125.68.0-255,5738,176766,10,194244
27056,0.011236,172.31.36.0-255,66,176832,10,194244
27057,0.013485,74.125.68.0-255,5738,182570,10,194244
27058,0.013494,172.31.36.0-255,66,182636,10,194244
27059,0.015743,74.125.68.0-255,5738,188374,10,194244
27060,0.015753,172.31.36.0-255,66,188440,10,194244
27061,0.017993,74.125.68.0-255,5738,194178,10,194244
27062,0.018,172.31.36.0-255,66,194244,10,194244
27063,0.0,74.125.24.0-255,153,153,10,132466
27064,2.7e-05,172.31.36.0-255,66,219,10,132466
27065,3.4e-05,74.125.24.0-255,1484,1703,10,132466
27066,3.9e-05,172.31.36.0-255,66,1769,10,132466
27067,4.5e-05,74.125.24.0-255,2902,4671,10,132466
27068,4.8e-05,172.31.36.0-255,66,4737,10,132466
27069,5.5e-05,74.125.24.0-255,7156,11893,10,132466
27070,5.8e-05,172.31.36.0-255,66,11959,10,132466
27071,7.6e-05,74.125.24.0-255,2012,13971,10,132466
27072,7.8e-05,172.31.36.0-255,66,14037,10,132466
27073,0.000258,74.125.24.0-255,1484,15521,10,132466
27074,0.000263,172.31.36.0-255,66,15587,10,132466
27075,0.000269,74.125.24.0-255,2902,18489,10,132466
27076,0.000273,172.31.36.0-255,66,18555,10,132466
27077,0.000279,74.125.24.0-255,5738,24293,10,132466
27078,0.000281,172.31.36.0-255,66,24359,10,132466
27079,0.000284,74.125.24.0-255,1484,25843,10,132466
27080,0.000286,172.31.36.0-255,66,25909,10,132466
27081,0.000314,74.125.24.0-255,5379,31288,10,132466
27082,0.000318,172.31.36.0-255,66,31354,10,132466
27083,0.000538,74.125.24.0-255,1484,32838,10,132466
27084,0.000543,172.31.36.0-255,66,32904,10,132466
27085,0.000547,74.125.24.0-255,2902,35806,10,132466
27086,0.000549,172.31.36.0-255,66,35872,10,132466
27087,0.000581,74.125.24.0-255,5738,41610,10,132466
27088,0.000584,172.31.36.0-255,66,41676,10,132466
27089,0.000618,172.31.36.0-255,66,41742,10,132466
27090,0.000626,172.31.36.0-255,66,41808,10,132466
27091,0.000629,74.125.24.0-255,1125,42933,10,132466
27092,0.000631,172.31.36.0-255,66,42999,10,132466
27093,0.000678,74.125.24.0-255,677,43676,10,132466
27094,0.000845,172.31.36.0-255,66,43742,10,132466
27095,0.001054,74.125.24.0-255,1484,45226,10,132466
27096,0.001064,74.125.24.0-255,2902,48128,10,132466
27097,0.001068,172.31.36.0-255,66,48194,10,132466
27098,0.001076,74.125.24.0-255,5738,53932,10,132466
27099,0.001078,172.31.36.0-255,66,53998,10,132466
27100,0.001117,172.31.36.0-255,66,54064,10,132466
27101,0.001122,74.125.24.0-255,2902,56966,10,132466
27102,0.001124,172.31.36.0-255,66,57032,10,132466
27103,0.001147,172.31.36.0-255,66,57098,10,132466
27104,0.001151,74.125.24.0-255,2184,59282,10,132466
27105,0.001495,74.125.24.0-255,1484,60766,10,132466
27106,0.001514,74.125.24.0-255,2902,63668,10,132466
27107,0.001533,74.125.24.0-255,5738,69406,10,132466
27108,0.001564,74.125.24.0-255,7156,76562,10,132466
27109,0.001613,74.125.24.0-255,3602,80164,10,132466
27110,0.001948,74.125.24.0-255,1484,81648,10,132466
27111,0.00196,74.125.24.0-255,2902,84550,10,132466
27112,0.001974,74.125.24.0-255,2902,87452,10,132466
27113,0.001986,74.125.24.0-255,2902,90354,10,132466
27114,0.002005,74.125.24.0-255,4320,94674,10,132466
27115,0.002059,74.125.24.0-255,2902,97576,10,132466
27116,0.006073,172.31.36.0-255,66,97642,10,132466
27117,0.008157,74.125.24.0-255,5738,103380,10,132466
27118,0.008164,172.31.36.0-255,66,103446,10,132466
27119,0.010246,74.125.24.0-255,5738,109184,10,132466
27120,0.010254,172.31.36.0-255,66,109250,10,132466
27121,0.012309,74.125.24.0-255,5738,114988,10,132466
27122,0.012317,172.31.36.0-255,66,115054,10,132466
27123,0.014399,74.125.24.0-255,5738,120792,10,132466
27124,0.014407,172.31.36.0-255,66,120858,10,132466
27125,0.01649,74.125.24.0-255,5738,126596,10,132466
27126,0.016498,172.31.36.0-255,66,126662,10,132466
27127,0.018555,74.125.24.0-255,5738,132400,10,132466
27128,0.018563,172.31.36.0-255,66,132466,10,132466
27129,0.0,74.125.24.0-255,153,153,10,192685
27130,1.5e-05,172.31.36.0-255,66,219,10,192685
27131,2.2e-05,74.125.24.0-255,1484,1703,10,192685
27132,2.7e-05,172.31.36.0-255,66,1769,10,192685
27133,3.4e-05,74.125.24.0-255,2902,4671,10,192685
27134,3.7e-05,172.31.36.0-255,66,4737,10,192685
27135,4.5e-05,74.125.24.0-255,7156,11893,10,192685
27136,4.7e-05,172.31.36.0-255,66,11959,10,192685
27137,5.1e-05,74.125.24.0-255,2011,13970,10,192685
27138,5.4e-05,172.31.36.0-255,66,14036,10,192685
27139,8.8e-05,74.125.24.0-255,2902,16938,10,192685
27140,9.1e-05,172.31.36.0-255,66,17004,10,192685
27141,9.4e-05,74.125.24.0-255,1484,18488,10,192685
27142,9.6e-05,172.31.36.0-255,66,18554,10,192685
27143,0.000118,74.125.24.0-255,5738,24292,10,192685
27144,0.00012,172.31.36.0-255,66,24358,10,192685
27145,0.00016,74.125.24.0-255,6797,31155,10,192685
27146,0.000163,172.31.36.0-255,66,31221,10,192685
27147,0.000239,74.125.24.0-255,1484,32705,10,192685
27148,0.000242,172.31.36.0-255,66,32771,10,192685
27149,0.000247,74.125.24.0-255,2902,35673,10,192685
27150,0.000249,172.31.36.0-255,66,35739,10,192685
27151,0.000279,74.125.24.0-255,5738,41477,10,192685
27152,0.000282,172.31.36.0-255,66,41543,10,192685
27153,0.000326,172.31.36.0-255,66,41609,10,192685
27154,0.000343,74.125.24.0-255,1125,42734,10,192685
27155,0.000345,172.31.36.0-255,66,42800,10,192685
27156,0.000359,74.125.24.0-255,1484,44284,10,192685
27157,0.000361,172.31.36.0-255,66,44350,10,192685
27158,0.00039,172.31.36.0-255,66,44416,10,192685
27159,0.000393,74.125.24.0-255,110,44526,10,192685
27160,0.000396,74.125.24.0-255,331,44857,10,192685
27161,0.000862,74.125.24.0-255,1484,46341,10,192685
27162,0.000866,172.31.36.0-255,66,46407,10,192685
27163,0.000872,74.125.24.0-255,2902,49309,10,192685
27164,0.000875,172.31.36.0-255,66,49375,10,192685
27165,0.000879,74.125.24.0-255,2902,52277,10,192685
27166,0.000881,172.31.36.0-255,66,52343,10,192685
27167,0.000896,74.125.24.0-255,2902,55245,10,192685
27168,0.000899,172.31.36.0-255,66,55311,10,192685
27169,0.000903,74.125.24.0-255,2902,58213,10,192685
27170,0.000905,172.31.36.0-255,66,58279,10,192685
27171,0.000944,172.31.36.0-255,66,58345,10,192685
27172,0.000951,74.125.24.0-255,7156,65501,10,192685
27173,0.000953,172.31.36.0-255,66,65567,10,192685
27174,0.000969,74.125.24.0-255,3602,69169,10,192685
27175,0.000972,172.31.36.0-255,66,69235,10,192685
27176,0.001069,74.125.24.0-255,1484,70719,10,192685
27177,0.001074,74.125.24.0-255,2902,73621,10,192685
27178,0.001077,172.31.36.0-255,66,73687,10,192685
27179,0.001102,74.125.24.0-255,5738,79425,10,192685
27180,0.001104,172.31.36.0-255,66,79491,10,192685
27181,0.00113,172.31.36.0-255,66,79557,10,192685
27182,0.001146,74.125.24.0-255,1484,81041,10,192685
27183,0.001178,172.31.36.0-255,66,81107,10,192685
27184,0.001263,74.125.24.0-255,1484,82591,10,192685
27185,0.001278,74.125.24.0-255,2902,85493,10,192685
27186,0.001282,172.31.36.0-255,66,85559,10,192685
27187,0.001287,74.125.24.0-255,2902,88461,10,192685
27188,0.001288,172.31.36.0-255,66,88527,10,192685
27189,0.001315,74.125.24.0-255,2902,91429,10,192685
27190,0.001317,172.31.36.0-255,66,91495,10,192685
27191,0.001332,172.31.36.0-255,66,91561,10,192685
27192,0.001344,172.31.36.0-255,66,91627,10,192685
27193,0.001394,74.125.24.0-255,1484,93111,10,192685
27194,0.001399,74.125.24.0-255,2902,96013,10,192685
27195,0.001401,172.31.36.0-255,66,96079,10,192685
27196,0.00142,74.125.24.0-255,2902,98981,10,192685
27197,0.001422,172.31.36.0-255,66,99047,10,192685
27198,0.00144,74.125.24.0-255,2902,101949,10,192685
27199,0.001444,74.125.24.0-255,2902,104851,10,192685
27200,0.001455,172.31.36.0-255,66,104917,10,192685
27201,0.001458,172.31.36.0-255,66,104983,10,192685
27202,0.00146,172.31.36.0-255,66,105049,10,192685
27203,0.001491,172.31.36.0-255,66,105115,10,192685
27204,0.001619,74.125.24.0-255,1484,106599,10,192685
27205,0.00164,74.125.24.0-255,2902,109501,10,192685
27206,0.001643,172.31.36.0-255,66,109567,10,192685
27207,0.001651,74.125.24.0-255,5738,115305,10,192685
27208,0.001653,172.31.36.0-255,66,115371,10,192685
27209,0.001694,172.31.36.0-255,66,115437,10,192685
27210,0.001725,74.125.24.0-255,5738,121175,10,192685
27211,0.001727,172.31.36.0-255,66,121241,10,192685
27212,0.001745,74.125.24.0-255,5738,126979,10,192685
27213,0.001747,172.31.36.0-255,66,127045,10,192685
27214,0.001752,74.125.24.0-255,2184,129229,10,192685
27215,0.001754,172.31.36.0-255,66,129295,10,192685
27216,0.001791,74.125.24.0-255,1484,130779,10,192685
27217,0.001796,74.125.24.0-255,2902,133681,10,192685
27218,0.001798,172.31.36.0-255,66,133747,10,192685
27219,0.00182,74.125.24.0-255,5738,139485,10,192685
27220,0.001823,172.31.36.0-255,66,139551,10,192685
27221,0.001829,74.125.24.0-255,4320,143871,10,192685
27222,0.001831,172.31.36.0-255,66,143937,10,192685
27223,0.001842,74.125.24.0-255,5738,149675,10,192685
27224,0.001845,172.31.36.0-255,66,149741,10,192685
27225,0.001877,172.31.36.0-255,66,149807,10,192685
27226,0.001882,74.125.24.0-255,2184,151991,10,192685
27227,0.001884,172.31.36.0-255,66,152057,10,192685
27228,0.004162,74.125.24.0-255,5738,157795,10,192685
27229,0.004169,172.31.36.0-255,66,157861,10,192685
27230,0.006455,74.125.24.0-255,5738,163599,10,192685
27231,0.006466,172.31.36.0-255,66,163665,10,192685
27232,0.00875,74.125.24.0-255,5738,169403,10,192685
27233,0.008755,172.31.36.0-255,66,169469,10,192685
27234,0.01106,74.125.24.0-255,5738,175207,10,192685
27235,0.011069,172.31.36.0-255,66,175273,10,192685
27236,0.013426,74.125.24.0-255,5738,181011,10,192685
27237,0.013434,172.31.36.0-255,66,181077,10,192685
27238,0.015752,74.125.24.0-255,5738,186815,10,192685
27239,0.015762,172.31.36.0-255,66,186881,10,192685
27240,0.018051,74.125.24.0-255,5738,192619,10,192685
27241,0.018058,172.31.36.0-255,66,192685,10,192685
27242,0.0,74.125.24.0-255,153,153,10,203960
27243,2.4e-05,172.31.36.0-255,66,219,10,203960
27244,3.1e-05,74.125.24.0-255,1484,1703,10,203960
27245,3.6e-05,172.31.36.0-255,66,1769,10,203960
27246,4.2e-05,74.125.24.0-255,2902,4671,10,203960
27247,4.5e-05,172.31.36.0-255,66,4737,10,203960
27248,5.3e-05,74.125.24.0-255,7156,11893,10,203960
27249,5.7e-05,172.31.36.0-255,66,11959,10,203960
27250,8.3e-05,74.125.24.0-255,2104,14063,10,203960
27251,8.6e-05,172.31.36.0-255,66,14129,10,203960
27252,9.2e-05,74.125.24.0-255,2902,17031,10,203960
27253,9.5e-05,172.31.36.0-255,66,17097,10,203960
27254,0.0001,74.125.24.0-255,4320,21417,10,203960
27255,0.000103,172.31.36.0-255,66,21483,10,203960
27256,0.000118,74.125.24.0-255,2902,24385,10,203960
27257,0.00012,172.31.36.0-255,66,24451,10,203960
27258,0.000138,74.125.24.0-255,4320,28771,10,203960
27259,0.000142,172.31.36.0-255,66,28837,10,203960
27260,0.000163,74.125.24.0-255,2543,31380,10,203960
27261,0.000166,172.31.36.0-255,66,31446,10,203960
27262,0.000322,74.125.24.0-255,1484,32930,10,203960
27263,0.000328,172.31.36.0-255,66,32996,10,203960
27264,0.000353,74.125.24.0-255,2902,35898,10,203960
27265,0.000356,172.31.36.0-255,66,35964,10,203960
27266,0.000362,74.125.24.0-255,5738,41702,10,203960
27267,0.000365,172.31.36.0-255,66,41768,10,203960
27268,0.000368,74.125.24.0-255,1484,43252,10,203960
27269,0.000371,172.31.36.0-255,66,43318,10,203960
27270,0.000399,74.125.24.0-255,5379,48697,10,203960
27271,0.000402,172.31.36.0-255,66,48763,10,203960
27272,0.000413,172.31.36.0-255,66,48829,10,203960
27273,0.000434,74.125.24.0-255,2902,51731,10,203960
27274,0.000436,172.31.36.0-255,66,51797,10,203960
27275,0.000441,74.125.24.0-255,2817,54614,10,203960
27276,0.000443,172.31.36.0-255,66,54680,10,203960
27277,0.000487,74.125.24.0-255,381,55061,10,203960
27278,0.000639,74.125.24.0-255,1484,56545,10,203960
27279,0.000645,172.31.36.0-255,66,56611,10,203960
27280,0.000651,74.125.24.0-255,2902,59513,10,203960
27281,0.000654,172.31.36.0-255,66,59579,10,203960
27282,0.000661,74.125.24.0-255,5738,65317,10,203960
27283,0.000663,172.31.36.0-255,66,65383,10,203960
27284,0.000694,74.125.24.0-255,6797,72180,10,203960
27285,0.000696,172.31.36.0-255,66,72246,10,203960
27286,0.000703,74.125.24.0-255,7156,79402,10,203960
27287,0.000705,172.31.36.0-255,66,79468,10,203960
27288,0.000728,74.125.24.0-255,2902,82370,10,203960
27289,0.00073,172.31.36.0-255,66,82436,10,203960
27290,0.000754,74.125.24.0-255,6797,89233,10,203960
27291,0.000757,172.31.36.0-255,66,89299,10,203960
27292,0.000858,74.125.24.0-255,1484,90783,10,203960
27293,0.000865,74.125.24.0-255,2902,93685,10,203960
27294,0.000868,172.31.36.0-255,66,93751,10,203960
27295,0.000872,74.125.24.0-255,2902,96653,10,203960
27296,0.000874,172.31.36.0-255,66,96719,10,203960
27297,0.000889,74.125.24.0-255,2902,99621,10,203960
27298,0.000891,172.31.36.0-255,66,99687,10,203960
27299,0.000894,74.125.24.0-255,1484,101171,10,203960
27300,0.000931,172.31.36.0-255,66,101237,10,203960
27301,0.000943,172.31.36.0-255,66,101303,10,203960
27302,0.000957,74.125.24.0-255,589,101892,10,203960
27303,0.001028,74.125.24.0-255,1484,103376,10,203960
27304,0.001031,172.31.36.0-255,66,103442,10,203960
27305,0.001036,74.125.24.0-255,2902,106344,10,203960
27306,0.001038,172.31.36.0-255,66,106410,10,203960
27307,0.001044,74.125.24.0-255,4320,110730,10,203960
27308,0.001047,172.31.36.0-255,66,110796,10,203960
27309,0.001061,74.125.24.0-255,1484,112280,10,203960
27310,0.001066,74.125.24.0-255,4320,116600,10,203960
27311,0.001069,172.31.36.0-255,66,116666,10,203960
27312,0.001102,172.31.36.0-255,66,116732,10,203960
27313,0.001105,74.125.24.0-255,1484,118216,10,203960
27314,0.001145,172.31.36.0-255,66,118282,10,203960
27315,0.001168,74.125.24.0-255,5738,124020,10,203960
27316,0.001172,172.31.36.0-255,66,124086,10,203960
27317,0.001186,74.125.24.0-255,4320,128406,10,203960
27318,0.001188,172.31.36.0-255,66,128472,10,203960
27319,0.001196,74.125.24.0-255,7156,135628,10,203960
27320,0.001198,172.31.36.0-255,66,135694,10,203960
27321,0.00122,74.125.24.0-255,1484,137178,10,203960
27322,0.001245,172.31.36.0-255,66,137244,10,203960
27323,0.001274,172.31.36.0-255,66,137310,10,203960
27324,0.001288,172.31.36.0-255,66,137376,10,203960
27325,0.001326,172.31.36.0-255,66,137442,10,203960
27326,0.001369,172.31.36.0-255,66,137508,10,203960
27327,0.001687,74.125.24.0-255,1484,138992,10,203960
27328,0.0017,74.125.24.0-255,2902,141894,10,203960
27329,0.001704,172.31.36.0-255,66,141960,10,203960
27330,0.001711,74.125.24.0-255,4320,146280,10,203960
27331,0.001713,172.31.36.0-255,66,146346,10,203960
27332,0.001737,74.125.24.0-255,1484,147830,10,203960
27333,0.001752,172.31.36.0-255,66,147896,10,203960
27334,0.001765,172.31.36.0-255,66,147962,10,203960
27335,0.001982,74.125.24.0-255,1484,149446,10,203960
27336,0.001998,74.125.24.0-255,2902,152348,10,203960
27337,0.002002,172.31.36.0-255,66,152414,10,203960
27338,0.002009,74.125.24.0-255,5738,158152,10,203960
27339,0.002011,172.31.36.0-255,66,158218,10,203960
27340,0.002041,74.125.24.0-255,5738,163956,10,203960
27341,0.002044,172.31.36.0-255,66,164022,10,203960
27342,0.002062,74.125.24.0-255,5738,169760,10,203960
27343,0.002065,172.31.36.0-255,66,169826,10,203960
27344,0.002079,172.31.36.0-255,66,169892,10,203960
27345,0.002132,74.125.24.0-255,1484,171376,10,203960
27346,0.002138,74.125.24.0-255,2902,174278,10,203960
27347,0.002141,172.31.36.0-255,66,174344,10,203960
27348,0.002148,74.125.24.0-255,5738,180082,10,203960
27349,0.00215,172.31.36.0-255,66,180148,10,203960
27350,0.002177,172.31.36.0-255,66,180214,10,203960
27351,0.002201,74.125.24.0-255,4320,184534,10,203960
27352,0.002203,172.31.36.0-255,66,184600,10,203960
27353,0.002217,172.31.36.0-255,66,184666,10,203960
27354,0.002252,172.31.36.0-255,66,184732,10,203960
27355,0.002291,172.31.36.0-255,66,184798,10,203960
27356,0.002298,74.125.24.0-255,5738,190536,10,203960
27357,0.0023,172.31.36.0-255,66,190602,10,203960
27358,0.00233,172.31.36.0-255,66,190668,10,203960
27359,0.002337,74.125.24.0-255,5738,196406,10,203960
27360,0.002339,172.31.36.0-255,66,196472,10,203960
27361,0.002367,74.125.24.0-255,7080,203552,10,203960
27362,0.002369,172.31.36.0-255,66,203618,10,203960
27363,0.004711,74.125.24.0-255,105,203723,10,203960
27364,0.010346,172.31.36.0-255,66,203789,10,203960
27365,0.010387,172.31.36.0-255,105,203894,10,203960
27366,0.012709,74.125.24.0-255,66,203960,10,203960
27367,0.0,172.31.36.0-255,66,66,10,66
27368,0.0,35.155.241.0-255,117,117,10,488
27369,0.010306,35.155.241.0-255,305,422,10,488
27370,0.010359,172.31.36.0-255,66,488,10,488
27371,0.0,74.125.24.0-255,153,153,10,251033
27372,2.1e-05,172.31.36.0-255,66,219,10,251033
27373,2.7e-05,74.125.24.0-255,1484,1703,10,251033
27374,3.3e-05,172.31.36.0-255,66,1769,10,251033
27375,3.9e-05,74.125.24.0-255,2902,4671,10,251033
27376,5.6e-05,172.31.36.0-255,66,4737,10,251033
27377,6.4e-05,74.125.24.0-255,7156,11893,10,251033
27378,6.8e-05,172.31.36.0-255,66,11959,10,251033
27379,7.3e-05,74.125.24.0-255,2047,14006,10,251033
27380,7.6e-05,172.31.36.0-255,66,14072,10,251033
27381,8.9e-05,172.31.36.0-255,66,14138,10,251033
27382,9.6e-05,74.125.24.0-255,5379,19517,10,251033
27383,0.0001,172.31.36.0-255,66,19583,10,251033
27384,0.000212,74.125.24.0-255,1484,21067,10,251033
27385,0.000217,172.31.36.0-255,66,21133,10,251033
27386,0.000222,74.125.24.0-255,2902,24035,10,251033
27387,0.000225,172.31.36.0-255,66,24101,10,251033
27388,0.000232,74.125.24.0-255,5738,29839,10,251033
27389,0.000235,172.31.36.0-255,66,29905,10,251033
27390,0.00024,74.125.24.0-255,4320,34225,10,251033
27391,0.000242,172.31.36.0-255,66,34291,10,251033
27392,0.000266,74.125.24.0-255,1484,35775,10,251033
27393,0.000268,172.31.36.0-255,66,35841,10,251033
27394,0.000301,172.31.36.0-255,66,35907,10,251033
27395,0.000309,74.125.24.0-255,7071,42978,10,251033
27396,0.000312,172.31.36.0-255,66,43044,10,251033
27397,0.000314,74.125.24.0-255,135,43179,10,251033
27398,0.000316,172.31.36.0-255,66,43245,10,251033
27399,0.000379,74.125.24.0-255,1484,44729,10,251033
27400,0.000382,172.31.36.0-255,66,44795,10,251033
27401,0.000388,74.125.24.0-255,2902,47697,10,251033
27402,0.000393,74.125.24.0-255,2902,50599,10,251033
27403,0.000419,74.125.24.0-255,7156,57755,10,251033
27404,0.000442,74.125.24.0-255,2821,60576,10,251033
27405,0.000457,74.125.24.0-255,2902,63478,10,251033
27406,0.000474,74.125.24.0-255,7156,70634,10,251033
27407,0.00052,74.125.24.0-255,4320,74954,10,251033
27408,0.000534,74.125.24.0-255,2543,77497,10,251033
27409,0.000566,172.31.36.0-255,66,77563,10,251033
27410,0.000889,74.125.24.0-255,1484,79047,10,251033
27411,0.000896,74.125.24.0-255,2902,81949,10,251033
27412,0.0009,172.31.36.0-255,66,82015,10,251033
27413,0.000904,74.125.24.0-255,1484,83499,10,251033
27414,0.000922,74.125.24.0-255,4320,87819,10,251033
27415,0.000929,172.31.36.0-255,66,87885,10,251033
27416,0.000953,74.125.24.0-255,4320,92205,10,251033
27417,0.000978,74.125.24.0-255,6438,98643,10,251033
27418,0.000983,172.31.36.0-255,66,98709,10,251033
27419,0.001,74.125.24.0-255,1484,100193,10,251033
27420,0.001005,74.125.24.0-255,2902,103095,10,251033
27421,0.001009,74.125.24.0-255,1484,104579,10,251033
27422,0.001022,74.125.24.0-255,4320,108899,10,251033
27423,0.001027,172.31.36.0-255,66,108965,10,251033
27424,0.001041,74.125.24.0-255,5738,114703,10,251033
27425,0.001059,74.125.24.0-255,7156,121859,10,251033
27426,0.001067,74.125.24.0-255,7156,129015,10,251033
27427,0.001076,172.31.36.0-255,66,129081,10,251033
27428,0.001102,74.125.24.0-255,3602,132683,10,251033
27429,0.00111,172.31.36.0-255,66,132749,10,251033
27430,0.001144,74.125.24.0-255,4320,137069,10,251033
27431,0.001149,74.125.24.0-255,2902,139971,10,251033
27432,0.001166,74.125.24.0-255,4320,144291,10,251033
27433,0.001183,74.125.24.0-255,4320,148611,10,251033
27434,0.00119,172.31.36.0-255,66,148677,10,251033
27435,0.001219,74.125.24.0-255,4320,152997,10,251033
27436,0.001234,172.31.36.0-255,66,153063,10,251033
27437,0.001268,74.125.24.0-255,4320,157383,10,251033
27438,0.001281,74.125.24.0-255,4320,161703,10,251033
27439,0.001286,74.125.24.0-255,4320,166023,10,251033
27440,0.001293,172.31.36.0-255,66,166089,10,251033
27441,0.001308,74.125.24.0-255,5738,171827,10,251033
27442,0.001324,74.125.24.0-255,5738,177565,10,251033
27443,0.001334,172.31.36.0-255,66,177631,10,251033
27444,0.001377,74.125.24.0-255,2902,180533,10,251033
27445,0.001395,172.31.36.0-255,66,180599,10,251033
27446,0.001419,74.125.24.0-255,6438,187037,10,251033
27447,0.001428,172.31.36.0-255,66,187103,10,251033
27448,0.001458,74.125.24.0-255,4320,191423,10,251033
27449,0.001463,74.125.24.0-255,2902,194325,10,251033
27450,0.001471,172.31.36.0-255,66,194391,10,251033
27451,0.00148,74.125.24.0-255,2902,197293,10,251033
27452,0.00152,74.125.24.0-255,7156,204449,10,251033
27453,0.001524,172.31.36.0-255,66,204515,10,251033
27454,0.001539,74.125.24.0-255,4320,208835,10,251033
27455,0.001575,172.31.36.0-255,66,208901,10,251033
27456,0.001604,74.125.24.0-255,1484,210385,10,251033
27457,0.001609,74.125.24.0-255,2902,213287,10,251033
27458,0.00162,172.31.36.0-255,66,213353,10,251033
27459,0.001636,74.125.24.0-255,5738,219091,10,251033
27460,0.001649,74.125.24.0-255,2902,221993,10,251033
27461,0.001689,172.31.36.0-255,66,222059,10,251033
27462,0.001707,74.125.24.0-255,2184,224243,10,251033
27463,0.001726,172.31.36.0-255,66,224309,10,251033
27464,0.001744,74.125.24.0-255,1484,225793,10,251033
27465,0.00176,74.125.24.0-255,1484,227277,10,251033
27466,0.001777,172.31.36.0-255,66,227343,10,251033
27467,0.001784,74.125.24.0-255,4320,231663,10,251033
27468,0.001788,74.125.24.0-255,2902,234565,10,251033
27469,0.001795,172.31.36.0-255,66,234631,10,251033
27470,0.001808,74.125.24.0-255,5738,240369,10,251033
27471,0.001811,74.125.24.0-255,1484,241853,10,251033
27472,0.001825,172.31.36.0-255,66,241919,10,251033
27473,0.001853,74.125.24.0-255,4320,246239,10,251033
27474,0.001912,172.31.36.0-255,66,246305,10,251033
27475,0.001923,74.125.24.0-255,2902,249207,10,251033
27476,0.001935,74.125.24.0-255,1484,250691,10,251033
27477,0.001962,74.125.24.0-255,105,250796,10,251033
27478,0.001971,172.31.36.0-255,66,250862,10,251033
27479,0.010415,172.31.36.0-255,105,250967,10,251033
27480,0.012639,74.125.24.0-255,66,251033,10,251033
27481,0.0,74.125.200.0-255,145,145,10,304002
27482,3.3e-05,172.31.36.0-255,66,211,10,304002
27483,4.1e-05,74.125.200.0-255,1484,1695,10,304002
27484,4.4e-05,172.31.36.0-255,66,1761,10,304002
27485,4.8e-05,74.125.200.0-255,1484,3245,10,304002
27486,5e-05,172.31.36.0-255,66,3311,10,304002
27487,5.5e-05,74.125.200.0-255,2902,6213,10,304002
27488,5.8e-05,172.31.36.0-255,66,6279,10,304002
27489,6.4e-05,74.125.200.0-255,4320,10599,10,304002
27490,6.6e-05,172.31.36.0-255,66,10665,10,304002
27491,8.5e-05,74.125.200.0-255,1484,12149,10,304002
27492,8.7e-05,172.31.36.0-255,66,12215,10,304002
27493,0.000102,74.125.200.0-255,2003,14218,10,304002
27494,0.000104,172.31.36.0-255,66,14284,10,304002
27495,0.000135,74.125.200.0-255,2902,17186,10,304002
27496,0.000137,172.31.36.0-255,66,17252,10,304002
27497,0.000177,74.125.200.0-255,4320,21572,10,304002
27498,0.000181,172.31.36.0-255,66,21638,10,304002
27499,0.000185,74.125.200.0-255,1484,23122,10,304002
27500,0.000186,172.31.36.0-255,66,23188,10,304002
27501,0.000206,74.125.200.0-255,5738,28926,10,304002
27502,0.000209,172.31.36.0-255,66,28992,10,304002
27503,0.00023,74.125.200.0-255,2543,31535,10,304002
27504,0.000233,172.31.36.0-255,66,31601,10,304002
27505,0.000296,74.125.200.0-255,1484,33085,10,304002
27506,0.0003,172.31.36.0-255,66,33151,10,304002
27507,0.000305,74.125.200.0-255,2902,36053,10,304002
27508,0.000311,172.31.36.0-255,66,36119,10,304002
27509,0.000331,74.125.200.0-255,5738,41857,10,304002
27510,0.000335,172.31.36.0-255,66,41923,10,304002
27511,0.00034,74.125.200.0-255,2902,44825,10,304002
27512,0.000342,172.31.36.0-255,66,44891,10,304002
27513,0.000359,74.125.200.0-255,2902,47793,10,304002
27514,0.000363,172.31.36.0-255,66,47859,10,304002
27515,0.00037,74.125.200.0-255,6797,54656,10,304002
27516,0.000372,172.31.36.0-255,66,54722,10,304002
27517,0.000385,74.125.200.0-255,1484,56206,10,304002
27518,0.00041,172.31.36.0-255,66,56272,10,304002
27519,0.000447,74.125.200.0-255,1482,57754,10,304002
27520,0.000473,74.125.200.0-255,330,58084,10,304002
27521,0.000476,172.31.36.0-255,66,58150,10,304002
27522,0.000764,74.125.200.0-255,1484,59634,10,304002
27523,0.000787,74.125.200.0-255,2902,62536,10,304002
27524,0.000789,74.125.200.0-255,1484,64020,10,304002
27525,0.000791,172.31.36.0-255,66,64086,10,304002
27526,0.000809,74.125.200.0-255,4320,68406,10,304002
27527,0.000812,172.31.36.0-255,66,68472,10,304002
27528,0.000836,74.125.200.0-255,7156,75628,10,304002
27529,0.000839,172.31.36.0-255,66,75694,10,304002
27530,0.000842,74.125.200.0-255,1484,77178,10,304002
27531,0.000866,74.125.200.0-255,4320,81498,10,304002
27532,0.000869,172.31.36.0-255,66,81564,10,304002
27533,0.000874,74.125.200.0-255,2902,84466,10,304002
27534,0.000876,172.31.36.0-255,66,84532,10,304002
27535,0.000891,74.125.200.0-255,4320,88852,10,304002
27536,0.000893,172.31.36.0-255,66,88918,10,304002
27537,0.000913,74.125.200.0-255,3602,92520,10,304002
27538,0.000916,172.31.36.0-255,66,92586,10,304002
27539,0.001193,74.125.200.0-255,1484,94070,10,304002
27540,0.0012,74.125.200.0-255,1484,95554,10,304002
27541,0.001204,172.31.36.0-255,66,95620,10,304002
27542,0.001221,74.125.200.0-255,1484,97104,10,304002
27543,0.001226,74.125.200.0-255,4320,101424,10,304002
27544,0.001229,172.31.36.0-255,66,101490,10,304002
27545,0.001244,74.125.200.0-255,1484,102974,10,304002
27546,0.001273,172.31.36.0-255,66,103040,10,304002
27547,0.001292,74.125.200.0-255,2902,105942,10,304002
27548,0.001295,172.31.36.0-255,66,106008,10,304002
27549,0.00131,74.125.200.0-255,2902,108910,10,304002
27550,0.001313,172.31.36.0-255,66,108976,10,304002
27551,0.001345,172.31.36.0-255,66,109042,10,304002
27552,0.001415,74.125.200.0-255,1484,110526,10,304002
27553,0.001434,74.125.200.0-255,2902,113428,10,304002
27554,0.001438,172.31.36.0-255,66,113494,10,304002
27555,0.001443,74.125.200.0-255,2902,116396,10,304002
27556,0.001445,172.31.36.0-255,66,116462,10,304002
27557,0.001459,74.125.200.0-255,2902,119364,10,304002
27558,0.001461,172.31.36.0-255,66,119430,10,304002
27559,0.001468,74.125.200.0-255,5738,125168,10,304002
27560,0.00147,172.31.36.0-255,66,125234,10,304002
27561,0.001476,74.125.200.0-255,5738,130972,10,304002
27562,0.001478,172.31.36.0-255,66,131038,10,304002
27563,0.001492,74.125.200.0-255,1484,132522,10,304002
27564,0.001511,74.125.200.0-255,4320,136842,10,304002
27565,0.001513,172.31.36.0-255,66,136908,10,304002
27566,0.00153,74.125.200.0-255,6438,143346,10,304002
27567,0.001532,172.31.36.0-255,66,143412,10,304002
27568,0.001625,74.125.200.0-255,1484,144896,10,304002
27569,0.001642,74.125.200.0-255,2902,147798,10,304002
27570,0.001646,172.31.36.0-255,66,147864,10,304002
27571,0.00166,74.125.200.0-255,2902,150766,10,304002
27572,0.001663,172.31.36.0-255,66,150832,10,304002
27573,0.001685,74.125.200.0-255,4320,155152,10,304002
27574,0.001688,172.31.36.0-255,66,155218,10,304002
27575,0.001714,172.31.36.0-255,66,155284,10,304002
27576,0.001717,74.125.200.0-255,1484,156768,10,304002
27577,0.001735,74.125.200.0-255,1484,158252,10,304002
27578,0.001737,172.31.36.0-255,66,158318,10,304002
27579,0.001766,74.125.200.0-255,5738,164056,10,304002
27580,0.00177,172.31.36.0-255,66,164122,10,304002
27581,0.001798,172.31.36.0-255,66,164188,10,304002
27582,0.001809,172.31.36.0-255,66,164254,10,304002
27583,0.001838,74.125.200.0-255,4320,168574,10,304002
27584,0.001841,172.31.36.0-255,66,168640,10,304002
27585,0.001848,74.125.200.0-255,5738,174378,10,304002
27586,0.001851,172.31.36.0-255,66,174444,10,304002
27587,0.001857,74.125.200.0-255,7156,181600,10,304002
27588,0.00186,172.31.36.0-255,66,181666,10,304002
27589,0.001863,74.125.200.0-255,1484,183150,10,304002
27590,0.001887,74.125.200.0-255,2184,185334,10,304002
27591,0.001889,172.31.36.0-255,66,185400,10,304002
27592,0.001967,74.125.200.0-255,1484,186884,10,304002
27593,0.001979,74.125.200.0-255,2902,189786,10,304002
27594,0.001983,172.31.36.0-255,66,189852,10,304002
27595,0.002035,74.125.200.0-255,5738,195590,10,304002
27596,0.00204,172.31.36.0-255,66,195656,10,304002
27597,0.002042,74.125.200.0-255,1484,197140,10,304002
27598,0.002082,74.125.200.0-255,1484,198624,10,304002
27599,0.002084,172.31.36.0-255,66,198690,10,304002
27600,0.00211,74.125.200.0-255,7156,205846,10,304002
27601,0.002113,172.31.36.0-255,66,205912,10,304002
27602,0.002117,74.125.200.0-255,2902,208814,10,304002
27603,0.002119,172.31.36.0-255,66,208880,10,304002
27604,0.002121,74.125.200.0-255,1484,210364,10,304002
27605,0.00214,172.31.36.0-255,66,210430,10,304002
27606,0.002151,74.125.200.0-255,766,211196,10,304002
27607,0.002183,74.125.200.0-255,1484,212680,10,304002
27608,0.002186,172.31.36.0-255,66,212746,10,304002
27609,0.002199,74.125.200.0-255,2902,215648,10,304002
27610,0.002201,172.31.36.0-255,66,215714,10,304002
27611,0.002218,74.125.200.0-255,5738,221452,10,304002
27612,0.002221,172.31.36.0-255,66,221518,10,304002
27613,0.002225,74.125.200.0-255,2902,224420,10,304002
27614,0.002227,172.31.36.0-255,66,224486,10,304002
27615,0.00223,74.125.200.0-255,1484,225970,10,304002
27616,0.00225,74.125.200.0-255,2902,228872,10,304002
27617,0.002252,172.31.36.0-255,66,228938,10,304002
27618,0.002267,74.125.200.0-255,2902,231840,10,304002
27619,0.002269,172.31.36.0-255,66,231906,10,304002
27620,0.002297,74.125.200.0-255,5738,237644,10,304002
27621,0.002301,172.31.36.0-255,66,237710,10,304002
27622,0.002306,74.125.200.0-255,5738,243448,10,304002
27623,0.002308,172.31.36.0-255,66,243514,10,304002
27624,0.002311,74.125.200.0-255,1484,244998,10,304002
27625,0.002336,74.125.200.0-255,5020,250018,10,304002
27626,0.002339,172.31.36.0-255,66,250084,10,304002
27627,0.002341,74.125.200.0-255,1484,251568,10,304002
27628,0.002379,74.125.200.0-255,2902,254470,10,304002
27629,0.002382,172.31.36.0-255,66,254536,10,304002
27630,0.002408,74.125.200.0-255,7156,261692,10,304002
27631,0.002411,172.31.36.0-255,66,261758,10,304002
27632,0.002415,74.125.200.0-255,2902,264660,10,304002
27633,0.002417,172.31.36.0-255,66,264726,10,304002
27634,0.00479,74.125.200.0-255,5738,270464,10,304002
27635,0.004796,172.31.36.0-255,66,270530,10,304002
27636,0.00716,74.125.200.0-255,4320,274850,10,304002
27637,0.007166,172.31.36.0-255,66,274916,10,304002
27638,0.007183,74.125.200.0-255,1484,276400,10,304002
27639,0.00952,74.125.200.0-255,4320,280720,10,304002
27640,0.009527,172.31.36.0-255,66,280786,10,304002
27641,0.011889,74.125.200.0-255,5738,286524,10,304002
27642,0.011899,172.31.36.0-255,66,286590,10,304002
27643,0.014255,74.125.200.0-255,5738,292328,10,304002
27644,0.014264,172.31.36.0-255,66,292394,10,304002
27645,0.016628,74.125.200.0-255,5738,298132,10,304002
27646,0.01664,172.31.36.0-255,66,298198,10,304002
27647,0.019004,74.125.200.0-255,5738,303936,10,304002
27648,0.019016,172.31.36.0-255,66,304002,10,304002
27649,0.0,74.125.130.0-255,145,145,10,301465
27650,3e-05,172.31.36.0-255,66,211,10,301465
27651,3.5e-05,74.125.130.0-255,1484,1695,10,301465
27652,3.9e-05,172.31.36.0-255,66,1761,10,301465
27653,4.5e-05,74.125.130.0-255,2902,4663,10,301465
27654,4.8e-05,172.31.36.0-255,66,4729,10,301465
27655,8e-05,74.125.130.0-255,4320,9049,10,301465
27656,8.4e-05,172.31.36.0-255,66,9115,10,301465
27657,0.000108,74.125.130.0-255,7156,16271,10,301465
27658,0.00011,172.31.36.0-255,66,16337,10,301465
27659,0.000129,74.125.130.0-255,2037,18374,10,301465
27660,0.000132,172.31.36.0-255,66,18440,10,301465
27661,0.000135,74.125.130.0-255,1484,19924,10,301465
27662,0.000137,172.31.36.0-255,66,19990,10,301465
27663,0.000168,74.125.130.0-255,5738,25728,10,301465
27664,0.000173,172.31.36.0-255,66,25794,10,301465
27665,0.000194,74.125.130.0-255,5379,31173,10,301465
27666,0.000197,172.31.36.0-255,66,31239,10,301465
27667,0.000327,74.125.130.0-255,1484,32723,10,301465
27668,0.000331,172.31.36.0-255,66,32789,10,301465
27669,0.000335,74.125.130.0-255,1484,34273,10,301465
27670,0.000338,172.31.36.0-255,66,34339,10,301465
27671,0.000352,74.125.130.0-255,1484,35823,10,301465
27672,0.000354,172.31.36.0-255,66,35889,10,301465
27673,0.000359,74.125.130.0-255,2902,38791,10,301465
27674,0.000361,172.31.36.0-255,66,38857,10,301465
27675,0.000386,74.125.130.0-255,2902,41759,10,301465
27676,0.000389,172.31.36.0-255,66,41825,10,301465
27677,0.000396,74.125.130.0-255,5738,47563,10,301465
27678,0.000398,172.31.36.0-255,66,47629,10,301465
27679,0.000413,74.125.130.0-255,1125,48754,10,301465
27680,0.000415,172.31.36.0-255,66,48820,10,301465
27681,0.000433,74.125.130.0-255,4320,53140,10,301465
27682,0.000439,172.31.36.0-255,66,53206,10,301465
27683,0.000451,74.125.130.0-255,2902,56108,10,301465
27684,0.000453,172.31.36.0-255,66,56174,10,301465
27685,0.000464,172.31.36.0-255,66,56240,10,301465
27686,0.000467,74.125.130.0-255,1417,57657,10,301465
27687,0.000469,172.31.36.0-255,66,57723,10,301465
27688,0.000493,74.125.130.0-255,363,58086,10,301465
27689,0.000496,172.31.36.0-255,66,58152,10,301465
27690,0.000632,74.125.130.0-255,1484,59636,10,301465
27691,0.000636,172.31.36.0-255,66,59702,10,301465
27692,0.000642,74.125.130.0-255,2902,62604,10,301465
27693,0.000644,172.31.36.0-255,66,62670,10,301465
27694,0.000668,74.125.130.0-255,1484,64154,10,301465
27695,0.000671,172.31.36.0-255,66,64220,10,301465
27696,0.000676,74.125.130.0-255,2902,67122,10,301465
27697,0.000678,172.31.36.0-255,66,67188,10,301465
27698,0.000696,74.125.130.0-255,5738,72926,10,301465
27699,0.000699,172.31.36.0-255,66,72992,10,301465
27700,0.000719,74.125.130.0-255,4320,77312,10,301465
27701,0.000722,172.31.36.0-255,66,77378,10,301465
27702,0.000727,74.125.130.0-255,2902,80280,10,301465
27703,0.000737,172.31.36.0-255,66,80346,10,301465
27704,0.000743,74.125.130.0-255,2902,83248,10,301465
27705,0.000751,172.31.36.0-255,66,83314,10,301465
27706,0.000768,74.125.130.0-255,7156,90470,10,301465
27707,0.000779,172.31.36.0-255,66,90536,10,301465
27708,0.000781,74.125.130.0-255,2184,92720,10,301465
27709,0.000796,172.31.36.0-255,66,92786,10,301465
27710,0.000853,74.125.130.0-255,1484,94270,10,301465
27711,0.000856,74.125.130.0-255,1484,95754,10,301465
27712,0.000859,172.31.36.0-255,66,95820,10,301465
27713,0.000882,74.125.130.0-255,1484,97304,10,301465
27714,0.000888,74.125.130.0-255,5738,103042,10,301465
27715,0.000892,172.31.36.0-255,66,103108,10,301465
27716,0.000912,74.125.130.0-255,4320,107428,10,301465
27717,0.000916,172.31.36.0-255,66,107494,10,301465
27718,0.000949,172.31.36.0-255,66,107560,10,301465
27719,0.000973,74.125.130.0-255,7156,114716,10,301465
27720,0.000982,172.31.36.0-255,66,114782,10,301465
27721,0.000988,74.125.130.0-255,3053,117835,10,301465
27722,0.001001,172.31.36.0-255,66,117901,10,301465
27723,0.001235,74.125.130.0-255,1484,119385,10,301465
27724,0.001239,172.31.36.0-255,66,119451,10,301465
27725,0.001261,74.125.130.0-255,2902,122353,10,301465
27726,0.001264,172.31.36.0-255,66,122419,10,301465
27727,0.001269,74.125.130.0-255,2902,125321,10,301465
27728,0.001273,172.31.36.0-255,66,125387,10,301465
27729,0.001294,74.125.130.0-255,4320,129707,10,301465
27730,0.001321,172.31.36.0-255,66,129773,10,301465
27731,0.001322,74.125.130.0-255,2902,132675,10,301465
27732,0.001325,172.31.36.0-255,66,132741,10,301465
27733,0.001344,74.125.130.0-255,4320,137061,10,301465
27734,0.001349,172.31.36.0-255,66,137127,10,301465
27735,0.00138,74.125.130.0-255,1484,138611,10,301465
27736,0.001384,74.125.130.0-255,2902,141513,10,301465
27737,0.001384,172.31.36.0-255,66,141579,10,301465
27738,0.00139,172.31.36.0-255,66,141645,10,301465
27739,0.001423,74.125.130.0-255,2184,143829,10,301465
27740,0.001438,172.31.36.0-255,66,143895,10,301465
27741,0.001595,74.125.130.0-255,1484,145379,10,301465
27742,0.001599,172.31.36.0-255,66,145445,10,301465
27743,0.001618,74.125.130.0-255,1484,146929,10,301465
27744,0.00162,172.31.36.0-255,66,146995,10,301465
27745,0.001639,74.125.130.0-255,1484,148479,10,301465
27746,0.001642,172.31.36.0-255,66,148545,10,301465
27747,0.001648,74.125.130.0-255,2902,151447,10,301465
27748,0.001657,172.31.36.0-255,66,151513,10,301465
27749,0.001661,74.125.130.0-255,1484,152997,10,301465
27750,0.001664,74.125.130.0-255,1484,154481,10,301465
27751,0.001673,172.31.36.0-255,66,154547,10,301465
27752,0.00168,74.125.130.0-255,5738,160285,10,301465
27753,0.001686,172.31.36.0-255,66,160351,10,301465
27754,0.001695,74.125.130.0-255,1484,161835,10,301465
27755,0.001701,74.125.130.0-255,4320,166155,10,301465
27756,0.001707,74.125.130.0-255,5738,171893,10,301465
27757,0.001717,172.31.36.0-255,66,171959,10,301465
27758,0.001766,74.125.130.0-255,6438,178397,10,301465
27759,0.001773,74.125.130.0-255,7156,185553,10,301465
27760,0.001776,172.31.36.0-255,66,185619,10,301465
27761,0.001779,74.125.130.0-255,7156,192775,10,301465
27762,0.001782,172.31.36.0-255,66,192841,10,301465
27763,0.001795,172.31.36.0-255,66,192907,10,301465
27764,0.001809,172.31.36.0-255,66,192973,10,301465
27765,0.001847,172.31.36.0-255,66,193039,10,301465
27766,0.001855,74.125.130.0-255,766,193805,10,301465
27767,0.002037,74.125.130.0-255,1484,195289,10,301465
27768,0.002044,74.125.130.0-255,2902,198191,10,301465
27769,0.002076,74.125.130.0-255,5738,203929,10,301465
27770,0.002086,74.125.130.0-255,2902,206831,10,301465
27771,0.002126,74.125.130.0-255,2902,209733,10,301465
27772,0.002149,74.125.130.0-255,7156,216889,10,301465
27773,0.002176,74.125.130.0-255,5738,222627,10,301465
27774,0.002201,74.125.130.0-255,5020,227647,10,301465
27775,0.002326,74.125.130.0-255,1484,229131,10,301465
27776,0.002333,74.125.130.0-255,2902,232033,10,301465
27777,0.002364,74.125.130.0-255,5738,237771,10,301465
27778,0.002389,74.125.130.0-255,4320,242091,10,301465
27779,0.002405,74.125.130.0-255,5738,247829,10,301465
27780,0.002419,74.125.130.0-255,1484,249313,10,301465
27781,0.002451,74.125.130.0-255,2184,251497,10,301465
27782,0.002472,74.125.130.0-255,2902,254399,10,301465
27783,0.002491,74.125.130.0-255,7156,261555,10,301465
27784,0.002509,74.125.130.0-255,4320,265875,10,301465
27785,0.00253,74.125.130.0-255,4320,270195,10,301465
27786,0.00258,74.125.130.0-255,2184,272379,10,301465
27787,0.005949,172.31.36.0-255,66,272445,10,301465
27788,0.008533,74.125.130.0-255,5738,278183,10,301465
27789,0.008539,172.31.36.0-255,66,278249,10,301465
27790,0.0111,74.125.130.0-255,5738,283987,10,301465
27791,0.011108,172.31.36.0-255,66,284053,10,301465
27792,0.013678,74.125.130.0-255,5738,289791,10,301465
27793,0.013686,172.31.36.0-255,66,289857,10,301465
27794,0.016258,74.125.130.0-255,5738,295595,10,301465
27795,0.016267,172.31.36.0-255,66,295661,10,301465
27796,0.018835,74.125.130.0-255,5738,301399,10,301465
27797,0.018842,172.31.36.0-255,66,301465,10,301465
27798,0.0,172.217.194.0-255,152,152,10,173421
27799,2.3e-05,172.31.36.0-255,66,218,10,173421
27800,2.9e-05,172.217.194.0-255,1484,1702,10,173421
27801,3.2e-05,172.31.36.0-255,66,1768,10,173421
27802,3.8e-05,172.217.194.0-255,2902,4670,10,173421
27803,4.1e-05,172.31.36.0-255,66,4736,10,173421
27804,4.7e-05,172.217.194.0-255,7156,11892,10,173421
27805,5e-05,172.31.36.0-255,66,11958,10,173421
27806,7.6e-05,172.217.194.0-255,2048,14006,10,173421
27807,7.8e-05,172.31.36.0-255,66,14072,10,173421
27808,0.000109,172.217.194.0-255,2902,16974,10,173421
27809,0.000111,172.31.36.0-255,66,17040,10,173421
27810,0.000135,172.217.194.0-255,7156,24196,10,173421
27811,0.000137,172.31.36.0-255,66,24262,10,173421
27812,0.000139,172.217.194.0-255,1484,25746,10,173421
27813,0.000141,172.31.36.0-255,66,25812,10,173421
27814,0.000173,172.31.36.0-255,66,25878,10,173421
27815,0.000198,172.217.194.0-255,6797,32675,10,173421
27816,0.0002,172.31.36.0-255,66,32741,10,173421
27817,0.000207,172.217.194.0-255,6797,39538,10,173421
27818,0.000208,172.31.36.0-255,66,39604,10,173421
27819,0.000228,172.217.194.0-255,1484,41088,10,173421
27820,0.00023,172.31.36.0-255,66,41154,10,173421
27821,0.000253,172.31.36.0-255,66,41220,10,173421
27822,0.000274,172.217.194.0-255,3961,45181,10,173421
27823,0.000276,172.31.36.0-255,66,45247,10,173421
27824,0.000443,172.217.194.0-255,380,45627,10,173421
27825,0.000447,172.31.36.0-255,66,45693,10,173421
27826,0.000797,172.217.194.0-255,364,46057,10,173421
27827,0.000801,172.31.36.0-255,66,46123,10,173421
27828,0.001025,172.217.194.0-255,1484,47607,10,173421
27829,0.001034,172.217.194.0-255,2902,50509,10,173421
27830,0.001037,172.31.36.0-255,66,50575,10,173421
27831,0.001042,172.217.194.0-255,2902,53477,10,173421
27832,0.001044,172.31.36.0-255,66,53543,10,173421
27833,0.001057,172.217.194.0-255,2902,56445,10,173421
27834,0.001059,172.31.36.0-255,66,56511,10,173421
27835,0.001064,172.217.194.0-255,4320,60831,10,173421
27836,0.001065,172.31.36.0-255,66,60897,10,173421
27837,0.0011,172.31.36.0-255,66,60963,10,173421
27838,0.001132,172.31.36.0-255,66,61029,10,173421
27839,0.001153,172.217.194.0-255,766,61795,10,173421
27840,0.001646,172.217.194.0-255,1484,63279,10,173421
27841,0.001653,172.31.36.0-255,66,63345,10,173421
27842,0.001659,172.217.194.0-255,2902,66247,10,173421
27843,0.00166,172.31.36.0-255,66,66313,10,173421
27844,0.001666,172.217.194.0-255,5738,72051,10,173421
27845,0.001668,172.31.36.0-255,66,72117,10,173421
27846,0.001698,172.31.36.0-255,66,72183,10,173421
27847,0.001705,172.217.194.0-255,7156,79339,10,173421
27848,0.001706,172.31.36.0-255,66,79405,10,173421
27849,0.001724,172.217.194.0-255,3602,83007,10,173421
27850,0.001726,172.31.36.0-255,66,83073,10,173421
27851,0.002087,172.217.194.0-255,1484,84557,10,173421
27852,0.002094,172.217.194.0-255,2902,87459,10,173421
27853,0.002096,172.31.36.0-255,66,87525,10,173421
27854,0.002117,172.217.194.0-255,5738,93263,10,173421
27855,0.00212,172.31.36.0-255,66,93329,10,173421
27856,0.002127,172.217.194.0-255,5738,99067,10,173421
27857,0.002129,172.31.36.0-255,66,99133,10,173421
27858,0.002148,172.217.194.0-255,4320,103453,10,173421
27859,0.00215,172.31.36.0-255,66,103519,10,173421
27860,0.002186,172.31.36.0-255,66,103585,10,173421
27861,0.002204,172.217.194.0-255,2184,105769,10,173421
27862,0.002206,172.31.36.0-255,66,105835,10,173421
27863,0.00227,172.217.194.0-255,1484,107319,10,173421
27864,0.002274,172.217.194.0-255,1484,108803,10,173421
27865,0.002276,172.31.36.0-255,66,108869,10,173421
27866,0.002298,172.217.194.0-255,1484,110353,10,173421
27867,0.002304,172.217.194.0-255,5738,116091,10,173421
27868,0.002306,172.31.36.0-255,66,116157,10,173421
27869,0.002312,172.217.194.0-255,4320,120477,10,173421
27870,0.002315,172.31.36.0-255,66,120543,10,173421
27871,0.002348,172.31.36.0-255,66,120609,10,173421
27872,0.002358,172.217.194.0-255,1484,122093,10,173421
27873,0.002362,172.217.194.0-255,2902,124995,10,173421
27874,0.002365,172.31.36.0-255,66,125061,10,173421
27875,0.00239,172.217.194.0-255,5020,130081,10,173421
27876,0.002393,172.31.36.0-255,66,130147,10,173421
27877,0.002424,172.31.36.0-255,66,130213,10,173421
27878,0.002435,172.31.36.0-255,66,130279,10,173421
27879,0.002475,172.217.194.0-255,1484,131763,10,173421
27880,0.002517,172.31.36.0-255,66,131829,10,173421
27881,0.002521,172.217.194.0-255,2902,134731,10,173421
27882,0.002523,172.31.36.0-255,66,134797,10,173421
27883,0.00255,172.31.36.0-255,66,134863,10,173421
27884,0.002571,172.31.36.0-255,66,134929,10,173421
27885,0.002577,172.217.194.0-255,3602,138531,10,173421
27886,0.00258,172.31.36.0-255,66,138597,10,173421
27887,0.005072,172.217.194.0-255,5738,144335,10,173421
27888,0.005076,172.31.36.0-255,66,144401,10,173421
27889,0.007622,172.217.194.0-255,5738,150139,10,173421
27890,0.007628,172.31.36.0-255,66,150205,10,173421
27891,0.010149,172.217.194.0-255,5738,155943,10,173421
27892,0.010156,172.31.36.0-255,66,156009,10,173421
27893,0.012705,172.217.194.0-255,5738,161747,10,173421
27894,0.012718,172.31.36.0-255,66,161813,10,173421
27895,0.015259,172.217.194.0-255,5738,167551,10,173421
27896,0.01527,172.31.36.0-255,66,167617,10,173421
27897,0.017808,172.217.194.0-255,5738,173355,10,173421
27898,0.017817,172.31.36.0-255,66,173421,10,173421
27899,0.0,172.217.24.0-255,153,153,10,182340
27900,3.1e-05,172.31.36.0-255,66,219,10,182340
27901,3.7e-05,172.217.24.0-255,1484,1703,10,182340
27902,4.1e-05,172.31.36.0-255,66,1769,10,182340
27903,4.6e-05,172.217.24.0-255,2902,4671,10,182340
27904,4.8e-05,172.31.36.0-255,66,4737,10,182340
27905,5.5e-05,172.217.24.0-255,7156,11893,10,182340
27906,5.8e-05,172.31.36.0-255,66,11959,10,182340
27907,9.4e-05,172.31.36.0-255,66,12025,10,182340
27908,0.000101,172.217.24.0-255,5738,17763,10,182340
27909,0.000104,172.31.36.0-255,66,17829,10,182340
27910,0.000119,172.217.24.0-255,5379,23208,10,182340
27911,0.000122,172.31.36.0-255,66,23274,10,182340
27912,0.000142,172.217.24.0-255,1484,24758,10,182340
27913,0.000145,172.31.36.0-255,66,24824,10,182340
27914,0.000164,172.217.24.0-255,2902,27726,10,182340
27915,0.000167,172.31.36.0-255,66,27792,10,182340
27916,0.000175,172.217.24.0-255,5738,33530,10,182340
27917,0.000177,172.31.36.0-255,66,33596,10,182340
27918,0.000205,172.217.24.0-255,6797,40393,10,182340
27919,0.000208,172.31.36.0-255,66,40459,10,182340
27920,0.000374,172.217.24.0-255,1484,41943,10,182340
27921,0.000378,172.31.36.0-255,66,42009,10,182340
27922,0.000385,172.217.24.0-255,2902,44911,10,182340
27923,0.000387,172.31.36.0-255,66,44977,10,182340
27924,0.000394,172.217.24.0-255,5738,50715,10,182340
27925,0.000396,172.217.24.0-255,1484,52199,10,182340
27926,0.000399,172.31.36.0-255,66,52265,10,182340
27927,0.000403,172.31.36.0-255,66,52331,10,182340
27928,0.000411,172.217.24.0-255,2902,55233,10,182340
27929,0.000414,172.31.36.0-255,66,55299,10,182340
27930,0.000461,172.217.24.0-255,2543,57842,10,182340
27931,0.000464,172.31.36.0-255,66,57908,10,182340
27932,0.00066,172.217.24.0-255,357,58265,10,182340
27933,0.0008,172.31.36.0-255,66,58331,10,182340
27934,0.00089,172.217.24.0-255,387,58718,10,182340
27935,0.001042,172.217.24.0-255,1484,60202,10,182340
27936,0.001047,172.31.36.0-255,66,60268,10,182340
27937,0.001053,172.217.24.0-255,2902,63170,10,182340
27938,0.001056,172.31.36.0-255,66,63236,10,182340
27939,0.00106,172.217.24.0-255,2902,66138,10,182340
27940,0.001063,172.31.36.0-255,66,66204,10,182340
27941,0.001069,172.217.24.0-255,4320,70524,10,182340
27942,0.001071,172.31.36.0-255,66,70590,10,182340
27943,0.001112,172.217.24.0-255,5379,75969,10,182340
27944,0.001117,172.31.36.0-255,66,76035,10,182340
27945,0.001124,172.217.24.0-255,5738,81773,10,182340
27946,0.001126,172.31.36.0-255,66,81839,10,182340
27947,0.001164,172.217.24.0-255,5738,87577,10,182340
27948,0.001167,172.31.36.0-255,66,87643,10,182340
27949,0.001188,172.217.24.0-255,5379,93022,10,182340
27950,0.00119,172.31.36.0-255,66,93088,10,182340
27951,0.001589,172.217.24.0-255,1484,94572,10,182340
27952,0.001596,172.217.24.0-255,2902,97474,10,182340
27953,0.001599,172.31.36.0-255,66,97540,10,182340
27954,0.001607,172.217.24.0-255,5738,103278,10,182340
27955,0.001609,172.31.36.0-255,66,103344,10,182340
27956,0.001613,172.217.24.0-255,4320,107664,10,182340
27957,0.001615,172.31.36.0-255,66,107730,10,182340
27958,0.001618,172.217.24.0-255,1484,109214,10,182340
27959,0.001632,172.217.24.0-255,4320,113534,10,182340
27960,0.001634,172.31.36.0-255,66,113600,10,182340
27961,0.001638,172.217.24.0-255,1484,115084,10,182340
27962,0.00167,172.31.36.0-255,66,115150,10,182340
27963,0.001673,172.217.24.0-255,2184,117334,10,182340
27964,0.001675,172.31.36.0-255,66,117400,10,182340
27965,0.001875,172.217.24.0-255,1484,118884,10,182340
27966,0.001878,172.217.24.0-255,1484,120368,10,182340
27967,0.00188,172.31.36.0-255,66,120434,10,182340
27968,0.001896,172.217.24.0-255,1484,121918,10,182340
27969,0.001902,172.217.24.0-255,5738,127656,10,182340
27970,0.001904,172.31.36.0-255,66,127722,10,182340
27971,0.001929,172.31.36.0-255,66,127788,10,182340
27972,0.001957,172.31.36.0-255,66,127854,10,182340
27973,0.001961,172.217.24.0-255,2184,130038,10,182340
27974,0.001963,172.31.36.0-255,66,130104,10,182340
27975,0.003883,172.217.24.0-255,5738,135842,10,182340
27976,0.003888,172.31.36.0-255,66,135908,10,182340
27977,0.005824,172.217.24.0-255,5738,141646,10,182340
27978,0.00583,172.31.36.0-255,66,141712,10,182340
27979,0.00776,172.217.24.0-255,5738,147450,10,182340
27980,0.007767,172.31.36.0-255,66,147516,10,182340
27981,0.00972,172.217.24.0-255,5738,153254,10,182340
27982,0.009727,172.31.36.0-255,66,153320,10,182340
27983,0.011663,172.217.24.0-255,5738,159058,10,182340
27984,0.01167,172.31.36.0-255,66,159124,10,182340
27985,0.013615,172.217.24.0-255,5738,164862,10,182340
27986,0.013625,172.31.36.0-255,66,164928,10,182340
27987,0.015566,172.217.24.0-255,5738,170666,10,182340
27988,0.015575,172.31.36.0-255,66,170732,10,182340
27989,0.017516,172.217.24.0-255,5738,176470,10,182340
27990,0.017523,172.31.36.0-255,66,176536,10,182340
27991,0.019468,172.217.24.0-255,5738,182274,10,182340
27992,0.019475,172.31.36.0-255,66,182340,10,182340
27993,0.0,74.125.24.0-255,298,298,10,208616
27994,3.4e-05,172.31.36.0-255,66,364,10,208616
27995,4e-05,74.125.24.0-255,1484,1848,10,208616
27996,4.6e-05,172.31.36.0-255,66,1914,10,208616
27997,8e-05,74.125.24.0-255,4320,6234,10,208616
27998,8.3e-05,172.31.36.0-255,66,6300,10,208616
27999,8.8e-05,74.125.24.0-255,4320,10620,10,208616
28000,9e-05,172.31.36.0-255,66,10686,10,208616
28001,0.000129,74.125.24.0-255,1484,12170,10,208616
28002,0.000133,172.31.36.0-255,66,12236,10,208616
28003,0.000152,74.125.24.0-255,1867,14103,10,208616
28004,0.000155,172.31.36.0-255,66,14169,10,208616
28005,0.000174,74.125.24.0-255,2902,17071,10,208616
28006,0.000177,172.31.36.0-255,66,17137,10,208616
28007,0.000191,74.125.24.0-255,1484,18621,10,208616
28008,0.000193,172.31.36.0-255,66,18687,10,208616
28009,0.000198,74.125.24.0-255,2902,21589,10,208616
28010,0.000202,172.31.36.0-255,66,21655,10,208616
28011,0.000222,74.125.24.0-255,2902,24557,10,208616
28012,0.000224,172.31.36.0-255,66,24623,10,208616
28013,0.000228,74.125.24.0-255,1484,26107,10,208616
28014,0.00023,172.31.36.0-255,66,26173,10,208616
28015,0.000246,74.125.24.0-255,5379,31552,10,208616
28016,0.000249,172.31.36.0-255,66,31618,10,208616
28017,0.000373,74.125.24.0-255,1484,33102,10,208616
28018,0.000378,172.31.36.0-255,66,33168,10,208616
28019,0.000384,74.125.24.0-255,2902,36070,10,208616
28020,0.000387,172.31.36.0-255,66,36136,10,208616
28021,0.000407,74.125.24.0-255,4320,40456,10,208616
28022,0.000411,172.31.36.0-255,66,40522,10,208616
28023,0.000427,74.125.24.0-255,1484,42006,10,208616
28024,0.00043,172.31.36.0-255,66,42072,10,208616
28025,0.000447,74.125.24.0-255,2902,44974,10,208616
28026,0.000449,172.31.36.0-255,66,45040,10,208616
28027,0.000473,172.31.36.0-255,66,45106,10,208616
28028,0.00048,74.125.24.0-255,7156,52262,10,208616
28029,0.000484,172.31.36.0-255,66,52328,10,208616
28030,0.000502,74.125.24.0-255,4320,56648,10,208616
28031,0.000505,172.31.36.0-255,66,56714,10,208616
28032,0.000508,74.125.24.0-255,1125,57839,10,208616
28033,0.000526,74.125.24.0-255,399,58238,10,208616
28034,0.000571,74.125.24.0-255,374,58612,10,208616
28035,0.000576,172.31.36.0-255,66,58678,10,208616
28036,0.000953,74.125.24.0-255,1484,60162,10,208616
28037,0.000963,74.125.24.0-255,2902,63064,10,208616
28038,0.000967,172.31.36.0-255,66,63130,10,208616
28039,0.000979,74.125.24.0-255,1484,64614,10,208616
28040,0.001,74.125.24.0-255,4320,68934,10,208616
28041,0.001003,172.31.36.0-255,66,69000,10,208616
28042,0.001009,74.125.24.0-255,4320,73320,10,208616
28043,0.001011,172.31.36.0-255,66,73386,10,208616
28044,0.001044,172.31.36.0-255,66,73452,10,208616
28045,0.00105,74.125.24.0-255,4320,77772,10,208616
28046,0.001052,172.31.36.0-255,66,77838,10,208616
28047,0.001072,74.125.24.0-255,1484,79322,10,208616
28048,0.0011,74.125.24.0-255,2184,81506,10,208616
28049,0.001104,172.31.36.0-255,66,81572,10,208616
28050,0.001152,74.125.24.0-255,1484,83056,10,208616
28051,0.001158,74.125.24.0-255,2902,85958,10,208616
28052,0.001163,172.31.36.0-255,66,86024,10,208616
28053,0.00118,74.125.24.0-255,4320,90344,10,208616
28054,0.001182,172.31.36.0-255,66,90410,10,208616
28055,0.001205,74.125.24.0-255,1484,91894,10,208616
28056,0.00121,74.125.24.0-255,4320,96214,10,208616
28057,0.001212,172.31.36.0-255,66,96280,10,208616
28058,0.001218,74.125.24.0-255,4320,100600,10,208616
28059,0.00122,172.31.36.0-255,66,100666,10,208616
28060,0.00124,74.125.24.0-255,7156,107822,10,208616
28061,0.001242,172.31.36.0-255,66,107888,10,208616
28062,0.001249,74.125.24.0-255,4320,112208,10,208616
28063,0.001251,172.31.36.0-255,66,112274,10,208616
28064,0.001278,74.125.24.0-255,3602,115876,10,208616
28065,0.001281,172.31.36.0-255,66,115942,10,208616
28066,0.001333,74.125.24.0-255,1484,117426,10,208616
28067,0.001353,74.125.24.0-255,2902,120328,10,208616
28068,0.001358,172.31.36.0-255,66,120394,10,208616
28069,0.001424,74.125.24.0-255,4320,124714,10,208616
28070,0.001429,172.31.36.0-255,66,124780,10,208616
28071,0.00144,74.125.24.0-255,1484,126264,10,208616
28072,0.001445,74.125.24.0-255,2902,129166,10,208616
28073,0.001448,172.31.36.0-255,66,129232,10,208616
28074,0.001461,172.31.36.0-255,66,129298,10,208616
28075,0.001474,172.31.36.0-255,66,129364,10,208616
28076,0.001762,74.125.24.0-255,1484,130848,10,208616
28077,0.001771,74.125.24.0-255,2902,133750,10,208616
28078,0.001776,172.31.36.0-255,66,133816,10,208616
28079,0.001803,74.125.24.0-255,5738,139554,10,208616
28080,0.001808,172.31.36.0-255,66,139620,10,208616
28081,0.001816,74.125.24.0-255,7156,146776,10,208616
28082,0.001819,172.31.36.0-255,66,146842,10,208616
28083,0.001845,74.125.24.0-255,4320,151162,10,208616
28084,0.001849,172.31.36.0-255,66,151228,10,208616
28085,0.001888,74.125.24.0-255,7156,158384,10,208616
28086,0.001893,172.31.36.0-255,66,158450,10,208616
28087,0.001906,74.125.24.0-255,5020,163470,10,208616
28088,0.001909,172.31.36.0-255,66,163536,10,208616
28089,0.003963,74.125.24.0-255,4320,167856,10,208616
28090,0.00397,172.31.36.0-255,66,167922,10,208616
28091,0.003985,74.125.24.0-255,1484,169406,10,208616
28092,0.006061,74.125.24.0-255,4320,173726,10,208616
28093,0.006067,172.31.36.0-255,66,173792,10,208616
28094,0.008133,74.125.24.0-255,5738,179530,10,208616
28095,0.00814,172.31.36.0-255,66,179596,10,208616
28096,0.010228,74.125.24.0-255,5738,185334,10,208616
28097,0.010236,172.31.36.0-255,66,185400,10,208616
28098,0.012326,74.125.24.0-255,5738,191138,10,208616
28099,0.012336,172.31.36.0-255,66,191204,10,208616
28100,0.014415,74.125.24.0-255,5738,196942,10,208616
28101,0.014424,172.31.36.0-255,66,197008,10,208616
28102,0.016491,74.125.24.0-255,5738,202746,10,208616
28103,0.016501,172.31.36.0-255,66,202812,10,208616
28104,0.018584,74.125.24.0-255,5738,208550,10,208616
28105,0.018591,172.31.36.0-255,66,208616,10,208616
28106,0.0,172.217.194.0-255,153,153,10,164873
28107,2.2e-05,172.31.36.0-255,66,219,10,164873
28108,2.9e-05,172.217.194.0-255,1484,1703,10,164873
28109,3.3e-05,172.31.36.0-255,66,1769,10,164873
28110,3.8e-05,172.217.194.0-255,2902,4671,10,164873
28111,4e-05,172.31.36.0-255,66,4737,10,164873
28112,4.5e-05,172.217.194.0-255,4320,9057,10,164873
28113,4.8e-05,172.31.36.0-255,66,9123,10,164873
28114,8.6e-05,172.217.194.0-255,4899,14022,10,164873
28115,8.9e-05,172.31.36.0-255,66,14088,10,164873
28116,0.000173,172.217.194.0-255,1484,15572,10,164873
28117,0.000176,172.31.36.0-255,66,15638,10,164873
28118,0.000181,172.217.194.0-255,2902,18540,10,164873
28119,0.000182,172.31.36.0-255,66,18606,10,164873
28120,0.000188,172.217.194.0-255,5738,24344,10,164873
28121,0.00019,172.31.36.0-255,66,24410,10,164873
28122,0.000234,172.217.194.0-255,6797,31207,10,164873
28123,0.000236,172.31.36.0-255,66,31273,10,164873
28124,0.000329,172.217.194.0-255,1484,32757,10,164873
28125,0.000332,172.31.36.0-255,66,32823,10,164873
28126,0.000337,172.217.194.0-255,2902,35725,10,164873
28127,0.000338,172.31.36.0-255,66,35791,10,164873
28128,0.000341,172.217.194.0-255,1484,37275,10,164873
28129,0.000343,172.31.36.0-255,66,37341,10,164873
28130,0.000369,172.217.194.0-255,4320,41661,10,164873
28131,0.000371,172.31.36.0-255,66,41727,10,164873
28132,0.000389,172.217.194.0-255,6797,48524,10,164873
28133,0.000391,172.31.36.0-255,66,48590,10,164873
28134,0.000436,172.217.194.0-255,7156,55746,10,164873
28135,0.000439,172.31.36.0-255,66,55812,10,164873
28136,0.000468,172.31.36.0-255,66,55878,10,164873
28137,0.00048,172.217.194.0-255,1125,57003,10,164873
28138,0.000543,172.217.194.0-255,367,57370,10,164873
28139,0.000917,172.217.194.0-255,377,57747,10,164873
28140,0.000921,172.31.36.0-255,66,57813,10,164873
28141,0.001143,172.217.194.0-255,1484,59297,10,164873
28142,0.001152,172.217.194.0-255,2902,62199,10,164873
28143,0.001156,172.31.36.0-255,66,62265,10,164873
28144,0.001164,172.217.194.0-255,5738,68003,10,164873
28145,0.001166,172.31.36.0-255,66,68069,10,164873
28146,0.001207,172.31.36.0-255,66,68135,10,164873
28147,0.00122,172.31.36.0-255,66,68201,10,164873
28148,0.001988,172.217.194.0-255,1484,69685,10,164873
28149,0.001997,172.217.194.0-255,2902,72587,10,164873
28150,0.002001,172.31.36.0-255,66,72653,10,164873
28151,0.002009,172.217.194.0-255,5738,78391,10,164873
28152,0.002011,172.31.36.0-255,66,78457,10,164873
28153,0.002018,172.217.194.0-255,5738,84195,10,164873
28154,0.00202,172.31.36.0-255,66,84261,10,164873
28155,0.00204,172.217.194.0-255,1484,85745,10,164873
28156,0.002053,172.31.36.0-255,66,85811,10,164873
28157,0.002068,172.217.194.0-255,1484,87295,10,164873
28158,0.002073,172.217.194.0-255,2184,89479,10,164873
28159,0.002075,172.31.36.0-255,66,89545,10,164873
28160,0.002079,172.217.194.0-255,2902,92447,10,164873
28161,0.002081,172.31.36.0-255,66,92513,10,164873
28162,0.002111,172.217.194.0-255,7156,99669,10,164873
28163,0.002115,172.31.36.0-255,66,99735,10,164873
28164,0.002129,172.31.36.0-255,66,99801,10,164873
28165,0.002144,172.217.194.0-255,2902,102703,10,164873
28166,0.002146,172.31.36.0-255,66,102769,10,164873
28167,0.002164,172.217.194.0-255,4320,107089,10,164873
28168,0.002166,172.31.36.0-255,66,107155,10,164873
28169,0.00219,172.217.194.0-255,3602,110757,10,164873
28170,0.002193,172.31.36.0-255,66,110823,10,164873
28171,0.002258,172.217.194.0-255,1484,112307,10,164873
28172,0.002262,172.217.194.0-255,2902,115209,10,164873
28173,0.002265,172.31.36.0-255,66,115275,10,164873
28174,0.002272,172.217.194.0-255,5738,121013,10,164873
28175,0.002274,172.31.36.0-255,66,121079,10,164873
28176,0.002296,172.217.194.0-255,4320,125399,10,164873
28177,0.002298,172.31.36.0-255,66,125465,10,164873
28178,0.002327,172.31.36.0-255,66,125531,10,164873
28179,0.002339,172.31.36.0-255,66,125597,10,164873
28180,0.004708,172.217.194.0-255,4320,129917,10,164873
28181,0.004712,172.31.36.0-255,66,129983,10,164873
28182,0.004722,172.217.194.0-255,1484,131467,10,164873
28183,0.007108,172.217.194.0-255,4320,135787,10,164873
28184,0.007114,172.31.36.0-255,66,135853,10,164873
28185,0.009504,172.217.194.0-255,5738,141591,10,164873
28186,0.009511,172.31.36.0-255,66,141657,10,164873
28187,0.011914,172.217.194.0-255,5738,147395,10,164873
28188,0.011937,172.31.36.0-255,66,147461,10,164873
28189,0.014311,172.217.194.0-255,5738,153199,10,164873
28190,0.014323,172.31.36.0-255,66,153265,10,164873
28191,0.016727,172.217.194.0-255,5738,159003,10,164873
28192,0.016737,172.31.36.0-255,66,159069,10,164873
28193,0.019138,172.217.194.0-255,5738,164807,10,164873
28194,0.019146,172.31.36.0-255,66,164873,10,164873
28195,0.0,172.217.194.0-255,321,321,10,221939
28196,2.4e-05,172.31.36.0-255,66,387,10,221939
28197,3.1e-05,172.217.194.0-255,1484,1871,10,221939
28198,3.6e-05,172.31.36.0-255,66,1937,10,221939
28199,4.2e-05,172.217.194.0-255,4320,6257,10,221939
28200,4.5e-05,172.31.36.0-255,66,6323,10,221939
28201,5.1e-05,172.217.194.0-255,5738,12061,10,221939
28202,5.4e-05,172.31.36.0-255,66,12127,10,221939
28203,6.9e-05,172.31.36.0-255,66,12193,10,221939
28204,7.6e-05,172.217.194.0-255,6797,18990,10,221939
28205,7.9e-05,172.31.36.0-255,66,19056,10,221939
28206,0.000129,172.217.194.0-255,1484,20540,10,221939
28207,0.000133,172.31.36.0-255,66,20606,10,221939
28208,0.000138,172.217.194.0-255,2902,23508,10,221939
28209,0.00014,172.31.36.0-255,66,23574,10,221939
28210,0.000159,172.217.194.0-255,5738,29312,10,221939
28211,0.000162,172.31.36.0-255,66,29378,10,221939
28212,0.000182,172.217.194.0-255,4320,33698,10,221939
28213,0.000184,172.31.36.0-255,66,33764,10,221939
28214,0.000219,172.31.36.0-255,66,33830,10,221939
28215,0.00023,172.31.36.0-255,66,33896,10,221939
28216,0.000233,172.217.194.0-255,113,34009,10,221939
28217,0.000235,172.31.36.0-255,66,34075,10,221939
28218,0.000276,172.217.194.0-255,386,34461,10,221939
28219,0.000278,172.31.36.0-255,66,34527,10,221939
28220,0.000794,172.217.194.0-255,1484,36011,10,221939
28221,0.0008,172.31.36.0-255,66,36077,10,221939
28222,0.000807,172.217.194.0-255,2902,38979,10,221939
28223,0.000809,172.31.36.0-255,66,39045,10,221939
28224,0.000816,172.217.194.0-255,5738,44783,10,221939
28225,0.000818,172.31.36.0-255,66,44849,10,221939
28226,0.000855,172.217.194.0-255,2902,47751,10,221939
28227,0.000858,172.31.36.0-255,66,47817,10,221939
28228,0.000879,172.217.194.0-255,3961,51778,10,221939
28229,0.000881,172.31.36.0-255,66,51844,10,221939
28230,0.000905,172.217.194.0-255,7156,59000,10,221939
28231,0.000908,172.31.36.0-255,66,59066,10,221939
28232,0.000916,172.217.194.0-255,7156,66222,10,221939
28233,0.000918,172.31.36.0-255,66,66288,10,221939
28234,0.000933,172.217.194.0-255,2543,68831,10,221939
28235,0.000936,172.31.36.0-255,66,68897,10,221939
28236,0.001216,172.217.194.0-255,1484,70381,10,221939
28237,0.001223,172.217.194.0-255,2902,73283,10,221939
28238,0.001226,172.31.36.0-255,66,73349,10,221939
28239,0.001252,172.217.194.0-255,5738,79087,10,221939
28240,0.001255,172.31.36.0-255,66,79153,10,221939
28241,0.001261,172.217.194.0-255,4320,83473,10,221939
28242,0.001263,172.31.36.0-255,66,83539,10,221939
28243,0.001284,172.31.36.0-255,66,83605,10,221939
28244,0.001297,172.31.36.0-255,66,83671,10,221939
28245,0.001366,172.217.194.0-255,2184,85855,10,221939
28246,0.001371,172.31.36.0-255,66,85921,10,221939
28247,0.001444,172.217.194.0-255,1484,87405,10,221939
28248,0.001448,172.217.194.0-255,2902,90307,10,221939
28249,0.001454,172.217.194.0-255,5738,96045,10,221939
28250,0.001461,172.217.194.0-255,7156,103201,10,221939
28251,0.001467,172.31.36.0-255,66,103267,10,221939
28252,0.00147,172.31.36.0-255,66,103333,10,221939
28253,0.001473,172.31.36.0-255,66,103399,10,221939
28254,0.001554,172.31.36.0-255,66,103465,10,221939
28255,0.001559,172.217.194.0-255,2184,105649,10,221939
28256,0.001561,172.31.36.0-255,66,105715,10,221939
28257,0.001565,172.217.194.0-255,2902,108617,10,221939
28258,0.001568,172.31.36.0-255,66,108683,10,221939
28259,0.001575,172.217.194.0-255,7156,115839,10,221939
28260,0.001577,172.31.36.0-255,66,115905,10,221939
28261,0.001585,172.217.194.0-255,7156,123061,10,221939
28262,0.001587,172.31.36.0-255,66,123127,10,221939
28263,0.001603,172.31.36.0-255,66,123193,10,221939
28264,0.001617,172.31.36.0-255,66,123259,10,221939
28265,0.001631,172.31.36.0-255,66,123325,10,221939
28266,0.00168,172.217.194.0-255,1484,124809,10,221939
28267,0.001708,172.31.36.0-255,66,124875,10,221939
28268,0.001711,172.217.194.0-255,1484,126359,10,221939
28269,0.001716,172.217.194.0-255,2902,129261,10,221939
28270,0.001718,172.31.36.0-255,66,129327,10,221939
28271,0.001724,172.217.194.0-255,5738,135065,10,221939
28272,0.001726,172.31.36.0-255,66,135131,10,221939
28273,0.001755,172.217.194.0-255,4320,139451,10,221939
28274,0.001758,172.31.36.0-255,66,139517,10,221939
28275,0.001769,172.217.194.0-255,5738,145255,10,221939
28276,0.001771,172.31.36.0-255,66,145321,10,221939
28277,0.001783,172.31.36.0-255,66,145387,10,221939
28278,0.001802,172.217.194.0-255,2902,148289,10,221939
28279,0.001804,172.31.36.0-255,66,148355,10,221939
28280,0.001808,172.217.194.0-255,2184,150539,10,221939
28281,0.001811,172.31.36.0-255,66,150605,10,221939
28282,0.001845,172.217.194.0-255,5738,156343,10,221939
28283,0.001848,172.31.36.0-255,66,156409,10,221939
28284,0.001871,172.217.194.0-255,7156,163565,10,221939
28285,0.001874,172.31.36.0-255,66,163631,10,221939
28286,0.001889,172.31.36.0-255,66,163697,10,221939
28287,0.00191,172.217.194.0-255,4320,168017,10,221939
28288,0.001912,172.31.36.0-255,66,168083,10,221939
28289,0.001932,172.217.194.0-255,2184,170267,10,221939
28290,0.001935,172.31.36.0-255,66,170333,10,221939
28291,0.001942,172.217.194.0-255,7156,177489,10,221939
28292,0.001945,172.31.36.0-255,66,177555,10,221939
28293,0.001957,172.31.36.0-255,66,177621,10,221939
28294,0.001969,172.31.36.0-255,66,177687,10,221939
28295,0.001988,172.217.194.0-255,1484,179171,10,221939
28296,0.001995,172.217.194.0-255,5020,184191,10,221939
28297,0.001998,172.31.36.0-255,66,184257,10,221939
28298,0.002002,172.217.194.0-255,2902,187159,10,221939
28299,0.002004,172.31.36.0-255,66,187225,10,221939
28300,0.002029,172.217.194.0-255,2902,190127,10,221939
28301,0.002032,172.31.36.0-255,66,190193,10,221939
28302,0.002046,172.31.36.0-255,66,190259,10,221939
28303,0.002057,172.31.36.0-255,66,190325,10,221939
28304,0.002104,172.217.194.0-255,6438,196763,10,221939
28305,0.002107,172.31.36.0-255,66,196829,10,221939
28306,0.002244,172.217.194.0-255,1484,198313,10,221939
28307,0.002251,172.217.194.0-255,2902,201215,10,221939
28308,0.002254,172.31.36.0-255,66,201281,10,221939
28309,0.002275,172.217.194.0-255,5738,207019,10,221939
28310,0.002277,172.31.36.0-255,66,207085,10,221939
28311,0.002282,172.217.194.0-255,2902,209987,10,221939
28312,0.002285,172.31.36.0-255,66,210053,10,221939
28313,0.002289,172.217.194.0-255,1484,211537,10,221939
28314,0.002293,172.217.194.0-255,2902,214439,10,221939
28315,0.002295,172.31.36.0-255,66,214505,10,221939
28316,0.002328,172.31.36.0-255,66,214571,10,221939
28317,0.002351,172.217.194.0-255,1484,216055,10,221939
28318,0.002419,172.31.36.0-255,66,216121,10,221939
28319,0.002436,172.217.194.0-255,5313,221434,10,221939
28320,0.002439,172.31.36.0-255,66,221500,10,221939
28321,0.002442,172.217.194.0-255,97,221597,10,221939
28322,0.002445,172.217.194.0-255,105,221702,10,221939
28323,0.004691,172.31.36.0-255,66,221768,10,221939
28324,0.00473,172.31.36.0-255,105,221873,10,221939
28325,0.006931,172.217.194.0-255,66,221939,10,221939
28326,0.0,172.217.194.0-255,152,152,10,208947
28327,2.6e-05,172.31.36.0-255,66,218,10,208947
28328,3.3e-05,172.217.194.0-255,1484,1702,10,208947
28329,3.8e-05,172.31.36.0-255,66,1768,10,208947
28330,4.2e-05,172.217.194.0-255,2902,4670,10,208947
28331,4.5e-05,172.31.36.0-255,66,4736,10,208947
28332,5e-05,172.217.194.0-255,4320,9056,10,208947
28333,5.4e-05,172.31.36.0-255,66,9122,10,208947
28334,6.7e-05,172.217.194.0-255,1484,10606,10,208947
28335,7e-05,172.31.36.0-255,66,10672,10,208947
28336,0.000104,172.31.36.0-255,66,10738,10,208947
28337,0.000111,172.217.194.0-255,7156,17894,10,208947
28338,0.000113,172.31.36.0-255,66,17960,10,208947
28339,0.000134,172.217.194.0-255,1484,19444,10,208947
28340,0.000136,172.31.36.0-255,66,19510,10,208947
28341,0.000156,172.217.194.0-255,3961,23471,10,208947
28342,0.000158,172.31.36.0-255,66,23537,10,208947
28343,0.000202,172.217.194.0-255,1484,25021,10,208947
28344,0.000205,172.31.36.0-255,66,25087,10,208947
28345,0.00022,172.217.194.0-255,2902,27989,10,208947
28346,0.000223,172.31.36.0-255,66,28055,10,208947
28347,0.000251,172.217.194.0-255,5738,33793,10,208947
28348,0.000256,172.217.194.0-255,4320,38113,10,208947
28349,0.000257,172.31.36.0-255,66,38179,10,208947
28350,0.000261,172.31.36.0-255,66,38245,10,208947
28351,0.00028,172.217.194.0-255,7156,45401,10,208947
28352,0.000284,172.31.36.0-255,66,45467,10,208947
28353,0.0003,172.217.194.0-255,5379,50846,10,208947
28354,0.000303,172.31.36.0-255,66,50912,10,208947
28355,0.000326,172.217.194.0-255,7085,57997,10,208947
28356,0.00033,172.31.36.0-255,66,58063,10,208947
28357,0.000332,172.217.194.0-255,398,58461,10,208947
28358,0.000412,172.217.194.0-255,1484,59945,10,208947
28359,0.000416,172.31.36.0-255,66,60011,10,208947
28360,0.000422,172.217.194.0-255,2902,62913,10,208947
28361,0.000425,172.31.36.0-255,66,62979,10,208947
28362,0.000431,172.217.194.0-255,5738,68717,10,208947
28363,0.000434,172.31.36.0-255,66,68783,10,208947
28364,0.000437,172.217.194.0-255,1484,70267,10,208947
28365,0.00046,172.217.194.0-255,5738,76005,10,208947
28366,0.000464,172.31.36.0-255,66,76071,10,208947
28367,0.000491,172.217.194.0-255,1484,77555,10,208947
28368,0.000524,172.31.36.0-255,66,77621,10,208947
28369,0.000529,172.217.194.0-255,2184,79805,10,208947
28370,0.000532,172.31.36.0-255,66,79871,10,208947
28371,0.000783,172.217.194.0-255,1484,81355,10,208947
28372,0.000789,172.217.194.0-255,2902,84257,10,208947
28373,0.000792,172.31.36.0-255,66,84323,10,208947
28374,0.000797,172.217.194.0-255,2902,87225,10,208947
28375,0.000799,172.31.36.0-255,66,87291,10,208947
28376,0.000815,172.217.194.0-255,2902,90193,10,208947
28377,0.000817,172.31.36.0-255,66,90259,10,208947
28378,0.000859,172.31.36.0-255,66,90325,10,208947
28379,0.000864,172.217.194.0-255,4320,94645,10,208947
28380,0.000866,172.31.36.0-255,66,94711,10,208947
28381,0.000887,172.217.194.0-255,6438,101149,10,208947
28382,0.00089,172.31.36.0-255,66,101215,10,208947
28383,0.000917,172.31.36.0-255,66,101281,10,208947
28384,0.000927,172.31.36.0-255,66,101347,10,208947
28385,0.000946,172.217.194.0-255,1484,102831,10,208947
28386,0.000967,172.217.194.0-255,5738,108569,10,208947
28387,0.00097,172.31.36.0-255,66,108635,10,208947
28388,0.001,172.31.36.0-255,66,108701,10,208947
28389,0.001254,172.217.194.0-255,1484,110185,10,208947
28390,0.001259,172.217.194.0-255,1484,111669,10,208947
28391,0.001261,172.31.36.0-255,66,111735,10,208947
28392,0.001275,172.217.194.0-255,1484,113219,10,208947
28393,0.001282,172.217.194.0-255,5738,118957,10,208947
28394,0.001286,172.31.36.0-255,66,119023,10,208947
28395,0.001331,172.31.36.0-255,66,119089,10,208947
28396,0.001361,172.31.36.0-255,66,119155,10,208947
28397,0.001366,172.217.194.0-255,4320,123475,10,208947
28398,0.001368,172.31.36.0-255,66,123541,10,208947
28399,0.001402,172.217.194.0-255,766,124307,10,208947
28400,0.001485,172.217.194.0-255,1484,125791,10,208947
28401,0.00149,172.31.36.0-255,66,125857,10,208947
28402,0.001508,172.217.194.0-255,2902,128759,10,208947
28403,0.001511,172.31.36.0-255,66,128825,10,208947
28404,0.001514,172.217.194.0-255,1484,130309,10,208947
28405,0.001531,172.217.194.0-255,4320,134629,10,208947
28406,0.001533,172.31.36.0-255,66,134695,10,208947
28407,0.001537,172.217.194.0-255,1484,136179,10,208947
28408,0.001566,172.31.36.0-255,66,136245,10,208947
28409,0.001577,172.31.36.0-255,66,136311,10,208947
28410,0.001599,172.217.194.0-255,2184,138495,10,208947
28411,0.001602,172.31.36.0-255,66,138561,10,208947
28412,0.00169,172.217.194.0-255,1484,140045,10,208947
28413,0.001713,172.217.194.0-255,2902,142947,10,208947
28414,0.001717,172.31.36.0-255,66,143013,10,208947
28415,0.001745,172.217.194.0-255,5738,148751,10,208947
28416,0.001748,172.31.36.0-255,66,148817,10,208947
28417,0.00176,172.217.194.0-255,1484,150301,10,208947
28418,0.001793,172.31.36.0-255,66,150367,10,208947
28419,0.001812,172.217.194.0-255,1484,151851,10,208947
28420,0.001837,172.31.36.0-255,66,151917,10,208947
28421,0.001891,172.217.194.0-255,1484,153401,10,208947
28422,0.001897,172.217.194.0-255,2902,156303,10,208947
28423,0.0019,172.31.36.0-255,66,156369,10,208947
28424,0.001904,172.217.194.0-255,1484,157853,10,208947
28425,0.001919,172.217.194.0-255,4320,162173,10,208947
28426,0.001923,172.31.36.0-255,66,162239,10,208947
28427,0.001934,172.217.194.0-255,5738,167977,10,208947
28428,0.001937,172.31.36.0-255,66,168043,10,208947
28429,0.001957,172.217.194.0-255,1484,169527,10,208947
28430,0.001974,172.217.194.0-255,4320,173847,10,208947
28431,0.001978,172.31.36.0-255,66,173913,10,208947
28432,0.002009,172.31.36.0-255,66,173979,10,208947
28433,0.002044,172.31.36.0-255,66,174045,10,208947
28434,0.00205,172.217.194.0-255,4320,178365,10,208947
28435,0.002052,172.31.36.0-255,66,178431,10,208947
28436,0.002077,172.31.36.0-255,66,178497,10,208947
28437,0.002083,172.217.194.0-255,5020,183517,10,208947
28438,0.002085,172.31.36.0-255,66,183583,10,208947
28439,0.002122,172.217.194.0-255,2902,186485,10,208947
28440,0.002127,172.31.36.0-255,66,186551,10,208947
28441,0.002164,172.31.36.0-255,66,186617,10,208947
28442,0.002205,172.31.36.0-255,66,186683,10,208947
28443,0.002489,172.217.194.0-255,1484,188167,10,208947
28444,0.002495,172.217.194.0-255,2902,191069,10,208947
28445,0.002498,172.31.36.0-255,66,191135,10,208947
28446,0.002502,172.217.194.0-255,1484,192619,10,208947
28447,0.002522,172.217.194.0-255,4320,196939,10,208947
28448,0.002526,172.31.36.0-255,66,197005,10,208947
28449,0.002528,172.217.194.0-255,5738,202743,10,208947
28450,0.00253,172.31.36.0-255,66,202809,10,208947
28451,0.002556,172.31.36.0-255,66,202875,10,208947
28452,0.002591,172.31.36.0-255,66,202941,10,208947
28453,0.002603,172.217.194.0-255,2184,205125,10,208947
28454,0.002606,172.31.36.0-255,66,205191,10,208947
28455,0.00263,172.217.194.0-255,3348,208539,10,208947
28456,0.002633,172.31.36.0-255,66,208605,10,208947
28457,0.002677,172.217.194.0-255,105,208710,10,208947
28458,0.003781,172.31.36.0-255,66,208776,10,208947
28459,0.003807,172.31.36.0-255,105,208881,10,208947
28460,0.006317,172.217.194.0-255,66,208947,10,208947
28461,0.0,172.253.118.0-255,146,146,10,210852
28462,2.4e-05,172.31.36.0-255,66,212,10,210852
28463,3.1e-05,172.253.118.0-255,1484,1696,10,210852
28464,3.6e-05,172.31.36.0-255,66,1762,10,210852
28465,4e-05,172.253.118.0-255,1484,3246,10,210852
28466,5.1e-05,172.31.36.0-255,66,3312,10,210852
28467,5.6e-05,172.253.118.0-255,2902,6214,10,210852
28468,6e-05,172.31.36.0-255,66,6280,10,210852
28469,6.7e-05,172.253.118.0-255,5738,12018,10,210852
28470,7e-05,172.31.36.0-255,66,12084,10,210852
28471,7.6e-05,172.253.118.0-255,2066,14150,10,210852
28472,7.9e-05,172.31.36.0-255,66,14216,10,210852
28473,8.4e-05,172.253.118.0-255,2902,17118,10,210852
28474,8.7e-05,172.31.36.0-255,66,17184,10,210852
28475,0.000134,172.253.118.0-255,7156,24340,10,210852
28476,0.000137,172.31.36.0-255,66,24406,10,210852
28477,0.000145,172.253.118.0-255,6797,31203,10,210852
28478,0.000147,172.31.36.0-255,66,31269,10,210852
28479,0.000246,172.253.118.0-255,1484,32753,10,210852
28480,0.00025,172.31.36.0-255,66,32819,10,210852
28481,0.000256,172.253.118.0-255,2902,35721,10,210852
28482,0.000258,172.31.36.0-255,66,35787,10,210852
28483,0.000291,172.253.118.0-255,5738,41525,10,210852
28484,0.000295,172.31.36.0-255,66,41591,10,210852
28485,0.000299,172.253.118.0-255,1484,43075,10,210852
28486,0.000301,172.31.36.0-255,66,43141,10,210852
28487,0.000351,172.31.36.0-255,66,43207,10,210852
28488,0.000355,172.253.118.0-255,2902,46109,10,210852
28489,0.000358,172.31.36.0-255,66,46175,10,210852
28490,0.000387,172.253.118.0-255,7108,53283,10,210852
28491,0.00039,172.31.36.0-255,66,53349,10,210852
28492,0.000425,172.253.118.0-255,343,53692,10,210852
28493,0.000613,172.253.118.0-255,1484,55176,10,210852
28494,0.000618,172.31.36.0-255,66,55242,10,210852
28495,0.000625,172.253.118.0-255,2902,58144,10,210852
28496,0.000628,172.31.36.0-255,66,58210,10,210852
28497,0.000631,172.253.118.0-255,1484,59694,10,210852
28498,0.00066,172.253.118.0-255,4320,64014,10,210852
28499,0.000664,172.31.36.0-255,66,64080,10,210852
28500,0.000668,172.253.118.0-255,2902,66982,10,210852
28501,0.00067,172.31.36.0-255,66,67048,10,210852
28502,0.000693,172.253.118.0-255,6797,73845,10,210852
28503,0.000701,172.31.36.0-255,66,73911,10,210852
28504,0.000709,172.253.118.0-255,7156,81067,10,210852
28505,0.000711,172.31.36.0-255,66,81133,10,210852
28506,0.000741,172.253.118.0-255,2902,84035,10,210852
28507,0.000744,172.31.36.0-255,66,84101,10,210852
28508,0.000749,172.253.118.0-255,3961,88062,10,210852
28509,0.000752,172.31.36.0-255,66,88128,10,210852
28510,0.000957,172.253.118.0-255,1484,89612,10,210852
28511,0.000965,172.253.118.0-255,2902,92514,10,210852
28512,0.000969,172.31.36.0-255,66,92580,10,210852
28513,0.000976,172.253.118.0-255,4320,96900,10,210852
28514,0.000979,172.31.36.0-255,66,96966,10,210852
28515,0.001009,172.253.118.0-255,1484,98450,10,210852
28516,0.001023,172.31.36.0-255,66,98516,10,210852
28517,0.00103,172.253.118.0-255,5738,104254,10,210852
28518,0.001032,172.31.36.0-255,66,104320,10,210852
28519,0.001057,172.253.118.0-255,5020,109340,10,210852
28520,0.00106,172.31.36.0-255,66,109406,10,210852
28521,0.001234,172.253.118.0-255,1484,110890,10,210852
28522,0.00124,172.253.118.0-255,2902,113792,10,210852
28523,0.001245,172.31.36.0-255,66,113858,10,210852
28524,0.001273,172.253.118.0-255,5738,119596,10,210852
28525,0.001277,172.31.36.0-255,66,119662,10,210852
28526,0.001281,172.253.118.0-255,2902,122564,10,210852
28527,0.001283,172.31.36.0-255,66,122630,10,210852
28528,0.001316,172.253.118.0-255,4320,126950,10,210852
28529,0.001361,172.253.118.0-255,5738,132688,10,210852
28530,0.001365,172.253.118.0-255,2184,134872,10,210852
28531,0.001503,172.31.36.0-255,66,134938,10,210852
28532,0.00201,172.253.118.0-255,1484,136422,10,210852
28533,0.002017,172.253.118.0-255,2902,139324,10,210852
28534,0.002021,172.31.36.0-255,66,139390,10,210852
28535,0.002047,172.253.118.0-255,4320,143710,10,210852
28536,0.00205,172.31.36.0-255,66,143776,10,210852
28537,0.002057,172.253.118.0-255,5738,149514,10,210852
28538,0.00206,172.31.36.0-255,66,149580,10,210852
28539,0.00214,172.31.36.0-255,66,149646,10,210852
28540,0.002143,172.253.118.0-255,1484,151130,10,210852
28541,0.002214,172.31.36.0-255,66,151196,10,210852
28542,0.00228,172.253.118.0-255,1484,152680,10,210852
28543,0.002295,172.253.118.0-255,2902,155582,10,210852
28544,0.002298,172.31.36.0-255,66,155648,10,210852
28545,0.002305,172.253.118.0-255,5738,161386,10,210852
28546,0.002307,172.31.36.0-255,66,161452,10,210852
28547,0.002332,172.253.118.0-255,2902,164354,10,210852
28548,0.002335,172.31.36.0-255,66,164420,10,210852
28549,0.002357,172.253.118.0-255,5738,170158,10,210852
28550,0.002363,172.31.36.0-255,66,170224,10,210852
28551,0.004669,172.253.118.0-255,5738,175962,10,210852
28552,0.004676,172.31.36.0-255,66,176028,10,210852
28553,0.006965,172.253.118.0-255,5738,181766,10,210852
28554,0.006968,172.31.36.0-255,66,181832,10,210852
28555,0.009263,172.253.118.0-255,5738,187570,10,210852
28556,0.009268,172.31.36.0-255,66,187636,10,210852
28557,0.011569,172.253.118.0-255,5738,193374,10,210852
28558,0.011575,172.31.36.0-255,66,193440,10,210852
28559,0.013885,172.253.118.0-255,5738,199178,10,210852
28560,0.013894,172.31.36.0-255,66,199244,10,210852
28561,0.016218,172.253.118.0-255,5738,204982,10,210852
28562,0.016226,172.31.36.0-255,66,205048,10,210852
28563,0.018547,172.253.118.0-255,5738,210786,10,210852
28564,0.018558,172.31.36.0-255,66,210852,10,210852
28565,0.0,172.217.24.0-255,150,150,10,179484
28566,1.8e-05,172.31.36.0-255,66,216,10,179484
28567,2.5e-05,172.217.24.0-255,1484,1700,10,179484
28568,2.9e-05,172.31.36.0-255,66,1766,10,179484
28569,3.5e-05,172.217.24.0-255,2902,4668,10,179484
28570,3.7e-05,172.31.36.0-255,66,4734,10,179484
28571,4.5e-05,172.217.24.0-255,7156,11890,10,179484
28572,4.7e-05,172.31.36.0-255,66,11956,10,179484
28573,5.1e-05,172.217.24.0-255,2002,13958,10,179484
28574,5.4e-05,172.31.36.0-255,66,14024,10,179484
28575,8.8e-05,172.217.24.0-255,2902,16926,10,179484
28576,9.1e-05,172.31.36.0-255,66,16992,10,179484
28577,0.000114,172.217.24.0-255,4320,21312,10,179484
28578,0.000117,172.31.36.0-255,66,21378,10,179484
28579,0.000124,172.217.24.0-255,7156,28534,10,179484
28580,0.000127,172.31.36.0-255,66,28600,10,179484
28581,0.00014,172.217.24.0-255,1484,30084,10,179484
28582,0.000142,172.31.36.0-255,66,30150,10,179484
28583,0.000146,172.217.24.0-255,1125,31275,10,179484
28584,0.000147,172.31.36.0-255,66,31341,10,179484
28585,0.000319,172.217.24.0-255,1484,32825,10,179484
28586,0.000324,172.31.36.0-255,66,32891,10,179484
28587,0.000329,172.217.24.0-255,2902,35793,10,179484
28588,0.000332,172.31.36.0-255,66,35859,10,179484
28589,0.000346,172.217.24.0-255,2902,38761,10,179484
28590,0.000348,172.31.36.0-255,66,38827,10,179484
28591,0.000353,172.217.24.0-255,4320,43147,10,179484
28592,0.000356,172.31.36.0-255,66,43213,10,179484
28593,0.000399,172.217.24.0-255,5379,48592,10,179484
28594,0.000401,172.31.36.0-255,66,48658,10,179484
28595,0.000847,172.217.24.0-255,1484,50142,10,179484
28596,0.000852,172.31.36.0-255,66,50208,10,179484
28597,0.000858,172.217.24.0-255,2902,53110,10,179484
28598,0.00086,172.31.36.0-255,66,53176,10,179484
28599,0.000888,172.217.24.0-255,5738,58914,10,179484
28600,0.00089,172.31.36.0-255,66,58980,10,179484
28601,0.000893,172.217.24.0-255,1484,60464,10,179484
28602,0.000911,172.217.24.0-255,2902,63366,10,179484
28603,0.000913,172.31.36.0-255,66,63432,10,179484
28604,0.000955,172.217.24.0-255,2873,66305,10,179484
28605,0.000958,172.31.36.0-255,66,66371,10,179484
28606,0.001187,172.217.24.0-255,117,66488,10,179484
28607,0.00137,172.217.24.0-255,1484,67972,10,179484
28608,0.001375,172.31.36.0-255,66,68038,10,179484
28609,0.001382,172.217.24.0-255,2902,70940,10,179484
28610,0.001384,172.31.36.0-255,66,71006,10,179484
28611,0.001402,172.217.24.0-255,4320,75326,10,179484
28612,0.001404,172.31.36.0-255,66,75392,10,179484
28613,0.00141,172.217.24.0-255,2902,78294,10,179484
28614,0.001412,172.31.36.0-255,66,78360,10,179484
28615,0.001431,172.217.24.0-255,2902,81262,10,179484
28616,0.001433,172.31.36.0-255,66,81328,10,179484
28617,0.001442,172.217.24.0-255,7156,88484,10,179484
28618,0.001443,172.31.36.0-255,66,88550,10,179484
28619,0.001467,172.217.24.0-255,5379,93929,10,179484
28620,0.00147,172.31.36.0-255,66,93995,10,179484
28621,0.001475,172.217.24.0-255,4320,98315,10,179484
28622,0.001477,172.31.36.0-255,66,98381,10,179484
28623,0.001501,172.217.24.0-255,2543,100924,10,179484
28624,0.001503,172.31.36.0-255,66,100990,10,179484
28625,0.001827,172.217.24.0-255,1484,102474,10,179484
28626,0.001835,172.217.24.0-255,2902,105376,10,179484
28627,0.001839,172.31.36.0-255,66,105442,10,179484
28628,0.001847,172.217.24.0-255,4320,109762,10,179484
28629,0.001849,172.31.36.0-255,66,109828,10,179484
28630,0.001873,172.217.24.0-255,1484,111312,10,179484
28631,0.001877,172.217.24.0-255,2902,114214,10,179484
28632,0.001879,172.31.36.0-255,66,114280,10,179484
28633,0.001885,172.217.24.0-255,4320,118600,10,179484
28634,0.001887,172.31.36.0-255,66,118666,10,179484
28635,0.0019,172.31.36.0-255,66,118732,10,179484
28636,0.001903,172.217.24.0-255,1484,120216,10,179484
28637,0.001921,172.217.24.0-255,4320,124536,10,179484
28638,0.001924,172.31.36.0-255,66,124602,10,179484
28639,0.001958,172.217.24.0-255,2184,126786,10,179484
28640,0.001961,172.31.36.0-255,66,126852,10,179484
28641,0.003852,172.217.24.0-255,2902,129754,10,179484
28642,0.003858,172.31.36.0-255,66,129820,10,179484
28643,0.003876,172.217.24.0-255,2902,132722,10,179484
28644,0.003879,172.31.36.0-255,66,132788,10,179484
28645,0.005787,172.217.24.0-255,2902,135690,10,179484
28646,0.00579,172.31.36.0-255,66,135756,10,179484
28647,0.005809,172.217.24.0-255,2902,138658,10,179484
28648,0.005811,172.31.36.0-255,66,138724,10,179484
28649,0.007719,172.217.24.0-255,2902,141626,10,179484
28650,0.007726,172.31.36.0-255,66,141692,10,179484
28651,0.007743,172.217.24.0-255,2902,144594,10,179484
28652,0.007746,172.31.36.0-255,66,144660,10,179484
28653,0.00966,172.217.24.0-255,5738,150398,10,179484
28654,0.009667,172.31.36.0-255,66,150464,10,179484
28655,0.011604,172.217.24.0-255,5738,156202,10,179484
28656,0.011611,172.31.36.0-255,66,156268,10,179484
28657,0.013548,172.217.24.0-255,5738,162006,10,179484
28658,0.013556,172.31.36.0-255,66,162072,10,179484
28659,0.0155,172.217.24.0-255,5738,167810,10,179484
28660,0.015508,172.31.36.0-255,66,167876,10,179484
28661,0.0175,172.217.24.0-255,5738,173614,10,179484
28662,0.017507,172.31.36.0-255,66,173680,10,179484
28663,0.019454,172.217.24.0-255,5738,179418,10,179484
28664,0.019462,172.31.36.0-255,66,179484,10,179484
28665,0.0,172.217.194.0-255,150,150,10,132947
28666,1.6e-05,172.31.36.0-255,66,216,10,132947
28667,2.3e-05,172.217.194.0-255,1484,1700,10,132947
28668,2.8e-05,172.31.36.0-255,66,1766,10,132947
28669,3.3e-05,172.217.194.0-255,2902,4668,10,132947
28670,3.7e-05,172.31.36.0-255,66,4734,10,132947
28671,4.5e-05,172.217.194.0-255,7156,11890,10,132947
28672,4.7e-05,172.31.36.0-255,66,11956,10,132947
28673,6.3e-05,172.217.194.0-255,2103,14059,10,132947
28674,6.6e-05,172.31.36.0-255,66,14125,10,132947
28675,0.000102,172.217.194.0-255,2902,17027,10,132947
28676,0.000106,172.31.36.0-255,66,17093,10,132947
28677,0.000133,172.31.36.0-255,66,17159,10,132947
28678,0.000139,172.217.194.0-255,5379,22538,10,132947
28679,0.000142,172.31.36.0-255,66,22604,10,132947
28680,0.000185,172.217.194.0-255,1484,24088,10,132947
28681,0.000188,172.31.36.0-255,66,24154,10,132947
28682,0.000193,172.217.194.0-255,2902,27056,10,132947
28683,0.000195,172.31.36.0-255,66,27122,10,132947
28684,0.000214,172.217.194.0-255,5738,32860,10,132947
28685,0.000217,172.31.36.0-255,66,32926,10,132947
28686,0.000222,172.217.194.0-255,4320,37246,10,132947
28687,0.000224,172.31.36.0-255,66,37312,10,132947
28688,0.00024,172.217.194.0-255,1484,38796,10,132947
28689,0.000242,172.31.36.0-255,66,38862,10,132947
28690,0.000266,172.217.194.0-255,1125,39987,10,132947
28691,0.000268,172.31.36.0-255,66,40053,10,132947
28692,0.001012,172.217.194.0-255,1484,41537,10,132947
28693,0.001018,172.31.36.0-255,66,41603,10,132947
28694,0.001025,172.217.194.0-255,2902,44505,10,132947
28695,0.001027,172.31.36.0-255,66,44571,10,132947
28696,0.001058,172.217.194.0-255,5738,50309,10,132947
28697,0.001061,172.31.36.0-255,66,50375,10,132947
28698,0.001082,172.217.194.0-255,6797,57172,10,132947
28699,0.001084,172.31.36.0-255,66,57238,10,132947
28700,0.001097,172.217.194.0-255,2902,60140,10,132947
28701,0.001099,172.31.36.0-255,66,60206,10,132947
28702,0.001121,172.217.194.0-255,4320,64526,10,132947
28703,0.001123,172.31.36.0-255,66,64592,10,132947
28704,0.001129,172.217.194.0-255,4320,68912,10,132947
28705,0.001131,172.31.36.0-255,66,68978,10,132947
28706,0.001147,172.217.194.0-255,5958,74936,10,132947
28707,0.00115,172.31.36.0-255,66,75002,10,132947
28708,0.001176,172.31.36.0-255,66,75068,10,132947
28709,0.001191,172.217.194.0-255,1484,76552,10,132947
28710,0.001197,172.217.194.0-255,5379,81931,10,132947
28711,0.0012,172.31.36.0-255,66,81997,10,132947
28712,0.003427,172.217.194.0-255,1484,83481,10,132947
28713,0.003437,172.217.194.0-255,2902,86383,10,132947
28714,0.003442,172.31.36.0-255,66,86449,10,132947
28715,0.003447,172.217.194.0-255,1484,87933,10,132947
28716,0.005389,172.217.194.0-255,4320,92253,10,132947
28717,0.005393,172.31.36.0-255,66,92319,10,132947
28718,0.007385,172.217.194.0-255,5738,98057,10,132947
28719,0.007392,172.31.36.0-255,66,98123,10,132947
28720,0.00939,172.217.194.0-255,5738,103861,10,132947
28721,0.009398,172.31.36.0-255,66,103927,10,132947
28722,0.011355,172.217.194.0-255,5738,109665,10,132947
28723,0.011363,172.31.36.0-255,66,109731,10,132947
28724,0.013319,172.217.194.0-255,5738,115469,10,132947
28725,0.013327,172.31.36.0-255,66,115535,10,132947
28726,0.015278,172.217.194.0-255,5738,121273,10,132947
28727,0.015288,172.31.36.0-255,66,121339,10,132947
28728,0.017262,172.217.194.0-255,5738,127077,10,132947
28729,0.017276,172.31.36.0-255,66,127143,10,132947
28730,0.019235,172.217.194.0-255,5738,132881,10,132947
28731,0.019242,172.31.36.0-255,66,132947,10,132947
28732,0.0,74.125.24.0-255,150,150,10,155964
28733,3.4e-05,172.31.36.0-255,66,216,10,155964
28734,4.2e-05,74.125.24.0-255,1484,1700,10,155964
28735,4.7e-05,172.31.36.0-255,66,1766,10,155964
28736,5.3e-05,74.125.24.0-255,2902,4668,10,155964
28737,5.5e-05,172.31.36.0-255,66,4734,10,155964
28738,6.3e-05,74.125.24.0-255,7156,11890,10,155964
28739,6.5e-05,172.31.36.0-255,66,11956,10,155964
28740,7e-05,74.125.24.0-255,2902,14858,10,155964
28741,7.2e-05,172.31.36.0-255,66,14924,10,155964
28742,0.000114,172.31.36.0-255,66,14990,10,155964
28743,0.000118,74.125.24.0-255,2543,17533,10,155964
28744,0.00012,172.31.36.0-255,66,17599,10,155964
28745,0.000298,74.125.24.0-255,1484,19083,10,155964
28746,0.000303,172.31.36.0-255,66,19149,10,155964
28747,0.000309,74.125.24.0-255,2902,22051,10,155964
28748,0.000311,172.31.36.0-255,66,22117,10,155964
28749,0.000317,74.125.24.0-255,5738,27855,10,155964
28750,0.00032,172.31.36.0-255,66,27921,10,155964
28751,0.000351,74.125.24.0-255,6797,34718,10,155964
28752,0.000356,172.31.36.0-255,66,34784,10,155964
28753,0.000362,74.125.24.0-255,4320,39104,10,155964
28754,0.000364,172.31.36.0-255,66,39170,10,155964
28755,0.000391,172.31.36.0-255,66,39236,10,155964
28756,0.000395,74.125.24.0-255,2816,42052,10,155964
28757,0.000398,172.31.36.0-255,66,42118,10,155964
28758,0.000419,74.125.24.0-255,132,42250,10,155964
28759,0.000422,172.31.36.0-255,66,42316,10,155964
28760,0.000534,74.125.24.0-255,1484,43800,10,155964
28761,0.000538,172.31.36.0-255,66,43866,10,155964
28762,0.000563,74.125.24.0-255,2902,46768,10,155964
28763,0.000566,172.31.36.0-255,66,46834,10,155964
28764,0.000574,74.125.24.0-255,5738,52572,10,155964
28765,0.000576,172.31.36.0-255,66,52638,10,155964
28766,0.000604,74.125.24.0-255,7079,59717,10,155964
28767,0.000607,172.31.36.0-255,66,59783,10,155964
28768,0.000661,74.125.24.0-255,1484,61267,10,155964
28769,0.000667,74.125.24.0-255,2902,64169,10,155964
28770,0.00067,172.31.36.0-255,66,64235,10,155964
28771,0.000689,74.125.24.0-255,1484,65719,10,155964
28772,0.000706,74.125.24.0-255,4320,70039,10,155964
28773,0.000709,172.31.36.0-255,66,70105,10,155964
28774,0.000716,74.125.24.0-255,6797,76902,10,155964
28775,0.000718,172.31.36.0-255,66,76968,10,155964
28776,0.001189,74.125.24.0-255,1484,78452,10,155964
28777,0.001197,74.125.24.0-255,2902,81354,10,155964
28778,0.001201,172.31.36.0-255,66,81420,10,155964
28779,0.001209,74.125.24.0-255,5738,87158,10,155964
28780,0.001211,172.31.36.0-255,66,87224,10,155964
28781,0.00128,172.31.36.0-255,66,87290,10,155964
28782,0.001287,74.125.24.0-255,7156,94446,10,155964
28783,0.001289,172.31.36.0-255,66,94512,10,155964
28784,0.001307,74.125.24.0-255,1484,95996,10,155964
28785,0.001326,74.125.24.0-255,2184,98180,10,155964
28786,0.00133,172.31.36.0-255,66,98246,10,155964
28787,0.001384,74.125.24.0-255,1484,99730,10,155964
28788,0.001389,74.125.24.0-255,2902,102632,10,155964
28789,0.001392,172.31.36.0-255,66,102698,10,155964
28790,0.001396,74.125.24.0-255,1484,104182,10,155964
28791,0.001415,74.125.24.0-255,4320,108502,10,155964
28792,0.001418,172.31.36.0-255,66,108568,10,155964
28793,0.001423,74.125.24.0-255,4320,112888,10,155964
28794,0.001425,172.31.36.0-255,66,112954,10,155964
28795,0.001452,172.31.36.0-255,66,113020,10,155964
28796,0.001465,172.31.36.0-255,66,113086,10,155964
28797,0.001488,74.125.24.0-255,2184,115270,10,155964
28798,0.001491,172.31.36.0-255,66,115336,10,155964
28799,0.003791,74.125.24.0-255,5738,121074,10,155964
28800,0.0038,172.31.36.0-255,66,121140,10,155964
28801,0.006121,74.125.24.0-255,5738,126878,10,155964
28802,0.006128,172.31.36.0-255,66,126944,10,155964
28803,0.008464,74.125.24.0-255,5738,132682,10,155964
28804,0.008471,172.31.36.0-255,66,132748,10,155964
28805,0.010802,74.125.24.0-255,5738,138486,10,155964
28806,0.010811,172.31.36.0-255,66,138552,10,155964
28807,0.013193,74.125.24.0-255,5738,144290,10,155964
28808,0.013201,172.31.36.0-255,66,144356,10,155964
28809,0.015524,74.125.24.0-255,5738,150094,10,155964
28810,0.015534,172.31.36.0-255,66,150160,10,155964
28811,0.017852,74.125.24.0-255,5738,155898,10,155964
28812,0.01786,172.31.36.0-255,66,155964,10,155964
28813,0.0,172.217.194.0-255,153,153,10,237492
28814,2.8e-05,172.31.36.0-255,66,219,10,237492
28815,3.4e-05,172.217.194.0-255,1484,1703,10,237492
28816,3.7e-05,172.31.36.0-255,66,1769,10,237492
28817,4.1e-05,172.217.194.0-255,2902,4671,10,237492
28818,4.4e-05,172.31.36.0-255,66,4737,10,237492
28819,8.3e-05,172.217.194.0-255,7156,11893,10,237492
28820,8.6e-05,172.31.36.0-255,66,11959,10,237492
28821,9.7e-05,172.31.36.0-255,66,12025,10,237492
28822,0.000103,172.217.194.0-255,6797,18822,10,237492
28823,0.000106,172.31.36.0-255,66,18888,10,237492
28824,0.000174,172.217.194.0-255,1484,20372,10,237492
28825,0.000178,172.31.36.0-255,66,20438,10,237492
28826,0.000182,172.217.194.0-255,2902,23340,10,237492
28827,0.000184,172.31.36.0-255,66,23406,10,237492
28828,0.000206,172.217.194.0-255,4320,27726,10,237492
28829,0.000208,172.31.36.0-255,66,27792,10,237492
28830,0.000241,172.31.36.0-255,66,27858,10,237492
28831,0.000279,172.31.36.0-255,66,27924,10,237492
28832,0.000282,172.217.194.0-255,647,28571,10,237492
28833,0.000283,172.31.36.0-255,66,28637,10,237492
28834,0.000407,172.217.194.0-255,1484,30121,10,237492
28835,0.00041,172.31.36.0-255,66,30187,10,237492
28836,0.000415,172.217.194.0-255,2902,33089,10,237492
28837,0.00042,172.31.36.0-255,66,33155,10,237492
28838,0.000437,172.217.194.0-255,5738,38893,10,237492
28839,0.00044,172.31.36.0-255,66,38959,10,237492
28840,0.000478,172.31.36.0-255,66,39025,10,237492
28841,0.000483,172.217.194.0-255,4320,43345,10,237492
28842,0.000486,172.31.36.0-255,66,43411,10,237492
28843,0.000507,172.217.194.0-255,5738,49149,10,237492
28844,0.000515,172.217.194.0-255,2902,52051,10,237492
28845,0.000511,172.31.36.0-255,66,52117,10,237492
28846,0.000517,172.31.36.0-255,66,52183,10,237492
28847,0.000534,172.217.194.0-255,2184,54367,10,237492
28848,0.00054,172.31.36.0-255,66,54433,10,237492
28849,0.000743,172.217.194.0-255,1484,55917,10,237492
28850,0.000748,172.217.194.0-255,2902,58819,10,237492
28851,0.000751,172.31.36.0-255,66,58885,10,237492
28852,0.000779,172.217.194.0-255,5738,64623,10,237492
28853,0.000781,172.31.36.0-255,66,64689,10,237492
28854,0.000806,172.217.194.0-255,7156,71845,10,237492
28855,0.000809,172.31.36.0-255,66,71911,10,237492
28856,0.000839,172.217.194.0-255,5738,77649,10,237492
28857,0.000842,172.31.36.0-255,66,77715,10,237492
28858,0.000848,172.217.194.0-255,5738,83453,10,237492
28859,0.00085,172.31.36.0-255,66,83519,10,237492
28860,0.000875,172.217.194.0-255,5020,88539,10,237492
28861,0.000878,172.31.36.0-255,66,88605,10,237492
28862,0.001106,172.217.194.0-255,1484,90089,10,237492
28863,0.001123,172.217.194.0-255,2902,92991,10,237492
28864,0.001126,172.31.36.0-255,66,93057,10,237492
28865,0.001154,172.217.194.0-255,5738,98795,10,237492
28866,0.001157,172.31.36.0-255,66,98861,10,237492
28867,0.001189,172.217.194.0-255,1484,100345,10,237492
28868,0.001222,172.31.36.0-255,66,100411,10,237492
28869,0.001227,172.31.36.0-255,66,100477,10,237492
28870,0.001229,172.217.194.0-255,766,101243,10,237492
28871,0.001353,172.217.194.0-255,1484,102727,10,237492
28872,0.001356,172.31.36.0-255,66,102793,10,237492
28873,0.001359,172.217.194.0-255,1484,104277,10,237492
28874,0.001379,172.217.194.0-255,1484,105761,10,237492
28875,0.001381,172.31.36.0-255,66,105827,10,237492
28876,0.001387,172.217.194.0-255,4320,110147,10,237492
28877,0.001388,172.31.36.0-255,66,110213,10,237492
28878,0.001416,172.217.194.0-255,1484,111697,10,237492
28879,0.001449,172.31.36.0-255,66,111763,10,237492
28880,0.001454,172.31.36.0-255,66,111829,10,237492
28881,0.00149,172.217.194.0-255,3602,115431,10,237492
28882,0.001493,172.31.36.0-255,66,115497,10,237492
28883,0.001527,172.217.194.0-255,4320,119817,10,237492
28884,0.00153,172.31.36.0-255,66,119883,10,237492
28885,0.001563,172.217.194.0-255,5738,125621,10,237492
28886,0.001567,172.31.36.0-255,66,125687,10,237492
28887,0.001601,172.31.36.0-255,66,125753,10,237492
28888,0.001607,172.217.194.0-255,5738,131491,10,237492
28889,0.001609,172.31.36.0-255,66,131557,10,237492
28890,0.001656,172.217.194.0-255,5738,137295,10,237492
28891,0.001659,172.31.36.0-255,66,137361,10,237492
28892,0.001697,172.31.36.0-255,66,137427,10,237492
28893,0.00172,172.31.36.0-255,66,137493,10,237492
28894,0.001725,172.217.194.0-255,3602,141095,10,237492
28895,0.001728,172.31.36.0-255,66,141161,10,237492
28896,0.001917,172.217.194.0-255,1484,142645,10,237492
28897,0.001934,172.217.194.0-255,2902,145547,10,237492
28898,0.001938,172.31.36.0-255,66,145613,10,237492
28899,0.001971,172.217.194.0-255,4320,149933,10,237492
28900,0.001975,172.217.194.0-255,2902,152835,10,237492
28901,0.001975,172.31.36.0-255,66,152901,10,237492
28902,0.001979,172.31.36.0-255,66,152967,10,237492
28903,0.002006,172.217.194.0-255,5738,158705,10,237492
28904,0.002009,172.31.36.0-255,66,158771,10,237492
28905,0.002021,172.31.36.0-255,66,158837,10,237492
28906,0.002059,172.217.194.0-255,6438,165275,10,237492
28907,0.002063,172.31.36.0-255,66,165341,10,237492
28908,0.002155,172.217.194.0-255,1484,166825,10,237492
28909,0.002171,172.217.194.0-255,2902,169727,10,237492
28910,0.002174,172.217.194.0-255,1484,171211,10,237492
28911,0.002176,172.31.36.0-255,66,171277,10,237492
28912,0.002204,172.217.194.0-255,4320,175597,10,237492
28913,0.002207,172.31.36.0-255,66,175663,10,237492
28914,0.002214,172.217.194.0-255,7156,182819,10,237492
28915,0.002217,172.31.36.0-255,66,182885,10,237492
28916,0.002221,172.217.194.0-255,2902,185787,10,237492
28917,0.002225,172.31.36.0-255,66,185853,10,237492
28918,0.002255,172.217.194.0-255,2902,188755,10,237492
28919,0.002259,172.31.36.0-255,66,188821,10,237492
28920,0.002294,172.217.194.0-255,4320,193141,10,237492
28921,0.002297,172.31.36.0-255,66,193207,10,237492
28922,0.00233,172.217.194.0-255,6438,199645,10,237492
28923,0.002333,172.31.36.0-255,66,199711,10,237492
28924,0.002338,172.217.194.0-255,4320,204031,10,237492
28925,0.002341,172.31.36.0-255,66,204097,10,237492
28926,0.002343,172.217.194.0-255,1484,205581,10,237492
28927,0.00235,172.217.194.0-255,7156,212737,10,237492
28928,0.002352,172.31.36.0-255,66,212803,10,237492
28929,0.002362,172.31.36.0-255,66,212869,10,237492
28930,0.002365,172.217.194.0-255,1484,214353,10,237492
28931,0.002381,172.31.36.0-255,66,214419,10,237492
28932,0.002409,172.31.36.0-255,66,214485,10,237492
28933,0.002416,172.217.194.0-255,5738,220223,10,237492
28934,0.002418,172.31.36.0-255,66,220289,10,237492
28935,0.002451,172.217.194.0-255,5738,226027,10,237492
28936,0.002455,172.31.36.0-255,66,226093,10,237492
28937,0.002483,172.31.36.0-255,66,226159,10,237492
28938,0.002507,172.217.194.0-255,2184,228343,10,237492
28939,0.002511,172.217.194.0-255,1484,229827,10,237492
28940,0.002514,172.217.194.0-255,1484,231311,10,237492
28941,0.002519,172.217.194.0-255,5707,237018,10,237492
28942,0.002519,172.31.36.0-255,66,237084,10,237492
28943,0.002524,172.31.36.0-255,66,237150,10,237492
28944,0.002569,172.217.194.0-255,105,237255,10,237492
28945,0.003415,172.31.36.0-255,66,237321,10,237492
28946,0.003443,172.31.36.0-255,105,237426,10,237492
28947,0.005459,172.217.194.0-255,66,237492,10,237492
28948,0.0,74.125.200.0-255,292,292,10,189936
28949,3.4e-05,172.31.36.0-255,66,358,10,189936
28950,4.1e-05,74.125.200.0-255,1484,1842,10,189936
28951,4.6e-05,172.31.36.0-255,66,1908,10,189936
28952,5.1e-05,74.125.200.0-255,4320,6228,10,189936
28953,5.4e-05,172.31.36.0-255,66,6294,10,189936
28954,5.8e-05,74.125.200.0-255,2902,9196,10,189936
28955,6.1e-05,172.31.36.0-255,66,9262,10,189936
28956,6.7e-05,74.125.200.0-255,4320,13582,10,189936
28957,6.9e-05,172.31.36.0-255,66,13648,10,189936
28958,0.000111,172.31.36.0-255,66,13714,10,189936
28959,0.000117,74.125.200.0-255,4320,18034,10,189936
28960,0.00012,172.31.36.0-255,66,18100,10,189936
28961,0.000134,74.125.200.0-255,1484,19584,10,189936
28962,0.000136,172.31.36.0-255,66,19650,10,189936
28963,0.000149,74.125.200.0-255,2543,22193,10,189936
28964,0.000151,172.31.36.0-255,66,22259,10,189936
28965,0.000207,74.125.200.0-255,1484,23743,10,189936
28966,0.00021,172.31.36.0-255,66,23809,10,189936
28967,0.000217,74.125.200.0-255,2902,26711,10,189936
28968,0.000219,172.31.36.0-255,66,26777,10,189936
28969,0.000249,74.125.200.0-255,5738,32515,10,189936
28970,0.000252,172.31.36.0-255,66,32581,10,189936
28971,0.000257,74.125.200.0-255,2902,35483,10,189936
28972,0.000258,172.31.36.0-255,66,35549,10,189936
28973,0.000284,74.125.200.0-255,4320,39869,10,189936
28974,0.000287,172.31.36.0-255,66,39935,10,189936
28975,0.000312,74.125.200.0-255,6797,46732,10,189936
28976,0.000315,172.31.36.0-255,66,46798,10,189936
28977,0.000366,74.125.200.0-255,2902,49700,10,189936
28978,0.000369,172.31.36.0-255,66,49766,10,189936
28979,0.000393,74.125.200.0-255,7104,56870,10,189936
28980,0.000396,172.31.36.0-255,66,56936,10,189936
28981,0.000415,74.125.200.0-255,114,57050,10,189936
28982,0.000612,74.125.200.0-255,1484,58534,10,189936
28983,0.000616,172.31.36.0-255,66,58600,10,189936
28984,0.000621,74.125.200.0-255,2902,61502,10,189936
28985,0.000623,172.31.36.0-255,66,61568,10,189936
28986,0.000628,74.125.200.0-255,2902,64470,10,189936
28987,0.00063,172.31.36.0-255,66,64536,10,189936
28988,0.000661,74.125.200.0-255,2902,67438,10,189936
28989,0.000664,172.31.36.0-255,66,67504,10,189936
28990,0.000671,74.125.200.0-255,6797,74301,10,189936
28991,0.000673,172.31.36.0-255,66,74367,10,189936
28992,0.00068,74.125.200.0-255,7156,81523,10,189936
28993,0.000686,172.31.36.0-255,66,81589,10,189936
28994,0.000695,74.125.200.0-255,1484,83073,10,189936
28995,0.000721,172.31.36.0-255,66,83139,10,189936
28996,0.001104,74.125.200.0-255,331,83470,10,189936
28997,0.001155,172.31.36.0-255,66,83536,10,189936
28998,0.001238,74.125.200.0-255,1484,85020,10,189936
28999,0.001247,74.125.200.0-255,2902,87922,10,189936
29000,0.00125,172.31.36.0-255,66,87988,10,189936
29001,0.001254,74.125.200.0-255,1484,89472,10,189936
29002,0.001275,74.125.200.0-255,2902,92374,10,189936
29003,0.001278,172.31.36.0-255,66,92440,10,189936
29004,0.001284,74.125.200.0-255,5738,98178,10,189936
29005,0.001287,172.31.36.0-255,66,98244,10,189936
29006,0.001307,74.125.200.0-255,4320,102564,10,189936
29007,0.00131,172.31.36.0-255,66,102630,10,189936
29008,0.001347,172.31.36.0-255,66,102696,10,189936
29009,0.001354,74.125.200.0-255,5738,108434,10,189936
29010,0.001356,172.31.36.0-255,66,108500,10,189936
29011,0.001358,74.125.200.0-255,766,109266,10,189936
29012,0.001703,172.31.36.0-255,66,109332,10,189936
29013,0.00175,74.125.200.0-255,1484,110816,10,189936
29014,0.001756,74.125.200.0-255,2902,113718,10,189936
29015,0.001759,172.31.36.0-255,66,113784,10,189936
29016,0.00178,74.125.200.0-255,5738,119522,10,189936
29017,0.001785,172.31.36.0-255,66,119588,10,189936
29018,0.001793,74.125.200.0-255,7156,126744,10,189936
29019,0.001795,172.31.36.0-255,66,126810,10,189936
29020,0.001856,74.125.200.0-255,7156,133966,10,189936
29021,0.00186,172.31.36.0-255,66,134032,10,189936
29022,0.001885,74.125.200.0-255,7156,141188,10,189936
29023,0.001888,172.31.36.0-255,66,141254,10,189936
29024,0.001891,74.125.200.0-255,2184,143438,10,189936
29025,0.001893,172.31.36.0-255,66,143504,10,189936
29026,0.003923,74.125.200.0-255,5738,149242,10,189936
29027,0.00393,172.31.36.0-255,66,149308,10,189936
29028,0.005973,74.125.200.0-255,5738,155046,10,189936
29029,0.005979,172.31.36.0-255,66,155112,10,189936
29030,0.008026,74.125.200.0-255,5738,160850,10,189936
29031,0.008032,172.31.36.0-255,66,160916,10,189936
29032,0.01009,74.125.200.0-255,5738,166654,10,189936
29033,0.010101,172.31.36.0-255,66,166720,10,189936
29034,0.012158,74.125.200.0-255,5738,172458,10,189936
29035,0.012166,172.31.36.0-255,66,172524,10,189936
29036,0.014229,74.125.200.0-255,5738,178262,10,189936
29037,0.014238,172.31.36.0-255,66,178328,10,189936
29038,0.016297,74.125.200.0-255,5738,184066,10,189936
29039,0.016307,172.31.36.0-255,66,184132,10,189936
29040,0.018368,74.125.200.0-255,5738,189870,10,189936
29041,0.018377,172.31.36.0-255,66,189936,10,189936
29042,0.0,74.125.24.0-255,153,153,10,139259
29043,3.1e-05,172.31.36.0-255,66,219,10,139259
29044,3.8e-05,74.125.24.0-255,1484,1703,10,139259
29045,4.3e-05,172.31.36.0-255,66,1769,10,139259
29046,5.6e-05,74.125.24.0-255,2902,4671,10,139259
29047,5.9e-05,172.31.36.0-255,66,4737,10,139259
29048,6.6e-05,74.125.24.0-255,7156,11893,10,139259
29049,6.9e-05,172.31.36.0-255,66,11959,10,139259
29050,7.3e-05,74.125.24.0-255,1967,13926,10,139259
29051,7.5e-05,172.31.36.0-255,66,13992,10,139259
29052,0.000107,74.125.24.0-255,2902,16894,10,139259
29053,0.00011,172.31.36.0-255,66,16960,10,139259
29054,0.000116,74.125.24.0-255,7156,24116,10,139259
29055,0.000118,172.31.36.0-255,66,24182,10,139259
29056,0.000123,74.125.24.0-255,4320,28502,10,139259
29057,0.000125,172.31.36.0-255,66,28568,10,139259
29058,0.000187,74.125.24.0-255,2543,31111,10,139259
29059,0.000191,172.31.36.0-255,66,31177,10,139259
29060,0.000268,74.125.24.0-255,1484,32661,10,139259
29061,0.000272,172.31.36.0-255,66,32727,10,139259
29062,0.000276,74.125.24.0-255,1484,34211,10,139259
29063,0.000278,172.31.36.0-255,66,34277,10,139259
29064,0.0003,74.125.24.0-255,1484,35761,10,139259
29065,0.000303,172.31.36.0-255,66,35827,10,139259
29066,0.00031,74.125.24.0-255,5738,41565,10,139259
29067,0.000314,172.31.36.0-255,66,41631,10,139259
29068,0.00035,74.125.24.0-255,6797,48428,10,139259
29069,0.000354,172.31.36.0-255,66,48494,10,139259
29070,0.001108,74.125.24.0-255,1484,49978,10,139259
29071,0.001114,172.31.36.0-255,66,50044,10,139259
29072,0.001123,74.125.24.0-255,2902,52946,10,139259
29073,0.001126,172.31.36.0-255,66,53012,10,139259
29074,0.00114,74.125.24.0-255,5738,58750,10,139259
29075,0.001142,172.31.36.0-255,66,58816,10,139259
29076,0.001146,74.125.24.0-255,1484,60300,10,139259
29077,0.001186,74.125.24.0-255,5379,65679,10,139259
29078,0.00119,172.31.36.0-255,66,65745,10,139259
29079,0.001463,74.125.24.0-255,1484,67229,10,139259
29080,0.001469,74.125.24.0-255,1484,68713,10,139259
29081,0.001473,172.31.36.0-255,66,68779,10,139259
29082,0.001496,74.125.24.0-255,1484,70263,10,139259
29083,0.001502,74.125.24.0-255,5738,76001,10,139259
29084,0.001504,172.31.36.0-255,66,76067,10,139259
29085,0.001524,74.125.24.0-255,6797,82864,10,139259
29086,0.001526,172.31.36.0-255,66,82930,10,139259
29087,0.001556,74.125.24.0-255,7156,90086,10,139259
29088,0.001559,172.31.36.0-255,66,90152,10,139259
29089,0.001584,74.125.24.0-255,7156,97308,10,139259
29090,0.001586,172.31.36.0-255,66,97374,10,139259
29091,0.001609,74.125.24.0-255,2543,99917,10,139259
29092,0.001611,172.31.36.0-255,66,99983,10,139259
29093,0.004105,74.125.24.0-255,4320,104303,10,139259
29094,0.004109,172.31.36.0-255,66,104369,10,139259
29095,0.004131,74.125.24.0-255,1484,105853,10,139259
29096,0.006643,74.125.24.0-255,4320,110173,10,139259
29097,0.00665,172.31.36.0-255,66,110239,10,139259
29098,0.009184,74.125.24.0-255,5738,115977,10,139259
29099,0.009191,172.31.36.0-255,66,116043,10,139259
29100,0.011722,74.125.24.0-255,5738,121781,10,139259
29101,0.01173,172.31.36.0-255,66,121847,10,139259
29102,0.014246,74.125.24.0-255,5738,127585,10,139259
29103,0.014252,172.31.36.0-255,66,127651,10,139259
29104,0.01678,74.125.24.0-255,5738,133389,10,139259
29105,0.016787,172.31.36.0-255,66,133455,10,139259
29106,0.019308,74.125.24.0-255,5738,139193,10,139259
29107,0.019318,172.31.36.0-255,66,139259,10,139259
29108,0.0,172.217.194.0-255,153,153,10,218363
29109,3.6e-05,172.31.36.0-255,66,219,10,218363
29110,4.4e-05,172.217.194.0-255,1484,1703,10,218363
29111,4.8e-05,172.31.36.0-255,66,1769,10,218363
29112,5.4e-05,172.217.194.0-255,2902,4671,10,218363
29113,6.7e-05,172.31.36.0-255,66,4737,10,218363
29114,7.1e-05,172.217.194.0-255,1484,6221,10,218363
29115,7.3e-05,172.31.36.0-255,66,6287,10,218363
29116,7.9e-05,172.217.194.0-255,2902,9189,10,218363
29117,8.1e-05,172.31.36.0-255,66,9255,10,218363
29118,8.4e-05,172.217.194.0-255,1484,10739,10,218363
29119,8.6e-05,172.31.36.0-255,66,10805,10,218363
29120,0.000102,172.217.194.0-255,3406,14211,10,218363
29121,0.000105,172.31.36.0-255,66,14277,10,218363
29122,0.000118,172.217.194.0-255,5738,20015,10,218363
29123,0.000122,172.31.36.0-255,66,20081,10,218363
29124,0.00015,172.217.194.0-255,2902,22983,10,218363
29125,0.000154,172.31.36.0-255,66,23049,10,218363
29126,0.000189,172.31.36.0-255,66,23115,10,218363
29127,0.000243,172.217.194.0-255,1484,24599,10,218363
29128,0.000246,172.31.36.0-255,66,24665,10,218363
29129,0.000273,172.217.194.0-255,2902,27567,10,218363
29130,0.000277,172.31.36.0-255,66,27633,10,218363
29131,0.000283,172.217.194.0-255,5738,33371,10,218363
29132,0.000286,172.31.36.0-255,66,33437,10,218363
29133,0.000289,172.217.194.0-255,1484,34921,10,218363
29134,0.00029,172.31.36.0-255,66,34987,10,218363
29135,0.000323,172.217.194.0-255,4320,39307,10,218363
29136,0.000328,172.31.36.0-255,66,39373,10,218363
29137,0.000336,172.217.194.0-255,6797,46170,10,218363
29138,0.000338,172.31.36.0-255,66,46236,10,218363
29139,0.000344,172.217.194.0-255,5738,51974,10,218363
29140,0.000347,172.31.36.0-255,66,52040,10,218363
29141,0.000402,172.217.194.0-255,1484,53524,10,218363
29142,0.000418,172.217.194.0-255,4212,57736,10,218363
29143,0.000424,172.31.36.0-255,66,57802,10,218363
29144,0.000434,172.217.194.0-255,404,58206,10,218363
29145,0.000454,172.217.194.0-255,1484,59690,10,218363
29146,0.000457,172.31.36.0-255,66,59756,10,218363
29147,0.000479,172.217.194.0-255,4320,64076,10,218363
29148,0.000483,172.31.36.0-255,66,64142,10,218363
29149,0.000486,172.217.194.0-255,1484,65626,10,218363
29150,0.000517,172.31.36.0-255,66,65692,10,218363
29151,0.00052,172.217.194.0-255,1125,66817,10,218363
29152,0.000563,172.217.194.0-255,1484,68301,10,218363
29153,0.000567,172.31.36.0-255,66,68367,10,218363
29154,0.000572,172.217.194.0-255,2902,71269,10,218363
29155,0.000575,172.31.36.0-255,66,71335,10,218363
29156,0.000578,172.217.194.0-255,1484,72819,10,218363
29157,0.000596,172.217.194.0-255,4320,77139,10,218363
29158,0.000605,172.31.36.0-255,66,77205,10,218363
29159,0.000611,172.217.194.0-255,4320,81525,10,218363
29160,0.000614,172.31.36.0-255,66,81591,10,218363
29161,0.000642,172.217.194.0-255,1994,83585,10,218363
29162,0.000646,172.31.36.0-255,66,83651,10,218363
29163,0.000687,172.217.194.0-255,1484,85135,10,218363
29164,0.000707,172.217.194.0-255,2902,88037,10,218363
29165,0.000712,172.31.36.0-255,66,88103,10,218363
29166,0.000734,172.217.194.0-255,5738,93841,10,218363
29167,0.000737,172.31.36.0-255,66,93907,10,218363
29168,0.000743,172.217.194.0-255,4320,98227,10,218363
29169,0.000745,172.31.36.0-255,66,98293,10,218363
29170,0.000773,172.217.194.0-255,1484,99777,10,218363
29171,0.000788,172.31.36.0-255,66,99843,10,218363
29172,0.000845,172.217.194.0-255,5020,104863,10,218363
29173,0.00085,172.31.36.0-255,66,104929,10,218363
29174,0.000953,172.217.194.0-255,1484,106413,10,218363
29175,0.000975,172.217.194.0-255,2902,109315,10,218363
29176,0.000979,172.31.36.0-255,66,109381,10,218363
29177,0.000986,172.217.194.0-255,5738,115119,10,218363
29178,0.000988,172.31.36.0-255,66,115185,10,218363
29179,0.001028,172.31.36.0-255,66,115251,10,218363
29180,0.001033,172.217.194.0-255,2902,118153,10,218363
29181,0.001036,172.31.36.0-255,66,118219,10,218363
29182,0.001078,172.31.36.0-255,66,118285,10,218363
29183,0.001083,172.217.194.0-255,2184,120469,10,218363
29184,0.001086,172.31.36.0-255,66,120535,10,218363
29185,0.001166,172.217.194.0-255,1484,122019,10,218363
29186,0.001182,172.217.194.0-255,2902,124921,10,218363
29187,0.001185,172.31.36.0-255,66,124987,10,218363
29188,0.001214,172.217.194.0-255,5738,130725,10,218363
29189,0.001217,172.31.36.0-255,66,130791,10,218363
29190,0.001225,172.217.194.0-255,5738,136529,10,218363
29191,0.001227,172.31.36.0-255,66,136595,10,218363
29192,0.001235,172.217.194.0-255,7156,143751,10,218363
29193,0.001238,172.31.36.0-255,66,143817,10,218363
29194,0.001263,172.217.194.0-255,5738,149555,10,218363
29195,0.001267,172.31.36.0-255,66,149621,10,218363
29196,0.001274,172.217.194.0-255,5020,154641,10,218363
29197,0.001277,172.31.36.0-255,66,154707,10,218363
29198,0.001389,172.217.194.0-255,1484,156191,10,218363
29199,0.001393,172.217.194.0-255,1484,157675,10,218363
29200,0.001396,172.31.36.0-255,66,157741,10,218363
29201,0.001432,172.217.194.0-255,1484,159225,10,218363
29202,0.001438,172.217.194.0-255,5738,164963,10,218363
29203,0.001441,172.31.36.0-255,66,165029,10,218363
29204,0.001446,172.217.194.0-255,4320,169349,10,218363
29205,0.001448,172.31.36.0-255,66,169415,10,218363
29206,0.001488,172.31.36.0-255,66,169481,10,218363
29207,0.001499,172.31.36.0-255,66,169547,10,218363
29208,0.001526,172.217.194.0-255,2184,171731,10,218363
29209,0.001529,172.31.36.0-255,66,171797,10,218363
29210,0.001569,172.217.194.0-255,1484,173281,10,218363
29211,0.001588,172.217.194.0-255,2902,176183,10,218363
29212,0.001591,172.31.36.0-255,66,176249,10,218363
29213,0.001598,172.217.194.0-255,5738,181987,10,218363
29214,0.001602,172.31.36.0-255,66,182053,10,218363
29215,0.001646,172.31.36.0-255,66,182119,10,218363
29216,0.001669,172.217.194.0-255,2902,185021,10,218363
29217,0.001672,172.31.36.0-255,66,185087,10,218363
29218,0.001675,172.217.194.0-255,1484,186571,10,218363
29219,0.001687,172.31.36.0-255,66,186637,10,218363
29220,0.002214,172.217.194.0-255,1484,188121,10,218363
29221,0.00222,172.217.194.0-255,2902,191023,10,218363
29222,0.002225,172.31.36.0-255,66,191089,10,218363
29223,0.00223,172.217.194.0-255,2902,193991,10,218363
29224,0.002232,172.31.36.0-255,66,194057,10,218363
29225,0.002256,172.217.194.0-255,2902,196959,10,218363
29226,0.002261,172.31.36.0-255,66,197025,10,218363
29227,0.002274,172.31.36.0-255,66,197091,10,218363
29228,0.002301,172.217.194.0-255,2902,199993,10,218363
29229,0.002304,172.31.36.0-255,66,200059,10,218363
29230,0.002316,172.31.36.0-255,66,200125,10,218363
29231,0.00236,172.31.36.0-255,66,200191,10,218363
29232,0.002436,172.217.194.0-255,5738,205929,10,218363
29233,0.002499,172.217.194.0-255,1484,207413,10,218363
29234,0.002553,172.217.194.0-255,6438,213851,10,218363
29235,0.002607,172.217.194.0-255,3602,217453,10,218363
29236,0.002609,172.217.194.0-255,502,217955,10,218363
29237,0.007915,172.31.36.0-255,66,218021,10,218363
29238,0.010467,172.217.194.0-255,105,218126,10,218363
29239,0.010685,172.31.36.0-255,66,218192,10,218363
29240,0.010719,172.31.36.0-255,105,218297,10,218363
29241,0.013285,172.217.194.0-255,66,218363,10,218363
29242,0.0,172.31.36.0-255,66,66,10,66
29243,0.0,172.217.194.0-255,152,152,10,78372
29244,3.5e-05,172.31.36.0-255,66,218,10,78372
29245,4.3e-05,172.217.194.0-255,1484,1702,10,78372
29246,4.8e-05,172.31.36.0-255,66,1768,10,78372
29247,5.2e-05,172.217.194.0-255,2902,4670,10,78372
29248,5.5e-05,172.31.36.0-255,66,4736,10,78372
29249,0.000123,172.217.194.0-255,2902,7638,10,78372
29250,0.000126,172.31.36.0-255,66,7704,10,78372
29251,0.000148,172.217.194.0-255,4320,12024,10,78372
29252,0.000153,172.31.36.0-255,66,12090,10,78372
29253,0.000361,172.217.194.0-255,1976,14066,10,78372
29254,0.000368,172.31.36.0-255,66,14132,10,78372
29255,0.000427,172.217.194.0-255,2902,17034,10,78372
29256,0.00043,172.31.36.0-255,66,17100,10,78372
29257,0.000502,172.217.194.0-255,4320,21420,10,78372
29258,0.000505,172.31.36.0-255,66,21486,10,78372
29259,0.000529,172.217.194.0-255,2902,24388,10,78372
29260,0.000532,172.31.36.0-255,66,24454,10,78372
29261,0.000742,172.217.194.0-255,5738,30192,10,78372
29262,0.000748,172.31.36.0-255,66,30258,10,78372
29263,0.000779,172.31.36.0-255,66,30324,10,78372
29264,0.001243,172.31.36.0-255,66,30390,10,78372
29265,0.001497,172.31.36.0-255,66,30456,10,78372
29266,0.001763,172.217.194.0-255,5738,36194,10,78372
29267,0.001766,172.31.36.0-255,66,36260,10,78372
29268,0.001801,172.31.36.0-255,66,36326,10,78372
29269,0.002344,172.217.194.0-255,5738,42064,10,78372
29270,0.002347,172.31.36.0-255,66,42130,10,78372
29271,0.003113,172.217.194.0-255,7156,49286,10,78372
29272,0.005408,172.31.36.0-255,66,49352,10,78372
29273,0.007712,172.217.194.0-255,5738,55090,10,78372
29274,0.007723,172.31.36.0-255,66,55156,10,78372
29275,0.010034,172.217.194.0-255,5738,60894,10,78372
29276,0.010998,172.31.36.0-255,66,60960,10,78372
29277,0.013296,172.217.194.0-255,5738,66698,10,78372
29278,0.013312,172.31.36.0-255,66,66764,10,78372
29279,0.015597,172.217.194.0-255,5738,72502,10,78372
29280,0.015611,172.31.36.0-255,66,72568,10,78372
29281,0.017919,172.217.194.0-255,5738,78306,10,78372
29282,0.017933,172.31.36.0-255,66,78372,10,78372
29283,0.0,172.217.194.0-255,146,146,10,221365
29284,1.5e-05,172.31.36.0-255,66,212,10,221365
29285,2.2e-05,172.217.194.0-255,1484,1696,10,221365
29286,2.7e-05,172.31.36.0-255,66,1762,10,221365
29287,3.1e-05,172.217.194.0-255,1484,3246,10,221365
29288,3.3e-05,172.31.36.0-255,66,3312,10,221365
29289,5.5e-05,172.217.194.0-255,1484,4796,10,221365
29290,6.2e-05,172.31.36.0-255,66,4862,10,221365
29291,7e-05,172.217.194.0-255,5738,10600,10,221365
29292,7.2e-05,172.31.36.0-255,66,10666,10,221365
29293,0.000106,172.217.194.0-255,4320,14986,10,221365
29294,0.000109,172.31.36.0-255,66,15052,10,221365
29295,0.000148,172.31.36.0-255,66,15118,10,221365
29296,0.000155,172.217.194.0-255,6797,21915,10,221365
29297,0.000158,172.31.36.0-255,66,21981,10,221365
29298,0.000219,172.217.194.0-255,7156,29137,10,221365
29299,0.000223,172.31.36.0-255,66,29203,10,221365
29300,0.000228,172.217.194.0-255,2902,32105,10,221365
29301,0.00023,172.31.36.0-255,66,32171,10,221365
29302,0.000267,172.217.194.0-255,6797,38968,10,221365
29303,0.000271,172.31.36.0-255,66,39034,10,221365
29304,0.000291,172.217.194.0-255,7156,46190,10,221365
29305,0.000294,172.31.36.0-255,66,46256,10,221365
29306,0.000297,172.217.194.0-255,1484,47740,10,221365
29307,0.000299,172.31.36.0-255,66,47806,10,221365
29308,0.000341,172.217.194.0-255,7156,54962,10,221365
29309,0.000345,172.31.36.0-255,66,55028,10,221365
29310,0.000371,172.217.194.0-255,1442,56470,10,221365
29311,0.000374,172.31.36.0-255,66,56536,10,221365
29312,0.00041,172.31.36.0-255,66,56602,10,221365
29313,0.000413,172.217.194.0-255,1484,58086,10,221365
29314,0.000443,172.217.194.0-255,7156,65242,10,221365
29315,0.000446,172.217.194.0-255,1125,66367,10,221365
29316,0.000449,172.31.36.0-255,66,66433,10,221365
29317,0.000485,172.217.194.0-255,1484,67917,10,221365
29318,0.000493,172.31.36.0-255,66,67983,10,221365
29319,0.0005,172.217.194.0-255,2902,70885,10,221365
29320,0.00051,172.31.36.0-255,66,70951,10,221365
29321,0.000521,172.217.194.0-255,5738,76689,10,221365
29322,0.000537,172.31.36.0-255,66,76755,10,221365
29323,0.000578,172.31.36.0-255,66,76821,10,221365
29324,0.000601,172.217.194.0-255,7156,83977,10,221365
29325,0.000613,172.31.36.0-255,66,84043,10,221365
29326,0.000619,172.217.194.0-255,2543,86586,10,221365
29327,0.000629,172.31.36.0-255,66,86652,10,221365
29328,0.000648,172.217.194.0-255,5738,92390,10,221365
29329,0.000658,172.31.36.0-255,66,92456,10,221365
29330,0.000683,172.217.194.0-255,4320,96776,10,221365
29331,0.000688,172.31.36.0-255,66,96842,10,221365
29332,0.000691,172.217.194.0-255,7156,103998,10,221365
29333,0.000702,172.31.36.0-255,66,104064,10,221365
29334,0.000727,172.217.194.0-255,5738,109802,10,221365
29335,0.000731,172.31.36.0-255,66,109868,10,221365
29336,0.000757,172.31.36.0-255,66,109934,10,221365
29337,0.000786,172.217.194.0-255,1484,111418,10,221365
29338,0.00079,172.217.194.0-255,2902,114320,10,221365
29339,0.000795,172.217.194.0-255,5738,120058,10,221365
29340,0.000817,172.31.36.0-255,66,120124,10,221365
29341,0.000842,172.31.36.0-255,66,120190,10,221365
29342,0.000877,172.31.36.0-255,66,120256,10,221365
29343,0.000901,172.217.194.0-255,2184,122440,10,221365
29344,0.000904,172.31.36.0-255,66,122506,10,221365
29345,0.000967,172.217.194.0-255,1484,123990,10,221365
29346,0.000972,172.217.194.0-255,2902,126892,10,221365
29347,0.000976,172.217.194.0-255,1484,128376,10,221365
29348,0.000984,172.31.36.0-255,66,128442,10,221365
29349,0.000995,172.217.194.0-255,4320,132762,10,221365
29350,0.001005,172.217.194.0-255,4320,137082,10,221365
29351,0.001008,172.31.36.0-255,66,137148,10,221365
29352,0.001035,172.31.36.0-255,66,137214,10,221365
29353,0.001036,172.217.194.0-255,4320,141534,10,221365
29354,0.001039,172.31.36.0-255,66,141600,10,221365
29355,0.001059,172.217.194.0-255,6438,148038,10,221365
29356,0.001065,172.31.36.0-255,66,148104,10,221365
29357,0.001119,172.217.194.0-255,1484,149588,10,221365
29358,0.001125,172.217.194.0-255,2902,152490,10,221365
29359,0.001129,172.31.36.0-255,66,152556,10,221365
29360,0.001135,172.217.194.0-255,4320,156876,10,221365
29361,0.001142,172.31.36.0-255,66,156942,10,221365
29362,0.001167,172.217.194.0-255,1484,158426,10,221365
29363,0.001181,172.31.36.0-255,66,158492,10,221365
29364,0.001229,172.31.36.0-255,66,158558,10,221365
29365,0.001241,172.217.194.0-255,1484,160042,10,221365
29366,0.001246,172.217.194.0-255,2902,162944,10,221365
29367,0.001251,172.217.194.0-255,2902,165846,10,221365
29368,0.001266,172.31.36.0-255,66,165912,10,221365
29369,0.001275,172.217.194.0-255,2902,168814,10,221365
29370,0.001282,172.31.36.0-255,66,168880,10,221365
29371,0.001299,172.31.36.0-255,66,168946,10,221365
29372,0.001308,172.217.194.0-255,1484,170430,10,221365
29373,0.001314,172.217.194.0-255,5738,176168,10,221365
29374,0.001319,172.31.36.0-255,66,176234,10,221365
29375,0.00135,172.217.194.0-255,5020,181254,10,221365
29376,0.001355,172.31.36.0-255,66,181320,10,221365
29377,0.001384,172.217.194.0-255,5738,187058,10,221365
29378,0.00139,172.31.36.0-255,66,187124,10,221365
29379,0.001391,172.217.194.0-255,5738,192862,10,221365
29380,0.001394,172.31.36.0-255,66,192928,10,221365
29381,0.001417,172.217.194.0-255,1484,194412,10,221365
29382,0.001441,172.217.194.0-255,2902,197314,10,221365
29383,0.001443,172.31.36.0-255,66,197380,10,221365
29384,0.001448,172.31.36.0-255,66,197446,10,221365
29385,0.001483,172.31.36.0-255,66,197512,10,221365
29386,0.001495,172.217.194.0-255,4320,201832,10,221365
29387,0.001511,172.31.36.0-255,66,201898,10,221365
29388,0.001514,172.217.194.0-255,7156,209054,10,221365
29389,0.001518,172.217.194.0-255,1484,210538,10,221365
29390,0.001525,172.31.36.0-255,66,210604,10,221365
29391,0.001569,172.31.36.0-255,66,210670,10,221365
29392,0.00157,172.217.194.0-255,4320,214990,10,221365
29393,0.001573,172.31.36.0-255,66,215056,10,221365
29394,0.001627,172.31.36.0-255,66,215122,10,221365
29395,0.001654,172.217.194.0-255,5738,220860,10,221365
29396,0.001664,172.31.36.0-255,66,220926,10,221365
29397,0.00171,172.31.36.0-255,66,220992,10,221365
29398,0.001781,172.217.194.0-255,136,221128,10,221365
29399,0.001788,172.31.36.0-255,66,221194,10,221365
29400,0.003795,172.31.36.0-255,105,221299,10,221365
29401,0.006085,172.217.194.0-255,66,221365,10,221365
29402,0.0,216.58.221.0-255,142,142,10,125549
29403,3.6e-05,172.31.36.0-255,66,208,10,125549
29404,4.3e-05,216.58.221.0-255,1484,1692,10,125549
29405,4.8e-05,172.31.36.0-255,66,1758,10,125549
29406,5.3e-05,216.58.221.0-255,2902,4660,10,125549
29407,5.5e-05,172.31.36.0-255,66,4726,10,125549
29408,7.1e-05,216.58.221.0-255,7156,11882,10,125549
29409,7.5e-05,172.31.36.0-255,66,11948,10,125549
29410,7.9e-05,216.58.221.0-255,2039,13987,10,125549
29411,8.1e-05,172.31.36.0-255,66,14053,10,125549
29412,0.000158,216.58.221.0-255,1484,15537,10,125549
29413,0.000162,172.31.36.0-255,66,15603,10,125549
29414,0.000167,216.58.221.0-255,2902,18505,10,125549
29415,0.00017,172.31.36.0-255,66,18571,10,125549
29416,0.000173,216.58.221.0-255,1484,20055,10,125549
29417,0.000183,172.31.36.0-255,66,20121,10,125549
29418,0.000213,216.58.221.0-255,4320,24441,10,125549
29419,0.000217,172.31.36.0-255,66,24507,10,125549
29420,0.000229,172.31.36.0-255,66,24573,10,125549
29421,0.000257,216.58.221.0-255,5379,29952,10,125549
29422,0.00026,172.31.36.0-255,66,30018,10,125549
29423,0.000274,172.31.36.0-255,66,30084,10,125549
29424,0.000287,172.31.36.0-255,66,30150,10,125549
29425,0.00029,216.58.221.0-255,356,30506,10,125549
29426,0.000292,172.31.36.0-255,66,30572,10,125549
29427,0.000967,216.58.221.0-255,133,30705,10,125549
29428,0.000973,172.31.36.0-255,66,30771,10,125549
29429,0.001095,216.58.221.0-255,1484,32255,10,125549
29430,0.0011,172.31.36.0-255,66,32321,10,125549
29431,0.001107,216.58.221.0-255,2902,35223,10,125549
29432,0.001109,172.31.36.0-255,66,35289,10,125549
29433,0.001129,216.58.221.0-255,4320,39609,10,125549
29434,0.001132,172.31.36.0-255,66,39675,10,125549
29435,0.001137,216.58.221.0-255,2902,42577,10,125549
29436,0.001138,172.31.36.0-255,66,42643,10,125549
29437,0.001176,216.58.221.0-255,2902,45545,10,125549
29438,0.00118,172.31.36.0-255,66,45611,10,125549
29439,0.0012,172.31.36.0-255,66,45677,10,125549
29440,0.00121,172.31.36.0-255,66,45743,10,125549
29441,0.001446,216.58.221.0-255,1484,47227,10,125549
29442,0.001454,216.58.221.0-255,2902,50129,10,125549
29443,0.001459,172.31.36.0-255,66,50195,10,125549
29444,0.001463,216.58.221.0-255,1484,51679,10,125549
29445,0.001493,216.58.221.0-255,4320,55999,10,125549
29446,0.001496,172.31.36.0-255,66,56065,10,125549
29447,0.001503,216.58.221.0-255,5738,61803,10,125549
29448,0.001504,172.31.36.0-255,66,61869,10,125549
29449,0.001517,216.58.221.0-255,7156,69025,10,125549
29450,0.00152,172.31.36.0-255,66,69091,10,125549
29451,0.001526,216.58.221.0-255,2902,71993,10,125549
29452,0.001528,172.31.36.0-255,66,72059,10,125549
29453,0.001577,172.31.36.0-255,66,72125,10,125549
29454,0.001603,172.31.36.0-255,66,72191,10,125549
29455,0.001618,172.31.36.0-255,66,72257,10,125549
29456,0.003588,216.58.221.0-255,5738,77995,10,125549
29457,0.003595,172.31.36.0-255,66,78061,10,125549
29458,0.005568,216.58.221.0-255,2902,80963,10,125549
29459,0.005571,172.31.36.0-255,66,81029,10,125549
29460,0.005597,216.58.221.0-255,2902,83931,10,125549
29461,0.005599,172.31.36.0-255,66,83997,10,125549
29462,0.007548,216.58.221.0-255,2902,86899,10,125549
29463,0.007554,172.31.36.0-255,66,86965,10,125549
29464,0.007589,216.58.221.0-255,2902,89867,10,125549
29465,0.007592,172.31.36.0-255,66,89933,10,125549
29466,0.009529,216.58.221.0-255,2902,92835,10,125549
29467,0.009536,172.31.36.0-255,66,92901,10,125549
29468,0.009569,216.58.221.0-255,2902,95803,10,125549
29469,0.009572,172.31.36.0-255,66,95869,10,125549
29470,0.011515,216.58.221.0-255,2902,98771,10,125549
29471,0.011522,172.31.36.0-255,66,98837,10,125549
29472,0.011557,216.58.221.0-255,2902,101739,10,125549
29473,0.011559,172.31.36.0-255,66,101805,10,125549
29474,0.013507,216.58.221.0-255,2902,104707,10,125549
29475,0.013519,172.31.36.0-255,66,104773,10,125549
29476,0.01357,216.58.221.0-255,2902,107675,10,125549
29477,0.013574,172.31.36.0-255,66,107741,10,125549
29478,0.015496,216.58.221.0-255,2902,110643,10,125549
29479,0.015506,172.31.36.0-255,66,110709,10,125549
29480,0.015556,216.58.221.0-255,2902,113611,10,125549
29481,0.01556,172.31.36.0-255,66,113677,10,125549
29482,0.017485,216.58.221.0-255,2902,116579,10,125549
29483,0.017492,172.31.36.0-255,66,116645,10,125549
29484,0.017529,216.58.221.0-255,2902,119547,10,125549
29485,0.017533,172.31.36.0-255,66,119613,10,125549
29486,0.019483,216.58.221.0-255,2902,122515,10,125549
29487,0.019491,172.31.36.0-255,66,122581,10,125549
29488,0.019531,216.58.221.0-255,2902,125483,10,125549
29489,0.019535,172.31.36.0-255,66,125549,10,125549
29490,0.0,74.125.24.0-255,146,146,10,142414
29491,2.1e-05,172.31.36.0-255,66,212,10,142414
29492,2.9e-05,74.125.24.0-255,1484,1696,10,142414
29493,3.4e-05,172.31.36.0-255,66,1762,10,142414
29494,4e-05,74.125.24.0-255,2902,4664,10,142414
29495,4.4e-05,172.31.36.0-255,66,4730,10,142414
29496,6e-05,74.125.24.0-255,7156,11886,10,142414
29497,6.3e-05,172.31.36.0-255,66,11952,10,142414
29498,6.8e-05,74.125.24.0-255,2048,14000,10,142414
29499,7.2e-05,172.31.36.0-255,66,14066,10,142414
29500,8.6e-05,172.31.36.0-255,66,14132,10,142414
29501,0.000104,172.31.36.0-255,66,14198,10,142414
29502,0.000144,172.31.36.0-255,66,14264,10,142414
29503,0.000177,74.125.24.0-255,6438,20702,10,142414
29504,0.00018,172.31.36.0-255,66,20768,10,142414
29505,0.000186,74.125.24.0-255,3164,23932,10,142414
29506,0.000188,172.31.36.0-255,66,23998,10,142414
29507,0.000237,74.125.24.0-255,1484,25482,10,142414
29508,0.000239,172.31.36.0-255,66,25548,10,142414
29509,0.000245,74.125.24.0-255,2902,28450,10,142414
29510,0.000247,172.31.36.0-255,66,28516,10,142414
29511,0.000268,74.125.24.0-255,5738,34254,10,142414
29512,0.000271,172.31.36.0-255,66,34320,10,142414
29513,0.000277,74.125.24.0-255,4320,38640,10,142414
29514,0.000279,172.31.36.0-255,66,38706,10,142414
29515,0.000319,74.125.24.0-255,2902,41608,10,142414
29516,0.000322,172.31.36.0-255,66,41674,10,142414
29517,0.000357,172.31.36.0-255,66,41740,10,142414
29518,0.000406,172.31.36.0-255,66,41806,10,142414
29519,0.000646,74.125.24.0-255,1484,43290,10,142414
29520,0.000654,74.125.24.0-255,2902,46192,10,142414
29521,0.000679,74.125.24.0-255,5738,51930,10,142414
29522,0.000682,74.125.24.0-255,2902,54832,10,142414
29523,0.000685,172.31.36.0-255,66,54898,10,142414
29524,0.000693,172.31.36.0-255,66,54964,10,142414
29525,0.00076,172.31.36.0-255,66,55030,10,142414
29526,0.00082,172.31.36.0-255,66,55096,10,142414
29527,0.000835,74.125.24.0-255,4320,59416,10,142414
29528,0.000854,172.31.36.0-255,66,59482,10,142414
29529,0.00088,172.31.36.0-255,66,59548,10,142414
29530,0.001026,74.125.24.0-255,1484,61032,10,142414
29531,0.001031,74.125.24.0-255,2902,63934,10,142414
29532,0.001046,172.31.36.0-255,66,64000,10,142414
29533,0.001058,74.125.24.0-255,5738,69738,10,142414
29534,0.00107,74.125.24.0-255,7156,76894,10,142414
29535,0.001075,172.31.36.0-255,66,76960,10,142414
29536,0.001088,74.125.24.0-255,5738,82698,10,142414
29537,0.001131,172.31.36.0-255,66,82764,10,142414
29538,0.001476,74.125.24.0-255,1484,84248,10,142414
29539,0.001491,74.125.24.0-255,2902,87150,10,142414
29540,0.001504,172.31.36.0-255,66,87216,10,142414
29541,0.001515,74.125.24.0-255,5738,92954,10,142414
29542,0.001535,74.125.24.0-255,2902,95856,10,142414
29543,0.001564,172.31.36.0-255,66,95922,10,142414
29544,0.001629,172.31.36.0-255,66,95988,10,142414
29545,0.001724,74.125.24.0-255,1484,97472,10,142414
29546,0.001729,74.125.24.0-255,1484,98956,10,142414
29547,0.001736,172.31.36.0-255,66,99022,10,142414
29548,0.001768,74.125.24.0-255,1484,100506,10,142414
29549,0.001775,74.125.24.0-255,5738,106244,10,142414
29550,0.001846,172.31.36.0-255,66,106310,10,142414
29551,0.001904,74.125.24.0-255,2902,109212,10,142414
29552,0.001925,74.125.24.0-255,7156,116368,10,142414
29553,0.001944,74.125.24.0-255,7156,123524,10,142414
29554,0.00195,172.31.36.0-255,66,123590,10,142414
29555,0.001974,74.125.24.0-255,1484,125074,10,142414
29556,0.001987,172.31.36.0-255,66,125140,10,142414
29557,0.001999,74.125.24.0-255,7156,132296,10,142414
29558,0.002066,172.31.36.0-255,66,132362,10,142414
29559,0.002072,172.31.36.0-255,66,132428,10,142414
29560,0.002094,74.125.24.0-255,1484,133912,10,142414
29561,0.002102,74.125.24.0-255,7156,141068,10,142414
29562,0.002153,172.31.36.0-255,66,141134,10,142414
29563,0.002199,74.125.24.0-255,938,142072,10,142414
29564,0.002201,74.125.24.0-255,105,142177,10,142414
29565,0.002208,172.31.36.0-255,66,142243,10,142414
29566,0.017477,172.31.36.0-255,105,142348,10,142414
29567,0.019762,74.125.24.0-255,66,142414,10,142414
29568,0.0,172.217.194.0-255,297,297,10,106093
29569,3.4e-05,172.31.36.0-255,66,363,10,106093
29570,4e-05,172.217.194.0-255,1484,1847,10,106093
29571,4.4e-05,172.31.36.0-255,66,1913,10,106093
29572,5e-05,172.217.194.0-255,4320,6233,10,106093
29573,5.3e-05,172.31.36.0-255,66,6299,10,106093
29574,8.2e-05,172.217.194.0-255,7156,13455,10,106093
29575,8.7e-05,172.31.36.0-255,66,13521,10,106093
29576,0.000106,172.217.194.0-255,1883,15404,10,106093
29577,0.000108,172.31.36.0-255,66,15470,10,106093
29578,0.000119,172.31.36.0-255,66,15536,10,106093
29579,0.000125,172.217.194.0-255,3961,19497,10,106093
29580,0.000127,172.31.36.0-255,66,19563,10,106093
29581,0.00013,172.217.194.0-255,1484,21047,10,106093
29582,0.000132,172.31.36.0-255,66,21113,10,106093
29583,0.000153,172.217.194.0-255,2902,24015,10,106093
29584,0.000155,172.31.36.0-255,66,24081,10,106093
29585,0.000166,172.31.36.0-255,66,24147,10,106093
29586,0.000171,172.217.194.0-255,3961,28108,10,106093
29587,0.000173,172.31.36.0-255,66,28174,10,106093
29588,0.0002,172.217.194.0-255,4320,32494,10,106093
29589,0.000204,172.31.36.0-255,66,32560,10,106093
29590,0.000232,172.31.36.0-255,66,32626,10,106093
29591,0.000309,172.217.194.0-255,645,33271,10,106093
29592,0.000314,172.31.36.0-255,66,33337,10,106093
29593,0.000634,172.217.194.0-255,1484,34821,10,106093
29594,0.00064,172.31.36.0-255,66,34887,10,106093
29595,0.000645,172.217.194.0-255,2902,37789,10,106093
29596,0.000647,172.31.36.0-255,66,37855,10,106093
29597,0.000651,172.217.194.0-255,1484,39339,10,106093
29598,0.000675,172.217.194.0-255,4320,43659,10,106093
29599,0.000678,172.217.194.0-255,1484,45143,10,106093
29600,0.00068,172.31.36.0-255,66,45209,10,106093
29601,0.000711,172.31.36.0-255,66,45275,10,106093
29602,0.000726,172.217.194.0-255,2902,48177,10,106093
29603,0.000729,172.31.36.0-255,66,48243,10,106093
29604,0.000762,172.31.36.0-255,66,48309,10,106093
29605,0.001651,172.217.194.0-255,1484,49793,10,106093
29606,0.001661,172.217.194.0-255,2902,52695,10,106093
29607,0.001666,172.31.36.0-255,66,52761,10,106093
29608,0.001672,172.217.194.0-255,4320,57081,10,106093
29609,0.001675,172.31.36.0-255,66,57147,10,106093
29610,0.001692,172.217.194.0-255,1484,58631,10,106093
29611,0.001696,172.217.194.0-255,1484,60115,10,106093
29612,0.001698,172.31.36.0-255,66,60181,10,106093
29613,0.001731,172.31.36.0-255,66,60247,10,106093
29614,0.001742,172.31.36.0-255,66,60313,10,106093
29615,0.001745,172.217.194.0-255,766,61079,10,106093
29616,0.003863,172.217.194.0-255,4320,65399,10,106093
29617,0.003869,172.31.36.0-255,66,65465,10,106093
29618,0.006014,172.217.194.0-255,5738,71203,10,106093
29619,0.006021,172.31.36.0-255,66,71269,10,106093
29620,0.008167,172.217.194.0-255,5738,77007,10,106093
29621,0.008173,172.31.36.0-255,66,77073,10,106093
29622,0.010282,172.217.194.0-255,5738,82811,10,106093
29623,0.01029,172.31.36.0-255,66,82877,10,106093
29624,0.012435,172.217.194.0-255,5738,88615,10,106093
29625,0.012443,172.31.36.0-255,66,88681,10,106093
29626,0.014578,172.217.194.0-255,5738,94419,10,106093
29627,0.014586,172.31.36.0-255,66,94485,10,106093
29628,0.016706,172.217.194.0-255,5738,100223,10,106093
29629,0.016712,172.31.36.0-255,66,100289,10,106093
29630,0.018834,172.217.194.0-255,5738,106027,10,106093
29631,0.01884,172.31.36.0-255,66,106093,10,106093
29632,0.0,172.217.194.0-255,143,143,10,246614
29633,2.2e-05,172.31.36.0-255,66,209,10,246614
29634,3e-05,172.217.194.0-255,1484,1693,10,246614
29635,3.3e-05,172.31.36.0-255,66,1759,10,246614
29636,3.9e-05,172.217.194.0-255,2902,4661,10,246614
29637,4.2e-05,172.31.36.0-255,66,4727,10,246614
29638,5e-05,172.217.194.0-255,7156,11883,10,246614
29639,5.3e-05,172.31.36.0-255,66,11949,10,246614
29640,5.6e-05,172.217.194.0-255,1484,13433,10,246614
29641,5.8e-05,172.31.36.0-255,66,13499,10,246614
29642,9e-05,172.217.194.0-255,6337,19836,10,246614
29643,9.4e-05,172.31.36.0-255,66,19902,10,246614
29644,0.000115,172.217.194.0-255,4320,24222,10,246614
29645,0.000118,172.31.36.0-255,66,24288,10,246614
29646,0.000142,172.217.194.0-255,6797,31085,10,246614
29647,0.000145,172.31.36.0-255,66,31151,10,246614
29648,0.000373,172.217.194.0-255,1484,32635,10,246614
29649,0.000379,172.31.36.0-255,66,32701,10,246614
29650,0.000385,172.217.194.0-255,2902,35603,10,246614
29651,0.000388,172.31.36.0-255,66,35669,10,246614
29652,0.000394,172.217.194.0-255,5738,41407,10,246614
29653,0.000396,172.31.36.0-255,66,41473,10,246614
29654,0.000413,172.217.194.0-255,5738,47211,10,246614
29655,0.000416,172.31.36.0-255,66,47277,10,246614
29656,0.000436,172.217.194.0-255,1125,48402,10,246614
29657,0.000439,172.31.36.0-255,66,48468,10,246614
29658,0.000446,172.217.194.0-255,5738,54206,10,246614
29659,0.000448,172.31.36.0-255,66,54272,10,246614
29660,0.000468,172.217.194.0-255,1484,55756,10,246614
29661,0.00047,172.31.36.0-255,66,55822,10,246614
29662,0.000477,172.217.194.0-255,5738,61560,10,246614
29663,0.000479,172.31.36.0-255,66,61626,10,246614
29664,0.000517,172.217.194.0-255,4289,65915,10,246614
29665,0.00052,172.31.36.0-255,66,65981,10,246614
29666,0.000537,172.217.194.0-255,381,66362,10,246614
29667,0.000669,172.217.194.0-255,1484,67846,10,246614
29668,0.000673,172.31.36.0-255,66,67912,10,246614
29669,0.000679,172.217.194.0-255,2902,70814,10,246614
29670,0.000681,172.31.36.0-255,66,70880,10,246614
29671,0.000687,172.217.194.0-255,4320,75200,10,246614
29672,0.000689,172.31.36.0-255,66,75266,10,246614
29673,0.000706,172.217.194.0-255,1484,76750,10,246614
29674,0.000712,172.217.194.0-255,4320,81070,10,246614
29675,0.000714,172.31.36.0-255,66,81136,10,246614
29676,0.000732,172.217.194.0-255,2543,83679,10,246614
29677,0.000735,172.31.36.0-255,66,83745,10,246614
29678,0.000775,172.217.194.0-255,1484,85229,10,246614
29679,0.00078,172.217.194.0-255,2902,88131,10,246614
29680,0.000783,172.31.36.0-255,66,88197,10,246614
29681,0.000808,172.217.194.0-255,1484,89681,10,246614
29682,0.000822,172.217.194.0-255,4320,94001,10,246614
29683,0.000824,172.31.36.0-255,66,94067,10,246614
29684,0.000853,172.217.194.0-255,2902,96969,10,246614
29685,0.000855,172.31.36.0-255,66,97035,10,246614
29686,0.000877,172.217.194.0-255,3961,100996,10,246614
29687,0.00088,172.31.36.0-255,66,101062,10,246614
29688,0.001291,172.217.194.0-255,1484,102546,10,246614
29689,0.001297,172.217.194.0-255,2902,105448,10,246614
29690,0.001301,172.31.36.0-255,66,105514,10,246614
29691,0.001304,172.217.194.0-255,1484,106998,10,246614
29692,0.001322,172.217.194.0-255,4320,111318,10,246614
29693,0.001324,172.31.36.0-255,66,111384,10,246614
29694,0.001367,172.31.36.0-255,66,111450,10,246614
29695,0.00137,172.217.194.0-255,1484,112934,10,246614
29696,0.001403,172.217.194.0-255,7156,120090,10,246614
29697,0.001406,172.31.36.0-255,66,120156,10,246614
29698,0.001424,172.217.194.0-255,2184,122340,10,246614
29699,0.001426,172.31.36.0-255,66,122406,10,246614
29700,0.001432,172.217.194.0-255,4320,126726,10,246614
29701,0.001434,172.31.36.0-255,66,126792,10,246614
29702,0.00144,172.217.194.0-255,5738,132530,10,246614
29703,0.001442,172.31.36.0-255,66,132596,10,246614
29704,0.0015,172.31.36.0-255,66,132662,10,246614
29705,0.001507,172.217.194.0-255,5738,138400,10,246614
29706,0.001509,172.31.36.0-255,66,138466,10,246614
29707,0.001543,172.217.194.0-255,5738,144204,10,246614
29708,0.001548,172.31.36.0-255,66,144270,10,246614
29709,0.001555,172.217.194.0-255,766,145036,10,246614
29710,0.001589,172.217.194.0-255,1484,146520,10,246614
29711,0.001591,172.31.36.0-255,66,146586,10,246614
29712,0.001598,172.217.194.0-255,2902,149488,10,246614
29713,0.0016,172.31.36.0-255,66,149554,10,246614
29714,0.001603,172.217.194.0-255,1484,151038,10,246614
29715,0.001635,172.217.194.0-255,4320,155358,10,246614
29716,0.001639,172.31.36.0-255,66,155424,10,246614
29717,0.001642,172.217.194.0-255,1484,156908,10,246614
29718,0.001665,172.217.194.0-255,5738,162646,10,246614
29719,0.001667,172.31.36.0-255,66,162712,10,246614
29720,0.001688,172.217.194.0-255,5738,168450,10,246614
29721,0.00169,172.31.36.0-255,66,168516,10,246614
29722,0.001723,172.31.36.0-255,66,168582,10,246614
29723,0.001989,172.217.194.0-255,1484,170066,10,246614
29724,0.001995,172.217.194.0-255,2902,172968,10,246614
29725,0.001998,172.31.36.0-255,66,173034,10,246614
29726,0.002018,172.217.194.0-255,2902,175936,10,246614
29727,0.00202,172.31.36.0-255,66,176002,10,246614
29728,0.002035,172.217.194.0-255,2902,178904,10,246614
29729,0.002037,172.31.36.0-255,66,178970,10,246614
29730,0.002043,172.217.194.0-255,4320,183290,10,246614
29731,0.002046,172.31.36.0-255,66,183356,10,246614
29732,0.002079,172.217.194.0-255,7156,190512,10,246614
29733,0.002083,172.31.36.0-255,66,190578,10,246614
29734,0.002096,172.31.36.0-255,66,190644,10,246614
29735,0.002103,172.217.194.0-255,7156,197800,10,246614
29736,0.002106,172.31.36.0-255,66,197866,10,246614
29737,0.002113,172.217.194.0-255,7156,205022,10,246614
29738,0.002116,172.31.36.0-255,66,205088,10,246614
29739,0.002142,172.217.194.0-255,1484,206572,10,246614
29740,0.002159,172.31.36.0-255,66,206638,10,246614
29741,0.002163,172.217.194.0-255,766,207404,10,246614
29742,0.004498,172.217.194.0-255,4320,211724,10,246614
29743,0.004506,172.31.36.0-255,66,211790,10,246614
29744,0.006845,172.217.194.0-255,5738,217528,10,246614
29745,0.006852,172.31.36.0-255,66,217594,10,246614
29746,0.009158,172.217.194.0-255,5738,223332,10,246614
29747,0.009164,172.31.36.0-255,66,223398,10,246614
29748,0.011532,172.217.194.0-255,5738,229136,10,246614
29749,0.01154,172.31.36.0-255,66,229202,10,246614
29750,0.013877,172.217.194.0-255,5738,234940,10,246614
29751,0.013885,172.31.36.0-255,66,235006,10,246614
29752,0.01624,172.217.194.0-255,5738,240744,10,246614
29753,0.016247,172.31.36.0-255,66,240810,10,246614
29754,0.018573,172.217.194.0-255,5738,246548,10,246614
29755,0.018582,172.31.36.0-255,66,246614,10,246614
29756,0.0,74.125.24.0-255,152,152,10,227153
29757,2.7e-05,172.31.36.0-255,66,218,10,227153
29758,3.4e-05,74.125.24.0-255,1484,1702,10,227153
29759,3.7e-05,172.31.36.0-255,66,1768,10,227153
29760,4.2e-05,74.125.24.0-255,2902,4670,10,227153
29761,4.5e-05,172.31.36.0-255,66,4736,10,227153
29762,6e-05,74.125.24.0-255,7156,11892,10,227153
29763,6.2e-05,172.31.36.0-255,66,11958,10,227153
29764,8.7e-05,74.125.24.0-255,3422,15380,10,227153
29765,9e-05,172.31.36.0-255,66,15446,10,227153
29766,0.000119,74.125.24.0-255,4320,19766,10,227153
29767,0.000124,172.31.36.0-255,66,19832,10,227153
29768,0.000127,74.125.24.0-255,1484,21316,10,227153
29769,0.000129,172.31.36.0-255,66,21382,10,227153
29770,0.000162,172.31.36.0-255,66,21448,10,227153
29771,0.000164,74.125.24.0-255,1125,22573,10,227153
29772,0.000169,172.31.36.0-255,66,22639,10,227153
29773,0.000252,74.125.24.0-255,1484,24123,10,227153
29774,0.000257,172.31.36.0-255,66,24189,10,227153
29775,0.000262,74.125.24.0-255,1484,25673,10,227153
29776,0.000264,172.31.36.0-255,66,25739,10,227153
29777,0.000298,74.125.24.0-255,1484,27223,10,227153
29778,0.000303,172.31.36.0-255,66,27289,10,227153
29779,0.00031,74.125.24.0-255,5738,33027,10,227153
29780,0.000313,172.31.36.0-255,66,33093,10,227153
29781,0.000319,74.125.24.0-255,4320,37413,10,227153
29782,0.000321,172.31.36.0-255,66,37479,10,227153
29783,0.000354,74.125.24.0-255,7156,44635,10,227153
29784,0.000358,172.31.36.0-255,66,44701,10,227153
29785,0.000387,74.125.24.0-255,2543,47244,10,227153
29786,0.00039,172.31.36.0-255,66,47310,10,227153
29787,0.000393,74.125.24.0-255,1484,48794,10,227153
29788,0.000427,172.31.36.0-255,66,48860,10,227153
29789,0.00043,74.125.24.0-255,414,49274,10,227153
29790,0.000544,74.125.24.0-255,331,49605,10,227153
29791,0.000672,74.125.24.0-255,1484,51089,10,227153
29792,0.000676,172.31.36.0-255,66,51155,10,227153
29793,0.000681,74.125.24.0-255,2902,54057,10,227153
29794,0.000684,172.31.36.0-255,66,54123,10,227153
29795,0.000741,74.125.24.0-255,5738,59861,10,227153
29796,0.000744,172.31.36.0-255,66,59927,10,227153
29797,0.000756,172.31.36.0-255,66,59993,10,227153
29798,0.000789,74.125.24.0-255,4320,64313,10,227153
29799,0.000793,172.31.36.0-255,66,64379,10,227153
29800,0.000797,74.125.24.0-255,2902,67281,10,227153
29801,0.000799,172.31.36.0-255,66,67347,10,227153
29802,0.00084,172.31.36.0-255,66,67413,10,227153
29803,0.001046,74.125.24.0-255,1484,68897,10,227153
29804,0.001064,74.125.24.0-255,2902,71799,10,227153
29805,0.001068,172.31.36.0-255,66,71865,10,227153
29806,0.001071,74.125.24.0-255,1484,73349,10,227153
29807,0.0011,74.125.24.0-255,4320,77669,10,227153
29808,0.001106,74.125.24.0-255,5738,83407,10,227153
29809,0.001106,172.31.36.0-255,66,83473,10,227153
29810,0.00111,172.31.36.0-255,66,83539,10,227153
29811,0.001136,74.125.24.0-255,2902,86441,10,227153
29812,0.00114,172.31.36.0-255,66,86507,10,227153
29813,0.001157,172.31.36.0-255,66,86573,10,227153
29814,0.001163,74.125.24.0-255,5020,91593,10,227153
29815,0.001165,172.31.36.0-255,66,91659,10,227153
29816,0.001425,74.125.24.0-255,1484,93143,10,227153
29817,0.001431,74.125.24.0-255,2902,96045,10,227153
29818,0.001434,172.31.36.0-255,66,96111,10,227153
29819,0.001464,74.125.24.0-255,5738,101849,10,227153
29820,0.001467,172.31.36.0-255,66,101915,10,227153
29821,0.001475,74.125.24.0-255,7156,109071,10,227153
29822,0.001477,172.31.36.0-255,66,109137,10,227153
29823,0.00148,74.125.24.0-255,1484,110621,10,227153
29824,0.001518,172.31.36.0-255,66,110687,10,227153
29825,0.001523,74.125.24.0-255,2184,112871,10,227153
29826,0.001525,172.31.36.0-255,66,112937,10,227153
29827,0.001571,74.125.24.0-255,1484,114421,10,227153
29828,0.001576,74.125.24.0-255,2902,117323,10,227153
29829,0.001578,172.31.36.0-255,66,117389,10,227153
29830,0.001583,74.125.24.0-255,2902,120291,10,227153
29831,0.001587,172.31.36.0-255,66,120357,10,227153
29832,0.001606,74.125.24.0-255,2902,123259,10,227153
29833,0.001609,172.31.36.0-255,66,123325,10,227153
29834,0.001626,172.31.36.0-255,66,123391,10,227153
29835,0.001657,74.125.24.0-255,1484,124875,10,227153
29836,0.001672,172.31.36.0-255,66,124941,10,227153
29837,0.001842,74.125.24.0-255,1484,126425,10,227153
29838,0.001855,74.125.24.0-255,2902,129327,10,227153
29839,0.001858,172.31.36.0-255,66,129393,10,227153
29840,0.001893,74.125.24.0-255,5738,135131,10,227153
29841,0.001897,172.31.36.0-255,66,135197,10,227153
29842,0.00191,172.31.36.0-255,66,135263,10,227153
29843,0.001921,74.125.24.0-255,4320,139583,10,227153
29844,0.001923,172.31.36.0-255,66,139649,10,227153
29845,0.001955,74.125.24.0-255,6438,146087,10,227153
29846,0.001958,172.31.36.0-255,66,146153,10,227153
29847,0.001989,74.125.24.0-255,1484,147637,10,227153
29848,0.001993,74.125.24.0-255,2902,150539,10,227153
29849,0.001995,172.31.36.0-255,66,150605,10,227153
29850,0.002023,74.125.24.0-255,5738,156343,10,227153
29851,0.002026,172.31.36.0-255,66,156409,10,227153
29852,0.002038,74.125.24.0-255,5738,162147,10,227153
29853,0.00204,172.31.36.0-255,66,162213,10,227153
29854,0.002076,74.125.24.0-255,1484,163697,10,227153
29855,0.002091,172.31.36.0-255,66,163763,10,227153
29856,0.002096,74.125.24.0-255,2184,165947,10,227153
29857,0.002098,172.31.36.0-255,66,166013,10,227153
29858,0.002228,74.125.24.0-255,1484,167497,10,227153
29859,0.002245,74.125.24.0-255,2902,170399,10,227153
29860,0.002248,172.31.36.0-255,66,170465,10,227153
29861,0.002254,74.125.24.0-255,5738,176203,10,227153
29862,0.002256,172.31.36.0-255,66,176269,10,227153
29863,0.002268,74.125.24.0-255,4320,180589,10,227153
29864,0.00227,172.31.36.0-255,66,180655,10,227153
29865,0.002311,74.125.24.0-255,5738,186393,10,227153
29866,0.002314,172.31.36.0-255,66,186459,10,227153
29867,0.004574,74.125.24.0-255,5738,192197,10,227153
29868,0.004581,172.31.36.0-255,66,192263,10,227153
29869,0.006829,74.125.24.0-255,5738,198001,10,227153
29870,0.006835,172.31.36.0-255,66,198067,10,227153
29871,0.009114,74.125.24.0-255,5738,203805,10,227153
29872,0.00912,172.31.36.0-255,66,203871,10,227153
29873,0.011402,74.125.24.0-255,5738,209609,10,227153
29874,0.01141,172.31.36.0-255,66,209675,10,227153
29875,0.013687,74.125.24.0-255,5738,215413,10,227153
29876,0.013694,172.31.36.0-255,66,215479,10,227153
29877,0.015991,74.125.24.0-255,5738,221217,10,227153
29878,0.016,172.31.36.0-255,66,221283,10,227153
29879,0.018281,74.125.24.0-255,4320,225603,10,227153
29880,0.01829,172.31.36.0-255,66,225669,10,227153
29881,0.018323,74.125.24.0-255,1484,227153,10,227153
29882,0.0,74.125.24.0-255,156,156,10,232158
29883,1.8e-05,172.31.36.0-255,66,222,10,232158
29884,2.5e-05,74.125.24.0-255,1484,1706,10,232158
29885,2.9e-05,172.31.36.0-255,66,1772,10,232158
29886,3.5e-05,74.125.24.0-255,2902,4674,10,232158
29887,3.9e-05,172.31.36.0-255,66,4740,10,232158
29888,4.7e-05,74.125.24.0-255,7156,11896,10,232158
29889,5e-05,172.31.36.0-255,66,11962,10,232158
29890,5.7e-05,74.125.24.0-255,4980,16942,10,232158
29891,5.9e-05,172.31.36.0-255,66,17008,10,232158
29892,6.6e-05,74.125.24.0-255,5738,22746,10,232158
29893,7e-05,172.31.36.0-255,66,22812,10,232158
29894,9.7e-05,74.125.24.0-255,5738,28550,10,232158
29895,0.0001,172.31.36.0-255,66,28616,10,232158
29896,0.00012,74.125.24.0-255,2543,31159,10,232158
29897,0.000124,172.31.36.0-255,66,31225,10,232158
29898,0.000189,74.125.24.0-255,1484,32709,10,232158
29899,0.000191,172.31.36.0-255,66,32775,10,232158
29900,0.000212,74.125.24.0-255,2902,35677,10,232158
29901,0.000215,172.31.36.0-255,66,35743,10,232158
29902,0.000222,74.125.24.0-255,5738,41481,10,232158
29903,0.000224,172.31.36.0-255,66,41547,10,232158
29904,0.000229,74.125.24.0-255,2902,44449,10,232158
29905,0.000231,172.31.36.0-255,66,44515,10,232158
29906,0.000252,74.125.24.0-255,2902,47417,10,232158
29907,0.000255,172.31.36.0-255,66,47483,10,232158
29908,0.000284,172.31.36.0-255,66,47549,10,232158
29909,0.000295,172.31.36.0-255,66,47615,10,232158
29910,0.000346,74.125.24.0-255,1470,49085,10,232158
29911,0.000349,172.31.36.0-255,66,49151,10,232158
29912,0.000366,74.125.24.0-255,344,49495,10,232158
29913,0.000557,74.125.24.0-255,1484,50979,10,232158
29914,0.000563,74.125.24.0-255,2902,53881,10,232158
29915,0.000575,172.31.36.0-255,66,53947,10,232158
29916,0.000587,74.125.24.0-255,5738,59685,10,232158
29917,0.00059,74.125.24.0-255,1484,61169,10,232158
29918,0.000596,172.31.36.0-255,66,61235,10,232158
29919,0.000616,74.125.24.0-255,5738,66973,10,232158
29920,0.000622,74.125.24.0-255,5738,72711,10,232158
29921,0.000639,172.31.36.0-255,66,72777,10,232158
29922,0.000652,74.125.24.0-255,2184,74961,10,232158
29923,0.000664,172.31.36.0-255,66,75027,10,232158
29924,0.000736,74.125.24.0-255,1484,76511,10,232158
29925,0.000741,74.125.24.0-255,1484,77995,10,232158
29926,0.000759,74.125.24.0-255,1484,79479,10,232158
29927,0.000767,74.125.24.0-255,5738,85217,10,232158
29928,0.000769,74.125.24.0-255,1484,86701,10,232158
29929,0.000774,172.31.36.0-255,66,86767,10,232158
29930,0.000814,74.125.24.0-255,7156,93923,10,232158
29931,0.000829,172.31.36.0-255,66,93989,10,232158
29932,0.000841,74.125.24.0-255,3602,97591,10,232158
29933,0.000863,172.31.36.0-255,66,97657,10,232158
29934,0.00093,74.125.24.0-255,1484,99141,10,232158
29935,0.000935,74.125.24.0-255,2902,102043,10,232158
29936,0.00095,74.125.24.0-255,4320,106363,10,232158
29937,0.000958,172.31.36.0-255,66,106429,10,232158
29938,0.000967,74.125.24.0-255,1484,107913,10,232158
29939,0.001011,172.31.36.0-255,66,107979,10,232158
29940,0.001041,74.125.24.0-255,3602,111581,10,232158
29941,0.001047,74.125.24.0-255,4320,115901,10,232158
29942,0.001063,172.31.36.0-255,66,115967,10,232158
29943,0.001074,74.125.24.0-255,7156,123123,10,232158
29944,0.001079,172.31.36.0-255,66,123189,10,232158
29945,0.001089,74.125.24.0-255,2902,126091,10,232158
29946,0.001091,74.125.24.0-255,1484,127575,10,232158
29947,0.001118,74.125.24.0-255,7156,134731,10,232158
29948,0.001139,172.31.36.0-255,66,134797,10,232158
29949,0.001183,74.125.24.0-255,7156,141953,10,232158
29950,0.001189,172.31.36.0-255,66,142019,10,232158
29951,0.001201,74.125.24.0-255,5738,147757,10,232158
29952,0.001219,74.125.24.0-255,5020,152777,10,232158
29953,0.001236,74.125.24.0-255,1484,154261,10,232158
29954,0.001244,172.31.36.0-255,66,154327,10,232158
29955,0.001258,74.125.24.0-255,2902,157229,10,232158
29956,0.001264,74.125.24.0-255,4320,161549,10,232158
29957,0.001278,74.125.24.0-255,1484,163033,10,232158
29958,0.001283,74.125.24.0-255,2902,165935,10,232158
29959,0.001288,172.31.36.0-255,66,166001,10,232158
29960,0.001322,74.125.24.0-255,5738,171739,10,232158
29961,0.001348,74.125.24.0-255,5020,176759,10,232158
29962,0.001358,172.31.36.0-255,66,176825,10,232158
29963,0.001369,74.125.24.0-255,5738,182563,10,232158
29964,0.001374,172.31.36.0-255,66,182629,10,232158
29965,0.001458,74.125.24.0-255,2184,184813,10,232158
29966,0.001464,74.125.24.0-255,2902,187715,10,232158
29967,0.001471,74.125.24.0-255,7156,194871,10,232158
29968,0.001529,74.125.24.0-255,4320,199191,10,232158
29969,0.001555,74.125.24.0-255,5738,204929,10,232158
29970,0.001578,74.125.24.0-255,7156,212085,10,232158
29971,0.001581,74.125.24.0-255,1484,213569,10,232158
29972,0.001628,74.125.24.0-255,6438,220007,10,232158
29973,0.001656,74.125.24.0-255,1484,221491,10,232158
29974,0.001673,74.125.24.0-255,2902,224393,10,232158
29975,0.00169,74.125.24.0-255,4320,228713,10,232158
29976,0.001714,74.125.24.0-255,1484,230197,10,232158
29977,0.001806,74.125.24.0-255,1484,231681,10,232158
29978,0.001808,74.125.24.0-255,135,231816,10,232158
29979,0.001847,74.125.24.0-255,105,231921,10,232158
29980,0.005479,172.31.36.0-255,66,231987,10,232158
29981,0.008502,172.31.36.0-255,105,232092,10,232158
29982,0.010828,74.125.24.0-255,66,232158,10,232158
29983,0.0,172.217.194.0-255,226,226,10,88292
29984,3e-05,172.31.36.0-255,66,292,10,88292
29985,3.7e-05,172.217.194.0-255,1484,1776,10,88292
29986,4.1e-05,172.31.36.0-255,66,1842,10,88292
29987,7.5e-05,172.217.194.0-255,4320,6162,10,88292
29988,7.8e-05,172.31.36.0-255,66,6228,10,88292
29989,0.000232,172.217.194.0-255,4320,10548,10,88292
29990,0.000237,172.31.36.0-255,66,10614,10,88292
29991,0.000261,172.217.194.0-255,1484,12098,10,88292
29992,0.000264,172.31.36.0-255,66,12164,10,88292
29993,0.000483,172.31.36.0-255,66,12230,10,88292
29994,0.000516,172.217.194.0-255,3520,15750,10,88292
29995,0.000521,172.31.36.0-255,66,15816,10,88292
29996,0.000977,172.217.194.0-255,6797,22613,10,88292
29997,0.000984,172.31.36.0-255,66,22679,10,88292
29998,0.002035,172.217.194.0-255,5623,28302,10,88292
29999,0.002041,172.31.36.0-255,66,28368,10,88292
30000,0.002139,172.31.36.0-255,66,28434,10,88292
30001,0.002494,172.217.194.0-255,4273,32707,10,88292
30002,0.002498,172.31.36.0-255,66,32773,10,88292
30003,0.002675,172.31.36.0-255,66,32839,10,88292
30004,0.002996,172.217.194.0-255,1531,34370,10,88292
30005,0.003,172.31.36.0-255,66,34436,10,88292
30006,0.003051,172.217.194.0-255,5326,39762,10,88292
30007,0.003054,172.31.36.0-255,66,39828,10,88292
30008,0.003297,172.31.36.0-255,66,39894,10,88292
30009,0.003326,172.217.194.0-255,5738,45632,10,88292
30010,0.003329,172.31.36.0-255,66,45698,10,88292
30011,0.003894,172.217.194.0-255,1484,47182,10,88292
30012,0.003899,172.31.36.0-255,66,47248,10,88292
30013,0.003941,172.217.194.0-255,2902,50150,10,88292
30014,0.003944,172.31.36.0-255,66,50216,10,88292
30015,0.003983,172.31.36.0-255,66,50282,10,88292
30016,0.004388,172.217.194.0-255,7156,57438,10,88292
30017,0.004392,172.31.36.0-255,66,57504,10,88292
30018,0.004454,172.31.36.0-255,66,57570,10,88292
30019,0.004952,172.31.36.0-255,66,57636,10,88292
30020,0.004986,172.217.194.0-255,4320,61956,10,88292
30021,0.004991,172.31.36.0-255,66,62022,10,88292
30022,0.005402,172.31.36.0-255,66,62088,10,88292
30023,0.005447,172.31.36.0-255,66,62154,10,88292
30024,0.00588,172.31.36.0-255,66,62220,10,88292
30025,0.005911,172.217.194.0-255,3050,65270,10,88292
30026,0.005914,172.31.36.0-255,66,65336,10,88292
30027,0.00696,172.217.194.0-255,5738,71074,10,88292
30028,0.006967,172.31.36.0-255,66,71140,10,88292
30029,0.007042,172.31.36.0-255,66,71206,10,88292
30030,0.007125,172.31.36.0-255,66,71272,10,88292
30031,0.007218,172.31.36.0-255,66,71338,10,88292
30032,0.007546,172.217.194.0-255,4394,75732,10,88292
30033,0.007552,172.31.36.0-255,66,75798,10,88292
30034,0.007584,172.217.194.0-255,7156,82954,10,88292
30035,0.007588,172.31.36.0-255,66,83020,10,88292
30036,0.007644,172.31.36.0-255,66,83086,10,88292
30037,0.00768,172.31.36.0-255,66,83152,10,88292
30038,0.008046,172.31.36.0-255,66,83218,10,88292
30039,0.00811,172.31.36.0-255,66,83284,10,88292
30040,0.008378,172.31.36.0-255,66,83350,10,88292
30041,0.008413,172.217.194.0-255,4705,88055,10,88292
30042,0.008426,172.31.36.0-255,66,88121,10,88292
30043,0.009499,172.31.36.0-255,105,88226,10,88292
30044,0.01144,172.217.194.0-255,66,88292,10,88292
30045,0.0,74.125.24.0-255,155,155,10,219184
30046,1.5e-05,172.31.36.0-255,66,221,10,219184
30047,2.2e-05,74.125.24.0-255,1484,1705,10,219184
30048,2.7e-05,172.31.36.0-255,66,1771,10,219184
30049,3.2e-05,74.125.24.0-255,2902,4673,10,219184
30050,3.5e-05,172.31.36.0-255,66,4739,10,219184
30051,4.3e-05,74.125.24.0-255,7156,11895,10,219184
30052,4.6e-05,172.31.36.0-255,66,11961,10,219184
30053,6.7e-05,74.125.24.0-255,2086,14047,10,219184
30054,6.9e-05,172.31.36.0-255,66,14113,10,219184
30055,0.000115,74.125.24.0-255,1484,15597,10,219184
30056,0.000117,172.31.36.0-255,66,15663,10,219184
30057,0.000133,74.125.24.0-255,2902,18565,10,219184
30058,0.000135,172.31.36.0-255,66,18631,10,219184
30059,0.000142,74.125.24.0-255,5738,24369,10,219184
30060,0.000144,172.31.36.0-255,66,24435,10,219184
30061,0.000188,74.125.24.0-255,6797,31232,10,219184
30062,0.000192,172.31.36.0-255,66,31298,10,219184
30063,0.000282,74.125.24.0-255,1484,32782,10,219184
30064,0.000287,172.31.36.0-255,66,32848,10,219184
30065,0.000302,74.125.24.0-255,2902,35750,10,219184
30066,0.000304,172.31.36.0-255,66,35816,10,219184
30067,0.000311,74.125.24.0-255,5738,41554,10,219184
30068,0.000314,172.31.36.0-255,66,41620,10,219184
30069,0.000337,74.125.24.0-255,5738,47358,10,219184
30070,0.00034,172.31.36.0-255,66,47424,10,219184
30071,0.000362,172.31.36.0-255,66,47490,10,219184
30072,0.000387,74.125.24.0-255,3961,51451,10,219184
30073,0.00039,172.31.36.0-255,66,51517,10,219184
30074,0.000395,74.125.24.0-255,3961,55478,10,219184
30075,0.000398,172.31.36.0-255,66,55544,10,219184
30076,0.0004,74.125.24.0-255,362,55906,10,219184
30077,0.000501,74.125.24.0-255,130,56036,10,219184
30078,0.000567,74.125.24.0-255,348,56384,10,219184
30079,0.000944,74.125.24.0-255,1484,57868,10,219184
30080,0.000949,172.31.36.0-255,66,57934,10,219184
30081,0.000969,74.125.24.0-255,2902,60836,10,219184
30082,0.000972,172.31.36.0-255,66,60902,10,219184
30083,0.000976,74.125.24.0-255,2902,63804,10,219184
30084,0.000978,172.31.36.0-255,66,63870,10,219184
30085,0.000995,74.125.24.0-255,2902,66772,10,219184
30086,0.000998,172.31.36.0-255,66,66838,10,219184
30087,0.001008,172.31.36.0-255,66,66904,10,219184
30088,0.001032,74.125.24.0-255,4320,71224,10,219184
30089,0.001034,172.31.36.0-255,66,71290,10,219184
30090,0.001042,74.125.24.0-255,7156,78446,10,219184
30091,0.001044,172.31.36.0-255,66,78512,10,219184
30092,0.001074,74.125.24.0-255,3602,82114,10,219184
30093,0.001076,172.31.36.0-255,66,82180,10,219184
30094,0.001119,74.125.24.0-255,1484,83664,10,219184
30095,0.001142,74.125.24.0-255,2902,86566,10,219184
30096,0.001145,172.31.36.0-255,66,86632,10,219184
30097,0.001152,74.125.24.0-255,5738,92370,10,219184
30098,0.001154,172.31.36.0-255,66,92436,10,219184
30099,0.00118,74.125.24.0-255,4320,96756,10,219184
30100,0.001184,172.31.36.0-255,66,96822,10,219184
30101,0.001195,172.31.36.0-255,66,96888,10,219184
30102,0.001208,74.125.24.0-255,2902,99790,10,219184
30103,0.00121,172.31.36.0-255,66,99856,10,219184
30104,0.001215,74.125.24.0-255,2902,102758,10,219184
30105,0.001218,172.31.36.0-255,66,102824,10,219184
30106,0.001241,74.125.24.0-255,5020,107844,10,219184
30107,0.001244,172.31.36.0-255,66,107910,10,219184
30108,0.001261,74.125.24.0-255,1484,109394,10,219184
30109,0.001274,74.125.24.0-255,2902,112296,10,219184
30110,0.001278,172.31.36.0-255,66,112362,10,219184
30111,0.001295,74.125.24.0-255,5738,118100,10,219184
30112,0.001297,172.31.36.0-255,66,118166,10,219184
30113,0.001331,172.31.36.0-255,66,118232,10,219184
30114,0.001376,74.125.24.0-255,1484,119716,10,219184
30115,0.00141,172.31.36.0-255,66,119782,10,219184
30116,0.001488,74.125.24.0-255,1484,121266,10,219184
30117,0.001506,74.125.24.0-255,2902,124168,10,219184
30118,0.00151,172.31.36.0-255,66,124234,10,219184
30119,0.001513,74.125.24.0-255,1484,125718,10,219184
30120,0.001534,74.125.24.0-255,2902,128620,10,219184
30121,0.001537,172.31.36.0-255,66,128686,10,219184
30122,0.001543,74.125.24.0-255,5738,134424,10,219184
30123,0.001546,172.31.36.0-255,66,134490,10,219184
30124,0.00155,74.125.24.0-255,2902,137392,10,219184
30125,0.001553,172.31.36.0-255,66,137458,10,219184
30126,0.001595,172.31.36.0-255,66,137524,10,219184
30127,0.001605,172.31.36.0-255,66,137590,10,219184
30128,0.001639,74.125.24.0-255,1484,139074,10,219184
30129,0.001698,172.31.36.0-255,66,139140,10,219184
30130,0.001702,172.31.36.0-255,66,139206,10,219184
30131,0.00193,74.125.24.0-255,1484,140690,10,219184
30132,0.001937,74.125.24.0-255,2902,143592,10,219184
30133,0.001941,172.31.36.0-255,66,143658,10,219184
30134,0.001948,74.125.24.0-255,5738,149396,10,219184
30135,0.00195,172.31.36.0-255,66,149462,10,219184
30136,0.001996,172.31.36.0-255,66,149528,10,219184
30137,0.00201,172.31.36.0-255,66,149594,10,219184
30138,0.002048,172.31.36.0-255,66,149660,10,219184
30139,0.002056,74.125.24.0-255,7156,156816,10,219184
30140,0.002059,172.31.36.0-255,66,156882,10,219184
30141,0.002076,74.125.24.0-255,4320,161202,10,219184
30142,0.002079,172.31.36.0-255,66,161268,10,219184
30143,0.002108,172.31.36.0-255,66,161334,10,219184
30144,0.00214,172.31.36.0-255,66,161400,10,219184
30145,0.002165,74.125.24.0-255,4320,165720,10,219184
30146,0.002168,172.31.36.0-255,66,165786,10,219184
30147,0.002179,172.31.36.0-255,66,165852,10,219184
30148,0.002206,172.31.36.0-255,66,165918,10,219184
30149,0.002218,74.125.24.0-255,2184,168102,10,219184
30150,0.002221,172.31.36.0-255,66,168168,10,219184
30151,0.002516,74.125.24.0-255,1484,169652,10,219184
30152,0.002521,74.125.24.0-255,1484,171136,10,219184
30153,0.002525,172.31.36.0-255,66,171202,10,219184
30154,0.002544,74.125.24.0-255,1484,172686,10,219184
30155,0.00255,74.125.24.0-255,5738,178424,10,219184
30156,0.002553,172.31.36.0-255,66,178490,10,219184
30157,0.002557,74.125.24.0-255,1484,179974,10,219184
30158,0.002562,74.125.24.0-255,4320,184294,10,219184
30159,0.002564,172.31.36.0-255,66,184360,10,219184
30160,0.00507,74.125.24.0-255,5738,190098,10,219184
30161,0.005077,172.31.36.0-255,66,190164,10,219184
30162,0.007595,74.125.24.0-255,5738,195902,10,219184
30163,0.007603,172.31.36.0-255,66,195968,10,219184
30164,0.010084,74.125.24.0-255,5738,201706,10,219184
30165,0.010092,172.31.36.0-255,66,201772,10,219184
30166,0.012586,74.125.24.0-255,5738,207510,10,219184
30167,0.012594,172.31.36.0-255,66,207576,10,219184
30168,0.015128,74.125.24.0-255,5738,213314,10,219184
30169,0.015139,172.31.36.0-255,66,213380,10,219184
30170,0.017691,74.125.24.0-255,5738,219118,10,219184
30171,0.017699,172.31.36.0-255,66,219184,10,219184
30172,0.0,74.125.24.0-255,145,145,10,302736
30173,3.5e-05,172.31.36.0-255,66,211,10,302736
30174,4.4e-05,74.125.24.0-255,1484,1695,10,302736
30175,4.9e-05,172.31.36.0-255,66,1761,10,302736
30176,6.1e-05,74.125.24.0-255,2902,4663,10,302736
30177,6.5e-05,172.31.36.0-255,66,4729,10,302736
30178,7.2e-05,74.125.24.0-255,4320,9049,10,302736
30179,7.5e-05,172.31.36.0-255,66,9115,10,302736
30180,9.9e-05,74.125.24.0-255,2902,12017,10,302736
30181,0.000102,172.31.36.0-255,66,12083,10,302736
30182,0.000129,74.125.24.0-255,2049,14132,10,302736
30183,0.000132,172.31.36.0-255,66,14198,10,302736
30184,0.000139,74.125.24.0-255,5738,19936,10,302736
30185,0.000142,172.31.36.0-255,66,20002,10,302736
30186,0.000145,74.125.24.0-255,1484,21486,10,302736
30187,0.000147,172.31.36.0-255,66,21552,10,302736
30188,0.00018,74.125.24.0-255,5738,27290,10,302736
30189,0.000184,172.31.36.0-255,66,27356,10,302736
30190,0.000214,74.125.24.0-255,3961,31317,10,302736
30191,0.000217,172.31.36.0-255,66,31383,10,302736
30192,0.000362,74.125.24.0-255,1484,32867,10,302736
30193,0.000367,172.31.36.0-255,66,32933,10,302736
30194,0.000388,74.125.24.0-255,2902,35835,10,302736
30195,0.000391,172.31.36.0-255,66,35901,10,302736
30196,0.00042,74.125.24.0-255,5738,41639,10,302736
30197,0.000424,172.31.36.0-255,66,41705,10,302736
30198,0.000452,74.125.24.0-255,6797,48502,10,302736
30199,0.000456,172.31.36.0-255,66,48568,10,302736
30200,0.000552,74.125.24.0-255,1484,50052,10,302736
30201,0.000556,172.31.36.0-255,66,50118,10,302736
30202,0.000562,74.125.24.0-255,2902,53020,10,302736
30203,0.000565,172.31.36.0-255,66,53086,10,302736
30204,0.000569,74.125.24.0-255,2902,55988,10,302736
30205,0.000572,172.31.36.0-255,66,56054,10,302736
30206,0.000605,74.125.24.0-255,2902,58956,10,302736
30207,0.000609,74.125.24.0-255,2902,61858,10,302736
30208,0.00061,172.31.36.0-255,66,61924,10,302736
30209,0.000615,172.31.36.0-255,66,61990,10,302736
30210,0.000633,74.125.24.0-255,4293,66283,10,302736
30211,0.000636,172.31.36.0-255,66,66349,10,302736
30212,0.000668,74.125.24.0-255,108,66457,10,302736
30213,0.000672,172.31.36.0-255,66,66523,10,302736
30214,0.000713,74.125.24.0-255,333,66856,10,302736
30215,0.000717,172.31.36.0-255,66,66922,10,302736
30216,0.001016,74.125.24.0-255,1484,68406,10,302736
30217,0.001022,172.31.36.0-255,66,68472,10,302736
30218,0.001031,74.125.24.0-255,2902,71374,10,302736
30219,0.00104,172.31.36.0-255,66,71440,10,302736
30220,0.001047,74.125.24.0-255,5738,77178,10,302736
30221,0.001049,172.31.36.0-255,66,77244,10,302736
30222,0.001052,74.125.24.0-255,1484,78728,10,302736
30223,0.001055,172.31.36.0-255,66,78794,10,302736
30224,0.001089,74.125.24.0-255,2902,81696,10,302736
30225,0.001093,172.31.36.0-255,66,81762,10,302736
30226,0.001106,172.31.36.0-255,66,81828,10,302736
30227,0.001123,172.31.36.0-255,66,81894,10,302736
30228,0.002211,74.125.24.0-255,1484,83378,10,302736
30229,0.002217,172.31.36.0-255,66,83444,10,302736
30230,0.002224,74.125.24.0-255,2902,86346,10,302736
30231,0.002226,172.31.36.0-255,66,86412,10,302736
30232,0.00223,74.125.24.0-255,1484,87896,10,302736
30233,0.002232,172.31.36.0-255,66,87962,10,302736
30234,0.00226,74.125.24.0-255,4320,92282,10,302736
30235,0.002262,172.31.36.0-255,66,92348,10,302736
30236,0.002268,74.125.24.0-255,5738,98086,10,302736
30237,0.00227,172.31.36.0-255,66,98152,10,302736
30238,0.0023,172.31.36.0-255,66,98218,10,302736
30239,0.002375,74.125.24.0-255,6438,104656,10,302736
30240,0.002378,172.31.36.0-255,66,104722,10,302736
30241,0.003568,74.125.24.0-255,1484,106206,10,302736
30242,0.003571,172.31.36.0-255,66,106272,10,302736
30243,0.003576,74.125.24.0-255,2902,109174,10,302736
30244,0.003578,172.31.36.0-255,66,109240,10,302736
30245,0.003607,74.125.24.0-255,4320,113560,10,302736
30246,0.00361,172.31.36.0-255,66,113626,10,302736
30247,0.003616,74.125.24.0-255,5738,119364,10,302736
30248,0.003647,74.125.24.0-255,2902,122266,10,302736
30249,0.003652,74.125.24.0-255,4320,126586,10,302736
30250,0.003685,74.125.24.0-255,3602,130188,10,302736
30251,0.003922,74.125.24.0-255,1484,131672,10,302736
30252,0.003943,74.125.24.0-255,2902,134574,10,302736
30253,0.003947,74.125.24.0-255,2902,137476,10,302736
30254,0.003965,74.125.24.0-255,5738,143214,10,302736
30255,0.003979,74.125.24.0-255,1484,144698,10,302736
30256,0.004001,74.125.24.0-255,1484,146182,10,302736
30257,0.004043,74.125.24.0-255,4320,150502,10,302736
30258,0.004048,74.125.24.0-255,3602,154104,10,302736
30259,0.00436,74.125.24.0-255,1484,155588,10,302736
30260,0.004368,74.125.24.0-255,2902,158490,10,302736
30261,0.004382,74.125.24.0-255,2902,161392,10,302736
30262,0.004394,74.125.24.0-255,2902,164294,10,302736
30263,0.004421,74.125.24.0-255,7156,171450,10,302736
30264,0.004424,74.125.24.0-255,1484,172934,10,302736
30265,0.00447,74.125.24.0-255,2902,175836,10,302736
30266,0.00449,74.125.24.0-255,7156,182992,10,302736
30267,0.004503,74.125.24.0-255,5020,188012,10,302736
30268,0.004583,74.125.24.0-255,1484,189496,10,302736
30269,0.004604,74.125.24.0-255,2902,192398,10,302736
30270,0.004618,74.125.24.0-255,4320,196718,10,302736
30271,0.004632,74.125.24.0-255,1484,198202,10,302736
30272,0.004644,74.125.24.0-255,1484,199686,10,302736
30273,0.004689,74.125.24.0-255,2902,202588,10,302736
30274,0.004714,74.125.24.0-255,1484,204072,10,302736
30275,0.004726,74.125.24.0-255,1484,205556,10,302736
30276,0.004748,74.125.24.0-255,4320,209876,10,302736
30277,0.004764,74.125.24.0-255,1484,211360,10,302736
30278,0.004777,74.125.24.0-255,2184,213544,10,302736
30279,0.004866,74.125.24.0-255,1484,215028,10,302736
30280,0.004871,74.125.24.0-255,2902,217930,10,302736
30281,0.004877,74.125.24.0-255,5738,223668,10,302736
30282,0.004895,74.125.24.0-255,5738,229406,10,302736
30283,0.004961,74.125.24.0-255,5020,234426,10,302736
30284,0.004968,74.125.24.0-255,5738,240164,10,302736
30285,0.004997,74.125.24.0-255,2902,243066,10,302736
30286,0.005018,74.125.24.0-255,4320,247386,10,302736
30287,0.005021,74.125.24.0-255,1484,248870,10,302736
30288,0.005041,74.125.24.0-255,6438,255308,10,302736
30289,0.005069,74.125.24.0-255,2902,258210,10,302736
30290,0.005084,74.125.24.0-255,4320,262530,10,302736
30291,0.00509,74.125.24.0-255,5738,268268,10,302736
30292,0.005108,74.125.24.0-255,2902,271170,10,302736
30293,0.005136,74.125.24.0-255,5738,276908,10,302736
30294,0.005152,74.125.24.0-255,766,277674,10,302736
30295,0.005215,172.31.36.0-255,66,277740,10,302736
30296,0.00527,74.125.24.0-255,1484,279224,10,302736
30297,0.005284,74.125.24.0-255,2902,282126,10,302736
30298,0.005287,74.125.24.0-255,1484,283610,10,302736
30299,0.005291,172.31.36.0-255,66,283676,10,302736
30300,0.005322,74.125.24.0-255,4320,287996,10,302736
30301,0.005334,172.31.36.0-255,66,288062,10,302736
30302,0.005339,172.31.36.0-255,66,288128,10,302736
30303,0.005345,74.125.24.0-255,1484,289612,10,302736
30304,0.005352,74.125.24.0-255,1484,291096,10,302736
30305,0.005366,172.31.36.0-255,66,291162,10,302736
30306,0.005385,172.31.36.0-255,66,291228,10,302736
30307,0.005493,74.125.24.0-255,1484,292712,10,302736
30308,0.005498,74.125.24.0-255,2902,295614,10,302736
30309,0.005507,172.31.36.0-255,66,295680,10,302736
30310,0.005517,74.125.24.0-255,5738,301418,10,302736
30311,0.005522,172.31.36.0-255,66,301484,10,302736
30312,0.005553,74.125.24.0-255,910,302394,10,302736
30313,0.005587,74.125.24.0-255,105,302499,10,302736
30314,0.008093,172.31.36.0-255,66,302565,10,302736
30315,0.008121,172.31.36.0-255,105,302670,10,302736
30316,0.010159,74.125.24.0-255,66,302736,10,302736
30317,0.0,74.125.24.0-255,144,144,10,198073
30318,2.2e-05,172.31.36.0-255,66,210,10,198073
30319,2.9e-05,74.125.24.0-255,1484,1694,10,198073
30320,3.3e-05,172.31.36.0-255,66,1760,10,198073
30321,3.9e-05,74.125.24.0-255,2902,4662,10,198073
30322,4.3e-05,172.31.36.0-255,66,4728,10,198073
30323,4.9e-05,74.125.24.0-255,4320,9048,10,198073
30324,5.2e-05,172.31.36.0-255,66,9114,10,198073
30325,7.6e-05,74.125.24.0-255,2902,12016,10,198073
30326,7.8e-05,172.31.36.0-255,66,12082,10,198073
30327,0.000104,172.31.36.0-255,66,12148,10,198073
30328,0.000115,172.31.36.0-255,66,12214,10,198073
30329,0.000147,74.125.24.0-255,2543,14757,10,198073
30330,0.00015,172.31.36.0-255,66,14823,10,198073
30331,0.000251,74.125.24.0-255,1484,16307,10,198073
30332,0.000255,172.31.36.0-255,66,16373,10,198073
30333,0.000261,74.125.24.0-255,2902,19275,10,198073
30334,0.000264,172.31.36.0-255,66,19341,10,198073
30335,0.000288,74.125.24.0-255,5738,25079,10,198073
30336,0.000291,172.31.36.0-255,66,25145,10,198073
30337,0.000294,74.125.24.0-255,1484,26629,10,198073
30338,0.000296,172.31.36.0-255,66,26695,10,198073
30339,0.000317,74.125.24.0-255,4320,31015,10,198073
30340,0.00032,172.31.36.0-255,66,31081,10,198073
30341,0.000342,74.125.24.0-255,2902,33983,10,198073
30342,0.000345,172.31.36.0-255,66,34049,10,198073
30343,0.000376,172.31.36.0-255,66,34115,10,198073
30344,0.000382,74.125.24.0-255,4234,38349,10,198073
30345,0.000384,172.31.36.0-255,66,38415,10,198073
30346,0.000418,74.125.24.0-255,126,38541,10,198073
30347,0.00058,74.125.24.0-255,1484,40025,10,198073
30348,0.000585,172.31.36.0-255,66,40091,10,198073
30349,0.000591,74.125.24.0-255,2902,42993,10,198073
30350,0.000595,172.31.36.0-255,66,43059,10,198073
30351,0.000601,74.125.24.0-255,5738,48797,10,198073
30352,0.000604,172.31.36.0-255,66,48863,10,198073
30353,0.000609,74.125.24.0-255,4320,53183,10,198073
30354,0.000612,172.31.36.0-255,66,53249,10,198073
30355,0.00065,172.31.36.0-255,66,53315,10,198073
30356,0.00067,74.125.24.0-255,1125,54440,10,198073
30357,0.000677,74.125.24.0-255,6797,61237,10,198073
30358,0.00068,172.31.36.0-255,66,61303,10,198073
30359,0.000876,74.125.24.0-255,1484,62787,10,198073
30360,0.000883,74.125.24.0-255,2902,65689,10,198073
30361,0.000886,172.31.36.0-255,66,65755,10,198073
30362,0.00089,74.125.24.0-255,1484,67239,10,198073
30363,0.000911,74.125.24.0-255,4320,71559,10,198073
30364,0.000914,172.31.36.0-255,66,71625,10,198073
30365,0.000919,74.125.24.0-255,4320,75945,10,198073
30366,0.000922,172.31.36.0-255,66,76011,10,198073
30367,0.000926,74.125.24.0-255,2902,78913,10,198073
30368,0.000928,172.31.36.0-255,66,78979,10,198073
30369,0.00096,172.31.36.0-255,66,79045,10,198073
30370,0.000971,172.31.36.0-255,66,79111,10,198073
30371,0.001009,74.125.24.0-255,1484,80595,10,198073
30372,0.001029,74.125.24.0-255,2902,83497,10,198073
30373,0.001032,172.31.36.0-255,66,83563,10,198073
30374,0.001037,74.125.24.0-255,4320,87883,10,198073
30375,0.00104,172.31.36.0-255,66,87949,10,198073
30376,0.001052,74.125.24.0-255,1484,89433,10,198073
30377,0.001061,74.125.24.0-255,1484,90917,10,198073
30378,0.001065,172.31.36.0-255,66,90983,10,198073
30379,0.001086,172.31.36.0-255,66,91049,10,198073
30380,0.001098,172.31.36.0-255,66,91115,10,198073
30381,0.001115,74.125.24.0-255,2184,93299,10,198073
30382,0.001118,172.31.36.0-255,66,93365,10,198073
30383,0.001245,74.125.24.0-255,1484,94849,10,198073
30384,0.001259,74.125.24.0-255,2902,97751,10,198073
30385,0.001262,172.31.36.0-255,66,97817,10,198073
30386,0.001303,74.125.24.0-255,2902,100719,10,198073
30387,0.001305,172.31.36.0-255,66,100785,10,198073
30388,0.001337,74.125.24.0-255,2902,103687,10,198073
30389,0.00134,172.31.36.0-255,66,103753,10,198073
30390,0.001353,172.31.36.0-255,66,103819,10,198073
30391,0.001365,172.31.36.0-255,66,103885,10,198073
30392,0.001453,74.125.24.0-255,1484,105369,10,198073
30393,0.001459,74.125.24.0-255,2902,108271,10,198073
30394,0.001461,172.31.36.0-255,66,108337,10,198073
30395,0.001468,74.125.24.0-255,5738,114075,10,198073
30396,0.00147,172.31.36.0-255,66,114141,10,198073
30397,0.001473,74.125.24.0-255,1484,115625,10,198073
30398,0.001505,172.31.36.0-255,66,115691,10,198073
30399,0.001537,74.125.24.0-255,7156,122847,10,198073
30400,0.00154,172.31.36.0-255,66,122913,10,198073
30401,0.001572,172.31.36.0-255,66,122979,10,198073
30402,0.001582,172.31.36.0-255,66,123045,10,198073
30403,0.001603,74.125.24.0-255,5738,128783,10,198073
30404,0.001606,172.31.36.0-255,66,128849,10,198073
30405,0.001632,74.125.24.0-255,4320,133169,10,198073
30406,0.001635,172.31.36.0-255,66,133235,10,198073
30407,0.001648,172.31.36.0-255,66,133301,10,198073
30408,0.001651,74.125.24.0-255,1484,134785,10,198073
30409,0.001655,74.125.24.0-255,2902,137687,10,198073
30410,0.001657,172.31.36.0-255,66,137753,10,198073
30411,0.001663,74.125.24.0-255,2902,140655,10,198073
30412,0.001666,172.31.36.0-255,66,140721,10,198073
30413,0.001686,74.125.24.0-255,2902,143623,10,198073
30414,0.001689,172.31.36.0-255,66,143689,10,198073
30415,0.001694,74.125.24.0-255,4320,148009,10,198073
30416,0.001696,172.31.36.0-255,66,148075,10,198073
30417,0.001702,74.125.24.0-255,5738,153813,10,198073
30418,0.001704,172.31.36.0-255,66,153879,10,198073
30419,0.001733,74.125.24.0-255,5738,159617,10,198073
30420,0.001736,172.31.36.0-255,66,159683,10,198073
30421,0.001746,172.31.36.0-255,66,159749,10,198073
30422,0.001787,74.125.24.0-255,4320,164069,10,198073
30423,0.00179,172.31.36.0-255,66,164135,10,198073
30424,0.001812,74.125.24.0-255,4320,168455,10,198073
30425,0.001815,172.31.36.0-255,66,168521,10,198073
30426,0.001827,172.31.36.0-255,66,168587,10,198073
30427,0.001845,74.125.24.0-255,2902,171489,10,198073
30428,0.001847,172.31.36.0-255,66,171555,10,198073
30429,0.001882,172.31.36.0-255,66,171621,10,198073
30430,0.001901,74.125.24.0-255,4320,175941,10,198073
30431,0.001904,172.31.36.0-255,66,176007,10,198073
30432,0.001934,172.31.36.0-255,66,176073,10,198073
30433,0.001972,74.125.24.0-255,5738,181811,10,198073
30434,0.001974,172.31.36.0-255,66,181877,10,198073
30435,0.002017,74.125.24.0-255,3602,185479,10,198073
30436,0.002045,74.125.24.0-255,766,186245,10,198073
30437,0.002049,172.31.36.0-255,66,186311,10,198073
30438,0.002058,172.31.36.0-255,66,186377,10,198073
30439,0.002061,172.31.36.0-255,66,186443,10,198073
30440,0.002064,172.31.36.0-255,66,186509,10,198073
30441,0.00209,74.125.24.0-255,4320,190829,10,198073
30442,0.002093,172.31.36.0-255,66,190895,10,198073
30443,0.002118,74.125.24.0-255,6770,197665,10,198073
30444,0.002121,172.31.36.0-255,66,197731,10,198073
30445,0.002158,74.125.24.0-255,105,197836,10,198073
30446,0.004667,172.31.36.0-255,66,197902,10,198073
30447,0.004704,172.31.36.0-255,105,198007,10,198073
30448,0.007041,74.125.24.0-255,66,198073,10,198073
30449,0.0,74.125.130.0-255,146,146,10,214517
30450,2.8e-05,172.31.36.0-255,66,212,10,214517
30451,3.5e-05,74.125.130.0-255,1484,1696,10,214517
30452,3.9e-05,172.31.36.0-255,66,1762,10,214517
30453,4.1e-05,74.125.130.0-255,1484,3246,10,214517
30454,4.4e-05,172.31.36.0-255,66,3312,10,214517
30455,5.8e-05,74.125.130.0-255,2902,6214,10,214517
30456,6e-05,172.31.36.0-255,66,6280,10,214517
30457,6.6e-05,74.125.130.0-255,5738,12018,10,214517
30458,6.9e-05,172.31.36.0-255,66,12084,10,214517
30459,0.000104,74.125.130.0-255,4940,17024,10,214517
30460,0.000108,172.31.36.0-255,66,17090,10,214517
30461,0.000114,74.125.130.0-255,5738,22828,10,214517
30462,0.000116,172.31.36.0-255,66,22894,10,214517
30463,0.000159,74.125.130.0-255,5738,28632,10,214517
30464,0.000163,172.31.36.0-255,66,28698,10,214517
30465,0.000179,74.125.130.0-255,2543,31241,10,214517
30466,0.000182,172.31.36.0-255,66,31307,10,214517
30467,0.000561,74.125.130.0-255,1484,32791,10,214517
30468,0.000566,172.31.36.0-255,66,32857,10,214517
30469,0.000574,74.125.130.0-255,2902,35759,10,214517
30470,0.000576,172.31.36.0-255,66,35825,10,214517
30471,0.000612,74.125.130.0-255,5738,41563,10,214517
30472,0.000614,172.31.36.0-255,66,41629,10,214517
30473,0.000622,74.125.130.0-255,5738,47367,10,214517
30474,0.000624,172.31.36.0-255,66,47433,10,214517
30475,0.000649,74.125.130.0-255,1125,48558,10,214517
30476,0.000652,172.31.36.0-255,66,48624,10,214517
30477,0.000761,74.125.130.0-255,1484,50108,10,214517
30478,0.000766,172.31.36.0-255,66,50174,10,214517
30479,0.000793,74.125.130.0-255,2902,53076,10,214517
30480,0.000796,172.31.36.0-255,66,53142,10,214517
30481,0.000799,74.125.130.0-255,1484,54626,10,214517
30482,0.000801,172.31.36.0-255,66,54692,10,214517
30483,0.00082,74.125.130.0-255,2902,57594,10,214517
30484,0.000822,172.31.36.0-255,66,57660,10,214517
30485,0.000832,74.125.130.0-255,1484,59144,10,214517
30486,0.000834,172.31.36.0-255,66,59210,10,214517
30487,0.000868,74.125.130.0-255,4320,63530,10,214517
30488,0.000873,172.31.36.0-255,66,63596,10,214517
30489,0.000877,74.125.130.0-255,2543,66139,10,214517
30490,0.00088,172.31.36.0-255,66,66205,10,214517
30491,0.000943,74.125.130.0-255,1484,67689,10,214517
30492,0.000947,172.31.36.0-255,66,67755,10,214517
30493,0.000952,74.125.130.0-255,2902,70657,10,214517
30494,0.000955,172.31.36.0-255,66,70723,10,214517
30495,0.000987,74.125.130.0-255,5738,76461,10,214517
30496,0.00099,172.31.36.0-255,66,76527,10,214517
30497,0.00103,172.31.36.0-255,66,76593,10,214517
30498,0.001049,172.31.36.0-255,66,76659,10,214517
30499,0.001054,74.125.130.0-255,2902,79561,10,214517
30500,0.001056,172.31.36.0-255,66,79627,10,214517
30501,0.001079,74.125.130.0-255,1704,81331,10,214517
30502,0.001082,172.31.36.0-255,66,81397,10,214517
30503,0.001507,74.125.130.0-255,1484,82881,10,214517
30504,0.001514,172.31.36.0-255,66,82947,10,214517
30505,0.001518,74.125.130.0-255,1484,84431,10,214517
30506,0.00152,172.31.36.0-255,66,84497,10,214517
30507,0.001536,74.125.130.0-255,1484,85981,10,214517
30508,0.001538,172.31.36.0-255,66,86047,10,214517
30509,0.001564,74.125.130.0-255,2902,88949,10,214517
30510,0.001566,172.31.36.0-255,66,89015,10,214517
30511,0.001592,74.125.130.0-255,2902,91917,10,214517
30512,0.001594,172.31.36.0-255,66,91983,10,214517
30513,0.001597,74.125.130.0-255,1484,93467,10,214517
30514,0.001599,172.31.36.0-255,66,93533,10,214517
30515,0.001603,74.125.130.0-255,2902,96435,10,214517
30516,0.001606,172.31.36.0-255,66,96501,10,214517
30517,0.001614,74.125.130.0-255,2902,99403,10,214517
30518,0.001616,172.31.36.0-255,66,99469,10,214517
30519,0.001619,74.125.130.0-255,1484,100953,10,214517
30520,0.001621,172.31.36.0-255,66,101019,10,214517
30521,0.001648,74.125.130.0-255,2902,103921,10,214517
30522,0.001654,172.31.36.0-255,66,103987,10,214517
30523,0.001681,74.125.130.0-255,4320,108307,10,214517
30524,0.001683,172.31.36.0-255,66,108373,10,214517
30525,0.00169,74.125.130.0-255,5738,114111,10,214517
30526,0.001692,172.31.36.0-255,66,114177,10,214517
30527,0.001724,74.125.130.0-255,2184,116361,10,214517
30528,0.001727,172.31.36.0-255,66,116427,10,214517
30529,0.002232,74.125.130.0-255,1484,117911,10,214517
30530,0.002238,172.31.36.0-255,66,117977,10,214517
30531,0.002245,74.125.130.0-255,2902,120879,10,214517
30532,0.002248,172.31.36.0-255,66,120945,10,214517
30533,0.002287,74.125.130.0-255,5738,126683,10,214517
30534,0.002291,172.31.36.0-255,66,126749,10,214517
30535,0.002296,74.125.130.0-255,2902,129651,10,214517
30536,0.002298,172.31.36.0-255,66,129717,10,214517
30537,0.002303,74.125.130.0-255,4320,134037,10,214517
30538,0.002305,172.31.36.0-255,66,134103,10,214517
30539,0.002322,172.31.36.0-255,66,134169,10,214517
30540,0.002327,74.125.130.0-255,5738,139907,10,214517
30541,0.002329,172.31.36.0-255,66,139973,10,214517
30542,0.002396,74.125.130.0-255,6438,146411,10,214517
30543,0.002401,172.31.36.0-255,66,146477,10,214517
30544,0.002407,74.125.130.0-255,5738,152215,10,214517
30545,0.002409,172.31.36.0-255,66,152281,10,214517
30546,0.002421,74.125.130.0-255,7156,159437,10,214517
30547,0.002425,172.31.36.0-255,66,159503,10,214517
30548,0.002435,172.31.36.0-255,66,159569,10,214517
30549,0.002462,74.125.130.0-255,5738,165307,10,214517
30550,0.00247,172.31.36.0-255,66,165373,10,214517
30551,0.002475,74.125.130.0-255,2184,167557,10,214517
30552,0.002477,172.31.36.0-255,66,167623,10,214517
30553,0.002624,74.125.130.0-255,1484,169107,10,214517
30554,0.002628,172.31.36.0-255,66,169173,10,214517
30555,0.002632,74.125.130.0-255,1484,170657,10,214517
30556,0.002635,172.31.36.0-255,66,170723,10,214517
30557,0.002663,74.125.130.0-255,1484,172207,10,214517
30558,0.002666,172.31.36.0-255,66,172273,10,214517
30559,0.00267,74.125.130.0-255,2902,175175,10,214517
30560,0.002672,172.31.36.0-255,66,175241,10,214517
30561,0.002678,74.125.130.0-255,4320,179561,10,214517
30562,0.002688,172.31.36.0-255,66,179627,10,214517
30563,0.005293,74.125.130.0-255,1484,181111,10,214517
30564,0.005313,74.125.130.0-255,4320,185431,10,214517
30565,0.005316,172.31.36.0-255,66,185497,10,214517
30566,0.007948,74.125.130.0-255,5738,191235,10,214517
30567,0.007955,172.31.36.0-255,66,191301,10,214517
30568,0.010605,74.125.130.0-255,5738,197039,10,214517
30569,0.010618,172.31.36.0-255,66,197105,10,214517
30570,0.013274,74.125.130.0-255,5738,202843,10,214517
30571,0.013292,172.31.36.0-255,66,202909,10,214517
30572,0.015934,74.125.130.0-255,5738,208647,10,214517
30573,0.015951,172.31.36.0-255,66,208713,10,214517
30574,0.018613,74.125.130.0-255,5738,214451,10,214517
30575,0.018627,172.31.36.0-255,66,214517,10,214517
30576,0.0,74.125.24.0-255,153,153,10,184065
30577,2.2e-05,172.31.36.0-255,66,219,10,184065
30578,2.9e-05,74.125.24.0-255,1484,1703,10,184065
30579,3.5e-05,172.31.36.0-255,66,1769,10,184065
30580,4e-05,74.125.24.0-255,2902,4671,10,184065
30581,4.4e-05,172.31.36.0-255,66,4737,10,184065
30582,5.2e-05,74.125.24.0-255,7156,11893,10,184065
30583,5.5e-05,172.31.36.0-255,66,11959,10,184065
30584,5.9e-05,74.125.24.0-255,1484,13443,10,184065
30585,6.2e-05,172.31.36.0-255,66,13509,10,184065
30586,9.9e-05,172.31.36.0-255,66,13575,10,184065
30587,0.000103,74.125.24.0-255,2543,16118,10,184065
30588,0.000106,172.31.36.0-255,66,16184,10,184065
30589,0.000441,74.125.24.0-255,1484,17668,10,184065
30590,0.000447,172.31.36.0-255,66,17734,10,184065
30591,0.000453,74.125.24.0-255,2902,20636,10,184065
30592,0.000456,172.31.36.0-255,66,20702,10,184065
30593,0.000481,74.125.24.0-255,2902,23604,10,184065
30594,0.000484,172.31.36.0-255,66,23670,10,184065
30595,0.000512,74.125.24.0-255,2902,26572,10,184065
30596,0.000515,172.31.36.0-255,66,26638,10,184065
30597,0.000523,74.125.24.0-255,6797,33435,10,184065
30598,0.000525,172.31.36.0-255,66,33501,10,184065
30599,0.00054,172.31.36.0-255,66,33567,10,184065
30600,0.000544,74.125.24.0-255,2850,36417,10,184065
30601,0.000548,172.31.36.0-255,66,36483,10,184065
30602,0.000551,74.125.24.0-255,110,36593,10,184065
30603,0.000553,172.31.36.0-255,66,36659,10,184065
30604,0.0006,74.125.24.0-255,1484,38143,10,184065
30605,0.000604,172.31.36.0-255,66,38209,10,184065
30606,0.000609,74.125.24.0-255,2902,41111,10,184065
30607,0.00063,74.125.24.0-255,7156,48267,10,184065
30608,0.000637,74.125.24.0-255,5379,53646,10,184065
30609,0.000649,172.31.36.0-255,66,53712,10,184065
30610,0.000689,74.125.24.0-255,4320,58032,10,184065
30611,0.000702,172.31.36.0-255,66,58098,10,184065
30612,0.000735,74.125.24.0-255,5379,63477,10,184065
30613,0.000756,172.31.36.0-255,66,63543,10,184065
30614,0.001379,74.125.24.0-255,1484,65027,10,184065
30615,0.001396,74.125.24.0-255,2902,67929,10,184065
30616,0.0014,172.31.36.0-255,66,67995,10,184065
30617,0.001407,74.125.24.0-255,4320,72315,10,184065
30618,0.001419,74.125.24.0-255,1484,73799,10,184065
30619,0.001424,74.125.24.0-255,4320,78119,10,184065
30620,0.001434,172.31.36.0-255,66,78185,10,184065
30621,0.001451,74.125.24.0-255,1484,79669,10,184065
30622,0.001456,172.31.36.0-255,66,79735,10,184065
30623,0.001476,74.125.24.0-255,7156,86891,10,184065
30624,0.001493,74.125.24.0-255,2184,89075,10,184065
30625,0.001496,172.31.36.0-255,66,89141,10,184065
30626,0.001501,172.31.36.0-255,66,89207,10,184065
30627,0.001827,74.125.24.0-255,1484,90691,10,184065
30628,0.001842,74.125.24.0-255,2902,93593,10,184065
30629,0.001846,172.31.36.0-255,66,93659,10,184065
30630,0.001853,74.125.24.0-255,5738,99397,10,184065
30631,0.001855,172.31.36.0-255,66,99463,10,184065
30632,0.001896,172.31.36.0-255,66,99529,10,184065
30633,0.001907,74.125.24.0-255,4320,103849,10,184065
30634,0.001933,74.125.24.0-255,2184,106033,10,184065
30635,0.001949,172.31.36.0-255,66,106099,10,184065
30636,0.00197,74.125.24.0-255,1484,107583,10,184065
30637,0.001975,74.125.24.0-255,2902,110485,10,184065
30638,0.00198,74.125.24.0-255,4320,114805,10,184065
30639,0.001985,172.31.36.0-255,66,114871,10,184065
30640,0.002001,74.125.24.0-255,1484,116355,10,184065
30641,0.002007,74.125.24.0-255,5738,122093,10,184065
30642,0.002029,172.31.36.0-255,66,122159,10,184065
30643,0.002049,74.125.24.0-255,4320,126479,10,184065
30644,0.002055,74.125.24.0-255,5020,131499,10,184065
30645,0.002073,172.31.36.0-255,66,131565,10,184065
30646,0.002107,74.125.24.0-255,1484,133049,10,184065
30647,0.002113,74.125.24.0-255,2902,135951,10,184065
30648,0.002133,172.31.36.0-255,66,136017,10,184065
30649,0.00214,74.125.24.0-255,5738,141755,10,184065
30650,0.002143,74.125.24.0-255,1484,143239,10,184065
30651,0.002148,172.31.36.0-255,66,143305,10,184065
30652,0.002209,172.31.36.0-255,66,143371,10,184065
30653,0.00224,172.31.36.0-255,66,143437,10,184065
30654,0.004578,74.125.24.0-255,5738,149175,10,184065
30655,0.004586,172.31.36.0-255,66,149241,10,184065
30656,0.006897,74.125.24.0-255,5738,154979,10,184065
30657,0.0069,172.31.36.0-255,66,155045,10,184065
30658,0.009238,74.125.24.0-255,5738,160783,10,184065
30659,0.009245,172.31.36.0-255,66,160849,10,184065
30660,0.011573,74.125.24.0-255,5738,166587,10,184065
30661,0.011582,172.31.36.0-255,66,166653,10,184065
30662,0.013912,74.125.24.0-255,5738,172391,10,184065
30663,0.01392,172.31.36.0-255,66,172457,10,184065
30664,0.016264,74.125.24.0-255,5738,178195,10,184065
30665,0.016275,172.31.36.0-255,66,178261,10,184065
30666,0.018617,74.125.24.0-255,5738,183999,10,184065
30667,0.018626,172.31.36.0-255,66,184065,10,184065
30668,0.0,172.217.194.0-255,152,152,10,215189
30669,2.3e-05,172.31.36.0-255,66,218,10,215189
30670,3.1e-05,172.217.194.0-255,1484,1702,10,215189
30671,3.6e-05,172.31.36.0-255,66,1768,10,215189
30672,4.2e-05,172.217.194.0-255,2902,4670,10,215189
30673,4.5e-05,172.31.36.0-255,66,4736,10,215189
30674,5.3e-05,172.217.194.0-255,7156,11892,10,215189
30675,5.6e-05,172.31.36.0-255,66,11958,10,215189
30676,6.3e-05,172.217.194.0-255,4806,16764,10,215189
30677,6.6e-05,172.31.36.0-255,66,16830,10,215189
30678,8.1e-05,172.31.36.0-255,66,16896,10,215189
30679,0.000138,172.217.194.0-255,1484,18380,10,215189
30680,0.000141,172.31.36.0-255,66,18446,10,215189
30681,0.000165,172.217.194.0-255,2902,21348,10,215189
30682,0.000168,172.31.36.0-255,66,21414,10,215189
30683,0.000175,172.217.194.0-255,5738,27152,10,215189
30684,0.000178,172.31.36.0-255,66,27218,10,215189
30685,0.000183,172.217.194.0-255,4320,31538,10,215189
30686,0.000185,172.31.36.0-255,66,31604,10,215189
30687,0.000226,172.31.36.0-255,66,31670,10,215189
30688,0.000233,172.217.194.0-255,5738,37408,10,215189
30689,0.000235,172.31.36.0-255,66,37474,10,215189
30690,0.000252,172.217.194.0-255,2494,39968,10,215189
30691,0.000254,172.31.36.0-255,66,40034,10,215189
30692,0.000286,172.217.194.0-255,6039,46073,10,215189
30693,0.000288,172.31.36.0-255,66,46139,10,215189
30694,0.000296,172.217.194.0-255,7156,53295,10,215189
30695,0.000299,172.31.36.0-255,66,53361,10,215189
30696,0.00033,172.217.194.0-255,3412,56773,10,215189
30697,0.000333,172.31.36.0-255,66,56839,10,215189
30698,0.000421,172.217.194.0-255,1484,58323,10,215189
30699,0.000428,172.217.194.0-255,2902,61225,10,215189
30700,0.000432,172.31.36.0-255,66,61291,10,215189
30701,0.000451,172.217.194.0-255,5738,67029,10,215189
30702,0.000454,172.31.36.0-255,66,67095,10,215189
30703,0.000459,172.217.194.0-255,2902,69997,10,215189
30704,0.000461,172.31.36.0-255,66,70063,10,215189
30705,0.000493,172.31.36.0-255,66,70129,10,215189
30706,0.000501,172.217.194.0-255,7156,77285,10,215189
30707,0.000503,172.31.36.0-255,66,77351,10,215189
30708,0.000527,172.217.194.0-255,3602,80953,10,215189
30709,0.00053,172.31.36.0-255,66,81019,10,215189
30710,0.000554,172.217.194.0-255,1484,82503,10,215189
30711,0.000558,172.217.194.0-255,2902,85405,10,215189
30712,0.00056,172.31.36.0-255,66,85471,10,215189
30713,0.000568,172.217.194.0-255,5738,91209,10,215189
30714,0.00057,172.31.36.0-255,66,91275,10,215189
30715,0.000582,172.31.36.0-255,66,91341,10,215189
30716,0.000611,172.217.194.0-255,4320,95661,10,215189
30717,0.000613,172.31.36.0-255,66,95727,10,215189
30718,0.00064,172.31.36.0-255,66,95793,10,215189
30719,0.00117,172.217.194.0-255,1484,97277,10,215189
30720,0.001176,172.217.194.0-255,2902,100179,10,215189
30721,0.00118,172.31.36.0-255,66,100245,10,215189
30722,0.001185,172.217.194.0-255,2902,103147,10,215189
30723,0.001187,172.31.36.0-255,66,103213,10,215189
30724,0.001204,172.217.194.0-255,2902,106115,10,215189
30725,0.001206,172.31.36.0-255,66,106181,10,215189
30726,0.001212,172.217.194.0-255,6797,112978,10,215189
30727,0.001214,172.31.36.0-255,66,113044,10,215189
30728,0.001231,172.217.194.0-255,1484,114528,10,215189
30729,0.001244,172.217.194.0-255,4320,118848,10,215189
30730,0.001247,172.31.36.0-255,66,118914,10,215189
30731,0.001267,172.31.36.0-255,66,118980,10,215189
30732,0.001273,172.217.194.0-255,4320,123300,10,215189
30733,0.001275,172.31.36.0-255,66,123366,10,215189
30734,0.001299,172.217.194.0-255,5738,129104,10,215189
30735,0.001302,172.31.36.0-255,66,129170,10,215189
30736,0.001317,172.217.194.0-255,4320,133490,10,215189
30737,0.00132,172.31.36.0-255,66,133556,10,215189
30738,0.001354,172.217.194.0-255,5020,138576,10,215189
30739,0.001357,172.31.36.0-255,66,138642,10,215189
30740,0.001368,172.31.36.0-255,66,138708,10,215189
30741,0.001375,172.217.194.0-255,7156,145864,10,215189
30742,0.001377,172.31.36.0-255,66,145930,10,215189
30743,0.001441,172.31.36.0-255,66,145996,10,215189
30744,0.001463,172.217.194.0-255,5020,151016,10,215189
30745,0.001466,172.31.36.0-255,66,151082,10,215189
30746,0.001472,172.217.194.0-255,5738,156820,10,215189
30747,0.001474,172.31.36.0-255,66,156886,10,215189
30748,0.001488,172.217.194.0-255,5738,162624,10,215189
30749,0.00149,172.31.36.0-255,66,162690,10,215189
30750,0.001509,172.217.194.0-255,2902,165592,10,215189
30751,0.001511,172.31.36.0-255,66,165658,10,215189
30752,0.001532,172.217.194.0-255,2902,168560,10,215189
30753,0.001535,172.31.36.0-255,66,168626,10,215189
30754,0.001564,172.31.36.0-255,66,168692,10,215189
30755,0.001579,172.217.194.0-255,2184,170876,10,215189
30756,0.001582,172.31.36.0-255,66,170942,10,215189
30757,0.001585,172.217.194.0-255,1484,172426,10,215189
30758,0.00162,172.31.36.0-255,66,172492,10,215189
30759,0.00163,172.31.36.0-255,66,172558,10,215189
30760,0.001644,172.217.194.0-255,2902,175460,10,215189
30761,0.001648,172.217.194.0-255,4320,179780,10,215189
30762,0.001651,172.31.36.0-255,66,179846,10,215189
30763,0.001658,172.31.36.0-255,66,179912,10,215189
30764,0.001668,172.31.36.0-255,66,179978,10,215189
30765,0.001692,172.217.194.0-255,1484,181462,10,215189
30766,0.001696,172.217.194.0-255,2902,184364,10,215189
30767,0.001698,172.31.36.0-255,66,184430,10,215189
30768,0.001725,172.217.194.0-255,5738,190168,10,215189
30769,0.001729,172.31.36.0-255,66,190234,10,215189
30770,0.001736,172.217.194.0-255,2902,193136,10,215189
30771,0.001738,172.31.36.0-255,66,193202,10,215189
30772,0.001777,172.31.36.0-255,66,193268,10,215189
30773,0.001787,172.31.36.0-255,66,193334,10,215189
30774,0.001823,172.217.194.0-255,7156,200490,10,215189
30775,0.001826,172.31.36.0-255,66,200556,10,215189
30776,0.001854,172.31.36.0-255,66,200622,10,215189
30777,0.001881,172.217.194.0-255,5738,206360,10,215189
30778,0.001893,172.217.194.0-255,2902,209262,10,215189
30779,0.001898,172.31.36.0-255,66,209328,10,215189
30780,0.0019,172.31.36.0-255,66,209394,10,215189
30781,0.001903,172.31.36.0-255,66,209460,10,215189
30782,0.001936,172.31.36.0-255,66,209526,10,215189
30783,0.001966,172.31.36.0-255,66,209592,10,215189
30784,0.001972,172.217.194.0-255,5189,214781,10,215189
30785,0.001973,172.31.36.0-255,66,214847,10,215189
30786,0.001976,172.217.194.0-255,105,214952,10,215189
30787,0.00433,172.31.36.0-255,66,215018,10,215189
30788,0.004367,172.31.36.0-255,105,215123,10,215189
30789,0.006328,172.217.194.0-255,66,215189,10,215189
30790,0.0,74.125.24.0-255,301,301,10,229028
30791,2e-05,172.31.36.0-255,66,367,10,229028
30792,2.6e-05,74.125.24.0-255,1484,1851,10,229028
30793,3e-05,172.31.36.0-255,66,1917,10,229028
30794,3.8e-05,74.125.24.0-255,4320,6237,10,229028
30795,4.1e-05,172.31.36.0-255,66,6303,10,229028
30796,5.2e-05,172.31.36.0-255,66,6369,10,229028
30797,0.000202,74.125.24.0-255,1484,7853,10,229028
30798,0.000207,172.31.36.0-255,66,7919,10,229028
30799,0.000214,74.125.24.0-255,2902,10821,10,229028
30800,0.000216,172.31.36.0-255,66,10887,10,229028
30801,0.000219,74.125.24.0-255,1484,12371,10,229028
30802,0.000222,172.31.36.0-255,66,12437,10,229028
30803,0.000247,74.125.24.0-255,4320,16757,10,229028
30804,0.00025,172.31.36.0-255,66,16823,10,229028
30805,0.000254,74.125.24.0-255,2902,19725,10,229028
30806,0.000256,172.31.36.0-255,66,19791,10,229028
30807,0.000259,74.125.24.0-255,1484,21275,10,229028
30808,0.000261,172.31.36.0-255,66,21341,10,229028
30809,0.000296,172.31.36.0-255,66,21407,10,229028
30810,0.000306,172.31.36.0-255,66,21473,10,229028
30811,0.000328,74.125.24.0-255,5738,27211,10,229028
30812,0.000331,172.31.36.0-255,66,27277,10,229028
30813,0.000342,172.31.36.0-255,66,27343,10,229028
30814,0.000361,74.125.24.0-255,3933,31276,10,229028
30815,0.000363,172.31.36.0-255,66,31342,10,229028
30816,0.000367,74.125.24.0-255,378,31720,10,229028
30817,0.000369,172.31.36.0-255,66,31786,10,229028
30818,0.000702,74.125.24.0-255,1484,33270,10,229028
30819,0.000709,74.125.24.0-255,2902,36172,10,229028
30820,0.000712,74.125.24.0-255,1484,37656,10,229028
30821,0.000731,74.125.24.0-255,4320,41976,10,229028
30822,0.000738,172.31.36.0-255,66,42042,10,229028
30823,0.000769,74.125.24.0-255,2902,44944,10,229028
30824,0.000782,74.125.24.0-255,4320,49264,10,229028
30825,0.000819,74.125.24.0-255,2184,51448,10,229028
30826,0.000832,172.31.36.0-255,66,51514,10,229028
30827,0.000961,74.125.24.0-255,1484,52998,10,229028
30828,0.000967,74.125.24.0-255,2902,55900,10,229028
30829,0.00097,172.31.36.0-255,66,55966,10,229028
30830,0.000984,74.125.24.0-255,4320,60286,10,229028
30831,0.000996,74.125.24.0-255,1484,61770,10,229028
30832,0.001005,172.31.36.0-255,66,61836,10,229028
30833,0.001016,74.125.24.0-255,4320,66156,10,229028
30834,0.00102,172.31.36.0-255,66,66222,10,229028
30835,0.001034,74.125.24.0-255,7156,73378,10,229028
30836,0.001046,74.125.24.0-255,1484,74862,10,229028
30837,0.001054,74.125.24.0-255,5738,80600,10,229028
30838,0.001069,172.31.36.0-255,66,80666,10,229028
30839,0.001074,74.125.24.0-255,4320,84986,10,229028
30840,0.001085,172.31.36.0-255,66,85052,10,229028
30841,0.001088,74.125.24.0-255,766,85818,10,229028
30842,0.001511,74.125.24.0-255,1484,87302,10,229028
30843,0.001517,172.31.36.0-255,66,87368,10,229028
30844,0.001523,74.125.24.0-255,2902,90270,10,229028
30845,0.001529,74.125.24.0-255,5738,96008,10,229028
30846,0.001545,74.125.24.0-255,4320,100328,10,229028
30847,0.001553,172.31.36.0-255,66,100394,10,229028
30848,0.00161,74.125.24.0-255,1484,101878,10,229028
30849,0.001632,172.31.36.0-255,66,101944,10,229028
30850,0.001877,74.125.24.0-255,1484,103428,10,229028
30851,0.001891,74.125.24.0-255,2902,106330,10,229028
30852,0.001894,172.31.36.0-255,66,106396,10,229028
30853,0.001899,74.125.24.0-255,2902,109298,10,229028
30854,0.001913,74.125.24.0-255,2902,112200,10,229028
30855,0.001925,172.31.36.0-255,66,112266,10,229028
30856,0.001943,74.125.24.0-255,7156,119422,10,229028
30857,0.001957,74.125.24.0-255,5738,125160,10,229028
30858,0.001966,172.31.36.0-255,66,125226,10,229028
30859,0.001979,74.125.24.0-255,4320,129546,10,229028
30860,0.001991,172.31.36.0-255,66,129612,10,229028
30861,0.002001,74.125.24.0-255,4320,133932,10,229028
30862,0.002009,172.31.36.0-255,66,133998,10,229028
30863,0.002015,74.125.24.0-255,3602,137600,10,229028
30864,0.002019,74.125.24.0-255,2902,140502,10,229028
30865,0.00204,74.125.24.0-255,5738,146240,10,229028
30866,0.002043,74.125.24.0-255,1484,147724,10,229028
30867,0.002052,172.31.36.0-255,66,147790,10,229028
30868,0.002096,172.31.36.0-255,66,147856,10,229028
30869,0.002105,74.125.24.0-255,2184,150040,10,229028
30870,0.002114,172.31.36.0-255,66,150106,10,229028
30871,0.002149,74.125.24.0-255,2902,153008,10,229028
30872,0.002153,74.125.24.0-255,2902,155910,10,229028
30873,0.002171,74.125.24.0-255,1484,157394,10,229028
30874,0.002185,74.125.24.0-255,4320,161714,10,229028
30875,0.002189,172.31.36.0-255,66,161780,10,229028
30876,0.002198,172.31.36.0-255,66,161846,10,229028
30877,0.002204,74.125.24.0-255,4320,166166,10,229028
30878,0.002211,74.125.24.0-255,1484,167650,10,229028
30879,0.002231,74.125.24.0-255,5738,173388,10,229028
30880,0.002259,74.125.24.0-255,4320,177708,10,229028
30881,0.002284,74.125.24.0-255,6438,184146,10,229028
30882,0.002291,74.125.24.0-255,7156,191302,10,229028
30883,0.002318,74.125.24.0-255,4320,195622,10,229028
30884,0.002353,74.125.24.0-255,4320,199942,10,229028
30885,0.005861,172.31.36.0-255,66,200008,10,229028
30886,0.008248,74.125.24.0-255,5738,205746,10,229028
30887,0.008255,172.31.36.0-255,66,205812,10,229028
30888,0.01063,74.125.24.0-255,5738,211550,10,229028
30889,0.010637,172.31.36.0-255,66,211616,10,229028
30890,0.013004,74.125.24.0-255,5738,217354,10,229028
30891,0.013012,172.31.36.0-255,66,217420,10,229028
30892,0.015379,74.125.24.0-255,5738,223158,10,229028
30893,0.017319,172.31.36.0-255,66,223224,10,229028
30894,0.019703,74.125.24.0-255,5738,228962,10,229028
30895,0.019714,172.31.36.0-255,66,229028,10,229028
30896,0.0,172.217.194.0-255,152,152,10,186376
30897,3.6e-05,172.31.36.0-255,66,218,10,186376
30898,4.4e-05,172.217.194.0-255,1484,1702,10,186376
30899,4.8e-05,172.31.36.0-255,66,1768,10,186376
30900,6e-05,172.217.194.0-255,2902,4670,10,186376
30901,6.3e-05,172.31.36.0-255,66,4736,10,186376
30902,7e-05,172.217.194.0-255,5738,10474,10,186376
30903,7.2e-05,172.31.36.0-255,66,10540,10,186376
30904,7.5e-05,172.217.194.0-255,1484,12024,10,186376
30905,7.7e-05,172.31.36.0-255,66,12090,10,186376
30906,9.4e-05,172.217.194.0-255,3423,15513,10,186376
30907,9.6e-05,172.31.36.0-255,66,15579,10,186376
30908,0.000109,172.217.194.0-255,5738,21317,10,186376
30909,0.000112,172.31.36.0-255,66,21383,10,186376
30910,0.000143,172.217.194.0-255,5738,27121,10,186376
30911,0.000146,172.31.36.0-255,66,27187,10,186376
30912,0.000177,172.217.194.0-255,3961,31148,10,186376
30913,0.00018,172.31.36.0-255,66,31214,10,186376
30914,0.000245,172.217.194.0-255,1484,32698,10,186376
30915,0.000248,172.31.36.0-255,66,32764,10,186376
30916,0.000274,172.217.194.0-255,2902,35666,10,186376
30917,0.000277,172.31.36.0-255,66,35732,10,186376
30918,0.00028,172.217.194.0-255,1484,37216,10,186376
30919,0.000282,172.31.36.0-255,66,37282,10,186376
30920,0.000288,172.217.194.0-255,2902,40184,10,186376
30921,0.00029,172.31.36.0-255,66,40250,10,186376
30922,0.000326,172.217.194.0-255,2902,43152,10,186376
30923,0.00033,172.31.36.0-255,66,43218,10,186376
30924,0.000348,172.31.36.0-255,66,43284,10,186376
30925,0.00038,172.217.194.0-255,4320,47604,10,186376
30926,0.000384,172.31.36.0-255,66,47670,10,186376
30927,0.000426,172.31.36.0-255,66,47736,10,186376
30928,0.000623,172.217.194.0-255,378,48114,10,186376
30929,0.000668,172.217.194.0-255,366,48480,10,186376
30930,0.000735,172.217.194.0-255,1484,49964,10,186376
30931,0.00074,172.31.36.0-255,66,50030,10,186376
30932,0.00075,172.217.194.0-255,2902,52932,10,186376
30933,0.000758,172.31.36.0-255,66,52998,10,186376
30934,0.00076,172.217.194.0-255,2902,55900,10,186376
30935,0.000775,172.31.36.0-255,66,55966,10,186376
30936,0.000786,172.217.194.0-255,2902,58868,10,186376
30937,0.000796,172.217.194.0-255,4320,63188,10,186376
30938,0.000801,172.31.36.0-255,66,63254,10,186376
30939,0.000823,172.217.194.0-255,5738,68992,10,186376
30940,0.000827,172.31.36.0-255,66,69058,10,186376
30941,0.00083,172.217.194.0-255,5738,74796,10,186376
30942,0.000841,172.31.36.0-255,66,74862,10,186376
30943,0.00087,172.217.194.0-255,5738,80600,10,186376
30944,0.000874,172.217.194.0-255,2184,82784,10,186376
30945,0.000878,172.217.194.0-255,2902,85686,10,186376
30946,0.000879,172.31.36.0-255,66,85752,10,186376
30947,0.000885,172.31.36.0-255,66,85818,10,186376
30948,0.000917,172.217.194.0-255,5738,91556,10,186376
30949,0.000922,172.31.36.0-255,66,91622,10,186376
30950,0.000924,172.217.194.0-255,7156,98778,10,186376
30951,0.00093,172.217.194.0-255,5738,104516,10,186376
30952,0.000945,172.31.36.0-255,66,104582,10,186376
30953,0.000962,172.31.36.0-255,66,104648,10,186376
30954,0.000977,172.31.36.0-255,66,104714,10,186376
30955,0.000993,172.217.194.0-255,1484,106198,10,186376
30956,0.001016,172.217.194.0-255,6438,112636,10,186376
30957,0.001026,172.31.36.0-255,66,112702,10,186376
30958,0.001102,172.217.194.0-255,1484,114186,10,186376
30959,0.001118,172.217.194.0-255,2902,117088,10,186376
30960,0.001122,172.31.36.0-255,66,117154,10,186376
30961,0.001125,172.217.194.0-255,1484,118638,10,186376
30962,0.001148,172.217.194.0-255,4320,122958,10,186376
30963,0.001159,172.31.36.0-255,66,123024,10,186376
30964,0.001214,172.217.194.0-255,4320,127344,10,186376
30965,0.001215,172.31.36.0-255,66,127410,10,186376
30966,0.00122,172.31.36.0-255,66,127476,10,186376
30967,0.001255,172.217.194.0-255,6438,133914,10,186376
30968,0.001259,172.217.194.0-255,1484,135398,10,186376
30969,0.001263,172.31.36.0-255,66,135464,10,186376
30970,0.001291,172.217.194.0-255,2902,138366,10,186376
30971,0.001294,172.31.36.0-255,66,138432,10,186376
30972,0.001299,172.217.194.0-255,2902,141334,10,186376
30973,0.001302,172.31.36.0-255,66,141400,10,186376
30974,0.001332,172.217.194.0-255,2902,144302,10,186376
30975,0.001336,172.217.194.0-255,2902,147204,10,186376
30976,0.001338,172.31.36.0-255,66,147270,10,186376
30977,0.001343,172.31.36.0-255,66,147336,10,186376
30978,0.001369,172.31.36.0-255,66,147402,10,186376
30979,0.001391,172.217.194.0-255,5738,153140,10,186376
30980,0.001399,172.31.36.0-255,66,153206,10,186376
30981,0.001401,172.217.194.0-255,2902,156108,10,186376
30982,0.001416,172.31.36.0-255,66,156174,10,186376
30983,0.001432,172.217.194.0-255,3602,159776,10,186376
30984,0.001439,172.31.36.0-255,66,159842,10,186376
30985,0.001508,172.217.194.0-255,1484,161326,10,186376
30986,0.001512,172.217.194.0-255,1484,162810,10,186376
30987,0.001514,172.31.36.0-255,66,162876,10,186376
30988,0.001543,172.217.194.0-255,1484,164360,10,186376
30989,0.001551,172.217.194.0-255,5738,170098,10,186376
30990,0.001563,172.31.36.0-255,66,170164,10,186376
30991,0.001565,172.217.194.0-255,1484,171648,10,186376
30992,0.001568,172.31.36.0-255,66,171714,10,186376
30993,0.001617,172.217.194.0-255,2902,174616,10,186376
30994,0.001621,172.31.36.0-255,66,174682,10,186376
30995,0.001671,172.31.36.0-255,66,174748,10,186376
30996,0.001687,172.31.36.0-255,66,174814,10,186376
30997,0.001698,172.217.194.0-255,1484,176298,10,186376
30998,0.001747,172.31.36.0-255,66,176364,10,186376
30999,0.001779,172.217.194.0-255,5020,181384,10,186376
31000,0.001789,172.31.36.0-255,66,181450,10,186376
31001,0.00186,172.31.36.0-255,66,181516,10,186376
31002,0.001869,172.217.194.0-255,4320,185836,10,186376
31003,0.001875,172.31.36.0-255,66,185902,10,186376
31004,0.001903,172.31.36.0-255,66,185968,10,186376
31005,0.001925,172.31.36.0-255,66,186034,10,186376
31006,0.001956,172.217.194.0-255,105,186139,10,186376
31007,0.001966,172.31.36.0-255,66,186205,10,186376
31008,0.008452,172.31.36.0-255,105,186310,10,186376
31009,0.010627,172.217.194.0-255,66,186376,10,186376
31010,0.0,172.217.194.0-255,152,152,10,212858
31011,2.5e-05,172.31.36.0-255,66,218,10,212858
31012,3.3e-05,172.217.194.0-255,1484,1702,10,212858
31013,3.8e-05,172.31.36.0-255,66,1768,10,212858
31014,5.1e-05,172.217.194.0-255,2902,4670,10,212858
31015,5.5e-05,172.31.36.0-255,66,4736,10,212858
31016,6e-05,172.217.194.0-255,2902,7638,10,212858
31017,6.5e-05,172.31.36.0-255,66,7704,10,212858
31018,7.7e-05,172.31.36.0-255,66,7770,10,212858
31019,9.6e-05,172.217.194.0-255,5738,13508,10,212858
31020,0.000103,172.31.36.0-255,66,13574,10,212858
31021,0.000144,172.31.36.0-255,66,13640,10,212858
31022,0.000171,172.217.194.0-255,4320,17960,10,212858
31023,0.000173,172.31.36.0-255,66,18026,10,212858
31024,0.000189,172.31.36.0-255,66,18092,10,212858
31025,0.000194,172.217.194.0-255,2184,20276,10,212858
31026,0.000196,172.31.36.0-255,66,20342,10,212858
31027,0.000257,172.217.194.0-255,1484,21826,10,212858
31028,0.00026,172.31.36.0-255,66,21892,10,212858
31029,0.000268,172.217.194.0-255,2902,24794,10,212858
31030,0.000276,172.31.36.0-255,66,24860,10,212858
31031,0.000294,172.217.194.0-255,2902,27762,10,212858
31032,0.000296,172.31.36.0-255,66,27828,10,212858
31033,0.000321,172.217.194.0-255,2902,30730,10,212858
31034,0.000325,172.31.36.0-255,66,30796,10,212858
31035,0.000333,172.217.194.0-255,7103,37899,10,212858
31036,0.000336,172.31.36.0-255,66,37965,10,212858
31037,0.000415,172.217.194.0-255,1484,39449,10,212858
31038,0.000418,172.31.36.0-255,66,39515,10,212858
31039,0.000448,172.217.194.0-255,2902,42417,10,212858
31040,0.000452,172.31.36.0-255,66,42483,10,212858
31041,0.000458,172.217.194.0-255,5738,48221,10,212858
31042,0.00046,172.31.36.0-255,66,48287,10,212858
31043,0.000472,172.217.194.0-255,5738,54025,10,212858
31044,0.000475,172.31.36.0-255,66,54091,10,212858
31045,0.000497,172.217.194.0-255,1484,55575,10,212858
31046,0.000513,172.31.36.0-255,66,55641,10,212858
31047,0.000538,172.217.194.0-255,1484,57125,10,212858
31048,0.000543,172.217.194.0-255,2184,59309,10,212858
31049,0.000545,172.31.36.0-255,66,59375,10,212858
31050,0.000573,172.217.194.0-255,5738,65113,10,212858
31051,0.000575,172.31.36.0-255,66,65179,10,212858
31052,0.000582,172.217.194.0-255,5738,70917,10,212858
31053,0.000585,172.31.36.0-255,66,70983,10,212858
31054,0.000607,172.217.194.0-255,1484,72467,10,212858
31055,0.000619,172.31.36.0-255,66,72533,10,212858
31056,0.000653,172.217.194.0-255,5738,78271,10,212858
31057,0.000656,172.31.36.0-255,66,78337,10,212858
31058,0.000663,172.217.194.0-255,6438,84775,10,212858
31059,0.000666,172.31.36.0-255,66,84841,10,212858
31060,0.000673,172.217.194.0-255,379,85220,10,212858
31061,0.000786,172.217.194.0-255,1484,86704,10,212858
31062,0.00079,172.31.36.0-255,66,86770,10,212858
31063,0.000796,172.217.194.0-255,2902,89672,10,212858
31064,0.000797,172.31.36.0-255,66,89738,10,212858
31065,0.000828,172.217.194.0-255,5738,95476,10,212858
31066,0.000831,172.31.36.0-255,66,95542,10,212858
31067,0.000849,172.31.36.0-255,66,95608,10,212858
31068,0.000854,172.217.194.0-255,2902,98510,10,212858
31069,0.000857,172.31.36.0-255,66,98576,10,212858
31070,0.000917,172.31.36.0-255,66,98642,10,212858
31071,0.000921,172.217.194.0-255,1484,100126,10,212858
31072,0.000926,172.217.194.0-255,2902,103028,10,212858
31073,0.000934,172.31.36.0-255,66,103094,10,212858
31074,0.000941,172.217.194.0-255,5738,108832,10,212858
31075,0.000943,172.31.36.0-255,66,108898,10,212858
31076,0.000955,172.31.36.0-255,66,108964,10,212858
31077,0.000973,172.217.194.0-255,2902,111866,10,212858
31078,0.000979,172.31.36.0-255,66,111932,10,212858
31079,0.000992,172.31.36.0-255,66,111998,10,212858
31080,0.001161,172.217.194.0-255,1484,113482,10,212858
31081,0.001168,172.217.194.0-255,2902,116384,10,212858
31082,0.001173,172.31.36.0-255,66,116450,10,212858
31083,0.001177,172.217.194.0-255,1484,117934,10,212858
31084,0.001204,172.217.194.0-255,4320,122254,10,212858
31085,0.001207,172.31.36.0-255,66,122320,10,212858
31086,0.001215,172.217.194.0-255,7156,129476,10,212858
31087,0.001217,172.31.36.0-255,66,129542,10,212858
31088,0.001249,172.217.194.0-255,7156,136698,10,212858
31089,0.001252,172.31.36.0-255,66,136764,10,212858
31090,0.001284,172.217.194.0-255,7156,143920,10,212858
31091,0.001288,172.31.36.0-255,66,143986,10,212858
31092,0.001293,172.217.194.0-255,2184,146170,10,212858
31093,0.001295,172.31.36.0-255,66,146236,10,212858
31094,0.001318,172.217.194.0-255,1484,147720,10,212858
31095,0.00134,172.217.194.0-255,2902,150622,10,212858
31096,0.001343,172.31.36.0-255,66,150688,10,212858
31097,0.00135,172.217.194.0-255,5738,156426,10,212858
31098,0.001352,172.31.36.0-255,66,156492,10,212858
31099,0.001401,172.31.36.0-255,66,156558,10,212858
31100,0.001419,172.31.36.0-255,66,156624,10,212858
31101,0.001423,172.217.194.0-255,2184,158808,10,212858
31102,0.001426,172.31.36.0-255,66,158874,10,212858
31103,0.001699,172.217.194.0-255,1484,160358,10,212858
31104,0.001707,172.217.194.0-255,2902,163260,10,212858
31105,0.001711,172.31.36.0-255,66,163326,10,212858
31106,0.001748,172.217.194.0-255,5738,169064,10,212858
31107,0.001751,172.31.36.0-255,66,169130,10,212858
31108,0.001763,172.31.36.0-255,66,169196,10,212858
31109,0.001793,172.217.194.0-255,2902,172098,10,212858
31110,0.001797,172.31.36.0-255,66,172164,10,212858
31111,0.001813,172.31.36.0-255,66,172230,10,212858
31112,0.004071,172.217.194.0-255,5738,177968,10,212858
31113,0.004079,172.31.36.0-255,66,178034,10,212858
31114,0.00633,172.217.194.0-255,5738,183772,10,212858
31115,0.006338,172.31.36.0-255,66,183838,10,212858
31116,0.008623,172.217.194.0-255,5738,189576,10,212858
31117,0.008627,172.31.36.0-255,66,189642,10,212858
31118,0.010905,172.217.194.0-255,5738,195380,10,212858
31119,0.010922,172.31.36.0-255,66,195446,10,212858
31120,0.013221,172.217.194.0-255,5738,201184,10,212858
31121,0.013236,172.31.36.0-255,66,201250,10,212858
31122,0.015499,172.217.194.0-255,5738,206988,10,212858
31123,0.015512,172.31.36.0-255,66,207054,10,212858
31124,0.017803,172.217.194.0-255,5738,212792,10,212858
31125,0.017819,172.31.36.0-255,66,212858,10,212858
31126,0.0,172.31.36.0-255,66,66,10,66
31127,0.0,172.217.194.0-255,152,152,10,148939
31128,1.5e-05,172.31.36.0-255,66,218,10,148939
31129,2.3e-05,172.217.194.0-255,1484,1702,10,148939
31130,2.8e-05,172.31.36.0-255,66,1768,10,148939
31131,3.4e-05,172.217.194.0-255,2902,4670,10,148939
31132,3.6e-05,172.31.36.0-255,66,4736,10,148939
31133,4.4e-05,172.217.194.0-255,7156,11892,10,148939
31134,4.7e-05,172.31.36.0-255,66,11958,10,148939
31135,5.1e-05,172.217.194.0-255,2059,14017,10,148939
31136,5.4e-05,172.31.36.0-255,66,14083,10,148939
31137,0.000105,172.31.36.0-255,66,14149,10,148939
31138,0.000119,172.217.194.0-255,2902,17051,10,148939
31139,0.000121,172.31.36.0-255,66,17117,10,148939
31140,0.000128,172.217.194.0-255,5379,22496,10,148939
31141,0.00013,172.31.36.0-255,66,22562,10,148939
31142,0.000194,172.217.194.0-255,1484,24046,10,148939
31143,0.000197,172.31.36.0-255,66,24112,10,148939
31144,0.000201,172.217.194.0-255,1484,25596,10,148939
31145,0.000203,172.31.36.0-255,66,25662,10,148939
31146,0.000219,172.217.194.0-255,1484,27146,10,148939
31147,0.000222,172.31.36.0-255,66,27212,10,148939
31148,0.000229,172.217.194.0-255,5738,32950,10,148939
31149,0.000232,172.31.36.0-255,66,33016,10,148939
31150,0.000257,172.217.194.0-255,6797,39813,10,148939
31151,0.000259,172.31.36.0-255,66,39879,10,148939
31152,0.000303,172.217.194.0-255,4320,44199,10,148939
31153,0.000306,172.31.36.0-255,66,44265,10,148939
31154,0.000309,172.217.194.0-255,1484,45749,10,148939
31155,0.000311,172.31.36.0-255,66,45815,10,148939
31156,0.000329,172.217.194.0-255,4320,50135,10,148939
31157,0.000332,172.31.36.0-255,66,50201,10,148939
31158,0.000363,172.217.194.0-255,7093,57294,10,148939
31159,0.000366,172.31.36.0-255,66,57360,10,148939
31160,0.000642,172.217.194.0-255,382,57742,10,148939
31161,0.000766,172.217.194.0-255,1484,59226,10,148939
31162,0.000771,172.31.36.0-255,66,59292,10,148939
31163,0.000776,172.217.194.0-255,2902,62194,10,148939
31164,0.000778,172.31.36.0-255,66,62260,10,148939
31165,0.000783,172.217.194.0-255,2902,65162,10,148939
31166,0.000785,172.31.36.0-255,66,65228,10,148939
31167,0.000799,172.217.194.0-255,2902,68130,10,148939
31168,0.000801,172.31.36.0-255,66,68196,10,148939
31169,0.000828,172.217.194.0-255,6247,74443,10,148939
31170,0.000831,172.31.36.0-255,66,74509,10,148939
31171,0.00111,172.217.194.0-255,1484,75993,10,148939
31172,0.001115,172.217.194.0-255,2902,78895,10,148939
31173,0.001119,172.31.36.0-255,66,78961,10,148939
31174,0.001141,172.217.194.0-255,5738,84699,10,148939
31175,0.001144,172.31.36.0-255,66,84765,10,148939
31176,0.001199,172.31.36.0-255,66,84831,10,148939
31177,0.001211,172.31.36.0-255,66,84897,10,148939
31178,0.001936,172.217.194.0-255,1484,86381,10,148939
31179,0.001946,172.217.194.0-255,2902,89283,10,148939
31180,0.001951,172.31.36.0-255,66,89349,10,148939
31181,0.001958,172.217.194.0-255,4320,93669,10,148939
31182,0.00196,172.31.36.0-255,66,93735,10,148939
31183,0.001974,172.217.194.0-255,1484,95219,10,148939
31184,0.00198,172.217.194.0-255,5738,100957,10,148939
31185,0.001982,172.31.36.0-255,66,101023,10,148939
31186,0.002012,172.217.194.0-255,7156,108179,10,148939
31187,0.002014,172.31.36.0-255,66,108245,10,148939
31188,0.002028,172.31.36.0-255,66,108311,10,148939
31189,0.004317,172.217.194.0-255,5738,114049,10,148939
31190,0.004323,172.31.36.0-255,66,114115,10,148939
31191,0.00662,172.217.194.0-255,5738,119853,10,148939
31192,0.006625,172.31.36.0-255,66,119919,10,148939
31193,0.008928,172.217.194.0-255,5738,125657,10,148939
31194,0.008935,172.31.36.0-255,66,125723,10,148939
31195,0.011252,172.217.194.0-255,5738,131461,10,148939
31196,0.011261,172.31.36.0-255,66,131527,10,148939
31197,0.013565,172.217.194.0-255,5738,137265,10,148939
31198,0.013576,172.31.36.0-255,66,137331,10,148939
31199,0.01586,172.217.194.0-255,5738,143069,10,148939
31200,0.015868,172.31.36.0-255,66,143135,10,148939
31201,0.018178,172.217.194.0-255,5738,148873,10,148939
31202,0.018187,172.31.36.0-255,66,148939,10,148939
31203,0.0,74.125.130.0-255,146,146,10,256875
31204,3e-05,172.31.36.0-255,66,212,10,256875
31205,3.6e-05,74.125.130.0-255,1484,1696,10,256875
31206,4.1e-05,172.31.36.0-255,66,1762,10,256875
31207,4.6e-05,74.125.130.0-255,2902,4664,10,256875
31208,5.6e-05,172.31.36.0-255,66,4730,10,256875
31209,6.3e-05,74.125.130.0-255,5738,10468,10,256875
31210,6.5e-05,172.31.36.0-255,66,10534,10,256875
31211,0.000107,74.125.130.0-255,3396,13930,10,256875
31212,0.00011,172.31.36.0-255,66,13996,10,256875
31213,0.000114,74.125.130.0-255,1484,15480,10,256875
31214,0.000116,172.31.36.0-255,66,15546,10,256875
31215,0.000156,74.125.130.0-255,2902,18448,10,256875
31216,0.000159,172.31.36.0-255,66,18514,10,256875
31217,0.000164,74.125.130.0-255,2902,21416,10,256875
31218,0.000165,172.31.36.0-255,66,21482,10,256875
31219,0.000171,74.125.130.0-255,4320,25802,10,256875
31220,0.000173,172.31.36.0-255,66,25868,10,256875
31221,0.00021,74.125.130.0-255,5379,31247,10,256875
31222,0.000214,172.31.36.0-255,66,31313,10,256875
31223,0.000342,74.125.130.0-255,1484,32797,10,256875
31224,0.000347,172.31.36.0-255,66,32863,10,256875
31225,0.000352,74.125.130.0-255,2902,35765,10,256875
31226,0.000355,172.31.36.0-255,66,35831,10,256875
31227,0.000394,74.125.130.0-255,5738,41569,10,256875
31228,0.000397,172.31.36.0-255,66,41635,10,256875
31229,0.000407,172.31.36.0-255,66,41701,10,256875
31230,0.000414,74.125.130.0-255,5738,47439,10,256875
31231,0.000424,172.31.36.0-255,66,47505,10,256875
31232,0.00045,74.125.130.0-255,2902,50407,10,256875
31233,0.000454,74.125.130.0-255,1484,51891,10,256875
31234,0.000462,172.31.36.0-255,66,51957,10,256875
31235,0.000467,172.31.36.0-255,66,52023,10,256875
31236,0.000494,74.125.130.0-255,5379,57402,10,256875
31237,0.000498,172.31.36.0-255,66,57468,10,256875
31238,0.000686,74.125.130.0-255,647,58115,10,256875
31239,0.000691,172.31.36.0-255,66,58181,10,256875
31240,0.000867,74.125.130.0-255,1484,59665,10,256875
31241,0.000872,172.31.36.0-255,66,59731,10,256875
31242,0.000877,74.125.130.0-255,2902,62633,10,256875
31243,0.000879,172.31.36.0-255,66,62699,10,256875
31244,0.000882,74.125.130.0-255,1484,64183,10,256875
31245,0.000911,74.125.130.0-255,1484,65667,10,256875
31246,0.000915,172.31.36.0-255,66,65733,10,256875
31247,0.000923,74.125.130.0-255,4320,70053,10,256875
31248,0.000926,172.31.36.0-255,66,70119,10,256875
31249,0.000936,172.31.36.0-255,66,70185,10,256875
31250,0.000985,172.31.36.0-255,66,70251,10,256875
31251,0.001027,74.125.130.0-255,1484,71735,10,256875
31252,0.001032,74.125.130.0-255,2902,74637,10,256875
31253,0.001035,172.31.36.0-255,66,74703,10,256875
31254,0.00104,74.125.130.0-255,2902,77605,10,256875
31255,0.001042,172.31.36.0-255,66,77671,10,256875
31256,0.00107,74.125.130.0-255,4320,81991,10,256875
31257,0.001073,172.31.36.0-255,66,82057,10,256875
31258,0.001084,172.31.36.0-255,66,82123,10,256875
31259,0.001124,74.125.130.0-255,766,82889,10,256875
31260,0.001126,172.31.36.0-255,66,82955,10,256875
31261,0.001225,74.125.130.0-255,1484,84439,10,256875
31262,0.001229,172.31.36.0-255,66,84505,10,256875
31263,0.001233,74.125.130.0-255,1484,85989,10,256875
31264,0.001262,74.125.130.0-255,1484,87473,10,256875
31265,0.001265,172.31.36.0-255,66,87539,10,256875
31266,0.00127,74.125.130.0-255,4320,91859,10,256875
31267,0.001272,172.31.36.0-255,66,91925,10,256875
31268,0.001281,74.125.130.0-255,5738,97663,10,256875
31269,0.001284,172.31.36.0-255,66,97729,10,256875
31270,0.001295,172.31.36.0-255,66,97795,10,256875
31271,0.0013,74.125.130.0-255,4320,102115,10,256875
31272,0.001306,172.31.36.0-255,66,102181,10,256875
31273,0.001329,74.125.130.0-255,2902,105083,10,256875
31274,0.001331,172.31.36.0-255,66,105149,10,256875
31275,0.001334,74.125.130.0-255,766,105915,10,256875
31276,0.001423,74.125.130.0-255,1484,107399,10,256875
31277,0.001426,172.31.36.0-255,66,107465,10,256875
31278,0.001432,74.125.130.0-255,2902,110367,10,256875
31279,0.001433,172.31.36.0-255,66,110433,10,256875
31280,0.001437,74.125.130.0-255,2902,113335,10,256875
31281,0.001439,172.31.36.0-255,66,113401,10,256875
31282,0.001477,74.125.130.0-255,2902,116303,10,256875
31283,0.001479,172.31.36.0-255,66,116369,10,256875
31284,0.001488,74.125.130.0-255,7156,123525,10,256875
31285,0.00149,172.31.36.0-255,66,123591,10,256875
31286,0.00151,172.31.36.0-255,66,123657,10,256875
31287,0.001514,74.125.130.0-255,2184,125841,10,256875
31288,0.001519,172.31.36.0-255,66,125907,10,256875
31289,0.001565,172.31.36.0-255,66,125973,10,256875
31290,0.001571,74.125.130.0-255,4320,130293,10,256875
31291,0.001575,172.31.36.0-255,66,130359,10,256875
31292,0.001619,74.125.130.0-255,5738,136097,10,256875
31293,0.001622,172.31.36.0-255,66,136163,10,256875
31294,0.001628,74.125.130.0-255,5020,141183,10,256875
31295,0.001631,172.31.36.0-255,66,141249,10,256875
31296,0.001675,74.125.130.0-255,1484,142733,10,256875
31297,0.00168,74.125.130.0-255,2902,145635,10,256875
31298,0.001682,172.31.36.0-255,66,145701,10,256875
31299,0.001689,74.125.130.0-255,5738,151439,10,256875
31300,0.001691,172.31.36.0-255,66,151505,10,256875
31301,0.001695,74.125.130.0-255,2902,154407,10,256875
31302,0.001699,172.31.36.0-255,66,154473,10,256875
31303,0.001749,172.31.36.0-255,66,154539,10,256875
31304,0.001762,172.31.36.0-255,66,154605,10,256875
31305,0.00197,74.125.130.0-255,1484,156089,10,256875
31306,0.001977,74.125.130.0-255,2902,158991,10,256875
31307,0.001981,172.31.36.0-255,66,159057,10,256875
31308,0.001987,74.125.130.0-255,5738,164795,10,256875
31309,0.00199,172.31.36.0-255,66,164861,10,256875
31310,0.001999,74.125.130.0-255,1484,166345,10,256875
31311,0.002028,74.125.130.0-255,5738,172083,10,256875
31312,0.002032,172.31.36.0-255,66,172149,10,256875
31313,0.002042,172.31.36.0-255,66,172215,10,256875
31314,0.002115,172.31.36.0-255,66,172281,10,256875
31315,0.002144,74.125.130.0-255,7156,179437,10,256875
31316,0.002149,172.31.36.0-255,66,179503,10,256875
31317,0.002189,74.125.130.0-255,5738,185241,10,256875
31318,0.002194,74.125.130.0-255,766,186007,10,256875
31319,0.002197,74.125.130.0-255,1484,187491,10,256875
31320,0.002201,74.125.130.0-255,4320,191811,10,256875
31321,0.002206,74.125.130.0-255,4320,196131,10,256875
31322,0.002208,74.125.130.0-255,1484,197615,10,256875
31323,0.00221,172.31.36.0-255,66,197681,10,256875
31324,0.002241,74.125.130.0-255,4320,202001,10,256875
31325,0.002248,74.125.130.0-255,5738,207739,10,256875
31326,0.002252,172.31.36.0-255,66,207805,10,256875
31327,0.002258,172.31.36.0-255,66,207871,10,256875
31328,0.002284,74.125.130.0-255,5738,213609,10,256875
31329,0.002287,74.125.130.0-255,1484,215093,10,256875
31330,0.00229,74.125.130.0-255,1484,216577,10,256875
31331,0.002292,74.125.130.0-255,1484,218061,10,256875
31332,0.002295,74.125.130.0-255,2184,220245,10,256875
31333,0.002303,172.31.36.0-255,66,220311,10,256875
31334,0.002318,74.125.130.0-255,1484,221795,10,256875
31335,0.002322,74.125.130.0-255,1484,223279,10,256875
31336,0.002332,172.31.36.0-255,66,223345,10,256875
31337,0.002351,74.125.130.0-255,1484,224829,10,256875
31338,0.002358,74.125.130.0-255,5738,230567,10,256875
31339,0.002362,74.125.130.0-255,4320,234887,10,256875
31340,0.002363,172.31.36.0-255,66,234953,10,256875
31341,0.002377,172.31.36.0-255,66,235019,10,256875
31342,0.002402,74.125.130.0-255,5738,240757,10,256875
31343,0.002404,74.125.130.0-255,1484,242241,10,256875
31344,0.002409,74.125.130.0-255,5738,247979,10,256875
31345,0.002419,172.31.36.0-255,66,248045,10,256875
31346,0.002439,74.125.130.0-255,2902,250947,10,256875
31347,0.002443,74.125.130.0-255,1484,252431,10,256875
31348,0.002447,172.31.36.0-255,66,252497,10,256875
31349,0.002491,74.125.130.0-255,2902,255399,10,256875
31350,0.002493,74.125.130.0-255,905,256304,10,256875
31351,0.002494,172.31.36.0-255,66,256370,10,256875
31352,0.002495,74.125.130.0-255,97,256467,10,256875
31353,0.0025,172.31.36.0-255,66,256533,10,256875
31354,0.002541,74.125.130.0-255,105,256638,10,256875
31355,0.007385,172.31.36.0-255,66,256704,10,256875
31356,0.007413,172.31.36.0-255,105,256809,10,256875
31357,0.009612,74.125.130.0-255,66,256875,10,256875
31358,0.0,74.125.200.0-255,152,152,10,225551
31359,1.9e-05,172.31.36.0-255,66,218,10,225551
31360,2.7e-05,74.125.200.0-255,1484,1702,10,225551
31361,3.1e-05,172.31.36.0-255,66,1768,10,225551
31362,3.7e-05,74.125.200.0-255,2902,4670,10,225551
31363,4.9e-05,172.31.36.0-255,66,4736,10,225551
31364,5.5e-05,74.125.200.0-255,5738,10474,10,225551
31365,5.9e-05,172.31.36.0-255,66,10540,10,225551
31366,6.4e-05,74.125.200.0-255,3459,13999,10,225551
31367,6.7e-05,172.31.36.0-255,66,14065,10,225551
31368,7.3e-05,74.125.200.0-255,4320,18385,10,225551
31369,7.6e-05,172.31.36.0-255,66,18451,10,225551
31370,0.000104,74.125.200.0-255,5738,24189,10,225551
31371,0.000107,172.31.36.0-255,66,24255,10,225551
31372,0.000115,74.125.200.0-255,5738,29993,10,225551
31373,0.000117,172.31.36.0-255,66,30059,10,225551
31374,0.000138,74.125.200.0-255,1125,31184,10,225551
31375,0.000141,172.31.36.0-255,66,31250,10,225551
31376,0.000195,74.125.200.0-255,1484,32734,10,225551
31377,0.000198,172.31.36.0-255,66,32800,10,225551
31378,0.000203,74.125.200.0-255,2902,35702,10,225551
31379,0.000206,172.31.36.0-255,66,35768,10,225551
31380,0.000232,74.125.200.0-255,5738,41506,10,225551
31381,0.000235,172.31.36.0-255,66,41572,10,225551
31382,0.000268,172.31.36.0-255,66,41638,10,225551
31383,0.000285,74.125.200.0-255,1484,43122,10,225551
31384,0.000291,172.31.36.0-255,66,43188,10,225551
31385,0.000306,172.31.36.0-255,66,43254,10,225551
31386,0.000309,74.125.200.0-255,360,43614,10,225551
31387,0.00031,172.31.36.0-255,66,43680,10,225551
31388,0.000341,74.125.200.0-255,130,43810,10,225551
31389,0.000514,74.125.200.0-255,1484,45294,10,225551
31390,0.000519,172.31.36.0-255,66,45360,10,225551
31391,0.000526,74.125.200.0-255,2902,48262,10,225551
31392,0.000528,172.31.36.0-255,66,48328,10,225551
31393,0.000535,74.125.200.0-255,5738,54066,10,225551
31394,0.000543,172.31.36.0-255,66,54132,10,225551
31395,0.000559,172.31.36.0-255,66,54198,10,225551
31396,0.000633,172.31.36.0-255,66,54264,10,225551
31397,0.000637,74.125.200.0-255,2184,56448,10,225551
31398,0.000639,172.31.36.0-255,66,56514,10,225551
31399,0.000725,74.125.200.0-255,1484,57998,10,225551
31400,0.00073,74.125.200.0-255,2902,60900,10,225551
31401,0.000733,172.31.36.0-255,66,60966,10,225551
31402,0.000739,74.125.200.0-255,2902,63868,10,225551
31403,0.000742,172.31.36.0-255,66,63934,10,225551
31404,0.000766,74.125.200.0-255,2902,66836,10,225551
31405,0.000768,172.31.36.0-255,66,66902,10,225551
31406,0.000776,74.125.200.0-255,1484,68386,10,225551
31407,0.00078,74.125.200.0-255,2902,71288,10,225551
31408,0.000782,172.31.36.0-255,66,71354,10,225551
31409,0.000785,74.125.200.0-255,1484,72838,10,225551
31410,0.000816,74.125.200.0-255,4320,77158,10,225551
31411,0.000819,172.31.36.0-255,66,77224,10,225551
31412,0.000859,74.125.200.0-255,4320,81544,10,225551
31413,0.000863,172.31.36.0-255,66,81610,10,225551
31414,0.000876,74.125.200.0-255,1484,83094,10,225551
31415,0.000888,74.125.200.0-255,7156,90250,10,225551
31416,0.000891,172.31.36.0-255,66,90316,10,225551
31417,0.000894,74.125.200.0-255,766,91082,10,225551
31418,0.001028,74.125.200.0-255,1484,92566,10,225551
31419,0.001033,172.31.36.0-255,66,92632,10,225551
31420,0.00106,74.125.200.0-255,2902,95534,10,225551
31421,0.001062,172.31.36.0-255,66,95600,10,225551
31422,0.001067,74.125.200.0-255,2902,98502,10,225551
31423,0.001069,172.31.36.0-255,66,98568,10,225551
31424,0.00108,74.125.200.0-255,4320,102888,10,225551
31425,0.001082,172.31.36.0-255,66,102954,10,225551
31426,0.001134,172.31.36.0-255,66,103020,10,225551
31427,0.001142,172.31.36.0-255,66,103086,10,225551
31428,0.001169,74.125.200.0-255,5020,108106,10,225551
31429,0.001171,172.31.36.0-255,66,108172,10,225551
31430,0.001207,74.125.200.0-255,1484,109656,10,225551
31431,0.001222,74.125.200.0-255,2902,112558,10,225551
31432,0.001225,172.31.36.0-255,66,112624,10,225551
31433,0.001256,74.125.200.0-255,5738,118362,10,225551
31434,0.00126,172.31.36.0-255,66,118428,10,225551
31435,0.001264,74.125.200.0-255,2902,121330,10,225551
31436,0.001266,172.31.36.0-255,66,121396,10,225551
31437,0.001301,74.125.200.0-255,5738,127134,10,225551
31438,0.001305,172.31.36.0-255,66,127200,10,225551
31439,0.001317,172.31.36.0-255,66,127266,10,225551
31440,0.001328,74.125.200.0-255,5020,132286,10,225551
31441,0.001331,172.31.36.0-255,66,132352,10,225551
31442,0.001338,74.125.200.0-255,5738,138090,10,225551
31443,0.001342,172.31.36.0-255,66,138156,10,225551
31444,0.001388,74.125.200.0-255,5738,143894,10,225551
31445,0.001407,172.31.36.0-255,66,143960,10,225551
31446,0.00144,74.125.200.0-255,5738,149698,10,225551
31447,0.001452,172.31.36.0-255,66,149764,10,225551
31448,0.001521,74.125.200.0-255,4320,154084,10,225551
31449,0.001526,74.125.200.0-255,5738,159822,10,225551
31450,0.001532,74.125.200.0-255,4320,164142,10,225551
31451,0.001535,172.31.36.0-255,66,164208,10,225551
31452,0.00159,74.125.200.0-255,7156,171364,10,225551
31453,0.001597,172.31.36.0-255,66,171430,10,225551
31454,0.001621,74.125.200.0-255,5020,176450,10,225551
31455,0.001642,74.125.200.0-255,6438,182888,10,225551
31456,0.00165,74.125.200.0-255,7156,190044,10,225551
31457,0.001681,74.125.200.0-255,2902,192946,10,225551
31458,0.001693,172.31.36.0-255,66,193012,10,225551
31459,0.001719,74.125.200.0-255,5738,198750,10,225551
31460,0.001731,172.31.36.0-255,66,198816,10,225551
31461,0.001761,74.125.200.0-255,1484,200300,10,225551
31462,0.001768,74.125.200.0-255,5738,206038,10,225551
31463,0.00178,172.31.36.0-255,66,206104,10,225551
31464,0.001815,74.125.200.0-255,5738,211842,10,225551
31465,0.001844,74.125.200.0-255,4320,216162,10,225551
31466,0.001856,74.125.200.0-255,1484,217646,10,225551
31467,0.001861,172.31.36.0-255,66,217712,10,225551
31468,0.001893,74.125.200.0-255,5738,223450,10,225551
31469,0.0019,172.31.36.0-255,66,223516,10,225551
31470,0.001927,74.125.200.0-255,1627,225143,10,225551
31471,0.001934,172.31.36.0-255,66,225209,10,225551
31472,0.00196,74.125.200.0-255,105,225314,10,225551
31473,0.004854,172.31.36.0-255,66,225380,10,225551
31474,0.004893,172.31.36.0-255,105,225485,10,225551
31475,0.007355,74.125.200.0-255,66,225551,10,225551
31476,0.0,172.217.194.0-255,66,66,10,66
31477,0.0,74.125.24.0-255,153,153,10,182694
31478,1.2e-05,172.31.36.0-255,66,219,10,182694
31479,3.5e-05,74.125.24.0-255,1484,1703,10,182694
31480,3.9e-05,172.31.36.0-255,66,1769,10,182694
31481,4.6e-05,74.125.24.0-255,2902,4671,10,182694
31482,5.1e-05,172.31.36.0-255,66,4737,10,182694
31483,5.8e-05,74.125.24.0-255,7156,11893,10,182694
31484,6.1e-05,172.31.36.0-255,66,11959,10,182694
31485,7.9e-05,74.125.24.0-255,2078,14037,10,182694
31486,8.2e-05,172.31.36.0-255,66,14103,10,182694
31487,0.000127,74.125.24.0-255,2902,17005,10,182694
31488,0.000131,172.31.36.0-255,66,17071,10,182694
31489,0.000154,74.125.24.0-255,4320,21391,10,182694
31490,0.000157,172.31.36.0-255,66,21457,10,182694
31491,0.000161,74.125.24.0-255,1484,22941,10,182694
31492,0.000162,172.31.36.0-255,66,23007,10,182694
31493,0.000185,74.125.24.0-255,7156,30163,10,182694
31494,0.000188,172.31.36.0-255,66,30229,10,182694
31495,0.000191,74.125.24.0-255,1125,31354,10,182694
31496,0.000193,172.31.36.0-255,66,31420,10,182694
31497,0.000401,74.125.24.0-255,1484,32904,10,182694
31498,0.000406,172.31.36.0-255,66,32970,10,182694
31499,0.000412,74.125.24.0-255,2902,35872,10,182694
31500,0.000415,172.31.36.0-255,66,35938,10,182694
31501,0.000421,74.125.24.0-255,5738,41676,10,182694
31502,0.000424,172.31.36.0-255,66,41742,10,182694
31503,0.000439,74.125.24.0-255,1484,43226,10,182694
31504,0.000441,172.31.36.0-255,66,43292,10,182694
31505,0.000458,74.125.24.0-255,5379,48671,10,182694
31506,0.000462,172.31.36.0-255,66,48737,10,182694
31507,0.000488,74.125.24.0-255,2902,51639,10,182694
31508,0.00049,172.31.36.0-255,66,51705,10,182694
31509,0.000496,74.125.24.0-255,4320,56025,10,182694
31510,0.000499,172.31.36.0-255,66,56091,10,182694
31511,0.000526,74.125.24.0-255,7156,63247,10,182694
31512,0.000529,172.31.36.0-255,66,63313,10,182694
31513,0.000542,74.125.24.0-255,1484,64797,10,182694
31514,0.000546,74.125.24.0-255,1125,65922,10,182694
31515,0.000548,172.31.36.0-255,66,65988,10,182694
31516,0.000795,74.125.24.0-255,393,66381,10,182694
31517,0.001038,172.31.36.0-255,66,66447,10,182694
31518,0.001084,74.125.24.0-255,1484,67931,10,182694
31519,0.001105,74.125.24.0-255,2902,70833,10,182694
31520,0.001123,172.31.36.0-255,66,70899,10,182694
31521,0.001128,74.125.24.0-255,1484,72383,10,182694
31522,0.001134,74.125.24.0-255,5738,78121,10,182694
31523,0.001136,172.31.36.0-255,66,78187,10,182694
31524,0.001141,74.125.24.0-255,2902,81089,10,182694
31525,0.001143,172.31.36.0-255,66,81155,10,182694
31526,0.001169,172.31.36.0-255,66,81221,10,182694
31527,0.001177,74.125.24.0-255,7156,88377,10,182694
31528,0.001179,172.31.36.0-255,66,88443,10,182694
31529,0.001219,74.125.24.0-255,2467,90910,10,182694
31530,0.001222,172.31.36.0-255,66,90976,10,182694
31531,0.001707,74.125.24.0-255,1484,92460,10,182694
31532,0.001718,74.125.24.0-255,2902,95362,10,182694
31533,0.001722,172.31.36.0-255,66,95428,10,182694
31534,0.00173,74.125.24.0-255,5738,101166,10,182694
31535,0.001733,172.31.36.0-255,66,101232,10,182694
31536,0.001738,74.125.24.0-255,2902,104134,10,182694
31537,0.00174,172.31.36.0-255,66,104200,10,182694
31538,0.001766,74.125.24.0-255,2902,107102,10,182694
31539,0.001769,172.31.36.0-255,66,107168,10,182694
31540,0.001805,172.31.36.0-255,66,107234,10,182694
31541,0.001826,74.125.24.0-255,2902,110136,10,182694
31542,0.001829,172.31.36.0-255,66,110202,10,182694
31543,0.001835,74.125.24.0-255,5020,115222,10,182694
31544,0.001837,172.31.36.0-255,66,115288,10,182694
31545,0.001931,74.125.24.0-255,1484,116772,10,182694
31546,0.001938,74.125.24.0-255,2902,119674,10,182694
31547,0.001941,172.31.36.0-255,66,119740,10,182694
31548,0.001948,74.125.24.0-255,5738,125478,10,182694
31549,0.001951,172.31.36.0-255,66,125544,10,182694
31550,0.00197,74.125.24.0-255,4320,129864,10,182694
31551,0.001973,172.31.36.0-255,66,129930,10,182694
31552,0.002004,172.31.36.0-255,66,129996,10,182694
31553,0.002018,172.31.36.0-255,66,130062,10,182694
31554,0.002092,74.125.24.0-255,1484,131546,10,182694
31555,0.00211,74.125.24.0-255,2902,134448,10,182694
31556,0.002114,172.31.36.0-255,66,134514,10,182694
31557,0.002121,74.125.24.0-255,5738,140252,10,182694
31558,0.002123,172.31.36.0-255,66,140318,10,182694
31559,0.002135,74.125.24.0-255,1484,141802,10,182694
31560,0.002165,172.31.36.0-255,66,141868,10,182694
31561,0.002178,172.31.36.0-255,66,141934,10,182694
31562,0.004507,74.125.24.0-255,5738,147672,10,182694
31563,0.004513,172.31.36.0-255,66,147738,10,182694
31564,0.006846,74.125.24.0-255,2902,150640,10,182694
31565,0.00685,172.31.36.0-255,66,150706,10,182694
31566,0.006868,74.125.24.0-255,2902,153608,10,182694
31567,0.006871,172.31.36.0-255,66,153674,10,182694
31568,0.009195,74.125.24.0-255,5738,159412,10,182694
31569,0.009203,172.31.36.0-255,66,159478,10,182694
31570,0.011545,74.125.24.0-255,5738,165216,10,182694
31571,0.011554,172.31.36.0-255,66,165282,10,182694
31572,0.013904,74.125.24.0-255,5738,171020,10,182694
31573,0.013912,172.31.36.0-255,66,171086,10,182694
31574,0.016231,74.125.24.0-255,5738,176824,10,182694
31575,0.016243,172.31.36.0-255,66,176890,10,182694
31576,0.018587,74.125.24.0-255,5738,182628,10,182694
31577,0.018596,172.31.36.0-255,66,182694,10,182694
31578,0.0,74.125.68.0-255,145,145,10,114917
31579,1.6e-05,172.31.36.0-255,66,211,10,114917
31580,2.2e-05,74.125.68.0-255,1484,1695,10,114917
31581,2.7e-05,172.31.36.0-255,66,1761,10,114917
31582,3.9e-05,74.125.68.0-255,2902,4663,10,114917
31583,4.2e-05,172.31.36.0-255,66,4729,10,114917
31584,4.7e-05,74.125.68.0-255,4320,9049,10,114917
31585,5e-05,172.31.36.0-255,66,9115,10,114917
31586,0.000104,74.125.68.0-255,1484,10599,10,114917
31587,0.000107,172.31.36.0-255,66,10665,10,114917
31588,0.000131,172.31.36.0-255,66,10731,10,114917
31589,0.000253,74.125.68.0-255,2902,13633,10,114917
31590,0.000257,172.31.36.0-255,66,13699,10,114917
31591,0.000282,74.125.68.0-255,1484,15183,10,114917
31592,0.000285,172.31.36.0-255,66,15249,10,114917
31593,0.000326,74.125.68.0-255,7156,22405,10,114917
31594,0.000329,172.31.36.0-255,66,22471,10,114917
31595,0.000355,74.125.68.0-255,5379,27850,10,114917
31596,0.000357,172.31.36.0-255,66,27916,10,114917
31597,0.000511,74.125.68.0-255,7156,35072,10,114917
31598,0.000516,172.31.36.0-255,66,35138,10,114917
31599,0.00055,172.31.36.0-255,66,35204,10,114917
31600,0.0008,74.125.68.0-255,4320,39524,10,114917
31601,0.000804,172.31.36.0-255,66,39590,10,114917
31602,0.000821,74.125.68.0-255,6438,46028,10,114917
31603,0.000824,172.31.36.0-255,66,46094,10,114917
31604,0.000948,74.125.68.0-255,444,46538,10,114917
31605,0.000952,172.31.36.0-255,66,46604,10,114917
31606,0.000984,74.125.68.0-255,7156,53760,10,114917
31607,0.000987,172.31.36.0-255,66,53826,10,114917
31608,0.00106,172.31.36.0-255,66,53892,10,114917
31609,0.001126,172.31.36.0-255,101,53993,10,114917
31610,0.001469,74.125.68.0-255,766,54759,10,114917
31611,0.001502,74.125.68.0-255,4320,59079,10,114917
31612,0.001508,172.31.36.0-255,66,59145,10,114917
31613,0.002042,74.125.68.0-255,7156,66301,10,114917
31614,0.002363,74.125.68.0-255,5020,71321,10,114917
31615,0.003093,74.125.68.0-255,5738,77059,10,114917
31616,0.00363,74.125.68.0-255,2902,79961,10,114917
31617,0.004154,172.31.36.0-255,66,80027,10,114917
31618,0.00448,74.125.68.0-255,66,80093,10,114917
31619,0.006401,74.125.68.0-255,5738,85831,10,114917
31620,0.006408,172.31.36.0-255,66,85897,10,114917
31621,0.008666,74.125.68.0-255,5738,91635,10,114917
31622,0.008672,172.31.36.0-255,66,91701,10,114917
31623,0.010929,74.125.68.0-255,5738,97439,10,114917
31624,0.010937,172.31.36.0-255,66,97505,10,114917
31625,0.013183,74.125.68.0-255,5738,103243,10,114917
31626,0.013191,172.31.36.0-255,66,103309,10,114917
31627,0.015426,74.125.68.0-255,5738,109047,10,114917
31628,0.01741,172.31.36.0-255,66,109113,10,114917
31629,0.019661,74.125.68.0-255,5738,114851,10,114917
31630,0.019671,172.31.36.0-255,66,114917,10,114917
31631,0.0,74.125.24.0-255,153,153,10,227674
31632,2.1e-05,172.31.36.0-255,66,219,10,227674
31633,2.9e-05,74.125.24.0-255,1484,1703,10,227674
31634,3.4e-05,172.31.36.0-255,66,1769,10,227674
31635,3.9e-05,74.125.24.0-255,2902,4671,10,227674
31636,4.3e-05,172.31.36.0-255,66,4737,10,227674
31637,4.8e-05,74.125.24.0-255,2902,7639,10,227674
31638,5.1e-05,172.31.36.0-255,66,7705,10,227674
31639,6.3e-05,172.31.36.0-255,66,7771,10,227674
31640,9e-05,74.125.24.0-255,1484,9255,10,227674
31641,9.2e-05,172.31.36.0-255,66,9321,10,227674
31642,0.000127,172.31.36.0-255,66,9387,10,227674
31643,0.000159,74.125.24.0-255,1484,10871,10,227674
31644,0.000161,172.31.36.0-255,66,10937,10,227674
31645,0.000165,74.125.24.0-255,1484,12421,10,227674
31646,0.000167,172.31.36.0-255,66,12487,10,227674
31647,0.000202,172.31.36.0-255,66,12553,10,227674
31648,0.000293,172.31.36.0-255,66,12619,10,227674
31649,0.000322,74.125.24.0-255,1125,13744,10,227674
31650,0.000324,172.31.36.0-255,66,13810,10,227674
31651,0.000428,74.125.24.0-255,647,14457,10,227674
31652,0.000432,172.31.36.0-255,66,14523,10,227674
31653,0.000557,74.125.24.0-255,1484,16007,10,227674
31654,0.000563,172.31.36.0-255,66,16073,10,227674
31655,0.000568,74.125.24.0-255,2902,18975,10,227674
31656,0.000571,172.31.36.0-255,66,19041,10,227674
31657,0.000577,74.125.24.0-255,5738,24779,10,227674
31658,0.00058,172.31.36.0-255,66,24845,10,227674
31659,0.000598,74.125.24.0-255,1484,26329,10,227674
31660,0.000632,172.31.36.0-255,66,26395,10,227674
31661,0.00068,172.31.36.0-255,66,26461,10,227674
31662,0.000701,74.125.24.0-255,2184,28645,10,227674
31663,0.000704,172.31.36.0-255,66,28711,10,227674
31664,0.001234,74.125.24.0-255,1484,30195,10,227674
31665,0.001242,74.125.24.0-255,2902,33097,10,227674
31666,0.001246,172.31.36.0-255,66,33163,10,227674
31667,0.001271,74.125.24.0-255,5738,38901,10,227674
31668,0.001274,172.31.36.0-255,66,38967,10,227674
31669,0.001289,74.125.24.0-255,2902,41869,10,227674
31670,0.001291,172.31.36.0-255,66,41935,10,227674
31671,0.001315,172.31.36.0-255,66,42001,10,227674
31672,0.00135,74.125.24.0-255,4320,46321,10,227674
31673,0.001353,172.31.36.0-255,66,46387,10,227674
31674,0.001367,74.125.24.0-255,1484,47871,10,227674
31675,0.001401,172.31.36.0-255,66,47937,10,227674
31676,0.00144,74.125.24.0-255,4320,52257,10,227674
31677,0.001445,172.31.36.0-255,66,52323,10,227674
31678,0.001477,172.31.36.0-255,66,52389,10,227674
31679,0.001541,74.125.24.0-255,2902,55291,10,227674
31680,0.001544,172.31.36.0-255,66,55357,10,227674
31681,0.001565,74.125.24.0-255,1484,56841,10,227674
31682,0.001571,74.125.24.0-255,5020,61861,10,227674
31683,0.001574,172.31.36.0-255,66,61927,10,227674
31684,0.001735,74.125.24.0-255,1484,63411,10,227674
31685,0.001751,74.125.24.0-255,2902,66313,10,227674
31686,0.001754,74.125.24.0-255,1484,67797,10,227674
31687,0.001758,172.31.36.0-255,66,67863,10,227674
31688,0.001773,74.125.24.0-255,4320,72183,10,227674
31689,0.001776,172.31.36.0-255,66,72249,10,227674
31690,0.001809,74.125.24.0-255,7156,79405,10,227674
31691,0.001812,172.31.36.0-255,66,79471,10,227674
31692,0.001818,74.125.24.0-255,4320,83791,10,227674
31693,0.00182,172.31.36.0-255,66,83857,10,227674
31694,0.001869,74.125.24.0-255,4320,88177,10,227674
31695,0.001872,172.31.36.0-255,66,88243,10,227674
31696,0.001896,172.31.36.0-255,66,88309,10,227674
31697,0.002049,74.125.24.0-255,1484,89793,10,227674
31698,0.002054,74.125.24.0-255,2902,92695,10,227674
31699,0.002063,172.31.36.0-255,66,92761,10,227674
31700,0.002085,74.125.24.0-255,5738,98499,10,227674
31701,0.002087,172.31.36.0-255,66,98565,10,227674
31702,0.002091,74.125.24.0-255,1484,100049,10,227674
31703,0.002101,172.31.36.0-255,66,100115,10,227674
31704,0.002139,74.125.24.0-255,5738,105853,10,227674
31705,0.002143,172.31.36.0-255,66,105919,10,227674
31706,0.00216,74.125.24.0-255,1484,107403,10,227674
31707,0.00218,74.125.24.0-255,5738,113141,10,227674
31708,0.002183,172.31.36.0-255,66,113207,10,227674
31709,0.002217,74.125.24.0-255,4320,117527,10,227674
31710,0.00222,172.31.36.0-255,66,117593,10,227674
31711,0.002233,74.125.24.0-255,3602,121195,10,227674
31712,0.002236,172.31.36.0-255,66,121261,10,227674
31713,0.00225,74.125.24.0-255,2902,124163,10,227674
31714,0.002252,172.31.36.0-255,66,124229,10,227674
31715,0.002295,172.31.36.0-255,66,124295,10,227674
31716,0.002341,74.125.24.0-255,1484,125779,10,227674
31717,0.002371,172.31.36.0-255,66,125845,10,227674
31718,0.002397,74.125.24.0-255,1484,127329,10,227674
31719,0.002401,74.125.24.0-255,2902,130231,10,227674
31720,0.002404,172.31.36.0-255,66,130297,10,227674
31721,0.002422,74.125.24.0-255,2902,133199,10,227674
31722,0.002425,172.31.36.0-255,66,133265,10,227674
31723,0.002443,74.125.24.0-255,7156,140421,10,227674
31724,0.002445,172.31.36.0-255,66,140487,10,227674
31725,0.002457,74.125.24.0-255,1484,141971,10,227674
31726,0.002485,74.125.24.0-255,7156,149127,10,227674
31727,0.002489,172.31.36.0-255,66,149193,10,227674
31728,0.002512,74.125.24.0-255,5738,154931,10,227674
31729,0.002516,172.31.36.0-255,66,154997,10,227674
31730,0.002549,74.125.24.0-255,2902,157899,10,227674
31731,0.002552,172.31.36.0-255,66,157965,10,227674
31732,0.002572,74.125.24.0-255,2184,160149,10,227674
31733,0.002575,172.31.36.0-255,66,160215,10,227674
31734,0.002618,74.125.24.0-255,4320,164535,10,227674
31735,0.002623,172.31.36.0-255,66,164601,10,227674
31736,0.002639,74.125.24.0-255,1484,166085,10,227674
31737,0.002665,74.125.24.0-255,7156,173241,10,227674
31738,0.002668,172.31.36.0-255,66,173307,10,227674
31739,0.00268,74.125.24.0-255,1484,174791,10,227674
31740,0.002706,172.31.36.0-255,66,174857,10,227674
31741,0.002729,74.125.24.0-255,4320,179177,10,227674
31742,0.002732,172.31.36.0-255,66,179243,10,227674
31743,0.002751,74.125.24.0-255,5738,184981,10,227674
31744,0.002755,172.31.36.0-255,66,185047,10,227674
31745,0.00277,74.125.24.0-255,766,185813,10,227674
31746,0.002786,74.125.24.0-255,5738,191551,10,227674
31747,0.002788,172.31.36.0-255,66,191617,10,227674
31748,0.002801,74.125.24.0-255,1484,193101,10,227674
31749,0.00283,74.125.24.0-255,5738,198839,10,227674
31750,0.002834,172.31.36.0-255,66,198905,10,227674
31751,0.002855,74.125.24.0-255,5738,204643,10,227674
31752,0.002858,172.31.36.0-255,66,204709,10,227674
31753,0.002892,172.31.36.0-255,66,204775,10,227674
31754,0.002929,74.125.24.0-255,2902,207677,10,227674
31755,0.002932,172.31.36.0-255,66,207743,10,227674
31756,0.002954,74.125.24.0-255,3602,211345,10,227674
31757,0.002958,172.31.36.0-255,66,211411,10,227674
31758,0.002976,74.125.24.0-255,5738,217149,10,227674
31759,0.003042,74.125.24.0-255,1484,218633,10,227674
31760,0.003046,74.125.24.0-255,1484,220117,10,227674
31761,0.003099,74.125.24.0-255,3602,223719,10,227674
31762,0.003197,74.125.24.0-255,3613,227332,10,227674
31763,0.003201,74.125.24.0-255,105,227437,10,227674
31764,0.009467,172.31.36.0-255,66,227503,10,227674
31765,0.011742,172.31.36.0-255,105,227608,10,227674
31766,0.014004,74.125.24.0-255,66,227674,10,227674
31767,0.0,216.58.221.0-255,153,153,10,211135
31768,2.2e-05,172.31.36.0-255,66,219,10,211135
31769,2.8e-05,216.58.221.0-255,1484,1703,10,211135
31770,3.1e-05,172.31.36.0-255,66,1769,10,211135
31771,3.6e-05,216.58.221.0-255,2902,4671,10,211135
31772,4.6e-05,172.31.36.0-255,66,4737,10,211135
31773,5.3e-05,216.58.221.0-255,7156,11893,10,211135
31774,5.6e-05,172.31.36.0-255,66,11959,10,211135
31775,9e-05,216.58.221.0-255,3491,15450,10,211135
31776,9.3e-05,172.31.36.0-255,66,15516,10,211135
31777,9.9e-05,216.58.221.0-255,4320,19836,10,211135
31778,0.000101,172.31.36.0-255,66,19902,10,211135
31779,0.000112,172.31.36.0-255,66,19968,10,211135
31780,0.00014,216.58.221.0-255,1484,21452,10,211135
31781,0.000142,172.31.36.0-255,66,21518,10,211135
31782,0.000145,216.58.221.0-255,1125,22643,10,211135
31783,0.000148,172.31.36.0-255,66,22709,10,211135
31784,0.000288,216.58.221.0-255,1484,24193,10,211135
31785,0.000293,172.31.36.0-255,66,24259,10,211135
31786,0.000298,216.58.221.0-255,2902,27161,10,211135
31787,0.0003,172.31.36.0-255,66,27227,10,211135
31788,0.000313,216.58.221.0-255,5738,32965,10,211135
31789,0.000315,216.58.221.0-255,1484,34449,10,211135
31790,0.000318,172.31.36.0-255,66,34515,10,211135
31791,0.000321,172.31.36.0-255,66,34581,10,211135
31792,0.000355,216.58.221.0-255,5379,39960,10,211135
31793,0.000358,172.31.36.0-255,66,40026,10,211135
31794,0.000787,216.58.221.0-255,1484,41510,10,211135
31795,0.000792,172.31.36.0-255,66,41576,10,211135
31796,0.0008,216.58.221.0-255,1484,43060,10,211135
31797,0.000802,172.31.36.0-255,66,43126,10,211135
31798,0.000837,216.58.221.0-255,1484,44610,10,211135
31799,0.000846,216.58.221.0-255,5738,50348,10,211135
31800,0.000849,172.31.36.0-255,66,50414,10,211135
31801,0.000852,216.58.221.0-255,1484,51898,10,211135
31802,0.000856,216.58.221.0-255,2902,54800,10,211135
31803,0.000858,172.31.36.0-255,66,54866,10,211135
31804,0.0009,216.58.221.0-255,2833,57699,10,211135
31805,0.000904,172.31.36.0-255,66,57765,10,211135
31806,0.001261,216.58.221.0-255,137,57902,10,211135
31807,0.001393,216.58.221.0-255,1484,59386,10,211135
31808,0.0014,172.31.36.0-255,66,59452,10,211135
31809,0.001406,216.58.221.0-255,2902,62354,10,211135
31810,0.001408,172.31.36.0-255,66,62420,10,211135
31811,0.001423,216.58.221.0-255,5738,68158,10,211135
31812,0.001425,172.31.36.0-255,66,68224,10,211135
31813,0.001462,216.58.221.0-255,6797,75021,10,211135
31814,0.001464,172.31.36.0-255,66,75087,10,211135
31815,0.001495,216.58.221.0-255,7156,82243,10,211135
31816,0.001497,172.31.36.0-255,66,82309,10,211135
31817,0.001502,216.58.221.0-255,4320,86629,10,211135
31818,0.001504,172.31.36.0-255,66,86695,10,211135
31819,0.00154,216.58.221.0-255,5379,92074,10,211135
31820,0.001542,172.31.36.0-255,66,92140,10,211135
31821,0.002226,216.58.221.0-255,1484,93624,10,211135
31822,0.002241,216.58.221.0-255,1484,95108,10,211135
31823,0.002243,172.31.36.0-255,66,95174,10,211135
31824,0.002248,216.58.221.0-255,2902,98076,10,211135
31825,0.002251,172.31.36.0-255,66,98142,10,211135
31826,0.002254,216.58.221.0-255,2902,101044,10,211135
31827,0.00226,172.31.36.0-255,66,101110,10,211135
31828,0.002293,216.58.221.0-255,2902,104012,10,211135
31829,0.002295,172.31.36.0-255,66,104078,10,211135
31830,0.002299,216.58.221.0-255,2902,106980,10,211135
31831,0.002301,172.31.36.0-255,66,107046,10,211135
31832,0.002345,172.31.36.0-255,66,107112,10,211135
31833,0.002354,172.31.36.0-255,66,107178,10,211135
31834,0.002407,172.31.36.0-255,66,107244,10,211135
31835,0.002417,172.31.36.0-255,66,107310,10,211135
31836,0.002453,216.58.221.0-255,7156,114466,10,211135
31837,0.002456,172.31.36.0-255,66,114532,10,211135
31838,0.00249,172.31.36.0-255,66,114598,10,211135
31839,0.002494,216.58.221.0-255,2902,117500,10,211135
31840,0.002496,172.31.36.0-255,66,117566,10,211135
31841,0.0025,216.58.221.0-255,2902,120468,10,211135
31842,0.002502,172.31.36.0-255,66,120534,10,211135
31843,0.002536,216.58.221.0-255,1484,122018,10,211135
31844,0.002547,172.31.36.0-255,66,122084,10,211135
31845,0.002553,216.58.221.0-255,7156,129240,10,211135
31846,0.002555,172.31.36.0-255,66,129306,10,211135
31847,0.002592,172.31.36.0-255,66,129372,10,211135
31848,0.002596,216.58.221.0-255,2184,131556,10,211135
31849,0.002598,172.31.36.0-255,66,131622,10,211135
31850,0.002739,216.58.221.0-255,1484,133106,10,211135
31851,0.002743,216.58.221.0-255,1484,134590,10,211135
31852,0.002745,172.31.36.0-255,66,134656,10,211135
31853,0.002766,216.58.221.0-255,1484,136140,10,211135
31854,0.002769,216.58.221.0-255,1484,137624,10,211135
31855,0.002771,172.31.36.0-255,66,137690,10,211135
31856,0.002777,216.58.221.0-255,4320,142010,10,211135
31857,0.002779,172.31.36.0-255,66,142076,10,211135
31858,0.002808,216.58.221.0-255,4320,146396,10,211135
31859,0.002811,172.31.36.0-255,66,146462,10,211135
31860,0.002824,172.31.36.0-255,66,146528,10,211135
31861,0.002829,216.58.221.0-255,5020,151548,10,211135
31862,0.002831,172.31.36.0-255,66,151614,10,211135
31863,0.003135,216.58.221.0-255,1484,153098,10,211135
31864,0.003155,216.58.221.0-255,2902,156000,10,211135
31865,0.003158,172.31.36.0-255,66,156066,10,211135
31866,0.003162,216.58.221.0-255,2902,158968,10,211135
31867,0.003164,172.31.36.0-255,66,159034,10,211135
31868,0.003169,216.58.221.0-255,4320,163354,10,211135
31869,0.003171,172.31.36.0-255,66,163420,10,211135
31870,0.003193,172.31.36.0-255,66,163486,10,211135
31871,0.003273,172.31.36.0-255,66,163552,10,211135
31872,0.003286,172.31.36.0-255,66,163618,10,211135
31873,0.0033,172.31.36.0-255,66,163684,10,211135
31874,0.003327,216.58.221.0-255,5020,168704,10,211135
31875,0.003329,172.31.36.0-255,66,168770,10,211135
31876,0.003599,216.58.221.0-255,1484,170254,10,211135
31877,0.003606,216.58.221.0-255,2902,173156,10,211135
31878,0.00361,172.31.36.0-255,66,173222,10,211135
31879,0.003615,216.58.221.0-255,2902,176124,10,211135
31880,0.003617,172.31.36.0-255,66,176190,10,211135
31881,0.003638,216.58.221.0-255,2902,179092,10,211135
31882,0.003642,172.31.36.0-255,66,179158,10,211135
31883,0.003654,172.31.36.0-255,66,179224,10,211135
31884,0.003679,216.58.221.0-255,2902,182126,10,211135
31885,0.003683,172.31.36.0-255,66,182192,10,211135
31886,0.003696,172.31.36.0-255,66,182258,10,211135
31887,0.003729,172.31.36.0-255,66,182324,10,211135
31888,0.003765,216.58.221.0-255,1484,183808,10,211135
31889,0.003781,172.31.36.0-255,66,183874,10,211135
31890,0.003787,172.31.36.0-255,66,183940,10,211135
31891,0.003924,216.58.221.0-255,1484,185424,10,211135
31892,0.003929,216.58.221.0-255,2902,188326,10,211135
31893,0.003933,172.31.36.0-255,66,188392,10,211135
31894,0.003965,216.58.221.0-255,5738,194130,10,211135
31895,0.003969,172.31.36.0-255,66,194196,10,211135
31896,0.003979,172.31.36.0-255,66,194262,10,211135
31897,0.003986,216.58.221.0-255,7156,201418,10,211135
31898,0.003988,172.31.36.0-255,66,201484,10,211135
31899,0.00401,216.58.221.0-255,2902,204386,10,211135
31900,0.004013,172.31.36.0-255,66,204452,10,211135
31901,0.004017,216.58.221.0-255,2902,207354,10,211135
31902,0.004019,172.31.36.0-255,66,207420,10,211135
31903,0.004066,172.31.36.0-255,66,207486,10,211135
31904,0.004071,216.58.221.0-255,3241,210727,10,211135
31905,0.004073,172.31.36.0-255,66,210793,10,211135
31906,0.004094,216.58.221.0-255,105,210898,10,211135
31907,0.007632,172.31.36.0-255,66,210964,10,211135
31908,0.007667,172.31.36.0-255,105,211069,10,211135
31909,0.009547,216.58.221.0-255,66,211135,10,211135
31910,0.0,74.125.130.0-255,297,297,10,194791
31911,2.3e-05,172.31.36.0-255,66,363,10,194791
31912,2.9e-05,74.125.130.0-255,1484,1847,10,194791
31913,3.3e-05,172.31.36.0-255,66,1913,10,194791
31914,3.8e-05,74.125.130.0-255,4320,6233,10,194791
31915,5e-05,172.31.36.0-255,66,6299,10,194791
31916,8.6e-05,172.31.36.0-255,66,6365,10,194791
31917,0.000124,74.125.130.0-255,1484,7849,10,194791
31918,0.000127,172.31.36.0-255,66,7915,10,194791
31919,0.000161,74.125.130.0-255,2902,10817,10,194791
31920,0.000163,172.31.36.0-255,66,10883,10,194791
31921,0.000168,74.125.130.0-255,5738,16621,10,194791
31922,0.00017,172.31.36.0-255,66,16687,10,194791
31923,0.000179,74.125.130.0-255,4320,21007,10,194791
31924,0.000182,172.31.36.0-255,66,21073,10,194791
31925,0.000219,74.125.130.0-255,2543,23616,10,194791
31926,0.000222,172.31.36.0-255,66,23682,10,194791
31927,0.000746,74.125.130.0-255,1484,25166,10,194791
31928,0.000752,172.31.36.0-255,66,25232,10,194791
31929,0.000761,74.125.130.0-255,2902,28134,10,194791
31930,0.000763,172.31.36.0-255,66,28200,10,194791
31931,0.000775,74.125.130.0-255,4320,32520,10,194791
31932,0.000777,172.31.36.0-255,66,32586,10,194791
31933,0.000783,74.125.130.0-255,4320,36906,10,194791
31934,0.000785,172.31.36.0-255,66,36972,10,194791
31935,0.000799,74.125.130.0-255,1484,38456,10,194791
31936,0.000801,172.31.36.0-255,66,38522,10,194791
31937,0.000827,74.125.130.0-255,1484,40006,10,194791
31938,0.00083,172.31.36.0-255,66,40072,10,194791
31939,0.000869,172.31.36.0-255,66,40138,10,194791
31940,0.000885,172.31.36.0-255,66,40204,10,194791
31941,0.000928,74.125.130.0-255,121,40325,10,194791
31942,0.0012,74.125.130.0-255,1484,41809,10,194791
31943,0.001206,172.31.36.0-255,66,41875,10,194791
31944,0.001216,74.125.130.0-255,2902,44777,10,194791
31945,0.001228,172.31.36.0-255,66,44843,10,194791
31946,0.001232,74.125.130.0-255,1484,46327,10,194791
31947,0.001268,74.125.130.0-255,2902,49229,10,194791
31948,0.001272,172.31.36.0-255,66,49295,10,194791
31949,0.001278,74.125.130.0-255,5738,55033,10,194791
31950,0.001281,172.31.36.0-255,66,55099,10,194791
31951,0.001298,172.31.36.0-255,66,55165,10,194791
31952,0.001303,74.125.130.0-255,4320,59485,10,194791
31953,0.001306,172.31.36.0-255,66,59551,10,194791
31954,0.001363,172.31.36.0-255,66,59617,10,194791
31955,0.001368,74.125.130.0-255,5738,65355,10,194791
31956,0.00137,172.31.36.0-255,66,65421,10,194791
31957,0.001396,74.125.130.0-255,4320,69741,10,194791
31958,0.001398,172.31.36.0-255,66,69807,10,194791
31959,0.001408,172.31.36.0-255,66,69873,10,194791
31960,0.001413,74.125.130.0-255,4320,74193,10,194791
31961,0.001416,172.31.36.0-255,66,74259,10,194791
31962,0.001447,74.125.130.0-255,5020,79279,10,194791
31963,0.00145,172.31.36.0-255,66,79345,10,194791
31964,0.001453,74.125.130.0-255,1484,80829,10,194791
31965,0.001467,74.125.130.0-255,1484,82313,10,194791
31966,0.001469,172.31.36.0-255,66,82379,10,194791
31967,0.001494,74.125.130.0-255,1484,83863,10,194791
31968,0.001499,74.125.130.0-255,5738,89601,10,194791
31969,0.001502,172.31.36.0-255,66,89667,10,194791
31970,0.001507,74.125.130.0-255,5738,95405,10,194791
31971,0.001509,172.31.36.0-255,66,95471,10,194791
31972,0.001516,74.125.130.0-255,7156,102627,10,194791
31973,0.001522,172.31.36.0-255,66,102693,10,194791
31974,0.001559,172.31.36.0-255,66,102759,10,194791
31975,0.001562,74.125.130.0-255,380,103139,10,194791
31976,0.0019,74.125.130.0-255,1484,104623,10,194791
31977,0.001902,172.31.36.0-255,66,104689,10,194791
31978,0.001918,74.125.130.0-255,2902,107591,10,194791
31979,0.00192,172.31.36.0-255,66,107657,10,194791
31980,0.001952,74.125.130.0-255,5738,113395,10,194791
31981,0.001956,172.31.36.0-255,66,113461,10,194791
31982,0.001958,74.125.130.0-255,1484,114945,10,194791
31983,0.001962,74.125.130.0-255,2902,117847,10,194791
31984,0.001964,172.31.36.0-255,66,117913,10,194791
31985,0.001967,74.125.130.0-255,2902,120815,10,194791
31986,0.001978,172.31.36.0-255,66,120881,10,194791
31987,0.002007,74.125.130.0-255,2902,123783,10,194791
31988,0.00201,172.31.36.0-255,66,123849,10,194791
31989,0.002021,172.31.36.0-255,66,123915,10,194791
31990,0.00205,74.125.130.0-255,3602,127517,10,194791
31991,0.002054,172.31.36.0-255,66,127583,10,194791
31992,0.002118,74.125.130.0-255,1484,129067,10,194791
31993,0.002138,74.125.130.0-255,2902,131969,10,194791
31994,0.002142,172.31.36.0-255,66,132035,10,194791
31995,0.002145,74.125.130.0-255,1484,133519,10,194791
31996,0.002151,74.125.130.0-255,2902,136421,10,194791
31997,0.002153,172.31.36.0-255,66,136487,10,194791
31998,0.002163,74.125.130.0-255,2902,139389,10,194791
31999,0.002165,172.31.36.0-255,66,139455,10,194791
32000,0.002191,74.125.130.0-255,2902,142357,10,194791
32001,0.002199,172.31.36.0-255,66,142423,10,194791
32002,0.002206,74.125.130.0-255,7156,149579,10,194791
32003,0.002208,172.31.36.0-255,66,149645,10,194791
32004,0.002238,74.125.130.0-255,2902,152547,10,194791
32005,0.002242,172.31.36.0-255,66,152613,10,194791
32006,0.002245,74.125.130.0-255,1484,154097,10,194791
32007,0.002278,172.31.36.0-255,66,154163,10,194791
32008,0.004504,74.125.130.0-255,5738,159901,10,194791
32009,0.004511,172.31.36.0-255,66,159967,10,194791
32010,0.006739,74.125.130.0-255,5738,165705,10,194791
32011,0.006744,172.31.36.0-255,66,165771,10,194791
32012,0.008988,74.125.130.0-255,5738,171509,10,194791
32013,0.008995,172.31.36.0-255,66,171575,10,194791
32014,0.011225,74.125.130.0-255,5738,177313,10,194791
32015,0.011233,172.31.36.0-255,66,177379,10,194791
32016,0.013469,74.125.130.0-255,5738,183117,10,194791
32017,0.013476,172.31.36.0-255,66,183183,10,194791
32018,0.015708,74.125.130.0-255,5738,188921,10,194791
32019,0.015718,172.31.36.0-255,66,188987,10,194791
32020,0.017965,74.125.130.0-255,5738,194725,10,194791
32021,0.017975,172.31.36.0-255,66,194791,10,194791
32022,0.0,74.125.200.0-255,146,146,10,195353
32023,2.4e-05,172.31.36.0-255,66,212,10,195353
32024,3.1e-05,74.125.200.0-255,1484,1696,10,195353
32025,3.6e-05,172.31.36.0-255,66,1762,10,195353
32026,4.9e-05,74.125.200.0-255,2902,4664,10,195353
32027,5.2e-05,172.31.36.0-255,66,4730,10,195353
32028,5.8e-05,74.125.200.0-255,4320,9050,10,195353
32029,6.2e-05,172.31.36.0-255,66,9116,10,195353
32030,9.8e-05,74.125.200.0-255,4882,13998,10,195353
32031,0.000101,172.31.36.0-255,66,14064,10,195353
32032,0.000153,74.125.200.0-255,1484,15548,10,195353
32033,0.000156,172.31.36.0-255,66,15614,10,195353
32034,0.000176,74.125.200.0-255,2902,18516,10,195353
32035,0.000178,172.31.36.0-255,66,18582,10,195353
32036,0.000182,74.125.200.0-255,1484,20066,10,195353
32037,0.000184,172.31.36.0-255,66,20132,10,195353
32038,0.00019,74.125.200.0-255,2902,23034,10,195353
32039,0.000194,172.31.36.0-255,66,23100,10,195353
32040,0.000233,74.125.200.0-255,5738,28838,10,195353
32041,0.000236,172.31.36.0-255,66,28904,10,195353
32042,0.000241,74.125.200.0-255,2543,31447,10,195353
32043,0.000243,172.31.36.0-255,66,31513,10,195353
32044,0.000369,74.125.200.0-255,1484,32997,10,195353
32045,0.000375,172.31.36.0-255,66,33063,10,195353
32046,0.000379,74.125.200.0-255,1484,34547,10,195353
32047,0.000381,172.31.36.0-255,66,34613,10,195353
32048,0.000411,74.125.200.0-255,1484,36097,10,195353
32049,0.000414,172.31.36.0-255,66,36163,10,195353
32050,0.000421,74.125.200.0-255,5738,41901,10,195353
32051,0.000424,172.31.36.0-255,66,41967,10,195353
32052,0.000433,74.125.200.0-255,2902,44869,10,195353
32053,0.000435,172.31.36.0-255,66,44935,10,195353
32054,0.000465,74.125.200.0-255,3961,48896,10,195353
32055,0.000467,172.31.36.0-255,66,48962,10,195353
32056,0.000476,74.125.200.0-255,7156,56118,10,195353
32057,0.000478,172.31.36.0-255,66,56184,10,195353
32058,0.000484,74.125.200.0-255,4320,60504,10,195353
32059,0.000486,172.31.36.0-255,66,60570,10,195353
32060,0.000521,74.125.200.0-255,5379,65949,10,195353
32061,0.000524,172.31.36.0-255,66,66015,10,195353
32062,0.000526,74.125.200.0-255,413,66428,10,195353
32063,0.000601,74.125.200.0-255,331,66759,10,195353
32064,0.000971,74.125.200.0-255,1484,68243,10,195353
32065,0.000975,172.31.36.0-255,66,68309,10,195353
32066,0.000981,74.125.200.0-255,2902,71211,10,195353
32067,0.000984,172.31.36.0-255,66,71277,10,195353
32068,0.001009,74.125.200.0-255,5738,77015,10,195353
32069,0.001013,172.31.36.0-255,66,77081,10,195353
32070,0.001036,74.125.200.0-255,2902,79983,10,195353
32071,0.001039,172.31.36.0-255,66,80049,10,195353
32072,0.001066,74.125.200.0-255,5738,85787,10,195353
32073,0.001069,172.31.36.0-255,66,85853,10,195353
32074,0.001081,172.31.36.0-255,66,85919,10,195353
32075,0.001092,74.125.200.0-255,5020,90939,10,195353
32076,0.001095,172.31.36.0-255,66,91005,10,195353
32077,0.001313,74.125.200.0-255,1484,92489,10,195353
32078,0.00133,74.125.200.0-255,2902,95391,10,195353
32079,0.001332,172.31.36.0-255,66,95457,10,195353
32080,0.001359,74.125.200.0-255,1484,96941,10,195353
32081,0.001364,74.125.200.0-255,2902,99843,10,195353
32082,0.001366,172.31.36.0-255,66,99909,10,195353
32083,0.001373,74.125.200.0-255,5738,105647,10,195353
32084,0.001375,172.31.36.0-255,66,105713,10,195353
32085,0.001402,74.125.200.0-255,7156,112869,10,195353
32086,0.001405,172.31.36.0-255,66,112935,10,195353
32087,0.00141,74.125.200.0-255,2902,115837,10,195353
32088,0.001412,172.31.36.0-255,66,115903,10,195353
32089,0.001433,74.125.200.0-255,5738,121641,10,195353
32090,0.00144,172.31.36.0-255,66,121707,10,195353
32091,0.001445,74.125.200.0-255,3602,125309,10,195353
32092,0.001447,172.31.36.0-255,66,125375,10,195353
32093,0.001573,74.125.200.0-255,1484,126859,10,195353
32094,0.001588,74.125.200.0-255,2902,129761,10,195353
32095,0.00159,172.31.36.0-255,66,129827,10,195353
32096,0.001619,74.125.200.0-255,4320,134147,10,195353
32097,0.001622,172.31.36.0-255,66,134213,10,195353
32098,0.001628,74.125.200.0-255,4320,138533,10,195353
32099,0.00163,172.31.36.0-255,66,138599,10,195353
32100,0.001658,74.125.200.0-255,4320,142919,10,195353
32101,0.001661,172.31.36.0-255,66,142985,10,195353
32102,0.001672,172.31.36.0-255,66,143051,10,195353
32103,0.001711,172.31.36.0-255,66,143117,10,195353
32104,0.003723,74.125.200.0-255,5738,148855,10,195353
32105,0.003727,172.31.36.0-255,66,148921,10,195353
32106,0.005756,74.125.200.0-255,5738,154659,10,195353
32107,0.005763,172.31.36.0-255,66,154725,10,195353
32108,0.007779,74.125.200.0-255,5738,160463,10,195353
32109,0.007786,172.31.36.0-255,66,160529,10,195353
32110,0.009807,74.125.200.0-255,5738,166267,10,195353
32111,0.00981,172.31.36.0-255,66,166333,10,195353
32112,0.011821,74.125.200.0-255,5738,172071,10,195353
32113,0.011828,172.31.36.0-255,66,172137,10,195353
32114,0.013857,74.125.200.0-255,5738,177875,10,195353
32115,0.013865,172.31.36.0-255,66,177941,10,195353
32116,0.01589,74.125.200.0-255,5738,183679,10,195353
32117,0.015898,172.31.36.0-255,66,183745,10,195353
32118,0.017919,74.125.200.0-255,5738,189483,10,195353
32119,0.017928,172.31.36.0-255,66,189549,10,195353
32120,0.019954,74.125.200.0-255,5738,195287,10,195353
32121,0.019964,172.31.36.0-255,66,195353,10,195353
32122,0.0,74.125.68.0-255,153,153,10,212794
32123,3e-05,172.31.36.0-255,66,219,10,212794
32124,3.6e-05,74.125.68.0-255,1484,1703,10,212794
32125,4e-05,172.31.36.0-255,66,1769,10,212794
32126,4.6e-05,74.125.68.0-255,2902,4671,10,212794
32127,5e-05,172.31.36.0-255,66,4737,10,212794
32128,5.5e-05,74.125.68.0-255,4320,9057,10,212794
32129,5.7e-05,172.31.36.0-255,66,9123,10,212794
32130,8e-05,74.125.68.0-255,1484,10607,10,212794
32131,8.2e-05,172.31.36.0-255,66,10673,10,212794
32132,0.000112,172.31.36.0-255,66,10739,10,212794
32133,0.000118,74.125.68.0-255,5738,16477,10,212794
32134,0.000121,172.31.36.0-255,66,16543,10,212794
32135,0.000168,74.125.68.0-255,6797,23340,10,212794
32136,0.000171,172.31.36.0-255,66,23406,10,212794
32137,0.000231,74.125.68.0-255,1484,24890,10,212794
32138,0.000236,172.31.36.0-255,66,24956,10,212794
32139,0.000239,74.125.68.0-255,1484,26440,10,212794
32140,0.000241,172.31.36.0-255,66,26506,10,212794
32141,0.000258,74.125.68.0-255,1484,27990,10,212794
32142,0.00026,172.31.36.0-255,66,28056,10,212794
32143,0.000265,74.125.68.0-255,2902,30958,10,212794
32144,0.000267,172.31.36.0-255,66,31024,10,212794
32145,0.000292,74.125.68.0-255,1484,32508,10,212794
32146,0.000295,172.31.36.0-255,66,32574,10,212794
32147,0.000302,74.125.68.0-255,5738,38312,10,212794
32148,0.000304,172.31.36.0-255,66,38378,10,212794
32149,0.000322,74.125.68.0-255,3961,42339,10,212794
32150,0.000325,172.31.36.0-255,66,42405,10,212794
32151,0.000329,74.125.68.0-255,2902,45307,10,212794
32152,0.000334,172.31.36.0-255,66,45373,10,212794
32153,0.00037,74.125.68.0-255,5738,51111,10,212794
32154,0.000374,172.31.36.0-255,66,51177,10,212794
32155,0.0004,74.125.68.0-255,7109,58286,10,212794
32156,0.000404,172.31.36.0-255,66,58352,10,212794
32157,0.00061,74.125.68.0-255,110,58462,10,212794
32158,0.00075,74.125.68.0-255,1484,59946,10,212794
32159,0.000755,172.31.36.0-255,66,60012,10,212794
32160,0.000761,74.125.68.0-255,2902,62914,10,212794
32161,0.000764,172.31.36.0-255,66,62980,10,212794
32162,0.000793,74.125.68.0-255,4320,67300,10,212794
32163,0.000797,172.31.36.0-255,66,67366,10,212794
32164,0.000803,74.125.68.0-255,5738,73104,10,212794
32165,0.000806,172.31.36.0-255,66,73170,10,212794
32166,0.000827,74.125.68.0-255,2543,75713,10,212794
32167,0.00083,172.31.36.0-255,66,75779,10,212794
32168,0.000863,74.125.68.0-255,2902,78681,10,212794
32169,0.000866,172.31.36.0-255,66,78747,10,212794
32170,0.000883,74.125.68.0-255,2902,81649,10,212794
32171,0.000886,172.31.36.0-255,66,81715,10,212794
32172,0.00091,74.125.68.0-255,2902,84617,10,212794
32173,0.000913,172.31.36.0-255,66,84683,10,212794
32174,0.000919,74.125.68.0-255,5738,90421,10,212794
32175,0.000922,172.31.36.0-255,66,90487,10,212794
32176,0.000945,74.125.68.0-255,1484,91971,10,212794
32177,0.000948,74.125.68.0-255,1125,93096,10,212794
32178,0.000953,172.31.36.0-255,66,93162,10,212794
32179,0.001236,74.125.68.0-255,1484,94646,10,212794
32180,0.001246,74.125.68.0-255,2902,97548,10,212794
32181,0.00125,172.31.36.0-255,66,97614,10,212794
32182,0.001255,74.125.68.0-255,1484,99098,10,212794
32183,0.001275,74.125.68.0-255,4320,103418,10,212794
32184,0.001279,172.31.36.0-255,66,103484,10,212794
32185,0.001284,74.125.68.0-255,2902,106386,10,212794
32186,0.001287,172.31.36.0-255,66,106452,10,212794
32187,0.00131,74.125.68.0-255,4320,110772,10,212794
32188,0.001314,172.31.36.0-255,66,110838,10,212794
32189,0.001321,74.125.68.0-255,5738,116576,10,212794
32190,0.001323,172.31.36.0-255,66,116642,10,212794
32191,0.001348,74.125.68.0-255,2902,119544,10,212794
32192,0.001351,172.31.36.0-255,66,119610,10,212794
32193,0.001388,74.125.68.0-255,7156,126766,10,212794
32194,0.001391,172.31.36.0-255,66,126832,10,212794
32195,0.001417,74.125.68.0-255,766,127598,10,212794
32196,0.001429,172.31.36.0-255,66,127664,10,212794
32197,0.001434,74.125.68.0-255,4320,131984,10,212794
32198,0.001436,172.31.36.0-255,66,132050,10,212794
32199,0.001451,172.31.36.0-255,66,132116,10,212794
32200,0.001456,74.125.68.0-255,2902,135018,10,212794
32201,0.001458,172.31.36.0-255,66,135084,10,212794
32202,0.001491,74.125.68.0-255,2902,137986,10,212794
32203,0.001495,172.31.36.0-255,66,138052,10,212794
32204,0.0015,74.125.68.0-255,766,138818,10,212794
32205,0.002041,172.31.36.0-255,66,138884,10,212794
32206,0.002225,74.125.68.0-255,1484,140368,10,212794
32207,0.002233,74.125.68.0-255,1484,141852,10,212794
32208,0.002237,172.31.36.0-255,66,141918,10,212794
32209,0.002255,74.125.68.0-255,1484,143402,10,212794
32210,0.002261,74.125.68.0-255,2902,146304,10,212794
32211,0.002263,172.31.36.0-255,66,146370,10,212794
32212,0.002283,74.125.68.0-255,2902,149272,10,212794
32213,0.002285,172.31.36.0-255,66,149338,10,212794
32214,0.002289,74.125.68.0-255,2902,152240,10,212794
32215,0.002291,172.31.36.0-255,66,152306,10,212794
32216,0.002296,74.125.68.0-255,4320,156626,10,212794
32217,0.002298,172.31.36.0-255,66,156692,10,212794
32218,0.002312,74.125.68.0-255,1484,158176,10,212794
32219,0.002328,74.125.68.0-255,5738,163914,10,212794
32220,0.002331,172.31.36.0-255,66,163980,10,212794
32221,0.002349,74.125.68.0-255,1484,165464,10,212794
32222,0.002354,74.125.68.0-255,2902,168366,10,212794
32223,0.002356,172.31.36.0-255,66,168432,10,212794
32224,0.002362,74.125.68.0-255,5020,173452,10,212794
32225,0.002364,172.31.36.0-255,66,173518,10,212794
32226,0.004686,74.125.68.0-255,4320,177838,10,212794
32227,0.004691,172.31.36.0-255,66,177904,10,212794
32228,0.004711,74.125.68.0-255,1484,179388,10,212794
32229,0.007046,74.125.68.0-255,4320,183708,10,212794
32230,0.007056,172.31.36.0-255,66,183774,10,212794
32231,0.00939,74.125.68.0-255,5738,189512,10,212794
32232,0.009398,172.31.36.0-255,66,189578,10,212794
32233,0.011736,74.125.68.0-255,5738,195316,10,212794
32234,0.011745,172.31.36.0-255,66,195382,10,212794
32235,0.014083,74.125.68.0-255,5738,201120,10,212794
32236,0.014094,172.31.36.0-255,66,201186,10,212794
32237,0.016432,74.125.68.0-255,5738,206924,10,212794
32238,0.016453,172.31.36.0-255,66,206990,10,212794
32239,0.018806,74.125.68.0-255,5738,212728,10,212794
32240,0.018815,172.31.36.0-255,66,212794,10,212794
32241,0.0,74.125.68.0-255,153,153,10,282927
32242,3.1e-05,172.31.36.0-255,66,219,10,282927
32243,3.8e-05,74.125.68.0-255,1484,1703,10,282927
32244,4.2e-05,172.31.36.0-255,66,1769,10,282927
32245,4.7e-05,74.125.68.0-255,2902,4671,10,282927
32246,5e-05,172.31.36.0-255,66,4737,10,282927
32247,5.3e-05,74.125.68.0-255,1484,6221,10,282927
32248,5.5e-05,172.31.36.0-255,66,6287,10,282927
32249,7.6e-05,74.125.68.0-255,5738,12025,10,282927
32250,7.9e-05,172.31.36.0-255,66,12091,10,282927
32251,9.2e-05,74.125.68.0-255,2902,14993,10,282927
32252,9.4e-05,172.31.36.0-255,66,15059,10,282927
32253,0.000111,74.125.68.0-255,4860,19919,10,282927
32254,0.000114,172.31.36.0-255,66,19985,10,282927
32255,0.000118,74.125.68.0-255,2902,22887,10,282927
32256,0.00012,172.31.36.0-255,66,22953,10,282927
32257,0.000141,74.125.68.0-255,4320,27273,10,282927
32258,0.000144,172.31.36.0-255,66,27339,10,282927
32259,0.000161,74.125.68.0-255,3961,31300,10,282927
32260,0.000163,172.31.36.0-255,66,31366,10,282927
32261,0.000197,74.125.68.0-255,1484,32850,10,282927
32262,0.0002,172.31.36.0-255,66,32916,10,282927
32263,0.000217,74.125.68.0-255,2902,35818,10,282927
32264,0.00022,172.31.36.0-255,66,35884,10,282927
32265,0.000223,74.125.68.0-255,1484,37368,10,282927
32266,0.000225,172.31.36.0-255,66,37434,10,282927
32267,0.00023,74.125.68.0-255,2902,40336,10,282927
32268,0.000233,172.31.36.0-255,66,40402,10,282927
32269,0.000261,74.125.68.0-255,5738,46140,10,282927
32270,0.000264,172.31.36.0-255,66,46206,10,282927
32271,0.000277,74.125.68.0-255,2543,48749,10,282927
32272,0.000279,172.31.36.0-255,66,48815,10,282927
32273,0.000579,74.125.68.0-255,1484,50299,10,282927
32274,0.000586,74.125.68.0-255,2902,53201,10,282927
32275,0.000589,172.31.36.0-255,66,53267,10,282927
32276,0.000609,74.125.68.0-255,5738,59005,10,282927
32277,0.000613,172.31.36.0-255,66,59071,10,282927
32278,0.000628,74.125.68.0-255,4320,63391,10,282927
32279,0.000631,172.31.36.0-255,66,63457,10,282927
32280,0.000643,74.125.68.0-255,2543,66000,10,282927
32281,0.000646,172.31.36.0-255,66,66066,10,282927
32282,0.000697,74.125.68.0-255,1484,67550,10,282927
32283,0.000701,74.125.68.0-255,1484,69034,10,282927
32284,0.000704,172.31.36.0-255,66,69100,10,282927
32285,0.00072,74.125.68.0-255,1484,70584,10,282927
32286,0.000743,74.125.68.0-255,5738,76322,10,282927
32287,0.000746,172.31.36.0-255,66,76388,10,282927
32288,0.000749,74.125.68.0-255,1484,77872,10,282927
32289,0.00077,74.125.68.0-255,5379,83251,10,282927
32290,0.000772,172.31.36.0-255,66,83317,10,282927
32291,0.000776,74.125.68.0-255,1484,84801,10,282927
32292,0.000796,74.125.68.0-255,7156,91957,10,282927
32293,0.000798,172.31.36.0-255,66,92023,10,282927
32294,0.000802,74.125.68.0-255,1484,93507,10,282927
32295,0.000826,172.31.36.0-255,66,93573,10,282927
32296,0.000977,74.125.68.0-255,1484,95057,10,282927
32297,0.000983,74.125.68.0-255,2902,97959,10,282927
32298,0.000986,172.31.36.0-255,66,98025,10,282927
32299,0.001007,74.125.68.0-255,5738,103763,10,282927
32300,0.00101,172.31.36.0-255,66,103829,10,282927
32301,0.001054,172.31.36.0-255,66,103895,10,282927
32302,0.001091,74.125.68.0-255,2902,106797,10,282927
32303,0.001094,172.31.36.0-255,66,106863,10,282927
32304,0.00112,172.31.36.0-255,66,106929,10,282927
32305,0.001198,74.125.68.0-255,1484,108413,10,282927
32306,0.001204,74.125.68.0-255,2902,111315,10,282927
32307,0.001207,172.31.36.0-255,66,111381,10,282927
32308,0.001238,74.125.68.0-255,4320,115701,10,282927
32309,0.001241,172.31.36.0-255,66,115767,10,282927
32310,0.001299,74.125.68.0-255,4320,120087,10,282927
32311,0.001302,172.31.36.0-255,66,120153,10,282927
32312,0.001317,74.125.68.0-255,1484,121637,10,282927
32313,0.001329,172.31.36.0-255,66,121703,10,282927
32314,0.00134,172.31.36.0-255,66,121769,10,282927
32315,0.00138,74.125.68.0-255,1484,123253,10,282927
32316,0.001399,74.125.68.0-255,2902,126155,10,282927
32317,0.001402,172.31.36.0-255,66,126221,10,282927
32318,0.001427,74.125.68.0-255,5738,131959,10,282927
32319,0.00143,172.31.36.0-255,66,132025,10,282927
32320,0.001435,74.125.68.0-255,2902,134927,10,282927
32321,0.001439,172.31.36.0-255,66,134993,10,282927
32322,0.001451,74.125.68.0-255,4320,139313,10,282927
32323,0.001453,172.31.36.0-255,66,139379,10,282927
32324,0.001475,74.125.68.0-255,5738,145117,10,282927
32325,0.001478,172.31.36.0-255,66,145183,10,282927
32326,0.00149,172.31.36.0-255,66,145249,10,282927
32327,0.001503,74.125.68.0-255,766,146015,10,282927
32328,0.001534,74.125.68.0-255,1484,147499,10,282927
32329,0.001537,172.31.36.0-255,66,147565,10,282927
32330,0.001558,74.125.68.0-255,2902,150467,10,282927
32331,0.001563,172.31.36.0-255,66,150533,10,282927
32332,0.001577,74.125.68.0-255,5738,156271,10,282927
32333,0.001581,172.31.36.0-255,66,156337,10,282927
32334,0.001585,74.125.68.0-255,2902,159239,10,282927
32335,0.001587,172.31.36.0-255,66,159305,10,282927
32336,0.00159,74.125.68.0-255,1484,160789,10,282927
32337,0.001608,74.125.68.0-255,2902,163691,10,282927
32338,0.001611,172.31.36.0-255,66,163757,10,282927
32339,0.001615,74.125.68.0-255,2902,166659,10,282927
32340,0.001617,172.31.36.0-255,66,166725,10,282927
32341,0.001643,74.125.68.0-255,5738,172463,10,282927
32342,0.001646,172.31.36.0-255,66,172529,10,282927
32343,0.001653,74.125.68.0-255,7156,179685,10,282927
32344,0.001655,172.31.36.0-255,66,179751,10,282927
32345,0.001658,74.125.68.0-255,766,180517,10,282927
32346,0.001795,74.125.68.0-255,1484,182001,10,282927
32347,0.001799,172.31.36.0-255,66,182067,10,282927
32348,0.001804,74.125.68.0-255,2902,184969,10,282927
32349,0.001806,172.31.36.0-255,66,185035,10,282927
32350,0.00183,74.125.68.0-255,5738,190773,10,282927
32351,0.001833,172.31.36.0-255,66,190839,10,282927
32352,0.001862,74.125.68.0-255,7156,197995,10,282927
32353,0.001865,172.31.36.0-255,66,198061,10,282927
32354,0.001879,74.125.68.0-255,2902,200963,10,282927
32355,0.001882,172.31.36.0-255,66,201029,10,282927
32356,0.001906,172.31.36.0-255,66,201095,10,282927
32357,0.001936,74.125.68.0-255,2184,203279,10,282927
32358,0.001939,172.31.36.0-255,66,203345,10,282927
32359,0.002051,74.125.68.0-255,1484,204829,10,282927
32360,0.002055,74.125.68.0-255,1484,206313,10,282927
32361,0.002058,172.31.36.0-255,66,206379,10,282927
32362,0.002073,74.125.68.0-255,1484,207863,10,282927
32363,0.002096,74.125.68.0-255,4320,212183,10,282927
32364,0.002099,172.31.36.0-255,66,212249,10,282927
32365,0.002105,74.125.68.0-255,5738,217987,10,282927
32366,0.002111,172.31.36.0-255,66,218053,10,282927
32367,0.002141,172.31.36.0-255,66,218119,10,282927
32368,0.002147,74.125.68.0-255,4320,222439,10,282927
32369,0.002149,172.31.36.0-255,66,222505,10,282927
32370,0.002195,74.125.68.0-255,5738,228243,10,282927
32371,0.002199,172.31.36.0-255,66,228309,10,282927
32372,0.002225,172.31.36.0-255,66,228375,10,282927
32373,0.002236,172.31.36.0-255,66,228441,10,282927
32374,0.002256,74.125.68.0-255,7156,235597,10,282927
32375,0.002259,172.31.36.0-255,66,235663,10,282927
32376,0.002264,74.125.68.0-255,4320,239983,10,282927
32377,0.002267,74.125.68.0-255,2184,242167,10,282927
32378,0.00227,172.31.36.0-255,66,242233,10,282927
32379,0.002274,172.31.36.0-255,66,242299,10,282927
32380,0.004491,74.125.68.0-255,5738,248037,10,282927
32381,0.004497,172.31.36.0-255,66,248103,10,282927
32382,0.006723,74.125.68.0-255,5738,253841,10,282927
32383,0.006729,172.31.36.0-255,66,253907,10,282927
32384,0.008948,74.125.68.0-255,5738,259645,10,282927
32385,0.008953,172.31.36.0-255,66,259711,10,282927
32386,0.011167,74.125.68.0-255,5738,265449,10,282927
32387,0.011175,172.31.36.0-255,66,265515,10,282927
32388,0.013397,74.125.68.0-255,5738,271253,10,282927
32389,0.013403,172.31.36.0-255,66,271319,10,282927
32390,0.015637,74.125.68.0-255,5738,277057,10,282927
32391,0.015647,172.31.36.0-255,66,277123,10,282927
32392,0.017898,74.125.68.0-255,5738,282861,10,282927
32393,0.017907,172.31.36.0-255,66,282927,10,282927
32394,0.0,74.125.200.0-255,153,153,10,177992
32395,2.5e-05,172.31.36.0-255,66,219,10,177992
32396,3.1e-05,74.125.200.0-255,1484,1703,10,177992
32397,3.6e-05,172.31.36.0-255,66,1769,10,177992
32398,6.6e-05,74.125.200.0-255,1484,3253,10,177992
32399,6.8e-05,172.31.36.0-255,66,3319,10,177992
32400,7.4e-05,74.125.200.0-255,2902,6221,10,177992
32401,7.7e-05,172.31.36.0-255,66,6287,10,177992
32402,8.6e-05,74.125.200.0-255,5738,12025,10,177992
32403,9e-05,172.31.36.0-255,66,12091,10,177992
32404,0.00013,74.125.200.0-255,4863,16954,10,177992
32405,0.000134,172.31.36.0-255,66,17020,10,177992
32406,0.00014,74.125.200.0-255,5738,22758,10,177992
32407,0.000142,172.31.36.0-255,66,22824,10,177992
32408,0.000175,172.31.36.0-255,66,22890,10,177992
32409,0.000199,74.125.200.0-255,1484,24374,10,177992
32410,0.000201,172.31.36.0-255,66,24440,10,177992
32411,0.000224,74.125.200.0-255,2902,27342,10,177992
32412,0.000226,172.31.36.0-255,66,27408,10,177992
32413,0.000252,74.125.200.0-255,5738,33146,10,177992
32414,0.000256,172.31.36.0-255,66,33212,10,177992
32415,0.000261,74.125.200.0-255,5738,38950,10,177992
32416,0.000263,172.31.36.0-255,66,39016,10,177992
32417,0.000349,74.125.200.0-255,1125,40141,10,177992
32418,0.000352,172.31.36.0-255,66,40207,10,177992
32419,0.000665,74.125.200.0-255,1484,41691,10,177992
32420,0.000671,172.31.36.0-255,66,41757,10,177992
32421,0.00068,74.125.200.0-255,2902,44659,10,177992
32422,0.000687,172.31.36.0-255,66,44725,10,177992
32423,0.000692,74.125.200.0-255,2902,47627,10,177992
32424,0.000695,172.31.36.0-255,66,47693,10,177992
32425,0.000732,74.125.200.0-255,2902,50595,10,177992
32426,0.000736,172.31.36.0-255,66,50661,10,177992
32427,0.000741,74.125.200.0-255,2902,53563,10,177992
32428,0.000743,172.31.36.0-255,66,53629,10,177992
32429,0.000754,74.125.200.0-255,3961,57590,10,177992
32430,0.000757,172.31.36.0-255,66,57656,10,177992
32431,0.00076,74.125.200.0-255,646,58302,10,177992
32432,0.000827,74.125.200.0-255,1484,59786,10,177992
32433,0.000831,172.31.36.0-255,66,59852,10,177992
32434,0.000858,74.125.200.0-255,2902,62754,10,177992
32435,0.000861,172.31.36.0-255,66,62820,10,177992
32436,0.000865,74.125.200.0-255,1484,64304,10,177992
32437,0.000891,74.125.200.0-255,2902,67206,10,177992
32438,0.000893,172.31.36.0-255,66,67272,10,177992
32439,0.000923,74.125.200.0-255,5738,73010,10,177992
32440,0.000926,172.31.36.0-255,66,73076,10,177992
32441,0.000956,74.125.200.0-255,7156,80232,10,177992
32442,0.00096,172.31.36.0-255,66,80298,10,177992
32443,0.000965,74.125.200.0-255,2902,83200,10,177992
32444,0.000967,172.31.36.0-255,66,83266,10,177992
32445,0.000972,74.125.200.0-255,4320,87586,10,177992
32446,0.000974,172.31.36.0-255,66,87652,10,177992
32447,0.001033,74.125.200.0-255,5020,92672,10,177992
32448,0.001038,172.31.36.0-255,66,92738,10,177992
32449,0.001195,74.125.200.0-255,1484,94222,10,177992
32450,0.001214,74.125.200.0-255,2902,97124,10,177992
32451,0.001219,172.31.36.0-255,66,97190,10,177992
32452,0.001224,74.125.200.0-255,2902,100092,10,177992
32453,0.001226,172.31.36.0-255,66,100158,10,177992
32454,0.001255,74.125.200.0-255,1484,101642,10,177992
32455,0.001276,74.125.200.0-255,7156,108798,10,177992
32456,0.001279,172.31.36.0-255,66,108864,10,177992
32457,0.001305,74.125.200.0-255,5738,114602,10,177992
32458,0.001308,172.31.36.0-255,66,114668,10,177992
32459,0.001338,74.125.200.0-255,2902,117570,10,177992
32460,0.001341,172.31.36.0-255,66,117636,10,177992
32461,0.001347,74.125.200.0-255,4320,121956,10,177992
32462,0.00135,172.31.36.0-255,66,122022,10,177992
32463,0.001362,74.125.200.0-255,5020,127042,10,177992
32464,0.001365,172.31.36.0-255,66,127108,10,177992
32465,0.003327,74.125.200.0-255,5738,132846,10,177992
32466,0.003333,172.31.36.0-255,66,132912,10,177992
32467,0.005314,74.125.200.0-255,5738,138650,10,177992
32468,0.005319,172.31.36.0-255,66,138716,10,177992
32469,0.007296,74.125.200.0-255,5738,144454,10,177992
32470,0.007303,172.31.36.0-255,66,144520,10,177992
32471,0.009292,74.125.200.0-255,5738,150258,10,177992
32472,0.009299,172.31.36.0-255,66,150324,10,177992
32473,0.011276,74.125.200.0-255,5738,156062,10,177992
32474,0.011284,172.31.36.0-255,66,156128,10,177992
32475,0.013268,74.125.200.0-255,4320,160448,10,177992
32476,0.013275,172.31.36.0-255,66,160514,10,177992
32477,0.01331,74.125.200.0-255,1484,161998,10,177992
32478,0.015247,74.125.200.0-255,4320,166318,10,177992
32479,0.015255,172.31.36.0-255,66,166384,10,177992
32480,0.017237,74.125.200.0-255,5738,172122,10,177992
32481,0.017244,172.31.36.0-255,66,172188,10,177992
32482,0.019233,74.125.200.0-255,5738,177926,10,177992
32483,0.019241,172.31.36.0-255,66,177992,10,177992
32484,0.0,172.217.194.0-255,291,291,10,197704
32485,3.4e-05,172.31.36.0-255,66,357,10,197704
32486,4.2e-05,172.217.194.0-255,1484,1841,10,197704
32487,4.6e-05,172.31.36.0-255,66,1907,10,197704
32488,4.9e-05,172.217.194.0-255,1484,3391,10,197704
32489,5.1e-05,172.31.36.0-255,66,3457,10,197704
32490,5.6e-05,172.217.194.0-255,4320,7777,10,197704
32491,6e-05,172.31.36.0-255,66,7843,10,197704
32492,7.5e-05,172.217.194.0-255,1484,9327,10,197704
32493,7.7e-05,172.31.36.0-255,66,9393,10,197704
32494,0.000115,172.31.36.0-255,66,9459,10,197704
32495,0.000127,172.31.36.0-255,66,9525,10,197704
32496,0.00013,172.217.194.0-255,1125,10650,10,197704
32497,0.000132,172.31.36.0-255,66,10716,10,197704
32498,0.000204,172.217.194.0-255,1484,12200,10,197704
32499,0.000208,172.31.36.0-255,66,12266,10,197704
32500,0.000212,172.217.194.0-255,2902,15168,10,197704
32501,0.000215,172.31.36.0-255,66,15234,10,197704
32502,0.000227,172.217.194.0-255,1484,16718,10,197704
32503,0.000229,172.31.36.0-255,66,16784,10,197704
32504,0.000252,172.217.194.0-255,2902,19686,10,197704
32505,0.000255,172.31.36.0-255,66,19752,10,197704
32506,0.000262,172.217.194.0-255,5738,25490,10,197704
32507,0.000264,172.31.36.0-255,66,25556,10,197704
32508,0.000268,172.217.194.0-255,2902,28458,10,197704
32509,0.000271,172.31.36.0-255,66,28524,10,197704
32510,0.000307,172.31.36.0-255,66,28590,10,197704
32511,0.000313,172.217.194.0-255,5738,34328,10,197704
32512,0.000316,172.31.36.0-255,66,34394,10,197704
32513,0.000336,172.217.194.0-255,2184,36578,10,197704
32514,0.00034,172.31.36.0-255,66,36644,10,197704
32515,0.000379,172.217.194.0-255,391,37035,10,197704
32516,0.000447,172.217.194.0-255,1484,38519,10,197704
32517,0.000455,172.31.36.0-255,66,38585,10,197704
32518,0.000471,172.217.194.0-255,2902,41487,10,197704
32519,0.000474,172.31.36.0-255,66,41553,10,197704
32520,0.000477,172.217.194.0-255,5738,47291,10,197704
32521,0.00048,172.31.36.0-255,66,47357,10,197704
32522,0.000511,172.31.36.0-255,66,47423,10,197704
32523,0.00056,172.31.36.0-255,66,47489,10,197704
32524,0.000578,172.217.194.0-255,384,47873,10,197704
32525,0.000829,172.217.194.0-255,1484,49357,10,197704
32526,0.000833,172.31.36.0-255,66,49423,10,197704
32527,0.000839,172.217.194.0-255,2902,52325,10,197704
32528,0.000842,172.31.36.0-255,66,52391,10,197704
32529,0.000848,172.217.194.0-255,4320,56711,10,197704
32530,0.00085,172.31.36.0-255,66,56777,10,197704
32531,0.000868,172.217.194.0-255,1484,58261,10,197704
32532,0.000873,172.217.194.0-255,2902,61163,10,197704
32533,0.000876,172.31.36.0-255,66,61229,10,197704
32534,0.000905,172.31.36.0-255,66,61295,10,197704
32535,0.000917,172.31.36.0-255,66,61361,10,197704
32536,0.000945,172.217.194.0-255,4320,65681,10,197704
32537,0.000948,172.31.36.0-255,66,65747,10,197704
32538,0.000954,172.217.194.0-255,5738,71485,10,197704
32539,0.000957,172.31.36.0-255,66,71551,10,197704
32540,0.000987,172.31.36.0-255,66,71617,10,197704
32541,0.001042,172.31.36.0-255,66,71683,10,197704
32542,0.001049,172.217.194.0-255,4320,76003,10,197704
32543,0.001051,172.31.36.0-255,66,76069,10,197704
32544,0.001083,172.31.36.0-255,66,76135,10,197704
32545,0.001102,172.217.194.0-255,4320,80455,10,197704
32546,0.001105,172.31.36.0-255,66,80521,10,197704
32547,0.001134,172.31.36.0-255,66,80587,10,197704
32548,0.001184,172.217.194.0-255,1484,82071,10,197704
32549,0.00119,172.217.194.0-255,2902,84973,10,197704
32550,0.001194,172.31.36.0-255,66,85039,10,197704
32551,0.001214,172.217.194.0-255,5738,90777,10,197704
32552,0.001218,172.31.36.0-255,66,90843,10,197704
32553,0.001235,172.217.194.0-255,7156,97999,10,197704
32554,0.001238,172.31.36.0-255,66,98065,10,197704
32555,0.001257,172.217.194.0-255,5738,103803,10,197704
32556,0.001259,172.31.36.0-255,66,103869,10,197704
32557,0.001266,172.217.194.0-255,7156,111025,10,197704
32558,0.001269,172.31.36.0-255,66,111091,10,197704
32559,0.001294,172.217.194.0-255,3602,114693,10,197704
32560,0.001299,172.31.36.0-255,66,114759,10,197704
32561,0.001413,172.217.194.0-255,1484,116243,10,197704
32562,0.001426,172.217.194.0-255,2902,119145,10,197704
32563,0.00143,172.31.36.0-255,66,119211,10,197704
32564,0.001453,172.217.194.0-255,5738,124949,10,197704
32565,0.001457,172.31.36.0-255,66,125015,10,197704
32566,0.001516,172.31.36.0-255,66,125081,10,197704
32567,0.00153,172.31.36.0-255,66,125147,10,197704
32568,0.001552,172.217.194.0-255,4320,129467,10,197704
32569,0.001555,172.31.36.0-255,66,129533,10,197704
32570,0.001561,172.217.194.0-255,5738,135271,10,197704
32571,0.001563,172.31.36.0-255,66,135337,10,197704
32572,0.001589,172.217.194.0-255,4320,139657,10,197704
32573,0.001592,172.31.36.0-255,66,139723,10,197704
32574,0.001619,172.217.194.0-255,7156,146879,10,197704
32575,0.001623,172.31.36.0-255,66,146945,10,197704
32576,0.001629,172.217.194.0-255,4320,151265,10,197704
32577,0.001631,172.31.36.0-255,66,151331,10,197704
32578,0.00169,172.217.194.0-255,5738,157069,10,197704
32579,0.001691,172.31.36.0-255,66,157135,10,197704
32580,0.001695,172.31.36.0-255,66,157201,10,197704
32581,0.001737,172.31.36.0-255,66,157267,10,197704
32582,0.001747,172.31.36.0-255,66,157333,10,197704
32583,0.001752,172.217.194.0-255,4320,161653,10,197704
32584,0.001755,172.31.36.0-255,66,161719,10,197704
32585,0.001782,172.217.194.0-255,2902,164621,10,197704
32586,0.001786,172.31.36.0-255,66,164687,10,197704
32587,0.001797,172.31.36.0-255,66,164753,10,197704
32588,0.001802,172.217.194.0-255,4320,169073,10,197704
32589,0.001804,172.31.36.0-255,66,169139,10,197704
32590,0.001834,172.31.36.0-255,66,169205,10,197704
32591,0.001837,172.217.194.0-255,766,169971,10,197704
32592,0.002003,172.217.194.0-255,1484,171455,10,197704
32593,0.002009,172.31.36.0-255,66,171521,10,197704
32594,0.002014,172.217.194.0-255,2902,174423,10,197704
32595,0.002017,172.217.194.0-255,1484,175907,10,197704
32596,0.002018,172.31.36.0-255,66,175973,10,197704
32597,0.002034,172.217.194.0-255,4320,180293,10,197704
32598,0.002037,172.31.36.0-255,66,180359,10,197704
32599,0.002051,172.31.36.0-255,66,180425,10,197704
32600,0.002072,172.217.194.0-255,1484,181909,10,197704
32601,0.002077,172.217.194.0-255,4320,186229,10,197704
32602,0.00208,172.31.36.0-255,66,186295,10,197704
32603,0.002103,172.217.194.0-255,6438,192733,10,197704
32604,0.002106,172.31.36.0-255,66,192799,10,197704
32605,0.002118,172.31.36.0-255,66,192865,10,197704
32606,0.002138,172.217.194.0-255,2902,195767,10,197704
32607,0.002142,172.31.36.0-255,66,195833,10,197704
32608,0.002145,172.217.194.0-255,677,196510,10,197704
32609,0.002148,172.217.194.0-255,97,196607,10,197704
32610,0.0022,172.217.194.0-255,105,196712,10,197704
32611,0.002225,172.217.194.0-255,129,196841,10,197704
32612,0.002553,172.31.36.0-255,101,196942,10,197704
32613,0.003697,172.31.36.0-255,105,197047,10,197704
32614,0.003721,172.31.36.0-255,105,197152,10,197704
32615,0.003978,172.31.36.0-255,90,197242,10,197704
32616,0.003988,172.31.36.0-255,66,197308,10,197704
32617,0.004848,172.217.194.0-255,66,197374,10,197704
32618,0.005978,172.217.194.0-255,66,197440,10,197704
32619,0.006013,172.217.194.0-255,66,197506,10,197704
32620,0.006269,172.217.194.0-255,66,197572,10,197704
32621,0.006366,172.217.194.0-255,66,197638,10,197704
32622,0.006372,172.31.36.0-255,66,197704,10,197704
32623,0.0,172.217.194.0-255,152,152,10,137466
32624,1.5e-05,172.31.36.0-255,66,218,10,137466
32625,2.1e-05,172.217.194.0-255,1484,1702,10,137466
32626,2.5e-05,172.31.36.0-255,66,1768,10,137466
32627,3.8e-05,172.217.194.0-255,2902,4670,10,137466
32628,4e-05,172.31.36.0-255,66,4736,10,137466
32629,4.5e-05,172.217.194.0-255,2902,7638,10,137466
32630,4.7e-05,172.31.36.0-255,66,7704,10,137466
32631,6.2e-05,172.217.194.0-255,1484,9188,10,137466
32632,6.5e-05,172.31.36.0-255,66,9254,10,137466
32633,9e-05,172.217.194.0-255,4921,14175,10,137466
32634,9.3e-05,172.31.36.0-255,66,14241,10,137466
32635,0.0001,172.217.194.0-255,7156,21397,10,137466
32636,0.000103,172.31.36.0-255,66,21463,10,137466
32637,0.000126,172.217.194.0-255,5738,27201,10,137466
32638,0.000128,172.31.36.0-255,66,27267,10,137466
32639,0.000155,172.217.194.0-255,3961,31228,10,137466
32640,0.000157,172.31.36.0-255,66,31294,10,137466
32641,0.00018,172.217.194.0-255,1484,32778,10,137466
32642,0.000182,172.31.36.0-255,66,32844,10,137466
32643,0.000187,172.217.194.0-255,2902,35746,10,137466
32644,0.000189,172.31.36.0-255,66,35812,10,137466
32645,0.000215,172.217.194.0-255,5738,41550,10,137466
32646,0.000218,172.31.36.0-255,66,41616,10,137466
32647,0.000222,172.217.194.0-255,2902,44518,10,137466
32648,0.000224,172.31.36.0-255,66,44584,10,137466
32649,0.000245,172.217.194.0-255,5379,49963,10,137466
32650,0.000248,172.31.36.0-255,66,50029,10,137466
32651,0.000255,172.217.194.0-255,7156,57185,10,137466
32652,0.000257,172.31.36.0-255,66,57251,10,137466
32653,0.000286,172.31.36.0-255,66,57317,10,137466
32654,0.000288,172.217.194.0-255,118,57435,10,137466
32655,0.000307,172.217.194.0-255,383,57818,10,137466
32656,0.000515,172.217.194.0-255,1484,59302,10,137466
32657,0.00052,172.31.36.0-255,66,59368,10,137466
32658,0.000526,172.217.194.0-255,2902,62270,10,137466
32659,0.000529,172.31.36.0-255,66,62336,10,137466
32660,0.000539,172.217.194.0-255,5738,68074,10,137466
32661,0.000541,172.31.36.0-255,66,68140,10,137466
32662,0.000544,172.217.194.0-255,1484,69624,10,137466
32663,0.000585,172.217.194.0-255,4320,73944,10,137466
32664,0.00059,172.31.36.0-255,66,74010,10,137466
32665,0.000593,172.31.36.0-255,66,74076,10,137466
32666,0.000607,172.217.194.0-255,6438,80514,10,137466
32667,0.000609,172.31.36.0-255,66,80580,10,137466
32668,0.001214,172.217.194.0-255,1484,82064,10,137466
32669,0.00122,172.217.194.0-255,2902,84966,10,137466
32670,0.001223,172.31.36.0-255,66,85032,10,137466
32671,0.001227,172.217.194.0-255,1484,86516,10,137466
32672,0.001252,172.217.194.0-255,4320,90836,10,137466
32673,0.001255,172.31.36.0-255,66,90902,10,137466
32674,0.001267,172.31.36.0-255,66,90968,10,137466
32675,0.001302,172.31.36.0-255,66,91034,10,137466
32676,0.003576,172.217.194.0-255,5738,96772,10,137466
32677,0.003583,172.31.36.0-255,66,96838,10,137466
32678,0.005853,172.217.194.0-255,5738,102576,10,137466
32679,0.005857,172.31.36.0-255,66,102642,10,137466
32680,0.008162,172.217.194.0-255,5738,108380,10,137466
32681,0.00817,172.31.36.0-255,66,108446,10,137466
32682,0.010439,172.217.194.0-255,5738,114184,10,137466
32683,0.010447,172.31.36.0-255,66,114250,10,137466
32684,0.012715,172.217.194.0-255,5738,119988,10,137466
32685,0.012724,172.31.36.0-255,66,120054,10,137466
32686,0.014981,172.217.194.0-255,5738,125792,10,137466
32687,0.014992,172.31.36.0-255,66,125858,10,137466
32688,0.017271,172.217.194.0-255,5738,131596,10,137466
32689,0.017278,172.31.36.0-255,66,131662,10,137466
32690,0.019585,172.217.194.0-255,5738,137400,10,137466
32691,0.019594,172.31.36.0-255,66,137466,10,137466
32692,0.0,74.125.200.0-255,153,153,10,248056
32693,2.4e-05,172.31.36.0-255,66,219,10,248056
32694,3.1e-05,74.125.200.0-255,1484,1703,10,248056
32695,3.6e-05,172.31.36.0-255,66,1769,10,248056
32696,4.2e-05,74.125.200.0-255,2902,4671,10,248056
32697,4.5e-05,172.31.36.0-255,66,4737,10,248056
32698,6.1e-05,74.125.200.0-255,5738,10475,10,248056
32699,6.4e-05,172.31.36.0-255,66,10541,10,248056
32700,6.8e-05,74.125.200.0-255,1484,12025,10,248056
32701,7e-05,172.31.36.0-255,66,12091,10,248056
32702,7.5e-05,74.125.200.0-255,2014,14105,10,248056
32703,7.8e-05,172.31.36.0-255,66,14171,10,248056
32704,0.000127,74.125.200.0-255,5738,19909,10,248056
32705,0.000131,172.31.36.0-255,66,19975,10,248056
32706,0.000136,74.125.200.0-255,2902,22877,10,248056
32707,0.000138,172.31.36.0-255,66,22943,10,248056
32708,0.000143,74.125.200.0-255,4320,27263,10,248056
32709,0.000146,172.31.36.0-255,66,27329,10,248056
32710,0.000171,74.125.200.0-255,3961,31290,10,248056
32711,0.000174,172.31.36.0-255,66,31356,10,248056
32712,0.000247,74.125.200.0-255,1484,32840,10,248056
32713,0.000251,172.31.36.0-255,66,32906,10,248056
32714,0.00026,74.125.200.0-255,2902,35808,10,248056
32715,0.000263,172.31.36.0-255,66,35874,10,248056
32716,0.000271,74.125.200.0-255,1484,37358,10,248056
32717,0.000273,172.31.36.0-255,66,37424,10,248056
32718,0.000277,74.125.200.0-255,2902,40326,10,248056
32719,0.00028,172.31.36.0-255,66,40392,10,248056
32720,0.000307,74.125.200.0-255,5738,46130,10,248056
32721,0.00031,172.31.36.0-255,66,46196,10,248056
32722,0.000351,172.31.36.0-255,66,46262,10,248056
32723,0.000379,74.125.200.0-255,2902,49164,10,248056
32724,0.000393,74.125.200.0-255,3602,52766,10,248056
32725,0.000408,74.125.200.0-255,427,53193,10,248056
32726,0.000509,74.125.200.0-255,1484,54677,10,248056
32727,0.000523,74.125.200.0-255,2902,57579,10,248056
32728,0.000538,74.125.200.0-255,2902,60481,10,248056
32729,0.000551,74.125.200.0-255,2902,63383,10,248056
32730,0.000571,74.125.200.0-255,1484,64867,10,248056
32731,0.000603,74.125.200.0-255,1484,66351,10,248056
32732,0.000639,74.125.200.0-255,1484,67835,10,248056
32733,0.000643,74.125.200.0-255,2184,70019,10,248056
32734,0.000657,74.125.200.0-255,348,70367,10,248056
32735,0.000696,172.31.36.0-255,66,70433,10,248056
32736,0.000972,74.125.200.0-255,1484,71917,10,248056
32737,0.000976,74.125.200.0-255,1484,73401,10,248056
32738,0.000984,172.31.36.0-255,66,73467,10,248056
32739,0.000993,74.125.200.0-255,1484,74951,10,248056
32740,0.001004,74.125.200.0-255,5738,80689,10,248056
32741,0.001026,74.125.200.0-255,4320,85009,10,248056
32742,0.001054,74.125.200.0-255,2902,87911,10,248056
32743,0.001069,74.125.200.0-255,1484,89395,10,248056
32744,0.001081,172.31.36.0-255,66,89461,10,248056
32745,0.001093,74.125.200.0-255,4320,93781,10,248056
32746,0.001098,172.31.36.0-255,66,93847,10,248056
32747,0.001119,74.125.200.0-255,2184,96031,10,248056
32748,0.001143,172.31.36.0-255,66,96097,10,248056
32749,0.001356,74.125.200.0-255,1484,97581,10,248056
32750,0.001363,74.125.200.0-255,2902,100483,10,248056
32751,0.001403,172.31.36.0-255,66,100549,10,248056
32752,0.001423,74.125.200.0-255,5738,106287,10,248056
32753,0.001428,74.125.200.0-255,2902,109189,10,248056
32754,0.001432,74.125.200.0-255,4320,113509,10,248056
32755,0.001453,74.125.200.0-255,5738,119247,10,248056
32756,0.001468,74.125.200.0-255,1484,120731,10,248056
32757,0.001478,74.125.200.0-255,766,121497,10,248056
32758,0.001481,172.31.36.0-255,66,121563,10,248056
32759,0.001497,172.31.36.0-255,66,121629,10,248056
32760,0.001743,74.125.200.0-255,1484,123113,10,248056
32761,0.001772,74.125.200.0-255,2902,126015,10,248056
32762,0.001775,172.31.36.0-255,66,126081,10,248056
32763,0.001782,74.125.200.0-255,5738,131819,10,248056
32764,0.001789,172.31.36.0-255,66,131885,10,248056
32765,0.001808,74.125.200.0-255,1484,133369,10,248056
32766,0.00181,74.125.200.0-255,1484,134853,10,248056
32767,0.001828,74.125.200.0-255,1484,136337,10,248056
32768,0.001831,172.31.36.0-255,66,136403,10,248056
32769,0.001854,74.125.200.0-255,2902,139305,10,248056
32770,0.001876,74.125.200.0-255,4320,143625,10,248056
32771,0.001879,172.31.36.0-255,66,143691,10,248056
32772,0.001884,172.31.36.0-255,66,143757,10,248056
32773,0.001907,74.125.200.0-255,7156,150913,10,248056
32774,0.001936,172.31.36.0-255,66,150979,10,248056
32775,0.001955,74.125.200.0-255,5738,156717,10,248056
32776,0.001967,74.125.200.0-255,766,157483,10,248056
32777,0.00198,74.125.200.0-255,1484,158967,10,248056
32778,0.001991,172.31.36.0-255,66,159033,10,248056
32779,0.001998,74.125.200.0-255,5738,164771,10,248056
32780,0.002,74.125.200.0-255,1484,166255,10,248056
32781,0.002019,74.125.200.0-255,2902,169157,10,248056
32782,0.002026,74.125.200.0-255,5738,174895,10,248056
32783,0.002031,172.31.36.0-255,66,174961,10,248056
32784,0.002069,74.125.200.0-255,3602,178563,10,248056
32785,0.002095,172.31.36.0-255,66,178629,10,248056
32786,0.00218,74.125.200.0-255,1484,180113,10,248056
32787,0.002198,74.125.200.0-255,1484,181597,10,248056
32788,0.002203,172.31.36.0-255,66,181663,10,248056
32789,0.002221,74.125.200.0-255,1484,183147,10,248056
32790,0.002225,74.125.200.0-255,1484,184631,10,248056
32791,0.002229,74.125.200.0-255,2902,187533,10,248056
32792,0.002237,172.31.36.0-255,66,187599,10,248056
32793,0.002251,74.125.200.0-255,5738,193337,10,248056
32794,0.002273,74.125.200.0-255,1484,194821,10,248056
32795,0.002288,74.125.200.0-255,1484,196305,10,248056
32796,0.002294,74.125.200.0-255,4320,200625,10,248056
32797,0.002309,172.31.36.0-255,66,200691,10,248056
32798,0.002326,74.125.200.0-255,4320,205011,10,248056
32799,0.002345,74.125.200.0-255,4320,209331,10,248056
32800,0.002348,74.125.200.0-255,1484,210815,10,248056
32801,0.002375,74.125.200.0-255,2184,212999,10,248056
32802,0.002397,172.31.36.0-255,66,213065,10,248056
32803,0.003174,172.31.36.0-255,101,213166,10,248056
32804,0.004741,74.125.200.0-255,5738,218904,10,248056
32805,0.004755,172.31.36.0-255,66,218970,10,248056
32806,0.00547,74.125.200.0-255,66,219036,10,248056
32807,0.007088,74.125.200.0-255,5738,224774,10,248056
32808,0.009531,172.31.36.0-255,66,224840,10,248056
32809,0.011887,74.125.200.0-255,5738,230578,10,248056
32810,0.011905,172.31.36.0-255,66,230644,10,248056
32811,0.014252,74.125.200.0-255,5738,236382,10,248056
32812,0.014269,172.31.36.0-255,66,236448,10,248056
32813,0.016624,74.125.200.0-255,5738,242186,10,248056
32814,0.016642,172.31.36.0-255,66,242252,10,248056
32815,0.018993,74.125.200.0-255,5738,247990,10,248056
32816,0.019009,172.31.36.0-255,66,248056,10,248056
32817,0.0,172.31.36.0-255,66,66,10,66
32818,0.0,172.217.160.0-255,153,153,10,277953
32819,2.9e-05,172.31.36.0-255,66,219,10,277953
32820,3.7e-05,172.217.160.0-255,1484,1703,10,277953
32821,4.1e-05,172.31.36.0-255,66,1769,10,277953
32822,4.7e-05,172.217.160.0-255,2902,4671,10,277953
32823,5e-05,172.31.36.0-255,66,4737,10,277953
32824,5.8e-05,172.217.160.0-255,7156,11893,10,277953
32825,6.1e-05,172.31.36.0-255,66,11959,10,277953
32826,6.5e-05,172.217.160.0-255,2066,14025,10,277953
32827,6.8e-05,172.31.36.0-255,66,14091,10,277953
32828,7.9e-05,172.31.36.0-255,66,14157,10,277953
32829,9.9e-05,172.217.160.0-255,2902,17059,10,277953
32830,0.000102,172.31.36.0-255,66,17125,10,277953
32831,0.000107,172.217.160.0-255,5379,22504,10,277953
32832,0.00011,172.31.36.0-255,66,22570,10,277953
32833,0.000155,172.217.160.0-255,1484,24054,10,277953
32834,0.000159,172.31.36.0-255,66,24120,10,277953
32835,0.000164,172.217.160.0-255,2902,27022,10,277953
32836,0.000167,172.31.36.0-255,66,27088,10,277953
32837,0.000189,172.217.160.0-255,5738,32826,10,277953
32838,0.000192,172.31.36.0-255,66,32892,10,277953
32839,0.0002,172.217.160.0-255,4320,37212,10,277953
32840,0.000202,172.31.36.0-255,66,37278,10,277953
32841,0.000225,172.217.160.0-255,2543,39821,10,277953
32842,0.000227,172.31.36.0-255,66,39887,10,277953
32843,0.0003,172.217.160.0-255,1484,41371,10,277953
32844,0.000304,172.31.36.0-255,66,41437,10,277953
32845,0.000309,172.217.160.0-255,2902,44339,10,277953
32846,0.000312,172.31.36.0-255,66,44405,10,277953
32847,0.000353,172.217.160.0-255,5738,50143,10,277953
32848,0.000357,172.31.36.0-255,66,50209,10,277953
32849,0.000364,172.217.160.0-255,7106,57315,10,277953
32850,0.000367,172.31.36.0-255,66,57381,10,277953
32851,0.000632,172.217.160.0-255,102,57483,10,277953
32852,0.000737,172.217.160.0-255,1484,58967,10,277953
32853,0.000741,172.31.36.0-255,66,59033,10,277953
32854,0.000746,172.217.160.0-255,2902,61935,10,277953
32855,0.000749,172.31.36.0-255,66,62001,10,277953
32856,0.000756,172.217.160.0-255,5738,67739,10,277953
32857,0.000758,172.31.36.0-255,66,67805,10,277953
32858,0.000797,172.217.160.0-255,4320,72125,10,277953
32859,0.0008,172.31.36.0-255,66,72191,10,277953
32860,0.000828,172.31.36.0-255,66,72257,10,277953
32861,0.000835,172.217.160.0-255,5738,77995,10,277953
32862,0.000837,172.31.36.0-255,66,78061,10,277953
32863,0.000869,172.217.160.0-255,3961,82022,10,277953
32864,0.000872,172.31.36.0-255,66,82088,10,277953
32865,0.00091,172.217.160.0-255,1484,83572,10,277953
32866,0.000916,172.217.160.0-255,2902,86474,10,277953
32867,0.000918,172.31.36.0-255,66,86540,10,277953
32868,0.000937,172.217.160.0-255,5738,92278,10,277953
32869,0.000941,172.31.36.0-255,66,92344,10,277953
32870,0.000945,172.217.160.0-255,1484,93828,10,277953
32871,0.000975,172.31.36.0-255,66,93894,10,277953
32872,0.000981,172.217.160.0-255,5738,99632,10,277953
32873,0.000983,172.31.36.0-255,66,99698,10,277953
32874,0.001014,172.217.160.0-255,5020,104718,10,277953
32875,0.001018,172.31.36.0-255,66,104784,10,277953
32876,0.001048,172.217.160.0-255,5738,110522,10,277953
32877,0.001051,172.31.36.0-255,66,110588,10,277953
32878,0.001057,172.217.160.0-255,5738,116326,10,277953
32879,0.001059,172.31.36.0-255,66,116392,10,277953
32880,0.001078,172.217.160.0-255,7156,123548,10,277953
32881,0.001081,172.31.36.0-255,66,123614,10,277953
32882,0.001088,172.217.160.0-255,7156,130770,10,277953
32883,0.001091,172.31.36.0-255,66,130836,10,277953
32884,0.001111,172.217.160.0-255,2902,133738,10,277953
32885,0.001115,172.31.36.0-255,66,133804,10,277953
32886,0.001135,172.217.160.0-255,5020,138824,10,277953
32887,0.001139,172.31.36.0-255,66,138890,10,277953
32888,0.001156,172.217.160.0-255,1484,140374,10,277953
32889,0.001173,172.217.160.0-255,2902,143276,10,277953
32890,0.001177,172.31.36.0-255,66,143342,10,277953
32891,0.001183,172.217.160.0-255,5738,149080,10,277953
32892,0.001185,172.31.36.0-255,66,149146,10,277953
32893,0.001232,172.31.36.0-255,66,149212,10,277953
32894,0.001236,172.31.36.0-255,66,149278,10,277953
32895,0.001252,172.217.160.0-255,2184,151462,10,277953
32896,0.001256,172.31.36.0-255,66,151528,10,277953
32897,0.001322,172.217.160.0-255,1484,153012,10,277953
32898,0.001342,172.217.160.0-255,2902,155914,10,277953
32899,0.001345,172.31.36.0-255,66,155980,10,277953
32900,0.001351,172.217.160.0-255,5738,161718,10,277953
32901,0.001353,172.31.36.0-255,66,161784,10,277953
32902,0.001359,172.217.160.0-255,4320,166104,10,277953
32903,0.001361,172.31.36.0-255,66,166170,10,277953
32904,0.0014,172.31.36.0-255,66,166236,10,277953
32905,0.001406,172.217.160.0-255,5738,171974,10,277953
32906,0.001408,172.31.36.0-255,66,172040,10,277953
32907,0.001434,172.217.160.0-255,5317,177357,10,277953
32908,0.001438,172.31.36.0-255,66,177423,10,277953
32909,0.001491,172.217.160.0-255,5738,183161,10,277953
32910,0.001495,172.31.36.0-255,66,183227,10,277953
32911,0.001503,172.217.160.0-255,7156,190383,10,277953
32912,0.001505,172.31.36.0-255,66,190449,10,277953
32913,0.001525,172.31.36.0-255,66,190515,10,277953
32914,0.001533,172.217.160.0-255,6438,196953,10,277953
32915,0.001535,172.31.36.0-255,66,197019,10,277953
32916,0.001579,172.217.160.0-255,1484,198503,10,277953
32917,0.001585,172.217.160.0-255,2902,201405,10,277953
32918,0.001588,172.31.36.0-255,66,201471,10,277953
32919,0.001592,172.217.160.0-255,1484,202955,10,277953
32920,0.001611,172.217.160.0-255,4320,207275,10,277953
32921,0.001614,172.31.36.0-255,66,207341,10,277953
32922,0.001638,172.31.36.0-255,66,207407,10,277953
32923,0.001663,172.217.160.0-255,2902,210309,10,277953
32924,0.001669,172.31.36.0-255,66,210375,10,277953
32925,0.001678,172.217.160.0-255,5738,216113,10,277953
32926,0.001681,172.31.36.0-255,66,216179,10,277953
32927,0.001699,172.217.160.0-255,5020,221199,10,277953
32928,0.001702,172.31.36.0-255,66,221265,10,277953
32929,0.003364,172.217.160.0-255,5738,227003,10,277953
32930,0.00337,172.31.36.0-255,66,227069,10,277953
32931,0.005017,172.217.160.0-255,5738,232807,10,277953
32932,0.00502,172.31.36.0-255,66,232873,10,277953
32933,0.006673,172.217.160.0-255,4320,237193,10,277953
32934,0.006679,172.31.36.0-255,66,237259,10,277953
32935,0.006697,172.217.160.0-255,1484,238743,10,277953
32936,0.008328,172.217.160.0-255,4320,243063,10,277953
32937,0.008335,172.31.36.0-255,66,243129,10,277953
32938,0.009989,172.217.160.0-255,5738,248867,10,277953
32939,0.009996,172.31.36.0-255,66,248933,10,277953
32940,0.011664,172.217.160.0-255,5738,254671,10,277953
32941,0.011671,172.31.36.0-255,66,254737,10,277953
32942,0.013342,172.217.160.0-255,5738,260475,10,277953
32943,0.013349,172.31.36.0-255,66,260541,10,277953
32944,0.01501,172.217.160.0-255,5738,266279,10,277953
32945,0.015023,172.31.36.0-255,66,266345,10,277953
32946,0.016697,172.217.160.0-255,5738,272083,10,277953
32947,0.016705,172.31.36.0-255,66,272149,10,277953
32948,0.018357,172.217.160.0-255,5738,277887,10,277953
32949,0.018364,172.31.36.0-255,66,277953,10,277953
32950,0.0,74.125.24.0-255,142,142,10,224229
32951,2.1e-05,172.31.36.0-255,66,208,10,224229
32952,2.8e-05,74.125.24.0-255,1484,1692,10,224229
32953,3.2e-05,172.31.36.0-255,66,1758,10,224229
32954,3.8e-05,74.125.24.0-255,2902,4660,10,224229
32955,4.1e-05,172.31.36.0-255,66,4726,10,224229
32956,4.8e-05,74.125.24.0-255,7156,11882,10,224229
32957,5.1e-05,172.31.36.0-255,66,11948,10,224229
32958,5.4e-05,74.125.24.0-255,1484,13432,10,224229
32959,5.7e-05,172.31.36.0-255,66,13498,10,224229
32960,9.5e-05,172.31.36.0-255,66,13564,10,224229
32961,0.0001,74.125.24.0-255,3961,17525,10,224229
32962,0.000102,172.31.36.0-255,66,17591,10,224229
32963,0.000218,74.125.24.0-255,1484,19075,10,224229
32964,0.000223,172.31.36.0-255,66,19141,10,224229
32965,0.000237,74.125.24.0-255,2902,22043,10,224229
32966,0.00024,172.31.36.0-255,66,22109,10,224229
32967,0.000247,74.125.24.0-255,5738,27847,10,224229
32968,0.000249,172.31.36.0-255,66,27913,10,224229
32969,0.000251,74.125.24.0-255,1484,29397,10,224229
32970,0.000254,172.31.36.0-255,66,29463,10,224229
32971,0.000292,74.125.24.0-255,4320,33783,10,224229
32972,0.000296,172.31.36.0-255,66,33849,10,224229
32973,0.000313,74.125.24.0-255,5379,39228,10,224229
32974,0.000316,172.31.36.0-255,66,39294,10,224229
32975,0.000321,74.125.24.0-255,4320,43614,10,224229
32976,0.000323,172.31.36.0-255,66,43680,10,224229
32977,0.000377,172.31.36.0-255,66,43746,10,224229
32978,0.000403,74.125.24.0-255,110,43856,10,224229
32979,0.000406,172.31.36.0-255,66,43922,10,224229
32980,0.000596,74.125.24.0-255,1484,45406,10,224229
32981,0.000604,74.125.24.0-255,2902,48308,10,224229
32982,0.000607,172.31.36.0-255,66,48374,10,224229
32983,0.000631,74.125.24.0-255,5738,54112,10,224229
32984,0.000634,172.31.36.0-255,66,54178,10,224229
32985,0.000652,74.125.24.0-255,1484,55662,10,224229
32986,0.00068,172.31.36.0-255,66,55728,10,224229
32987,0.000732,74.125.24.0-255,4320,60048,10,224229
32988,0.000735,172.31.36.0-255,66,60114,10,224229
32989,0.000758,74.125.24.0-255,6438,66552,10,224229
32990,0.000761,172.31.36.0-255,66,66618,10,224229
32991,0.000874,74.125.24.0-255,1484,68102,10,224229
32992,0.000889,74.125.24.0-255,2902,71004,10,224229
32993,0.000892,172.31.36.0-255,66,71070,10,224229
32994,0.000897,74.125.24.0-255,2902,73972,10,224229
32995,0.0009,172.31.36.0-255,66,74038,10,224229
32996,0.000913,74.125.24.0-255,2902,76940,10,224229
32997,0.000916,172.31.36.0-255,66,77006,10,224229
32998,0.000923,74.125.24.0-255,5738,82744,10,224229
32999,0.000926,172.31.36.0-255,66,82810,10,224229
33000,0.000953,74.125.24.0-255,7156,89966,10,224229
33001,0.000957,172.31.36.0-255,66,90032,10,224229
33002,0.000964,74.125.24.0-255,7156,97188,10,224229
33003,0.000966,172.31.36.0-255,66,97254,10,224229
33004,0.000995,74.125.24.0-255,3602,100856,10,224229
33005,0.000998,172.31.36.0-255,66,100922,10,224229
33006,0.00109,74.125.24.0-255,1484,102406,10,224229
33007,0.001097,74.125.24.0-255,2902,105308,10,224229
33008,0.001099,172.31.36.0-255,66,105374,10,224229
33009,0.001105,74.125.24.0-255,2902,108276,10,224229
33010,0.001107,172.31.36.0-255,66,108342,10,224229
33011,0.001125,74.125.24.0-255,2902,111244,10,224229
33012,0.001128,172.31.36.0-255,66,111310,10,224229
33013,0.001131,74.125.24.0-255,1484,112794,10,224229
33014,0.001159,172.31.36.0-255,66,112860,10,224229
33015,0.001166,74.125.24.0-255,5738,118598,10,224229
33016,0.001169,172.31.36.0-255,66,118664,10,224229
33017,0.001206,74.125.24.0-255,5020,123684,10,224229
33018,0.00121,172.31.36.0-255,66,123750,10,224229
33019,0.001365,74.125.24.0-255,1484,125234,10,224229
33020,0.001371,74.125.24.0-255,2902,128136,10,224229
33021,0.001374,172.31.36.0-255,66,128202,10,224229
33022,0.00138,74.125.24.0-255,5738,133940,10,224229
33023,0.001383,172.31.36.0-255,66,134006,10,224229
33024,0.00141,74.125.24.0-255,5738,139744,10,224229
33025,0.001414,172.31.36.0-255,66,139810,10,224229
33026,0.001439,74.125.24.0-255,5738,145548,10,224229
33027,0.001442,172.31.36.0-255,66,145614,10,224229
33028,0.001456,172.31.36.0-255,66,145680,10,224229
33029,0.001469,172.31.36.0-255,66,145746,10,224229
33030,0.001496,172.31.36.0-255,66,145812,10,224229
33031,0.0015,74.125.24.0-255,2902,148714,10,224229
33032,0.001502,172.31.36.0-255,66,148780,10,224229
33033,0.001524,74.125.24.0-255,6438,155218,10,224229
33034,0.001538,172.31.36.0-255,66,155284,10,224229
33035,0.001563,172.31.36.0-255,66,155350,10,224229
33036,0.001569,74.125.24.0-255,4320,159670,10,224229
33037,0.001571,172.31.36.0-255,66,159736,10,224229
33038,0.001586,74.125.24.0-255,1484,161220,10,224229
33039,0.001597,74.125.24.0-255,5738,166958,10,224229
33040,0.0016,172.31.36.0-255,66,167024,10,224229
33041,0.001634,172.31.36.0-255,66,167090,10,224229
33042,0.001638,74.125.24.0-255,3602,170692,10,224229
33043,0.001641,172.31.36.0-255,66,170758,10,224229
33044,0.001657,74.125.24.0-255,5738,176496,10,224229
33045,0.00166,172.31.36.0-255,66,176562,10,224229
33046,0.001702,172.31.36.0-255,66,176628,10,224229
33047,0.001713,172.31.36.0-255,66,176694,10,224229
33048,0.001787,172.31.36.0-255,66,176760,10,224229
33049,0.001811,172.31.36.0-255,66,176826,10,224229
33050,0.001828,74.125.24.0-255,1484,178310,10,224229
33051,0.001871,172.31.36.0-255,66,178376,10,224229
33052,0.00393,74.125.24.0-255,5738,184114,10,224229
33053,0.003937,172.31.36.0-255,66,184180,10,224229
33054,0.005977,74.125.24.0-255,5738,189918,10,224229
33055,0.005985,172.31.36.0-255,66,189984,10,224229
33056,0.008023,74.125.24.0-255,5738,195722,10,224229
33057,0.008027,172.31.36.0-255,66,195788,10,224229
33058,0.010055,74.125.24.0-255,5738,201526,10,224229
33059,0.01006,172.31.36.0-255,66,201592,10,224229
33060,0.012123,74.125.24.0-255,5738,207330,10,224229
33061,0.012131,172.31.36.0-255,66,207396,10,224229
33062,0.014213,74.125.24.0-255,5738,213134,10,224229
33063,0.014221,172.31.36.0-255,66,213200,10,224229
33064,0.016284,74.125.24.0-255,5738,218938,10,224229
33065,0.016292,172.31.36.0-255,66,219004,10,224229
33066,0.018353,74.125.24.0-255,5054,224058,10,224229
33067,0.01836,172.31.36.0-255,66,224124,10,224229
33068,0.018545,172.31.36.0-255,105,224229,10,224229
33069,0.0,74.125.24.0-255,153,153,10,228194
33070,2.7e-05,172.31.36.0-255,66,219,10,228194
33071,3.3e-05,74.125.24.0-255,1484,1703,10,228194
33072,3.7e-05,172.31.36.0-255,66,1769,10,228194
33073,4.1e-05,74.125.24.0-255,2902,4671,10,228194
33074,4.4e-05,172.31.36.0-255,66,4737,10,228194
33075,5.1e-05,74.125.24.0-255,7156,11893,10,228194
33076,5.4e-05,172.31.36.0-255,66,11959,10,228194
33077,5.8e-05,74.125.24.0-255,2004,13963,10,228194
33078,6e-05,172.31.36.0-255,66,14029,10,228194
33079,0.000102,172.31.36.0-255,66,14095,10,228194
33080,0.000123,74.125.24.0-255,1484,15579,10,228194
33081,0.000126,172.31.36.0-255,66,15645,10,228194
33082,0.000151,74.125.24.0-255,3961,19606,10,228194
33083,0.000156,172.31.36.0-255,66,19672,10,228194
33084,0.000192,74.125.24.0-255,1484,21156,10,228194
33085,0.000195,172.31.36.0-255,66,21222,10,228194
33086,0.000212,74.125.24.0-255,2902,24124,10,228194
33087,0.000216,172.31.36.0-255,66,24190,10,228194
33088,0.000236,74.125.24.0-255,5738,29928,10,228194
33089,0.000239,172.31.36.0-255,66,29994,10,228194
33090,0.000265,74.125.24.0-255,4320,34314,10,228194
33091,0.000268,172.31.36.0-255,66,34380,10,228194
33092,0.000288,74.125.24.0-255,2543,36923,10,228194
33093,0.000293,172.31.36.0-255,66,36989,10,228194
33094,0.000409,74.125.24.0-255,1484,38473,10,228194
33095,0.000413,172.31.36.0-255,66,38539,10,228194
33096,0.000426,74.125.24.0-255,2902,41441,10,228194
33097,0.000429,172.31.36.0-255,66,41507,10,228194
33098,0.000452,74.125.24.0-255,5738,47245,10,228194
33099,0.000455,172.31.36.0-255,66,47311,10,228194
33100,0.000461,74.125.24.0-255,4320,51631,10,228194
33101,0.000463,172.31.36.0-255,66,51697,10,228194
33102,0.000508,74.125.24.0-255,2872,54569,10,228194
33103,0.000512,172.31.36.0-255,66,54635,10,228194
33104,0.000543,74.125.24.0-255,349,54984,10,228194
33105,0.000703,74.125.24.0-255,1484,56468,10,228194
33106,0.000707,172.31.36.0-255,66,56534,10,228194
33107,0.000712,74.125.24.0-255,2902,59436,10,228194
33108,0.000714,172.31.36.0-255,66,59502,10,228194
33109,0.000729,74.125.24.0-255,5738,65240,10,228194
33110,0.000736,172.31.36.0-255,66,65306,10,228194
33111,0.000764,74.125.24.0-255,6797,72103,10,228194
33112,0.000767,172.31.36.0-255,66,72169,10,228194
33113,0.000812,74.125.24.0-255,2902,75071,10,228194
33114,0.000816,172.31.36.0-255,66,75137,10,228194
33115,0.000822,74.125.24.0-255,4320,79457,10,228194
33116,0.000824,172.31.36.0-255,66,79523,10,228194
33117,0.000859,172.31.36.0-255,66,79589,10,228194
33118,0.000862,74.125.24.0-255,1125,80714,10,228194
33119,0.001058,172.31.36.0-255,66,80780,10,228194
33120,0.001238,74.125.24.0-255,1484,82264,10,228194
33121,0.001248,74.125.24.0-255,2902,85166,10,228194
33122,0.001252,172.31.36.0-255,66,85232,10,228194
33123,0.001259,74.125.24.0-255,5738,90970,10,228194
33124,0.001261,172.31.36.0-255,66,91036,10,228194
33125,0.001293,172.31.36.0-255,66,91102,10,228194
33126,0.001314,74.125.24.0-255,2902,94004,10,228194
33127,0.001317,172.31.36.0-255,66,94070,10,228194
33128,0.001329,172.31.36.0-255,66,94136,10,228194
33129,0.001332,74.125.24.0-255,766,94902,10,228194
33130,0.00152,74.125.24.0-255,1484,96386,10,228194
33131,0.001526,172.31.36.0-255,66,96452,10,228194
33132,0.001532,74.125.24.0-255,2902,99354,10,228194
33133,0.001534,172.31.36.0-255,66,99420,10,228194
33134,0.001537,74.125.24.0-255,1484,100904,10,228194
33135,0.001555,74.125.24.0-255,2902,103806,10,228194
33136,0.001558,172.31.36.0-255,66,103872,10,228194
33137,0.001568,172.31.36.0-255,66,103938,10,228194
33138,0.001616,172.31.36.0-255,66,104004,10,228194
33139,0.001634,74.125.24.0-255,3602,107606,10,228194
33140,0.001637,172.31.36.0-255,66,107672,10,228194
33141,0.001689,74.125.24.0-255,1484,109156,10,228194
33142,0.001697,74.125.24.0-255,2902,112058,10,228194
33143,0.001701,172.31.36.0-255,66,112124,10,228194
33144,0.001725,74.125.24.0-255,5738,117862,10,228194
33145,0.001727,172.31.36.0-255,66,117928,10,228194
33146,0.001732,74.125.24.0-255,4320,122248,10,228194
33147,0.001734,172.31.36.0-255,66,122314,10,228194
33148,0.00176,172.31.36.0-255,66,122380,10,228194
33149,0.001766,74.125.24.0-255,7156,129536,10,228194
33150,0.001769,172.31.36.0-255,66,129602,10,228194
33151,0.001795,74.125.24.0-255,3602,133204,10,228194
33152,0.001797,172.31.36.0-255,66,133270,10,228194
33153,0.001922,74.125.24.0-255,1484,134754,10,228194
33154,0.001925,74.125.24.0-255,1484,136238,10,228194
33155,0.001927,172.31.36.0-255,66,136304,10,228194
33156,0.001942,74.125.24.0-255,1484,137788,10,228194
33157,0.001948,74.125.24.0-255,5738,143526,10,228194
33158,0.00195,172.31.36.0-255,66,143592,10,228194
33159,0.002007,172.31.36.0-255,66,143658,10,228194
33160,0.002018,172.31.36.0-255,66,143724,10,228194
33161,0.002045,74.125.24.0-255,1484,145208,10,228194
33162,0.002049,74.125.24.0-255,2902,148110,10,228194
33163,0.002051,172.31.36.0-255,66,148176,10,228194
33164,0.002072,74.125.24.0-255,5738,153914,10,228194
33165,0.002075,172.31.36.0-255,66,153980,10,228194
33166,0.002118,172.31.36.0-255,66,154046,10,228194
33167,0.002124,74.125.24.0-255,7156,161202,10,228194
33168,0.002126,172.31.36.0-255,66,161268,10,228194
33169,0.002146,74.125.24.0-255,3602,164870,10,228194
33170,0.002148,172.31.36.0-255,66,164936,10,228194
33171,0.002171,74.125.24.0-255,4320,169256,10,228194
33172,0.002173,172.31.36.0-255,66,169322,10,228194
33173,0.002206,172.31.36.0-255,66,169388,10,228194
33174,0.002215,172.31.36.0-255,66,169454,10,228194
33175,0.002255,74.125.24.0-255,4320,173774,10,228194
33176,0.002257,172.31.36.0-255,66,173840,10,228194
33177,0.002276,74.125.24.0-255,6438,180278,10,228194
33178,0.002279,172.31.36.0-255,66,180344,10,228194
33179,0.002286,74.125.24.0-255,7156,187500,10,228194
33180,0.002288,172.31.36.0-255,66,187566,10,228194
33181,0.004524,74.125.24.0-255,5738,193304,10,228194
33182,0.004532,172.31.36.0-255,66,193370,10,228194
33183,0.006756,74.125.24.0-255,5738,199108,10,228194
33184,0.006762,172.31.36.0-255,66,199174,10,228194
33185,0.008991,74.125.24.0-255,5738,204912,10,228194
33186,0.008997,172.31.36.0-255,66,204978,10,228194
33187,0.011213,74.125.24.0-255,5738,210716,10,228194
33188,0.01122,172.31.36.0-255,66,210782,10,228194
33189,0.013494,74.125.24.0-255,5738,216520,10,228194
33190,0.013503,172.31.36.0-255,66,216586,10,228194
33191,0.015716,74.125.24.0-255,5738,222324,10,228194
33192,0.015723,172.31.36.0-255,66,222390,10,228194
33193,0.017976,74.125.24.0-255,5738,228128,10,228194
33194,0.017983,172.31.36.0-255,66,228194,10,228194
33195,0.0,74.125.130.0-255,148,148,10,189063
33196,3.4e-05,172.31.36.0-255,66,214,10,189063
33197,4e-05,74.125.130.0-255,1484,1698,10,189063
33198,4.5e-05,172.31.36.0-255,66,1764,10,189063
33199,4.7e-05,74.125.130.0-255,1484,3248,10,189063
33200,4.9e-05,172.31.36.0-255,66,3314,10,189063
33201,8e-05,74.125.130.0-255,1484,4798,10,189063
33202,8.4e-05,172.31.36.0-255,66,4864,10,189063
33203,8.8e-05,74.125.130.0-255,2902,7766,10,189063
33204,9e-05,172.31.36.0-255,66,7832,10,189063
33205,9.9e-05,74.125.130.0-255,4320,12152,10,189063
33206,0.000102,172.31.36.0-255,66,12218,10,189063
33207,0.000141,172.31.36.0-255,66,12284,10,189063
33208,0.000149,172.31.36.0-255,66,12350,10,189063
33209,0.000174,74.125.130.0-255,1125,13475,10,189063
33210,0.000177,172.31.36.0-255,66,13541,10,189063
33211,0.000261,74.125.130.0-255,1484,15025,10,189063
33212,0.000265,172.31.36.0-255,66,15091,10,189063
33213,0.000292,74.125.130.0-255,2902,17993,10,189063
33214,0.000295,172.31.36.0-255,66,18059,10,189063
33215,0.0003,74.125.130.0-255,5738,23797,10,189063
33216,0.000303,172.31.36.0-255,66,23863,10,189063
33217,0.000345,172.31.36.0-255,66,23929,10,189063
33218,0.000365,74.125.130.0-255,1484,25413,10,189063
33219,0.000368,172.31.36.0-255,66,25479,10,189063
33220,0.000374,74.125.130.0-255,7156,32635,10,189063
33221,0.000377,172.31.36.0-255,66,32701,10,189063
33222,0.000405,74.125.130.0-255,5020,37721,10,189063
33223,0.000408,172.31.36.0-255,66,37787,10,189063
33224,0.000411,74.125.130.0-255,343,38130,10,189063
33225,0.000414,74.125.130.0-255,401,38531,10,189063
33226,0.000692,172.31.36.0-255,66,38597,10,189063
33227,0.000745,74.125.130.0-255,1484,40081,10,189063
33228,0.000753,74.125.130.0-255,1484,41565,10,189063
33229,0.000757,172.31.36.0-255,66,41631,10,189063
33230,0.000786,74.125.130.0-255,1484,43115,10,189063
33231,0.000789,74.125.130.0-255,1484,44599,10,189063
33232,0.000791,172.31.36.0-255,66,44665,10,189063
33233,0.000795,74.125.130.0-255,2902,47567,10,189063
33234,0.000797,172.31.36.0-255,66,47633,10,189063
33235,0.000802,74.125.130.0-255,5738,53371,10,189063
33236,0.000811,172.31.36.0-255,66,53437,10,189063
33237,0.000858,172.31.36.0-255,66,53503,10,189063
33238,0.000897,172.31.36.0-255,66,53569,10,189063
33239,0.001092,74.125.130.0-255,1484,55053,10,189063
33240,0.001113,74.125.130.0-255,2902,57955,10,189063
33241,0.001117,172.31.36.0-255,66,58021,10,189063
33242,0.001121,74.125.130.0-255,1484,59505,10,189063
33243,0.001161,74.125.130.0-255,2902,62407,10,189063
33244,0.001164,172.31.36.0-255,66,62473,10,189063
33245,0.00118,74.125.130.0-255,5738,68211,10,189063
33246,0.001183,172.31.36.0-255,66,68277,10,189063
33247,0.001233,74.125.130.0-255,1484,69761,10,189063
33248,0.001251,74.125.130.0-255,2902,72663,10,189063
33249,0.001256,172.31.36.0-255,66,72729,10,189063
33250,0.00128,74.125.130.0-255,1484,74213,10,189063
33251,0.001294,74.125.130.0-255,2902,77115,10,189063
33252,0.001296,172.31.36.0-255,66,77181,10,189063
33253,0.001323,74.125.130.0-255,5738,82919,10,189063
33254,0.001326,172.31.36.0-255,66,82985,10,189063
33255,0.00133,74.125.130.0-255,2902,85887,10,189063
33256,0.001332,172.31.36.0-255,66,85953,10,189063
33257,0.001374,74.125.130.0-255,2184,88137,10,189063
33258,0.001377,172.31.36.0-255,66,88203,10,189063
33259,0.001604,74.125.130.0-255,1484,89687,10,189063
33260,0.001611,74.125.130.0-255,2902,92589,10,189063
33261,0.001615,172.31.36.0-255,66,92655,10,189063
33262,0.001645,74.125.130.0-255,2902,95557,10,189063
33263,0.001647,172.31.36.0-255,66,95623,10,189063
33264,0.001652,74.125.130.0-255,4320,99943,10,189063
33265,0.001654,172.31.36.0-255,66,100009,10,189063
33266,0.001658,74.125.130.0-255,2902,102911,10,189063
33267,0.001664,172.31.36.0-255,66,102977,10,189063
33268,0.001698,74.125.130.0-255,5738,108715,10,189063
33269,0.001702,172.31.36.0-255,66,108781,10,189063
33270,0.001706,74.125.130.0-255,4320,113101,10,189063
33271,0.001709,172.31.36.0-255,66,113167,10,189063
33272,0.001718,74.125.130.0-255,5738,118905,10,189063
33273,0.00172,172.31.36.0-255,66,118971,10,189063
33274,0.001745,74.125.130.0-255,2902,121873,10,189063
33275,0.001748,172.31.36.0-255,66,121939,10,189063
33276,0.001768,74.125.130.0-255,766,122705,10,189063
33277,0.001945,74.125.130.0-255,1484,124189,10,189063
33278,0.00195,172.31.36.0-255,66,124255,10,189063
33279,0.001956,74.125.130.0-255,2902,127157,10,189063
33280,0.001958,172.31.36.0-255,66,127223,10,189063
33281,0.001989,74.125.130.0-255,5738,132961,10,189063
33282,0.001992,172.31.36.0-255,66,133027,10,189063
33283,0.001997,74.125.130.0-255,2902,135929,10,189063
33284,0.001999,172.31.36.0-255,66,135995,10,189063
33285,0.002027,74.125.130.0-255,4320,140315,10,189063
33286,0.002029,172.31.36.0-255,66,140381,10,189063
33287,0.002032,74.125.130.0-255,1484,141865,10,189063
33288,0.002062,172.31.36.0-255,66,141931,10,189063
33289,0.002088,74.125.130.0-255,6438,148369,10,189063
33290,0.002092,172.31.36.0-255,66,148435,10,189063
33291,0.004324,74.125.130.0-255,5738,154173,10,189063
33292,0.004333,172.31.36.0-255,66,154239,10,189063
33293,0.006578,74.125.130.0-255,5738,159977,10,189063
33294,0.006587,172.31.36.0-255,66,160043,10,189063
33295,0.008827,74.125.130.0-255,5738,165781,10,189063
33296,0.008838,172.31.36.0-255,66,165847,10,189063
33297,0.011083,74.125.130.0-255,5738,171585,10,189063
33298,0.011095,172.31.36.0-255,66,171651,10,189063
33299,0.013339,74.125.130.0-255,5738,177389,10,189063
33300,0.01335,172.31.36.0-255,66,177455,10,189063
33301,0.015594,74.125.130.0-255,5738,183193,10,189063
33302,0.015603,172.31.36.0-255,66,183259,10,189063
33303,0.017848,74.125.130.0-255,5738,188997,10,189063
33304,0.017861,172.31.36.0-255,66,189063,10,189063
33305,0.0,172.217.194.0-255,146,146,10,215306
33306,3.7e-05,172.31.36.0-255,66,212,10,215306
33307,4.4e-05,172.217.194.0-255,1484,1696,10,215306
33308,4.9e-05,172.31.36.0-255,66,1762,10,215306
33309,6e-05,172.217.194.0-255,2902,4664,10,215306
33310,6.4e-05,172.31.36.0-255,66,4730,10,215306
33311,7.2e-05,172.217.194.0-255,7156,11886,10,215306
33312,7.5e-05,172.31.36.0-255,66,11952,10,215306
33313,9e-05,172.31.36.0-255,66,12018,10,215306
33314,0.000113,172.217.194.0-255,3489,15507,10,215306
33315,0.000115,172.31.36.0-255,66,15573,10,215306
33316,0.000119,172.217.194.0-255,2543,18116,10,215306
33317,0.000122,172.31.36.0-255,66,18182,10,215306
33318,0.000168,172.217.194.0-255,1484,19666,10,215306
33319,0.000171,172.31.36.0-255,66,19732,10,215306
33320,0.0002,172.217.194.0-255,2902,22634,10,215306
33321,0.000205,172.31.36.0-255,66,22700,10,215306
33322,0.000212,172.217.194.0-255,5738,28438,10,215306
33323,0.000214,172.31.36.0-255,66,28504,10,215306
33324,0.000265,172.31.36.0-255,66,28570,10,215306
33325,0.000277,172.31.36.0-255,66,28636,10,215306
33326,0.00028,172.217.194.0-255,113,28749,10,215306
33327,0.000282,172.31.36.0-255,66,28815,10,215306
33328,0.000347,172.217.194.0-255,1484,30299,10,215306
33329,0.000352,172.31.36.0-255,66,30365,10,215306
33330,0.000357,172.217.194.0-255,2902,33267,10,215306
33331,0.000358,172.31.36.0-255,66,33333,10,215306
33332,0.000363,172.217.194.0-255,2902,36235,10,215306
33333,0.000373,172.31.36.0-255,66,36301,10,215306
33334,0.0004,172.217.194.0-255,2902,39203,10,215306
33335,0.000403,172.31.36.0-255,66,39269,10,215306
33336,0.000409,172.217.194.0-255,4320,43589,10,215306
33337,0.000411,172.31.36.0-255,66,43655,10,215306
33338,0.000432,172.217.194.0-255,2278,45933,10,215306
33339,0.000436,172.31.36.0-255,66,45999,10,215306
33340,0.000621,172.217.194.0-255,1484,47483,10,215306
33341,0.000628,172.217.194.0-255,2902,50385,10,215306
33342,0.000632,172.31.36.0-255,66,50451,10,215306
33343,0.000669,172.217.194.0-255,5738,56189,10,215306
33344,0.000672,172.31.36.0-255,66,56255,10,215306
33345,0.000676,172.217.194.0-255,1484,57739,10,215306
33346,0.000705,172.217.194.0-255,5379,63118,10,215306
33347,0.000708,172.31.36.0-255,66,63184,10,215306
33348,0.000796,172.217.194.0-255,1484,64668,10,215306
33349,0.000802,172.217.194.0-255,2902,67570,10,215306
33350,0.000807,172.31.36.0-255,66,67636,10,215306
33351,0.000839,172.217.194.0-255,5738,73374,10,215306
33352,0.000842,172.31.36.0-255,66,73440,10,215306
33353,0.000846,172.217.194.0-255,1484,74924,10,215306
33354,0.000877,172.31.36.0-255,66,74990,10,215306
33355,0.000882,172.217.194.0-255,2902,77892,10,215306
33356,0.000884,172.31.36.0-255,66,77958,10,215306
33357,0.000926,172.31.36.0-255,66,78024,10,215306
33358,0.000932,172.217.194.0-255,2184,80208,10,215306
33359,0.000937,172.31.36.0-255,66,80274,10,215306
33360,0.001454,172.217.194.0-255,1484,81758,10,215306
33361,0.001459,172.217.194.0-255,2902,84660,10,215306
33362,0.001462,172.31.36.0-255,66,84726,10,215306
33363,0.001493,172.217.194.0-255,5738,90464,10,215306
33364,0.001497,172.31.36.0-255,66,90530,10,215306
33365,0.001517,172.217.194.0-255,4320,94850,10,215306
33366,0.00152,172.31.36.0-255,66,94916,10,215306
33367,0.001527,172.217.194.0-255,5738,100654,10,215306
33368,0.001529,172.31.36.0-255,66,100720,10,215306
33369,0.001556,172.31.36.0-255,66,100786,10,215306
33370,0.001561,172.217.194.0-255,2184,102970,10,215306
33371,0.001563,172.31.36.0-255,66,103036,10,215306
33372,0.001683,172.217.194.0-255,1484,104520,10,215306
33373,0.0017,172.217.194.0-255,2902,107422,10,215306
33374,0.001703,172.31.36.0-255,66,107488,10,215306
33375,0.001739,172.217.194.0-255,5738,113226,10,215306
33376,0.001742,172.31.36.0-255,66,113292,10,215306
33377,0.001762,172.31.36.0-255,66,113358,10,215306
33378,0.001767,172.217.194.0-255,4320,117678,10,215306
33379,0.001769,172.31.36.0-255,66,117744,10,215306
33380,0.001798,172.217.194.0-255,6438,124182,10,215306
33381,0.001801,172.31.36.0-255,66,124248,10,215306
33382,0.001828,172.217.194.0-255,1484,125732,10,215306
33383,0.001832,172.217.194.0-255,1484,127216,10,215306
33384,0.001834,172.31.36.0-255,66,127282,10,215306
33385,0.001863,172.217.194.0-255,1484,128766,10,215306
33386,0.001869,172.217.194.0-255,5738,134504,10,215306
33387,0.001872,172.31.36.0-255,66,134570,10,215306
33388,0.001878,172.217.194.0-255,5738,140308,10,215306
33389,0.00188,172.31.36.0-255,66,140374,10,215306
33390,0.001886,172.217.194.0-255,5738,146112,10,215306
33391,0.001888,172.31.36.0-255,66,146178,10,215306
33392,0.001914,172.217.194.0-255,7156,153334,10,215306
33393,0.001917,172.31.36.0-255,66,153400,10,215306
33394,0.001923,172.217.194.0-255,5020,158420,10,215306
33395,0.001925,172.31.36.0-255,66,158486,10,215306
33396,0.002283,172.217.194.0-255,1484,159970,10,215306
33397,0.002289,172.217.194.0-255,2902,162872,10,215306
33398,0.002293,172.31.36.0-255,66,162938,10,215306
33399,0.002328,172.217.194.0-255,5738,168676,10,215306
33400,0.002332,172.31.36.0-255,66,168742,10,215306
33401,0.002356,172.217.194.0-255,7156,175898,10,215306
33402,0.002361,172.31.36.0-255,66,175964,10,215306
33403,0.002376,172.31.36.0-255,66,176030,10,215306
33404,0.004686,172.217.194.0-255,5738,181768,10,215306
33405,0.004692,172.31.36.0-255,66,181834,10,215306
33406,0.006998,172.217.194.0-255,4320,186154,10,215306
33407,0.007001,172.31.36.0-255,66,186220,10,215306
33408,0.007024,172.217.194.0-255,1484,187704,10,215306
33409,0.009292,172.217.194.0-255,4320,192024,10,215306
33410,0.009299,172.31.36.0-255,66,192090,10,215306
33411,0.011571,172.217.194.0-255,5738,197828,10,215306
33412,0.01158,172.31.36.0-255,66,197894,10,215306
33413,0.013895,172.217.194.0-255,5738,203632,10,215306
33414,0.013903,172.31.36.0-255,66,203698,10,215306
33415,0.016172,172.217.194.0-255,5738,209436,10,215306
33416,0.016181,172.31.36.0-255,66,209502,10,215306
33417,0.018506,172.217.194.0-255,5738,215240,10,215306
33418,0.018514,172.31.36.0-255,66,215306,10,215306
33419,0.0,172.31.36.0-255,161,161,10,227
33420,0.008349,74.125.68.0-255,66,227,10,227
33421,0.0,172.217.194.0-255,225,225,10,70570
33422,3.6e-05,172.31.36.0-255,66,291,10,70570
33423,4.4e-05,172.217.194.0-255,1484,1775,10,70570
33424,4.9e-05,172.31.36.0-255,66,1841,10,70570
33425,6.3e-05,172.217.194.0-255,4320,6161,10,70570
33426,6.6e-05,172.31.36.0-255,66,6227,10,70570
33427,0.000258,172.217.194.0-255,2902,9129,10,70570
33428,0.000263,172.31.36.0-255,66,9195,10,70570
33429,0.000295,172.217.194.0-255,4320,13515,10,70570
33430,0.000299,172.31.36.0-255,66,13581,10,70570
33431,0.000563,172.217.194.0-255,5738,19319,10,70570
33432,0.000568,172.31.36.0-255,66,19385,10,70570
33433,0.000609,172.31.36.0-255,66,19451,10,70570
33434,0.00119,172.217.194.0-255,3301,22752,10,70570
33435,0.001197,172.31.36.0-255,66,22818,10,70570
33436,0.002892,172.217.194.0-255,1484,24302,10,70570
33437,0.002897,172.31.36.0-255,66,24368,10,70570
33438,0.003466,172.217.194.0-255,4320,28688,10,70570
33439,0.00347,172.31.36.0-255,66,28754,10,70570
33440,0.00516,172.217.194.0-255,1484,30238,10,70570
33441,0.005167,172.31.36.0-255,66,30304,10,70570
33442,0.005794,172.217.194.0-255,4320,34624,10,70570
33443,0.005802,172.31.36.0-255,66,34690,10,70570
33444,0.007446,172.217.194.0-255,1484,36174,10,70570
33445,0.007456,172.31.36.0-255,66,36240,10,70570
33446,0.008102,172.217.194.0-255,1484,37724,10,70570
33447,0.008108,172.31.36.0-255,66,37790,10,70570
33448,0.008141,172.217.194.0-255,2902,40692,10,70570
33449,0.008145,172.31.36.0-255,66,40758,10,70570
33450,0.009756,172.217.194.0-255,1484,42242,10,70570
33451,0.009764,172.31.36.0-255,66,42308,10,70570
33452,0.01047,172.217.194.0-255,4320,46628,10,70570
33453,0.010476,172.31.36.0-255,66,46694,10,70570
33454,0.012069,172.217.194.0-255,1484,48178,10,70570
33455,0.012076,172.31.36.0-255,66,48244,10,70570
33456,0.012738,172.217.194.0-255,4320,52564,10,70570
33457,0.012743,172.31.36.0-255,66,52630,10,70570
33458,0.014358,172.217.194.0-255,1484,54114,10,70570
33459,0.014366,172.31.36.0-255,66,54180,10,70570
33460,0.015025,172.217.194.0-255,4320,58500,10,70570
33461,0.015031,172.31.36.0-255,66,58566,10,70570
33462,0.016681,172.217.194.0-255,1484,60050,10,70570
33463,0.016693,172.31.36.0-255,66,60116,10,70570
33464,0.017335,172.217.194.0-255,4320,64436,10,70570
33465,0.017341,172.31.36.0-255,66,64502,10,70570
33466,0.018978,172.217.194.0-255,1484,65986,10,70570
33467,0.018984,172.31.36.0-255,66,66052,10,70570
33468,0.019649,172.217.194.0-255,1484,67536,10,70570
33469,0.019656,172.31.36.0-255,66,67602,10,70570
33470,0.019694,172.217.194.0-255,2902,70504,10,70570
33471,0.019697,172.31.36.0-255,66,70570,10,70570
33472,0.0,172.217.194.0-255,145,145,10,237725
33473,2.3e-05,172.31.36.0-255,66,211,10,237725
33474,3.1e-05,172.217.194.0-255,1484,1695,10,237725
33475,3.6e-05,172.31.36.0-255,66,1761,10,237725
33476,4.1e-05,172.217.194.0-255,2902,4663,10,237725
33477,4.4e-05,172.31.36.0-255,66,4729,10,237725
33478,5.2e-05,172.217.194.0-255,7156,11885,10,237725
33479,5.5e-05,172.31.36.0-255,66,11951,10,237725
33480,5.9e-05,172.217.194.0-255,2001,13952,10,237725
33481,6.2e-05,172.31.36.0-255,66,14018,10,237725
33482,0.000381,172.217.194.0-255,1484,15502,10,237725
33483,0.000387,172.31.36.0-255,66,15568,10,237725
33484,0.000394,172.217.194.0-255,2902,18470,10,237725
33485,0.000397,172.31.36.0-255,66,18536,10,237725
33486,0.000404,172.217.194.0-255,5738,24274,10,237725
33487,0.000406,172.31.36.0-255,66,24340,10,237725
33488,0.000429,172.217.194.0-255,6797,31137,10,237725
33489,0.000431,172.31.36.0-255,66,31203,10,237725
33490,0.000607,172.217.194.0-255,1484,32687,10,237725
33491,0.000611,172.31.36.0-255,66,32753,10,237725
33492,0.000616,172.217.194.0-255,2902,35655,10,237725
33493,0.000617,172.31.36.0-255,66,35721,10,237725
33494,0.000635,172.217.194.0-255,5738,41459,10,237725
33495,0.000637,172.31.36.0-255,66,41525,10,237725
33496,0.000693,172.31.36.0-255,66,41591,10,237725
33497,0.000706,172.31.36.0-255,66,41657,10,237725
33498,0.00109,172.217.194.0-255,380,42037,10,237725
33499,0.001096,172.31.36.0-255,66,42103,10,237725
33500,0.001114,172.217.194.0-255,364,42467,10,237725
33501,0.001117,172.31.36.0-255,66,42533,10,237725
33502,0.001368,172.217.194.0-255,1484,44017,10,237725
33503,0.001373,172.31.36.0-255,66,44083,10,237725
33504,0.00138,172.217.194.0-255,2902,46985,10,237725
33505,0.001382,172.31.36.0-255,66,47051,10,237725
33506,0.001389,172.217.194.0-255,5738,52789,10,237725
33507,0.001391,172.31.36.0-255,66,52855,10,237725
33508,0.001394,172.217.194.0-255,1484,54339,10,237725
33509,0.001396,172.31.36.0-255,66,54405,10,237725
33510,0.001412,172.217.194.0-255,4320,58725,10,237725
33511,0.001414,172.31.36.0-255,66,58791,10,237725
33512,0.001429,172.217.194.0-255,2902,61693,10,237725
33513,0.001431,172.31.36.0-255,66,61759,10,237725
33514,0.001463,172.31.36.0-255,66,61825,10,237725
33515,0.001469,172.217.194.0-255,5020,66845,10,237725
33516,0.001471,172.31.36.0-255,66,66911,10,237725
33517,0.002061,172.217.194.0-255,1484,68395,10,237725
33518,0.002068,172.31.36.0-255,66,68461,10,237725
33519,0.002076,172.217.194.0-255,2902,71363,10,237725
33520,0.002079,172.31.36.0-255,66,71429,10,237725
33521,0.002086,172.217.194.0-255,5738,77167,10,237725
33522,0.002088,172.31.36.0-255,66,77233,10,237725
33523,0.002105,172.217.194.0-255,1484,78717,10,237725
33524,0.002146,172.31.36.0-255,66,78783,10,237725
33525,0.002157,172.31.36.0-255,66,78849,10,237725
33526,0.00216,172.217.194.0-255,766,79615,10,237725
33527,0.002475,172.217.194.0-255,1484,81099,10,237725
33528,0.002478,172.31.36.0-255,66,81165,10,237725
33529,0.002483,172.217.194.0-255,2902,84067,10,237725
33530,0.002486,172.31.36.0-255,66,84133,10,237725
33531,0.002547,172.217.194.0-255,5738,89871,10,237725
33532,0.00255,172.31.36.0-255,66,89937,10,237725
33533,0.002563,172.31.36.0-255,66,90003,10,237725
33534,0.002575,172.31.36.0-255,66,90069,10,237725
33535,0.002577,172.217.194.0-255,1484,91553,10,237725
33536,0.002599,172.217.194.0-255,3602,95155,10,237725
33537,0.002601,172.31.36.0-255,66,95221,10,237725
33538,0.002608,172.217.194.0-255,5738,100959,10,237725
33539,0.00261,172.31.36.0-255,66,101025,10,237725
33540,0.002613,172.217.194.0-255,1484,102509,10,237725
33541,0.002639,172.31.36.0-255,66,102575,10,237725
33542,0.002643,172.217.194.0-255,2902,105477,10,237725
33543,0.002646,172.31.36.0-255,66,105543,10,237725
33544,0.002686,172.217.194.0-255,5738,111281,10,237725
33545,0.002688,172.31.36.0-255,66,111347,10,237725
33546,0.002706,172.217.194.0-255,2184,113531,10,237725
33547,0.002708,172.31.36.0-255,66,113597,10,237725
33548,0.003225,172.217.194.0-255,1484,115081,10,237725
33549,0.00323,172.217.194.0-255,2902,117983,10,237725
33550,0.003232,172.31.36.0-255,66,118049,10,237725
33551,0.003255,172.217.194.0-255,5738,123787,10,237725
33552,0.003258,172.31.36.0-255,66,123853,10,237725
33553,0.003287,172.217.194.0-255,5738,129591,10,237725
33554,0.00329,172.31.36.0-255,66,129657,10,237725
33555,0.003306,172.217.194.0-255,7156,136813,10,237725
33556,0.003309,172.31.36.0-255,66,136879,10,237725
33557,0.003321,172.31.36.0-255,66,136945,10,237725
33558,0.0037,172.217.194.0-255,1484,138429,10,237725
33559,0.003719,172.217.194.0-255,2902,141331,10,237725
33560,0.003723,172.31.36.0-255,66,141397,10,237725
33561,0.003729,172.217.194.0-255,5738,147135,10,237725
33562,0.003732,172.31.36.0-255,66,147201,10,237725
33563,0.003735,172.217.194.0-255,1484,148685,10,237725
33564,0.003781,172.217.194.0-255,1484,150169,10,237725
33565,0.003809,172.217.194.0-255,2184,152353,10,237725
33566,0.003928,172.217.194.0-255,1484,153837,10,237725
33567,0.003934,172.217.194.0-255,2902,156739,10,237725
33568,0.003937,172.217.194.0-255,1484,158223,10,237725
33569,0.003956,172.217.194.0-255,4320,162543,10,237725
33570,0.003973,172.217.194.0-255,2902,165445,10,237725
33571,0.003989,172.217.194.0-255,2902,168347,10,237725
33572,0.003995,172.217.194.0-255,4320,172667,10,237725
33573,0.004025,172.217.194.0-255,5020,177687,10,237725
33574,0.004055,172.217.194.0-255,2902,180589,10,237725
33575,0.004133,172.217.194.0-255,4320,184909,10,237725
33576,0.004144,172.217.194.0-255,1484,186393,10,237725
33577,0.004153,172.217.194.0-255,7156,193549,10,237725
33578,0.004181,172.217.194.0-255,5738,199287,10,237725
33579,0.004188,172.217.194.0-255,7156,206443,10,237725
33580,0.004203,172.217.194.0-255,4320,210763,10,237725
33581,0.004217,172.217.194.0-255,4320,215083,10,237725
33582,0.004235,172.217.194.0-255,3602,218685,10,237725
33583,0.004266,172.217.194.0-255,4320,223005,10,237725
33584,0.004285,172.217.194.0-255,5738,228743,10,237725
33585,0.0043,172.217.194.0-255,1484,230227,10,237725
33586,0.004337,172.217.194.0-255,7156,237383,10,237725
33587,0.004421,172.217.194.0-255,105,237488,10,237725
33588,0.00493,172.31.36.0-255,66,237554,10,237725
33589,0.008984,172.31.36.0-255,105,237659,10,237725
33590,0.010978,172.217.194.0-255,66,237725,10,237725
33591,0.0,172.217.194.0-255,152,152,10,192919
33592,3.3e-05,172.31.36.0-255,66,218,10,192919
33593,4.1e-05,172.217.194.0-255,1484,1702,10,192919
33594,4.5e-05,172.31.36.0-255,66,1768,10,192919
33595,5e-05,172.217.194.0-255,2902,4670,10,192919
33596,5.2e-05,172.31.36.0-255,66,4736,10,192919
33597,5.9e-05,172.217.194.0-255,7156,11892,10,192919
33598,6.2e-05,172.31.36.0-255,66,11958,10,192919
33599,6.8e-05,172.217.194.0-255,4901,16859,10,192919
33600,7e-05,172.31.36.0-255,66,16925,10,192919
33601,7.3e-05,172.217.194.0-255,1484,18409,10,192919
33602,7.5e-05,172.31.36.0-255,66,18475,10,192919
33603,0.000108,172.31.36.0-255,66,18541,10,192919
33604,0.000177,172.217.194.0-255,1484,20025,10,192919
33605,0.000183,172.31.36.0-255,66,20091,10,192919
33606,0.000188,172.217.194.0-255,2902,22993,10,192919
33607,0.00019,172.31.36.0-255,66,23059,10,192919
33608,0.000194,172.217.194.0-255,2902,25961,10,192919
33609,0.000197,172.31.36.0-255,66,26027,10,192919
33610,0.000223,172.217.194.0-255,2902,28929,10,192919
33611,0.000225,172.31.36.0-255,66,28995,10,192919
33612,0.000233,172.217.194.0-255,6797,35792,10,192919
33613,0.000235,172.31.36.0-255,66,35858,10,192919
33614,0.000243,172.217.194.0-255,7156,43014,10,192919
33615,0.000245,172.31.36.0-255,66,43080,10,192919
33616,0.000268,172.217.194.0-255,7156,50236,10,192919
33617,0.000271,172.31.36.0-255,66,50302,10,192919
33618,0.000276,172.217.194.0-255,2864,53166,10,192919
33619,0.000278,172.31.36.0-255,66,53232,10,192919
33620,0.000289,172.217.194.0-255,365,53597,10,192919
33621,0.000292,172.31.36.0-255,66,53663,10,192919
33622,0.000344,172.217.194.0-255,1484,55147,10,192919
33623,0.000364,172.217.194.0-255,1484,56631,10,192919
33624,0.000367,172.31.36.0-255,66,56697,10,192919
33625,0.000374,172.217.194.0-255,4320,61017,10,192919
33626,0.000376,172.31.36.0-255,66,61083,10,192919
33627,0.000414,172.217.194.0-255,1484,62567,10,192919
33628,0.000442,172.31.36.0-255,66,62633,10,192919
33629,0.000455,172.31.36.0-255,66,62699,10,192919
33630,0.000458,172.217.194.0-255,1484,64183,10,192919
33631,0.000473,172.217.194.0-255,1994,66177,10,192919
33632,0.000476,172.31.36.0-255,66,66243,10,192919
33633,0.001127,172.217.194.0-255,1484,67727,10,192919
33634,0.001136,172.217.194.0-255,2902,70629,10,192919
33635,0.00114,172.31.36.0-255,66,70695,10,192919
33636,0.001145,172.217.194.0-255,1484,72179,10,192919
33637,0.001164,172.217.194.0-255,4320,76499,10,192919
33638,0.001167,172.31.36.0-255,66,76565,10,192919
33639,0.001175,172.217.194.0-255,7156,83721,10,192919
33640,0.001177,172.31.36.0-255,66,83787,10,192919
33641,0.001198,172.217.194.0-255,5738,89525,10,192919
33642,0.001202,172.31.36.0-255,66,89591,10,192919
33643,0.001209,172.217.194.0-255,7156,96747,10,192919
33644,0.001212,172.31.36.0-255,66,96813,10,192919
33645,0.001227,172.217.194.0-255,1484,98297,10,192919
33646,0.00124,172.217.194.0-255,2184,100481,10,192919
33647,0.001243,172.31.36.0-255,66,100547,10,192919
33648,0.001385,172.217.194.0-255,1484,102031,10,192919
33649,0.001391,172.217.194.0-255,2902,104933,10,192919
33650,0.001394,172.31.36.0-255,66,104999,10,192919
33651,0.001398,172.217.194.0-255,1484,106483,10,192919
33652,0.001416,172.217.194.0-255,4320,110803,10,192919
33653,0.001418,172.31.36.0-255,66,110869,10,192919
33654,0.001424,172.217.194.0-255,5738,116607,10,192919
33655,0.001426,172.31.36.0-255,66,116673,10,192919
33656,0.001449,172.217.194.0-255,7156,123829,10,192919
33657,0.001451,172.31.36.0-255,66,123895,10,192919
33658,0.001462,172.31.36.0-255,66,123961,10,192919
33659,0.001488,172.217.194.0-255,2184,126145,10,192919
33660,0.00149,172.31.36.0-255,66,126211,10,192919
33661,0.001528,172.217.194.0-255,2902,129113,10,192919
33662,0.001531,172.31.36.0-255,66,129179,10,192919
33663,0.001537,172.217.194.0-255,5738,134917,10,192919
33664,0.001539,172.31.36.0-255,66,134983,10,192919
33665,0.001556,172.217.194.0-255,1484,136467,10,192919
33666,0.001581,172.31.36.0-255,66,136533,10,192919
33667,0.001616,172.31.36.0-255,66,136599,10,192919
33668,0.001637,172.217.194.0-255,1484,138083,10,192919
33669,0.001656,172.217.194.0-255,2902,140985,10,192919
33670,0.001659,172.31.36.0-255,66,141051,10,192919
33671,0.001665,172.217.194.0-255,5738,146789,10,192919
33672,0.001667,172.31.36.0-255,66,146855,10,192919
33673,0.001696,172.31.36.0-255,66,146921,10,192919
33674,0.001707,172.31.36.0-255,66,146987,10,192919
33675,0.00172,172.217.194.0-255,766,147753,10,192919
33676,0.001766,172.217.194.0-255,1484,149237,10,192919
33677,0.001768,172.31.36.0-255,66,149303,10,192919
33678,0.001771,172.217.194.0-255,1484,150787,10,192919
33679,0.001795,172.217.194.0-255,2902,153689,10,192919
33680,0.001797,172.31.36.0-255,66,153755,10,192919
33681,0.001803,172.217.194.0-255,5738,159493,10,192919
33682,0.001805,172.31.36.0-255,66,159559,10,192919
33683,0.001809,172.217.194.0-255,2902,162461,10,192919
33684,0.001811,172.31.36.0-255,66,162527,10,192919
33685,0.001856,172.31.36.0-255,66,162593,10,192919
33686,0.001866,172.31.36.0-255,66,162659,10,192919
33687,0.001922,172.217.194.0-255,1484,164143,10,192919
33688,0.001926,172.217.194.0-255,2902,167045,10,192919
33689,0.001928,172.31.36.0-255,66,167111,10,192919
33690,0.001934,172.217.194.0-255,5738,172849,10,192919
33691,0.001936,172.31.36.0-255,66,172915,10,192919
33692,0.001965,172.217.194.0-255,1484,174399,10,192919
33693,0.001987,172.217.194.0-255,766,175165,10,192919
33694,0.002013,172.217.194.0-255,1484,176649,10,192919
33695,0.002031,172.217.194.0-255,4320,180969,10,192919
33696,0.002067,172.217.194.0-255,1484,182453,10,192919
33697,0.002087,172.217.194.0-255,1484,183937,10,192919
33698,0.00214,172.217.194.0-255,4320,188257,10,192919
33699,0.002173,172.217.194.0-255,4320,192577,10,192919
33700,0.002249,172.217.194.0-255,105,192682,10,192919
33701,0.006445,172.31.36.0-255,66,192748,10,192919
33702,0.008859,172.31.36.0-255,105,192853,10,192919
33703,0.011443,172.217.194.0-255,66,192919,10,192919
33704,0.0,172.217.194.0-255,153,153,10,194821
33705,3.4e-05,172.31.36.0-255,66,219,10,194821
33706,4.2e-05,172.217.194.0-255,1484,1703,10,194821
33707,4.6e-05,172.31.36.0-255,66,1769,10,194821
33708,5e-05,172.217.194.0-255,2902,4671,10,194821
33709,5.2e-05,172.31.36.0-255,66,4737,10,194821
33710,5.9e-05,172.217.194.0-255,7156,11893,10,194821
33711,6.3e-05,172.31.36.0-255,66,11959,10,194821
33712,6.6e-05,172.217.194.0-255,2055,14014,10,194821
33713,6.9e-05,172.31.36.0-255,66,14080,10,194821
33714,0.00012,172.217.194.0-255,1484,15564,10,194821
33715,0.000122,172.31.36.0-255,66,15630,10,194821
33716,0.000139,172.217.194.0-255,2902,18532,10,194821
33717,0.000141,172.31.36.0-255,66,18598,10,194821
33718,0.000148,172.217.194.0-255,4320,22918,10,194821
33719,0.00015,172.31.36.0-255,66,22984,10,194821
33720,0.000169,172.217.194.0-255,1484,24468,10,194821
33721,0.000172,172.31.36.0-255,66,24534,10,194821
33722,0.000175,172.217.194.0-255,1484,26018,10,194821
33723,0.000178,172.31.36.0-255,66,26084,10,194821
33724,0.000226,172.31.36.0-255,66,26150,10,194821
33725,0.000238,172.31.36.0-255,66,26216,10,194821
33726,0.000243,172.217.194.0-255,4320,30536,10,194821
33727,0.000247,172.31.36.0-255,66,30602,10,194821
33728,0.000283,172.31.36.0-255,66,30668,10,194821
33729,0.000298,172.217.194.0-255,365,31033,10,194821
33730,0.000301,172.31.36.0-255,66,31099,10,194821
33731,0.000483,172.217.194.0-255,1484,32583,10,194821
33732,0.000487,172.31.36.0-255,66,32649,10,194821
33733,0.000493,172.217.194.0-255,2902,35551,10,194821
33734,0.000501,172.217.194.0-255,4320,39871,10,194821
33735,0.000504,172.31.36.0-255,66,39937,10,194821
33736,0.00051,172.31.36.0-255,66,40003,10,194821
33737,0.000513,172.217.194.0-255,1484,41487,10,194821
33738,0.00055,172.217.194.0-255,5738,47225,10,194821
33739,0.000555,172.31.36.0-255,66,47291,10,194821
33740,0.000564,172.217.194.0-255,1125,48416,10,194821
33741,0.00057,172.217.194.0-255,2902,51318,10,194821
33742,0.000574,172.31.36.0-255,66,51384,10,194821
33743,0.000596,172.217.194.0-255,4320,55704,10,194821
33744,0.000604,172.217.194.0-255,7156,62860,10,194821
33745,0.000603,172.31.36.0-255,66,62926,10,194821
33746,0.000608,172.31.36.0-255,66,62992,10,194821
33747,0.000623,172.217.194.0-255,2543,65535,10,194821
33748,0.000638,172.31.36.0-255,66,65601,10,194821
33749,0.001329,172.217.194.0-255,1484,67085,10,194821
33750,0.001339,172.217.194.0-255,2902,69987,10,194821
33751,0.001343,172.31.36.0-255,66,70053,10,194821
33752,0.001351,172.217.194.0-255,5738,75791,10,194821
33753,0.001354,172.217.194.0-255,1484,77275,10,194821
33754,0.001382,172.217.194.0-255,7156,84431,10,194821
33755,0.001411,172.217.194.0-255,2902,87333,10,194821
33756,0.001465,172.217.194.0-255,5738,93071,10,194821
33757,0.001488,172.217.194.0-255,1484,94555,10,194821
33758,0.001557,172.217.194.0-255,7156,101711,10,194821
33759,0.00158,172.217.194.0-255,766,102477,10,194821
33760,0.001718,172.217.194.0-255,1484,103961,10,194821
33761,0.001725,172.217.194.0-255,2902,106863,10,194821
33762,0.001728,172.217.194.0-255,1484,108347,10,194821
33763,0.001743,172.217.194.0-255,4320,112667,10,194821
33764,0.001774,172.217.194.0-255,2902,115569,10,194821
33765,0.001791,172.217.194.0-255,5738,121307,10,194821
33766,0.001826,172.217.194.0-255,2184,123491,10,194821
33767,0.002145,172.217.194.0-255,1484,124975,10,194821
33768,0.002148,172.217.194.0-255,1484,126459,10,194821
33769,0.002159,172.217.194.0-255,1484,127943,10,194821
33770,0.002163,172.217.194.0-255,2902,130845,10,194821
33771,0.002179,172.217.194.0-255,2902,133747,10,194821
33772,0.002182,172.217.194.0-255,1484,135231,10,194821
33773,0.002232,172.217.194.0-255,4320,139551,10,194821
33774,0.002262,172.217.194.0-255,5738,145289,10,194821
33775,0.002277,172.217.194.0-255,5738,151027,10,194821
33776,0.002295,172.217.194.0-255,1484,152511,10,194821
33777,0.00241,172.217.194.0-255,1484,153995,10,194821
33778,0.002413,172.217.194.0-255,1484,155479,10,194821
33779,0.002432,172.217.194.0-255,1484,156963,10,194821
33780,0.002438,172.217.194.0-255,5738,162701,10,194821
33781,0.002443,172.217.194.0-255,2902,165603,10,194821
33782,0.002461,172.217.194.0-255,1484,167087,10,194821
33783,0.005058,172.31.36.0-255,66,167153,10,194821
33784,0.007471,172.217.194.0-255,4320,171473,10,194821
33785,0.007478,172.31.36.0-255,66,171539,10,194821
33786,0.007495,172.217.194.0-255,1484,173023,10,194821
33787,0.009818,172.217.194.0-255,4320,177343,10,194821
33788,0.009824,172.31.36.0-255,66,177409,10,194821
33789,0.012187,172.217.194.0-255,5738,183147,10,194821
33790,0.013569,172.31.36.0-255,66,183213,10,194821
33791,0.015952,172.217.194.0-255,5738,188951,10,194821
33792,0.015967,172.31.36.0-255,66,189017,10,194821
33793,0.018312,172.217.194.0-255,5738,194755,10,194821
33794,0.018321,172.31.36.0-255,66,194821,10,194821
33795,0.0,74.125.24.0-255,297,297,10,206310
33796,2.3e-05,172.31.36.0-255,66,363,10,206310
33797,2.9e-05,74.125.24.0-255,1484,1847,10,206310
33798,3.4e-05,172.31.36.0-255,66,1913,10,206310
33799,4.1e-05,74.125.24.0-255,4320,6233,10,206310
33800,4.4e-05,172.31.36.0-255,66,6299,10,206310
33801,5.1e-05,74.125.24.0-255,7156,13455,10,206310
33802,5.5e-05,172.31.36.0-255,66,13521,10,206310
33803,9.5e-05,74.125.24.0-255,447,13968,10,206310
33804,9.7e-05,172.31.36.0-255,66,14034,10,206310
33805,0.000149,74.125.24.0-255,1484,15518,10,206310
33806,0.000152,172.31.36.0-255,66,15584,10,206310
33807,0.000169,74.125.24.0-255,2902,18486,10,206310
33808,0.000171,172.31.36.0-255,66,18552,10,206310
33809,0.000177,74.125.24.0-255,4320,22872,10,206310
33810,0.000179,172.31.36.0-255,66,22938,10,206310
33811,0.000194,74.125.24.0-255,1484,24422,10,206310
33812,0.000196,172.31.36.0-255,66,24488,10,206310
33813,0.00023,74.125.24.0-255,6797,31285,10,206310
33814,0.000232,172.31.36.0-255,66,31351,10,206310
33815,0.001316,74.125.24.0-255,1484,32835,10,206310
33816,0.001322,172.31.36.0-255,66,32901,10,206310
33817,0.001331,74.125.24.0-255,2902,35803,10,206310
33818,0.001333,172.31.36.0-255,66,35869,10,206310
33819,0.001339,74.125.24.0-255,5738,41607,10,206310
33820,0.001341,172.31.36.0-255,66,41673,10,206310
33821,0.001347,74.125.24.0-255,5738,47411,10,206310
33822,0.001349,172.31.36.0-255,66,47477,10,206310
33823,0.001374,74.125.24.0-255,5738,53215,10,206310
33824,0.001377,172.31.36.0-255,66,53281,10,206310
33825,0.001407,172.31.36.0-255,66,53347,10,206310
33826,0.001412,74.125.24.0-255,3961,57308,10,206310
33827,0.001413,172.31.36.0-255,66,57374,10,206310
33828,0.001667,74.125.24.0-255,396,57770,10,206310
33829,0.001755,74.125.24.0-255,1484,59254,10,206310
33830,0.001761,172.31.36.0-255,66,59320,10,206310
33831,0.001767,74.125.24.0-255,2902,62222,10,206310
33832,0.00177,172.31.36.0-255,66,62288,10,206310
33833,0.001774,74.125.24.0-255,1484,63772,10,206310
33834,0.001795,74.125.24.0-255,4320,68092,10,206310
33835,0.001798,172.31.36.0-255,66,68158,10,206310
33836,0.001812,172.31.36.0-255,66,68224,10,206310
33837,0.001848,74.125.24.0-255,7156,75380,10,206310
33838,0.001851,172.31.36.0-255,66,75446,10,206310
33839,0.001867,74.125.24.0-255,5020,80466,10,206310
33840,0.001869,172.31.36.0-255,66,80532,10,206310
33841,0.001921,172.31.36.0-255,66,80598,10,206310
33842,0.001927,74.125.24.0-255,4320,84918,10,206310
33843,0.001929,172.31.36.0-255,66,84984,10,206310
33844,0.001953,172.31.36.0-255,66,85050,10,206310
33845,0.001961,74.125.24.0-255,6438,91488,10,206310
33846,0.001963,172.31.36.0-255,66,91554,10,206310
33847,0.001971,74.125.24.0-255,7156,98710,10,206310
33848,0.001974,172.31.36.0-255,66,98776,10,206310
33849,0.001977,74.125.24.0-255,1484,100260,10,206310
33850,0.002015,172.31.36.0-255,66,100326,10,206310
33851,0.002029,172.31.36.0-255,66,100392,10,206310
33852,0.00237,74.125.24.0-255,348,100740,10,206310
33853,0.002636,74.125.24.0-255,1484,102224,10,206310
33854,0.002642,172.31.36.0-255,66,102290,10,206310
33855,0.002649,74.125.24.0-255,2902,105192,10,206310
33856,0.002651,172.31.36.0-255,66,105258,10,206310
33857,0.002685,74.125.24.0-255,5738,110996,10,206310
33858,0.002689,172.31.36.0-255,66,111062,10,206310
33859,0.002696,74.125.24.0-255,7156,118218,10,206310
33860,0.002699,172.31.36.0-255,66,118284,10,206310
33861,0.002713,172.31.36.0-255,66,118350,10,206310
33862,0.002727,74.125.24.0-255,2902,121252,10,206310
33863,0.002729,172.31.36.0-255,66,121318,10,206310
33864,0.002733,74.125.24.0-255,2184,123502,10,206310
33865,0.002735,172.31.36.0-255,66,123568,10,206310
33866,0.002797,74.125.24.0-255,1484,125052,10,206310
33867,0.002801,74.125.24.0-255,2902,127954,10,206310
33868,0.002804,172.31.36.0-255,66,128020,10,206310
33869,0.002808,74.125.24.0-255,1484,129504,10,206310
33870,0.002828,74.125.24.0-255,4320,133824,10,206310
33871,0.002831,172.31.36.0-255,66,133890,10,206310
33872,0.002838,74.125.24.0-255,4320,138210,10,206310
33873,0.00284,172.31.36.0-255,66,138276,10,206310
33874,0.002902,172.31.36.0-255,66,138342,10,206310
33875,0.002905,172.31.36.0-255,66,138408,10,206310
33876,0.002913,172.31.36.0-255,66,138474,10,206310
33877,0.002972,74.125.24.0-255,1484,139958,10,206310
33878,0.002977,172.31.36.0-255,66,140024,10,206310
33879,0.002994,74.125.24.0-255,2902,142926,10,206310
33880,0.003001,74.125.24.0-255,5738,148664,10,206310
33881,0.003007,74.125.24.0-255,4320,152984,10,206310
33882,0.003093,172.31.36.0-255,66,153050,10,206310
33883,0.003118,74.125.24.0-255,1484,154534,10,206310
33884,0.003132,74.125.24.0-255,2902,157436,10,206310
33885,0.003144,74.125.24.0-255,2902,160338,10,206310
33886,0.003158,74.125.24.0-255,2902,163240,10,206310
33887,0.003169,172.31.36.0-255,66,163306,10,206310
33888,0.003179,74.125.24.0-255,4320,167626,10,206310
33889,0.003188,172.31.36.0-255,66,167692,10,206310
33890,0.003213,74.125.24.0-255,7156,174848,10,206310
33891,0.003225,172.31.36.0-255,66,174914,10,206310
33892,0.003246,74.125.24.0-255,6438,181352,10,206310
33893,0.003266,74.125.24.0-255,2902,184254,10,206310
33894,0.003299,74.125.24.0-255,6438,190692,10,206310
33895,0.003316,172.31.36.0-255,66,190758,10,206310
33896,0.003323,172.31.36.0-255,66,190824,10,206310
33897,0.003339,74.125.24.0-255,5738,196562,10,206310
33898,0.003345,74.125.24.0-255,5020,201582,10,206310
33899,0.003363,74.125.24.0-255,4320,205902,10,206310
33900,0.003377,172.31.36.0-255,66,205968,10,206310
33901,0.003388,74.125.24.0-255,105,206073,10,206310
33902,0.0034,172.31.36.0-255,66,206139,10,206310
33903,0.0109,172.31.36.0-255,105,206244,10,206310
33904,0.01347,74.125.24.0-255,66,206310,10,206310
33905,0.0,74.125.24.0-255,314,314,10,217758
33906,3.2e-05,172.31.36.0-255,66,380,10,217758
33907,3.9e-05,74.125.24.0-255,1484,1864,10,217758
33908,4.3e-05,172.31.36.0-255,66,1930,10,217758
33909,4.9e-05,74.125.24.0-255,4320,6250,10,217758
33910,5.1e-05,172.31.36.0-255,66,6316,10,217758
33911,5.6e-05,74.125.24.0-255,4320,10636,10,217758
33912,5.9e-05,172.31.36.0-255,66,10702,10,217758
33913,7.8e-05,74.125.24.0-255,2902,13604,10,217758
33914,8e-05,172.31.36.0-255,66,13670,10,217758
33915,9.4e-05,74.125.24.0-255,1484,15154,10,217758
33916,9.7e-05,172.31.36.0-255,66,15220,10,217758
33917,0.000136,172.31.36.0-255,66,15286,10,217758
33918,0.000141,74.125.24.0-255,3961,19247,10,217758
33919,0.000144,172.31.36.0-255,66,19313,10,217758
33920,0.000261,74.125.24.0-255,1484,20797,10,217758
33921,0.000264,172.31.36.0-255,66,20863,10,217758
33922,0.00027,74.125.24.0-255,2902,23765,10,217758
33923,0.000272,172.31.36.0-255,66,23831,10,217758
33924,0.000306,74.125.24.0-255,5738,29569,10,217758
33925,0.000309,172.31.36.0-255,66,29635,10,217758
33926,0.000314,74.125.24.0-255,2902,32537,10,217758
33927,0.000316,172.31.36.0-255,66,32603,10,217758
33928,0.000355,172.31.36.0-255,66,32669,10,217758
33929,0.000372,74.125.24.0-255,1484,34153,10,217758
33930,0.000378,172.31.36.0-255,66,34219,10,217758
33931,0.000401,172.31.36.0-255,66,34285,10,217758
33932,0.000404,74.125.24.0-255,766,35051,10,217758
33933,0.000406,172.31.36.0-255,66,35117,10,217758
33934,0.000457,74.125.24.0-255,355,35472,10,217758
33935,0.000497,74.125.24.0-255,136,35608,10,217758
33936,0.000561,74.125.24.0-255,1484,37092,10,217758
33937,0.000565,172.31.36.0-255,66,37158,10,217758
33938,0.00057,74.125.24.0-255,2902,40060,10,217758
33939,0.000572,172.31.36.0-255,66,40126,10,217758
33940,0.000575,74.125.24.0-255,1484,41610,10,217758
33941,0.000578,74.125.24.0-255,1484,43094,10,217758
33942,0.000581,172.31.36.0-255,66,43160,10,217758
33943,0.000602,74.125.24.0-255,7156,50316,10,217758
33944,0.000605,172.31.36.0-255,66,50382,10,217758
33945,0.000651,172.31.36.0-255,66,50448,10,217758
33946,0.000701,74.125.24.0-255,2466,52914,10,217758
33947,0.000704,172.31.36.0-255,66,52980,10,217758
33948,0.000758,74.125.24.0-255,2902,55882,10,217758
33949,0.000762,172.31.36.0-255,66,55948,10,217758
33950,0.000786,74.125.24.0-255,7156,63104,10,217758
33951,0.000789,172.31.36.0-255,66,63170,10,217758
33952,0.000825,74.125.24.0-255,5738,68908,10,217758
33953,0.000828,172.31.36.0-255,66,68974,10,217758
33954,0.000851,74.125.24.0-255,5738,74712,10,217758
33955,0.000853,172.31.36.0-255,66,74778,10,217758
33956,0.000866,172.31.36.0-255,66,74844,10,217758
33957,0.00089,74.125.24.0-255,3602,78446,10,217758
33958,0.000893,172.31.36.0-255,66,78512,10,217758
33959,0.001079,74.125.24.0-255,1484,79996,10,217758
33960,0.001085,74.125.24.0-255,1484,81480,10,217758
33961,0.001088,172.31.36.0-255,66,81546,10,217758
33962,0.001109,74.125.24.0-255,1484,83030,10,217758
33963,0.001116,74.125.24.0-255,5738,88768,10,217758
33964,0.001119,172.31.36.0-255,66,88834,10,217758
33965,0.001125,74.125.24.0-255,5738,94572,10,217758
33966,0.001127,172.31.36.0-255,66,94638,10,217758
33967,0.001167,74.125.24.0-255,7156,101794,10,217758
33968,0.00117,172.31.36.0-255,66,101860,10,217758
33969,0.001194,74.125.24.0-255,5738,107598,10,217758
33970,0.001197,172.31.36.0-255,66,107664,10,217758
33971,0.001203,74.125.24.0-255,5020,112684,10,217758
33972,0.001205,172.31.36.0-255,66,112750,10,217758
33973,0.001666,74.125.24.0-255,1484,114234,10,217758
33974,0.00168,74.125.24.0-255,2902,117136,10,217758
33975,0.001684,172.31.36.0-255,66,117202,10,217758
33976,0.001688,74.125.24.0-255,1484,118686,10,217758
33977,0.001708,74.125.24.0-255,4320,123006,10,217758
33978,0.001711,172.31.36.0-255,66,123072,10,217758
33979,0.001719,74.125.24.0-255,7156,130228,10,217758
33980,0.001722,172.31.36.0-255,66,130294,10,217758
33981,0.001743,74.125.24.0-255,5738,136032,10,217758
33982,0.001746,172.31.36.0-255,66,136098,10,217758
33983,0.001758,172.31.36.0-255,66,136164,10,217758
33984,0.001985,74.125.24.0-255,1484,137648,10,217758
33985,0.001992,74.125.24.0-255,2902,140550,10,217758
33986,0.001996,172.31.36.0-255,66,140616,10,217758
33987,0.002022,74.125.24.0-255,4320,144936,10,217758
33988,0.002025,172.31.36.0-255,66,145002,10,217758
33989,0.002043,74.125.24.0-255,1484,146486,10,217758
33990,0.002047,74.125.24.0-255,2902,149388,10,217758
33991,0.00205,172.31.36.0-255,66,149454,10,217758
33992,0.002077,172.31.36.0-255,66,149520,10,217758
33993,0.002095,74.125.24.0-255,2902,152422,10,217758
33994,0.002097,172.31.36.0-255,66,152488,10,217758
33995,0.002122,172.31.36.0-255,66,152554,10,217758
33996,0.002136,172.31.36.0-255,66,152620,10,217758
33997,0.002162,74.125.24.0-255,4320,156940,10,217758
33998,0.002166,172.31.36.0-255,66,157006,10,217758
33999,0.002181,74.125.24.0-255,2902,159908,10,217758
34000,0.002183,172.31.36.0-255,66,159974,10,217758
34001,0.002194,172.31.36.0-255,66,160040,10,217758
34002,0.002197,74.125.24.0-255,1484,161524,10,217758
34003,0.002214,74.125.24.0-255,3602,165126,10,217758
34004,0.002217,172.31.36.0-255,66,165192,10,217758
34005,0.002338,74.125.24.0-255,1484,166676,10,217758
34006,0.002343,74.125.24.0-255,2902,169578,10,217758
34007,0.002346,172.31.36.0-255,66,169644,10,217758
34008,0.002349,74.125.24.0-255,1484,171128,10,217758
34009,0.002366,74.125.24.0-255,4320,175448,10,217758
34010,0.002369,172.31.36.0-255,66,175514,10,217758
34011,0.00241,74.125.24.0-255,1484,176998,10,217758
34012,0.002434,172.31.36.0-255,66,177064,10,217758
34013,0.002437,74.125.24.0-255,1484,178548,10,217758
34014,0.004803,74.125.24.0-255,4320,182868,10,217758
34015,0.004811,172.31.36.0-255,66,182934,10,217758
34016,0.007147,74.125.24.0-255,5738,188672,10,217758
34017,0.007151,172.31.36.0-255,66,188738,10,217758
34018,0.009462,74.125.24.0-255,5738,194476,10,217758
34019,0.009467,172.31.36.0-255,66,194542,10,217758
34020,0.011804,74.125.24.0-255,5738,200280,10,217758
34021,0.01181,172.31.36.0-255,66,200346,10,217758
34022,0.014138,74.125.24.0-255,5738,206084,10,217758
34023,0.014145,172.31.36.0-255,66,206150,10,217758
34024,0.016454,74.125.24.0-255,5738,211888,10,217758
34025,0.016464,172.31.36.0-255,66,211954,10,217758
34026,0.018798,74.125.24.0-255,5738,217692,10,217758
34027,0.018807,172.31.36.0-255,66,217758,10,217758
34028,0.0,172.253.118.0-255,152,152,10,197912
34029,2.3e-05,172.31.36.0-255,66,218,10,197912
34030,3e-05,172.253.118.0-255,1484,1702,10,197912
34031,3.6e-05,172.31.36.0-255,66,1768,10,197912
34032,5e-05,172.253.118.0-255,2902,4670,10,197912
34033,5.4e-05,172.31.36.0-255,66,4736,10,197912
34034,6.2e-05,172.253.118.0-255,7156,11892,10,197912
34035,6.5e-05,172.31.36.0-255,66,11958,10,197912
34036,6.9e-05,172.253.118.0-255,2019,13977,10,197912
34037,7.2e-05,172.31.36.0-255,66,14043,10,197912
34038,0.000116,172.253.118.0-255,1484,15527,10,197912
34039,0.000119,172.31.36.0-255,66,15593,10,197912
34040,0.000125,172.253.118.0-255,2902,18495,10,197912
34041,0.000127,172.31.36.0-255,66,18561,10,197912
34042,0.000131,172.253.118.0-255,2902,21463,10,197912
34043,0.000134,172.31.36.0-255,66,21529,10,197912
34044,0.000167,172.253.118.0-255,2902,24431,10,197912
34045,0.00017,172.31.36.0-255,66,24497,10,197912
34046,0.000178,172.253.118.0-255,6797,31294,10,197912
34047,0.00018,172.31.36.0-255,66,31360,10,197912
34048,0.000208,172.253.118.0-255,7156,38516,10,197912
34049,0.000211,172.31.36.0-255,66,38582,10,197912
34050,0.000215,172.253.118.0-255,1484,40066,10,197912
34051,0.000217,172.31.36.0-255,66,40132,10,197912
34052,0.000254,172.31.36.0-255,66,40198,10,197912
34053,0.000463,172.253.118.0-255,1484,41682,10,197912
34054,0.000468,172.31.36.0-255,66,41748,10,197912
34055,0.000474,172.253.118.0-255,2902,44650,10,197912
34056,0.000477,172.31.36.0-255,66,44716,10,197912
34057,0.000507,172.253.118.0-255,5738,50454,10,197912
34058,0.00051,172.31.36.0-255,66,50520,10,197912
34059,0.000517,172.253.118.0-255,6797,57317,10,197912
34060,0.00052,172.31.36.0-255,66,57383,10,197912
34061,0.000612,172.253.118.0-255,1484,58867,10,197912
34062,0.000619,172.253.118.0-255,2902,61769,10,197912
34063,0.000622,172.31.36.0-255,66,61835,10,197912
34064,0.000653,172.253.118.0-255,5738,67573,10,197912
34065,0.000656,172.31.36.0-255,66,67639,10,197912
34066,0.000687,172.253.118.0-255,6797,74436,10,197912
34067,0.000691,172.31.36.0-255,66,74502,10,197912
34068,0.000698,172.253.118.0-255,7156,81658,10,197912
34069,0.000701,172.31.36.0-255,66,81724,10,197912
34070,0.000723,172.253.118.0-255,4320,86044,10,197912
34071,0.000728,172.31.36.0-255,66,86110,10,197912
34072,0.000754,172.253.118.0-255,5379,91489,10,197912
34073,0.000757,172.31.36.0-255,66,91555,10,197912
34074,0.000795,172.253.118.0-255,5738,97293,10,197912
34075,0.000799,172.31.36.0-255,66,97359,10,197912
34076,0.000806,172.253.118.0-255,7156,104515,10,197912
34077,0.000809,172.31.36.0-255,66,104581,10,197912
34078,0.000837,172.253.118.0-255,3947,108528,10,197912
34079,0.000842,172.31.36.0-255,66,108594,10,197912
34080,0.001123,172.253.118.0-255,1484,110078,10,197912
34081,0.001141,172.253.118.0-255,2902,112980,10,197912
34082,0.001145,172.31.36.0-255,66,113046,10,197912
34083,0.001174,172.253.118.0-255,5738,118784,10,197912
34084,0.001177,172.31.36.0-255,66,118850,10,197912
34085,0.001188,172.31.36.0-255,66,118916,10,197912
34086,0.001208,172.253.118.0-255,4320,123236,10,197912
34087,0.00121,172.31.36.0-255,66,123302,10,197912
34088,0.001245,172.253.118.0-255,7156,130458,10,197912
34089,0.001248,172.31.36.0-255,66,130524,10,197912
34090,0.001252,172.253.118.0-255,2184,132708,10,197912
34091,0.001253,172.31.36.0-255,66,132774,10,197912
34092,0.001762,172.253.118.0-255,1484,134258,10,197912
34093,0.001766,172.253.118.0-255,1484,135742,10,197912
34094,0.001769,172.31.36.0-255,66,135808,10,197912
34095,0.001793,172.253.118.0-255,1484,137292,10,197912
34096,0.001807,172.253.118.0-255,4320,141612,10,197912
34097,0.001809,172.31.36.0-255,66,141678,10,197912
34098,0.001831,172.253.118.0-255,1484,143162,10,197912
34099,0.001842,172.31.36.0-255,66,143228,10,197912
34100,0.001874,172.31.36.0-255,66,143294,10,197912
34101,0.001879,172.253.118.0-255,5020,148314,10,197912
34102,0.001881,172.31.36.0-255,66,148380,10,197912
34103,0.003863,172.253.118.0-255,5738,154118,10,197912
34104,0.00387,172.31.36.0-255,66,154184,10,197912
34105,0.005857,172.253.118.0-255,4320,158504,10,197912
34106,0.00586,172.31.36.0-255,66,158570,10,197912
34107,0.00588,172.253.118.0-255,1484,160054,10,197912
34108,0.00784,172.253.118.0-255,4320,164374,10,197912
34109,0.007846,172.31.36.0-255,66,164440,10,197912
34110,0.00985,172.253.118.0-255,5738,170178,10,197912
34111,0.009856,172.31.36.0-255,66,170244,10,197912
34112,0.011855,172.253.118.0-255,5738,175982,10,197912
34113,0.011863,172.31.36.0-255,66,176048,10,197912
34114,0.013852,172.253.118.0-255,5738,181786,10,197912
34115,0.013859,172.31.36.0-255,66,181852,10,197912
34116,0.015862,172.253.118.0-255,5738,187590,10,197912
34117,0.015872,172.31.36.0-255,66,187656,10,197912
34118,0.017881,172.253.118.0-255,4320,191976,10,197912
34119,0.017889,172.31.36.0-255,66,192042,10,197912
34120,0.017918,172.253.118.0-255,1484,193526,10,197912
34121,0.019915,172.253.118.0-255,4320,197846,10,197912
34122,0.019923,172.31.36.0-255,66,197912,10,197912
34123,0.0,74.125.24.0-255,297,297,10,69187
34124,1.9e-05,172.31.36.0-255,66,363,10,69187
34125,2.6e-05,74.125.24.0-255,1484,1847,10,69187
34126,3e-05,172.31.36.0-255,66,1913,10,69187
34127,3.7e-05,74.125.24.0-255,4320,6233,10,69187
34128,4e-05,172.31.36.0-255,66,6299,10,69187
34129,7.8e-05,172.31.36.0-255,66,6365,10,69187
34130,0.000171,172.31.36.0-255,66,6431,10,69187
34131,0.00028,172.31.36.0-255,66,6497,10,69187
34132,0.00039,172.31.36.0-255,66,6563,10,69187
34133,0.000565,74.125.24.0-255,7156,13719,10,69187
34134,0.00057,172.31.36.0-255,66,13785,10,69187
34135,0.000603,172.31.36.0-255,66,13851,10,69187
34136,0.00085,172.31.36.0-255,66,13917,10,69187
34137,0.001081,172.31.36.0-255,66,13983,10,69187
34138,0.001251,172.31.36.0-255,66,14049,10,69187
34139,0.001273,74.125.24.0-255,5738,19787,10,69187
34140,0.001275,172.31.36.0-255,66,19853,10,69187
34141,0.001432,172.31.36.0-255,66,19919,10,69187
34142,0.001473,172.31.36.0-255,66,19985,10,69187
34143,0.001817,172.31.36.0-255,66,20051,10,69187
34144,0.002527,74.125.24.0-255,5738,25789,10,69187
34145,0.003081,74.125.24.0-255,7156,32945,10,69187
34146,0.003804,74.125.24.0-255,7156,40101,10,69187
34147,0.004644,172.31.36.0-255,66,40167,10,69187
34148,0.006959,74.125.24.0-255,5738,45905,10,69187
34149,0.006966,172.31.36.0-255,66,45971,10,69187
34150,0.00927,74.125.24.0-255,5738,51709,10,69187
34151,0.009277,172.31.36.0-255,66,51775,10,69187
34152,0.011592,74.125.24.0-255,5738,57513,10,69187
34153,0.011599,172.31.36.0-255,66,57579,10,69187
34154,0.013909,74.125.24.0-255,5738,63317,10,69187
34155,0.013916,172.31.36.0-255,66,63383,10,69187
34156,0.016223,74.125.24.0-255,5738,69121,10,69187
34157,0.018822,172.31.36.0-255,66,69187,10,69187
34158,0.0,74.125.130.0-255,153,153,10,199429
34159,1.4e-05,172.31.36.0-255,66,219,10,199429
34160,2e-05,74.125.130.0-255,1484,1703,10,199429
34161,2.5e-05,172.31.36.0-255,66,1769,10,199429
34162,3.1e-05,74.125.130.0-255,2902,4671,10,199429
34163,3.4e-05,172.31.36.0-255,66,4737,10,199429
34164,3.8e-05,74.125.130.0-255,1484,6221,10,199429
34165,4.1e-05,172.31.36.0-255,66,6287,10,199429
34166,7.3e-05,74.125.130.0-255,4320,10607,10,199429
34167,7.7e-05,172.31.36.0-255,66,10673,10,199429
34168,8.2e-05,74.125.130.0-255,3473,14146,10,199429
34169,8.4e-05,172.31.36.0-255,66,14212,10,199429
34170,0.000253,74.125.130.0-255,1484,15696,10,199429
34171,0.000259,172.31.36.0-255,66,15762,10,199429
34172,0.000263,74.125.130.0-255,1484,17246,10,199429
34173,0.000265,172.31.36.0-255,66,17312,10,199429
34174,0.000269,74.125.130.0-255,2902,20214,10,199429
34175,0.000273,172.31.36.0-255,66,20280,10,199429
34176,0.000301,74.125.130.0-255,5738,26018,10,199429
34177,0.000303,172.31.36.0-255,66,26084,10,199429
34178,0.000339,74.125.130.0-255,5379,31463,10,199429
34179,0.000341,172.31.36.0-255,66,31529,10,199429
34180,0.000347,74.125.130.0-255,5738,37267,10,199429
34181,0.000349,172.31.36.0-255,66,37333,10,199429
34182,0.00038,172.31.36.0-255,66,37399,10,199429
34183,0.000422,74.125.130.0-255,1484,38883,10,199429
34184,0.000425,172.31.36.0-255,66,38949,10,199429
34185,0.00043,74.125.130.0-255,2902,41851,10,199429
34186,0.000433,172.31.36.0-255,66,41917,10,199429
34187,0.000457,74.125.130.0-255,5738,47655,10,199429
34188,0.00046,172.31.36.0-255,66,47721,10,199429
34189,0.000465,74.125.130.0-255,4320,52041,10,199429
34190,0.000467,172.31.36.0-255,66,52107,10,199429
34191,0.000479,74.125.130.0-255,1484,53591,10,199429
34192,0.000523,74.125.130.0-255,3602,57193,10,199429
34193,0.000528,172.31.36.0-255,66,57259,10,199429
34194,0.000553,74.125.130.0-255,645,57904,10,199429
34195,0.000983,172.31.36.0-255,66,57970,10,199429
34196,0.001141,74.125.130.0-255,1484,59454,10,199429
34197,0.00115,74.125.130.0-255,2902,62356,10,199429
34198,0.001154,172.31.36.0-255,66,62422,10,199429
34199,0.001186,74.125.130.0-255,5738,68160,10,199429
34200,0.001189,172.31.36.0-255,66,68226,10,199429
34201,0.001192,74.125.130.0-255,1484,69710,10,199429
34202,0.001209,74.125.130.0-255,5379,75089,10,199429
34203,0.001212,172.31.36.0-255,66,75155,10,199429
34204,0.001242,74.125.130.0-255,5738,80893,10,199429
34205,0.001244,172.31.36.0-255,66,80959,10,199429
34206,0.001261,74.125.130.0-255,2902,83861,10,199429
34207,0.001264,172.31.36.0-255,66,83927,10,199429
34208,0.001287,74.125.130.0-255,7156,91083,10,199429
34209,0.001289,172.31.36.0-255,66,91149,10,199429
34210,0.001297,74.125.130.0-255,5738,96887,10,199429
34211,0.001299,172.31.36.0-255,66,96953,10,199429
34212,0.001314,74.125.130.0-255,2902,99855,10,199429
34213,0.001316,172.31.36.0-255,66,99921,10,199429
34214,0.001328,74.125.130.0-255,1484,101405,10,199429
34215,0.001351,74.125.130.0-255,7156,108561,10,199429
34216,0.001353,172.31.36.0-255,66,108627,10,199429
34217,0.001357,74.125.130.0-255,766,109393,10,199429
34218,0.001524,74.125.130.0-255,1484,110877,10,199429
34219,0.001529,172.31.36.0-255,66,110943,10,199429
34220,0.001546,74.125.130.0-255,2902,113845,10,199429
34221,0.001549,172.31.36.0-255,66,113911,10,199429
34222,0.001575,74.125.130.0-255,4320,118231,10,199429
34223,0.001577,172.31.36.0-255,66,118297,10,199429
34224,0.001582,74.125.130.0-255,2902,121199,10,199429
34225,0.001584,172.31.36.0-255,66,121265,10,199429
34226,0.001601,74.125.130.0-255,4320,125585,10,199429
34227,0.001603,172.31.36.0-255,66,125651,10,199429
34228,0.001653,172.31.36.0-255,66,125717,10,199429
34229,0.001671,74.125.130.0-255,1484,127201,10,199429
34230,0.00169,74.125.130.0-255,5738,132939,10,199429
34231,0.001694,172.31.36.0-255,66,133005,10,199429
34232,0.001726,74.125.130.0-255,2184,135189,10,199429
34233,0.00173,172.31.36.0-255,66,135255,10,199429
34234,0.002019,74.125.130.0-255,1484,136739,10,199429
34235,0.002029,74.125.130.0-255,2902,139641,10,199429
34236,0.002033,172.31.36.0-255,66,139707,10,199429
34237,0.002057,74.125.130.0-255,5738,145445,10,199429
34238,0.002059,172.31.36.0-255,66,145511,10,199429
34239,0.002082,74.125.130.0-255,4320,149831,10,199429
34240,0.002084,172.31.36.0-255,66,149897,10,199429
34241,0.0021,74.125.130.0-255,4320,154217,10,199429
34242,0.002102,172.31.36.0-255,66,154283,10,199429
34243,0.004176,74.125.130.0-255,1484,155767,10,199429
34244,0.004196,74.125.130.0-255,4320,160087,10,199429
34245,0.004201,172.31.36.0-255,66,160153,10,199429
34246,0.006274,74.125.130.0-255,4320,164473,10,199429
34247,0.006279,172.31.36.0-255,66,164539,10,199429
34248,0.006295,74.125.130.0-255,1484,166023,10,199429
34249,0.008343,74.125.130.0-255,4320,170343,10,199429
34250,0.008351,172.31.36.0-255,66,170409,10,199429
34251,0.010435,74.125.130.0-255,5738,176147,10,199429
34252,0.010441,172.31.36.0-255,66,176213,10,199429
34253,0.012518,74.125.130.0-255,5738,181951,10,199429
34254,0.012526,172.31.36.0-255,66,182017,10,199429
34255,0.014607,74.125.130.0-255,5738,187755,10,199429
34256,0.014614,172.31.36.0-255,66,187821,10,199429
34257,0.01675,74.125.130.0-255,5738,193559,10,199429
34258,0.016759,172.31.36.0-255,66,193625,10,199429
34259,0.01884,74.125.130.0-255,5738,199363,10,199429
34260,0.01885,172.31.36.0-255,66,199429,10,199429
34261,0.0,74.125.130.0-255,152,152,10,218367
34262,3.4e-05,172.31.36.0-255,66,218,10,218367
34263,4e-05,74.125.130.0-255,1484,1702,10,218367
34264,4.4e-05,172.31.36.0-255,66,1768,10,218367
34265,4.9e-05,74.125.130.0-255,2902,4670,10,218367
34266,5.3e-05,172.31.36.0-255,66,4736,10,218367
34267,6.4e-05,74.125.130.0-255,1484,6220,10,218367
34268,6.7e-05,172.31.36.0-255,66,6286,10,218367
34269,7.2e-05,74.125.130.0-255,2902,9188,10,218367
34270,7.4e-05,172.31.36.0-255,66,9254,10,218367
34271,0.000105,74.125.130.0-255,4945,14199,10,218367
34272,0.000109,172.31.36.0-255,66,14265,10,218367
34273,0.00014,74.125.130.0-255,1484,15749,10,218367
34274,0.000143,172.31.36.0-255,66,15815,10,218367
34275,0.000169,74.125.130.0-255,2902,18717,10,218367
34276,0.000172,172.31.36.0-255,66,18783,10,218367
34277,0.000178,74.125.130.0-255,5738,24521,10,218367
34278,0.000181,172.31.36.0-255,66,24587,10,218367
34279,0.000184,74.125.130.0-255,1484,26071,10,218367
34280,0.000186,172.31.36.0-255,66,26137,10,218367
34281,0.000218,74.125.130.0-255,4320,30457,10,218367
34282,0.000222,172.31.36.0-255,66,30523,10,218367
34283,0.000241,74.125.130.0-255,1125,31648,10,218367
34284,0.000244,172.31.36.0-255,66,31714,10,218367
34285,0.000347,74.125.130.0-255,1484,33198,10,218367
34286,0.000352,172.31.36.0-255,66,33264,10,218367
34287,0.000365,74.125.130.0-255,2902,36166,10,218367
34288,0.000373,172.31.36.0-255,66,36232,10,218367
34289,0.000379,74.125.130.0-255,5738,41970,10,218367
34290,0.000383,172.31.36.0-255,66,42036,10,218367
34291,0.00042,74.125.130.0-255,4320,46356,10,218367
34292,0.000423,172.31.36.0-255,66,46422,10,218367
34293,0.00043,74.125.130.0-255,5379,51801,10,218367
34294,0.000433,172.31.36.0-255,66,51867,10,218367
34295,0.000475,172.31.36.0-255,66,51933,10,218367
34296,0.000508,74.125.130.0-255,5667,57600,10,218367
34297,0.000511,172.31.36.0-255,66,57666,10,218367
34298,0.000591,74.125.130.0-255,367,58033,10,218367
34299,0.000765,74.125.130.0-255,1484,59517,10,218367
34300,0.000769,172.31.36.0-255,66,59583,10,218367
34301,0.000775,74.125.130.0-255,2902,62485,10,218367
34302,0.000777,172.31.36.0-255,66,62551,10,218367
34303,0.000815,74.125.130.0-255,5738,68289,10,218367
34304,0.00082,172.31.36.0-255,66,68355,10,218367
34305,0.000827,74.125.130.0-255,6797,75152,10,218367
34306,0.00083,172.31.36.0-255,66,75218,10,218367
34307,0.000851,74.125.130.0-255,2902,78120,10,218367
34308,0.000854,172.31.36.0-255,66,78186,10,218367
34309,0.000882,74.125.130.0-255,7156,85342,10,218367
34310,0.000885,172.31.36.0-255,66,85408,10,218367
34311,0.00094,74.125.130.0-255,2902,88310,10,218367
34312,0.000946,172.31.36.0-255,66,88376,10,218367
34313,0.000962,74.125.130.0-255,3961,92337,10,218367
34314,0.000965,172.31.36.0-255,66,92403,10,218367
34315,0.001428,74.125.130.0-255,1484,93887,10,218367
34316,0.001466,74.125.130.0-255,2902,96789,10,218367
34317,0.00147,172.31.36.0-255,66,96855,10,218367
34318,0.001477,74.125.130.0-255,4320,101175,10,218367
34319,0.001479,172.31.36.0-255,66,101241,10,218367
34320,0.00151,74.125.130.0-255,2902,104143,10,218367
34321,0.001513,172.31.36.0-255,66,104209,10,218367
34322,0.001525,74.125.130.0-255,1484,105693,10,218367
34323,0.001534,74.125.130.0-255,2902,108595,10,218367
34324,0.001537,172.31.36.0-255,66,108661,10,218367
34325,0.001564,74.125.130.0-255,2902,111563,10,218367
34326,0.001566,172.31.36.0-255,66,111629,10,218367
34327,0.001571,74.125.130.0-255,4320,115949,10,218367
34328,0.001573,172.31.36.0-255,66,116015,10,218367
34329,0.00161,74.125.130.0-255,5738,121753,10,218367
34330,0.001615,172.31.36.0-255,66,121819,10,218367
34331,0.001634,74.125.130.0-255,1484,123303,10,218367
34332,0.001663,74.125.130.0-255,2902,126205,10,218367
34333,0.001666,172.31.36.0-255,66,126271,10,218367
34334,0.00167,74.125.130.0-255,766,127037,10,218367
34335,0.002266,74.125.130.0-255,1484,128521,10,218367
34336,0.002269,172.31.36.0-255,66,128587,10,218367
34337,0.002282,74.125.130.0-255,1484,130071,10,218367
34338,0.002301,74.125.130.0-255,1484,131555,10,218367
34339,0.002303,172.31.36.0-255,66,131621,10,218367
34340,0.002309,74.125.130.0-255,4320,135941,10,218367
34341,0.00231,172.31.36.0-255,66,136007,10,218367
34342,0.00234,74.125.130.0-255,1484,137491,10,218367
34343,0.002351,172.31.36.0-255,66,137557,10,218367
34344,0.002376,74.125.130.0-255,1484,139041,10,218367
34345,0.00239,172.31.36.0-255,66,139107,10,218367
34346,0.002393,74.125.130.0-255,2184,141291,10,218367
34347,0.002395,172.31.36.0-255,66,141357,10,218367
34348,0.002398,74.125.130.0-255,1484,142841,10,218367
34349,0.002424,74.125.130.0-255,1484,144325,10,218367
34350,0.002427,172.31.36.0-255,66,144391,10,218367
34351,0.002431,74.125.130.0-255,2902,147293,10,218367
34352,0.002434,172.31.36.0-255,66,147359,10,218367
34353,0.002454,74.125.130.0-255,4320,151679,10,218367
34354,0.002456,172.31.36.0-255,66,151745,10,218367
34355,0.002466,172.31.36.0-255,66,151811,10,218367
34356,0.00247,74.125.130.0-255,2902,154713,10,218367
34357,0.002472,172.31.36.0-255,66,154779,10,218367
34358,0.002493,74.125.130.0-255,1484,156263,10,218367
34359,0.002499,74.125.130.0-255,4320,160583,10,218367
34360,0.002502,172.31.36.0-255,66,160649,10,218367
34361,0.002522,74.125.130.0-255,1484,162133,10,218367
34362,0.002529,74.125.130.0-255,5020,167153,10,218367
34363,0.002531,172.31.36.0-255,66,167219,10,218367
34364,0.002596,74.125.130.0-255,1484,168703,10,218367
34365,0.002612,74.125.130.0-255,2902,171605,10,218367
34366,0.002615,172.31.36.0-255,66,171671,10,218367
34367,0.002618,74.125.130.0-255,1484,173155,10,218367
34368,0.002637,74.125.130.0-255,1484,174639,10,218367
34369,0.00264,172.31.36.0-255,66,174705,10,218367
34370,0.002646,74.125.130.0-255,4320,179025,10,218367
34371,0.002648,172.31.36.0-255,66,179091,10,218367
34372,0.002679,74.125.130.0-255,4320,183411,10,218367
34373,0.002682,172.31.36.0-255,66,183477,10,218367
34374,0.005275,74.125.130.0-255,1484,184961,10,218367
34375,0.005311,74.125.130.0-255,4320,189281,10,218367
34376,0.005315,172.31.36.0-255,66,189347,10,218367
34377,0.007952,74.125.130.0-255,5738,195085,10,218367
34378,0.007958,172.31.36.0-255,66,195151,10,218367
34379,0.010602,74.125.130.0-255,5738,200889,10,218367
34380,0.010611,172.31.36.0-255,66,200955,10,218367
34381,0.013252,74.125.130.0-255,5738,206693,10,218367
34382,0.013263,172.31.36.0-255,66,206759,10,218367
34383,0.015902,74.125.130.0-255,5738,212497,10,218367
34384,0.015909,172.31.36.0-255,66,212563,10,218367
34385,0.018553,74.125.130.0-255,5738,218301,10,218367
34386,0.018561,172.31.36.0-255,66,218367,10,218367
34387,0.0,172.217.194.0-255,153,153,10,168708
34388,1.7e-05,172.31.36.0-255,66,219,10,168708
34389,2.5e-05,172.217.194.0-255,1484,1703,10,168708
34390,3e-05,172.31.36.0-255,66,1769,10,168708
34391,4.3e-05,172.217.194.0-255,2902,4671,10,168708
34392,4.6e-05,172.31.36.0-255,66,4737,10,168708
34393,5.4e-05,172.217.194.0-255,7156,11893,10,168708
34394,5.7e-05,172.31.36.0-255,66,11959,10,168708
34395,6.3e-05,172.217.194.0-255,4320,16279,10,168708
34396,6.7e-05,172.31.36.0-255,66,16345,10,168708
34397,9.7e-05,172.31.36.0-255,66,16411,10,168708
34398,0.000103,172.217.194.0-255,4320,20731,10,168708
34399,0.000106,172.31.36.0-255,66,20797,10,168708
34400,0.000134,172.217.194.0-255,2543,23340,10,168708
34401,0.000136,172.31.36.0-255,66,23406,10,168708
34402,0.000149,172.217.194.0-255,7156,30562,10,168708
34403,0.000151,172.31.36.0-255,66,30628,10,168708
34404,0.000156,172.217.194.0-255,2902,33530,10,168708
34405,0.000158,172.31.36.0-255,66,33596,10,168708
34406,0.000187,172.217.194.0-255,5379,38975,10,168708
34407,0.000196,172.31.36.0-255,66,39041,10,168708
34408,0.000657,172.217.194.0-255,1484,40525,10,168708
34409,0.000663,172.31.36.0-255,66,40591,10,168708
34410,0.000695,172.217.194.0-255,1484,42075,10,168708
34411,0.000698,172.31.36.0-255,66,42141,10,168708
34412,0.000725,172.217.194.0-255,1484,43625,10,168708
34413,0.000731,172.217.194.0-255,5738,49363,10,168708
34414,0.000744,172.31.36.0-255,66,49429,10,168708
34415,0.000747,172.31.36.0-255,66,49495,10,168708
34416,0.00075,172.31.36.0-255,66,49561,10,168708
34417,0.000791,172.31.36.0-255,66,49627,10,168708
34418,0.000802,172.31.36.0-255,66,49693,10,168708
34419,0.000831,172.217.194.0-255,1484,51177,10,168708
34420,0.000875,172.31.36.0-255,66,51243,10,168708
34421,0.001421,172.217.194.0-255,1484,52727,10,168708
34422,0.001427,172.217.194.0-255,2902,55629,10,168708
34423,0.001431,172.31.36.0-255,66,55695,10,168708
34424,0.001435,172.217.194.0-255,1484,57179,10,168708
34425,0.001466,172.217.194.0-255,4320,61499,10,168708
34426,0.001468,172.31.36.0-255,66,61565,10,168708
34427,0.001482,172.31.36.0-255,66,61631,10,168708
34428,0.001499,172.31.36.0-255,66,61697,10,168708
34429,0.001529,172.217.194.0-255,766,62463,10,168708
34430,0.001802,172.217.194.0-255,1484,63947,10,168708
34431,0.001806,172.31.36.0-255,66,64013,10,168708
34432,0.001836,172.217.194.0-255,2902,66915,10,168708
34433,0.001839,172.31.36.0-255,66,66981,10,168708
34434,0.001845,172.217.194.0-255,5738,72719,10,168708
34435,0.001848,172.31.36.0-255,66,72785,10,168708
34436,0.001851,172.217.194.0-255,1484,74269,10,168708
34437,0.00188,172.217.194.0-255,4320,78589,10,168708
34438,0.001883,172.31.36.0-255,66,78655,10,168708
34439,0.00189,172.217.194.0-255,7156,85811,10,168708
34440,0.001892,172.31.36.0-255,66,85877,10,168708
34441,0.001903,172.217.194.0-255,5738,91615,10,168708
34442,0.001905,172.31.36.0-255,66,91681,10,168708
34443,0.001938,172.217.194.0-255,5020,96701,10,168708
34444,0.001943,172.31.36.0-255,66,96767,10,168708
34445,0.001965,172.31.36.0-255,66,96833,10,168708
34446,0.001993,172.217.194.0-255,1484,98317,10,168708
34447,0.002005,172.31.36.0-255,66,98383,10,168708
34448,0.002025,172.31.36.0-255,66,98449,10,168708
34449,0.002029,172.217.194.0-255,2902,101351,10,168708
34450,0.002031,172.31.36.0-255,66,101417,10,168708
34451,0.002073,172.31.36.0-255,66,101483,10,168708
34452,0.002091,172.31.36.0-255,66,101549,10,168708
34453,0.002127,172.217.194.0-255,4320,105869,10,168708
34454,0.00213,172.31.36.0-255,66,105935,10,168708
34455,0.00216,172.217.194.0-255,766,106701,10,168708
34456,0.002167,172.217.194.0-255,5738,112439,10,168708
34457,0.002169,172.31.36.0-255,66,112505,10,168708
34458,0.002175,172.217.194.0-255,5738,118243,10,168708
34459,0.002178,172.31.36.0-255,66,118309,10,168708
34460,0.002202,172.31.36.0-255,66,118375,10,168708
34461,0.002208,172.217.194.0-255,5738,124113,10,168708
34462,0.00221,172.31.36.0-255,66,124179,10,168708
34463,0.002242,172.217.194.0-255,3602,127781,10,168708
34464,0.002246,172.31.36.0-255,66,127847,10,168708
34465,0.004485,172.217.194.0-255,1484,129331,10,168708
34466,0.004516,172.217.194.0-255,4320,133651,10,168708
34467,0.004521,172.31.36.0-255,66,133717,10,168708
34468,0.006803,172.217.194.0-255,5738,139455,10,168708
34469,0.006809,172.31.36.0-255,66,139521,10,168708
34470,0.009076,172.217.194.0-255,5738,145259,10,168708
34471,0.00908,172.31.36.0-255,66,145325,10,168708
34472,0.009637,172.31.36.0-255,101,145426,10,168708
34473,0.011348,172.217.194.0-255,5738,151164,10,168708
34474,0.011355,172.31.36.0-255,66,151230,10,168708
34475,0.011873,172.217.194.0-255,66,151296,10,168708
34476,0.013645,172.217.194.0-255,5738,157034,10,168708
34477,0.013651,172.31.36.0-255,66,157100,10,168708
34478,0.015944,172.217.194.0-255,5738,162838,10,168708
34479,0.015955,172.31.36.0-255,66,162904,10,168708
34480,0.018237,172.217.194.0-255,5738,168642,10,168708
34481,0.018261,172.31.36.0-255,66,168708,10,168708
34482,0.0,74.125.200.0-255,152,152,10,211595
34483,2.8e-05,172.31.36.0-255,66,218,10,211595
34484,3.5e-05,74.125.200.0-255,1484,1702,10,211595
34485,3.9e-05,172.31.36.0-255,66,1768,10,211595
34486,5.2e-05,74.125.200.0-255,2902,4670,10,211595
34487,5.5e-05,172.31.36.0-255,66,4736,10,211595
34488,6.1e-05,74.125.200.0-255,5738,10474,10,211595
34489,6.3e-05,172.31.36.0-255,66,10540,10,211595
34490,9e-05,74.125.200.0-255,1484,12024,10,211595
34491,9.3e-05,172.31.36.0-255,66,12090,10,211595
34492,0.0001,74.125.200.0-255,4856,16946,10,211595
34493,0.000102,172.31.36.0-255,66,17012,10,211595
34494,0.000108,74.125.200.0-255,5738,22750,10,211595
34495,0.00011,172.31.36.0-255,66,22816,10,211595
34496,0.000144,74.125.200.0-255,7156,29972,10,211595
34497,0.000147,172.31.36.0-255,66,30038,10,211595
34498,0.000174,74.125.200.0-255,1125,31163,10,211595
34499,0.000177,172.31.36.0-255,66,31229,10,211595
34500,0.000263,74.125.200.0-255,1484,32713,10,211595
34501,0.000267,172.31.36.0-255,66,32779,10,211595
34502,0.00027,74.125.200.0-255,1484,34263,10,211595
34503,0.000272,172.31.36.0-255,66,34329,10,211595
34504,0.000295,74.125.200.0-255,2902,37231,10,211595
34505,0.000297,172.31.36.0-255,66,37297,10,211595
34506,0.000303,74.125.200.0-255,4320,41617,10,211595
34507,0.000305,172.31.36.0-255,66,41683,10,211595
34508,0.000335,74.125.200.0-255,1484,43167,10,211595
34509,0.000338,172.31.36.0-255,66,43233,10,211595
34510,0.000345,74.125.200.0-255,5379,48612,10,211595
34511,0.000348,172.31.36.0-255,66,48678,10,211595
34512,0.000353,74.125.200.0-255,5738,54416,10,211595
34513,0.000356,172.31.36.0-255,66,54482,10,211595
34514,0.000388,74.125.200.0-255,4320,58802,10,211595
34515,0.000391,172.31.36.0-255,66,58868,10,211595
34516,0.000412,74.125.200.0-255,6797,65665,10,211595
34517,0.000415,172.31.36.0-255,66,65731,10,211595
34518,0.000418,74.125.200.0-255,413,66144,10,211595
34519,0.000459,74.125.200.0-255,332,66476,10,211595
34520,0.00062,74.125.200.0-255,1484,67960,10,211595
34521,0.000625,172.31.36.0-255,66,68026,10,211595
34522,0.000629,74.125.200.0-255,1484,69510,10,211595
34523,0.00065,74.125.200.0-255,1484,70994,10,211595
34524,0.000653,172.31.36.0-255,66,71060,10,211595
34525,0.00066,74.125.200.0-255,5738,76798,10,211595
34526,0.000662,172.31.36.0-255,66,76864,10,211595
34527,0.000735,172.31.36.0-255,66,76930,10,211595
34528,0.00074,74.125.200.0-255,4320,81250,10,211595
34529,0.000743,172.31.36.0-255,66,81316,10,211595
34530,0.000748,74.125.200.0-255,4320,85636,10,211595
34531,0.00075,172.31.36.0-255,66,85702,10,211595
34532,0.000782,74.125.200.0-255,2184,87886,10,211595
34533,0.000785,172.31.36.0-255,66,87952,10,211595
34534,0.000868,172.31.36.0-255,101,88053,10,211595
34535,0.000968,74.125.200.0-255,1484,89537,10,211595
34536,0.000973,74.125.200.0-255,1484,91021,10,211595
34537,0.000976,172.31.36.0-255,66,91087,10,211595
34538,0.001004,74.125.200.0-255,1484,92571,10,211595
34539,0.001008,74.125.200.0-255,1484,94055,10,211595
34540,0.00101,172.31.36.0-255,66,94121,10,211595
34541,0.001014,74.125.200.0-255,2902,97023,10,211595
34542,0.001016,172.31.36.0-255,66,97089,10,211595
34543,0.001028,74.125.200.0-255,5738,102827,10,211595
34544,0.001031,172.31.36.0-255,66,102893,10,211595
34545,0.001035,74.125.200.0-255,1484,104377,10,211595
34546,0.001067,74.125.200.0-255,7156,111533,10,211595
34547,0.00107,172.31.36.0-255,66,111599,10,211595
34548,0.001109,172.31.36.0-255,66,111665,10,211595
34549,0.001112,74.125.200.0-255,766,112431,10,211595
34550,0.001452,74.125.200.0-255,1484,113915,10,211595
34551,0.001457,172.31.36.0-255,66,113981,10,211595
34552,0.001484,74.125.200.0-255,2902,116883,10,211595
34553,0.001488,172.31.36.0-255,66,116949,10,211595
34554,0.001495,74.125.200.0-255,5738,122687,10,211595
34555,0.001498,172.31.36.0-255,66,122753,10,211595
34556,0.001504,74.125.200.0-255,5738,128491,10,211595
34557,0.001505,172.31.36.0-255,66,128557,10,211595
34558,0.001508,74.125.200.0-255,1484,130041,10,211595
34559,0.001543,74.125.200.0-255,5738,135779,10,211595
34560,0.001547,172.31.36.0-255,66,135845,10,211595
34561,0.001551,74.125.200.0-255,1484,137329,10,211595
34562,0.001588,172.31.36.0-255,66,137395,10,211595
34563,0.001863,74.125.200.0-255,1484,138879,10,211595
34564,0.001874,74.125.200.0-255,2902,141781,10,211595
34565,0.001878,172.31.36.0-255,66,141847,10,211595
34566,0.001909,74.125.200.0-255,5738,147585,10,211595
34567,0.001912,172.31.36.0-255,66,147651,10,211595
34568,0.001917,74.125.200.0-255,2902,150553,10,211595
34569,0.001918,172.31.36.0-255,66,150619,10,211595
34570,0.001956,172.31.36.0-255,66,150685,10,211595
34571,0.001961,74.125.200.0-255,2902,153587,10,211595
34572,0.001963,172.31.36.0-255,66,153653,10,211595
34573,0.002006,172.31.36.0-255,66,153719,10,211595
34574,0.002195,74.125.200.0-255,1484,155203,10,211595
34575,0.002203,74.125.200.0-255,2902,158105,10,211595
34576,0.002208,172.31.36.0-255,66,158171,10,211595
34577,0.002254,74.125.200.0-255,4320,162491,10,211595
34578,0.002258,172.31.36.0-255,66,162557,10,211595
34579,0.002261,74.125.200.0-255,1484,164041,10,211595
34580,0.002265,74.125.200.0-255,2902,166943,10,211595
34581,0.002267,172.31.36.0-255,66,167009,10,211595
34582,0.002296,74.125.200.0-255,2902,169911,10,211595
34583,0.002298,172.31.36.0-255,66,169977,10,211595
34584,0.003085,74.125.200.0-255,66,170043,10,211595
34585,0.004537,74.125.200.0-255,2902,172945,10,211595
34586,0.004542,172.31.36.0-255,66,173011,10,211595
34587,0.004568,74.125.200.0-255,2902,175913,10,211595
34588,0.004571,172.31.36.0-255,66,175979,10,211595
34589,0.006815,74.125.200.0-255,2902,178881,10,211595
34590,0.006821,172.31.36.0-255,66,178947,10,211595
34591,0.006845,74.125.200.0-255,2902,181849,10,211595
34592,0.006847,172.31.36.0-255,66,181915,10,211595
34593,0.009084,74.125.200.0-255,2902,184817,10,211595
34594,0.009089,172.31.36.0-255,66,184883,10,211595
34595,0.009115,74.125.200.0-255,2902,187785,10,211595
34596,0.009118,172.31.36.0-255,66,187851,10,211595
34597,0.011353,74.125.200.0-255,2902,190753,10,211595
34598,0.011361,172.31.36.0-255,66,190819,10,211595
34599,0.01139,74.125.200.0-255,2902,193721,10,211595
34600,0.011393,172.31.36.0-255,66,193787,10,211595
34601,0.013628,74.125.200.0-255,2902,196689,10,211595
34602,0.013636,172.31.36.0-255,66,196755,10,211595
34603,0.013658,74.125.200.0-255,2902,199657,10,211595
34604,0.013661,172.31.36.0-255,66,199723,10,211595
34605,0.015906,74.125.200.0-255,2902,202625,10,211595
34606,0.015916,172.31.36.0-255,66,202691,10,211595
34607,0.015949,74.125.200.0-255,2902,205593,10,211595
34608,0.015952,172.31.36.0-255,66,205659,10,211595
34609,0.018184,74.125.200.0-255,2902,208561,10,211595
34610,0.018191,172.31.36.0-255,66,208627,10,211595
34611,0.018259,74.125.200.0-255,2902,211529,10,211595
34612,0.018263,172.31.36.0-255,66,211595,10,211595
34613,0.0,172.217.194.0-255,147,147,10,336527
34614,3.5e-05,172.31.36.0-255,66,213,10,336527
34615,4.2e-05,172.217.194.0-255,1484,1697,10,336527
34616,4.6e-05,172.31.36.0-255,66,1763,10,336527
34617,5.1e-05,172.217.194.0-255,2902,4665,10,336527
34618,5.4e-05,172.31.36.0-255,66,4731,10,336527
34619,6e-05,172.217.194.0-255,5738,10469,10,336527
34620,6.2e-05,172.31.36.0-255,66,10535,10,336527
34621,7e-05,172.217.194.0-255,6294,16829,10,336527
34622,7.3e-05,172.31.36.0-255,66,16895,10,336527
34623,0.000117,172.31.36.0-255,66,16961,10,336527
34624,0.000134,172.217.194.0-255,2543,19504,10,336527
34625,0.000136,172.31.36.0-255,66,19570,10,336527
34626,0.00022,172.217.194.0-255,1484,21054,10,336527
34627,0.000224,172.31.36.0-255,66,21120,10,336527
34628,0.000229,172.217.194.0-255,2902,24022,10,336527
34629,0.000231,172.31.36.0-255,66,24088,10,336527
34630,0.000263,172.217.194.0-255,5738,29826,10,336527
34631,0.000267,172.31.36.0-255,66,29892,10,336527
34632,0.000287,172.217.194.0-255,4320,34212,10,336527
34633,0.000289,172.31.36.0-255,66,34278,10,336527
34634,0.000315,172.31.36.0-255,66,34344,10,336527
34635,0.000328,172.31.36.0-255,66,34410,10,336527
34636,0.000331,172.217.194.0-255,363,34773,10,336527
34637,0.000333,172.31.36.0-255,66,34839,10,336527
34638,0.000407,172.217.194.0-255,381,35220,10,336527
34639,0.00041,172.31.36.0-255,66,35286,10,336527
34640,0.000656,172.217.194.0-255,1484,36770,10,336527
34641,0.00066,172.31.36.0-255,66,36836,10,336527
34642,0.000665,172.217.194.0-255,2902,39738,10,336527
34643,0.000667,172.31.36.0-255,66,39804,10,336527
34644,0.000674,172.217.194.0-255,5738,45542,10,336527
34645,0.000676,172.31.36.0-255,66,45608,10,336527
34646,0.000699,172.217.194.0-255,4320,49928,10,336527
34647,0.000701,172.31.36.0-255,66,49994,10,336527
34648,0.000725,172.217.194.0-255,4320,54314,10,336527
34649,0.000727,172.31.36.0-255,66,54380,10,336527
34650,0.000739,172.31.36.0-255,66,54446,10,336527
34651,0.000787,172.217.194.0-255,5020,59466,10,336527
34652,0.000796,172.31.36.0-255,66,59532,10,336527
34653,0.00104,172.217.194.0-255,1484,61016,10,336527
34654,0.001047,172.217.194.0-255,2902,63918,10,336527
34655,0.00105,172.31.36.0-255,66,63984,10,336527
34656,0.001074,172.217.194.0-255,5738,69722,10,336527
34657,0.001077,172.31.36.0-255,66,69788,10,336527
34658,0.001096,172.217.194.0-255,2902,72690,10,336527
34659,0.001098,172.31.36.0-255,66,72756,10,336527
34660,0.001124,172.31.36.0-255,66,72822,10,336527
34661,0.001135,172.31.36.0-255,66,72888,10,336527
34662,0.001157,172.217.194.0-255,2184,75072,10,336527
34663,0.00116,172.31.36.0-255,66,75138,10,336527
34664,0.00128,172.217.194.0-255,1484,76622,10,336527
34665,0.001299,172.217.194.0-255,2902,79524,10,336527
34666,0.001302,172.31.36.0-255,66,79590,10,336527
34667,0.001307,172.217.194.0-255,2902,82492,10,336527
34668,0.001309,172.31.36.0-255,66,82558,10,336527
34669,0.001324,172.217.194.0-255,1484,84042,10,336527
34670,0.001333,172.217.194.0-255,5738,89780,10,336527
34671,0.001335,172.31.36.0-255,66,89846,10,336527
34672,0.00136,172.217.194.0-255,4320,94166,10,336527
34673,0.001362,172.31.36.0-255,66,94232,10,336527
34674,0.001381,172.217.194.0-255,7156,101388,10,336527
34675,0.001384,172.31.36.0-255,66,101454,10,336527
34676,0.001387,172.217.194.0-255,1484,102938,10,336527
34677,0.001446,172.217.194.0-255,1484,104422,10,336527
34678,0.001449,172.31.36.0-255,66,104488,10,336527
34679,0.001482,172.217.194.0-255,5020,109508,10,336527
34680,0.001486,172.31.36.0-255,66,109574,10,336527
34681,0.001518,172.217.194.0-255,1484,111058,10,336527
34682,0.001523,172.217.194.0-255,2902,113960,10,336527
34683,0.001525,172.31.36.0-255,66,114026,10,336527
34684,0.001545,172.217.194.0-255,5738,119764,10,336527
34685,0.001548,172.31.36.0-255,66,119830,10,336527
34686,0.001567,172.217.194.0-255,4320,124150,10,336527
34687,0.00157,172.31.36.0-255,66,124216,10,336527
34688,0.001599,172.217.194.0-255,7156,131372,10,336527
34689,0.001602,172.31.36.0-255,66,131438,10,336527
34690,0.001616,172.31.36.0-255,66,131504,10,336527
34691,0.002376,172.217.194.0-255,1484,132988,10,336527
34692,0.002384,172.217.194.0-255,2902,135890,10,336527
34693,0.002388,172.31.36.0-255,66,135956,10,336527
34694,0.002395,172.217.194.0-255,5738,141694,10,336527
34695,0.002397,172.31.36.0-255,66,141760,10,336527
34696,0.002414,172.217.194.0-255,1484,143244,10,336527
34697,0.002429,172.217.194.0-255,7156,150400,10,336527
34698,0.002431,172.31.36.0-255,66,150466,10,336527
34699,0.00245,172.217.194.0-255,4320,154786,10,336527
34700,0.002453,172.31.36.0-255,66,154852,10,336527
34701,0.002455,172.217.194.0-255,1484,156336,10,336527
34702,0.00248,172.217.194.0-255,1484,157820,10,336527
34703,0.002482,172.31.36.0-255,66,157886,10,336527
34704,0.002506,172.31.36.0-255,66,157952,10,336527
34705,0.002633,172.217.194.0-255,1484,159436,10,336527
34706,0.002643,172.217.194.0-255,1484,160920,10,336527
34707,0.002645,172.31.36.0-255,66,160986,10,336527
34708,0.002659,172.217.194.0-255,1484,162470,10,336527
34709,0.002664,172.217.194.0-255,4320,166790,10,336527
34710,0.002666,172.31.36.0-255,66,166856,10,336527
34711,0.002684,172.217.194.0-255,1484,168340,10,336527
34712,0.002689,172.217.194.0-255,2902,171242,10,336527
34713,0.002691,172.31.36.0-255,66,171308,10,336527
34714,0.002694,172.217.194.0-255,1484,172792,10,336527
34715,0.002735,172.217.194.0-255,7156,179948,10,336527
34716,0.002738,172.31.36.0-255,66,180014,10,336527
34717,0.00274,172.217.194.0-255,1484,181498,10,336527
34718,0.002745,172.217.194.0-255,4320,185818,10,336527
34719,0.002747,172.31.36.0-255,66,185884,10,336527
34720,0.002769,172.217.194.0-255,5738,191622,10,336527
34721,0.002771,172.31.36.0-255,66,191688,10,336527
34722,0.002773,172.217.194.0-255,766,192454,10,336527
34723,0.00281,172.217.194.0-255,1484,193938,10,336527
34724,0.002812,172.31.36.0-255,66,194004,10,336527
34725,0.002831,172.217.194.0-255,4320,198324,10,336527
34726,0.002833,172.31.36.0-255,66,198390,10,336527
34727,0.002868,172.217.194.0-255,1484,199874,10,336527
34728,0.002884,172.217.194.0-255,1484,201358,10,336527
34729,0.002886,172.31.36.0-255,66,201424,10,336527
34730,0.002896,172.31.36.0-255,66,201490,10,336527
34731,0.0029,172.217.194.0-255,4320,205810,10,336527
34732,0.002903,172.31.36.0-255,66,205876,10,336527
34733,0.002908,172.217.194.0-255,4320,210196,10,336527
34734,0.00291,172.31.36.0-255,66,210262,10,336527
34735,0.002925,172.217.194.0-255,1484,211746,10,336527
34736,0.002952,172.217.194.0-255,6438,218184,10,336527
34737,0.002954,172.31.36.0-255,66,218250,10,336527
34738,0.002969,172.217.194.0-255,2902,221152,10,336527
34739,0.002971,172.31.36.0-255,66,221218,10,336527
34740,0.002995,172.217.194.0-255,4320,225538,10,336527
34741,0.002997,172.31.36.0-255,66,225604,10,336527
34742,0.003003,172.217.194.0-255,5738,231342,10,336527
34743,0.003005,172.31.36.0-255,66,231408,10,336527
34744,0.003007,172.217.194.0-255,1484,232892,10,336527
34745,0.003025,172.217.194.0-255,4320,237212,10,336527
34746,0.003027,172.31.36.0-255,66,237278,10,336527
34747,0.003039,172.217.194.0-255,4320,241598,10,336527
34748,0.003041,172.31.36.0-255,66,241664,10,336527
34749,0.003062,172.217.194.0-255,7156,248820,10,336527
34750,0.003064,172.31.36.0-255,66,248886,10,336527
34751,0.003099,172.217.194.0-255,3602,252488,10,336527
34752,0.003101,172.31.36.0-255,66,252554,10,336527
34753,0.003146,172.217.194.0-255,1484,254038,10,336527
34754,0.003161,172.217.194.0-255,2902,256940,10,336527
34755,0.003163,172.31.36.0-255,66,257006,10,336527
34756,0.003167,172.217.194.0-255,2902,259908,10,336527
34757,0.003169,172.31.36.0-255,66,259974,10,336527
34758,0.003186,172.217.194.0-255,2902,262876,10,336527
34759,0.003188,172.31.36.0-255,66,262942,10,336527
34760,0.003201,172.217.194.0-255,2902,265844,10,336527
34761,0.003203,172.31.36.0-255,66,265910,10,336527
34762,0.003232,172.217.194.0-255,7156,273066,10,336527
34763,0.003234,172.31.36.0-255,66,273132,10,336527
34764,0.003241,172.217.194.0-255,7156,280288,10,336527
34765,0.003243,172.31.36.0-255,66,280354,10,336527
34766,0.003256,172.217.194.0-255,4320,284674,10,336527
34767,0.003259,172.31.36.0-255,66,284740,10,336527
34768,0.003261,172.217.194.0-255,1484,286224,10,336527
34769,0.003292,172.217.194.0-255,2902,289126,10,336527
34770,0.003295,172.31.36.0-255,66,289192,10,336527
34771,0.003324,172.217.194.0-255,6438,295630,10,336527
34772,0.003326,172.31.36.0-255,66,295696,10,336527
34773,0.00333,172.217.194.0-255,4320,300016,10,336527
34774,0.003332,172.31.36.0-255,66,300082,10,336527
34775,0.003347,172.217.194.0-255,5738,305820,10,336527
34776,0.003349,172.31.36.0-255,66,305886,10,336527
34777,0.003378,172.217.194.0-255,5738,311624,10,336527
34778,0.003381,172.31.36.0-255,66,311690,10,336527
34779,0.003383,172.217.194.0-255,1484,313174,10,336527
34780,0.003385,172.217.194.0-255,1484,314658,10,336527
34781,0.003387,172.31.36.0-255,66,314724,10,336527
34782,0.00339,172.217.194.0-255,1484,316208,10,336527
34783,0.003394,172.217.194.0-255,4320,320528,10,336527
34784,0.003396,172.31.36.0-255,66,320594,10,336527
34785,0.00342,172.217.194.0-255,766,321360,10,336527
34786,0.003423,172.217.194.0-255,1484,322844,10,336527
34787,0.003425,172.31.36.0-255,66,322910,10,336527
34788,0.003464,172.217.194.0-255,2902,325812,10,336527
34789,0.003466,172.31.36.0-255,66,325878,10,336527
34790,0.003483,172.217.194.0-255,5738,331616,10,336527
34791,0.003486,172.31.36.0-255,66,331682,10,336527
34792,0.003512,172.217.194.0-255,2902,334584,10,336527
34793,0.003514,172.31.36.0-255,66,334650,10,336527
34794,0.003526,172.217.194.0-255,947,335597,10,336527
34795,0.003554,172.217.194.0-255,105,335702,10,336527
34796,0.003576,172.217.194.0-255,129,335831,10,336527
34797,0.007901,172.31.36.0-255,105,335936,10,336527
34798,0.007928,172.31.36.0-255,105,336041,10,336527
34799,0.008179,172.31.36.0-255,90,336131,10,336527
34800,0.00819,172.31.36.0-255,66,336197,10,336527
34801,0.010482,172.217.194.0-255,66,336263,10,336527
34802,0.010491,172.217.194.0-255,66,336329,10,336527
34803,0.010806,172.217.194.0-255,66,336395,10,336527
34804,0.01081,172.217.194.0-255,66,336461,10,336527
34805,0.010815,172.31.36.0-255,66,336527,10,336527
34806,0.0,74.125.24.0-255,153,153,10,162627
34807,1.6e-05,172.31.36.0-255,66,219,10,162627
34808,2.2e-05,74.125.24.0-255,1484,1703,10,162627
34809,2.7e-05,172.31.36.0-255,66,1769,10,162627
34810,3.2e-05,74.125.24.0-255,2902,4671,10,162627
34811,3.5e-05,172.31.36.0-255,66,4737,10,162627
34812,5e-05,74.125.24.0-255,7156,11893,10,162627
34813,5.3e-05,172.31.36.0-255,66,11959,10,162627
34814,7.6e-05,74.125.24.0-255,4320,16279,10,162627
34815,7.8e-05,172.31.36.0-255,66,16345,10,162627
34816,0.000119,172.31.36.0-255,66,16411,10,162627
34817,0.000125,74.125.24.0-255,3961,20372,10,162627
34818,0.000127,172.31.36.0-255,66,20438,10,162627
34819,0.000167,74.125.24.0-255,1484,21922,10,162627
34820,0.000169,172.31.36.0-255,66,21988,10,162627
34821,0.000174,74.125.24.0-255,2902,24890,10,162627
34822,0.000176,172.31.36.0-255,66,24956,10,162627
34823,0.000202,74.125.24.0-255,4320,29276,10,162627
34824,0.000204,172.31.36.0-255,66,29342,10,162627
34825,0.000235,74.125.24.0-255,1484,30826,10,162627
34826,0.000237,172.31.36.0-255,66,30892,10,162627
34827,0.000257,172.31.36.0-255,66,30958,10,162627
34828,0.000301,172.31.36.0-255,66,31024,10,162627
34829,0.000745,74.125.24.0-255,112,31136,10,162627
34830,0.000751,172.31.36.0-255,66,31202,10,162627
34831,0.000875,74.125.24.0-255,1484,32686,10,162627
34832,0.00088,172.31.36.0-255,66,32752,10,162627
34833,0.000885,74.125.24.0-255,2902,35654,10,162627
34834,0.000887,172.31.36.0-255,66,35720,10,162627
34835,0.000892,74.125.24.0-255,2902,38622,10,162627
34836,0.000894,172.31.36.0-255,66,38688,10,162627
34837,0.000922,74.125.24.0-255,2902,41590,10,162627
34838,0.00093,74.125.24.0-255,2902,44492,10,162627
34839,0.000935,172.31.36.0-255,66,44558,10,162627
34840,0.000937,172.31.36.0-255,66,44624,10,162627
34841,0.000962,172.31.36.0-255,66,44690,10,162627
34842,0.001008,172.31.36.0-255,66,44756,10,162627
34843,0.001032,74.125.24.0-255,1484,46240,10,162627
34844,0.001037,74.125.24.0-255,2902,49142,10,162627
34845,0.001042,74.125.24.0-255,5738,54880,10,162627
34846,0.001051,172.31.36.0-255,66,54946,10,162627
34847,0.001054,172.31.36.0-255,66,55012,10,162627
34848,0.00111,172.31.36.0-255,66,55078,10,162627
34849,0.001127,172.31.36.0-255,66,55144,10,162627
34850,0.001129,74.125.24.0-255,766,55910,10,162627
34851,0.001192,74.125.24.0-255,1484,57394,10,162627
34852,0.001196,172.31.36.0-255,66,57460,10,162627
34853,0.0012,74.125.24.0-255,1484,58944,10,162627
34854,0.001221,74.125.24.0-255,1484,60428,10,162627
34855,0.001223,172.31.36.0-255,66,60494,10,162627
34856,0.001232,74.125.24.0-255,5738,66232,10,162627
34857,0.001234,172.31.36.0-255,66,66298,10,162627
34858,0.001244,74.125.24.0-255,4320,70618,10,162627
34859,0.001246,172.31.36.0-255,66,70684,10,162627
34860,0.001286,172.31.36.0-255,66,70750,10,162627
34861,0.001302,172.31.36.0-255,66,70816,10,162627
34862,0.001337,172.31.36.0-255,66,70882,10,162627
34863,0.001347,172.31.36.0-255,66,70948,10,162627
34864,0.001371,74.125.24.0-255,5738,76686,10,162627
34865,0.001375,172.31.36.0-255,66,76752,10,162627
34866,0.001423,172.31.36.0-255,66,76818,10,162627
34867,0.00144,172.31.36.0-255,66,76884,10,162627
34868,0.001444,74.125.24.0-255,2229,79113,10,162627
34869,0.001447,172.31.36.0-255,66,79179,10,162627
34870,0.001615,74.125.24.0-255,1484,80663,10,162627
34871,0.001623,74.125.24.0-255,2902,83565,10,162627
34872,0.001627,172.31.36.0-255,66,83631,10,162627
34873,0.001634,74.125.24.0-255,5738,89369,10,162627
34874,0.001636,172.31.36.0-255,66,89435,10,162627
34875,0.00168,74.125.24.0-255,4320,93755,10,162627
34876,0.001682,172.31.36.0-255,66,93821,10,162627
34877,0.001714,74.125.24.0-255,1484,95305,10,162627
34878,0.001736,172.31.36.0-255,66,95371,10,162627
34879,0.001738,74.125.24.0-255,766,96137,10,162627
34880,0.001749,74.125.24.0-255,5738,101875,10,162627
34881,0.001752,172.31.36.0-255,66,101941,10,162627
34882,0.001793,172.31.36.0-255,66,102007,10,162627
34883,0.001812,172.31.36.0-255,66,102073,10,162627
34884,0.001817,74.125.24.0-255,3602,105675,10,162627
34885,0.00182,172.31.36.0-255,66,105741,10,162627
34886,0.001871,74.125.24.0-255,1484,107225,10,162627
34887,0.001874,74.125.24.0-255,1484,108709,10,162627
34888,0.001877,172.31.36.0-255,66,108775,10,162627
34889,0.001905,74.125.24.0-255,1484,110259,10,162627
34890,0.001912,74.125.24.0-255,5738,115997,10,162627
34891,0.001915,172.31.36.0-255,66,116063,10,162627
34892,0.001934,172.31.36.0-255,66,116129,10,162627
34893,0.001974,172.31.36.0-255,66,116195,10,162627
34894,0.003987,74.125.24.0-255,5738,121933,10,162627
34895,0.003996,172.31.36.0-255,66,121999,10,162627
34896,0.006031,74.125.24.0-255,5738,127737,10,162627
34897,0.006038,172.31.36.0-255,66,127803,10,162627
34898,0.008065,74.125.24.0-255,5738,133541,10,162627
34899,0.008075,172.31.36.0-255,66,133607,10,162627
34900,0.010092,74.125.24.0-255,5738,139345,10,162627
34901,0.0101,172.31.36.0-255,66,139411,10,162627
34902,0.012086,74.125.24.0-255,5738,145149,10,162627
34903,0.012091,172.31.36.0-255,66,145215,10,162627
34904,0.014121,74.125.24.0-255,5738,150953,10,162627
34905,0.014127,172.31.36.0-255,66,151019,10,162627
34906,0.016126,74.125.24.0-255,5738,156757,10,162627
34907,0.016133,172.31.36.0-255,66,156823,10,162627
34908,0.018163,74.125.24.0-255,5738,162561,10,162627
34909,0.018171,172.31.36.0-255,66,162627,10,162627
34910,0.0,74.125.24.0-255,337,337,10,166398
34911,2.4e-05,172.31.36.0-255,66,403,10,166398
34912,3e-05,74.125.24.0-255,1484,1887,10,166398
34913,3.5e-05,172.31.36.0-255,66,1953,10,166398
34914,5e-05,74.125.24.0-255,4320,6273,10,166398
34915,5.5e-05,172.31.36.0-255,66,6339,10,166398
34916,6e-05,74.125.24.0-255,2902,9241,10,166398
34917,6.3e-05,172.31.36.0-255,66,9307,10,166398
34918,9.3e-05,74.125.24.0-255,4890,14197,10,166398
34919,9.6e-05,172.31.36.0-255,66,14263,10,166398
34920,0.000126,74.125.24.0-255,1484,15747,10,166398
34921,0.000128,172.31.36.0-255,66,15813,10,166398
34922,0.000155,74.125.24.0-255,2902,18715,10,166398
34923,0.000157,172.31.36.0-255,66,18781,10,166398
34924,0.000164,74.125.24.0-255,5738,24519,10,166398
34925,0.000166,172.31.36.0-255,66,24585,10,166398
34926,0.000211,74.125.24.0-255,4320,28905,10,166398
34927,0.000214,172.31.36.0-255,66,28971,10,166398
34928,0.000241,74.125.24.0-255,3961,32932,10,166398
34929,0.000243,172.31.36.0-255,66,32998,10,166398
34930,0.000254,172.31.36.0-255,66,33064,10,166398
34931,0.000285,74.125.24.0-255,6797,39861,10,166398
34932,0.000287,172.31.36.0-255,66,39927,10,166398
34933,0.000507,74.125.24.0-255,1484,41411,10,166398
34934,0.000512,172.31.36.0-255,66,41477,10,166398
34935,0.000544,74.125.24.0-255,2902,44379,10,166398
34936,0.000547,172.31.36.0-255,66,44445,10,166398
34937,0.000577,74.125.24.0-255,5738,50183,10,166398
34938,0.00058,172.31.36.0-255,66,50249,10,166398
34939,0.000584,74.125.24.0-255,2902,53151,10,166398
34940,0.000586,172.31.36.0-255,66,53217,10,166398
34941,0.000615,74.125.24.0-255,4306,57523,10,166398
34942,0.000618,172.31.36.0-255,66,57589,10,166398
34943,0.001016,74.125.24.0-255,331,57920,10,166398
34944,0.001044,74.125.24.0-255,1484,59404,10,166398
34945,0.001048,172.31.36.0-255,66,59470,10,166398
34946,0.001081,74.125.24.0-255,2902,62372,10,166398
34947,0.001083,172.31.36.0-255,66,62438,10,166398
34948,0.001095,74.125.24.0-255,1484,63922,10,166398
34949,0.001105,74.125.24.0-255,4320,68242,10,166398
34950,0.001107,172.31.36.0-255,66,68308,10,166398
34951,0.001113,74.125.24.0-255,5738,74046,10,166398
34952,0.001115,172.31.36.0-255,66,74112,10,166398
34953,0.001129,172.31.36.0-255,66,74178,10,166398
34954,0.001136,74.125.24.0-255,6438,80616,10,166398
34955,0.001138,172.31.36.0-255,66,80682,10,166398
34956,0.001958,74.125.24.0-255,1484,82166,10,166398
34957,0.001968,74.125.24.0-255,2902,85068,10,166398
34958,0.001973,172.31.36.0-255,66,85134,10,166398
34959,0.00198,74.125.24.0-255,2902,88036,10,166398
34960,0.001982,172.31.36.0-255,66,88102,10,166398
34961,0.002003,74.125.24.0-255,1484,89586,10,166398
34962,0.00201,74.125.24.0-255,5738,95324,10,166398
34963,0.002012,172.31.36.0-255,66,95390,10,166398
34964,0.002026,74.125.24.0-255,2902,98292,10,166398
34965,0.002028,172.31.36.0-255,66,98358,10,166398
34966,0.002035,74.125.24.0-255,1484,99842,10,166398
34967,0.002068,172.31.36.0-255,66,99908,10,166398
34968,0.002072,74.125.24.0-255,1484,101392,10,166398
34969,0.002091,74.125.24.0-255,766,102158,10,166398
34970,0.002093,172.31.36.0-255,66,102224,10,166398
34971,0.002216,74.125.24.0-255,1484,103708,10,166398
34972,0.00222,74.125.24.0-255,1484,105192,10,166398
34973,0.002223,172.31.36.0-255,66,105258,10,166398
34974,0.002254,74.125.24.0-255,1484,106742,10,166398
34975,0.002259,74.125.24.0-255,2902,109644,10,166398
34976,0.002262,172.31.36.0-255,66,109710,10,166398
34977,0.002269,74.125.24.0-255,7156,116866,10,166398
34978,0.002272,172.31.36.0-255,66,116932,10,166398
34979,0.002282,74.125.24.0-255,4320,121252,10,166398
34980,0.002284,172.31.36.0-255,66,121318,10,166398
34981,0.00229,74.125.24.0-255,4320,125638,10,166398
34982,0.002292,172.31.36.0-255,66,125704,10,166398
34983,0.002329,172.31.36.0-255,66,125770,10,166398
34984,0.004605,74.125.24.0-255,5738,131508,10,166398
34985,0.004613,172.31.36.0-255,66,131574,10,166398
34986,0.006885,74.125.24.0-255,5738,137312,10,166398
34987,0.006893,172.31.36.0-255,66,137378,10,166398
34988,0.009146,74.125.24.0-255,5738,143116,10,166398
34989,0.009153,172.31.36.0-255,66,143182,10,166398
34990,0.011445,74.125.24.0-255,5738,148920,10,166398
34991,0.011453,172.31.36.0-255,66,148986,10,166398
34992,0.013699,74.125.24.0-255,5738,154724,10,166398
34993,0.013708,172.31.36.0-255,66,154790,10,166398
34994,0.015996,74.125.24.0-255,5738,160528,10,166398
34995,0.016005,172.31.36.0-255,66,160594,10,166398
34996,0.018304,74.125.24.0-255,5738,166332,10,166398
34997,0.01831,172.31.36.0-255,66,166398,10,166398
34998,0.0,74.125.24.0-255,153,153,10,110426
34999,2.7e-05,172.31.36.0-255,66,219,10,110426
35000,3.4e-05,74.125.24.0-255,1484,1703,10,110426
35001,3.9e-05,172.31.36.0-255,66,1769,10,110426
35002,4.5e-05,74.125.24.0-255,2902,4671,10,110426
35003,5.5e-05,172.31.36.0-255,66,4737,10,110426
35004,6.3e-05,74.125.24.0-255,7156,11893,10,110426
35005,6.6e-05,172.31.36.0-255,66,11959,10,110426
35006,0.000113,172.31.36.0-255,66,12025,10,110426
35007,0.000125,172.31.36.0-255,66,12091,10,110426
35008,0.000155,74.125.24.0-255,4320,16411,10,110426
35009,0.00016,172.31.36.0-255,66,16477,10,110426
35010,0.000186,172.31.36.0-255,66,16543,10,110426
35011,0.000216,172.31.36.0-255,66,16609,10,110426
35012,0.000235,74.125.24.0-255,4231,20840,10,110426
35013,0.000237,172.31.36.0-255,66,20906,10,110426
35014,0.00024,74.125.24.0-255,137,21043,10,110426
35015,0.000243,172.31.36.0-255,66,21109,10,110426
35016,0.000363,74.125.24.0-255,1484,22593,10,110426
35017,0.000366,172.31.36.0-255,66,22659,10,110426
35018,0.000372,74.125.24.0-255,2902,25561,10,110426
35019,0.000374,172.31.36.0-255,66,25627,10,110426
35020,0.00038,74.125.24.0-255,4320,29947,10,110426
35021,0.000388,172.31.36.0-255,66,30013,10,110426
35022,0.000414,74.125.24.0-255,1484,31497,10,110426
35023,0.000416,172.31.36.0-255,66,31563,10,110426
35024,0.000445,74.125.24.0-255,5738,37301,10,110426
35025,0.000449,172.31.36.0-255,66,37367,10,110426
35026,0.000479,74.125.24.0-255,3961,41328,10,110426
35027,0.000482,172.31.36.0-255,66,41394,10,110426
35028,0.000497,172.31.36.0-255,66,41460,10,110426
35029,0.000557,74.125.24.0-255,1484,42944,10,110426
35030,0.000563,74.125.24.0-255,2902,45846,10,110426
35031,0.000566,172.31.36.0-255,66,45912,10,110426
35032,0.000595,74.125.24.0-255,5738,51650,10,110426
35033,0.000599,172.31.36.0-255,66,51716,10,110426
35034,0.000637,172.31.36.0-255,66,51782,10,110426
35035,0.000641,74.125.24.0-255,1484,53266,10,110426
35036,0.000666,74.125.24.0-255,2902,56168,10,110426
35037,0.000669,172.31.36.0-255,66,56234,10,110426
35038,0.000699,74.125.24.0-255,6438,62672,10,110426
35039,0.000702,172.31.36.0-255,66,62738,10,110426
35040,0.001158,74.125.24.0-255,1484,64222,10,110426
35041,0.001173,74.125.24.0-255,2902,67124,10,110426
35042,0.001177,172.31.36.0-255,66,67190,10,110426
35043,0.001184,74.125.24.0-255,5738,72928,10,110426
35044,0.001186,172.31.36.0-255,66,72994,10,110426
35045,0.001235,172.31.36.0-255,66,73060,10,110426
35046,0.00124,172.31.36.0-255,66,73126,10,110426
35047,0.001264,74.125.24.0-255,766,73892,10,110426
35048,0.001411,74.125.24.0-255,1484,75376,10,110426
35049,0.001415,172.31.36.0-255,66,75442,10,110426
35050,0.001419,74.125.24.0-255,1484,76926,10,110426
35051,0.00144,74.125.24.0-255,1484,78410,10,110426
35052,0.001443,172.31.36.0-255,66,78476,10,110426
35053,0.00145,74.125.24.0-255,5738,84214,10,110426
35054,0.001452,172.31.36.0-255,66,84280,10,110426
35055,0.001468,172.31.36.0-255,66,84346,10,110426
35056,0.001506,74.125.24.0-255,4320,88666,10,110426
35057,0.001509,172.31.36.0-255,66,88732,10,110426
35058,0.001521,172.31.36.0-255,66,88798,10,110426
35059,0.001534,172.31.36.0-255,66,88864,10,110426
35060,0.001596,172.31.36.0-255,66,88930,10,110426
35061,0.001601,74.125.24.0-255,4320,93250,10,110426
35062,0.001603,172.31.36.0-255,66,93316,10,110426
35063,0.001609,74.125.24.0-255,5738,99054,10,110426
35064,0.001611,172.31.36.0-255,66,99120,10,110426
35065,0.001629,172.31.36.0-255,66,99186,10,110426
35066,0.001665,74.125.24.0-255,1484,100670,10,110426
35067,0.001679,172.31.36.0-255,66,100736,10,110426
35068,0.001719,74.125.24.0-255,2902,103638,10,110426
35069,0.001722,172.31.36.0-255,66,103704,10,110426
35070,0.00177,172.31.36.0-255,66,103770,10,110426
35071,0.001782,172.31.36.0-255,66,103836,10,110426
35072,0.001806,172.31.36.0-255,66,103902,10,110426
35073,0.001848,74.125.24.0-255,2184,106086,10,110426
35074,0.001852,172.31.36.0-255,66,106152,10,110426
35075,0.001879,172.31.36.0-255,66,106218,10,110426
35076,0.001892,172.31.36.0-255,66,106284,10,110426
35077,0.001911,172.31.36.0-255,66,106350,10,110426
35078,0.001938,74.125.24.0-255,3602,109952,10,110426
35079,0.001941,172.31.36.0-255,66,110018,10,110426
35080,0.001955,172.31.36.0-255,66,110084,10,110426
35081,0.001958,74.125.24.0-255,105,110189,10,110426
35082,0.007493,172.31.36.0-255,66,110255,10,110426
35083,0.007519,172.31.36.0-255,105,110360,10,110426
35084,0.009471,74.125.24.0-255,66,110426,10,110426
35085,0.0,172.31.36.0-255,176,176,10,242
35086,0.007114,172.217.194.0-255,66,242,10,242
35087,0.0,74.125.24.0-255,153,153,10,261542
35088,2.3e-05,172.31.36.0-255,66,219,10,261542
35089,3.1e-05,74.125.24.0-255,1484,1703,10,261542
35090,3.6e-05,172.31.36.0-255,66,1769,10,261542
35091,4.2e-05,74.125.24.0-255,2902,4671,10,261542
35092,4.4e-05,172.31.36.0-255,66,4737,10,261542
35093,5.2e-05,74.125.24.0-255,7156,11893,10,261542
35094,5.5e-05,172.31.36.0-255,66,11959,10,261542
35095,6e-05,74.125.24.0-255,2040,13999,10,261542
35096,6.3e-05,172.31.36.0-255,66,14065,10,261542
35097,9.4e-05,74.125.24.0-255,1484,15549,10,261542
35098,9.7e-05,172.31.36.0-255,66,15615,10,261542
35099,0.00012,74.125.24.0-255,2902,18517,10,261542
35100,0.000123,172.31.36.0-255,66,18583,10,261542
35101,0.00013,74.125.24.0-255,5738,24321,10,261542
35102,0.000133,172.31.36.0-255,66,24387,10,261542
35103,0.000178,74.125.24.0-255,6797,31184,10,261542
35104,0.000181,172.31.36.0-255,66,31250,10,261542
35105,0.000214,74.125.24.0-255,1484,32734,10,261542
35106,0.000217,172.31.36.0-255,66,32800,10,261542
35107,0.000229,74.125.24.0-255,1484,34284,10,261542
35108,0.000232,172.31.36.0-255,66,34350,10,261542
35109,0.000245,74.125.24.0-255,1484,35834,10,261542
35110,0.000251,74.125.24.0-255,5738,41572,10,261542
35111,0.000257,74.125.24.0-255,5738,47310,10,261542
35112,0.000261,172.31.36.0-255,66,47376,10,261542
35113,0.000269,172.31.36.0-255,66,47442,10,261542
35114,0.000272,172.31.36.0-255,66,47508,10,261542
35115,0.000276,74.125.24.0-255,1484,48992,10,261542
35116,0.000278,172.31.36.0-255,66,49058,10,261542
35117,0.000321,172.31.36.0-255,66,49124,10,261542
35118,0.000326,74.125.24.0-255,4266,53390,10,261542
35119,0.000328,172.31.36.0-255,66,53456,10,261542
35120,0.000333,74.125.24.0-255,116,53572,10,261542
35121,0.000337,74.125.24.0-255,332,53904,10,261542
35122,0.000616,74.125.24.0-255,1484,55388,10,261542
35123,0.000621,172.31.36.0-255,66,55454,10,261542
35124,0.000628,74.125.24.0-255,2902,58356,10,261542
35125,0.000631,172.31.36.0-255,66,58422,10,261542
35126,0.000654,74.125.24.0-255,2902,61324,10,261542
35127,0.000657,172.31.36.0-255,66,61390,10,261542
35128,0.000675,74.125.24.0-255,2902,64292,10,261542
35129,0.000677,172.31.36.0-255,66,64358,10,261542
35130,0.000685,74.125.24.0-255,7156,71514,10,261542
35131,0.000688,172.31.36.0-255,66,71580,10,261542
35132,0.000693,74.125.24.0-255,4320,75900,10,261542
35133,0.000695,172.31.36.0-255,66,75966,10,261542
35134,0.000729,172.31.36.0-255,66,76032,10,261542
35135,0.000734,74.125.24.0-255,2184,78216,10,261542
35136,0.000736,172.31.36.0-255,66,78282,10,261542
35137,0.00074,74.125.24.0-255,2902,81184,10,261542
35138,0.000743,172.31.36.0-255,66,81250,10,261542
35139,0.000748,74.125.24.0-255,4320,85570,10,261542
35140,0.00075,172.31.36.0-255,66,85636,10,261542
35141,0.000787,172.31.36.0-255,66,85702,10,261542
35142,0.000792,74.125.24.0-255,4320,90022,10,261542
35143,0.000794,172.31.36.0-255,66,90088,10,261542
35144,0.000816,74.125.24.0-255,7156,97244,10,261542
35145,0.000818,172.31.36.0-255,66,97310,10,261542
35146,0.000843,74.125.24.0-255,6438,103748,10,261542
35147,0.000846,172.31.36.0-255,66,103814,10,261542
35148,0.00089,74.125.24.0-255,1484,105298,10,261542
35149,0.000895,74.125.24.0-255,2902,108200,10,261542
35150,0.000898,172.31.36.0-255,66,108266,10,261542
35151,0.000911,74.125.24.0-255,4320,112586,10,261542
35152,0.000913,172.31.36.0-255,66,112652,10,261542
35153,0.000926,74.125.24.0-255,1484,114136,10,261542
35154,0.000956,172.31.36.0-255,66,114202,10,261542
35155,0.000963,74.125.24.0-255,5738,119940,10,261542
35156,0.000965,172.31.36.0-255,66,120006,10,261542
35157,0.000999,74.125.24.0-255,5020,125026,10,261542
35158,0.001002,172.31.36.0-255,66,125092,10,261542
35159,0.001044,74.125.24.0-255,5738,130830,10,261542
35160,0.001047,172.31.36.0-255,66,130896,10,261542
35161,0.001051,74.125.24.0-255,2902,133798,10,261542
35162,0.001053,172.31.36.0-255,66,133864,10,261542
35163,0.001073,74.125.24.0-255,5738,139602,10,261542
35164,0.001076,172.31.36.0-255,66,139668,10,261542
35165,0.001099,74.125.24.0-255,4320,143988,10,261542
35166,0.001105,74.125.24.0-255,5738,149726,10,261542
35167,0.00111,172.31.36.0-255,66,149792,10,261542
35168,0.001113,172.31.36.0-255,66,149858,10,261542
35169,0.001136,172.31.36.0-255,66,149924,10,261542
35170,0.001323,74.125.24.0-255,1484,151408,10,261542
35171,0.001343,74.125.24.0-255,2902,154310,10,261542
35172,0.001387,172.31.36.0-255,66,154376,10,261542
35173,0.001406,74.125.24.0-255,5738,160114,10,261542
35174,0.001409,172.31.36.0-255,66,160180,10,261542
35175,0.001422,172.31.36.0-255,66,160246,10,261542
35176,0.001432,172.31.36.0-255,66,160312,10,261542
35177,0.001436,74.125.24.0-255,2902,163214,10,261542
35178,0.001439,172.31.36.0-255,66,163280,10,261542
35179,0.001471,74.125.24.0-255,6438,169718,10,261542
35180,0.001474,172.31.36.0-255,66,169784,10,261542
35181,0.001481,74.125.24.0-255,5738,175522,10,261542
35182,0.001483,172.31.36.0-255,66,175588,10,261542
35183,0.001496,74.125.24.0-255,7156,182744,10,261542
35184,0.001498,172.31.36.0-255,66,182810,10,261542
35185,0.001531,172.31.36.0-255,66,182876,10,261542
35186,0.001538,74.125.24.0-255,6438,189314,10,261542
35187,0.001559,172.31.36.0-255,66,189380,10,261542
35188,0.001613,74.125.24.0-255,1484,190864,10,261542
35189,0.00163,74.125.24.0-255,2902,193766,10,261542
35190,0.001633,172.31.36.0-255,66,193832,10,261542
35191,0.00164,74.125.24.0-255,5738,199570,10,261542
35192,0.001642,172.31.36.0-255,66,199636,10,261542
35193,0.001645,74.125.24.0-255,1484,201120,10,261542
35194,0.001666,74.125.24.0-255,7156,208276,10,261542
35195,0.001669,172.31.36.0-255,66,208342,10,261542
35196,0.001683,172.31.36.0-255,66,208408,10,261542
35197,0.001722,172.31.36.0-255,66,208474,10,261542
35198,0.001733,74.125.24.0-255,2184,210658,10,261542
35199,0.001766,74.125.24.0-255,4320,214978,10,261542
35200,0.00179,172.31.36.0-255,66,215044,10,261542
35201,0.001795,172.31.36.0-255,66,215110,10,261542
35202,0.004034,74.125.24.0-255,5738,220848,10,261542
35203,0.00404,172.31.36.0-255,66,220914,10,261542
35204,0.00624,74.125.24.0-255,5738,226652,10,261542
35205,0.006247,172.31.36.0-255,66,226718,10,261542
35206,0.008442,74.125.24.0-255,5738,232456,10,261542
35207,0.008446,172.31.36.0-255,66,232522,10,261542
35208,0.010666,74.125.24.0-255,5738,238260,10,261542
35209,0.010674,172.31.36.0-255,66,238326,10,261542
35210,0.012897,74.125.24.0-255,5738,244064,10,261542
35211,0.012903,172.31.36.0-255,66,244130,10,261542
35212,0.015097,74.125.24.0-255,5738,249868,10,261542
35213,0.015106,172.31.36.0-255,66,249934,10,261542
35214,0.017315,74.125.24.0-255,5738,255672,10,261542
35215,0.017324,172.31.36.0-255,66,255738,10,261542
35216,0.019529,74.125.24.0-255,5738,261476,10,261542
35217,0.019538,172.31.36.0-255,66,261542,10,261542
35218,0.0,74.125.200.0-255,152,152,10,250822
35219,3.5e-05,172.31.36.0-255,66,218,10,250822
35220,4.2e-05,74.125.200.0-255,1484,1702,10,250822
35221,4.6e-05,172.31.36.0-255,66,1768,10,250822
35222,5.1e-05,74.125.200.0-255,2902,4670,10,250822
35223,5.4e-05,172.31.36.0-255,66,4736,10,250822
35224,6.1e-05,74.125.200.0-255,7156,11892,10,250822
35225,6.4e-05,172.31.36.0-255,66,11958,10,250822
35226,7.1e-05,74.125.200.0-255,4928,16886,10,250822
35227,7.3e-05,172.31.36.0-255,66,16952,10,250822
35228,9e-05,74.125.200.0-255,2902,19854,10,250822
35229,9.2e-05,172.31.36.0-255,66,19920,10,250822
35230,0.000114,74.125.200.0-255,2902,22822,10,250822
35231,0.000116,172.31.36.0-255,66,22888,10,250822
35232,0.000121,74.125.200.0-255,2902,25790,10,250822
35233,0.000123,172.31.36.0-255,66,25856,10,250822
35234,0.000141,74.125.200.0-255,5379,31235,10,250822
35235,0.000143,172.31.36.0-255,66,31301,10,250822
35236,0.000186,74.125.200.0-255,1484,32785,10,250822
35237,0.000189,172.31.36.0-255,66,32851,10,250822
35238,0.000213,74.125.200.0-255,2902,35753,10,250822
35239,0.000216,172.31.36.0-255,66,35819,10,250822
35240,0.000221,74.125.200.0-255,5738,41557,10,250822
35241,0.000224,172.31.36.0-255,66,41623,10,250822
35242,0.000228,74.125.200.0-255,1484,43107,10,250822
35243,0.00023,172.31.36.0-255,66,43173,10,250822
35244,0.000235,74.125.200.0-255,2902,46075,10,250822
35245,0.000237,172.31.36.0-255,66,46141,10,250822
35246,0.000257,74.125.200.0-255,5738,51879,10,250822
35247,0.00026,172.31.36.0-255,66,51945,10,250822
35248,0.000279,74.125.200.0-255,2902,54847,10,250822
35249,0.000282,172.31.36.0-255,66,54913,10,250822
35250,0.000295,74.125.200.0-255,1484,56397,10,250822
35251,0.000314,74.125.200.0-255,2902,59299,10,250822
35252,0.000317,172.31.36.0-255,66,59365,10,250822
35253,0.000342,74.125.200.0-255,6438,65803,10,250822
35254,0.000345,172.31.36.0-255,66,65869,10,250822
35255,0.000348,74.125.200.0-255,426,66295,10,250822
35256,0.000735,74.125.200.0-255,1484,67779,10,250822
35257,0.000739,172.31.36.0-255,66,67845,10,250822
35258,0.000743,74.125.200.0-255,1484,69329,10,250822
35259,0.000758,74.125.200.0-255,1484,70813,10,250822
35260,0.000761,172.31.36.0-255,66,70879,10,250822
35261,0.000768,74.125.200.0-255,5738,76617,10,250822
35262,0.000771,172.31.36.0-255,66,76683,10,250822
35263,0.000774,74.125.200.0-255,1484,78167,10,250822
35264,0.000793,74.125.200.0-255,5738,83905,10,250822
35265,0.000796,172.31.36.0-255,66,83971,10,250822
35266,0.000846,74.125.200.0-255,5738,89709,10,250822
35267,0.000847,172.31.36.0-255,66,89775,10,250822
35268,0.000851,172.31.36.0-255,66,89841,10,250822
35269,0.000899,74.125.200.0-255,1886,91727,10,250822
35270,0.000902,172.31.36.0-255,66,91793,10,250822
35271,0.000937,74.125.200.0-255,1484,93277,10,250822
35272,0.00097,74.125.200.0-255,2902,96179,10,250822
35273,0.000974,172.31.36.0-255,66,96245,10,250822
35274,0.000979,74.125.200.0-255,2902,99147,10,250822
35275,0.000981,172.31.36.0-255,66,99213,10,250822
35276,0.000999,74.125.200.0-255,2902,102115,10,250822
35277,0.001003,172.31.36.0-255,66,102181,10,250822
35278,0.001008,74.125.200.0-255,2902,105083,10,250822
35279,0.001009,172.31.36.0-255,66,105149,10,250822
35280,0.001015,74.125.200.0-255,3961,109110,10,250822
35281,0.001017,172.31.36.0-255,66,109176,10,250822
35282,0.001214,74.125.200.0-255,1484,110660,10,250822
35283,0.001236,74.125.200.0-255,2902,113562,10,250822
35284,0.001239,172.31.36.0-255,66,113628,10,250822
35285,0.001267,74.125.200.0-255,1484,115112,10,250822
35286,0.001287,74.125.200.0-255,2902,118014,10,250822
35287,0.001291,172.31.36.0-255,66,118080,10,250822
35288,0.001294,74.125.200.0-255,1484,119564,10,250822
35289,0.001298,74.125.200.0-255,2902,122466,10,250822
35290,0.0013,172.31.36.0-255,66,122532,10,250822
35291,0.001303,74.125.200.0-255,1484,124016,10,250822
35292,0.001327,74.125.200.0-255,4320,128336,10,250822
35293,0.00133,172.31.36.0-255,66,128402,10,250822
35294,0.001346,74.125.200.0-255,1484,129886,10,250822
35295,0.001372,172.31.36.0-255,66,129952,10,250822
35296,0.001395,74.125.200.0-255,5020,134972,10,250822
35297,0.001398,172.31.36.0-255,66,135038,10,250822
35298,0.001637,74.125.200.0-255,1484,136522,10,250822
35299,0.001646,74.125.200.0-255,2902,139424,10,250822
35300,0.00165,172.31.36.0-255,66,139490,10,250822
35301,0.001655,74.125.200.0-255,1484,140974,10,250822
35302,0.001666,74.125.200.0-255,1484,142458,10,250822
35303,0.001668,172.31.36.0-255,66,142524,10,250822
35304,0.001691,74.125.200.0-255,1484,144008,10,250822
35305,0.001698,74.125.200.0-255,5738,149746,10,250822
35306,0.0017,172.31.36.0-255,66,149812,10,250822
35307,0.001726,74.125.200.0-255,7156,156968,10,250822
35308,0.00173,172.31.36.0-255,66,157034,10,250822
35309,0.001743,74.125.200.0-255,1484,158518,10,250822
35310,0.001775,172.31.36.0-255,66,158584,10,250822
35311,0.001991,74.125.200.0-255,1484,160068,10,250822
35312,0.002023,74.125.200.0-255,2902,162970,10,250822
35313,0.002028,172.31.36.0-255,66,163036,10,250822
35314,0.002034,74.125.200.0-255,5738,168774,10,250822
35315,0.002036,172.31.36.0-255,66,168840,10,250822
35316,0.00204,74.125.200.0-255,1484,170324,10,250822
35317,0.002077,172.31.36.0-255,66,170390,10,250822
35318,0.002082,74.125.200.0-255,4320,174710,10,250822
35319,0.002084,172.31.36.0-255,66,174776,10,250822
35320,0.00212,74.125.200.0-255,4320,179096,10,250822
35321,0.002123,172.31.36.0-255,66,179162,10,250822
35322,0.002157,172.31.36.0-255,66,179228,10,250822
35323,0.002161,74.125.200.0-255,2902,182130,10,250822
35324,0.002163,172.31.36.0-255,66,182196,10,250822
35325,0.002184,172.31.36.0-255,66,182262,10,250822
35326,0.00221,74.125.200.0-255,5738,188000,10,250822
35327,0.002215,172.31.36.0-255,66,188066,10,250822
35328,0.002236,172.31.36.0-255,66,188132,10,250822
35329,0.002244,74.125.200.0-255,7156,195288,10,250822
35330,0.002246,172.31.36.0-255,66,195354,10,250822
35331,0.002273,74.125.200.0-255,4320,199674,10,250822
35332,0.002276,172.31.36.0-255,66,199740,10,250822
35333,0.00229,172.31.36.0-255,66,199806,10,250822
35334,0.002302,172.31.36.0-255,66,199872,10,250822
35335,0.002346,74.125.200.0-255,1484,201356,10,250822
35336,0.002366,74.125.200.0-255,2902,204258,10,250822
35337,0.002369,172.31.36.0-255,66,204324,10,250822
35338,0.002375,74.125.200.0-255,5738,210062,10,250822
35339,0.002377,172.31.36.0-255,66,210128,10,250822
35340,0.002388,172.31.36.0-255,66,210194,10,250822
35341,0.004706,74.125.200.0-255,5738,215932,10,250822
35342,0.004719,172.31.36.0-255,66,215998,10,250822
35343,0.007076,74.125.200.0-255,5738,221736,10,250822
35344,0.007085,172.31.36.0-255,66,221802,10,250822
35345,0.009417,74.125.200.0-255,5738,227540,10,250822
35346,0.009433,172.31.36.0-255,66,227606,10,250822
35347,0.011774,74.125.200.0-255,5738,233344,10,250822
35348,0.011793,172.31.36.0-255,66,233410,10,250822
35349,0.014131,74.125.200.0-255,5738,239148,10,250822
35350,0.014139,172.31.36.0-255,66,239214,10,250822
35351,0.016467,74.125.200.0-255,5738,244952,10,250822
35352,0.016473,172.31.36.0-255,66,245018,10,250822
35353,0.018809,74.125.200.0-255,5738,250756,10,250822
35354,0.018824,172.31.36.0-255,66,250822,10,250822
35355,0.0,74.125.24.0-255,153,153,10,108708
35356,3.5e-05,172.31.36.0-255,66,219,10,108708
35357,4.2e-05,74.125.24.0-255,1484,1703,10,108708
35358,4.6e-05,172.31.36.0-255,66,1769,10,108708
35359,5.1e-05,74.125.24.0-255,2902,4671,10,108708
35360,6.1e-05,172.31.36.0-255,66,4737,10,108708
35361,6.9e-05,74.125.24.0-255,7156,11893,10,108708
35362,7.2e-05,172.31.36.0-255,66,11959,10,108708
35363,7.6e-05,74.125.24.0-255,2038,13997,10,108708
35364,7.8e-05,172.31.36.0-255,66,14063,10,108708
35365,0.000557,74.125.24.0-255,1484,15547,10,108708
35366,0.000562,172.31.36.0-255,66,15613,10,108708
35367,0.000572,74.125.24.0-255,2902,18515,10,108708
35368,0.000575,172.31.36.0-255,66,18581,10,108708
35369,0.000589,74.125.24.0-255,5738,24319,10,108708
35370,0.000592,172.31.36.0-255,66,24385,10,108708
35371,0.00063,74.125.24.0-255,6797,31182,10,108708
35372,0.000635,172.31.36.0-255,66,31248,10,108708
35373,0.001464,74.125.24.0-255,1484,32732,10,108708
35374,0.00147,172.31.36.0-255,66,32798,10,108708
35375,0.001477,74.125.24.0-255,2902,35700,10,108708
35376,0.001479,172.31.36.0-255,66,35766,10,108708
35377,0.001507,74.125.24.0-255,5738,41504,10,108708
35378,0.00151,172.31.36.0-255,66,41570,10,108708
35379,0.001512,74.125.24.0-255,1484,43054,10,108708
35380,0.001514,172.31.36.0-255,66,43120,10,108708
35381,0.001546,74.125.24.0-255,5379,48499,10,108708
35382,0.001549,172.31.36.0-255,66,48565,10,108708
35383,0.001556,74.125.24.0-255,7156,55721,10,108708
35384,0.001558,172.31.36.0-255,66,55787,10,108708
35385,0.001593,74.125.24.0-255,4320,60107,10,108708
35386,0.001595,172.31.36.0-255,66,60173,10,108708
35387,0.001623,74.125.24.0-255,5379,65552,10,108708
35388,0.001626,172.31.36.0-255,66,65618,10,108708
35389,0.003845,74.125.24.0-255,648,66266,10,108708
35390,0.003876,172.31.36.0-255,66,66332,10,108708
35391,0.003887,74.125.24.0-255,1484,67816,10,108708
35392,0.003895,74.125.24.0-255,1484,69300,10,108708
35393,0.003897,172.31.36.0-255,66,69366,10,108708
35394,0.003919,74.125.24.0-255,1484,70850,10,108708
35395,0.006132,74.125.24.0-255,4320,75170,10,108708
35396,0.006139,172.31.36.0-255,66,75236,10,108708
35397,0.008397,74.125.24.0-255,5738,80974,10,108708
35398,0.008406,172.31.36.0-255,66,81040,10,108708
35399,0.010673,74.125.24.0-255,5738,86778,10,108708
35400,0.010682,172.31.36.0-255,66,86844,10,108708
35401,0.012947,74.125.24.0-255,5738,92582,10,108708
35402,0.012958,172.31.36.0-255,66,92648,10,108708
35403,0.015199,74.125.24.0-255,5738,98386,10,108708
35404,0.015208,172.31.36.0-255,66,98452,10,108708
35405,0.017448,74.125.24.0-255,4320,102772,10,108708
35406,0.017455,172.31.36.0-255,66,102838,10,108708
35407,0.017483,74.125.24.0-255,1484,104322,10,108708
35408,0.019701,74.125.24.0-255,4320,108642,10,108708
35409,0.019709,172.31.36.0-255,66,108708,10,108708
35410,0.0,172.217.194.0-255,298,298,10,151633
35411,1.6e-05,172.31.36.0-255,66,364,10,151633
35412,2.4e-05,172.217.194.0-255,1484,1848,10,151633
35413,2.8e-05,172.31.36.0-255,66,1914,10,151633
35414,4.3e-05,172.217.194.0-255,4320,6234,10,151633
35415,4.7e-05,172.31.36.0-255,66,6300,10,151633
35416,5.9e-05,172.31.36.0-255,66,6366,10,151633
35417,0.000191,172.217.194.0-255,1484,7850,10,151633
35418,0.000195,172.31.36.0-255,66,7916,10,151633
35419,0.000202,172.217.194.0-255,2902,10818,10,151633
35420,0.000222,172.31.36.0-255,66,10884,10,151633
35421,0.000229,172.217.194.0-255,5738,16622,10,151633
35422,0.000232,172.31.36.0-255,66,16688,10,151633
35423,0.00027,172.217.194.0-255,6797,23485,10,151633
35424,0.000273,172.31.36.0-255,66,23551,10,151633
35425,0.000315,172.217.194.0-255,1484,25035,10,151633
35426,0.000318,172.31.36.0-255,66,25101,10,151633
35427,0.000323,172.217.194.0-255,2902,28003,10,151633
35428,0.000325,172.31.36.0-255,66,28069,10,151633
35429,0.000329,172.217.194.0-255,2902,30971,10,151633
35430,0.000336,172.31.36.0-255,66,31037,10,151633
35431,0.000349,172.217.194.0-255,2902,33939,10,151633
35432,0.000351,172.31.36.0-255,66,34005,10,151633
35433,0.00036,172.217.194.0-255,2902,36907,10,151633
35434,0.000362,172.31.36.0-255,66,36973,10,151633
35435,0.000365,172.217.194.0-255,1484,38457,10,151633
35436,0.000367,172.31.36.0-255,66,38523,10,151633
35437,0.000398,172.31.36.0-255,66,38589,10,151633
35438,0.000416,172.31.36.0-255,66,38655,10,151633
35439,0.000419,172.217.194.0-255,115,38770,10,151633
35440,0.000547,172.217.194.0-255,387,39157,10,151633
35441,0.000851,172.217.194.0-255,1484,40641,10,151633
35442,0.000856,172.31.36.0-255,66,40707,10,151633
35443,0.000862,172.217.194.0-255,2902,43609,10,151633
35444,0.000864,172.31.36.0-255,66,43675,10,151633
35445,0.000869,172.217.194.0-255,2902,46577,10,151633
35446,0.000876,172.31.36.0-255,66,46643,10,151633
35447,0.000909,172.217.194.0-255,2902,49545,10,151633
35448,0.000912,172.31.36.0-255,66,49611,10,151633
35449,0.00093,172.31.36.0-255,66,49677,10,151633
35450,0.000934,172.217.194.0-255,1484,51161,10,151633
35451,0.000966,172.31.36.0-255,66,51227,10,151633
35452,0.00179,172.217.194.0-255,1484,52711,10,151633
35453,0.0018,172.217.194.0-255,2902,55613,10,151633
35454,0.001805,172.31.36.0-255,66,55679,10,151633
35455,0.001812,172.217.194.0-255,5738,61417,10,151633
35456,0.001815,172.31.36.0-255,66,61483,10,151633
35457,0.001828,172.217.194.0-255,7156,68639,10,151633
35458,0.001831,172.31.36.0-255,66,68705,10,151633
35459,0.001883,172.31.36.0-255,66,68771,10,151633
35460,0.001888,172.217.194.0-255,2184,70955,10,151633
35461,0.00189,172.31.36.0-255,66,71021,10,151633
35462,0.001973,172.217.194.0-255,1484,72505,10,151633
35463,0.001979,172.217.194.0-255,2902,75407,10,151633
35464,0.001982,172.31.36.0-255,66,75473,10,151633
35465,0.001989,172.217.194.0-255,5738,81211,10,151633
35466,0.001991,172.31.36.0-255,66,81277,10,151633
35467,0.002013,172.217.194.0-255,4320,85597,10,151633
35468,0.002015,172.31.36.0-255,66,85663,10,151633
35469,0.002051,172.31.36.0-255,66,85729,10,151633
35470,0.002068,172.31.36.0-255,66,85795,10,151633
35471,0.002072,172.217.194.0-255,2184,87979,10,151633
35472,0.002075,172.31.36.0-255,66,88045,10,151633
35473,0.002154,172.217.194.0-255,1484,89529,10,151633
35474,0.002158,172.217.194.0-255,1484,91013,10,151633
35475,0.002161,172.31.36.0-255,66,91079,10,151633
35476,0.002185,172.217.194.0-255,1484,92563,10,151633
35477,0.002192,172.217.194.0-255,5738,98301,10,151633
35478,0.002194,172.31.36.0-255,66,98367,10,151633
35479,0.002219,172.217.194.0-255,1484,99851,10,151633
35480,0.002249,172.31.36.0-255,66,99917,10,151633
35481,0.002272,172.217.194.0-255,1484,101401,10,151633
35482,0.002288,172.217.194.0-255,7156,108557,10,151633
35483,0.002291,172.31.36.0-255,66,108623,10,151633
35484,0.002318,172.217.194.0-255,2184,110807,10,151633
35485,0.00232,172.31.36.0-255,66,110873,10,151633
35486,0.004563,172.217.194.0-255,2902,113775,10,151633
35487,0.004577,172.31.36.0-255,66,113841,10,151633
35488,0.004602,172.217.194.0-255,2902,116743,10,151633
35489,0.004605,172.31.36.0-255,66,116809,10,151633
35490,0.006933,172.217.194.0-255,5738,122547,10,151633
35491,0.00694,172.31.36.0-255,66,122613,10,151633
35492,0.009285,172.217.194.0-255,5738,128351,10,151633
35493,0.009292,172.31.36.0-255,66,128417,10,151633
35494,0.011588,172.217.194.0-255,5738,134155,10,151633
35495,0.011597,172.31.36.0-255,66,134221,10,151633
35496,0.013913,172.217.194.0-255,5738,139959,10,151633
35497,0.013921,172.31.36.0-255,66,140025,10,151633
35498,0.016239,172.217.194.0-255,5738,145763,10,151633
35499,0.01625,172.31.36.0-255,66,145829,10,151633
35500,0.018553,172.217.194.0-255,5738,151567,10,151633
35501,0.018563,172.31.36.0-255,66,151633,10,151633
35502,0.0,74.125.24.0-255,146,146,10,291842
35503,2.4e-05,172.31.36.0-255,66,212,10,291842
35504,3.1e-05,74.125.24.0-255,1484,1696,10,291842
35505,3.6e-05,172.31.36.0-255,66,1762,10,291842
35506,5.3e-05,74.125.24.0-255,2902,4664,10,291842
35507,5.7e-05,172.31.36.0-255,66,4730,10,291842
35508,6.4e-05,74.125.24.0-255,7156,11886,10,291842
35509,6.8e-05,172.31.36.0-255,66,11952,10,291842
35510,0.000113,172.31.36.0-255,66,12018,10,291842
35511,0.000118,74.125.24.0-255,4320,16338,10,291842
35512,0.000121,172.31.36.0-255,66,16404,10,291842
35513,0.000164,74.125.24.0-255,2543,18947,10,291842
35514,0.000167,172.31.36.0-255,66,19013,10,291842
35515,0.00027,74.125.24.0-255,1484,20497,10,291842
35516,0.000275,172.31.36.0-255,66,20563,10,291842
35517,0.000281,74.125.24.0-255,2902,23465,10,291842
35518,0.000283,172.31.36.0-255,66,23531,10,291842
35519,0.000287,74.125.24.0-255,1484,25015,10,291842
35520,0.000289,172.31.36.0-255,66,25081,10,291842
35521,0.000321,74.125.24.0-255,4320,29401,10,291842
35522,0.000324,172.31.36.0-255,66,29467,10,291842
35523,0.000329,74.125.24.0-255,4320,33787,10,291842
35524,0.000332,172.31.36.0-255,66,33853,10,291842
35525,0.000348,74.125.24.0-255,5738,39591,10,291842
35526,0.000351,172.31.36.0-255,66,39657,10,291842
35527,0.000389,74.125.24.0-255,6797,46454,10,291842
35528,0.000392,172.31.36.0-255,66,46520,10,291842
35529,0.000398,74.125.24.0-255,5738,52258,10,291842
35530,0.0004,172.31.36.0-255,66,52324,10,291842
35531,0.000409,74.125.24.0-255,1482,53806,10,291842
35532,0.000412,172.31.36.0-255,66,53872,10,291842
35533,0.000442,74.125.24.0-255,331,54203,10,291842
35534,0.000445,172.31.36.0-255,66,54269,10,291842
35535,0.00066,74.125.24.0-255,1484,55753,10,291842
35536,0.000665,172.31.36.0-255,66,55819,10,291842
35537,0.000671,74.125.24.0-255,2902,58721,10,291842
35538,0.000674,172.31.36.0-255,66,58787,10,291842
35539,0.000685,74.125.24.0-255,5738,64525,10,291842
35540,0.000688,172.31.36.0-255,66,64591,10,291842
35541,0.000692,74.125.24.0-255,2902,67493,10,291842
35542,0.000694,172.31.36.0-255,66,67559,10,291842
35543,0.000744,74.125.24.0-255,5738,73297,10,291842
35544,0.000781,172.31.36.0-255,66,73363,10,291842
35545,0.0008,74.125.24.0-255,5020,78383,10,291842
35546,0.000807,172.31.36.0-255,66,78449,10,291842
35547,0.001061,74.125.24.0-255,1484,79933,10,291842
35548,0.001081,74.125.24.0-255,2902,82835,10,291842
35549,0.0011,74.125.24.0-255,4320,87155,10,291842
35550,0.001103,172.31.36.0-255,66,87221,10,291842
35551,0.001109,172.31.36.0-255,66,87287,10,291842
35552,0.001133,74.125.24.0-255,1484,88771,10,291842
35553,0.00114,74.125.24.0-255,5738,94509,10,291842
35554,0.001152,172.31.36.0-255,66,94575,10,291842
35555,0.001175,74.125.24.0-255,7156,101731,10,291842
35556,0.001178,74.125.24.0-255,1484,103215,10,291842
35557,0.001217,74.125.24.0-255,2902,106117,10,291842
35558,0.001221,172.31.36.0-255,66,106183,10,291842
35559,0.00124,74.125.24.0-255,6438,112621,10,291842
35560,0.001244,172.31.36.0-255,66,112687,10,291842
35561,0.00127,172.31.36.0-255,66,112753,10,291842
35562,0.001472,74.125.24.0-255,1484,114237,10,291842
35563,0.001488,74.125.24.0-255,2902,117139,10,291842
35564,0.001491,172.31.36.0-255,66,117205,10,291842
35565,0.001521,74.125.24.0-255,5738,122943,10,291842
35566,0.001541,74.125.24.0-255,4320,127263,10,291842
35567,0.001552,74.125.24.0-255,2902,130165,10,291842
35568,0.001561,172.31.36.0-255,66,130231,10,291842
35569,0.001571,74.125.24.0-255,1484,131715,10,291842
35570,0.001594,74.125.24.0-255,2902,134617,10,291842
35571,0.0016,172.31.36.0-255,66,134683,10,291842
35572,0.001612,74.125.24.0-255,2902,137585,10,291842
35573,0.001632,74.125.24.0-255,2902,140487,10,291842
35574,0.001647,172.31.36.0-255,66,140553,10,291842
35575,0.001667,74.125.24.0-255,6438,146991,10,291842
35576,0.001685,172.31.36.0-255,66,147057,10,291842
35577,0.002194,74.125.24.0-255,1484,148541,10,291842
35578,0.002216,74.125.24.0-255,2902,151443,10,291842
35579,0.00222,172.31.36.0-255,66,151509,10,291842
35580,0.002224,74.125.24.0-255,1484,152993,10,291842
35581,0.002256,74.125.24.0-255,5738,158731,10,291842
35582,0.002276,74.125.24.0-255,1484,160215,10,291842
35583,0.00228,172.31.36.0-255,66,160281,10,291842
35584,0.002304,74.125.24.0-255,2902,163183,10,291842
35585,0.00231,172.31.36.0-255,66,163249,10,291842
35586,0.002332,74.125.24.0-255,1484,164733,10,291842
35587,0.002353,74.125.24.0-255,2902,167635,10,291842
35588,0.002356,74.125.24.0-255,1484,169119,10,291842
35589,0.002358,74.125.24.0-255,766,169885,10,291842
35590,0.002382,172.31.36.0-255,66,169951,10,291842
35591,0.00262,74.125.24.0-255,1484,171435,10,291842
35592,0.002643,74.125.24.0-255,2902,174337,10,291842
35593,0.002647,172.31.36.0-255,66,174403,10,291842
35594,0.002654,74.125.24.0-255,4320,178723,10,291842
35595,0.002679,74.125.24.0-255,1484,180207,10,291842
35596,0.002694,74.125.24.0-255,1484,181691,10,291842
35597,0.002705,74.125.24.0-255,1484,183175,10,291842
35598,0.002708,172.31.36.0-255,66,183241,10,291842
35599,0.002743,74.125.24.0-255,4320,187561,10,291842
35600,0.002756,172.31.36.0-255,66,187627,10,291842
35601,0.002783,74.125.24.0-255,3602,191229,10,291842
35602,0.002787,74.125.24.0-255,1484,192713,10,291842
35603,0.002806,74.125.24.0-255,2902,195615,10,291842
35604,0.002811,172.31.36.0-255,66,195681,10,291842
35605,0.002843,74.125.24.0-255,7156,202837,10,291842
35606,0.002858,172.31.36.0-255,66,202903,10,291842
35607,0.002933,74.125.24.0-255,4320,207223,10,291842
35608,0.00296,74.125.24.0-255,4320,211543,10,291842
35609,0.003023,74.125.24.0-255,766,212309,10,291842
35610,0.003052,74.125.24.0-255,5738,218047,10,291842
35611,0.003073,74.125.24.0-255,7156,225203,10,291842
35612,0.003087,74.125.24.0-255,2902,228105,10,291842
35613,0.003115,74.125.24.0-255,4320,232425,10,291842
35614,0.003119,74.125.24.0-255,2184,234609,10,291842
35615,0.003154,74.125.24.0-255,2902,237511,10,291842
35616,0.003177,74.125.24.0-255,4320,241831,10,291842
35617,0.003193,74.125.24.0-255,5738,247569,10,291842
35618,0.003205,74.125.24.0-255,2902,250471,10,291842
35619,0.003212,74.125.24.0-255,7156,257627,10,291842
35620,0.003215,74.125.24.0-255,1484,259111,10,291842
35621,0.003232,74.125.24.0-255,4320,263431,10,291842
35622,0.003262,74.125.24.0-255,5020,268451,10,291842
35623,0.00328,74.125.24.0-255,5738,274189,10,291842
35624,0.003306,74.125.24.0-255,4320,278509,10,291842
35625,0.003345,74.125.24.0-255,5738,284247,10,291842
35626,0.003376,74.125.24.0-255,7156,291403,10,291842
35627,0.003406,74.125.24.0-255,97,291500,10,291842
35628,0.00346,74.125.24.0-255,105,291605,10,291842
35629,0.009079,172.31.36.0-255,66,291671,10,291842
35630,0.011282,172.31.36.0-255,105,291776,10,291842
35631,0.01327,74.125.24.0-255,66,291842,10,291842
35632,0.0,74.125.68.0-255,315,315,10,162560
35633,2.4e-05,172.31.36.0-255,66,381,10,162560
35634,3e-05,74.125.68.0-255,1484,1865,10,162560
35635,3.4e-05,172.31.36.0-255,66,1931,10,162560
35636,4.1e-05,74.125.68.0-255,4320,6251,10,162560
35637,4.5e-05,172.31.36.0-255,66,6317,10,162560
35638,4.9e-05,74.125.68.0-255,2902,9219,10,162560
35639,5.2e-05,172.31.36.0-255,66,9285,10,162560
35640,8.2e-05,74.125.68.0-255,2902,12187,10,162560
35641,8.5e-05,172.31.36.0-255,66,12253,10,162560
35642,0.000118,74.125.68.0-255,1849,14102,10,162560
35643,0.000121,172.31.36.0-255,66,14168,10,162560
35644,0.000171,74.125.68.0-255,1484,15652,10,162560
35645,0.000174,172.31.36.0-255,66,15718,10,162560
35646,0.000178,74.125.68.0-255,1484,17202,10,162560
35647,0.000179,172.31.36.0-255,66,17268,10,162560
35648,0.000195,74.125.68.0-255,1484,18752,10,162560
35649,0.000198,172.31.36.0-255,66,18818,10,162560
35650,0.000203,74.125.68.0-255,2902,21720,10,162560
35651,0.000205,172.31.36.0-255,66,21786,10,162560
35652,0.000243,74.125.68.0-255,2902,24688,10,162560
35653,0.000246,172.31.36.0-255,66,24754,10,162560
35654,0.000272,74.125.68.0-255,4320,29074,10,162560
35655,0.000276,172.31.36.0-255,66,29140,10,162560
35656,0.000296,74.125.68.0-255,2543,31683,10,162560
35657,0.000298,172.31.36.0-255,66,31749,10,162560
35658,0.000352,74.125.68.0-255,7156,38905,10,162560
35659,0.000355,172.31.36.0-255,66,38971,10,162560
35660,0.00043,74.125.68.0-255,1484,40455,10,162560
35661,0.000434,172.31.36.0-255,66,40521,10,162560
35662,0.000465,172.31.36.0-255,66,40587,10,162560
35663,0.000538,74.125.68.0-255,2902,43489,10,162560
35664,0.000571,74.125.68.0-255,4320,47809,10,162560
35665,0.000626,74.125.68.0-255,5738,53547,10,162560
35666,0.000639,74.125.68.0-255,2902,56449,10,162560
35667,0.000711,74.125.68.0-255,1459,57908,10,162560
35668,0.000727,74.125.68.0-255,1484,59392,10,162560
35669,0.000741,74.125.68.0-255,4320,63712,10,162560
35670,0.00088,74.125.68.0-255,3961,67673,10,162560
35671,0.000927,74.125.68.0-255,5738,73411,10,162560
35672,0.000997,74.125.68.0-255,5738,79149,10,162560
35673,0.001019,74.125.68.0-255,5379,84528,10,162560
35674,0.001543,74.125.68.0-255,1484,86012,10,162560
35675,0.001559,74.125.68.0-255,2902,88914,10,162560
35676,0.001576,74.125.68.0-255,5738,94652,10,162560
35677,0.001661,74.125.68.0-255,4320,98972,10,162560
35678,0.001897,74.125.68.0-255,1484,100456,10,162560
35679,0.001919,74.125.68.0-255,2902,103358,10,162560
35680,0.00195,74.125.68.0-255,5738,109096,10,162560
35681,0.001958,172.31.36.0-255,66,109162,10,162560
35682,0.002015,74.125.68.0-255,1484,110646,10,162560
35683,0.002034,74.125.68.0-255,4320,114966,10,162560
35684,0.002039,172.31.36.0-255,66,115032,10,162560
35685,0.002081,74.125.68.0-255,4320,119352,10,162560
35686,0.002112,172.31.36.0-255,66,119418,10,162560
35687,0.002232,74.125.68.0-255,2902,122320,10,162560
35688,0.002239,172.31.36.0-255,66,122386,10,162560
35689,0.002268,74.125.68.0-255,2184,124570,10,162560
35690,0.002287,172.31.36.0-255,66,124636,10,162560
35691,0.004314,74.125.68.0-255,2902,127538,10,162560
35692,0.004321,172.31.36.0-255,66,127604,10,162560
35693,0.004345,74.125.68.0-255,1484,129088,10,162560
35694,0.004357,74.125.68.0-255,1484,130572,10,162560
35695,0.006394,74.125.68.0-255,2902,133474,10,162560
35696,0.008962,172.31.36.0-255,66,133540,10,162560
35697,0.011056,74.125.68.0-255,5738,139278,10,162560
35698,0.011064,172.31.36.0-255,66,139344,10,162560
35699,0.013152,74.125.68.0-255,5738,145082,10,162560
35700,0.013302,172.31.36.0-255,66,145148,10,162560
35701,0.015409,74.125.68.0-255,5738,150886,10,162560
35702,0.015417,172.31.36.0-255,66,150952,10,162560
35703,0.017507,74.125.68.0-255,5738,156690,10,162560
35704,0.017518,172.31.36.0-255,66,156756,10,162560
35705,0.019607,74.125.68.0-255,5738,162494,10,162560
35706,0.019614,172.31.36.0-255,66,162560,10,162560
35707,0.0,74.125.24.0-255,152,152,10,187095
35708,2.4e-05,172.31.36.0-255,66,218,10,187095
35709,3.2e-05,74.125.24.0-255,1484,1702,10,187095
35710,3.6e-05,172.31.36.0-255,66,1768,10,187095
35711,4.2e-05,74.125.24.0-255,2902,4670,10,187095
35712,5.2e-05,172.31.36.0-255,66,4736,10,187095
35713,6e-05,74.125.24.0-255,7156,11892,10,187095
35714,6.3e-05,172.31.36.0-255,66,11958,10,187095
35715,7.4e-05,172.31.36.0-255,66,12024,10,187095
35716,8.2e-05,74.125.24.0-255,7156,19180,10,187095
35717,8.5e-05,172.31.36.0-255,66,19246,10,187095
35718,0.000127,74.125.24.0-255,3961,23207,10,187095
35719,0.00013,172.31.36.0-255,66,23273,10,187095
35720,0.00023,74.125.24.0-255,1484,24757,10,187095
35721,0.000233,172.31.36.0-255,66,24823,10,187095
35722,0.000239,74.125.24.0-255,2902,27725,10,187095
35723,0.000242,172.31.36.0-255,66,27791,10,187095
35724,0.00027,74.125.24.0-255,5738,33529,10,187095
35725,0.000273,172.31.36.0-255,66,33595,10,187095
35726,0.000279,74.125.24.0-255,4320,37915,10,187095
35727,0.000281,172.31.36.0-255,66,37981,10,187095
35728,0.000301,74.125.24.0-255,2543,40524,10,187095
35729,0.000308,172.31.36.0-255,66,40590,10,187095
35730,0.000312,74.125.24.0-255,1484,42074,10,187095
35731,0.000313,172.31.36.0-255,66,42140,10,187095
35732,0.000365,172.31.36.0-255,66,42206,10,187095
35733,0.00037,74.125.24.0-255,2818,45024,10,187095
35734,0.000371,172.31.36.0-255,66,45090,10,187095
35735,0.000399,74.125.24.0-255,126,45216,10,187095
35736,0.000401,172.31.36.0-255,66,45282,10,187095
35737,0.000448,74.125.24.0-255,351,45633,10,187095
35738,0.000545,74.125.24.0-255,1484,47117,10,187095
35739,0.000575,74.125.24.0-255,2902,50019,10,187095
35740,0.000589,74.125.24.0-255,1484,51503,10,187095
35741,0.000599,74.125.24.0-255,1484,52987,10,187095
35742,0.000605,74.125.24.0-255,4320,57307,10,187095
35743,0.000622,74.125.24.0-255,2902,60209,10,187095
35744,0.000632,172.31.36.0-255,66,60275,10,187095
35745,0.00065,74.125.24.0-255,2543,62818,10,187095
35746,0.000677,74.125.24.0-255,2902,65720,10,187095
35747,0.000686,172.31.36.0-255,66,65786,10,187095
35748,0.000697,74.125.24.0-255,4320,70106,10,187095
35749,0.000708,74.125.24.0-255,5738,75844,10,187095
35750,0.000713,172.31.36.0-255,66,75910,10,187095
35751,0.00073,74.125.24.0-255,2902,78812,10,187095
35752,0.000732,74.125.24.0-255,1125,79937,10,187095
35753,0.000747,172.31.36.0-255,66,80003,10,187095
35754,0.001554,74.125.24.0-255,1484,81487,10,187095
35755,0.001563,74.125.24.0-255,2902,84389,10,187095
35756,0.001566,172.31.36.0-255,66,84455,10,187095
35757,0.001599,74.125.24.0-255,5738,90193,10,187095
35758,0.00162,74.125.24.0-255,7156,97349,10,187095
35759,0.001637,74.125.24.0-255,2902,100251,10,187095
35760,0.00164,74.125.24.0-255,1484,101735,10,187095
35761,0.001669,74.125.24.0-255,2184,103919,10,187095
35762,0.001734,74.125.24.0-255,1484,105403,10,187095
35763,0.001753,74.125.24.0-255,2902,108305,10,187095
35764,0.00176,74.125.24.0-255,5738,114043,10,187095
35765,0.001796,74.125.24.0-255,7156,121199,10,187095
35766,0.001813,74.125.24.0-255,5738,126937,10,187095
35767,0.001821,74.125.24.0-255,7156,134093,10,187095
35768,0.001873,74.125.24.0-255,3602,137695,10,187095
35769,0.002288,74.125.24.0-255,1484,139179,10,187095
35770,0.002297,74.125.24.0-255,2902,142081,10,187095
35771,0.002314,74.125.24.0-255,2902,144983,10,187095
35772,0.002326,74.125.24.0-255,2902,147885,10,187095
35773,0.002329,74.125.24.0-255,1484,149369,10,187095
35774,0.002334,74.125.24.0-255,4320,153689,10,187095
35775,0.002351,74.125.24.0-255,4320,158009,10,187095
35776,0.005663,172.31.36.0-255,66,158075,10,187095
35777,0.007994,74.125.24.0-255,5738,163813,10,187095
35778,0.007999,172.31.36.0-255,66,163879,10,187095
35779,0.010263,74.125.24.0-255,5738,169617,10,187095
35780,0.010271,172.31.36.0-255,66,169683,10,187095
35781,0.012542,74.125.24.0-255,5738,175421,10,187095
35782,0.012551,172.31.36.0-255,66,175487,10,187095
35783,0.014822,74.125.24.0-255,5738,181225,10,187095
35784,0.014829,172.31.36.0-255,66,181291,10,187095
35785,0.017105,74.125.24.0-255,5738,187029,10,187095
35786,0.017792,172.31.36.0-255,66,187095,10,187095
35787,0.0,74.125.200.0-255,146,146,10,205252
35788,2.3e-05,172.31.36.0-255,66,212,10,205252
35789,4.9e-05,74.125.200.0-255,1484,1696,10,205252
35790,5.4e-05,172.31.36.0-255,66,1762,10,205252
35791,5.8e-05,74.125.200.0-255,1484,3246,10,205252
35792,6.1e-05,172.31.36.0-255,66,3312,10,205252
35793,6.7e-05,74.125.200.0-255,2902,6214,10,205252
35794,7e-05,172.31.36.0-255,66,6280,10,205252
35795,0.00011,74.125.200.0-255,5738,12018,10,205252
35796,0.000115,172.31.36.0-255,66,12084,10,205252
35797,0.00012,74.125.200.0-255,2056,14140,10,205252
35798,0.000121,172.31.36.0-255,66,14206,10,205252
35799,0.000127,74.125.200.0-255,2902,17108,10,205252
35800,0.000129,172.31.36.0-255,66,17174,10,205252
35801,0.000166,74.125.200.0-255,7156,24330,10,205252
35802,0.000169,172.31.36.0-255,66,24396,10,205252
35803,0.000175,74.125.200.0-255,5738,30134,10,205252
35804,0.000177,172.31.36.0-255,66,30200,10,205252
35805,0.000204,74.125.200.0-255,1125,31325,10,205252
35806,0.000207,172.31.36.0-255,66,31391,10,205252
35807,0.000336,74.125.200.0-255,1484,32875,10,205252
35808,0.000341,172.31.36.0-255,66,32941,10,205252
35809,0.000347,74.125.200.0-255,2902,35843,10,205252
35810,0.00035,172.31.36.0-255,66,35909,10,205252
35811,0.000379,74.125.200.0-255,4320,40229,10,205252
35812,0.000383,172.31.36.0-255,66,40295,10,205252
35813,0.000389,74.125.200.0-255,5738,46033,10,205252
35814,0.000391,172.31.36.0-255,66,46099,10,205252
35815,0.000437,172.31.36.0-255,66,46165,10,205252
35816,0.000461,74.125.200.0-255,1125,47290,10,205252
35817,0.000464,172.31.36.0-255,66,47356,10,205252
35818,0.000484,74.125.200.0-255,6797,54153,10,205252
35819,0.000487,172.31.36.0-255,66,54219,10,205252
35820,0.000666,74.125.200.0-255,645,54864,10,205252
35821,0.000671,172.31.36.0-255,66,54930,10,205252
35822,0.000907,74.125.200.0-255,1484,56414,10,205252
35823,0.000912,172.31.36.0-255,66,56480,10,205252
35824,0.000919,74.125.200.0-255,2902,59382,10,205252
35825,0.000921,172.31.36.0-255,66,59448,10,205252
35826,0.000932,74.125.200.0-255,2902,62350,10,205252
35827,0.000934,172.31.36.0-255,66,62416,10,205252
35828,0.00094,74.125.200.0-255,4320,66736,10,205252
35829,0.000943,172.31.36.0-255,66,66802,10,205252
35830,0.000947,74.125.200.0-255,2902,69704,10,205252
35831,0.00095,172.31.36.0-255,66,69770,10,205252
35832,0.000986,74.125.200.0-255,5738,75508,10,205252
35833,0.000989,172.31.36.0-255,66,75574,10,205252
35834,0.001002,172.31.36.0-255,66,75640,10,205252
35835,0.001058,74.125.200.0-255,3602,79242,10,205252
35836,0.001062,172.31.36.0-255,66,79308,10,205252
35837,0.001152,74.125.200.0-255,1484,80792,10,205252
35838,0.001158,172.31.36.0-255,66,80858,10,205252
35839,0.001167,74.125.200.0-255,2902,83760,10,205252
35840,0.001169,172.31.36.0-255,66,83826,10,205252
35841,0.001179,74.125.200.0-255,2902,86728,10,205252
35842,0.001182,172.31.36.0-255,66,86794,10,205252
35843,0.001187,74.125.200.0-255,4320,91114,10,205252
35844,0.001189,172.31.36.0-255,66,91180,10,205252
35845,0.00123,172.31.36.0-255,66,91246,10,205252
35846,0.001238,74.125.200.0-255,7156,98402,10,205252
35847,0.001241,172.31.36.0-255,66,98468,10,205252
35848,0.001274,74.125.200.0-255,2902,101370,10,205252
35849,0.001277,172.31.36.0-255,66,101436,10,205252
35850,0.00131,74.125.200.0-255,3054,104490,10,205252
35851,0.001313,172.31.36.0-255,66,104556,10,205252
35852,0.001393,74.125.200.0-255,1484,106040,10,205252
35853,0.001397,172.31.36.0-255,66,106106,10,205252
35854,0.001423,74.125.200.0-255,2902,109008,10,205252
35855,0.001432,172.31.36.0-255,66,109074,10,205252
35856,0.00145,74.125.200.0-255,2902,111976,10,205252
35857,0.001455,172.31.36.0-255,66,112042,10,205252
35858,0.001456,74.125.200.0-255,2902,114944,10,205252
35859,0.00146,172.31.36.0-255,66,115010,10,205252
35860,0.001482,74.125.200.0-255,1484,116494,10,205252
35861,0.0015,74.125.200.0-255,2902,119396,10,205252
35862,0.001504,172.31.36.0-255,66,119462,10,205252
35863,0.001509,172.31.36.0-255,66,119528,10,205252
35864,0.00156,74.125.200.0-255,4320,123848,10,205252
35865,0.001563,172.31.36.0-255,66,123914,10,205252
35866,0.001594,74.125.200.0-255,6438,130352,10,205252
35867,0.001615,172.31.36.0-255,66,130418,10,205252
35868,0.001752,74.125.200.0-255,1484,131902,10,205252
35869,0.001756,172.31.36.0-255,66,131968,10,205252
35870,0.001762,74.125.200.0-255,1484,133452,10,205252
35871,0.001764,172.31.36.0-255,66,133518,10,205252
35872,0.001806,74.125.200.0-255,1484,135002,10,205252
35873,0.00181,172.31.36.0-255,66,135068,10,205252
35874,0.001812,74.125.200.0-255,5738,140806,10,205252
35875,0.001816,74.125.200.0-255,2902,143708,10,205252
35876,0.001816,172.31.36.0-255,66,143774,10,205252
35877,0.001821,74.125.200.0-255,4320,148094,10,205252
35878,0.001826,74.125.200.0-255,4320,152414,10,205252
35879,0.001829,172.31.36.0-255,66,152480,10,205252
35880,0.001859,74.125.200.0-255,4320,156800,10,205252
35881,0.001864,172.31.36.0-255,66,156866,10,205252
35882,0.001867,74.125.200.0-255,7156,164022,10,205252
35883,0.001887,172.31.36.0-255,66,164088,10,205252
35884,0.001891,74.125.200.0-255,766,164854,10,205252
35885,0.002274,172.31.36.0-255,66,164920,10,205252
35886,0.004204,74.125.200.0-255,4320,169240,10,205252
35887,0.00421,172.31.36.0-255,66,169306,10,205252
35888,0.004574,74.125.200.0-255,1484,170790,10,205252
35889,0.004577,172.31.36.0-255,66,170856,10,205252
35890,0.006518,74.125.200.0-255,1484,172340,10,205252
35891,0.00652,172.31.36.0-255,66,172406,10,205252
35892,0.006547,74.125.200.0-255,2902,175308,10,205252
35893,0.00655,172.31.36.0-255,66,175374,10,205252
35894,0.006872,74.125.200.0-255,1484,176858,10,205252
35895,0.006874,172.31.36.0-255,66,176924,10,205252
35896,0.008828,74.125.200.0-255,1484,178408,10,205252
35897,0.008835,172.31.36.0-255,66,178474,10,205252
35898,0.008863,74.125.200.0-255,2902,181376,10,205252
35899,0.008867,172.31.36.0-255,66,181442,10,205252
35900,0.009187,74.125.200.0-255,1484,182926,10,205252
35901,0.011148,74.125.200.0-255,1484,184410,10,205252
35902,0.011155,172.31.36.0-255,66,184476,10,205252
35903,0.01119,74.125.200.0-255,2902,187378,10,205252
35904,0.011194,172.31.36.0-255,66,187444,10,205252
35905,0.013493,74.125.200.0-255,2902,190346,10,205252
35906,0.0135,172.31.36.0-255,66,190412,10,205252
35907,0.01353,74.125.200.0-255,2902,193314,10,205252
35908,0.013534,172.31.36.0-255,66,193380,10,205252
35909,0.015821,74.125.200.0-255,2902,196282,10,205252
35910,0.015829,172.31.36.0-255,66,196348,10,205252
35911,0.015869,74.125.200.0-255,2902,199250,10,205252
35912,0.015873,172.31.36.0-255,66,199316,10,205252
35913,0.018143,74.125.200.0-255,2902,202218,10,205252
35914,0.018149,172.31.36.0-255,66,202284,10,205252
35915,0.018181,74.125.200.0-255,2902,205186,10,205252
35916,0.018184,172.31.36.0-255,66,205252,10,205252
35917,0.0,172.217.194.0-255,153,153,10,199094
35918,2.7e-05,172.31.36.0-255,66,219,10,199094
35919,3.4e-05,172.217.194.0-255,1484,1703,10,199094
35920,3.8e-05,172.31.36.0-255,66,1769,10,199094
35921,4.2e-05,172.217.194.0-255,2902,4671,10,199094
35922,4.5e-05,172.31.36.0-255,66,4737,10,199094
35923,5.9e-05,172.217.194.0-255,5738,10475,10,199094
35924,6.3e-05,172.31.36.0-255,66,10541,10,199094
35925,9e-05,172.217.194.0-255,1484,12025,10,199094
35926,9.3e-05,172.31.36.0-255,66,12091,10,199094
35927,0.000105,172.31.36.0-255,66,12157,10,199094
35928,0.000149,172.217.194.0-255,7156,19313,10,199094
35929,0.000153,172.31.36.0-255,66,19379,10,199094
35930,0.000177,172.217.194.0-255,2543,21922,10,199094
35931,0.00018,172.31.36.0-255,66,21988,10,199094
35932,0.000387,172.217.194.0-255,1484,23472,10,199094
35933,0.000391,172.31.36.0-255,66,23538,10,199094
35934,0.000397,172.217.194.0-255,2902,26440,10,199094
35935,0.000399,172.31.36.0-255,66,26506,10,199094
35936,0.000402,172.217.194.0-255,1484,27990,10,199094
35937,0.000404,172.31.36.0-255,66,28056,10,199094
35938,0.000434,172.217.194.0-255,4320,32376,10,199094
35939,0.000437,172.31.36.0-255,66,32442,10,199094
35940,0.00045,172.31.36.0-255,66,32508,10,199094
35941,0.000474,172.217.194.0-255,2902,35410,10,199094
35942,0.000477,172.31.36.0-255,66,35476,10,199094
35943,0.00048,172.217.194.0-255,1484,36960,10,199094
35944,0.000484,172.31.36.0-255,66,37026,10,199094
35945,0.00052,172.31.36.0-255,66,37092,10,199094
35946,0.000589,172.217.194.0-255,1484,38576,10,199094
35947,0.000595,172.217.194.0-255,2902,41478,10,199094
35948,0.000598,172.31.36.0-255,66,41544,10,199094
35949,0.000603,172.217.194.0-255,2902,44446,10,199094
35950,0.000607,172.31.36.0-255,66,44512,10,199094
35951,0.000626,172.217.194.0-255,2902,47414,10,199094
35952,0.000629,172.31.36.0-255,66,47480,10,199094
35953,0.000641,172.31.36.0-255,66,47546,10,199094
35954,0.00068,172.217.194.0-255,2902,50448,10,199094
35955,0.000684,172.31.36.0-255,66,50514,10,199094
35956,0.000696,172.31.36.0-255,66,50580,10,199094
35957,0.000699,172.217.194.0-255,381,50961,10,199094
35958,0.001029,172.31.36.0-255,66,51027,10,199094
35959,0.0012,172.217.194.0-255,1484,52511,10,199094
35960,0.00121,172.217.194.0-255,2902,55413,10,199094
35961,0.001215,172.31.36.0-255,66,55479,10,199094
35962,0.001221,172.217.194.0-255,4320,59799,10,199094
35963,0.001224,172.31.36.0-255,66,59865,10,199094
35964,0.001257,172.217.194.0-255,1484,61349,10,199094
35965,0.001272,172.31.36.0-255,66,61415,10,199094
35966,0.001308,172.31.36.0-255,66,61481,10,199094
35967,0.001312,172.217.194.0-255,766,62247,10,199094
35968,0.001809,172.217.194.0-255,1484,63731,10,199094
35969,0.001815,172.31.36.0-255,66,63797,10,199094
35970,0.001821,172.217.194.0-255,2902,66699,10,199094
35971,0.001823,172.31.36.0-255,66,66765,10,199094
35972,0.001829,172.217.194.0-255,5738,72503,10,199094
35973,0.001836,172.31.36.0-255,66,72569,10,199094
35974,0.001882,172.31.36.0-255,66,72635,10,199094
35975,0.001894,172.31.36.0-255,66,72701,10,199094
35976,0.002118,172.217.194.0-255,1484,74185,10,199094
35977,0.002137,172.217.194.0-255,2902,77087,10,199094
35978,0.00214,172.31.36.0-255,66,77153,10,199094
35979,0.002145,172.217.194.0-255,4320,81473,10,199094
35980,0.002148,172.31.36.0-255,66,81539,10,199094
35981,0.002168,172.217.194.0-255,1484,83023,10,199094
35982,0.002174,172.217.194.0-255,5738,88761,10,199094
35983,0.002177,172.31.36.0-255,66,88827,10,199094
35984,0.002179,172.217.194.0-255,1484,90311,10,199094
35985,0.002182,172.217.194.0-255,1484,91795,10,199094
35986,0.002183,172.31.36.0-255,66,91861,10,199094
35987,0.002216,172.31.36.0-255,66,91927,10,199094
35988,0.002221,172.217.194.0-255,3602,95529,10,199094
35989,0.002223,172.31.36.0-255,66,95595,10,199094
35990,0.002228,172.217.194.0-255,4320,99915,10,199094
35991,0.00223,172.31.36.0-255,66,99981,10,199094
35992,0.002258,172.217.194.0-255,5738,105719,10,199094
35993,0.002261,172.31.36.0-255,66,105785,10,199094
35994,0.002267,172.217.194.0-255,7156,112941,10,199094
35995,0.002269,172.31.36.0-255,66,113007,10,199094
35996,0.002282,172.31.36.0-255,66,113073,10,199094
35997,0.002287,172.217.194.0-255,3602,116675,10,199094
35998,0.002289,172.31.36.0-255,66,116741,10,199094
35999,0.002398,172.217.194.0-255,1484,118225,10,199094
36000,0.002402,172.217.194.0-255,2902,121127,10,199094
36001,0.002405,172.31.36.0-255,66,121193,10,199094
36002,0.002424,172.217.194.0-255,5738,126931,10,199094
36003,0.002427,172.31.36.0-255,66,126997,10,199094
36004,0.002451,172.217.194.0-255,5738,132735,10,199094
36005,0.002453,172.31.36.0-255,66,132801,10,199094
36006,0.002489,172.217.194.0-255,4320,137121,10,199094
36007,0.002491,172.31.36.0-255,66,137187,10,199094
36008,0.002498,172.217.194.0-255,7156,144343,10,199094
36009,0.0025,172.31.36.0-255,66,144409,10,199094
36010,0.002507,172.217.194.0-255,1484,145893,10,199094
36011,0.002513,172.217.194.0-255,5020,150913,10,199094
36012,0.002515,172.31.36.0-255,66,150979,10,199094
36013,0.002579,172.217.194.0-255,1484,152463,10,199094
36014,0.002591,172.217.194.0-255,1484,153947,10,199094
36015,0.002593,172.31.36.0-255,66,154013,10,199094
36016,0.002605,172.217.194.0-255,1484,155497,10,199094
36017,0.002615,172.217.194.0-255,5738,161235,10,199094
36018,0.002618,172.31.36.0-255,66,161301,10,199094
36019,0.00265,172.31.36.0-255,66,161367,10,199094
36020,0.002675,172.217.194.0-255,4320,165687,10,199094
36021,0.002678,172.31.36.0-255,66,165753,10,199094
36022,0.002683,172.217.194.0-255,4320,170073,10,199094
36023,0.002684,172.31.36.0-255,66,170139,10,199094
36024,0.00269,172.217.194.0-255,4320,174459,10,199094
36025,0.002696,172.31.36.0-255,66,174525,10,199094
36026,0.002737,172.31.36.0-255,66,174591,10,199094
36027,0.00274,172.217.194.0-255,766,175357,10,199094
36028,0.002743,172.31.36.0-255,78,175435,10,199094
36029,0.002758,172.31.36.0-255,66,175501,10,199094
36030,0.002764,172.217.194.0-255,7156,182657,10,199094
36031,0.002766,172.31.36.0-255,66,182723,10,199094
36032,0.002777,172.31.36.0-255,66,182789,10,199094
36033,0.002784,172.217.194.0-255,7156,189945,10,199094
36034,0.002881,172.217.194.0-255,1484,191429,10,199094
36035,0.002896,172.217.194.0-255,7156,198585,10,199094
36036,0.002935,172.217.194.0-255,105,198690,10,199094
36037,0.00342,172.31.36.0-255,66,198756,10,199094
36038,0.004086,172.31.36.0-255,101,198857,10,199094
36039,0.005797,172.31.36.0-255,105,198962,10,199094
36040,0.006105,172.217.194.0-255,66,199028,10,199094
36041,0.007826,172.217.194.0-255,66,199094,10,199094
36042,0.0,74.125.24.0-255,150,150,10,133163
36043,4.5e-05,172.31.36.0-255,66,216,10,133163
36044,5.4e-05,74.125.24.0-255,1484,1700,10,133163
36045,6e-05,172.31.36.0-255,66,1766,10,133163
36046,6.6e-05,74.125.24.0-255,2902,4668,10,133163
36047,6.9e-05,172.31.36.0-255,66,4734,10,133163
36048,7.8e-05,74.125.24.0-255,7156,11890,10,133163
36049,8e-05,172.31.36.0-255,66,11956,10,133163
36050,8.4e-05,74.125.24.0-255,1991,13947,10,133163
36051,8.7e-05,172.31.36.0-255,66,14013,10,133163
36052,0.000102,172.31.36.0-255,66,14079,10,133163
36053,0.000109,74.125.24.0-255,5379,19458,10,133163
36054,0.000112,172.31.36.0-255,66,19524,10,133163
36055,0.000214,74.125.24.0-255,1484,21008,10,133163
36056,0.000218,172.31.36.0-255,66,21074,10,133163
36057,0.000223,74.125.24.0-255,2902,23976,10,133163
36058,0.000226,172.31.36.0-255,66,24042,10,133163
36059,0.000249,74.125.24.0-255,2902,26944,10,133163
36060,0.000252,172.31.36.0-255,66,27010,10,133163
36061,0.000257,74.125.24.0-255,4320,31330,10,133163
36062,0.00026,172.31.36.0-255,66,31396,10,133163
36063,0.000314,172.31.36.0-255,66,31462,10,133163
36064,0.000325,172.31.36.0-255,66,31528,10,133163
36065,0.000346,74.125.24.0-255,2184,33712,10,133163
36066,0.000349,172.31.36.0-255,66,33778,10,133163
36067,0.000382,74.125.24.0-255,399,34177,10,133163
36068,0.000385,172.31.36.0-255,66,34243,10,133163
36069,0.000698,74.125.24.0-255,112,34355,10,133163
36070,0.000705,172.31.36.0-255,66,34421,10,133163
36071,0.001795,74.125.24.0-255,1484,35905,10,133163
36072,0.001801,74.125.24.0-255,1484,37389,10,133163
36073,0.001805,172.31.36.0-255,66,37455,10,133163
36074,0.001822,74.125.24.0-255,1484,38939,10,133163
36075,0.001827,74.125.24.0-255,4320,43259,10,133163
36076,0.001829,172.31.36.0-255,66,43325,10,133163
36077,0.001834,74.125.24.0-255,2902,46227,10,133163
36078,0.001835,172.31.36.0-255,66,46293,10,133163
36079,0.001855,74.125.24.0-255,5738,52031,10,133163
36080,0.001857,172.31.36.0-255,66,52097,10,133163
36081,0.001872,74.125.24.0-255,1484,53581,10,133163
36082,0.001903,172.31.36.0-255,66,53647,10,133163
36083,0.002199,74.125.24.0-255,1484,55131,10,133163
36084,0.002213,74.125.24.0-255,2902,58033,10,133163
36085,0.002215,172.31.36.0-255,66,58099,10,133163
36086,0.002219,74.125.24.0-255,2902,61001,10,133163
36087,0.002221,172.31.36.0-255,66,61067,10,133163
36088,0.002247,74.125.24.0-255,4320,65387,10,133163
36089,0.002249,172.31.36.0-255,66,65453,10,133163
36090,0.002251,74.125.24.0-255,1484,66937,10,133163
36091,0.002272,74.125.24.0-255,7156,74093,10,133163
36092,0.002274,172.31.36.0-255,66,74159,10,133163
36093,0.002297,172.31.36.0-255,66,74225,10,133163
36094,0.002331,74.125.24.0-255,4320,78545,10,133163
36095,0.002333,172.31.36.0-255,66,78611,10,133163
36096,0.002357,172.31.36.0-255,66,78677,10,133163
36097,0.002362,74.125.24.0-255,5738,84415,10,133163
36098,0.002364,172.31.36.0-255,66,84481,10,133163
36099,0.002383,172.31.36.0-255,66,84547,10,133163
36100,0.002385,74.125.24.0-255,1484,86031,10,133163
36101,0.002411,74.125.24.0-255,6438,92469,10,133163
36102,0.002413,172.31.36.0-255,66,92535,10,133163
36103,0.004668,74.125.24.0-255,5738,98273,10,133163
36104,0.004673,172.31.36.0-255,66,98339,10,133163
36105,0.00693,74.125.24.0-255,5738,104077,10,133163
36106,0.006937,172.31.36.0-255,66,104143,10,133163
36107,0.009272,74.125.24.0-255,5738,109881,10,133163
36108,0.00928,172.31.36.0-255,66,109947,10,133163
36109,0.011581,74.125.24.0-255,5738,115685,10,133163
36110,0.011588,172.31.36.0-255,66,115751,10,133163
36111,0.013869,74.125.24.0-255,5738,121489,10,133163
36112,0.013886,172.31.36.0-255,66,121555,10,133163
36113,0.016159,74.125.24.0-255,5738,127293,10,133163
36114,0.016177,172.31.36.0-255,66,127359,10,133163
36115,0.018432,74.125.24.0-255,5738,133097,10,133163
36116,0.018444,172.31.36.0-255,66,133163,10,133163
36117,0.0,172.253.118.0-255,296,296,10,136734
36118,3e-05,172.31.36.0-255,66,362,10,136734
36119,3.6e-05,172.253.118.0-255,1484,1846,10,136734
36120,4e-05,172.31.36.0-255,66,1912,10,136734
36121,4.5e-05,172.253.118.0-255,2902,4814,10,136734
36122,4.8e-05,172.31.36.0-255,66,4880,10,136734
36123,5.4e-05,172.253.118.0-255,5738,10618,10,136734
36124,5.7e-05,172.31.36.0-255,66,10684,10,136734
36125,8e-05,172.253.118.0-255,3178,13862,10,136734
36126,8.4e-05,172.31.36.0-255,66,13928,10,136734
36127,0.00022,172.253.118.0-255,1484,15412,10,136734
36128,0.000225,172.31.36.0-255,66,15478,10,136734
36129,0.00023,172.253.118.0-255,2902,18380,10,136734
36130,0.000234,172.31.36.0-255,66,18446,10,136734
36131,0.000239,172.253.118.0-255,5738,24184,10,136734
36132,0.000241,172.31.36.0-255,66,24250,10,136734
36133,0.000253,172.253.118.0-255,1484,25734,10,136734
36134,0.000255,172.31.36.0-255,66,25800,10,136734
36135,0.000286,172.31.36.0-255,66,25866,10,136734
36136,0.000299,172.31.36.0-255,66,25932,10,136734
36137,0.000347,172.31.36.0-255,66,25998,10,136734
36138,0.000367,172.253.118.0-255,3602,29600,10,136734
36139,0.00037,172.31.36.0-255,66,29666,10,136734
36140,0.000373,172.253.118.0-255,400,30066,10,136734
36141,0.000375,172.31.36.0-255,66,30132,10,136734
36142,0.000405,172.253.118.0-255,108,30240,10,136734
36143,0.000408,172.31.36.0-255,66,30306,10,136734
36144,0.000586,172.253.118.0-255,332,30638,10,136734
36145,0.00059,172.31.36.0-255,66,30704,10,136734
36146,0.000878,172.253.118.0-255,1484,32188,10,136734
36147,0.000885,172.253.118.0-255,2902,35090,10,136734
36148,0.000888,172.31.36.0-255,66,35156,10,136734
36149,0.000912,172.253.118.0-255,5738,40894,10,136734
36150,0.000916,172.31.36.0-255,66,40960,10,136734
36151,0.000943,172.253.118.0-255,1484,42444,10,136734
36152,0.000992,172.31.36.0-255,66,42510,10,136734
36153,0.001012,172.253.118.0-255,1484,43994,10,136734
36154,0.001025,172.31.36.0-255,66,44060,10,136734
36155,0.001768,172.253.118.0-255,1484,45544,10,136734
36156,0.001777,172.253.118.0-255,2902,48446,10,136734
36157,0.001782,172.31.36.0-255,66,48512,10,136734
36158,0.001805,172.253.118.0-255,5738,54250,10,136734
36159,0.001812,172.31.36.0-255,66,54316,10,136734
36160,0.001815,172.253.118.0-255,1484,55800,10,136734
36161,0.001845,172.31.36.0-255,66,55866,10,136734
36162,0.001852,172.253.118.0-255,2902,58768,10,136734
36163,0.001854,172.31.36.0-255,66,58834,10,136734
36164,0.001878,172.253.118.0-255,7156,65990,10,136734
36165,0.001881,172.31.36.0-255,66,66056,10,136734
36166,0.001901,172.253.118.0-255,3602,69658,10,136734
36167,0.001904,172.31.36.0-255,66,69724,10,136734
36168,0.002003,172.253.118.0-255,1484,71208,10,136734
36169,0.002023,172.253.118.0-255,2902,74110,10,136734
36170,0.002028,172.31.36.0-255,66,74176,10,136734
36171,0.002035,172.253.118.0-255,5738,79914,10,136734
36172,0.002038,172.31.36.0-255,66,79980,10,136734
36173,0.002068,172.253.118.0-255,7156,87136,10,136734
36174,0.002072,172.31.36.0-255,66,87202,10,136734
36175,0.002094,172.253.118.0-255,7156,94358,10,136734
36176,0.002097,172.31.36.0-255,66,94424,10,136734
36177,0.002124,172.253.118.0-255,1484,95908,10,136734
36178,0.002135,172.31.36.0-255,66,95974,10,136734
36179,0.004517,172.253.118.0-255,2902,98876,10,136734
36180,0.004524,172.31.36.0-255,66,98942,10,136734
36181,0.004539,172.253.118.0-255,2902,101844,10,136734
36182,0.004542,172.31.36.0-255,66,101910,10,136734
36183,0.006874,172.253.118.0-255,5738,107648,10,136734
36184,0.00688,172.31.36.0-255,66,107714,10,136734
36185,0.009232,172.253.118.0-255,5738,113452,10,136734
36186,0.009238,172.31.36.0-255,66,113518,10,136734
36187,0.011592,172.253.118.0-255,5738,119256,10,136734
36188,0.011598,172.31.36.0-255,66,119322,10,136734
36189,0.013953,172.253.118.0-255,5738,125060,10,136734
36190,0.01396,172.31.36.0-255,66,125126,10,136734
36191,0.01631,172.253.118.0-255,5738,130864,10,136734
36192,0.01632,172.31.36.0-255,66,130930,10,136734
36193,0.018679,172.253.118.0-255,5738,136668,10,136734
36194,0.018687,172.31.36.0-255,66,136734,10,136734
36195,0.0,172.217.194.0-255,153,153,10,180147
36196,2.2e-05,172.31.36.0-255,66,219,10,180147
36197,2.9e-05,172.217.194.0-255,1484,1703,10,180147
36198,3.3e-05,172.31.36.0-255,66,1769,10,180147
36199,3.9e-05,172.217.194.0-255,2902,4671,10,180147
36200,5.1e-05,172.31.36.0-255,66,4737,10,180147
36201,5.9e-05,172.217.194.0-255,7156,11893,10,180147
36202,6.2e-05,172.31.36.0-255,66,11959,10,180147
36203,6.6e-05,172.217.194.0-255,2037,13996,10,180147
36204,6.8e-05,172.31.36.0-255,66,14062,10,180147
36205,0.000179,172.217.194.0-255,1484,15546,10,180147
36206,0.000183,172.31.36.0-255,66,15612,10,180147
36207,0.000188,172.217.194.0-255,2902,18514,10,180147
36208,0.000191,172.31.36.0-255,66,18580,10,180147
36209,0.000212,172.217.194.0-255,5738,24318,10,180147
36210,0.000218,172.31.36.0-255,66,24384,10,180147
36211,0.000259,172.217.194.0-255,4320,28704,10,180147
36212,0.000263,172.31.36.0-255,66,28770,10,180147
36213,0.000289,172.217.194.0-255,2543,31313,10,180147
36214,0.000292,172.31.36.0-255,66,31379,10,180147
36215,0.000463,172.217.194.0-255,1484,32863,10,180147
36216,0.000468,172.31.36.0-255,66,32929,10,180147
36217,0.000474,172.217.194.0-255,2902,35831,10,180147
36218,0.000476,172.31.36.0-255,66,35897,10,180147
36219,0.000512,172.217.194.0-255,5738,41635,10,180147
36220,0.000517,172.217.194.0-255,4320,45955,10,180147
36221,0.000523,172.31.36.0-255,66,46021,10,180147
36222,0.000526,172.31.36.0-255,66,46087,10,180147
36223,0.000537,172.217.194.0-255,5379,51466,10,180147
36224,0.000545,172.31.36.0-255,66,51532,10,180147
36225,0.000557,172.31.36.0-255,66,51598,10,180147
36226,0.000581,172.217.194.0-255,3961,55559,10,180147
36227,0.000583,172.31.36.0-255,66,55625,10,180147
36228,0.000586,172.217.194.0-255,680,56305,10,180147
36229,0.00095,172.217.194.0-255,1484,57789,10,180147
36230,0.000955,172.31.36.0-255,66,57855,10,180147
36231,0.000961,172.217.194.0-255,2902,60757,10,180147
36232,0.000963,172.31.36.0-255,66,60823,10,180147
36233,0.000983,172.217.194.0-255,5738,66561,10,180147
36234,0.000991,172.31.36.0-255,66,66627,10,180147
36235,0.001007,172.31.36.0-255,66,66693,10,180147
36236,0.001046,172.31.36.0-255,66,66759,10,180147
36237,0.001636,172.217.194.0-255,1484,68243,10,180147
36238,0.001645,172.217.194.0-255,2902,71145,10,180147
36239,0.001651,172.31.36.0-255,66,71211,10,180147
36240,0.001673,172.217.194.0-255,5738,76949,10,180147
36241,0.001676,172.31.36.0-255,66,77015,10,180147
36242,0.001682,172.217.194.0-255,5738,82753,10,180147
36243,0.001684,172.31.36.0-255,66,82819,10,180147
36244,0.001716,172.217.194.0-255,2902,85721,10,180147
36245,0.001719,172.31.36.0-255,66,85787,10,180147
36246,0.001748,172.217.194.0-255,2902,88689,10,180147
36247,0.001751,172.31.36.0-255,66,88755,10,180147
36248,0.001795,172.31.36.0-255,66,88821,10,180147
36249,0.001963,172.217.194.0-255,1484,90305,10,180147
36250,0.001969,172.217.194.0-255,2902,93207,10,180147
36251,0.001973,172.31.36.0-255,66,93273,10,180147
36252,0.001977,172.217.194.0-255,1484,94757,10,180147
36253,0.001995,172.217.194.0-255,4320,99077,10,180147
36254,0.001998,172.31.36.0-255,66,99143,10,180147
36255,0.002002,172.217.194.0-255,1484,100627,10,180147
36256,0.002007,172.217.194.0-255,2902,103529,10,180147
36257,0.002009,172.31.36.0-255,66,103595,10,180147
36258,0.002037,172.217.194.0-255,5738,109333,10,180147
36259,0.002039,172.31.36.0-255,66,109399,10,180147
36260,0.002043,172.217.194.0-255,1484,110883,10,180147
36261,0.002074,172.31.36.0-255,66,110949,10,180147
36262,0.002099,172.217.194.0-255,1484,112433,10,180147
36263,0.002105,172.217.194.0-255,2902,115335,10,180147
36264,0.002107,172.31.36.0-255,66,115401,10,180147
36265,0.002137,172.217.194.0-255,5738,121139,10,180147
36266,0.00214,172.31.36.0-255,66,121205,10,180147
36267,0.00218,172.217.194.0-255,5738,126943,10,180147
36268,0.002182,172.31.36.0-255,66,127009,10,180147
36269,0.002213,172.217.194.0-255,5738,132747,10,180147
36270,0.002216,172.31.36.0-255,66,132813,10,180147
36271,0.00223,172.31.36.0-255,66,132879,10,180147
36272,0.002294,172.217.194.0-255,1484,134363,10,180147
36273,0.002299,172.217.194.0-255,2902,137265,10,180147
36274,0.002303,172.31.36.0-255,66,137331,10,180147
36275,0.002368,172.217.194.0-255,5738,143069,10,180147
36276,0.002373,172.31.36.0-255,66,143135,10,180147
36277,0.002393,172.31.36.0-255,66,143201,10,180147
36278,0.002405,172.31.36.0-255,66,143267,10,180147
36279,0.002421,172.31.36.0-255,66,143333,10,180147
36280,0.00248,172.31.36.0-255,66,143399,10,180147
36281,0.002494,172.31.36.0-255,66,143465,10,180147
36282,0.002505,172.31.36.0-255,66,143531,10,180147
36283,0.002508,172.217.194.0-255,1484,145015,10,180147
36284,0.002523,172.31.36.0-255,66,145081,10,180147
36285,0.002528,172.217.194.0-255,2902,147983,10,180147
36286,0.00253,172.31.36.0-255,66,148049,10,180147
36287,0.002542,172.31.36.0-255,66,148115,10,180147
36288,0.002545,172.217.194.0-255,1484,149599,10,180147
36289,0.002552,172.217.194.0-255,5738,155337,10,180147
36290,0.002555,172.31.36.0-255,66,155403,10,180147
36291,0.002591,172.217.194.0-255,5738,161141,10,180147
36292,0.002594,172.31.36.0-255,66,161207,10,180147
36293,0.002607,172.31.36.0-255,66,161273,10,180147
36294,0.002619,172.31.36.0-255,66,161339,10,180147
36295,0.002622,172.217.194.0-255,1484,162823,10,180147
36296,0.002635,172.31.36.0-255,66,162889,10,180147
36297,0.002642,172.217.194.0-255,4320,167209,10,180147
36298,0.002644,172.31.36.0-255,66,167275,10,180147
36299,0.00268,172.31.36.0-255,66,167341,10,180147
36300,0.002695,172.31.36.0-255,66,167407,10,180147
36301,0.002709,172.31.36.0-255,66,167473,10,180147
36302,0.002783,172.31.36.0-255,66,167539,10,180147
36303,0.002786,172.217.194.0-255,1484,169023,10,180147
36304,0.00279,172.217.194.0-255,1484,170507,10,180147
36305,0.002792,172.31.36.0-255,66,170573,10,180147
36306,0.002795,172.217.194.0-255,1484,172057,10,180147
36307,0.002802,172.217.194.0-255,7156,179213,10,180147
36308,0.002804,172.31.36.0-255,66,179279,10,180147
36309,0.002807,172.217.194.0-255,526,179805,10,180147
36310,0.002843,172.217.194.0-255,105,179910,10,180147
36311,0.008768,172.31.36.0-255,66,179976,10,180147
36312,0.008806,172.31.36.0-255,105,180081,10,180147
36313,0.011042,172.217.194.0-255,66,180147,10,180147
36314,0.0,74.125.24.0-255,152,152,10,138294
36315,2.4e-05,172.31.36.0-255,66,218,10,138294
36316,3.2e-05,74.125.24.0-255,1484,1702,10,138294
36317,3.6e-05,172.31.36.0-255,66,1768,10,138294
36318,4.2e-05,74.125.24.0-255,2902,4670,10,138294
36319,4.5e-05,172.31.36.0-255,66,4736,10,138294
36320,7.5e-05,74.125.24.0-255,7156,11892,10,138294
36321,7.8e-05,172.31.36.0-255,66,11958,10,138294
36322,9e-05,172.31.36.0-255,66,12024,10,138294
36323,9.8e-05,74.125.24.0-255,7156,19180,10,138294
36324,0.000101,172.31.36.0-255,66,19246,10,138294
36325,0.000127,74.125.24.0-255,3961,23207,10,138294
36326,0.00013,172.31.36.0-255,66,23273,10,138294
36327,0.000192,74.125.24.0-255,1484,24757,10,138294
36328,0.000197,172.31.36.0-255,66,24823,10,138294
36329,0.000202,74.125.24.0-255,2902,27725,10,138294
36330,0.000205,172.31.36.0-255,66,27791,10,138294
36331,0.000216,74.125.24.0-255,5738,33529,10,138294
36332,0.000219,172.31.36.0-255,66,33595,10,138294
36333,0.000257,172.31.36.0-255,66,33661,10,138294
36334,0.00026,74.125.24.0-255,1484,35145,10,138294
36335,0.000263,172.31.36.0-255,66,35211,10,138294
36336,0.000324,172.31.36.0-255,66,35277,10,138294
36337,0.000529,74.125.24.0-255,111,35388,10,138294
36338,0.000536,172.31.36.0-255,66,35454,10,138294
36339,0.000592,74.125.24.0-255,329,35783,10,138294
36340,0.000596,172.31.36.0-255,66,35849,10,138294
36341,0.000895,74.125.24.0-255,1484,37333,10,138294
36342,0.000901,172.31.36.0-255,66,37399,10,138294
36343,0.000907,74.125.24.0-255,2902,40301,10,138294
36344,0.00091,172.31.36.0-255,66,40367,10,138294
36345,0.000922,74.125.24.0-255,5738,46105,10,138294
36346,0.000925,172.31.36.0-255,66,46171,10,138294
36347,0.000931,74.125.24.0-255,4320,50491,10,138294
36348,0.000933,172.31.36.0-255,66,50557,10,138294
36349,0.000977,172.31.36.0-255,66,50623,10,138294
36350,0.00099,172.31.36.0-255,66,50689,10,138294
36351,0.00198,74.125.24.0-255,1484,52173,10,138294
36352,0.001991,74.125.24.0-255,2902,55075,10,138294
36353,0.001995,172.31.36.0-255,66,55141,10,138294
36354,0.002004,74.125.24.0-255,5738,60879,10,138294
36355,0.002012,172.31.36.0-255,66,60945,10,138294
36356,0.002024,172.31.36.0-255,66,61011,10,138294
36357,0.002066,172.31.36.0-255,66,61077,10,138294
36358,0.00207,74.125.24.0-255,2184,63261,10,138294
36359,0.002072,172.31.36.0-255,66,63327,10,138294
36360,0.002161,74.125.24.0-255,1484,64811,10,138294
36361,0.002173,74.125.24.0-255,2902,67713,10,138294
36362,0.002176,172.31.36.0-255,66,67779,10,138294
36363,0.002183,74.125.24.0-255,5738,73517,10,138294
36364,0.002184,172.31.36.0-255,66,73583,10,138294
36365,0.00221,74.125.24.0-255,5738,79321,10,138294
36366,0.002212,172.31.36.0-255,66,79387,10,138294
36367,0.002242,74.125.24.0-255,7156,86543,10,138294
36368,0.002245,172.31.36.0-255,66,86609,10,138294
36369,0.002251,74.125.24.0-255,7156,93765,10,138294
36370,0.002253,172.31.36.0-255,66,93831,10,138294
36371,0.002281,74.125.24.0-255,3602,97433,10,138294
36372,0.002283,172.31.36.0-255,66,97499,10,138294
36373,0.004524,74.125.24.0-255,5738,103237,10,138294
36374,0.00453,172.31.36.0-255,66,103303,10,138294
36375,0.006818,74.125.24.0-255,5738,109041,10,138294
36376,0.006822,172.31.36.0-255,66,109107,10,138294
36377,0.008056,172.31.36.0-255,101,109208,10,138294
36378,0.009088,74.125.24.0-255,5738,114946,10,138294
36379,0.009094,172.31.36.0-255,66,115012,10,138294
36380,0.010249,74.125.24.0-255,66,115078,10,138294
36381,0.011344,74.125.24.0-255,5738,120816,10,138294
36382,0.011352,172.31.36.0-255,66,120882,10,138294
36383,0.013627,74.125.24.0-255,5738,126620,10,138294
36384,0.013635,172.31.36.0-255,66,126686,10,138294
36385,0.015906,74.125.24.0-255,5738,132424,10,138294
36386,0.015915,172.31.36.0-255,66,132490,10,138294
36387,0.018167,74.125.24.0-255,5738,138228,10,138294
36388,0.018177,172.31.36.0-255,66,138294,10,138294
36389,0.0,172.217.160.0-255,143,143,10,256381
36390,2.7e-05,172.31.36.0-255,66,209,10,256381
36391,3.4e-05,172.217.160.0-255,1484,1693,10,256381
36392,3.9e-05,172.31.36.0-255,66,1759,10,256381
36393,4.1e-05,172.217.160.0-255,1484,3243,10,256381
36394,5.1e-05,172.31.36.0-255,66,3309,10,256381
36395,5.7e-05,172.217.160.0-255,4320,7629,10,256381
36396,6e-05,172.31.36.0-255,66,7695,10,256381
36397,6.6e-05,172.217.160.0-255,5738,13433,10,256381
36398,7e-05,172.31.36.0-255,66,13499,10,256381
36399,0.000106,172.217.160.0-255,4874,18373,10,256381
36400,0.00011,172.31.36.0-255,66,18439,10,256381
36401,0.000117,172.217.160.0-255,7156,25595,10,256381
36402,0.000119,172.31.36.0-255,66,25661,10,256381
36403,0.000124,172.217.160.0-255,5379,31040,10,256381
36404,0.000126,172.31.36.0-255,66,31106,10,256381
36405,0.000242,172.217.160.0-255,1484,32590,10,256381
36406,0.000247,172.31.36.0-255,66,32656,10,256381
36407,0.000252,172.217.160.0-255,2902,35558,10,256381
36408,0.000254,172.31.36.0-255,66,35624,10,256381
36409,0.000259,172.217.160.0-255,5738,41362,10,256381
36410,0.000262,172.31.36.0-255,66,41428,10,256381
36411,0.000307,172.31.36.0-255,66,41494,10,256381
36412,0.000324,172.31.36.0-255,66,41560,10,256381
36413,0.000326,172.217.160.0-255,370,41930,10,256381
36414,0.000328,172.31.36.0-255,66,41996,10,256381
36415,0.000891,172.217.160.0-255,104,42100,10,256381
36416,0.000899,172.31.36.0-255,66,42166,10,256381
36417,0.001055,172.217.160.0-255,1484,43650,10,256381
36418,0.00106,172.31.36.0-255,66,43716,10,256381
36419,0.001066,172.217.160.0-255,2902,46618,10,256381
36420,0.00107,172.217.160.0-255,1484,48102,10,256381
36421,0.001095,172.217.160.0-255,4320,52422,10,256381
36422,0.0011,172.217.160.0-255,4320,56742,10,256381
36423,0.001128,172.217.160.0-255,4320,61062,10,256381
36424,0.001155,172.217.160.0-255,5738,66800,10,256381
36425,0.001177,172.217.160.0-255,1125,67925,10,256381
36426,0.001518,172.217.160.0-255,1484,69409,10,256381
36427,0.001524,172.217.160.0-255,2902,72311,10,256381
36428,0.001547,172.217.160.0-255,5738,78049,10,256381
36429,0.001564,172.217.160.0-255,5738,83787,10,256381
36430,0.001568,172.217.160.0-255,2902,86689,10,256381
36431,0.00162,172.217.160.0-255,5020,91709,10,256381
36432,0.001652,172.217.160.0-255,1484,93193,10,256381
36433,0.001672,172.217.160.0-255,2902,96095,10,256381
36434,0.001678,172.217.160.0-255,5738,101833,10,256381
36435,0.001681,172.217.160.0-255,1484,103317,10,256381
36436,0.001708,172.217.160.0-255,5738,109055,10,256381
36437,0.001719,172.217.160.0-255,1484,110539,10,256381
36438,0.001789,172.217.160.0-255,1484,112023,10,256381
36439,0.0018,172.217.160.0-255,2184,114207,10,256381
36440,0.001936,172.217.160.0-255,1484,115691,10,256381
36441,0.001958,172.217.160.0-255,2902,118593,10,256381
36442,0.001961,172.217.160.0-255,1484,120077,10,256381
36443,0.001993,172.217.160.0-255,1484,121561,10,256381
36444,0.002007,172.217.160.0-255,2902,124463,10,256381
36445,0.002048,172.217.160.0-255,1484,125947,10,256381
36446,0.002061,172.217.160.0-255,2902,128849,10,256381
36447,0.002078,172.217.160.0-255,5738,134587,10,256381
36448,0.002102,172.217.160.0-255,2902,137489,10,256381
36449,0.002114,172.217.160.0-255,2184,139673,10,256381
36450,0.00219,172.217.160.0-255,1484,141157,10,256381
36451,0.002202,172.217.160.0-255,1484,142641,10,256381
36452,0.002212,172.217.160.0-255,1484,144125,10,256381
36453,0.002216,172.217.160.0-255,2902,147027,10,256381
36454,0.002226,172.217.160.0-255,2902,149929,10,256381
36455,0.00223,172.217.160.0-255,2902,152831,10,256381
36456,0.002243,172.217.160.0-255,1484,154315,10,256381
36457,0.002248,172.217.160.0-255,4320,158635,10,256381
36458,0.002257,172.217.160.0-255,1484,160119,10,256381
36459,0.002259,172.217.160.0-255,1484,161603,10,256381
36460,0.002287,172.217.160.0-255,7156,168759,10,256381
36461,0.002299,172.217.160.0-255,1484,170243,10,256381
36462,0.002335,172.217.160.0-255,3602,173845,10,256381
36463,0.002338,172.217.160.0-255,1484,175329,10,256381
36464,0.002356,172.217.160.0-255,2902,178231,10,256381
36465,0.002399,172.217.160.0-255,7156,185387,10,256381
36466,0.00243,172.217.160.0-255,2902,188289,10,256381
36467,0.002521,172.217.160.0-255,1484,189773,10,256381
36468,0.002526,172.217.160.0-255,2902,192675,10,256381
36469,0.00253,172.217.160.0-255,2902,195577,10,256381
36470,0.002547,172.217.160.0-255,2902,198479,10,256381
36471,0.002579,172.217.160.0-255,4320,202799,10,256381
36472,0.002603,172.217.160.0-255,7156,209955,10,256381
36473,0.002608,172.217.160.0-255,2184,212139,10,256381
36474,0.002675,172.217.160.0-255,1484,213623,10,256381
36475,0.002703,172.217.160.0-255,2902,216525,10,256381
36476,0.002708,172.217.160.0-255,4320,220845,10,256381
36477,0.002722,172.217.160.0-255,1484,222329,10,256381
36478,0.002728,172.217.160.0-255,5738,228067,10,256381
36479,0.002751,172.217.160.0-255,7156,235223,10,256381
36480,0.002777,172.217.160.0-255,5738,240961,10,256381
36481,0.002804,172.217.160.0-255,5020,245981,10,256381
36482,0.002829,172.217.160.0-255,7156,253137,10,256381
36483,0.002857,172.217.160.0-255,2902,256039,10,256381
36484,0.002952,172.217.160.0-255,105,256144,10,256381
36485,0.005457,172.31.36.0-255,66,256210,10,256381
36486,0.008162,172.31.36.0-255,105,256315,10,256381
36487,0.010072,172.217.160.0-255,66,256381,10,256381
36488,0.0,172.217.194.0-255,153,153,10,171854
36489,1.9e-05,172.31.36.0-255,66,219,10,171854
36490,2.6e-05,172.217.194.0-255,1484,1703,10,171854
36491,3.1e-05,172.31.36.0-255,66,1769,10,171854
36492,3.7e-05,172.217.194.0-255,2902,4671,10,171854
36493,3.9e-05,172.31.36.0-255,66,4737,10,171854
36494,5.5e-05,172.217.194.0-255,7156,11893,10,171854
36495,5.8e-05,172.31.36.0-255,66,11959,10,171854
36496,6.2e-05,172.217.194.0-255,1995,13954,10,171854
36497,6.6e-05,172.31.36.0-255,66,14020,10,171854
36498,0.000121,172.31.36.0-255,66,14086,10,171854
36499,0.000128,172.217.194.0-255,5379,19465,10,171854
36500,0.000131,172.31.36.0-255,66,19531,10,171854
36501,0.000299,172.217.194.0-255,1484,21015,10,171854
36502,0.000304,172.31.36.0-255,66,21081,10,171854
36503,0.00031,172.217.194.0-255,2902,23983,10,171854
36504,0.000312,172.31.36.0-255,66,24049,10,171854
36505,0.000343,172.217.194.0-255,5738,29787,10,171854
36506,0.000346,172.31.36.0-255,66,29853,10,171854
36507,0.000385,172.31.36.0-255,66,29919,10,171854
36508,0.000423,172.217.194.0-255,1484,31403,10,171854
36509,0.000425,172.31.36.0-255,66,31469,10,171854
36510,0.000458,172.31.36.0-255,66,31535,10,171854
36511,0.000462,172.217.194.0-255,1412,32947,10,171854
36512,0.000464,172.31.36.0-255,66,33013,10,171854
36513,0.000486,172.217.194.0-255,368,33381,10,171854
36514,0.00049,172.31.36.0-255,66,33447,10,171854
36515,0.00057,172.217.194.0-255,1484,34931,10,171854
36516,0.000574,172.31.36.0-255,66,34997,10,171854
36517,0.000579,172.217.194.0-255,2902,37899,10,171854
36518,0.000586,172.217.194.0-255,4320,42219,10,171854
36519,0.000611,172.217.194.0-255,1484,43703,10,171854
36520,0.00062,172.217.194.0-255,6797,50500,10,171854
36521,0.000626,172.31.36.0-255,66,50566,10,171854
36522,0.000665,172.217.194.0-255,5738,56304,10,171854
36523,0.00067,172.31.36.0-255,66,56370,10,171854
36524,0.000696,172.217.194.0-255,2543,58913,10,171854
36525,0.000721,172.31.36.0-255,66,58979,10,171854
36526,0.001025,172.217.194.0-255,1484,60463,10,171854
36527,0.00103,172.217.194.0-255,2902,63365,10,171854
36528,0.001041,172.31.36.0-255,66,63431,10,171854
36529,0.001044,172.217.194.0-255,1484,64915,10,171854
36530,0.001072,172.217.194.0-255,4320,69235,10,171854
36531,0.001078,172.217.194.0-255,4320,73555,10,171854
36532,0.001086,172.31.36.0-255,66,73621,10,171854
36533,0.001123,172.217.194.0-255,7156,80777,10,171854
36534,0.001149,172.31.36.0-255,66,80843,10,171854
36535,0.001175,172.217.194.0-255,1484,82327,10,171854
36536,0.001197,172.217.194.0-255,2902,85229,10,171854
36537,0.001201,172.217.194.0-255,1484,86713,10,171854
36538,0.001212,172.217.194.0-255,2902,89615,10,171854
36539,0.001223,172.217.194.0-255,1484,91099,10,171854
36540,0.001236,172.31.36.0-255,66,91165,10,171854
36541,0.001268,172.217.194.0-255,4320,95485,10,171854
36542,0.001282,172.217.194.0-255,2902,98387,10,171854
36543,0.001292,172.31.36.0-255,66,98453,10,171854
36544,0.001345,172.217.194.0-255,1484,99937,10,171854
36545,0.001371,172.31.36.0-255,66,100003,10,171854
36546,0.001384,172.217.194.0-255,2902,102905,10,171854
36547,0.001439,172.217.194.0-255,4320,107225,10,171854
36548,0.001456,172.217.194.0-255,6438,113663,10,171854
36549,0.001467,172.31.36.0-255,66,113729,10,171854
36550,0.001479,172.217.194.0-255,2902,116631,10,171854
36551,0.001548,172.31.36.0-255,66,116697,10,171854
36552,0.001554,172.217.194.0-255,4320,121017,10,171854
36553,0.001562,172.31.36.0-255,66,121083,10,171854
36554,0.00161,172.217.194.0-255,1484,122567,10,171854
36555,0.001619,172.217.194.0-255,7156,129723,10,171854
36556,0.001627,172.31.36.0-255,66,129789,10,171854
36557,0.001647,172.217.194.0-255,2184,131973,10,171854
36558,0.001659,172.217.194.0-255,1484,133457,10,171854
36559,0.001675,172.217.194.0-255,7156,140613,10,171854
36560,0.001686,172.31.36.0-255,66,140679,10,171854
36561,0.001739,172.31.36.0-255,66,140745,10,171854
36562,0.001767,172.217.194.0-255,1484,142229,10,171854
36563,0.001773,172.217.194.0-255,2902,145131,10,171854
36564,0.001779,172.217.194.0-255,4320,149451,10,171854
36565,0.001785,172.31.36.0-255,66,149517,10,171854
36566,0.001793,172.217.194.0-255,1484,151001,10,171854
36567,0.001844,172.31.36.0-255,66,151067,10,171854
36568,0.001885,172.217.194.0-255,4320,155387,10,171854
36569,0.001895,172.31.36.0-255,66,155453,10,171854
36570,0.001919,172.217.194.0-255,7156,162609,10,171854
36571,0.001951,172.31.36.0-255,66,162675,10,171854
36572,0.001989,172.31.36.0-255,66,162741,10,171854
36573,0.002021,172.217.194.0-255,3602,166343,10,171854
36574,0.002027,172.217.194.0-255,5169,171512,10,171854
36575,0.00203,172.217.194.0-255,105,171617,10,171854
36576,0.002082,172.31.36.0-255,66,171683,10,171854
36577,0.004764,172.31.36.0-255,105,171788,10,171854
36578,0.007122,172.217.194.0-255,66,171854,10,171854
36579,0.0,74.125.24.0-255,288,288,10,221121
36580,3.1e-05,172.31.36.0-255,66,354,10,221121
36581,3.8e-05,74.125.24.0-255,1484,1838,10,221121
36582,4.3e-05,172.31.36.0-255,66,1904,10,221121
36583,4.8e-05,74.125.24.0-255,2902,4806,10,221121
36584,5.1e-05,172.31.36.0-255,66,4872,10,221121
36585,5.6e-05,74.125.24.0-255,4320,9192,10,221121
36586,5.9e-05,172.31.36.0-255,66,9258,10,221121
36587,8.9e-05,74.125.24.0-255,7156,16414,10,221121
36588,9.4e-05,172.31.36.0-255,66,16480,10,221121
36589,0.000114,74.125.24.0-255,1905,18385,10,221121
36590,0.000117,172.31.36.0-255,66,18451,10,221121
36591,0.000128,172.31.36.0-255,66,18517,10,221121
36592,0.000156,74.125.24.0-255,3961,22478,10,221121
36593,0.000159,172.31.36.0-255,66,22544,10,221121
36594,0.000253,74.125.24.0-255,1484,24028,10,221121
36595,0.000259,172.31.36.0-255,66,24094,10,221121
36596,0.000264,74.125.24.0-255,2902,26996,10,221121
36597,0.000266,172.31.36.0-255,66,27062,10,221121
36598,0.000282,74.125.24.0-255,5738,32800,10,221121
36599,0.000285,172.31.36.0-255,66,32866,10,221121
36600,0.000309,74.125.24.0-255,4320,37186,10,221121
36601,0.000311,172.31.36.0-255,66,37252,10,221121
36602,0.000342,172.31.36.0-255,66,37318,10,221121
36603,0.000361,74.125.24.0-255,5738,43056,10,221121
36604,0.000364,172.31.36.0-255,66,43122,10,221121
36605,0.000382,74.125.24.0-255,4230,47352,10,221121
36606,0.000385,172.31.36.0-255,66,47418,10,221121
36607,0.000396,74.125.24.0-255,385,47803,10,221121
36608,0.000401,172.31.36.0-255,66,47869,10,221121
36609,0.000496,74.125.24.0-255,1484,49353,10,221121
36610,0.000503,74.125.24.0-255,2902,52255,10,221121
36611,0.000506,172.31.36.0-255,66,52321,10,221121
36612,0.000529,74.125.24.0-255,5738,58059,10,221121
36613,0.000532,172.31.36.0-255,66,58125,10,221121
36614,0.000554,74.125.24.0-255,4320,62445,10,221121
36615,0.000558,172.31.36.0-255,66,62511,10,221121
36616,0.000594,172.31.36.0-255,66,62577,10,221121
36617,0.0006,172.31.36.0-255,66,62643,10,221121
36618,0.000893,74.125.24.0-255,1484,64127,10,221121
36619,0.0009,74.125.24.0-255,2902,67029,10,221121
36620,0.000903,172.31.36.0-255,66,67095,10,221121
36621,0.000909,74.125.24.0-255,4320,71415,10,221121
36622,0.000911,172.31.36.0-255,66,71481,10,221121
36623,0.000927,74.125.24.0-255,1484,72965,10,221121
36624,0.000935,74.125.24.0-255,7156,80121,10,221121
36625,0.000938,172.31.36.0-255,66,80187,10,221121
36626,0.000944,74.125.24.0-255,5738,85925,10,221121
36627,0.000947,172.31.36.0-255,66,85991,10,221121
36628,0.000975,74.125.24.0-255,7156,93147,10,221121
36629,0.000979,172.31.36.0-255,66,93213,10,221121
36630,0.000996,74.125.24.0-255,1484,94697,10,221121
36631,0.001001,74.125.24.0-255,1636,96333,10,221121
36632,0.001004,172.31.36.0-255,66,96399,10,221121
36633,0.001037,74.125.24.0-255,1484,97883,10,221121
36634,0.001043,74.125.24.0-255,2902,100785,10,221121
36635,0.001047,172.31.36.0-255,66,100851,10,221121
36636,0.001055,74.125.24.0-255,2902,103753,10,221121
36637,0.001058,172.31.36.0-255,66,103819,10,221121
36638,0.001077,74.125.24.0-255,2902,106721,10,221121
36639,0.001079,172.31.36.0-255,66,106787,10,221121
36640,0.001086,74.125.24.0-255,7156,113943,10,221121
36641,0.001088,172.31.36.0-255,66,114009,10,221121
36642,0.001091,74.125.24.0-255,1484,115493,10,221121
36643,0.001113,172.31.36.0-255,66,115559,10,221121
36644,0.001138,74.125.24.0-255,4320,119879,10,221121
36645,0.001141,74.125.24.0-255,2184,122063,10,221121
36646,0.001141,172.31.36.0-255,66,122129,10,221121
36647,0.001144,172.31.36.0-255,66,122195,10,221121
36648,0.00164,74.125.24.0-255,1484,123679,10,221121
36649,0.001647,74.125.24.0-255,2902,126581,10,221121
36650,0.00165,172.31.36.0-255,66,126647,10,221121
36651,0.001658,74.125.24.0-255,5738,132385,10,221121
36652,0.001661,172.31.36.0-255,66,132451,10,221121
36653,0.001674,74.125.24.0-255,5738,138189,10,221121
36654,0.001676,172.31.36.0-255,66,138255,10,221121
36655,0.001698,74.125.24.0-255,7156,145411,10,221121
36656,0.001701,172.31.36.0-255,66,145477,10,221121
36657,0.001713,172.31.36.0-255,66,145543,10,221121
36658,0.001737,74.125.24.0-255,766,146309,10,221121
36659,0.001958,172.31.36.0-255,66,146375,10,221121
36660,0.00238,74.125.24.0-255,1484,147859,10,221121
36661,0.00239,74.125.24.0-255,2902,150761,10,221121
36662,0.002394,172.31.36.0-255,66,150827,10,221121
36663,0.002401,74.125.24.0-255,4320,155147,10,221121
36664,0.002403,172.31.36.0-255,66,155213,10,221121
36665,0.002407,74.125.24.0-255,2902,158115,10,221121
36666,0.002409,172.31.36.0-255,66,158181,10,221121
36667,0.002473,172.31.36.0-255,66,158247,10,221121
36668,0.002487,172.31.36.0-255,66,158313,10,221121
36669,0.002854,74.125.24.0-255,1484,159797,10,221121
36670,0.002862,74.125.24.0-255,2902,162699,10,221121
36671,0.002866,172.31.36.0-255,66,162765,10,221121
36672,0.002872,74.125.24.0-255,4320,167085,10,221121
36673,0.002874,172.31.36.0-255,66,167151,10,221121
36674,0.002907,172.31.36.0-255,66,167217,10,221121
36675,0.002911,74.125.24.0-255,1484,168701,10,221121
36676,0.002916,74.125.24.0-255,2902,171603,10,221121
36677,0.002918,172.31.36.0-255,66,171669,10,221121
36678,0.002951,172.31.36.0-255,66,171735,10,221121
36679,0.003036,74.125.24.0-255,1484,173219,10,221121
36680,0.003044,74.125.24.0-255,2902,176121,10,221121
36681,0.003047,172.31.36.0-255,66,176187,10,221121
36682,0.003053,74.125.24.0-255,4320,180507,10,221121
36683,0.003055,172.31.36.0-255,66,180573,10,221121
36684,0.003074,74.125.24.0-255,1484,182057,10,221121
36685,0.003078,74.125.24.0-255,4320,186377,10,221121
36686,0.00308,172.31.36.0-255,66,186443,10,221121
36687,0.003106,172.31.36.0-255,66,186509,10,221121
36688,0.003142,172.31.36.0-255,66,186575,10,221121
36689,0.003429,74.125.24.0-255,1484,188059,10,221121
36690,0.003432,74.125.24.0-255,1484,189543,10,221121
36691,0.003434,172.31.36.0-255,66,189609,10,221121
36692,0.003455,74.125.24.0-255,4320,193929,10,221121
36693,0.003457,172.31.36.0-255,66,193995,10,221121
36694,0.003473,74.125.24.0-255,4320,198315,10,221121
36695,0.003475,172.31.36.0-255,66,198381,10,221121
36696,0.003497,74.125.24.0-255,5738,204119,10,221121
36697,0.003499,172.31.36.0-255,66,204185,10,221121
36698,0.003504,74.125.24.0-255,4320,208505,10,221121
36699,0.003506,172.31.36.0-255,66,208571,10,221121
36700,0.003529,74.125.24.0-255,1484,210055,10,221121
36701,0.003554,172.31.36.0-255,66,210121,10,221121
36702,0.003573,74.125.24.0-255,2184,212305,10,221121
36703,0.003575,172.31.36.0-255,66,212371,10,221121
36704,0.003589,172.31.36.0-255,66,212437,10,221121
36705,0.003647,172.31.36.0-255,66,212503,10,221121
36706,0.003663,74.125.24.0-255,2184,214687,10,221121
36707,0.003665,172.31.36.0-255,66,214753,10,221121
36708,0.003676,172.31.36.0-255,66,214819,10,221121
36709,0.00372,172.31.36.0-255,66,214885,10,221121
36710,0.003759,74.125.24.0-255,1484,216369,10,221121
36711,0.00378,74.125.24.0-255,4344,220713,10,221121
36712,0.003783,172.31.36.0-255,66,220779,10,221121
36713,0.003786,74.125.24.0-255,105,220884,10,221121
36714,0.007951,172.31.36.0-255,66,220950,10,221121
36715,0.007978,172.31.36.0-255,105,221055,10,221121
36716,0.01023,74.125.24.0-255,66,221121,10,221121
36717,0.0,172.217.194.0-255,143,143,10,160352
36718,1.6e-05,172.31.36.0-255,66,209,10,160352
36719,2.2e-05,172.217.194.0-255,1484,1693,10,160352
36720,2.7e-05,172.31.36.0-255,66,1759,10,160352
36721,3.2e-05,172.217.194.0-255,2902,4661,10,160352
36722,3.6e-05,172.31.36.0-255,66,4727,10,160352
36723,4.1e-05,172.217.194.0-255,4320,9047,10,160352
36724,4.4e-05,172.31.36.0-255,66,9113,10,160352
36725,5e-05,172.217.194.0-255,4877,13990,10,160352
36726,5.3e-05,172.31.36.0-255,66,14056,10,160352
36727,9.3e-05,172.217.194.0-255,1484,15540,10,160352
36728,9.6e-05,172.31.36.0-255,66,15606,10,160352
36729,0.000101,172.217.194.0-255,2902,18508,10,160352
36730,0.000103,172.31.36.0-255,66,18574,10,160352
36731,0.000134,172.217.194.0-255,4320,22894,10,160352
36732,0.000137,172.31.36.0-255,66,22960,10,160352
36733,0.00015,172.217.194.0-255,1484,24444,10,160352
36734,0.000154,172.31.36.0-255,66,24510,10,160352
36735,0.000163,172.217.194.0-255,6797,31307,10,160352
36736,0.000165,172.31.36.0-255,66,31373,10,160352
36737,0.000247,172.217.194.0-255,1484,32857,10,160352
36738,0.000251,172.31.36.0-255,66,32923,10,160352
36739,0.000258,172.217.194.0-255,2902,35825,10,160352
36740,0.000261,172.31.36.0-255,66,35891,10,160352
36741,0.000268,172.217.194.0-255,5738,41629,10,160352
36742,0.00027,172.31.36.0-255,66,41695,10,160352
36743,0.000307,172.217.194.0-255,6797,48492,10,160352
36744,0.00031,172.31.36.0-255,66,48558,10,160352
36745,0.000329,172.217.194.0-255,7156,55714,10,160352
36746,0.000332,172.31.36.0-255,66,55780,10,160352
36747,0.000364,172.31.36.0-255,66,55846,10,160352
36748,0.000367,172.217.194.0-255,363,56209,10,160352
36749,0.000779,172.217.194.0-255,381,56590,10,160352
36750,0.000898,172.31.36.0-255,66,56656,10,160352
36751,0.00102,172.217.194.0-255,1484,58140,10,160352
36752,0.00103,172.217.194.0-255,2902,61042,10,160352
36753,0.001034,172.31.36.0-255,66,61108,10,160352
36754,0.001042,172.217.194.0-255,5738,66846,10,160352
36755,0.001044,172.31.36.0-255,66,66912,10,160352
36756,0.00105,172.217.194.0-255,5738,72650,10,160352
36757,0.001051,172.31.36.0-255,66,72716,10,160352
36758,0.001089,172.217.194.0-255,1484,74200,10,160352
36759,0.001106,172.217.194.0-255,4320,78520,10,160352
36760,0.001109,172.31.36.0-255,66,78586,10,160352
36761,0.001134,172.217.194.0-255,7156,85742,10,160352
36762,0.001137,172.31.36.0-255,66,85808,10,160352
36763,0.001143,172.217.194.0-255,5020,90828,10,160352
36764,0.001145,172.31.36.0-255,66,90894,10,160352
36765,0.001862,172.217.194.0-255,1484,92378,10,160352
36766,0.001871,172.217.194.0-255,2902,95280,10,160352
36767,0.001876,172.31.36.0-255,66,95346,10,160352
36768,0.001883,172.217.194.0-255,5738,101084,10,160352
36769,0.001886,172.31.36.0-255,66,101150,10,160352
36770,0.001921,172.31.36.0-255,66,101216,10,160352
36771,0.001932,172.31.36.0-255,66,101282,10,160352
36772,0.002163,172.217.194.0-255,1484,102766,10,160352
36773,0.002166,172.217.194.0-255,1484,104250,10,160352
36774,0.002169,172.31.36.0-255,66,104316,10,160352
36775,0.002187,172.217.194.0-255,1484,105800,10,160352
36776,0.002193,172.217.194.0-255,5738,111538,10,160352
36777,0.002196,172.31.36.0-255,66,111604,10,160352
36778,0.002211,172.217.194.0-255,2902,114506,10,160352
36779,0.002213,172.31.36.0-255,66,114572,10,160352
36780,0.002248,172.31.36.0-255,66,114638,10,160352
36781,0.002255,172.217.194.0-255,7156,121794,10,160352
36782,0.002257,172.31.36.0-255,66,121860,10,160352
36783,0.002271,172.217.194.0-255,3602,125462,10,160352
36784,0.002273,172.31.36.0-255,66,125528,10,160352
36785,0.004805,172.217.194.0-255,5738,131266,10,160352
36786,0.00481,172.31.36.0-255,66,131332,10,160352
36787,0.007353,172.217.194.0-255,5738,137070,10,160352
36788,0.007363,172.31.36.0-255,66,137136,10,160352
36789,0.009942,172.217.194.0-255,5738,142874,10,160352
36790,0.00996,172.31.36.0-255,66,142940,10,160352
36791,0.012546,172.217.194.0-255,5738,148678,10,160352
36792,0.012565,172.31.36.0-255,66,148744,10,160352
36793,0.015134,172.217.194.0-255,5738,154482,10,160352
36794,0.015153,172.31.36.0-255,66,154548,10,160352
36795,0.017774,172.217.194.0-255,5738,160286,10,160352
36796,0.017794,172.31.36.0-255,66,160352,10,160352
36797,0.0,74.125.24.0-255,153,153,10,117590
36798,1.6e-05,172.31.36.0-255,66,219,10,117590
36799,2.4e-05,74.125.24.0-255,1484,1703,10,117590
36800,2.9e-05,172.31.36.0-255,66,1769,10,117590
36801,3.5e-05,74.125.24.0-255,2902,4671,10,117590
36802,3.8e-05,172.31.36.0-255,66,4737,10,117590
36803,4.4e-05,74.125.24.0-255,4320,9057,10,117590
36804,4.7e-05,172.31.36.0-255,66,9123,10,117590
36805,9e-05,74.125.24.0-255,4873,13996,10,117590
36806,9.4e-05,172.31.36.0-255,66,14062,10,117590
36807,0.000117,74.125.24.0-255,5738,19800,10,117590
36808,0.000119,172.31.36.0-255,66,19866,10,117590
36809,0.000143,74.125.24.0-255,4320,24186,10,117590
36810,0.000146,172.31.36.0-255,66,24252,10,117590
36811,0.00017,74.125.24.0-255,6797,31049,10,117590
36812,0.000178,172.31.36.0-255,66,31115,10,117590
36813,0.00023,74.125.24.0-255,1484,32599,10,117590
36814,0.000234,172.31.36.0-255,66,32665,10,117590
36815,0.000249,74.125.24.0-255,2902,35567,10,117590
36816,0.000252,172.31.36.0-255,66,35633,10,117590
36817,0.000258,74.125.24.0-255,5738,41371,10,117590
36818,0.000261,172.31.36.0-255,66,41437,10,117590
36819,0.000287,74.125.24.0-255,4320,45757,10,117590
36820,0.000289,172.31.36.0-255,66,45823,10,117590
36821,0.000314,172.31.36.0-255,66,45889,10,117590
36822,0.000337,74.125.24.0-255,3961,49850,10,117590
36823,0.00034,172.31.36.0-255,66,49916,10,117590
36824,0.000347,74.125.24.0-255,7103,57019,10,117590
36825,0.000349,172.31.36.0-255,66,57085,10,117590
36826,0.000835,74.125.24.0-255,114,57199,10,117590
36827,0.000841,172.31.36.0-255,66,57265,10,117590
36828,0.00114,74.125.24.0-255,331,57596,10,117590
36829,0.001653,74.125.24.0-255,1484,59080,10,117590
36830,0.00166,172.31.36.0-255,66,59146,10,117590
36831,0.001667,74.125.24.0-255,1484,60630,10,117590
36832,0.001679,74.125.24.0-255,1484,62114,10,117590
36833,0.001682,172.31.36.0-255,66,62180,10,117590
36834,0.001708,74.125.24.0-255,5738,67918,10,117590
36835,0.00171,172.31.36.0-255,66,67984,10,117590
36836,0.001725,172.31.36.0-255,66,68050,10,117590
36837,0.001756,172.31.36.0-255,66,68116,10,117590
36838,0.001773,74.125.24.0-255,2184,70300,10,117590
36839,0.001776,172.31.36.0-255,66,70366,10,117590
36840,0.002282,74.125.24.0-255,1484,71850,10,117590
36841,0.003982,74.125.24.0-255,1484,73334,10,117590
36842,0.003986,172.31.36.0-255,66,73400,10,117590
36843,0.00404,74.125.24.0-255,2902,76302,10,117590
36844,0.004042,172.31.36.0-255,66,76368,10,117590
36845,0.006247,74.125.24.0-255,2902,79270,10,117590
36846,0.006251,172.31.36.0-255,66,79336,10,117590
36847,0.006298,74.125.24.0-255,1484,80820,10,117590
36848,0.006313,74.125.24.0-255,1484,82304,10,117590
36849,0.006315,172.31.36.0-255,66,82370,10,117590
36850,0.008522,74.125.24.0-255,2902,85272,10,117590
36851,0.008533,172.31.36.0-255,66,85338,10,117590
36852,0.008584,74.125.24.0-255,2902,88240,10,117590
36853,0.008587,172.31.36.0-255,66,88306,10,117590
36854,0.010784,74.125.24.0-255,2902,91208,10,117590
36855,0.010793,172.31.36.0-255,66,91274,10,117590
36856,0.01083,74.125.24.0-255,2902,94176,10,117590
36857,0.010833,172.31.36.0-255,66,94242,10,117590
36858,0.013055,74.125.24.0-255,2902,97144,10,117590
36859,0.013063,172.31.36.0-255,66,97210,10,117590
36860,0.013098,74.125.24.0-255,2902,100112,10,117590
36861,0.013101,172.31.36.0-255,66,100178,10,117590
36862,0.015366,74.125.24.0-255,5738,105916,10,117590
36863,0.015377,172.31.36.0-255,66,105982,10,117590
36864,0.017623,74.125.24.0-255,5738,111720,10,117590
36865,0.017632,172.31.36.0-255,66,111786,10,117590
36866,0.019903,74.125.24.0-255,5738,117524,10,117590
36867,0.01991,172.31.36.0-255,66,117590,10,117590
36868,0.0,74.125.200.0-255,153,153,10,121617
36869,2.2e-05,172.31.36.0-255,66,219,10,121617
36870,3e-05,74.125.200.0-255,1484,1703,10,121617
36871,3.4e-05,172.31.36.0-255,66,1769,10,121617
36872,5.2e-05,74.125.200.0-255,2902,4671,10,121617
36873,5.7e-05,172.31.36.0-255,66,4737,10,121617
36874,6e-05,74.125.200.0-255,1484,6221,10,121617
36875,6.3e-05,172.31.36.0-255,66,6287,10,121617
36876,9.3e-05,74.125.200.0-255,2902,9189,10,121617
36877,9.6e-05,172.31.36.0-255,66,9255,10,121617
36878,0.000132,74.125.200.0-255,2902,12157,10,121617
36879,0.000135,172.31.36.0-255,66,12223,10,121617
36880,0.000152,74.125.200.0-255,2071,14294,10,121617
36881,0.000155,172.31.36.0-255,66,14360,10,121617
36882,0.000221,74.125.200.0-255,1484,15844,10,121617
36883,0.000223,172.31.36.0-255,66,15910,10,121617
36884,0.000246,74.125.200.0-255,2902,18812,10,121617
36885,0.00025,172.31.36.0-255,66,18878,10,121617
36886,0.000291,74.125.200.0-255,2902,21780,10,121617
36887,0.000295,172.31.36.0-255,66,21846,10,121617
36888,0.000314,74.125.200.0-255,2902,24748,10,121617
36889,0.000316,172.31.36.0-255,66,24814,10,121617
36890,0.000383,74.125.200.0-255,5738,30552,10,121617
36891,0.000387,172.31.36.0-255,66,30618,10,121617
36892,0.000504,74.125.200.0-255,7156,37774,10,121617
36893,0.000509,172.31.36.0-255,66,37840,10,121617
36894,0.000533,74.125.200.0-255,6797,44637,10,121617
36895,0.000536,172.31.36.0-255,66,44703,10,121617
36896,0.00071,74.125.200.0-255,7156,51859,10,121617
36897,0.000717,172.31.36.0-255,66,51925,10,121617
36898,0.000843,172.31.36.0-255,66,51991,10,121617
36899,0.000855,74.125.200.0-255,5386,57377,10,121617
36900,0.000877,172.31.36.0-255,66,57443,10,121617
36901,0.001089,74.125.200.0-255,5738,63181,10,121617
36902,0.001125,172.31.36.0-255,66,63247,10,121617
36903,0.001199,172.31.36.0-255,66,63313,10,121617
36904,0.001615,74.125.200.0-255,7156,70469,10,121617
36905,0.00162,172.31.36.0-255,66,70535,10,121617
36906,0.001681,172.31.36.0-255,66,70601,10,121617
36907,0.001714,172.31.36.0-255,66,70667,10,121617
36908,0.001762,172.31.36.0-255,66,70733,10,121617
36909,0.002571,172.31.36.0-255,66,70799,10,121617
36910,0.002644,74.125.200.0-255,7156,77955,10,121617
36911,0.002686,74.125.200.0-255,2902,80857,10,121617
36912,0.004963,172.31.36.0-255,66,80923,10,121617
36913,0.006907,74.125.200.0-255,5738,86661,10,121617
36914,0.006913,172.31.36.0-255,66,86727,10,121617
36915,0.008818,74.125.200.0-255,4320,91047,10,121617
36916,0.008836,74.125.200.0-255,1484,92531,10,121617
36917,0.009164,172.31.36.0-255,66,92597,10,121617
36918,0.011111,74.125.200.0-255,5738,98335,10,121617
36919,0.011128,172.31.36.0-255,66,98401,10,121617
36920,0.013064,74.125.200.0-255,5738,104139,10,121617
36921,0.013073,172.31.36.0-255,66,104205,10,121617
36922,0.015018,74.125.200.0-255,5738,109943,10,121617
36923,0.015027,172.31.36.0-255,66,110009,10,121617
36924,0.016963,74.125.200.0-255,5738,115747,10,121617
36925,0.016974,172.31.36.0-255,66,115813,10,121617
36926,0.0189,74.125.200.0-255,5738,121551,10,121617
36927,0.019591,172.31.36.0-255,66,121617,10,121617
