,TIME,SRC,PACKET_SIZE,CUMULATIVE_PACKET_SIZE,PAGE_NUMBER,TOTAL_PACKET_SIZE
0,0.0,74.125.24.0-255,146,146,42,242092
1,2.5e-05,172.31.46.0-255,66,212,42,242092
2,3.2e-05,74.125.24.0-255,1484,1696,42,242092
3,3.7e-05,172.31.46.0-255,66,1762,42,242092
4,4.3e-05,74.125.24.0-255,2902,4664,42,242092
5,4.6e-05,172.31.46.0-255,66,4730,42,242092
6,5e-05,74.125.24.0-255,1484,6214,42,242092
7,5.3e-05,172.31.46.0-255,66,6280,42,242092
8,6.1e-05,74.125.24.0-255,5738,12018,42,242092
9,6.4e-05,172.31.46.0-255,66,12084,42,242092
10,7.9e-05,172.31.46.0-255,66,12150,42,242092
11,0.000111,74.125.24.0-255,3394,15544,42,242092
12,0.000113,172.31.46.0-255,66,15610,42,242092
13,0.00012,74.125.24.0-255,5379,20989,42,242092
14,0.000122,172.31.46.0-255,66,21055,42,242092
15,0.000169,74.125.24.0-255,1484,22539,42,242092
16,0.000171,172.31.46.0-255,66,22605,42,242092
17,0.000176,74.125.24.0-255,2902,25507,42,242092
18,0.000179,172.31.46.0-255,66,25573,42,242092
19,0.000185,74.125.24.0-255,5738,31311,42,242092
20,0.000188,172.31.46.0-255,66,31377,42,242092
21,0.000203,74.125.24.0-255,2902,34279,42,242092
22,0.000206,172.31.46.0-255,66,34345,42,242092
23,0.000242,172.31.46.0-255,66,34411,42,242092
24,0.000256,172.31.46.0-255,66,34477,42,242092
25,0.000348,74.125.24.0-255,132,34609,42,242092
26,0.000352,172.31.46.0-255,66,34675,42,242092
27,0.000503,74.125.24.0-255,1484,36159,42,242092
28,0.000509,172.31.46.0-255,66,36225,42,242092
29,0.000515,74.125.24.0-255,2902,39127,42,242092
30,0.000518,172.31.46.0-255,66,39193,42,242092
31,0.000524,74.125.24.0-255,5738,44931,42,242092
32,0.000527,172.31.46.0-255,66,44997,42,242092
33,0.00054,172.31.46.0-255,66,45063,42,242092
34,0.000574,74.125.24.0-255,3961,49024,42,242092
35,0.000577,172.31.46.0-255,66,49090,42,242092
36,0.00059,172.31.46.0-255,66,49156,42,242092
37,0.000603,74.125.24.0-255,1125,50281,42,242092
38,0.000605,172.31.46.0-255,66,50347,42,242092
39,0.000697,74.125.24.0-255,347,50694,42,242092
40,0.0007,172.31.46.0-255,66,50760,42,242092
41,0.000868,74.125.24.0-255,1484,52244,42,242092
42,0.000872,172.31.46.0-255,66,52310,42,242092
43,0.000878,74.125.24.0-255,2902,55212,42,242092
44,0.000881,172.31.46.0-255,66,55278,42,242092
45,0.000887,74.125.24.0-255,4320,59598,42,242092
46,0.00089,172.31.46.0-255,66,59664,42,242092
47,0.000905,74.125.24.0-255,1484,61148,42,242092
48,0.000907,172.31.46.0-255,66,61214,42,242092
49,0.00092,172.31.46.0-255,66,61280,42,242092
50,0.000947,74.125.24.0-255,2902,64182,42,242092
51,0.000986,172.31.46.0-255,66,64248,42,242092
52,0.000997,74.125.24.0-255,1484,65732,42,242092
53,0.00101,74.125.24.0-255,2902,68634,42,242092
54,0.001017,74.125.24.0-255,5738,74372,42,242092
55,0.001031,74.125.24.0-255,1484,75856,42,242092
56,0.001039,172.31.46.0-255,66,75922,42,242092
57,0.001083,172.31.46.0-255,66,75988,42,242092
58,0.001095,74.125.24.0-255,4320,80308,42,242092
59,0.0011,172.31.46.0-255,66,80374,42,242092
60,0.001112,74.125.24.0-255,6438,86812,42,242092
61,0.001135,172.31.46.0-255,66,86878,42,242092
62,0.001389,74.125.24.0-255,1484,88362,42,242092
63,0.001396,74.125.24.0-255,2902,91264,42,242092
64,0.001404,172.31.46.0-255,66,91330,42,242092
65,0.001423,74.125.24.0-255,5738,97068,42,242092
66,0.001429,74.125.24.0-255,5738,102806,42,242092
67,0.00144,172.31.46.0-255,66,102872,42,242092
68,0.001458,74.125.24.0-255,7156,110028,42,242092
69,0.00148,172.31.46.0-255,66,110094,42,242092
70,0.00149,74.125.24.0-255,2184,112278,42,242092
71,0.001495,172.31.46.0-255,66,112344,42,242092
72,0.001845,74.125.24.0-255,1484,113828,42,242092
73,0.001852,74.125.24.0-255,1484,115312,42,242092
74,0.001855,172.31.46.0-255,66,115378,42,242092
75,0.001875,74.125.24.0-255,1484,116862,42,242092
76,0.001882,74.125.24.0-255,5738,122600,42,242092
77,0.001924,172.31.46.0-255,66,122666,42,242092
78,0.001951,74.125.24.0-255,7156,129822,42,242092
79,0.001974,74.125.24.0-255,3602,133424,42,242092
80,0.001981,172.31.46.0-255,66,133490,42,242092
81,0.002037,74.125.24.0-255,1484,134974,42,242092
82,0.002043,74.125.24.0-255,2902,137876,42,242092
83,0.002045,172.31.46.0-255,66,137942,42,242092
84,0.002051,74.125.24.0-255,2902,140844,42,242092
85,0.002072,74.125.24.0-255,2902,143746,42,242092
86,0.002077,74.125.24.0-255,4320,148066,42,242092
87,0.002081,172.31.46.0-255,66,148132,42,242092
88,0.002109,74.125.24.0-255,1484,149616,42,242092
89,0.002141,172.31.46.0-255,66,149682,42,242092
90,0.002155,74.125.24.0-255,4320,154002,42,242092
91,0.002176,74.125.24.0-255,7156,161158,42,242092
92,0.002192,172.31.46.0-255,66,161224,42,242092
93,0.002207,74.125.24.0-255,2902,164126,42,242092
94,0.002238,172.31.46.0-255,66,164192,42,242092
95,0.002247,74.125.24.0-255,2902,167094,42,242092
96,0.002252,172.31.46.0-255,66,167160,42,242092
97,0.002268,74.125.24.0-255,5020,172180,42,242092
98,0.00229,172.31.46.0-255,66,172246,42,242092
99,0.002302,74.125.24.0-255,7156,179402,42,242092
100,0.002307,172.31.46.0-255,66,179468,42,242092
101,0.002322,74.125.24.0-255,5738,185206,42,242092
102,0.002349,172.31.46.0-255,66,185272,42,242092
103,0.002369,74.125.24.0-255,1484,186756,42,242092
104,0.002392,74.125.24.0-255,2902,189658,42,242092
105,0.002399,74.125.24.0-255,5738,195396,42,242092
106,0.002412,74.125.24.0-255,4320,199716,42,242092
107,0.002414,172.31.46.0-255,66,199782,42,242092
108,0.002422,74.125.24.0-255,1484,201266,42,242092
109,0.002433,172.31.46.0-255,66,201332,42,242092
110,0.004812,74.125.24.0-255,5738,207070,42,242092
111,0.004825,172.31.46.0-255,66,207136,42,242092
112,0.007171,74.125.24.0-255,5738,212874,42,242092
113,0.007189,172.31.46.0-255,66,212940,42,242092
114,0.009546,74.125.24.0-255,4320,217260,42,242092
115,0.009553,172.31.46.0-255,66,217326,42,242092
116,0.00957,74.125.24.0-255,1484,218810,42,242092
117,0.009572,172.31.46.0-255,66,218876,42,242092
118,0.01191,74.125.24.0-255,5738,224614,42,242092
119,0.01193,172.31.46.0-255,66,224680,42,242092
120,0.014299,74.125.24.0-255,5738,230418,42,242092
121,0.014317,172.31.46.0-255,66,230484,42,242092
122,0.016699,74.125.24.0-255,5738,236222,42,242092
123,0.016717,172.31.46.0-255,66,236288,42,242092
124,0.019061,74.125.24.0-255,5738,242026,42,242092
125,0.019076,172.31.46.0-255,66,242092,42,242092
126,0.0,74.125.68.0-255,153,153,42,295596
127,1.6e-05,172.31.46.0-255,66,219,42,295596
128,2.3e-05,74.125.68.0-255,1484,1703,42,295596
129,2.9e-05,172.31.46.0-255,66,1769,42,295596
130,5.1e-05,74.125.68.0-255,2902,4671,42,295596
131,5.5e-05,172.31.46.0-255,66,4737,42,295596
132,5.9e-05,74.125.68.0-255,1484,6221,42,295596
133,6.1e-05,172.31.46.0-255,66,6287,42,295596
134,8.3e-05,74.125.68.0-255,1484,7771,42,295596
135,8.6e-05,172.31.46.0-255,66,7837,42,295596
136,9.3e-05,74.125.68.0-255,4320,12157,42,295596
137,9.5e-05,172.31.46.0-255,66,12223,42,295596
138,0.000117,74.125.68.0-255,3474,15697,42,295596
139,0.000119,172.31.46.0-255,66,15763,42,295596
140,0.000122,74.125.68.0-255,1484,17247,42,295596
141,0.000125,172.31.46.0-255,66,17313,42,295596
142,0.000149,74.125.68.0-255,2902,20215,42,295596
143,0.000152,172.31.46.0-255,66,20281,42,295596
144,0.000172,74.125.68.0-255,7156,27437,42,295596
145,0.000174,172.31.46.0-255,66,27503,42,295596
146,0.000215,74.125.68.0-255,3961,31464,42,295596
147,0.000218,172.31.46.0-255,66,31530,42,295596
148,0.000458,74.125.68.0-255,1484,33014,42,295596
149,0.000464,172.31.46.0-255,66,33080,42,295596
150,0.000485,74.125.68.0-255,2902,35982,42,295596
151,0.000488,172.31.46.0-255,66,36048,42,295596
152,0.000514,74.125.68.0-255,5738,41786,42,295596
153,0.000517,172.31.46.0-255,66,41852,42,295596
154,0.000521,74.125.68.0-255,2902,44754,42,295596
155,0.000524,172.31.46.0-255,66,44820,42,295596
156,0.000541,74.125.68.0-255,3961,48781,42,295596
157,0.000543,172.31.46.0-255,66,48847,42,295596
158,0.00056,74.125.68.0-255,1484,50331,42,295596
159,0.000581,74.125.68.0-255,2902,53233,42,295596
160,0.000584,172.31.46.0-255,66,53299,42,295596
161,0.00059,74.125.68.0-255,4320,57619,42,295596
162,0.000593,172.31.46.0-255,66,57685,42,295596
163,0.000618,74.125.68.0-255,1484,59169,42,295596
164,0.000625,74.125.68.0-255,5738,64907,42,295596
165,0.000627,172.31.46.0-255,66,64973,42,295596
166,0.000668,74.125.68.0-255,1438,66411,42,295596
167,0.000704,74.125.68.0-255,111,66522,42,295596
168,0.000838,74.125.68.0-255,1484,68006,42,295596
169,0.000843,172.31.46.0-255,66,68072,42,295596
170,0.000849,74.125.68.0-255,2902,70974,42,295596
171,0.000852,172.31.46.0-255,66,71040,42,295596
172,0.000866,74.125.68.0-255,1484,72524,42,295596
173,0.000882,74.125.68.0-255,2902,75426,42,295596
174,0.000884,172.31.46.0-255,66,75492,42,295596
175,0.000889,74.125.68.0-255,2902,78394,42,295596
176,0.000892,172.31.46.0-255,66,78460,42,295596
177,0.000905,74.125.68.0-255,2902,81362,42,295596
178,0.000908,172.31.46.0-255,66,81428,42,295596
179,0.000911,74.125.68.0-255,1484,82912,42,295596
180,0.000948,172.31.46.0-255,66,82978,42,295596
181,0.000978,74.125.68.0-255,2902,85880,42,295596
182,0.000981,172.31.46.0-255,66,85946,42,295596
183,0.001001,74.125.68.0-255,6438,92384,42,295596
184,0.001004,172.31.46.0-255,66,92450,42,295596
185,0.001007,74.125.68.0-255,330,92780,42,295596
186,0.001027,74.125.68.0-255,1484,94264,42,295596
187,0.001029,172.31.46.0-255,66,94330,42,295596
188,0.001053,74.125.68.0-255,4320,98650,42,295596
189,0.001056,172.31.46.0-255,66,98716,42,295596
190,0.001059,74.125.68.0-255,1484,100200,42,295596
191,0.001074,74.125.68.0-255,1484,101684,42,295596
192,0.001076,172.31.46.0-255,66,101750,42,295596
193,0.001094,74.125.68.0-255,5738,107488,42,295596
194,0.001097,172.31.46.0-255,66,107554,42,295596
195,0.001105,74.125.68.0-255,7156,114710,42,295596
196,0.001107,172.31.46.0-255,66,114776,42,295596
197,0.001127,74.125.68.0-255,2902,117678,42,295596
198,0.001129,172.31.46.0-255,66,117744,42,295596
199,0.001133,74.125.68.0-255,2902,120646,42,295596
200,0.001136,172.31.46.0-255,66,120712,42,295596
201,0.001141,74.125.68.0-255,4320,125032,42,295596
202,0.001143,172.31.46.0-255,66,125098,42,295596
203,0.001174,74.125.68.0-255,2184,127282,42,295596
204,0.001176,172.31.46.0-255,66,127348,42,295596
205,0.001264,74.125.68.0-255,1484,128832,42,295596
206,0.001278,74.125.68.0-255,1484,130316,42,295596
207,0.001282,172.31.46.0-255,66,130382,42,295596
208,0.001298,74.125.68.0-255,1484,131866,42,295596
209,0.001305,74.125.68.0-255,5738,137604,42,295596
210,0.001307,172.31.46.0-255,66,137670,42,295596
211,0.001324,74.125.68.0-255,2902,140572,42,295596
212,0.001327,172.31.46.0-255,66,140638,42,295596
213,0.001351,74.125.68.0-255,4320,144958,42,295596
214,0.001359,172.31.46.0-255,66,145024,42,295596
215,0.001375,74.125.68.0-255,5738,150762,42,295596
216,0.001378,172.31.46.0-255,66,150828,42,295596
217,0.00143,74.125.68.0-255,2902,153730,42,295596
218,0.001432,172.31.46.0-255,66,153796,42,295596
219,0.001467,74.125.68.0-255,4320,158116,42,295596
220,0.00147,172.31.46.0-255,66,158182,42,295596
221,0.001474,74.125.68.0-255,2902,161084,42,295596
222,0.001476,172.31.46.0-255,66,161150,42,295596
223,0.001479,74.125.68.0-255,766,161916,42,295596
224,0.001651,74.125.68.0-255,1484,163400,42,295596
225,0.001655,172.31.46.0-255,66,163466,42,295596
226,0.001661,74.125.68.0-255,2902,166368,42,295596
227,0.001663,172.31.46.0-255,66,166434,42,295596
228,0.001677,74.125.68.0-255,2902,169336,42,295596
229,0.001679,172.31.46.0-255,66,169402,42,295596
230,0.001706,74.125.68.0-255,1484,170886,42,295596
231,0.001713,74.125.68.0-255,5738,176624,42,295596
232,0.001715,172.31.46.0-255,66,176690,42,295596
233,0.001719,74.125.68.0-255,1484,178174,42,295596
234,0.001751,74.125.68.0-255,4320,182494,42,295596
235,0.001755,172.31.46.0-255,66,182560,42,295596
236,0.001762,172.31.46.0-255,66,182626,42,295596
237,0.001786,74.125.68.0-255,1484,184110,42,295596
238,0.0018,74.125.68.0-255,2184,186294,42,295596
239,0.001802,172.31.46.0-255,66,186360,42,295596
240,0.001914,74.125.68.0-255,1484,187844,42,295596
241,0.001936,74.125.68.0-255,1484,189328,42,295596
242,0.00194,172.31.46.0-255,66,189394,42,295596
243,0.001958,74.125.68.0-255,1484,190878,42,295596
244,0.001963,74.125.68.0-255,2902,193780,42,295596
245,0.001965,172.31.46.0-255,66,193846,42,295596
246,0.001971,74.125.68.0-255,4320,198166,42,295596
247,0.001973,172.31.46.0-255,66,198232,42,295596
248,0.00198,74.125.68.0-255,5738,203970,42,295596
249,0.001982,172.31.46.0-255,66,204036,42,295596
250,0.00201,74.125.68.0-255,2902,206938,42,295596
251,0.002016,74.125.68.0-255,5738,212676,42,295596
252,0.002022,74.125.68.0-255,7156,219832,42,295596
253,0.002024,74.125.68.0-255,766,220598,42,295596
254,0.002027,172.31.46.0-255,66,220664,42,295596
255,0.002035,172.31.46.0-255,66,220730,42,295596
256,0.002039,172.31.46.0-255,66,220796,42,295596
257,0.002071,74.125.68.0-255,1484,222280,42,295596
258,0.002075,172.31.46.0-255,66,222346,42,295596
259,0.002087,74.125.68.0-255,4320,226666,42,295596
260,0.002101,74.125.68.0-255,2902,229568,42,295596
261,0.002117,74.125.68.0-255,2902,232470,42,295596
262,0.002159,74.125.68.0-255,2902,235372,42,295596
263,0.002203,74.125.68.0-255,2902,238274,42,295596
264,0.002226,74.125.68.0-255,5020,243294,42,295596
265,0.002229,74.125.68.0-255,1484,244778,42,295596
266,0.002257,74.125.68.0-255,7156,251934,42,295596
267,0.002261,74.125.68.0-255,1484,253418,42,295596
268,0.002265,74.125.68.0-255,2902,256320,42,295596
269,0.002288,74.125.68.0-255,2902,259222,42,295596
270,0.002307,74.125.68.0-255,2902,262124,42,295596
271,0.00231,74.125.68.0-255,1484,263608,42,295596
272,0.002314,74.125.68.0-255,2902,266510,42,295596
273,0.008264,172.31.46.0-255,66,266576,42,295596
274,0.010596,74.125.68.0-255,5738,272314,42,295596
275,0.010603,172.31.46.0-255,66,272380,42,295596
276,0.012921,74.125.68.0-255,5738,278118,42,295596
277,0.012928,172.31.46.0-255,66,278184,42,295596
278,0.015264,74.125.68.0-255,5738,283922,42,295596
279,0.015272,172.31.46.0-255,66,283988,42,295596
280,0.017594,74.125.68.0-255,5738,289726,42,295596
281,0.017602,172.31.46.0-255,66,289792,42,295596
282,0.019915,74.125.68.0-255,5738,295530,42,295596
283,0.019923,172.31.46.0-255,66,295596,42,295596
284,0.0,172.217.194.0-255,148,148,42,207867
285,2.1e-05,172.31.46.0-255,66,214,42,207867
286,2.8e-05,172.217.194.0-255,1484,1698,42,207867
287,3.2e-05,172.31.46.0-255,66,1764,42,207867
288,3.9e-05,172.217.194.0-255,2902,4666,42,207867
289,4.2e-05,172.31.46.0-255,66,4732,42,207867
290,5e-05,172.217.194.0-255,7156,11888,42,207867
291,5.3e-05,172.31.46.0-255,66,11954,42,207867
292,5.7e-05,172.217.194.0-255,2111,14065,42,207867
293,6e-05,172.31.46.0-255,66,14131,42,207867
294,7.9e-05,172.217.194.0-255,1484,15615,42,207867
295,8.1e-05,172.31.46.0-255,66,15681,42,207867
296,8.6e-05,172.217.194.0-255,2902,18583,42,207867
297,8.9e-05,172.31.46.0-255,66,18649,42,207867
298,9.3e-05,172.217.194.0-255,2902,21551,42,207867
299,9.5e-05,172.31.46.0-255,66,21617,42,207867
300,0.000109,172.217.194.0-255,2902,24519,42,207867
301,0.000111,172.31.46.0-255,66,24585,42,207867
302,0.000136,172.217.194.0-255,1484,26069,42,207867
303,0.000139,172.31.46.0-255,66,26135,42,207867
304,0.000157,172.217.194.0-255,5379,31514,42,207867
305,0.000159,172.31.46.0-255,66,31580,42,207867
306,0.000197,172.217.194.0-255,1484,33064,42,207867
307,0.000199,172.31.46.0-255,66,33130,42,207867
308,0.000204,172.217.194.0-255,2902,36032,42,207867
309,0.000206,172.31.46.0-255,66,36098,42,207867
310,0.000223,172.217.194.0-255,5738,41836,42,207867
311,0.000225,172.31.46.0-255,66,41902,42,207867
312,0.000247,172.217.194.0-255,5738,47640,42,207867
313,0.000249,172.31.46.0-255,66,47706,42,207867
314,0.000292,172.217.194.0-255,6797,54503,42,207867
315,0.000294,172.31.46.0-255,66,54569,42,207867
316,0.000302,172.217.194.0-255,5738,60307,42,207867
317,0.000304,172.31.46.0-255,66,60373,42,207867
318,0.000315,172.217.194.0-255,1484,61857,42,207867
319,0.000336,172.217.194.0-255,4236,66093,42,207867
320,0.000339,172.31.46.0-255,66,66159,42,207867
321,0.000366,172.217.194.0-255,119,66278,42,207867
322,0.000401,172.217.194.0-255,381,66659,42,207867
323,0.000695,172.217.194.0-255,1484,68143,42,207867
324,0.0007,172.31.46.0-255,66,68209,42,207867
325,0.000706,172.217.194.0-255,2902,71111,42,207867
326,0.000708,172.31.46.0-255,66,71177,42,207867
327,0.000714,172.217.194.0-255,2902,74079,42,207867
328,0.000716,172.31.46.0-255,66,74145,42,207867
329,0.000739,172.217.194.0-255,2902,77047,42,207867
330,0.000742,172.31.46.0-255,66,77113,42,207867
331,0.000756,172.31.46.0-255,66,77179,42,207867
332,0.000767,172.31.46.0-255,66,77245,42,207867
333,0.000813,172.217.194.0-255,2184,79429,42,207867
334,0.000815,172.31.46.0-255,66,79495,42,207867
335,0.00101,172.217.194.0-255,1484,80979,42,207867
336,0.001017,172.217.194.0-255,2902,83881,42,207867
337,0.00102,172.31.46.0-255,66,83947,42,207867
338,0.001027,172.217.194.0-255,5738,89685,42,207867
339,0.001029,172.31.46.0-255,66,89751,42,207867
340,0.001059,172.31.46.0-255,66,89817,42,207867
341,0.001084,172.217.194.0-255,1484,91301,42,207867
342,0.001098,172.31.46.0-255,66,91367,42,207867
343,0.001102,172.217.194.0-255,2184,93551,42,207867
344,0.001104,172.31.46.0-255,66,93617,42,207867
345,0.001126,172.217.194.0-255,2902,96519,42,207867
346,0.001129,172.31.46.0-255,66,96585,42,207867
347,0.001147,172.217.194.0-255,5738,102323,42,207867
348,0.00115,172.31.46.0-255,66,102389,42,207867
349,0.001163,172.217.194.0-255,1484,103873,42,207867
350,0.001169,172.217.194.0-255,5738,109611,42,207867
351,0.001171,172.31.46.0-255,66,109677,42,207867
352,0.001213,172.31.46.0-255,66,109743,42,207867
353,0.001218,172.217.194.0-255,3602,113345,42,207867
354,0.00122,172.31.46.0-255,66,113411,42,207867
355,0.001256,172.217.194.0-255,1484,114895,42,207867
356,0.00126,172.217.194.0-255,1484,116379,42,207867
357,0.001262,172.31.46.0-255,66,116445,42,207867
358,0.001282,172.217.194.0-255,1484,117929,42,207867
359,0.00129,172.217.194.0-255,5738,123667,42,207867
360,0.001292,172.31.46.0-255,66,123733,42,207867
361,0.001295,172.217.194.0-255,1484,125217,42,207867
362,0.001332,172.31.46.0-255,66,125283,42,207867
363,0.001344,172.31.46.0-255,66,125349,42,207867
364,0.001372,172.217.194.0-255,2184,127533,42,207867
365,0.001376,172.217.194.0-255,2902,130435,42,207867
366,0.001379,172.217.194.0-255,2902,133337,42,207867
367,0.001383,172.31.46.0-255,66,133403,42,207867
368,0.001391,172.31.46.0-255,66,133469,42,207867
369,0.001394,172.31.46.0-255,66,133535,42,207867
370,0.001399,172.217.194.0-255,4320,137855,42,207867
371,0.001402,172.31.46.0-255,66,137921,42,207867
372,0.001406,172.217.194.0-255,2902,140823,42,207867
373,0.001408,172.31.46.0-255,66,140889,42,207867
374,0.001445,172.31.46.0-255,66,140955,42,207867
375,0.001452,172.217.194.0-255,6438,147393,42,207867
376,0.001454,172.31.46.0-255,66,147459,42,207867
377,0.001471,172.217.194.0-255,1484,148943,42,207867
378,0.001492,172.217.194.0-255,2902,151845,42,207867
379,0.001495,172.31.46.0-255,66,151911,42,207867
380,0.001501,172.217.194.0-255,5738,157649,42,207867
381,0.001504,172.31.46.0-255,66,157715,42,207867
382,0.001525,172.217.194.0-255,7156,164871,42,207867
383,0.001529,172.31.46.0-255,66,164937,42,207867
384,0.001543,172.217.194.0-255,5738,170675,42,207867
385,0.001546,172.31.46.0-255,66,170741,42,207867
386,0.001558,172.31.46.0-255,66,170807,42,207867
387,0.001584,172.217.194.0-255,2902,173709,42,207867
388,0.001587,172.31.46.0-255,66,173775,42,207867
389,0.001611,172.31.46.0-255,66,173841,42,207867
390,0.001662,172.31.46.0-255,66,173907,42,207867
391,0.001677,172.217.194.0-255,1484,175391,42,207867
392,0.001682,172.217.194.0-255,3602,178993,42,207867
393,0.001684,172.31.46.0-255,66,179059,42,207867
394,0.001697,172.31.46.0-255,66,179125,42,207867
395,0.001714,172.217.194.0-255,5738,184863,42,207867
396,0.001716,172.31.46.0-255,66,184929,42,207867
397,0.001743,172.217.194.0-255,7156,192085,42,207867
398,0.00176,172.31.46.0-255,66,192151,42,207867
399,0.001794,172.31.46.0-255,66,192217,42,207867
400,0.001811,172.31.46.0-255,66,192283,42,207867
401,0.001824,172.31.46.0-255,66,192349,42,207867
402,0.001851,172.217.194.0-255,4320,196669,42,207867
403,0.001853,172.31.46.0-255,66,196735,42,207867
404,0.001884,172.31.46.0-255,66,196801,42,207867
405,0.001902,172.217.194.0-255,1484,198285,42,207867
406,0.001915,172.217.194.0-255,4320,202605,42,207867
407,0.001918,172.31.46.0-255,66,202671,42,207867
408,0.00194,172.217.194.0-255,4788,207459,42,207867
409,0.001942,172.31.46.0-255,66,207525,42,207867
410,0.001945,172.217.194.0-255,105,207630,42,207867
411,0.004378,172.31.46.0-255,66,207696,42,207867
412,0.004416,172.31.46.0-255,105,207801,42,207867
413,0.006394,172.217.194.0-255,66,207867,42,207867
414,0.0,172.217.194.0-255,146,146,42,148960
415,2.3e-05,172.31.46.0-255,66,212,42,148960
416,3.1e-05,172.217.194.0-255,1484,1696,42,148960
417,3.5e-05,172.31.46.0-255,66,1762,42,148960
418,4.1e-05,172.217.194.0-255,2902,4664,42,148960
419,4.4e-05,172.31.46.0-255,66,4730,42,148960
420,6e-05,172.217.194.0-255,7156,11886,42,148960
421,6.2e-05,172.31.46.0-255,66,11952,42,148960
422,0.000116,172.31.46.0-255,66,12018,42,148960
423,0.000121,172.217.194.0-255,3961,15979,42,148960
424,0.000124,172.31.46.0-255,66,16045,42,148960
425,0.000166,172.217.194.0-255,4320,20365,42,148960
426,0.00017,172.31.46.0-255,66,20431,42,148960
427,0.000173,172.217.194.0-255,1484,21915,42,148960
428,0.000175,172.31.46.0-255,66,21981,42,148960
429,0.000181,172.217.194.0-255,5738,27719,42,148960
430,0.000184,172.31.46.0-255,66,27785,42,148960
431,0.000206,172.217.194.0-255,1484,29269,42,148960
432,0.000209,172.31.46.0-255,66,29335,42,148960
433,0.000247,172.31.46.0-255,66,29401,42,148960
434,0.000273,172.217.194.0-255,2543,31944,42,148960
435,0.000276,172.31.46.0-255,66,32010,42,148960
436,0.000281,172.217.194.0-255,4214,36224,42,148960
437,0.000284,172.31.46.0-255,66,36290,42,148960
438,0.000314,172.217.194.0-255,118,36408,42,148960
439,0.000317,172.31.46.0-255,66,36474,42,148960
440,0.000335,172.217.194.0-255,380,36854,42,148960
441,0.000338,172.31.46.0-255,66,36920,42,148960
442,0.000641,172.217.194.0-255,1484,38404,42,148960
443,0.000647,172.31.46.0-255,66,38470,42,148960
444,0.000654,172.217.194.0-255,2902,41372,42,148960
445,0.000657,172.31.46.0-255,66,41438,42,148960
446,0.00066,172.217.194.0-255,1484,42922,42,148960
447,0.000689,172.217.194.0-255,4320,47242,42,148960
448,0.000693,172.31.46.0-255,66,47308,42,148960
449,0.000704,172.31.46.0-255,66,47374,42,148960
450,0.000739,172.217.194.0-255,2902,50276,42,148960
451,0.000742,172.31.46.0-255,66,50342,42,148960
452,0.000756,172.31.46.0-255,66,50408,42,148960
453,0.001259,172.217.194.0-255,1484,51892,42,148960
454,0.001266,172.217.194.0-255,2902,54794,42,148960
455,0.001272,172.31.46.0-255,66,54860,42,148960
456,0.00128,172.217.194.0-255,5738,60598,42,148960
457,0.001283,172.31.46.0-255,66,60664,42,148960
458,0.001292,172.217.194.0-255,1484,62148,42,148960
459,0.001326,172.31.46.0-255,66,62214,42,148960
460,0.001339,172.31.46.0-255,66,62280,42,148960
461,0.00159,172.217.194.0-255,1484,63764,42,148960
462,0.001598,172.217.194.0-255,2902,66666,42,148960
463,0.001603,172.31.46.0-255,66,66732,42,148960
464,0.00161,172.217.194.0-255,4320,71052,42,148960
465,0.001612,172.31.46.0-255,66,71118,42,148960
466,0.001636,172.217.194.0-255,1484,72602,42,148960
467,0.001654,172.31.46.0-255,66,72668,42,148960
468,0.001659,172.217.194.0-255,2902,75570,42,148960
469,0.001662,172.31.46.0-255,66,75636,42,148960
470,0.001703,172.31.46.0-255,66,75702,42,148960
471,0.001856,172.217.194.0-255,1484,77186,42,148960
472,0.001864,172.217.194.0-255,2902,80088,42,148960
473,0.001869,172.31.46.0-255,66,80154,42,148960
474,0.001903,172.217.194.0-255,5738,85892,42,148960
475,0.001907,172.31.46.0-255,66,85958,42,148960
476,0.001913,172.217.194.0-255,4320,90278,42,148960
477,0.001916,172.31.46.0-255,66,90344,42,148960
478,0.001955,172.31.46.0-255,66,90410,42,148960
479,0.001967,172.31.46.0-255,66,90476,42,148960
480,0.001976,172.217.194.0-255,2184,92660,42,148960
481,0.001979,172.31.46.0-255,66,92726,42,148960
482,0.002305,172.217.194.0-255,1484,94210,42,148960
483,0.002313,172.217.194.0-255,2902,97112,42,148960
484,0.002318,172.31.46.0-255,66,97178,42,148960
485,0.002324,172.217.194.0-255,2902,100080,42,148960
486,0.002326,172.31.46.0-255,66,100146,42,148960
487,0.002364,172.217.194.0-255,2902,103048,42,148960
488,0.002368,172.31.46.0-255,66,103114,42,148960
489,0.002382,172.31.46.0-255,66,103180,42,148960
490,0.00239,172.217.194.0-255,7156,110336,42,148960
491,0.002393,172.31.46.0-255,66,110402,42,148960
492,0.002428,172.217.194.0-255,3602,114004,42,148960
493,0.002732,172.31.46.0-255,66,114070,42,148960
494,0.004913,172.217.194.0-255,1484,115554,42,148960
495,0.005351,172.217.194.0-255,4320,119874,42,148960
496,0.00536,172.31.46.0-255,66,119940,42,148960
497,0.007889,172.217.194.0-255,5738,125678,42,148960
498,0.007896,172.31.46.0-255,66,125744,42,148960
499,0.010483,172.217.194.0-255,5738,131482,42,148960
500,0.010495,172.31.46.0-255,66,131548,42,148960
501,0.013068,172.217.194.0-255,5738,137286,42,148960
502,0.013085,172.31.46.0-255,66,137352,42,148960
503,0.015627,172.217.194.0-255,5738,143090,42,148960
504,0.015639,172.31.46.0-255,66,143156,42,148960
505,0.018198,172.217.194.0-255,5738,148894,42,148960
506,0.018209,172.31.46.0-255,66,148960,42,148960
507,0.0,172.253.118.0-255,153,153,42,233036
508,1.6e-05,172.31.46.0-255,66,219,42,233036
509,2.3e-05,172.253.118.0-255,1484,1703,42,233036
510,2.8e-05,172.31.46.0-255,66,1769,42,233036
511,3.4e-05,172.253.118.0-255,2902,4671,42,233036
512,3.8e-05,172.31.46.0-255,66,4737,42,233036
513,4.7e-05,172.253.118.0-255,7156,11893,42,233036
514,5.1e-05,172.31.46.0-255,66,11959,42,233036
515,5.5e-05,172.253.118.0-255,2055,14014,42,233036
516,5.8e-05,172.31.46.0-255,66,14080,42,233036
517,0.000201,172.253.118.0-255,1484,15564,42,233036
518,0.000205,172.31.46.0-255,66,15630,42,233036
519,0.000213,172.253.118.0-255,2902,18532,42,233036
520,0.000217,172.31.46.0-255,66,18598,42,233036
521,0.000223,172.253.118.0-255,5738,24336,42,233036
522,0.000226,172.31.46.0-255,66,24402,42,233036
523,0.000228,172.253.118.0-255,1484,25886,42,233036
524,0.000231,172.31.46.0-255,66,25952,42,233036
525,0.000254,172.253.118.0-255,4320,30272,42,233036
526,0.000257,172.31.46.0-255,66,30338,42,233036
527,0.000273,172.253.118.0-255,1125,31463,42,233036
528,0.000275,172.31.46.0-255,66,31529,42,233036
529,0.000382,172.253.118.0-255,1484,33013,42,233036
530,0.000387,172.31.46.0-255,66,33079,42,233036
531,0.000393,172.253.118.0-255,2902,35981,42,233036
532,0.000395,172.31.46.0-255,66,36047,42,233036
533,0.000398,172.253.118.0-255,1484,37531,42,233036
534,0.0004,172.31.46.0-255,66,37597,42,233036
535,0.000423,172.253.118.0-255,4320,41917,42,233036
536,0.000426,172.31.46.0-255,66,41983,42,233036
537,0.000444,172.253.118.0-255,7156,49139,42,233036
538,0.000447,172.31.46.0-255,66,49205,42,233036
539,0.000476,172.253.118.0-255,6797,56002,42,233036
540,0.000479,172.31.46.0-255,66,56068,42,233036
541,0.000482,172.253.118.0-255,1484,57552,42,233036
542,0.00051,172.31.46.0-255,66,57618,42,233036
543,0.000513,172.253.118.0-255,112,57730,42,233036
544,0.000706,172.253.118.0-255,330,58060,42,233036
545,0.000963,172.253.118.0-255,1484,59544,42,233036
546,0.000969,172.31.46.0-255,66,59610,42,233036
547,0.000976,172.253.118.0-255,2902,62512,42,233036
548,0.000979,172.31.46.0-255,66,62578,42,233036
549,0.000998,172.253.118.0-255,5738,68316,42,233036
550,0.001001,172.31.46.0-255,66,68382,42,233036
551,0.001005,172.253.118.0-255,2902,71284,42,233036
552,0.001007,172.31.46.0-255,66,71350,42,233036
553,0.00104,172.31.46.0-255,66,71416,42,233036
554,0.00106,172.253.118.0-255,2902,74318,42,233036
555,0.001062,172.31.46.0-255,66,74384,42,233036
556,0.001083,172.253.118.0-255,1484,75868,42,233036
557,0.001091,172.253.118.0-255,5738,81606,42,233036
558,0.001093,172.31.46.0-255,66,81672,42,233036
559,0.001096,172.253.118.0-255,766,82438,42,233036
560,0.001168,172.253.118.0-255,1484,83922,42,233036
561,0.001171,172.31.46.0-255,66,83988,42,233036
562,0.001176,172.253.118.0-255,2902,86890,42,233036
563,0.001178,172.31.46.0-255,66,86956,42,233036
564,0.001182,172.253.118.0-255,1484,88440,42,233036
565,0.001205,172.253.118.0-255,4320,92760,42,233036
566,0.001208,172.31.46.0-255,66,92826,42,233036
567,0.001215,172.253.118.0-255,7156,99982,42,233036
568,0.001218,172.31.46.0-255,66,100048,42,233036
569,0.001262,172.31.46.0-255,66,100114,42,233036
570,0.001267,172.253.118.0-255,2184,102298,42,233036
571,0.001269,172.31.46.0-255,66,102364,42,233036
572,0.001312,172.253.118.0-255,1484,103848,42,233036
573,0.001316,172.253.118.0-255,1484,105332,42,233036
574,0.001318,172.31.46.0-255,66,105398,42,233036
575,0.001344,172.253.118.0-255,1484,106882,42,233036
576,0.001351,172.253.118.0-255,5738,112620,42,233036
577,0.001354,172.31.46.0-255,66,112686,42,233036
578,0.001368,172.31.46.0-255,66,112752,42,233036
579,0.001438,172.31.46.0-255,66,112818,42,233036
580,0.001553,172.253.118.0-255,1484,114302,42,233036
581,0.001557,172.253.118.0-255,1484,115786,42,233036
582,0.00156,172.31.46.0-255,66,115852,42,233036
583,0.001583,172.253.118.0-255,1484,117336,42,233036
584,0.00159,172.253.118.0-255,5738,123074,42,233036
585,0.001592,172.31.46.0-255,66,123140,42,233036
586,0.001627,172.31.46.0-255,66,123206,42,233036
587,0.001664,172.253.118.0-255,5738,128944,42,233036
588,0.001667,172.31.46.0-255,66,129010,42,233036
589,0.001686,172.253.118.0-255,5020,134030,42,233036
590,0.001689,172.31.46.0-255,66,134096,42,233036
591,0.001828,172.253.118.0-255,1484,135580,42,233036
592,0.001833,172.253.118.0-255,1484,137064,42,233036
593,0.001836,172.31.46.0-255,66,137130,42,233036
594,0.001857,172.253.118.0-255,1484,138614,42,233036
595,0.001865,172.253.118.0-255,5738,144352,42,233036
596,0.001868,172.31.46.0-255,66,144418,42,233036
597,0.001873,172.253.118.0-255,4320,148738,42,233036
598,0.001875,172.31.46.0-255,66,148804,42,233036
599,0.001878,172.253.118.0-255,1484,150288,42,233036
600,0.001917,172.31.46.0-255,66,150354,42,233036
601,0.001928,172.31.46.0-255,66,150420,42,233036
602,0.002089,172.253.118.0-255,1484,151904,42,233036
603,0.002095,172.253.118.0-255,2902,154806,42,233036
604,0.002098,172.31.46.0-255,66,154872,42,233036
605,0.00212,172.253.118.0-255,5738,160610,42,233036
606,0.002123,172.31.46.0-255,66,160676,42,233036
607,0.002168,172.253.118.0-255,7156,167832,42,233036
608,0.002171,172.31.46.0-255,66,167898,42,233036
609,0.002183,172.31.46.0-255,66,167964,42,233036
610,0.002217,172.253.118.0-255,2902,170866,42,233036
611,0.002221,172.31.46.0-255,66,170932,42,233036
612,0.002242,172.253.118.0-255,3602,174534,42,233036
613,0.002256,172.31.46.0-255,66,174600,42,233036
614,0.002408,172.253.118.0-255,1484,176084,42,233036
615,0.002415,172.253.118.0-255,2902,178986,42,233036
616,0.002418,172.31.46.0-255,66,179052,42,233036
617,0.002422,172.253.118.0-255,1484,180536,42,233036
618,0.002443,172.253.118.0-255,4320,184856,42,233036
619,0.002447,172.31.46.0-255,66,184922,42,233036
620,0.00245,172.253.118.0-255,1484,186406,42,233036
621,0.002511,172.31.46.0-255,66,186472,42,233036
622,0.002547,172.253.118.0-255,2902,189374,42,233036
623,0.00256,172.31.46.0-255,66,189440,42,233036
624,0.002573,172.253.118.0-255,7156,196596,42,233036
625,0.002576,172.253.118.0-255,1484,198080,42,233036
626,0.002582,172.31.46.0-255,66,198146,42,233036
627,0.002627,172.31.46.0-255,66,198212,42,233036
628,0.005173,172.253.118.0-255,5738,203950,42,233036
629,0.005186,172.31.46.0-255,66,204016,42,233036
630,0.007816,172.253.118.0-255,5738,209754,42,233036
631,0.007821,172.31.46.0-255,66,209820,42,233036
632,0.010382,172.253.118.0-255,5738,215558,42,233036
633,0.010393,172.31.46.0-255,66,215624,42,233036
634,0.012931,172.253.118.0-255,5738,221362,42,233036
635,0.012945,172.31.46.0-255,66,221428,42,233036
636,0.015502,172.253.118.0-255,5738,227166,42,233036
637,0.015519,172.31.46.0-255,66,227232,42,233036
638,0.018078,172.253.118.0-255,5738,232970,42,233036
639,0.018094,172.31.46.0-255,66,233036,42,233036
640,0.0,172.217.194.0-255,150,150,42,186103
641,1.8e-05,172.31.46.0-255,66,216,42,186103
642,2.5e-05,172.217.194.0-255,1484,1700,42,186103
643,3.1e-05,172.31.46.0-255,66,1766,42,186103
644,3.7e-05,172.217.194.0-255,2902,4668,42,186103
645,4.1e-05,172.31.46.0-255,66,4734,42,186103
646,4.8e-05,172.217.194.0-255,7156,11890,42,186103
647,5.1e-05,172.31.46.0-255,66,11956,42,186103
648,8.5e-05,172.217.194.0-255,2089,14045,42,186103
649,8.9e-05,172.31.46.0-255,66,14111,42,186103
650,0.000125,172.217.194.0-255,1484,15595,42,186103
651,0.000128,172.31.46.0-255,66,15661,42,186103
652,0.000133,172.217.194.0-255,2902,18563,42,186103
653,0.000136,172.31.46.0-255,66,18629,42,186103
654,0.00014,172.217.194.0-255,2902,21531,42,186103
655,0.000143,172.31.46.0-255,66,21597,42,186103
656,0.000162,172.217.194.0-255,2902,24499,42,186103
657,0.000164,172.31.46.0-255,66,24565,42,186103
658,0.000169,172.217.194.0-255,2902,27467,42,186103
659,0.000171,172.31.46.0-255,66,27533,42,186103
660,0.00019,172.217.194.0-255,3961,31494,42,186103
661,0.000192,172.31.46.0-255,66,31560,42,186103
662,0.000196,172.217.194.0-255,1484,33044,42,186103
663,0.000197,172.31.46.0-255,66,33110,42,186103
664,0.000222,172.217.194.0-255,5738,38848,42,186103
665,0.000224,172.31.46.0-255,66,38914,42,186103
666,0.000231,172.217.194.0-255,7156,46070,42,186103
667,0.000234,172.31.46.0-255,66,46136,42,186103
668,0.000254,172.217.194.0-255,2543,48679,42,186103
669,0.000256,172.31.46.0-255,66,48745,42,186103
670,0.000281,172.217.194.0-255,5738,54483,42,186103
671,0.000283,172.31.46.0-255,66,54549,42,186103
672,0.000316,172.217.194.0-255,7156,61705,42,186103
673,0.000331,172.217.194.0-255,2902,64607,42,186103
674,0.000343,172.217.194.0-255,1454,66061,42,186103
675,0.000452,172.31.46.0-255,66,66127,42,186103
676,0.001461,172.217.194.0-255,378,66505,42,186103
677,0.001492,172.217.194.0-255,1484,67989,42,186103
678,0.001497,172.31.46.0-255,66,68055,42,186103
679,0.001505,172.217.194.0-255,4320,72375,42,186103
680,0.001543,172.217.194.0-255,1484,73859,42,186103
681,0.001578,172.217.194.0-255,766,74625,42,186103
682,0.00162,172.217.194.0-255,1484,76109,42,186103
683,0.001625,172.217.194.0-255,4320,80429,42,186103
684,0.001628,172.217.194.0-255,1484,81913,42,186103
685,0.001654,172.217.194.0-255,5738,87651,42,186103
686,0.001677,172.217.194.0-255,5738,93389,42,186103
687,0.001716,172.217.194.0-255,2902,96291,42,186103
688,0.001732,172.217.194.0-255,3602,99893,42,186103
689,0.002167,172.217.194.0-255,1484,101377,42,186103
690,0.002184,172.217.194.0-255,2902,104279,42,186103
691,0.002198,172.217.194.0-255,4320,108599,42,186103
692,0.002222,172.217.194.0-255,1484,110083,42,186103
693,0.002272,172.217.194.0-255,4320,114403,42,186103
694,0.002337,172.217.194.0-255,1484,115887,42,186103
695,0.002352,172.217.194.0-255,2902,118789,42,186103
696,0.002358,172.217.194.0-255,5738,124527,42,186103
697,0.002384,172.217.194.0-255,5738,130265,42,186103
698,0.002396,172.217.194.0-255,4320,134585,42,186103
699,0.002426,172.217.194.0-255,4320,138905,42,186103
700,0.002466,172.217.194.0-255,7156,146061,42,186103
701,0.002503,172.217.194.0-255,2184,148245,42,186103
702,0.002557,172.217.194.0-255,1484,149729,42,186103
703,0.002568,172.217.194.0-255,1484,151213,42,186103
704,0.002585,172.217.194.0-255,1484,152697,42,186103
705,0.00259,172.217.194.0-255,4320,157017,42,186103
706,0.004749,172.31.46.0-255,66,157083,42,186103
707,0.007348,172.217.194.0-255,5738,162821,42,186103
708,0.007355,172.31.46.0-255,66,162887,42,186103
709,0.009924,172.217.194.0-255,5738,168625,42,186103
710,0.00993,172.31.46.0-255,66,168691,42,186103
711,0.012493,172.217.194.0-255,5738,174429,42,186103
712,0.0125,172.31.46.0-255,66,174495,42,186103
713,0.015066,172.217.194.0-255,5738,180233,42,186103
714,0.015076,172.31.46.0-255,66,180299,42,186103
715,0.017641,172.217.194.0-255,5738,186037,42,186103
716,0.01765,172.31.46.0-255,66,186103,42,186103
717,0.0,172.31.46.0-255,74,74,42,6423
718,0.002293,74.125.24.0-255,74,148,42,6423
719,0.002311,172.31.46.0-255,66,214,42,6423
720,0.003631,172.31.46.0-255,583,797,42,6423
721,0.005921,74.125.24.0-255,66,863,42,6423
722,0.006424,74.125.24.0-255,3848,4711,42,6423
723,0.006435,172.31.46.0-255,66,4777,42,6423
724,0.010579,172.31.46.0-255,130,4907,42,6423
725,0.011052,172.31.46.0-255,236,5143,42,6423
726,0.01108,172.31.46.0-255,390,5533,42,6423
727,0.013333,74.125.24.0-255,66,5599,42,6423
728,0.014132,74.125.24.0-255,630,6229,42,6423
729,0.014291,172.31.46.0-255,97,6326,42,6423
730,0.015398,74.125.24.0-255,97,6423,42,6423
731,0.0,74.125.200.0-255,153,153,42,233536
732,2.2e-05,172.31.46.0-255,66,219,42,233536
733,8.8e-05,74.125.200.0-255,1484,1703,42,233536
734,9.3e-05,172.31.46.0-255,66,1769,42,233536
735,0.000112,74.125.200.0-255,2902,4671,42,233536
736,0.000115,172.31.46.0-255,66,4737,42,233536
737,0.000118,74.125.200.0-255,1484,6221,42,233536
738,0.000122,172.31.46.0-255,66,6287,42,233536
739,0.00015,74.125.200.0-255,2902,9189,42,233536
740,0.000153,172.31.46.0-255,66,9255,42,233536
741,0.000181,74.125.200.0-255,4918,14173,42,233536
742,0.000184,172.31.46.0-255,66,14239,42,233536
743,0.000259,74.125.200.0-255,1484,15723,42,233536
744,0.000263,172.31.46.0-255,66,15789,42,233536
745,0.000288,74.125.200.0-255,2902,18691,42,233536
746,0.00029,172.31.46.0-255,66,18757,42,233536
747,0.000319,74.125.200.0-255,5738,24495,42,233536
748,0.000323,172.31.46.0-255,66,24561,42,233536
749,0.000326,74.125.200.0-255,1484,26045,42,233536
750,0.000328,172.31.46.0-255,66,26111,42,233536
751,0.00033,74.125.200.0-255,1484,27595,42,233536
752,0.000333,172.31.46.0-255,66,27661,42,233536
753,0.000359,74.125.200.0-255,1484,29145,42,233536
754,0.000361,172.31.46.0-255,66,29211,42,233536
755,0.000388,74.125.200.0-255,2543,31754,42,233536
756,0.000391,172.31.46.0-255,66,31820,42,233536
757,0.000414,74.125.200.0-255,2902,34722,42,233536
758,0.000416,172.31.46.0-255,66,34788,42,233536
759,0.000439,74.125.200.0-255,2902,37690,42,233536
760,0.000441,172.31.46.0-255,66,37756,42,233536
761,0.000444,74.125.200.0-255,1484,39240,42,233536
762,0.000446,172.31.46.0-255,66,39306,42,233536
763,0.000472,74.125.200.0-255,2902,42208,42,233536
764,0.000475,172.31.46.0-255,66,42274,42,233536
765,0.00048,74.125.200.0-255,2902,45176,42,233536
766,0.000482,172.31.46.0-255,66,45242,42,233536
767,0.000487,74.125.200.0-255,2902,48144,42,233536
768,0.00049,172.31.46.0-255,66,48210,42,233536
769,0.000516,74.125.200.0-255,1125,49335,42,233536
770,0.000942,74.125.200.0-255,1484,50819,42,233536
771,0.000947,172.31.46.0-255,66,50885,42,233536
772,0.000973,74.125.200.0-255,2902,53787,42,233536
773,0.000976,172.31.46.0-255,66,53853,42,233536
774,0.000984,74.125.200.0-255,5738,59591,42,233536
775,0.000986,172.31.46.0-255,66,59657,42,233536
776,0.001019,74.125.200.0-255,6797,66454,42,233536
777,0.001022,172.31.46.0-255,66,66520,42,233536
778,0.001025,74.125.200.0-255,647,67167,42,233536
779,0.0011,74.125.200.0-255,1484,68651,42,233536
780,0.001103,172.31.46.0-255,66,68717,42,233536
781,0.001107,74.125.200.0-255,1484,70201,42,233536
782,0.001129,74.125.200.0-255,1484,71685,42,233536
783,0.001132,172.31.46.0-255,66,71751,42,233536
784,0.001137,74.125.200.0-255,4320,76071,42,233536
785,0.00114,172.31.46.0-255,66,76137,42,233536
786,0.00115,74.125.200.0-255,5738,81875,42,233536
787,0.001153,172.31.46.0-255,66,81941,42,233536
788,0.001182,74.125.200.0-255,1484,83425,42,233536
789,0.001203,74.125.200.0-255,2543,85968,42,233536
790,0.001206,172.31.46.0-255,66,86034,42,233536
791,0.001232,74.125.200.0-255,5738,91772,42,233536
792,0.001235,172.31.46.0-255,66,91838,42,233536
793,0.001241,74.125.200.0-255,4320,96158,42,233536
794,0.001243,172.31.46.0-255,66,96224,42,233536
795,0.001267,74.125.200.0-255,2902,99126,42,233536
796,0.001274,172.31.46.0-255,66,99192,42,233536
797,0.001281,74.125.200.0-255,5738,104930,42,233536
798,0.001283,172.31.46.0-255,66,104996,42,233536
799,0.001315,172.31.46.0-255,66,105062,42,233536
800,0.001321,74.125.200.0-255,4320,109382,42,233536
801,0.001323,172.31.46.0-255,66,109448,42,233536
802,0.001326,74.125.200.0-255,202,109650,42,233536
803,0.00137,74.125.200.0-255,1484,111134,42,233536
804,0.001374,172.31.46.0-255,66,111200,42,233536
805,0.001403,74.125.200.0-255,2902,114102,42,233536
806,0.001406,172.31.46.0-255,66,114168,42,233536
807,0.001436,74.125.200.0-255,2902,117070,42,233536
808,0.001439,172.31.46.0-255,66,117136,42,233536
809,0.001457,74.125.200.0-255,1484,118620,42,233536
810,0.001464,74.125.200.0-255,5738,124358,42,233536
811,0.001467,172.31.46.0-255,66,124424,42,233536
812,0.001501,172.31.46.0-255,66,124490,42,233536
813,0.001507,74.125.200.0-255,4320,128810,42,233536
814,0.001509,172.31.46.0-255,66,128876,42,233536
815,0.001553,74.125.200.0-255,3602,132478,42,233536
816,0.001556,172.31.46.0-255,66,132544,42,233536
817,0.001658,74.125.200.0-255,1484,134028,42,233536
818,0.001673,74.125.200.0-255,2902,136930,42,233536
819,0.001677,172.31.46.0-255,66,136996,42,233536
820,0.001703,74.125.200.0-255,2902,139898,42,233536
821,0.001705,172.31.46.0-255,66,139964,42,233536
822,0.001733,74.125.200.0-255,4320,144284,42,233536
823,0.001736,172.31.46.0-255,66,144350,42,233536
824,0.001767,172.31.46.0-255,66,144416,42,233536
825,0.001772,74.125.200.0-255,2902,147318,42,233536
826,0.001774,172.31.46.0-255,66,147384,42,233536
827,0.001799,74.125.200.0-255,7156,154540,42,233536
828,0.001802,172.31.46.0-255,66,154606,42,233536
829,0.001808,74.125.200.0-255,3602,158208,42,233536
830,0.001811,172.31.46.0-255,66,158274,42,233536
831,0.00203,74.125.200.0-255,1484,159758,42,233536
832,0.002036,74.125.200.0-255,2902,162660,42,233536
833,0.002039,172.31.46.0-255,66,162726,42,233536
834,0.002064,74.125.200.0-255,1484,164210,42,233536
835,0.002071,74.125.200.0-255,5738,169948,42,233536
836,0.002073,172.31.46.0-255,66,170014,42,233536
837,0.002103,172.31.46.0-255,66,170080,42,233536
838,0.002132,74.125.200.0-255,4320,174400,42,233536
839,0.002134,172.31.46.0-255,66,174466,42,233536
840,0.002142,74.125.200.0-255,7156,181622,42,233536
841,0.002145,172.31.46.0-255,66,181688,42,233536
842,0.002162,74.125.200.0-255,2184,183872,42,233536
843,0.002164,172.31.46.0-255,66,183938,42,233536
844,0.002333,74.125.200.0-255,1484,185422,42,233536
845,0.002348,74.125.200.0-255,2902,188324,42,233536
846,0.002351,74.125.200.0-255,1484,189808,42,233536
847,0.002359,172.31.46.0-255,66,189874,42,233536
848,0.002384,74.125.200.0-255,2902,192776,42,233536
849,0.002387,172.31.46.0-255,66,192842,42,233536
850,0.004662,74.125.200.0-255,1484,194326,42,233536
851,0.00469,74.125.200.0-255,4320,198646,42,233536
852,0.004695,172.31.46.0-255,66,198712,42,233536
853,0.007007,74.125.200.0-255,5738,204450,42,233536
854,0.007014,172.31.46.0-255,66,204516,42,233536
855,0.009333,74.125.200.0-255,5738,210254,42,233536
856,0.00934,172.31.46.0-255,66,210320,42,233536
857,0.011688,74.125.200.0-255,5738,216058,42,233536
858,0.011695,172.31.46.0-255,66,216124,42,233536
859,0.014019,74.125.200.0-255,5738,221862,42,233536
860,0.014028,172.31.46.0-255,66,221928,42,233536
861,0.016348,74.125.200.0-255,5738,227666,42,233536
862,0.016358,172.31.46.0-255,66,227732,42,233536
863,0.01867,74.125.200.0-255,5738,233470,42,233536
864,0.018678,172.31.46.0-255,66,233536,42,233536
865,0.0,74.125.68.0-255,150,150,42,334372
866,2.3e-05,172.31.46.0-255,66,216,42,334372
867,3e-05,74.125.68.0-255,1484,1700,42,334372
868,3.5e-05,172.31.46.0-255,66,1766,42,334372
869,4e-05,74.125.68.0-255,2902,4668,42,334372
870,4.4e-05,172.31.46.0-255,66,4734,42,334372
871,4.7e-05,74.125.68.0-255,1484,6218,42,334372
872,5e-05,172.31.46.0-255,66,6284,42,334372
873,8.2e-05,74.125.68.0-255,4320,10604,42,334372
874,8.6e-05,172.31.46.0-255,66,10670,42,334372
875,9.1e-05,74.125.68.0-255,3414,14084,42,334372
876,9.3e-05,172.31.46.0-255,66,14150,42,334372
877,0.000227,74.125.68.0-255,1484,15634,42,334372
878,0.000231,172.31.46.0-255,66,15700,42,334372
879,0.000236,74.125.68.0-255,2902,18602,42,334372
880,0.000238,172.31.46.0-255,66,18668,42,334372
881,0.000259,74.125.68.0-255,5738,24406,42,334372
882,0.000262,172.31.46.0-255,66,24472,42,334372
883,0.000266,74.125.68.0-255,2902,27374,42,334372
884,0.000268,172.31.46.0-255,66,27440,42,334372
885,0.000289,74.125.68.0-255,3961,31401,42,334372
886,0.000291,172.31.46.0-255,66,31467,42,334372
887,0.000521,74.125.68.0-255,1484,32951,42,334372
888,0.000526,172.31.46.0-255,66,33017,42,334372
889,0.00053,74.125.68.0-255,1484,34501,42,334372
890,0.000532,172.31.46.0-255,66,34567,42,334372
891,0.000537,74.125.68.0-255,2902,37469,42,334372
892,0.000539,172.31.46.0-255,66,37535,42,334372
893,0.000545,74.125.68.0-255,2902,40437,42,334372
894,0.000548,172.31.46.0-255,66,40503,42,334372
895,0.00057,74.125.68.0-255,2902,43405,42,334372
896,0.000573,172.31.46.0-255,66,43471,42,334372
897,0.000576,74.125.68.0-255,1484,44955,42,334372
898,0.000594,74.125.68.0-255,2902,47857,42,334372
899,0.000598,172.31.46.0-255,66,47923,42,334372
900,0.000612,74.125.68.0-255,1125,49048,42,334372
901,0.000914,172.31.46.0-255,66,49114,42,334372
902,0.00162,74.125.68.0-255,1484,50598,42,334372
903,0.001634,74.125.68.0-255,2902,53500,42,334372
904,0.001638,172.31.46.0-255,66,53566,42,334372
905,0.001661,74.125.68.0-255,4320,57886,42,334372
906,0.001664,172.31.46.0-255,66,57952,42,334372
907,0.001692,74.125.68.0-255,5738,63690,42,334372
908,0.001694,172.31.46.0-255,66,63756,42,334372
909,0.001709,74.125.68.0-255,1484,65240,42,334372
910,0.00172,74.125.68.0-255,1125,66365,42,334372
911,0.001722,172.31.46.0-255,66,66431,42,334372
912,0.001877,74.125.68.0-255,1484,67915,42,334372
913,0.001892,74.125.68.0-255,2902,70817,42,334372
914,0.001895,172.31.46.0-255,66,70883,42,334372
915,0.001916,74.125.68.0-255,5738,76621,42,334372
916,0.001918,172.31.46.0-255,66,76687,42,334372
917,0.001942,74.125.68.0-255,6797,83484,42,334372
918,0.001944,172.31.46.0-255,66,83550,42,334372
919,0.001992,74.125.68.0-255,7156,90706,42,334372
920,0.001994,172.31.46.0-255,66,90772,42,334372
921,0.001999,74.125.68.0-255,2902,93674,42,334372
922,0.002002,172.31.46.0-255,66,93740,42,334372
923,0.002007,74.125.68.0-255,4320,98060,42,334372
924,0.00201,172.31.46.0-255,66,98126,42,334372
925,0.002107,74.125.68.0-255,4320,102446,42,334372
926,0.002111,172.31.46.0-255,66,102512,42,334372
927,0.00213,74.125.68.0-255,2902,105414,42,334372
928,0.002132,172.31.46.0-255,66,105480,42,334372
929,0.002142,172.31.46.0-255,66,105546,42,334372
930,0.002148,74.125.68.0-255,3602,109148,42,334372
931,0.00215,172.31.46.0-255,66,109214,42,334372
932,0.002225,74.125.68.0-255,1484,110698,42,334372
933,0.002229,74.125.68.0-255,2902,113600,42,334372
934,0.002232,172.31.46.0-255,66,113666,42,334372
935,0.002235,74.125.68.0-255,1484,115150,42,334372
936,0.002251,74.125.68.0-255,2902,118052,42,334372
937,0.002254,172.31.46.0-255,66,118118,42,334372
938,0.002259,74.125.68.0-255,4320,122438,42,334372
939,0.002262,172.31.46.0-255,66,122504,42,334372
940,0.002282,74.125.68.0-255,1484,123988,42,334372
941,0.002305,74.125.68.0-255,1484,125472,42,334372
942,0.002307,172.31.46.0-255,66,125538,42,334372
943,0.002335,172.31.46.0-255,66,125604,42,334372
944,0.002346,172.31.46.0-255,66,125670,42,334372
945,0.00252,74.125.68.0-255,1484,127154,42,334372
946,0.002544,74.125.68.0-255,1484,128638,42,334372
947,0.002547,172.31.46.0-255,66,128704,42,334372
948,0.00255,74.125.68.0-255,1484,130188,42,334372
949,0.002577,74.125.68.0-255,2902,133090,42,334372
950,0.00258,172.31.46.0-255,66,133156,42,334372
951,0.002597,74.125.68.0-255,2902,136058,42,334372
952,0.0026,172.31.46.0-255,66,136124,42,334372
953,0.002618,74.125.68.0-255,2902,139026,42,334372
954,0.002621,172.31.46.0-255,66,139092,42,334372
955,0.002628,74.125.68.0-255,7156,146248,42,334372
956,0.002631,172.31.46.0-255,66,146314,42,334372
957,0.002651,74.125.68.0-255,5738,152052,42,334372
958,0.002654,172.31.46.0-255,66,152118,42,334372
959,0.002675,74.125.68.0-255,2902,155020,42,334372
960,0.002677,172.31.46.0-255,66,155086,42,334372
961,0.00268,74.125.68.0-255,1484,156570,42,334372
962,0.002705,74.125.68.0-255,3602,160172,42,334372
963,0.002707,172.31.46.0-255,66,160238,42,334372
964,0.002798,74.125.68.0-255,1484,161722,42,334372
965,0.002814,74.125.68.0-255,2902,164624,42,334372
966,0.002817,172.31.46.0-255,66,164690,42,334372
967,0.002838,74.125.68.0-255,5738,170428,42,334372
968,0.002841,172.31.46.0-255,66,170494,42,334372
969,0.002844,74.125.68.0-255,1484,171978,42,334372
970,0.002858,74.125.68.0-255,1484,173462,42,334372
971,0.00286,172.31.46.0-255,66,173528,42,334372
972,0.002864,74.125.68.0-255,1484,175012,42,334372
973,0.002916,74.125.68.0-255,4320,179332,42,334372
974,0.002918,172.31.46.0-255,66,179398,42,334372
975,0.002922,74.125.68.0-255,2902,182300,42,334372
976,0.002924,172.31.46.0-255,66,182366,42,334372
977,0.00293,74.125.68.0-255,4320,186686,42,334372
978,0.002932,172.31.46.0-255,66,186752,42,334372
979,0.002935,74.125.68.0-255,1484,188236,42,334372
980,0.002955,74.125.68.0-255,4320,192556,42,334372
981,0.002958,172.31.46.0-255,66,192622,42,334372
982,0.002961,74.125.68.0-255,2184,194806,42,334372
983,0.002963,172.31.46.0-255,66,194872,42,334372
984,0.003044,74.125.68.0-255,1484,196356,42,334372
985,0.003048,74.125.68.0-255,1484,197840,42,334372
986,0.00305,172.31.46.0-255,66,197906,42,334372
987,0.003068,74.125.68.0-255,1484,199390,42,334372
988,0.003074,74.125.68.0-255,5738,205128,42,334372
989,0.003077,172.31.46.0-255,66,205194,42,334372
990,0.003097,74.125.68.0-255,4320,209514,42,334372
991,0.003099,172.31.46.0-255,66,209580,42,334372
992,0.003126,172.31.46.0-255,66,209646,42,334372
993,0.003131,74.125.68.0-255,4320,213966,42,334372
994,0.003133,172.31.46.0-255,66,214032,42,334372
995,0.003163,74.125.68.0-255,2902,216934,42,334372
996,0.003166,172.31.46.0-255,66,217000,42,334372
997,0.003183,74.125.68.0-255,3602,220602,42,334372
998,0.003186,172.31.46.0-255,66,220668,42,334372
999,0.003285,74.125.68.0-255,1484,222152,42,334372
1000,0.003299,74.125.68.0-255,2902,225054,42,334372
1001,0.003302,172.31.46.0-255,66,225120,42,334372
1002,0.003306,74.125.68.0-255,1484,226604,42,334372
1003,0.003323,74.125.68.0-255,2902,229506,42,334372
1004,0.003326,172.31.46.0-255,66,229572,42,334372
1005,0.003332,74.125.68.0-255,5738,235310,42,334372
1006,0.003335,172.31.46.0-255,66,235376,42,334372
1007,0.00335,74.125.68.0-255,1484,236860,42,334372
1008,0.003375,172.31.46.0-255,66,236926,42,334372
1009,0.00338,74.125.68.0-255,2902,239828,42,334372
1010,0.003382,172.31.46.0-255,66,239894,42,334372
1011,0.003418,74.125.68.0-255,1484,241378,42,334372
1012,0.003437,74.125.68.0-255,3602,244980,42,334372
1013,0.003441,172.31.46.0-255,66,245046,42,334372
1014,0.00349,74.125.68.0-255,1484,246530,42,334372
1015,0.003508,74.125.68.0-255,2902,249432,42,334372
1016,0.003511,172.31.46.0-255,66,249498,42,334372
1017,0.003516,74.125.68.0-255,2902,252400,42,334372
1018,0.003518,172.31.46.0-255,66,252466,42,334372
1019,0.003542,74.125.68.0-255,4320,256786,42,334372
1020,0.003545,172.31.46.0-255,66,256852,42,334372
1021,0.003548,74.125.68.0-255,1484,258336,42,334372
1022,0.003565,74.125.68.0-255,7156,265492,42,334372
1023,0.003568,172.31.46.0-255,66,265558,42,334372
1024,0.003574,74.125.68.0-255,5738,271296,42,334372
1025,0.003576,172.31.46.0-255,66,271362,42,334372
1026,0.003579,74.125.68.0-255,1484,272846,42,334372
1027,0.0036,74.125.68.0-255,5738,278584,42,334372
1028,0.003604,172.31.46.0-255,66,278650,42,334372
1029,0.00363,74.125.68.0-255,6438,285088,42,334372
1030,0.003633,172.31.46.0-255,66,285154,42,334372
1031,0.003636,74.125.68.0-255,1484,286638,42,334372
1032,0.00365,74.125.68.0-255,4320,290958,42,334372
1033,0.003653,172.31.46.0-255,66,291024,42,334372
1034,0.00367,74.125.68.0-255,1484,292508,42,334372
1035,0.003673,74.125.68.0-255,1484,293992,42,334372
1036,0.003675,172.31.46.0-255,66,294058,42,334372
1037,0.003707,172.31.46.0-255,66,294124,42,334372
1038,0.003726,74.125.68.0-255,4320,298444,42,334372
1039,0.003729,172.31.46.0-255,66,298510,42,334372
1040,0.003742,74.125.68.0-255,3602,302112,42,334372
1041,0.003745,172.31.46.0-255,66,302178,42,334372
1042,0.003757,74.125.68.0-255,1484,303662,42,334372
1043,0.003776,74.125.68.0-255,4320,307982,42,334372
1044,0.003779,172.31.46.0-255,66,308048,42,334372
1045,0.003799,74.125.68.0-255,2902,310950,42,334372
1046,0.003801,172.31.46.0-255,66,311016,42,334372
1047,0.003806,74.125.68.0-255,2902,313918,42,334372
1048,0.003808,172.31.46.0-255,66,313984,42,334372
1049,0.003815,74.125.68.0-255,7156,321140,42,334372
1050,0.003817,172.31.46.0-255,66,321206,42,334372
1051,0.003851,74.125.68.0-255,5738,326944,42,334372
1052,0.003854,172.31.46.0-255,66,327010,42,334372
1053,0.003866,172.31.46.0-255,66,327076,42,334372
1054,0.003917,74.125.68.0-255,1484,328560,42,334372
1055,0.003922,74.125.68.0-255,2902,331462,42,334372
1056,0.003925,172.31.46.0-255,66,331528,42,334372
1057,0.003929,74.125.68.0-255,2436,333964,42,334372
1058,0.003931,172.31.46.0-255,66,334030,42,334372
1059,0.003952,74.125.68.0-255,105,334135,42,334372
1060,0.006768,172.31.46.0-255,66,334201,42,334372
1061,0.006809,172.31.46.0-255,105,334306,42,334372
1062,0.009065,74.125.68.0-255,66,334372,42,334372
1063,0.0,172.217.194.0-255,153,153,42,194213
1064,2.3e-05,172.31.46.0-255,66,219,42,194213
1065,3e-05,172.217.194.0-255,1484,1703,42,194213
1066,3.4e-05,172.31.46.0-255,66,1769,42,194213
1067,3.9e-05,172.217.194.0-255,2902,4671,42,194213
1068,4.3e-05,172.31.46.0-255,66,4737,42,194213
1069,7.6e-05,172.217.194.0-255,5738,10475,42,194213
1070,7.9e-05,172.31.46.0-255,66,10541,42,194213
1071,9.6e-05,172.217.194.0-255,3530,14071,42,194213
1072,9.8e-05,172.31.46.0-255,66,14137,42,194213
1073,0.000359,172.217.194.0-255,1484,15621,42,194213
1074,0.000365,172.31.46.0-255,66,15687,42,194213
1075,0.000371,172.217.194.0-255,2902,18589,42,194213
1076,0.000373,172.31.46.0-255,66,18655,42,194213
1077,0.00038,172.217.194.0-255,5738,24393,42,194213
1078,0.000382,172.31.46.0-255,66,24459,42,194213
1079,0.000453,172.217.194.0-255,5738,30197,42,194213
1080,0.000457,172.31.46.0-255,66,30263,42,194213
1081,0.000476,172.217.194.0-255,1125,31388,42,194213
1082,0.000478,172.31.46.0-255,66,31454,42,194213
1083,0.001574,172.217.194.0-255,1484,32938,42,194213
1084,0.001581,172.31.46.0-255,66,33004,42,194213
1085,0.001591,172.217.194.0-255,2902,35906,42,194213
1086,0.001593,172.31.46.0-255,66,35972,42,194213
1087,0.0016,172.217.194.0-255,5738,41710,42,194213
1088,0.001601,172.31.46.0-255,66,41776,42,194213
1089,0.001619,172.217.194.0-255,2902,44678,42,194213
1090,0.001621,172.31.46.0-255,66,44744,42,194213
1091,0.001655,172.31.46.0-255,66,44810,42,194213
1092,0.001669,172.31.46.0-255,66,44876,42,194213
1093,0.002504,172.217.194.0-255,117,44993,42,194213
1094,0.002602,172.217.194.0-255,1484,46477,42,194213
1095,0.002605,172.31.46.0-255,66,46543,42,194213
1096,0.002621,172.217.194.0-255,2902,49445,42,194213
1097,0.002624,172.31.46.0-255,66,49511,42,194213
1098,0.00263,172.217.194.0-255,4320,53831,42,194213
1099,0.002632,172.31.46.0-255,66,53897,42,194213
1100,0.002649,172.217.194.0-255,1484,55381,42,194213
1101,0.002676,172.217.194.0-255,6797,62178,42,194213
1102,0.002678,172.31.46.0-255,66,62244,42,194213
1103,0.002694,172.217.194.0-255,1484,63728,42,194213
1104,0.002716,172.217.194.0-255,5738,69466,42,194213
1105,0.002719,172.31.46.0-255,66,69532,42,194213
1106,0.002726,172.217.194.0-255,7156,76688,42,194213
1107,0.002728,172.31.46.0-255,66,76754,42,194213
1108,0.002757,172.217.194.0-255,2543,79297,42,194213
1109,0.002759,172.31.46.0-255,66,79363,42,194213
1110,0.003437,172.217.194.0-255,1484,80847,42,194213
1111,0.003463,172.217.194.0-255,2902,83749,42,194213
1112,0.003465,172.31.46.0-255,66,83815,42,194213
1113,0.003488,172.217.194.0-255,4320,88135,42,194213
1114,0.00349,172.31.46.0-255,66,88201,42,194213
1115,0.003504,172.217.194.0-255,2902,91103,42,194213
1116,0.003506,172.31.46.0-255,66,91169,42,194213
1117,0.003531,172.217.194.0-255,5738,96907,42,194213
1118,0.003534,172.31.46.0-255,66,96973,42,194213
1119,0.003537,172.217.194.0-255,1484,98457,42,194213
1120,0.003548,172.217.194.0-255,1484,99941,42,194213
1121,0.00355,172.31.46.0-255,66,100007,42,194213
1122,0.003582,172.31.46.0-255,66,100073,42,194213
1123,0.003614,172.217.194.0-255,1484,101557,42,194213
1124,0.003634,172.217.194.0-255,2902,104459,42,194213
1125,0.003636,172.31.46.0-255,66,104525,42,194213
1126,0.003659,172.217.194.0-255,5738,110263,42,194213
1127,0.003662,172.31.46.0-255,66,110329,42,194213
1128,0.003678,172.217.194.0-255,1484,111813,42,194213
1129,0.0037,172.31.46.0-255,66,111879,42,194213
1130,0.003718,172.217.194.0-255,2902,114781,42,194213
1131,0.003722,172.31.46.0-255,66,114847,42,194213
1132,0.003742,172.31.46.0-255,66,114913,42,194213
1133,0.003758,172.217.194.0-255,2184,117097,42,194213
1134,0.00376,172.31.46.0-255,66,117163,42,194213
1135,0.004052,172.217.194.0-255,1484,118647,42,194213
1136,0.004065,172.217.194.0-255,2902,121549,42,194213
1137,0.004068,172.31.46.0-255,66,121615,42,194213
1138,0.004127,172.217.194.0-255,4320,125935,42,194213
1139,0.004131,172.31.46.0-255,66,126001,42,194213
1140,0.004145,172.217.194.0-255,1484,127485,42,194213
1141,0.004152,172.217.194.0-255,5738,133223,42,194213
1142,0.004155,172.31.46.0-255,66,133289,42,194213
1143,0.004162,172.217.194.0-255,7156,140445,42,194213
1144,0.004165,172.31.46.0-255,66,140511,42,194213
1145,0.004178,172.31.46.0-255,66,140577,42,194213
1146,0.004403,172.217.194.0-255,1484,142061,42,194213
1147,0.004411,172.217.194.0-255,2902,144963,42,194213
1148,0.004414,172.31.46.0-255,66,145029,42,194213
1149,0.004422,172.217.194.0-255,5738,150767,42,194213
1150,0.004425,172.31.46.0-255,66,150833,42,194213
1151,0.004449,172.217.194.0-255,1484,152317,42,194213
1152,0.004478,172.31.46.0-255,66,152383,42,194213
1153,0.004499,172.217.194.0-255,2902,155285,42,194213
1154,0.004518,172.31.46.0-255,66,155351,42,194213
1155,0.004522,172.31.46.0-255,66,155417,42,194213
1156,0.004586,172.31.46.0-255,66,155483,42,194213
1157,0.004613,172.217.194.0-255,5738,161221,42,194213
1158,0.004616,172.31.46.0-255,66,161287,42,194213
1159,0.004627,172.31.46.0-255,66,161353,42,194213
1160,0.004637,172.31.46.0-255,66,161419,42,194213
1161,0.004648,172.31.46.0-255,66,161485,42,194213
1162,0.004652,172.217.194.0-255,2902,164387,42,194213
1163,0.004655,172.31.46.0-255,66,164453,42,194213
1164,0.004688,172.31.46.0-255,66,164519,42,194213
1165,0.004718,172.31.46.0-255,66,164585,42,194213
1166,0.004747,172.31.46.0-255,66,164651,42,194213
1167,0.004755,172.217.194.0-255,7156,171807,42,194213
1168,0.004757,172.31.46.0-255,66,171873,42,194213
1169,0.004779,172.217.194.0-255,2184,174057,42,194213
1170,0.004781,172.31.46.0-255,66,174123,42,194213
1171,0.004793,172.217.194.0-255,1484,175607,42,194213
1172,0.004818,172.31.46.0-255,66,175673,42,194213
1173,0.004826,172.217.194.0-255,7156,182829,42,194213
1174,0.004829,172.31.46.0-255,66,182895,42,194213
1175,0.004897,172.217.194.0-255,4320,187215,42,194213
1176,0.004901,172.31.46.0-255,66,187281,42,194213
1177,0.004932,172.31.46.0-255,66,187347,42,194213
1178,0.004948,172.31.46.0-255,66,187413,42,194213
1179,0.004974,172.217.194.0-255,4320,191733,42,194213
1180,0.004977,172.31.46.0-255,66,191799,42,194213
1181,0.004995,172.217.194.0-255,2006,193805,42,194213
1182,0.004998,172.31.46.0-255,66,193871,42,194213
1183,0.005001,172.217.194.0-255,105,193976,42,194213
1184,0.007811,172.31.46.0-255,66,194042,42,194213
1185,0.007844,172.31.46.0-255,105,194147,42,194213
1186,0.009818,172.217.194.0-255,66,194213,42,194213
1187,0.0,74.125.24.0-255,151,151,42,101782
1188,2.3e-05,172.31.46.0-255,66,217,42,101782
1189,2.9e-05,74.125.24.0-255,1484,1701,42,101782
1190,3.4e-05,172.31.46.0-255,66,1767,42,101782
1191,4.7e-05,74.125.24.0-255,2902,4669,42,101782
1192,5.1e-05,172.31.46.0-255,66,4735,42,101782
1193,6e-05,74.125.24.0-255,5738,10473,42,101782
1194,6.4e-05,172.31.46.0-255,66,10539,42,101782
1195,0.000134,74.125.24.0-255,7156,17695,42,101782
1196,0.000137,172.31.46.0-255,66,17761,42,101782
1197,0.000166,74.125.24.0-255,3424,21185,42,101782
1198,0.000169,172.31.46.0-255,66,21251,42,101782
1199,0.000271,74.125.24.0-255,4320,25571,42,101782
1200,0.000275,172.31.46.0-255,66,25637,42,101782
1201,0.000303,74.125.24.0-255,4320,29957,42,101782
1202,0.000305,172.31.46.0-255,66,30023,42,101782
1203,0.000383,74.125.24.0-255,1125,31148,42,101782
1204,0.000386,172.31.46.0-255,66,31214,42,101782
1205,0.000898,74.125.24.0-255,1484,32698,42,101782
1206,0.000905,172.31.46.0-255,66,32764,42,101782
1207,0.000914,74.125.24.0-255,2902,35666,42,101782
1208,0.000916,172.31.46.0-255,66,35732,42,101782
1209,0.000938,74.125.24.0-255,1484,37216,42,101782
1210,0.00094,172.31.46.0-255,66,37282,42,101782
1211,0.000969,74.125.24.0-255,4320,41602,42,101782
1212,0.000971,172.31.46.0-255,66,41668,42,101782
1213,0.001009,74.125.24.0-255,2902,44570,42,101782
1214,0.001013,172.31.46.0-255,66,44636,42,101782
1215,0.00104,74.125.24.0-255,4320,48956,42,101782
1216,0.001043,172.31.46.0-255,66,49022,42,101782
1217,0.001116,74.125.24.0-255,5738,54760,42,101782
1218,0.00112,172.31.46.0-255,66,54826,42,101782
1219,0.00131,74.125.24.0-255,2184,57010,42,101782
1220,0.002106,74.125.24.0-255,410,57420,42,101782
1221,0.002131,74.125.24.0-255,1484,58904,42,101782
1222,0.002145,74.125.24.0-255,4320,63224,42,101782
1223,0.00219,74.125.24.0-255,4320,67544,42,101782
1224,0.002255,74.125.24.0-255,1484,69028,42,101782
1225,0.002396,74.125.24.0-255,2902,71930,42,101782
1226,0.002555,74.125.24.0-255,766,72696,42,101782
1227,0.006531,172.31.46.0-255,66,72762,42,101782
1228,0.008833,74.125.24.0-255,5738,78500,42,101782
1229,0.008847,172.31.46.0-255,66,78566,42,101782
1230,0.01117,74.125.24.0-255,5738,84304,42,101782
1231,0.011187,172.31.46.0-255,66,84370,42,101782
1232,0.013494,74.125.24.0-255,5738,90108,42,101782
1233,0.013509,172.31.46.0-255,66,90174,42,101782
1234,0.015794,74.125.24.0-255,5738,95912,42,101782
1235,0.015806,172.31.46.0-255,66,95978,42,101782
1236,0.018083,74.125.24.0-255,5738,101716,42,101782
1237,0.018102,172.31.46.0-255,66,101782,42,101782
1238,0.0,74.125.200.0-255,146,146,42,267165
1239,1.6e-05,172.31.46.0-255,66,212,42,267165
1240,2.3e-05,74.125.200.0-255,1484,1696,42,267165
1241,2.7e-05,172.31.46.0-255,66,1762,42,267165
1242,5.5e-05,74.125.200.0-255,2902,4664,42,267165
1243,5.8e-05,172.31.46.0-255,66,4730,42,267165
1244,8.6e-05,74.125.200.0-255,5738,10468,42,267165
1245,8.9e-05,172.31.46.0-255,66,10534,42,267165
1246,0.000118,74.125.200.0-255,6366,16900,42,267165
1247,0.000122,172.31.46.0-255,66,16966,42,267165
1248,0.000126,74.125.200.0-255,2902,19868,42,267165
1249,0.000128,172.31.46.0-255,66,19934,42,267165
1250,0.000157,74.125.200.0-255,4320,24254,42,267165
1251,0.00016,172.31.46.0-255,66,24320,42,267165
1252,0.00019,74.125.200.0-255,6797,31117,42,267165
1253,0.000192,172.31.46.0-255,66,31183,42,267165
1254,0.000254,74.125.200.0-255,1484,32667,42,267165
1255,0.000256,172.31.46.0-255,66,32733,42,267165
1256,0.000274,74.125.200.0-255,2902,35635,42,267165
1257,0.000277,172.31.46.0-255,66,35701,42,267165
1258,0.000281,74.125.200.0-255,2902,38603,42,267165
1259,0.000284,172.31.46.0-255,66,38669,42,267165
1260,0.000313,74.125.200.0-255,1484,40153,42,267165
1261,0.000315,172.31.46.0-255,66,40219,42,267165
1262,0.000329,172.31.46.0-255,66,40285,42,267165
1263,0.000334,74.125.200.0-255,2902,43187,42,267165
1264,0.000336,172.31.46.0-255,66,43253,42,267165
1265,0.000404,172.31.46.0-255,66,43319,42,267165
1266,0.000424,74.125.200.0-255,4235,47554,42,267165
1267,0.000427,172.31.46.0-255,66,47620,42,267165
1268,0.00043,74.125.200.0-255,128,47748,42,267165
1269,0.000514,74.125.200.0-255,1484,49232,42,267165
1270,0.000518,172.31.46.0-255,66,49298,42,267165
1271,0.000546,74.125.200.0-255,2902,52200,42,267165
1272,0.000549,172.31.46.0-255,66,52266,42,267165
1273,0.000556,74.125.200.0-255,5738,58004,42,267165
1274,0.000559,172.31.46.0-255,66,58070,42,267165
1275,0.000597,172.31.46.0-255,66,58136,42,267165
1276,0.000639,172.31.46.0-255,66,58202,42,267165
1277,0.000641,74.125.200.0-255,1388,59590,42,267165
1278,0.000895,74.125.200.0-255,1484,61074,42,267165
1279,0.0009,172.31.46.0-255,66,61140,42,267165
1280,0.000906,74.125.200.0-255,2902,64042,42,267165
1281,0.000908,172.31.46.0-255,66,64108,42,267165
1282,0.000936,74.125.200.0-255,5738,69846,42,267165
1283,0.000939,172.31.46.0-255,66,69912,42,267165
1284,0.000942,74.125.200.0-255,1484,71396,42,267165
1285,0.000946,74.125.200.0-255,2902,74298,42,267165
1286,0.000948,172.31.46.0-255,66,74364,42,267165
1287,0.000977,74.125.200.0-255,5738,80102,42,267165
1288,0.00098,172.31.46.0-255,66,80168,42,267165
1289,0.000986,74.125.200.0-255,5738,85906,42,267165
1290,0.000988,172.31.46.0-255,66,85972,42,267165
1291,0.001011,74.125.200.0-255,7156,93128,42,267165
1292,0.001014,172.31.46.0-255,66,93194,42,267165
1293,0.001016,74.125.200.0-255,766,93960,42,267165
1294,0.001087,74.125.200.0-255,1484,95444,42,267165
1295,0.00109,172.31.46.0-255,66,95510,42,267165
1296,0.001096,74.125.200.0-255,2902,98412,42,267165
1297,0.001098,172.31.46.0-255,66,98478,42,267165
1298,0.001129,74.125.200.0-255,5738,104216,42,267165
1299,0.001132,172.31.46.0-255,66,104282,42,267165
1300,0.001137,74.125.200.0-255,4320,108602,42,267165
1301,0.001139,172.31.46.0-255,66,108668,42,267165
1302,0.001144,74.125.200.0-255,2902,111570,42,267165
1303,0.001146,172.31.46.0-255,66,111636,42,267165
1304,0.00117,74.125.200.0-255,2902,114538,42,267165
1305,0.001172,172.31.46.0-255,66,114604,42,267165
1306,0.001217,172.31.46.0-255,66,114670,42,267165
1307,0.001241,74.125.200.0-255,2902,117572,42,267165
1308,0.001244,172.31.46.0-255,66,117638,42,267165
1309,0.001248,74.125.200.0-255,2184,119822,42,267165
1310,0.00125,172.31.46.0-255,66,119888,42,267165
1311,0.001253,74.125.200.0-255,1484,121372,42,267165
1312,0.001284,74.125.200.0-255,2902,124274,42,267165
1313,0.001287,172.31.46.0-255,66,124340,42,267165
1314,0.001294,74.125.200.0-255,5738,130078,42,267165
1315,0.001296,172.31.46.0-255,66,130144,42,267165
1316,0.001299,74.125.200.0-255,1484,131628,42,267165
1317,0.001326,74.125.200.0-255,5738,137366,42,267165
1318,0.001329,172.31.46.0-255,66,137432,42,267165
1319,0.001332,74.125.200.0-255,1484,138916,42,267165
1320,0.001346,74.125.200.0-255,4320,143236,42,267165
1321,0.001349,172.31.46.0-255,66,143302,42,267165
1322,0.001356,74.125.200.0-255,7156,150458,42,267165
1323,0.001362,172.31.46.0-255,66,150524,42,267165
1324,0.001383,74.125.200.0-255,3602,154126,42,267165
1325,0.001385,172.31.46.0-255,66,154192,42,267165
1326,0.00143,74.125.200.0-255,2902,157094,42,267165
1327,0.001434,172.31.46.0-255,66,157160,42,267165
1328,0.001465,74.125.200.0-255,1484,158644,42,267165
1329,0.001472,74.125.200.0-255,5738,164382,42,267165
1330,0.001475,172.31.46.0-255,66,164448,42,267165
1331,0.001487,172.31.46.0-255,66,164514,42,267165
1332,0.001515,74.125.200.0-255,1484,165998,42,267165
1333,0.001521,74.125.200.0-255,4320,170318,42,267165
1334,0.001523,172.31.46.0-255,66,170384,42,267165
1335,0.00156,172.31.46.0-255,66,170450,42,267165
1336,0.001594,172.31.46.0-255,66,170516,42,267165
1337,0.001625,172.31.46.0-255,66,170582,42,267165
1338,0.00163,74.125.200.0-255,4320,174902,42,267165
1339,0.001632,172.31.46.0-255,66,174968,42,267165
1340,0.001635,74.125.200.0-255,766,175734,42,267165
1341,0.001704,74.125.200.0-255,1484,177218,42,267165
1342,0.001707,172.31.46.0-255,66,177284,42,267165
1343,0.001712,74.125.200.0-255,2902,180186,42,267165
1344,0.001716,172.31.46.0-255,66,180252,42,267165
1345,0.001749,74.125.200.0-255,5738,185990,42,267165
1346,0.001752,172.31.46.0-255,66,186056,42,267165
1347,0.001758,74.125.200.0-255,2902,188958,42,267165
1348,0.00176,172.31.46.0-255,66,189024,42,267165
1349,0.001765,74.125.200.0-255,4320,193344,42,267165
1350,0.001767,172.31.46.0-255,66,193410,42,267165
1351,0.00177,74.125.200.0-255,1484,194894,42,267165
1352,0.001803,74.125.200.0-255,7156,202050,42,267165
1353,0.001806,172.31.46.0-255,66,202116,42,267165
1354,0.001811,74.125.200.0-255,4320,206436,42,267165
1355,0.001812,172.31.46.0-255,66,206502,42,267165
1356,0.001852,74.125.200.0-255,3602,210104,42,267165
1357,0.001854,172.31.46.0-255,66,210170,42,267165
1358,0.001894,74.125.200.0-255,1484,211654,42,267165
1359,0.001899,74.125.200.0-255,2902,214556,42,267165
1360,0.001901,172.31.46.0-255,66,214622,42,267165
1361,0.001926,74.125.200.0-255,5738,220360,42,267165
1362,0.001929,172.31.46.0-255,66,220426,42,267165
1363,0.001953,74.125.200.0-255,2902,223328,42,267165
1364,0.001955,172.31.46.0-255,66,223394,42,267165
1365,0.00198,74.125.200.0-255,7156,230550,42,267165
1366,0.001983,172.31.46.0-255,66,230616,42,267165
1367,0.001989,74.125.200.0-255,7156,237772,42,267165
1368,0.00199,172.31.46.0-255,66,237838,42,267165
1369,0.002014,74.125.200.0-255,4320,242158,42,267165
1370,0.002016,172.31.46.0-255,66,242224,42,267165
1371,0.002021,74.125.200.0-255,2184,244408,42,267165
1372,0.002023,172.31.46.0-255,66,244474,42,267165
1373,0.002146,74.125.200.0-255,1484,245958,42,267165
1374,0.002165,74.125.200.0-255,2902,248860,42,267165
1375,0.002168,172.31.46.0-255,66,248926,42,267165
1376,0.002211,74.125.200.0-255,4320,253246,42,267165
1377,0.002214,172.31.46.0-255,66,253312,42,267165
1378,0.002238,74.125.200.0-255,1484,254796,42,267165
1379,0.002254,172.31.46.0-255,66,254862,42,267165
1380,0.002281,74.125.200.0-255,1484,256346,42,267165
1381,0.002309,172.31.46.0-255,66,256412,42,267165
1382,0.002321,74.125.200.0-255,2902,259314,42,267165
1383,0.002332,74.125.200.0-255,5738,265052,42,267165
1384,0.00236,172.31.46.0-255,66,265118,42,267165
1385,0.002378,74.125.200.0-255,1639,266757,42,267165
1386,0.002397,172.31.46.0-255,66,266823,42,267165
1387,0.00468,74.125.200.0-255,105,266928,42,267165
1388,0.010196,172.31.46.0-255,66,266994,42,267165
1389,0.010241,172.31.46.0-255,105,267099,42,267165
1390,0.01256,74.125.200.0-255,66,267165,42,267165
1391,0.0,74.125.130.0-255,153,153,42,229767
1392,1.4e-05,172.31.46.0-255,66,219,42,229767
1393,2e-05,74.125.130.0-255,1484,1703,42,229767
1394,2.4e-05,172.31.46.0-255,66,1769,42,229767
1395,4.7e-05,74.125.130.0-255,2902,4671,42,229767
1396,5.1e-05,172.31.46.0-255,66,4737,42,229767
1397,6.1e-05,74.125.130.0-255,7156,11893,42,229767
1398,6.4e-05,172.31.46.0-255,66,11959,42,229767
1399,0.0001,74.125.130.0-255,1941,13900,42,229767
1400,0.000102,172.31.46.0-255,66,13966,42,229767
1401,0.000289,74.125.130.0-255,1484,15450,42,229767
1402,0.000294,172.31.46.0-255,66,15516,42,229767
1403,0.000298,74.125.130.0-255,1484,17000,42,229767
1404,0.000301,172.31.46.0-255,66,17066,42,229767
1405,0.000326,74.125.130.0-255,1484,18550,42,229767
1406,0.000328,172.31.46.0-255,66,18616,42,229767
1407,0.000338,74.125.130.0-255,4320,22936,42,229767
1408,0.00034,172.31.46.0-255,66,23002,42,229767
1409,0.000373,74.125.130.0-255,7156,30158,42,229767
1410,0.000375,172.31.46.0-255,66,30224,42,229767
1411,0.000409,172.31.46.0-255,66,30290,42,229767
1412,0.00042,74.125.130.0-255,4320,34610,42,229767
1413,0.000428,172.31.46.0-255,66,34676,42,229767
1414,0.000435,74.125.130.0-255,5738,40414,42,229767
1415,0.000437,172.31.46.0-255,66,40480,42,229767
1416,0.000458,74.125.130.0-255,5738,46218,42,229767
1417,0.000461,172.31.46.0-255,66,46284,42,229767
1418,0.000481,74.125.130.0-255,5738,52022,42,229767
1419,0.000483,172.31.46.0-255,66,52088,42,229767
1420,0.000508,74.125.130.0-255,5020,57108,42,229767
1421,0.00051,172.31.46.0-255,66,57174,42,229767
1422,0.00053,74.125.130.0-255,376,57550,42,229767
1423,0.000691,74.125.130.0-255,1484,59034,42,229767
1424,0.000695,172.31.46.0-255,66,59100,42,229767
1425,0.000701,74.125.130.0-255,2902,62002,42,229767
1426,0.000703,172.31.46.0-255,66,62068,42,229767
1427,0.000728,74.125.130.0-255,4320,66388,42,229767
1428,0.00073,172.31.46.0-255,66,66454,42,229767
1429,0.000762,172.31.46.0-255,66,66520,42,229767
1430,0.000765,74.125.130.0-255,1484,68004,42,229767
1431,0.00077,74.125.130.0-255,2902,70906,42,229767
1432,0.000772,172.31.46.0-255,66,70972,42,229767
1433,0.000809,74.125.130.0-255,5738,76710,42,229767
1434,0.000811,172.31.46.0-255,66,76776,42,229767
1435,0.000819,74.125.130.0-255,6438,83214,42,229767
1436,0.000822,172.31.46.0-255,66,83280,42,229767
1437,0.000838,74.125.130.0-255,367,83647,42,229767
1438,0.001103,74.125.130.0-255,1484,85131,42,229767
1439,0.001108,172.31.46.0-255,66,85197,42,229767
1440,0.001129,74.125.130.0-255,2902,88099,42,229767
1441,0.001131,172.31.46.0-255,66,88165,42,229767
1442,0.001157,74.125.130.0-255,5738,93903,42,229767
1443,0.001159,172.31.46.0-255,66,93969,42,229767
1444,0.001202,74.125.130.0-255,1484,95453,42,229767
1445,0.001207,74.125.130.0-255,2902,98355,42,229767
1446,0.001209,172.31.46.0-255,66,98421,42,229767
1447,0.001215,74.125.130.0-255,4320,102741,42,229767
1448,0.001217,172.31.46.0-255,66,102807,42,229767
1449,0.001247,74.125.130.0-255,4320,107127,42,229767
1450,0.00125,172.31.46.0-255,66,107193,42,229767
1451,0.001262,74.125.130.0-255,1484,108677,42,229767
1452,0.001274,74.125.130.0-255,7156,115833,42,229767
1453,0.001276,172.31.46.0-255,66,115899,42,229767
1454,0.001321,74.125.130.0-255,2184,118083,42,229767
1455,0.001325,172.31.46.0-255,66,118149,42,229767
1456,0.0014,74.125.130.0-255,1484,119633,42,229767
1457,0.001405,74.125.130.0-255,2902,122535,42,229767
1458,0.001409,172.31.46.0-255,66,122601,42,229767
1459,0.001441,74.125.130.0-255,4320,126921,42,229767
1460,0.001457,172.31.46.0-255,66,126987,42,229767
1461,0.001479,172.31.46.0-255,66,127053,42,229767
1462,0.001487,74.125.130.0-255,7156,134209,42,229767
1463,0.001489,172.31.46.0-255,66,134275,42,229767
1464,0.001537,172.31.46.0-255,66,134341,42,229767
1465,0.00154,74.125.130.0-255,766,135107,42,229767
1466,0.001801,74.125.130.0-255,1484,136591,42,229767
1467,0.001807,172.31.46.0-255,66,136657,42,229767
1468,0.001814,74.125.130.0-255,2902,139559,42,229767
1469,0.001816,172.31.46.0-255,66,139625,42,229767
1470,0.001846,74.125.130.0-255,1484,141109,42,229767
1471,0.001851,74.125.130.0-255,2902,144011,42,229767
1472,0.001854,172.31.46.0-255,66,144077,42,229767
1473,0.001879,74.125.130.0-255,5738,149815,42,229767
1474,0.001882,172.31.46.0-255,66,149881,42,229767
1475,0.001887,74.125.130.0-255,2902,152783,42,229767
1476,0.001889,172.31.46.0-255,66,152849,42,229767
1477,0.001922,74.125.130.0-255,4320,157169,42,229767
1478,0.001926,172.31.46.0-255,66,157235,42,229767
1479,0.001955,74.125.130.0-255,3602,160837,42,229767
1480,0.002133,74.125.130.0-255,1484,162321,42,229767
1481,0.002147,74.125.130.0-255,2902,165223,42,229767
1482,0.002167,74.125.130.0-255,5738,170961,42,229767
1483,0.002172,74.125.130.0-255,2902,173863,42,229767
1484,0.002185,74.125.130.0-255,1484,175347,42,229767
1485,0.002196,74.125.130.0-255,2902,178249,42,229767
1486,0.002201,74.125.130.0-255,2902,181151,42,229767
1487,0.002219,74.125.130.0-255,5738,186889,42,229767
1488,0.002224,74.125.130.0-255,4320,191209,42,229767
1489,0.002239,74.125.130.0-255,2902,194111,42,229767
1490,0.002264,74.125.130.0-255,766,194877,42,229767
1491,0.0055,172.31.46.0-255,66,194943,42,229767
1492,0.007828,74.125.130.0-255,5738,200681,42,229767
1493,0.007833,172.31.46.0-255,66,200747,42,229767
1494,0.010152,74.125.130.0-255,5738,206485,42,229767
1495,0.01016,172.31.46.0-255,66,206551,42,229767
1496,0.012477,74.125.130.0-255,5738,212289,42,229767
1497,0.012485,172.31.46.0-255,66,212355,42,229767
1498,0.014797,74.125.130.0-255,5738,218093,42,229767
1499,0.014806,172.31.46.0-255,66,218159,42,229767
1500,0.017124,74.125.130.0-255,5738,223897,42,229767
1501,0.017133,172.31.46.0-255,66,223963,42,229767
1502,0.019454,74.125.130.0-255,5738,229701,42,229767
1503,0.019462,172.31.46.0-255,66,229767,42,229767
1504,0.0,172.217.194.0-255,150,150,42,218540
1505,1.2e-05,172.31.46.0-255,66,216,42,218540
1506,1.8e-05,172.217.194.0-255,1484,1700,42,218540
1507,2.2e-05,172.31.46.0-255,66,1766,42,218540
1508,2.8e-05,172.217.194.0-255,2902,4668,42,218540
1509,3.1e-05,172.31.46.0-255,66,4734,42,218540
1510,3.5e-05,172.217.194.0-255,2902,7636,42,218540
1511,3.7e-05,172.31.46.0-255,66,7702,42,218540
1512,5.8e-05,172.217.194.0-255,4320,12022,42,218540
1513,6.1e-05,172.31.46.0-255,66,12088,42,218540
1514,6.5e-05,172.217.194.0-255,2101,14189,42,218540
1515,6.7e-05,172.31.46.0-255,66,14255,42,218540
1516,9.5e-05,172.217.194.0-255,4320,18575,42,218540
1517,9.7e-05,172.31.46.0-255,66,18641,42,218540
1518,0.000119,172.217.194.0-255,7156,25797,42,218540
1519,0.000121,172.31.46.0-255,66,25863,42,218540
1520,0.000127,172.217.194.0-255,5379,31242,42,218540
1521,0.000128,172.31.46.0-255,66,31308,42,218540
1522,0.000212,172.217.194.0-255,1484,32792,42,218540
1523,0.000216,172.31.46.0-255,66,32858,42,218540
1524,0.00022,172.217.194.0-255,2902,35760,42,218540
1525,0.000222,172.31.46.0-255,66,35826,42,218540
1526,0.000247,172.217.194.0-255,5738,41564,42,218540
1527,0.000249,172.31.46.0-255,66,41630,42,218540
1528,0.000269,172.217.194.0-255,6797,48427,42,218540
1529,0.000271,172.31.46.0-255,66,48493,42,218540
1530,0.000295,172.217.194.0-255,4320,52813,42,218540
1531,0.000297,172.31.46.0-255,66,52879,42,218540
1532,0.000325,172.31.46.0-255,66,52945,42,218540
1533,0.000329,172.217.194.0-255,2835,55780,42,218540
1534,0.000331,172.31.46.0-255,66,55846,42,218540
1535,0.000355,172.217.194.0-255,364,56210,42,218540
1536,0.000385,172.217.194.0-255,1484,57694,42,218540
1537,0.000388,172.217.194.0-255,1484,59178,42,218540
1538,0.000402,172.31.46.0-255,66,59244,42,218540
1539,0.000407,172.217.194.0-255,2902,62146,42,218540
1540,0.00041,172.217.194.0-255,2902,65048,42,218540
1541,0.00042,172.31.46.0-255,66,65114,42,218540
1542,0.000463,172.217.194.0-255,4320,69434,42,218540
1543,0.000481,172.217.194.0-255,3961,73395,42,218540
1544,0.000486,172.217.194.0-255,4320,77715,42,218540
1545,0.000489,172.31.46.0-255,66,77781,42,218540
1546,0.000494,172.31.46.0-255,66,77847,42,218540
1547,0.000509,172.217.194.0-255,4320,82167,42,218540
1548,0.000515,172.217.194.0-255,5738,87905,42,218540
1549,0.000524,172.217.194.0-255,2543,90448,42,218540
1550,0.000531,172.31.46.0-255,66,90514,42,218540
1551,0.000872,172.217.194.0-255,1484,91998,42,218540
1552,0.000888,172.217.194.0-255,2902,94900,42,218540
1553,0.000891,172.31.46.0-255,66,94966,42,218540
1554,0.000913,172.217.194.0-255,5738,100704,42,218540
1555,0.000918,172.217.194.0-255,4320,105024,42,218540
1556,0.000939,172.217.194.0-255,1484,106508,42,218540
1557,0.000942,172.31.46.0-255,66,106574,42,218540
1558,0.000974,172.31.46.0-255,66,106640,42,218540
1559,0.001018,172.31.46.0-255,66,106706,42,218540
1560,0.001083,172.31.46.0-255,66,106772,42,218540
1561,0.00123,172.217.194.0-255,1484,108256,42,218540
1562,0.001235,172.217.194.0-255,2902,111158,42,218540
1563,0.001238,172.31.46.0-255,66,111224,42,218540
1564,0.001262,172.217.194.0-255,5738,116962,42,218540
1565,0.001282,172.217.194.0-255,4320,121282,42,218540
1566,0.001286,172.31.46.0-255,66,121348,42,218540
1567,0.001328,172.31.46.0-255,66,121414,42,218540
1568,0.001411,172.217.194.0-255,1484,122898,42,218540
1569,0.001416,172.217.194.0-255,2902,125800,42,218540
1570,0.001418,172.31.46.0-255,66,125866,42,218540
1571,0.001438,172.217.194.0-255,2902,128768,42,218540
1572,0.001452,172.217.194.0-255,2902,131670,42,218540
1573,0.001458,172.217.194.0-255,5738,137408,42,218540
1574,0.001472,172.31.46.0-255,66,137474,42,218540
1575,0.001484,172.217.194.0-255,4320,141794,42,218540
1576,0.001497,172.31.46.0-255,66,141860,42,218540
1577,0.001539,172.31.46.0-255,66,141926,42,218540
1578,0.001557,172.217.194.0-255,2902,144828,42,218540
1579,0.001565,172.31.46.0-255,66,144894,42,218540
1580,0.001604,172.31.46.0-255,66,144960,42,218540
1581,0.00196,172.217.194.0-255,1484,146444,42,218540
1582,0.001967,172.217.194.0-255,2902,149346,42,218540
1583,0.00197,172.31.46.0-255,66,149412,42,218540
1584,0.001974,172.217.194.0-255,1484,150896,42,218540
1585,0.001993,172.217.194.0-255,4320,155216,42,218540
1586,0.002012,172.217.194.0-255,5738,160954,42,218540
1587,0.002018,172.31.46.0-255,66,161020,42,218540
1588,0.002043,172.217.194.0-255,4320,165340,42,218540
1589,0.002056,172.217.194.0-255,2184,167524,42,218540
1590,0.002069,172.31.46.0-255,66,167590,42,218540
1591,0.002168,172.217.194.0-255,1484,169074,42,218540
1592,0.002184,172.217.194.0-255,2902,171976,42,218540
1593,0.002187,172.31.46.0-255,66,172042,42,218540
1594,0.002194,172.217.194.0-255,5738,177780,42,218540
1595,0.00223,172.31.46.0-255,66,177846,42,218540
1596,0.002274,172.31.46.0-255,66,177912,42,218540
1597,0.004522,172.217.194.0-255,5738,183650,42,218540
1598,0.004531,172.31.46.0-255,66,183716,42,218540
1599,0.006768,172.217.194.0-255,5738,189454,42,218540
1600,0.006775,172.31.46.0-255,66,189520,42,218540
1601,0.009013,172.217.194.0-255,5738,195258,42,218540
1602,0.009018,172.31.46.0-255,66,195324,42,218540
1603,0.011257,172.217.194.0-255,5738,201062,42,218540
1604,0.011264,172.31.46.0-255,66,201128,42,218540
1605,0.013499,172.217.194.0-255,5738,206866,42,218540
1606,0.013506,172.31.46.0-255,66,206932,42,218540
1607,0.015753,172.217.194.0-255,5738,212670,42,218540
1608,0.015759,172.31.46.0-255,66,212736,42,218540
1609,0.018022,172.217.194.0-255,5738,218474,42,218540
1610,0.01803,172.31.46.0-255,66,218540,42,218540
1611,0.0,74.125.24.0-255,146,146,42,149322
1612,2.5e-05,172.31.46.0-255,66,212,42,149322
1613,3.2e-05,74.125.24.0-255,1484,1696,42,149322
1614,3.7e-05,172.31.46.0-255,66,1762,42,149322
1615,4.2e-05,74.125.24.0-255,2902,4664,42,149322
1616,4.6e-05,172.31.46.0-255,66,4730,42,149322
1617,5e-05,74.125.24.0-255,1484,6214,42,149322
1618,5.2e-05,172.31.46.0-255,66,6280,42,149322
1619,6e-05,74.125.24.0-255,5738,12018,42,149322
1620,6.2e-05,172.31.46.0-255,66,12084,42,149322
1621,0.000109,172.31.46.0-255,66,12150,42,149322
1622,0.000115,74.125.24.0-255,5379,17529,42,149322
1623,0.000118,172.31.46.0-255,66,17595,42,149322
1624,0.000256,74.125.24.0-255,1484,19079,42,149322
1625,0.00026,172.31.46.0-255,66,19145,42,149322
1626,0.000265,74.125.24.0-255,2902,22047,42,149322
1627,0.000267,172.31.46.0-255,66,22113,42,149322
1628,0.00029,74.125.24.0-255,2902,25015,42,149322
1629,0.000293,172.31.46.0-255,66,25081,42,149322
1630,0.00031,74.125.24.0-255,2902,27983,42,149322
1631,0.000312,172.31.46.0-255,66,28049,42,149322
1632,0.000317,74.125.24.0-255,2902,30951,42,149322
1633,0.000319,172.31.46.0-255,66,31017,42,149322
1634,0.00034,74.125.24.0-255,3961,34978,42,149322
1635,0.000342,172.31.46.0-255,66,35044,42,149322
1636,0.000368,74.125.24.0-255,7156,42200,42,149322
1637,0.000371,172.31.46.0-255,66,42266,42,149322
1638,0.000391,74.125.24.0-255,5738,48004,42,149322
1639,0.000394,172.31.46.0-255,66,48070,42,149322
1640,0.000424,74.125.24.0-255,4315,52385,42,149322
1641,0.000426,172.31.46.0-255,66,52451,42,149322
1642,0.00049,74.125.24.0-255,1484,53935,42,149322
1643,0.000494,172.31.46.0-255,66,54001,42,149322
1644,0.000498,74.125.24.0-255,2902,56903,42,149322
1645,0.000501,172.31.46.0-255,66,56969,42,149322
1646,0.000505,74.125.24.0-255,2902,59871,42,149322
1647,0.000507,172.31.46.0-255,66,59937,42,149322
1648,0.000531,74.125.24.0-255,2902,62839,42,149322
1649,0.000533,172.31.46.0-255,66,62905,42,149322
1650,0.000568,74.125.24.0-255,5738,68643,42,149322
1651,0.000571,172.31.46.0-255,66,68709,42,149322
1652,0.000594,74.125.24.0-255,5644,74353,42,149322
1653,0.000596,172.31.46.0-255,66,74419,42,149322
1654,0.00061,172.31.46.0-255,66,74485,42,149322
1655,0.000613,74.125.24.0-255,1125,75610,42,149322
1656,0.000615,172.31.46.0-255,66,75676,42,149322
1657,0.001338,74.125.24.0-255,1484,77160,42,149322
1658,0.001344,74.125.24.0-255,2902,80062,42,149322
1659,0.00135,74.125.24.0-255,5738,85800,42,149322
1660,0.001359,172.31.46.0-255,66,85866,42,149322
1661,0.001363,172.31.46.0-255,66,85932,42,149322
1662,0.001427,74.125.24.0-255,1484,87416,42,149322
1663,0.001457,172.31.46.0-255,66,87482,42,149322
1664,0.00213,74.125.24.0-255,1484,88966,42,149322
1665,0.002147,74.125.24.0-255,2902,91868,42,149322
1666,0.002152,172.31.46.0-255,66,91934,42,149322
1667,0.002167,74.125.24.0-255,5738,97672,42,149322
1668,0.002169,172.31.46.0-255,66,97738,42,149322
1669,0.002232,172.31.46.0-255,66,97804,42,149322
1670,0.002255,74.125.24.0-255,5738,103542,42,149322
1671,0.00226,172.31.46.0-255,66,103608,42,149322
1672,0.002273,74.125.24.0-255,5020,108628,42,149322
1673,0.002296,172.31.46.0-255,66,108694,42,149322
1674,0.00461,74.125.24.0-255,5738,114432,42,149322
1675,0.004619,172.31.46.0-255,66,114498,42,149322
1676,0.006893,74.125.24.0-255,5738,120236,42,149322
1677,0.006898,172.31.46.0-255,66,120302,42,149322
1678,0.009204,74.125.24.0-255,5738,126040,42,149322
1679,0.009211,172.31.46.0-255,66,126106,42,149322
1680,0.011488,74.125.24.0-255,5738,131844,42,149322
1681,0.011496,172.31.46.0-255,66,131910,42,149322
1682,0.013768,74.125.24.0-255,5738,137648,42,149322
1683,0.013775,172.31.46.0-255,66,137714,42,149322
1684,0.016067,74.125.24.0-255,5738,143452,42,149322
1685,0.016074,172.31.46.0-255,66,143518,42,149322
1686,0.018353,74.125.24.0-255,5738,149256,42,149322
1687,0.018365,172.31.46.0-255,66,149322,42,149322
1688,0.0,74.125.24.0-255,146,146,42,266600
1689,2.1e-05,172.31.46.0-255,66,212,42,266600
1690,2.9e-05,74.125.24.0-255,1484,1696,42,266600
1691,3.3e-05,172.31.46.0-255,66,1762,42,266600
1692,3.9e-05,74.125.24.0-255,2902,4664,42,266600
1693,4.1e-05,172.31.46.0-255,66,4730,42,266600
1694,4.9e-05,74.125.24.0-255,7156,11886,42,266600
1695,5.2e-05,172.31.46.0-255,66,11952,42,266600
1696,5.6e-05,74.125.24.0-255,2088,14040,42,266600
1697,6e-05,172.31.46.0-255,66,14106,42,266600
1698,0.000116,74.125.24.0-255,1484,15590,42,266600
1699,0.000119,172.31.46.0-255,66,15656,42,266600
1700,0.000124,74.125.24.0-255,2902,18558,42,266600
1701,0.000126,172.31.46.0-255,66,18624,42,266600
1702,0.000145,74.125.24.0-255,5738,24362,42,266600
1703,0.000147,172.31.46.0-255,66,24428,42,266600
1704,0.000167,74.125.24.0-255,4320,28748,42,266600
1705,0.000169,172.31.46.0-255,66,28814,42,266600
1706,0.00021,74.125.24.0-255,2543,31357,42,266600
1707,0.000212,172.31.46.0-255,66,31423,42,266600
1708,0.000281,74.125.24.0-255,1484,32907,42,266600
1709,0.000285,172.31.46.0-255,66,32973,42,266600
1710,0.00029,74.125.24.0-255,2902,35875,42,266600
1711,0.000293,172.31.46.0-255,66,35941,42,266600
1712,0.00031,74.125.24.0-255,5738,41679,42,266600
1713,0.000313,172.31.46.0-255,66,41745,42,266600
1714,0.000334,74.125.24.0-255,6797,48542,42,266600
1715,0.000337,172.31.46.0-255,66,48608,42,266600
1716,0.000368,172.31.46.0-255,66,48674,42,266600
1717,0.000386,74.125.24.0-255,2902,51576,42,266600
1718,0.000388,172.31.46.0-255,66,51642,42,266600
1719,0.000393,74.125.24.0-255,2823,54465,42,266600
1720,0.000395,172.31.46.0-255,66,54531,42,266600
1721,0.000416,74.125.24.0-255,129,54660,42,266600
1722,0.00042,74.125.24.0-255,343,55003,42,266600
1723,0.000784,74.125.24.0-255,1484,56487,42,266600
1724,0.000792,172.31.46.0-255,66,56553,42,266600
1725,0.000798,74.125.24.0-255,2902,59455,42,266600
1726,0.0008,172.31.46.0-255,66,59521,42,266600
1727,0.000805,74.125.24.0-255,2902,62423,42,266600
1728,0.000808,172.31.46.0-255,66,62489,42,266600
1729,0.000812,74.125.24.0-255,2902,65391,42,266600
1730,0.000815,172.31.46.0-255,66,65457,42,266600
1731,0.000841,74.125.24.0-255,4320,69777,42,266600
1732,0.000844,172.31.46.0-255,66,69843,42,266600
1733,0.000856,172.31.46.0-255,66,69909,42,266600
1734,0.000871,74.125.24.0-255,5738,75647,42,266600
1735,0.000873,172.31.46.0-255,66,75713,42,266600
1736,0.000879,74.125.24.0-255,3602,79315,42,266600
1737,0.000881,172.31.46.0-255,66,79381,42,266600
1738,0.001049,74.125.24.0-255,1484,80865,42,266600
1739,0.001064,74.125.24.0-255,2902,83767,42,266600
1740,0.001068,172.31.46.0-255,66,83833,42,266600
1741,0.001092,74.125.24.0-255,5738,89571,42,266600
1742,0.001094,172.31.46.0-255,66,89637,42,266600
1743,0.001099,74.125.24.0-255,2902,92539,42,266600
1744,0.001101,172.31.46.0-255,66,92605,42,266600
1745,0.001127,172.31.46.0-255,66,92671,42,266600
1746,0.001167,74.125.24.0-255,5738,98409,42,266600
1747,0.001171,172.31.46.0-255,66,98475,42,266600
1748,0.001196,74.125.24.0-255,5020,103495,42,266600
1749,0.001199,172.31.46.0-255,66,103561,42,266600
1750,0.00121,74.125.24.0-255,1484,105045,42,266600
1751,0.00123,74.125.24.0-255,2902,107947,42,266600
1752,0.001233,172.31.46.0-255,66,108013,42,266600
1753,0.001237,74.125.24.0-255,2902,110915,42,266600
1754,0.001239,172.31.46.0-255,66,110981,42,266600
1755,0.001253,74.125.24.0-255,2902,113883,42,266600
1756,0.001255,172.31.46.0-255,66,113949,42,266600
1757,0.001263,74.125.24.0-255,7156,121105,42,266600
1758,0.001265,172.31.46.0-255,66,121171,42,266600
1759,0.00128,74.125.24.0-255,1484,122655,42,266600
1760,0.001308,74.125.24.0-255,4320,126975,42,266600
1761,0.001311,172.31.46.0-255,66,127041,42,266600
1762,0.001356,172.31.46.0-255,66,127107,42,266600
1763,0.001367,74.125.24.0-255,1484,128591,42,266600
1764,0.001385,74.125.24.0-255,2902,131493,42,266600
1765,0.00139,172.31.46.0-255,66,131559,42,266600
1766,0.001413,74.125.24.0-255,5738,137297,42,266600
1767,0.001421,74.125.24.0-255,7156,144453,42,266600
1768,0.001447,74.125.24.0-255,7156,151609,42,266600
1769,0.001467,74.125.24.0-255,7156,158765,42,266600
1770,0.001471,172.31.46.0-255,66,158831,42,266600
1771,0.001477,172.31.46.0-255,66,158897,42,266600
1772,0.00149,74.125.24.0-255,2184,161081,42,266600
1773,0.001507,172.31.46.0-255,66,161147,42,266600
1774,0.001833,172.31.46.0-255,101,161248,42,266600
1775,0.001856,74.125.24.0-255,1484,162732,42,266600
1776,0.001876,74.125.24.0-255,2902,165634,42,266600
1777,0.001879,172.31.46.0-255,66,165700,42,266600
1778,0.001882,74.125.24.0-255,1484,167184,42,266600
1779,0.001903,74.125.24.0-255,4320,171504,42,266600
1780,0.001913,172.31.46.0-255,66,171570,42,266600
1781,0.001942,172.31.46.0-255,66,171636,42,266600
1782,0.001952,74.125.24.0-255,4320,175956,42,266600
1783,0.001964,74.125.24.0-255,766,176722,42,266600
1784,0.00197,172.31.46.0-255,66,176788,42,266600
1785,0.002169,74.125.24.0-255,1484,178272,42,266600
1786,0.002173,74.125.24.0-255,2902,181174,42,266600
1787,0.002179,74.125.24.0-255,5738,186912,42,266600
1788,0.002184,74.125.24.0-255,4320,191232,42,266600
1789,0.002223,74.125.24.0-255,4320,195552,42,266600
1790,0.002247,74.125.24.0-255,1484,197036,42,266600
1791,0.002262,74.125.24.0-255,3602,200638,42,266600
1792,0.002282,74.125.24.0-255,7156,207794,42,266600
1793,0.002305,74.125.24.0-255,4320,212114,42,266600
1794,0.002322,74.125.24.0-255,4320,216434,42,266600
1795,0.002338,74.125.24.0-255,1484,217918,42,266600
1796,0.002341,74.125.24.0-255,1484,219402,42,266600
1797,0.00238,74.125.24.0-255,1484,220886,42,266600
1798,0.002387,74.125.24.0-255,5020,225906,42,266600
1799,0.002404,74.125.24.0-255,4320,230226,42,266600
1800,0.002415,74.125.24.0-255,1484,231710,42,266600
1801,0.002431,74.125.24.0-255,7156,238866,42,266600
1802,0.002451,74.125.24.0-255,4320,243186,42,266600
1803,0.00414,74.125.24.0-255,66,243252,42,266600
1804,0.008484,172.31.46.0-255,66,243318,42,266600
1805,0.008537,172.31.46.0-255,66,243384,42,266600
1806,0.010882,74.125.24.0-255,5738,249122,42,266600
1807,0.01089,172.31.46.0-255,66,249188,42,266600
1808,0.013223,74.125.24.0-255,5738,254926,42,266600
1809,0.013229,172.31.46.0-255,66,254992,42,266600
1810,0.015582,74.125.24.0-255,5738,260730,42,266600
1811,0.015589,172.31.46.0-255,66,260796,42,266600
1812,0.017916,74.125.24.0-255,5738,266534,42,266600
1813,0.017924,172.31.46.0-255,66,266600,42,266600
1814,0.0,172.217.194.0-255,152,152,42,214107
1815,2.1e-05,172.31.46.0-255,66,218,42,214107
1816,2.7e-05,172.217.194.0-255,1484,1702,42,214107
1817,3.1e-05,172.31.46.0-255,66,1768,42,214107
1818,3.6e-05,172.217.194.0-255,2902,4670,42,214107
1819,4e-05,172.31.46.0-255,66,4736,42,214107
1820,4.6e-05,172.217.194.0-255,7156,11892,42,214107
1821,4.9e-05,172.31.46.0-255,66,11958,42,214107
1822,5.3e-05,172.217.194.0-255,2136,14094,42,214107
1823,5.5e-05,172.31.46.0-255,66,14160,42,214107
1824,9.2e-05,172.31.46.0-255,66,14226,42,214107
1825,0.000127,172.217.194.0-255,5379,19605,42,214107
1826,0.000129,172.31.46.0-255,66,19671,42,214107
1827,0.000197,172.217.194.0-255,1484,21155,42,214107
1828,0.000199,172.31.46.0-255,66,21221,42,214107
1829,0.000211,172.217.194.0-255,2902,24123,42,214107
1830,0.000213,172.31.46.0-255,66,24189,42,214107
1831,0.000216,172.217.194.0-255,1484,25673,42,214107
1832,0.000218,172.31.46.0-255,66,25739,42,214107
1833,0.000242,172.217.194.0-255,4320,30059,42,214107
1834,0.000244,172.31.46.0-255,66,30125,42,214107
1835,0.000263,172.217.194.0-255,7156,37281,42,214107
1836,0.000266,172.31.46.0-255,66,37347,42,214107
1837,0.000283,172.217.194.0-255,6797,44144,42,214107
1838,0.000286,172.31.46.0-255,66,44210,42,214107
1839,0.000309,172.217.194.0-255,1484,45694,42,214107
1840,0.00031,172.31.46.0-255,66,45760,42,214107
1841,0.000334,172.31.46.0-255,66,45826,42,214107
1842,0.000431,172.217.194.0-255,120,45946,42,214107
1843,0.000434,172.31.46.0-255,66,46012,42,214107
1844,0.000437,172.217.194.0-255,378,46390,42,214107
1845,0.000577,172.217.194.0-255,1484,47874,42,214107
1846,0.000589,172.31.46.0-255,66,47940,42,214107
1847,0.000594,172.217.194.0-255,2902,50842,42,214107
1848,0.000598,172.31.46.0-255,66,50908,42,214107
1849,0.000607,172.217.194.0-255,1484,52392,42,214107
1850,0.00061,172.217.194.0-255,1484,53876,42,214107
1851,0.000622,172.217.194.0-255,1484,55360,42,214107
1852,0.000627,172.217.194.0-255,4320,59680,42,214107
1853,0.000633,172.31.46.0-255,66,59746,42,214107
1854,0.000643,172.217.194.0-255,1484,61230,42,214107
1855,0.00067,172.217.194.0-255,4320,65550,42,214107
1856,0.000699,172.31.46.0-255,66,65616,42,214107
1857,0.000709,172.217.194.0-255,2902,68518,42,214107
1858,0.000723,172.217.194.0-255,3602,72120,42,214107
1859,0.000735,172.31.46.0-255,66,72186,42,214107
1860,0.000764,172.217.194.0-255,1484,73670,42,214107
1861,0.000769,172.217.194.0-255,2902,76572,42,214107
1862,0.000779,172.217.194.0-255,1484,78056,42,214107
1863,0.000793,172.217.194.0-255,4320,82376,42,214107
1864,0.000802,172.31.46.0-255,66,82442,42,214107
1865,0.000836,172.31.46.0-255,66,82508,42,214107
1866,0.000865,172.217.194.0-255,2902,85410,42,214107
1867,0.00087,172.31.46.0-255,66,85476,42,214107
1868,0.000905,172.31.46.0-255,66,85542,42,214107
1869,0.000923,172.217.194.0-255,2902,88444,42,214107
1870,0.000927,172.217.194.0-255,2902,91346,42,214107
1871,0.000937,172.217.194.0-255,1484,92830,42,214107
1872,0.000948,172.31.46.0-255,66,92896,42,214107
1873,0.000958,172.217.194.0-255,5738,98634,42,214107
1874,0.000968,172.31.46.0-255,66,98700,42,214107
1875,0.000972,172.217.194.0-255,2902,101602,42,214107
1876,0.000989,172.217.194.0-255,1484,103086,42,214107
1877,0.001013,172.31.46.0-255,66,103152,42,214107
1878,0.001052,172.31.46.0-255,66,103218,42,214107
1879,0.00107,172.217.194.0-255,1484,104702,42,214107
1880,0.001097,172.217.194.0-255,7156,111858,42,214107
1881,0.001135,172.31.46.0-255,66,111924,42,214107
1882,0.001151,172.217.194.0-255,4320,116244,42,214107
1883,0.001189,172.217.194.0-255,7156,123400,42,214107
1884,0.00121,172.217.194.0-255,5889,129289,42,214107
1885,0.001223,172.217.194.0-255,1484,130773,42,214107
1886,0.001225,172.31.46.0-255,66,130839,42,214107
1887,0.001231,172.31.46.0-255,66,130905,42,214107
1888,0.001264,172.31.46.0-255,66,130971,42,214107
1889,0.001305,172.217.194.0-255,4320,135291,42,214107
1890,0.001319,172.31.46.0-255,66,135357,42,214107
1891,0.001332,172.217.194.0-255,5738,141095,42,214107
1892,0.001351,172.31.46.0-255,66,141161,42,214107
1893,0.001358,172.217.194.0-255,5020,146181,42,214107
1894,0.001363,172.31.46.0-255,66,146247,42,214107
1895,0.001371,172.217.194.0-255,1484,147731,42,214107
1896,0.001375,172.217.194.0-255,2902,150633,42,214107
1897,0.001389,172.217.194.0-255,4320,154953,42,214107
1898,0.001405,172.217.194.0-255,1484,156437,42,214107
1899,0.001436,172.31.46.0-255,66,156503,42,214107
1900,0.001471,172.31.46.0-255,66,156569,42,214107
1901,0.001589,172.217.194.0-255,1484,158053,42,214107
1902,0.001593,172.217.194.0-255,2902,160955,42,214107
1903,0.001604,172.217.194.0-255,1484,162439,42,214107
1904,0.001607,172.31.46.0-255,66,162505,42,214107
1905,0.001618,172.217.194.0-255,4320,166825,42,214107
1906,0.001632,172.217.194.0-255,2902,169727,42,214107
1907,0.001647,172.217.194.0-255,7156,176883,42,214107
1908,0.001657,172.31.46.0-255,66,176949,42,214107
1909,0.001678,172.217.194.0-255,2902,179851,42,214107
1910,0.001702,172.217.194.0-255,1484,181335,42,214107
1911,0.001706,172.217.194.0-255,1484,182819,42,214107
1912,0.001722,172.31.46.0-255,66,182885,42,214107
1913,0.001726,172.217.194.0-255,1484,184369,42,214107
1914,0.001732,172.217.194.0-255,5738,190107,42,214107
1915,0.001742,172.31.46.0-255,66,190173,42,214107
1916,0.001778,172.217.194.0-255,5738,195911,42,214107
1917,0.001784,172.31.46.0-255,66,195977,42,214107
1918,0.001802,172.217.194.0-255,6438,202415,42,214107
1919,0.001818,172.31.46.0-255,66,202481,42,214107
1920,0.001852,172.217.194.0-255,4320,206801,42,214107
1921,0.001855,172.217.194.0-255,1484,208285,42,214107
1922,0.00188,172.217.194.0-255,4320,212605,42,214107
1923,0.001893,172.217.194.0-255,997,213602,42,214107
1924,0.001937,172.31.46.0-255,66,213668,42,214107
1925,0.00194,172.217.194.0-255,97,213765,42,214107
1926,0.001993,172.217.194.0-255,105,213870,42,214107
1927,0.004354,172.31.46.0-255,66,213936,42,214107
1928,0.00439,172.31.46.0-255,105,214041,42,214107
1929,0.006991,172.217.194.0-255,66,214107,42,214107
1930,0.0,74.125.24.0-255,146,146,42,124817
1931,2.4e-05,172.31.46.0-255,66,212,42,124817
1932,3.2e-05,74.125.24.0-255,1484,1696,42,124817
1933,3.7e-05,172.31.46.0-255,66,1762,42,124817
1934,4.1e-05,74.125.24.0-255,1484,3246,42,124817
1935,4.4e-05,172.31.46.0-255,66,3312,42,124817
1936,6.8e-05,74.125.24.0-255,2902,6214,42,124817
1937,7.2e-05,172.31.46.0-255,66,6280,42,124817
1938,7.9e-05,74.125.24.0-255,5738,12018,42,124817
1939,8.1e-05,172.31.46.0-255,66,12084,42,124817
1940,8.4e-05,74.125.24.0-255,1484,13568,42,124817
1941,8.6e-05,172.31.46.0-255,66,13634,42,124817
1942,0.000108,74.125.24.0-255,521,14155,42,124817
1943,0.00011,172.31.46.0-255,66,14221,42,124817
1944,0.000412,74.125.24.0-255,1484,15705,42,124817
1945,0.000418,74.125.24.0-255,2902,18607,42,124817
1946,0.000422,74.125.24.0-255,2902,21509,42,124817
1947,0.000428,172.31.46.0-255,66,21575,42,124817
1948,0.000436,172.31.46.0-255,66,21641,42,124817
1949,0.000439,172.31.46.0-255,66,21707,42,124817
1950,0.000445,74.125.24.0-255,2902,24609,42,124817
1951,0.000447,172.31.46.0-255,66,24675,42,124817
1952,0.000454,74.125.24.0-255,6797,31472,42,124817
1953,0.000457,172.31.46.0-255,66,31538,42,124817
1954,0.00048,74.125.24.0-255,1484,33022,42,124817
1955,0.000483,172.31.46.0-255,66,33088,42,124817
1956,0.000508,172.31.46.0-255,66,33154,42,124817
1957,0.000512,74.125.24.0-255,2543,35697,42,124817
1958,0.000514,172.31.46.0-255,66,35763,42,124817
1959,0.00129,74.125.24.0-255,1484,37247,42,124817
1960,0.001297,172.31.46.0-255,66,37313,42,124817
1961,0.001306,74.125.24.0-255,2902,40215,42,124817
1962,0.001309,172.31.46.0-255,66,40281,42,124817
1963,0.001316,74.125.24.0-255,5738,46019,42,124817
1964,0.001318,172.31.46.0-255,66,46085,42,124817
1965,0.001323,74.125.24.0-255,4320,50405,42,124817
1966,0.001325,172.31.46.0-255,66,50471,42,124817
1967,0.001367,74.125.24.0-255,2543,53014,42,124817
1968,0.001369,172.31.46.0-255,66,53080,42,124817
1969,0.001382,74.125.24.0-255,1484,54564,42,124817
1970,0.001401,74.125.24.0-255,1484,56048,42,124817
1971,0.001404,172.31.46.0-255,66,56114,42,124817
1972,0.001412,74.125.24.0-255,7156,63270,42,124817
1973,0.001414,172.31.46.0-255,66,63336,42,124817
1974,0.001426,172.31.46.0-255,66,63402,42,124817
1975,0.001502,74.125.24.0-255,1484,64886,42,124817
1976,0.001506,74.125.24.0-255,1484,66370,42,124817
1977,0.001526,74.125.24.0-255,1484,67854,42,124817
1978,0.001533,74.125.24.0-255,5738,73592,42,124817
1979,0.001573,74.125.24.0-255,4320,77912,42,124817
1980,0.001588,74.125.24.0-255,2543,80455,42,124817
1981,0.001942,74.125.24.0-255,1484,81939,42,124817
1982,0.00195,74.125.24.0-255,2902,84841,42,124817
1983,0.001953,74.125.24.0-255,1484,86325,42,124817
1984,0.001973,74.125.24.0-255,4320,90645,42,124817
1985,0.002006,74.125.24.0-255,2902,93547,42,124817
1986,0.002058,74.125.24.0-255,2184,95731,42,124817
1987,0.005185,172.31.46.0-255,66,95797,42,124817
1988,0.007774,74.125.24.0-255,5738,101535,42,124817
1989,0.007785,172.31.46.0-255,66,101601,42,124817
1990,0.01035,74.125.24.0-255,5738,107339,42,124817
1991,0.010366,172.31.46.0-255,66,107405,42,124817
1992,0.012956,74.125.24.0-255,5738,113143,42,124817
1993,0.012969,172.31.46.0-255,66,113209,42,124817
1994,0.01555,74.125.24.0-255,5738,118947,42,124817
1995,0.01557,172.31.46.0-255,66,119013,42,124817
1996,0.018179,74.125.24.0-255,5738,124751,42,124817
1997,0.018196,172.31.46.0-255,66,124817,42,124817
1998,0.0,172.217.194.0-255,150,150,42,191101
1999,2.2e-05,172.31.46.0-255,66,216,42,191101
2000,2.9e-05,172.217.194.0-255,1484,1700,42,191101
2001,3.3e-05,172.31.46.0-255,66,1766,42,191101
2002,3.9e-05,172.217.194.0-255,2902,4668,42,191101
2003,4.2e-05,172.31.46.0-255,66,4734,42,191101
2004,4.9e-05,172.217.194.0-255,5738,10472,42,191101
2005,5.2e-05,172.31.46.0-255,66,10538,42,191101
2006,7.5e-05,172.217.194.0-255,1484,12022,42,191101
2007,7.8e-05,172.31.46.0-255,66,12088,42,191101
2008,8.3e-05,172.217.194.0-255,2004,14092,42,191101
2009,8.5e-05,172.31.46.0-255,66,14158,42,191101
2010,8.8e-05,172.217.194.0-255,1484,15642,42,191101
2011,9.1e-05,172.31.46.0-255,66,15708,42,191101
2012,0.000111,172.217.194.0-255,1484,17192,42,191101
2013,0.000113,172.31.46.0-255,66,17258,42,191101
2014,0.000118,172.217.194.0-255,2902,20160,42,191101
2015,0.00012,172.31.46.0-255,66,20226,42,191101
2016,0.000139,172.217.194.0-255,1484,21710,42,191101
2017,0.000141,172.31.46.0-255,66,21776,42,191101
2018,0.000152,172.31.46.0-255,66,21842,42,191101
2019,0.000155,172.217.194.0-255,1125,22967,42,191101
2020,0.000157,172.31.46.0-255,66,23033,42,191101
2021,0.000191,172.217.194.0-255,1484,24517,42,191101
2022,0.000193,172.31.46.0-255,66,24583,42,191101
2023,0.000197,172.217.194.0-255,1484,26067,42,191101
2024,0.000198,172.31.46.0-255,66,26133,42,191101
2025,0.000216,172.217.194.0-255,2902,29035,42,191101
2026,0.000219,172.31.46.0-255,66,29101,42,191101
2027,0.000225,172.217.194.0-255,5738,34839,42,191101
2028,0.000227,172.31.46.0-255,66,34905,42,191101
2029,0.000266,172.217.194.0-255,5379,40284,42,191101
2030,0.000269,172.31.46.0-255,66,40350,42,191101
2031,0.00029,172.217.194.0-255,5738,46088,42,191101
2032,0.000293,172.31.46.0-255,66,46154,42,191101
2033,0.000331,172.31.46.0-255,66,46220,42,191101
2034,0.000349,172.217.194.0-255,2856,49076,42,191101
2035,0.000352,172.31.46.0-255,66,49142,42,191101
2036,0.000603,172.217.194.0-255,364,49506,42,191101
2037,0.000703,172.217.194.0-255,1484,50990,42,191101
2038,0.000708,172.217.194.0-255,2902,53892,42,191101
2039,0.000713,172.31.46.0-255,66,53958,42,191101
2040,0.000721,172.31.46.0-255,66,54024,42,191101
2041,0.000727,172.217.194.0-255,4320,58344,42,191101
2042,0.000729,172.31.46.0-255,66,58410,42,191101
2043,0.00075,172.217.194.0-255,1484,59894,42,191101
2044,0.000784,172.217.194.0-255,6797,66691,42,191101
2045,0.000787,172.31.46.0-255,66,66757,42,191101
2046,0.000806,172.217.194.0-255,2902,69659,42,191101
2047,0.00081,172.31.46.0-255,66,69725,42,191101
2048,0.000833,172.217.194.0-255,4320,74045,42,191101
2049,0.000835,172.31.46.0-255,66,74111,42,191101
2050,0.000841,172.217.194.0-255,4320,78431,42,191101
2051,0.000843,172.31.46.0-255,66,78497,42,191101
2052,0.000872,172.217.194.0-255,4320,82817,42,191101
2053,0.000875,172.31.46.0-255,66,82883,42,191101
2054,0.000878,172.217.194.0-255,1125,84008,42,191101
2055,0.001176,172.217.194.0-255,1484,85492,42,191101
2056,0.001181,172.217.194.0-255,2902,88394,42,191101
2057,0.001187,172.31.46.0-255,66,88460,42,191101
2058,0.00119,172.31.46.0-255,66,88526,42,191101
2059,0.001211,172.217.194.0-255,5738,94264,42,191101
2060,0.001214,172.31.46.0-255,66,94330,42,191101
2061,0.001229,172.217.194.0-255,2902,97232,42,191101
2062,0.001231,172.31.46.0-255,66,97298,42,191101
2063,0.001253,172.217.194.0-255,2902,100200,42,191101
2064,0.001257,172.31.46.0-255,66,100266,42,191101
2065,0.00126,172.31.46.0-255,66,100332,42,191101
2066,0.001278,172.217.194.0-255,5738,106070,42,191101
2067,0.001281,172.31.46.0-255,66,106136,42,191101
2068,0.001285,172.217.194.0-255,2184,108320,42,191101
2069,0.001286,172.31.46.0-255,66,108386,42,191101
2070,0.001402,172.217.194.0-255,1484,109870,42,191101
2071,0.001443,172.217.194.0-255,2902,112772,42,191101
2072,0.001446,172.31.46.0-255,66,112838,42,191101
2073,0.001453,172.217.194.0-255,5738,118576,42,191101
2074,0.001455,172.31.46.0-255,66,118642,42,191101
2075,0.001463,172.217.194.0-255,7156,125798,42,191101
2076,0.001466,172.31.46.0-255,66,125864,42,191101
2077,0.001471,172.217.194.0-255,4320,130184,42,191101
2078,0.001474,172.31.46.0-255,66,130250,42,191101
2079,0.00152,172.31.46.0-255,66,130316,42,191101
2080,0.001533,172.31.46.0-255,66,130382,42,191101
2081,0.001545,172.31.46.0-255,66,130448,42,191101
2082,0.00155,172.217.194.0-255,2902,133350,42,191101
2083,0.001552,172.31.46.0-255,66,133416,42,191101
2084,0.001577,172.31.46.0-255,66,133482,42,191101
2085,0.001755,172.217.194.0-255,1484,134966,42,191101
2086,0.001759,172.217.194.0-255,1484,136450,42,191101
2087,0.001762,172.31.46.0-255,66,136516,42,191101
2088,0.001782,172.217.194.0-255,1484,138000,42,191101
2089,0.001789,172.217.194.0-255,4320,142320,42,191101
2090,0.001792,172.31.46.0-255,66,142386,42,191101
2091,0.001811,172.217.194.0-255,1484,143870,42,191101
2092,0.001819,172.217.194.0-255,7156,151026,42,191101
2093,0.001822,172.31.46.0-255,66,151092,42,191101
2094,0.001832,172.31.46.0-255,66,151158,42,191101
2095,0.001846,172.217.194.0-255,5738,156896,42,191101
2096,0.00185,172.217.194.0-255,2184,159080,42,191101
2097,0.001853,172.31.46.0-255,66,159146,42,191101
2098,0.001856,172.31.46.0-255,66,159212,42,191101
2099,0.001976,172.217.194.0-255,1484,160696,42,191101
2100,0.00198,172.217.194.0-255,1484,162180,42,191101
2101,0.001983,172.31.46.0-255,66,162246,42,191101
2102,0.002004,172.217.194.0-255,1484,163730,42,191101
2103,0.002011,172.217.194.0-255,5738,169468,42,191101
2104,0.002013,172.31.46.0-255,66,169534,42,191101
2105,0.002028,172.31.46.0-255,66,169600,42,191101
2106,0.002053,172.217.194.0-255,4320,173920,42,191101
2107,0.002055,172.31.46.0-255,66,173986,42,191101
2108,0.002068,172.31.46.0-255,66,174052,42,191101
2109,0.002091,172.31.46.0-255,66,174118,42,191101
2110,0.002096,172.217.194.0-255,4320,178438,42,191101
2111,0.002099,172.31.46.0-255,66,178504,42,191101
2112,0.002133,172.31.46.0-255,66,178570,42,191101
2113,0.002137,172.217.194.0-255,2184,180754,42,191101
2114,0.002139,172.31.46.0-255,66,180820,42,191101
2115,0.002163,172.217.194.0-255,2902,183722,42,191101
2116,0.002165,172.31.46.0-255,66,183788,42,191101
2117,0.002201,172.31.46.0-255,66,183854,42,191101
2118,0.002235,172.217.194.0-255,1484,185338,42,191101
2119,0.002268,172.31.46.0-255,66,185404,42,191101
2120,0.002287,172.217.194.0-255,2184,187588,42,191101
2121,0.00229,172.31.46.0-255,66,187654,42,191101
2122,0.002293,172.217.194.0-255,1484,189138,42,191101
2123,0.002319,172.31.46.0-255,66,189204,42,191101
2124,0.002352,172.31.46.0-255,66,189270,42,191101
2125,0.002369,172.31.46.0-255,66,189336,42,191101
2126,0.002371,172.217.194.0-255,1423,190759,42,191101
2127,0.002374,172.217.194.0-255,105,190864,42,191101
2128,0.004921,172.31.46.0-255,66,190930,42,191101
2129,0.00496,172.31.46.0-255,105,191035,42,191101
2130,0.007531,172.217.194.0-255,66,191101,42,191101
2131,0.0,172.217.160.0-255,146,146,42,132189
2132,2.5e-05,172.31.46.0-255,66,212,42,132189
2133,3.2e-05,172.217.160.0-255,1484,1696,42,132189
2134,3.8e-05,172.31.46.0-255,66,1762,42,132189
2135,4.1e-05,172.217.160.0-255,1484,3246,42,132189
2136,4.5e-05,172.31.46.0-255,66,3312,42,132189
2137,5.2e-05,172.217.160.0-255,2902,6214,42,132189
2138,5.5e-05,172.31.46.0-255,66,6280,42,132189
2139,6.1e-05,172.217.160.0-255,5738,12018,42,132189
2140,6.5e-05,172.31.46.0-255,66,12084,42,132189
2141,0.000105,172.217.160.0-255,1940,14024,42,132189
2142,0.000107,172.31.46.0-255,66,14090,42,132189
2143,0.000167,172.217.160.0-255,1484,15574,42,132189
2144,0.000171,172.31.46.0-255,66,15640,42,132189
2145,0.000175,172.217.160.0-255,2902,18542,42,132189
2146,0.000177,172.31.46.0-255,66,18608,42,132189
2147,0.000197,172.217.160.0-255,5738,24346,42,132189
2148,0.000199,172.31.46.0-255,66,24412,42,132189
2149,0.000237,172.217.160.0-255,5738,30150,42,132189
2150,0.00024,172.31.46.0-255,66,30216,42,132189
2151,0.000254,172.217.160.0-255,1125,31341,42,132189
2152,0.000256,172.31.46.0-255,66,31407,42,132189
2153,0.000297,172.217.160.0-255,1484,32891,42,132189
2154,0.0003,172.31.46.0-255,66,32957,42,132189
2155,0.000305,172.217.160.0-255,2902,35859,42,132189
2156,0.000307,172.31.46.0-255,66,35925,42,132189
2157,0.000329,172.217.160.0-255,5738,41663,42,132189
2158,0.000332,172.31.46.0-255,66,41729,42,132189
2159,0.000339,172.217.160.0-255,6797,48526,42,132189
2160,0.000341,172.31.46.0-255,66,48592,42,132189
2161,0.00038,172.217.160.0-255,1484,50076,42,132189
2162,0.000396,172.31.46.0-255,66,50142,42,132189
2163,0.000402,172.217.160.0-255,2902,53044,42,132189
2164,0.000404,172.31.46.0-255,66,53110,42,132189
2165,0.000411,172.217.160.0-255,5738,58848,42,132189
2166,0.000414,172.31.46.0-255,66,58914,42,132189
2167,0.000416,172.217.160.0-255,1484,60398,42,132189
2168,0.000448,172.217.160.0-255,1484,61882,42,132189
2169,0.000451,172.31.46.0-255,66,61948,42,132189
2170,0.000456,172.217.160.0-255,2902,64850,42,132189
2171,0.000458,172.31.46.0-255,66,64916,42,132189
2172,0.000482,172.217.160.0-255,1125,66041,42,132189
2173,0.000735,172.31.46.0-255,101,66142,42,132189
2174,0.001238,172.217.160.0-255,645,66787,42,132189
2175,0.001602,172.217.160.0-255,1484,68271,42,132189
2176,0.001609,172.31.46.0-255,66,68337,42,132189
2177,0.001616,172.217.160.0-255,2902,71239,42,132189
2178,0.001618,172.31.46.0-255,66,71305,42,132189
2179,0.001625,172.217.160.0-255,5738,77043,42,132189
2180,0.001627,172.31.46.0-255,66,77109,42,132189
2181,0.001631,172.217.160.0-255,1484,78593,42,132189
2182,0.001675,172.31.46.0-255,66,78659,42,132189
2183,0.001686,172.31.46.0-255,66,78725,42,132189
2184,0.001704,172.217.160.0-255,2184,80909,42,132189
2185,0.001706,172.31.46.0-255,66,80975,42,132189
2186,0.002587,172.217.160.0-255,66,81041,42,132189
2187,0.003559,172.217.160.0-255,2902,83943,42,132189
2188,0.003563,172.31.46.0-255,66,84009,42,132189
2189,0.003585,172.217.160.0-255,2902,86911,42,132189
2190,0.003587,172.31.46.0-255,66,86977,42,132189
2191,0.005444,172.217.160.0-255,2902,89879,42,132189
2192,0.005446,172.31.46.0-255,66,89945,42,132189
2193,0.005466,172.217.160.0-255,2902,92847,42,132189
2194,0.005468,172.31.46.0-255,66,92913,42,132189
2195,0.007339,172.217.160.0-255,4320,97233,42,132189
2196,0.007345,172.31.46.0-255,66,97299,42,132189
2197,0.007366,172.217.160.0-255,1484,98783,42,132189
2198,0.009244,172.217.160.0-255,4320,103103,42,132189
2199,0.009253,172.31.46.0-255,66,103169,42,132189
2200,0.011148,172.217.160.0-255,5738,108907,42,132189
2201,0.011156,172.31.46.0-255,66,108973,42,132189
2202,0.013046,172.217.160.0-255,5738,114711,42,132189
2203,0.013053,172.31.46.0-255,66,114777,42,132189
2204,0.014944,172.217.160.0-255,5738,120515,42,132189
2205,0.014951,172.31.46.0-255,66,120581,42,132189
2206,0.016835,172.217.160.0-255,5738,126319,42,132189
2207,0.016841,172.31.46.0-255,66,126385,42,132189
2208,0.018732,172.217.160.0-255,5738,132123,42,132189
2209,0.018739,172.31.46.0-255,66,132189,42,132189
2210,0.0,74.125.24.0-255,152,152,42,164872
2211,2.6e-05,172.31.46.0-255,66,218,42,164872
2212,3.4e-05,74.125.24.0-255,1484,1702,42,164872
2213,3.8e-05,172.31.46.0-255,66,1768,42,164872
2214,5.6e-05,74.125.24.0-255,2902,4670,42,164872
2215,5.9e-05,172.31.46.0-255,66,4736,42,164872
2216,6.6e-05,74.125.24.0-255,5738,10474,42,164872
2217,7e-05,172.31.46.0-255,66,10540,42,164872
2218,0.000101,74.125.24.0-255,1484,12024,42,164872
2219,0.000104,172.31.46.0-255,66,12090,42,164872
2220,0.000116,172.31.46.0-255,66,12156,42,164872
2221,0.000127,172.31.46.0-255,66,12222,42,164872
2222,0.000168,74.125.24.0-255,2543,14765,42,164872
2223,0.000171,172.31.46.0-255,66,14831,42,164872
2224,0.000209,74.125.24.0-255,1484,16315,42,164872
2225,0.000211,172.31.46.0-255,66,16381,42,164872
2226,0.000215,74.125.24.0-255,1484,17865,42,164872
2227,0.000216,172.31.46.0-255,66,17931,42,164872
2228,0.000249,74.125.24.0-255,1484,19415,42,164872
2229,0.000252,172.31.46.0-255,66,19481,42,164872
2230,0.000259,74.125.24.0-255,5738,25219,42,164872
2231,0.000262,172.31.46.0-255,66,25285,42,164872
2232,0.000287,74.125.24.0-255,6797,32082,42,164872
2233,0.00029,172.31.46.0-255,66,32148,42,164872
2234,0.000493,74.125.24.0-255,1484,33632,42,164872
2235,0.000499,172.31.46.0-255,66,33698,42,164872
2236,0.000505,74.125.24.0-255,2902,36600,42,164872
2237,0.000507,172.31.46.0-255,66,36666,42,164872
2238,0.000517,74.125.24.0-255,5738,42404,42,164872
2239,0.00052,172.31.46.0-255,66,42470,42,164872
2240,0.000526,74.125.24.0-255,4320,46790,42,164872
2241,0.000528,172.31.46.0-255,66,46856,42,164872
2242,0.000578,74.125.24.0-255,3124,49980,42,164872
2243,0.000582,172.31.46.0-255,66,50046,42,164872
2244,0.000631,74.125.24.0-255,1484,51530,42,164872
2245,0.000637,74.125.24.0-255,2902,54432,42,164872
2246,0.00064,172.31.46.0-255,66,54498,42,164872
2247,0.000647,74.125.24.0-255,5738,60236,42,164872
2248,0.000649,172.31.46.0-255,66,60302,42,164872
2249,0.000705,172.31.46.0-255,66,60368,42,164872
2250,0.000731,74.125.24.0-255,2543,62911,42,164872
2251,0.000733,172.31.46.0-255,66,62977,42,164872
2252,0.000749,172.31.46.0-255,66,63043,42,164872
2253,0.000752,74.125.24.0-255,1125,64168,42,164872
2254,0.000812,74.125.24.0-255,1484,65652,42,164872
2255,0.000815,172.31.46.0-255,66,65718,42,164872
2256,0.00082,74.125.24.0-255,2902,68620,42,164872
2257,0.000823,172.31.46.0-255,66,68686,42,164872
2258,0.000834,74.125.24.0-255,5738,74424,42,164872
2259,0.000836,172.31.46.0-255,66,74490,42,164872
2260,0.000884,74.125.24.0-255,2902,77392,42,164872
2261,0.000886,172.31.46.0-255,66,77458,42,164872
2262,0.000909,74.125.24.0-255,3397,80855,42,164872
2263,0.000912,172.31.46.0-255,66,80921,42,164872
2264,0.001019,74.125.24.0-255,1484,82405,42,164872
2265,0.001043,74.125.24.0-255,2902,85307,42,164872
2266,0.001047,172.31.46.0-255,66,85373,42,164872
2267,0.00105,74.125.24.0-255,1484,86857,42,164872
2268,0.001075,74.125.24.0-255,4320,91177,42,164872
2269,0.001078,172.31.46.0-255,66,91243,42,164872
2270,0.001092,172.31.46.0-255,66,91309,42,164872
2271,0.001097,74.125.24.0-255,4320,95629,42,164872
2272,0.0011,172.31.46.0-255,66,95695,42,164872
2273,0.001131,74.125.24.0-255,2902,98597,42,164872
2274,0.001141,172.31.46.0-255,66,98663,42,164872
2275,0.001147,74.125.24.0-255,3602,102265,42,164872
2276,0.001149,172.31.46.0-255,66,102331,42,164872
2277,0.001186,74.125.24.0-255,1484,103815,42,164872
2278,0.001207,74.125.24.0-255,2902,106717,42,164872
2279,0.00121,172.31.46.0-255,66,106783,42,164872
2280,0.001217,74.125.24.0-255,5738,112521,42,164872
2281,0.00122,172.31.46.0-255,66,112587,42,164872
2282,0.001261,74.125.24.0-255,5787,118374,42,164872
2283,0.001264,172.31.46.0-255,66,118440,42,164872
2284,0.003547,74.125.24.0-255,5738,124178,42,164872
2285,0.003553,172.31.46.0-255,66,124244,42,164872
2286,0.005791,74.125.24.0-255,5738,129982,42,164872
2287,0.005798,172.31.46.0-255,66,130048,42,164872
2288,0.008066,74.125.24.0-255,5738,135786,42,164872
2289,0.008073,172.31.46.0-255,66,135852,42,164872
2290,0.010348,74.125.24.0-255,5738,141590,42,164872
2291,0.010355,172.31.46.0-255,66,141656,42,164872
2292,0.012621,74.125.24.0-255,5738,147394,42,164872
2293,0.012628,172.31.46.0-255,66,147460,42,164872
2294,0.014895,74.125.24.0-255,5738,153198,42,164872
2295,0.014901,172.31.46.0-255,66,153264,42,164872
2296,0.017194,74.125.24.0-255,5738,159002,42,164872
2297,0.017201,172.31.46.0-255,66,159068,42,164872
2298,0.019452,74.125.24.0-255,5738,164806,42,164872
2299,0.019459,172.31.46.0-255,66,164872,42,164872
2300,0.0,74.125.24.0-255,153,153,42,170433
2301,2.6e-05,172.31.46.0-255,66,219,42,170433
2302,3.4e-05,74.125.24.0-255,1484,1703,42,170433
2303,3.9e-05,172.31.46.0-255,66,1769,42,170433
2304,4.5e-05,74.125.24.0-255,2902,4671,42,170433
2305,4.7e-05,172.31.46.0-255,66,4737,42,170433
2306,5.6e-05,74.125.24.0-255,7156,11893,42,170433
2307,5.8e-05,172.31.46.0-255,66,11959,42,170433
2308,6.2e-05,74.125.24.0-255,2087,14046,42,170433
2309,6.6e-05,172.31.46.0-255,66,14112,42,170433
2310,7.5e-05,74.125.24.0-255,7156,21268,42,170433
2311,7.8e-05,172.31.46.0-255,66,21334,42,170433
2312,0.000105,74.125.24.0-255,4320,25654,42,170433
2313,0.000108,172.31.46.0-255,66,25720,42,170433
2314,0.000115,74.125.24.0-255,5379,31099,42,170433
2315,0.000117,172.31.46.0-255,66,31165,42,170433
2316,0.000206,74.125.24.0-255,1484,32649,42,170433
2317,0.000209,172.31.46.0-255,66,32715,42,170433
2318,0.000214,74.125.24.0-255,2902,35617,42,170433
2319,0.000216,172.31.46.0-255,66,35683,42,170433
2320,0.000248,74.125.24.0-255,5738,41421,42,170433
2321,0.000251,172.31.46.0-255,66,41487,42,170433
2322,0.000257,74.125.24.0-255,4320,45807,42,170433
2323,0.000259,172.31.46.0-255,66,45873,42,170433
2324,0.000273,74.125.24.0-255,2543,48416,42,170433
2325,0.000275,172.31.46.0-255,66,48482,42,170433
2326,0.00028,74.125.24.0-255,4320,52802,42,170433
2327,0.000283,172.31.46.0-255,66,52868,42,170433
2328,0.000304,74.125.24.0-255,2902,55770,42,170433
2329,0.000306,172.31.46.0-255,66,55836,42,170433
2330,0.000318,172.31.46.0-255,66,55902,42,170433
2331,0.000729,74.125.24.0-255,645,56547,42,170433
2332,0.001034,172.31.46.0-255,66,56613,42,170433
2333,0.001183,74.125.24.0-255,1484,58097,42,170433
2334,0.001192,74.125.24.0-255,2902,60999,42,170433
2335,0.001195,172.31.46.0-255,66,61065,42,170433
2336,0.001204,74.125.24.0-255,5738,66803,42,170433
2337,0.001206,172.31.46.0-255,66,66869,42,170433
2338,0.001231,74.125.24.0-255,5738,72607,42,170433
2339,0.001233,172.31.46.0-255,66,72673,42,170433
2340,0.001253,74.125.24.0-255,7156,79829,42,170433
2341,0.001255,172.31.46.0-255,66,79895,42,170433
2342,0.001259,74.125.24.0-255,2902,82797,42,170433
2343,0.001261,172.31.46.0-255,66,82863,42,170433
2344,0.001285,172.31.46.0-255,66,82929,42,170433
2345,0.00169,74.125.24.0-255,1484,84413,42,170433
2346,0.001713,74.125.24.0-255,2902,87315,42,170433
2347,0.001715,172.31.46.0-255,66,87381,42,170433
2348,0.001722,74.125.24.0-255,5738,93119,42,170433
2349,0.001724,172.31.46.0-255,66,93185,42,170433
2350,0.001767,172.31.46.0-255,66,93251,42,170433
2351,0.00182,74.125.24.0-255,7156,100407,42,170433
2352,0.001822,172.31.46.0-255,66,100473,42,170433
2353,0.00184,74.125.24.0-255,3602,104075,42,170433
2354,0.001843,172.31.46.0-255,66,104141,42,170433
2355,0.002116,74.125.24.0-255,1484,105625,42,170433
2356,0.002128,74.125.24.0-255,2902,108527,42,170433
2357,0.002131,172.31.46.0-255,66,108593,42,170433
2358,0.002134,74.125.24.0-255,1484,110077,42,170433
2359,0.002151,74.125.24.0-255,4320,114397,42,170433
2360,0.002154,172.31.46.0-255,66,114463,42,170433
2361,0.002168,74.125.24.0-255,4320,118783,42,170433
2362,0.002171,172.31.46.0-255,66,118849,42,170433
2363,0.002196,172.31.46.0-255,66,118915,42,170433
2364,0.002219,74.125.24.0-255,4320,123235,42,170433
2365,0.002221,172.31.46.0-255,66,123301,42,170433
2366,0.002238,74.125.24.0-255,6438,129739,42,170433
2367,0.002241,172.31.46.0-255,66,129805,42,170433
2368,0.004596,74.125.24.0-255,5738,135543,42,170433
2369,0.004606,172.31.46.0-255,66,135609,42,170433
2370,0.006999,74.125.24.0-255,5738,141347,42,170433
2371,0.007017,172.31.46.0-255,66,141413,42,170433
2372,0.009393,74.125.24.0-255,5738,147151,42,170433
2373,0.009401,172.31.46.0-255,66,147217,42,170433
2374,0.011793,74.125.24.0-255,5738,152955,42,170433
2375,0.011805,172.31.46.0-255,66,153021,42,170433
2376,0.014179,74.125.24.0-255,5738,158759,42,170433
2377,0.014195,172.31.46.0-255,66,158825,42,170433
2378,0.016568,74.125.24.0-255,5738,164563,42,170433
2379,0.016587,172.31.46.0-255,66,164629,42,170433
2380,0.018958,74.125.24.0-255,5738,170367,42,170433
2381,0.018973,172.31.46.0-255,66,170433,42,170433
2382,0.0,172.31.46.0-255,66,66,42,66
2383,0.0,74.125.24.0-255,153,153,42,166920
2384,2.3e-05,172.31.46.0-255,66,219,42,166920
2385,3e-05,74.125.24.0-255,1484,1703,42,166920
2386,3.5e-05,172.31.46.0-255,66,1769,42,166920
2387,4e-05,74.125.24.0-255,2902,4671,42,166920
2388,4.3e-05,172.31.46.0-255,66,4737,42,166920
2389,5e-05,74.125.24.0-255,5738,10475,42,166920
2390,5.4e-05,172.31.46.0-255,66,10541,42,166920
2391,9.6e-05,172.31.46.0-255,66,10607,42,166920
2392,9.9e-05,74.125.24.0-255,1484,12091,42,166920
2393,0.000101,172.31.46.0-255,66,12157,42,166920
2394,0.000148,74.125.24.0-255,5379,17536,42,166920
2395,0.000151,172.31.46.0-255,66,17602,42,166920
2396,0.000229,74.125.24.0-255,1484,19086,42,166920
2397,0.000233,172.31.46.0-255,66,19152,42,166920
2398,0.000238,74.125.24.0-255,2902,22054,42,166920
2399,0.00024,172.31.46.0-255,66,22120,42,166920
2400,0.000246,74.125.24.0-255,5738,27858,42,166920
2401,0.000249,172.31.46.0-255,66,27924,42,166920
2402,0.000292,172.31.46.0-255,66,27990,42,166920
2403,0.000296,74.125.24.0-255,2902,30892,42,166920
2404,0.000298,172.31.46.0-255,66,30958,42,166920
2405,0.000313,74.125.24.0-255,4320,35278,42,166920
2406,0.000315,172.31.46.0-255,66,35344,42,166920
2407,0.000334,74.125.24.0-255,3901,39245,42,166920
2408,0.000336,172.31.46.0-255,66,39311,42,166920
2409,0.000491,74.125.24.0-255,1484,40795,42,166920
2410,0.000495,172.31.46.0-255,66,40861,42,166920
2411,0.000513,74.125.24.0-255,2902,43763,42,166920
2412,0.000516,172.31.46.0-255,66,43829,42,166920
2413,0.00052,74.125.24.0-255,2902,46731,42,166920
2414,0.000522,172.31.46.0-255,66,46797,42,166920
2415,0.000543,74.125.24.0-255,2902,49699,42,166920
2416,0.000546,172.31.46.0-255,66,49765,42,166920
2417,0.000551,74.125.24.0-255,5738,55503,42,166920
2418,0.000554,172.31.46.0-255,66,55569,42,166920
2419,0.000587,74.125.24.0-255,1484,57053,42,166920
2420,0.000613,172.31.46.0-255,66,57119,42,166920
2421,0.000619,74.125.24.0-255,4320,61439,42,166920
2422,0.000621,172.31.46.0-255,66,61505,42,166920
2423,0.000648,74.125.24.0-255,1125,62630,42,166920
2424,0.001105,74.125.24.0-255,1484,64114,42,166920
2425,0.001111,172.31.46.0-255,66,64180,42,166920
2426,0.001143,74.125.24.0-255,2902,67082,42,166920
2427,0.001146,172.31.46.0-255,66,67148,42,166920
2428,0.001186,74.125.24.0-255,2902,70050,42,166920
2429,0.001188,172.31.46.0-255,66,70116,42,166920
2430,0.001194,74.125.24.0-255,4320,74436,42,166920
2431,0.001196,172.31.46.0-255,66,74502,42,166920
2432,0.001232,74.125.24.0-255,4320,78822,42,166920
2433,0.00124,74.125.24.0-255,7156,85978,42,166920
2434,0.001244,172.31.46.0-255,66,86044,42,166920
2435,0.001246,172.31.46.0-255,66,86110,42,166920
2436,0.001255,74.125.24.0-255,2902,89012,42,166920
2437,0.001257,172.31.46.0-255,66,89078,42,166920
2438,0.001261,74.125.24.0-255,2902,91980,42,166920
2439,0.001264,172.31.46.0-255,66,92046,42,166920
2440,0.001291,74.125.24.0-255,5020,97066,42,166920
2441,0.001294,172.31.46.0-255,66,97132,42,166920
2442,0.001695,74.125.24.0-255,1484,98616,42,166920
2443,0.001712,74.125.24.0-255,2902,101518,42,166920
2444,0.001715,172.31.46.0-255,66,101584,42,166920
2445,0.00174,74.125.24.0-255,5738,107322,42,166920
2446,0.001744,172.31.46.0-255,66,107388,42,166920
2447,0.00176,74.125.24.0-255,1484,108872,42,166920
2448,0.001789,172.31.46.0-255,66,108938,42,166920
2449,0.001831,172.31.46.0-255,66,109004,42,166920
2450,0.001848,74.125.24.0-255,2184,111188,42,166920
2451,0.00185,172.31.46.0-255,66,111254,42,166920
2452,0.002007,74.125.24.0-255,1484,112738,42,166920
2453,0.002023,74.125.24.0-255,2902,115640,42,166920
2454,0.002026,172.31.46.0-255,66,115706,42,166920
2455,0.00203,74.125.24.0-255,1484,117190,42,166920
2456,0.002051,74.125.24.0-255,4320,121510,42,166920
2457,0.002054,172.31.46.0-255,66,121576,42,166920
2458,0.002066,172.31.46.0-255,66,121642,42,166920
2459,0.002088,74.125.24.0-255,1484,123126,42,166920
2460,0.0021,172.31.46.0-255,66,123192,42,166920
2461,0.004127,74.125.24.0-255,4320,127512,42,166920
2462,0.004134,172.31.46.0-255,66,127578,42,166920
2463,0.004154,74.125.24.0-255,1484,129062,42,166920
2464,0.006155,74.125.24.0-255,2902,131964,42,166920
2465,0.006158,172.31.46.0-255,66,132030,42,166920
2466,0.006176,74.125.24.0-255,1484,133514,42,166920
2467,0.008171,74.125.24.0-255,4320,137834,42,166920
2468,0.008177,172.31.46.0-255,66,137900,42,166920
2469,0.010205,74.125.24.0-255,5738,143638,42,166920
2470,0.010212,172.31.46.0-255,66,143704,42,166920
2471,0.012226,74.125.24.0-255,5738,149442,42,166920
2472,0.012235,172.31.46.0-255,66,149508,42,166920
2473,0.014288,74.125.24.0-255,5738,155246,42,166920
2474,0.014297,172.31.46.0-255,66,155312,42,166920
2475,0.016325,74.125.24.0-255,5738,161050,42,166920
2476,0.016333,172.31.46.0-255,66,161116,42,166920
2477,0.018371,74.125.24.0-255,5738,166854,42,166920
2478,0.018379,172.31.46.0-255,66,166920,42,166920
2479,0.0,172.253.118.0-255,153,153,42,180746
2480,2.5e-05,172.31.46.0-255,66,219,42,180746
2481,3.3e-05,172.253.118.0-255,1484,1703,42,180746
2482,3.9e-05,172.31.46.0-255,66,1769,42,180746
2483,7.6e-05,172.253.118.0-255,2902,4671,42,180746
2484,8.4e-05,172.31.46.0-255,66,4737,42,180746
2485,9.1e-05,172.253.118.0-255,5738,10475,42,180746
2486,9.3e-05,172.31.46.0-255,66,10541,42,180746
2487,0.000101,172.253.118.0-255,7156,17697,42,180746
2488,0.000103,172.31.46.0-255,66,17763,42,180746
2489,0.000132,172.253.118.0-255,1977,19740,42,180746
2490,0.000135,172.31.46.0-255,66,19806,42,180746
2491,0.000148,172.31.46.0-255,66,19872,42,180746
2492,0.000151,172.253.118.0-255,1125,20997,42,180746
2493,0.000153,172.31.46.0-255,66,21063,42,180746
2494,0.000632,172.253.118.0-255,1484,22547,42,180746
2495,0.000638,172.31.46.0-255,66,22613,42,180746
2496,0.000644,172.253.118.0-255,2902,25515,42,180746
2497,0.000647,172.31.46.0-255,66,25581,42,180746
2498,0.000658,172.253.118.0-255,5738,31319,42,180746
2499,0.000661,172.31.46.0-255,66,31385,42,180746
2500,0.000667,172.253.118.0-255,5738,37123,42,180746
2501,0.000669,172.31.46.0-255,66,37189,42,180746
2502,0.000702,172.253.118.0-255,1484,38673,42,180746
2503,0.000705,172.31.46.0-255,66,38739,42,180746
2504,0.000719,172.31.46.0-255,66,38805,42,180746
2505,0.000723,172.253.118.0-255,2184,40989,42,180746
2506,0.000725,172.31.46.0-255,66,41055,42,180746
2507,0.000751,172.253.118.0-255,428,41483,42,180746
2508,0.000754,172.31.46.0-255,66,41549,42,180746
2509,0.000939,172.253.118.0-255,1484,43033,42,180746
2510,0.000946,172.253.118.0-255,2902,45935,42,180746
2511,0.00095,172.31.46.0-255,66,46001,42,180746
2512,0.000954,172.253.118.0-255,2902,48903,42,180746
2513,0.000956,172.31.46.0-255,66,48969,42,180746
2514,0.00099,172.253.118.0-255,7156,56125,42,180746
2515,0.000993,172.31.46.0-255,66,56191,42,180746
2516,0.001019,172.31.46.0-255,66,56257,42,180746
2517,0.001048,172.253.118.0-255,7156,63413,42,180746
2518,0.001051,172.31.46.0-255,66,63479,42,180746
2519,0.001057,172.253.118.0-255,3602,67081,42,180746
2520,0.001059,172.31.46.0-255,66,67147,42,180746
2521,0.001729,172.253.118.0-255,1484,68631,42,180746
2522,0.00174,172.253.118.0-255,2902,71533,42,180746
2523,0.001744,172.31.46.0-255,66,71599,42,180746
2524,0.001752,172.253.118.0-255,5738,77337,42,180746
2525,0.001754,172.31.46.0-255,66,77403,42,180746
2526,0.00178,172.31.46.0-255,66,77469,42,180746
2527,0.001808,172.253.118.0-255,2902,80371,42,180746
2528,0.00181,172.31.46.0-255,66,80437,42,180746
2529,0.001817,172.253.118.0-255,4320,84757,42,180746
2530,0.001819,172.31.46.0-255,66,84823,42,180746
2531,0.001845,172.253.118.0-255,6438,91261,42,180746
2532,0.001848,172.31.46.0-255,66,91327,42,180746
2533,0.001864,172.253.118.0-255,4320,95647,42,180746
2534,0.001866,172.31.46.0-255,66,95713,42,180746
2535,0.001894,172.253.118.0-255,4320,100033,42,180746
2536,0.001897,172.31.46.0-255,66,100099,42,180746
2537,0.001913,172.31.46.0-255,66,100165,42,180746
2538,0.001953,172.253.118.0-255,5738,105903,42,180746
2539,0.001955,172.31.46.0-255,66,105969,42,180746
2540,0.001991,172.31.46.0-255,66,106035,42,180746
2541,0.002025,172.253.118.0-255,1484,107519,42,180746
2542,0.002031,172.253.118.0-255,2902,110421,42,180746
2543,0.002033,172.31.46.0-255,66,110487,42,180746
2544,0.002061,172.253.118.0-255,5738,116225,42,180746
2545,0.002065,172.31.46.0-255,66,116291,42,180746
2546,0.002068,172.253.118.0-255,1484,117775,42,180746
2547,0.0021,172.31.46.0-255,66,117841,42,180746
2548,0.002126,172.253.118.0-255,5738,123579,42,180746
2549,0.002129,172.31.46.0-255,66,123645,42,180746
2550,0.002162,172.253.118.0-255,5020,128665,42,180746
2551,0.002165,172.31.46.0-255,66,128731,42,180746
2552,0.002205,172.253.118.0-255,1484,130215,42,180746
2553,0.002228,172.253.118.0-255,2902,133117,42,180746
2554,0.002231,172.31.46.0-255,66,133183,42,180746
2555,0.002237,172.253.118.0-255,5738,138921,42,180746
2556,0.00224,172.31.46.0-255,66,138987,42,180746
2557,0.002247,172.253.118.0-255,1484,140471,42,180746
2558,0.002285,172.31.46.0-255,66,140537,42,180746
2559,0.002296,172.31.46.0-255,66,140603,42,180746
2560,0.002299,172.253.118.0-255,766,141369,42,180746
2561,0.004551,172.253.118.0-255,4320,145689,42,180746
2562,0.004559,172.31.46.0-255,66,145755,42,180746
2563,0.00506,172.31.46.0-255,101,145856,42,180746
2564,0.006831,172.253.118.0-255,5738,151594,42,180746
2565,0.006837,172.31.46.0-255,66,151660,42,180746
2566,0.007272,172.253.118.0-255,66,151726,42,180746
2567,0.0091,172.253.118.0-255,5738,157464,42,180746
2568,0.009106,172.31.46.0-255,66,157530,42,180746
2569,0.011385,172.253.118.0-255,5738,163268,42,180746
2570,0.011394,172.31.46.0-255,66,163334,42,180746
2571,0.013679,172.253.118.0-255,5738,169072,42,180746
2572,0.013687,172.31.46.0-255,66,169138,42,180746
2573,0.015965,172.253.118.0-255,5738,174876,42,180746
2574,0.015973,172.31.46.0-255,66,174942,42,180746
2575,0.018251,172.253.118.0-255,5738,180680,42,180746
2576,0.018259,172.31.46.0-255,66,180746,42,180746
2577,0.0,172.217.27.0-255,152,152,42,113035
2578,2.3e-05,172.31.46.0-255,66,218,42,113035
2579,2.9e-05,172.217.27.0-255,1484,1702,42,113035
2580,3.5e-05,172.31.46.0-255,66,1768,42,113035
2581,4.1e-05,172.217.27.0-255,2902,4670,42,113035
2582,5.2e-05,172.31.46.0-255,66,4736,42,113035
2583,5.7e-05,172.217.27.0-255,2902,7638,42,113035
2584,6e-05,172.31.46.0-255,66,7704,42,113035
2585,6.6e-05,172.217.27.0-255,4320,12024,42,113035
2586,6.8e-05,172.31.46.0-255,66,12090,42,113035
2587,0.0001,172.217.27.0-255,2005,14095,42,113035
2588,0.000103,172.31.46.0-255,66,14161,42,113035
2589,0.000933,172.217.27.0-255,1484,15645,42,113035
2590,0.00094,172.31.46.0-255,66,15711,42,113035
2591,0.00095,172.217.27.0-255,2902,18613,42,113035
2592,0.000953,172.31.46.0-255,66,18679,42,113035
2593,0.000959,172.217.27.0-255,4320,22999,42,113035
2594,0.000966,172.31.46.0-255,66,23065,42,113035
2595,0.000997,172.217.27.0-255,1484,24549,42,113035
2596,0.001,172.31.46.0-255,66,24615,42,113035
2597,0.001008,172.217.27.0-255,6797,31412,42,113035
2598,0.00101,172.31.46.0-255,66,31478,42,113035
2599,0.001456,172.217.27.0-255,1484,32962,42,113035
2600,0.001464,172.31.46.0-255,66,33028,42,113035
2601,0.00147,172.217.27.0-255,2902,35930,42,113035
2602,0.001473,172.31.46.0-255,66,35996,42,113035
2603,0.001505,172.217.27.0-255,5738,41734,42,113035
2604,0.001508,172.31.46.0-255,66,41800,42,113035
2605,0.001513,172.217.27.0-255,4320,46120,42,113035
2606,0.001515,172.31.46.0-255,66,46186,42,113035
2607,0.001545,172.217.27.0-255,2543,48729,42,113035
2608,0.001547,172.31.46.0-255,66,48795,42,113035
2609,0.003134,172.217.27.0-255,2902,51697,42,113035
2610,0.003139,172.31.46.0-255,66,51763,42,113035
2611,0.003165,172.217.27.0-255,2902,54665,42,113035
2612,0.003167,172.31.46.0-255,66,54731,42,113035
2613,0.004776,172.217.27.0-255,2902,57633,42,113035
2614,0.004784,172.31.46.0-255,66,57699,42,113035
2615,0.004811,172.217.27.0-255,2902,60601,42,113035
2616,0.004814,172.31.46.0-255,66,60667,42,113035
2617,0.006416,172.217.27.0-255,2902,63569,42,113035
2618,0.006424,172.31.46.0-255,66,63635,42,113035
2619,0.006451,172.217.27.0-255,2902,66537,42,113035
2620,0.006454,172.31.46.0-255,66,66603,42,113035
2621,0.008068,172.217.27.0-255,5738,72341,42,113035
2622,0.008077,172.31.46.0-255,66,72407,42,113035
2623,0.009716,172.217.27.0-255,5738,78145,42,113035
2624,0.009726,172.31.46.0-255,66,78211,42,113035
2625,0.011361,172.217.27.0-255,5738,83949,42,113035
2626,0.011369,172.31.46.0-255,66,84015,42,113035
2627,0.01306,172.217.27.0-255,5738,89753,42,113035
2628,0.013068,172.31.46.0-255,66,89819,42,113035
2629,0.0147,172.217.27.0-255,5738,95557,42,113035
2630,0.014707,172.31.46.0-255,66,95623,42,113035
2631,0.01634,172.217.27.0-255,5738,101361,42,113035
2632,0.016347,172.31.46.0-255,66,101427,42,113035
2633,0.017987,172.217.27.0-255,5738,107165,42,113035
2634,0.017994,172.31.46.0-255,66,107231,42,113035
2635,0.019635,172.217.27.0-255,5738,112969,42,113035
2636,0.019641,172.31.46.0-255,66,113035,42,113035
2637,0.0,74.125.68.0-255,153,153,42,219483
2638,2.6e-05,172.31.46.0-255,66,219,42,219483
2639,3.3e-05,74.125.68.0-255,1484,1703,42,219483
2640,3.7e-05,172.31.46.0-255,66,1769,42,219483
2641,4.3e-05,74.125.68.0-255,2902,4671,42,219483
2642,4.6e-05,172.31.46.0-255,66,4737,42,219483
2643,4.9e-05,74.125.68.0-255,1484,6221,42,219483
2644,5.2e-05,172.31.46.0-255,66,6287,42,219483
2645,8.2e-05,74.125.68.0-255,2902,9189,42,219483
2646,8.5e-05,172.31.46.0-255,66,9255,42,219483
2647,9e-05,74.125.68.0-255,2902,12157,42,219483
2648,9.2e-05,172.31.46.0-255,66,12223,42,219483
2649,0.000105,74.125.68.0-255,2137,14360,42,219483
2650,0.000109,172.31.46.0-255,66,14426,42,219483
2651,0.000278,74.125.68.0-255,1484,15910,42,219483
2652,0.000284,172.31.46.0-255,66,15976,42,219483
2653,0.000302,74.125.68.0-255,2902,18878,42,219483
2654,0.000305,172.31.46.0-255,66,18944,42,219483
2655,0.00033,74.125.68.0-255,4320,23264,42,219483
2656,0.000333,172.31.46.0-255,66,23330,42,219483
2657,0.000353,74.125.68.0-255,4320,27650,42,219483
2658,0.000356,172.31.46.0-255,66,27716,42,219483
2659,0.000397,74.125.68.0-255,3961,31677,42,219483
2660,0.0004,172.31.46.0-255,66,31743,42,219483
2661,0.000466,74.125.68.0-255,1484,33227,42,219483
2662,0.00047,172.31.46.0-255,66,33293,42,219483
2663,0.000501,74.125.68.0-255,2902,36195,42,219483
2664,0.000504,172.31.46.0-255,66,36261,42,219483
2665,0.000521,74.125.68.0-255,1484,37745,42,219483
2666,0.000523,172.31.46.0-255,66,37811,42,219483
2667,0.000556,74.125.68.0-255,2902,40713,42,219483
2668,0.00056,172.31.46.0-255,66,40779,42,219483
2669,0.000591,74.125.68.0-255,1484,42263,42,219483
2670,0.000611,74.125.68.0-255,2902,45165,42,219483
2671,0.000616,74.125.68.0-255,5379,50544,42,219483
2672,0.000622,172.31.46.0-255,66,50610,42,219483
2673,0.000643,74.125.68.0-255,5738,56348,42,219483
2674,0.000646,74.125.68.0-255,1484,57832,42,219483
2675,0.000654,172.31.46.0-255,66,57898,42,219483
2676,0.000664,74.125.68.0-255,2902,60800,42,219483
2677,0.000673,172.31.46.0-255,66,60866,42,219483
2678,0.00068,74.125.68.0-255,5651,66517,42,219483
2679,0.000701,172.31.46.0-255,66,66583,42,219483
2680,0.000745,74.125.68.0-255,382,66965,42,219483
2681,0.000908,74.125.68.0-255,1484,68449,42,219483
2682,0.000917,172.31.46.0-255,66,68515,42,219483
2683,0.000937,74.125.68.0-255,2902,71417,42,219483
2684,0.000958,74.125.68.0-255,1484,72901,42,219483
2685,0.000961,172.31.46.0-255,66,72967,42,219483
2686,0.000978,74.125.68.0-255,2902,75869,42,219483
2687,0.000997,172.31.46.0-255,66,75935,42,219483
2688,0.001008,74.125.68.0-255,1484,77419,42,219483
2689,0.001073,74.125.68.0-255,1484,78903,42,219483
2690,0.00109,74.125.68.0-255,2902,81805,42,219483
2691,0.001105,172.31.46.0-255,66,81871,42,219483
2692,0.001108,74.125.68.0-255,1484,83355,42,219483
2693,0.001135,74.125.68.0-255,2543,85898,42,219483
2694,0.001139,172.31.46.0-255,66,85964,42,219483
2695,0.001163,74.125.68.0-255,5738,91702,42,219483
2696,0.001166,74.125.68.0-255,1484,93186,42,219483
2697,0.001185,74.125.68.0-255,5738,98924,42,219483
2698,0.001188,172.31.46.0-255,66,98990,42,219483
2699,0.001194,172.31.46.0-255,66,99056,42,219483
2700,0.001203,74.125.68.0-255,2543,101599,42,219483
2701,0.001236,172.31.46.0-255,66,101665,42,219483
2702,0.001268,74.125.68.0-255,2902,104567,42,219483
2703,0.001274,74.125.68.0-255,4320,108887,42,219483
2704,0.001286,172.31.46.0-255,66,108953,42,219483
2705,0.001305,74.125.68.0-255,1484,110437,42,219483
2706,0.001335,74.125.68.0-255,7156,117593,42,219483
2707,0.001352,172.31.46.0-255,66,117659,42,219483
2708,0.001361,74.125.68.0-255,1484,119143,42,219483
2709,0.001379,74.125.68.0-255,2902,122045,42,219483
2710,0.001385,172.31.46.0-255,66,122111,42,219483
2711,0.00142,74.125.68.0-255,1484,123595,42,219483
2712,0.001435,74.125.68.0-255,1484,125079,42,219483
2713,0.001446,74.125.68.0-255,766,125845,42,219483
2714,0.001456,172.31.46.0-255,66,125911,42,219483
2715,0.001557,74.125.68.0-255,1484,127395,42,219483
2716,0.001562,74.125.68.0-255,2902,130297,42,219483
2717,0.00158,74.125.68.0-255,4320,134617,42,219483
2718,0.001593,172.31.46.0-255,66,134683,42,219483
2719,0.00162,74.125.68.0-255,5738,140421,42,219483
2720,0.001632,74.125.68.0-255,1484,141905,42,219483
2721,0.001637,74.125.68.0-255,4320,146225,42,219483
2722,0.001641,172.31.46.0-255,66,146291,42,219483
2723,0.001661,74.125.68.0-255,4320,150611,42,219483
2724,0.001663,74.125.68.0-255,766,151377,42,219483
2725,0.001674,172.31.46.0-255,66,151443,42,219483
2726,0.001757,74.125.68.0-255,1484,152927,42,219483
2727,0.00178,74.125.68.0-255,2902,155829,42,219483
2728,0.001786,172.31.46.0-255,66,155895,42,219483
2729,0.00181,74.125.68.0-255,5738,161633,42,219483
2730,0.001813,74.125.68.0-255,1484,163117,42,219483
2731,0.001821,172.31.46.0-255,66,163183,42,219483
2732,0.00184,74.125.68.0-255,2902,166085,42,219483
2733,0.001856,172.31.46.0-255,66,166151,42,219483
2734,0.001862,74.125.68.0-255,5738,171889,42,219483
2735,0.001867,172.31.46.0-255,66,171955,42,219483
2736,0.001876,74.125.68.0-255,1484,173439,42,219483
2737,0.001906,74.125.68.0-255,5738,179177,42,219483
2738,0.00191,172.31.46.0-255,66,179243,42,219483
2739,0.001929,74.125.68.0-255,2902,182145,42,219483
2740,0.001933,74.125.68.0-255,2902,185047,42,219483
2741,0.001945,172.31.46.0-255,66,185113,42,219483
2742,0.001954,74.125.68.0-255,766,185879,42,219483
2743,0.002801,172.31.46.0-255,66,185945,42,219483
2744,0.003975,74.125.68.0-255,4320,190265,42,219483
2745,0.004825,74.125.68.0-255,1484,191749,42,219483
2746,0.008386,172.31.46.0-255,66,191815,42,219483
2747,0.010421,74.125.68.0-255,5738,197553,42,219483
2748,0.010466,172.31.46.0-255,66,197619,42,219483
2749,0.012493,74.125.68.0-255,5738,203357,42,219483
2750,0.0125,172.31.46.0-255,66,203423,42,219483
2751,0.014565,74.125.68.0-255,5738,209161,42,219483
2752,0.014572,172.31.46.0-255,66,209227,42,219483
2753,0.016605,74.125.68.0-255,4320,213547,42,219483
2754,0.016612,172.31.46.0-255,66,213613,42,219483
2755,0.01663,74.125.68.0-255,1484,215097,42,219483
2756,0.018657,74.125.68.0-255,4320,219417,42,219483
2757,0.018665,172.31.46.0-255,66,219483,42,219483
2758,0.0,172.217.194.0-255,296,296,42,192275
2759,2e-05,172.31.46.0-255,66,362,42,192275
2760,2.7e-05,172.217.194.0-255,1484,1846,42,192275
2761,3.1e-05,172.31.46.0-255,66,1912,42,192275
2762,4.6e-05,172.217.194.0-255,4320,6232,42,192275
2763,5.1e-05,172.31.46.0-255,66,6298,42,192275
2764,5.9e-05,172.217.194.0-255,7156,13454,42,192275
2765,6.1e-05,172.31.46.0-255,66,13520,42,192275
2766,8.4e-05,172.217.194.0-255,1484,15004,42,192275
2767,8.7e-05,172.31.46.0-255,66,15070,42,192275
2768,0.000137,172.31.46.0-255,66,15136,42,192275
2769,0.000141,172.217.194.0-255,2543,17679,42,192275
2770,0.000144,172.31.46.0-255,66,17745,42,192275
2771,0.000153,172.217.194.0-255,2902,20647,42,192275
2772,0.000156,172.31.46.0-255,66,20713,42,192275
2773,0.000163,172.217.194.0-255,7156,27869,42,192275
2774,0.000166,172.31.46.0-255,66,27935,42,192275
2775,0.000193,172.217.194.0-255,5738,33673,42,192275
2776,0.000195,172.31.46.0-255,66,33739,42,192275
2777,0.000199,172.217.194.0-255,1484,35223,42,192275
2778,0.000205,172.31.46.0-255,66,35289,42,192275
2779,0.000252,172.31.46.0-255,66,35355,42,192275
2780,0.000258,172.217.194.0-255,3914,39269,42,192275
2781,0.00026,172.31.46.0-255,66,39335,42,192275
2782,0.000263,172.217.194.0-255,99,39434,42,192275
2783,0.00027,172.31.46.0-255,66,39500,42,192275
2784,0.000578,172.217.194.0-255,365,39865,42,192275
2785,0.000585,172.31.46.0-255,66,39931,42,192275
2786,0.000652,172.217.194.0-255,1484,41415,42,192275
2787,0.000655,172.31.46.0-255,66,41481,42,192275
2788,0.000661,172.217.194.0-255,2902,44383,42,192275
2789,0.000664,172.31.46.0-255,66,44449,42,192275
2790,0.000686,172.217.194.0-255,1484,45933,42,192275
2791,0.000691,172.217.194.0-255,2902,48835,42,192275
2792,0.000694,172.31.46.0-255,66,48901,42,192275
2793,0.000699,172.217.194.0-255,2902,51803,42,192275
2794,0.000701,172.31.46.0-255,66,51869,42,192275
2795,0.000733,172.217.194.0-255,2902,54771,42,192275
2796,0.000735,172.31.46.0-255,66,54837,42,192275
2797,0.00074,172.217.194.0-255,1992,56829,42,192275
2798,0.000742,172.31.46.0-255,66,56895,42,192275
2799,0.000976,172.217.194.0-255,1484,58379,42,192275
2800,0.000982,172.217.194.0-255,2902,61281,42,192275
2801,0.000985,172.31.46.0-255,66,61347,42,192275
2802,0.000991,172.217.194.0-255,2902,64249,42,192275
2803,0.000993,172.31.46.0-255,66,64315,42,192275
2804,0.001039,172.217.194.0-255,2902,67217,42,192275
2805,0.001042,172.31.46.0-255,66,67283,42,192275
2806,0.00106,172.31.46.0-255,66,67349,42,192275
2807,0.001072,172.31.46.0-255,66,67415,42,192275
2808,0.00118,172.217.194.0-255,1484,68899,42,192275
2809,0.001184,172.217.194.0-255,1484,70383,42,192275
2810,0.001187,172.31.46.0-255,66,70449,42,192275
2811,0.001216,172.217.194.0-255,1484,71933,42,192275
2812,0.001223,172.217.194.0-255,5738,77671,42,192275
2813,0.001226,172.31.46.0-255,66,77737,42,192275
2814,0.001232,172.217.194.0-255,5738,83475,42,192275
2815,0.001234,172.31.46.0-255,66,83541,42,192275
2816,0.001265,172.217.194.0-255,7156,90697,42,192275
2817,0.001269,172.31.46.0-255,66,90763,42,192275
2818,0.001286,172.31.46.0-255,66,90829,42,192275
2819,0.00186,172.217.194.0-255,1484,92313,42,192275
2820,0.001865,172.217.194.0-255,2902,95215,42,192275
2821,0.001868,172.31.46.0-255,66,95281,42,192275
2822,0.001895,172.217.194.0-255,5738,101019,42,192275
2823,0.001897,172.31.46.0-255,66,101085,42,192275
2824,0.001901,172.217.194.0-255,2902,103987,42,192275
2825,0.001903,172.31.46.0-255,66,104053,42,192275
2826,0.001936,172.31.46.0-255,66,104119,42,192275
2827,0.001958,172.217.194.0-255,4320,108439,42,192275
2828,0.001961,172.31.46.0-255,66,108505,42,192275
2829,0.001981,172.217.194.0-255,6438,114943,42,192275
2830,0.001984,172.31.46.0-255,66,115009,42,192275
2831,0.002116,172.217.194.0-255,1484,116493,42,192275
2832,0.002121,172.217.194.0-255,2902,119395,42,192275
2833,0.002123,172.31.46.0-255,66,119461,42,192275
2834,0.002152,172.217.194.0-255,5738,125199,42,192275
2835,0.002154,172.31.46.0-255,66,125265,42,192275
2836,0.00216,172.217.194.0-255,5738,131003,42,192275
2837,0.002162,172.31.46.0-255,66,131069,42,192275
2838,0.00219,172.217.194.0-255,7156,138225,42,192275
2839,0.002192,172.31.46.0-255,66,138291,42,192275
2840,0.002205,172.31.46.0-255,66,138357,42,192275
2841,0.002225,172.217.194.0-255,5738,144095,42,192275
2842,0.002227,172.31.46.0-255,66,144161,42,192275
2843,0.002265,172.31.46.0-255,66,144227,42,192275
2844,0.002283,172.217.194.0-255,4320,148547,42,192275
2845,0.002286,172.31.46.0-255,66,148613,42,192275
2846,0.002318,172.31.46.0-255,66,148679,42,192275
2847,0.002327,172.217.194.0-255,2902,151581,42,192275
2848,0.002329,172.31.46.0-255,66,151647,42,192275
2849,0.004602,172.217.194.0-255,5738,157385,42,192275
2850,0.004609,172.31.46.0-255,66,157451,42,192275
2851,0.006889,172.217.194.0-255,5738,163189,42,192275
2852,0.006893,172.31.46.0-255,66,163255,42,192275
2853,0.009171,172.217.194.0-255,5738,168993,42,192275
2854,0.009178,172.31.46.0-255,66,169059,42,192275
2855,0.011452,172.217.194.0-255,5738,174797,42,192275
2856,0.011462,172.31.46.0-255,66,174863,42,192275
2857,0.01374,172.217.194.0-255,5738,180601,42,192275
2858,0.013749,172.31.46.0-255,66,180667,42,192275
2859,0.016068,172.217.194.0-255,5738,186405,42,192275
2860,0.016077,172.31.46.0-255,66,186471,42,192275
2861,0.018353,172.217.194.0-255,5738,192209,42,192275
2862,0.01836,172.31.46.0-255,66,192275,42,192275
2863,0.0,172.217.194.0-255,152,152,42,252243
2864,2.5e-05,172.31.46.0-255,66,218,42,252243
2865,3.1e-05,172.217.194.0-255,1484,1702,42,252243
2866,3.6e-05,172.31.46.0-255,66,1768,42,252243
2867,4.3e-05,172.217.194.0-255,2902,4670,42,252243
2868,4.7e-05,172.31.46.0-255,66,4736,42,252243
2869,5.4e-05,172.217.194.0-255,7156,11892,42,252243
2870,5.8e-05,172.31.46.0-255,66,11958,42,252243
2871,6.2e-05,172.217.194.0-255,2072,14030,42,252243
2872,6.6e-05,172.31.46.0-255,66,14096,42,252243
2873,0.000233,172.217.194.0-255,1484,15580,42,252243
2874,0.000238,172.31.46.0-255,66,15646,42,252243
2875,0.000244,172.217.194.0-255,2902,18548,42,252243
2876,0.000247,172.31.46.0-255,66,18614,42,252243
2877,0.000252,172.217.194.0-255,2902,21516,42,252243
2878,0.000254,172.31.46.0-255,66,21582,42,252243
2879,0.00027,172.217.194.0-255,2902,24484,42,252243
2880,0.000272,172.31.46.0-255,66,24550,42,252243
2881,0.00028,172.217.194.0-255,6797,31347,42,252243
2882,0.000283,172.31.46.0-255,66,31413,42,252243
2883,0.000436,172.217.194.0-255,1484,32897,42,252243
2884,0.000439,172.31.46.0-255,66,32963,42,252243
2885,0.000445,172.217.194.0-255,2902,35865,42,252243
2886,0.000447,172.31.46.0-255,66,35931,42,252243
2887,0.00045,172.217.194.0-255,1484,37415,42,252243
2888,0.000452,172.31.46.0-255,66,37481,42,252243
2889,0.000478,172.217.194.0-255,4320,41801,42,252243
2890,0.000481,172.31.46.0-255,66,41867,42,252243
2891,0.0005,172.217.194.0-255,5738,47605,42,252243
2892,0.000503,172.31.46.0-255,66,47671,42,252243
2893,0.000532,172.31.46.0-255,66,47737,42,252243
2894,0.000537,172.217.194.0-255,4320,52057,42,252243
2895,0.000562,172.217.194.0-255,5693,57750,42,252243
2896,0.000572,172.31.46.0-255,66,57816,42,252243
2897,0.00058,172.217.194.0-255,362,58178,42,252243
2898,0.000737,172.217.194.0-255,1484,59662,42,252243
2899,0.000742,172.217.194.0-255,2902,62564,42,252243
2900,0.000744,172.217.194.0-255,1484,64048,42,252243
2901,0.000775,172.217.194.0-255,4320,68368,42,252243
2902,0.000783,172.217.194.0-255,5738,74106,42,252243
2903,0.00079,172.217.194.0-255,7156,81262,42,252243
2904,0.000806,172.217.194.0-255,5738,87000,42,252243
2905,0.000852,172.217.194.0-255,5020,92020,42,252243
2906,0.000862,172.31.46.0-255,66,92086,42,252243
2907,0.001135,172.217.194.0-255,1484,93570,42,252243
2908,0.001141,172.217.194.0-255,2902,96472,42,252243
2909,0.001144,172.31.46.0-255,66,96538,42,252243
2910,0.001148,172.217.194.0-255,1484,98022,42,252243
2911,0.001169,172.217.194.0-255,4320,102342,42,252243
2912,0.001177,172.217.194.0-255,7156,109498,42,252243
2913,0.00119,172.217.194.0-255,2902,112400,42,252243
2914,0.001216,172.217.194.0-255,2184,114584,42,252243
2915,0.001223,172.31.46.0-255,66,114650,42,252243
2916,0.001539,172.217.194.0-255,1484,116134,42,252243
2917,0.001545,172.217.194.0-255,2902,119036,42,252243
2918,0.001549,172.31.46.0-255,66,119102,42,252243
2919,0.001572,172.217.194.0-255,5738,124840,42,252243
2920,0.001578,172.217.194.0-255,4320,129160,42,252243
2921,0.001582,172.31.46.0-255,66,129226,42,252243
2922,0.001594,172.217.194.0-255,2902,132128,42,252243
2923,0.001606,172.217.194.0-255,1484,133612,42,252243
2924,0.001615,172.31.46.0-255,66,133678,42,252243
2925,0.001651,172.217.194.0-255,2184,135862,42,252243
2926,0.001655,172.31.46.0-255,66,135928,42,252243
2927,0.001678,172.217.194.0-255,5738,141666,42,252243
2928,0.001699,172.217.194.0-255,2902,144568,42,252243
2929,0.001715,172.31.46.0-255,66,144634,42,252243
2930,0.001747,172.217.194.0-255,4320,148954,42,252243
2931,0.001759,172.31.46.0-255,66,149020,42,252243
2932,0.001791,172.31.46.0-255,66,149086,42,252243
2933,0.00196,172.217.194.0-255,1484,150570,42,252243
2934,0.001965,172.217.194.0-255,2902,153472,42,252243
2935,0.001973,172.31.46.0-255,66,153538,42,252243
2936,0.001981,172.217.194.0-255,1484,155022,42,252243
2937,0.002001,172.217.194.0-255,4320,159342,42,252243
2938,0.002003,172.217.194.0-255,1484,160826,42,252243
2939,0.00201,172.31.46.0-255,66,160892,42,252243
2940,0.002028,172.217.194.0-255,2902,163794,42,252243
2941,0.002033,172.31.46.0-255,66,163860,42,252243
2942,0.002067,172.31.46.0-255,66,163926,42,252243
2943,0.002121,172.217.194.0-255,1484,165410,42,252243
2944,0.002125,172.217.194.0-255,1484,166894,42,252243
2945,0.002129,172.31.46.0-255,66,166960,42,252243
2946,0.002137,172.217.194.0-255,1484,168444,42,252243
2947,0.002158,172.217.194.0-255,5738,174182,42,252243
2948,0.00217,172.31.46.0-255,66,174248,42,252243
2949,0.002214,172.217.194.0-255,5738,179986,42,252243
2950,0.002228,172.217.194.0-255,2902,182888,42,252243
2951,0.002241,172.217.194.0-255,2184,185072,42,252243
2952,0.002282,172.217.194.0-255,1484,186556,42,252243
2953,0.002285,172.217.194.0-255,1484,188040,42,252243
2954,0.002302,172.217.194.0-255,1484,189524,42,252243
2955,0.002309,172.217.194.0-255,5738,195262,42,252243
2956,0.002312,172.217.194.0-255,1484,196746,42,252243
2957,0.002314,172.217.194.0-255,1484,198230,42,252243
2958,0.00237,172.217.194.0-255,4320,202550,42,252243
2959,0.002377,172.217.194.0-255,5738,208288,42,252243
2960,0.002379,172.217.194.0-255,1484,209772,42,252243
2961,0.002386,172.217.194.0-255,5738,215510,42,252243
2962,0.00239,172.217.194.0-255,3602,219112,42,252243
2963,0.002431,172.217.194.0-255,2902,222014,42,252243
2964,0.00245,172.217.194.0-255,4320,226334,42,252243
2965,0.002489,172.217.194.0-255,4320,230654,42,252243
2966,0.002528,172.217.194.0-255,2184,232838,42,252243
2967,0.002533,172.217.194.0-255,4320,237158,42,252243
2968,0.002568,172.217.194.0-255,1484,238642,42,252243
2969,0.002585,172.217.194.0-255,7156,245798,42,252243
2970,0.00261,172.217.194.0-255,5738,251536,42,252243
2971,0.002643,172.217.194.0-255,198,251734,42,252243
2972,0.002665,172.217.194.0-255,105,251839,42,252243
2973,0.008088,172.31.46.0-255,66,251905,42,252243
2974,0.008808,172.31.46.0-255,101,252006,42,252243
2975,0.010202,172.31.46.0-255,105,252111,42,252243
2976,0.011087,172.217.194.0-255,66,252177,42,252243
2977,0.012478,172.217.194.0-255,66,252243,42,252243
2978,0.0,74.125.24.0-255,335,335,42,159014
2979,1.4e-05,172.31.46.0-255,66,401,42,159014
2980,2.1e-05,74.125.24.0-255,1484,1885,42,159014
2981,2.4e-05,172.31.46.0-255,66,1951,42,159014
2982,3.2e-05,74.125.24.0-255,4320,6271,42,159014
2983,4.2e-05,172.31.46.0-255,66,6337,42,159014
2984,4.8e-05,74.125.24.0-255,5738,12075,42,159014
2985,5.1e-05,172.31.46.0-255,66,12141,42,159014
2986,8.7e-05,74.125.24.0-255,1740,13881,42,159014
2987,9e-05,172.31.46.0-255,66,13947,42,159014
2988,9.5e-05,74.125.24.0-255,2902,16849,42,159014
2989,9.7e-05,172.31.46.0-255,66,16915,42,159014
2990,0.000134,74.125.24.0-255,7156,24071,42,159014
2991,0.000137,172.31.46.0-255,66,24137,42,159014
2992,0.000173,74.125.24.0-255,6797,30934,42,159014
2993,0.000176,172.31.46.0-255,66,31000,42,159014
2994,0.000221,74.125.24.0-255,1484,32484,42,159014
2995,0.000224,172.31.46.0-255,66,32550,42,159014
2996,0.000229,74.125.24.0-255,2902,35452,42,159014
2997,0.000231,172.31.46.0-255,66,35518,42,159014
2998,0.000264,74.125.24.0-255,5738,41256,42,159014
2999,0.000267,172.31.46.0-255,66,41322,42,159014
3000,0.000286,172.31.46.0-255,66,41388,42,159014
3001,0.000342,172.31.46.0-255,66,41454,42,159014
3002,0.000513,74.125.24.0-255,343,41797,42,159014
3003,0.000518,172.31.46.0-255,66,41863,42,159014
3004,0.000644,74.125.24.0-255,1484,43347,42,159014
3005,0.000648,172.31.46.0-255,66,43413,42,159014
3006,0.000681,74.125.24.0-255,2902,46315,42,159014
3007,0.000685,172.31.46.0-255,66,46381,42,159014
3008,0.000689,74.125.24.0-255,2902,49283,42,159014
3009,0.000691,172.31.46.0-255,66,49349,42,159014
3010,0.000703,74.125.24.0-255,7156,56505,42,159014
3011,0.000705,172.31.46.0-255,66,56571,42,159014
3012,0.00076,172.31.46.0-255,66,56637,42,159014
3013,0.000765,74.125.24.0-255,2543,59180,42,159014
3014,0.000767,172.31.46.0-255,66,59246,42,159014
3015,0.00136,74.125.24.0-255,1484,60730,42,159014
3016,0.001365,74.125.24.0-255,2902,63632,42,159014
3017,0.001368,172.31.46.0-255,66,63698,42,159014
3018,0.001373,74.125.24.0-255,2902,66600,42,159014
3019,0.001375,172.31.46.0-255,66,66666,42,159014
3020,0.001396,74.125.24.0-255,2902,69568,42,159014
3021,0.001398,172.31.46.0-255,66,69634,42,159014
3022,0.001404,74.125.24.0-255,5738,75372,42,159014
3023,0.001405,172.31.46.0-255,66,75438,42,159014
3024,0.00145,172.31.46.0-255,66,75504,42,159014
3025,0.001456,74.125.24.0-255,5020,80524,42,159014
3026,0.001457,172.31.46.0-255,66,80590,42,159014
3027,0.001505,74.125.24.0-255,1484,82074,42,159014
3028,0.001525,74.125.24.0-255,2902,84976,42,159014
3029,0.001528,172.31.46.0-255,66,85042,42,159014
3030,0.001555,74.125.24.0-255,5738,90780,42,159014
3031,0.001557,172.31.46.0-255,66,90846,42,159014
3032,0.001589,74.125.24.0-255,4320,95166,42,159014
3033,0.001591,172.31.46.0-255,66,95232,42,159014
3034,0.001619,74.125.24.0-255,5738,100970,42,159014
3035,0.001621,172.31.46.0-255,66,101036,42,159014
3036,0.001637,172.31.46.0-255,66,101102,42,159014
3037,0.001667,74.125.24.0-255,1484,102586,42,159014
3038,0.00167,74.125.24.0-255,1484,104070,42,159014
3039,0.001672,172.31.46.0-255,66,104136,42,159014
3040,0.0017,74.125.24.0-255,1484,105620,42,159014
3041,0.001706,74.125.24.0-255,5738,111358,42,159014
3042,0.001708,172.31.46.0-255,66,111424,42,159014
3043,0.001716,74.125.24.0-255,7156,118580,42,159014
3044,0.001717,172.31.46.0-255,66,118646,42,159014
3045,0.001744,74.125.24.0-255,5738,124384,42,159014
3046,0.001746,172.31.46.0-255,66,124450,42,159014
3047,0.001782,172.31.46.0-255,66,124516,42,159014
3048,0.001798,74.125.24.0-255,2184,126700,42,159014
3049,0.0018,172.31.46.0-255,66,126766,42,159014
3050,0.001943,74.125.24.0-255,1484,128250,42,159014
3051,0.001959,74.125.24.0-255,2902,131152,42,159014
3052,0.001961,74.125.24.0-255,1484,132636,42,159014
3053,0.001965,172.31.46.0-255,66,132702,42,159014
3054,0.001994,74.125.24.0-255,4320,137022,42,159014
3055,0.001996,172.31.46.0-255,66,137088,42,159014
3056,0.002008,172.31.46.0-255,66,137154,42,159014
3057,0.002029,74.125.24.0-255,2902,140056,42,159014
3058,0.002032,172.31.46.0-255,66,140122,42,159014
3059,0.002061,172.31.46.0-255,66,140188,42,159014
3060,0.002138,74.125.24.0-255,1484,141672,42,159014
3061,0.00215,74.125.24.0-255,2902,144574,42,159014
3062,0.002153,172.31.46.0-255,66,144640,42,159014
3063,0.002159,74.125.24.0-255,5738,150378,42,159014
3064,0.00216,172.31.46.0-255,66,150444,42,159014
3065,0.002199,172.31.46.0-255,66,150510,42,159014
3066,0.00221,172.31.46.0-255,66,150576,42,159014
3067,0.002227,172.31.46.0-255,66,150642,42,159014
3068,0.002256,74.125.24.0-255,4320,154962,42,159014
3069,0.002258,172.31.46.0-255,66,155028,42,159014
3070,0.002297,172.31.46.0-255,66,155094,42,159014
3071,0.002307,172.31.46.0-255,66,155160,42,159014
3072,0.002345,172.31.46.0-255,66,155226,42,159014
3073,0.002361,172.31.46.0-255,66,155292,42,159014
3074,0.002398,74.125.24.0-255,2902,158194,42,159014
3075,0.0024,172.31.46.0-255,66,158260,42,159014
3076,0.002446,172.31.46.0-255,66,158326,42,159014
3077,0.002473,172.31.46.0-255,66,158392,42,159014
3078,0.002476,74.125.24.0-255,97,158489,42,159014
3079,0.002478,74.125.24.0-255,105,158594,42,159014
3080,0.011799,172.31.46.0-255,66,158660,42,159014
3081,0.01184,172.31.46.0-255,105,158765,42,159014
3082,0.013222,74.125.24.0-255,105,158870,42,159014
3083,0.013232,172.31.46.0-255,78,158948,42,159014
3084,0.014308,74.125.24.0-255,66,159014,42,159014
3085,0.0,172.217.194.0-255,152,152,42,163050
3086,2.2e-05,172.31.46.0-255,66,218,42,163050
3087,2.9e-05,172.217.194.0-255,1484,1702,42,163050
3088,3.3e-05,172.31.46.0-255,66,1768,42,163050
3089,4e-05,172.217.194.0-255,2902,4670,42,163050
3090,5.2e-05,172.31.46.0-255,66,4736,42,163050
3091,6e-05,172.217.194.0-255,7156,11892,42,163050
3092,6.2e-05,172.31.46.0-255,66,11958,42,163050
3093,6.8e-05,172.217.194.0-255,4320,16278,42,163050
3094,7.1e-05,172.31.46.0-255,66,16344,42,163050
3095,0.000118,172.31.46.0-255,66,16410,42,163050
3096,0.000123,172.217.194.0-255,2543,18953,42,163050
3097,0.000125,172.31.46.0-255,66,19019,42,163050
3098,0.000173,172.217.194.0-255,1484,20503,42,163050
3099,0.000177,172.31.46.0-255,66,20569,42,163050
3100,0.000183,172.217.194.0-255,2902,23471,42,163050
3101,0.000186,172.31.46.0-255,66,23537,42,163050
3102,0.00019,172.217.194.0-255,2902,26439,42,163050
3103,0.000192,172.31.46.0-255,66,26505,42,163050
3104,0.00021,172.217.194.0-255,2902,29407,42,163050
3105,0.000217,172.31.46.0-255,66,29473,42,163050
3106,0.000229,172.217.194.0-255,2902,32375,42,163050
3107,0.000231,172.31.46.0-255,66,32441,42,163050
3108,0.000266,172.31.46.0-255,66,32507,42,163050
3109,0.000277,172.31.46.0-255,66,32573,42,163050
3110,0.00028,172.217.194.0-255,99,32672,42,163050
3111,0.000282,172.31.46.0-255,66,32738,42,163050
3112,0.000352,172.217.194.0-255,365,33103,42,163050
3113,0.000356,172.31.46.0-255,66,33169,42,163050
3114,0.000455,172.217.194.0-255,1484,34653,42,163050
3115,0.000462,172.217.194.0-255,2902,37555,42,163050
3116,0.000466,172.31.46.0-255,66,37621,42,163050
3117,0.000497,172.217.194.0-255,1484,39105,42,163050
3118,0.000515,172.217.194.0-255,4320,43425,42,163050
3119,0.000518,172.31.46.0-255,66,43491,42,163050
3120,0.000533,172.31.46.0-255,66,43557,42,163050
3121,0.000571,172.31.46.0-255,66,43623,42,163050
3122,0.000595,172.217.194.0-255,2184,45807,42,163050
3123,0.000597,172.31.46.0-255,66,45873,42,163050
3124,0.00081,172.217.194.0-255,1484,47357,42,163050
3125,0.000828,172.217.194.0-255,2902,50259,42,163050
3126,0.000833,172.31.46.0-255,66,50325,42,163050
3127,0.000838,172.217.194.0-255,2902,53227,42,163050
3128,0.00084,172.31.46.0-255,66,53293,42,163050
3129,0.000871,172.217.194.0-255,4320,57613,42,163050
3130,0.000874,172.31.46.0-255,66,57679,42,163050
3131,0.000889,172.31.46.0-255,66,57745,42,163050
3132,0.000944,172.31.46.0-255,66,57811,42,163050
3133,0.001076,172.217.194.0-255,1484,59295,42,163050
3134,0.001083,172.217.194.0-255,2902,62197,42,163050
3135,0.001086,172.31.46.0-255,66,62263,42,163050
3136,0.001106,172.217.194.0-255,4320,66583,42,163050
3137,0.001109,172.31.46.0-255,66,66649,42,163050
3138,0.001129,172.217.194.0-255,1484,68133,42,163050
3139,0.001137,172.217.194.0-255,7156,75289,42,163050
3140,0.00114,172.31.46.0-255,66,75355,42,163050
3141,0.001177,172.31.46.0-255,66,75421,42,163050
3142,0.001197,172.217.194.0-255,2184,77605,42,163050
3143,0.0012,172.31.46.0-255,66,77671,42,163050
3144,0.001426,172.217.194.0-255,1484,79155,42,163050
3145,0.001433,172.217.194.0-255,2902,82057,42,163050
3146,0.001436,172.31.46.0-255,66,82123,42,163050
3147,0.001461,172.217.194.0-255,5738,87861,42,163050
3148,0.001463,172.31.46.0-255,66,87927,42,163050
3149,0.00147,172.217.194.0-255,5738,93665,42,163050
3150,0.001472,172.31.46.0-255,66,93731,42,163050
3151,0.001475,172.217.194.0-255,1484,95215,42,163050
3152,0.001523,172.31.46.0-255,66,95281,42,163050
3153,0.001529,172.217.194.0-255,5020,100301,42,163050
3154,0.001531,172.31.46.0-255,66,100367,42,163050
3155,0.001536,172.217.194.0-255,2902,103269,42,163050
3156,0.001537,172.31.46.0-255,66,103335,42,163050
3157,0.001567,172.217.194.0-255,2902,106237,42,163050
3158,0.001569,172.31.46.0-255,66,106303,42,163050
3159,0.001588,172.31.46.0-255,66,106369,42,163050
3160,0.001637,172.31.46.0-255,66,106435,42,163050
3161,0.001658,172.217.194.0-255,3602,110037,42,163050
3162,0.001661,172.31.46.0-255,66,110103,42,163050
3163,0.001672,172.217.194.0-255,1484,111587,42,163050
3164,0.00168,172.217.194.0-255,2902,114489,42,163050
3165,0.001682,172.31.46.0-255,66,114555,42,163050
3166,0.001687,172.217.194.0-255,2902,117457,42,163050
3167,0.001689,172.31.46.0-255,66,117523,42,163050
3168,0.00171,172.217.194.0-255,2902,120425,42,163050
3169,0.001712,172.31.46.0-255,66,120491,42,163050
3170,0.00177,172.31.46.0-255,66,120557,42,163050
3171,0.001783,172.217.194.0-255,2902,123459,42,163050
3172,0.001785,172.31.46.0-255,66,123525,42,163050
3173,0.001802,172.31.46.0-255,66,123591,42,163050
3174,0.001824,172.217.194.0-255,1484,125075,42,163050
3175,0.001844,172.217.194.0-255,2902,127977,42,163050
3176,0.001846,172.31.46.0-255,66,128043,42,163050
3177,0.00185,172.217.194.0-255,1484,129527,42,163050
3178,0.00188,172.217.194.0-255,4320,133847,42,163050
3179,0.001882,172.31.46.0-255,66,133913,42,163050
3180,0.001893,172.31.46.0-255,66,133979,42,163050
3181,0.001908,172.31.46.0-255,66,134045,42,163050
3182,0.001914,172.217.194.0-255,5020,139065,42,163050
3183,0.001917,172.31.46.0-255,66,139131,42,163050
3184,0.001955,172.217.194.0-255,5738,144869,42,163050
3185,0.001959,172.31.46.0-255,66,144935,42,163050
3186,0.001965,172.217.194.0-255,5738,150673,42,163050
3187,0.001968,172.31.46.0-255,66,150739,42,163050
3188,0.002004,172.217.194.0-255,7156,157895,42,163050
3189,0.002007,172.31.46.0-255,66,157961,42,163050
3190,0.002021,172.31.46.0-255,66,158027,42,163050
3191,0.002073,172.31.46.0-255,66,158093,42,163050
3192,0.002093,172.31.46.0-255,66,158159,42,163050
3193,0.002099,172.217.194.0-255,4320,162479,42,163050
3194,0.002101,172.31.46.0-255,66,162545,42,163050
3195,0.00214,172.31.46.0-255,66,162611,42,163050
3196,0.002143,172.217.194.0-255,97,162708,42,163050
3197,0.002234,172.217.194.0-255,105,162813,42,163050
3198,0.004677,172.31.46.0-255,66,162879,42,163050
3199,0.004715,172.31.46.0-255,105,162984,42,163050
3200,0.006929,172.217.194.0-255,66,163050,42,163050
3201,0.0,74.125.130.0-255,147,147,42,217212
3202,2.3e-05,172.31.46.0-255,66,213,42,217212
3203,3.1e-05,74.125.130.0-255,1484,1697,42,217212
3204,3.5e-05,172.31.46.0-255,66,1763,42,217212
3205,4.9e-05,74.125.130.0-255,2902,4665,42,217212
3206,5.3e-05,172.31.46.0-255,66,4731,42,217212
3207,5.8e-05,74.125.130.0-255,4320,9051,42,217212
3208,6.1e-05,172.31.46.0-255,66,9117,42,217212
3209,6.4e-05,74.125.130.0-255,1484,10601,42,217212
3210,6.7e-05,172.31.46.0-255,66,10667,42,217212
3211,9.3e-05,74.125.130.0-255,3475,14142,42,217212
3212,0.000101,172.31.46.0-255,66,14208,42,217212
3213,0.000637,74.125.130.0-255,1484,15692,42,217212
3214,0.000643,172.31.46.0-255,66,15758,42,217212
3215,0.000654,74.125.130.0-255,2902,18660,42,217212
3216,0.000663,172.31.46.0-255,66,18726,42,217212
3217,0.000688,74.125.130.0-255,1484,20210,42,217212
3218,0.000689,172.31.46.0-255,66,20276,42,217212
3219,0.000723,74.125.130.0-255,4320,24596,42,217212
3220,0.000726,172.31.46.0-255,66,24662,42,217212
3221,0.000734,74.125.130.0-255,6797,31459,42,217212
3222,0.000737,172.31.46.0-255,66,31525,42,217212
3223,0.000749,172.31.46.0-255,66,31591,42,217212
3224,0.000761,172.31.46.0-255,66,31657,42,217212
3225,0.000807,172.31.46.0-255,66,31723,42,217212
3226,0.000848,74.125.130.0-255,3602,35325,42,217212
3227,0.00085,172.31.46.0-255,66,35391,42,217212
3228,0.000854,74.125.130.0-255,647,36038,42,217212
3229,0.000856,172.31.46.0-255,66,36104,42,217212
3230,0.000958,74.125.130.0-255,1484,37588,42,217212
3231,0.000965,74.125.130.0-255,1484,39072,42,217212
3232,0.000976,74.125.130.0-255,1484,40556,42,217212
3233,0.000989,74.125.130.0-255,2902,43458,42,217212
3234,0.001003,74.125.130.0-255,2902,46360,42,217212
3235,0.001039,74.125.130.0-255,5738,52098,42,217212
3236,0.001051,74.125.130.0-255,1484,53582,42,217212
3237,0.001079,74.125.130.0-255,2902,56484,42,217212
3238,0.001132,74.125.130.0-255,5020,61504,42,217212
3239,0.001227,74.125.130.0-255,1484,62988,42,217212
3240,0.001233,74.125.130.0-255,2902,65890,42,217212
3241,0.001248,74.125.130.0-255,1484,67374,42,217212
3242,0.00128,74.125.130.0-255,4320,71694,42,217212
3243,0.001287,74.125.130.0-255,4320,76014,42,217212
3244,0.001291,74.125.130.0-255,2902,78916,42,217212
3245,0.001306,74.125.130.0-255,2902,81818,42,217212
3246,0.001329,74.125.130.0-255,4320,86138,42,217212
3247,0.001345,74.125.130.0-255,7156,93294,42,217212
3248,0.001379,74.125.130.0-255,2184,95478,42,217212
3249,0.001777,74.125.130.0-255,1484,96962,42,217212
3250,0.001785,74.125.130.0-255,2902,99864,42,217212
3251,0.001803,74.125.130.0-255,2902,102766,42,217212
3252,0.001817,74.125.130.0-255,2902,105668,42,217212
3253,0.001838,74.125.130.0-255,2902,108570,42,217212
3254,0.001857,74.125.130.0-255,1484,110054,42,217212
3255,0.002115,74.125.130.0-255,1484,111538,42,217212
3256,0.00213,74.125.130.0-255,2902,114440,42,217212
3257,0.002147,74.125.130.0-255,4320,118760,42,217212
3258,0.002205,74.125.130.0-255,1484,120244,42,217212
3259,0.00223,74.125.130.0-255,1484,121728,42,217212
3260,0.002248,74.125.130.0-255,5020,126748,42,217212
3261,0.002343,74.125.130.0-255,1484,128232,42,217212
3262,0.002356,74.125.130.0-255,2902,131134,42,217212
3263,0.002382,74.125.130.0-255,5738,136872,42,217212
3264,0.002393,74.125.130.0-255,1484,138356,42,217212
3265,0.002407,74.125.130.0-255,1484,139840,42,217212
3266,0.00242,74.125.130.0-255,4320,144160,42,217212
3267,0.00244,74.125.130.0-255,5738,149898,42,217212
3268,0.002475,74.125.130.0-255,5738,155636,42,217212
3269,0.002495,74.125.130.0-255,1484,157120,42,217212
3270,0.002503,74.125.130.0-255,6438,163558,42,217212
3271,0.002507,74.125.130.0-255,1484,165042,42,217212
3272,0.00252,74.125.130.0-255,5738,170780,42,217212
3273,0.002549,74.125.130.0-255,5738,176518,42,217212
3274,0.00256,172.31.46.0-255,66,176584,42,217212
3275,0.002583,74.125.130.0-255,5738,182322,42,217212
3276,0.002599,172.31.46.0-255,66,182388,42,217212
3277,0.005184,74.125.130.0-255,5738,188126,42,217212
3278,0.00519,172.31.46.0-255,66,188192,42,217212
3279,0.007781,74.125.130.0-255,5738,193930,42,217212
3280,0.007787,172.31.46.0-255,66,193996,42,217212
3281,0.010392,74.125.130.0-255,5738,199734,42,217212
3282,0.0104,172.31.46.0-255,66,199800,42,217212
3283,0.012986,74.125.130.0-255,5738,205538,42,217212
3284,0.012994,172.31.46.0-255,66,205604,42,217212
3285,0.01558,74.125.130.0-255,5738,211342,42,217212
3286,0.015591,172.31.46.0-255,66,211408,42,217212
3287,0.01818,74.125.130.0-255,5738,217146,42,217212
3288,0.018188,172.31.46.0-255,66,217212,42,217212
3289,0.0,74.125.24.0-255,152,152,42,142368
3290,1.4e-05,172.31.46.0-255,66,218,42,142368
3291,2e-05,74.125.24.0-255,1484,1702,42,142368
3292,2.4e-05,172.31.46.0-255,66,1768,42,142368
3293,3e-05,74.125.24.0-255,2902,4670,42,142368
3294,3.3e-05,172.31.46.0-255,66,4736,42,142368
3295,4.6e-05,74.125.24.0-255,7156,11892,42,142368
3296,4.8e-05,172.31.46.0-255,66,11958,42,142368
3297,5.2e-05,74.125.24.0-255,1940,13898,42,142368
3298,5.5e-05,172.31.46.0-255,66,13964,42,142368
3299,0.000129,74.125.24.0-255,1484,15448,42,142368
3300,0.000133,172.31.46.0-255,66,15514,42,142368
3301,0.000138,74.125.24.0-255,2902,18416,42,142368
3302,0.00014,172.31.46.0-255,66,18482,42,142368
3303,0.000143,74.125.24.0-255,1484,19966,42,142368
3304,0.000144,172.31.46.0-255,66,20032,42,142368
3305,0.000174,74.125.24.0-255,4320,24352,42,142368
3306,0.00018,172.31.46.0-255,66,24418,42,142368
3307,0.000202,74.125.24.0-255,5738,30156,42,142368
3308,0.000204,172.31.46.0-255,66,30222,42,142368
3309,0.000234,172.31.46.0-255,66,30288,42,142368
3310,0.00025,74.125.24.0-255,4320,34608,42,142368
3311,0.000255,172.31.46.0-255,66,34674,42,142368
3312,0.000278,74.125.24.0-255,5379,40053,42,142368
3313,0.000281,172.31.46.0-255,66,40119,42,142368
3314,0.000309,172.31.46.0-255,66,40185,42,142368
3315,0.000348,74.125.24.0-255,1484,41669,42,142368
3316,0.00035,172.31.46.0-255,66,41735,42,142368
3317,0.000377,74.125.24.0-255,5379,47114,42,142368
3318,0.00038,172.31.46.0-255,66,47180,42,142368
3319,0.000382,74.125.24.0-255,416,47596,42,142368
3320,0.000558,74.125.24.0-255,329,47925,42,142368
3321,0.000935,172.31.46.0-255,66,47991,42,142368
3322,0.000961,74.125.24.0-255,1484,49475,42,142368
3323,0.000966,74.125.24.0-255,2902,52377,42,142368
3324,0.000968,172.31.46.0-255,66,52443,42,142368
3325,0.001003,74.125.24.0-255,5738,58181,42,142368
3326,0.001005,172.31.46.0-255,66,58247,42,142368
3327,0.001011,74.125.24.0-255,5738,63985,42,142368
3328,0.001012,172.31.46.0-255,66,64051,42,142368
3329,0.001045,74.125.24.0-255,4320,68371,42,142368
3330,0.001047,172.31.46.0-255,66,68437,42,142368
3331,0.001058,172.31.46.0-255,66,68503,42,142368
3332,0.001065,74.125.24.0-255,2184,70687,42,142368
3333,0.001067,172.31.46.0-255,66,70753,42,142368
3334,0.001822,74.125.24.0-255,1484,72237,42,142368
3335,0.001832,74.125.24.0-255,2902,75139,42,142368
3336,0.001836,172.31.46.0-255,66,75205,42,142368
3337,0.001844,74.125.24.0-255,5738,80943,42,142368
3338,0.001846,172.31.46.0-255,66,81009,42,142368
3339,0.001877,172.31.46.0-255,66,81075,42,142368
3340,0.0019,74.125.24.0-255,1484,82559,42,142368
3341,0.001907,74.125.24.0-255,7156,89715,42,142368
3342,0.001908,172.31.46.0-255,66,89781,42,142368
3343,0.001931,74.125.24.0-255,3602,93383,42,142368
3344,0.001933,172.31.46.0-255,66,93449,42,142368
3345,0.001938,74.125.24.0-255,4320,97769,42,142368
3346,0.00194,172.31.46.0-255,66,97835,42,142368
3347,0.001942,74.125.24.0-255,1484,99319,42,142368
3348,0.001987,172.31.46.0-255,66,99385,42,142368
3349,0.002042,172.31.46.0-255,66,99451,42,142368
3350,0.002045,74.125.24.0-255,766,100217,42,142368
3351,0.004412,74.125.24.0-255,4320,104537,42,142368
3352,0.004419,172.31.46.0-255,66,104603,42,142368
3353,0.006787,74.125.24.0-255,4320,108923,42,142368
3354,0.006793,172.31.46.0-255,66,108989,42,142368
3355,0.006819,74.125.24.0-255,1484,110473,42,142368
3356,0.009182,74.125.24.0-255,4320,114793,42,142368
3357,0.009192,172.31.46.0-255,66,114859,42,142368
3358,0.01159,74.125.24.0-255,5738,120597,42,142368
3359,0.011603,172.31.46.0-255,66,120663,42,142368
3360,0.01401,74.125.24.0-255,5738,126401,42,142368
3361,0.014019,172.31.46.0-255,66,126467,42,142368
3362,0.0164,74.125.24.0-255,5738,132205,42,142368
3363,0.016409,172.31.46.0-255,66,132271,42,142368
3364,0.017789,172.31.46.0-255,172,132443,42,142368
3365,0.017818,172.31.46.0-255,1110,133553,42,142368
3366,0.017866,172.31.46.0-255,1514,135067,42,142368
3367,0.017868,172.31.46.0-255,1299,136366,42,142368
3368,0.018794,74.125.24.0-255,5738,142104,42,142368
3369,0.0188,172.31.46.0-255,66,142170,42,142368
3370,0.019342,104.244.42.0-255,66,142236,42,142368
3371,0.019379,104.244.42.0-255,66,142302,42,142368
3372,0.019438,104.244.42.0-255,66,142368,42,142368
3373,0.0,172.31.46.0-255,105,105,42,276
3374,0.001782,157.240.13.0-255,105,210,42,276
3375,0.001797,172.31.46.0-255,66,276,42,276
3376,0.0,74.125.68.0-255,150,150,42,279723
3377,1.4e-05,172.31.46.0-255,66,216,42,279723
3378,3e-05,74.125.68.0-255,1484,1700,42,279723
3379,3.6e-05,172.31.46.0-255,66,1766,42,279723
3380,7.3e-05,74.125.68.0-255,1484,3250,42,279723
3381,7.5e-05,172.31.46.0-255,66,3316,42,279723
3382,9e-05,74.125.68.0-255,2902,6218,42,279723
3383,9.4e-05,172.31.46.0-255,66,6284,42,279723
3384,0.000115,74.125.68.0-255,5738,12022,42,279723
3385,0.000118,172.31.46.0-255,66,12088,42,279723
3386,0.000123,74.125.68.0-255,2045,14133,42,279723
3387,0.000125,172.31.46.0-255,66,14199,42,279723
3388,0.000161,74.125.68.0-255,5738,19937,42,279723
3389,0.000164,172.31.46.0-255,66,20003,42,279723
3390,0.000187,74.125.68.0-255,4320,24323,42,279723
3391,0.000189,172.31.46.0-255,66,24389,42,279723
3392,0.000195,74.125.68.0-255,5738,30127,42,279723
3393,0.000198,172.31.46.0-255,66,30193,42,279723
3394,0.000234,74.125.68.0-255,1125,31318,42,279723
3395,0.000237,172.31.46.0-255,66,31384,42,279723
3396,0.0003,74.125.68.0-255,1484,32868,42,279723
3397,0.000304,172.31.46.0-255,66,32934,42,279723
3398,0.000322,74.125.68.0-255,2902,35836,42,279723
3399,0.000325,172.31.46.0-255,66,35902,42,279723
3400,0.000328,74.125.68.0-255,1484,37386,42,279723
3401,0.00033,172.31.46.0-255,66,37452,42,279723
3402,0.000349,74.125.68.0-255,2902,40354,42,279723
3403,0.000351,172.31.46.0-255,66,40420,42,279723
3404,0.000394,74.125.68.0-255,5738,46158,42,279723
3405,0.000397,172.31.46.0-255,66,46224,42,279723
3406,0.000429,74.125.68.0-255,6797,53021,42,279723
3407,0.000432,172.31.46.0-255,66,53087,42,279723
3408,0.000437,74.125.68.0-255,2902,55989,42,279723
3409,0.000442,74.125.68.0-255,2902,58891,42,279723
3410,0.000458,74.125.68.0-255,1484,60375,42,279723
3411,0.000479,74.125.68.0-255,1484,61859,42,279723
3412,0.000495,74.125.68.0-255,4273,66132,42,279723
3413,0.000498,74.125.68.0-255,109,66241,42,279723
3414,0.000555,172.31.46.0-255,66,66307,42,279723
3415,0.000635,74.125.68.0-255,1484,67791,42,279723
3416,0.00064,74.125.68.0-255,1484,69275,42,279723
3417,0.000651,74.125.68.0-255,1484,70759,42,279723
3418,0.000667,172.31.46.0-255,66,70825,42,279723
3419,0.000673,74.125.68.0-255,4320,75145,42,279723
3420,0.000678,172.31.46.0-255,66,75211,42,279723
3421,0.000687,74.125.68.0-255,1484,76695,42,279723
3422,0.000694,74.125.68.0-255,5738,82433,42,279723
3423,0.000699,74.125.68.0-255,4320,86753,42,279723
3424,0.000712,74.125.68.0-255,2902,89655,42,279723
3425,0.000729,172.31.46.0-255,66,89721,42,279723
3426,0.000742,74.125.68.0-255,5738,95459,42,279723
3427,0.000746,172.31.46.0-255,66,95525,42,279723
3428,0.000759,74.125.68.0-255,5020,100545,42,279723
3429,0.00078,172.31.46.0-255,66,100611,42,279723
3430,0.000851,74.125.68.0-255,1484,102095,42,279723
3431,0.00087,74.125.68.0-255,2902,104997,42,279723
3432,0.000885,74.125.68.0-255,4320,109317,42,279723
3433,0.000904,74.125.68.0-255,5738,115055,42,279723
3434,0.000911,172.31.46.0-255,66,115121,42,279723
3435,0.000929,74.125.68.0-255,1484,116605,42,279723
3436,0.000963,74.125.68.0-255,4320,120925,42,279723
3437,0.00098,172.31.46.0-255,66,120991,42,279723
3438,0.000997,74.125.68.0-255,3602,124593,42,279723
3439,0.001016,172.31.46.0-255,66,124659,42,279723
3440,0.001045,74.125.68.0-255,1484,126143,42,279723
3441,0.001065,74.125.68.0-255,2902,129045,42,279723
3442,0.001072,74.125.68.0-255,5738,134783,42,279723
3443,0.001083,74.125.68.0-255,1484,136267,42,279723
3444,0.001087,172.31.46.0-255,66,136333,42,279723
3445,0.001097,74.125.68.0-255,5738,142071,42,279723
3446,0.001102,172.31.46.0-255,66,142137,42,279723
3447,0.001142,74.125.68.0-255,4320,146457,42,279723
3448,0.001154,172.31.46.0-255,66,146523,42,279723
3449,0.001161,74.125.68.0-255,5738,152261,42,279723
3450,0.001172,172.31.46.0-255,66,152327,42,279723
3451,0.00119,74.125.68.0-255,1484,153811,42,279723
3452,0.001206,74.125.68.0-255,2902,156713,42,279723
3453,0.001225,172.31.46.0-255,66,156779,42,279723
3454,0.001259,74.125.68.0-255,2184,158963,42,279723
3455,0.001287,172.31.46.0-255,66,159029,42,279723
3456,0.001585,74.125.68.0-255,1484,160513,42,279723
3457,0.001589,74.125.68.0-255,1484,161997,42,279723
3458,0.001601,172.31.46.0-255,66,162063,42,279723
3459,0.001606,74.125.68.0-255,1484,163547,42,279723
3460,0.001623,74.125.68.0-255,4320,167867,42,279723
3461,0.001638,74.125.68.0-255,4320,172187,42,279723
3462,0.001641,172.31.46.0-255,66,172253,42,279723
3463,0.001645,172.31.46.0-255,66,172319,42,279723
3464,0.001662,74.125.68.0-255,4320,176639,42,279723
3465,0.001668,74.125.68.0-255,4320,180959,42,279723
3466,0.001689,172.31.46.0-255,66,181025,42,279723
3467,0.001711,74.125.68.0-255,7156,188181,42,279723
3468,0.001719,172.31.46.0-255,66,188247,42,279723
3469,0.001736,74.125.68.0-255,6438,194685,42,279723
3470,0.00174,74.125.68.0-255,2902,197587,42,279723
3471,0.001752,172.31.46.0-255,66,197653,42,279723
3472,0.001775,74.125.68.0-255,5738,203391,42,279723
3473,0.001813,172.31.46.0-255,66,203457,42,279723
3474,0.001846,74.125.68.0-255,1484,204941,42,279723
3475,0.001853,172.31.46.0-255,66,205007,42,279723
3476,0.001873,74.125.68.0-255,2902,207909,42,279723
3477,0.00189,172.31.46.0-255,66,207975,42,279723
3478,0.001906,74.125.68.0-255,4320,212295,42,279723
3479,0.001932,172.31.46.0-255,66,212361,42,279723
3480,0.001943,74.125.68.0-255,4320,216681,42,279723
3481,0.001946,74.125.68.0-255,766,217447,42,279723
3482,0.001966,172.31.46.0-255,66,217513,42,279723
3483,0.001977,74.125.68.0-255,4320,221833,42,279723
3484,0.001981,172.31.46.0-255,66,221899,42,279723
3485,0.002057,74.125.68.0-255,766,222665,42,279723
3486,0.002082,74.125.68.0-255,7156,229821,42,279723
3487,0.002124,74.125.68.0-255,2902,232723,42,279723
3488,0.002174,74.125.68.0-255,2902,235625,42,279723
3489,0.002214,74.125.68.0-255,7156,242781,42,279723
3490,0.002233,74.125.68.0-255,7156,249937,42,279723
3491,0.002238,74.125.68.0-255,4320,254257,42,279723
3492,0.002251,74.125.68.0-255,2184,256441,42,279723
3493,0.006382,172.31.46.0-255,66,256507,42,279723
3494,0.008657,74.125.68.0-255,5738,262245,42,279723
3495,0.008665,172.31.46.0-255,66,262311,42,279723
3496,0.010909,74.125.68.0-255,5738,268049,42,279723
3497,0.010916,172.31.46.0-255,66,268115,42,279723
3498,0.013184,74.125.68.0-255,5738,273853,42,279723
3499,0.013192,172.31.46.0-255,66,273919,42,279723
3500,0.015436,74.125.68.0-255,5738,279657,42,279723
3501,0.019658,172.31.46.0-255,66,279723,42,279723
3502,0.0,172.217.194.0-255,66,66,42,66
3503,0.0,172.217.194.0-255,153,153,42,130299
3504,2.3e-05,172.31.46.0-255,66,219,42,130299
3505,3e-05,172.217.194.0-255,1484,1703,42,130299
3506,3.6e-05,172.31.46.0-255,66,1769,42,130299
3507,4.2e-05,172.217.194.0-255,2902,4671,42,130299
3508,4.7e-05,172.31.46.0-255,66,4737,42,130299
3509,5.5e-05,172.217.194.0-255,7156,11893,42,130299
3510,5.8e-05,172.31.46.0-255,66,11959,42,130299
3511,7.3e-05,172.31.46.0-255,66,12025,42,130299
3512,8.6e-05,172.31.46.0-255,66,12091,42,130299
3513,0.000128,172.31.46.0-255,66,12157,42,130299
3514,0.000171,172.217.194.0-255,4320,16477,42,130299
3515,0.000174,172.31.46.0-255,66,16543,42,130299
3516,0.000186,172.217.194.0-255,2902,19445,42,130299
3517,0.000189,172.31.46.0-255,66,19511,42,130299
3518,0.0002,172.31.46.0-255,66,19577,42,130299
3519,0.000203,172.217.194.0-255,1437,21014,42,130299
3520,0.000205,172.31.46.0-255,66,21080,42,130299
3521,0.000293,172.217.194.0-255,1484,22564,42,130299
3522,0.000296,172.31.46.0-255,66,22630,42,130299
3523,0.000321,172.217.194.0-255,2902,25532,42,130299
3524,0.000324,172.31.46.0-255,66,25598,42,130299
3525,0.000331,172.217.194.0-255,5738,31336,42,130299
3526,0.000333,172.31.46.0-255,66,31402,42,130299
3527,0.00034,172.217.194.0-255,7084,38486,42,130299
3528,0.000342,172.31.46.0-255,66,38552,42,130299
3529,0.000348,172.217.194.0-255,5738,44290,42,130299
3530,0.000351,172.31.46.0-255,66,44356,42,130299
3531,0.000388,172.31.46.0-255,66,44422,42,130299
3532,0.000392,172.217.194.0-255,2543,46965,42,130299
3533,0.000541,172.31.46.0-255,66,47031,42,130299
3534,0.001786,172.217.194.0-255,1484,48515,42,130299
3535,0.001799,172.217.194.0-255,2902,51417,42,130299
3536,0.001804,172.31.46.0-255,66,51483,42,130299
3537,0.001812,172.217.194.0-255,5738,57221,42,130299
3538,0.001814,172.31.46.0-255,66,57287,42,130299
3539,0.001839,172.217.194.0-255,5738,63025,42,130299
3540,0.001842,172.31.46.0-255,66,63091,42,130299
3541,0.001867,172.217.194.0-255,2902,65993,42,130299
3542,0.00187,172.31.46.0-255,66,66059,42,130299
3543,0.001888,172.217.194.0-255,5738,71797,42,130299
3544,0.00189,172.31.46.0-255,66,71863,42,130299
3545,0.001924,172.31.46.0-255,66,71929,42,130299
3546,0.002557,172.217.194.0-255,1484,73413,42,130299
3547,0.002571,172.217.194.0-255,2902,76315,42,130299
3548,0.002574,172.31.46.0-255,66,76381,42,130299
3549,0.002578,172.217.194.0-255,1484,77865,42,130299
3550,0.002597,172.217.194.0-255,4320,82185,42,130299
3551,0.002599,172.31.46.0-255,66,82251,42,130299
3552,0.002601,172.217.194.0-255,1484,83735,42,130299
3553,0.002616,172.217.194.0-255,5738,89473,42,130299
3554,0.002618,172.31.46.0-255,66,89539,42,130299
3555,0.002646,172.217.194.0-255,7156,96695,42,130299
3556,0.002648,172.31.46.0-255,66,96761,42,130299
3557,0.002659,172.31.46.0-255,66,96827,42,130299
3558,0.005297,172.217.194.0-255,4320,101147,42,130299
3559,0.0053,172.31.46.0-255,66,101213,42,130299
3560,0.005319,172.217.194.0-255,1484,102697,42,130299
3561,0.007946,172.217.194.0-255,4320,107017,42,130299
3562,0.007956,172.31.46.0-255,66,107083,42,130299
3563,0.010706,172.217.194.0-255,5738,112821,42,130299
3564,0.010723,172.31.46.0-255,66,112887,42,130299
3565,0.013392,172.217.194.0-255,5738,118625,42,130299
3566,0.013411,172.31.46.0-255,66,118691,42,130299
3567,0.016044,172.217.194.0-255,5738,124429,42,130299
3568,0.016054,172.31.46.0-255,66,124495,42,130299
3569,0.018685,172.217.194.0-255,5738,130233,42,130299
3570,0.018693,172.31.46.0-255,66,130299,42,130299
3571,0.0,74.125.24.0-255,152,152,42,215629
3572,1.7e-05,172.31.46.0-255,66,218,42,215629
3573,2.4e-05,74.125.24.0-255,1484,1702,42,215629
3574,2.9e-05,172.31.46.0-255,66,1768,42,215629
3575,3.4e-05,74.125.24.0-255,2902,4670,42,215629
3576,4.4e-05,172.31.46.0-255,66,4736,42,215629
3577,5.2e-05,74.125.24.0-255,7156,11892,42,215629
3578,5.6e-05,172.31.46.0-255,66,11958,42,215629
3579,6.2e-05,74.125.24.0-255,4320,16278,42,215629
3580,6.5e-05,172.31.46.0-255,66,16344,42,215629
3581,0.000113,172.31.46.0-255,66,16410,42,215629
3582,0.00012,74.125.24.0-255,6797,23207,42,215629
3583,0.000123,172.31.46.0-255,66,23273,42,215629
3584,0.000501,74.125.24.0-255,1484,24757,42,215629
3585,0.000507,172.31.46.0-255,66,24823,42,215629
3586,0.000513,74.125.24.0-255,2902,27725,42,215629
3587,0.000516,172.31.46.0-255,66,27791,42,215629
3588,0.000522,74.125.24.0-255,5738,33529,42,215629
3589,0.000529,172.31.46.0-255,66,33595,42,215629
3590,0.00056,74.125.24.0-255,6797,40392,42,215629
3591,0.000563,172.31.46.0-255,66,40458,42,215629
3592,0.000608,172.31.46.0-255,66,40524,42,215629
3593,0.000613,74.125.24.0-255,2853,43377,42,215629
3594,0.000616,172.31.46.0-255,66,43443,42,215629
3595,0.0008,74.125.24.0-255,109,43552,42,215629
3596,0.000804,172.31.46.0-255,66,43618,42,215629
3597,0.000833,74.125.24.0-255,1484,45102,42,215629
3598,0.000835,172.31.46.0-255,66,45168,42,215629
3599,0.000841,74.125.24.0-255,2902,48070,42,215629
3600,0.000843,172.31.46.0-255,66,48136,42,215629
3601,0.000875,74.125.24.0-255,1484,49620,42,215629
3602,0.000907,74.125.24.0-255,5738,55358,42,215629
3603,0.00091,172.31.46.0-255,66,55424,42,215629
3604,0.000926,172.31.46.0-255,66,55490,42,215629
3605,0.000932,74.125.24.0-255,6438,61928,42,215629
3606,0.000934,172.31.46.0-255,66,61994,42,215629
3607,0.001088,74.125.24.0-255,1484,63478,42,215629
3608,0.001093,74.125.24.0-255,2902,66380,42,215629
3609,0.001097,172.31.46.0-255,66,66446,42,215629
3610,0.0011,74.125.24.0-255,1484,67930,42,215629
3611,0.001128,74.125.24.0-255,4320,72250,42,215629
3612,0.00113,172.31.46.0-255,66,72316,42,215629
3613,0.001144,172.31.46.0-255,66,72382,42,215629
3614,0.001149,74.125.24.0-255,4320,76702,42,215629
3615,0.001152,172.31.46.0-255,66,76768,42,215629
3616,0.00118,74.125.24.0-255,6438,83206,42,215629
3617,0.001183,172.31.46.0-255,66,83272,42,215629
3618,0.001224,172.31.46.0-255,66,83338,42,215629
3619,0.001262,172.31.46.0-255,66,83404,42,215629
3620,0.001281,172.31.46.0-255,66,83470,42,215629
3621,0.001304,74.125.24.0-255,1484,84954,42,215629
3622,0.001309,74.125.24.0-255,2902,87856,42,215629
3623,0.001311,172.31.46.0-255,66,87922,42,215629
3624,0.001316,74.125.24.0-255,2902,90824,42,215629
3625,0.001318,172.31.46.0-255,66,90890,42,215629
3626,0.001348,74.125.24.0-255,2902,93792,42,215629
3627,0.00135,172.31.46.0-255,66,93858,42,215629
3628,0.001364,172.31.46.0-255,66,93924,42,215629
3629,0.001375,172.31.46.0-255,66,93990,42,215629
3630,0.001405,74.125.24.0-255,2184,96174,42,215629
3631,0.001407,172.31.46.0-255,66,96240,42,215629
3632,0.001938,74.125.24.0-255,1484,97724,42,215629
3633,0.001942,74.125.24.0-255,1484,99208,42,215629
3634,0.001952,172.31.46.0-255,66,99274,42,215629
3635,0.001956,74.125.24.0-255,1484,100758,42,215629
3636,0.001962,74.125.24.0-255,5738,106496,42,215629
3637,0.001969,172.31.46.0-255,66,106562,42,215629
3638,0.00201,172.31.46.0-255,66,106628,42,215629
3639,0.002049,172.31.46.0-255,66,106694,42,215629
3640,0.002054,74.125.24.0-255,4320,111014,42,215629
3641,0.002056,172.31.46.0-255,66,111080,42,215629
3642,0.002098,172.31.46.0-255,66,111146,42,215629
3643,0.002125,172.31.46.0-255,66,111212,42,215629
3644,0.002354,74.125.24.0-255,1484,112696,42,215629
3645,0.002359,74.125.24.0-255,1484,114180,42,215629
3646,0.002363,172.31.46.0-255,66,114246,42,215629
3647,0.002387,74.125.24.0-255,1484,115730,42,215629
3648,0.002394,74.125.24.0-255,5738,121468,42,215629
3649,0.002397,172.31.46.0-255,66,121534,42,215629
3650,0.002426,74.125.24.0-255,7156,128690,42,215629
3651,0.002429,172.31.46.0-255,66,128756,42,215629
3652,0.002453,74.125.24.0-255,2902,131658,42,215629
3653,0.002456,172.31.46.0-255,66,131724,42,215629
3654,0.002467,172.31.46.0-255,66,131790,42,215629
3655,0.00249,74.125.24.0-255,2184,133974,42,215629
3656,0.002493,172.31.46.0-255,66,134040,42,215629
3657,0.00317,74.125.24.0-255,1484,135524,42,215629
3658,0.003177,74.125.24.0-255,2902,138426,42,215629
3659,0.003182,172.31.46.0-255,66,138492,42,215629
3660,0.003208,74.125.24.0-255,5738,144230,42,215629
3661,0.00321,172.31.46.0-255,66,144296,42,215629
3662,0.003212,74.125.24.0-255,1484,145780,42,215629
3663,0.003242,172.31.46.0-255,66,145846,42,215629
3664,0.003263,74.125.24.0-255,1484,147330,42,215629
3665,0.003283,74.125.24.0-255,4320,151650,42,215629
3666,0.003286,172.31.46.0-255,66,151716,42,215629
3667,0.003312,74.125.24.0-255,6438,158154,42,215629
3668,0.003314,172.31.46.0-255,66,158220,42,215629
3669,0.003319,74.125.24.0-255,4320,162540,42,215629
3670,0.003321,172.31.46.0-255,66,162606,42,215629
3671,0.003342,74.125.24.0-255,7156,169762,42,215629
3672,0.003344,172.31.46.0-255,66,169828,42,215629
3673,0.00335,74.125.24.0-255,7156,176984,42,215629
3674,0.003356,172.31.46.0-255,66,177050,42,215629
3675,0.00338,74.125.24.0-255,1484,178534,42,215629
3676,0.003386,74.125.24.0-255,5738,184272,42,215629
3677,0.003388,172.31.46.0-255,66,184338,42,215629
3678,0.003394,74.125.24.0-255,7156,191494,42,215629
3679,0.003396,172.31.46.0-255,66,191560,42,215629
3680,0.003422,74.125.24.0-255,766,192326,42,215629
3681,0.003502,74.125.24.0-255,1484,193810,42,215629
3682,0.003505,172.31.46.0-255,66,193876,42,215629
3683,0.003509,74.125.24.0-255,1484,195360,42,215629
3684,0.003532,74.125.24.0-255,1484,196844,42,215629
3685,0.003534,172.31.46.0-255,66,196910,42,215629
3686,0.00354,74.125.24.0-255,5738,202648,42,215629
3687,0.003542,172.31.46.0-255,66,202714,42,215629
3688,0.003547,74.125.24.0-255,4320,207034,42,215629
3689,0.003553,172.31.46.0-255,66,207100,42,215629
3690,0.003579,74.125.24.0-255,1484,208584,42,215629
3691,0.003592,74.125.24.0-255,4320,212904,42,215629
3692,0.003595,172.31.46.0-255,66,212970,42,215629
3693,0.003616,74.125.24.0-255,2150,215120,42,215629
3694,0.003618,172.31.46.0-255,66,215186,42,215629
3695,0.00362,74.125.24.0-255,105,215291,42,215629
3696,0.008735,172.31.46.0-255,101,215392,42,215629
3697,0.009511,172.31.46.0-255,105,215497,42,215629
3698,0.010992,74.125.24.0-255,66,215563,42,215629
3699,0.011746,74.125.24.0-255,66,215629,42,215629
3700,0.0,172.217.194.0-255,146,146,42,168202
3701,1.5e-05,172.31.46.0-255,66,212,42,168202
3702,2.1e-05,172.217.194.0-255,1484,1696,42,168202
3703,2.6e-05,172.31.46.0-255,66,1762,42,168202
3704,5.5e-05,172.217.194.0-255,2902,4664,42,168202
3705,5.8e-05,172.31.46.0-255,66,4730,42,168202
3706,6.6e-05,172.217.194.0-255,7156,11886,42,168202
3707,6.9e-05,172.31.46.0-255,66,11952,42,168202
3708,0.000108,172.217.194.0-255,1940,13892,42,168202
3709,0.000111,172.31.46.0-255,66,13958,42,168202
3710,0.000117,172.217.194.0-255,2902,16860,42,168202
3711,0.000119,172.31.46.0-255,66,16926,42,168202
3712,0.000122,172.217.194.0-255,1484,18410,42,168202
3713,0.000125,172.31.46.0-255,66,18476,42,168202
3714,0.000158,172.217.194.0-255,4320,22796,42,168202
3715,0.000162,172.31.46.0-255,66,22862,42,168202
3716,0.000197,172.31.46.0-255,66,22928,42,168202
3717,0.00021,172.31.46.0-255,66,22994,42,168202
3718,0.000241,172.217.194.0-255,2543,25537,42,168202
3719,0.000244,172.31.46.0-255,66,25603,42,168202
3720,0.000248,172.217.194.0-255,2902,28505,42,168202
3721,0.000251,172.31.46.0-255,66,28571,42,168202
3722,0.000258,172.217.194.0-255,7156,35727,42,168202
3723,0.000261,172.31.46.0-255,66,35793,42,168202
3724,0.000285,172.217.194.0-255,2902,38695,42,168202
3725,0.000288,172.31.46.0-255,66,38761,42,168202
3726,0.000321,172.217.194.0-255,4237,42998,42,168202
3727,0.000325,172.31.46.0-255,66,43064,42,168202
3728,0.000327,172.217.194.0-255,114,43178,42,168202
3729,0.00033,172.31.46.0-255,66,43244,42,168202
3730,0.000333,172.217.194.0-255,386,43630,42,168202
3731,0.00065,172.217.194.0-255,1484,45114,42,168202
3732,0.000656,172.31.46.0-255,66,45180,42,168202
3733,0.000662,172.217.194.0-255,2902,48082,42,168202
3734,0.000666,172.31.46.0-255,66,48148,42,168202
3735,0.000678,172.217.194.0-255,5738,53886,42,168202
3736,0.00068,172.31.46.0-255,66,53952,42,168202
3737,0.000722,172.31.46.0-255,66,54018,42,168202
3738,0.000761,172.31.46.0-255,66,54084,42,168202
3739,0.00134,172.217.194.0-255,1484,55568,42,168202
3740,0.001348,172.217.194.0-255,2902,58470,42,168202
3741,0.001352,172.31.46.0-255,66,58536,42,168202
3742,0.001358,172.217.194.0-255,5738,64274,42,168202
3743,0.001361,172.31.46.0-255,66,64340,42,168202
3744,0.00141,172.31.46.0-255,66,64406,42,168202
3745,0.001427,172.31.46.0-255,66,64472,42,168202
3746,0.001563,172.217.194.0-255,1484,65956,42,168202
3747,0.001567,172.217.194.0-255,1484,67440,42,168202
3748,0.00157,172.31.46.0-255,66,67506,42,168202
3749,0.001597,172.217.194.0-255,1484,68990,42,168202
3750,0.001603,172.217.194.0-255,5738,74728,42,168202
3751,0.001605,172.31.46.0-255,66,74794,42,168202
3752,0.00161,172.217.194.0-255,2902,77696,42,168202
3753,0.001613,172.31.46.0-255,66,77762,42,168202
3754,0.00166,172.31.46.0-255,66,77828,42,168202
3755,0.001673,172.31.46.0-255,66,77894,42,168202
3756,0.001765,172.217.194.0-255,1484,79378,42,168202
3757,0.00177,172.217.194.0-255,2902,82280,42,168202
3758,0.001774,172.31.46.0-255,66,82346,42,168202
3759,0.00178,172.217.194.0-255,4320,86666,42,168202
3760,0.001782,172.31.46.0-255,66,86732,42,168202
3761,0.00181,172.217.194.0-255,1484,88216,42,168202
3762,0.001827,172.217.194.0-255,5738,93954,42,168202
3763,0.001838,172.31.46.0-255,66,94020,42,168202
3764,0.001841,172.31.46.0-255,66,94086,42,168202
3765,0.001847,172.217.194.0-255,5020,99106,42,168202
3766,0.001856,172.31.46.0-255,66,99172,42,168202
3767,0.00188,172.217.194.0-255,1484,100656,42,168202
3768,0.001885,172.217.194.0-255,2902,103558,42,168202
3769,0.001887,172.31.46.0-255,66,103624,42,168202
3770,0.001894,172.217.194.0-255,5738,109362,42,168202
3771,0.001896,172.31.46.0-255,66,109428,42,168202
3772,0.001941,172.31.46.0-255,66,109494,42,168202
3773,0.001944,172.217.194.0-255,1484,110978,42,168202
3774,0.001963,172.217.194.0-255,1484,112462,42,168202
3775,0.001966,172.31.46.0-255,66,112528,42,168202
3776,0.002008,172.31.46.0-255,66,112594,42,168202
3777,0.002078,172.217.194.0-255,1484,114078,42,168202
3778,0.002084,172.217.194.0-255,2902,116980,42,168202
3779,0.002086,172.31.46.0-255,66,117046,42,168202
3780,0.002092,172.217.194.0-255,4320,121366,42,168202
3781,0.002095,172.31.46.0-255,66,121432,42,168202
3782,0.002112,172.217.194.0-255,1484,122916,42,168202
3783,0.002125,172.217.194.0-255,7156,130072,42,168202
3784,0.002128,172.31.46.0-255,66,130138,42,168202
3785,0.002161,172.217.194.0-255,5738,135876,42,168202
3786,0.002164,172.31.46.0-255,66,135942,42,168202
3787,0.002178,172.31.46.0-255,66,136008,42,168202
3788,0.002181,172.217.194.0-255,1484,137492,42,168202
3789,0.002185,172.217.194.0-255,2902,140394,42,168202
3790,0.002187,172.31.46.0-255,66,140460,42,168202
3791,0.002194,172.217.194.0-255,5738,146198,42,168202
3792,0.002199,172.31.46.0-255,66,146264,42,168202
3793,0.00225,172.31.46.0-255,66,146330,42,168202
3794,0.002263,172.31.46.0-255,66,146396,42,168202
3795,0.002291,172.217.194.0-255,1484,147880,42,168202
3796,0.002296,172.217.194.0-255,2902,150782,42,168202
3797,0.002298,172.31.46.0-255,66,150848,42,168202
3798,0.002304,172.217.194.0-255,5738,156586,42,168202
3799,0.002307,172.31.46.0-255,66,156652,42,168202
3800,0.002342,172.217.194.0-255,1484,158136,42,168202
3801,0.002345,172.31.46.0-255,78,158214,42,168202
3802,0.002358,172.31.46.0-255,66,158280,42,168202
3803,0.002452,172.31.46.0-255,66,158346,42,168202
3804,0.002455,172.217.194.0-255,1484,159830,42,168202
3805,0.002464,172.31.46.0-255,66,159896,42,168202
3806,0.00247,172.217.194.0-255,2902,162798,42,168202
3807,0.002472,172.31.46.0-255,66,162864,42,168202
3808,0.002474,172.217.194.0-255,1484,164348,42,168202
3809,0.002478,172.217.194.0-255,1484,165832,42,168202
3810,0.00248,172.31.46.0-255,66,165898,42,168202
3811,0.002483,172.217.194.0-255,1484,167382,42,168202
3812,0.002496,172.31.46.0-255,66,167448,42,168202
3813,0.002511,172.31.46.0-255,66,167514,42,168202
3814,0.002526,172.31.46.0-255,66,167580,42,168202
3815,0.002529,172.217.194.0-255,97,167677,42,168202
3816,0.002567,172.217.194.0-255,105,167782,42,168202
3817,0.011097,172.31.46.0-255,66,167848,42,168202
3818,0.011143,172.31.46.0-255,105,167953,42,168202
3819,0.011234,172.217.194.0-255,105,168058,42,168202
3820,0.011242,172.31.46.0-255,78,168136,42,168202
3821,0.013384,172.217.194.0-255,66,168202,42,168202
3822,0.0,74.125.68.0-255,146,146,42,215584
3823,2.3e-05,172.31.46.0-255,66,212,42,215584
3824,3.1e-05,74.125.68.0-255,1484,1696,42,215584
3825,3.5e-05,172.31.46.0-255,66,1762,42,215584
3826,4.2e-05,74.125.68.0-255,2902,4664,42,215584
3827,4.5e-05,172.31.46.0-255,66,4730,42,215584
3828,7.5e-05,74.125.68.0-255,5738,10468,42,215584
3829,7.9e-05,172.31.46.0-255,66,10534,42,215584
3830,8.4e-05,74.125.68.0-255,3424,13958,42,215584
3831,8.6e-05,172.31.46.0-255,66,14024,42,215584
3832,0.000636,74.125.68.0-255,1484,15508,42,215584
3833,0.000643,172.31.46.0-255,66,15574,42,215584
3834,0.000652,74.125.68.0-255,2902,18476,42,215584
3835,0.000654,172.31.46.0-255,66,18542,42,215584
3836,0.00066,74.125.68.0-255,2902,21444,42,215584
3837,0.000662,172.31.46.0-255,66,21510,42,215584
3838,0.000688,74.125.68.0-255,5738,27248,42,215584
3839,0.000692,172.31.46.0-255,66,27314,42,215584
3840,0.000708,74.125.68.0-255,1484,28798,42,215584
3841,0.000711,172.31.46.0-255,66,28864,42,215584
3842,0.000716,74.125.68.0-255,2543,31407,42,215584
3843,0.000719,172.31.46.0-255,66,31473,42,215584
3844,0.000796,74.125.68.0-255,1484,32957,42,215584
3845,0.0008,172.31.46.0-255,66,33023,42,215584
3846,0.000804,74.125.68.0-255,1484,34507,42,215584
3847,0.000807,172.31.46.0-255,66,34573,42,215584
3848,0.000812,74.125.68.0-255,2902,37475,42,215584
3849,0.000814,172.31.46.0-255,66,37541,42,215584
3850,0.000837,74.125.68.0-255,5738,43279,42,215584
3851,0.00084,172.31.46.0-255,66,43345,42,215584
3852,0.000851,74.125.68.0-255,1484,44829,42,215584
3853,0.000854,172.31.46.0-255,66,44895,42,215584
3854,0.00087,74.125.68.0-255,5379,50274,42,215584
3855,0.000876,74.125.68.0-255,2902,53176,42,215584
3856,0.000895,74.125.68.0-255,4320,57496,42,215584
3857,0.000919,74.125.68.0-255,7156,64652,42,215584
3858,0.00093,74.125.68.0-255,1436,66088,42,215584
3859,0.000933,74.125.68.0-255,376,66464,42,215584
3860,0.001356,74.125.68.0-255,1484,67948,42,215584
3861,0.001364,74.125.68.0-255,2902,70850,42,215584
3862,0.001368,74.125.68.0-255,1484,72334,42,215584
3863,0.001383,74.125.68.0-255,2902,75236,42,215584
3864,0.0014,74.125.68.0-255,5738,80974,42,215584
3865,0.001422,74.125.68.0-255,2902,83876,42,215584
3866,0.00143,74.125.68.0-255,7156,91032,42,215584
3867,0.001436,74.125.68.0-255,4320,95352,42,215584
3868,0.001457,74.125.68.0-255,4320,99672,42,215584
3869,0.00146,74.125.68.0-255,766,100438,42,215584
3870,0.001509,74.125.68.0-255,1484,101922,42,215584
3871,0.001522,74.125.68.0-255,1484,103406,42,215584
3872,0.001534,74.125.68.0-255,1484,104890,42,215584
3873,0.001559,74.125.68.0-255,5738,110628,42,215584
3874,0.001598,74.125.68.0-255,2902,113530,42,215584
3875,0.001625,74.125.68.0-255,2184,115714,42,215584
3876,0.001829,74.125.68.0-255,1484,117198,42,215584
3877,0.001849,74.125.68.0-255,2902,120100,42,215584
3878,0.001868,74.125.68.0-255,5738,125838,42,215584
3879,0.001872,74.125.68.0-255,2902,128740,42,215584
3880,0.001889,74.125.68.0-255,4320,133060,42,215584
3881,0.001907,74.125.68.0-255,4320,137380,42,215584
3882,0.001923,74.125.68.0-255,4320,141700,42,215584
3883,0.001929,74.125.68.0-255,5738,147438,42,215584
3884,0.001977,74.125.68.0-255,2184,149622,42,215584
3885,0.002102,74.125.68.0-255,1484,151106,42,215584
3886,0.002119,74.125.68.0-255,2902,154008,42,215584
3887,0.002166,74.125.68.0-255,4320,158328,42,215584
3888,0.002183,74.125.68.0-255,7156,165484,42,215584
3889,0.002202,74.125.68.0-255,5738,171222,42,215584
3890,0.002213,74.125.68.0-255,2902,174124,42,215584
3891,0.002216,74.125.68.0-255,766,174890,42,215584
3892,0.003673,172.31.46.0-255,66,174956,42,215584
3893,0.005943,74.125.68.0-255,5738,180694,42,215584
3894,0.00595,172.31.46.0-255,66,180760,42,215584
3895,0.0082,74.125.68.0-255,5738,186498,42,215584
3896,0.008207,172.31.46.0-255,66,186564,42,215584
3897,0.010465,74.125.68.0-255,5738,192302,42,215584
3898,0.010629,172.31.46.0-255,66,192368,42,215584
3899,0.012877,74.125.68.0-255,5738,198106,42,215584
3900,0.012885,172.31.46.0-255,66,198172,42,215584
3901,0.01514,74.125.68.0-255,5738,203910,42,215584
3902,0.015147,172.31.46.0-255,66,203976,42,215584
3903,0.017406,74.125.68.0-255,5738,209714,42,215584
3904,0.017414,172.31.46.0-255,66,209780,42,215584
3905,0.019691,74.125.68.0-255,5738,215518,42,215584
3906,0.019698,172.31.46.0-255,66,215584,42,215584
3907,0.0,74.125.130.0-255,152,152,42,255673
3908,1.7e-05,172.31.46.0-255,66,218,42,255673
3909,2.4e-05,74.125.130.0-255,1484,1702,42,255673
3910,2.9e-05,172.31.46.0-255,66,1768,42,255673
3911,3.2e-05,74.125.130.0-255,1484,3252,42,255673
3912,4.5e-05,172.31.46.0-255,66,3318,42,255673
3913,5.2e-05,74.125.130.0-255,2902,6220,42,255673
3914,5.5e-05,172.31.46.0-255,66,6286,42,255673
3915,6.1e-05,74.125.130.0-255,4320,10606,42,255673
3916,6.4e-05,172.31.46.0-255,66,10672,42,255673
3917,8.4e-05,74.125.130.0-255,1484,12156,42,255673
3918,9.1e-05,172.31.46.0-255,66,12222,42,255673
3919,9.6e-05,74.125.130.0-255,1929,14151,42,255673
3920,9.9e-05,172.31.46.0-255,66,14217,42,255673
3921,0.000134,74.125.130.0-255,1484,15701,42,255673
3922,0.000136,172.31.46.0-255,66,15767,42,255673
3923,0.00014,74.125.130.0-255,1484,17251,42,255673
3924,0.000142,172.31.46.0-255,66,17317,42,255673
3925,0.000172,74.125.130.0-255,1484,18801,42,255673
3926,0.000175,172.31.46.0-255,66,18867,42,255673
3927,0.000181,74.125.130.0-255,5738,24605,42,255673
3928,0.000184,172.31.46.0-255,66,24671,42,255673
3929,0.000194,74.125.130.0-255,5738,30409,42,255673
3930,0.000197,172.31.46.0-255,66,30475,42,255673
3931,0.000222,74.125.130.0-255,1125,31600,42,255673
3932,0.000225,172.31.46.0-255,66,31666,42,255673
3933,0.000462,74.125.130.0-255,1484,33150,42,255673
3934,0.000468,172.31.46.0-255,66,33216,42,255673
3935,0.000475,74.125.130.0-255,2902,36118,42,255673
3936,0.000478,172.31.46.0-255,66,36184,42,255673
3937,0.000487,74.125.130.0-255,2902,39086,42,255673
3938,0.000489,172.31.46.0-255,66,39152,42,255673
3939,0.000494,74.125.130.0-255,4320,43472,42,255673
3940,0.000496,172.31.46.0-255,66,43538,42,255673
3941,0.000545,74.125.130.0-255,5379,48917,42,255673
3942,0.000549,172.31.46.0-255,66,48983,42,255673
3943,0.001035,74.125.130.0-255,1484,50467,42,255673
3944,0.001043,74.125.130.0-255,2902,53369,42,255673
3945,0.001047,172.31.46.0-255,66,53435,42,255673
3946,0.001052,74.125.130.0-255,1484,54919,42,255673
3947,0.001074,74.125.130.0-255,4320,59239,42,255673
3948,0.001076,172.31.46.0-255,66,59305,42,255673
3949,0.001113,172.31.46.0-255,66,59371,42,255673
3950,0.001167,74.125.130.0-255,1484,60855,42,255673
3951,0.00119,74.125.130.0-255,2902,63757,42,255673
3952,0.001193,172.31.46.0-255,66,63823,42,255673
3953,0.001197,74.125.130.0-255,1484,65307,42,255673
3954,0.001201,74.125.130.0-255,2902,68209,42,255673
3955,0.001203,172.31.46.0-255,66,68275,42,255673
3956,0.001236,74.125.130.0-255,5738,74013,42,255673
3957,0.001238,172.31.46.0-255,66,74079,42,255673
3958,0.001243,74.125.130.0-255,2543,76622,42,255673
3959,0.001246,172.31.46.0-255,66,76688,42,255673
3960,0.001288,74.125.130.0-255,2902,79590,42,255673
3961,0.001291,172.31.46.0-255,66,79656,42,255673
3962,0.00132,74.125.130.0-255,4320,83976,42,255673
3963,0.001323,172.31.46.0-255,66,84042,42,255673
3964,0.00133,74.125.130.0-255,4320,88362,42,255673
3965,0.001332,172.31.46.0-255,66,88428,42,255673
3966,0.001355,74.125.130.0-255,4320,92748,42,255673
3967,0.001357,172.31.46.0-255,66,92814,42,255673
3968,0.001364,74.125.130.0-255,1125,93939,42,255673
3969,0.001502,74.125.130.0-255,1484,95423,42,255673
3970,0.001506,172.31.46.0-255,66,95489,42,255673
3971,0.001511,74.125.130.0-255,2902,98391,42,255673
3972,0.001514,172.31.46.0-255,66,98457,42,255673
3973,0.001545,74.125.130.0-255,5738,104195,42,255673
3974,0.001548,172.31.46.0-255,66,104261,42,255673
3975,0.001553,74.125.130.0-255,2902,107163,42,255673
3976,0.001555,172.31.46.0-255,66,107229,42,255673
3977,0.001594,74.125.130.0-255,7156,114385,42,255673
3978,0.001597,172.31.46.0-255,66,114451,42,255673
3979,0.001615,172.31.46.0-255,66,114517,42,255673
3980,0.001619,74.125.130.0-255,2184,116701,42,255673
3981,0.001622,172.31.46.0-255,66,116767,42,255673
3982,0.001679,74.125.130.0-255,1484,118251,42,255673
3983,0.001684,74.125.130.0-255,2902,121153,42,255673
3984,0.00169,172.31.46.0-255,66,121219,42,255673
3985,0.001714,74.125.130.0-255,2902,124121,42,255673
3986,0.001717,172.31.46.0-255,66,124187,42,255673
3987,0.001723,74.125.130.0-255,4320,128507,42,255673
3988,0.001726,172.31.46.0-255,66,128573,42,255673
3989,0.001793,172.31.46.0-255,66,128639,42,255673
3990,0.001801,74.125.130.0-255,7156,135795,42,255673
3991,0.001803,172.31.46.0-255,66,135861,42,255673
3992,0.001813,74.125.130.0-255,4320,140181,42,255673
3993,0.001816,172.31.46.0-255,66,140247,42,255673
3994,0.001845,74.125.130.0-255,2184,142431,42,255673
3995,0.001849,172.31.46.0-255,66,142497,42,255673
3996,0.0019,74.125.130.0-255,1484,143981,42,255673
3997,0.001917,74.125.130.0-255,2902,146883,42,255673
3998,0.001921,172.31.46.0-255,66,146949,42,255673
3999,0.001952,74.125.130.0-255,5738,152687,42,255673
4000,0.001957,172.31.46.0-255,66,152753,42,255673
4001,0.001974,74.125.130.0-255,2902,155655,42,255673
4002,0.001976,172.31.46.0-255,66,155721,42,255673
4003,0.00201,74.125.130.0-255,7156,162877,42,255673
4004,0.002014,172.31.46.0-255,66,162943,42,255673
4005,0.002031,172.31.46.0-255,66,163009,42,255673
4006,0.002035,74.125.130.0-255,2184,165193,42,255673
4007,0.002038,172.31.46.0-255,66,165259,42,255673
4008,0.002074,74.125.130.0-255,1484,166743,42,255673
4009,0.002079,74.125.130.0-255,2902,169645,42,255673
4010,0.002083,172.31.46.0-255,66,169711,42,255673
4011,0.002115,74.125.130.0-255,5738,175449,42,255673
4012,0.002118,172.31.46.0-255,66,175515,42,255673
4013,0.002122,74.125.130.0-255,2902,178417,42,255673
4014,0.002125,172.31.46.0-255,66,178483,42,255673
4015,0.002134,74.125.130.0-255,4320,182803,42,255673
4016,0.002136,172.31.46.0-255,66,182869,42,255673
4017,0.002173,172.31.46.0-255,66,182935,42,255673
4018,0.00218,74.125.130.0-255,5738,188673,42,255673
4019,0.002182,172.31.46.0-255,66,188739,42,255673
4020,0.002225,74.125.130.0-255,2184,190923,42,255673
4021,0.002228,172.31.46.0-255,66,190989,42,255673
4022,0.002289,74.125.130.0-255,1484,192473,42,255673
4023,0.002295,74.125.130.0-255,2902,195375,42,255673
4024,0.002298,172.31.46.0-255,66,195441,42,255673
4025,0.002328,74.125.130.0-255,5738,201179,42,255673
4026,0.002331,172.31.46.0-255,66,201245,42,255673
4027,0.002355,74.125.130.0-255,2902,204147,42,255673
4028,0.002358,172.31.46.0-255,66,204213,42,255673
4029,0.002388,74.125.130.0-255,4320,208533,42,255673
4030,0.002404,172.31.46.0-255,66,208599,42,255673
4031,0.002407,172.31.46.0-255,66,208665,42,255673
4032,0.002416,74.125.130.0-255,2184,210849,42,255673
4033,0.002423,172.31.46.0-255,66,210915,42,255673
4034,0.00245,74.125.130.0-255,2902,213817,42,255673
4035,0.002459,172.31.46.0-255,66,213883,42,255673
4036,0.002464,74.125.130.0-255,4320,218203,42,255673
4037,0.002467,172.31.46.0-255,66,218269,42,255673
4038,0.002488,74.125.130.0-255,2902,221171,42,255673
4039,0.002491,172.31.46.0-255,66,221237,42,255673
4040,0.002506,172.31.46.0-255,66,221303,42,255673
4041,0.002548,74.125.130.0-255,766,222069,42,255673
4042,0.002559,172.31.46.0-255,66,222135,42,255673
4043,0.004193,172.31.46.0-255,66,222201,42,255673
4044,0.005158,74.125.130.0-255,4320,226521,42,255673
4045,0.005165,172.31.46.0-255,66,226587,42,255673
4046,0.006785,74.125.130.0-255,1484,228071,42,255673
4047,0.007758,74.125.130.0-255,4320,232391,42,255673
4048,0.007762,172.31.46.0-255,66,232457,42,255673
4049,0.010371,74.125.130.0-255,5738,238195,42,255673
4050,0.010377,172.31.46.0-255,66,238261,42,255673
4051,0.012986,74.125.130.0-255,5738,243999,42,255673
4052,0.012994,172.31.46.0-255,66,244065,42,255673
4053,0.015642,74.125.130.0-255,5738,249803,42,255673
4054,0.015652,172.31.46.0-255,66,249869,42,255673
4055,0.018277,74.125.130.0-255,5738,255607,42,255673
4056,0.018292,172.31.46.0-255,66,255673,42,255673
4057,0.0,74.125.24.0-255,295,295,42,172078
4058,2.4e-05,172.31.46.0-255,66,361,42,172078
4059,2.9e-05,74.125.24.0-255,1484,1845,42,172078
4060,3.4e-05,172.31.46.0-255,66,1911,42,172078
4061,5.6e-05,74.125.24.0-255,2902,4813,42,172078
4062,6.2e-05,172.31.46.0-255,66,4879,42,172078
4063,6.9e-05,74.125.24.0-255,5738,10617,42,172078
4064,7.1e-05,172.31.46.0-255,66,10683,42,172078
4065,0.000141,172.31.46.0-255,66,10749,42,172078
4066,0.000144,74.125.24.0-255,1484,12233,42,172078
4067,0.000147,172.31.46.0-255,66,12299,42,172078
4068,0.000172,74.125.24.0-255,2902,15201,42,172078
4069,0.000175,172.31.46.0-255,66,15267,42,172078
4070,0.000192,74.125.24.0-255,2543,17810,42,172078
4071,0.000199,172.31.46.0-255,66,17876,42,172078
4072,0.000221,74.125.24.0-255,1484,19360,42,172078
4073,0.000223,172.31.46.0-255,66,19426,42,172078
4074,0.000246,74.125.24.0-255,2902,22328,42,172078
4075,0.000248,172.31.46.0-255,66,22394,42,172078
4076,0.000254,74.125.24.0-255,5738,28132,42,172078
4077,0.000256,172.31.46.0-255,66,28198,42,172078
4078,0.000297,172.31.46.0-255,66,28264,42,172078
4079,0.000338,172.31.46.0-255,66,28330,42,172078
4080,0.000361,74.125.24.0-255,360,28690,42,172078
4081,0.000363,74.125.24.0-255,133,28823,42,172078
4082,0.000367,172.31.46.0-255,66,28889,42,172078
4083,0.000369,172.31.46.0-255,66,28955,42,172078
4084,0.000419,74.125.24.0-255,1484,30439,42,172078
4085,0.000421,172.31.46.0-255,66,30505,42,172078
4086,0.000426,74.125.24.0-255,2902,33407,42,172078
4087,0.000427,172.31.46.0-255,66,33473,42,172078
4088,0.000455,74.125.24.0-255,4320,37793,42,172078
4089,0.000458,172.31.46.0-255,66,37859,42,172078
4090,0.000464,74.125.24.0-255,5738,43597,42,172078
4091,0.000466,172.31.46.0-255,66,43663,42,172078
4092,0.000504,74.125.24.0-255,2244,45907,42,172078
4093,0.000506,172.31.46.0-255,66,45973,42,172078
4094,0.0006,74.125.24.0-255,1484,47457,42,172078
4095,0.000617,74.125.24.0-255,2902,50359,42,172078
4096,0.00062,172.31.46.0-255,66,50425,42,172078
4097,0.000626,74.125.24.0-255,5738,56163,42,172078
4098,0.000628,172.31.46.0-255,66,56229,42,172078
4099,0.000654,74.125.24.0-255,7156,63385,42,172078
4100,0.000656,172.31.46.0-255,66,63451,42,172078
4101,0.000694,74.125.24.0-255,4320,67771,42,172078
4102,0.000697,172.31.46.0-255,66,67837,42,172078
4103,0.000727,172.31.46.0-255,66,67903,42,172078
4104,0.000731,74.125.24.0-255,2184,70087,42,172078
4105,0.000733,172.31.46.0-255,66,70153,42,172078
4106,0.001116,74.125.24.0-255,1484,71637,42,172078
4107,0.001122,74.125.24.0-255,1484,73121,42,172078
4108,0.001127,172.31.46.0-255,66,73187,42,172078
4109,0.00114,74.125.24.0-255,1484,74671,42,172078
4110,0.001149,74.125.24.0-255,5738,80409,42,172078
4111,0.001151,172.31.46.0-255,66,80475,42,172078
4112,0.001192,172.31.46.0-255,66,80541,42,172078
4113,0.00122,172.31.46.0-255,66,80607,42,172078
4114,0.001243,74.125.24.0-255,2184,82791,42,172078
4115,0.001245,172.31.46.0-255,66,82857,42,172078
4116,0.001371,172.31.46.0-255,101,82958,42,172078
4117,0.001873,74.125.24.0-255,1484,84442,42,172078
4118,0.001877,74.125.24.0-255,1484,85926,42,172078
4119,0.001886,172.31.46.0-255,66,85992,42,172078
4120,0.001889,74.125.24.0-255,1484,87476,42,172078
4121,0.001912,74.125.24.0-255,5738,93214,42,172078
4122,0.001914,172.31.46.0-255,66,93280,42,172078
4123,0.001919,74.125.24.0-255,4320,97600,42,172078
4124,0.001921,172.31.46.0-255,66,97666,42,172078
4125,0.001952,74.125.24.0-255,5738,103404,42,172078
4126,0.001955,172.31.46.0-255,66,103470,42,172078
4127,0.001966,172.31.46.0-255,66,103536,42,172078
4128,0.001997,74.125.24.0-255,2184,105720,42,172078
4129,0.001999,172.31.46.0-255,66,105786,42,172078
4130,0.002098,74.125.24.0-255,1484,107270,42,172078
4131,0.002103,74.125.24.0-255,2902,110172,42,172078
4132,0.002105,172.31.46.0-255,66,110238,42,172078
4133,0.002132,74.125.24.0-255,5738,115976,42,172078
4134,0.002134,172.31.46.0-255,66,116042,42,172078
4135,0.002141,74.125.24.0-255,7156,123198,42,172078
4136,0.002143,172.31.46.0-255,66,123264,42,172078
4137,0.00219,172.31.46.0-255,66,123330,42,172078
4138,0.002202,74.125.24.0-255,5738,129068,42,172078
4139,0.002205,172.31.46.0-255,66,129134,42,172078
4140,0.002212,74.125.24.0-255,2184,131318,42,172078
4141,0.002214,172.31.46.0-255,66,131384,42,172078
4142,0.003585,74.125.24.0-255,66,131450,42,172078
4143,0.004426,74.125.24.0-255,5738,137188,42,172078
4144,0.004431,172.31.46.0-255,66,137254,42,172078
4145,0.006694,74.125.24.0-255,5738,142992,42,172078
4146,0.006697,172.31.46.0-255,66,143058,42,172078
4147,0.008944,74.125.24.0-255,5738,148796,42,172078
4148,0.008951,172.31.46.0-255,66,148862,42,172078
4149,0.011193,74.125.24.0-255,5738,154600,42,172078
4150,0.011209,172.31.46.0-255,66,154666,42,172078
4151,0.013449,74.125.24.0-255,5738,160404,42,172078
4152,0.013462,172.31.46.0-255,66,160470,42,172078
4153,0.015732,74.125.24.0-255,5738,166208,42,172078
4154,0.015743,172.31.46.0-255,66,166274,42,172078
4155,0.017978,74.125.24.0-255,5738,172012,42,172078
4156,0.017988,172.31.46.0-255,66,172078,42,172078
4157,0.0,74.125.130.0-255,153,153,42,251218
4158,1.9e-05,172.31.46.0-255,66,219,42,251218
4159,3.7e-05,74.125.130.0-255,1484,1703,42,251218
4160,4.2e-05,172.31.46.0-255,66,1769,42,251218
4161,6.1e-05,74.125.130.0-255,2902,4671,42,251218
4162,6.4e-05,172.31.46.0-255,66,4737,42,251218
4163,6.7e-05,74.125.130.0-255,1484,6221,42,251218
4164,7e-05,172.31.46.0-255,66,6287,42,251218
4165,9.6e-05,74.125.130.0-255,2902,9189,42,251218
4166,9.9e-05,172.31.46.0-255,66,9255,42,251218
4167,0.000134,74.125.130.0-255,4921,14176,42,251218
4168,0.000137,172.31.46.0-255,66,14242,42,251218
4169,0.000212,74.125.130.0-255,1484,15726,42,251218
4170,0.000216,172.31.46.0-255,66,15792,42,251218
4171,0.00022,74.125.130.0-255,1484,17276,42,251218
4172,0.000222,172.31.46.0-255,66,17342,42,251218
4173,0.000235,74.125.130.0-255,1484,18826,42,251218
4174,0.000237,172.31.46.0-255,66,18892,42,251218
4175,0.000253,74.125.130.0-255,5738,24630,42,251218
4176,0.000256,172.31.46.0-255,66,24696,42,251218
4177,0.000258,74.125.130.0-255,1484,26180,42,251218
4178,0.000261,172.31.46.0-255,66,26246,42,251218
4179,0.000287,74.125.130.0-255,2902,29148,42,251218
4180,0.00029,172.31.46.0-255,66,29214,42,251218
4181,0.000324,74.125.130.0-255,2543,31757,42,251218
4182,0.000327,172.31.46.0-255,66,31823,42,251218
4183,0.000603,74.125.130.0-255,1484,33307,42,251218
4184,0.000608,172.31.46.0-255,66,33373,42,251218
4185,0.000621,74.125.130.0-255,1484,34857,42,251218
4186,0.000624,172.31.46.0-255,66,34923,42,251218
4187,0.00063,74.125.130.0-255,2902,37825,42,251218
4188,0.000633,172.31.46.0-255,66,37891,42,251218
4189,0.000668,74.125.130.0-255,5738,43629,42,251218
4190,0.000671,172.31.46.0-255,66,43695,42,251218
4191,0.000721,74.125.130.0-255,5738,49433,42,251218
4192,0.000726,172.31.46.0-255,66,49499,42,251218
4193,0.000741,74.125.130.0-255,1125,50624,42,251218
4194,0.000745,74.125.130.0-255,1484,52108,42,251218
4195,0.000747,172.31.46.0-255,66,52174,42,251218
4196,0.000758,74.125.130.0-255,1484,53658,42,251218
4197,0.000785,172.31.46.0-255,66,53724,42,251218
4198,0.000788,74.125.130.0-255,1484,55208,42,251218
4199,0.000834,74.125.130.0-255,2543,57751,42,251218
4200,0.000837,172.31.46.0-255,66,57817,42,251218
4201,0.000862,74.125.130.0-255,377,58194,42,251218
4202,0.000899,74.125.130.0-255,366,58560,42,251218
4203,0.001149,74.125.130.0-255,1484,60044,42,251218
4204,0.001155,172.31.46.0-255,66,60110,42,251218
4205,0.001178,74.125.130.0-255,2902,63012,42,251218
4206,0.001181,172.31.46.0-255,66,63078,42,251218
4207,0.001184,74.125.130.0-255,1484,64562,42,251218
4208,0.001201,74.125.130.0-255,2902,67464,42,251218
4209,0.001203,172.31.46.0-255,66,67530,42,251218
4210,0.001229,74.125.130.0-255,5738,73268,42,251218
4211,0.001232,172.31.46.0-255,66,73334,42,251218
4212,0.001234,74.125.130.0-255,1484,74818,42,251218
4213,0.001251,74.125.130.0-255,2902,77720,42,251218
4214,0.001253,172.31.46.0-255,66,77786,42,251218
4215,0.001281,74.125.130.0-255,4320,82106,42,251218
4216,0.001284,172.31.46.0-255,66,82172,42,251218
4217,0.001296,74.125.130.0-255,1484,83656,42,251218
4218,0.0013,74.125.130.0-255,1484,85140,42,251218
4219,0.001302,172.31.46.0-255,66,85206,42,251218
4220,0.001329,74.125.130.0-255,5738,90944,42,251218
4221,0.001332,172.31.46.0-255,66,91010,42,251218
4222,0.001336,74.125.130.0-255,2184,93194,42,251218
4223,0.001339,172.31.46.0-255,66,93260,42,251218
4224,0.001496,74.125.130.0-255,1484,94744,42,251218
4225,0.001517,74.125.130.0-255,2902,97646,42,251218
4226,0.001521,172.31.46.0-255,66,97712,42,251218
4227,0.001533,74.125.130.0-255,1484,99196,42,251218
4228,0.001549,74.125.130.0-255,2902,102098,42,251218
4229,0.001551,172.31.46.0-255,66,102164,42,251218
4230,0.001554,74.125.130.0-255,1484,103648,42,251218
4231,0.001573,74.125.130.0-255,4320,107968,42,251218
4232,0.001575,172.31.46.0-255,66,108034,42,251218
4233,0.001592,74.125.130.0-255,1484,109518,42,251218
4234,0.001618,74.125.130.0-255,7156,116674,42,251218
4235,0.001622,74.125.130.0-255,2902,119576,42,251218
4236,0.001649,74.125.130.0-255,7156,126732,42,251218
4237,0.001652,74.125.130.0-255,766,127498,42,251218
4238,0.00175,74.125.130.0-255,1484,128982,42,251218
4239,0.00177,74.125.130.0-255,2902,131884,42,251218
4240,0.00179,74.125.130.0-255,4320,136204,42,251218
4241,0.001799,74.125.130.0-255,1484,137688,42,251218
4242,0.001802,74.125.130.0-255,1484,139172,42,251218
4243,0.001824,74.125.130.0-255,5738,144910,42,251218
4244,0.001841,74.125.130.0-255,1484,146394,42,251218
4245,0.001897,74.125.130.0-255,2184,148578,42,251218
4246,0.001948,74.125.130.0-255,1484,150062,42,251218
4247,0.001953,74.125.130.0-255,1484,151546,42,251218
4248,0.001968,74.125.130.0-255,1484,153030,42,251218
4249,0.001972,74.125.130.0-255,1484,154514,42,251218
4250,0.001991,74.125.130.0-255,4320,158834,42,251218
4251,0.001997,74.125.130.0-255,5738,164572,42,251218
4252,0.002011,74.125.130.0-255,4320,168892,42,251218
4253,0.002022,74.125.130.0-255,2902,171794,42,251218
4254,0.002075,74.125.130.0-255,7156,178950,42,251218
4255,0.002093,74.125.130.0-255,4320,183270,42,251218
4256,0.002109,74.125.130.0-255,3602,186872,42,251218
4257,0.002115,74.125.130.0-255,2902,189774,42,251218
4258,0.002134,74.125.130.0-255,5738,195512,42,251218
4259,0.002148,74.125.130.0-255,4320,199832,42,251218
4260,0.002165,74.125.130.0-255,7156,206988,42,251218
4261,0.002201,74.125.130.0-255,4320,211308,42,251218
4262,0.002219,74.125.130.0-255,5020,216328,42,251218
4263,0.005039,172.31.46.0-255,66,216394,42,251218
4264,0.007365,74.125.130.0-255,5738,222132,42,251218
4265,0.00737,172.31.46.0-255,66,222198,42,251218
4266,0.009686,74.125.130.0-255,5738,227936,42,251218
4267,0.009693,172.31.46.0-255,66,228002,42,251218
4268,0.012015,74.125.130.0-255,5738,233740,42,251218
4269,0.012023,172.31.46.0-255,66,233806,42,251218
4270,0.014348,74.125.130.0-255,5738,239544,42,251218
4271,0.014356,172.31.46.0-255,66,239610,42,251218
4272,0.016685,74.125.130.0-255,5738,245348,42,251218
4273,0.016699,172.31.46.0-255,66,245414,42,251218
4274,0.019023,74.125.130.0-255,5738,251152,42,251218
4275,0.019032,172.31.46.0-255,66,251218,42,251218
4276,0.0,172.217.194.0-255,156,156,42,216511
4277,2.6e-05,172.31.46.0-255,66,222,42,216511
4278,3.3e-05,172.217.194.0-255,1484,1706,42,216511
4279,3.8e-05,172.31.46.0-255,66,1772,42,216511
4280,4.5e-05,172.217.194.0-255,2902,4674,42,216511
4281,5.5e-05,172.31.46.0-255,66,4740,42,216511
4282,6.2e-05,172.217.194.0-255,7156,11896,42,216511
4283,6.5e-05,172.31.46.0-255,66,11962,42,216511
4284,7e-05,172.217.194.0-255,4320,16282,42,216511
4285,7.3e-05,172.31.46.0-255,66,16348,42,216511
4286,0.000107,172.217.194.0-255,2120,18468,42,216511
4287,0.00011,172.31.46.0-255,66,18534,42,216511
4288,0.000117,172.217.194.0-255,7156,25690,42,216511
4289,0.000119,172.31.46.0-255,66,25756,42,216511
4290,0.000129,172.217.194.0-255,5379,31135,42,216511
4291,0.000131,172.31.46.0-255,66,31201,42,216511
4292,0.000264,172.217.194.0-255,1484,32685,42,216511
4293,0.000267,172.31.46.0-255,66,32751,42,216511
4294,0.000273,172.217.194.0-255,2902,35653,42,216511
4295,0.000275,172.31.46.0-255,66,35719,42,216511
4296,0.000277,172.217.194.0-255,1484,37203,42,216511
4297,0.00028,172.31.46.0-255,66,37269,42,216511
4298,0.000309,172.217.194.0-255,4320,41589,42,216511
4299,0.000312,172.31.46.0-255,66,41655,42,216511
4300,0.000315,172.217.194.0-255,1484,43139,42,216511
4301,0.000316,172.31.46.0-255,66,43205,42,216511
4302,0.000342,172.31.46.0-255,66,43271,42,216511
4303,0.000366,172.217.194.0-255,3961,47232,42,216511
4304,0.000368,172.31.46.0-255,66,47298,42,216511
4305,0.000372,172.217.194.0-255,2902,50200,42,216511
4306,0.000373,172.31.46.0-255,66,50266,42,216511
4307,0.0004,172.217.194.0-255,7050,57316,42,216511
4308,0.000403,172.31.46.0-255,66,57382,42,216511
4309,0.000405,172.217.194.0-255,402,57784,42,216511
4310,0.000516,172.217.194.0-255,1484,59268,42,216511
4311,0.000519,172.31.46.0-255,66,59334,42,216511
4312,0.000523,172.217.194.0-255,2902,62236,42,216511
4313,0.000526,172.31.46.0-255,66,62302,42,216511
4314,0.000555,172.217.194.0-255,5738,68040,42,216511
4315,0.000557,172.31.46.0-255,66,68106,42,216511
4316,0.000564,172.217.194.0-255,7156,75262,42,216511
4317,0.000566,172.31.46.0-255,66,75328,42,216511
4318,0.000594,172.217.194.0-255,5738,81066,42,216511
4319,0.000596,172.31.46.0-255,66,81132,42,216511
4320,0.000606,172.31.46.0-255,66,81198,42,216511
4321,0.000612,172.217.194.0-255,766,81964,42,216511
4322,0.000916,172.217.194.0-255,1484,83448,42,216511
4323,0.000921,172.31.46.0-255,66,83514,42,216511
4324,0.000926,172.217.194.0-255,2902,86416,42,216511
4325,0.000928,172.31.46.0-255,66,86482,42,216511
4326,0.000961,172.217.194.0-255,5738,92220,42,216511
4327,0.000964,172.31.46.0-255,66,92286,42,216511
4328,0.000977,172.31.46.0-255,66,92352,42,216511
4329,0.001012,172.217.194.0-255,1484,93836,42,216511
4330,0.001025,172.31.46.0-255,66,93902,42,216511
4331,0.001029,172.217.194.0-255,1484,95386,42,216511
4332,0.001067,172.31.46.0-255,66,95452,42,216511
4333,0.001087,172.31.46.0-255,66,95518,42,216511
4334,0.001092,172.217.194.0-255,4320,99838,42,216511
4335,0.001094,172.31.46.0-255,66,99904,42,216511
4336,0.001129,172.217.194.0-255,5020,104924,42,216511
4337,0.001132,172.31.46.0-255,66,104990,42,216511
4338,0.001206,172.217.194.0-255,1484,106474,42,216511
4339,0.001221,172.217.194.0-255,2902,109376,42,216511
4340,0.001224,172.31.46.0-255,66,109442,42,216511
4341,0.001229,172.217.194.0-255,2902,112344,42,216511
4342,0.001231,172.31.46.0-255,66,112410,42,216511
4343,0.001263,172.217.194.0-255,2902,115312,42,216511
4344,0.001266,172.31.46.0-255,66,115378,42,216511
4345,0.001271,172.217.194.0-255,2902,118280,42,216511
4346,0.001273,172.31.46.0-255,66,118346,42,216511
4347,0.001278,172.217.194.0-255,2902,121248,42,216511
4348,0.001286,172.31.46.0-255,66,121314,42,216511
4349,0.001334,172.217.194.0-255,7156,128470,42,216511
4350,0.001337,172.31.46.0-255,66,128536,42,216511
4351,0.001345,172.217.194.0-255,7156,135692,42,216511
4352,0.001347,172.31.46.0-255,66,135758,42,216511
4353,0.001352,172.217.194.0-255,3602,139360,42,216511
4354,0.001355,172.31.46.0-255,66,139426,42,216511
4355,0.001383,172.217.194.0-255,1484,140910,42,216511
4356,0.001406,172.217.194.0-255,2902,143812,42,216511
4357,0.001408,172.31.46.0-255,66,143878,42,216511
4358,0.001415,172.217.194.0-255,5738,149616,42,216511
4359,0.001417,172.31.46.0-255,66,149682,42,216511
4360,0.00145,172.217.194.0-255,5738,155420,42,216511
4361,0.001453,172.31.46.0-255,66,155486,42,216511
4362,0.001483,172.217.194.0-255,7156,162642,42,216511
4363,0.001486,172.31.46.0-255,66,162708,42,216511
4364,0.001503,172.31.46.0-255,66,162774,42,216511
4365,0.001505,172.217.194.0-255,766,163540,42,216511
4366,0.001624,172.217.194.0-255,1484,165024,42,216511
4367,0.001629,172.31.46.0-255,66,165090,42,216511
4368,0.001634,172.217.194.0-255,2902,167992,42,216511
4369,0.001637,172.31.46.0-255,66,168058,42,216511
4370,0.001648,172.217.194.0-255,5738,173796,42,216511
4371,0.001651,172.31.46.0-255,66,173862,42,216511
4372,0.001667,172.31.46.0-255,66,173928,42,216511
4373,0.001697,172.217.194.0-255,4320,178248,42,216511
4374,0.0017,172.31.46.0-255,66,178314,42,216511
4375,0.001713,172.31.46.0-255,66,178380,42,216511
4376,0.001771,172.217.194.0-255,1484,179864,42,216511
4377,0.001785,172.217.194.0-255,2902,182766,42,216511
4378,0.001788,172.31.46.0-255,66,182832,42,216511
4379,0.001792,172.217.194.0-255,1484,184316,42,216511
4380,0.001812,172.217.194.0-255,4320,188636,42,216511
4381,0.001814,172.31.46.0-255,66,188702,42,216511
4382,0.001817,172.217.194.0-255,1484,190186,42,216511
4383,0.001855,172.31.46.0-255,66,190252,42,216511
4384,0.002,172.217.194.0-255,2902,193154,42,216511
4385,0.002041,172.217.194.0-255,2902,196056,42,216511
4386,0.006454,172.31.46.0-255,66,196122,42,216511
4387,0.008477,172.217.194.0-255,5738,201860,42,216511
4388,0.008488,172.31.46.0-255,66,201926,42,216511
4389,0.010497,172.217.194.0-255,5738,207664,42,216511
4390,0.010505,172.31.46.0-255,66,207730,42,216511
4391,0.012532,172.217.194.0-255,5738,213468,42,216511
4392,0.012543,172.31.46.0-255,66,213534,42,216511
4393,0.01455,172.217.194.0-255,2806,216340,42,216511
4394,0.014562,172.31.46.0-255,66,216406,42,216511
4395,0.01827,172.31.46.0-255,105,216511,42,216511
4396,0.0,172.217.194.0-255,150,150,42,120873
4397,2.3e-05,172.31.46.0-255,66,216,42,120873
4398,3e-05,172.217.194.0-255,1484,1700,42,120873
4399,3.4e-05,172.31.46.0-255,66,1766,42,120873
4400,4e-05,172.217.194.0-255,2902,4668,42,120873
4401,4.3e-05,172.31.46.0-255,66,4734,42,120873
4402,5.2e-05,172.217.194.0-255,7156,11890,42,120873
4403,5.6e-05,172.31.46.0-255,66,11956,42,120873
4404,7.7e-05,172.217.194.0-255,2106,14062,42,120873
4405,8e-05,172.31.46.0-255,66,14128,42,120873
4406,8.4e-05,172.217.194.0-255,2902,17030,42,120873
4407,8.7e-05,172.31.46.0-255,66,17096,42,120873
4408,9.5e-05,172.217.194.0-255,7156,24252,42,120873
4409,9.7e-05,172.31.46.0-255,66,24318,42,120873
4410,0.000134,172.31.46.0-255,66,24384,42,120873
4411,0.000147,172.217.194.0-255,2902,27286,42,120873
4412,0.000149,172.31.46.0-255,66,27352,42,120873
4413,0.000175,172.217.194.0-255,5020,32372,42,120873
4414,0.000178,172.31.46.0-255,66,32438,42,120873
4415,0.000261,172.217.194.0-255,1484,33922,42,120873
4416,0.000264,172.31.46.0-255,66,33988,42,120873
4417,0.000284,172.217.194.0-255,2902,36890,42,120873
4418,0.000287,172.31.46.0-255,66,36956,42,120873
4419,0.000294,172.217.194.0-255,5738,42694,42,120873
4420,0.000297,172.31.46.0-255,66,42760,42,120873
4421,0.000344,172.217.194.0-255,4320,47080,42,120873
4422,0.000348,172.31.46.0-255,66,47146,42,120873
4423,0.000369,172.217.194.0-255,2543,49689,42,120873
4424,0.000371,172.31.46.0-255,66,49755,42,120873
4425,0.000804,172.217.194.0-255,362,50117,42,120873
4426,0.00081,172.31.46.0-255,66,50183,42,120873
4427,0.000827,172.217.194.0-255,382,50565,42,120873
4428,0.001081,172.31.46.0-255,66,50631,42,120873
4429,0.001092,172.217.194.0-255,1484,52115,42,120873
4430,0.001114,172.217.194.0-255,1484,53599,42,120873
4431,0.001135,172.217.194.0-255,1484,55083,42,120873
4432,0.001143,172.217.194.0-255,5738,60821,42,120873
4433,0.001159,172.31.46.0-255,66,60887,42,120873
4434,0.001194,172.31.46.0-255,66,60953,42,120873
4435,0.001215,172.217.194.0-255,1484,62437,42,120873
4436,0.001219,172.217.194.0-255,1484,63921,42,120873
4437,0.001234,172.31.46.0-255,66,63987,42,120873
4438,0.001243,172.217.194.0-255,1484,65471,42,120873
4439,0.00125,172.217.194.0-255,5738,71209,42,120873
4440,0.001255,172.217.194.0-255,4320,75529,42,120873
4441,0.001259,172.31.46.0-255,66,75595,42,120873
4442,0.001278,172.217.194.0-255,4320,79915,42,120873
4443,0.001284,172.31.46.0-255,66,79981,42,120873
4444,0.001293,172.217.194.0-255,1484,81465,42,120873
4445,0.00136,172.217.194.0-255,1484,82949,42,120873
4446,0.00137,172.31.46.0-255,66,83015,42,120873
4447,0.001387,172.31.46.0-255,66,83081,42,120873
4448,0.002268,172.217.194.0-255,1484,84565,42,120873
4449,0.002281,172.217.194.0-255,2902,87467,42,120873
4450,0.002287,172.31.46.0-255,66,87533,42,120873
4451,0.002296,172.217.194.0-255,5738,93271,42,120873
4452,0.002332,172.217.194.0-255,4320,97591,42,120873
4453,0.007848,172.31.46.0-255,66,97657,42,120873
4454,0.010173,172.217.194.0-255,5738,103395,42,120873
4455,0.010185,172.31.46.0-255,66,103461,42,120873
4456,0.012492,172.217.194.0-255,5738,109199,42,120873
4457,0.013997,172.31.46.0-255,66,109265,42,120873
4458,0.016316,172.217.194.0-255,5738,115003,42,120873
4459,0.016329,172.31.46.0-255,66,115069,42,120873
4460,0.018646,172.217.194.0-255,5738,120807,42,120873
4461,0.018663,172.31.46.0-255,66,120873,42,120873
4462,0.0,74.125.200.0-255,152,152,42,163530
4463,2.3e-05,172.31.46.0-255,66,218,42,163530
4464,2.9e-05,74.125.200.0-255,1484,1702,42,163530
4465,3.3e-05,172.31.46.0-255,66,1768,42,163530
4466,3.7e-05,74.125.200.0-255,2902,4670,42,163530
4467,4e-05,172.31.46.0-255,66,4736,42,163530
4468,5.3e-05,74.125.200.0-255,5738,10474,42,163530
4469,5.6e-05,172.31.46.0-255,66,10540,42,163530
4470,8.4e-05,74.125.200.0-255,3475,14015,42,163530
4471,9e-05,172.31.46.0-255,66,14081,42,163530
4472,0.000308,74.125.200.0-255,1484,15565,42,163530
4473,0.000314,172.31.46.0-255,66,15631,42,163530
4474,0.000319,74.125.200.0-255,2902,18533,42,163530
4475,0.000321,172.31.46.0-255,66,18599,42,163530
4476,0.000349,74.125.200.0-255,4320,22919,42,163530
4477,0.000352,172.31.46.0-255,66,22985,42,163530
4478,0.000386,74.125.200.0-255,4320,27305,42,163530
4479,0.000388,172.31.46.0-255,66,27371,42,163530
4480,0.000406,74.125.200.0-255,3961,31332,42,163530
4481,0.000409,172.31.46.0-255,66,31398,42,163530
4482,0.000457,74.125.200.0-255,1484,32882,42,163530
4483,0.00046,172.31.46.0-255,66,32948,42,163530
4484,0.000463,74.125.200.0-255,1484,34432,42,163530
4485,0.000465,172.31.46.0-255,66,34498,42,163530
4486,0.00049,74.125.200.0-255,2902,37400,42,163530
4487,0.000492,172.31.46.0-255,66,37466,42,163530
4488,0.000497,74.125.200.0-255,2902,40368,42,163530
4489,0.000498,172.31.46.0-255,66,40434,42,163530
4490,0.000526,74.125.200.0-255,2902,43336,42,163530
4491,0.000528,172.31.46.0-255,66,43402,42,163530
4492,0.000551,74.125.200.0-255,2902,46304,42,163530
4493,0.000553,172.31.46.0-255,66,46370,42,163530
4494,0.000586,74.125.200.0-255,6797,53167,42,163530
4495,0.000588,172.31.46.0-255,66,53233,42,163530
4496,0.000598,172.31.46.0-255,66,53299,42,163530
4497,0.000606,74.125.200.0-255,2855,56154,42,163530
4498,0.000607,172.31.46.0-255,66,56220,42,163530
4499,0.000715,74.125.200.0-255,109,56329,42,163530
4500,0.000775,74.125.200.0-255,331,56660,42,163530
4501,0.00099,172.31.46.0-255,66,56726,42,163530
4502,0.001069,74.125.200.0-255,1484,58210,42,163530
4503,0.001082,74.125.200.0-255,1484,59694,42,163530
4504,0.001085,172.31.46.0-255,66,59760,42,163530
4505,0.001097,74.125.200.0-255,2902,62662,42,163530
4506,0.001103,172.31.46.0-255,66,62728,42,163530
4507,0.001108,74.125.200.0-255,5738,68466,42,163530
4508,0.00111,172.31.46.0-255,66,68532,42,163530
4509,0.001125,74.125.200.0-255,1484,70016,42,163530
4510,0.001154,74.125.200.0-255,7156,77172,42,163530
4511,0.001156,172.31.46.0-255,66,77238,42,163530
4512,0.001166,172.31.46.0-255,66,77304,42,163530
4513,0.00119,74.125.200.0-255,3602,80906,42,163530
4514,0.001192,172.31.46.0-255,66,80972,42,163530
4515,0.001464,74.125.200.0-255,1484,82456,42,163530
4516,0.00147,74.125.200.0-255,1484,83940,42,163530
4517,0.001473,172.31.46.0-255,66,84006,42,163530
4518,0.00149,74.125.200.0-255,1484,85490,42,163530
4519,0.001493,74.125.200.0-255,1484,86974,42,163530
4520,0.001494,172.31.46.0-255,66,87040,42,163530
4521,0.001498,74.125.200.0-255,2902,89942,42,163530
4522,0.0015,172.31.46.0-255,66,90008,42,163530
4523,0.001534,74.125.200.0-255,5738,95746,42,163530
4524,0.001536,172.31.46.0-255,66,95812,42,163530
4525,0.00154,74.125.200.0-255,2902,98714,42,163530
4526,0.001542,172.31.46.0-255,66,98780,42,163530
4527,0.001545,74.125.200.0-255,1484,100264,42,163530
4528,0.001567,74.125.200.0-255,2902,103166,42,163530
4529,0.001569,172.31.46.0-255,66,103232,42,163530
4530,0.001589,74.125.200.0-255,1484,104716,42,163530
4531,0.001608,74.125.200.0-255,7156,111872,42,163530
4532,0.00161,172.31.46.0-255,66,111938,42,163530
4533,0.001643,74.125.200.0-255,1484,113422,42,163530
4534,0.001653,74.125.200.0-255,2184,115606,42,163530
4535,0.001655,172.31.46.0-255,66,115672,42,163530
4536,0.002317,74.125.200.0-255,1484,117156,42,163530
4537,0.002333,74.125.200.0-255,2902,120058,42,163530
4538,0.002337,172.31.46.0-255,66,120124,42,163530
4539,0.00234,74.125.200.0-255,1484,121608,42,163530
4540,0.002366,74.125.200.0-255,1484,123092,42,163530
4541,0.002368,172.31.46.0-255,66,123158,42,163530
4542,0.002373,74.125.200.0-255,4320,127478,42,163530
4543,0.002375,172.31.46.0-255,66,127544,42,163530
4544,0.00242,172.31.46.0-255,66,127610,42,163530
4545,0.00243,172.31.46.0-255,66,127676,42,163530
4546,0.002449,74.125.200.0-255,3602,131278,42,163530
4547,0.002453,172.31.46.0-255,66,131344,42,163530
4548,0.004919,74.125.200.0-255,1484,132828,42,163530
4549,0.004944,74.125.200.0-255,2902,135730,42,163530
4550,0.004947,172.31.46.0-255,66,135796,42,163530
4551,0.004968,74.125.200.0-255,1484,137280,42,163530
4552,0.00746,74.125.200.0-255,4320,141600,42,163530
4553,0.007468,172.31.46.0-255,66,141666,42,163530
4554,0.009988,74.125.200.0-255,5738,147404,42,163530
4555,0.009995,172.31.46.0-255,66,147470,42,163530
4556,0.012489,74.125.200.0-255,4320,151790,42,163530
4557,0.012495,172.31.46.0-255,66,151856,42,163530
4558,0.012521,74.125.200.0-255,1484,153340,42,163530
4559,0.015006,74.125.200.0-255,4320,157660,42,163530
4560,0.015011,172.31.46.0-255,66,157726,42,163530
4561,0.017532,74.125.200.0-255,5738,163464,42,163530
4562,0.01754,172.31.46.0-255,66,163530,42,163530
4563,0.0,74.125.24.0-255,153,153,42,238253
4564,2.4e-05,172.31.46.0-255,66,219,42,238253
4565,3.1e-05,74.125.24.0-255,1484,1703,42,238253
4566,3.6e-05,172.31.46.0-255,66,1769,42,238253
4567,5.3e-05,74.125.24.0-255,2902,4671,42,238253
4568,5.6e-05,172.31.46.0-255,66,4737,42,238253
4569,6.3e-05,74.125.24.0-255,5738,10475,42,238253
4570,6.6e-05,172.31.46.0-255,66,10541,42,238253
4571,7.3e-05,74.125.24.0-255,5738,16279,42,238253
4572,7.6e-05,172.31.46.0-255,66,16345,42,238253
4573,9.9e-05,74.125.24.0-255,4862,21207,42,238253
4574,0.000107,172.31.46.0-255,66,21273,42,238253
4575,0.000118,172.31.46.0-255,66,21339,42,238253
4576,0.000232,74.125.24.0-255,1484,22823,42,238253
4577,0.000236,172.31.46.0-255,66,22889,42,238253
4578,0.000241,74.125.24.0-255,2902,25791,42,238253
4579,0.000244,172.31.46.0-255,66,25857,42,238253
4580,0.000247,74.125.24.0-255,1484,27341,42,238253
4581,0.000254,172.31.46.0-255,66,27407,42,238253
4582,0.000289,74.125.24.0-255,4320,31727,42,238253
4583,0.000292,172.31.46.0-255,66,31793,42,238253
4584,0.000299,74.125.24.0-255,6797,38590,42,238253
4585,0.000302,172.31.46.0-255,66,38656,42,238253
4586,0.000347,172.31.46.0-255,66,38722,42,238253
4587,0.000371,74.125.24.0-255,5738,44460,42,238253
4588,0.00038,172.31.46.0-255,66,44526,42,238253
4589,0.000384,74.125.24.0-255,2816,47342,42,238253
4590,0.000386,172.31.46.0-255,66,47408,42,238253
4591,0.000389,74.125.24.0-255,127,47535,42,238253
4592,0.000391,172.31.46.0-255,66,47601,42,238253
4593,0.000539,74.125.24.0-255,1484,49085,42,238253
4594,0.000555,74.125.24.0-255,2902,51987,42,238253
4595,0.000563,74.125.24.0-255,5738,57725,42,238253
4596,0.000582,74.125.24.0-255,4320,62045,42,238253
4597,0.000596,74.125.24.0-255,3961,66006,42,238253
4598,0.000599,74.125.24.0-255,1484,67490,42,238253
4599,0.000639,74.125.24.0-255,2543,70033,42,238253
4600,0.00066,172.31.46.0-255,66,70099,42,238253
4601,0.000822,74.125.24.0-255,1484,71583,42,238253
4602,0.000829,74.125.24.0-255,2902,74485,42,238253
4603,0.000844,74.125.24.0-255,5738,80223,42,238253
4604,0.000861,74.125.24.0-255,4320,84543,42,238253
4605,0.000865,172.31.46.0-255,66,84609,42,238253
4606,0.000892,74.125.24.0-255,5738,90347,42,238253
4607,0.000896,172.31.46.0-255,66,90413,42,238253
4608,0.000906,74.125.24.0-255,5020,95433,42,238253
4609,0.000924,172.31.46.0-255,66,95499,42,238253
4610,0.000949,74.125.24.0-255,2902,98401,42,238253
4611,0.000954,74.125.24.0-255,4320,102721,42,238253
4612,0.00096,74.125.24.0-255,5738,108459,42,238253
4613,0.000979,74.125.24.0-255,2902,111361,42,238253
4614,0.000983,172.31.46.0-255,66,111427,42,238253
4615,0.001017,74.125.24.0-255,2902,114329,42,238253
4616,0.00104,172.31.46.0-255,66,114395,42,238253
4617,0.001045,172.31.46.0-255,66,114461,42,238253
4618,0.001067,74.125.24.0-255,4320,118781,42,238253
4619,0.001082,74.125.24.0-255,2902,121683,42,238253
4620,0.001087,172.31.46.0-255,66,121749,42,238253
4621,0.001096,74.125.24.0-255,3602,125351,42,238253
4622,0.001109,74.125.24.0-255,4320,129671,42,238253
4623,0.001121,74.125.24.0-255,2902,132573,42,238253
4624,0.001139,74.125.24.0-255,4320,136893,42,238253
4625,0.001142,172.31.46.0-255,66,136959,42,238253
4626,0.001146,172.31.46.0-255,66,137025,42,238253
4627,0.00117,74.125.24.0-255,1484,138509,42,238253
4628,0.001181,74.125.24.0-255,1484,139993,42,238253
4629,0.001214,172.31.46.0-255,66,140059,42,238253
4630,0.001571,74.125.24.0-255,1484,141543,42,238253
4631,0.001576,74.125.24.0-255,2902,144445,42,238253
4632,0.001613,172.31.46.0-255,66,144511,42,238253
4633,0.001625,74.125.24.0-255,4320,148831,42,238253
4634,0.001635,74.125.24.0-255,5738,154569,42,238253
4635,0.001646,74.125.24.0-255,7156,161725,42,238253
4636,0.001666,74.125.24.0-255,4320,166045,42,238253
4637,0.001671,74.125.24.0-255,5738,171783,42,238253
4638,0.001676,172.31.46.0-255,66,171849,42,238253
4639,0.001705,74.125.24.0-255,2184,174033,42,238253
4640,0.001722,74.125.24.0-255,2902,176935,42,238253
4641,0.001738,74.125.24.0-255,2902,179837,42,238253
4642,0.001756,74.125.24.0-255,4320,184157,42,238253
4643,0.001791,74.125.24.0-255,2902,187059,42,238253
4644,0.001837,74.125.24.0-255,1484,188543,42,238253
4645,0.002041,74.125.24.0-255,1484,190027,42,238253
4646,0.002046,74.125.24.0-255,2902,192929,42,238253
4647,0.002067,74.125.24.0-255,5738,198667,42,238253
4648,0.002079,74.125.24.0-255,2902,201569,42,238253
4649,0.002113,74.125.24.0-255,2902,204471,42,238253
4650,0.00216,74.125.24.0-255,2902,207373,42,238253
4651,0.002178,74.125.24.0-255,4320,211693,42,238253
4652,0.002184,74.125.24.0-255,4320,216013,42,238253
4653,0.002202,74.125.24.0-255,4320,220333,42,238253
4654,0.002218,74.125.24.0-255,4320,224653,42,238253
4655,0.002236,74.125.24.0-255,5738,230391,42,238253
4656,0.002255,74.125.24.0-255,1484,231875,42,238253
4657,0.002301,74.125.24.0-255,1484,233359,42,238253
4658,0.002306,74.125.24.0-255,4288,237647,42,238253
4659,0.002309,74.125.24.0-255,97,237744,42,238253
4660,0.002378,172.31.46.0-255,66,237810,42,238253
4661,0.003508,172.31.46.0-255,101,237911,42,238253
4662,0.004617,74.125.24.0-255,105,238016,42,238253
4663,0.004794,172.31.46.0-255,105,238121,42,238253
4664,0.005739,74.125.24.0-255,66,238187,42,238253
4665,0.007028,74.125.24.0-255,66,238253,42,238253
4666,0.0,74.125.68.0-255,147,147,42,167525
4667,1.4e-05,172.31.46.0-255,66,213,42,167525
4668,3.8e-05,74.125.68.0-255,1484,1697,42,167525
4669,4.2e-05,172.31.46.0-255,66,1763,42,167525
4670,4.8e-05,74.125.68.0-255,2902,4665,42,167525
4671,5e-05,172.31.46.0-255,66,4731,42,167525
4672,5.3e-05,74.125.68.0-255,1484,6215,42,167525
4673,5.5e-05,172.31.46.0-255,66,6281,42,167525
4674,5.9e-05,74.125.68.0-255,2902,9183,42,167525
4675,7.6e-05,172.31.46.0-255,66,9249,42,167525
4676,0.000117,74.125.68.0-255,4890,14139,42,167525
4677,0.00012,172.31.46.0-255,66,14205,42,167525
4678,0.00024,74.125.68.0-255,1484,15689,42,167525
4679,0.000244,172.31.46.0-255,66,15755,42,167525
4680,0.000266,74.125.68.0-255,1484,17239,42,167525
4681,0.000268,172.31.46.0-255,66,17305,42,167525
4682,0.000286,74.125.68.0-255,2902,20207,42,167525
4683,0.000288,172.31.46.0-255,66,20273,42,167525
4684,0.000309,74.125.68.0-255,4320,24593,42,167525
4685,0.000312,172.31.46.0-255,66,24659,42,167525
4686,0.000315,74.125.68.0-255,2902,27561,42,167525
4687,0.000317,172.31.46.0-255,66,27627,42,167525
4688,0.000336,74.125.68.0-255,2902,30529,42,167525
4689,0.000341,172.31.46.0-255,66,30595,42,167525
4690,0.000368,74.125.68.0-255,4320,34915,42,167525
4691,0.00037,172.31.46.0-255,66,34981,42,167525
4692,0.000395,74.125.68.0-255,2543,37524,42,167525
4693,0.000397,172.31.46.0-255,66,37590,42,167525
4694,0.000404,74.125.68.0-255,7156,44746,42,167525
4695,0.000406,172.31.46.0-255,66,44812,42,167525
4696,0.000435,74.125.68.0-255,5738,50550,42,167525
4697,0.000438,172.31.46.0-255,66,50616,42,167525
4698,0.000453,74.125.68.0-255,4320,54936,42,167525
4699,0.000455,172.31.46.0-255,66,55002,42,167525
4700,0.00048,74.125.68.0-255,2902,57904,42,167525
4701,0.000482,172.31.46.0-255,66,57970,42,167525
4702,0.000487,74.125.68.0-255,5738,63708,42,167525
4703,0.000489,172.31.46.0-255,66,63774,42,167525
4704,0.000507,74.125.68.0-255,2560,66334,42,167525
4705,0.000509,172.31.46.0-255,66,66400,42,167525
4706,0.001083,74.125.68.0-255,331,66731,42,167525
4707,0.001333,74.125.68.0-255,1484,68215,42,167525
4708,0.001339,172.31.46.0-255,66,68281,42,167525
4709,0.001345,74.125.68.0-255,2902,71183,42,167525
4710,0.001347,172.31.46.0-255,66,71249,42,167525
4711,0.0014,74.125.68.0-255,5738,76987,42,167525
4712,0.001403,172.31.46.0-255,66,77053,42,167525
4713,0.001407,74.125.68.0-255,2902,79955,42,167525
4714,0.001409,172.31.46.0-255,66,80021,42,167525
4715,0.001414,74.125.68.0-255,4320,84341,42,167525
4716,0.001415,172.31.46.0-255,66,84407,42,167525
4717,0.001425,172.31.46.0-255,66,84473,42,167525
4718,0.001437,74.125.68.0-255,5738,90211,42,167525
4719,0.001439,172.31.46.0-255,66,90277,42,167525
4720,0.00148,74.125.68.0-255,2184,92461,42,167525
4721,0.001482,172.31.46.0-255,66,92527,42,167525
4722,0.001539,74.125.68.0-255,1484,94011,42,167525
4723,0.001552,74.125.68.0-255,2902,96913,42,167525
4724,0.001555,172.31.46.0-255,66,96979,42,167525
4725,0.001571,74.125.68.0-255,4320,101299,42,167525
4726,0.001572,172.31.46.0-255,66,101365,42,167525
4727,0.00159,74.125.68.0-255,1484,102849,42,167525
4728,0.001594,74.125.68.0-255,2902,105751,42,167525
4729,0.001596,172.31.46.0-255,66,105817,42,167525
4730,0.001622,74.125.68.0-255,4320,110137,42,167525
4731,0.001624,172.31.46.0-255,66,110203,42,167525
4732,0.001629,74.125.68.0-255,4320,114523,42,167525
4733,0.001631,172.31.46.0-255,66,114589,42,167525
4734,0.001654,74.125.68.0-255,7156,121745,42,167525
4735,0.001656,172.31.46.0-255,66,121811,42,167525
4736,0.001678,74.125.68.0-255,5020,126831,42,167525
4737,0.001681,172.31.46.0-255,66,126897,42,167525
4738,0.003953,74.125.68.0-255,5738,132635,42,167525
4739,0.003959,172.31.46.0-255,66,132701,42,167525
4740,0.006241,74.125.68.0-255,5738,138439,42,167525
4741,0.006247,172.31.46.0-255,66,138505,42,167525
4742,0.008534,74.125.68.0-255,5738,144243,42,167525
4743,0.00854,172.31.46.0-255,66,144309,42,167525
4744,0.01082,74.125.68.0-255,5738,150047,42,167525
4745,0.010827,172.31.46.0-255,66,150113,42,167525
4746,0.013115,74.125.68.0-255,5738,155851,42,167525
4747,0.013124,172.31.46.0-255,66,155917,42,167525
4748,0.015418,74.125.68.0-255,5738,161655,42,167525
4749,0.015426,172.31.46.0-255,66,161721,42,167525
4750,0.017713,74.125.68.0-255,5738,167459,42,167525
4751,0.017719,172.31.46.0-255,66,167525,42,167525
4752,0.0,74.125.24.0-255,153,153,42,159192
4753,2.3e-05,172.31.46.0-255,66,219,42,159192
4754,3.1e-05,74.125.24.0-255,1484,1703,42,159192
4755,3.5e-05,172.31.46.0-255,66,1769,42,159192
4756,4.1e-05,74.125.24.0-255,2902,4671,42,159192
4757,4.4e-05,172.31.46.0-255,66,4737,42,159192
4758,5.1e-05,74.125.24.0-255,4320,9057,42,159192
4759,5.5e-05,172.31.46.0-255,66,9123,42,159192
4760,6.8e-05,172.31.46.0-255,66,9189,42,159192
4761,0.000108,172.31.46.0-255,66,9255,42,159192
4762,0.000131,74.125.24.0-255,2902,12157,42,159192
4763,0.000134,172.31.46.0-255,66,12223,42,159192
4764,0.00014,74.125.24.0-255,4320,16543,42,159192
4765,0.000142,172.31.46.0-255,66,16609,42,159192
4766,0.000175,172.31.46.0-255,66,16675,42,159192
4767,0.000179,74.125.24.0-255,1125,17800,42,159192
4768,0.000181,172.31.46.0-255,66,17866,42,159192
4769,0.000298,74.125.24.0-255,1484,19350,42,159192
4770,0.000303,172.31.46.0-255,66,19416,42,159192
4771,0.000308,74.125.24.0-255,2902,22318,42,159192
4772,0.000311,172.31.46.0-255,66,22384,42,159192
4773,0.00034,74.125.24.0-255,5738,28122,42,159192
4774,0.000342,172.31.46.0-255,66,28188,42,159192
4775,0.00035,74.125.24.0-255,6797,34985,42,159192
4776,0.000352,172.31.46.0-255,66,35051,42,159192
4777,0.000355,74.125.24.0-255,397,35448,42,159192
4778,0.000357,172.31.46.0-255,66,35514,42,159192
4779,0.000411,74.125.24.0-255,113,35627,42,159192
4780,0.000414,172.31.46.0-255,66,35693,42,159192
4781,0.000431,74.125.24.0-255,331,36024,42,159192
4782,0.000737,74.125.24.0-255,1484,37508,42,159192
4783,0.000742,74.125.24.0-255,2902,40410,42,159192
4784,0.000748,172.31.46.0-255,66,40476,42,159192
4785,0.000757,172.31.46.0-255,66,40542,42,159192
4786,0.000764,74.125.24.0-255,5738,46280,42,159192
4787,0.000766,172.31.46.0-255,66,46346,42,159192
4788,0.00081,74.125.24.0-255,5738,52084,42,159192
4789,0.000813,172.31.46.0-255,66,52150,42,159192
4790,0.000827,172.31.46.0-255,66,52216,42,159192
4791,0.000848,74.125.24.0-255,5020,57236,42,159192
4792,0.00085,172.31.46.0-255,66,57302,42,159192
4793,0.001598,74.125.24.0-255,1484,58786,42,159192
4794,0.001608,74.125.24.0-255,2902,61688,42,159192
4795,0.001612,172.31.46.0-255,66,61754,42,159192
4796,0.00162,74.125.24.0-255,5738,67492,42,159192
4797,0.001622,172.31.46.0-255,66,67558,42,159192
4798,0.00165,172.31.46.0-255,66,67624,42,159192
4799,0.001658,74.125.24.0-255,7156,74780,42,159192
4800,0.00166,172.31.46.0-255,66,74846,42,159192
4801,0.001707,74.125.24.0-255,3602,78448,42,159192
4802,0.00171,172.31.46.0-255,66,78514,42,159192
4803,0.002043,74.125.24.0-255,1484,79998,42,159192
4804,0.00206,74.125.24.0-255,2902,82900,42,159192
4805,0.002065,172.31.46.0-255,66,82966,42,159192
4806,0.002069,74.125.24.0-255,1484,84450,42,159192
4807,0.002088,74.125.24.0-255,4320,88770,42,159192
4808,0.002091,172.31.46.0-255,66,88836,42,159192
4809,0.002134,172.31.46.0-255,66,88902,42,159192
4810,0.002141,74.125.24.0-255,7156,96058,42,159192
4811,0.002143,172.31.46.0-255,66,96124,42,159192
4812,0.00216,74.125.24.0-255,4320,100444,42,159192
4813,0.002162,172.31.46.0-255,66,100510,42,159192
4814,0.002165,74.125.24.0-255,1484,101994,42,159192
4815,0.002194,74.125.24.0-255,766,102760,42,159192
4816,0.002197,172.31.46.0-255,66,102826,42,159192
4817,0.002298,74.125.24.0-255,1484,104310,42,159192
4818,0.002302,74.125.24.0-255,2902,107212,42,159192
4819,0.002305,172.31.46.0-255,66,107278,42,159192
4820,0.002312,74.125.24.0-255,5738,113016,42,159192
4821,0.002314,172.31.46.0-255,66,113082,42,159192
4822,0.002329,74.125.24.0-255,2902,115984,42,159192
4823,0.002331,172.31.46.0-255,66,116050,42,159192
4824,0.002355,172.31.46.0-255,66,116116,42,159192
4825,0.002366,172.31.46.0-255,66,116182,42,159192
4826,0.002386,74.125.24.0-255,2184,118366,42,159192
4827,0.002388,172.31.46.0-255,66,118432,42,159192
4828,0.004681,74.125.24.0-255,2902,121334,42,159192
4829,0.004687,172.31.46.0-255,66,121400,42,159192
4830,0.004706,74.125.24.0-255,2902,124302,42,159192
4831,0.004709,172.31.46.0-255,66,124368,42,159192
4832,0.007065,74.125.24.0-255,5738,130106,42,159192
4833,0.00707,172.31.46.0-255,66,130172,42,159192
4834,0.009378,74.125.24.0-255,5738,135910,42,159192
4835,0.009385,172.31.46.0-255,66,135976,42,159192
4836,0.011707,74.125.24.0-255,5738,141714,42,159192
4837,0.011715,172.31.46.0-255,66,141780,42,159192
4838,0.014031,74.125.24.0-255,5738,147518,42,159192
4839,0.014041,172.31.46.0-255,66,147584,42,159192
4840,0.01639,74.125.24.0-255,5738,153322,42,159192
4841,0.016398,172.31.46.0-255,66,153388,42,159192
4842,0.018729,74.125.24.0-255,5738,159126,42,159192
4843,0.018736,172.31.46.0-255,66,159192,42,159192
4844,0.0,74.125.24.0-255,153,153,42,277791
4845,1.7e-05,172.31.46.0-255,66,219,42,277791
4846,2.4e-05,74.125.24.0-255,1484,1703,42,277791
4847,2.9e-05,172.31.46.0-255,66,1769,42,277791
4848,3.4e-05,74.125.24.0-255,2902,4671,42,277791
4849,3.7e-05,172.31.46.0-255,66,4737,42,277791
4850,4e-05,74.125.24.0-255,1484,6221,42,277791
4851,4.2e-05,172.31.46.0-255,66,6287,42,277791
4852,7e-05,74.125.24.0-255,4320,10607,42,277791
4853,7.3e-05,172.31.46.0-255,66,10673,42,277791
4854,7.8e-05,74.125.24.0-255,4320,14993,42,277791
4855,8.1e-05,172.31.46.0-255,66,15059,42,277791
4856,0.0001,74.125.24.0-255,2075,17134,42,277791
4857,0.000102,172.31.46.0-255,66,17200,42,277791
4858,0.000109,74.125.24.0-255,7156,24356,42,277791
4859,0.000111,172.31.46.0-255,66,24422,42,277791
4860,0.000133,74.125.24.0-255,6797,31219,42,277791
4861,0.000136,172.31.46.0-255,66,31285,42,277791
4862,0.000171,74.125.24.0-255,1484,32769,42,277791
4863,0.000174,172.31.46.0-255,66,32835,42,277791
4864,0.000177,74.125.24.0-255,1484,34319,42,277791
4865,0.000179,172.31.46.0-255,66,34385,42,277791
4866,0.000193,74.125.24.0-255,1484,35869,42,277791
4867,0.000196,172.31.46.0-255,66,35935,42,277791
4868,0.000203,74.125.24.0-255,5738,41673,42,277791
4869,0.000205,172.31.46.0-255,66,41739,42,277791
4870,0.000236,74.125.24.0-255,5738,47477,42,277791
4871,0.000239,172.31.46.0-255,66,47543,42,277791
4872,0.000264,74.125.24.0-255,7156,54699,42,277791
4873,0.000267,172.31.46.0-255,66,54765,42,277791
4874,0.000286,74.125.24.0-255,5738,60503,42,277791
4875,0.000289,172.31.46.0-255,66,60569,42,277791
4876,0.000311,74.125.24.0-255,5399,65968,42,277791
4877,0.000313,172.31.46.0-255,66,66034,42,277791
4878,0.00044,74.125.24.0-255,1484,67518,42,277791
4879,0.000454,74.125.24.0-255,2902,70420,42,277791
4880,0.000459,172.31.46.0-255,66,70486,42,277791
4881,0.000465,74.125.24.0-255,4320,74806,42,277791
4882,0.000467,172.31.46.0-255,66,74872,42,277791
4883,0.000477,74.125.24.0-255,1484,76356,42,277791
4884,0.000509,172.31.46.0-255,66,76422,42,277791
4885,0.000548,172.31.46.0-255,66,76488,42,277791
4886,0.000563,74.125.24.0-255,5284,81772,42,277791
4887,0.000566,172.31.46.0-255,66,81838,42,277791
4888,0.000588,74.125.24.0-255,1484,83322,42,277791
4889,0.000593,74.125.24.0-255,2902,86224,42,277791
4890,0.000595,172.31.46.0-255,66,86290,42,277791
4891,0.000618,74.125.24.0-255,1484,87774,42,277791
4892,0.000636,74.125.24.0-255,4320,92094,42,277791
4893,0.000639,172.31.46.0-255,66,92160,42,277791
4894,0.000645,74.125.24.0-255,4320,96480,42,277791
4895,0.000647,172.31.46.0-255,66,96546,42,277791
4896,0.000661,74.125.24.0-255,2902,99448,42,277791
4897,0.000664,172.31.46.0-255,66,99514,42,277791
4898,0.000672,74.125.24.0-255,7156,106670,42,277791
4899,0.000675,172.31.46.0-255,66,106736,42,277791
4900,0.000703,74.125.24.0-255,7156,113892,42,277791
4901,0.000706,172.31.46.0-255,66,113958,42,277791
4902,0.00071,74.125.24.0-255,2184,116142,42,277791
4903,0.000712,172.31.46.0-255,66,116208,42,277791
4904,0.000743,74.125.24.0-255,2902,119110,42,277791
4905,0.000747,172.31.46.0-255,66,119176,42,277791
4906,0.000751,74.125.24.0-255,1484,120660,42,277791
4907,0.000766,74.125.24.0-255,2902,123562,42,277791
4908,0.000769,172.31.46.0-255,66,123628,42,277791
4909,0.000825,74.125.24.0-255,7156,130784,42,277791
4910,0.000828,172.31.46.0-255,66,130850,42,277791
4911,0.000839,172.31.46.0-255,66,130916,42,277791
4912,0.000845,74.125.24.0-255,5738,136654,42,277791
4913,0.000848,172.31.46.0-255,66,136720,42,277791
4914,0.000867,74.125.24.0-255,5020,141740,42,277791
4915,0.000869,172.31.46.0-255,66,141806,42,277791
4916,0.000881,74.125.24.0-255,1484,143290,42,277791
4917,0.000904,74.125.24.0-255,2902,146192,42,277791
4918,0.000908,172.31.46.0-255,66,146258,42,277791
4919,0.000914,74.125.24.0-255,5738,151996,42,277791
4920,0.000917,172.31.46.0-255,66,152062,42,277791
4921,0.000944,74.125.24.0-255,5738,157800,42,277791
4922,0.000947,172.31.46.0-255,66,157866,42,277791
4923,0.000969,74.125.24.0-255,7156,165022,42,277791
4924,0.000972,172.31.46.0-255,66,165088,42,277791
4925,0.001015,172.31.46.0-255,66,165154,42,277791
4926,0.001058,74.125.24.0-255,1484,166638,42,277791
4927,0.001062,74.125.24.0-255,1484,168122,42,277791
4928,0.001065,172.31.46.0-255,66,168188,42,277791
4929,0.001083,74.125.24.0-255,1484,169672,42,277791
4930,0.001091,74.125.24.0-255,5738,175410,42,277791
4931,0.001094,172.31.46.0-255,66,175476,42,277791
4932,0.001099,74.125.24.0-255,2902,178378,42,277791
4933,0.001101,172.31.46.0-255,66,178444,42,277791
4934,0.001116,74.125.24.0-255,2902,181346,42,277791
4935,0.001119,172.31.46.0-255,66,181412,42,277791
4936,0.001126,74.125.24.0-255,7156,188568,42,277791
4937,0.001129,172.31.46.0-255,66,188634,42,277791
4938,0.001145,74.125.24.0-255,5738,194372,42,277791
4939,0.001148,172.31.46.0-255,66,194438,42,277791
4940,0.001154,74.125.24.0-255,5020,199458,42,277791
4941,0.001156,172.31.46.0-255,66,199524,42,277791
4942,0.001196,74.125.24.0-255,5738,205262,42,277791
4943,0.0012,172.31.46.0-255,66,205328,42,277791
4944,0.001203,74.125.24.0-255,1484,206812,42,277791
4945,0.001223,74.125.24.0-255,2902,209714,42,277791
4946,0.001227,172.31.46.0-255,66,209780,42,277791
4947,0.001244,74.125.24.0-255,5738,215518,42,277791
4948,0.001247,172.31.46.0-255,66,215584,42,277791
4949,0.001267,74.125.24.0-255,5738,221322,42,277791
4950,0.00127,172.31.46.0-255,66,221388,42,277791
4951,0.001276,74.125.24.0-255,5738,227126,42,277791
4952,0.001279,172.31.46.0-255,66,227192,42,277791
4953,0.001307,74.125.24.0-255,6438,233630,42,277791
4954,0.001311,172.31.46.0-255,66,233696,42,277791
4955,0.001361,74.125.24.0-255,4320,238016,42,277791
4956,0.001363,172.31.46.0-255,66,238082,42,277791
4957,0.00137,74.125.24.0-255,5738,243820,42,277791
4958,0.001372,172.31.46.0-255,66,243886,42,277791
4959,0.001394,74.125.24.0-255,2902,246788,42,277791
4960,0.001397,172.31.46.0-255,66,246854,42,277791
4961,0.001424,172.31.46.0-255,66,246920,42,277791
4962,0.001434,172.31.46.0-255,66,246986,42,277791
4963,0.001487,74.125.24.0-255,3602,250588,42,277791
4964,0.001492,172.31.46.0-255,66,250654,42,277791
4965,0.001552,74.125.24.0-255,1484,252138,42,277791
4966,0.001566,74.125.24.0-255,2902,255040,42,277791
4967,0.001569,172.31.46.0-255,66,255106,42,277791
4968,0.001584,74.125.24.0-255,5738,260844,42,277791
4969,0.001587,172.31.46.0-255,66,260910,42,277791
4970,0.001632,172.31.46.0-255,66,260976,42,277791
4971,0.001642,172.31.46.0-255,66,261042,42,277791
4972,0.001702,74.125.24.0-255,3602,264644,42,277791
4973,0.001705,172.31.46.0-255,66,264710,42,277791
4974,0.00171,74.125.24.0-255,4320,269030,42,277791
4975,0.001713,172.31.46.0-255,66,269096,42,277791
4976,0.001724,172.31.46.0-255,66,269162,42,277791
4977,0.001753,172.31.46.0-255,66,269228,42,277791
4978,0.001778,74.125.24.0-255,5020,274248,42,277791
4979,0.001781,172.31.46.0-255,66,274314,42,277791
4980,0.001786,74.125.24.0-255,2902,277216,42,277791
4981,0.001788,172.31.46.0-255,66,277282,42,277791
4982,0.00183,172.31.46.0-255,66,277348,42,277791
4983,0.001833,74.125.24.0-255,105,277453,42,277791
4984,0.006993,172.31.46.0-255,101,277554,42,277791
4985,0.007645,172.31.46.0-255,105,277659,42,277791
4986,0.009077,74.125.24.0-255,66,277725,42,277791
4987,0.009698,74.125.24.0-255,66,277791,42,277791
4988,0.0,172.31.46.0-255,105,105,42,459
4989,0.000276,172.31.46.0-255,90,195,42,459
4990,0.000285,172.31.46.0-255,66,261,42,459
4991,0.002773,172.217.194.0-255,66,327,42,459
4992,0.002802,172.217.194.0-255,66,393,42,459
4993,0.002823,172.31.46.0-255,66,459,42,459
4994,0.0,74.125.68.0-255,152,152,42,257100
4995,2.5e-05,172.31.46.0-255,66,218,42,257100
4996,3.2e-05,74.125.68.0-255,1484,1702,42,257100
4997,3.8e-05,172.31.46.0-255,66,1768,42,257100
4998,5.3e-05,74.125.68.0-255,2902,4670,42,257100
4999,5.8e-05,172.31.46.0-255,66,4736,42,257100
5000,6.4e-05,74.125.68.0-255,5738,10474,42,257100
5001,6.7e-05,172.31.46.0-255,66,10540,42,257100
5002,9.8e-05,74.125.68.0-255,1484,12024,42,257100
5003,0.000101,172.31.46.0-255,66,12090,42,257100
5004,0.000107,74.125.68.0-255,2074,14164,42,257100
5005,0.00011,172.31.46.0-255,66,14230,42,257100
5006,0.000138,74.125.68.0-255,1484,15714,42,257100
5007,0.000141,172.31.46.0-255,66,15780,42,257100
5008,0.000145,74.125.68.0-255,2902,18682,42,257100
5009,0.000148,172.31.46.0-255,66,18748,42,257100
5010,0.000154,74.125.68.0-255,4320,23068,42,257100
5011,0.000157,172.31.46.0-255,66,23134,42,257100
5012,0.000176,74.125.68.0-255,1484,24618,42,257100
5013,0.000178,172.31.46.0-255,66,24684,42,257100
5014,0.000187,74.125.68.0-255,6797,31481,42,257100
5015,0.00019,172.31.46.0-255,66,31547,42,257100
5016,0.000286,74.125.68.0-255,1484,33031,42,257100
5017,0.00029,172.31.46.0-255,66,33097,42,257100
5018,0.000295,74.125.68.0-255,2902,35999,42,257100
5019,0.000298,172.31.46.0-255,66,36065,42,257100
5020,0.000332,74.125.68.0-255,5738,41803,42,257100
5021,0.000335,172.31.46.0-255,66,41869,42,257100
5022,0.000338,74.125.68.0-255,1484,43353,42,257100
5023,0.00034,172.31.46.0-255,66,43419,42,257100
5024,0.000351,74.125.68.0-255,1484,44903,42,257100
5025,0.000354,172.31.46.0-255,66,44969,42,257100
5026,0.000372,74.125.68.0-255,4320,49289,42,257100
5027,0.000375,172.31.46.0-255,66,49355,42,257100
5028,0.00038,74.125.68.0-255,4320,53675,42,257100
5029,0.000382,172.31.46.0-255,66,53741,42,257100
5030,0.000423,74.125.68.0-255,5738,59479,42,257100
5031,0.000426,172.31.46.0-255,66,59545,42,257100
5032,0.00043,74.125.68.0-255,1484,61029,42,257100
5033,0.000459,74.125.68.0-255,5020,66049,42,257100
5034,0.000462,172.31.46.0-255,66,66115,42,257100
5035,0.000465,74.125.68.0-255,443,66558,42,257100
5036,0.000555,74.125.68.0-255,1484,68042,42,257100
5037,0.000559,172.31.46.0-255,66,68108,42,257100
5038,0.000564,74.125.68.0-255,2902,71010,42,257100
5039,0.000567,172.31.46.0-255,66,71076,42,257100
5040,0.000597,74.125.68.0-255,2902,73978,42,257100
5041,0.0006,172.31.46.0-255,66,74044,42,257100
5042,0.000606,74.125.68.0-255,4320,78364,42,257100
5043,0.000608,172.31.46.0-255,66,78430,42,257100
5044,0.000624,172.31.46.0-255,66,78496,42,257100
5045,0.000657,74.125.68.0-255,5738,84234,42,257100
5046,0.00066,172.31.46.0-255,66,84300,42,257100
5047,0.000667,74.125.68.0-255,7156,91456,42,257100
5048,0.00067,172.31.46.0-255,66,91522,42,257100
5049,0.000672,74.125.68.0-255,766,92288,42,257100
5050,0.000712,74.125.68.0-255,330,92618,42,257100
5051,0.000785,74.125.68.0-255,1484,94102,42,257100
5052,0.000789,172.31.46.0-255,66,94168,42,257100
5053,0.000795,74.125.68.0-255,2902,97070,42,257100
5054,0.000797,172.31.46.0-255,66,97136,42,257100
5055,0.000832,74.125.68.0-255,5738,102874,42,257100
5056,0.000835,172.31.46.0-255,66,102940,42,257100
5057,0.000876,172.31.46.0-255,66,103006,42,257100
5058,0.000893,172.31.46.0-255,66,103072,42,257100
5059,0.0011,74.125.68.0-255,1484,104556,42,257100
5060,0.001105,74.125.68.0-255,1484,106040,42,257100
5061,0.001108,172.31.46.0-255,66,106106,42,257100
5062,0.001133,74.125.68.0-255,1484,107590,42,257100
5063,0.00114,74.125.68.0-255,5738,113328,42,257100
5064,0.001143,172.31.46.0-255,66,113394,42,257100
5065,0.001148,74.125.68.0-255,2902,116296,42,257100
5066,0.00115,172.31.46.0-255,66,116362,42,257100
5067,0.00118,74.125.68.0-255,4320,120682,42,257100
5068,0.001182,172.31.46.0-255,66,120748,42,257100
5069,0.001186,74.125.68.0-255,1484,122232,42,257100
5070,0.001207,74.125.68.0-255,2902,125134,42,257100
5071,0.001209,172.31.46.0-255,66,125200,42,257100
5072,0.001237,74.125.68.0-255,5738,130938,42,257100
5073,0.00124,172.31.46.0-255,66,131004,42,257100
5074,0.001247,74.125.68.0-255,6438,137442,42,257100
5075,0.00125,172.31.46.0-255,66,137508,42,257100
5076,0.001514,74.125.68.0-255,1484,138992,42,257100
5077,0.001534,74.125.68.0-255,2902,141894,42,257100
5078,0.001537,172.31.46.0-255,66,141960,42,257100
5079,0.001587,74.125.68.0-255,2902,144862,42,257100
5080,0.001589,172.31.46.0-255,66,144928,42,257100
5081,0.001616,74.125.68.0-255,1484,146412,42,257100
5082,0.001624,74.125.68.0-255,5738,152150,42,257100
5083,0.001626,172.31.46.0-255,66,152216,42,257100
5084,0.001639,172.31.46.0-255,66,152282,42,257100
5085,0.001644,74.125.68.0-255,2902,155184,42,257100
5086,0.001646,172.31.46.0-255,66,155250,42,257100
5087,0.00165,74.125.68.0-255,2902,158152,42,257100
5088,0.001653,172.31.46.0-255,66,158218,42,257100
5089,0.001681,74.125.68.0-255,2184,160402,42,257100
5090,0.001684,172.31.46.0-255,66,160468,42,257100
5091,0.001761,74.125.68.0-255,1484,161952,42,257100
5092,0.001767,74.125.68.0-255,2902,164854,42,257100
5093,0.00177,172.31.46.0-255,66,164920,42,257100
5094,0.001803,74.125.68.0-255,5738,170658,42,257100
5095,0.001807,74.125.68.0-255,2902,173560,42,257100
5096,0.001818,172.31.46.0-255,66,173626,42,257100
5097,0.001821,172.31.46.0-255,66,173692,42,257100
5098,0.001827,74.125.68.0-255,4320,178012,42,257100
5099,0.001829,172.31.46.0-255,66,178078,42,257100
5100,0.001869,74.125.68.0-255,1484,179562,42,257100
5101,0.001886,74.125.68.0-255,2902,182464,42,257100
5102,0.001888,172.31.46.0-255,66,182530,42,257100
5103,0.00191,74.125.68.0-255,4320,186850,42,257100
5104,0.001913,172.31.46.0-255,66,186916,42,257100
5105,0.001919,74.125.68.0-255,5738,192654,42,257100
5106,0.001922,172.31.46.0-255,66,192720,42,257100
5107,0.001964,74.125.68.0-255,2184,194904,42,257100
5108,0.001966,172.31.46.0-255,66,194970,42,257100
5109,0.002022,74.125.68.0-255,1484,196454,42,257100
5110,0.002059,74.125.68.0-255,2902,199356,42,257100
5111,0.002063,172.31.46.0-255,66,199422,42,257100
5112,0.002082,74.125.68.0-255,2902,202324,42,257100
5113,0.002084,172.31.46.0-255,66,202390,42,257100
5114,0.002107,74.125.68.0-255,1484,203874,42,257100
5115,0.002119,74.125.68.0-255,5738,209612,42,257100
5116,0.002122,172.31.46.0-255,66,209678,42,257100
5117,0.002146,74.125.68.0-255,1484,211162,42,257100
5118,0.004226,74.125.68.0-255,4320,215482,42,257100
5119,0.004235,172.31.46.0-255,66,215548,42,257100
5120,0.006332,74.125.68.0-255,2902,218450,42,257100
5121,0.006336,172.31.46.0-255,66,218516,42,257100
5122,0.006349,74.125.68.0-255,2902,221418,42,257100
5123,0.006356,172.31.46.0-255,66,221484,42,257100
5124,0.008441,74.125.68.0-255,2902,224386,42,257100
5125,0.008446,172.31.46.0-255,66,224452,42,257100
5126,0.008475,74.125.68.0-255,2902,227354,42,257100
5127,0.008477,172.31.46.0-255,66,227420,42,257100
5128,0.010595,74.125.68.0-255,2902,230322,42,257100
5129,0.010602,172.31.46.0-255,66,230388,42,257100
5130,0.010631,74.125.68.0-255,2902,233290,42,257100
5131,0.010634,172.31.46.0-255,66,233356,42,257100
5132,0.012703,74.125.68.0-255,2902,236258,42,257100
5133,0.01271,172.31.46.0-255,66,236324,42,257100
5134,0.012736,74.125.68.0-255,2902,239226,42,257100
5135,0.012739,172.31.46.0-255,66,239292,42,257100
5136,0.014808,74.125.68.0-255,2902,242194,42,257100
5137,0.014816,172.31.46.0-255,66,242260,42,257100
5138,0.014844,74.125.68.0-255,2902,245162,42,257100
5139,0.014847,172.31.46.0-255,66,245228,42,257100
5140,0.016912,74.125.68.0-255,2902,248130,42,257100
5141,0.016919,172.31.46.0-255,66,248196,42,257100
5142,0.016948,74.125.68.0-255,2902,251098,42,257100
5143,0.016952,172.31.46.0-255,66,251164,42,257100
5144,0.01902,74.125.68.0-255,2902,254066,42,257100
5145,0.019027,172.31.46.0-255,66,254132,42,257100
5146,0.019057,74.125.68.0-255,2902,257034,42,257100
5147,0.01906,172.31.46.0-255,66,257100,42,257100
5148,0.0,74.125.24.0-255,153,153,42,143208
5149,1.5e-05,172.31.46.0-255,66,219,42,143208
5150,2.3e-05,74.125.24.0-255,1484,1703,42,143208
5151,2.7e-05,172.31.46.0-255,66,1769,42,143208
5152,3.2e-05,74.125.24.0-255,2902,4671,42,143208
5153,3.6e-05,172.31.46.0-255,66,4737,42,143208
5154,5.6e-05,74.125.24.0-255,5738,10475,42,143208
5155,5.9e-05,172.31.46.0-255,66,10541,42,143208
5156,8.3e-05,74.125.24.0-255,1484,12025,42,143208
5157,8.6e-05,172.31.46.0-255,66,12091,42,143208
5158,9e-05,74.125.24.0-255,2082,14173,42,143208
5159,9.2e-05,172.31.46.0-255,66,14239,42,143208
5160,0.000106,74.125.24.0-255,1484,15723,42,143208
5161,0.000109,172.31.46.0-255,66,15789,42,143208
5162,0.000114,74.125.24.0-255,2902,18691,42,143208
5163,0.000116,172.31.46.0-255,66,18757,42,143208
5164,0.00012,74.125.24.0-255,2902,21659,42,143208
5165,0.000122,172.31.46.0-255,66,21725,42,143208
5166,0.000144,74.125.24.0-255,2902,24627,42,143208
5167,0.000146,172.31.46.0-255,66,24693,42,143208
5168,0.000161,74.125.24.0-255,4320,29013,42,143208
5169,0.000163,172.31.46.0-255,66,29079,42,143208
5170,0.000175,74.125.24.0-255,2543,31622,42,143208
5171,0.000177,172.31.46.0-255,66,31688,42,143208
5172,0.000226,74.125.24.0-255,1484,33172,42,143208
5173,0.000229,172.31.46.0-255,66,33238,42,143208
5174,0.000234,74.125.24.0-255,2902,36140,42,143208
5175,0.000236,172.31.46.0-255,66,36206,42,143208
5176,0.00024,74.125.24.0-255,1484,37690,42,143208
5177,0.000242,172.31.46.0-255,66,37756,42,143208
5178,0.000271,74.125.24.0-255,4320,42076,42,143208
5179,0.000274,172.31.46.0-255,66,42142,42,143208
5180,0.00028,74.125.24.0-255,6797,48939,42,143208
5181,0.000282,172.31.46.0-255,66,49005,42,143208
5182,0.0003,74.125.24.0-255,2902,51907,42,143208
5183,0.000303,172.31.46.0-255,66,51973,42,143208
5184,0.000341,172.31.46.0-255,66,52039,42,143208
5185,0.000355,74.125.24.0-255,2878,54917,42,143208
5186,0.000357,172.31.46.0-255,66,54983,42,143208
5187,0.000465,74.125.24.0-255,109,55092,42,143208
5188,0.000468,172.31.46.0-255,66,55158,42,143208
5189,0.000551,74.125.24.0-255,330,55488,42,143208
5190,0.000555,172.31.46.0-255,66,55554,42,143208
5191,0.000873,74.125.24.0-255,1484,57038,42,143208
5192,0.000877,172.31.46.0-255,66,57104,42,143208
5193,0.000883,74.125.24.0-255,2902,60006,42,143208
5194,0.000885,172.31.46.0-255,66,60072,42,143208
5195,0.000905,74.125.24.0-255,2902,62974,42,143208
5196,0.000907,172.31.46.0-255,66,63040,42,143208
5197,0.000931,74.125.24.0-255,2902,65942,42,143208
5198,0.000943,172.31.46.0-255,66,66008,42,143208
5199,0.000951,172.31.46.0-255,66,66074,42,143208
5200,0.000983,172.31.46.0-255,66,66140,42,143208
5201,0.001904,74.125.24.0-255,1484,67624,42,143208
5202,0.00191,172.31.46.0-255,66,67690,42,143208
5203,0.001919,74.125.24.0-255,2902,70592,42,143208
5204,0.001921,172.31.46.0-255,66,70658,42,143208
5205,0.001927,74.125.24.0-255,5738,76396,42,143208
5206,0.001928,172.31.46.0-255,66,76462,42,143208
5207,0.001962,172.31.46.0-255,66,76528,42,143208
5208,0.001994,74.125.24.0-255,2902,79430,42,143208
5209,0.002152,74.125.24.0-255,1484,80914,42,143208
5210,0.002166,74.125.24.0-255,2902,83816,42,143208
5211,0.002187,74.125.24.0-255,5738,89554,42,143208
5212,0.002202,74.125.24.0-255,4320,93874,42,143208
5213,0.00223,74.125.24.0-255,7156,101030,42,143208
5214,0.002254,74.125.24.0-255,1484,102514,42,143208
5215,0.002611,172.31.46.0-255,66,102580,42,143208
5216,0.004887,74.125.24.0-255,5738,108318,42,143208
5217,0.004893,172.31.46.0-255,66,108384,42,143208
5218,0.007197,74.125.24.0-255,5738,114122,42,143208
5219,0.007202,172.31.46.0-255,66,114188,42,143208
5220,0.009468,74.125.24.0-255,5738,119926,42,143208
5221,0.009476,172.31.46.0-255,66,119992,42,143208
5222,0.011736,74.125.24.0-255,5738,125730,42,143208
5223,0.012159,172.31.46.0-255,66,125796,42,143208
5224,0.0144,74.125.24.0-255,5738,131534,42,143208
5225,0.014409,172.31.46.0-255,66,131600,42,143208
5226,0.016683,74.125.24.0-255,5738,137338,42,143208
5227,0.016692,172.31.46.0-255,66,137404,42,143208
5228,0.018954,74.125.24.0-255,5738,143142,42,143208
5229,0.018963,172.31.46.0-255,66,143208,42,143208
5230,0.0,74.125.200.0-255,153,153,42,138513
5231,2.2e-05,172.31.46.0-255,66,219,42,138513
5232,2.9e-05,74.125.200.0-255,1484,1703,42,138513
5233,3.5e-05,172.31.46.0-255,66,1769,42,138513
5234,4.1e-05,74.125.200.0-255,2902,4671,42,138513
5235,4.5e-05,172.31.46.0-255,66,4737,42,138513
5236,5.3e-05,74.125.200.0-255,7156,11893,42,138513
5237,5.6e-05,172.31.46.0-255,66,11959,42,138513
5238,5.9e-05,74.125.200.0-255,1484,13443,42,138513
5239,6.1e-05,172.31.46.0-255,66,13509,42,138513
5240,8.8e-05,74.125.200.0-255,7156,20665,42,138513
5241,9.1e-05,172.31.46.0-255,66,20731,42,138513
5242,0.000111,74.125.200.0-255,3460,24191,42,138513
5243,0.000114,172.31.46.0-255,66,24257,42,138513
5244,0.000121,74.125.200.0-255,6797,31054,42,138513
5245,0.000124,172.31.46.0-255,66,31120,42,138513
5246,0.000191,74.125.200.0-255,1484,32604,42,138513
5247,0.000193,172.31.46.0-255,66,32670,42,138513
5248,0.000208,74.125.200.0-255,2902,35572,42,138513
5249,0.00021,172.31.46.0-255,66,35638,42,138513
5250,0.000215,74.125.200.0-255,2902,38540,42,138513
5251,0.000217,172.31.46.0-255,66,38606,42,138513
5252,0.000231,74.125.200.0-255,2902,41508,42,138513
5253,0.000233,172.31.46.0-255,66,41574,42,138513
5254,0.000246,74.125.200.0-255,1484,43058,42,138513
5255,0.000249,172.31.46.0-255,66,43124,42,138513
5256,0.000272,74.125.200.0-255,6797,49921,42,138513
5257,0.000275,172.31.46.0-255,66,49987,42,138513
5258,0.000286,172.31.46.0-255,66,50053,42,138513
5259,0.000325,74.125.200.0-255,5738,55791,42,138513
5260,0.000329,172.31.46.0-255,66,55857,42,138513
5261,0.000343,74.125.200.0-255,1433,57290,42,138513
5262,0.000473,74.125.200.0-255,116,57406,42,138513
5263,0.000573,74.125.200.0-255,1484,58890,42,138513
5264,0.000577,172.31.46.0-255,66,58956,42,138513
5265,0.000583,74.125.200.0-255,2902,61858,42,138513
5266,0.000586,172.31.46.0-255,66,61924,42,138513
5267,0.00061,74.125.200.0-255,5738,67662,42,138513
5268,0.000613,172.31.46.0-255,66,67728,42,138513
5269,0.000616,74.125.200.0-255,2902,70630,42,138513
5270,0.000618,172.31.46.0-255,66,70696,42,138513
5271,0.000637,74.125.200.0-255,3643,74339,42,138513
5272,0.000639,172.31.46.0-255,66,74405,42,138513
5273,0.000774,74.125.200.0-255,1484,75889,42,138513
5274,0.00078,74.125.200.0-255,2902,78791,42,138513
5275,0.000783,172.31.46.0-255,66,78857,42,138513
5276,0.000807,74.125.200.0-255,5738,84595,42,138513
5277,0.00081,172.31.46.0-255,66,84661,42,138513
5278,0.000813,74.125.200.0-255,1484,86145,42,138513
5279,0.00084,74.125.200.0-255,5738,91883,42,138513
5280,0.000843,172.31.46.0-255,66,91949,42,138513
5281,0.000853,172.31.46.0-255,66,92015,42,138513
5282,0.000889,172.31.46.0-255,66,92081,42,138513
5283,0.003198,74.125.200.0-255,5738,97819,42,138513
5284,0.003205,172.31.46.0-255,66,97885,42,138513
5285,0.005512,74.125.200.0-255,5738,103623,42,138513
5286,0.005515,172.31.46.0-255,66,103689,42,138513
5287,0.007826,74.125.200.0-255,5738,109427,42,138513
5288,0.007833,172.31.46.0-255,66,109493,42,138513
5289,0.01016,74.125.200.0-255,5738,115231,42,138513
5290,0.010167,172.31.46.0-255,66,115297,42,138513
5291,0.012491,74.125.200.0-255,5738,121035,42,138513
5292,0.012498,172.31.46.0-255,66,121101,42,138513
5293,0.014829,74.125.200.0-255,5738,126839,42,138513
5294,0.014843,172.31.46.0-255,66,126905,42,138513
5295,0.017177,74.125.200.0-255,5738,132643,42,138513
5296,0.017189,172.31.46.0-255,66,132709,42,138513
5297,0.019512,74.125.200.0-255,5738,138447,42,138513
5298,0.019522,172.31.46.0-255,66,138513,42,138513
5299,0.0,74.125.24.0-255,150,150,42,160616
5300,2.4e-05,172.31.46.0-255,66,216,42,160616
5301,3.1e-05,74.125.24.0-255,1484,1700,42,160616
5302,3.5e-05,172.31.46.0-255,66,1766,42,160616
5303,4.1e-05,74.125.24.0-255,2902,4668,42,160616
5304,5.4e-05,172.31.46.0-255,66,4734,42,160616
5305,6.1e-05,74.125.24.0-255,7156,11890,42,160616
5306,6.4e-05,172.31.46.0-255,66,11956,42,160616
5307,0.000106,172.31.46.0-255,66,12022,42,160616
5308,0.000133,74.125.24.0-255,4320,16342,42,160616
5309,0.000136,172.31.46.0-255,66,16408,42,160616
5310,0.000162,74.125.24.0-255,1484,17892,42,160616
5311,0.000165,172.31.46.0-255,66,17958,42,160616
5312,0.000173,74.125.24.0-255,7156,25114,42,160616
5313,0.000176,172.31.46.0-255,66,25180,42,160616
5314,0.000191,172.31.46.0-255,66,25246,42,160616
5315,0.000193,74.125.24.0-255,766,26012,42,160616
5316,0.000195,172.31.46.0-255,66,26078,42,160616
5317,0.000582,74.125.24.0-255,1484,27562,42,160616
5318,0.000588,172.31.46.0-255,66,27628,42,160616
5319,0.000594,74.125.24.0-255,2902,30530,42,160616
5320,0.000598,172.31.46.0-255,66,30596,42,160616
5321,0.000627,74.125.24.0-255,5738,36334,42,160616
5322,0.000631,172.31.46.0-255,66,36400,42,160616
5323,0.000638,74.125.24.0-255,6797,43197,42,160616
5324,0.00064,172.31.46.0-255,66,43263,42,160616
5325,0.000671,74.125.24.0-255,4320,47583,42,160616
5326,0.000674,172.31.46.0-255,66,47649,42,160616
5327,0.000681,74.125.24.0-255,5738,53387,42,160616
5328,0.000683,172.31.46.0-255,66,53453,42,160616
5329,0.00073,74.125.24.0-255,4320,57773,42,160616
5330,0.000735,172.31.46.0-255,66,57839,42,160616
5331,0.000758,74.125.24.0-255,2543,60382,42,160616
5332,0.000762,172.31.46.0-255,66,60448,42,160616
5333,0.000794,74.125.24.0-255,7156,67604,42,160616
5334,0.000797,74.125.24.0-255,2902,70506,42,160616
5335,0.000809,172.31.46.0-255,66,70572,42,160616
5336,0.000813,172.31.46.0-255,66,70638,42,160616
5337,0.000854,172.31.46.0-255,66,70704,42,160616
5338,0.001011,74.125.24.0-255,1484,72188,42,160616
5339,0.001019,74.125.24.0-255,2902,75090,42,160616
5340,0.001022,172.31.46.0-255,66,75156,42,160616
5341,0.00103,74.125.24.0-255,5738,80894,42,160616
5342,0.001032,172.31.46.0-255,66,80960,42,160616
5343,0.001069,172.31.46.0-255,66,81026,42,160616
5344,0.001098,74.125.24.0-255,1484,82510,42,160616
5345,0.001113,172.31.46.0-255,66,82576,42,160616
5346,0.001707,74.125.24.0-255,1484,84060,42,160616
5347,0.001723,74.125.24.0-255,2902,86962,42,160616
5348,0.001726,172.31.46.0-255,66,87028,42,160616
5349,0.001733,74.125.24.0-255,4320,91348,42,160616
5350,0.001735,172.31.46.0-255,66,91414,42,160616
5351,0.001766,74.125.24.0-255,1484,92898,42,160616
5352,0.001773,74.125.24.0-255,7156,100054,42,160616
5353,0.001776,172.31.46.0-255,66,100120,42,160616
5354,0.001791,172.31.46.0-255,66,100186,42,160616
5355,0.001801,74.125.24.0-255,3602,103788,42,160616
5356,0.001803,172.31.46.0-255,66,103854,42,160616
5357,0.001836,74.125.24.0-255,1484,105338,42,160616
5358,0.001877,172.31.46.0-255,66,105404,42,160616
5359,0.001891,172.31.46.0-255,66,105470,42,160616
5360,0.002123,74.125.24.0-255,1484,106954,42,160616
5361,0.00213,74.125.24.0-255,2902,109856,42,160616
5362,0.002133,172.31.46.0-255,66,109922,42,160616
5363,0.002139,74.125.24.0-255,2902,112824,42,160616
5364,0.002141,172.31.46.0-255,66,112890,42,160616
5365,0.002163,74.125.24.0-255,2902,115792,42,160616
5366,0.002165,172.31.46.0-255,66,115858,42,160616
5367,0.002182,74.125.24.0-255,4320,120178,42,160616
5368,0.002189,172.31.46.0-255,66,120244,42,160616
5369,0.002229,74.125.24.0-255,766,121010,42,160616
5370,0.002233,172.31.46.0-255,66,121076,42,160616
5371,0.002241,172.31.46.0-255,66,121142,42,160616
5372,0.004531,74.125.24.0-255,4320,125462,42,160616
5373,0.004539,172.31.46.0-255,66,125528,42,160616
5374,0.006831,74.125.24.0-255,5738,131266,42,160616
5375,0.006837,172.31.46.0-255,66,131332,42,160616
5376,0.009148,74.125.24.0-255,2902,134234,42,160616
5377,0.009155,172.31.46.0-255,66,134300,42,160616
5378,0.009188,74.125.24.0-255,2902,137202,42,160616
5379,0.009191,172.31.46.0-255,66,137268,42,160616
5380,0.011436,74.125.24.0-255,2902,140170,42,160616
5381,0.011445,172.31.46.0-255,66,140236,42,160616
5382,0.011478,74.125.24.0-255,2902,143138,42,160616
5383,0.011481,172.31.46.0-255,66,143204,42,160616
5384,0.013744,74.125.24.0-255,5738,148942,42,160616
5385,0.013758,172.31.46.0-255,66,149008,42,160616
5386,0.016066,74.125.24.0-255,5738,154746,42,160616
5387,0.016083,172.31.46.0-255,66,154812,42,160616
5388,0.018409,74.125.24.0-255,5738,160550,42,160616
5389,0.018427,172.31.46.0-255,66,160616,42,160616
5390,0.0,172.217.194.0-255,150,150,42,105008
5391,2.4e-05,172.31.46.0-255,66,216,42,105008
5392,3.2e-05,172.217.194.0-255,1484,1700,42,105008
5393,3.7e-05,172.31.46.0-255,66,1766,42,105008
5394,5.3e-05,172.217.194.0-255,2902,4668,42,105008
5395,5.7e-05,172.31.46.0-255,66,4734,42,105008
5396,6.4e-05,172.217.194.0-255,4320,9054,42,105008
5397,6.7e-05,172.31.46.0-255,66,9120,42,105008
5398,8e-05,172.31.46.0-255,66,9186,42,105008
5399,9.4e-05,172.31.46.0-255,66,9252,42,105008
5400,0.000132,172.217.194.0-255,7156,16408,42,105008
5401,0.000134,172.31.46.0-255,66,16474,42,105008
5402,0.000149,172.31.46.0-255,66,16540,42,105008
5403,0.000182,172.31.46.0-255,66,16606,42,105008
5404,0.00019,172.217.194.0-255,7085,23691,42,105008
5405,0.000193,172.31.46.0-255,66,23757,42,105008
5406,0.00022,172.217.194.0-255,98,23855,42,105008
5407,0.000226,172.31.46.0-255,66,23921,42,105008
5408,0.000367,172.217.194.0-255,1484,25405,42,105008
5409,0.000372,172.31.46.0-255,66,25471,42,105008
5410,0.000377,172.217.194.0-255,2902,28373,42,105008
5411,0.00038,172.31.46.0-255,66,28439,42,105008
5412,0.000387,172.217.194.0-255,5738,34177,42,105008
5413,0.000394,172.31.46.0-255,66,34243,42,105008
5414,0.00044,172.31.46.0-255,66,34309,42,105008
5415,0.000453,172.31.46.0-255,66,34375,42,105008
5416,0.000683,172.217.194.0-255,1484,35859,42,105008
5417,0.00069,172.217.194.0-255,2902,38761,42,105008
5418,0.000697,172.217.194.0-255,5738,44499,42,105008
5419,0.00071,172.217.194.0-255,1484,45983,42,105008
5420,0.000716,172.31.46.0-255,66,46049,42,105008
5421,0.000773,172.31.46.0-255,66,46115,42,105008
5422,0.001002,172.217.194.0-255,1484,47599,42,105008
5423,0.001016,172.217.194.0-255,2902,50501,42,105008
5424,0.001035,172.217.194.0-255,5738,56239,42,105008
5425,0.001038,172.31.46.0-255,66,56305,42,105008
5426,0.001044,172.31.46.0-255,66,56371,42,105008
5427,0.001068,172.217.194.0-255,4320,60691,42,105008
5428,0.001103,172.217.194.0-255,4320,65011,42,105008
5429,0.001111,172.31.46.0-255,66,65077,42,105008
5430,0.001183,172.217.194.0-255,5738,70815,42,105008
5431,0.001233,172.217.194.0-255,766,71581,42,105008
5432,0.001248,172.31.46.0-255,66,71647,42,105008
5433,0.001267,172.217.194.0-255,1484,73131,42,105008
5434,0.001281,172.217.194.0-255,4320,77451,42,105008
5435,0.001288,172.217.194.0-255,5738,83189,42,105008
5436,0.001299,172.31.46.0-255,66,83255,42,105008
5437,0.001313,172.217.194.0-255,4320,87575,42,105008
5438,0.001351,172.217.194.0-255,1484,89059,42,105008
5439,0.001381,172.31.46.0-255,66,89125,42,105008
5440,0.001398,172.217.194.0-255,4320,93445,42,105008
5441,0.00142,172.31.46.0-255,66,93511,42,105008
5442,0.001431,172.217.194.0-255,5738,99249,42,105008
5443,0.001486,172.31.46.0-255,66,99315,42,105008
5444,0.001556,172.31.46.0-255,66,99381,42,105008
5445,0.001601,172.31.46.0-255,66,99447,42,105008
5446,0.001667,172.31.46.0-255,66,99513,42,105008
5447,0.001689,172.217.194.0-255,1484,100997,42,105008
5448,0.001695,172.217.194.0-255,3669,104666,42,105008
5449,0.001698,172.217.194.0-255,105,104771,42,105008
5450,0.001708,172.31.46.0-255,66,104837,42,105008
5451,0.008484,172.31.46.0-255,105,104942,42,105008
5452,0.011032,172.217.194.0-255,66,105008,42,105008
5453,0.0,74.125.68.0-255,145,145,42,205921
5454,2.5e-05,172.31.46.0-255,66,211,42,205921
5455,3.3e-05,74.125.68.0-255,1484,1695,42,205921
5456,3.7e-05,172.31.46.0-255,66,1761,42,205921
5457,4.4e-05,74.125.68.0-255,2902,4663,42,205921
5458,4.6e-05,172.31.46.0-255,66,4729,42,205921
5459,5.3e-05,74.125.68.0-255,5738,10467,42,205921
5460,5.5e-05,172.31.46.0-255,66,10533,42,205921
5461,8.9e-05,74.125.68.0-255,3463,13996,42,205921
5462,9.2e-05,172.31.46.0-255,66,14062,42,205921
5463,0.00032,74.125.68.0-255,1484,15546,42,205921
5464,0.000327,172.31.46.0-255,66,15612,42,205921
5465,0.000333,74.125.68.0-255,2902,18514,42,205921
5466,0.000335,172.31.46.0-255,66,18580,42,205921
5467,0.000338,74.125.68.0-255,1484,20064,42,205921
5468,0.00034,172.31.46.0-255,66,20130,42,205921
5469,0.000373,74.125.68.0-255,4320,24450,42,205921
5470,0.000376,172.31.46.0-255,66,24516,42,205921
5471,0.000379,74.125.68.0-255,1484,26000,42,205921
5472,0.000381,172.31.46.0-255,66,26066,42,205921
5473,0.000402,74.125.68.0-255,5379,31445,42,205921
5474,0.000405,172.31.46.0-255,66,31511,42,205921
5475,0.000476,74.125.68.0-255,1484,32995,42,205921
5476,0.000479,172.31.46.0-255,66,33061,42,205921
5477,0.000495,74.125.68.0-255,2902,35963,42,205921
5478,0.000497,172.31.46.0-255,66,36029,42,205921
5479,0.0005,74.125.68.0-255,1484,37513,42,205921
5480,0.000502,172.31.46.0-255,66,37579,42,205921
5481,0.000523,74.125.68.0-255,4320,41899,42,205921
5482,0.000526,172.31.46.0-255,66,41965,42,205921
5483,0.000533,74.125.68.0-255,5738,47703,42,205921
5484,0.000535,172.31.46.0-255,66,47769,42,205921
5485,0.000552,74.125.68.0-255,1125,48894,42,205921
5486,0.000905,172.31.46.0-255,66,48960,42,205921
5487,0.001039,74.125.68.0-255,1484,50444,42,205921
5488,0.001077,74.125.68.0-255,2902,53346,42,205921
5489,0.001082,172.31.46.0-255,66,53412,42,205921
5490,0.001088,74.125.68.0-255,2902,56314,42,205921
5491,0.001089,172.31.46.0-255,66,56380,42,205921
5492,0.001112,74.125.68.0-255,2902,59282,42,205921
5493,0.001114,172.31.46.0-255,66,59348,42,205921
5494,0.001122,74.125.68.0-255,6797,66145,42,205921
5495,0.001124,172.31.46.0-255,66,66211,42,205921
5496,0.001127,74.125.68.0-255,645,66856,42,205921
5497,0.001211,74.125.68.0-255,1484,68340,42,205921
5498,0.001215,172.31.46.0-255,66,68406,42,205921
5499,0.001219,74.125.68.0-255,1484,69890,42,205921
5500,0.00124,74.125.68.0-255,1484,71374,42,205921
5501,0.001243,172.31.46.0-255,66,71440,42,205921
5502,0.00125,74.125.68.0-255,5738,77178,42,205921
5503,0.001252,172.31.46.0-255,66,77244,42,205921
5504,0.001255,74.125.68.0-255,1484,78728,42,205921
5505,0.001287,74.125.68.0-255,5379,84107,42,205921
5506,0.00129,172.31.46.0-255,66,84173,42,205921
5507,0.001308,74.125.68.0-255,5738,89911,42,205921
5508,0.00131,172.31.46.0-255,66,89977,42,205921
5509,0.00133,74.125.68.0-255,2902,92879,42,205921
5510,0.001332,172.31.46.0-255,66,92945,42,205921
5511,0.001346,74.125.68.0-255,1484,94429,42,205921
5512,0.001371,74.125.68.0-255,6797,101226,42,205921
5513,0.001376,172.31.46.0-255,66,101292,42,205921
5514,0.001394,74.125.68.0-255,2902,104194,42,205921
5515,0.001396,172.31.46.0-255,66,104260,42,205921
5516,0.001413,74.125.68.0-255,4320,108580,42,205921
5517,0.001415,172.31.46.0-255,66,108646,42,205921
5518,0.001442,74.125.68.0-255,7156,115802,42,205921
5519,0.001445,172.31.46.0-255,66,115868,42,205921
5520,0.001464,74.125.68.0-255,1484,117352,42,205921
5521,0.001468,74.125.68.0-255,577,117929,42,205921
5522,0.00147,172.31.46.0-255,66,117995,42,205921
5523,0.001605,74.125.68.0-255,1484,119479,42,205921
5524,0.00162,74.125.68.0-255,2902,122381,42,205921
5525,0.001625,172.31.46.0-255,66,122447,42,205921
5526,0.001642,74.125.68.0-255,5738,128185,42,205921
5527,0.001646,172.31.46.0-255,66,128251,42,205921
5528,0.00165,74.125.68.0-255,2902,131153,42,205921
5529,0.001652,172.31.46.0-255,66,131219,42,205921
5530,0.001679,74.125.68.0-255,2902,134121,42,205921
5531,0.001681,172.31.46.0-255,66,134187,42,205921
5532,0.001689,74.125.68.0-255,7156,141343,42,205921
5533,0.001691,172.31.46.0-255,66,141409,42,205921
5534,0.00175,172.31.46.0-255,66,141475,42,205921
5535,0.002173,74.125.68.0-255,1484,142959,42,205921
5536,0.002182,74.125.68.0-255,2902,145861,42,205921
5537,0.002187,172.31.46.0-255,66,145927,42,205921
5538,0.00219,74.125.68.0-255,1484,147411,42,205921
5539,0.002218,74.125.68.0-255,4320,151731,42,205921
5540,0.00222,172.31.46.0-255,66,151797,42,205921
5541,0.002224,74.125.68.0-255,2902,154699,42,205921
5542,0.002227,172.31.46.0-255,66,154765,42,205921
5543,0.002233,74.125.68.0-255,4320,159085,42,205921
5544,0.002236,172.31.46.0-255,66,159151,42,205921
5545,0.002268,172.31.46.0-255,66,159217,42,205921
5546,0.002274,74.125.68.0-255,5738,164955,42,205921
5547,0.002277,172.31.46.0-255,66,165021,42,205921
5548,0.002312,74.125.68.0-255,2184,167205,42,205921
5549,0.002314,172.31.46.0-255,66,167271,42,205921
5550,0.002584,74.125.68.0-255,1484,168755,42,205921
5551,0.0026,74.125.68.0-255,1484,170239,42,205921
5552,0.002603,172.31.46.0-255,66,170305,42,205921
5553,0.004871,74.125.68.0-255,2902,173207,42,205921
5554,0.004876,172.31.46.0-255,66,173273,42,205921
5555,0.005171,74.125.68.0-255,2902,176175,42,205921
5556,0.005173,172.31.46.0-255,66,176241,42,205921
5557,0.007464,74.125.68.0-255,2902,179143,42,205921
5558,0.007472,172.31.46.0-255,66,179209,42,205921
5559,0.007779,74.125.68.0-255,2902,182111,42,205921
5560,0.007785,172.31.46.0-255,66,182177,42,205921
5561,0.010054,74.125.68.0-255,2902,185079,42,205921
5562,0.010061,172.31.46.0-255,66,185145,42,205921
5563,0.010357,74.125.68.0-255,2902,188047,42,205921
5564,0.010363,172.31.46.0-255,66,188113,42,205921
5565,0.012639,74.125.68.0-255,2902,191015,42,205921
5566,0.012648,172.31.46.0-255,66,191081,42,205921
5567,0.012944,74.125.68.0-255,2902,193983,42,205921
5568,0.012952,172.31.46.0-255,66,194049,42,205921
5569,0.015244,74.125.68.0-255,2902,196951,42,205921
5570,0.015256,172.31.46.0-255,66,197017,42,205921
5571,0.015531,74.125.68.0-255,2902,199919,42,205921
5572,0.015538,172.31.46.0-255,66,199985,42,205921
5573,0.017843,74.125.68.0-255,2902,202887,42,205921
5574,0.017852,172.31.46.0-255,66,202953,42,205921
5575,0.018109,74.125.68.0-255,2902,205855,42,205921
5576,0.018115,172.31.46.0-255,66,205921,42,205921
5577,0.0,172.217.194.0-255,152,152,42,177877
5578,2.4e-05,172.31.46.0-255,66,218,42,177877
5579,3.1e-05,172.217.194.0-255,1484,1702,42,177877
5580,3.6e-05,172.31.46.0-255,66,1768,42,177877
5581,4.2e-05,172.217.194.0-255,2902,4670,42,177877
5582,4.6e-05,172.31.46.0-255,66,4736,42,177877
5583,6.1e-05,172.217.194.0-255,7156,11892,42,177877
5584,6.5e-05,172.31.46.0-255,66,11958,42,177877
5585,6.9e-05,172.217.194.0-255,2084,14042,42,177877
5586,7.2e-05,172.31.46.0-255,66,14108,42,177877
5587,0.000931,172.217.194.0-255,1484,15592,42,177877
5588,0.000938,172.31.46.0-255,66,15658,42,177877
5589,0.000949,172.217.194.0-255,2902,18560,42,177877
5590,0.000951,172.31.46.0-255,66,18626,42,177877
5591,0.000991,172.217.194.0-255,5738,24364,42,177877
5592,0.000994,172.31.46.0-255,66,24430,42,177877
5593,0.001002,172.217.194.0-255,6797,31227,42,177877
5594,0.001005,172.31.46.0-255,66,31293,42,177877
5595,0.001101,172.217.194.0-255,1484,32777,42,177877
5596,0.001105,172.31.46.0-255,66,32843,42,177877
5597,0.001128,172.217.194.0-255,2902,35745,42,177877
5598,0.00113,172.31.46.0-255,66,35811,42,177877
5599,0.001137,172.217.194.0-255,5738,41549,42,177877
5600,0.00114,172.31.46.0-255,66,41615,42,177877
5601,0.001146,172.217.194.0-255,5738,47353,42,177877
5602,0.001149,172.31.46.0-255,66,47419,42,177877
5603,0.001156,172.217.194.0-255,7156,54575,42,177877
5604,0.001159,172.31.46.0-255,66,54641,42,177877
5605,0.001198,172.217.194.0-255,6797,61438,42,177877
5606,0.001201,172.31.46.0-255,66,61504,42,177877
5607,0.001207,172.217.194.0-255,4232,65736,42,177877
5608,0.00121,172.31.46.0-255,66,65802,42,177877
5609,0.001647,172.217.194.0-255,121,65923,42,177877
5610,0.001653,172.217.194.0-255,381,66304,42,177877
5611,0.001991,172.217.194.0-255,1484,67788,42,177877
5612,0.001995,172.31.46.0-255,66,67854,42,177877
5613,0.002001,172.217.194.0-255,2902,70756,42,177877
5614,0.002003,172.31.46.0-255,66,70822,42,177877
5615,0.002034,172.217.194.0-255,5738,76560,42,177877
5616,0.002037,172.31.46.0-255,66,76626,42,177877
5617,0.00204,172.217.194.0-255,1484,78110,42,177877
5618,0.002045,172.217.194.0-255,4320,82430,42,177877
5619,0.002047,172.31.46.0-255,66,82496,42,177877
5620,0.002079,172.31.46.0-255,66,82562,42,177877
5621,0.002095,172.31.46.0-255,66,82628,42,177877
5622,0.002149,172.217.194.0-255,1484,84112,42,177877
5623,0.002168,172.217.194.0-255,2902,87014,42,177877
5624,0.002171,172.31.46.0-255,66,87080,42,177877
5625,0.002178,172.217.194.0-255,5738,92818,42,177877
5626,0.00218,172.31.46.0-255,66,92884,42,177877
5627,0.002219,172.31.46.0-255,66,92950,42,177877
5628,0.00225,172.217.194.0-255,1484,94434,42,177877
5629,0.002262,172.31.46.0-255,66,94500,42,177877
5630,0.00228,172.217.194.0-255,1484,95984,42,177877
5631,0.002285,172.217.194.0-255,2902,98886,42,177877
5632,0.002287,172.31.46.0-255,66,98952,42,177877
5633,0.002292,172.217.194.0-255,2902,101854,42,177877
5634,0.002294,172.31.46.0-255,66,101920,42,177877
5635,0.002323,172.217.194.0-255,2902,104822,42,177877
5636,0.002326,172.31.46.0-255,66,104888,42,177877
5637,0.002372,172.31.46.0-255,66,104954,42,177877
5638,0.002407,172.217.194.0-255,4320,109274,42,177877
5639,0.002411,172.31.46.0-255,66,109340,42,177877
5640,0.002414,172.217.194.0-255,1484,110824,42,177877
5641,0.002425,172.31.46.0-255,66,110890,42,177877
5642,0.002429,172.217.194.0-255,2902,113792,42,177877
5643,0.002431,172.31.46.0-255,66,113858,42,177877
5644,0.002436,172.217.194.0-255,4320,118178,42,177877
5645,0.002439,172.31.46.0-255,66,118244,42,177877
5646,0.002451,172.31.46.0-255,66,118310,42,177877
5647,0.002474,172.217.194.0-255,1484,119794,42,177877
5648,0.002521,172.31.46.0-255,66,119860,42,177877
5649,0.002532,172.31.46.0-255,66,119926,42,177877
5650,0.002559,172.217.194.0-255,4320,124246,42,177877
5651,0.002562,172.31.46.0-255,66,124312,42,177877
5652,0.002577,172.31.46.0-255,66,124378,42,177877
5653,0.002584,172.217.194.0-255,5738,130116,42,177877
5654,0.002586,172.31.46.0-255,66,130182,42,177877
5655,0.002607,172.217.194.0-255,766,130948,42,177877
5656,0.002635,172.217.194.0-255,1484,132432,42,177877
5657,0.002637,172.31.46.0-255,66,132498,42,177877
5658,0.002663,172.217.194.0-255,2902,135400,42,177877
5659,0.002666,172.31.46.0-255,66,135466,42,177877
5660,0.002672,172.217.194.0-255,5738,141204,42,177877
5661,0.002675,172.31.46.0-255,66,141270,42,177877
5662,0.002694,172.31.46.0-255,66,141336,42,177877
5663,0.002726,172.217.194.0-255,1484,142820,42,177877
5664,0.002741,172.31.46.0-255,66,142886,42,177877
5665,0.00467,172.31.46.0-255,101,142987,42,177877
5666,0.005382,172.217.194.0-255,5738,148725,42,177877
5667,0.005388,172.31.46.0-255,66,148791,42,177877
5668,0.007259,172.217.194.0-255,66,148857,42,177877
5669,0.008036,172.217.194.0-255,5738,154595,42,177877
5670,0.008047,172.31.46.0-255,66,154661,42,177877
5671,0.010734,172.217.194.0-255,5738,160399,42,177877
5672,0.01075,172.31.46.0-255,66,160465,42,177877
5673,0.013453,172.217.194.0-255,5738,166203,42,177877
5674,0.013469,172.31.46.0-255,66,166269,42,177877
5675,0.016139,172.217.194.0-255,5738,172007,42,177877
5676,0.01615,172.31.46.0-255,66,172073,42,177877
5677,0.018856,172.217.194.0-255,5738,177811,42,177877
5678,0.018874,172.31.46.0-255,66,177877,42,177877
5679,0.0,172.217.194.0-255,296,296,42,149014
5680,2.6e-05,172.31.46.0-255,66,362,42,149014
5681,3.3e-05,172.217.194.0-255,1484,1846,42,149014
5682,3.7e-05,172.31.46.0-255,66,1912,42,149014
5683,4.4e-05,172.217.194.0-255,4320,6232,42,149014
5684,5.6e-05,172.31.46.0-255,66,6298,42,149014
5685,6.8e-05,172.31.46.0-255,66,6364,42,149014
5686,8e-05,172.31.46.0-255,66,6430,42,149014
5687,9.1e-05,172.31.46.0-255,66,6496,42,149014
5688,0.000129,172.217.194.0-255,1484,7980,42,149014
5689,0.000132,172.31.46.0-255,66,8046,42,149014
5690,0.000137,172.217.194.0-255,2902,10948,42,149014
5691,0.000139,172.31.46.0-255,66,11014,42,149014
5692,0.00016,172.217.194.0-255,5738,16752,42,149014
5693,0.000167,172.31.46.0-255,66,16818,42,149014
5694,0.000219,172.217.194.0-255,6797,23615,42,149014
5695,0.000222,172.31.46.0-255,66,23681,42,149014
5696,0.000229,172.217.194.0-255,7156,30837,42,149014
5697,0.000232,172.31.46.0-255,66,30903,42,149014
5698,0.000239,172.217.194.0-255,5738,36641,42,149014
5699,0.000241,172.31.46.0-255,66,36707,42,149014
5700,0.000272,172.217.194.0-255,4249,40956,42,149014
5701,0.000275,172.31.46.0-255,66,41022,42,149014
5702,0.000413,172.217.194.0-255,366,41388,42,149014
5703,0.000417,172.31.46.0-255,66,41454,42,149014
5704,0.000605,172.217.194.0-255,1484,42938,42,149014
5705,0.000611,172.31.46.0-255,66,43004,42,149014
5706,0.000616,172.217.194.0-255,2902,45906,42,149014
5707,0.000618,172.31.46.0-255,66,45972,42,149014
5708,0.000625,172.217.194.0-255,5738,51710,42,149014
5709,0.000635,172.31.46.0-255,66,51776,42,149014
5710,0.000666,172.31.46.0-255,66,51842,42,149014
5711,0.000702,172.217.194.0-255,4320,56162,42,149014
5712,0.000705,172.31.46.0-255,66,56228,42,149014
5713,0.000718,172.31.46.0-255,66,56294,42,149014
5714,0.000832,172.217.194.0-255,1484,57778,42,149014
5715,0.000858,172.217.194.0-255,2902,60680,42,149014
5716,0.000862,172.31.46.0-255,66,60746,42,149014
5717,0.000889,172.217.194.0-255,5738,66484,42,149014
5718,0.000892,172.31.46.0-255,66,66550,42,149014
5719,0.000899,172.217.194.0-255,5738,72288,42,149014
5720,0.000902,172.31.46.0-255,66,72354,42,149014
5721,0.000933,172.217.194.0-255,7156,79510,42,149014
5722,0.000946,172.31.46.0-255,66,79576,42,149014
5723,0.000949,172.31.46.0-255,66,79642,42,149014
5724,0.000975,172.217.194.0-255,2184,81826,42,149014
5725,0.000979,172.31.46.0-255,66,81892,42,149014
5726,0.001192,172.217.194.0-255,1484,83376,42,149014
5727,0.001198,172.217.194.0-255,2902,86278,42,149014
5728,0.001202,172.31.46.0-255,66,86344,42,149014
5729,0.001232,172.217.194.0-255,5738,92082,42,149014
5730,0.001235,172.31.46.0-255,66,92148,42,149014
5731,0.001242,172.217.194.0-255,7156,99304,42,149014
5732,0.001244,172.31.46.0-255,66,99370,42,149014
5733,0.001286,172.217.194.0-255,5738,105108,42,149014
5734,0.001288,172.31.46.0-255,66,105174,42,149014
5735,0.001301,172.31.46.0-255,66,105240,42,149014
5736,0.00141,172.217.194.0-255,1484,106724,42,149014
5737,0.001417,172.217.194.0-255,2902,109626,42,149014
5738,0.00142,172.31.46.0-255,66,109692,42,149014
5739,0.001424,172.217.194.0-255,1484,111176,42,149014
5740,0.001449,172.217.194.0-255,4320,115496,42,149014
5741,0.001451,172.31.46.0-255,66,115562,42,149014
5742,0.001463,172.31.46.0-255,66,115628,42,149014
5743,0.001496,172.217.194.0-255,2902,118530,42,149014
5744,0.001499,172.31.46.0-255,66,118596,42,149014
5745,0.001512,172.31.46.0-255,66,118662,42,149014
5746,0.001606,172.217.194.0-255,1484,120146,42,149014
5747,0.001612,172.217.194.0-255,2902,123048,42,149014
5748,0.001616,172.31.46.0-255,66,123114,42,149014
5749,0.00162,172.217.194.0-255,2902,126016,42,149014
5750,0.001622,172.31.46.0-255,66,126082,42,149014
5751,0.001645,172.217.194.0-255,2902,128984,42,149014
5752,0.001652,172.217.194.0-255,7156,136140,42,149014
5753,0.001661,172.31.46.0-255,66,136206,42,149014
5754,0.001664,172.31.46.0-255,66,136272,42,149014
5755,0.001692,172.217.194.0-255,5738,142010,42,149014
5756,0.001695,172.31.46.0-255,66,142076,42,149014
5757,0.001712,172.31.46.0-255,66,142142,42,149014
5758,0.001757,172.31.46.0-255,66,142208,42,149014
5759,0.001784,172.217.194.0-255,1484,143692,42,149014
5760,0.00181,172.31.46.0-255,66,143758,42,149014
5761,0.001831,172.31.46.0-255,66,143824,42,149014
5762,0.001843,172.31.46.0-255,66,143890,42,149014
5763,0.001885,172.31.46.0-255,66,143956,42,149014
5764,0.001916,172.31.46.0-255,66,144022,42,149014
5765,0.001941,172.31.46.0-255,66,144088,42,149014
5766,0.001944,172.217.194.0-255,1484,145572,42,149014
5767,0.001956,172.217.194.0-255,2902,148474,42,149014
5768,0.001959,172.31.46.0-255,66,148540,42,149014
5769,0.002016,172.31.46.0-255,66,148606,42,149014
5770,0.002027,172.31.46.0-255,66,148672,42,149014
5771,0.002053,172.217.194.0-255,105,148777,42,149014
5772,0.004571,172.31.46.0-255,66,148843,42,149014
5773,0.004612,172.31.46.0-255,105,148948,42,149014
5774,0.00721,172.217.194.0-255,66,149014,42,149014
5775,0.0,172.217.160.0-255,167,167,42,167848
5776,1.5e-05,172.31.46.0-255,66,233,42,167848
5777,2.2e-05,172.217.160.0-255,1484,1717,42,167848
5778,2.6e-05,172.31.46.0-255,66,1783,42,167848
5779,3.2e-05,172.217.160.0-255,2902,4685,42,167848
5780,3.5e-05,172.31.46.0-255,66,4751,42,167848
5781,4.2e-05,172.217.160.0-255,7156,11907,42,167848
5782,4.6e-05,172.31.46.0-255,66,11973,42,167848
5783,5e-05,172.217.160.0-255,2094,14067,42,167848
5784,5.3e-05,172.31.46.0-255,66,14133,42,167848
5785,0.00032,172.217.160.0-255,1484,15617,42,167848
5786,0.000326,172.31.46.0-255,66,15683,42,167848
5787,0.000332,172.217.160.0-255,2902,18585,42,167848
5788,0.000335,172.31.46.0-255,66,18651,42,167848
5789,0.000342,172.217.160.0-255,5738,24389,42,167848
5790,0.000345,172.31.46.0-255,66,24455,42,167848
5791,0.000375,172.217.160.0-255,6797,31252,42,167848
5792,0.000378,172.31.46.0-255,66,31318,42,167848
5793,0.0004,172.217.160.0-255,4320,35638,42,167848
5794,0.000402,172.31.46.0-255,66,35704,42,167848
5795,0.000421,172.217.160.0-255,2902,38606,42,167848
5796,0.000424,172.31.46.0-255,66,38672,42,167848
5797,0.00043,172.217.160.0-255,4320,42992,42,167848
5798,0.000432,172.31.46.0-255,66,43058,42,167848
5799,0.000464,172.217.160.0-255,5379,48437,42,167848
5800,0.000467,172.31.46.0-255,66,48503,42,167848
5801,0.001008,172.217.160.0-255,1484,49987,42,167848
5802,0.001014,172.31.46.0-255,66,50053,42,167848
5803,0.001023,172.217.160.0-255,2902,52955,42,167848
5804,0.001026,172.31.46.0-255,66,53021,42,167848
5805,0.001032,172.217.160.0-255,5738,58759,42,167848
5806,0.001035,172.31.46.0-255,66,58825,42,167848
5807,0.001076,172.217.160.0-255,6797,65622,42,167848
5808,0.001079,172.31.46.0-255,66,65688,42,167848
5809,0.001122,172.217.160.0-255,7156,72844,42,167848
5810,0.001126,172.31.46.0-255,66,72910,42,167848
5811,0.001133,172.217.160.0-255,4320,77230,42,167848
5812,0.001134,172.31.46.0-255,66,77296,42,167848
5813,0.001151,172.217.160.0-255,4320,81616,42,167848
5814,0.001153,172.31.46.0-255,66,81682,42,167848
5815,0.001172,172.217.160.0-255,2902,84584,42,167848
5816,0.001175,172.31.46.0-255,66,84650,42,167848
5817,0.001194,172.217.160.0-255,4543,89193,42,167848
5818,0.001197,172.31.46.0-255,66,89259,42,167848
5819,0.001208,172.31.46.0-255,66,89325,42,167848
5820,0.001228,172.217.160.0-255,2543,91868,42,167848
5821,0.001231,172.31.46.0-255,66,91934,42,167848
5822,0.001564,172.217.160.0-255,1484,93418,42,167848
5823,0.001573,172.217.160.0-255,2902,96320,42,167848
5824,0.001577,172.31.46.0-255,66,96386,42,167848
5825,0.001585,172.217.160.0-255,5738,102124,42,167848
5826,0.001587,172.31.46.0-255,66,102190,42,167848
5827,0.001628,172.217.160.0-255,2902,105092,42,167848
5828,0.001631,172.31.46.0-255,66,105158,42,167848
5829,0.001668,172.31.46.0-255,66,105224,42,167848
5830,0.001673,172.217.160.0-255,4320,109544,42,167848
5831,0.001676,172.31.46.0-255,66,109610,42,167848
5832,0.00329,172.217.160.0-255,2902,112512,42,167848
5833,0.003296,172.31.46.0-255,66,112578,42,167848
5834,0.003316,172.217.160.0-255,2902,115480,42,167848
5835,0.003319,172.31.46.0-255,66,115546,42,167848
5836,0.004912,172.217.160.0-255,2902,118448,42,167848
5837,0.004937,172.217.160.0-255,2902,121350,42,167848
5838,0.005595,172.31.46.0-255,66,121416,42,167848
5839,0.00723,172.217.160.0-255,5738,127154,42,167848
5840,0.007236,172.31.46.0-255,66,127220,42,167848
5841,0.008861,172.217.160.0-255,5738,132958,42,167848
5842,0.008867,172.31.46.0-255,66,133024,42,167848
5843,0.010523,172.217.160.0-255,5738,138762,42,167848
5844,0.01053,172.31.46.0-255,66,138828,42,167848
5845,0.012161,172.217.160.0-255,5738,144566,42,167848
5846,0.012167,172.31.46.0-255,66,144632,42,167848
5847,0.013805,172.217.160.0-255,5738,150370,42,167848
5848,0.013811,172.31.46.0-255,66,150436,42,167848
5849,0.015446,172.217.160.0-255,5738,156174,42,167848
5850,0.015452,172.31.46.0-255,66,156240,42,167848
5851,0.017103,172.217.160.0-255,5738,161978,42,167848
5852,0.017112,172.31.46.0-255,66,162044,42,167848
5853,0.018744,172.217.160.0-255,5738,167782,42,167848
5854,0.01875,172.31.46.0-255,66,167848,42,167848
5855,0.0,172.217.194.0-255,295,295,42,161266
5856,2.3e-05,172.31.46.0-255,66,361,42,161266
5857,2.9e-05,172.217.194.0-255,1484,1845,42,161266
5858,3.3e-05,172.31.46.0-255,66,1911,42,161266
5859,4e-05,172.217.194.0-255,4320,6231,42,161266
5860,4.5e-05,172.31.46.0-255,66,6297,42,161266
5861,4.8e-05,172.217.194.0-255,1484,7781,42,161266
5862,5.8e-05,172.31.46.0-255,66,7847,42,161266
5863,7.3e-05,172.31.46.0-255,66,7913,42,161266
5864,8.7e-05,172.31.46.0-255,66,7979,42,161266
5865,0.000144,172.217.194.0-255,1484,9463,42,161266
5866,0.000148,172.31.46.0-255,66,9529,42,161266
5867,0.000152,172.217.194.0-255,1484,11013,42,161266
5868,0.000154,172.31.46.0-255,66,11079,42,161266
5869,0.000176,172.217.194.0-255,1484,12563,42,161266
5870,0.000178,172.31.46.0-255,66,12629,42,161266
5871,0.000189,172.217.194.0-255,4320,16949,42,161266
5872,0.000191,172.31.46.0-255,66,17015,42,161266
5873,0.000197,172.217.194.0-255,5738,22753,42,161266
5874,0.0002,172.31.46.0-255,66,22819,42,161266
5875,0.000259,172.31.46.0-255,66,22885,42,161266
5876,0.000266,172.217.194.0-255,7050,29935,42,161266
5877,0.000268,172.31.46.0-255,66,30001,42,161266
5878,0.000271,172.217.194.0-255,118,30119,42,161266
5879,0.000273,172.31.46.0-255,66,30185,42,161266
5880,0.000276,172.217.194.0-255,381,30566,42,161266
5881,0.000278,172.31.46.0-255,66,30632,42,161266
5882,0.000395,172.217.194.0-255,1484,32116,42,161266
5883,0.000399,172.31.46.0-255,66,32182,42,161266
5884,0.000405,172.217.194.0-255,2902,35084,42,161266
5885,0.000408,172.31.46.0-255,66,35150,42,161266
5886,0.000425,172.217.194.0-255,4320,39470,42,161266
5887,0.000432,172.31.46.0-255,66,39536,42,161266
5888,0.00045,172.217.194.0-255,1484,41020,42,161266
5889,0.000457,172.217.194.0-255,4320,45340,42,161266
5890,0.000459,172.31.46.0-255,66,45406,42,161266
5891,0.000488,172.217.194.0-255,2543,47949,42,161266
5892,0.00049,172.31.46.0-255,66,48015,42,161266
5893,0.000494,172.217.194.0-255,2902,50917,42,161266
5894,0.000497,172.31.46.0-255,66,50983,42,161266
5895,0.000501,172.217.194.0-255,1484,52467,42,161266
5896,0.000532,172.217.194.0-255,5738,58205,42,161266
5897,0.000535,172.31.46.0-255,66,58271,42,161266
5898,0.000542,172.217.194.0-255,6797,65068,42,161266
5899,0.000545,172.31.46.0-255,66,65134,42,161266
5900,0.000823,172.31.46.0-255,101,65235,42,161266
5901,0.000969,172.217.194.0-255,1484,66719,42,161266
5902,0.000991,172.217.194.0-255,2902,69621,42,161266
5903,0.000995,172.31.46.0-255,66,69687,42,161266
5904,0.001003,172.217.194.0-255,5738,75425,42,161266
5905,0.001005,172.31.46.0-255,66,75491,42,161266
5906,0.001052,172.31.46.0-255,66,75557,42,161266
5907,0.001058,172.217.194.0-255,5738,81295,42,161266
5908,0.001062,172.31.46.0-255,66,81361,42,161266
5909,0.001093,172.217.194.0-255,1484,82845,42,161266
5910,0.001112,172.217.194.0-255,3602,86447,42,161266
5911,0.001116,172.31.46.0-255,66,86513,42,161266
5912,0.001145,172.217.194.0-255,2902,89415,42,161266
5913,0.001148,172.31.46.0-255,66,89481,42,161266
5914,0.001154,172.217.194.0-255,4320,93801,42,161266
5915,0.001156,172.31.46.0-255,66,93867,42,161266
5916,0.00116,172.217.194.0-255,2902,96769,42,161266
5917,0.001162,172.31.46.0-255,66,96835,42,161266
5918,0.001196,172.217.194.0-255,5738,102573,42,161266
5919,0.0012,172.31.46.0-255,66,102639,42,161266
5920,0.001214,172.31.46.0-255,66,102705,42,161266
5921,0.001245,172.217.194.0-255,4320,107025,42,161266
5922,0.001248,172.31.46.0-255,66,107091,42,161266
5923,0.001256,172.217.194.0-255,7156,114247,42,161266
5924,0.001259,172.31.46.0-255,66,114313,42,161266
5925,0.001295,172.31.46.0-255,66,114379,42,161266
5926,0.001323,172.217.194.0-255,7156,121535,42,161266
5927,0.001326,172.31.46.0-255,66,121601,42,161266
5928,0.001388,172.31.46.0-255,66,121667,42,161266
5929,0.001391,172.31.46.0-255,66,121733,42,161266
5930,0.001396,172.217.194.0-255,2902,124635,42,161266
5931,0.001399,172.31.46.0-255,66,124701,42,161266
5932,0.001444,172.31.46.0-255,66,124767,42,161266
5933,0.001598,172.217.194.0-255,1484,126251,42,161266
5934,0.001607,172.217.194.0-255,2902,129153,42,161266
5935,0.00161,172.31.46.0-255,66,129219,42,161266
5936,0.001617,172.217.194.0-255,5738,134957,42,161266
5937,0.001619,172.31.46.0-255,66,135023,42,161266
5938,0.001667,172.31.46.0-255,66,135089,42,161266
5939,0.00169,172.31.46.0-255,66,135155,42,161266
5940,0.001733,172.217.194.0-255,1484,136639,42,161266
5941,0.001748,172.217.194.0-255,2902,139541,42,161266
5942,0.001751,172.31.46.0-255,66,139607,42,161266
5943,0.001756,172.217.194.0-255,2902,142509,42,161266
5944,0.001758,172.31.46.0-255,66,142575,42,161266
5945,0.001778,172.217.194.0-255,2902,145477,42,161266
5946,0.001781,172.31.46.0-255,66,145543,42,161266
5947,0.001797,172.31.46.0-255,66,145609,42,161266
5948,0.00181,172.31.46.0-255,66,145675,42,161266
5949,0.001834,172.217.194.0-255,2184,147859,42,161266
5950,0.001837,172.31.46.0-255,66,147925,42,161266
5951,0.001889,172.31.46.0-255,66,147991,42,161266
5952,0.001902,172.31.46.0-255,66,148057,42,161266
5953,0.001916,172.31.46.0-255,66,148123,42,161266
5954,0.001938,172.217.194.0-255,1484,149607,42,161266
5955,0.001976,172.31.46.0-255,66,149673,42,161266
5956,0.001984,172.217.194.0-255,7156,156829,42,161266
5957,0.001986,172.31.46.0-255,66,156895,42,161266
5958,0.002026,172.31.46.0-255,66,156961,42,161266
5959,0.00206,172.217.194.0-255,3602,160563,42,161266
5960,0.002063,172.31.46.0-255,66,160629,42,161266
5961,0.002083,172.31.46.0-255,66,160695,42,161266
5962,0.002095,172.31.46.0-255,66,160761,42,161266
5963,0.002098,172.217.194.0-255,97,160858,42,161266
5964,0.002149,172.217.194.0-255,105,160963,42,161266
5965,0.003272,172.217.194.0-255,66,161029,42,161266
5966,0.009333,172.31.46.0-255,66,161095,42,161266
5967,0.00937,172.31.46.0-255,105,161200,42,161266
5968,0.011837,172.217.194.0-255,66,161266,42,161266
5969,0.0,74.125.68.0-255,152,152,42,303485
5970,2.4e-05,172.31.46.0-255,66,218,42,303485
5971,3.1e-05,74.125.68.0-255,1484,1702,42,303485
5972,3.5e-05,172.31.46.0-255,66,1768,42,303485
5973,4.1e-05,74.125.68.0-255,2902,4670,42,303485
5974,4.4e-05,172.31.46.0-255,66,4736,42,303485
5975,5.3e-05,74.125.68.0-255,7156,11892,42,303485
5976,5.6e-05,172.31.46.0-255,66,11958,42,303485
5977,8.3e-05,74.125.68.0-255,2069,14027,42,303485
5978,8.6e-05,172.31.46.0-255,66,14093,42,303485
5979,0.000135,74.125.68.0-255,1484,15577,42,303485
5980,0.000137,172.31.46.0-255,66,15643,42,303485
5981,0.000141,74.125.68.0-255,1484,17127,42,303485
5982,0.000143,172.31.46.0-255,66,17193,42,303485
5983,0.000156,74.125.68.0-255,1484,18677,42,303485
5984,0.000158,172.31.46.0-255,66,18743,42,303485
5985,0.000161,74.125.68.0-255,1484,20227,42,303485
5986,0.000163,172.31.46.0-255,66,20293,42,303485
5987,0.000189,74.125.68.0-255,2902,23195,42,303485
5988,0.000191,172.31.46.0-255,66,23261,42,303485
5989,0.000198,74.125.68.0-255,5738,28999,42,303485
5990,0.0002,172.31.46.0-255,66,29065,42,303485
5991,0.000213,74.125.68.0-255,1484,30549,42,303485
5992,0.000215,172.31.46.0-255,66,30615,42,303485
5993,0.000235,74.125.68.0-255,1125,31740,42,303485
5994,0.000237,172.31.46.0-255,66,31806,42,303485
5995,0.000242,74.125.68.0-255,2902,34708,42,303485
5996,0.000244,172.31.46.0-255,66,34774,42,303485
5997,0.000271,74.125.68.0-255,7156,41930,42,303485
5998,0.000273,172.31.46.0-255,66,41996,42,303485
5999,0.000339,74.125.68.0-255,6797,48793,42,303485
6000,0.000343,172.31.46.0-255,66,48859,42,303485
6001,0.00129,74.125.68.0-255,1484,50343,42,303485
6002,0.001302,74.125.68.0-255,2902,53245,42,303485
6003,0.001307,172.31.46.0-255,66,53311,42,303485
6004,0.001315,74.125.68.0-255,5738,59049,42,303485
6005,0.001317,172.31.46.0-255,66,59115,42,303485
6006,0.001347,74.125.68.0-255,6797,65912,42,303485
6007,0.001349,172.31.46.0-255,66,65978,42,303485
6008,0.001369,74.125.68.0-255,2902,68880,42,303485
6009,0.001371,172.31.46.0-255,66,68946,42,303485
6010,0.00139,74.125.68.0-255,4320,73266,42,303485
6011,0.001392,172.31.46.0-255,66,73332,42,303485
6012,0.001397,74.125.68.0-255,2902,76234,42,303485
6013,0.001398,172.31.46.0-255,66,76300,42,303485
6014,0.001404,74.125.68.0-255,4320,80620,42,303485
6015,0.001406,172.31.46.0-255,66,80686,42,303485
6016,0.001409,74.125.68.0-255,1484,82170,42,303485
6017,0.001439,74.125.68.0-255,7156,89326,42,303485
6018,0.001442,172.31.46.0-255,66,89392,42,303485
6019,0.001449,74.125.68.0-255,5738,95130,42,303485
6020,0.001451,172.31.46.0-255,66,95196,42,303485
6021,0.001486,74.125.68.0-255,4320,99516,42,303485
6022,0.001489,172.31.46.0-255,66,99582,42,303485
6023,0.001506,74.125.68.0-255,1348,100930,42,303485
6024,0.002118,74.125.68.0-255,1484,102414,42,303485
6025,0.002124,172.31.46.0-255,66,102480,42,303485
6026,0.00213,74.125.68.0-255,2902,105382,42,303485
6027,0.002132,172.31.46.0-255,66,105448,42,303485
6028,0.002136,74.125.68.0-255,2902,108350,42,303485
6029,0.002138,172.31.46.0-255,66,108416,42,303485
6030,0.002165,74.125.68.0-255,4320,112736,42,303485
6031,0.002167,172.31.46.0-255,66,112802,42,303485
6032,0.002178,172.31.46.0-255,66,112868,42,303485
6033,0.002181,74.125.68.0-255,1484,114352,42,303485
6034,0.002199,74.125.68.0-255,4320,118672,42,303485
6035,0.002201,172.31.46.0-255,66,118738,42,303485
6036,0.002209,74.125.68.0-255,7156,125894,42,303485
6037,0.002211,172.31.46.0-255,66,125960,42,303485
6038,0.002233,74.125.68.0-255,766,126726,42,303485
6039,0.002411,74.125.68.0-255,1484,128210,42,303485
6040,0.002414,172.31.46.0-255,66,128276,42,303485
6041,0.002418,74.125.68.0-255,1484,129760,42,303485
6042,0.002443,74.125.68.0-255,1484,131244,42,303485
6043,0.002445,172.31.46.0-255,66,131310,42,303485
6044,0.002461,74.125.68.0-255,2902,134212,42,303485
6045,0.002464,172.31.46.0-255,66,134278,42,303485
6046,0.002479,74.125.68.0-255,2902,137180,42,303485
6047,0.002482,172.31.46.0-255,66,137246,42,303485
6048,0.002498,74.125.68.0-255,2902,140148,42,303485
6049,0.0025,172.31.46.0-255,66,140214,42,303485
6050,0.002503,74.125.68.0-255,1484,141698,42,303485
6051,0.002508,74.125.68.0-255,2902,144600,42,303485
6052,0.00251,172.31.46.0-255,66,144666,42,303485
6053,0.00253,74.125.68.0-255,5738,150404,42,303485
6054,0.002533,172.31.46.0-255,66,150470,42,303485
6055,0.002556,74.125.68.0-255,2902,153372,42,303485
6056,0.002558,172.31.46.0-255,66,153438,42,303485
6057,0.002583,172.31.46.0-255,66,153504,42,303485
6058,0.002675,74.125.68.0-255,1484,154988,42,303485
6059,0.002687,74.125.68.0-255,2902,157890,42,303485
6060,0.002689,172.31.46.0-255,66,157956,42,303485
6061,0.002706,74.125.68.0-255,4320,162276,42,303485
6062,0.002709,172.31.46.0-255,66,162342,42,303485
6063,0.002727,74.125.68.0-255,1484,163826,42,303485
6064,0.00274,74.125.68.0-255,4320,168146,42,303485
6065,0.002743,172.31.46.0-255,66,168212,42,303485
6066,0.002765,74.125.68.0-255,2902,171114,42,303485
6067,0.002767,172.31.46.0-255,66,171180,42,303485
6068,0.002775,74.125.68.0-255,7156,178336,42,303485
6069,0.002777,172.31.46.0-255,66,178402,42,303485
6070,0.002788,172.31.46.0-255,66,178468,42,303485
6071,0.00279,74.125.68.0-255,766,179234,42,303485
6072,0.002962,74.125.68.0-255,1484,180718,42,303485
6073,0.002964,172.31.46.0-255,66,180784,42,303485
6074,0.002984,74.125.68.0-255,2902,183686,42,303485
6075,0.002986,172.31.46.0-255,66,183752,42,303485
6076,0.003009,74.125.68.0-255,5738,189490,42,303485
6077,0.003011,172.31.46.0-255,66,189556,42,303485
6078,0.003014,74.125.68.0-255,1484,191040,42,303485
6079,0.003032,74.125.68.0-255,4320,195360,42,303485
6080,0.003034,172.31.46.0-255,66,195426,42,303485
6081,0.003052,74.125.68.0-255,1484,196910,42,303485
6082,0.003065,74.125.68.0-255,4320,201230,42,303485
6083,0.003067,172.31.46.0-255,66,201296,42,303485
6084,0.003084,74.125.68.0-255,5738,207034,42,303485
6085,0.003087,172.31.46.0-255,66,207100,42,303485
6086,0.003135,74.125.68.0-255,5738,212838,42,303485
6087,0.003139,172.31.46.0-255,66,212904,42,303485
6088,0.003164,74.125.68.0-255,766,213670,42,303485
6089,0.003171,74.125.68.0-255,7156,220826,42,303485
6090,0.003174,172.31.46.0-255,66,220892,42,303485
6091,0.003189,172.31.46.0-255,66,220958,42,303485
6092,0.0032,172.31.46.0-255,66,221024,42,303485
6093,0.003211,172.31.46.0-255,66,221090,42,303485
6094,0.003252,74.125.68.0-255,5738,226828,42,303485
6095,0.003255,172.31.46.0-255,66,226894,42,303485
6096,0.003266,74.125.68.0-255,2902,229796,42,303485
6097,0.003269,172.31.46.0-255,66,229862,42,303485
6098,0.003273,74.125.68.0-255,2902,232764,42,303485
6099,0.003275,172.31.46.0-255,66,232830,42,303485
6100,0.003305,74.125.68.0-255,7156,239986,42,303485
6101,0.003308,172.31.46.0-255,66,240052,42,303485
6102,0.003312,74.125.68.0-255,2902,242954,42,303485
6103,0.003315,172.31.46.0-255,66,243020,42,303485
6104,0.003331,74.125.68.0-255,7156,250176,42,303485
6105,0.003334,172.31.46.0-255,66,250242,42,303485
6106,0.00335,74.125.68.0-255,1484,251726,42,303485
6107,0.003378,172.31.46.0-255,66,251792,42,303485
6108,0.003385,74.125.68.0-255,5738,257530,42,303485
6109,0.003387,172.31.46.0-255,66,257596,42,303485
6110,0.003402,74.125.68.0-255,5738,263334,42,303485
6111,0.003405,172.31.46.0-255,66,263400,42,303485
6112,0.003411,74.125.68.0-255,5738,269138,42,303485
6113,0.003414,172.31.46.0-255,66,269204,42,303485
6114,0.003421,74.125.68.0-255,7156,276360,42,303485
6115,0.003424,172.31.46.0-255,66,276426,42,303485
6116,0.00347,172.31.46.0-255,66,276492,42,303485
6117,0.003481,172.31.46.0-255,66,276558,42,303485
6118,0.003498,74.125.68.0-255,2902,279460,42,303485
6119,0.003501,172.31.46.0-255,66,279526,42,303485
6120,0.003535,172.31.46.0-255,66,279592,42,303485
6121,0.003548,172.31.46.0-255,66,279658,42,303485
6122,0.003552,74.125.68.0-255,2902,282560,42,303485
6123,0.003554,172.31.46.0-255,66,282626,42,303485
6124,0.003559,74.125.68.0-255,2902,285528,42,303485
6125,0.003561,172.31.46.0-255,66,285594,42,303485
6126,0.003584,74.125.68.0-255,1484,287078,42,303485
6127,0.00359,74.125.68.0-255,4320,291398,42,303485
6128,0.003593,172.31.46.0-255,66,291464,42,303485
6129,0.003614,74.125.68.0-255,4320,295784,42,303485
6130,0.003617,172.31.46.0-255,66,295850,42,303485
6131,0.003622,74.125.68.0-255,2902,298752,42,303485
6132,0.003623,172.31.46.0-255,66,298818,42,303485
6133,0.003629,74.125.68.0-255,4162,302980,42,303485
6134,0.003632,172.31.46.0-255,66,303046,42,303485
6135,0.003634,74.125.68.0-255,97,303143,42,303485
6136,0.003694,74.125.68.0-255,105,303248,42,303485
6137,0.011246,172.31.46.0-255,66,303314,42,303485
6138,0.01129,172.31.46.0-255,105,303419,42,303485
6139,0.013481,74.125.68.0-255,66,303485,42,303485
6140,0.0,172.217.194.0-255,156,156,42,155552
6141,2.4e-05,172.31.46.0-255,66,222,42,155552
6142,3.2e-05,172.217.194.0-255,1484,1706,42,155552
6143,3.6e-05,172.31.46.0-255,66,1772,42,155552
6144,5e-05,172.217.194.0-255,2902,4674,42,155552
6145,5.4e-05,172.31.46.0-255,66,4740,42,155552
6146,5.8e-05,172.217.194.0-255,2902,7642,42,155552
6147,6.1e-05,172.31.46.0-255,66,7708,42,155552
6148,9.1e-05,172.217.194.0-255,1484,9192,42,155552
6149,9.4e-05,172.31.46.0-255,66,9258,42,155552
6150,0.000122,172.217.194.0-255,4928,14186,42,155552
6151,0.000125,172.31.46.0-255,66,14252,42,155552
6152,0.000265,172.217.194.0-255,1484,15736,42,155552
6153,0.000268,172.31.46.0-255,66,15802,42,155552
6154,0.000296,172.217.194.0-255,2902,18704,42,155552
6155,0.000299,172.31.46.0-255,66,18770,42,155552
6156,0.000306,172.217.194.0-255,5738,24508,42,155552
6157,0.000308,172.31.46.0-255,66,24574,42,155552
6158,0.000316,172.217.194.0-255,6797,31371,42,155552
6159,0.000319,172.31.46.0-255,66,31437,42,155552
6160,0.001063,172.217.194.0-255,1484,32921,42,155552
6161,0.001067,172.31.46.0-255,66,32987,42,155552
6162,0.001073,172.217.194.0-255,2902,35889,42,155552
6163,0.001075,172.31.46.0-255,66,35955,42,155552
6164,0.001085,172.217.194.0-255,2902,38857,42,155552
6165,0.001087,172.31.46.0-255,66,38923,42,155552
6166,0.00111,172.217.194.0-255,2902,41825,42,155552
6167,0.001112,172.31.46.0-255,66,41891,42,155552
6168,0.001119,172.217.194.0-255,6797,48688,42,155552
6169,0.001122,172.31.46.0-255,66,48754,42,155552
6170,0.001185,172.217.194.0-255,1484,50238,42,155552
6171,0.001189,172.31.46.0-255,66,50304,42,155552
6172,0.001207,172.217.194.0-255,2902,53206,42,155552
6173,0.00121,172.31.46.0-255,66,53272,42,155552
6174,0.001217,172.217.194.0-255,5738,59010,42,155552
6175,0.00122,172.31.46.0-255,66,59076,42,155552
6176,0.001257,172.217.194.0-255,1484,60560,42,155552
6177,0.001279,172.217.194.0-255,5959,66519,42,155552
6178,0.001282,172.31.46.0-255,66,66585,42,155552
6179,0.001293,172.31.46.0-255,66,66651,42,155552
6180,0.001302,172.217.194.0-255,2902,69553,42,155552
6181,0.001304,172.31.46.0-255,66,69619,42,155552
6182,0.001335,172.217.194.0-255,4830,74449,42,155552
6183,0.001338,172.31.46.0-255,66,74515,42,155552
6184,0.001778,172.217.194.0-255,1484,75999,42,155552
6185,0.001787,172.217.194.0-255,2902,78901,42,155552
6186,0.001792,172.31.46.0-255,66,78967,42,155552
6187,0.001799,172.217.194.0-255,5738,84705,42,155552
6188,0.001801,172.31.46.0-255,66,84771,42,155552
6189,0.001822,172.217.194.0-255,5738,90509,42,155552
6190,0.00183,172.31.46.0-255,66,90575,42,155552
6191,0.001856,172.217.194.0-255,1125,91700,42,155552
6192,0.00197,172.217.194.0-255,1484,93184,42,155552
6193,0.001974,172.31.46.0-255,66,93250,42,155552
6194,0.001979,172.217.194.0-255,2902,96152,42,155552
6195,0.001982,172.31.46.0-255,66,96218,42,155552
6196,0.001985,172.217.194.0-255,1484,97702,42,155552
6197,0.002003,172.217.194.0-255,4320,102022,42,155552
6198,0.00201,172.31.46.0-255,66,102088,42,155552
6199,0.002016,172.217.194.0-255,4320,106408,42,155552
6200,0.002018,172.31.46.0-255,66,106474,42,155552
6201,0.002073,172.217.194.0-255,2184,108658,42,155552
6202,0.002121,172.31.46.0-255,66,108724,42,155552
6203,0.00213,172.31.46.0-255,66,108790,42,155552
6204,0.002133,172.31.46.0-255,66,108856,42,155552
6205,0.004222,172.217.194.0-255,5738,114594,42,155552
6206,0.00423,172.31.46.0-255,66,114660,42,155552
6207,0.006298,172.217.194.0-255,5738,120398,42,155552
6208,0.006305,172.31.46.0-255,66,120464,42,155552
6209,0.00838,172.217.194.0-255,2902,123366,42,155552
6210,0.008386,172.31.46.0-255,66,123432,42,155552
6211,0.008413,172.217.194.0-255,2902,126334,42,155552
6212,0.008416,172.31.46.0-255,66,126400,42,155552
6213,0.010443,172.217.194.0-255,2902,129302,42,155552
6214,0.01045,172.31.46.0-255,66,129368,42,155552
6215,0.010484,172.217.194.0-255,2902,132270,42,155552
6216,0.010487,172.31.46.0-255,66,132336,42,155552
6217,0.01255,172.217.194.0-255,5738,138074,42,155552
6218,0.012564,172.31.46.0-255,66,138140,42,155552
6219,0.014639,172.217.194.0-255,5738,143878,42,155552
6220,0.014652,172.31.46.0-255,66,143944,42,155552
6221,0.016737,172.217.194.0-255,5738,149682,42,155552
6222,0.016749,172.31.46.0-255,66,149748,42,155552
6223,0.018842,172.217.194.0-255,5738,155486,42,155552
6224,0.018853,172.31.46.0-255,66,155552,42,155552
6225,0.0,74.125.200.0-255,146,146,42,194913
6226,3.6e-05,172.31.46.0-255,66,212,42,194913
6227,4.2e-05,74.125.200.0-255,1484,1696,42,194913
6228,4.6e-05,172.31.46.0-255,66,1762,42,194913
6229,5e-05,74.125.200.0-255,2902,4664,42,194913
6230,5.3e-05,172.31.46.0-255,66,4730,42,194913
6231,5.7e-05,74.125.200.0-255,2902,7632,42,194913
6232,5.9e-05,172.31.46.0-255,66,7698,42,194913
6233,6.5e-05,74.125.200.0-255,4320,12018,42,194913
6234,6.7e-05,172.31.46.0-255,66,12084,42,194913
6235,0.000109,172.31.46.0-255,66,12150,42,194913
6236,0.000114,74.125.200.0-255,2902,15052,42,194913
6237,0.000115,172.31.46.0-255,66,15118,42,194913
6238,0.000135,74.125.200.0-255,5738,20856,42,194913
6239,0.000137,172.31.46.0-255,66,20922,42,194913
6240,0.000161,74.125.200.0-255,2543,23465,42,194913
6241,0.000164,172.31.46.0-255,66,23531,42,194913
6242,0.000247,74.125.200.0-255,1484,25015,42,194913
6243,0.000251,172.31.46.0-255,66,25081,42,194913
6244,0.000255,74.125.200.0-255,2902,27983,42,194913
6245,0.000258,172.31.46.0-255,66,28049,42,194913
6246,0.000274,74.125.200.0-255,4320,32369,42,194913
6247,0.000276,172.31.46.0-255,66,32435,42,194913
6248,0.000293,74.125.200.0-255,1484,33919,42,194913
6249,0.000296,172.31.46.0-255,66,33985,42,194913
6250,0.000309,74.125.200.0-255,2902,36887,42,194913
6251,0.000311,172.31.46.0-255,66,36953,42,194913
6252,0.000331,74.125.200.0-255,3961,40914,42,194913
6253,0.000336,172.31.46.0-255,66,40980,42,194913
6254,0.000485,74.125.200.0-255,1484,42464,42,194913
6255,0.000489,172.31.46.0-255,66,42530,42,194913
6256,0.000493,74.125.200.0-255,1484,44014,42,194913
6257,0.000496,172.31.46.0-255,66,44080,42,194913
6258,0.000509,74.125.200.0-255,1484,45564,42,194913
6259,0.000511,172.31.46.0-255,66,45630,42,194913
6260,0.000524,74.125.200.0-255,1484,47114,42,194913
6261,0.000526,172.31.46.0-255,66,47180,42,194913
6262,0.000545,74.125.200.0-255,5738,52918,42,194913
6263,0.000547,172.31.46.0-255,66,52984,42,194913
6264,0.000553,74.125.200.0-255,4320,57304,42,194913
6265,0.000555,172.31.46.0-255,66,57370,42,194913
6266,0.000588,74.125.200.0-255,1125,58495,42,194913
6267,0.000591,172.31.46.0-255,66,58561,42,194913
6268,0.00102,74.125.200.0-255,1484,60045,42,194913
6269,0.001025,172.31.46.0-255,66,60111,42,194913
6270,0.001034,74.125.200.0-255,2902,63013,42,194913
6271,0.001036,172.31.46.0-255,66,63079,42,194913
6272,0.001042,74.125.200.0-255,4320,67399,42,194913
6273,0.001044,172.31.46.0-255,66,67465,42,194913
6274,0.001072,74.125.200.0-255,1484,68949,42,194913
6275,0.001075,172.31.46.0-255,66,69015,42,194913
6276,0.001083,74.125.200.0-255,6797,75812,42,194913
6277,0.001086,172.31.46.0-255,66,75878,42,194913
6278,0.001118,74.125.200.0-255,7156,83034,42,194913
6279,0.001121,172.31.46.0-255,66,83100,42,194913
6280,0.001129,74.125.200.0-255,7156,90256,42,194913
6281,0.001131,172.31.46.0-255,66,90322,42,194913
6282,0.001156,74.125.200.0-255,2543,92865,42,194913
6283,0.00116,172.31.46.0-255,66,92931,42,194913
6284,0.00181,74.125.200.0-255,1484,94415,42,194913
6285,0.001818,172.31.46.0-255,66,94481,42,194913
6286,0.001826,74.125.200.0-255,2902,97383,42,194913
6287,0.001828,172.31.46.0-255,66,97449,42,194913
6288,0.00184,74.125.200.0-255,1484,98933,42,194913
6289,0.001842,172.31.46.0-255,66,98999,42,194913
6290,0.00186,74.125.200.0-255,4320,103319,42,194913
6291,0.001862,172.31.46.0-255,66,103385,42,194913
6292,0.001867,74.125.200.0-255,4320,107705,42,194913
6293,0.001868,172.31.46.0-255,66,107771,42,194913
6294,0.001889,74.125.200.0-255,2902,110673,42,194913
6295,0.001891,172.31.46.0-255,66,110739,42,194913
6296,0.0019,172.31.46.0-255,66,110805,42,194913
6297,0.001922,74.125.200.0-255,5738,116543,42,194913
6298,0.001924,172.31.46.0-255,66,116609,42,194913
6299,0.00199,74.125.200.0-255,2184,118793,42,194913
6300,0.001994,172.31.46.0-255,66,118859,42,194913
6301,0.002162,74.125.200.0-255,1484,120343,42,194913
6302,0.002166,172.31.46.0-255,66,120409,42,194913
6303,0.002169,74.125.200.0-255,1484,121893,42,194913
6304,0.002171,172.31.46.0-255,66,121959,42,194913
6305,0.002188,74.125.200.0-255,1484,123443,42,194913
6306,0.00219,172.31.46.0-255,66,123509,42,194913
6307,0.002195,74.125.200.0-255,4320,127829,42,194913
6308,0.002205,172.31.46.0-255,66,127895,42,194913
6309,0.002228,74.125.200.0-255,1484,129379,42,194913
6310,0.00225,74.125.200.0-255,7156,136535,42,194913
6311,0.002265,74.125.200.0-255,2902,139437,42,194913
6312,0.002269,172.31.46.0-255,66,139503,42,194913
6313,0.002293,74.125.200.0-255,7156,146659,42,194913
6314,0.002295,74.125.200.0-255,1484,148143,42,194913
6315,0.002298,74.125.200.0-255,2902,151045,42,194913
6316,0.002304,172.31.46.0-255,66,151111,42,194913
6317,0.002335,74.125.200.0-255,2184,153295,42,194913
6318,0.002355,172.31.46.0-255,66,153361,42,194913
6319,0.004609,74.125.200.0-255,2902,156263,42,194913
6320,0.004615,172.31.46.0-255,66,156329,42,194913
6321,0.004652,74.125.200.0-255,2902,159231,42,194913
6322,0.004654,172.31.46.0-255,66,159297,42,194913
6323,0.00694,74.125.200.0-255,2902,162199,42,194913
6324,0.00695,172.31.46.0-255,66,162265,42,194913
6325,0.00701,74.125.200.0-255,2902,165167,42,194913
6326,0.007281,172.31.46.0-255,66,165233,42,194913
6327,0.009265,74.125.200.0-255,2902,168135,42,194913
6328,0.009272,172.31.46.0-255,66,168201,42,194913
6329,0.009604,74.125.200.0-255,2902,171103,42,194913
6330,0.009609,172.31.46.0-255,66,171169,42,194913
6331,0.011589,74.125.200.0-255,2902,174071,42,194913
6332,0.011595,172.31.46.0-255,66,174137,42,194913
6333,0.011914,74.125.200.0-255,2902,177039,42,194913
6334,0.011919,172.31.46.0-255,66,177105,42,194913
6335,0.013913,74.125.200.0-255,2902,180007,42,194913
6336,0.01392,172.31.46.0-255,66,180073,42,194913
6337,0.01424,74.125.200.0-255,2902,182975,42,194913
6338,0.014246,172.31.46.0-255,66,183041,42,194913
6339,0.016234,74.125.200.0-255,2902,185943,42,194913
6340,0.016241,172.31.46.0-255,66,186009,42,194913
6341,0.016557,74.125.200.0-255,2902,188911,42,194913
6342,0.016563,172.31.46.0-255,66,188977,42,194913
6343,0.018561,74.125.200.0-255,2902,191879,42,194913
6344,0.018568,172.31.46.0-255,66,191945,42,194913
6345,0.018877,74.125.200.0-255,2902,194847,42,194913
6346,0.018883,172.31.46.0-255,66,194913,42,194913
6347,0.0,172.217.194.0-255,147,147,42,150629
6348,2e-05,172.31.46.0-255,66,213,42,150629
6349,2.8e-05,172.217.194.0-255,1484,1697,42,150629
6350,3.3e-05,172.31.46.0-255,66,1763,42,150629
6351,3.9e-05,172.217.194.0-255,2902,4665,42,150629
6352,4.2e-05,172.31.46.0-255,66,4731,42,150629
6353,5e-05,172.217.194.0-255,7156,11887,42,150629
6354,5.4e-05,172.31.46.0-255,66,11953,42,150629
6355,5.8e-05,172.217.194.0-255,2002,13955,42,150629
6356,6.2e-05,172.31.46.0-255,66,14021,42,150629
6357,0.00016,172.217.194.0-255,1484,15505,42,150629
6358,0.000163,172.31.46.0-255,66,15571,42,150629
6359,0.000169,172.217.194.0-255,2902,18473,42,150629
6360,0.000171,172.31.46.0-255,66,18539,42,150629
6361,0.000192,172.217.194.0-255,5738,24277,42,150629
6362,0.000195,172.31.46.0-255,66,24343,42,150629
6363,0.000225,172.217.194.0-255,5738,30081,42,150629
6364,0.000228,172.31.46.0-255,66,30147,42,150629
6365,0.00024,172.217.194.0-255,1125,31272,42,150629
6366,0.000242,172.31.46.0-255,66,31338,42,150629
6367,0.000254,172.217.194.0-255,1484,32822,42,150629
6368,0.000256,172.31.46.0-255,66,32888,42,150629
6369,0.000283,172.217.194.0-255,4320,37208,42,150629
6370,0.000285,172.31.46.0-255,66,37274,42,150629
6371,0.000292,172.217.194.0-255,5738,43012,42,150629
6372,0.000294,172.31.46.0-255,66,43078,42,150629
6373,0.000312,172.217.194.0-255,4320,47398,42,150629
6374,0.000315,172.31.46.0-255,66,47464,42,150629
6375,0.000318,172.217.194.0-255,1125,48589,42,150629
6376,0.00032,172.31.46.0-255,66,48655,42,150629
6377,0.000777,172.217.194.0-255,1484,50139,42,150629
6378,0.000782,172.31.46.0-255,66,50205,42,150629
6379,0.00079,172.217.194.0-255,2902,53107,42,150629
6380,0.000792,172.31.46.0-255,66,53173,42,150629
6381,0.000822,172.217.194.0-255,5738,58911,42,150629
6382,0.000825,172.31.46.0-255,66,58977,42,150629
6383,0.00087,172.31.46.0-255,66,59043,42,150629
6384,0.00092,172.31.46.0-255,66,59109,42,150629
6385,0.000942,172.217.194.0-255,5738,64847,42,150629
6386,0.000944,172.31.46.0-255,66,64913,42,150629
6387,0.00098,172.217.194.0-255,4320,69233,42,150629
6388,0.000983,172.31.46.0-255,66,69299,42,150629
6389,0.000995,172.31.46.0-255,66,69365,42,150629
6390,0.001018,172.217.194.0-255,5020,74385,42,150629
6391,0.001021,172.31.46.0-255,66,74451,42,150629
6392,0.001594,172.217.194.0-255,1484,75935,42,150629
6393,0.001602,172.217.194.0-255,2902,78837,42,150629
6394,0.001606,172.31.46.0-255,66,78903,42,150629
6395,0.001611,172.217.194.0-255,1484,80387,42,150629
6396,0.001634,172.217.194.0-255,4320,84707,42,150629
6397,0.001637,172.31.46.0-255,66,84773,42,150629
6398,0.00164,172.217.194.0-255,1484,86257,42,150629
6399,0.001655,172.217.194.0-255,1484,87741,42,150629
6400,0.001657,172.31.46.0-255,66,87807,42,150629
6401,0.001696,172.31.46.0-255,66,87873,42,150629
6402,0.001703,172.217.194.0-255,7156,95029,42,150629
6403,0.001705,172.31.46.0-255,66,95095,42,150629
6404,0.001747,172.31.46.0-255,66,95161,42,150629
6405,0.001777,172.31.46.0-255,66,95227,42,150629
6406,0.001862,172.217.194.0-255,1484,96711,42,150629
6407,0.001867,172.217.194.0-255,2902,99613,42,150629
6408,0.00187,172.31.46.0-255,66,99679,42,150629
6409,0.001892,172.217.194.0-255,5738,105417,42,150629
6410,0.001895,172.31.46.0-255,66,105483,42,150629
6411,0.001909,172.217.194.0-255,4320,109803,42,150629
6412,0.001911,172.31.46.0-255,66,109869,42,150629
6413,0.001938,172.31.46.0-255,66,109935,42,150629
6414,0.001951,172.31.46.0-255,66,110001,42,150629
6415,0.004218,172.217.194.0-255,5738,115739,42,150629
6416,0.004226,172.31.46.0-255,66,115805,42,150629
6417,0.006472,172.217.194.0-255,5738,121543,42,150629
6418,0.006479,172.31.46.0-255,66,121609,42,150629
6419,0.008738,172.217.194.0-255,5738,127347,42,150629
6420,0.008754,172.31.46.0-255,66,127413,42,150629
6421,0.011004,172.217.194.0-255,5738,133151,42,150629
6422,0.011019,172.31.46.0-255,66,133217,42,150629
6423,0.013277,172.217.194.0-255,5738,138955,42,150629
6424,0.013285,172.31.46.0-255,66,139021,42,150629
6425,0.015537,172.217.194.0-255,5738,144759,42,150629
6426,0.015544,172.31.46.0-255,66,144825,42,150629
6427,0.017804,172.217.194.0-255,5738,150563,42,150629
6428,0.017812,172.31.46.0-255,66,150629,42,150629
6429,0.0,216.58.203.0-255,152,152,42,175155
6430,1.5e-05,172.31.46.0-255,66,218,42,175155
6431,2.3e-05,216.58.203.0-255,1484,1702,42,175155
6432,2.8e-05,172.31.46.0-255,66,1768,42,175155
6433,4.4e-05,216.58.203.0-255,2902,4670,42,175155
6434,4.8e-05,172.31.46.0-255,66,4736,42,175155
6435,9.2e-05,216.58.203.0-255,2902,7638,42,175155
6436,9.5e-05,172.31.46.0-255,66,7704,42,175155
6437,0.000114,216.58.203.0-255,4320,12024,42,175155
6438,0.000117,172.31.46.0-255,66,12090,42,175155
6439,0.000121,216.58.203.0-255,1997,14087,42,175155
6440,0.000123,172.31.46.0-255,66,14153,42,175155
6441,0.000127,216.58.203.0-255,2902,17055,42,175155
6442,0.000129,172.31.46.0-255,66,17121,42,175155
6443,0.000133,216.58.203.0-255,1484,18605,42,175155
6444,0.000136,172.31.46.0-255,66,18671,42,175155
6445,0.000171,216.58.203.0-255,5738,24409,42,175155
6446,0.000173,172.31.46.0-255,66,24475,42,175155
6447,0.000178,216.58.203.0-255,4320,28795,42,175155
6448,0.00018,172.31.46.0-255,66,28861,42,175155
6449,0.000217,216.58.203.0-255,2543,31404,42,175155
6450,0.00022,172.31.46.0-255,66,31470,42,175155
6451,0.000223,216.58.203.0-255,1484,32954,42,175155
6452,0.000224,172.31.46.0-255,66,33020,42,175155
6453,0.000229,216.58.203.0-255,2902,35922,42,175155
6454,0.000236,172.31.46.0-255,66,35988,42,175155
6455,0.000243,216.58.203.0-255,5738,41726,42,175155
6456,0.000246,172.31.46.0-255,66,41792,42,175155
6457,0.000253,216.58.203.0-255,6797,48589,42,175155
6458,0.000255,172.31.46.0-255,66,48655,42,175155
6459,0.000618,216.58.203.0-255,1484,50139,42,175155
6460,0.000624,216.58.203.0-255,2902,53041,42,175155
6461,0.000634,172.31.46.0-255,66,53107,42,175155
6462,0.000638,172.31.46.0-255,66,53173,42,175155
6463,0.000645,216.58.203.0-255,5738,58911,42,175155
6464,0.000648,172.31.46.0-255,66,58977,42,175155
6465,0.000656,216.58.203.0-255,1484,60461,42,175155
6466,0.000691,216.58.203.0-255,4320,64781,42,175155
6467,0.000694,172.31.46.0-255,66,64847,42,175155
6468,0.000722,216.58.203.0-255,1706,66553,42,175155
6469,0.000725,172.31.46.0-255,66,66619,42,175155
6470,0.000958,216.58.203.0-255,1484,68103,42,175155
6471,0.000964,216.58.203.0-255,2902,71005,42,175155
6472,0.000968,172.31.46.0-255,66,71071,42,175155
6473,0.000997,216.58.203.0-255,5738,76809,42,175155
6474,0.001,172.31.46.0-255,66,76875,42,175155
6475,0.001027,216.58.203.0-255,4320,81195,42,175155
6476,0.00103,172.31.46.0-255,66,81261,42,175155
6477,0.001052,216.58.203.0-255,2543,83804,42,175155
6478,0.001054,172.31.46.0-255,66,83870,42,175155
6479,0.001062,216.58.203.0-255,7156,91026,42,175155
6480,0.001064,172.31.46.0-255,66,91092,42,175155
6481,0.001075,216.58.203.0-255,5738,96830,42,175155
6482,0.001078,172.31.46.0-255,66,96896,42,175155
6483,0.001122,216.58.203.0-255,3961,100857,42,175155
6484,0.001126,172.31.46.0-255,66,100923,42,175155
6485,0.001605,216.58.203.0-255,1484,102407,42,175155
6486,0.00161,216.58.203.0-255,1484,103891,42,175155
6487,0.001614,172.31.46.0-255,66,103957,42,175155
6488,0.001644,216.58.203.0-255,1484,105441,42,175155
6489,0.001651,216.58.203.0-255,5738,111179,42,175155
6490,0.001653,216.58.203.0-255,1484,112663,42,175155
6491,0.001657,172.31.46.0-255,66,112729,42,175155
6492,0.003273,216.58.203.0-255,4320,117049,42,175155
6493,0.003281,172.31.46.0-255,66,117115,42,175155
6494,0.004907,216.58.203.0-255,5738,122853,42,175155
6495,0.004911,172.31.46.0-255,66,122919,42,175155
6496,0.006533,216.58.203.0-255,5738,128657,42,175155
6497,0.006539,172.31.46.0-255,66,128723,42,175155
6498,0.00816,216.58.203.0-255,5738,134461,42,175155
6499,0.008168,172.31.46.0-255,66,134527,42,175155
6500,0.009803,216.58.203.0-255,5738,140265,42,175155
6501,0.00981,172.31.46.0-255,66,140331,42,175155
6502,0.011435,216.58.203.0-255,5738,146069,42,175155
6503,0.011444,172.31.46.0-255,66,146135,42,175155
6504,0.013069,216.58.203.0-255,5738,151873,42,175155
6505,0.013076,172.31.46.0-255,66,151939,42,175155
6506,0.014704,216.58.203.0-255,5738,157677,42,175155
6507,0.014711,172.31.46.0-255,66,157743,42,175155
6508,0.016336,216.58.203.0-255,5738,163481,42,175155
6509,0.016343,172.31.46.0-255,66,163547,42,175155
6510,0.017967,216.58.203.0-255,5738,169285,42,175155
6511,0.017974,172.31.46.0-255,66,169351,42,175155
6512,0.019594,216.58.203.0-255,5738,175089,42,175155
6513,0.0196,172.31.46.0-255,66,175155,42,175155
6514,0.0,74.125.68.0-255,146,146,42,263571
6515,1.8e-05,172.31.46.0-255,66,212,42,263571
6516,2.5e-05,74.125.68.0-255,1484,1696,42,263571
6517,3e-05,172.31.46.0-255,66,1762,42,263571
6518,3.4e-05,74.125.68.0-255,1484,3246,42,263571
6519,3.7e-05,172.31.46.0-255,66,3312,42,263571
6520,6.4e-05,74.125.68.0-255,1484,4796,42,263571
6521,6.7e-05,172.31.46.0-255,66,4862,42,263571
6522,7.2e-05,74.125.68.0-255,2902,7764,42,263571
6523,7.5e-05,172.31.46.0-255,66,7830,42,263571
6524,8.1e-05,74.125.68.0-255,4320,12150,42,263571
6525,8.3e-05,172.31.46.0-255,66,12216,42,263571
6526,0.000113,74.125.68.0-255,2082,14298,42,263571
6527,0.000115,172.31.46.0-255,66,14364,42,263571
6528,0.000152,74.125.68.0-255,1484,15848,42,263571
6529,0.000155,172.31.46.0-255,66,15914,42,263571
6530,0.000176,74.125.68.0-255,2902,18816,42,263571
6531,0.000179,172.31.46.0-255,66,18882,42,263571
6532,0.000183,74.125.68.0-255,2902,21784,42,263571
6533,0.000185,172.31.46.0-255,66,21850,42,263571
6534,0.0002,74.125.68.0-255,2902,24752,42,263571
6535,0.000203,172.31.46.0-255,66,24818,42,263571
6536,0.000209,74.125.68.0-255,5738,30556,42,263571
6537,0.000211,172.31.46.0-255,66,30622,42,263571
6538,0.000242,74.125.68.0-255,1125,31747,42,263571
6539,0.000245,172.31.46.0-255,66,31813,42,263571
6540,0.000274,74.125.68.0-255,1484,33297,42,263571
6541,0.000277,172.31.46.0-255,66,33363,42,263571
6542,0.00028,74.125.68.0-255,1484,34847,42,263571
6543,0.000282,172.31.46.0-255,66,34913,42,263571
6544,0.000299,74.125.68.0-255,2902,37815,42,263571
6545,0.000302,172.31.46.0-255,66,37881,42,263571
6546,0.000308,74.125.68.0-255,4320,42201,42,263571
6547,0.00031,172.31.46.0-255,66,42267,42,263571
6548,0.000315,74.125.68.0-255,2902,45169,42,263571
6549,0.000317,172.31.46.0-255,66,45235,42,263571
6550,0.000338,74.125.68.0-255,2902,48137,42,263571
6551,0.000341,172.31.46.0-255,66,48203,42,263571
6552,0.000344,74.125.68.0-255,1125,49328,42,263571
6553,0.000346,172.31.46.0-255,66,49394,42,263571
6554,0.000823,74.125.68.0-255,1484,50878,42,263571
6555,0.000827,172.31.46.0-255,66,50944,42,263571
6556,0.000854,74.125.68.0-255,1484,52428,42,263571
6557,0.000856,172.31.46.0-255,66,52494,42,263571
6558,0.000874,74.125.68.0-255,1484,53978,42,263571
6559,0.000877,172.31.46.0-255,66,54044,42,263571
6560,0.000884,74.125.68.0-255,5738,59782,42,263571
6561,0.000886,172.31.46.0-255,66,59848,42,263571
6562,0.000891,74.125.68.0-255,4320,64168,42,263571
6563,0.000894,172.31.46.0-255,66,64234,42,263571
6564,0.000914,74.125.68.0-255,2543,66777,42,263571
6565,0.000916,172.31.46.0-255,66,66843,42,263571
6566,0.000958,74.125.68.0-255,1484,68327,42,263571
6567,0.00096,172.31.46.0-255,66,68393,42,263571
6568,0.000964,74.125.68.0-255,1484,69877,42,263571
6569,0.000966,172.31.46.0-255,66,69943,42,263571
6570,0.00098,74.125.68.0-255,1484,71427,42,263571
6571,0.000982,172.31.46.0-255,66,71493,42,263571
6572,0.000995,74.125.68.0-255,2902,74395,42,263571
6573,0.000998,172.31.46.0-255,66,74461,42,263571
6574,0.00102,74.125.68.0-255,2902,77363,42,263571
6575,0.001023,172.31.46.0-255,66,77429,42,263571
6576,0.001026,74.125.68.0-255,2902,80331,42,263571
6577,0.001029,172.31.46.0-255,66,80397,42,263571
6578,0.001081,74.125.68.0-255,2902,83299,42,263571
6579,0.001083,172.31.46.0-255,66,83365,42,263571
6580,0.001101,74.125.68.0-255,1705,85070,42,263571
6581,0.001104,172.31.46.0-255,66,85136,42,263571
6582,0.001327,74.125.68.0-255,1484,86620,42,263571
6583,0.001329,172.31.46.0-255,66,86686,42,263571
6584,0.001342,74.125.68.0-255,2902,89588,42,263571
6585,0.001345,172.31.46.0-255,66,89654,42,263571
6586,0.001348,74.125.68.0-255,1484,91138,42,263571
6587,0.00135,172.31.46.0-255,66,91204,42,263571
6588,0.001376,74.125.68.0-255,4320,95524,42,263571
6589,0.001379,172.31.46.0-255,66,95590,42,263571
6590,0.001385,74.125.68.0-255,5738,101328,42,263571
6591,0.001387,172.31.46.0-255,66,101394,42,263571
6592,0.001393,74.125.68.0-255,5738,107132,42,263571
6593,0.001396,172.31.46.0-255,66,107198,42,263571
6594,0.001415,74.125.68.0-255,1484,108682,42,263571
6595,0.001417,172.31.46.0-255,66,108748,42,263571
6596,0.001422,74.125.68.0-255,2902,111650,42,263571
6597,0.001424,172.31.46.0-255,66,111716,42,263571
6598,0.001446,172.31.46.0-255,66,111782,42,263571
6599,0.001483,74.125.68.0-255,1484,113266,42,263571
6600,0.001486,172.31.46.0-255,66,113332,42,263571
6601,0.001491,74.125.68.0-255,2902,116234,42,263571
6602,0.001494,172.31.46.0-255,66,116300,42,263571
6603,0.001518,74.125.68.0-255,5738,122038,42,263571
6604,0.001521,172.31.46.0-255,66,122104,42,263571
6605,0.001525,74.125.68.0-255,2902,125006,42,263571
6606,0.001527,172.31.46.0-255,66,125072,42,263571
6607,0.001574,74.125.68.0-255,3961,129033,42,263571
6608,0.001577,172.31.46.0-255,66,129099,42,263571
6609,0.001597,74.125.68.0-255,4320,133419,42,263571
6610,0.0016,172.31.46.0-255,66,133485,42,263571
6611,0.001613,74.125.68.0-255,2902,136387,42,263571
6612,0.001616,172.31.46.0-255,66,136453,42,263571
6613,0.001639,74.125.68.0-255,7156,143609,42,263571
6614,0.001642,172.31.46.0-255,66,143675,42,263571
6615,0.001646,74.125.68.0-255,4320,147995,42,263571
6616,0.001649,172.31.46.0-255,66,148061,42,263571
6617,0.001688,74.125.68.0-255,2902,150963,42,263571
6618,0.00169,172.31.46.0-255,66,151029,42,263571
6619,0.001721,172.31.46.0-255,66,151095,42,263571
6620,0.001775,74.125.68.0-255,1484,152579,42,263571
6621,0.001778,172.31.46.0-255,66,152645,42,263571
6622,0.001793,74.125.68.0-255,2902,155547,42,263571
6623,0.001796,172.31.46.0-255,66,155613,42,263571
6624,0.00181,74.125.68.0-255,5738,161351,42,263571
6625,0.001814,172.31.46.0-255,66,161417,42,263571
6626,0.001845,74.125.68.0-255,5738,167155,42,263571
6627,0.001848,172.31.46.0-255,66,167221,42,263571
6628,0.001868,74.125.68.0-255,4320,171541,42,263571
6629,0.001871,172.31.46.0-255,66,171607,42,263571
6630,0.001882,172.31.46.0-255,66,171673,42,263571
6631,0.001907,74.125.68.0-255,2902,174575,42,263571
6632,0.001909,172.31.46.0-255,66,174641,42,263571
6633,0.001913,74.125.68.0-255,2184,176825,42,263571
6634,0.001916,172.31.46.0-255,66,176891,42,263571
6635,0.001953,74.125.68.0-255,1484,178375,42,263571
6636,0.001955,172.31.46.0-255,66,178441,42,263571
6637,0.001971,74.125.68.0-255,2902,181343,42,263571
6638,0.001974,172.31.46.0-255,66,181409,42,263571
6639,0.002004,74.125.68.0-255,5738,187147,42,263571
6640,0.002007,172.31.46.0-255,66,187213,42,263571
6641,0.002016,74.125.68.0-255,7156,194369,42,263571
6642,0.002018,172.31.46.0-255,66,194435,42,263571
6643,0.002052,172.31.46.0-255,66,194501,42,263571
6644,0.002072,74.125.68.0-255,1484,195985,42,263571
6645,0.002074,172.31.46.0-255,66,196051,42,263571
6646,0.002128,74.125.68.0-255,2902,198953,42,263571
6647,0.002131,172.31.46.0-255,66,199019,42,263571
6648,0.002149,74.125.68.0-255,2184,201203,42,263571
6649,0.002152,172.31.46.0-255,66,201269,42,263571
6650,0.002225,74.125.68.0-255,1484,202753,42,263571
6651,0.002227,172.31.46.0-255,66,202819,42,263571
6652,0.002241,74.125.68.0-255,2902,205721,42,263571
6653,0.002244,172.31.46.0-255,66,205787,42,263571
6654,0.002247,74.125.68.0-255,1484,207271,42,263571
6655,0.002249,172.31.46.0-255,66,207337,42,263571
6656,0.002273,74.125.68.0-255,4320,211657,42,263571
6657,0.002277,172.31.46.0-255,66,211723,42,263571
6658,0.002319,172.31.46.0-255,66,211789,42,263571
6659,0.002324,74.125.68.0-255,4320,216109,42,263571
6660,0.002327,172.31.46.0-255,66,216175,42,263571
6661,0.002343,74.125.68.0-255,1484,217659,42,263571
6662,0.002345,172.31.46.0-255,66,217725,42,263571
6663,0.002366,74.125.68.0-255,5020,222745,42,263571
6664,0.002369,172.31.46.0-255,66,222811,42,263571
6665,0.004719,74.125.68.0-255,5738,228549,42,263571
6666,0.004741,172.31.46.0-255,66,228615,42,263571
6667,0.007105,74.125.68.0-255,5738,234353,42,263571
6668,0.007119,172.31.46.0-255,66,234419,42,263571
6669,0.009463,74.125.68.0-255,4320,238739,42,263571
6670,0.009469,172.31.46.0-255,66,238805,42,263571
6671,0.009487,74.125.68.0-255,1484,240289,42,263571
6672,0.00949,172.31.46.0-255,66,240355,42,263571
6673,0.011833,74.125.68.0-255,5738,246093,42,263571
6674,0.011841,172.31.46.0-255,66,246159,42,263571
6675,0.014202,74.125.68.0-255,5738,251897,42,263571
6676,0.014217,172.31.46.0-255,66,251963,42,263571
6677,0.016591,74.125.68.0-255,5738,257701,42,263571
6678,0.016607,172.31.46.0-255,66,257767,42,263571
6679,0.018971,74.125.68.0-255,5738,263505,42,263571
6680,0.018986,172.31.46.0-255,66,263571,42,263571
6681,0.0,74.125.130.0-255,226,226,42,209068
6682,1.3e-05,172.31.46.0-255,66,292,42,209068
6683,3.9e-05,74.125.130.0-255,1484,1776,42,209068
6684,4.2e-05,172.31.46.0-255,66,1842,42,209068
6685,6.7e-05,74.125.130.0-255,2902,4744,42,209068
6686,7e-05,172.31.46.0-255,66,4810,42,209068
6687,7.3e-05,74.125.130.0-255,1484,6294,42,209068
6688,7.5e-05,172.31.46.0-255,66,6360,42,209068
6689,9e-05,74.125.130.0-255,2902,9262,42,209068
6690,9.3e-05,172.31.46.0-255,66,9328,42,209068
6691,0.000131,74.125.130.0-255,4890,14218,42,209068
6692,0.000133,172.31.46.0-255,66,14284,42,209068
6693,0.000196,74.125.130.0-255,1484,15768,42,209068
6694,0.000199,172.31.46.0-255,66,15834,42,209068
6695,0.000204,74.125.130.0-255,2902,18736,42,209068
6696,0.000205,172.31.46.0-255,66,18802,42,209068
6697,0.000219,74.125.130.0-255,2902,21704,42,209068
6698,0.000221,172.31.46.0-255,66,21770,42,209068
6699,0.000243,74.125.130.0-255,4320,26090,42,209068
6700,0.000245,172.31.46.0-255,66,26156,42,209068
6701,0.000284,74.125.130.0-255,2902,29058,42,209068
6702,0.000287,172.31.46.0-255,66,29124,42,209068
6703,0.000301,74.125.130.0-255,2543,31667,42,209068
6704,0.000303,172.31.46.0-255,66,31733,42,209068
6705,0.000309,74.125.130.0-255,5738,37471,42,209068
6706,0.000311,172.31.46.0-255,66,37537,42,209068
6707,0.000346,172.31.46.0-255,66,37603,42,209068
6708,0.000369,74.125.130.0-255,1125,38728,42,209068
6709,0.000371,172.31.46.0-255,66,38794,42,209068
6710,0.00083,74.125.130.0-255,1484,40278,42,209068
6711,0.000836,172.31.46.0-255,66,40344,42,209068
6712,0.000841,74.125.130.0-255,2902,43246,42,209068
6713,0.000844,172.31.46.0-255,66,43312,42,209068
6714,0.000897,74.125.130.0-255,4320,47632,42,209068
6715,0.0009,172.31.46.0-255,66,47698,42,209068
6716,0.000912,74.125.130.0-255,1484,49182,42,209068
6717,0.000957,74.125.130.0-255,5738,54920,42,209068
6718,0.00096,172.31.46.0-255,66,54986,42,209068
6719,0.000979,74.125.130.0-255,1125,56111,42,209068
6720,0.000997,74.125.130.0-255,1484,57595,42,209068
6721,0.001,172.31.46.0-255,66,57661,42,209068
6722,0.001005,74.125.130.0-255,2902,60563,42,209068
6723,0.001007,172.31.46.0-255,66,60629,42,209068
6724,0.001018,74.125.130.0-255,1484,62113,42,209068
6725,0.001033,74.125.130.0-255,5738,67851,42,209068
6726,0.001035,172.31.46.0-255,66,67917,42,209068
6727,0.001057,74.125.130.0-255,7156,75073,42,209068
6728,0.00106,172.31.46.0-255,66,75139,42,209068
6729,0.001081,74.125.130.0-255,1484,76623,42,209068
6730,0.001112,172.31.46.0-255,66,76689,42,209068
6731,0.001162,74.125.130.0-255,2184,78873,42,209068
6732,0.001164,172.31.46.0-255,66,78939,42,209068
6733,0.001192,74.125.130.0-255,3482,82421,42,209068
6734,0.001196,172.31.46.0-255,66,82487,42,209068
6735,0.001232,74.125.130.0-255,4320,86807,42,209068
6736,0.001235,172.31.46.0-255,66,86873,42,209068
6737,0.00126,74.125.130.0-255,1484,88357,42,209068
6738,0.001283,74.125.130.0-255,4320,92677,42,209068
6739,0.001287,172.31.46.0-255,66,92743,42,209068
6740,0.001291,74.125.130.0-255,1484,94227,42,209068
6741,0.001304,74.125.130.0-255,1879,96106,42,209068
6742,0.001307,172.31.46.0-255,66,96172,42,209068
6743,0.001398,74.125.130.0-255,1484,97656,42,209068
6744,0.001418,74.125.130.0-255,2902,100558,42,209068
6745,0.001422,172.31.46.0-255,66,100624,42,209068
6746,0.001442,74.125.130.0-255,5738,106362,42,209068
6747,0.001444,172.31.46.0-255,66,106428,42,209068
6748,0.001447,74.125.130.0-255,1484,107912,42,209068
6749,0.001452,74.125.130.0-255,2902,110814,42,209068
6750,0.001454,172.31.46.0-255,66,110880,42,209068
6751,0.001494,74.125.130.0-255,2902,113782,42,209068
6752,0.001497,172.31.46.0-255,66,113848,42,209068
6753,0.001522,74.125.130.0-255,1820,115668,42,209068
6754,0.001525,172.31.46.0-255,66,115734,42,209068
6755,0.001531,74.125.130.0-255,5738,121472,42,209068
6756,0.001534,172.31.46.0-255,66,121538,42,209068
6757,0.001536,74.125.130.0-255,1484,123022,42,209068
6758,0.001573,74.125.130.0-255,2902,125924,42,209068
6759,0.001576,172.31.46.0-255,66,125990,42,209068
6760,0.001589,74.125.130.0-255,1484,127474,42,209068
6761,0.00161,74.125.130.0-255,2902,130376,42,209068
6762,0.001613,172.31.46.0-255,66,130442,42,209068
6763,0.001634,74.125.130.0-255,5738,136180,42,209068
6764,0.001637,172.31.46.0-255,66,136246,42,209068
6765,0.001641,74.125.130.0-255,2902,139148,42,209068
6766,0.001643,172.31.46.0-255,66,139214,42,209068
6767,0.001648,74.125.130.0-255,4320,143534,42,209068
6768,0.001651,172.31.46.0-255,66,143600,42,209068
6769,0.001694,74.125.130.0-255,4320,147920,42,209068
6770,0.001697,172.31.46.0-255,66,147986,42,209068
6771,0.001714,74.125.130.0-255,766,148752,42,209068
6772,0.00192,74.125.130.0-255,1484,150236,42,209068
6773,0.001925,172.31.46.0-255,66,150302,42,209068
6774,0.001931,74.125.130.0-255,2902,153204,42,209068
6775,0.001933,172.31.46.0-255,66,153270,42,209068
6776,0.001956,74.125.130.0-255,1484,154754,42,209068
6777,0.001985,74.125.130.0-255,2902,157656,42,209068
6778,0.001988,172.31.46.0-255,66,157722,42,209068
6779,0.00389,74.125.130.0-255,1484,159206,42,209068
6780,0.003937,74.125.130.0-255,1484,160690,42,209068
6781,0.00394,172.31.46.0-255,66,160756,42,209068
6782,0.00396,74.125.130.0-255,2902,163658,42,209068
6783,0.003962,172.31.46.0-255,66,163724,42,209068
6784,0.005893,74.125.130.0-255,2902,166626,42,209068
6785,0.005896,172.31.46.0-255,66,166692,42,209068
6786,0.005917,74.125.130.0-255,2902,169594,42,209068
6787,0.005919,172.31.46.0-255,66,169660,42,209068
6788,0.007846,74.125.130.0-255,2902,172562,42,209068
6789,0.007852,172.31.46.0-255,66,172628,42,209068
6790,0.007875,74.125.130.0-255,2902,175530,42,209068
6791,0.007877,172.31.46.0-255,66,175596,42,209068
6792,0.009813,74.125.130.0-255,4320,179916,42,209068
6793,0.009819,172.31.46.0-255,66,179982,42,209068
6794,0.009837,74.125.130.0-255,1484,181466,42,209068
6795,0.011777,74.125.130.0-255,4320,185786,42,209068
6796,0.011785,172.31.46.0-255,66,185852,42,209068
6797,0.013751,74.125.130.0-255,5738,191590,42,209068
6798,0.013759,172.31.46.0-255,66,191656,42,209068
6799,0.015718,74.125.130.0-255,5738,197394,42,209068
6800,0.015725,172.31.46.0-255,66,197460,42,209068
6801,0.017691,74.125.130.0-255,5738,203198,42,209068
6802,0.017699,172.31.46.0-255,66,203264,42,209068
6803,0.019684,74.125.130.0-255,5738,209002,42,209068
6804,0.01969,172.31.46.0-255,66,209068,42,209068
6805,0.0,74.125.24.0-255,152,152,42,223160
6806,2.5e-05,172.31.46.0-255,66,218,42,223160
6807,3.3e-05,74.125.24.0-255,1484,1702,42,223160
6808,3.8e-05,172.31.46.0-255,66,1768,42,223160
6809,4.4e-05,74.125.24.0-255,2902,4670,42,223160
6810,4.8e-05,172.31.46.0-255,66,4736,42,223160
6811,5.7e-05,74.125.24.0-255,7156,11892,42,223160
6812,6e-05,172.31.46.0-255,66,11958,42,223160
6813,6.5e-05,74.125.24.0-255,1941,13899,42,223160
6814,6.8e-05,172.31.46.0-255,66,13965,42,223160
6815,0.000229,74.125.24.0-255,1484,15449,42,223160
6816,0.000234,172.31.46.0-255,66,15515,42,223160
6817,0.00024,74.125.24.0-255,2902,18417,42,223160
6818,0.000244,172.31.46.0-255,66,18483,42,223160
6819,0.000266,74.125.24.0-255,5738,24221,42,223160
6820,0.000269,172.31.46.0-255,66,24287,42,223160
6821,0.000296,74.125.24.0-255,6797,31084,42,223160
6822,0.000299,172.31.46.0-255,66,31150,42,223160
6823,0.000661,74.125.24.0-255,1484,32634,42,223160
6824,0.000666,172.31.46.0-255,66,32700,42,223160
6825,0.000672,74.125.24.0-255,2902,35602,42,223160
6826,0.000674,172.31.46.0-255,66,35668,42,223160
6827,0.000681,74.125.24.0-255,5738,41406,42,223160
6828,0.000683,172.31.46.0-255,66,41472,42,223160
6829,0.00072,74.125.24.0-255,4320,45792,42,223160
6830,0.000722,172.31.46.0-255,66,45858,42,223160
6831,0.000751,172.31.46.0-255,66,45924,42,223160
6832,0.000772,74.125.24.0-255,7156,53080,42,223160
6833,0.000776,172.31.46.0-255,66,53146,42,223160
6834,0.000801,74.125.24.0-255,3961,57107,42,223160
6835,0.000804,172.31.46.0-255,66,57173,42,223160
6836,0.000905,74.125.24.0-255,646,57819,42,223160
6837,0.001046,74.125.24.0-255,1484,59303,42,223160
6838,0.00105,172.31.46.0-255,66,59369,42,223160
6839,0.001056,74.125.24.0-255,2902,62271,42,223160
6840,0.001072,74.125.24.0-255,5738,68009,42,223160
6841,0.001074,74.125.24.0-255,1484,69493,42,223160
6842,0.00109,74.125.24.0-255,5379,74872,42,223160
6843,0.001097,172.31.46.0-255,66,74938,42,223160
6844,0.001135,74.125.24.0-255,2543,77481,42,223160
6845,0.001173,172.31.46.0-255,66,77547,42,223160
6846,0.001943,74.125.24.0-255,1484,79031,42,223160
6847,0.001955,74.125.24.0-255,2902,81933,42,223160
6848,0.001961,172.31.46.0-255,66,81999,42,223160
6849,0.001969,74.125.24.0-255,5738,87737,42,223160
6850,0.001974,74.125.24.0-255,4320,92057,42,223160
6851,0.002006,74.125.24.0-255,1484,93541,42,223160
6852,0.002046,74.125.24.0-255,4320,97861,42,223160
6853,0.002064,74.125.24.0-255,5020,102881,42,223160
6854,0.002342,74.125.24.0-255,1484,104365,42,223160
6855,0.00236,74.125.24.0-255,2902,107267,42,223160
6856,0.002377,74.125.24.0-255,2902,110169,42,223160
6857,0.002399,74.125.24.0-255,2902,113071,42,223160
6858,0.002405,74.125.24.0-255,5738,118809,42,223160
6859,0.002436,74.125.24.0-255,5020,123829,42,223160
6860,0.002653,74.125.24.0-255,1484,125313,42,223160
6861,0.002665,74.125.24.0-255,1484,126797,42,223160
6862,0.002693,74.125.24.0-255,1484,128281,42,223160
6863,0.0027,74.125.24.0-255,5738,134019,42,223160
6864,0.002707,74.125.24.0-255,5738,139757,42,223160
6865,0.002715,74.125.24.0-255,7156,146913,42,223160
6866,0.002736,74.125.24.0-255,5738,152651,42,223160
6867,0.002742,74.125.24.0-255,5020,157671,42,223160
6868,0.003443,74.125.24.0-255,1484,159155,42,223160
6869,0.00346,74.125.24.0-255,2902,162057,42,223160
6870,0.003465,74.125.24.0-255,4320,166377,42,223160
6871,0.00348,74.125.24.0-255,1484,167861,42,223160
6872,0.003484,74.125.24.0-255,2902,170763,42,223160
6873,0.003519,74.125.24.0-255,7156,177919,42,223160
6874,0.003528,74.125.24.0-255,1484,179403,42,223160
6875,0.003546,74.125.24.0-255,6438,185841,42,223160
6876,0.003563,74.125.24.0-255,2902,188743,42,223160
6877,0.0036,74.125.24.0-255,1484,190227,42,223160
6878,0.003665,74.125.24.0-255,1484,191711,42,223160
6879,0.003677,74.125.24.0-255,2902,194613,42,223160
6880,0.003698,74.125.24.0-255,5738,200351,42,223160
6881,0.003757,74.125.24.0-255,5738,206089,42,223160
6882,0.003784,74.125.24.0-255,4320,210409,42,223160
6883,0.003841,74.125.24.0-255,1484,211893,42,223160
6884,0.003905,74.125.24.0-255,5020,216913,42,223160
6885,0.00393,74.125.24.0-255,5738,222651,42,223160
6886,0.003989,74.125.24.0-255,105,222756,42,223160
6887,0.004269,172.31.46.0-255,66,222822,42,223160
6888,0.005513,172.31.46.0-255,101,222923,42,223160
6889,0.006778,172.31.46.0-255,105,223028,42,223160
6890,0.007753,74.125.24.0-255,66,223094,42,223160
6891,0.00902,74.125.24.0-255,66,223160,42,223160
6892,0.0,74.125.200.0-255,151,151,42,221097
6893,2.4e-05,172.31.46.0-255,66,217,42,221097
6894,3e-05,74.125.200.0-255,1484,1701,42,221097
6895,3.5e-05,172.31.46.0-255,66,1767,42,221097
6896,4.2e-05,74.125.200.0-255,2902,4669,42,221097
6897,4.6e-05,172.31.46.0-255,66,4735,42,221097
6898,5.3e-05,74.125.200.0-255,5738,10473,42,221097
6899,5.6e-05,172.31.46.0-255,66,10539,42,221097
6900,8.3e-05,74.125.200.0-255,3422,13961,42,221097
6901,8.6e-05,172.31.46.0-255,66,14027,42,221097
6902,0.000119,74.125.200.0-255,4320,18347,42,221097
6903,0.000123,172.31.46.0-255,66,18413,42,221097
6904,0.000142,74.125.200.0-255,5738,24151,42,221097
6905,0.000145,172.31.46.0-255,66,24217,42,221097
6906,0.00018,74.125.200.0-255,5738,29955,42,221097
6907,0.000182,172.31.46.0-255,66,30021,42,221097
6908,0.0002,74.125.200.0-255,1125,31146,42,221097
6909,0.000203,172.31.46.0-255,66,31212,42,221097
6910,0.000331,74.125.200.0-255,1484,32696,42,221097
6911,0.000336,172.31.46.0-255,66,32762,42,221097
6912,0.000342,74.125.200.0-255,2902,35664,42,221097
6913,0.000345,172.31.46.0-255,66,35730,42,221097
6914,0.000372,74.125.200.0-255,4320,40050,42,221097
6915,0.000375,172.31.46.0-255,66,40116,42,221097
6916,0.000394,74.125.200.0-255,1484,41600,42,221097
6917,0.000396,172.31.46.0-255,66,41666,42,221097
6918,0.000401,74.125.200.0-255,2902,44568,42,221097
6919,0.000403,172.31.46.0-255,66,44634,42,221097
6920,0.00045,74.125.200.0-255,3961,48595,42,221097
6921,0.000453,172.31.46.0-255,66,48661,42,221097
6922,0.000509,74.125.200.0-255,1484,50145,42,221097
6923,0.000512,172.31.46.0-255,66,50211,42,221097
6924,0.000526,74.125.200.0-255,1484,51695,42,221097
6925,0.000537,74.125.200.0-255,1484,53179,42,221097
6926,0.000552,74.125.200.0-255,4320,57499,42,221097
6927,0.000571,74.125.200.0-255,1484,58983,42,221097
6928,0.000604,172.31.46.0-255,66,59049,42,221097
6929,0.000637,74.125.200.0-255,1484,60533,42,221097
6930,0.000642,74.125.200.0-255,2902,63435,42,221097
6931,0.000679,172.31.46.0-255,66,63501,42,221097
6932,0.000691,74.125.200.0-255,5738,69239,42,221097
6933,0.000696,74.125.200.0-255,4320,73559,42,221097
6934,0.000702,172.31.46.0-255,66,73625,42,221097
6935,0.000734,74.125.200.0-255,2543,76168,42,221097
6936,0.00074,172.31.46.0-255,66,76234,42,221097
6937,0.000762,74.125.200.0-255,2902,79136,42,221097
6938,0.000783,172.31.46.0-255,66,79202,42,221097
6939,0.00079,74.125.200.0-255,5738,84940,42,221097
6940,0.000799,172.31.46.0-255,66,85006,42,221097
6941,0.000803,74.125.200.0-255,1484,86490,42,221097
6942,0.000842,74.125.200.0-255,6797,93287,42,221097
6943,0.000848,172.31.46.0-255,66,93353,42,221097
6944,0.001025,74.125.200.0-255,1484,94837,42,221097
6945,0.00104,74.125.200.0-255,2902,97739,42,221097
6946,0.001043,74.125.200.0-255,1484,99223,42,221097
6947,0.001056,74.125.200.0-255,2902,102125,42,221097
6948,0.001094,172.31.46.0-255,66,102191,42,221097
6949,0.001114,74.125.200.0-255,4320,106511,42,221097
6950,0.001123,172.31.46.0-255,66,106577,42,221097
6951,0.001134,74.125.200.0-255,4320,110897,42,221097
6952,0.001156,172.31.46.0-255,66,110963,42,221097
6953,0.001173,74.125.200.0-255,2902,113865,42,221097
6954,0.001189,74.125.200.0-255,5020,118885,42,221097
6955,0.001199,172.31.46.0-255,66,118951,42,221097
6956,0.001492,74.125.200.0-255,1484,120435,42,221097
6957,0.001508,74.125.200.0-255,2902,123337,42,221097
6958,0.001514,172.31.46.0-255,66,123403,42,221097
6959,0.001524,74.125.200.0-255,4320,127723,42,221097
6960,0.001536,74.125.200.0-255,1484,129207,42,221097
6961,0.001551,74.125.200.0-255,5738,134945,42,221097
6962,0.001571,74.125.200.0-255,4320,139265,42,221097
6963,0.001581,172.31.46.0-255,66,139331,42,221097
6964,0.001623,172.31.46.0-255,66,139397,42,221097
6965,0.001642,74.125.200.0-255,2902,142299,42,221097
6966,0.001662,172.31.46.0-255,66,142365,42,221097
6967,0.00168,74.125.200.0-255,2184,144549,42,221097
6968,0.001699,172.31.46.0-255,66,144615,42,221097
6969,0.001704,74.125.200.0-255,2902,147517,42,221097
6970,0.001713,172.31.46.0-255,66,147583,42,221097
6971,0.001719,74.125.200.0-255,4320,151903,42,221097
6972,0.001735,74.125.200.0-255,2902,154805,42,221097
6973,0.001743,172.31.46.0-255,66,154871,42,221097
6974,0.001765,74.125.200.0-255,7156,162027,42,221097
6975,0.001774,172.31.46.0-255,66,162093,42,221097
6976,0.001785,74.125.200.0-255,2902,164995,42,221097
6977,0.001799,172.31.46.0-255,66,165061,42,221097
6978,0.001816,74.125.200.0-255,1484,166545,42,221097
6979,0.00186,172.31.46.0-255,66,166611,42,221097
6980,0.001906,74.125.200.0-255,7156,173767,42,221097
6981,0.001932,74.125.200.0-255,7156,180923,42,221097
6982,0.001936,172.31.46.0-255,66,180989,42,221097
6983,0.001941,172.31.46.0-255,66,181055,42,221097
6984,0.001992,74.125.200.0-255,2902,183957,42,221097
6985,0.002007,172.31.46.0-255,66,184023,42,221097
6986,0.002017,74.125.200.0-255,4320,188343,42,221097
6987,0.002021,172.31.46.0-255,66,188409,42,221097
6988,0.002048,74.125.200.0-255,3602,192011,42,221097
6989,0.002061,172.31.46.0-255,66,192077,42,221097
6990,0.004291,74.125.200.0-255,5738,197815,42,221097
6991,0.004302,172.31.46.0-255,66,197881,42,221097
6992,0.006521,74.125.200.0-255,5738,203619,42,221097
6993,0.011741,172.31.46.0-255,66,203685,42,221097
6994,0.014035,74.125.200.0-255,5738,209423,42,221097
6995,0.014053,172.31.46.0-255,66,209489,42,221097
6996,0.016301,74.125.200.0-255,5738,215227,42,221097
6997,0.01632,172.31.46.0-255,66,215293,42,221097
6998,0.018563,74.125.200.0-255,5738,221031,42,221097
6999,0.018586,172.31.46.0-255,66,221097,42,221097
7000,0.0,74.125.130.0-255,150,150,42,130580
7001,2.3e-05,172.31.46.0-255,66,216,42,130580
7002,3e-05,74.125.130.0-255,1484,1700,42,130580
7003,3.6e-05,172.31.46.0-255,66,1766,42,130580
7004,4.9e-05,74.125.130.0-255,2902,4668,42,130580
7005,5.3e-05,172.31.46.0-255,66,4734,42,130580
7006,5.6e-05,74.125.130.0-255,1484,6218,42,130580
7007,6e-05,172.31.46.0-255,66,6284,42,130580
7008,6.6e-05,74.125.130.0-255,2902,9186,42,130580
7009,6.9e-05,172.31.46.0-255,66,9252,42,130580
7010,9.8e-05,74.125.130.0-255,6228,15480,42,130580
7011,0.000102,172.31.46.0-255,66,15546,42,130580
7012,0.000132,74.125.130.0-255,7156,22702,42,130580
7013,0.000135,172.31.46.0-255,66,22768,42,130580
7014,0.00014,74.125.130.0-255,2902,25670,42,130580
7015,0.000142,172.31.46.0-255,66,25736,42,130580
7016,0.000146,74.125.130.0-255,2902,28638,42,130580
7017,0.000148,172.31.46.0-255,66,28704,42,130580
7018,0.000176,74.125.130.0-255,1484,30188,42,130580
7019,0.00018,172.31.46.0-255,66,30254,42,130580
7020,0.000183,74.125.130.0-255,1125,31379,42,130580
7021,0.000185,172.31.46.0-255,66,31445,42,130580
7022,0.000427,74.125.130.0-255,1484,32929,42,130580
7023,0.000433,172.31.46.0-255,66,32995,42,130580
7024,0.000439,74.125.130.0-255,2902,35897,42,130580
7025,0.000442,172.31.46.0-255,66,35963,42,130580
7026,0.00049,74.125.130.0-255,4320,40283,42,130580
7027,0.000494,172.31.46.0-255,66,40349,42,130580
7028,0.000528,172.31.46.0-255,66,40415,42,130580
7029,0.00093,74.125.130.0-255,1484,41899,42,130580
7030,0.000935,172.31.46.0-255,66,41965,42,130580
7031,0.000957,74.125.130.0-255,2902,44867,42,130580
7032,0.000959,172.31.46.0-255,66,44933,42,130580
7033,0.000965,74.125.130.0-255,2902,47835,42,130580
7034,0.000967,172.31.46.0-255,66,47901,42,130580
7035,0.000973,74.125.130.0-255,4320,52221,42,130580
7036,0.000975,172.31.46.0-255,66,52287,42,130580
7037,0.001023,172.31.46.0-255,66,52353,42,130580
7038,0.001028,74.125.130.0-255,2902,55255,42,130580
7039,0.00103,172.31.46.0-255,66,55321,42,130580
7040,0.001047,74.125.130.0-255,1484,56805,42,130580
7041,0.001083,172.31.46.0-255,66,56871,42,130580
7042,0.001298,74.125.130.0-255,1484,58355,42,130580
7043,0.001306,74.125.130.0-255,2902,61257,42,130580
7044,0.001309,172.31.46.0-255,66,61323,42,130580
7045,0.001338,74.125.130.0-255,5738,67061,42,130580
7046,0.001341,172.31.46.0-255,66,67127,42,130580
7047,0.001365,74.125.130.0-255,1484,68611,42,130580
7048,0.001389,74.125.130.0-255,5379,73990,42,130580
7049,0.001392,172.31.46.0-255,66,74056,42,130580
7050,0.001996,74.125.130.0-255,1484,75540,42,130580
7051,0.002006,74.125.130.0-255,1484,77024,42,130580
7052,0.002011,172.31.46.0-255,66,77090,42,130580
7053,0.003379,74.125.130.0-255,2902,79992,42,130580
7054,0.003385,172.31.46.0-255,66,80058,42,130580
7055,0.003995,74.125.130.0-255,2902,82960,42,130580
7056,0.003998,172.31.46.0-255,66,83026,42,130580
7057,0.005376,74.125.130.0-255,2902,85928,42,130580
7058,0.00538,172.31.46.0-255,66,85994,42,130580
7059,0.005984,74.125.130.0-255,2902,88896,42,130580
7060,0.005987,172.31.46.0-255,66,88962,42,130580
7061,0.007366,74.125.130.0-255,2902,91864,42,130580
7062,0.007373,172.31.46.0-255,66,91930,42,130580
7063,0.007973,74.125.130.0-255,2902,94832,42,130580
7064,0.00798,172.31.46.0-255,66,94898,42,130580
7065,0.009365,74.125.130.0-255,2902,97800,42,130580
7066,0.009372,172.31.46.0-255,66,97866,42,130580
7067,0.009967,74.125.130.0-255,2902,100768,42,130580
7068,0.009975,172.31.46.0-255,66,100834,42,130580
7069,0.011364,74.125.130.0-255,2902,103736,42,130580
7070,0.011372,172.31.46.0-255,66,103802,42,130580
7071,0.011969,74.125.130.0-255,2902,106704,42,130580
7072,0.011977,172.31.46.0-255,66,106770,42,130580
7073,0.013382,74.125.130.0-255,2902,109672,42,130580
7074,0.013389,172.31.46.0-255,66,109738,42,130580
7075,0.01398,74.125.130.0-255,2902,112640,42,130580
7076,0.013988,172.31.46.0-255,66,112706,42,130580
7077,0.015385,74.125.130.0-255,2902,115608,42,130580
7078,0.015394,172.31.46.0-255,66,115674,42,130580
7079,0.01598,74.125.130.0-255,2902,118576,42,130580
7080,0.015986,172.31.46.0-255,66,118642,42,130580
7081,0.017373,74.125.130.0-255,1484,120126,42,130580
7082,0.017393,74.125.130.0-255,1484,121610,42,130580
7083,0.017399,172.31.46.0-255,66,121676,42,130580
7084,0.017994,74.125.130.0-255,2902,124578,42,130580
7085,0.018,172.31.46.0-255,66,124644,42,130580
7086,0.019392,74.125.130.0-255,2902,127546,42,130580
7087,0.019398,172.31.46.0-255,66,127612,42,130580
7088,0.019985,74.125.130.0-255,2902,130514,42,130580
7089,0.019993,172.31.46.0-255,66,130580,42,130580
7090,0.0,216.58.203.0-255,153,153,42,164016
7091,2.2e-05,172.31.46.0-255,66,219,42,164016
7092,2.8e-05,216.58.203.0-255,1484,1703,42,164016
7093,3.3e-05,172.31.46.0-255,66,1769,42,164016
7094,3.7e-05,216.58.203.0-255,2902,4671,42,164016
7095,4e-05,172.31.46.0-255,66,4737,42,164016
7096,5.5e-05,216.58.203.0-255,7156,11893,42,164016
7097,5.7e-05,172.31.46.0-255,66,11959,42,164016
7098,6.1e-05,216.58.203.0-255,2071,14030,42,164016
7099,6.4e-05,172.31.46.0-255,66,14096,42,164016
7100,9.2e-05,216.58.203.0-255,1484,15580,42,164016
7101,9.5e-05,172.31.46.0-255,66,15646,42,164016
7102,0.00012,216.58.203.0-255,1484,17130,42,164016
7103,0.000122,172.31.46.0-255,66,17196,42,164016
7104,0.000125,216.58.203.0-255,1484,18680,42,164016
7105,0.000127,172.31.46.0-255,66,18746,42,164016
7106,0.000146,216.58.203.0-255,1484,20230,42,164016
7107,0.000148,172.31.46.0-255,66,20296,42,164016
7108,0.000153,216.58.203.0-255,4320,24616,42,164016
7109,0.000159,172.31.46.0-255,66,24682,42,164016
7110,0.000193,216.58.203.0-255,5738,30420,42,164016
7111,0.000196,172.31.46.0-255,66,30486,42,164016
7112,0.000198,216.58.203.0-255,1125,31611,42,164016
7113,0.0002,172.31.46.0-255,66,31677,42,164016
7114,0.000415,216.58.203.0-255,1484,33161,42,164016
7115,0.000419,172.31.46.0-255,66,33227,42,164016
7116,0.000425,216.58.203.0-255,2902,36129,42,164016
7117,0.000427,172.31.46.0-255,66,36195,42,164016
7118,0.000431,216.58.203.0-255,2902,39097,42,164016
7119,0.000432,172.31.46.0-255,66,39163,42,164016
7120,0.00046,216.58.203.0-255,2902,42065,42,164016
7121,0.000463,172.31.46.0-255,66,42131,42,164016
7122,0.000468,216.58.203.0-255,5738,47869,42,164016
7123,0.000472,172.31.46.0-255,66,47935,42,164016
7124,0.000505,216.58.203.0-255,6797,54732,42,164016
7125,0.000508,172.31.46.0-255,66,54798,42,164016
7126,0.000514,216.58.203.0-255,7156,61954,42,164016
7127,0.000516,172.31.46.0-255,66,62020,42,164016
7128,0.000555,216.58.203.0-255,4250,66270,42,164016
7129,0.000557,172.31.46.0-255,66,66336,42,164016
7130,0.001115,216.58.203.0-255,142,66478,42,164016
7131,0.001211,216.58.203.0-255,1484,67962,42,164016
7132,0.001215,172.31.46.0-255,66,68028,42,164016
7133,0.00122,216.58.203.0-255,1484,69512,42,164016
7134,0.00124,216.58.203.0-255,1484,70996,42,164016
7135,0.001242,172.31.46.0-255,66,71062,42,164016
7136,0.001248,216.58.203.0-255,5738,76800,42,164016
7137,0.00125,172.31.46.0-255,66,76866,42,164016
7138,0.001252,216.58.203.0-255,1484,78350,42,164016
7139,0.001282,216.58.203.0-255,1484,79834,42,164016
7140,0.001284,172.31.46.0-255,66,79900,42,164016
7141,0.001289,216.58.203.0-255,3961,83861,42,164016
7142,0.001291,172.31.46.0-255,66,83927,42,164016
7143,0.001335,216.58.203.0-255,1484,85411,42,164016
7144,0.001349,216.58.203.0-255,2902,88313,42,164016
7145,0.001351,172.31.46.0-255,66,88379,42,164016
7146,0.001355,216.58.203.0-255,2902,91281,42,164016
7147,0.001357,172.31.46.0-255,66,91347,42,164016
7148,0.00136,216.58.203.0-255,1484,92831,42,164016
7149,0.001384,216.58.203.0-255,2902,95733,42,164016
7150,0.001386,172.31.46.0-255,66,95799,42,164016
7151,0.001427,216.58.203.0-255,5659,101458,42,164016
7152,0.00143,172.31.46.0-255,66,101524,42,164016
7153,0.00308,216.58.203.0-255,5738,107262,42,164016
7154,0.003086,172.31.46.0-255,66,107328,42,164016
7155,0.004732,216.58.203.0-255,4320,111648,42,164016
7156,0.004738,172.31.46.0-255,66,111714,42,164016
7157,0.004763,216.58.203.0-255,1484,113198,42,164016
7158,0.006386,216.58.203.0-255,4320,117518,42,164016
7159,0.006392,172.31.46.0-255,66,117584,42,164016
7160,0.008046,216.58.203.0-255,5738,123322,42,164016
7161,0.008053,172.31.46.0-255,66,123388,42,164016
7162,0.009701,216.58.203.0-255,5738,129126,42,164016
7163,0.009709,172.31.46.0-255,66,129192,42,164016
7164,0.01136,216.58.203.0-255,5738,134930,42,164016
7165,0.011366,172.31.46.0-255,66,134996,42,164016
7166,0.013018,216.58.203.0-255,5738,140734,42,164016
7167,0.013025,172.31.46.0-255,66,140800,42,164016
7168,0.01468,216.58.203.0-255,5738,146538,42,164016
7169,0.014687,172.31.46.0-255,66,146604,42,164016
7170,0.016348,216.58.203.0-255,5738,152342,42,164016
7171,0.016356,172.31.46.0-255,66,152408,42,164016
7172,0.018048,216.58.203.0-255,5738,158146,42,164016
7173,0.018057,172.31.46.0-255,66,158212,42,164016
7174,0.019707,216.58.203.0-255,5738,163950,42,164016
7175,0.019713,172.31.46.0-255,66,164016,42,164016
7176,0.0,172.217.194.0-255,153,153,42,119569
7177,2.4e-05,172.31.46.0-255,66,219,42,119569
7178,3.1e-05,172.217.194.0-255,1484,1703,42,119569
7179,3.6e-05,172.31.46.0-255,66,1769,42,119569
7180,5.2e-05,172.217.194.0-255,2902,4671,42,119569
7181,5.7e-05,172.31.46.0-255,66,4737,42,119569
7182,6.5e-05,172.217.194.0-255,7156,11893,42,119569
7183,6.8e-05,172.31.46.0-255,66,11959,42,119569
7184,7.2e-05,172.217.194.0-255,1936,13895,42,119569
7185,7.6e-05,172.31.46.0-255,66,13961,42,119569
7186,8.9e-05,172.31.46.0-255,66,14027,42,119569
7187,9.4e-05,172.217.194.0-255,4320,18347,42,119569
7188,9.8e-05,172.31.46.0-255,66,18413,42,119569
7189,0.000124,172.217.194.0-255,1125,19538,42,119569
7190,0.000128,172.31.46.0-255,66,19604,42,119569
7191,0.000224,172.217.194.0-255,1484,21088,42,119569
7192,0.000228,172.31.46.0-255,66,21154,42,119569
7193,0.00026,172.217.194.0-255,2902,24056,42,119569
7194,0.000264,172.31.46.0-255,66,24122,42,119569
7195,0.00027,172.217.194.0-255,5738,29860,42,119569
7196,0.000272,172.31.46.0-255,66,29926,42,119569
7197,0.000298,172.217.194.0-255,2902,32828,42,119569
7198,0.000301,172.31.46.0-255,66,32894,42,119569
7199,0.000329,172.217.194.0-255,5379,38273,42,119569
7200,0.000332,172.31.46.0-255,66,38339,42,119569
7201,0.000343,172.31.46.0-255,66,38405,42,119569
7202,0.000369,172.217.194.0-255,7088,45493,42,119569
7203,0.000372,172.31.46.0-255,66,45559,42,119569
7204,0.000375,172.217.194.0-255,364,45923,42,119569
7205,0.000378,172.31.46.0-255,66,45989,42,119569
7206,0.000454,172.217.194.0-255,1484,47473,42,119569
7207,0.00046,172.217.194.0-255,2902,50375,42,119569
7208,0.000465,172.217.194.0-255,2902,53277,42,119569
7209,0.000483,172.217.194.0-255,2902,56179,42,119569
7210,0.000515,172.217.194.0-255,5738,61917,42,119569
7211,0.000543,172.217.194.0-255,1125,63042,42,119569
7212,0.00056,172.217.194.0-255,2543,65585,42,119569
7213,0.000647,172.31.46.0-255,66,65651,42,119569
7214,0.001188,172.217.194.0-255,1484,67135,42,119569
7215,0.001204,172.217.194.0-255,2902,70037,42,119569
7216,0.001208,172.31.46.0-255,66,70103,42,119569
7217,0.001237,172.217.194.0-255,5738,75841,42,119569
7218,0.001251,172.217.194.0-255,4320,80161,42,119569
7219,0.001281,172.31.46.0-255,66,80227,42,119569
7220,0.00133,172.31.46.0-255,66,80293,42,119569
7221,0.003839,172.217.194.0-255,5738,86031,42,119569
7222,0.003846,172.31.46.0-255,66,86097,42,119569
7223,0.006354,172.217.194.0-255,4320,90417,42,119569
7224,0.006361,172.31.46.0-255,66,90483,42,119569
7225,0.006389,172.217.194.0-255,1484,91967,42,119569
7226,0.008911,172.217.194.0-255,4320,96287,42,119569
7227,0.008918,172.31.46.0-255,66,96353,42,119569
7228,0.011445,172.217.194.0-255,5738,102091,42,119569
7229,0.011453,172.31.46.0-255,66,102157,42,119569
7230,0.01401,172.217.194.0-255,5738,107895,42,119569
7231,0.014019,172.31.46.0-255,66,107961,42,119569
7232,0.016546,172.217.194.0-255,5738,113699,42,119569
7233,0.016554,172.31.46.0-255,66,113765,42,119569
7234,0.019086,172.217.194.0-255,5738,119503,42,119569
7235,0.019099,172.31.46.0-255,66,119569,42,119569
7236,0.0,172.217.194.0-255,152,152,42,224485
7237,2.6e-05,172.31.46.0-255,66,218,42,224485
7238,3.3e-05,172.217.194.0-255,1484,1702,42,224485
7239,3.7e-05,172.31.46.0-255,66,1768,42,224485
7240,5.4e-05,172.217.194.0-255,2902,4670,42,224485
7241,5.8e-05,172.31.46.0-255,66,4736,42,224485
7242,6.5e-05,172.217.194.0-255,7156,11892,42,224485
7243,6.8e-05,172.31.46.0-255,66,11958,42,224485
7244,7.3e-05,172.217.194.0-255,2081,14039,42,224485
7245,7.5e-05,172.31.46.0-255,66,14105,42,224485
7246,0.000117,172.217.194.0-255,2902,17007,42,224485
7247,0.00012,172.31.46.0-255,66,17073,42,224485
7248,0.000125,172.217.194.0-255,2902,19975,42,224485
7249,0.000127,172.31.46.0-255,66,20041,42,224485
7250,0.000157,172.217.194.0-255,2902,22943,42,224485
7251,0.00016,172.31.46.0-255,66,23009,42,224485
7252,0.000194,172.31.46.0-255,66,23075,42,224485
7253,0.000533,172.217.194.0-255,1484,24559,42,224485
7254,0.000539,172.31.46.0-255,66,24625,42,224485
7255,0.000544,172.217.194.0-255,2902,27527,42,224485
7256,0.000547,172.31.46.0-255,66,27593,42,224485
7257,0.000558,172.217.194.0-255,5738,33331,42,224485
7258,0.000561,172.31.46.0-255,66,33397,42,224485
7259,0.00061,172.217.194.0-255,6797,40194,42,224485
7260,0.000614,172.31.46.0-255,66,40260,42,224485
7261,0.000644,172.217.194.0-255,1484,41744,42,224485
7262,0.000647,172.31.46.0-255,66,41810,42,224485
7263,0.000652,172.217.194.0-255,2902,44712,42,224485
7264,0.000653,172.31.46.0-255,66,44778,42,224485
7265,0.000659,172.217.194.0-255,5738,50516,42,224485
7266,0.000667,172.31.46.0-255,66,50582,42,224485
7267,0.000693,172.217.194.0-255,4320,54902,42,224485
7268,0.000696,172.31.46.0-255,66,54968,42,224485
7269,0.000721,172.217.194.0-255,2543,57511,42,224485
7270,0.000723,172.31.46.0-255,66,57577,42,224485
7271,0.001047,172.217.194.0-255,646,58223,42,224485
7272,0.001134,172.217.194.0-255,1484,59707,42,224485
7273,0.001139,172.31.46.0-255,66,59773,42,224485
7274,0.001145,172.217.194.0-255,2902,62675,42,224485
7275,0.001147,172.31.46.0-255,66,62741,42,224485
7276,0.001152,172.217.194.0-255,2902,65643,42,224485
7277,0.001159,172.31.46.0-255,66,65709,42,224485
7278,0.001188,172.217.194.0-255,2902,68611,42,224485
7279,0.001191,172.31.46.0-255,66,68677,42,224485
7280,0.001203,172.31.46.0-255,66,68743,42,224485
7281,0.001213,172.31.46.0-255,66,68809,42,224485
7282,0.001522,172.217.194.0-255,1484,70293,42,224485
7283,0.001528,172.217.194.0-255,2902,73195,42,224485
7284,0.001532,172.31.46.0-255,66,73261,42,224485
7285,0.001537,172.217.194.0-255,2902,76163,42,224485
7286,0.001538,172.31.46.0-255,66,76229,42,224485
7287,0.001566,172.217.194.0-255,2902,79131,42,224485
7288,0.001569,172.31.46.0-255,66,79197,42,224485
7289,0.001574,172.217.194.0-255,5738,84935,42,224485
7290,0.001576,172.31.46.0-255,66,85001,42,224485
7291,0.001598,172.217.194.0-255,7156,92157,42,224485
7292,0.0016,172.31.46.0-255,66,92223,42,224485
7293,0.001629,172.217.194.0-255,5738,97961,42,224485
7294,0.001631,172.31.46.0-255,66,98027,42,224485
7295,0.001637,172.217.194.0-255,5020,103047,42,224485
7296,0.001638,172.31.46.0-255,66,103113,42,224485
7297,0.001759,172.217.194.0-255,1484,104597,42,224485
7298,0.001765,172.217.194.0-255,2902,107499,42,224485
7299,0.001767,172.31.46.0-255,66,107565,42,224485
7300,0.001811,172.217.194.0-255,5738,113303,42,224485
7301,0.001814,172.31.46.0-255,66,113369,42,224485
7302,0.001821,172.217.194.0-255,7156,120525,42,224485
7303,0.001823,172.31.46.0-255,66,120591,42,224485
7304,0.001833,172.217.194.0-255,4320,124911,42,224485
7305,0.001835,172.31.46.0-255,66,124977,42,224485
7306,0.001856,172.217.194.0-255,4320,129297,42,224485
7307,0.001858,172.31.46.0-255,66,129363,42,224485
7308,0.001903,172.31.46.0-255,66,129429,42,224485
7309,0.001938,172.217.194.0-255,1484,130913,42,224485
7310,0.001942,172.217.194.0-255,1484,132397,42,224485
7311,0.001944,172.31.46.0-255,66,132463,42,224485
7312,0.001955,172.217.194.0-255,1484,133947,42,224485
7313,0.001976,172.217.194.0-255,5738,139685,42,224485
7314,0.001978,172.31.46.0-255,66,139751,42,224485
7315,0.00199,172.31.46.0-255,66,139817,42,224485
7316,0.002029,172.217.194.0-255,2902,142719,42,224485
7317,0.002032,172.31.46.0-255,66,142785,42,224485
7318,0.002051,172.31.46.0-255,66,142851,42,224485
7319,0.002057,172.217.194.0-255,7156,150007,42,224485
7320,0.00206,172.31.46.0-255,66,150073,42,224485
7321,0.002111,172.31.46.0-255,66,150139,42,224485
7322,0.002148,172.217.194.0-255,7156,157295,42,224485
7323,0.002151,172.31.46.0-255,66,157361,42,224485
7324,0.002154,172.217.194.0-255,766,158127,42,224485
7325,0.00217,172.217.194.0-255,1484,159611,42,224485
7326,0.002172,172.31.46.0-255,66,159677,42,224485
7327,0.002177,172.217.194.0-255,2902,162579,42,224485
7328,0.002178,172.31.46.0-255,66,162645,42,224485
7329,0.002183,172.217.194.0-255,4320,166965,42,224485
7330,0.002185,172.31.46.0-255,66,167031,42,224485
7331,0.002207,172.217.194.0-255,1484,168515,42,224485
7332,0.002218,172.217.194.0-255,5738,174253,42,224485
7333,0.00222,172.31.46.0-255,66,174319,42,224485
7334,0.002257,172.217.194.0-255,7156,181475,42,224485
7335,0.002261,172.31.46.0-255,66,181541,42,224485
7336,0.00227,172.31.46.0-255,66,181607,42,224485
7337,0.002274,172.217.194.0-255,2184,183791,42,224485
7338,0.002276,172.31.46.0-255,66,183857,42,224485
7339,0.004536,172.217.194.0-255,5738,189595,42,224485
7340,0.00454,172.31.46.0-255,66,189661,42,224485
7341,0.006837,172.217.194.0-255,5738,195399,42,224485
7342,0.006843,172.31.46.0-255,66,195465,42,224485
7343,0.009123,172.217.194.0-255,5738,201203,42,224485
7344,0.009131,172.31.46.0-255,66,201269,42,224485
7345,0.011424,172.217.194.0-255,5738,207007,42,224485
7346,0.011432,172.31.46.0-255,66,207073,42,224485
7347,0.013741,172.217.194.0-255,5738,212811,42,224485
7348,0.013761,172.31.46.0-255,66,212877,42,224485
7349,0.016077,172.217.194.0-255,5738,218615,42,224485
7350,0.016092,172.31.46.0-255,66,218681,42,224485
7351,0.018396,172.217.194.0-255,5738,224419,42,224485
7352,0.01841,172.31.46.0-255,66,224485,42,224485
7353,0.0,74.125.68.0-255,153,153,42,306669
7354,1.3e-05,172.31.46.0-255,66,219,42,306669
7355,1.9e-05,74.125.68.0-255,1484,1703,42,306669
7356,2.3e-05,172.31.46.0-255,66,1769,42,306669
7357,2.8e-05,74.125.68.0-255,2902,4671,42,306669
7358,3.1e-05,172.31.46.0-255,66,4737,42,306669
7359,3.4e-05,74.125.68.0-255,1484,6221,42,306669
7360,3.6e-05,172.31.46.0-255,66,6287,42,306669
7361,4.1e-05,74.125.68.0-255,2902,9189,42,306669
7362,4.4e-05,172.31.46.0-255,66,9255,42,306669
7363,9.1e-05,74.125.68.0-255,4957,14212,42,306669
7364,9.4e-05,172.31.46.0-255,66,14278,42,306669
7365,0.000136,74.125.68.0-255,1484,15762,42,306669
7366,0.000138,172.31.46.0-255,66,15828,42,306669
7367,0.00015,74.125.68.0-255,2902,18730,42,306669
7368,0.000151,172.31.46.0-255,66,18796,42,306669
7369,0.00017,74.125.68.0-255,5738,24534,42,306669
7370,0.000172,172.31.46.0-255,66,24600,42,306669
7371,0.000203,74.125.68.0-255,5738,30338,42,306669
7372,0.000205,172.31.46.0-255,66,30404,42,306669
7373,0.000222,74.125.68.0-255,1125,31529,42,306669
7374,0.000224,172.31.46.0-255,66,31595,42,306669
7375,0.000252,74.125.68.0-255,1484,33079,42,306669
7376,0.000254,172.31.46.0-255,66,33145,42,306669
7377,0.000264,74.125.68.0-255,1484,34629,42,306669
7378,0.000266,172.31.46.0-255,66,34695,42,306669
7379,0.000282,74.125.68.0-255,2902,37597,42,306669
7380,0.000285,172.31.46.0-255,66,37663,42,306669
7381,0.000289,74.125.68.0-255,2902,40565,42,306669
7382,0.00029,172.31.46.0-255,66,40631,42,306669
7383,0.000293,74.125.68.0-255,1484,42115,42,306669
7384,0.000295,172.31.46.0-255,66,42181,42,306669
7385,0.00032,74.125.68.0-255,2902,45083,42,306669
7386,0.000338,74.125.68.0-255,3961,49044,42,306669
7387,0.000387,74.125.68.0-255,2902,51946,42,306669
7388,0.000411,74.125.68.0-255,4320,56266,42,306669
7389,0.000425,74.125.68.0-255,5738,62004,42,306669
7390,0.000443,74.125.68.0-255,2902,64906,42,306669
7391,0.000445,74.125.68.0-255,1125,66031,42,306669
7392,0.000477,74.125.68.0-255,424,66455,42,306669
7393,0.000501,172.31.46.0-255,66,66521,42,306669
7394,0.000508,74.125.68.0-255,353,66874,42,306669
7395,0.000639,74.125.68.0-255,1484,68358,42,306669
7396,0.000654,74.125.68.0-255,2902,71260,42,306669
7397,0.000666,74.125.68.0-255,4320,75580,42,306669
7398,0.000669,172.31.46.0-255,66,75646,42,306669
7399,0.000673,172.31.46.0-255,66,75712,42,306669
7400,0.000679,74.125.68.0-255,1484,77196,42,306669
7401,0.000703,74.125.68.0-255,7156,84352,42,306669
7402,0.000708,74.125.68.0-255,4320,88672,42,306669
7403,0.000725,74.125.68.0-255,4320,92992,42,306669
7404,0.000739,172.31.46.0-255,66,93058,42,306669
7405,0.000744,74.125.68.0-255,4320,97378,42,306669
7406,0.000748,172.31.46.0-255,66,97444,42,306669
7407,0.000759,74.125.68.0-255,3602,101046,42,306669
7408,0.000774,172.31.46.0-255,66,101112,42,306669
7409,0.000982,74.125.68.0-255,1484,102596,42,306669
7410,0.001003,74.125.68.0-255,2902,105498,42,306669
7411,0.001006,172.31.46.0-255,66,105564,42,306669
7412,0.00101,74.125.68.0-255,2902,108466,42,306669
7413,0.001014,74.125.68.0-255,2902,111368,42,306669
7414,0.001027,74.125.68.0-255,1484,112852,42,306669
7415,0.001033,172.31.46.0-255,66,112918,42,306669
7416,0.001046,74.125.68.0-255,2902,115820,42,306669
7417,0.001055,172.31.46.0-255,66,115886,42,306669
7418,0.001077,74.125.68.0-255,5738,121624,42,306669
7419,0.001081,74.125.68.0-255,2902,124526,42,306669
7420,0.001092,172.31.46.0-255,66,124592,42,306669
7421,0.001111,74.125.68.0-255,2902,127494,42,306669
7422,0.001123,172.31.46.0-255,66,127560,42,306669
7423,0.001148,172.31.46.0-255,66,127626,42,306669
7424,0.00118,74.125.68.0-255,1484,129110,42,306669
7425,0.001194,74.125.68.0-255,2902,132012,42,306669
7426,0.001214,172.31.46.0-255,66,132078,42,306669
7427,0.001237,74.125.68.0-255,4320,136398,42,306669
7428,0.001242,74.125.68.0-255,5738,142136,42,306669
7429,0.001253,74.125.68.0-255,1484,143620,42,306669
7430,0.001261,172.31.46.0-255,66,143686,42,306669
7431,0.001293,74.125.68.0-255,5738,149424,42,306669
7432,0.001304,172.31.46.0-255,66,149490,42,306669
7433,0.001326,74.125.68.0-255,2184,151674,42,306669
7434,0.001332,172.31.46.0-255,66,151740,42,306669
7435,0.001368,74.125.68.0-255,1484,153224,42,306669
7436,0.001385,74.125.68.0-255,2902,156126,42,306669
7437,0.001392,172.31.46.0-255,66,156192,42,306669
7438,0.001409,74.125.68.0-255,5738,161930,42,306669
7439,0.001414,172.31.46.0-255,66,161996,42,306669
7440,0.001445,74.125.68.0-255,5738,167734,42,306669
7441,0.001459,74.125.68.0-255,4320,172054,42,306669
7442,0.001463,172.31.46.0-255,66,172120,42,306669
7443,0.001469,74.125.68.0-255,1484,173604,42,306669
7444,0.001481,74.125.68.0-255,3602,177206,42,306669
7445,0.00149,172.31.46.0-255,66,177272,42,306669
7446,0.001706,74.125.68.0-255,1484,178756,42,306669
7447,0.001721,74.125.68.0-255,2902,181658,42,306669
7448,0.001724,172.31.46.0-255,66,181724,42,306669
7449,0.001745,74.125.68.0-255,4320,186044,42,306669
7450,0.001759,74.125.68.0-255,7156,193200,42,306669
7451,0.001768,172.31.46.0-255,66,193266,42,306669
7452,0.001775,74.125.68.0-255,1484,194750,42,306669
7453,0.00178,74.125.68.0-255,5738,200488,42,306669
7454,0.001784,172.31.46.0-255,66,200554,42,306669
7455,0.001793,74.125.68.0-255,5738,206292,42,306669
7456,0.001806,74.125.68.0-255,1484,207776,42,306669
7457,0.001813,172.31.46.0-255,66,207842,42,306669
7458,0.001819,74.125.68.0-255,1484,209326,42,306669
7459,0.001832,74.125.68.0-255,3602,212928,42,306669
7460,0.001849,74.125.68.0-255,5738,218666,42,306669
7461,0.001853,172.31.46.0-255,66,218732,42,306669
7462,0.001932,74.125.68.0-255,4320,223052,42,306669
7463,0.001944,172.31.46.0-255,66,223118,42,306669
7464,0.001965,74.125.68.0-255,5020,228138,42,306669
7465,0.001976,74.125.68.0-255,1484,229622,42,306669
7466,0.00198,172.31.46.0-255,66,229688,42,306669
7467,0.00199,74.125.68.0-255,4320,234008,42,306669
7468,0.002004,74.125.68.0-255,4320,238328,42,306669
7469,0.002015,172.31.46.0-255,66,238394,42,306669
7470,0.002028,74.125.68.0-255,4320,242714,42,306669
7471,0.002038,74.125.68.0-255,2902,245616,42,306669
7472,0.002041,172.31.46.0-255,66,245682,42,306669
7473,0.002061,172.31.46.0-255,66,245748,42,306669
7474,0.002086,74.125.68.0-255,2902,248650,42,306669
7475,0.002092,172.31.46.0-255,66,248716,42,306669
7476,0.002118,74.125.68.0-255,7156,255872,42,306669
7477,0.002148,74.125.68.0-255,5738,261610,42,306669
7478,0.002155,74.125.68.0-255,7156,268766,42,306669
7479,0.002196,74.125.68.0-255,5738,274504,42,306669
7480,0.0022,74.125.68.0-255,2902,277406,42,306669
7481,0.002217,74.125.68.0-255,4320,281726,42,306669
7482,0.002231,74.125.68.0-255,4320,286046,42,306669
7483,0.002247,74.125.68.0-255,7156,293202,42,306669
7484,0.002279,74.125.68.0-255,2902,296104,42,306669
7485,0.002311,74.125.68.0-255,4320,300424,42,306669
7486,0.002349,74.125.68.0-255,5705,306129,42,306669
7487,0.006474,172.31.46.0-255,66,306195,42,306669
7488,0.007665,172.31.46.0-255,101,306296,42,306669
7489,0.008775,74.125.68.0-255,136,306432,42,306669
7490,0.009959,74.125.68.0-255,66,306498,42,306669
7491,0.010242,172.31.46.0-255,105,306603,42,306669
7492,0.012525,74.125.68.0-255,66,306669,42,306669
7493,0.0,74.125.24.0-255,156,156,42,151164
7494,1.4e-05,172.31.46.0-255,66,222,42,151164
7495,2.7e-05,74.125.24.0-255,1484,1706,42,151164
7496,3.2e-05,172.31.46.0-255,66,1772,42,151164
7497,3.8e-05,74.125.24.0-255,2902,4674,42,151164
7498,4.1e-05,172.31.46.0-255,66,4740,42,151164
7499,7e-05,74.125.24.0-255,7156,11896,42,151164
7500,7.3e-05,172.31.46.0-255,66,11962,42,151164
7501,7.6e-05,74.125.24.0-255,2902,14864,42,151164
7502,7.8e-05,172.31.46.0-255,66,14930,42,151164
7503,9.5e-05,74.125.24.0-255,4924,19854,42,151164
7504,9.7e-05,172.31.46.0-255,66,19920,42,151164
7505,0.000126,74.125.24.0-255,2902,22822,42,151164
7506,0.000128,172.31.46.0-255,66,22888,42,151164
7507,0.000151,172.31.46.0-255,66,22954,42,151164
7508,0.000193,74.125.24.0-255,1484,24438,42,151164
7509,0.000195,172.31.46.0-255,66,24504,42,151164
7510,0.000213,74.125.24.0-255,2902,27406,42,151164
7511,0.000215,172.31.46.0-255,66,27472,42,151164
7512,0.000232,74.125.24.0-255,2902,30374,42,151164
7513,0.000234,172.31.46.0-255,66,30440,42,151164
7514,0.000257,74.125.24.0-255,2902,33342,42,151164
7515,0.000259,172.31.46.0-255,66,33408,42,151164
7516,0.000264,74.125.24.0-255,4320,37728,42,151164
7517,0.000266,172.31.46.0-255,66,37794,42,151164
7518,0.000277,172.31.46.0-255,66,37860,42,151164
7519,0.000294,74.125.24.0-255,7077,44937,42,151164
7520,0.000296,172.31.46.0-255,66,45003,42,151164
7521,0.000315,74.125.24.0-255,407,45410,42,151164
7522,0.000317,172.31.46.0-255,66,45476,42,151164
7523,0.000481,74.125.24.0-255,1484,46960,42,151164
7524,0.000502,74.125.24.0-255,2902,49862,42,151164
7525,0.000507,172.31.46.0-255,66,49928,42,151164
7526,0.000514,74.125.24.0-255,5738,55666,42,151164
7527,0.000516,172.31.46.0-255,66,55732,42,151164
7528,0.00052,74.125.24.0-255,2902,58634,42,151164
7529,0.000523,172.31.46.0-255,66,58700,42,151164
7530,0.000559,172.31.46.0-255,66,58766,42,151164
7531,0.000572,172.31.46.0-255,66,58832,42,151164
7532,0.000872,74.125.24.0-255,1484,60316,42,151164
7533,0.000897,74.125.24.0-255,2902,63218,42,151164
7534,0.000901,172.31.46.0-255,66,63284,42,151164
7535,0.000908,74.125.24.0-255,5738,69022,42,151164
7536,0.00091,172.31.46.0-255,66,69088,42,151164
7537,0.000948,74.125.24.0-255,2902,71990,42,151164
7538,0.00095,172.31.46.0-255,66,72056,42,151164
7539,0.000978,172.31.46.0-255,66,72122,42,151164
7540,0.00099,172.31.46.0-255,66,72188,42,151164
7541,0.00102,74.125.24.0-255,1484,73672,42,151164
7542,0.001023,74.125.24.0-255,1484,75156,42,151164
7543,0.001029,172.31.46.0-255,66,75222,42,151164
7544,0.001042,74.125.24.0-255,1484,76706,42,151164
7545,0.001049,74.125.24.0-255,5738,82444,42,151164
7546,0.001052,172.31.46.0-255,66,82510,42,151164
7547,0.001055,74.125.24.0-255,1484,83994,42,151164
7548,0.001085,172.31.46.0-255,66,84060,42,151164
7549,0.001107,74.125.24.0-255,7156,91216,42,151164
7550,0.00111,172.31.46.0-255,66,91282,42,151164
7551,0.001132,74.125.24.0-255,3602,94884,42,151164
7552,0.001135,172.31.46.0-255,66,94950,42,151164
7553,0.00116,74.125.24.0-255,1484,96434,42,151164
7554,0.001173,74.125.24.0-255,2902,99336,42,151164
7555,0.001176,172.31.46.0-255,66,99402,42,151164
7556,0.001183,74.125.24.0-255,5738,105140,42,151164
7557,0.001185,172.31.46.0-255,66,105206,42,151164
7558,0.001189,74.125.24.0-255,2902,108108,42,151164
7559,0.001192,172.31.46.0-255,66,108174,42,151164
7560,0.001214,74.125.24.0-255,1484,109658,42,151164
7561,0.001228,172.31.46.0-255,66,109724,42,151164
7562,0.001254,172.31.46.0-255,66,109790,42,151164
7563,0.001396,74.125.24.0-255,1484,111274,42,151164
7564,0.001402,74.125.24.0-255,2902,114176,42,151164
7565,0.001406,172.31.46.0-255,66,114242,42,151164
7566,0.001412,74.125.24.0-255,4320,118562,42,151164
7567,0.001414,172.31.46.0-255,66,118628,42,151164
7568,0.001426,74.125.24.0-255,1484,120112,42,151164
7569,0.00143,74.125.24.0-255,2902,123014,42,151164
7570,0.001432,172.31.46.0-255,66,123080,42,151164
7571,0.001468,172.31.46.0-255,66,123146,42,151164
7572,0.00148,172.31.46.0-255,66,123212,42,151164
7573,0.001526,172.31.46.0-255,66,123278,42,151164
7574,0.001565,172.31.46.0-255,66,123344,42,151164
7575,0.001577,172.31.46.0-255,66,123410,42,151164
7576,0.001588,172.31.46.0-255,66,123476,42,151164
7577,0.001612,74.125.24.0-255,5738,129214,42,151164
7578,0.001614,172.31.46.0-255,66,129280,42,151164
7579,0.001648,172.31.46.0-255,66,129346,42,151164
7580,0.001685,74.125.24.0-255,1484,130830,42,151164
7581,0.001719,172.31.46.0-255,66,130896,42,151164
7582,0.001733,172.31.46.0-255,66,130962,42,151164
7583,0.001751,172.31.46.0-255,66,131028,42,151164
7584,0.001775,172.31.46.0-255,66,131094,42,151164
7585,0.001781,74.125.24.0-255,5020,136114,42,151164
7586,0.001783,172.31.46.0-255,66,136180,42,151164
7587,0.001814,74.125.24.0-255,4320,140500,42,151164
7588,0.001817,172.31.46.0-255,66,140566,42,151164
7589,0.001835,74.125.24.0-255,1484,142050,42,151164
7590,0.001843,74.125.24.0-255,7156,149206,42,151164
7591,0.001845,172.31.46.0-255,66,149272,42,151164
7592,0.001869,74.125.24.0-255,1484,150756,42,151164
7593,0.001893,172.31.46.0-255,66,150822,42,151164
7594,0.001896,74.125.24.0-255,105,150927,42,151164
7595,0.004227,172.31.46.0-255,66,150993,42,151164
7596,0.004264,172.31.46.0-255,105,151098,42,151164
7597,0.006815,74.125.24.0-255,66,151164,42,151164
7598,0.0,172.31.46.0-255,105,105,42,276
7599,0.001806,157.240.13.0-255,105,210,42,276
7600,0.00182,172.31.46.0-255,66,276,42,276
7601,0.0,74.125.24.0-255,153,153,42,154550
7602,2.2e-05,172.31.46.0-255,66,219,42,154550
7603,2.9e-05,74.125.24.0-255,1484,1703,42,154550
7604,3.3e-05,172.31.46.0-255,66,1769,42,154550
7605,5.1e-05,74.125.24.0-255,2902,4671,42,154550
7606,5.6e-05,172.31.46.0-255,66,4737,42,154550
7607,6.3e-05,74.125.24.0-255,7156,11893,42,154550
7608,6.6e-05,172.31.46.0-255,66,11959,42,154550
7609,7.1e-05,74.125.24.0-255,2073,14032,42,154550
7610,7.4e-05,172.31.46.0-255,66,14098,42,154550
7611,7.9e-05,74.125.24.0-255,2902,17000,42,154550
7612,8.1e-05,172.31.46.0-255,66,17066,42,154550
7613,8.5e-05,74.125.24.0-255,1484,18550,42,154550
7614,8.7e-05,172.31.46.0-255,66,18616,42,154550
7615,0.000129,74.125.24.0-255,5738,24354,42,154550
7616,0.000132,172.31.46.0-255,66,24420,42,154550
7617,0.00014,74.125.24.0-255,6797,31217,42,154550
7618,0.000142,172.31.46.0-255,66,31283,42,154550
7619,0.000558,74.125.24.0-255,1484,32767,42,154550
7620,0.000564,172.31.46.0-255,66,32833,42,154550
7621,0.000571,74.125.24.0-255,2902,35735,42,154550
7622,0.000574,172.31.46.0-255,66,35801,42,154550
7623,0.000586,74.125.24.0-255,5738,41539,42,154550
7624,0.000589,172.31.46.0-255,66,41605,42,154550
7625,0.000596,74.125.24.0-255,5738,47343,42,154550
7626,0.000598,172.31.46.0-255,66,47409,42,154550
7627,0.000612,74.125.24.0-255,2543,49952,42,154550
7628,0.000614,172.31.46.0-255,66,50018,42,154550
7629,0.000626,74.125.24.0-255,7156,57174,42,154550
7630,0.000629,172.31.46.0-255,66,57240,42,154550
7631,0.000668,172.31.46.0-255,66,57306,42,154550
7632,0.000817,74.125.24.0-255,110,57416,42,154550
7633,0.000931,74.125.24.0-255,1484,58900,42,154550
7634,0.000935,172.31.46.0-255,66,58966,42,154550
7635,0.00094,74.125.24.0-255,2902,61868,42,154550
7636,0.000943,172.31.46.0-255,66,61934,42,154550
7637,0.000978,74.125.24.0-255,5738,67672,42,154550
7638,0.000981,172.31.46.0-255,66,67738,42,154550
7639,0.001,172.31.46.0-255,66,67804,42,154550
7640,0.00105,172.31.46.0-255,66,67870,42,154550
7641,0.001806,74.125.24.0-255,1484,69354,42,154550
7642,0.001817,74.125.24.0-255,2902,72256,42,154550
7643,0.001823,172.31.46.0-255,66,72322,42,154550
7644,0.001831,74.125.24.0-255,5738,78060,42,154550
7645,0.001834,172.31.46.0-255,66,78126,42,154550
7646,0.001844,74.125.24.0-255,2902,81028,42,154550
7647,0.001846,172.31.46.0-255,66,81094,42,154550
7648,0.001883,172.31.46.0-255,66,81160,42,154550
7649,0.001894,172.31.46.0-255,66,81226,42,154550
7650,0.001898,74.125.24.0-255,766,81992,42,154550
7651,0.002091,74.125.24.0-255,1484,83476,42,154550
7652,0.002094,172.31.46.0-255,66,83542,42,154550
7653,0.002099,74.125.24.0-255,2902,86444,42,154550
7654,0.002101,172.31.46.0-255,66,86510,42,154550
7655,0.00214,74.125.24.0-255,1484,87994,42,154550
7656,0.002169,74.125.24.0-255,4320,92314,42,154550
7657,0.002172,172.31.46.0-255,66,92380,42,154550
7658,0.00219,172.31.46.0-255,66,92446,42,154550
7659,0.002205,172.31.46.0-255,66,92512,42,154550
7660,0.002218,172.31.46.0-255,66,92578,42,154550
7661,0.002268,172.31.46.0-255,66,92644,42,154550
7662,0.002272,74.125.24.0-255,2184,94828,42,154550
7663,0.002274,172.31.46.0-255,66,94894,42,154550
7664,0.002518,74.125.24.0-255,1484,96378,42,154550
7665,0.002532,74.125.24.0-255,2902,99280,42,154550
7666,0.002535,172.31.46.0-255,66,99346,42,154550
7667,0.002569,74.125.24.0-255,5738,105084,42,154550
7668,0.002572,172.31.46.0-255,66,105150,42,154550
7669,0.002577,74.125.24.0-255,4320,109470,42,154550
7670,0.002579,172.31.46.0-255,66,109536,42,154550
7671,0.00261,74.125.24.0-255,7156,116692,42,154550
7672,0.002613,172.31.46.0-255,66,116758,42,154550
7673,0.002617,74.125.24.0-255,2902,119660,42,154550
7674,0.002619,172.31.46.0-255,66,119726,42,154550
7675,0.005187,74.125.24.0-255,5738,125464,42,154550
7676,0.005194,172.31.46.0-255,66,125530,42,154550
7677,0.007739,74.125.24.0-255,5738,131268,42,154550
7678,0.007747,172.31.46.0-255,66,131334,42,154550
7679,0.010297,74.125.24.0-255,5738,137072,42,154550
7680,0.010302,172.31.46.0-255,66,137138,42,154550
7681,0.012914,74.125.24.0-255,5738,142876,42,154550
7682,0.012921,172.31.46.0-255,66,142942,42,154550
7683,0.015545,74.125.24.0-255,5738,148680,42,154550
7684,0.01556,172.31.46.0-255,66,148746,42,154550
7685,0.018137,74.125.24.0-255,5738,154484,42,154550
7686,0.018153,172.31.46.0-255,66,154550,42,154550
7687,0.0,172.217.194.0-255,153,153,42,200841
7688,2.2e-05,172.31.46.0-255,66,219,42,200841
7689,2.8e-05,172.217.194.0-255,1484,1703,42,200841
7690,3.2e-05,172.31.46.0-255,66,1769,42,200841
7691,4.4e-05,172.217.194.0-255,2902,4671,42,200841
7692,4.7e-05,172.31.46.0-255,66,4737,42,200841
7693,5.4e-05,172.217.194.0-255,7156,11893,42,200841
7694,5.7e-05,172.31.46.0-255,66,11959,42,200841
7695,6.1e-05,172.217.194.0-255,2056,14015,42,200841
7696,6.5e-05,172.31.46.0-255,66,14081,42,200841
7697,0.000127,172.217.194.0-255,1484,15565,42,200841
7698,0.00013,172.31.46.0-255,66,15631,42,200841
7699,0.000162,172.217.194.0-255,2902,18533,42,200841
7700,0.000165,172.31.46.0-255,66,18599,42,200841
7701,0.000171,172.217.194.0-255,5738,24337,42,200841
7702,0.000173,172.31.46.0-255,66,24403,42,200841
7703,0.000204,172.217.194.0-255,2902,27305,42,200841
7704,0.000207,172.31.46.0-255,66,27371,42,200841
7705,0.000232,172.217.194.0-255,3961,31332,42,200841
7706,0.000234,172.31.46.0-255,66,31398,42,200841
7707,0.000241,172.217.194.0-255,7156,38554,42,200841
7708,0.000244,172.31.46.0-255,66,38620,42,200841
7709,0.000278,172.31.46.0-255,66,38686,42,200841
7710,0.000345,172.217.194.0-255,1484,40170,42,200841
7711,0.000348,172.31.46.0-255,66,40236,42,200841
7712,0.000372,172.217.194.0-255,2902,43138,42,200841
7713,0.000374,172.31.46.0-255,66,43204,42,200841
7714,0.000381,172.217.194.0-255,5738,48942,42,200841
7715,0.000384,172.31.46.0-255,66,49008,42,200841
7716,0.000421,172.217.194.0-255,6797,55805,42,200841
7717,0.000423,172.31.46.0-255,66,55871,42,200841
7718,0.000448,172.217.194.0-255,379,56250,42,200841
7719,0.000482,172.217.194.0-255,365,56615,42,200841
7720,0.000597,172.217.194.0-255,1484,58099,42,200841
7721,0.000603,172.31.46.0-255,66,58165,42,200841
7722,0.000608,172.217.194.0-255,2902,61067,42,200841
7723,0.00061,172.31.46.0-255,66,61133,42,200841
7724,0.000642,172.217.194.0-255,5738,66871,42,200841
7725,0.000644,172.31.46.0-255,66,66937,42,200841
7726,0.00065,172.217.194.0-255,4320,71257,42,200841
7727,0.000652,172.31.46.0-255,66,71323,42,200841
7728,0.000685,172.31.46.0-255,66,71389,42,200841
7729,0.000696,172.31.46.0-255,66,71455,42,200841
7730,0.000831,172.217.194.0-255,1484,72939,42,200841
7731,0.000836,172.217.194.0-255,1484,74423,42,200841
7732,0.000839,172.31.46.0-255,66,74489,42,200841
7733,0.000867,172.217.194.0-255,1484,75973,42,200841
7734,0.000873,172.217.194.0-255,5738,81711,42,200841
7735,0.000876,172.31.46.0-255,66,81777,42,200841
7736,0.000887,172.31.46.0-255,66,81843,42,200841
7737,0.000909,172.217.194.0-255,4320,86163,42,200841
7738,0.000912,172.31.46.0-255,66,86229,42,200841
7739,0.00094,172.31.46.0-255,66,86295,42,200841
7740,0.001188,172.217.194.0-255,1484,87779,42,200841
7741,0.001193,172.217.194.0-255,1484,89263,42,200841
7742,0.001197,172.31.46.0-255,66,89329,42,200841
7743,0.001222,172.217.194.0-255,1484,90813,42,200841
7744,0.001228,172.217.194.0-255,5738,96551,42,200841
7745,0.001237,172.31.46.0-255,66,96617,42,200841
7746,0.001246,172.217.194.0-255,7156,103773,42,200841
7747,0.001248,172.31.46.0-255,66,103839,42,200841
7748,0.001277,172.217.194.0-255,2902,106741,42,200841
7749,0.001279,172.31.46.0-255,66,106807,42,200841
7750,0.001282,172.217.194.0-255,1484,108291,42,200841
7751,0.001325,172.31.46.0-255,66,108357,42,200841
7752,0.00173,172.217.194.0-255,1484,109841,42,200841
7753,0.001735,172.217.194.0-255,2902,112743,42,200841
7754,0.001742,172.31.46.0-255,66,112809,42,200841
7755,0.001765,172.217.194.0-255,4320,117129,42,200841
7756,0.001769,172.31.46.0-255,66,117195,42,200841
7757,0.001776,172.217.194.0-255,7156,124351,42,200841
7758,0.001778,172.31.46.0-255,66,124417,42,200841
7759,0.001798,172.217.194.0-255,1484,125901,42,200841
7760,0.001829,172.31.46.0-255,66,125967,42,200841
7761,0.001863,172.217.194.0-255,7156,133123,42,200841
7762,0.001866,172.31.46.0-255,66,133189,42,200841
7763,0.001869,172.217.194.0-255,766,133955,42,200841
7764,0.002017,172.217.194.0-255,1484,135439,42,200841
7765,0.002021,172.31.46.0-255,66,135505,42,200841
7766,0.002025,172.217.194.0-255,1484,136989,42,200841
7767,0.002046,172.217.194.0-255,1484,138473,42,200841
7768,0.002048,172.31.46.0-255,66,138539,42,200841
7769,0.002055,172.217.194.0-255,5738,144277,42,200841
7770,0.002057,172.31.46.0-255,66,144343,42,200841
7771,0.002069,172.217.194.0-255,7156,151499,42,200841
7772,0.002072,172.31.46.0-255,66,151565,42,200841
7773,0.002076,172.217.194.0-255,2902,154467,42,200841
7774,0.002078,172.31.46.0-255,66,154533,42,200841
7775,0.002127,172.31.46.0-255,66,154599,42,200841
7776,0.002139,172.31.46.0-255,66,154665,42,200841
7777,0.002166,172.217.194.0-255,766,155431,42,200841
7778,0.002185,172.31.46.0-255,66,155497,42,200841
7779,0.002206,172.31.46.0-255,66,155563,42,200841
7780,0.002209,172.217.194.0-255,1484,157047,42,200841
7781,0.002256,172.31.46.0-255,66,157113,42,200841
7782,0.002261,172.217.194.0-255,2902,160015,42,200841
7783,0.002263,172.31.46.0-255,66,160081,42,200841
7784,0.002301,172.31.46.0-255,66,160147,42,200841
7785,0.002313,172.31.46.0-255,66,160213,42,200841
7786,0.004579,172.217.194.0-255,5738,165951,42,200841
7787,0.004589,172.31.46.0-255,66,166017,42,200841
7788,0.006829,172.217.194.0-255,5738,171755,42,200841
7789,0.006835,172.31.46.0-255,66,171821,42,200841
7790,0.009089,172.217.194.0-255,5738,177559,42,200841
7791,0.009099,172.31.46.0-255,66,177625,42,200841
7792,0.011374,172.217.194.0-255,5738,183363,42,200841
7793,0.011381,172.31.46.0-255,66,183429,42,200841
7794,0.013641,172.217.194.0-255,5738,189167,42,200841
7795,0.013648,172.31.46.0-255,66,189233,42,200841
7796,0.015918,172.217.194.0-255,5738,194971,42,200841
7797,0.015928,172.31.46.0-255,66,195037,42,200841
7798,0.018208,172.217.194.0-255,5738,200775,42,200841
7799,0.018216,172.31.46.0-255,66,200841,42,200841
7800,0.0,74.125.24.0-255,152,152,42,161069
7801,2.3e-05,172.31.46.0-255,66,218,42,161069
7802,3.1e-05,74.125.24.0-255,1484,1702,42,161069
7803,3.5e-05,172.31.46.0-255,66,1768,42,161069
7804,5e-05,74.125.24.0-255,2902,4670,42,161069
7805,5.4e-05,172.31.46.0-255,66,4736,42,161069
7806,6.2e-05,74.125.24.0-255,7156,11892,42,161069
7807,6.5e-05,172.31.46.0-255,66,11958,42,161069
7808,6.9e-05,74.125.24.0-255,1977,13935,42,161069
7809,7.2e-05,172.31.46.0-255,66,14001,42,161069
7810,0.000118,74.125.24.0-255,2902,16903,42,161069
7811,0.000122,172.31.46.0-255,66,16969,42,161069
7812,0.000127,74.125.24.0-255,2902,19871,42,161069
7813,0.000129,172.31.46.0-255,66,19937,42,161069
7814,0.000137,74.125.24.0-255,7156,27093,42,161069
7815,0.000139,172.31.46.0-255,66,27159,42,161069
7816,0.000184,172.31.46.0-255,66,27225,42,161069
7817,0.000207,74.125.24.0-255,2543,29768,42,161069
7818,0.00021,172.31.46.0-255,66,29834,42,161069
7819,0.000228,74.125.24.0-255,4320,34154,42,161069
7820,0.000231,172.31.46.0-255,66,34220,42,161069
7821,0.000252,74.125.24.0-255,2543,36763,42,161069
7822,0.000255,172.31.46.0-255,66,36829,42,161069
7823,0.000626,74.125.24.0-255,1484,38313,42,161069
7824,0.000632,172.31.46.0-255,66,38379,42,161069
7825,0.000638,74.125.24.0-255,2902,41281,42,161069
7826,0.000641,172.31.46.0-255,66,41347,42,161069
7827,0.000652,74.125.24.0-255,5738,47085,42,161069
7828,0.000654,172.31.46.0-255,66,47151,42,161069
7829,0.000693,172.31.46.0-255,66,47217,42,161069
7830,0.000762,172.31.46.0-255,66,47283,42,161069
7831,0.000805,74.125.24.0-255,7156,54439,42,161069
7832,0.000809,172.31.46.0-255,66,54505,42,161069
7833,0.000839,74.125.24.0-255,4320,58825,42,161069
7834,0.000842,172.31.46.0-255,66,58891,42,161069
7835,0.000868,74.125.24.0-255,3961,62852,42,161069
7836,0.000871,172.31.46.0-255,66,62918,42,161069
7837,0.000974,74.125.24.0-255,1484,64402,42,161069
7838,0.00098,74.125.24.0-255,2902,67304,42,161069
7839,0.000983,172.31.46.0-255,66,67370,42,161069
7840,0.001012,74.125.24.0-255,5738,73108,42,161069
7841,0.001015,172.31.46.0-255,66,73174,42,161069
7842,0.001048,172.31.46.0-255,66,73240,42,161069
7843,0.001072,74.125.24.0-255,1484,74724,42,161069
7844,0.001102,172.31.46.0-255,66,74790,42,161069
7845,0.001143,74.125.24.0-255,7156,81946,42,161069
7846,0.001146,172.31.46.0-255,66,82012,42,161069
7847,0.001167,74.125.24.0-255,7156,89168,42,161069
7848,0.001171,172.31.46.0-255,66,89234,42,161069
7849,0.00122,172.31.46.0-255,66,89300,42,161069
7850,0.001245,74.125.24.0-255,1484,90784,42,161069
7851,0.001266,74.125.24.0-255,5738,96522,42,161069
7852,0.001268,172.31.46.0-255,66,96588,42,161069
7853,0.001293,74.125.24.0-255,3602,100190,42,161069
7854,0.001295,172.31.46.0-255,66,100256,42,161069
7855,0.001327,172.31.46.0-255,66,100322,42,161069
7856,0.001358,172.31.46.0-255,66,100388,42,161069
7857,0.00143,74.125.24.0-255,7156,107544,42,161069
7858,0.001435,172.31.46.0-255,66,107610,42,161069
7859,0.001464,74.125.24.0-255,5020,112630,42,161069
7860,0.001467,172.31.46.0-255,66,112696,42,161069
7861,0.001494,74.125.24.0-255,4320,117016,42,161069
7862,0.001497,172.31.46.0-255,66,117082,42,161069
7863,0.001559,74.125.24.0-255,7156,124238,42,161069
7864,0.001609,74.125.24.0-255,5020,129258,42,161069
7865,0.001719,74.125.24.0-255,4320,133578,42,161069
7866,0.00183,74.125.24.0-255,3602,137180,42,161069
7867,0.001941,74.125.24.0-255,5738,142918,42,161069
7868,0.002031,74.125.24.0-255,7156,150074,42,161069
7869,0.002113,74.125.24.0-255,5738,155812,42,161069
7870,0.002181,74.125.24.0-255,5020,160832,42,161069
7871,0.00547,172.31.46.0-255,66,160898,42,161069
7872,0.008145,172.31.46.0-255,105,161003,42,161069
7873,0.010106,74.125.24.0-255,66,161069,42,161069
7874,0.0,172.217.27.0-255,152,152,42,154965
7875,2.1e-05,172.31.46.0-255,66,218,42,154965
7876,2.8e-05,172.217.27.0-255,1484,1702,42,154965
7877,3.3e-05,172.31.46.0-255,66,1768,42,154965
7878,4e-05,172.217.27.0-255,2902,4670,42,154965
7879,4.4e-05,172.31.46.0-255,66,4736,42,154965
7880,4.9e-05,172.217.27.0-255,4320,9056,42,154965
7881,5.2e-05,172.31.46.0-255,66,9122,42,154965
7882,7.8e-05,172.217.27.0-255,2902,12024,42,154965
7883,8e-05,172.31.46.0-255,66,12090,42,154965
7884,0.000101,172.217.27.0-255,2076,14166,42,154965
7885,0.000104,172.31.46.0-255,66,14232,42,154965
7886,0.000274,172.217.27.0-255,1484,15716,42,154965
7887,0.000279,172.31.46.0-255,66,15782,42,154965
7888,0.000285,172.217.27.0-255,2902,18684,42,154965
7889,0.000287,172.31.46.0-255,66,18750,42,154965
7890,0.000318,172.217.27.0-255,5738,24488,42,154965
7891,0.000321,172.31.46.0-255,66,24554,42,154965
7892,0.000324,172.217.27.0-255,1484,26038,42,154965
7893,0.000327,172.31.46.0-255,66,26104,42,154965
7894,0.000358,172.217.27.0-255,5379,31483,42,154965
7895,0.000361,172.31.46.0-255,66,31549,42,154965
7896,0.000364,172.217.27.0-255,1484,33033,42,154965
7897,0.000366,172.31.46.0-255,66,33099,42,154965
7898,0.00037,172.217.27.0-255,2902,36001,42,154965
7899,0.000372,172.31.46.0-255,66,36067,42,154965
7900,0.000377,172.217.27.0-255,2902,38969,42,154965
7901,0.00038,172.31.46.0-255,66,39035,42,154965
7902,0.000395,172.217.27.0-255,1484,40519,42,154965
7903,0.000397,172.31.46.0-255,66,40585,42,154965
7904,0.000417,172.217.27.0-255,2902,43487,42,154965
7905,0.000419,172.31.46.0-255,66,43553,42,154965
7906,0.000441,172.217.27.0-255,2902,46455,42,154965
7907,0.000444,172.31.46.0-255,66,46521,42,154965
7908,0.000448,172.217.27.0-255,2902,49423,42,154965
7909,0.00045,172.31.46.0-255,66,49489,42,154965
7910,0.000459,172.217.27.0-255,7156,56645,42,154965
7911,0.000461,172.31.46.0-255,66,56711,42,154965
7912,0.000489,172.217.27.0-255,2902,59613,42,154965
7913,0.000492,172.31.46.0-255,66,59679,42,154965
7914,0.000499,172.217.27.0-255,6438,66117,42,154965
7915,0.000502,172.31.46.0-255,66,66183,42,154965
7916,0.000562,172.217.27.0-255,351,66534,42,154965
7917,0.000813,172.217.27.0-255,143,66677,42,154965
7918,0.001096,172.217.27.0-255,1484,68161,42,154965
7919,0.001101,172.31.46.0-255,66,68227,42,154965
7920,0.001106,172.217.27.0-255,1484,69711,42,154965
7921,0.001121,172.217.27.0-255,1484,71195,42,154965
7922,0.001124,172.31.46.0-255,66,71261,42,154965
7923,0.001131,172.217.27.0-255,5738,76999,42,154965
7924,0.001134,172.31.46.0-255,66,77065,42,154965
7925,0.00114,172.217.27.0-255,4320,81385,42,154965
7926,0.001142,172.31.46.0-255,66,81451,42,154965
7927,0.00117,172.31.46.0-255,66,81517,42,154965
7928,0.001178,172.217.27.0-255,7156,88673,42,154965
7929,0.00118,172.31.46.0-255,66,88739,42,154965
7930,0.001205,172.217.27.0-255,3602,92341,42,154965
7931,0.001208,172.31.46.0-255,66,92407,42,154965
7932,0.001649,172.217.27.0-255,1484,93891,42,154965
7933,0.002843,172.217.27.0-255,2902,96793,42,154965
7934,0.002851,172.31.46.0-255,66,96859,42,154965
7935,0.002871,172.217.27.0-255,1484,98343,42,154965
7936,0.004492,172.217.27.0-255,4320,102663,42,154965
7937,0.004497,172.31.46.0-255,66,102729,42,154965
7938,0.006128,172.217.27.0-255,5738,108467,42,154965
7939,0.006132,172.31.46.0-255,66,108533,42,154965
7940,0.007782,172.217.27.0-255,5738,114271,42,154965
7941,0.007789,172.31.46.0-255,66,114337,42,154965
7942,0.009429,172.217.27.0-255,5738,120075,42,154965
7943,0.009437,172.31.46.0-255,66,120141,42,154965
7944,0.01109,172.217.27.0-255,5738,125879,42,154965
7945,0.011098,172.31.46.0-255,66,125945,42,154965
7946,0.01273,172.217.27.0-255,5738,131683,42,154965
7947,0.012737,172.31.46.0-255,66,131749,42,154965
7948,0.014379,172.217.27.0-255,5738,137487,42,154965
7949,0.014386,172.31.46.0-255,66,137553,42,154965
7950,0.016022,172.217.27.0-255,5738,143291,42,154965
7951,0.016029,172.31.46.0-255,66,143357,42,154965
7952,0.017664,172.217.27.0-255,5738,149095,42,154965
7953,0.017671,172.31.46.0-255,66,149161,42,154965
7954,0.019356,172.217.27.0-255,5738,154899,42,154965
7955,0.019361,172.31.46.0-255,66,154965,42,154965
7956,0.0,74.125.24.0-255,146,146,42,157686
7957,2.4e-05,172.31.46.0-255,66,212,42,157686
7958,5.7e-05,74.125.24.0-255,1484,1696,42,157686
7959,6.2e-05,172.31.46.0-255,66,1762,42,157686
7960,6.8e-05,74.125.24.0-255,2902,4664,42,157686
7961,7.2e-05,172.31.46.0-255,66,4730,42,157686
7962,8.5e-05,74.125.24.0-255,5738,10468,42,157686
7963,8.8e-05,172.31.46.0-255,66,10534,42,157686
7964,9.3e-05,74.125.24.0-255,3491,14025,42,157686
7965,9.7e-05,172.31.46.0-255,66,14091,42,157686
7966,0.000145,172.31.46.0-255,66,14157,42,157686
7967,0.000151,74.125.24.0-255,5379,19536,42,157686
7968,0.000153,172.31.46.0-255,66,19602,42,157686
7969,0.000263,74.125.24.0-255,1484,21086,42,157686
7970,0.000268,172.31.46.0-255,66,21152,42,157686
7971,0.000273,74.125.24.0-255,2902,24054,42,157686
7972,0.000275,172.31.46.0-255,66,24120,42,157686
7973,0.000278,74.125.24.0-255,1484,25604,42,157686
7974,0.000285,172.31.46.0-255,66,25670,42,157686
7975,0.000312,74.125.24.0-255,4320,29990,42,157686
7976,0.000319,172.31.46.0-255,66,30056,42,157686
7977,0.000332,172.31.46.0-255,66,30122,42,157686
7978,0.000368,74.125.24.0-255,3961,34083,42,157686
7979,0.000371,172.31.46.0-255,66,34149,42,157686
7980,0.000381,74.125.24.0-255,7156,41305,42,157686
7981,0.000383,172.31.46.0-255,66,41371,42,157686
7982,0.000394,74.125.24.0-255,2856,44227,42,157686
7983,0.000398,172.31.46.0-255,66,44293,42,157686
7984,0.00057,74.125.24.0-255,109,44402,42,157686
7985,0.000575,172.31.46.0-255,66,44468,42,157686
7986,0.000719,74.125.24.0-255,1484,45952,42,157686
7987,0.000743,74.125.24.0-255,2902,48854,42,157686
7988,0.000747,172.31.46.0-255,66,48920,42,157686
7989,0.000755,74.125.24.0-255,5738,54658,42,157686
7990,0.000757,172.31.46.0-255,66,54724,42,157686
7991,0.000829,172.31.46.0-255,66,54790,42,157686
7992,0.000858,74.125.24.0-255,3961,58751,42,157686
7993,0.000861,172.31.46.0-255,66,58817,42,157686
7994,0.000878,172.31.46.0-255,66,58883,42,157686
7995,0.001135,74.125.24.0-255,1484,60367,42,157686
7996,0.00115,74.125.24.0-255,2902,63269,42,157686
7997,0.001153,172.31.46.0-255,66,63335,42,157686
7998,0.001183,74.125.24.0-255,5738,69073,42,157686
7999,0.001187,172.31.46.0-255,66,69139,42,157686
8000,0.001216,74.125.24.0-255,5738,74877,42,157686
8001,0.001218,172.31.46.0-255,66,74943,42,157686
8002,0.001227,74.125.24.0-255,7156,82099,42,157686
8003,0.001229,172.31.46.0-255,66,82165,42,157686
8004,0.001281,172.31.46.0-255,66,82231,42,157686
8005,0.001402,74.125.24.0-255,1484,83715,42,157686
8006,0.001408,74.125.24.0-255,2902,86617,42,157686
8007,0.001412,172.31.46.0-255,66,86683,42,157686
8008,0.001417,74.125.24.0-255,2902,89585,42,157686
8009,0.001419,172.31.46.0-255,66,89651,42,157686
8010,0.001433,74.125.24.0-255,7156,96807,42,157686
8011,0.001435,172.31.46.0-255,66,96873,42,157686
8012,0.001478,172.31.46.0-255,66,96939,42,157686
8013,0.00151,74.125.24.0-255,2902,99841,42,157686
8014,0.001512,172.31.46.0-255,66,99907,42,157686
8015,0.001541,74.125.24.0-255,3602,103509,42,157686
8016,0.001544,172.31.46.0-255,66,103575,42,157686
8017,0.001551,74.125.24.0-255,7156,110731,42,157686
8018,0.001554,172.31.46.0-255,66,110797,42,157686
8019,0.001595,172.31.46.0-255,66,110863,42,157686
8020,0.001613,172.31.46.0-255,66,110929,42,157686
8021,0.001618,74.125.24.0-255,2184,113113,42,157686
8022,0.00162,172.31.46.0-255,66,113179,42,157686
8023,0.001726,74.125.24.0-255,1484,114663,42,157686
8024,0.001741,74.125.24.0-255,2902,117565,42,157686
8025,0.001744,172.31.46.0-255,66,117631,42,157686
8026,0.001775,74.125.24.0-255,5738,123369,42,157686
8027,0.001779,172.31.46.0-255,66,123435,42,157686
8028,0.001783,74.125.24.0-255,2902,126337,42,157686
8029,0.001786,172.31.46.0-255,66,126403,42,157686
8030,0.001828,172.31.46.0-255,66,126469,42,157686
8031,0.001844,172.31.46.0-255,66,126535,42,157686
8032,0.00187,74.125.24.0-255,2184,128719,42,157686
8033,0.001873,172.31.46.0-255,66,128785,42,157686
8034,0.001951,74.125.24.0-255,1484,130269,42,157686
8035,0.001957,74.125.24.0-255,2902,133171,42,157686
8036,0.00196,172.31.46.0-255,66,133237,42,157686
8037,0.001966,74.125.24.0-255,4320,137557,42,157686
8038,0.001968,172.31.46.0-255,66,137623,42,157686
8039,0.002012,172.31.46.0-255,66,137689,42,157686
8040,0.002057,172.31.46.0-255,66,137755,42,157686
8041,0.00209,74.125.24.0-255,2184,139939,42,157686
8042,0.002092,172.31.46.0-255,66,140005,42,157686
8043,0.002114,172.31.46.0-255,66,140071,42,157686
8044,0.002127,172.31.46.0-255,66,140137,42,157686
8045,0.002174,74.125.24.0-255,5738,145875,42,157686
8046,0.002176,172.31.46.0-255,66,145941,42,157686
8047,0.002225,172.31.46.0-255,66,146007,42,157686
8048,0.002246,172.31.46.0-255,66,146073,42,157686
8049,0.002266,172.31.46.0-255,66,146139,42,157686
8050,0.002272,74.125.24.0-255,5020,151159,42,157686
8051,0.002274,172.31.46.0-255,66,151225,42,157686
8052,0.002314,172.31.46.0-255,66,151291,42,157686
8053,0.002342,74.125.24.0-255,5987,157278,42,157686
8054,0.002344,172.31.46.0-255,66,157344,42,157686
8055,0.002347,74.125.24.0-255,105,157449,42,157686
8056,0.013779,172.31.46.0-255,66,157515,42,157686
8057,0.013825,172.31.46.0-255,105,157620,42,157686
8058,0.016082,74.125.24.0-255,66,157686,42,157686
8059,0.0,172.217.194.0-255,291,291,42,164660
8060,2.3e-05,172.31.46.0-255,66,357,42,164660
8061,2.9e-05,172.217.194.0-255,1484,1841,42,164660
8062,3.4e-05,172.31.46.0-255,66,1907,42,164660
8063,4.2e-05,172.217.194.0-255,4320,6227,42,164660
8064,4.6e-05,172.31.46.0-255,66,6293,42,164660
8065,4.9e-05,172.217.194.0-255,1484,7777,42,164660
8066,5.1e-05,172.31.46.0-255,66,7843,42,164660
8067,8.8e-05,172.217.194.0-255,6028,13871,42,164660
8068,9.1e-05,172.31.46.0-255,66,13937,42,164660
8069,0.000101,172.31.46.0-255,66,14003,42,164660
8070,0.000108,172.217.194.0-255,7156,21159,42,164660
8071,0.000111,172.31.46.0-255,66,21225,42,164660
8072,0.00013,172.217.194.0-255,1125,22350,42,164660
8073,0.000133,172.31.46.0-255,66,22416,42,164660
8074,0.000247,172.217.194.0-255,1484,23900,42,164660
8075,0.00025,172.31.46.0-255,66,23966,42,164660
8076,0.000255,172.217.194.0-255,2902,26868,42,164660
8077,0.000257,172.31.46.0-255,66,26934,42,164660
8078,0.000262,172.217.194.0-255,2902,29836,42,164660
8079,0.000265,172.31.46.0-255,66,29902,42,164660
8080,0.000293,172.217.194.0-255,2902,32804,42,164660
8081,0.000295,172.31.46.0-255,66,32870,42,164660
8082,0.000302,172.217.194.0-255,6797,39667,42,164660
8083,0.000305,172.31.46.0-255,66,39733,42,164660
8084,0.000336,172.217.194.0-255,7156,46889,42,164660
8085,0.000339,172.31.46.0-255,66,46955,42,164660
8086,0.000344,172.217.194.0-255,4320,51275,42,164660
8087,0.000346,172.31.46.0-255,66,51341,42,164660
8088,0.000365,172.217.194.0-255,5669,57010,42,164660
8089,0.000368,172.31.46.0-255,66,57076,42,164660
8090,0.000668,172.217.194.0-255,99,57175,42,164660
8091,0.000771,172.217.194.0-255,1484,58659,42,164660
8092,0.000775,172.31.46.0-255,66,58725,42,164660
8093,0.000781,172.217.194.0-255,2902,61627,42,164660
8094,0.000783,172.31.46.0-255,66,61693,42,164660
8095,0.000801,172.217.194.0-255,5738,67431,42,164660
8096,0.000804,172.31.46.0-255,66,67497,42,164660
8097,0.000807,172.217.194.0-255,1484,68981,42,164660
8098,0.00083,172.217.194.0-255,2902,71883,42,164660
8099,0.000832,172.31.46.0-255,66,71949,42,164660
8100,0.000864,172.217.194.0-255,1484,73433,42,164660
8101,0.000879,172.217.194.0-255,3961,77394,42,164660
8102,0.000881,172.31.46.0-255,66,77460,42,164660
8103,0.000887,172.217.194.0-255,5738,83198,42,164660
8104,0.00089,172.31.46.0-255,66,83264,42,164660
8105,0.000927,172.31.46.0-255,66,83330,42,164660
8106,0.001502,172.217.194.0-255,1484,84814,42,164660
8107,0.00151,172.217.194.0-255,2902,87716,42,164660
8108,0.001515,172.31.46.0-255,66,87782,42,164660
8109,0.001521,172.217.194.0-255,2902,90684,42,164660
8110,0.001523,172.31.46.0-255,66,90750,42,164660
8111,0.001541,172.217.194.0-255,2902,93652,42,164660
8112,0.001543,172.31.46.0-255,66,93718,42,164660
8113,0.001571,172.31.46.0-255,66,93784,42,164660
8114,0.001576,172.217.194.0-255,4320,98104,42,164660
8115,0.001578,172.31.46.0-255,66,98170,42,164660
8116,0.0016,172.217.194.0-255,2902,101072,42,164660
8117,0.001603,172.31.46.0-255,66,101138,42,164660
8118,0.001623,172.217.194.0-255,3602,104740,42,164660
8119,0.001626,172.31.46.0-255,66,104806,42,164660
8120,0.001672,172.217.194.0-255,1484,106290,42,164660
8121,0.001678,172.217.194.0-255,2902,109192,42,164660
8122,0.001681,172.31.46.0-255,66,109258,42,164660
8123,0.001706,172.217.194.0-255,5738,114996,42,164660
8124,0.001709,172.31.46.0-255,66,115062,42,164660
8125,0.001779,172.31.46.0-255,66,115128,42,164660
8126,0.001783,172.217.194.0-255,1484,116612,42,164660
8127,0.001786,172.217.194.0-255,1484,118096,42,164660
8128,0.001787,172.31.46.0-255,66,118162,42,164660
8129,0.001798,172.31.46.0-255,66,118228,42,164660
8130,0.003899,172.217.194.0-255,5738,123966,42,164660
8131,0.003908,172.31.46.0-255,66,124032,42,164660
8132,0.006016,172.217.194.0-255,5738,129770,42,164660
8133,0.00602,172.31.46.0-255,66,129836,42,164660
8134,0.008129,172.217.194.0-255,5738,135574,42,164660
8135,0.008136,172.31.46.0-255,66,135640,42,164660
8136,0.01027,172.217.194.0-255,5738,141378,42,164660
8137,0.010282,172.31.46.0-255,66,141444,42,164660
8138,0.012447,172.217.194.0-255,5738,147182,42,164660
8139,0.012462,172.31.46.0-255,66,147248,42,164660
8140,0.014548,172.217.194.0-255,5738,152986,42,164660
8141,0.014557,172.31.46.0-255,66,153052,42,164660
8142,0.016678,172.217.194.0-255,5738,158790,42,164660
8143,0.016689,172.31.46.0-255,66,158856,42,164660
8144,0.018791,172.217.194.0-255,5738,164594,42,164660
8145,0.018799,172.31.46.0-255,66,164660,42,164660
8146,0.0,74.125.68.0-255,152,152,42,267016
8147,2e-05,172.31.46.0-255,66,218,42,267016
8148,2.7e-05,74.125.68.0-255,1484,1702,42,267016
8149,3.3e-05,172.31.46.0-255,66,1768,42,267016
8150,4.3e-05,74.125.68.0-255,1484,3252,42,267016
8151,4.6e-05,172.31.46.0-255,66,3318,42,267016
8152,5.2e-05,74.125.68.0-255,2902,6220,42,267016
8153,5.5e-05,172.31.46.0-255,66,6286,42,267016
8154,8.7e-05,74.125.68.0-255,5738,12024,42,267016
8155,9e-05,172.31.46.0-255,66,12090,42,267016
8156,0.000134,74.125.68.0-255,6309,18399,42,267016
8157,0.000137,172.31.46.0-255,66,18465,42,267016
8158,0.000183,74.125.68.0-255,7156,25621,42,267016
8159,0.000186,172.31.46.0-255,66,25687,42,267016
8160,0.000238,74.125.68.0-255,5379,31066,42,267016
8161,0.000241,172.31.46.0-255,66,31132,42,267016
8162,0.000334,74.125.68.0-255,1484,32616,42,267016
8163,0.000339,172.31.46.0-255,66,32682,42,267016
8164,0.000367,74.125.68.0-255,2902,35584,42,267016
8165,0.00037,172.31.46.0-255,66,35650,42,267016
8166,0.000403,74.125.68.0-255,5738,41388,42,267016
8167,0.000406,172.31.46.0-255,66,41454,42,267016
8168,0.00041,74.125.68.0-255,2902,44356,42,267016
8169,0.000412,172.31.46.0-255,66,44422,42,267016
8170,0.000436,74.125.68.0-255,4320,48742,42,267016
8171,0.000439,172.31.46.0-255,66,48808,42,267016
8172,0.000444,74.125.68.0-255,4320,53128,42,267016
8173,0.000447,172.31.46.0-255,66,53194,42,267016
8174,0.000485,74.125.68.0-255,5738,58932,42,267016
8175,0.000488,172.31.46.0-255,66,58998,42,267016
8176,0.000494,74.125.68.0-255,4320,63318,42,267016
8177,0.000496,172.31.46.0-255,66,63384,42,267016
8178,0.000537,74.125.68.0-255,2184,65568,42,267016
8179,0.000562,74.125.68.0-255,397,65965,42,267016
8180,0.000604,74.125.68.0-255,115,66080,42,267016
8181,0.000613,172.31.46.0-255,66,66146,42,267016
8182,0.00075,74.125.68.0-255,1484,67630,42,267016
8183,0.000766,74.125.68.0-255,2902,70532,42,267016
8184,0.000771,172.31.46.0-255,66,70598,42,267016
8185,0.000789,74.125.68.0-255,2902,73500,42,267016
8186,0.000817,74.125.68.0-255,4320,77820,42,267016
8187,0.000822,172.31.46.0-255,66,77886,42,267016
8188,0.00085,74.125.68.0-255,5738,83624,42,267016
8189,0.000859,172.31.46.0-255,66,83690,42,267016
8190,0.000867,74.125.68.0-255,1484,85174,42,267016
8191,0.000905,74.125.68.0-255,1484,86658,42,267016
8192,0.000909,74.125.68.0-255,2902,89560,42,267016
8193,0.000946,172.31.46.0-255,66,89626,42,267016
8194,0.00095,74.125.68.0-255,2184,91810,42,267016
8195,0.000954,172.31.46.0-255,66,91876,42,267016
8196,0.001057,74.125.68.0-255,1484,93360,42,267016
8197,0.001073,74.125.68.0-255,2902,96262,42,267016
8198,0.001083,172.31.46.0-255,66,96328,42,267016
8199,0.001113,74.125.68.0-255,5738,102066,42,267016
8200,0.001131,172.31.46.0-255,66,102132,42,267016
8201,0.001155,74.125.68.0-255,7156,109288,42,267016
8202,0.00116,74.125.68.0-255,2902,112190,42,267016
8203,0.001184,74.125.68.0-255,4320,116510,42,267016
8204,0.001187,172.31.46.0-255,66,116576,42,267016
8205,0.001191,172.31.46.0-255,66,116642,42,267016
8206,0.001199,74.125.68.0-255,2902,119544,42,267016
8207,0.00123,74.125.68.0-255,4320,123864,42,267016
8208,0.001259,74.125.68.0-255,2184,126048,42,267016
8209,0.00128,172.31.46.0-255,66,126114,42,267016
8210,0.001582,74.125.68.0-255,1484,127598,42,267016
8211,0.001603,74.125.68.0-255,2902,130500,42,267016
8212,0.001607,172.31.46.0-255,66,130566,42,267016
8213,0.001641,74.125.68.0-255,4320,134886,42,267016
8214,0.001658,74.125.68.0-255,2902,137788,42,267016
8215,0.001671,74.125.68.0-255,2902,140690,42,267016
8216,0.001674,172.31.46.0-255,66,140756,42,267016
8217,0.001679,172.31.46.0-255,66,140822,42,267016
8218,0.001694,74.125.68.0-255,5738,146560,42,267016
8219,0.00172,74.125.68.0-255,1484,148044,42,267016
8220,0.001725,74.125.68.0-255,2902,150946,42,267016
8221,0.00173,74.125.68.0-255,4320,155266,42,267016
8222,0.001737,172.31.46.0-255,66,155332,42,267016
8223,0.001762,74.125.68.0-255,5020,160352,42,267016
8224,0.001777,172.31.46.0-255,66,160418,42,267016
8225,0.001992,74.125.68.0-255,1484,161902,42,267016
8226,0.00201,74.125.68.0-255,1484,163386,42,267016
8227,0.002013,172.31.46.0-255,66,163452,42,267016
8228,0.002041,74.125.68.0-255,2902,166354,42,267016
8229,0.002046,74.125.68.0-255,2902,169256,42,267016
8230,0.00206,172.31.46.0-255,66,169322,42,267016
8231,0.002064,74.125.68.0-255,2902,172224,42,267016
8232,0.002066,74.125.68.0-255,1484,173708,42,267016
8233,0.00207,172.31.46.0-255,66,173774,42,267016
8234,0.002094,74.125.68.0-255,2902,176676,42,267016
8235,0.002105,172.31.46.0-255,66,176742,42,267016
8236,0.002111,74.125.68.0-255,5738,182480,42,267016
8237,0.002115,172.31.46.0-255,66,182546,42,267016
8238,0.002128,74.125.68.0-255,1484,184030,42,267016
8239,0.00217,74.125.68.0-255,4320,188350,42,267016
8240,0.002174,172.31.46.0-255,66,188416,42,267016
8241,0.002198,74.125.68.0-255,4320,192736,42,267016
8242,0.002204,172.31.46.0-255,66,192802,42,267016
8243,0.00223,74.125.68.0-255,5020,197822,42,267016
8244,0.002241,74.125.68.0-255,2902,200724,42,267016
8245,0.002255,74.125.68.0-255,2902,203626,42,267016
8246,0.00226,172.31.46.0-255,66,203692,42,267016
8247,0.002269,74.125.68.0-255,2902,206594,42,267016
8248,0.002272,172.31.46.0-255,66,206660,42,267016
8249,0.002286,74.125.68.0-255,1484,208144,42,267016
8250,0.002296,74.125.68.0-255,5738,213882,42,267016
8251,0.00232,172.31.46.0-255,66,213948,42,267016
8252,0.002326,74.125.68.0-255,5738,219686,42,267016
8253,0.002336,172.31.46.0-255,66,219752,42,267016
8254,0.002343,74.125.68.0-255,1484,221236,42,267016
8255,0.002364,74.125.68.0-255,5738,226974,42,267016
8256,0.002368,74.125.68.0-255,2184,229158,42,267016
8257,0.002378,172.31.46.0-255,66,229224,42,267016
8258,0.002429,74.125.68.0-255,1484,230708,42,267016
8259,0.002449,74.125.68.0-255,2902,233610,42,267016
8260,0.002463,172.31.46.0-255,66,233676,42,267016
8261,0.002472,74.125.68.0-255,4320,237996,42,267016
8262,0.002503,74.125.68.0-255,5738,243734,42,267016
8263,0.002528,74.125.68.0-255,4320,248054,42,267016
8264,0.00253,74.125.68.0-255,1484,249538,42,267016
8265,0.008995,172.31.46.0-255,66,249604,42,267016
8266,0.01153,74.125.68.0-255,5738,255342,42,267016
8267,0.011537,172.31.46.0-255,66,255408,42,267016
8268,0.01406,74.125.68.0-255,5738,261146,42,267016
8269,0.016096,172.31.46.0-255,66,261212,42,267016
8270,0.01862,74.125.68.0-255,5738,266950,42,267016
8271,0.018629,172.31.46.0-255,66,267016,42,267016
8272,0.0,74.125.24.0-255,156,156,42,227002
8273,2.2e-05,172.31.46.0-255,66,222,42,227002
8274,2.9e-05,74.125.24.0-255,1484,1706,42,227002
8275,3.5e-05,172.31.46.0-255,66,1772,42,227002
8276,4.1e-05,74.125.24.0-255,2902,4674,42,227002
8277,4.4e-05,172.31.46.0-255,66,4740,42,227002
8278,5.2e-05,74.125.24.0-255,7156,11896,42,227002
8279,5.5e-05,172.31.46.0-255,66,11962,42,227002
8280,5.9e-05,74.125.24.0-255,2039,14001,42,227002
8281,6.2e-05,172.31.46.0-255,66,14067,42,227002
8282,0.000119,74.125.24.0-255,1484,15551,42,227002
8283,0.000122,172.31.46.0-255,66,15617,42,227002
8284,0.00014,74.125.24.0-255,2902,18519,42,227002
8285,0.000143,172.31.46.0-255,66,18585,42,227002
8286,0.000175,74.125.24.0-255,5738,24323,42,227002
8287,0.000178,172.31.46.0-255,66,24389,42,227002
8288,0.000181,74.125.24.0-255,1484,25873,42,227002
8289,0.000183,172.31.46.0-255,66,25939,42,227002
8290,0.000212,74.125.24.0-255,5379,31318,42,227002
8291,0.000215,172.31.46.0-255,66,31384,42,227002
8292,0.000842,74.125.24.0-255,1484,32868,42,227002
8293,0.000849,172.31.46.0-255,66,32934,42,227002
8294,0.000859,74.125.24.0-255,2902,35836,42,227002
8295,0.000861,172.31.46.0-255,66,35902,42,227002
8296,0.000869,74.125.24.0-255,5738,41640,42,227002
8297,0.000871,172.31.46.0-255,66,41706,42,227002
8298,0.000878,74.125.24.0-255,2902,44608,42,227002
8299,0.00088,172.31.46.0-255,66,44674,42,227002
8300,0.000902,74.125.24.0-255,3961,48635,42,227002
8301,0.000905,172.31.46.0-255,66,48701,42,227002
8302,0.000926,74.125.24.0-255,7156,55857,42,227002
8303,0.000928,172.31.46.0-255,66,55923,42,227002
8304,0.000959,74.125.24.0-255,7156,63079,42,227002
8305,0.000962,172.31.46.0-255,66,63145,42,227002
8306,0.000966,74.125.24.0-255,2543,65688,42,227002
8307,0.000969,172.31.46.0-255,66,65754,42,227002
8308,0.001008,74.125.24.0-255,400,66154,42,227002
8309,0.001078,74.125.24.0-255,1484,67638,42,227002
8310,0.001083,172.31.46.0-255,66,67704,42,227002
8311,0.001089,74.125.24.0-255,2902,70606,42,227002
8312,0.001092,172.31.46.0-255,66,70672,42,227002
8313,0.001095,74.125.24.0-255,1484,72156,42,227002
8314,0.001122,74.125.24.0-255,4320,76476,42,227002
8315,0.001125,172.31.46.0-255,66,76542,42,227002
8316,0.001128,74.125.24.0-255,1484,78026,42,227002
8317,0.001164,172.31.46.0-255,66,78092,42,227002
8318,0.001182,74.125.24.0-255,1484,79576,42,227002
8319,0.001215,172.31.46.0-255,66,79642,42,227002
8320,0.001373,74.125.24.0-255,1484,81126,42,227002
8321,0.001381,74.125.24.0-255,2902,84028,42,227002
8322,0.001386,172.31.46.0-255,66,84094,42,227002
8323,0.001392,74.125.24.0-255,5738,89832,42,227002
8324,0.001395,172.31.46.0-255,66,89898,42,227002
8325,0.001399,74.125.24.0-255,1484,91382,42,227002
8326,0.001419,74.125.24.0-255,2902,94284,42,227002
8327,0.001422,172.31.46.0-255,66,94350,42,227002
8328,0.001426,74.125.24.0-255,2902,97252,42,227002
8329,0.001429,172.31.46.0-255,66,97318,42,227002
8330,0.001449,172.31.46.0-255,66,97384,42,227002
8331,0.001455,74.125.24.0-255,4320,101704,42,227002
8332,0.001458,172.31.46.0-255,66,101770,42,227002
8333,0.001491,74.125.24.0-255,3602,105372,42,227002
8334,0.001494,172.31.46.0-255,66,105438,42,227002
8335,0.001531,74.125.24.0-255,342,105780,42,227002
8336,0.00159,74.125.24.0-255,1484,107264,42,227002
8337,0.001594,172.31.46.0-255,66,107330,42,227002
8338,0.001599,74.125.24.0-255,2902,110232,42,227002
8339,0.001602,172.31.46.0-255,66,110298,42,227002
8340,0.001621,74.125.24.0-255,1484,111782,42,227002
8341,0.001639,74.125.24.0-255,4320,116102,42,227002
8342,0.001643,74.125.24.0-255,1484,117586,42,227002
8343,0.001674,74.125.24.0-255,2902,120488,42,227002
8344,0.001697,74.125.24.0-255,5738,126226,42,227002
8345,0.001703,74.125.24.0-255,4320,130546,42,227002
8346,0.001808,74.125.24.0-255,1484,132030,42,227002
8347,0.001813,74.125.24.0-255,1484,133514,42,227002
8348,0.001834,74.125.24.0-255,1484,134998,42,227002
8349,0.001841,74.125.24.0-255,5738,140736,42,227002
8350,0.001845,74.125.24.0-255,2902,143638,42,227002
8351,0.001848,74.125.24.0-255,1484,145122,42,227002
8352,0.001933,74.125.24.0-255,2902,148024,42,227002
8353,0.002112,74.125.24.0-255,1484,149508,42,227002
8354,0.002126,74.125.24.0-255,2902,152410,42,227002
8355,0.002142,74.125.24.0-255,5738,158148,42,227002
8356,0.002193,74.125.24.0-255,1484,159632,42,227002
8357,0.002209,74.125.24.0-255,7156,166788,42,227002
8358,0.002335,74.125.24.0-255,4320,171108,42,227002
8359,0.002341,74.125.24.0-255,5738,176846,42,227002
8360,0.002346,74.125.24.0-255,2902,179748,42,227002
8361,0.00239,74.125.24.0-255,3602,183350,42,227002
8362,0.002512,74.125.24.0-255,1484,184834,42,227002
8363,0.002529,74.125.24.0-255,1484,186318,42,227002
8364,0.002535,74.125.24.0-255,2902,189220,42,227002
8365,0.002551,74.125.24.0-255,1484,190704,42,227002
8366,0.002558,74.125.24.0-255,7156,197860,42,227002
8367,0.002585,74.125.24.0-255,2902,200762,42,227002
8368,0.002591,74.125.24.0-255,4320,205082,42,227002
8369,0.002593,74.125.24.0-255,1484,206566,42,227002
8370,0.002671,74.125.24.0-255,5738,212304,42,227002
8371,0.002677,74.125.24.0-255,4320,216624,42,227002
8372,0.002739,74.125.24.0-255,2902,219526,42,227002
8373,0.002747,74.125.24.0-255,7134,226660,42,227002
8374,0.002763,74.125.24.0-255,105,226765,42,227002
8375,0.003986,172.31.46.0-255,66,226831,42,227002
8376,0.006794,172.31.46.0-255,105,226936,42,227002
8377,0.009113,74.125.24.0-255,66,227002,42,227002
8378,0.0,172.217.194.0-255,298,298,42,183612
8379,2e-05,172.31.46.0-255,66,364,42,183612
8380,2.6e-05,172.217.194.0-255,1484,1848,42,183612
8381,3.1e-05,172.31.46.0-255,66,1914,42,183612
8382,3.6e-05,172.217.194.0-255,4320,6234,42,183612
8383,3.9e-05,172.31.46.0-255,66,6300,42,183612
8384,5.1e-05,172.31.46.0-255,66,6366,42,183612
8385,6.1e-05,172.31.46.0-255,66,6432,42,183612
8386,9.4e-05,172.217.194.0-255,4320,10752,42,183612
8387,9.7e-05,172.31.46.0-255,66,10818,42,183612
8388,0.000123,172.217.194.0-255,3961,14779,42,183612
8389,0.000126,172.31.46.0-255,66,14845,42,183612
8390,0.000135,172.31.46.0-255,66,14911,42,183612
8391,0.000137,172.217.194.0-255,1484,16395,42,183612
8392,0.000139,172.31.46.0-255,66,16461,42,183612
8393,0.000165,172.217.194.0-255,5379,21840,42,183612
8394,0.000168,172.31.46.0-255,66,21906,42,183612
8395,0.000227,172.217.194.0-255,1484,23390,42,183612
8396,0.00023,172.31.46.0-255,66,23456,42,183612
8397,0.000243,172.217.194.0-255,2902,26358,42,183612
8398,0.000245,172.31.46.0-255,66,26424,42,183612
8399,0.000248,172.217.194.0-255,1484,27908,42,183612
8400,0.00025,172.31.46.0-255,66,27974,42,183612
8401,0.000272,172.217.194.0-255,4320,32294,42,183612
8402,0.000275,172.31.46.0-255,66,32360,42,183612
8403,0.000298,172.217.194.0-255,7156,39516,42,183612
8404,0.0003,172.31.46.0-255,66,39582,42,183612
8405,0.00031,172.217.194.0-255,287,39869,42,183612
8406,0.000312,172.31.46.0-255,66,39935,42,183612
8407,0.000351,172.217.194.0-255,4320,44255,42,183612
8408,0.000354,172.31.46.0-255,66,44321,42,183612
8409,0.000369,172.217.194.0-255,4320,48641,42,183612
8410,0.000371,172.31.46.0-255,66,48707,42,183612
8411,0.000381,172.31.46.0-255,66,48773,42,183612
8412,0.000396,172.217.194.0-255,1484,50257,42,183612
8413,0.000426,172.31.46.0-255,66,50323,42,183612
8414,0.000767,172.217.194.0-255,1484,51807,42,183612
8415,0.000773,172.217.194.0-255,2902,54709,42,183612
8416,0.000776,172.31.46.0-255,66,54775,42,183612
8417,0.000782,172.217.194.0-255,5738,60513,42,183612
8418,0.000784,172.31.46.0-255,66,60579,42,183612
8419,0.00082,172.31.46.0-255,66,60645,42,183612
8420,0.000826,172.217.194.0-255,7156,67801,42,183612
8421,0.000828,172.31.46.0-255,66,67867,42,183612
8422,0.000852,172.217.194.0-255,3602,71469,42,183612
8423,0.000854,172.31.46.0-255,66,71535,42,183612
8424,0.000904,172.217.194.0-255,1484,73019,42,183612
8425,0.000908,172.217.194.0-255,2902,75921,42,183612
8426,0.000911,172.31.46.0-255,66,75987,42,183612
8427,0.000917,172.217.194.0-255,5738,81725,42,183612
8428,0.000919,172.31.46.0-255,66,81791,42,183612
8429,0.000932,172.217.194.0-255,4320,86111,42,183612
8430,0.000935,172.31.46.0-255,66,86177,42,183612
8431,0.000967,172.31.46.0-255,66,86243,42,183612
8432,0.001001,172.217.194.0-255,1484,87727,42,183612
8433,0.001024,172.31.46.0-255,66,87793,42,183612
8434,0.001059,172.217.194.0-255,7156,94949,42,183612
8435,0.001062,172.31.46.0-255,66,95015,42,183612
8436,0.001084,172.217.194.0-255,1484,96499,42,183612
8437,0.001096,172.31.46.0-255,66,96565,42,183612
8438,0.001109,172.31.46.0-255,66,96631,42,183612
8439,0.001136,172.217.194.0-255,4320,100951,42,183612
8440,0.001138,172.31.46.0-255,66,101017,42,183612
8441,0.001171,172.217.194.0-255,1484,102501,42,183612
8442,0.001175,172.31.46.0-255,66,102567,42,183612
8443,0.001183,172.31.46.0-255,66,102633,42,183612
8444,0.001188,172.217.194.0-255,2184,104817,42,183612
8445,0.001191,172.31.46.0-255,66,104883,42,183612
8446,0.001309,172.217.194.0-255,1484,106367,42,183612
8447,0.001313,172.217.194.0-255,1484,107851,42,183612
8448,0.001316,172.31.46.0-255,66,107917,42,183612
8449,0.001334,172.217.194.0-255,1484,109401,42,183612
8450,0.001339,172.217.194.0-255,4320,113721,42,183612
8451,0.001341,172.31.46.0-255,66,113787,42,183612
8452,0.001347,172.217.194.0-255,4320,118107,42,183612
8453,0.001349,172.31.46.0-255,66,118173,42,183612
8454,0.001375,172.217.194.0-255,1484,119657,42,183612
8455,0.001404,172.31.46.0-255,66,119723,42,183612
8456,0.001413,172.31.46.0-255,66,119789,42,183612
8457,0.001852,172.217.194.0-255,1484,121273,42,183612
8458,0.001859,172.217.194.0-255,2902,124175,42,183612
8459,0.001863,172.31.46.0-255,66,124241,42,183612
8460,0.001871,172.217.194.0-255,5738,129979,42,183612
8461,0.001873,172.31.46.0-255,66,130045,42,183612
8462,0.001895,172.31.46.0-255,66,130111,42,183612
8463,0.001926,172.217.194.0-255,4320,134431,42,183612
8464,0.001929,172.31.46.0-255,66,134497,42,183612
8465,0.001936,172.217.194.0-255,7156,141653,42,183612
8466,0.001939,172.31.46.0-255,66,141719,42,183612
8467,0.00196,172.217.194.0-255,6438,148157,42,183612
8468,0.001963,172.31.46.0-255,66,148223,42,183612
8469,0.00197,172.217.194.0-255,7156,155379,42,183612
8470,0.001972,172.31.46.0-255,66,155445,42,183612
8471,0.002003,172.31.46.0-255,66,155511,42,183612
8472,0.00202,172.217.194.0-255,1484,156995,42,183612
8473,0.002025,172.217.194.0-255,1484,158479,42,183612
8474,0.002027,172.31.46.0-255,66,158545,42,183612
8475,0.002031,172.217.194.0-255,2902,161447,42,183612
8476,0.002034,172.31.46.0-255,66,161513,42,183612
8477,0.002063,172.217.194.0-255,3602,165115,42,183612
8478,0.002066,172.31.46.0-255,66,165181,42,183612
8479,0.002072,172.217.194.0-255,4320,169501,42,183612
8480,0.002074,172.31.46.0-255,66,169567,42,183612
8481,0.002127,172.31.46.0-255,66,169633,42,183612
8482,0.00214,172.31.46.0-255,66,169699,42,183612
8483,0.002159,172.217.194.0-255,1484,171183,42,183612
8484,0.002179,172.217.194.0-255,4320,175503,42,183612
8485,0.002183,172.31.46.0-255,66,175569,42,183612
8486,0.002205,172.31.46.0-255,66,175635,42,183612
8487,0.002218,172.217.194.0-255,1484,177119,42,183612
8488,0.002236,172.217.194.0-255,6085,183204,42,183612
8489,0.002238,172.31.46.0-255,66,183270,42,183612
8490,0.002303,172.217.194.0-255,105,183375,42,183612
8491,0.01689,172.31.46.0-255,66,183441,42,183612
8492,0.016936,172.31.46.0-255,105,183546,42,183612
8493,0.019472,172.217.194.0-255,66,183612,42,183612
8494,0.0,74.125.68.0-255,150,150,42,155197
8495,2.2e-05,172.31.46.0-255,66,216,42,155197
8496,3e-05,74.125.68.0-255,1484,1700,42,155197
8497,3.3e-05,172.31.46.0-255,66,1766,42,155197
8498,3.9e-05,74.125.68.0-255,2902,4668,42,155197
8499,4.2e-05,172.31.46.0-255,66,4734,42,155197
8500,4.8e-05,74.125.68.0-255,5738,10472,42,155197
8501,5.1e-05,172.31.46.0-255,66,10538,42,155197
8502,8.1e-05,74.125.68.0-255,3535,14073,42,155197
8503,8.4e-05,172.31.46.0-255,66,14139,42,155197
8504,9.1e-05,74.125.68.0-255,4320,18459,42,155197
8505,9.3e-05,172.31.46.0-255,66,18525,42,155197
8506,9.6e-05,74.125.68.0-255,1484,20009,42,155197
8507,9.8e-05,172.31.46.0-255,66,20075,42,155197
8508,0.000139,172.31.46.0-255,66,20141,42,155197
8509,0.000143,74.125.68.0-255,2543,22684,42,155197
8510,0.000145,172.31.46.0-255,66,22750,42,155197
8511,0.000229,74.125.68.0-255,1484,24234,42,155197
8512,0.000233,172.31.46.0-255,66,24300,42,155197
8513,0.000238,74.125.68.0-255,2902,27202,42,155197
8514,0.000241,172.31.46.0-255,66,27268,42,155197
8515,0.000288,74.125.68.0-255,5738,33006,42,155197
8516,0.000291,172.31.46.0-255,66,33072,42,155197
8517,0.000297,74.125.68.0-255,4320,37392,42,155197
8518,0.000298,172.31.46.0-255,66,37458,42,155197
8519,0.000305,74.125.68.0-255,5379,42837,42,155197
8520,0.000307,172.31.46.0-255,66,42903,42,155197
8521,0.000334,74.125.68.0-255,5738,48641,42,155197
8522,0.000337,172.31.46.0-255,66,48707,42,155197
8523,0.000344,74.125.68.0-255,7156,55863,42,155197
8524,0.000347,172.31.46.0-255,66,55929,42,155197
8525,0.000364,74.125.68.0-255,1125,57054,42,155197
8526,0.000652,74.125.68.0-255,647,57701,42,155197
8527,0.000677,172.31.46.0-255,66,57767,42,155197
8528,0.000818,74.125.68.0-255,1484,59251,42,155197
8529,0.000822,74.125.68.0-255,1484,60735,42,155197
8530,0.000833,172.31.46.0-255,66,60801,42,155197
8531,0.000837,74.125.68.0-255,1484,62285,42,155197
8532,0.000858,74.125.68.0-255,1484,63769,42,155197
8533,0.000871,74.125.68.0-255,4320,68089,42,155197
8534,0.000876,172.31.46.0-255,66,68155,42,155197
8535,0.000898,74.125.68.0-255,2902,71057,42,155197
8536,0.000903,74.125.68.0-255,4320,75377,42,155197
8537,0.000906,74.125.68.0-255,2902,78279,42,155197
8538,0.00093,74.125.68.0-255,5738,84017,42,155197
8539,0.000937,74.125.68.0-255,4320,88337,42,155197
8540,0.000943,172.31.46.0-255,66,88403,42,155197
8541,0.000966,74.125.68.0-255,1484,89887,42,155197
8542,0.000982,74.125.68.0-255,2184,92071,42,155197
8543,0.000986,172.31.46.0-255,66,92137,42,155197
8544,0.0022,74.125.68.0-255,1484,93621,42,155197
8545,0.002223,74.125.68.0-255,2902,96523,42,155197
8546,0.002229,172.31.46.0-255,66,96589,42,155197
8547,0.002238,74.125.68.0-255,5738,102327,42,155197
8548,0.002244,74.125.68.0-255,5738,108065,42,155197
8549,0.002261,74.125.68.0-255,5738,113803,42,155197
8550,0.002272,74.125.68.0-255,1484,115287,42,155197
8551,0.002293,74.125.68.0-255,2902,118189,42,155197
8552,0.002305,74.125.68.0-255,2902,121091,42,155197
8553,0.002322,74.125.68.0-255,5020,126111,42,155197
8554,0.0062,172.31.46.0-255,66,126177,42,155197
8555,0.008532,74.125.68.0-255,5738,131915,42,155197
8556,0.008543,172.31.46.0-255,66,131981,42,155197
8557,0.010861,74.125.68.0-255,5738,137719,42,155197
8558,0.010874,172.31.46.0-255,66,137785,42,155197
8559,0.013191,74.125.68.0-255,5738,143523,42,155197
8560,0.0132,172.31.46.0-255,66,143589,42,155197
8561,0.015536,74.125.68.0-255,5738,149327,42,155197
8562,0.015554,172.31.46.0-255,66,149393,42,155197
8563,0.017885,74.125.68.0-255,5738,155131,42,155197
8564,0.017897,172.31.46.0-255,66,155197,42,155197
8565,0.0,74.125.24.0-255,153,153,42,169600
8566,1.4e-05,172.31.46.0-255,66,219,42,169600
8567,2.1e-05,74.125.24.0-255,1484,1703,42,169600
8568,2.6e-05,172.31.46.0-255,66,1769,42,169600
8569,4e-05,74.125.24.0-255,2902,4671,42,169600
8570,4.4e-05,172.31.46.0-255,66,4737,42,169600
8571,5.2e-05,74.125.24.0-255,7156,11893,42,169600
8572,5.6e-05,172.31.46.0-255,66,11959,42,169600
8573,6.2e-05,74.125.24.0-255,4916,16875,42,169600
8574,6.5e-05,172.31.46.0-255,66,16941,42,169600
8575,0.000113,172.31.46.0-255,66,17007,42,169600
8576,0.000117,74.125.24.0-255,1484,18491,42,169600
8577,0.000119,172.31.46.0-255,66,18557,42,169600
8578,0.000148,74.125.24.0-255,2902,21459,42,169600
8579,0.00015,172.31.46.0-255,66,21525,42,169600
8580,0.000158,74.125.24.0-255,5738,27263,42,169600
8581,0.00016,172.31.46.0-255,66,27329,42,169600
8582,0.00021,74.125.24.0-255,6797,34126,42,169600
8583,0.000212,172.31.46.0-255,66,34192,42,169600
8584,0.000215,74.125.24.0-255,1484,35676,42,169600
8585,0.000217,172.31.46.0-255,66,35742,42,169600
8586,0.000223,74.125.24.0-255,2902,38644,42,169600
8587,0.000229,172.31.46.0-255,66,38710,42,169600
8588,0.000234,74.125.24.0-255,2902,41612,42,169600
8589,0.000236,172.31.46.0-255,66,41678,42,169600
8590,0.000261,74.125.24.0-255,2902,44580,42,169600
8591,0.000267,172.31.46.0-255,66,44646,42,169600
8592,0.000294,74.125.24.0-255,7092,51738,42,169600
8593,0.000297,172.31.46.0-255,66,51804,42,169600
8594,0.000332,74.125.24.0-255,382,52186,42,169600
8595,0.000335,172.31.46.0-255,66,52252,42,169600
8596,0.00087,74.125.24.0-255,1484,53736,42,169600
8597,0.000878,74.125.24.0-255,2902,56638,42,169600
8598,0.000882,172.31.46.0-255,66,56704,42,169600
8599,0.00089,74.125.24.0-255,5738,62442,42,169600
8600,0.000892,172.31.46.0-255,66,62508,42,169600
8601,0.000923,172.31.46.0-255,66,62574,42,169600
8602,0.000935,172.31.46.0-255,66,62640,42,169600
8603,0.000972,74.125.24.0-255,2902,65542,42,169600
8604,0.000983,172.31.46.0-255,66,65608,42,169600
8605,0.000994,74.125.24.0-255,7156,72764,42,169600
8606,0.001,172.31.46.0-255,66,72830,42,169600
8607,0.001039,172.31.46.0-255,66,72896,42,169600
8608,0.001042,74.125.24.0-255,1484,74380,42,169600
8609,0.001078,172.31.46.0-255,66,74446,42,169600
8610,0.001097,74.125.24.0-255,5738,80184,42,169600
8611,0.001099,172.31.46.0-255,66,80250,42,169600
8612,0.001133,74.125.24.0-255,4320,84570,42,169600
8613,0.001137,172.31.46.0-255,66,84636,42,169600
8614,0.001156,172.31.46.0-255,66,84702,42,169600
8615,0.001177,74.125.24.0-255,5738,90440,42,169600
8616,0.001179,172.31.46.0-255,66,90506,42,169600
8617,0.00119,172.31.46.0-255,66,90572,42,169600
8618,0.001217,74.125.24.0-255,1484,92056,42,169600
8619,0.001222,74.125.24.0-255,2902,94958,42,169600
8620,0.001225,172.31.46.0-255,66,95024,42,169600
8621,0.001231,74.125.24.0-255,5738,100762,42,169600
8622,0.001234,172.31.46.0-255,66,100828,42,169600
8623,0.001252,74.125.24.0-255,2902,103730,42,169600
8624,0.001259,172.31.46.0-255,66,103796,42,169600
8625,0.001293,172.31.46.0-255,66,103862,42,169600
8626,0.001311,172.31.46.0-255,66,103928,42,169600
8627,0.001898,74.125.24.0-255,1484,105412,42,169600
8628,0.001907,74.125.24.0-255,2902,108314,42,169600
8629,0.001912,172.31.46.0-255,66,108380,42,169600
8630,0.00192,74.125.24.0-255,5738,114118,42,169600
8631,0.001922,172.31.46.0-255,66,114184,42,169600
8632,0.001935,74.125.24.0-255,7156,121340,42,169600
8633,0.001937,172.31.46.0-255,66,121406,42,169600
8634,0.00194,74.125.24.0-255,1484,122890,42,169600
8635,0.001988,172.31.46.0-255,66,122956,42,169600
8636,0.001992,74.125.24.0-255,2184,125140,42,169600
8637,0.001994,172.31.46.0-255,66,125206,42,169600
8638,0.002059,74.125.24.0-255,1484,126690,42,169600
8639,0.002063,74.125.24.0-255,2902,129592,42,169600
8640,0.002065,172.31.46.0-255,66,129658,42,169600
8641,0.002072,74.125.24.0-255,5738,135396,42,169600
8642,0.002074,172.31.46.0-255,66,135462,42,169600
8643,0.002114,172.31.46.0-255,66,135528,42,169600
8644,0.002126,172.31.46.0-255,66,135594,42,169600
8645,0.002132,74.125.24.0-255,5738,141332,42,169600
8646,0.002135,172.31.46.0-255,66,141398,42,169600
8647,0.002184,172.31.46.0-255,66,141464,42,169600
8648,0.002195,172.31.46.0-255,66,141530,42,169600
8649,0.002198,74.125.24.0-255,1484,143014,42,169600
8650,0.002255,172.31.46.0-255,66,143080,42,169600
8651,0.002277,172.31.46.0-255,66,143146,42,169600
8652,0.00229,172.31.46.0-255,66,143212,42,169600
8653,0.002324,74.125.24.0-255,2902,146114,42,169600
8654,0.002328,172.31.46.0-255,66,146180,42,169600
8655,0.002353,172.31.46.0-255,66,146246,42,169600
8656,0.002359,74.125.24.0-255,5738,151984,42,169600
8657,0.002363,172.31.46.0-255,66,152050,42,169600
8658,0.004687,74.125.24.0-255,5738,157788,42,169600
8659,0.004707,172.31.46.0-255,66,157854,42,169600
8660,0.007056,74.125.24.0-255,5738,163592,42,169600
8661,0.007065,172.31.46.0-255,66,163658,42,169600
8662,0.009399,74.125.24.0-255,5705,169363,42,169600
8663,0.009404,172.31.46.0-255,66,169429,42,169600
8664,0.011221,172.31.46.0-255,105,169534,42,169600
8665,0.013487,74.125.24.0-255,66,169600,42,169600
8666,0.0,172.217.194.0-255,153,153,42,193206
8667,2.3e-05,172.31.46.0-255,66,219,42,193206
8668,3e-05,172.217.194.0-255,1484,1703,42,193206
8669,3.5e-05,172.31.46.0-255,66,1769,42,193206
8670,4e-05,172.217.194.0-255,2902,4671,42,193206
8671,5e-05,172.31.46.0-255,66,4737,42,193206
8672,5.8e-05,172.217.194.0-255,5738,10475,42,193206
8673,6.1e-05,172.31.46.0-255,66,10541,42,193206
8674,7.7e-05,172.217.194.0-255,1484,12025,42,193206
8675,8e-05,172.31.46.0-255,66,12091,42,193206
8676,0.000115,172.217.194.0-255,1974,14065,42,193206
8677,0.000117,172.31.46.0-255,66,14131,42,193206
8678,0.000191,172.217.194.0-255,1484,15615,42,193206
8679,0.000195,172.31.46.0-255,66,15681,42,193206
8680,0.000198,172.217.194.0-255,1484,17165,42,193206
8681,0.0002,172.31.46.0-255,66,17231,42,193206
8682,0.000223,172.217.194.0-255,1484,18715,42,193206
8683,0.000226,172.31.46.0-255,66,18781,42,193206
8684,0.000238,172.217.194.0-255,5738,24519,42,193206
8685,0.00024,172.31.46.0-255,66,24585,42,193206
8686,0.000245,172.217.194.0-255,4320,28905,42,193206
8687,0.000247,172.31.46.0-255,66,28971,42,193206
8688,0.000287,172.217.194.0-255,5379,34350,42,193206
8689,0.000291,172.31.46.0-255,66,34416,42,193206
8690,0.000296,172.217.194.0-255,4320,38736,42,193206
8691,0.000298,172.31.46.0-255,66,38802,42,193206
8692,0.000318,172.217.194.0-255,1484,40286,42,193206
8693,0.00032,172.31.46.0-255,66,40352,42,193206
8694,0.000351,172.217.194.0-255,4320,44672,42,193206
8695,0.000354,172.31.46.0-255,66,44738,42,193206
8696,0.00038,172.217.194.0-255,3961,48699,42,193206
8697,0.000383,172.31.46.0-255,66,48765,42,193206
8698,0.000638,172.217.194.0-255,1484,50249,42,193206
8699,0.000645,172.217.194.0-255,2902,53151,42,193206
8700,0.000664,172.31.46.0-255,66,53217,42,193206
8701,0.000672,172.217.194.0-255,5738,58955,42,193206
8702,0.000675,172.31.46.0-255,66,59021,42,193206
8703,0.000684,172.217.194.0-255,1484,60505,42,193206
8704,0.000718,172.217.194.0-255,5379,65884,42,193206
8705,0.000722,172.31.46.0-255,66,65950,42,193206
8706,0.00075,172.217.194.0-255,5738,71688,42,193206
8707,0.000753,172.31.46.0-255,66,71754,42,193206
8708,0.000757,172.217.194.0-255,2902,74656,42,193206
8709,0.00076,172.31.46.0-255,66,74722,42,193206
8710,0.000786,172.217.194.0-255,4320,79042,42,193206
8711,0.000793,172.31.46.0-255,66,79108,42,193206
8712,0.0008,172.217.194.0-255,7156,86264,42,193206
8713,0.000802,172.31.46.0-255,66,86330,42,193206
8714,0.000846,172.217.194.0-255,1484,87814,42,193206
8715,0.000851,172.217.194.0-255,4541,92355,42,193206
8716,0.000856,172.31.46.0-255,66,92421,42,193206
8717,0.000859,172.31.46.0-255,66,92487,42,193206
8718,0.000905,172.217.194.0-255,5738,98225,42,193206
8719,0.000908,172.31.46.0-255,66,98291,42,193206
8720,0.000915,172.217.194.0-255,5738,104029,42,193206
8721,0.000918,172.31.46.0-255,66,104095,42,193206
8722,0.000952,172.217.194.0-255,4816,108911,42,193206
8723,0.000955,172.31.46.0-255,66,108977,42,193206
8724,0.001312,172.217.194.0-255,1484,110461,42,193206
8725,0.001319,172.217.194.0-255,2902,113363,42,193206
8726,0.001322,172.31.46.0-255,66,113429,42,193206
8727,0.001357,172.217.194.0-255,5738,119167,42,193206
8728,0.00136,172.31.46.0-255,66,119233,42,193206
8729,0.001367,172.217.194.0-255,7156,126389,42,193206
8730,0.001369,172.31.46.0-255,66,126455,42,193206
8731,0.001421,172.217.194.0-255,2184,128639,42,193206
8732,0.001458,172.31.46.0-255,66,128705,42,193206
8733,0.001465,172.31.46.0-255,66,128771,42,193206
8734,0.001489,172.31.46.0-255,66,128837,42,193206
8735,0.001534,172.31.46.0-255,66,128903,42,193206
8736,0.001585,172.31.46.0-255,66,128969,42,193206
8737,0.001596,172.31.46.0-255,66,129035,42,193206
8738,0.001631,172.217.194.0-255,1484,130519,42,193206
8739,0.001637,172.217.194.0-255,2902,133421,42,193206
8740,0.00164,172.31.46.0-255,66,133487,42,193206
8741,0.001647,172.217.194.0-255,5738,139225,42,193206
8742,0.001649,172.31.46.0-255,66,139291,42,193206
8743,0.001652,172.217.194.0-255,1484,140775,42,193206
8744,0.001696,172.31.46.0-255,66,140841,42,193206
8745,0.001708,172.31.46.0-255,66,140907,42,193206
8746,0.001711,172.217.194.0-255,766,141673,42,193206
8747,0.001759,172.217.194.0-255,1484,143157,42,193206
8748,0.001763,172.31.46.0-255,66,143223,42,193206
8749,0.001773,172.217.194.0-255,1484,144707,42,193206
8750,0.001795,172.217.194.0-255,1484,146191,42,193206
8751,0.001797,172.31.46.0-255,66,146257,42,193206
8752,0.001804,172.217.194.0-255,5738,151995,42,193206
8753,0.001807,172.31.46.0-255,66,152061,42,193206
8754,0.001825,172.31.46.0-255,66,152127,42,193206
8755,0.001833,172.217.194.0-255,7156,159283,42,193206
8756,0.001836,172.31.46.0-255,66,159349,42,193206
8757,0.001859,172.217.194.0-255,3602,162951,42,193206
8758,0.001867,172.31.46.0-255,66,163017,42,193206
8759,0.001955,172.217.194.0-255,1484,164501,42,193206
8760,0.001961,172.217.194.0-255,2902,167403,42,193206
8761,0.001964,172.31.46.0-255,66,167469,42,193206
8762,0.001968,172.217.194.0-255,1484,168953,42,193206
8763,0.001996,172.217.194.0-255,4320,173273,42,193206
8764,0.001999,172.31.46.0-255,66,173339,42,193206
8765,0.002004,172.217.194.0-255,4320,177659,42,193206
8766,0.002006,172.31.46.0-255,66,177725,42,193206
8767,0.002055,172.31.46.0-255,66,177791,42,193206
8768,0.002067,172.31.46.0-255,66,177857,42,193206
8769,0.002122,172.217.194.0-255,1484,179341,42,193206
8770,0.002126,172.217.194.0-255,1484,180825,42,193206
8771,0.002129,172.31.46.0-255,66,180891,42,193206
8772,0.002158,172.217.194.0-255,1484,182375,42,193206
8773,0.002164,172.217.194.0-255,5738,188113,42,193206
8774,0.002167,172.31.46.0-255,66,188179,42,193206
8775,0.002215,172.217.194.0-255,4320,192499,42,193206
8776,0.002227,172.31.46.0-255,66,192565,42,193206
8777,0.002269,172.31.46.0-255,66,192631,42,193206
8778,0.00228,172.31.46.0-255,66,192697,42,193206
8779,0.00235,172.31.46.0-255,66,192763,42,193206
8780,0.003398,172.31.46.0-255,101,192864,42,193206
8781,0.004616,172.217.194.0-255,105,192969,42,193206
8782,0.004667,172.31.46.0-255,105,193074,42,193206
8783,0.005666,172.217.194.0-255,66,193140,42,193206
8784,0.00694,172.217.194.0-255,66,193206,42,193206
8785,0.0,74.125.24.0-255,152,152,42,203935
8786,1.8e-05,172.31.46.0-255,66,218,42,203935
8787,2.5e-05,74.125.24.0-255,1484,1702,42,203935
8788,2.9e-05,172.31.46.0-255,66,1768,42,203935
8789,3.4e-05,74.125.24.0-255,2902,4670,42,203935
8790,3.7e-05,172.31.46.0-255,66,4736,42,203935
8791,5.8e-05,74.125.24.0-255,4320,9056,42,203935
8792,6e-05,172.31.46.0-255,66,9122,42,203935
8793,8.4e-05,74.125.24.0-255,2902,12024,42,203935
8794,8.6e-05,172.31.46.0-255,66,12090,42,203935
8795,9.1e-05,74.125.24.0-255,3526,15616,42,203935
8796,9.3e-05,172.31.46.0-255,66,15682,42,203935
8797,9.8e-05,74.125.24.0-255,4320,20002,42,203935
8798,0.0001,172.31.46.0-255,66,20068,42,203935
8799,0.000105,74.125.24.0-255,4320,24388,42,203935
8800,0.000107,172.31.46.0-255,66,24454,42,203935
8801,0.000125,74.125.24.0-255,5738,30192,42,203935
8802,0.000127,172.31.46.0-255,66,30258,42,203935
8803,0.00013,74.125.24.0-255,1125,31383,42,203935
8804,0.000132,172.31.46.0-255,66,31449,42,203935
8805,0.000192,74.125.24.0-255,1484,32933,42,203935
8806,0.000195,172.31.46.0-255,66,32999,42,203935
8807,0.000212,74.125.24.0-255,2902,35901,42,203935
8808,0.000214,172.31.46.0-255,66,35967,42,203935
8809,0.00022,74.125.24.0-255,5738,41705,42,203935
8810,0.000221,172.31.46.0-255,66,41771,42,203935
8811,0.000224,74.125.24.0-255,1484,43255,42,203935
8812,0.000226,172.31.46.0-255,66,43321,42,203935
8813,0.000251,74.125.24.0-255,4320,47641,42,203935
8814,0.000253,172.31.46.0-255,66,47707,42,203935
8815,0.000259,74.125.24.0-255,5738,53445,42,203935
8816,0.00026,172.31.46.0-255,66,53511,42,203935
8817,0.000276,74.125.24.0-255,7156,60667,42,203935
8818,0.000278,172.31.46.0-255,66,60733,42,203935
8819,0.000304,74.125.24.0-255,5316,66049,42,203935
8820,0.000306,172.31.46.0-255,66,66115,42,203935
8821,0.000323,74.125.24.0-255,132,66247,42,203935
8822,0.000549,74.125.24.0-255,1484,67731,42,203935
8823,0.000554,172.31.46.0-255,66,67797,42,203935
8824,0.00056,74.125.24.0-255,2902,70699,42,203935
8825,0.000562,172.31.46.0-255,66,70765,42,203935
8826,0.000585,74.125.24.0-255,4320,75085,42,203935
8827,0.000588,172.31.46.0-255,66,75151,42,203935
8828,0.000603,74.125.24.0-255,1484,76635,42,203935
8829,0.000606,74.125.24.0-255,1484,78119,42,203935
8830,0.000608,172.31.46.0-255,66,78185,42,203935
8831,0.000623,74.125.24.0-255,5738,83923,42,203935
8832,0.000627,172.31.46.0-255,66,83989,42,203935
8833,0.000654,172.31.46.0-255,66,84055,42,203935
8834,0.000695,74.125.24.0-255,2902,86957,42,203935
8835,0.000699,172.31.46.0-255,66,87023,42,203935
8836,0.000729,74.125.24.0-255,3881,90904,42,203935
8837,0.000732,172.31.46.0-255,66,90970,42,203935
8838,0.00122,74.125.24.0-255,1484,92454,42,203935
8839,0.001229,74.125.24.0-255,2902,95356,42,203935
8840,0.001234,172.31.46.0-255,66,95422,42,203935
8841,0.001256,74.125.24.0-255,5738,101160,42,203935
8842,0.001259,172.31.46.0-255,66,101226,42,203935
8843,0.001295,74.125.24.0-255,2902,104128,42,203935
8844,0.001298,172.31.46.0-255,66,104194,42,203935
8845,0.001321,74.125.24.0-255,4320,108514,42,203935
8846,0.001323,172.31.46.0-255,66,108580,42,203935
8847,0.00133,74.125.24.0-255,7156,115736,42,203935
8848,0.001333,172.31.46.0-255,66,115802,42,203935
8849,0.001355,74.125.24.0-255,5738,121540,42,203935
8850,0.001357,172.31.46.0-255,66,121606,42,203935
8851,0.00137,74.125.24.0-255,3602,125208,42,203935
8852,0.001373,172.31.46.0-255,66,125274,42,203935
8853,0.001748,74.125.24.0-255,1484,126758,42,203935
8854,0.001755,74.125.24.0-255,1484,128242,42,203935
8855,0.00176,172.31.46.0-255,66,128308,42,203935
8856,0.001778,74.125.24.0-255,1484,129792,42,203935
8857,0.001786,74.125.24.0-255,5738,135530,42,203935
8858,0.001788,172.31.46.0-255,66,135596,42,203935
8859,0.001819,172.31.46.0-255,66,135662,42,203935
8860,0.001844,74.125.24.0-255,2902,138564,42,203935
8861,0.001846,172.31.46.0-255,66,138630,42,203935
8862,0.001858,172.31.46.0-255,66,138696,42,203935
8863,0.001865,74.125.24.0-255,7156,145852,42,203935
8864,0.001869,172.31.46.0-255,66,145918,42,203935
8865,0.001887,74.125.24.0-255,5020,150938,42,203935
8866,0.001889,172.31.46.0-255,66,151004,42,203935
8867,0.001903,172.31.46.0-255,66,151070,42,203935
8868,0.001905,74.125.24.0-255,1484,152554,42,203935
8869,0.001931,172.31.46.0-255,66,152620,42,203935
8870,0.001967,74.125.24.0-255,4320,156940,42,203935
8871,0.001969,172.31.46.0-255,66,157006,42,203935
8872,0.002003,172.31.46.0-255,66,157072,42,203935
8873,0.002031,172.31.46.0-255,66,157138,42,203935
8874,0.002069,172.31.46.0-255,66,157204,42,203935
8875,0.002072,74.125.24.0-255,1484,158688,42,203935
8876,0.002089,74.125.24.0-255,4320,163008,42,203935
8877,0.002092,172.31.46.0-255,66,163074,42,203935
8878,0.002137,172.31.46.0-255,66,163140,42,203935
8879,0.004407,74.125.24.0-255,5738,168878,42,203935
8880,0.004415,172.31.46.0-255,66,168944,42,203935
8881,0.00482,172.31.46.0-255,101,169045,42,203935
8882,0.006698,74.125.24.0-255,5738,174783,42,203935
8883,0.006704,172.31.46.0-255,66,174849,42,203935
8884,0.007063,74.125.24.0-255,66,174915,42,203935
8885,0.008956,74.125.24.0-255,5738,180653,42,203935
8886,0.008964,172.31.46.0-255,66,180719,42,203935
8887,0.011253,74.125.24.0-255,5738,186457,42,203935
8888,0.011259,172.31.46.0-255,66,186523,42,203935
8889,0.013507,74.125.24.0-255,5738,192261,42,203935
8890,0.013513,172.31.46.0-255,66,192327,42,203935
8891,0.015758,74.125.24.0-255,5738,198065,42,203935
8892,0.015766,172.31.46.0-255,66,198131,42,203935
8893,0.018004,74.125.24.0-255,5738,203869,42,203935
8894,0.01801,172.31.46.0-255,66,203935,42,203935
8895,0.0,172.217.194.0-255,152,152,42,136349
8896,1.1e-05,172.31.46.0-255,66,218,42,136349
8897,1.6e-05,172.217.194.0-255,1484,1702,42,136349
8898,2.1e-05,172.31.46.0-255,66,1768,42,136349
8899,2.6e-05,172.217.194.0-255,2902,4670,42,136349
8900,3.3e-05,172.31.46.0-255,66,4736,42,136349
8901,3.6e-05,172.217.194.0-255,1484,6220,42,136349
8902,3.9e-05,172.31.46.0-255,66,6286,42,136349
8903,6e-05,172.217.194.0-255,5738,12024,42,136349
8904,6.5e-05,172.31.46.0-255,66,12090,42,136349
8905,6.9e-05,172.217.194.0-255,2138,14228,42,136349
8906,7.1e-05,172.31.46.0-255,66,14294,42,136349
8907,0.00011,172.217.194.0-255,5738,20032,42,136349
8908,0.000113,172.31.46.0-255,66,20098,42,136349
8909,0.000141,172.217.194.0-255,5738,25836,42,136349
8910,0.000143,172.31.46.0-255,66,25902,42,136349
8911,0.000149,172.217.194.0-255,5379,31281,42,136349
8912,0.000151,172.31.46.0-255,66,31347,42,136349
8913,0.000213,172.217.194.0-255,1484,32831,42,136349
8914,0.000215,172.31.46.0-255,66,32897,42,136349
8915,0.00022,172.217.194.0-255,2902,35799,42,136349
8916,0.000221,172.31.46.0-255,66,35865,42,136349
8917,0.000252,172.217.194.0-255,5738,41603,42,136349
8918,0.000255,172.31.46.0-255,66,41669,42,136349
8919,0.000274,172.217.194.0-255,1484,43153,42,136349
8920,0.000276,172.31.46.0-255,66,43219,42,136349
8921,0.0003,172.217.194.0-255,5379,48598,42,136349
8922,0.000302,172.31.46.0-255,66,48664,42,136349
8923,0.000373,172.217.194.0-255,1484,50148,42,136349
8924,0.000376,172.31.46.0-255,66,50214,42,136349
8925,0.00038,172.217.194.0-255,2902,53116,42,136349
8926,0.000383,172.31.46.0-255,66,53182,42,136349
8927,0.000386,172.217.194.0-255,1484,54666,42,136349
8928,0.000407,172.217.194.0-255,4320,58986,42,136349
8929,0.000409,172.31.46.0-255,66,59052,42,136349
8930,0.000413,172.217.194.0-255,2902,61954,42,136349
8931,0.000414,172.31.46.0-255,66,62020,42,136349
8932,0.000445,172.217.194.0-255,3961,65981,42,136349
8933,0.000447,172.31.46.0-255,66,66047,42,136349
8934,0.000686,172.217.194.0-255,646,66693,42,136349
8935,0.000955,172.31.46.0-255,66,66759,42,136349
8936,0.001114,172.217.194.0-255,1484,68243,42,136349
8937,0.001132,172.217.194.0-255,2902,71145,42,136349
8938,0.001136,172.31.46.0-255,66,71211,42,136349
8939,0.001143,172.217.194.0-255,5738,76949,42,136349
8940,0.001145,172.31.46.0-255,66,77015,42,136349
8941,0.001152,172.217.194.0-255,1484,78499,42,136349
8942,0.001177,172.31.46.0-255,66,78565,42,136349
8943,0.001209,172.217.194.0-255,1484,80049,42,136349
8944,0.001221,172.31.46.0-255,66,80115,42,136349
8945,0.001224,172.217.194.0-255,766,80881,42,136349
8946,0.00173,172.31.46.0-255,66,80947,42,136349
8947,0.002029,172.217.194.0-255,1484,82431,42,136349
8948,0.002038,172.217.194.0-255,2902,85333,42,136349
8949,0.002042,172.31.46.0-255,66,85399,42,136349
8950,0.002049,172.217.194.0-255,5738,91137,42,136349
8951,0.002051,172.31.46.0-255,66,91203,42,136349
8952,0.002055,172.217.194.0-255,2902,94105,42,136349
8953,0.002057,172.31.46.0-255,66,94171,42,136349
8954,0.002074,172.217.194.0-255,5738,99909,42,136349
8955,0.00208,172.31.46.0-255,66,99975,42,136349
8956,0.002099,172.217.194.0-255,1484,101459,42,136349
8957,0.002127,172.31.46.0-255,66,101525,42,136349
8958,0.004699,172.217.194.0-255,5738,107263,42,136349
8959,0.004703,172.31.46.0-255,66,107329,42,136349
8960,0.007263,172.217.194.0-255,5738,113067,42,136349
8961,0.007269,172.31.46.0-255,66,113133,42,136349
8962,0.009845,172.217.194.0-255,5738,118871,42,136349
8963,0.009853,172.31.46.0-255,66,118937,42,136349
8964,0.012437,172.217.194.0-255,5738,124675,42,136349
8965,0.012445,172.31.46.0-255,66,124741,42,136349
8966,0.015025,172.217.194.0-255,5738,130479,42,136349
8967,0.015036,172.31.46.0-255,66,130545,42,136349
8968,0.017598,172.217.194.0-255,5738,136283,42,136349
8969,0.017607,172.31.46.0-255,66,136349,42,136349
8970,0.0,74.125.24.0-255,153,153,42,120514
8971,1.9e-05,172.31.46.0-255,66,219,42,120514
8972,2.6e-05,74.125.24.0-255,1484,1703,42,120514
8973,3.1e-05,172.31.46.0-255,66,1769,42,120514
8974,3.5e-05,74.125.24.0-255,1484,3253,42,120514
8975,3.8e-05,172.31.46.0-255,66,3319,42,120514
8976,5.6e-05,74.125.24.0-255,1484,4803,42,120514
8977,5.8e-05,172.31.46.0-255,66,4869,42,120514
8978,6.7e-05,74.125.24.0-255,7156,12025,42,120514
8979,7e-05,172.31.46.0-255,66,12091,42,120514
8980,9.5e-05,74.125.24.0-255,2126,14217,42,120514
8981,9.7e-05,172.31.46.0-255,66,14283,42,120514
8982,0.000124,172.31.46.0-255,66,14349,42,120514
8983,0.000143,74.125.24.0-255,2902,17251,42,120514
8984,0.000146,172.31.46.0-255,66,17317,42,120514
8985,0.000153,74.125.24.0-255,5379,22696,42,120514
8986,0.000155,172.31.46.0-255,66,22762,42,120514
8987,0.000246,74.125.24.0-255,1484,24246,42,120514
8988,0.000249,172.31.46.0-255,66,24312,42,120514
8989,0.000253,74.125.24.0-255,1484,25796,42,120514
8990,0.000256,172.31.46.0-255,66,25862,42,120514
8991,0.000274,74.125.24.0-255,1484,27346,42,120514
8992,0.000276,172.31.46.0-255,66,27412,42,120514
8993,0.000284,74.125.24.0-255,5738,33150,42,120514
8994,0.000287,172.31.46.0-255,66,33216,42,120514
8995,0.000292,74.125.24.0-255,4320,37536,42,120514
8996,0.000295,172.31.46.0-255,66,37602,42,120514
8997,0.00034,172.31.46.0-255,66,37668,42,120514
8998,0.000347,74.125.24.0-255,7076,44744,42,120514
8999,0.000349,172.31.46.0-255,66,44810,42,120514
9000,0.000378,74.125.24.0-255,376,45186,42,120514
9001,0.000504,74.125.24.0-255,1484,46670,42,120514
9002,0.000508,172.31.46.0-255,66,46736,42,120514
9003,0.000523,74.125.24.0-255,2902,49638,42,120514
9004,0.000525,172.31.46.0-255,66,49704,42,120514
9005,0.00053,74.125.24.0-255,2902,52606,42,120514
9006,0.000533,172.31.46.0-255,66,52672,42,120514
9007,0.000561,74.125.24.0-255,7156,59828,42,120514
9008,0.000564,172.31.46.0-255,66,59894,42,120514
9009,0.00058,74.125.24.0-255,2543,62437,42,120514
9010,0.000583,172.31.46.0-255,66,62503,42,120514
9011,0.00107,74.125.24.0-255,1484,63987,42,120514
9012,0.001078,74.125.24.0-255,2902,66889,42,120514
9013,0.001082,172.31.46.0-255,66,66955,42,120514
9014,0.001087,74.125.24.0-255,2902,69857,42,120514
9015,0.001089,172.31.46.0-255,66,69923,42,120514
9016,0.001095,74.125.24.0-255,4320,74243,42,120514
9017,0.001097,172.31.46.0-255,66,74309,42,120514
9018,0.001139,74.125.24.0-255,2902,77211,42,120514
9019,0.001143,172.31.46.0-255,66,77277,42,120514
9020,0.001167,74.125.24.0-255,2543,79820,42,120514
9021,0.00117,172.31.46.0-255,66,79886,42,120514
9022,0.003481,74.125.24.0-255,5738,85624,42,120514
9023,0.003487,172.31.46.0-255,66,85690,42,120514
9024,0.005849,74.125.24.0-255,5738,91428,42,120514
9025,0.00586,172.31.46.0-255,66,91494,42,120514
9026,0.008214,74.125.24.0-255,5738,97232,42,120514
9027,0.008224,172.31.46.0-255,66,97298,42,120514
9028,0.010559,74.125.24.0-255,5738,103036,42,120514
9029,0.010566,172.31.46.0-255,66,103102,42,120514
9030,0.012912,74.125.24.0-255,5738,108840,42,120514
9031,0.012923,172.31.46.0-255,66,108906,42,120514
9032,0.015298,74.125.24.0-255,5738,114644,42,120514
9033,0.015308,172.31.46.0-255,66,114710,42,120514
9034,0.017679,74.125.24.0-255,5738,120448,42,120514
9035,0.01769,172.31.46.0-255,66,120514,42,120514
9036,0.0,172.253.118.0-255,297,297,42,159406
9037,1.7e-05,172.31.46.0-255,66,363,42,159406
9038,2.4e-05,172.253.118.0-255,1484,1847,42,159406
9039,2.9e-05,172.31.46.0-255,66,1913,42,159406
9040,4.2e-05,172.253.118.0-255,4320,6233,42,159406
9041,4.5e-05,172.31.46.0-255,66,6299,42,159406
9042,5.2e-05,172.253.118.0-255,7156,13455,42,159406
9043,5.5e-05,172.31.46.0-255,66,13521,42,159406
9044,5.8e-05,172.253.118.0-255,495,14016,42,159406
9045,6.1e-05,172.31.46.0-255,66,14082,42,159406
9046,0.000123,172.253.118.0-255,1484,15566,42,159406
9047,0.000126,172.31.46.0-255,66,15632,42,159406
9048,0.000156,172.253.118.0-255,2902,18534,42,159406
9049,0.00016,172.31.46.0-255,66,18600,42,159406
9050,0.000179,172.253.118.0-255,4320,22920,42,159406
9051,0.000185,172.31.46.0-255,66,22986,42,159406
9052,0.000232,172.253.118.0-255,4320,27306,42,159406
9053,0.000234,172.31.46.0-255,66,27372,42,159406
9054,0.000266,172.253.118.0-255,3961,31333,42,159406
9055,0.000269,172.31.46.0-255,66,31399,42,159406
9056,0.000351,172.253.118.0-255,1484,32883,42,159406
9057,0.000354,172.31.46.0-255,66,32949,42,159406
9058,0.000381,172.253.118.0-255,1484,34433,42,159406
9059,0.000384,172.31.46.0-255,66,34499,42,159406
9060,0.00041,172.253.118.0-255,1484,35983,42,159406
9061,0.000413,172.31.46.0-255,66,36049,42,159406
9062,0.000416,172.253.118.0-255,1484,37533,42,159406
9063,0.000418,172.31.46.0-255,66,37599,42,159406
9064,0.000429,172.253.118.0-255,5738,43337,42,159406
9065,0.000432,172.31.46.0-255,66,43403,42,159406
9066,0.000444,172.31.46.0-255,66,43469,42,159406
9067,0.000475,172.253.118.0-255,5738,49207,42,159406
9068,0.000478,172.31.46.0-255,66,49273,42,159406
9069,0.000497,172.253.118.0-255,5738,55011,42,159406
9070,0.000499,172.31.46.0-255,66,55077,42,159406
9071,0.000502,172.253.118.0-255,766,55843,42,159406
9072,0.000525,172.253.118.0-255,358,56201,42,159406
9073,0.000619,172.253.118.0-255,135,56336,42,159406
9074,0.000827,172.253.118.0-255,1484,57820,42,159406
9075,0.000832,172.31.46.0-255,66,57886,42,159406
9076,0.000839,172.253.118.0-255,2902,60788,42,159406
9077,0.000842,172.31.46.0-255,66,60854,42,159406
9078,0.000848,172.253.118.0-255,5738,66592,42,159406
9079,0.00085,172.31.46.0-255,66,66658,42,159406
9080,0.000883,172.253.118.0-255,7156,73814,42,159406
9081,0.000891,172.31.46.0-255,66,73880,42,159406
9082,0.000919,172.253.118.0-255,5738,79618,42,159406
9083,0.000922,172.31.46.0-255,66,79684,42,159406
9084,0.000933,172.31.46.0-255,66,79750,42,159406
9085,0.000936,172.253.118.0-255,766,80516,42,159406
9086,0.001384,172.253.118.0-255,1484,82000,42,159406
9087,0.001388,172.31.46.0-255,66,82066,42,159406
9088,0.001394,172.253.118.0-255,2902,84968,42,159406
9089,0.001397,172.31.46.0-255,66,85034,42,159406
9090,0.001403,172.253.118.0-255,4320,89354,42,159406
9091,0.001409,172.31.46.0-255,66,89420,42,159406
9092,0.001443,172.253.118.0-255,1484,90904,42,159406
9093,0.001457,172.31.46.0-255,66,90970,42,159406
9094,0.001466,172.31.46.0-255,66,91036,42,159406
9095,0.00149,172.253.118.0-255,1484,92520,42,159406
9096,0.0015,172.253.118.0-255,766,93286,42,159406
9097,0.001503,172.31.46.0-255,66,93352,42,159406
9098,0.001632,172.253.118.0-255,1484,94836,42,159406
9099,0.001647,172.253.118.0-255,2902,97738,42,159406
9100,0.00165,172.31.46.0-255,66,97804,42,159406
9101,0.001689,172.253.118.0-255,5738,103542,42,159406
9102,0.001692,172.31.46.0-255,66,103608,42,159406
9103,0.001697,172.253.118.0-255,2902,106510,42,159406
9104,0.001699,172.31.46.0-255,66,106576,42,159406
9105,0.001735,172.31.46.0-255,66,106642,42,159406
9106,0.00176,172.253.118.0-255,1484,108126,42,159406
9107,0.001787,172.31.46.0-255,66,108192,42,159406
9108,0.002238,172.253.118.0-255,1484,109676,42,159406
9109,0.002244,172.253.118.0-255,2902,112578,42,159406
9110,0.002249,172.31.46.0-255,66,112644,42,159406
9111,0.002253,172.253.118.0-255,1484,114128,42,159406
9112,0.002281,172.253.118.0-255,4320,118448,42,159406
9113,0.002283,172.31.46.0-255,66,118514,42,159406
9114,0.002297,172.31.46.0-255,66,118580,42,159406
9115,0.002316,172.31.46.0-255,66,118646,42,159406
9116,0.002373,172.31.46.0-255,66,118712,42,159406
9117,0.002418,172.31.46.0-255,66,118778,42,159406
9118,0.004772,172.253.118.0-255,5738,124516,42,159406
9119,0.004779,172.31.46.0-255,66,124582,42,159406
9120,0.007119,172.253.118.0-255,5738,130320,42,159406
9121,0.007127,172.31.46.0-255,66,130386,42,159406
9122,0.00947,172.253.118.0-255,5738,136124,42,159406
9123,0.009478,172.31.46.0-255,66,136190,42,159406
9124,0.011815,172.253.118.0-255,5738,141928,42,159406
9125,0.011823,172.31.46.0-255,66,141994,42,159406
9126,0.014164,172.253.118.0-255,5738,147732,42,159406
9127,0.014173,172.31.46.0-255,66,147798,42,159406
9128,0.016524,172.253.118.0-255,5738,153536,42,159406
9129,0.016535,172.31.46.0-255,66,153602,42,159406
9130,0.018888,172.253.118.0-255,5738,159340,42,159406
9131,0.018896,172.31.46.0-255,66,159406,42,159406
9132,0.0,74.125.130.0-255,150,150,42,268316
9133,2.2e-05,172.31.46.0-255,66,216,42,268316
9134,2.9e-05,74.125.130.0-255,1484,1700,42,268316
9135,3.3e-05,172.31.46.0-255,66,1766,42,268316
9136,4e-05,74.125.130.0-255,2902,4668,42,268316
9137,4.3e-05,172.31.46.0-255,66,4734,42,268316
9138,4.6e-05,74.125.130.0-255,1484,6218,42,268316
9139,4.9e-05,172.31.46.0-255,66,6284,42,268316
9140,5.4e-05,74.125.130.0-255,2902,9186,42,268316
9141,5.7e-05,172.31.46.0-255,66,9252,42,268316
9142,9.7e-05,74.125.130.0-255,4956,14208,42,268316
9143,0.0001,172.31.46.0-255,66,14274,42,268316
9144,0.000134,74.125.130.0-255,1484,15758,42,268316
9145,0.000136,172.31.46.0-255,66,15824,42,268316
9146,0.000157,74.125.130.0-255,2902,18726,42,268316
9147,0.000159,172.31.46.0-255,66,18792,42,268316
9148,0.000165,74.125.130.0-255,5738,24530,42,268316
9149,0.000167,172.31.46.0-255,66,24596,42,268316
9150,0.000194,74.125.130.0-255,6797,31393,42,268316
9151,0.000197,172.31.46.0-255,66,31459,42,268316
9152,0.000319,74.125.130.0-255,1484,32943,42,268316
9153,0.000324,172.31.46.0-255,66,33009,42,268316
9154,0.00033,74.125.130.0-255,2902,35911,42,268316
9155,0.000333,172.31.46.0-255,66,35977,42,268316
9156,0.000349,74.125.130.0-255,5738,41715,42,268316
9157,0.000352,172.31.46.0-255,66,41781,42,268316
9158,0.000355,74.125.130.0-255,1484,43265,42,268316
9159,0.000357,172.31.46.0-255,66,43331,42,268316
9160,0.000382,74.125.130.0-255,5379,48710,42,268316
9161,0.000385,172.31.46.0-255,66,48776,42,268316
9162,0.000388,74.125.130.0-255,1484,50260,42,268316
9163,0.00039,172.31.46.0-255,66,50326,42,268316
9164,0.00041,74.125.130.0-255,5738,56064,42,268316
9165,0.000412,172.31.46.0-255,66,56130,42,268316
9166,0.000447,172.31.46.0-255,66,56196,42,268316
9167,0.000464,74.125.130.0-255,1125,57321,42,268316
9168,0.000467,74.125.130.0-255,363,57684,42,268316
9169,0.000602,74.125.130.0-255,1484,59168,42,268316
9170,0.000606,172.31.46.0-255,66,59234,42,268316
9171,0.000611,74.125.130.0-255,2902,62136,42,268316
9172,0.000614,172.31.46.0-255,66,62202,42,268316
9173,0.000617,74.125.130.0-255,1484,63686,42,268316
9174,0.000648,74.125.130.0-255,4320,68006,42,268316
9175,0.000652,172.31.46.0-255,66,68072,42,268316
9176,0.000658,74.125.130.0-255,2902,70974,42,268316
9177,0.000661,172.31.46.0-255,66,71040,42,268316
9178,0.000666,74.125.130.0-255,3961,75001,42,268316
9179,0.000669,172.31.46.0-255,66,75067,42,268316
9180,0.0007,172.31.46.0-255,66,75133,42,268316
9181,0.000743,74.125.130.0-255,2902,78035,42,268316
9182,0.000746,172.31.46.0-255,66,78101,42,268316
9183,0.000752,74.125.130.0-255,4320,82421,42,268316
9184,0.000754,172.31.46.0-255,66,82487,42,268316
9185,0.000771,74.125.130.0-255,1125,83612,42,268316
9186,0.000792,74.125.130.0-255,1484,85096,42,268316
9187,0.000795,172.31.46.0-255,66,85162,42,268316
9188,0.000799,74.125.130.0-255,1484,86646,42,268316
9189,0.000815,74.125.130.0-255,1484,88130,42,268316
9190,0.000817,172.31.46.0-255,66,88196,42,268316
9191,0.000824,74.125.130.0-255,5738,93934,42,268316
9192,0.000826,172.31.46.0-255,66,94000,42,268316
9193,0.000851,74.125.130.0-255,5738,99738,42,268316
9194,0.000854,172.31.46.0-255,66,99804,42,268316
9195,0.000874,74.125.130.0-255,1484,101288,42,268316
9196,0.000895,74.125.130.0-255,4320,105608,42,268316
9197,0.000898,172.31.46.0-255,66,105674,42,268316
9198,0.000914,74.125.130.0-255,1484,107158,42,268316
9199,0.000948,172.31.46.0-255,66,107224,42,268316
9200,0.00098,74.125.130.0-255,1484,108708,42,268316
9201,0.001003,74.125.130.0-255,2902,111610,42,268316
9202,0.001006,172.31.46.0-255,66,111676,42,268316
9203,0.001058,74.125.130.0-255,1484,113160,42,268316
9204,0.00107,74.125.130.0-255,4320,117480,42,268316
9205,0.001072,172.31.46.0-255,66,117546,42,268316
9206,0.001077,74.125.130.0-255,4320,121866,42,268316
9207,0.001079,172.31.46.0-255,66,121932,42,268316
9208,0.001085,74.125.130.0-255,5738,127670,42,268316
9209,0.001087,172.31.46.0-255,66,127736,42,268316
9210,0.001092,74.125.130.0-255,4320,132056,42,268316
9211,0.001094,172.31.46.0-255,66,132122,42,268316
9212,0.001112,74.125.130.0-255,7156,139278,42,268316
9213,0.001114,172.31.46.0-255,66,139344,42,268316
9214,0.001156,74.125.130.0-255,2184,141528,42,268316
9215,0.001158,172.31.46.0-255,66,141594,42,268316
9216,0.001897,74.125.130.0-255,1484,143078,42,268316
9217,0.001932,74.125.130.0-255,2902,145980,42,268316
9218,0.001935,172.31.46.0-255,66,146046,42,268316
9219,0.00194,74.125.130.0-255,2902,148948,42,268316
9220,0.001942,172.31.46.0-255,66,149014,42,268316
9221,0.001957,74.125.130.0-255,1484,150498,42,268316
9222,0.001968,74.125.130.0-255,1484,151982,42,268316
9223,0.00197,172.31.46.0-255,66,152048,42,268316
9224,0.001994,74.125.130.0-255,7156,159204,42,268316
9225,0.001996,172.31.46.0-255,66,159270,42,268316
9226,0.002006,172.31.46.0-255,66,159336,42,268316
9227,0.002043,74.125.130.0-255,2902,162238,42,268316
9228,0.002046,172.31.46.0-255,66,162304,42,268316
9229,0.002063,74.125.130.0-255,3602,165906,42,268316
9230,0.002065,172.31.46.0-255,66,165972,42,268316
9231,0.00208,74.125.130.0-255,1484,167456,42,268316
9232,0.002102,74.125.130.0-255,2902,170358,42,268316
9233,0.002105,172.31.46.0-255,66,170424,42,268316
9234,0.002108,74.125.130.0-255,1484,171908,42,268316
9235,0.002124,74.125.130.0-255,4320,176228,42,268316
9236,0.002126,172.31.46.0-255,66,176294,42,268316
9237,0.002167,74.125.130.0-255,7156,183450,42,268316
9238,0.00217,172.31.46.0-255,66,183516,42,268316
9239,0.002188,74.125.130.0-255,4320,187836,42,268316
9240,0.002191,172.31.46.0-255,66,187902,42,268316
9241,0.002212,74.125.130.0-255,4320,192222,42,268316
9242,0.002215,172.31.46.0-255,66,192288,42,268316
9243,0.00223,74.125.130.0-255,4320,196608,42,268316
9244,0.002232,172.31.46.0-255,66,196674,42,268316
9245,0.002246,74.125.130.0-255,3602,200276,42,268316
9246,0.002248,172.31.46.0-255,66,200342,42,268316
9247,0.002339,74.125.130.0-255,1484,201826,42,268316
9248,0.002344,74.125.130.0-255,2902,204728,42,268316
9249,0.002346,172.31.46.0-255,66,204794,42,268316
9250,0.002349,74.125.130.0-255,1484,206278,42,268316
9251,0.002353,74.125.130.0-255,2902,209180,42,268316
9252,0.002355,172.31.46.0-255,66,209246,42,268316
9253,0.002357,74.125.130.0-255,1484,210730,42,268316
9254,0.002384,74.125.130.0-255,4320,215050,42,268316
9255,0.002387,172.31.46.0-255,66,215116,42,268316
9256,0.002391,74.125.130.0-255,2902,218018,42,268316
9257,0.002393,172.31.46.0-255,66,218084,42,268316
9258,0.002411,74.125.130.0-255,5738,223822,42,268316
9259,0.002413,172.31.46.0-255,66,223888,42,268316
9260,0.002442,74.125.130.0-255,4320,228208,42,268316
9261,0.002444,172.31.46.0-255,66,228274,42,268316
9262,0.00246,74.125.130.0-255,1484,229758,42,268316
9263,0.002505,74.125.130.0-255,5020,234778,42,268316
9264,0.002508,172.31.46.0-255,66,234844,42,268316
9265,0.005055,74.125.130.0-255,5738,240582,42,268316
9266,0.005062,172.31.46.0-255,66,240648,42,268316
9267,0.007638,74.125.130.0-255,5738,246386,42,268316
9268,0.007645,172.31.46.0-255,66,246452,42,268316
9269,0.010186,74.125.130.0-255,5738,252190,42,268316
9270,0.010192,172.31.46.0-255,66,252256,42,268316
9271,0.012749,74.125.130.0-255,4320,256576,42,268316
9272,0.012755,172.31.46.0-255,66,256642,42,268316
9273,0.01277,74.125.130.0-255,1484,258126,42,268316
9274,0.0153,74.125.130.0-255,4320,262446,42,268316
9275,0.015309,172.31.46.0-255,66,262512,42,268316
9276,0.017853,74.125.130.0-255,5738,268250,42,268316
9277,0.01786,172.31.46.0-255,66,268316,42,268316
9278,0.0,74.125.24.0-255,152,152,42,134839
9279,2e-05,172.31.46.0-255,66,218,42,134839
9280,2.7e-05,74.125.24.0-255,1484,1702,42,134839
9281,3.2e-05,172.31.46.0-255,66,1768,42,134839
9282,3.8e-05,74.125.24.0-255,2902,4670,42,134839
9283,4.1e-05,172.31.46.0-255,66,4736,42,134839
9284,4.9e-05,74.125.24.0-255,7156,11892,42,134839
9285,5.3e-05,172.31.46.0-255,66,11958,42,134839
9286,0.0001,74.125.24.0-255,1975,13933,42,134839
9287,0.000104,172.31.46.0-255,66,13999,42,134839
9288,0.000158,74.125.24.0-255,1484,15483,42,134839
9289,0.00016,172.31.46.0-255,66,15549,42,134839
9290,0.000165,74.125.24.0-255,2902,18451,42,134839
9291,0.000167,172.31.46.0-255,66,18517,42,134839
9292,0.000189,74.125.24.0-255,1484,20001,42,134839
9293,0.000191,172.31.46.0-255,66,20067,42,134839
9294,0.000214,74.125.24.0-255,4320,24387,42,134839
9295,0.000217,172.31.46.0-255,66,24453,42,134839
9296,0.000252,74.125.24.0-255,6797,31250,42,134839
9297,0.000254,172.31.46.0-255,66,31316,42,134839
9298,0.000502,74.125.24.0-255,1484,32800,42,134839
9299,0.000507,172.31.46.0-255,66,32866,42,134839
9300,0.000514,74.125.24.0-255,2902,35768,42,134839
9301,0.000517,172.31.46.0-255,66,35834,42,134839
9302,0.000538,74.125.24.0-255,5738,41572,42,134839
9303,0.000541,172.31.46.0-255,66,41638,42,134839
9304,0.000598,74.125.24.0-255,4320,45958,42,134839
9305,0.000602,172.31.46.0-255,66,46024,42,134839
9306,0.000632,172.31.46.0-255,66,46090,42,134839
9307,0.000737,74.125.24.0-255,4320,50410,42,134839
9308,0.000741,172.31.46.0-255,66,50476,42,134839
9309,0.000776,74.125.24.0-255,5379,55855,42,134839
9310,0.000794,172.31.46.0-255,66,55921,42,134839
9311,0.001513,74.125.24.0-255,648,56569,42,134839
9312,0.001533,74.125.24.0-255,1484,58053,42,134839
9313,0.001537,172.31.46.0-255,66,58119,42,134839
9314,0.001559,74.125.24.0-255,4320,62439,42,134839
9315,0.001579,74.125.24.0-255,5738,68177,42,134839
9316,0.001599,74.125.24.0-255,4320,72497,42,134839
9317,0.001714,74.125.24.0-255,1484,73981,42,134839
9318,0.001791,74.125.24.0-255,2902,76883,42,134839
9319,0.00181,74.125.24.0-255,5020,81903,42,134839
9320,0.001959,74.125.24.0-255,7156,89059,42,134839
9321,0.002139,74.125.24.0-255,4320,93379,42,134839
9322,0.002155,74.125.24.0-255,1484,94863,42,134839
9323,0.002194,74.125.24.0-255,766,95629,42,134839
9324,0.002207,74.125.24.0-255,1484,97113,42,134839
9325,0.002212,74.125.24.0-255,4320,101433,42,134839
9326,0.002364,74.125.24.0-255,4320,105753,42,134839
9327,0.005613,172.31.46.0-255,66,105819,42,134839
9328,0.008158,74.125.24.0-255,5738,111557,42,134839
9329,0.008165,172.31.46.0-255,66,111623,42,134839
9330,0.010708,74.125.24.0-255,5738,117361,42,134839
9331,0.010715,172.31.46.0-255,66,117427,42,134839
9332,0.013251,74.125.24.0-255,5738,123165,42,134839
9333,0.013262,172.31.46.0-255,66,123231,42,134839
9334,0.015825,74.125.24.0-255,5738,128969,42,134839
9335,0.015837,172.31.46.0-255,66,129035,42,134839
9336,0.018384,74.125.24.0-255,5738,134773,42,134839
9337,0.018393,172.31.46.0-255,66,134839,42,134839
9338,0.0,172.217.194.0-255,291,291,42,133487
9339,2.7e-05,172.31.46.0-255,66,357,42,133487
9340,3.4e-05,172.217.194.0-255,1484,1841,42,133487
9341,3.9e-05,172.31.46.0-255,66,1907,42,133487
9342,4.5e-05,172.217.194.0-255,4320,6227,42,133487
9343,4.8e-05,172.31.46.0-255,66,6293,42,133487
9344,7.3e-05,172.217.194.0-255,4320,10613,42,133487
9345,7.6e-05,172.31.46.0-255,66,10679,42,133487
9346,9.5e-05,172.217.194.0-255,3330,14009,42,133487
9347,9.7e-05,172.31.46.0-255,66,14075,42,133487
9348,0.000144,172.217.194.0-255,1484,15559,42,133487
9349,0.000147,172.31.46.0-255,66,15625,42,133487
9350,0.000167,172.217.194.0-255,2902,18527,42,133487
9351,0.00017,172.31.46.0-255,66,18593,42,133487
9352,0.000175,172.217.194.0-255,2902,21495,42,133487
9353,0.000177,172.31.46.0-255,66,21561,42,133487
9354,0.000192,172.217.194.0-255,2902,24463,42,133487
9355,0.000194,172.31.46.0-255,66,24529,42,133487
9356,0.000201,172.217.194.0-255,6797,31326,42,133487
9357,0.000204,172.31.46.0-255,66,31392,42,133487
9358,0.000223,172.217.194.0-255,1484,32876,42,133487
9359,0.000225,172.31.46.0-255,66,32942,42,133487
9360,0.000254,172.31.46.0-255,66,33008,42,133487
9361,0.000259,172.217.194.0-255,4320,37328,42,133487
9362,0.000261,172.31.46.0-255,66,37394,42,133487
9363,0.000291,172.217.194.0-255,7156,44550,42,133487
9364,0.000293,172.31.46.0-255,66,44616,42,133487
9365,0.000297,172.217.194.0-255,2902,47518,42,133487
9366,0.0003,172.31.46.0-255,66,47584,42,133487
9367,0.000326,172.31.46.0-255,66,47650,42,133487
9368,0.000328,172.217.194.0-255,394,48044,42,133487
9369,0.000362,172.217.194.0-255,379,48423,42,133487
9370,0.000573,172.217.194.0-255,1484,49907,42,133487
9371,0.000579,172.31.46.0-255,66,49973,42,133487
9372,0.000584,172.217.194.0-255,2902,52875,42,133487
9373,0.000587,172.31.46.0-255,66,52941,42,133487
9374,0.000593,172.217.194.0-255,5738,58679,42,133487
9375,0.000596,172.31.46.0-255,66,58745,42,133487
9376,0.000623,172.217.194.0-255,4320,63065,42,133487
9377,0.000627,172.31.46.0-255,66,63131,42,133487
9378,0.000645,172.31.46.0-255,66,63197,42,133487
9379,0.000656,172.31.46.0-255,66,63263,42,133487
9380,0.000675,172.217.194.0-255,2184,65447,42,133487
9381,0.000678,172.31.46.0-255,66,65513,42,133487
9382,0.000859,172.217.194.0-255,1484,66997,42,133487
9383,0.000865,172.217.194.0-255,2902,69899,42,133487
9384,0.000868,172.31.46.0-255,66,69965,42,133487
9385,0.000875,172.217.194.0-255,4320,74285,42,133487
9386,0.000877,172.31.46.0-255,66,74351,42,133487
9387,0.000895,172.217.194.0-255,1484,75835,42,133487
9388,0.000903,172.217.194.0-255,7156,82991,42,133487
9389,0.000906,172.31.46.0-255,66,83057,42,133487
9390,0.000941,172.217.194.0-255,2902,85959,42,133487
9391,0.000943,172.31.46.0-255,66,86025,42,133487
9392,0.000972,172.31.46.0-255,66,86091,42,133487
9393,0.000976,172.217.194.0-255,2184,88275,42,133487
9394,0.000978,172.31.46.0-255,66,88341,42,133487
9395,0.003951,172.217.194.0-255,1484,89825,42,133487
9396,0.003967,172.217.194.0-255,2902,92727,42,133487
9397,0.003973,172.31.46.0-255,66,92793,42,133487
9398,0.003978,172.217.194.0-255,1484,94277,42,133487
9399,0.006057,172.217.194.0-255,4320,98597,42,133487
9400,0.006065,172.31.46.0-255,66,98663,42,133487
9401,0.008146,172.217.194.0-255,5738,104401,42,133487
9402,0.008154,172.31.46.0-255,66,104467,42,133487
9403,0.010231,172.217.194.0-255,5738,110205,42,133487
9404,0.01024,172.31.46.0-255,66,110271,42,133487
9405,0.012329,172.217.194.0-255,5738,116009,42,133487
9406,0.01234,172.31.46.0-255,66,116075,42,133487
9407,0.014424,172.217.194.0-255,5738,121813,42,133487
9408,0.014432,172.31.46.0-255,66,121879,42,133487
9409,0.016508,172.217.194.0-255,5738,127617,42,133487
9410,0.016516,172.31.46.0-255,66,127683,42,133487
9411,0.018637,172.217.194.0-255,5738,133421,42,133487
9412,0.018651,172.31.46.0-255,66,133487,42,133487
9413,0.0,172.217.194.0-255,150,150,42,161119
9414,2.7e-05,172.31.46.0-255,66,216,42,161119
9415,3.5e-05,172.217.194.0-255,1484,1700,42,161119
9416,4e-05,172.31.46.0-255,66,1766,42,161119
9417,5.2e-05,172.217.194.0-255,2902,4668,42,161119
9418,5.6e-05,172.31.46.0-255,66,4734,42,161119
9419,6.3e-05,172.217.194.0-255,5738,10472,42,161119
9420,6.7e-05,172.31.46.0-255,66,10538,42,161119
9421,7.5e-05,172.217.194.0-255,7156,17694,42,161119
9422,7.8e-05,172.31.46.0-255,66,17760,42,161119
9423,0.000107,172.217.194.0-255,2085,19845,42,161119
9424,0.000116,172.31.46.0-255,66,19911,42,161119
9425,0.00013,172.31.46.0-255,66,19977,42,161119
9426,0.000147,172.31.46.0-255,66,20043,42,161119
9427,0.000178,172.217.194.0-255,2184,22227,42,161119
9428,0.00018,172.31.46.0-255,66,22293,42,161119
9429,0.000468,172.217.194.0-255,1484,23777,42,161119
9430,0.000473,172.31.46.0-255,66,23843,42,161119
9431,0.00048,172.217.194.0-255,2902,26745,42,161119
9432,0.000483,172.31.46.0-255,66,26811,42,161119
9433,0.000513,172.217.194.0-255,5738,32549,42,161119
9434,0.000516,172.31.46.0-255,66,32615,42,161119
9435,0.000545,172.217.194.0-255,7088,39703,42,161119
9436,0.000547,172.31.46.0-255,66,39769,42,161119
9437,0.000634,172.217.194.0-255,366,40135,42,161119
9438,0.000638,172.31.46.0-255,66,40201,42,161119
9439,0.000669,172.217.194.0-255,1484,41685,42,161119
9440,0.000672,172.31.46.0-255,66,41751,42,161119
9441,0.000677,172.217.194.0-255,2902,44653,42,161119
9442,0.00068,172.31.46.0-255,66,44719,42,161119
9443,0.0007,172.217.194.0-255,1484,46203,42,161119
9444,0.000705,172.217.194.0-255,2902,49105,42,161119
9445,0.000723,172.31.46.0-255,66,49171,42,161119
9446,0.000731,172.217.194.0-255,7156,56327,42,161119
9447,0.000733,172.31.46.0-255,66,56393,42,161119
9448,0.000769,172.31.46.0-255,66,56459,42,161119
9449,0.000802,172.217.194.0-255,5738,62197,42,161119
9450,0.000805,172.31.46.0-255,66,62263,42,161119
9451,0.000811,172.217.194.0-255,3602,65865,42,161119
9452,0.000813,172.31.46.0-255,66,65931,42,161119
9453,0.000818,172.217.194.0-255,4320,70251,42,161119
9454,0.000821,172.31.46.0-255,66,70317,42,161119
9455,0.000859,172.31.46.0-255,66,70383,42,161119
9456,0.000862,172.217.194.0-255,1484,71867,42,161119
9457,0.000894,172.31.46.0-255,66,71933,42,161119
9458,0.000901,172.217.194.0-255,5738,77671,42,161119
9459,0.000903,172.31.46.0-255,66,77737,42,161119
9460,0.000934,172.217.194.0-255,2184,79921,42,161119
9461,0.000937,172.31.46.0-255,66,79987,42,161119
9462,0.001358,172.217.194.0-255,1484,81471,42,161119
9463,0.001363,172.217.194.0-255,2902,84373,42,161119
9464,0.001365,172.217.194.0-255,1484,85857,42,161119
9465,0.001371,172.31.46.0-255,66,85923,42,161119
9466,0.001411,172.217.194.0-255,4320,90243,42,161119
9467,0.001414,172.31.46.0-255,66,90309,42,161119
9468,0.001419,172.217.194.0-255,4320,94629,42,161119
9469,0.001421,172.31.46.0-255,66,94695,42,161119
9470,0.001433,172.31.46.0-255,66,94761,42,161119
9471,0.001463,172.217.194.0-255,1484,96245,42,161119
9472,0.001474,172.31.46.0-255,66,96311,42,161119
9473,0.001691,172.217.194.0-255,1484,97795,42,161119
9474,0.001698,172.217.194.0-255,2902,100697,42,161119
9475,0.001701,172.31.46.0-255,66,100763,42,161119
9476,0.001736,172.217.194.0-255,5738,106501,42,161119
9477,0.001739,172.31.46.0-255,66,106567,42,161119
9478,0.001744,172.217.194.0-255,2902,109469,42,161119
9479,0.001746,172.31.46.0-255,66,109535,42,161119
9480,0.00179,172.31.46.0-255,66,109601,42,161119
9481,0.001795,172.217.194.0-255,4320,113921,42,161119
9482,0.001797,172.31.46.0-255,66,113987,42,161119
9483,0.001827,172.217.194.0-255,6438,120425,42,161119
9484,0.001831,172.31.46.0-255,66,120491,42,161119
9485,0.004124,172.217.194.0-255,5738,126229,42,161119
9486,0.004135,172.31.46.0-255,66,126295,42,161119
9487,0.006422,172.217.194.0-255,5738,132033,42,161119
9488,0.006438,172.31.46.0-255,66,132099,42,161119
9489,0.008743,172.217.194.0-255,5738,137837,42,161119
9490,0.008755,172.31.46.0-255,66,137903,42,161119
9491,0.011046,172.217.194.0-255,5738,143641,42,161119
9492,0.011064,172.31.46.0-255,66,143707,42,161119
9493,0.013372,172.217.194.0-255,5738,149445,42,161119
9494,0.013411,172.31.46.0-255,66,149511,42,161119
9495,0.01573,172.217.194.0-255,5738,155249,42,161119
9496,0.015749,172.31.46.0-255,66,155315,42,161119
9497,0.018043,172.217.194.0-255,5738,161053,42,161119
9498,0.018061,172.31.46.0-255,66,161119,42,161119
9499,0.0,74.125.24.0-255,152,152,42,174632
9500,1.6e-05,172.31.46.0-255,66,218,42,174632
9501,2.3e-05,74.125.24.0-255,1484,1702,42,174632
9502,2.7e-05,172.31.46.0-255,66,1768,42,174632
9503,3.9e-05,74.125.24.0-255,2902,4670,42,174632
9504,4.3e-05,172.31.46.0-255,66,4736,42,174632
9505,4.7e-05,74.125.24.0-255,2902,7638,42,174632
9506,5e-05,172.31.46.0-255,66,7704,42,174632
9507,6.1e-05,172.31.46.0-255,66,7770,42,174632
9508,0.000113,172.31.46.0-255,66,7836,42,174632
9509,0.000142,74.125.24.0-255,1484,9320,42,174632
9510,0.000144,172.31.46.0-255,66,9386,42,174632
9511,0.000149,74.125.24.0-255,2902,12288,42,174632
9512,0.000151,172.31.46.0-255,66,12354,42,174632
9513,0.000179,74.125.24.0-255,5738,18092,42,174632
9514,0.000181,172.31.46.0-255,66,18158,42,174632
9515,0.000184,74.125.24.0-255,1484,19642,42,174632
9516,0.000186,172.31.46.0-255,66,19708,42,174632
9517,0.000222,172.31.46.0-255,66,19774,42,174632
9518,0.000247,172.31.46.0-255,66,19840,42,174632
9519,0.000267,74.125.24.0-255,1433,21273,42,174632
9520,0.000269,172.31.46.0-255,66,21339,42,174632
9521,0.000272,74.125.24.0-255,379,21718,42,174632
9522,0.000274,172.31.46.0-255,66,21784,42,174632
9523,0.000452,74.125.24.0-255,1484,23268,42,174632
9524,0.000454,172.31.46.0-255,66,23334,42,174632
9525,0.000459,74.125.24.0-255,2902,26236,42,174632
9526,0.000462,172.31.46.0-255,66,26302,42,174632
9527,0.000471,74.125.24.0-255,4320,30622,42,174632
9528,0.000474,172.31.46.0-255,66,30688,42,174632
9529,0.000499,74.125.24.0-255,1484,32172,42,174632
9530,0.000512,172.31.46.0-255,66,32238,42,174632
9531,0.000528,172.31.46.0-255,66,32304,42,174632
9532,0.000702,74.125.24.0-255,1484,33788,42,174632
9533,0.000707,74.125.24.0-255,2902,36690,42,174632
9534,0.000709,172.31.46.0-255,66,36756,42,174632
9535,0.000713,74.125.24.0-255,1484,38240,42,174632
9536,0.000739,74.125.24.0-255,4320,42560,42,174632
9537,0.000741,172.31.46.0-255,66,42626,42,174632
9538,0.000754,172.31.46.0-255,66,42692,42,174632
9539,0.000765,74.125.24.0-255,7156,49848,42,174632
9540,0.000767,172.31.46.0-255,66,49914,42,174632
9541,0.00082,74.125.24.0-255,3602,53516,42,174632
9542,0.000822,172.31.46.0-255,66,53582,42,174632
9543,0.000913,74.125.24.0-255,1484,55066,42,174632
9544,0.000917,74.125.24.0-255,2902,57968,42,174632
9545,0.00092,172.31.46.0-255,66,58034,42,174632
9546,0.000945,74.125.24.0-255,5738,63772,42,174632
9547,0.000947,172.31.46.0-255,66,63838,42,174632
9548,0.000954,74.125.24.0-255,5738,69576,42,174632
9549,0.000956,172.31.46.0-255,66,69642,42,174632
9550,0.000984,74.125.24.0-255,4320,73962,42,174632
9551,0.000987,172.31.46.0-255,66,74028,42,174632
9552,0.001025,172.31.46.0-255,66,74094,42,174632
9553,0.001039,74.125.24.0-255,766,74860,42,174632
9554,0.001464,74.125.24.0-255,1484,76344,42,174632
9555,0.001469,172.31.46.0-255,66,76410,42,174632
9556,0.001475,74.125.24.0-255,2902,79312,42,174632
9557,0.001477,172.31.46.0-255,66,79378,42,174632
9558,0.001482,74.125.24.0-255,2902,82280,42,174632
9559,0.001489,172.31.46.0-255,66,82346,42,174632
9560,0.001527,74.125.24.0-255,2902,85248,42,174632
9561,0.00153,172.31.46.0-255,66,85314,42,174632
9562,0.00154,172.31.46.0-255,66,85380,42,174632
9563,0.00158,172.31.46.0-255,66,85446,42,174632
9564,0.001596,74.125.24.0-255,5020,90466,42,174632
9565,0.001598,172.31.46.0-255,66,90532,42,174632
9566,0.001707,74.125.24.0-255,1484,92016,42,174632
9567,0.001712,74.125.24.0-255,2902,94918,42,174632
9568,0.001715,172.31.46.0-255,66,94984,42,174632
9569,0.001745,74.125.24.0-255,5738,100722,42,174632
9570,0.001748,172.31.46.0-255,66,100788,42,174632
9571,0.001753,74.125.24.0-255,2902,103690,42,174632
9572,0.001755,172.31.46.0-255,66,103756,42,174632
9573,0.001791,172.31.46.0-255,66,103822,42,174632
9574,0.001795,74.125.24.0-255,2902,106724,42,174632
9575,0.001797,172.31.46.0-255,66,106790,42,174632
9576,0.001817,74.125.24.0-255,2902,109692,42,174632
9577,0.001822,172.31.46.0-255,66,109758,42,174632
9578,0.00185,74.125.24.0-255,5020,114778,42,174632
9579,0.001853,172.31.46.0-255,66,114844,42,174632
9580,0.001905,74.125.24.0-255,1484,116328,42,174632
9581,0.00191,74.125.24.0-255,2902,119230,42,174632
9582,0.001913,172.31.46.0-255,66,119296,42,174632
9583,0.00194,74.125.24.0-255,5738,125034,42,174632
9584,0.001942,172.31.46.0-255,66,125100,42,174632
9585,0.001947,74.125.24.0-255,2902,128002,42,174632
9586,0.001949,172.31.46.0-255,66,128068,42,174632
9587,0.001985,172.31.46.0-255,66,128134,42,174632
9588,0.001998,172.31.46.0-255,66,128200,42,174632
9589,0.00399,74.125.24.0-255,5738,133938,42,174632
9590,0.004004,172.31.46.0-255,66,134004,42,174632
9591,0.006019,74.125.24.0-255,5738,139742,42,174632
9592,0.006022,172.31.46.0-255,66,139808,42,174632
9593,0.00804,74.125.24.0-255,5738,145546,42,174632
9594,0.008047,172.31.46.0-255,66,145612,42,174632
9595,0.010049,74.125.24.0-255,5738,151350,42,174632
9596,0.010054,172.31.46.0-255,66,151416,42,174632
9597,0.012065,74.125.24.0-255,5738,157154,42,174632
9598,0.01208,172.31.46.0-255,66,157220,42,174632
9599,0.014117,74.125.24.0-255,5738,162958,42,174632
9600,0.014132,172.31.46.0-255,66,163024,42,174632
9601,0.016156,74.125.24.0-255,5738,168762,42,174632
9602,0.016175,172.31.46.0-255,66,168828,42,174632
9603,0.018194,74.125.24.0-255,5738,174566,42,174632
9604,0.018213,172.31.46.0-255,66,174632,42,174632
9605,0.0,74.125.130.0-255,152,152,42,111777
9606,1.8e-05,172.31.46.0-255,66,218,42,111777
9607,2.4e-05,74.125.130.0-255,1484,1702,42,111777
9608,2.9e-05,172.31.46.0-255,66,1768,42,111777
9609,3.5e-05,74.125.130.0-255,2902,4670,42,111777
9610,3.9e-05,172.31.46.0-255,66,4736,42,111777
9611,4.5e-05,74.125.130.0-255,5738,10474,42,111777
9612,4.9e-05,172.31.46.0-255,66,10540,42,111777
9613,5.4e-05,74.125.130.0-255,2902,13442,42,111777
9614,5.7e-05,172.31.46.0-255,66,13508,42,111777
9615,7.9e-05,74.125.130.0-255,592,14100,42,111777
9616,8.2e-05,172.31.46.0-255,66,14166,42,111777
9617,0.000206,74.125.130.0-255,1484,15650,42,111777
9618,0.00021,172.31.46.0-255,66,15716,42,111777
9619,0.000216,74.125.130.0-255,2902,18618,42,111777
9620,0.000218,172.31.46.0-255,66,18684,42,111777
9621,0.000225,74.125.130.0-255,5738,24422,42,111777
9622,0.000227,172.31.46.0-255,66,24488,42,111777
9623,0.000256,74.125.130.0-255,6797,31285,42,111777
9624,0.000258,172.31.46.0-255,66,31351,42,111777
9625,0.000439,74.125.130.0-255,1484,32835,42,111777
9626,0.000444,172.31.46.0-255,66,32901,42,111777
9627,0.000449,74.125.130.0-255,2902,35803,42,111777
9628,0.000451,172.31.46.0-255,66,35869,42,111777
9629,0.000456,74.125.130.0-255,2902,38771,42,111777
9630,0.000459,172.31.46.0-255,66,38837,42,111777
9631,0.000482,74.125.130.0-255,1484,40321,42,111777
9632,0.000484,172.31.46.0-255,66,40387,42,111777
9633,0.000491,74.125.130.0-255,5738,46125,42,111777
9634,0.000493,172.31.46.0-255,66,46191,42,111777
9635,0.000509,74.125.130.0-255,2543,48734,42,111777
9636,0.000512,172.31.46.0-255,66,48800,42,111777
9637,0.000547,74.125.130.0-255,2902,51702,42,111777
9638,0.00055,172.31.46.0-255,66,51768,42,111777
9639,0.000569,74.125.130.0-255,4320,56088,42,111777
9640,0.000571,172.31.46.0-255,66,56154,42,111777
9641,0.000585,74.125.130.0-255,2902,59056,42,111777
9642,0.000588,172.31.46.0-255,66,59122,42,111777
9643,0.000622,74.125.130.0-255,6797,65919,42,111777
9644,0.000626,172.31.46.0-255,66,65985,42,111777
9645,0.001899,74.125.130.0-255,646,66631,42,111777
9646,0.002257,74.125.130.0-255,1484,68115,42,111777
9647,0.002263,172.31.46.0-255,66,68181,42,111777
9648,0.002271,74.125.130.0-255,2902,71083,42,111777
9649,0.002273,172.31.46.0-255,66,71149,42,111777
9650,0.004514,74.125.130.0-255,5738,76887,42,111777
9651,0.004525,172.31.46.0-255,66,76953,42,111777
9652,0.006813,74.125.130.0-255,5738,82691,42,111777
9653,0.006827,172.31.46.0-255,66,82757,42,111777
9654,0.009112,74.125.130.0-255,5738,88495,42,111777
9655,0.00913,172.31.46.0-255,66,88561,42,111777
9656,0.011433,74.125.130.0-255,5738,94299,42,111777
9657,0.011449,172.31.46.0-255,66,94365,42,111777
9658,0.013743,74.125.130.0-255,5738,100103,42,111777
9659,0.013761,172.31.46.0-255,66,100169,42,111777
9660,0.016036,74.125.130.0-255,5738,105907,42,111777
9661,0.016054,172.31.46.0-255,66,105973,42,111777
9662,0.018331,74.125.130.0-255,5738,111711,42,111777
9663,0.018348,172.31.46.0-255,66,111777,42,111777
9664,0.0,74.125.24.0-255,146,146,42,160959
9665,1.4e-05,172.31.46.0-255,66,212,42,160959
9666,2e-05,74.125.24.0-255,1484,1696,42,160959
9667,2.5e-05,172.31.46.0-255,66,1762,42,160959
9668,3.2e-05,74.125.24.0-255,2902,4664,42,160959
9669,3.5e-05,172.31.46.0-255,66,4730,42,160959
9670,4.3e-05,74.125.24.0-255,7156,11886,42,160959
9671,4.7e-05,172.31.46.0-255,66,11952,42,160959
9672,5e-05,74.125.24.0-255,2012,13964,42,160959
9673,5.3e-05,172.31.46.0-255,66,14030,42,160959
9674,9.3e-05,74.125.24.0-255,2902,16932,42,160959
9675,9.6e-05,172.31.46.0-255,66,16998,42,160959
9676,0.000102,74.125.24.0-255,4320,21318,42,160959
9677,0.000104,172.31.46.0-255,66,21384,42,160959
9678,0.000131,172.31.46.0-255,66,21450,42,160959
9679,0.000134,74.125.24.0-255,1125,22575,42,160959
9680,0.000136,172.31.46.0-255,66,22641,42,160959
9681,0.000373,74.125.24.0-255,1484,24125,42,160959
9682,0.000378,172.31.46.0-255,66,24191,42,160959
9683,0.000384,74.125.24.0-255,2902,27093,42,160959
9684,0.000387,172.31.46.0-255,66,27159,42,160959
9685,0.000393,74.125.24.0-255,5738,32897,42,160959
9686,0.000396,172.31.46.0-255,66,32963,42,160959
9687,0.000399,74.125.24.0-255,1484,34447,42,160959
9688,0.000401,172.31.46.0-255,66,34513,42,160959
9689,0.000435,172.31.46.0-255,66,34579,42,160959
9690,0.000465,172.31.46.0-255,66,34645,42,160959
9691,0.001116,74.125.24.0-255,648,35293,42,160959
9692,0.001121,172.31.46.0-255,66,35359,42,160959
9693,0.001352,74.125.24.0-255,1484,36843,42,160959
9694,0.001358,172.31.46.0-255,66,36909,42,160959
9695,0.001365,74.125.24.0-255,2902,39811,42,160959
9696,0.001367,172.31.46.0-255,66,39877,42,160959
9697,0.001371,74.125.24.0-255,1484,41361,42,160959
9698,0.001373,172.31.46.0-255,66,41427,42,160959
9699,0.001399,74.125.24.0-255,5738,47165,42,160959
9700,0.001401,172.31.46.0-255,66,47231,42,160959
9701,0.001453,74.125.24.0-255,2902,50133,42,160959
9702,0.001467,74.125.24.0-255,4320,54453,42,160959
9703,0.001482,74.125.24.0-255,2184,56637,42,160959
9704,0.001871,74.125.24.0-255,1484,58121,42,160959
9705,0.001879,74.125.24.0-255,2902,61023,42,160959
9706,0.001886,74.125.24.0-255,5738,66761,42,160959
9707,0.001897,74.125.24.0-255,1484,68245,42,160959
9708,0.001915,74.125.24.0-255,5738,73983,42,160959
9709,0.001928,74.125.24.0-255,4320,78303,42,160959
9710,0.001955,74.125.24.0-255,2184,80487,42,160959
9711,0.002018,74.125.24.0-255,1484,81971,42,160959
9712,0.00203,74.125.24.0-255,2902,84873,42,160959
9713,0.002045,74.125.24.0-255,5738,90611,42,160959
9714,0.002068,74.125.24.0-255,5738,96349,42,160959
9715,0.002104,74.125.24.0-255,1484,97833,42,160959
9716,0.002117,74.125.24.0-255,3602,101435,42,160959
9717,0.00218,74.125.24.0-255,1484,102919,42,160959
9718,0.002199,74.125.24.0-255,2902,105821,42,160959
9719,0.002204,74.125.24.0-255,4320,110141,42,160959
9720,0.002217,74.125.24.0-255,1484,111625,42,160959
9721,0.002224,74.125.24.0-255,7156,118781,42,160959
9722,0.002238,74.125.24.0-255,1484,120265,42,160959
9723,0.003681,172.31.46.0-255,66,120331,42,160959
9724,0.00593,74.125.24.0-255,5738,126069,42,160959
9725,0.005937,172.31.46.0-255,66,126135,42,160959
9726,0.008151,74.125.24.0-255,5738,131873,42,160959
9727,0.008156,172.31.46.0-255,66,131939,42,160959
9728,0.010378,74.125.24.0-255,5738,137677,42,160959
9729,0.010385,172.31.46.0-255,66,137743,42,160959
9730,0.012603,74.125.24.0-255,5738,143481,42,160959
9731,0.012611,172.31.46.0-255,66,143547,42,160959
9732,0.014882,74.125.24.0-255,5738,149285,42,160959
9733,0.014889,172.31.46.0-255,66,149351,42,160959
9734,0.017118,74.125.24.0-255,5738,155089,42,160959
9735,0.017129,172.31.46.0-255,66,155155,42,160959
9736,0.019355,74.125.24.0-255,5738,160893,42,160959
9737,0.019365,172.31.46.0-255,66,160959,42,160959
9738,0.0,74.125.68.0-255,313,313,42,206069
9739,1.6e-05,172.31.46.0-255,66,379,42,206069
9740,2.3e-05,74.125.68.0-255,1484,1863,42,206069
9741,2.7e-05,172.31.46.0-255,66,1929,42,206069
9742,5.7e-05,74.125.68.0-255,4320,6249,42,206069
9743,6e-05,172.31.46.0-255,66,6315,42,206069
9744,9.2e-05,74.125.68.0-255,4320,10635,42,206069
9745,9.5e-05,172.31.46.0-255,66,10701,42,206069
9746,0.000128,74.125.68.0-255,1484,12185,42,206069
9747,0.000131,172.31.46.0-255,66,12251,42,206069
9748,0.000143,172.31.46.0-255,66,12317,42,206069
9749,0.000161,172.31.46.0-255,66,12383,42,206069
9750,0.000431,74.125.68.0-255,1484,13867,42,206069
9751,0.000437,172.31.46.0-255,66,13933,42,206069
9752,0.000443,74.125.68.0-255,2902,16835,42,206069
9753,0.000445,172.31.46.0-255,66,16901,42,206069
9754,0.000448,74.125.68.0-255,1484,18385,42,206069
9755,0.000456,172.31.46.0-255,66,18451,42,206069
9756,0.000459,74.125.68.0-255,1484,19935,42,206069
9757,0.000462,172.31.46.0-255,66,20001,42,206069
9758,0.000495,74.125.68.0-255,4320,24321,42,206069
9759,0.000498,172.31.46.0-255,66,24387,42,206069
9760,0.000504,74.125.68.0-255,5379,29766,42,206069
9761,0.000507,172.31.46.0-255,66,29832,42,206069
9762,0.000559,74.125.68.0-255,5738,35570,42,206069
9763,0.000562,172.31.46.0-255,66,35636,42,206069
9764,0.000586,74.125.68.0-255,4320,39956,42,206069
9765,0.00059,172.31.46.0-255,66,40022,42,206069
9766,0.0006,74.125.68.0-255,4320,44342,42,206069
9767,0.000603,172.31.46.0-255,66,44408,42,206069
9768,0.000619,74.125.68.0-255,2818,47226,42,206069
9769,0.000622,172.31.46.0-255,66,47292,42,206069
9770,0.000702,74.125.68.0-255,133,47425,42,206069
9771,0.000982,74.125.68.0-255,1484,48909,42,206069
9772,0.000987,172.31.46.0-255,66,48975,42,206069
9773,0.001011,74.125.68.0-255,2902,51877,42,206069
9774,0.001014,172.31.46.0-255,66,51943,42,206069
9775,0.00102,74.125.68.0-255,4320,56263,42,206069
9776,0.001022,172.31.46.0-255,66,56329,42,206069
9777,0.001064,74.125.68.0-255,4320,60649,42,206069
9778,0.001067,172.31.46.0-255,66,60715,42,206069
9779,0.00109,74.125.68.0-255,3961,64676,42,206069
9780,0.001095,74.125.68.0-255,5738,70414,42,206069
9781,0.0011,172.31.46.0-255,66,70480,42,206069
9782,0.001103,172.31.46.0-255,66,70546,42,206069
9783,0.00113,74.125.68.0-255,2902,73448,42,206069
9784,0.001132,172.31.46.0-255,66,73514,42,206069
9785,0.001142,74.125.68.0-255,4320,77834,42,206069
9786,0.001144,172.31.46.0-255,66,77900,42,206069
9787,0.00115,74.125.68.0-255,5738,83638,42,206069
9788,0.001153,172.31.46.0-255,66,83704,42,206069
9789,0.001158,74.125.68.0-255,4320,88024,42,206069
9790,0.00116,172.31.46.0-255,66,88090,42,206069
9791,0.001197,74.125.68.0-255,5738,93828,42,206069
9792,0.001199,74.125.68.0-255,1484,95312,42,206069
9793,0.001204,172.31.46.0-255,66,95378,42,206069
9794,0.001231,74.125.68.0-255,3602,98980,42,206069
9795,0.001233,172.31.46.0-255,66,99046,42,206069
9796,0.001268,74.125.68.0-255,2902,101948,42,206069
9797,0.001271,172.31.46.0-255,66,102014,42,206069
9798,0.001298,74.125.68.0-255,1484,103498,42,206069
9799,0.001306,74.125.68.0-255,5738,109236,42,206069
9800,0.001308,172.31.46.0-255,66,109302,42,206069
9801,0.001315,74.125.68.0-255,5738,115040,42,206069
9802,0.001318,172.31.46.0-255,66,115106,42,206069
9803,0.001347,74.125.68.0-255,6797,121903,42,206069
9804,0.00135,172.31.46.0-255,66,121969,42,206069
9805,0.001383,74.125.68.0-255,4320,126289,42,206069
9806,0.001385,172.31.46.0-255,66,126355,42,206069
9807,0.001421,74.125.68.0-255,5738,132093,42,206069
9808,0.001424,172.31.46.0-255,66,132159,42,206069
9809,0.001436,172.31.46.0-255,66,132225,42,206069
9810,0.001452,172.31.46.0-255,66,132291,42,206069
9811,0.001952,74.125.68.0-255,1484,133775,42,206069
9812,0.001959,74.125.68.0-255,2902,136677,42,206069
9813,0.001963,172.31.46.0-255,66,136743,42,206069
9814,0.001991,74.125.68.0-255,2902,139645,42,206069
9815,0.001993,172.31.46.0-255,66,139711,42,206069
9816,0.002019,74.125.68.0-255,2902,142613,42,206069
9817,0.002022,172.31.46.0-255,66,142679,42,206069
9818,0.002029,74.125.68.0-255,5738,148417,42,206069
9819,0.002031,172.31.46.0-255,66,148483,42,206069
9820,0.002054,74.125.68.0-255,1484,149967,42,206069
9821,0.002061,74.125.68.0-255,1484,151451,42,206069
9822,0.002064,172.31.46.0-255,66,151517,42,206069
9823,0.002095,74.125.68.0-255,7156,158673,42,206069
9824,0.002098,172.31.46.0-255,66,158739,42,206069
9825,0.002106,74.125.68.0-255,7156,165895,42,206069
9826,0.002108,172.31.46.0-255,66,165961,42,206069
9827,0.002121,74.125.68.0-255,766,166727,42,206069
9828,0.002758,172.31.46.0-255,66,166793,42,206069
9829,0.004347,74.125.68.0-255,4320,171113,42,206069
9830,0.004357,172.31.46.0-255,66,171179,42,206069
9831,0.004982,74.125.68.0-255,1484,172663,42,206069
9832,0.006587,74.125.68.0-255,4320,176983,42,206069
9833,0.00659,172.31.46.0-255,66,177049,42,206069
9834,0.008837,74.125.68.0-255,5738,182787,42,206069
9835,0.008844,172.31.46.0-255,66,182853,42,206069
9836,0.011092,74.125.68.0-255,5738,188591,42,206069
9837,0.0111,172.31.46.0-255,66,188657,42,206069
9838,0.01335,74.125.68.0-255,5738,194395,42,206069
9839,0.013363,172.31.46.0-255,66,194461,42,206069
9840,0.015641,74.125.68.0-255,5738,200199,42,206069
9841,0.015651,172.31.46.0-255,66,200265,42,206069
9842,0.017948,74.125.68.0-255,5738,206003,42,206069
9843,0.017959,172.31.46.0-255,66,206069,42,206069
9844,0.0,74.125.24.0-255,146,146,42,123647
9845,1.2e-05,172.31.46.0-255,66,212,42,123647
9846,1.7e-05,74.125.24.0-255,1484,1696,42,123647
9847,2.1e-05,172.31.46.0-255,66,1762,42,123647
9848,2.7e-05,74.125.24.0-255,2902,4664,42,123647
9849,3e-05,172.31.46.0-255,66,4730,42,123647
9850,6.7e-05,74.125.24.0-255,7156,11886,42,123647
9851,7.1e-05,172.31.46.0-255,66,11952,42,123647
9852,7.5e-05,74.125.24.0-255,2093,14045,42,123647
9853,7.7e-05,172.31.46.0-255,66,14111,42,123647
9854,0.000101,74.125.24.0-255,2902,17013,42,123647
9855,0.000104,172.31.46.0-255,66,17079,42,123647
9856,0.000131,172.31.46.0-255,66,17145,42,123647
9857,0.000137,74.125.24.0-255,5379,22524,42,123647
9858,0.000139,172.31.46.0-255,66,22590,42,123647
9859,0.000178,74.125.24.0-255,1484,24074,42,123647
9860,0.000181,172.31.46.0-255,66,24140,42,123647
9861,0.000184,74.125.24.0-255,1484,25624,42,123647
9862,0.000186,172.31.46.0-255,66,25690,42,123647
9863,0.0002,74.125.24.0-255,1484,27174,42,123647
9864,0.000202,172.31.46.0-255,66,27240,42,123647
9865,0.000208,74.125.24.0-255,5738,32978,42,123647
9866,0.000211,172.31.46.0-255,66,33044,42,123647
9867,0.000216,74.125.24.0-255,4320,37364,42,123647
9868,0.000218,172.31.46.0-255,66,37430,42,123647
9869,0.000239,74.125.24.0-255,3961,41391,42,123647
9870,0.000241,172.31.46.0-255,66,41457,42,123647
9871,0.000249,74.125.24.0-255,7156,48613,42,123647
9872,0.000251,172.31.46.0-255,66,48679,42,123647
9873,0.000279,172.31.46.0-255,66,48745,42,123647
9874,0.000731,74.125.24.0-255,135,48880,42,123647
9875,0.000773,74.125.24.0-255,1484,50364,42,123647
9876,0.000779,172.31.46.0-255,66,50430,42,123647
9877,0.000783,74.125.24.0-255,1484,51914,42,123647
9878,0.000802,74.125.24.0-255,1484,53398,42,123647
9879,0.000808,74.125.24.0-255,5738,59136,42,123647
9880,0.000821,74.125.24.0-255,1484,60620,42,123647
9881,0.000825,172.31.46.0-255,66,60686,42,123647
9882,0.000828,172.31.46.0-255,66,60752,42,123647
9883,0.000831,172.31.46.0-255,66,60818,42,123647
9884,0.000857,172.31.46.0-255,66,60884,42,123647
9885,0.000897,172.31.46.0-255,66,60950,42,123647
9886,0.000928,74.125.24.0-255,2902,63852,42,123647
9887,0.00093,172.31.46.0-255,66,63918,42,123647
9888,0.000971,172.31.46.0-255,66,63984,42,123647
9889,0.000985,172.31.46.0-255,66,64050,42,123647
9890,0.000999,172.31.46.0-255,66,64116,42,123647
9891,0.001018,172.31.46.0-255,66,64182,42,123647
9892,0.001021,74.125.24.0-255,766,64948,42,123647
9893,0.00104,74.125.24.0-255,1484,66432,42,123647
9894,0.001043,172.31.46.0-255,66,66498,42,123647
9895,0.001048,74.125.24.0-255,4320,70818,42,123647
9896,0.00105,172.31.46.0-255,66,70884,42,123647
9897,0.001076,172.31.46.0-255,66,70950,42,123647
9898,0.001084,74.125.24.0-255,7156,78106,42,123647
9899,0.001087,172.31.46.0-255,66,78172,42,123647
9900,0.001101,74.125.24.0-255,2902,81074,42,123647
9901,0.001104,172.31.46.0-255,66,81140,42,123647
9902,0.00113,74.125.24.0-255,4320,85460,42,123647
9903,0.001132,172.31.46.0-255,66,85526,42,123647
9904,0.001168,172.31.46.0-255,66,85592,42,123647
9905,0.001184,172.31.46.0-255,66,85658,42,123647
9906,0.001188,74.125.24.0-255,2184,87842,42,123647
9907,0.00119,172.31.46.0-255,66,87908,42,123647
9908,0.001218,74.125.24.0-255,2902,90810,42,123647
9909,0.001221,172.31.46.0-255,66,90876,42,123647
9910,0.001228,74.125.24.0-255,7156,98032,42,123647
9911,0.001231,172.31.46.0-255,66,98098,42,123647
9912,0.001263,172.31.46.0-255,66,98164,42,123647
9913,0.001302,172.31.46.0-255,66,98230,42,123647
9914,0.001323,74.125.24.0-255,5020,103250,42,123647
9915,0.001326,172.31.46.0-255,66,103316,42,123647
9916,0.001354,74.125.24.0-255,1484,104800,42,123647
9917,0.001359,74.125.24.0-255,2902,107702,42,123647
9918,0.001362,172.31.46.0-255,66,107768,42,123647
9919,0.001384,74.125.24.0-255,5738,113506,42,123647
9920,0.001387,172.31.46.0-255,66,113572,42,123647
9921,0.001391,74.125.24.0-255,2902,116474,42,123647
9922,0.001393,172.31.46.0-255,66,116540,42,123647
9923,0.001416,172.31.46.0-255,66,116606,42,123647
9924,0.001463,172.31.46.0-255,66,116672,42,123647
9925,0.001505,74.125.24.0-255,1484,118156,42,123647
9926,0.001529,172.31.46.0-255,66,118222,42,123647
9927,0.001546,172.31.46.0-255,66,118288,42,123647
9928,0.001562,172.31.46.0-255,66,118354,42,123647
9929,0.001595,172.31.46.0-255,66,118420,42,123647
9930,0.001624,172.31.46.0-255,66,118486,42,123647
9931,0.001654,172.31.46.0-255,66,118552,42,123647
9932,0.00166,74.125.24.0-255,4687,123239,42,123647
9933,0.001662,172.31.46.0-255,66,123305,42,123647
9934,0.001691,74.125.24.0-255,105,123410,42,123647
9935,0.008586,172.31.46.0-255,66,123476,42,123647
9936,0.00862,172.31.46.0-255,105,123581,42,123647
9937,0.011161,74.125.24.0-255,66,123647,42,123647
9938,0.0,172.217.24.0-255,153,153,42,131302
9939,2.3e-05,172.31.46.0-255,66,219,42,131302
9940,3e-05,172.217.24.0-255,1484,1703,42,131302
9941,3.4e-05,172.31.46.0-255,66,1769,42,131302
9942,4e-05,172.217.24.0-255,2902,4671,42,131302
9943,4.4e-05,172.31.46.0-255,66,4737,42,131302
9944,5.1e-05,172.217.24.0-255,7156,11893,42,131302
9945,5.5e-05,172.31.46.0-255,66,11959,42,131302
9946,5.8e-05,172.217.24.0-255,2011,13970,42,131302
9947,6.1e-05,172.31.46.0-255,66,14036,42,131302
9948,9.3e-05,172.217.24.0-255,1484,15520,42,131302
9949,9.6e-05,172.31.46.0-255,66,15586,42,131302
9950,0.000115,172.217.24.0-255,1484,17070,42,131302
9951,0.000117,172.31.46.0-255,66,17136,42,131302
9952,0.000123,172.217.24.0-255,4320,21456,42,131302
9953,0.000125,172.31.46.0-255,66,21522,42,131302
9954,0.000132,172.217.24.0-255,7156,28678,42,131302
9955,0.000134,172.31.46.0-255,66,28744,42,131302
9956,0.000188,172.217.24.0-255,2543,31287,42,131302
9957,0.00019,172.31.46.0-255,66,31353,42,131302
9958,0.00028,172.217.24.0-255,1484,32837,42,131302
9959,0.000284,172.31.46.0-255,66,32903,42,131302
9960,0.000289,172.217.24.0-255,2902,35805,42,131302
9961,0.000292,172.31.46.0-255,66,35871,42,131302
9962,0.000295,172.217.24.0-255,1484,37355,42,131302
9963,0.000297,172.31.46.0-255,66,37421,42,131302
9964,0.000319,172.217.24.0-255,4320,41741,42,131302
9965,0.000322,172.31.46.0-255,66,41807,42,131302
9966,0.000325,172.217.24.0-255,1484,43291,42,131302
9967,0.000327,172.31.46.0-255,66,43357,42,131302
9968,0.000364,172.31.46.0-255,66,43423,42,131302
9969,0.000413,172.31.46.0-255,66,43489,42,131302
9970,0.001098,172.217.24.0-255,349,43838,42,131302
9971,0.001122,172.31.46.0-255,66,43904,42,131302
9972,0.001277,172.217.24.0-255,1484,45388,42,131302
9973,0.001286,172.217.24.0-255,2902,48290,42,131302
9974,0.001291,172.31.46.0-255,66,48356,42,131302
9975,0.001294,172.217.24.0-255,1484,49840,42,131302
9976,0.001313,172.217.24.0-255,2902,52742,42,131302
9977,0.001315,172.31.46.0-255,66,52808,42,131302
9978,0.001318,172.217.24.0-255,1484,54292,42,131302
9979,0.001336,172.217.24.0-255,4320,58612,42,131302
9980,0.001339,172.31.46.0-255,66,58678,42,131302
9981,0.001361,172.217.24.0-255,5379,64057,42,131302
9982,0.001364,172.31.46.0-255,66,64123,42,131302
9983,0.001385,172.217.24.0-255,5738,69861,42,131302
9984,0.001387,172.31.46.0-255,66,69927,42,131302
9985,0.001403,172.217.24.0-255,5738,75665,42,131302
9986,0.001406,172.31.46.0-255,66,75731,42,131302
9987,0.001428,172.217.24.0-255,1484,77215,42,131302
9988,0.001484,172.217.24.0-255,1125,78340,42,131302
9989,0.001488,172.31.46.0-255,66,78406,42,131302
9990,0.003296,172.217.24.0-255,2902,81308,42,131302
9991,0.003303,172.31.46.0-255,66,81374,42,131302
9992,0.003375,172.217.24.0-255,2902,84276,42,131302
9993,0.003377,172.31.46.0-255,66,84342,42,131302
9994,0.005208,172.217.24.0-255,2902,87244,42,131302
9995,0.005211,172.31.46.0-255,66,87310,42,131302
9996,0.00527,172.217.24.0-255,2902,90212,42,131302
9997,0.005273,172.31.46.0-255,66,90278,42,131302
9998,0.007116,172.217.24.0-255,2902,93180,42,131302
9999,0.007123,172.31.46.0-255,66,93246,42,131302
10000,0.007156,172.217.24.0-255,2902,96148,42,131302
10001,0.007159,172.31.46.0-255,66,96214,42,131302
10002,0.009019,172.217.24.0-255,2902,99116,42,131302
10003,0.009026,172.31.46.0-255,66,99182,42,131302
10004,0.009048,172.217.24.0-255,2902,102084,42,131302
10005,0.00905,172.31.46.0-255,66,102150,42,131302
10006,0.010922,172.217.24.0-255,2902,105052,42,131302
10007,0.010932,172.31.46.0-255,66,105118,42,131302
10008,0.010948,172.217.24.0-255,2902,108020,42,131302
10009,0.01095,172.31.46.0-255,66,108086,42,131302
10010,0.012836,172.217.24.0-255,5738,113824,42,131302
10011,0.012842,172.31.46.0-255,66,113890,42,131302
10012,0.014753,172.217.24.0-255,5738,119628,42,131302
10013,0.014761,172.31.46.0-255,66,119694,42,131302
10014,0.016661,172.217.24.0-255,5738,125432,42,131302
10015,0.016668,172.31.46.0-255,66,125498,42,131302
10016,0.018566,172.217.24.0-255,5738,131236,42,131302
10017,0.018571,172.31.46.0-255,66,131302,42,131302
10018,0.0,74.125.24.0-255,152,152,42,120975
10019,2.2e-05,172.31.46.0-255,66,218,42,120975
10020,2.9e-05,74.125.24.0-255,1484,1702,42,120975
10021,3.3e-05,172.31.46.0-255,66,1768,42,120975
10022,3.8e-05,74.125.24.0-255,2902,4670,42,120975
10023,4.9e-05,172.31.46.0-255,66,4736,42,120975
10024,5.7e-05,74.125.24.0-255,7156,11892,42,120975
10025,6.2e-05,172.31.46.0-255,66,11958,42,120975
10026,6.7e-05,74.125.24.0-255,4320,16278,42,120975
10027,7e-05,172.31.46.0-255,66,16344,42,120975
10028,0.000119,172.31.46.0-255,66,16410,42,120975
10029,0.000123,74.125.24.0-255,1484,17894,42,120975
10030,0.000125,172.31.46.0-255,66,17960,42,120975
10031,0.000129,74.125.24.0-255,1125,19085,42,120975
10032,0.000137,172.31.46.0-255,66,19151,42,120975
10033,0.00043,74.125.24.0-255,1484,20635,42,120975
10034,0.000435,172.31.46.0-255,66,20701,42,120975
10035,0.000442,74.125.24.0-255,2902,23603,42,120975
10036,0.000444,172.31.46.0-255,66,23669,42,120975
10037,0.000449,74.125.24.0-255,2902,26571,42,120975
10038,0.000451,172.31.46.0-255,66,26637,42,120975
10039,0.000481,74.125.24.0-255,2902,29539,42,120975
10040,0.000484,172.31.46.0-255,66,29605,42,120975
10041,0.000499,172.31.46.0-255,66,29671,42,120975
10042,0.000514,172.31.46.0-255,66,29737,42,120975
10043,0.000547,74.125.24.0-255,2184,31921,42,120975
10044,0.00055,172.31.46.0-255,66,31987,42,120975
10045,0.000611,74.125.24.0-255,357,32344,42,120975
10046,0.000615,172.31.46.0-255,66,32410,42,120975
10047,0.000662,74.125.24.0-255,137,32547,42,120975
10048,0.000766,74.125.24.0-255,1484,34031,42,120975
10049,0.000769,172.31.46.0-255,66,34097,42,120975
10050,0.000775,74.125.24.0-255,2902,36999,42,120975
10051,0.000777,172.31.46.0-255,66,37065,42,120975
10052,0.000814,74.125.24.0-255,5738,42803,42,120975
10053,0.000816,172.31.46.0-255,66,42869,42,120975
10054,0.000835,172.31.46.0-255,66,42935,42,120975
10055,0.000838,74.125.24.0-255,1484,44419,42,120975
10056,0.000869,172.31.46.0-255,66,44485,42,120975
10057,0.000942,74.125.24.0-255,4320,48805,42,120975
10058,0.000947,172.31.46.0-255,66,48871,42,120975
10059,0.000963,172.31.46.0-255,66,48937,42,120975
10060,0.002003,74.125.24.0-255,1484,50421,42,120975
10061,0.002013,74.125.24.0-255,2902,53323,42,120975
10062,0.002019,172.31.46.0-255,66,53389,42,120975
10063,0.002027,74.125.24.0-255,5738,59127,42,120975
10064,0.002029,172.31.46.0-255,66,59193,42,120975
10065,0.002038,74.125.24.0-255,1484,60677,42,120975
10066,0.002042,74.125.24.0-255,1484,62161,42,120975
10067,0.002044,172.31.46.0-255,66,62227,42,120975
10068,0.00209,172.31.46.0-255,66,62293,42,120975
10069,0.002102,172.31.46.0-255,66,62359,42,120975
10070,0.002151,74.125.24.0-255,1484,63843,42,120975
10071,0.002164,74.125.24.0-255,2902,66745,42,120975
10072,0.002167,172.31.46.0-255,66,66811,42,120975
10073,0.002172,74.125.24.0-255,2902,69713,42,120975
10074,0.002174,172.31.46.0-255,66,69779,42,120975
10075,0.002213,74.125.24.0-255,2902,72681,42,120975
10076,0.002215,172.31.46.0-255,66,72747,42,120975
10077,0.002229,172.31.46.0-255,66,72813,42,120975
10078,0.002249,172.31.46.0-255,66,72879,42,120975
10079,0.00229,74.125.24.0-255,3602,76481,42,120975
10080,0.002293,172.31.46.0-255,66,76547,42,120975
10081,0.002316,172.31.46.0-255,66,76613,42,120975
10082,0.002322,74.125.24.0-255,5020,81633,42,120975
10083,0.002324,172.31.46.0-255,66,81699,42,120975
10084,0.004572,74.125.24.0-255,5738,87437,42,120975
10085,0.004581,172.31.46.0-255,66,87503,42,120975
10086,0.006837,74.125.24.0-255,4320,91823,42,120975
10087,0.006843,172.31.46.0-255,66,91889,42,120975
10088,0.006868,74.125.24.0-255,1484,93373,42,120975
10089,0.009095,74.125.24.0-255,4320,97693,42,120975
10090,0.009103,172.31.46.0-255,66,97759,42,120975
10091,0.011348,74.125.24.0-255,5738,103497,42,120975
10092,0.011355,172.31.46.0-255,66,103563,42,120975
10093,0.013597,74.125.24.0-255,5738,109301,42,120975
10094,0.013605,172.31.46.0-255,66,109367,42,120975
10095,0.015861,74.125.24.0-255,5738,115105,42,120975
10096,0.015868,172.31.46.0-255,66,115171,42,120975
10097,0.01813,74.125.24.0-255,5738,120909,42,120975
10098,0.018138,172.31.46.0-255,66,120975,42,120975
10099,0.0,74.125.24.0-255,150,150,42,224869
10100,2e-05,172.31.46.0-255,66,216,42,224869
10101,2.7e-05,74.125.24.0-255,1484,1700,42,224869
10102,3.2e-05,172.31.46.0-255,66,1766,42,224869
10103,3.7e-05,74.125.24.0-255,2902,4668,42,224869
10104,4.1e-05,172.31.46.0-255,66,4734,42,224869
10105,4.6e-05,74.125.24.0-255,2902,7636,42,224869
10106,4.9e-05,172.31.46.0-255,66,7702,42,224869
10107,7.1e-05,74.125.24.0-255,4320,12022,42,224869
10108,7.4e-05,172.31.46.0-255,66,12088,42,224869
10109,7.7e-05,74.125.24.0-255,1972,14060,42,224869
10110,8e-05,172.31.46.0-255,66,14126,42,224869
10111,9.9e-05,74.125.24.0-255,2902,17028,42,224869
10112,0.000102,172.31.46.0-255,66,17094,42,224869
10113,0.000136,172.31.46.0-255,66,17160,42,224869
10114,0.000167,74.125.24.0-255,5379,22539,42,224869
10115,0.00017,172.31.46.0-255,66,22605,42,224869
10116,0.000259,74.125.24.0-255,1484,24089,42,224869
10117,0.000262,172.31.46.0-255,66,24155,42,224869
10118,0.000268,74.125.24.0-255,2902,27057,42,224869
10119,0.000271,172.31.46.0-255,66,27123,42,224869
10120,0.000277,74.125.24.0-255,5738,32861,42,224869
10121,0.000279,172.31.46.0-255,66,32927,42,224869
10122,0.000311,172.31.46.0-255,66,32993,42,224869
10123,0.000369,74.125.24.0-255,4320,37313,42,224869
10124,0.000372,172.31.46.0-255,66,37379,42,224869
10125,0.000399,172.31.46.0-255,66,37445,42,224869
10126,0.000618,74.125.24.0-255,361,37806,42,224869
10127,0.000625,172.31.46.0-255,66,37872,42,224869
10128,0.000734,74.125.24.0-255,136,38008,42,224869
10129,0.000782,74.125.24.0-255,1484,39492,42,224869
10130,0.000786,74.125.24.0-255,2902,42394,42,224869
10131,0.000788,74.125.24.0-255,1484,43878,42,224869
10132,0.000792,172.31.46.0-255,66,43944,42,224869
10133,0.000796,172.31.46.0-255,66,44010,42,224869
10134,0.000816,74.125.24.0-255,5738,49748,42,224869
10135,0.000819,172.31.46.0-255,66,49814,42,224869
10136,0.000842,74.125.24.0-255,2902,52716,42,224869
10137,0.000845,172.31.46.0-255,66,52782,42,224869
10138,0.000867,172.31.46.0-255,66,52848,42,224869
10139,0.000886,74.125.24.0-255,1484,54332,42,224869
10140,0.00094,74.125.24.0-255,7156,61488,42,224869
10141,0.000944,172.31.46.0-255,66,61554,42,224869
10142,0.000959,74.125.24.0-255,1043,62597,42,224869
10143,0.001255,74.125.24.0-255,1484,64081,42,224869
10144,0.001259,172.31.46.0-255,66,64147,42,224869
10145,0.001265,74.125.24.0-255,2902,67049,42,224869
10146,0.001268,172.31.46.0-255,66,67115,42,224869
10147,0.001297,74.125.24.0-255,5738,72853,42,224869
10148,0.001301,172.31.46.0-255,66,72919,42,224869
10149,0.001313,74.125.24.0-255,7156,80075,42,224869
10150,0.001316,172.31.46.0-255,66,80141,42,224869
10151,0.001333,74.125.24.0-255,5738,85879,42,224869
10152,0.001335,172.31.46.0-255,66,85945,42,224869
10153,0.001384,74.125.24.0-255,4320,90265,42,224869
10154,0.001388,172.31.46.0-255,66,90331,42,224869
10155,0.001407,74.125.24.0-255,6438,96769,42,224869
10156,0.00141,172.31.46.0-255,66,96835,42,224869
10157,0.001456,74.125.24.0-255,7156,103991,42,224869
10158,0.00146,172.31.46.0-255,66,104057,42,224869
10159,0.001479,74.125.24.0-255,4320,108377,42,224869
10160,0.001482,172.31.46.0-255,66,108443,42,224869
10161,0.001544,74.125.24.0-255,2902,111345,42,224869
10162,0.001547,172.31.46.0-255,66,111411,42,224869
10163,0.001573,172.31.46.0-255,66,111477,42,224869
10164,0.001619,172.31.46.0-255,66,111543,42,224869
10165,0.001681,74.125.24.0-255,1484,113027,42,224869
10166,0.001687,74.125.24.0-255,2902,115929,42,224869
10167,0.00169,172.31.46.0-255,66,115995,42,224869
10168,0.001708,74.125.24.0-255,5738,121733,42,224869
10169,0.001711,172.31.46.0-255,66,121799,42,224869
10170,0.001726,74.125.24.0-255,1484,123283,42,224869
10171,0.001742,74.125.24.0-255,7156,130439,42,224869
10172,0.001744,172.31.46.0-255,66,130505,42,224869
10173,0.001765,74.125.24.0-255,4320,134825,42,224869
10174,0.001767,172.31.46.0-255,66,134891,42,224869
10175,0.001801,74.125.24.0-255,2902,137793,42,224869
10176,0.001804,172.31.46.0-255,66,137859,42,224869
10177,0.001826,74.125.24.0-255,4320,142179,42,224869
10178,0.001828,172.31.46.0-255,66,142245,42,224869
10179,0.001858,74.125.24.0-255,3602,145847,42,224869
10180,0.001862,172.31.46.0-255,66,145913,42,224869
10181,0.001909,74.125.24.0-255,1484,147397,42,224869
10182,0.001914,74.125.24.0-255,2902,150299,42,224869
10183,0.001918,172.31.46.0-255,66,150365,42,224869
10184,0.001923,74.125.24.0-255,2902,153267,42,224869
10185,0.001925,172.31.46.0-255,66,153333,42,224869
10186,0.00194,74.125.24.0-255,2902,156235,42,224869
10187,0.001943,172.31.46.0-255,66,156301,42,224869
10188,0.001973,74.125.24.0-255,5738,162039,42,224869
10189,0.001976,172.31.46.0-255,66,162105,42,224869
10190,0.001989,74.125.24.0-255,1484,163589,42,224869
10191,0.002018,172.31.46.0-255,66,163655,42,224869
10192,0.002079,74.125.24.0-255,2902,166557,42,224869
10193,0.002083,172.31.46.0-255,66,166623,42,224869
10194,0.002102,74.125.24.0-255,2184,168807,42,224869
10195,0.002105,172.31.46.0-255,66,168873,42,224869
10196,0.002162,74.125.24.0-255,1484,170357,42,224869
10197,0.002165,74.125.24.0-255,2902,173259,42,224869
10198,0.002177,172.31.46.0-255,66,173325,42,224869
10199,0.0022,74.125.24.0-255,5738,179063,42,224869
10200,0.002203,172.31.46.0-255,66,179129,42,224869
10201,0.002211,74.125.24.0-255,2902,182031,42,224869
10202,0.002214,172.31.46.0-255,66,182097,42,224869
10203,0.002255,172.31.46.0-255,66,182163,42,224869
10204,0.00231,74.125.24.0-255,1484,183647,42,224869
10205,0.002342,172.31.46.0-255,66,183713,42,224869
10206,0.002378,172.31.46.0-255,66,183779,42,224869
10207,0.002415,172.31.46.0-255,66,183845,42,224869
10208,0.002517,74.125.24.0-255,7156,191001,42,224869
10209,0.002521,172.31.46.0-255,66,191067,42,224869
10210,0.002553,172.31.46.0-255,66,191133,42,224869
10211,0.002621,74.125.24.0-255,4320,195453,42,224869
10212,0.002625,172.31.46.0-255,66,195519,42,224869
10213,0.007419,172.31.46.0-255,66,195585,42,224869
10214,0.009759,74.125.24.0-255,5738,201323,42,224869
10215,0.009768,172.31.46.0-255,66,201389,42,224869
10216,0.012106,74.125.24.0-255,5738,207127,42,224869
10217,0.012114,172.31.46.0-255,66,207193,42,224869
10218,0.014461,74.125.24.0-255,5738,212931,42,224869
10219,0.014469,172.31.46.0-255,66,212997,42,224869
10220,0.016791,74.125.24.0-255,2902,215899,42,224869
10221,0.016798,172.31.46.0-255,66,215965,42,224869
10222,0.016817,74.125.24.0-255,2902,218867,42,224869
10223,0.01682,172.31.46.0-255,66,218933,42,224869
10224,0.019128,74.125.24.0-255,2902,221835,42,224869
10225,0.019137,172.31.46.0-255,66,221901,42,224869
10226,0.019158,74.125.24.0-255,2902,224803,42,224869
10227,0.019161,172.31.46.0-255,66,224869,42,224869
10228,0.0,74.125.24.0-255,151,151,42,151312
10229,2.1e-05,172.31.46.0-255,66,217,42,151312
10230,2.7e-05,74.125.24.0-255,1484,1701,42,151312
10231,3.1e-05,172.31.46.0-255,66,1767,42,151312
10232,4.2e-05,74.125.24.0-255,2902,4669,42,151312
10233,4.4e-05,172.31.46.0-255,66,4735,42,151312
10234,8e-05,74.125.24.0-255,7156,11891,42,151312
10235,8.3e-05,172.31.46.0-255,66,11957,42,151312
10236,0.000114,74.125.24.0-255,2136,14093,42,151312
10237,0.000117,172.31.46.0-255,66,14159,42,151312
10238,0.000149,74.125.24.0-255,2902,17061,42,151312
10239,0.000151,172.31.46.0-255,66,17127,42,151312
10240,0.000176,74.125.24.0-255,5738,22865,42,151312
10241,0.00018,172.31.46.0-255,66,22931,42,151312
10242,0.000215,74.125.24.0-255,5738,28669,42,151312
10243,0.000218,172.31.46.0-255,66,28735,42,151312
10244,0.000245,74.125.24.0-255,5379,34114,42,151312
10245,0.000247,172.31.46.0-255,66,34180,42,151312
10246,0.000325,74.125.24.0-255,4320,38500,42,151312
10247,0.00033,172.31.46.0-255,66,38566,42,151312
10248,0.000351,74.125.24.0-255,7156,45722,42,151312
10249,0.000353,172.31.46.0-255,66,45788,42,151312
10250,0.000435,74.125.24.0-255,2543,48331,42,151312
10251,0.000438,172.31.46.0-255,66,48397,42,151312
10252,0.000911,74.125.24.0-255,1484,49881,42,151312
10253,0.000915,172.31.46.0-255,66,49947,42,151312
10254,0.000923,74.125.24.0-255,2902,52849,42,151312
10255,0.000925,172.31.46.0-255,66,52915,42,151312
10256,0.000951,74.125.24.0-255,5738,58653,42,151312
10257,0.000953,172.31.46.0-255,66,58719,42,151312
10258,0.000999,74.125.24.0-255,4320,63039,42,151312
10259,0.001002,172.31.46.0-255,66,63105,42,151312
10260,0.001143,74.125.24.0-255,5738,68843,42,151312
10261,0.001155,74.125.24.0-255,1484,70327,42,151312
10262,0.001215,74.125.24.0-255,3122,73449,42,151312
10263,0.001247,74.125.24.0-255,2902,76351,42,151312
10264,0.001264,74.125.24.0-255,5738,82089,42,151312
10265,0.001276,74.125.24.0-255,4320,86409,42,151312
10266,0.001374,74.125.24.0-255,3961,90370,42,151312
10267,0.001961,74.125.24.0-255,1484,91854,42,151312
10268,0.001967,74.125.24.0-255,2902,94756,42,151312
10269,0.002007,74.125.24.0-255,5738,100494,42,151312
10270,0.002045,74.125.24.0-255,4320,104814,42,151312
10271,0.002083,74.125.24.0-255,2902,107716,42,151312
10272,0.002099,74.125.24.0-255,4320,112036,42,151312
10273,0.002109,74.125.24.0-255,2902,114938,42,151312
10274,0.002118,74.125.24.0-255,1484,116422,42,151312
10275,0.005753,172.31.46.0-255,66,116488,42,151312
10276,0.008037,74.125.24.0-255,5738,122226,42,151312
10277,0.008046,172.31.46.0-255,66,122292,42,151312
10278,0.010307,74.125.24.0-255,5738,128030,42,151312
10279,0.010314,172.31.46.0-255,66,128096,42,151312
10280,0.012572,74.125.24.0-255,5738,133834,42,151312
10281,0.012585,172.31.46.0-255,66,133900,42,151312
10282,0.014873,74.125.24.0-255,5738,139638,42,151312
10283,0.014885,172.31.46.0-255,66,139704,42,151312
10284,0.017164,74.125.24.0-255,5738,145442,42,151312
10285,0.017175,172.31.46.0-255,66,145508,42,151312
10286,0.019458,74.125.24.0-255,5738,151246,42,151312
10287,0.019463,172.31.46.0-255,66,151312,42,151312
10288,0.0,172.217.194.0-255,153,153,42,266006
10289,2.3e-05,172.31.46.0-255,66,219,42,266006
10290,3e-05,172.217.194.0-255,1484,1703,42,266006
10291,3.4e-05,172.31.46.0-255,66,1769,42,266006
10292,4.2e-05,172.217.194.0-255,2902,4671,42,266006
10293,4.5e-05,172.31.46.0-255,66,4737,42,266006
10294,5.3e-05,172.217.194.0-255,7156,11893,42,266006
10295,5.5e-05,172.31.46.0-255,66,11959,42,266006
10296,6e-05,172.217.194.0-255,2119,14078,42,266006
10297,6.3e-05,172.31.46.0-255,66,14144,42,266006
10298,0.000127,172.217.194.0-255,1484,15628,42,266006
10299,0.00013,172.31.46.0-255,66,15694,42,266006
10300,0.000133,172.217.194.0-255,1484,17178,42,266006
10301,0.000135,172.31.46.0-255,66,17244,42,266006
10302,0.000159,172.217.194.0-255,1484,18728,42,266006
10303,0.000161,172.31.46.0-255,66,18794,42,266006
10304,0.000167,172.217.194.0-255,5738,24532,42,266006
10305,0.00017,172.31.46.0-255,66,24598,42,266006
10306,0.000184,172.217.194.0-255,2902,27500,42,266006
10307,0.000188,172.31.46.0-255,66,27566,42,266006
10308,0.000208,172.31.46.0-255,66,27632,42,266006
10309,0.000218,172.31.46.0-255,66,27698,42,266006
10310,0.000242,172.217.194.0-255,4320,32018,42,266006
10311,0.000244,172.31.46.0-255,66,32084,42,266006
10312,0.00026,172.217.194.0-255,4320,36404,42,266006
10313,0.000262,172.31.46.0-255,66,36470,42,266006
10314,0.000285,172.31.46.0-255,66,36536,42,266006
10315,0.000288,172.217.194.0-255,646,37182,42,266006
10316,0.00029,172.31.46.0-255,66,37248,42,266006
10317,0.000388,172.217.194.0-255,1484,38732,42,266006
10318,0.000407,172.217.194.0-255,2902,41634,42,266006
10319,0.00041,172.31.46.0-255,66,41700,42,266006
10320,0.000416,172.217.194.0-255,5738,47438,42,266006
10321,0.000419,172.31.46.0-255,66,47504,42,266006
10322,0.000456,172.217.194.0-255,2902,50406,42,266006
10323,0.000459,172.31.46.0-255,66,50472,42,266006
10324,0.000475,172.217.194.0-255,3961,54433,42,266006
10325,0.000477,172.31.46.0-255,66,54499,42,266006
10326,0.000484,172.217.194.0-255,7156,61655,42,266006
10327,0.000487,172.31.46.0-255,66,61721,42,266006
10328,0.000525,172.217.194.0-255,7156,68877,42,266006
10329,0.000529,172.31.46.0-255,66,68943,42,266006
10330,0.000541,172.217.194.0-255,2543,71486,42,266006
10331,0.000543,172.31.46.0-255,66,71552,42,266006
10332,0.000666,172.217.194.0-255,1484,73036,42,266006
10333,0.000673,172.217.194.0-255,2902,75938,42,266006
10334,0.000677,172.31.46.0-255,66,76004,42,266006
10335,0.000683,172.217.194.0-255,4320,80324,42,266006
10336,0.000685,172.31.46.0-255,66,80390,42,266006
10337,0.000698,172.217.194.0-255,1484,81874,42,266006
10338,0.000723,172.217.194.0-255,4320,86194,42,266006
10339,0.000725,172.31.46.0-255,66,86260,42,266006
10340,0.000746,172.217.194.0-255,1994,88254,42,266006
10341,0.000748,172.31.46.0-255,66,88320,42,266006
10342,0.000751,172.217.194.0-255,1484,89804,42,266006
10343,0.000769,172.217.194.0-255,2902,92706,42,266006
10344,0.000772,172.31.46.0-255,66,92772,42,266006
10345,0.000797,172.217.194.0-255,5738,98510,42,266006
10346,0.0008,172.31.46.0-255,66,98576,42,266006
10347,0.000829,172.217.194.0-255,4320,102896,42,266006
10348,0.000831,172.31.46.0-255,66,102962,42,266006
10349,0.00085,172.217.194.0-255,2543,105505,42,266006
10350,0.000854,172.31.46.0-255,66,105571,42,266006
10351,0.001068,172.217.194.0-255,1484,107055,42,266006
10352,0.001075,172.217.194.0-255,2902,109957,42,266006
10353,0.001079,172.31.46.0-255,66,110023,42,266006
10354,0.001084,172.217.194.0-255,2902,112925,42,266006
10355,0.001087,172.31.46.0-255,66,112991,42,266006
10356,0.001102,172.217.194.0-255,2902,115893,42,266006
10357,0.001104,172.31.46.0-255,66,115959,42,266006
10358,0.001108,172.217.194.0-255,1484,117443,42,266006
10359,0.00114,172.31.46.0-255,66,117509,42,266006
10360,0.00115,172.31.46.0-255,66,117575,42,266006
10361,0.001203,172.217.194.0-255,2184,119759,42,266006
10362,0.001205,172.31.46.0-255,66,119825,42,266006
10363,0.001382,172.217.194.0-255,1484,121309,42,266006
10364,0.001388,172.217.194.0-255,2902,124211,42,266006
10365,0.001391,172.31.46.0-255,66,124277,42,266006
10366,0.001395,172.217.194.0-255,1484,125761,42,266006
10367,0.001409,172.217.194.0-255,4320,130081,42,266006
10368,0.001412,172.31.46.0-255,66,130147,42,266006
10369,0.001417,172.217.194.0-255,4320,134467,42,266006
10370,0.001419,172.31.46.0-255,66,134533,42,266006
10371,0.001455,172.31.46.0-255,66,134599,42,266006
10372,0.001467,172.31.46.0-255,66,134665,42,266006
10373,0.00147,172.217.194.0-255,766,135431,42,266006
10374,0.001726,172.217.194.0-255,1484,136915,42,266006
10375,0.001731,172.31.46.0-255,66,136981,42,266006
10376,0.001735,172.217.194.0-255,1484,138465,42,266006
10377,0.001753,172.217.194.0-255,1484,139949,42,266006
10378,0.001755,172.31.46.0-255,66,140015,42,266006
10379,0.001763,172.217.194.0-255,5738,145753,42,266006
10380,0.001765,172.31.46.0-255,66,145819,42,266006
10381,0.001797,172.31.46.0-255,66,145885,42,266006
10382,0.001807,172.31.46.0-255,66,145951,42,266006
10383,0.001837,172.217.194.0-255,4320,150271,42,266006
10384,0.001842,172.31.46.0-255,66,150337,42,266006
10385,0.001854,172.217.194.0-255,5020,155357,42,266006
10386,0.001856,172.31.46.0-255,66,155423,42,266006
10387,0.001873,172.31.46.0-255,66,155489,42,266006
10388,0.001897,172.217.194.0-255,7156,162645,42,266006
10389,0.0019,172.31.46.0-255,66,162711,42,266006
10390,0.001933,172.31.46.0-255,66,162777,42,266006
10391,0.001962,172.217.194.0-255,1484,164261,42,266006
10392,0.001982,172.217.194.0-255,2902,167163,42,266006
10393,0.001986,172.217.194.0-255,2902,170065,42,266006
10394,0.00199,172.31.46.0-255,66,170131,42,266006
10395,0.001993,172.31.46.0-255,66,170197,42,266006
10396,0.002005,172.217.194.0-255,2902,173099,42,266006
10397,0.002008,172.31.46.0-255,66,173165,42,266006
10398,0.002015,172.217.194.0-255,7156,180321,42,266006
10399,0.002017,172.31.46.0-255,66,180387,42,266006
10400,0.002036,172.217.194.0-255,5738,186125,42,266006
10401,0.002038,172.31.46.0-255,66,186191,42,266006
10402,0.002043,172.217.194.0-255,5738,191929,42,266006
10403,0.002046,172.31.46.0-255,66,191995,42,266006
10404,0.002073,172.217.194.0-255,5020,197015,42,266006
10405,0.002077,172.31.46.0-255,66,197081,42,266006
10406,0.00212,172.217.194.0-255,1484,198565,42,266006
10407,0.002137,172.217.194.0-255,2902,201467,42,266006
10408,0.002141,172.31.46.0-255,66,201533,42,266006
10409,0.002162,172.217.194.0-255,5738,207271,42,266006
10410,0.002165,172.31.46.0-255,66,207337,42,266006
10411,0.002177,172.31.46.0-255,66,207403,42,266006
10412,0.002195,172.217.194.0-255,2902,210305,42,266006
10413,0.002197,172.31.46.0-255,66,210371,42,266006
10414,0.00221,172.31.46.0-255,66,210437,42,266006
10415,0.002259,172.217.194.0-255,1484,211921,42,266006
10416,0.002281,172.217.194.0-255,2902,214823,42,266006
10417,0.002285,172.31.46.0-255,66,214889,42,266006
10418,0.002292,172.217.194.0-255,5738,220627,42,266006
10419,0.002294,172.31.46.0-255,66,220693,42,266006
10420,0.002299,172.217.194.0-255,4320,225013,42,266006
10421,0.002301,172.31.46.0-255,66,225079,42,266006
10422,0.002304,172.217.194.0-255,1484,226563,42,266006
10423,0.004593,172.217.194.0-255,4320,230883,42,266006
10424,0.004599,172.31.46.0-255,66,230949,42,266006
10425,0.006889,172.217.194.0-255,1484,232433,42,266006
10426,0.006906,172.217.194.0-255,4320,236753,42,266006
10427,0.006908,172.31.46.0-255,66,236819,42,266006
10428,0.009194,172.217.194.0-255,5738,242557,42,266006
10429,0.009201,172.31.46.0-255,66,242623,42,266006
10430,0.010031,172.31.46.0-255,101,242724,42,266006
10431,0.01148,172.217.194.0-255,5738,248462,42,266006
10432,0.011487,172.31.46.0-255,66,248528,42,266006
10433,0.012268,172.217.194.0-255,66,248594,42,266006
10434,0.013777,172.217.194.0-255,5738,254332,42,266006
10435,0.013785,172.31.46.0-255,66,254398,42,266006
10436,0.016061,172.217.194.0-255,5738,260136,42,266006
10437,0.016077,172.31.46.0-255,66,260202,42,266006
10438,0.018367,172.217.194.0-255,5738,265940,42,266006
10439,0.018375,172.31.46.0-255,66,266006,42,266006
10440,0.0,172.217.160.0-255,152,152,42,185529
10441,2.1e-05,172.31.46.0-255,66,218,42,185529
10442,2.7e-05,172.217.160.0-255,1484,1702,42,185529
10443,3.2e-05,172.31.46.0-255,66,1768,42,185529
10444,3.7e-05,172.217.160.0-255,2902,4670,42,185529
10445,4.8e-05,172.31.46.0-255,66,4736,42,185529
10446,5.5e-05,172.217.160.0-255,7156,11892,42,185529
10447,5.8e-05,172.31.46.0-255,66,11958,42,185529
10448,6.2e-05,172.217.160.0-255,2157,14115,42,185529
10449,6.5e-05,172.31.46.0-255,66,14181,42,185529
10450,0.000109,172.31.46.0-255,66,14247,42,185529
10451,0.000115,172.217.160.0-255,5379,19626,42,185529
10452,0.000118,172.31.46.0-255,66,19692,42,185529
10453,0.000242,172.217.160.0-255,1484,21176,42,185529
10454,0.000247,172.31.46.0-255,66,21242,42,185529
10455,0.000252,172.217.160.0-255,2902,24144,42,185529
10456,0.000254,172.31.46.0-255,66,24210,42,185529
10457,0.00026,172.217.160.0-255,5738,29948,42,185529
10458,0.000267,172.31.46.0-255,66,30014,42,185529
10459,0.000333,172.217.160.0-255,6797,36811,42,185529
10460,0.000335,172.31.46.0-255,66,36877,42,185529
10461,0.000424,172.217.160.0-255,1484,38361,42,185529
10462,0.000428,172.31.46.0-255,66,38427,42,185529
10463,0.000433,172.217.160.0-255,2902,41329,42,185529
10464,0.000435,172.31.46.0-255,66,41395,42,185529
10465,0.000446,172.217.160.0-255,5738,47133,42,185529
10466,0.000449,172.31.46.0-255,66,47199,42,185529
10467,0.000456,172.217.160.0-255,6797,53996,42,185529
10468,0.000459,172.31.46.0-255,66,54062,42,185529
10469,0.000479,172.217.160.0-255,335,54397,42,185529
10470,0.000482,172.31.46.0-255,66,54463,42,185529
10471,0.00095,172.217.160.0-255,124,54587,42,185529
10472,0.001056,172.217.160.0-255,1484,56071,42,185529
10473,0.00106,172.31.46.0-255,66,56137,42,185529
10474,0.001065,172.217.160.0-255,2902,59039,42,185529
10475,0.001067,172.31.46.0-255,66,59105,42,185529
10476,0.001078,172.217.160.0-255,5738,64843,42,185529
10477,0.00108,172.31.46.0-255,66,64909,42,185529
10478,0.001111,172.217.160.0-255,2902,67811,42,185529
10479,0.001116,172.31.46.0-255,66,67877,42,185529
10480,0.001146,172.217.160.0-255,3961,71838,42,185529
10481,0.001149,172.31.46.0-255,66,71904,42,185529
10482,0.001156,172.217.160.0-255,7156,79060,42,185529
10483,0.001158,172.31.46.0-255,66,79126,42,185529
10484,0.001197,172.31.46.0-255,66,79192,42,185529
10485,0.00125,172.217.160.0-255,1484,80676,42,185529
10486,0.001256,172.217.160.0-255,2902,83578,42,185529
10487,0.001259,172.31.46.0-255,66,83644,42,185529
10488,0.001286,172.217.160.0-255,5738,89382,42,185529
10489,0.001288,172.31.46.0-255,66,89448,42,185529
10490,0.001312,172.217.160.0-255,1484,90932,42,185529
10491,0.00133,172.217.160.0-255,4997,95929,42,185529
10492,0.001334,172.31.46.0-255,66,95995,42,185529
10493,0.001375,172.217.160.0-255,1484,97479,42,185529
10494,0.001381,172.217.160.0-255,2902,100381,42,185529
10495,0.001383,172.31.46.0-255,66,100447,42,185529
10496,0.001387,172.217.160.0-255,1484,101931,42,185529
10497,0.001413,172.217.160.0-255,4320,106251,42,185529
10498,0.001415,172.31.46.0-255,66,106317,42,185529
10499,0.001451,172.31.46.0-255,66,106383,42,185529
10500,0.001483,172.31.46.0-255,66,106449,42,185529
10501,0.001494,172.31.46.0-255,66,106515,42,185529
10502,0.001537,172.31.46.0-255,66,106581,42,185529
10503,0.001668,172.217.160.0-255,1484,108065,42,185529
10504,0.001674,172.217.160.0-255,2902,110967,42,185529
10505,0.001677,172.31.46.0-255,66,111033,42,185529
10506,0.001711,172.217.160.0-255,5738,116771,42,185529
10507,0.001714,172.31.46.0-255,66,116837,42,185529
10508,0.00172,172.217.160.0-255,4320,121157,42,185529
10509,0.001723,172.31.46.0-255,66,121223,42,185529
10510,0.001735,172.31.46.0-255,66,121289,42,185529
10511,0.00176,172.217.160.0-255,1484,122773,42,185529
10512,0.001772,172.31.46.0-255,66,122839,42,185529
10513,0.00189,172.217.160.0-255,1484,124323,42,185529
10514,0.001896,172.217.160.0-255,2902,127225,42,185529
10515,0.0019,172.31.46.0-255,66,127291,42,185529
10516,0.001906,172.217.160.0-255,4320,131611,42,185529
10517,0.001908,172.31.46.0-255,66,131677,42,185529
10518,0.001948,172.217.160.0-255,1484,133161,42,185529
10519,0.001962,172.31.46.0-255,66,133227,42,185529
10520,0.001965,172.217.160.0-255,1484,134711,42,185529
10521,0.003864,172.217.160.0-255,4320,139031,42,185529
10522,0.003872,172.31.46.0-255,66,139097,42,185529
10523,0.005769,172.217.160.0-255,5738,144835,42,185529
10524,0.005774,172.31.46.0-255,66,144901,42,185529
10525,0.007677,172.217.160.0-255,5738,150639,42,185529
10526,0.007684,172.31.46.0-255,66,150705,42,185529
10527,0.009597,172.217.160.0-255,5738,156443,42,185529
10528,0.009603,172.31.46.0-255,66,156509,42,185529
10529,0.011516,172.217.160.0-255,5738,162247,42,185529
10530,0.011523,172.31.46.0-255,66,162313,42,185529
10531,0.013433,172.217.160.0-255,5738,168051,42,185529
10532,0.013441,172.31.46.0-255,66,168117,42,185529
10533,0.015351,172.217.160.0-255,5738,173855,42,185529
10534,0.01536,172.31.46.0-255,66,173921,42,185529
10535,0.017264,172.217.160.0-255,5738,179659,42,185529
10536,0.017273,172.31.46.0-255,66,179725,42,185529
10537,0.019193,172.217.160.0-255,5738,185463,42,185529
10538,0.019203,172.31.46.0-255,66,185529,42,185529
10539,0.0,74.125.24.0-255,153,153,42,202817
10540,1.3e-05,172.31.46.0-255,66,219,42,202817
10541,2e-05,74.125.24.0-255,1484,1703,42,202817
10542,2.4e-05,172.31.46.0-255,66,1769,42,202817
10543,3e-05,74.125.24.0-255,2902,4671,42,202817
10544,3.3e-05,172.31.46.0-255,66,4737,42,202817
10545,4.8e-05,74.125.24.0-255,7156,11893,42,202817
10546,5.2e-05,172.31.46.0-255,66,11959,42,202817
10547,5.6e-05,74.125.24.0-255,1976,13935,42,202817
10548,6e-05,172.31.46.0-255,66,14001,42,202817
10549,9.6e-05,74.125.24.0-255,5738,19739,42,202817
10550,9.9e-05,172.31.46.0-255,66,19805,42,202817
10551,0.000107,74.125.24.0-255,7156,26961,42,202817
10552,0.00011,172.31.46.0-255,66,27027,42,202817
10553,0.000167,74.125.24.0-255,3961,30988,42,202817
10554,0.000169,172.31.46.0-255,66,31054,42,202817
10555,0.00021,74.125.24.0-255,1484,32538,42,202817
10556,0.000213,172.31.46.0-255,66,32604,42,202817
10557,0.000218,74.125.24.0-255,2902,35506,42,202817
10558,0.00022,172.31.46.0-255,66,35572,42,202817
10559,0.000253,74.125.24.0-255,5738,41310,42,202817
10560,0.000256,172.31.46.0-255,66,41376,42,202817
10561,0.000262,74.125.24.0-255,5738,47114,42,202817
10562,0.000265,172.31.46.0-255,66,47180,42,202817
10563,0.000272,74.125.24.0-255,6797,53977,42,202817
10564,0.000274,172.31.46.0-255,66,54043,42,202817
10565,0.000319,172.31.46.0-255,66,54109,42,202817
10566,0.000322,74.125.24.0-255,113,54222,42,202817
10567,0.000324,172.31.46.0-255,66,54288,42,202817
10568,0.000327,74.125.24.0-255,331,54619,42,202817
10569,0.000329,172.31.46.0-255,66,54685,42,202817
10570,0.000706,74.125.24.0-255,1484,56169,42,202817
10571,0.000712,74.125.24.0-255,2902,59071,42,202817
10572,0.000715,172.31.46.0-255,66,59137,42,202817
10573,0.000719,74.125.24.0-255,1484,60621,42,202817
10574,0.000747,74.125.24.0-255,4320,64941,42,202817
10575,0.000749,172.31.46.0-255,66,65007,42,202817
10576,0.000759,172.31.46.0-255,66,65073,42,202817
10577,0.000786,74.125.24.0-255,4320,69393,42,202817
10578,0.000788,172.31.46.0-255,66,69459,42,202817
10579,0.000791,74.125.24.0-255,1484,70943,42,202817
10580,0.000807,74.125.24.0-255,2902,73845,42,202817
10581,0.000811,172.31.46.0-255,66,73911,42,202817
10582,0.000832,74.125.24.0-255,6438,80349,42,202817
10583,0.000835,172.31.46.0-255,66,80415,42,202817
10584,0.001051,74.125.24.0-255,1484,81899,42,202817
10585,0.001057,74.125.24.0-255,2902,84801,42,202817
10586,0.001061,172.31.46.0-255,66,84867,42,202817
10587,0.001064,74.125.24.0-255,1484,86351,42,202817
10588,0.001088,74.125.24.0-255,4320,90671,42,202817
10589,0.001091,172.31.46.0-255,66,90737,42,202817
10590,0.001104,172.31.46.0-255,66,90803,42,202817
10591,0.001124,74.125.24.0-255,1484,92287,42,202817
10592,0.001136,74.125.24.0-255,7156,99443,42,202817
10593,0.001139,172.31.46.0-255,66,99509,42,202817
10594,0.001159,74.125.24.0-255,3602,103111,42,202817
10595,0.001161,172.31.46.0-255,66,103177,42,202817
10596,0.00125,74.125.24.0-255,1484,104661,42,202817
10597,0.001254,74.125.24.0-255,1484,106145,42,202817
10598,0.001257,172.31.46.0-255,66,106211,42,202817
10599,0.00129,74.125.24.0-255,1484,107695,42,202817
10600,0.001297,74.125.24.0-255,5738,113433,42,202817
10601,0.0013,172.31.46.0-255,66,113499,42,202817
10602,0.001313,172.31.46.0-255,66,113565,42,202817
10603,0.001331,172.31.46.0-255,66,113631,42,202817
10604,0.001523,74.125.24.0-255,1484,115115,42,202817
10605,0.00153,74.125.24.0-255,2902,118017,42,202817
10606,0.001533,172.31.46.0-255,66,118083,42,202817
10607,0.00154,74.125.24.0-255,5738,123821,42,202817
10608,0.001542,172.31.46.0-255,66,123887,42,202817
10609,0.001563,74.125.24.0-255,4320,128207,42,202817
10610,0.001565,172.31.46.0-255,66,128273,42,202817
10611,0.00159,74.125.24.0-255,7156,135429,42,202817
10612,0.001596,172.31.46.0-255,66,135495,42,202817
10613,0.001644,172.31.46.0-255,66,135561,42,202817
10614,0.001984,74.125.24.0-255,1484,137045,42,202817
10615,0.001991,74.125.24.0-255,2902,139947,42,202817
10616,0.001995,172.31.46.0-255,66,140013,42,202817
10617,0.002003,74.125.24.0-255,5738,145751,42,202817
10618,0.002005,172.31.46.0-255,66,145817,42,202817
10619,0.002017,74.125.24.0-255,5738,151555,42,202817
10620,0.002019,172.31.46.0-255,66,151621,42,202817
10621,0.002089,172.31.46.0-255,66,151687,42,202817
10622,0.002095,74.125.24.0-255,5020,156707,42,202817
10623,0.002097,172.31.46.0-255,66,156773,42,202817
10624,0.002108,74.125.24.0-255,5738,162511,42,202817
10625,0.00211,172.31.46.0-255,66,162577,42,202817
10626,0.002128,172.31.46.0-255,66,162643,42,202817
10627,0.002157,74.125.24.0-255,1484,164127,42,202817
10628,0.002165,74.125.24.0-255,7156,171283,42,202817
10629,0.002167,172.31.46.0-255,66,171349,42,202817
10630,0.002178,172.31.46.0-255,66,171415,42,202817
10631,0.002211,172.31.46.0-255,66,171481,42,202817
10632,0.002214,74.125.24.0-255,1484,172965,42,202817
10633,0.002264,74.125.24.0-255,766,173731,42,202817
10634,0.006547,172.31.46.0-255,66,173797,42,202817
10635,0.008839,74.125.24.0-255,5738,179535,42,202817
10636,0.008845,172.31.46.0-255,66,179601,42,202817
10637,0.011114,74.125.24.0-255,5738,185339,42,202817
10638,0.011122,172.31.46.0-255,66,185405,42,202817
10639,0.013389,74.125.24.0-255,5738,191143,42,202817
10640,0.013397,172.31.46.0-255,66,191209,42,202817
10641,0.015679,74.125.24.0-255,5738,196947,42,202817
10642,0.015688,172.31.46.0-255,66,197013,42,202817
10643,0.018017,74.125.24.0-255,5738,202751,42,202817
10644,0.018025,172.31.46.0-255,66,202817,42,202817
10645,0.0,172.217.194.0-255,152,152,42,135867
10646,3.3e-05,172.31.46.0-255,66,218,42,135867
10647,4e-05,172.217.194.0-255,1484,1702,42,135867
10648,4.4e-05,172.31.46.0-255,66,1768,42,135867
10649,5.5e-05,172.217.194.0-255,2902,4670,42,135867
10650,6e-05,172.31.46.0-255,66,4736,42,135867
10651,6.7e-05,172.217.194.0-255,7156,11892,42,135867
10652,7e-05,172.31.46.0-255,66,11958,42,135867
10653,0.000122,172.217.194.0-255,2139,14097,42,135867
10654,0.000126,172.31.46.0-255,66,14163,42,135867
10655,0.001804,172.217.194.0-255,1484,15647,42,135867
10656,0.001812,172.31.46.0-255,66,15713,42,135867
10657,0.001821,172.217.194.0-255,2902,18615,42,135867
10658,0.001824,172.31.46.0-255,66,18681,42,135867
10659,0.001837,172.217.194.0-255,5738,24419,42,135867
10660,0.00184,172.31.46.0-255,66,24485,42,135867
10661,0.001849,172.217.194.0-255,6797,31282,42,135867
10662,0.001852,172.31.46.0-255,66,31348,42,135867
10663,0.001884,172.217.194.0-255,2902,34250,42,135867
10664,0.001886,172.31.46.0-255,66,34316,42,135867
10665,0.001925,172.31.46.0-255,66,34382,42,135867
10666,0.001941,172.31.46.0-255,66,34448,42,135867
10667,0.001977,172.31.46.0-255,66,34514,42,135867
10668,0.002008,172.217.194.0-255,338,34852,42,135867
10669,0.00201,172.31.46.0-255,66,34918,42,135867
10670,0.002038,172.217.194.0-255,1484,36402,42,135867
10671,0.00204,172.31.46.0-255,66,36468,42,135867
10672,0.002043,172.217.194.0-255,1484,37952,42,135867
10673,0.002045,172.31.46.0-255,66,38018,42,135867
10674,0.002076,172.217.194.0-255,2902,40920,42,135867
10675,0.002078,172.31.46.0-255,66,40986,42,135867
10676,0.00209,172.31.46.0-255,66,41052,42,135867
10677,0.002098,172.217.194.0-255,2859,43911,42,135867
10678,0.002101,172.31.46.0-255,66,43977,42,135867
10679,0.00213,172.217.194.0-255,2902,46879,42,135867
10680,0.002132,172.31.46.0-255,66,46945,42,135867
10681,0.002161,172.217.194.0-255,7156,54101,42,135867
10682,0.002164,172.31.46.0-255,66,54167,42,135867
10683,0.002171,172.217.194.0-255,4320,58487,42,135867
10684,0.002173,172.31.46.0-255,66,58553,42,135867
10685,0.0022,172.217.194.0-255,7156,65709,42,135867
10686,0.002203,172.31.46.0-255,66,65775,42,135867
10687,0.00221,172.217.194.0-255,5738,71513,42,135867
10688,0.002212,172.31.46.0-255,66,71579,42,135867
10689,0.002244,172.217.194.0-255,6438,78017,42,135867
10690,0.002247,172.31.46.0-255,66,78083,42,135867
10691,0.002268,172.217.194.0-255,1484,79567,42,135867
10692,0.002272,172.217.194.0-255,1484,81051,42,135867
10693,0.002274,172.31.46.0-255,66,81117,42,135867
10694,0.002299,172.217.194.0-255,1484,82601,42,135867
10695,0.002306,172.217.194.0-255,5738,88339,42,135867
10696,0.002309,172.31.46.0-255,66,88405,42,135867
10697,0.002315,172.217.194.0-255,5738,94143,42,135867
10698,0.002318,172.31.46.0-255,66,94209,42,135867
10699,0.00237,172.217.194.0-255,1484,95693,42,135867
10700,0.002394,172.31.46.0-255,66,95759,42,135867
10701,0.002397,172.217.194.0-255,766,96525,42,135867
10702,0.004102,172.31.46.0-255,66,96591,42,135867
10703,0.00477,172.217.194.0-255,4320,100911,42,135867
10704,0.004775,172.31.46.0-255,66,100977,42,135867
10705,0.006514,172.217.194.0-255,1484,102461,42,135867
10706,0.007225,172.217.194.0-255,4320,106781,42,135867
10707,0.007232,172.31.46.0-255,66,106847,42,135867
10708,0.009619,172.217.194.0-255,5738,112585,42,135867
10709,0.009627,172.31.46.0-255,66,112651,42,135867
10710,0.012013,172.217.194.0-255,5738,118389,42,135867
10711,0.012022,172.31.46.0-255,66,118455,42,135867
10712,0.014442,172.217.194.0-255,5738,124193,42,135867
10713,0.014448,172.31.46.0-255,66,124259,42,135867
10714,0.01682,172.217.194.0-255,5738,129997,42,135867
10715,0.016827,172.31.46.0-255,66,130063,42,135867
10716,0.019188,172.217.194.0-255,5738,135801,42,135867
10717,0.019196,172.31.46.0-255,66,135867,42,135867
10718,0.0,74.125.24.0-255,151,151,42,209248
10719,1.3e-05,172.31.46.0-255,66,217,42,209248
10720,1.9e-05,74.125.24.0-255,1484,1701,42,209248
10721,2.3e-05,172.31.46.0-255,66,1767,42,209248
10722,2.7e-05,74.125.24.0-255,2902,4669,42,209248
10723,3.6e-05,172.31.46.0-255,66,4735,42,209248
10724,4.4e-05,74.125.24.0-255,7156,11891,42,209248
10725,4.7e-05,172.31.46.0-255,66,11957,42,209248
10726,8.4e-05,74.125.24.0-255,6374,18331,42,209248
10727,8.6e-05,172.31.46.0-255,66,18397,42,209248
10728,9.3e-05,74.125.24.0-255,7156,25553,42,209248
10729,9.5e-05,172.31.46.0-255,66,25619,42,209248
10730,0.000121,74.125.24.0-255,5379,30998,42,209248
10731,0.000124,172.31.46.0-255,66,31064,42,209248
10732,0.000171,74.125.24.0-255,1484,32548,42,209248
10733,0.000173,172.31.46.0-255,66,32614,42,209248
10734,0.000176,74.125.24.0-255,1484,34098,42,209248
10735,0.000178,172.31.46.0-255,66,34164,42,209248
10736,0.000198,74.125.24.0-255,1484,35648,42,209248
10737,0.000203,172.31.46.0-255,66,35714,42,209248
10738,0.00021,74.125.24.0-255,5738,41452,42,209248
10739,0.000213,172.31.46.0-255,66,41518,42,209248
10740,0.000218,74.125.24.0-255,5738,47256,42,209248
10741,0.00022,172.31.46.0-255,66,47322,42,209248
10742,0.000248,74.125.24.0-255,6797,54119,42,209248
10743,0.000251,172.31.46.0-255,66,54185,42,209248
10744,0.000286,172.31.46.0-255,66,54251,42,209248
10745,0.000288,74.125.24.0-255,677,54928,42,209248
10746,0.00029,172.31.46.0-255,66,54994,42,209248
10747,0.000568,74.125.24.0-255,1484,56478,42,209248
10748,0.000573,172.31.46.0-255,66,56544,42,209248
10749,0.000577,74.125.24.0-255,1484,58028,42,209248
10750,0.0006,74.125.24.0-255,1484,59512,42,209248
10751,0.000606,74.125.24.0-255,5738,65250,42,209248
10752,0.000627,74.125.24.0-255,5738,70988,42,209248
10753,0.000649,172.31.46.0-255,66,71054,42,209248
10754,0.000684,74.125.24.0-255,5020,76074,42,209248
10755,0.000697,172.31.46.0-255,66,76140,42,209248
10756,0.00078,74.125.24.0-255,1484,77624,42,209248
10757,0.000791,74.125.24.0-255,2902,80526,42,209248
10758,0.0008,172.31.46.0-255,66,80592,42,209248
10759,0.000819,74.125.24.0-255,5738,86330,42,209248
10760,0.000825,74.125.24.0-255,5738,92068,42,209248
10761,0.000844,74.125.24.0-255,5738,97806,42,209248
10762,0.000849,172.31.46.0-255,66,97872,42,209248
10763,0.000866,74.125.24.0-255,7156,105028,42,209248
10764,0.000872,74.125.24.0-255,5020,110048,42,209248
10765,0.000891,172.31.46.0-255,66,110114,42,209248
10766,0.000969,74.125.24.0-255,1484,111598,42,209248
10767,0.000984,74.125.24.0-255,2902,114500,42,209248
10768,0.001,74.125.24.0-255,4320,118820,42,209248
10769,0.001009,172.31.46.0-255,66,118886,42,209248
10770,0.001016,74.125.24.0-255,1484,120370,42,209248
10771,0.001023,74.125.24.0-255,7156,127526,42,209248
10772,0.001039,74.125.24.0-255,5738,133264,42,209248
10773,0.001051,172.31.46.0-255,66,133330,42,209248
10774,0.001098,172.31.46.0-255,66,133396,42,209248
10775,0.001107,74.125.24.0-255,2184,135580,42,209248
10776,0.001112,172.31.46.0-255,66,135646,42,209248
10777,0.001126,74.125.24.0-255,1484,137130,42,209248
10778,0.001128,74.125.24.0-255,1484,138614,42,209248
10779,0.001147,74.125.24.0-255,1484,140098,42,209248
10780,0.001153,74.125.24.0-255,5738,145836,42,209248
10781,0.001168,172.31.46.0-255,66,145902,42,209248
10782,0.001204,172.31.46.0-255,66,145968,42,209248
10783,0.001247,74.125.24.0-255,7156,153124,42,209248
10784,0.001268,74.125.24.0-255,5020,158144,42,209248
10785,0.001271,172.31.46.0-255,66,158210,42,209248
10786,0.001275,172.31.46.0-255,66,158276,42,209248
10787,0.00132,74.125.24.0-255,4320,162596,42,209248
10788,0.001331,172.31.46.0-255,66,162662,42,209248
10789,0.001336,172.31.46.0-255,66,162728,42,209248
10790,0.001352,74.125.24.0-255,1484,164212,42,209248
10791,0.001396,172.31.46.0-255,66,164278,42,209248
10792,0.001427,172.31.46.0-255,66,164344,42,209248
10793,0.001469,172.31.46.0-255,66,164410,42,209248
10794,0.001544,172.31.46.0-255,66,164476,42,209248
10795,0.00158,74.125.24.0-255,1484,165960,42,209248
10796,0.001599,74.125.24.0-255,2902,168862,42,209248
10797,0.001606,172.31.46.0-255,66,168928,42,209248
10798,0.001618,74.125.24.0-255,5738,174666,42,209248
10799,0.00163,74.125.24.0-255,1484,176150,42,209248
10800,0.001655,172.31.46.0-255,66,176216,42,209248
10801,0.001693,74.125.24.0-255,5020,181236,42,209248
10802,0.001703,74.125.24.0-255,2902,184138,42,209248
10803,0.001711,172.31.46.0-255,66,184204,42,209248
10804,0.00175,74.125.24.0-255,5738,189942,42,209248
10805,0.00176,74.125.24.0-255,1484,191426,42,209248
10806,0.001767,172.31.46.0-255,66,191492,42,209248
10807,0.001822,172.31.46.0-255,66,191558,42,209248
10808,0.001833,74.125.24.0-255,5738,197296,42,209248
10809,0.001861,172.31.46.0-255,66,197362,42,209248
10810,0.001869,172.31.46.0-255,66,197428,42,209248
10811,0.001873,74.125.24.0-255,4320,201748,42,209248
10812,0.001907,74.125.24.0-255,6894,208642,42,209248
10813,0.00191,74.125.24.0-255,97,208739,42,209248
10814,0.001915,172.31.46.0-255,66,208805,42,209248
10815,0.001951,74.125.24.0-255,105,208910,42,209248
10816,0.006975,172.31.46.0-255,101,209011,42,209248
10817,0.009404,172.31.46.0-255,105,209116,42,209248
10818,0.009533,74.125.24.0-255,66,209182,42,209248
10819,0.011966,74.125.24.0-255,66,209248,42,209248
10820,0.0,172.31.46.0-255,66,66,42,66
10821,0.0,74.125.24.0-255,153,153,42,212386
10822,2.5e-05,172.31.46.0-255,66,219,42,212386
10823,3.3e-05,74.125.24.0-255,1484,1703,42,212386
10824,3.8e-05,172.31.46.0-255,66,1769,42,212386
10825,5.1e-05,74.125.24.0-255,2902,4671,42,212386
10826,5.6e-05,172.31.46.0-255,66,4737,42,212386
10827,6.5e-05,74.125.24.0-255,7156,11893,42,212386
10828,6.8e-05,172.31.46.0-255,66,11959,42,212386
10829,7.3e-05,74.125.24.0-255,3391,15350,42,212386
10830,7.6e-05,172.31.46.0-255,66,15416,42,212386
10831,8.2e-05,74.125.24.0-255,4320,19736,42,212386
10832,8.5e-05,172.31.46.0-255,66,19802,42,212386
10833,0.000127,172.31.46.0-255,66,19868,42,212386
10834,0.000132,74.125.24.0-255,2543,22411,42,212386
10835,0.000134,172.31.46.0-255,66,22477,42,212386
10836,0.000279,74.125.24.0-255,1484,23961,42,212386
10837,0.000284,172.31.46.0-255,66,24027,42,212386
10838,0.000289,74.125.24.0-255,2902,26929,42,212386
10839,0.000292,172.31.46.0-255,66,26995,42,212386
10840,0.000353,74.125.24.0-255,2902,29897,42,212386
10841,0.000356,172.31.46.0-255,66,29963,42,212386
10842,0.000382,74.125.24.0-255,2902,32865,42,212386
10843,0.000385,172.31.46.0-255,66,32931,42,212386
10844,0.000393,74.125.24.0-255,6797,39728,42,212386
10845,0.000395,172.31.46.0-255,66,39794,42,212386
10846,0.0004,74.125.24.0-255,2902,42696,42,212386
10847,0.000402,172.31.46.0-255,66,42762,42,212386
10848,0.000442,172.31.46.0-255,66,42828,42,212386
10849,0.000447,74.125.24.0-255,2822,45650,42,212386
10850,0.000449,172.31.46.0-255,66,45716,42,212386
10851,0.0005,74.125.24.0-255,376,46092,42,212386
10852,0.000667,74.125.24.0-255,1484,47576,42,212386
10853,0.000674,74.125.24.0-255,2902,50478,42,212386
10854,0.000683,172.31.46.0-255,66,50544,42,212386
10855,0.000715,74.125.24.0-255,5738,56282,42,212386
10856,0.000736,172.31.46.0-255,66,56348,42,212386
10857,0.000798,74.125.24.0-255,4320,60668,42,212386
10858,0.000803,172.31.46.0-255,66,60734,42,212386
10859,0.000829,74.125.24.0-255,7156,67890,42,212386
10860,0.000834,74.125.24.0-255,4320,72210,42,212386
10861,0.000855,74.125.24.0-255,1484,73694,42,212386
10862,0.000887,172.31.46.0-255,66,73760,42,212386
10863,0.000914,74.125.24.0-255,5020,78780,42,212386
10864,0.000917,74.125.24.0-255,1484,80264,42,212386
10865,0.00092,74.125.24.0-255,2902,83166,42,212386
10866,0.000925,74.125.24.0-255,4320,87486,42,212386
10867,0.000943,74.125.24.0-255,1484,88970,42,212386
10868,0.000948,74.125.24.0-255,4320,93290,42,212386
10869,0.000951,172.31.46.0-255,66,93356,42,212386
10870,0.000957,172.31.46.0-255,66,93422,42,212386
10871,0.001024,74.125.24.0-255,2184,95606,42,212386
10872,0.001028,172.31.46.0-255,66,95672,42,212386
10873,0.001035,172.31.46.0-255,66,95738,42,212386
10874,0.001054,74.125.24.0-255,2902,98640,42,212386
10875,0.001061,74.125.24.0-255,7156,105796,42,212386
10876,0.001088,172.31.46.0-255,66,105862,42,212386
10877,0.001102,172.31.46.0-255,66,105928,42,212386
10878,0.001146,74.125.24.0-255,2184,108112,42,212386
10879,0.001159,172.31.46.0-255,66,108178,42,212386
10880,0.001205,74.125.24.0-255,1484,109662,42,212386
10881,0.001209,74.125.24.0-255,1484,111146,42,212386
10882,0.001227,172.31.46.0-255,66,111212,42,212386
10883,0.00123,74.125.24.0-255,1484,112696,42,212386
10884,0.00125,74.125.24.0-255,5738,118434,42,212386
10885,0.001256,74.125.24.0-255,4320,122754,42,212386
10886,0.001279,74.125.24.0-255,4320,127074,42,212386
10887,0.001298,74.125.24.0-255,2902,129976,42,212386
10888,0.001304,172.31.46.0-255,66,130042,42,212386
10889,0.001314,74.125.24.0-255,3602,133644,42,212386
10890,0.001327,172.31.46.0-255,66,133710,42,212386
10891,0.001349,74.125.24.0-255,4320,138030,42,212386
10892,0.001355,74.125.24.0-255,2902,140932,42,212386
10893,0.001372,74.125.24.0-255,4320,145252,42,212386
10894,0.001432,172.31.46.0-255,66,145318,42,212386
10895,0.001467,74.125.24.0-255,2902,148220,42,212386
10896,0.001471,74.125.24.0-255,4320,152540,42,212386
10897,0.001482,172.31.46.0-255,66,152606,42,212386
10898,0.001518,74.125.24.0-255,2902,155508,42,212386
10899,0.001554,172.31.46.0-255,66,155574,42,212386
10900,0.001581,74.125.24.0-255,5020,160594,42,212386
10901,0.001599,172.31.46.0-255,66,160660,42,212386
10902,0.001627,74.125.24.0-255,1484,162144,42,212386
10903,0.001651,74.125.24.0-255,2902,165046,42,212386
10904,0.001668,74.125.24.0-255,2902,167948,42,212386
10905,0.001684,74.125.24.0-255,1484,169432,42,212386
10906,0.001692,172.31.46.0-255,66,169498,42,212386
10907,0.001705,74.125.24.0-255,1484,170982,42,212386
10908,0.001726,74.125.24.0-255,7156,178138,42,212386
10909,0.001738,172.31.46.0-255,66,178204,42,212386
10910,0.001757,74.125.24.0-255,5738,183942,42,212386
10911,0.001771,74.125.24.0-255,1484,185426,42,212386
10912,0.001774,74.125.24.0-255,2902,188328,42,212386
10913,0.001781,74.125.24.0-255,5738,194066,42,212386
10914,0.001785,74.125.24.0-255,2902,196968,42,212386
10915,0.001798,172.31.46.0-255,66,197034,42,212386
10916,0.001838,172.31.46.0-255,66,197100,42,212386
10917,0.001846,74.125.24.0-255,1484,198584,42,212386
10918,0.001849,74.125.24.0-255,1484,200068,42,212386
10919,0.001878,172.31.46.0-255,66,200134,42,212386
10920,0.001887,74.125.24.0-255,3602,203736,42,212386
10921,0.001889,74.125.24.0-255,1484,205220,42,212386
10922,0.001916,172.31.46.0-255,66,205286,42,212386
10923,0.001925,74.125.24.0-255,6758,212044,42,212386
10924,0.001932,74.125.24.0-255,105,212149,42,212386
10925,0.001938,172.31.46.0-255,66,212215,42,212386
10926,0.011274,172.31.46.0-255,105,212320,42,212386
10927,0.013527,74.125.24.0-255,66,212386,42,212386
10928,0.0,172.217.194.0-255,153,153,42,162903
10929,2.2e-05,172.31.46.0-255,66,219,42,162903
10930,2.9e-05,172.217.194.0-255,1484,1703,42,162903
10931,3.4e-05,172.31.46.0-255,66,1769,42,162903
10932,4.8e-05,172.217.194.0-255,2902,4671,42,162903
10933,5.2e-05,172.31.46.0-255,66,4737,42,162903
10934,5.9e-05,172.217.194.0-255,7156,11893,42,162903
10935,6.3e-05,172.31.46.0-255,66,11959,42,162903
10936,7.7e-05,172.31.46.0-255,66,12025,42,162903
10937,8.4e-05,172.217.194.0-255,6797,18822,42,162903
10938,8.9e-05,172.31.46.0-255,66,18888,42,162903
10939,0.000128,172.217.194.0-255,1484,20372,42,162903
10940,0.000131,172.31.46.0-255,66,20438,42,162903
10941,0.000136,172.217.194.0-255,2902,23340,42,162903
10942,0.000138,172.31.46.0-255,66,23406,42,162903
10943,0.000142,172.217.194.0-255,1484,24890,42,162903
10944,0.000144,172.31.46.0-255,66,24956,42,162903
10945,0.000173,172.217.194.0-255,4320,29276,42,162903
10946,0.000176,172.31.46.0-255,66,29342,42,162903
10947,0.000192,172.31.46.0-255,66,29408,42,162903
10948,0.000203,172.31.46.0-255,66,29474,42,162903
10949,0.00023,172.217.194.0-255,4255,33729,42,162903
10950,0.000233,172.31.46.0-255,66,33795,42,162903
10951,0.000369,172.217.194.0-255,383,34178,42,162903
10952,0.000374,172.31.46.0-255,66,34244,42,162903
10953,0.000701,172.217.194.0-255,1484,35728,42,162903
10954,0.000708,172.31.46.0-255,66,35794,42,162903
10955,0.000713,172.217.194.0-255,2902,38696,42,162903
10956,0.000716,172.31.46.0-255,66,38762,42,162903
10957,0.000722,172.217.194.0-255,5738,44500,42,162903
10958,0.000729,172.31.46.0-255,66,44566,42,162903
10959,0.000776,172.31.46.0-255,66,44632,42,162903
10960,0.000783,172.217.194.0-255,7156,51788,42,162903
10961,0.000786,172.31.46.0-255,66,51854,42,162903
10962,0.000811,172.217.194.0-255,3602,55456,42,162903
10963,0.000814,172.31.46.0-255,66,55522,42,162903
10964,0.000841,172.217.194.0-255,1484,57006,42,162903
10965,0.000847,172.217.194.0-255,2902,59908,42,162903
10966,0.00085,172.31.46.0-255,66,59974,42,162903
10967,0.000877,172.217.194.0-255,5738,65712,42,162903
10968,0.00088,172.31.46.0-255,66,65778,42,162903
10969,0.000886,172.217.194.0-255,5738,71516,42,162903
10970,0.000888,172.31.46.0-255,66,71582,42,162903
10971,0.000921,172.31.46.0-255,66,71648,42,162903
10972,0.000926,172.217.194.0-255,2902,74550,42,162903
10973,0.000928,172.31.46.0-255,66,74616,42,162903
10974,0.000953,172.217.194.0-255,2184,76800,42,162903
10975,0.00096,172.31.46.0-255,66,76866,42,162903
10976,0.000985,172.217.194.0-255,1484,78350,42,162903
10977,0.000989,172.217.194.0-255,1484,79834,42,162903
10978,0.000991,172.31.46.0-255,66,79900,42,162903
10979,0.001007,172.217.194.0-255,1484,81384,42,162903
10980,0.001013,172.217.194.0-255,5738,87122,42,162903
10981,0.001016,172.31.46.0-255,66,87188,42,162903
10982,0.00108,172.31.46.0-255,66,87254,42,162903
10983,0.001098,172.31.46.0-255,66,87320,42,162903
10984,0.001151,172.217.194.0-255,1484,88804,42,162903
10985,0.001157,172.217.194.0-255,2902,91706,42,162903
10986,0.00116,172.31.46.0-255,66,91772,42,162903
10987,0.001167,172.217.194.0-255,5738,97510,42,162903
10988,0.00117,172.31.46.0-255,66,97576,42,162903
10989,0.001192,172.217.194.0-255,5738,103314,42,162903
10990,0.001199,172.31.46.0-255,66,103380,42,162903
10991,0.001202,172.217.194.0-255,1484,104864,42,162903
10992,0.00124,172.217.194.0-255,5020,109884,42,162903
10993,0.001244,172.31.46.0-255,66,109950,42,162903
10994,0.001248,172.31.46.0-255,66,110016,42,162903
10995,0.001446,172.217.194.0-255,1484,111500,42,162903
10996,0.00145,172.217.194.0-255,1484,112984,42,162903
10997,0.001455,172.31.46.0-255,66,113050,42,162903
10998,0.001464,172.217.194.0-255,1484,114534,42,162903
10999,0.001471,172.217.194.0-255,5738,120272,42,162903
11000,0.001473,172.31.46.0-255,66,120338,42,162903
11001,0.001508,172.31.46.0-255,66,120404,42,162903
11002,0.001535,172.217.194.0-255,2902,123306,42,162903
11003,0.001538,172.31.46.0-255,66,123372,42,162903
11004,0.001545,172.217.194.0-255,7156,130528,42,162903
11005,0.001547,172.31.46.0-255,66,130594,42,162903
11006,0.001596,172.31.46.0-255,66,130660,42,162903
11007,0.00162,172.31.46.0-255,66,130726,42,162903
11008,0.001632,172.31.46.0-255,66,130792,42,162903
11009,0.00166,172.217.194.0-255,3602,134394,42,162903
11010,0.00167,172.31.46.0-255,66,134460,42,162903
11011,0.001716,172.217.194.0-255,1484,135944,42,162903
11012,0.001721,172.217.194.0-255,2902,138846,42,162903
11013,0.001724,172.31.46.0-255,66,138912,42,162903
11014,0.001729,172.217.194.0-255,2902,141814,42,162903
11015,0.001731,172.31.46.0-255,66,141880,42,162903
11016,0.001765,172.217.194.0-255,2902,144782,42,162903
11017,0.001768,172.31.46.0-255,66,144848,42,162903
11018,0.001785,172.31.46.0-255,66,144914,42,162903
11019,0.001823,172.31.46.0-255,66,144980,42,162903
11020,0.001863,172.31.46.0-255,66,145046,42,162903
11021,0.00187,172.217.194.0-255,7156,152202,42,162903
11022,0.001878,172.31.46.0-255,66,152268,42,162903
11023,0.001939,172.217.194.0-255,7156,159424,42,162903
11024,0.001941,172.31.46.0-255,66,159490,42,162903
11025,0.001982,172.31.46.0-255,66,159556,42,162903
11026,0.001996,172.31.46.0-255,66,159622,42,162903
11027,0.002024,172.31.46.0-255,66,159688,42,162903
11028,0.002028,172.217.194.0-255,2807,162495,42,162903
11029,0.00203,172.31.46.0-255,66,162561,42,162903
11030,0.00399,172.217.194.0-255,105,162666,42,162903
11031,0.009751,172.31.46.0-255,66,162732,42,162903
11032,0.009796,172.31.46.0-255,105,162837,42,162903
11033,0.011769,172.217.194.0-255,66,162903,42,162903
11034,0.0,74.125.200.0-255,153,153,42,162203
11035,2.3e-05,172.31.46.0-255,66,219,42,162203
11036,2.9e-05,74.125.200.0-255,1484,1703,42,162203
11037,3.4e-05,172.31.46.0-255,66,1769,42,162203
11038,4e-05,74.125.200.0-255,2902,4671,42,162203
11039,5.2e-05,172.31.46.0-255,66,4737,42,162203
11040,5.7e-05,74.125.200.0-255,2902,7639,42,162203
11041,6e-05,172.31.46.0-255,66,7705,42,162203
11042,6.6e-05,74.125.200.0-255,4320,12025,42,162203
11043,6.9e-05,172.31.46.0-255,66,12091,42,162203
11044,9.2e-05,74.125.200.0-255,2093,14184,42,162203
11045,0.0001,172.31.46.0-255,66,14250,42,162203
11046,0.000155,74.125.200.0-255,1484,15734,42,162203
11047,0.000158,172.31.46.0-255,66,15800,42,162203
11048,0.000187,74.125.200.0-255,1484,17284,42,162203
11049,0.00019,172.31.46.0-255,66,17350,42,162203
11050,0.000194,74.125.200.0-255,2902,20252,42,162203
11051,0.000197,172.31.46.0-255,66,20318,42,162203
11052,0.000212,74.125.200.0-255,1484,21802,42,162203
11053,0.000214,172.31.46.0-255,66,21868,42,162203
11054,0.00024,74.125.200.0-255,4320,26188,42,162203
11055,0.000243,172.31.46.0-255,66,26254,42,162203
11056,0.000253,74.125.200.0-255,5379,31633,42,162203
11057,0.000256,172.31.46.0-255,66,31699,42,162203
11058,0.000335,74.125.200.0-255,1484,33183,42,162203
11059,0.000339,172.31.46.0-255,66,33249,42,162203
11060,0.000344,74.125.200.0-255,2902,36151,42,162203
11061,0.000346,172.31.46.0-255,66,36217,42,162203
11062,0.000352,74.125.200.0-255,4320,40537,42,162203
11063,0.000358,172.31.46.0-255,66,40603,42,162203
11064,0.000386,74.125.200.0-255,1484,42087,42,162203
11065,0.000389,172.31.46.0-255,66,42153,42,162203
11066,0.000424,172.31.46.0-255,66,42219,42,162203
11067,0.000436,172.31.46.0-255,66,42285,42,162203
11068,0.000463,74.125.200.0-255,5379,47664,42,162203
11069,0.00047,172.31.46.0-255,66,47730,42,162203
11070,0.000568,74.125.200.0-255,395,48125,42,162203
11071,0.001049,74.125.200.0-255,347,48472,42,162203
11072,0.001082,74.125.200.0-255,1484,49956,42,162203
11073,0.001088,172.31.46.0-255,66,50022,42,162203
11074,0.001097,74.125.200.0-255,1484,51506,42,162203
11075,0.001118,74.125.200.0-255,2902,54408,42,162203
11076,0.00112,172.31.46.0-255,66,54474,42,162203
11077,0.001125,74.125.200.0-255,2902,57376,42,162203
11078,0.001127,172.31.46.0-255,66,57442,42,162203
11079,0.001152,74.125.200.0-255,2902,60344,42,162203
11080,0.001155,172.31.46.0-255,66,60410,42,162203
11081,0.001165,74.125.200.0-255,4831,65241,42,162203
11082,0.001167,172.31.46.0-255,66,65307,42,162203
11083,0.001326,74.125.200.0-255,1484,66791,42,162203
11084,0.001343,74.125.200.0-255,2902,69693,42,162203
11085,0.001346,172.31.46.0-255,66,69759,42,162203
11086,0.001371,74.125.200.0-255,1484,71243,42,162203
11087,0.001377,74.125.200.0-255,2902,74145,42,162203
11088,0.001379,172.31.46.0-255,66,74211,42,162203
11089,0.001386,74.125.200.0-255,5738,79949,42,162203
11090,0.001388,172.31.46.0-255,66,80015,42,162203
11091,0.001426,172.31.46.0-255,66,80081,42,162203
11092,0.001482,172.31.46.0-255,66,80147,42,162203
11093,0.002027,74.125.200.0-255,1484,81631,42,162203
11094,0.002037,74.125.200.0-255,2902,84533,42,162203
11095,0.002042,172.31.46.0-255,66,84599,42,162203
11096,0.002047,74.125.200.0-255,1484,86083,42,162203
11097,0.002074,74.125.200.0-255,4320,90403,42,162203
11098,0.002077,172.31.46.0-255,66,90469,42,162203
11099,0.002084,74.125.200.0-255,5738,96207,42,162203
11100,0.002086,172.31.46.0-255,66,96273,42,162203
11101,0.002119,74.125.200.0-255,7156,103429,42,162203
11102,0.002122,172.31.46.0-255,66,103495,42,162203
11103,0.002125,74.125.200.0-255,1484,104979,42,162203
11104,0.002152,74.125.200.0-255,5738,110717,42,162203
11105,0.002155,172.31.46.0-255,66,110783,42,162203
11106,0.002186,74.125.200.0-255,3602,114385,42,162203
11107,0.002188,172.31.46.0-255,66,114451,42,162203
11108,0.002285,74.125.200.0-255,1484,115935,42,162203
11109,0.00229,74.125.200.0-255,1484,117419,42,162203
11110,0.002293,172.31.46.0-255,66,117485,42,162203
11111,0.00232,74.125.200.0-255,1484,118969,42,162203
11112,0.002323,74.125.200.0-255,1484,120453,42,162203
11113,0.002325,172.31.46.0-255,66,120519,42,162203
11114,0.002329,74.125.200.0-255,1484,122003,42,162203
11115,0.00457,74.125.200.0-255,1484,123487,42,162203
11116,0.004577,172.31.46.0-255,66,123553,42,162203
11117,0.004603,74.125.200.0-255,2902,126455,42,162203
11118,0.004605,172.31.46.0-255,66,126521,42,162203
11119,0.006845,74.125.200.0-255,2902,129423,42,162203
11120,0.006848,172.31.46.0-255,66,129489,42,162203
11121,0.006873,74.125.200.0-255,1484,130973,42,162203
11122,0.00689,74.125.200.0-255,1484,132457,42,162203
11123,0.006893,172.31.46.0-255,66,132523,42,162203
11124,0.009139,74.125.200.0-255,2902,135425,42,162203
11125,0.009147,172.31.46.0-255,66,135491,42,162203
11126,0.009177,74.125.200.0-255,2902,138393,42,162203
11127,0.00918,172.31.46.0-255,66,138459,42,162203
11128,0.011426,74.125.200.0-255,2902,141361,42,162203
11129,0.011434,172.31.46.0-255,66,141427,42,162203
11130,0.011466,74.125.200.0-255,2902,144329,42,162203
11131,0.011469,172.31.46.0-255,66,144395,42,162203
11132,0.013721,74.125.200.0-255,2902,147297,42,162203
11133,0.01373,172.31.46.0-255,66,147363,42,162203
11134,0.013757,74.125.200.0-255,2902,150265,42,162203
11135,0.01376,172.31.46.0-255,66,150331,42,162203
11136,0.016019,74.125.200.0-255,2902,153233,42,162203
11137,0.016027,172.31.46.0-255,66,153299,42,162203
11138,0.016054,74.125.200.0-255,2902,156201,42,162203
11139,0.016057,172.31.46.0-255,66,156267,42,162203
11140,0.01832,74.125.200.0-255,2902,159169,42,162203
11141,0.018328,172.31.46.0-255,66,159235,42,162203
11142,0.018356,74.125.200.0-255,2902,162137,42,162203
11143,0.018359,172.31.46.0-255,66,162203,42,162203
11144,0.0,172.217.194.0-255,153,153,42,240801
11145,1.3e-05,172.31.46.0-255,66,219,42,240801
11146,1.9e-05,172.217.194.0-255,1484,1703,42,240801
11147,2.3e-05,172.31.46.0-255,66,1769,42,240801
11148,3.9e-05,172.217.194.0-255,2902,4671,42,240801
11149,4.3e-05,172.31.46.0-255,66,4737,42,240801
11150,4.9e-05,172.217.194.0-255,4320,9057,42,240801
11151,5.2e-05,172.31.46.0-255,66,9123,42,240801
11152,5.5e-05,172.217.194.0-255,1484,10607,42,240801
11153,5.7e-05,172.31.46.0-255,66,10673,42,240801
11154,8.6e-05,172.217.194.0-255,3570,14243,42,240801
11155,8.9e-05,172.31.46.0-255,66,14309,42,240801
11156,9.5e-05,172.217.194.0-255,5738,20047,42,240801
11157,9.9e-05,172.31.46.0-255,66,20113,42,240801
11158,0.000135,172.31.46.0-255,66,20179,42,240801
11159,0.000166,172.217.194.0-255,5738,25917,42,240801
11160,0.000168,172.31.46.0-255,66,25983,42,240801
11161,0.0002,172.217.194.0-255,7156,33139,42,240801
11162,0.000203,172.31.46.0-255,66,33205,42,240801
11163,0.000255,172.217.194.0-255,3961,37166,42,240801
11164,0.000258,172.31.46.0-255,66,37232,42,240801
11165,0.000349,172.217.194.0-255,1484,38716,42,240801
11166,0.000353,172.31.46.0-255,66,38782,42,240801
11167,0.000359,172.217.194.0-255,2902,41684,42,240801
11168,0.000361,172.31.46.0-255,66,41750,42,240801
11169,0.000402,172.217.194.0-255,5738,47488,42,240801
11170,0.000405,172.31.46.0-255,66,47554,42,240801
11171,0.000412,172.217.194.0-255,5738,53292,42,240801
11172,0.000414,172.31.46.0-255,66,53358,42,240801
11173,0.000453,172.217.194.0-255,1425,54783,42,240801
11174,0.000455,172.31.46.0-255,66,54849,42,240801
11175,0.000476,172.217.194.0-255,377,55226,42,240801
11176,0.000479,172.31.46.0-255,66,55292,42,240801
11177,0.000596,172.217.194.0-255,1484,56776,42,240801
11178,0.000601,172.31.46.0-255,66,56842,42,240801
11179,0.000606,172.217.194.0-255,2902,59744,42,240801
11180,0.000608,172.31.46.0-255,66,59810,42,240801
11181,0.000639,172.217.194.0-255,5738,65548,42,240801
11182,0.000643,172.217.194.0-255,2902,68450,42,240801
11183,0.000647,172.31.46.0-255,66,68516,42,240801
11184,0.00065,172.31.46.0-255,66,68582,42,240801
11185,0.000675,172.217.194.0-255,3961,72543,42,240801
11186,0.000678,172.31.46.0-255,66,72609,42,240801
11187,0.000685,172.217.194.0-255,7156,79765,42,240801
11188,0.000687,172.31.46.0-255,66,79831,42,240801
11189,0.000727,172.31.46.0-255,66,79897,42,240801
11190,0.001981,172.217.194.0-255,1484,81381,42,240801
11191,0.001991,172.217.194.0-255,2902,84283,42,240801
11192,0.001996,172.31.46.0-255,66,84349,42,240801
11193,0.002005,172.217.194.0-255,5738,90087,42,240801
11194,0.002007,172.31.46.0-255,66,90153,42,240801
11195,0.002048,172.31.46.0-255,66,90219,42,240801
11196,0.002078,172.217.194.0-255,5738,95957,42,240801
11197,0.002081,172.31.46.0-255,66,96023,42,240801
11198,0.002113,172.31.46.0-255,66,96089,42,240801
11199,0.002411,172.217.194.0-255,1484,97573,42,240801
11200,0.002417,172.217.194.0-255,1484,99057,42,240801
11201,0.002422,172.31.46.0-255,66,99123,42,240801
11202,0.002447,172.217.194.0-255,1484,100607,42,240801
11203,0.002454,172.217.194.0-255,5738,106345,42,240801
11204,0.002456,172.31.46.0-255,66,106411,42,240801
11205,0.00247,172.217.194.0-255,5738,112149,42,240801
11206,0.002476,172.31.46.0-255,66,112215,42,240801
11207,0.002501,172.217.194.0-255,7156,119371,42,240801
11208,0.002503,172.31.46.0-255,66,119437,42,240801
11209,0.002509,172.217.194.0-255,4320,123757,42,240801
11210,0.002511,172.31.46.0-255,66,123823,42,240801
11211,0.002514,172.217.194.0-255,1484,125307,42,240801
11212,0.002521,172.217.194.0-255,5020,130327,42,240801
11213,0.002523,172.31.46.0-255,66,130393,42,240801
11214,0.002587,172.217.194.0-255,1484,131877,42,240801
11215,0.002607,172.217.194.0-255,2902,134779,42,240801
11216,0.00261,172.31.46.0-255,66,134845,42,240801
11217,0.002615,172.217.194.0-255,2902,137747,42,240801
11218,0.002617,172.31.46.0-255,66,137813,42,240801
11219,0.002645,172.217.194.0-255,2902,140715,42,240801
11220,0.002648,172.31.46.0-255,66,140781,42,240801
11221,0.002656,172.217.194.0-255,7156,147937,42,240801
11222,0.002658,172.31.46.0-255,66,148003,42,240801
11223,0.002678,172.31.46.0-255,66,148069,42,240801
11224,0.002682,172.217.194.0-255,2184,150253,42,240801
11225,0.002684,172.31.46.0-255,66,150319,42,240801
11226,0.002747,172.217.194.0-255,1484,151803,42,240801
11227,0.002752,172.217.194.0-255,2902,154705,42,240801
11228,0.002756,172.31.46.0-255,66,154771,42,240801
11229,0.002762,172.217.194.0-255,5738,160509,42,240801
11230,0.002764,172.31.46.0-255,66,160575,42,240801
11231,0.002792,172.217.194.0-255,4320,164895,42,240801
11232,0.002794,172.31.46.0-255,66,164961,42,240801
11233,0.002822,172.217.194.0-255,7156,172117,42,240801
11234,0.002867,172.217.194.0-255,4320,176437,42,240801
11235,0.002912,172.217.194.0-255,5738,182175,42,240801
11236,0.002927,172.217.194.0-255,5738,187913,42,240801
11237,0.002947,172.217.194.0-255,4320,192233,42,240801
11238,0.002994,172.217.194.0-255,3602,195835,42,240801
11239,0.003001,172.217.194.0-255,7156,202991,42,240801
11240,0.003045,172.217.194.0-255,1484,204475,42,240801
11241,0.003073,172.217.194.0-255,2902,207377,42,240801
11242,0.003077,172.217.194.0-255,1484,208861,42,240801
11243,0.003103,172.217.194.0-255,4320,213181,42,240801
11244,0.003117,172.217.194.0-255,1484,214665,42,240801
11245,0.003148,172.217.194.0-255,3602,218267,42,240801
11246,0.003173,172.217.194.0-255,2902,221169,42,240801
11247,0.0032,172.217.194.0-255,7156,228325,42,240801
11248,0.003244,172.217.194.0-255,5738,234063,42,240801
11249,0.003268,172.217.194.0-255,6396,240459,42,240801
11250,0.003271,172.217.194.0-255,105,240564,42,240801
11251,0.007217,172.31.46.0-255,66,240630,42,240801
11252,0.009499,172.31.46.0-255,105,240735,42,240801
11253,0.0115,172.217.194.0-255,66,240801,42,240801
11254,0.0,172.217.194.0-255,153,153,42,174614
11255,2.5e-05,172.31.46.0-255,66,219,42,174614
11256,3.3e-05,172.217.194.0-255,1484,1703,42,174614
11257,3.8e-05,172.31.46.0-255,66,1769,42,174614
11258,4.4e-05,172.217.194.0-255,2902,4671,42,174614
11259,4.7e-05,172.31.46.0-255,66,4737,42,174614
11260,5.5e-05,172.217.194.0-255,7156,11893,42,174614
11261,6e-05,172.31.46.0-255,66,11959,42,174614
11262,6.4e-05,172.217.194.0-255,2064,14023,42,174614
11263,6.7e-05,172.31.46.0-255,66,14089,42,174614
11264,0.000108,172.217.194.0-255,2902,16991,42,174614
11265,0.000111,172.31.46.0-255,66,17057,42,174614
11266,0.000143,172.31.46.0-255,66,17123,42,174614
11267,0.000149,172.217.194.0-255,5379,22502,42,174614
11268,0.000152,172.31.46.0-255,66,22568,42,174614
11269,0.000251,172.217.194.0-255,1484,24052,42,174614
11270,0.000255,172.31.46.0-255,66,24118,42,174614
11271,0.000259,172.217.194.0-255,2902,27020,42,174614
11272,0.000261,172.31.46.0-255,66,27086,42,174614
11273,0.000264,172.217.194.0-255,1484,28570,42,174614
11274,0.000265,172.31.46.0-255,66,28636,42,174614
11275,0.000282,172.217.194.0-255,4320,32956,42,174614
11276,0.000285,172.31.46.0-255,66,33022,42,174614
11277,0.000306,172.217.194.0-255,5738,38760,42,174614
11278,0.000309,172.31.46.0-255,66,38826,42,174614
11279,0.000352,172.31.46.0-255,66,38892,42,174614
11280,0.000364,172.31.46.0-255,66,38958,42,174614
11281,0.000366,172.217.194.0-255,365,39323,42,174614
11282,0.000368,172.31.46.0-255,66,39389,42,174614
11283,0.000601,172.217.194.0-255,1484,40873,42,174614
11284,0.000609,172.217.194.0-255,2902,43775,42,174614
11285,0.000613,172.31.46.0-255,66,43841,42,174614
11286,0.000617,172.217.194.0-255,1484,45325,42,174614
11287,0.000633,172.217.194.0-255,4320,49645,42,174614
11288,0.000636,172.31.46.0-255,66,49711,42,174614
11289,0.000643,172.217.194.0-255,7156,56867,42,174614
11290,0.000645,172.31.46.0-255,66,56933,42,174614
11291,0.000668,172.217.194.0-255,2902,59835,42,174614
11292,0.000671,172.31.46.0-255,66,59901,42,174614
11293,0.000674,172.217.194.0-255,1484,61385,42,174614
11294,0.000707,172.31.46.0-255,66,61451,42,174614
11295,0.00103,172.217.194.0-255,1484,62935,42,174614
11296,0.001036,172.217.194.0-255,2902,65837,42,174614
11297,0.001041,172.217.194.0-255,5738,71575,42,174614
11298,0.001047,172.31.46.0-255,66,71641,42,174614
11299,0.00105,172.31.46.0-255,66,71707,42,174614
11300,0.001061,172.217.194.0-255,2902,74609,42,174614
11301,0.001063,172.31.46.0-255,66,74675,42,174614
11302,0.001092,172.31.46.0-255,66,74741,42,174614
11303,0.001102,172.31.46.0-255,66,74807,42,174614
11304,0.001105,172.217.194.0-255,766,75573,42,174614
11305,0.001236,172.217.194.0-255,1484,77057,42,174614
11306,0.001239,172.31.46.0-255,66,77123,42,174614
11307,0.001245,172.217.194.0-255,2902,80025,42,174614
11308,0.001248,172.31.46.0-255,66,80091,42,174614
11309,0.001255,172.217.194.0-255,5738,85829,42,174614
11310,0.001257,172.31.46.0-255,66,85895,42,174614
11311,0.001292,172.31.46.0-255,66,85961,42,174614
11312,0.001314,172.217.194.0-255,1484,87445,42,174614
11313,0.001324,172.217.194.0-255,766,88211,42,174614
11314,0.001339,172.31.46.0-255,66,88277,42,174614
11315,0.002085,172.217.194.0-255,1484,89761,42,174614
11316,0.00209,172.31.46.0-255,66,89827,42,174614
11317,0.002097,172.217.194.0-255,2902,92729,42,174614
11318,0.002098,172.31.46.0-255,66,92795,42,174614
11319,0.002103,172.217.194.0-255,2902,95697,42,174614
11320,0.002105,172.31.46.0-255,66,95763,42,174614
11321,0.002121,172.217.194.0-255,2902,98665,42,174614
11322,0.002123,172.31.46.0-255,66,98731,42,174614
11323,0.002144,172.217.194.0-255,7156,105887,42,174614
11324,0.002147,172.31.46.0-255,66,105953,42,174614
11325,0.002162,172.217.194.0-255,5738,111691,42,174614
11326,0.002164,172.31.46.0-255,66,111757,42,174614
11327,0.002177,172.31.46.0-255,66,111823,42,174614
11328,0.002227,172.217.194.0-255,1484,113307,42,174614
11329,0.002232,172.217.194.0-255,2902,116209,42,174614
11330,0.002235,172.31.46.0-255,66,116275,42,174614
11331,0.002241,172.217.194.0-255,5738,122013,42,174614
11332,0.002243,172.31.46.0-255,66,122079,42,174614
11333,0.002261,172.217.194.0-255,5738,127817,42,174614
11334,0.002263,172.31.46.0-255,66,127883,42,174614
11335,0.002292,172.217.194.0-255,7156,135039,42,174614
11336,0.002294,172.31.46.0-255,66,135105,42,174614
11337,0.002306,172.31.46.0-255,66,135171,42,174614
11338,0.002721,172.31.46.0-255,101,135272,42,174614
11339,0.004551,172.217.194.0-255,5738,141010,42,174614
11340,0.004558,172.31.46.0-255,66,141076,42,174614
11341,0.004923,172.217.194.0-255,66,141142,42,174614
11342,0.0068,172.217.194.0-255,4320,145462,42,174614
11343,0.006804,172.31.46.0-255,66,145528,42,174614
11344,0.006819,172.217.194.0-255,1484,147012,42,174614
11345,0.009073,172.217.194.0-255,4320,151332,42,174614
11346,0.00908,172.31.46.0-255,66,151398,42,174614
11347,0.011339,172.217.194.0-255,5738,157136,42,174614
11348,0.011348,172.31.46.0-255,66,157202,42,174614
11349,0.013604,172.217.194.0-255,5738,162940,42,174614
11350,0.013619,172.31.46.0-255,66,163006,42,174614
11351,0.015894,172.217.194.0-255,5738,168744,42,174614
11352,0.015907,172.31.46.0-255,66,168810,42,174614
11353,0.018169,172.217.194.0-255,5738,174548,42,174614
11354,0.018184,172.31.46.0-255,66,174614,42,174614
11355,0.0,172.217.27.0-255,152,152,42,126502
11356,1.4e-05,172.31.46.0-255,66,218,42,126502
11357,2.1e-05,172.217.27.0-255,1484,1702,42,126502
11358,2.5e-05,172.31.46.0-255,66,1768,42,126502
11359,3.2e-05,172.217.27.0-255,2902,4670,42,126502
11360,3.5e-05,172.31.46.0-255,66,4736,42,126502
11361,6.7e-05,172.217.27.0-255,7156,11892,42,126502
11362,7e-05,172.31.46.0-255,66,11958,42,126502
11363,7.4e-05,172.217.27.0-255,2082,14040,42,126502
11364,7.7e-05,172.31.46.0-255,66,14106,42,126502
11365,0.000179,172.217.27.0-255,1484,15590,42,126502
11366,0.000183,172.31.46.0-255,66,15656,42,126502
11367,0.000188,172.217.27.0-255,2902,18558,42,126502
11368,0.00019,172.31.46.0-255,66,18624,42,126502
11369,0.000208,172.217.27.0-255,5738,24362,42,126502
11370,0.00021,172.31.46.0-255,66,24428,42,126502
11371,0.000214,172.217.27.0-255,2902,27330,42,126502
11372,0.000216,172.31.46.0-255,66,27396,42,126502
11373,0.000265,172.217.27.0-255,1484,28880,42,126502
11374,0.000268,172.31.46.0-255,66,28946,42,126502
11375,0.000273,172.217.27.0-255,2543,31489,42,126502
11376,0.000275,172.31.46.0-255,66,31555,42,126502
11377,0.000835,172.217.27.0-255,1484,33039,42,126502
11378,0.000841,172.31.46.0-255,66,33105,42,126502
11379,0.00085,172.217.27.0-255,2902,36007,42,126502
11380,0.000853,172.31.46.0-255,66,36073,42,126502
11381,0.000872,172.217.27.0-255,4320,40393,42,126502
11382,0.000875,172.31.46.0-255,66,40459,42,126502
11383,0.000879,172.217.27.0-255,2902,43361,42,126502
11384,0.000881,172.31.46.0-255,66,43427,42,126502
11385,0.000886,172.217.27.0-255,2902,46329,42,126502
11386,0.000888,172.31.46.0-255,66,46395,42,126502
11387,0.000902,172.217.27.0-255,1484,47879,42,126502
11388,0.000905,172.217.27.0-255,1125,49004,42,126502
11389,0.000908,172.31.46.0-255,66,49070,42,126502
11390,0.000928,172.217.27.0-255,2902,51972,42,126502
11391,0.00093,172.31.46.0-255,66,52038,42,126502
11392,0.000934,172.217.27.0-255,1484,53522,42,126502
11393,0.000952,172.217.27.0-255,2902,56424,42,126502
11394,0.000954,172.31.46.0-255,66,56490,42,126502
11395,0.000958,172.217.27.0-255,1484,57974,42,126502
11396,0.000981,172.217.27.0-255,7156,65130,42,126502
11397,0.000984,172.31.46.0-255,66,65196,42,126502
11398,0.000988,172.217.27.0-255,1125,66321,42,126502
11399,0.001001,172.217.27.0-255,393,66714,42,126502
11400,0.002642,172.217.27.0-255,2902,69616,42,126502
11401,0.002649,172.31.46.0-255,66,69682,42,126502
11402,0.004301,172.217.27.0-255,2902,72584,42,126502
11403,0.004305,172.31.46.0-255,66,72650,42,126502
11404,0.004321,172.217.27.0-255,2902,75552,42,126502
11405,0.004323,172.31.46.0-255,66,75618,42,126502
11406,0.005954,172.217.27.0-255,4320,79938,42,126502
11407,0.005962,172.31.46.0-255,66,80004,42,126502
11408,0.005982,172.217.27.0-255,1484,81488,42,126502
11409,0.007631,172.217.27.0-255,4320,85808,42,126502
11410,0.007639,172.31.46.0-255,66,85874,42,126502
11411,0.00931,172.217.27.0-255,5738,91612,42,126502
11412,0.009318,172.31.46.0-255,66,91678,42,126502
11413,0.010983,172.217.27.0-255,5738,97416,42,126502
11414,0.010992,172.31.46.0-255,66,97482,42,126502
11415,0.012657,172.217.27.0-255,5738,103220,42,126502
11416,0.012665,172.31.46.0-255,66,103286,42,126502
11417,0.014327,172.217.27.0-255,5738,109024,42,126502
11418,0.014334,172.31.46.0-255,66,109090,42,126502
11419,0.01599,172.217.27.0-255,5738,114828,42,126502
11420,0.015997,172.31.46.0-255,66,114894,42,126502
11421,0.017655,172.217.27.0-255,5738,120632,42,126502
11422,0.017661,172.31.46.0-255,66,120698,42,126502
11423,0.019328,172.217.27.0-255,5738,126436,42,126502
11424,0.019336,172.31.46.0-255,66,126502,42,126502
11425,0.0,172.217.194.0-255,143,143,42,173218
11426,3.5e-05,172.31.46.0-255,66,209,42,173218
11427,4.2e-05,172.217.194.0-255,1484,1693,42,173218
11428,4.5e-05,172.31.46.0-255,66,1759,42,173218
11429,5e-05,172.217.194.0-255,2902,4661,42,173218
11430,5.3e-05,172.31.46.0-255,66,4727,42,173218
11431,6e-05,172.217.194.0-255,7156,11883,42,173218
11432,6.2e-05,172.31.46.0-255,66,11949,42,173218
11433,7.9e-05,172.217.194.0-255,2109,14058,42,173218
11434,8.1e-05,172.31.46.0-255,66,14124,42,173218
11435,8.5e-05,172.217.194.0-255,2902,17026,42,173218
11436,8.7e-05,172.31.46.0-255,66,17092,42,173218
11437,0.000109,172.217.194.0-255,7156,24248,42,173218
11438,0.000112,172.31.46.0-255,66,24314,42,173218
11439,0.000153,172.217.194.0-255,6797,31111,42,173218
11440,0.000157,172.31.46.0-255,66,31177,42,173218
11441,0.00023,172.217.194.0-255,5738,36915,42,173218
11442,0.000233,172.31.46.0-255,66,36981,42,173218
11443,0.000257,172.217.194.0-255,7156,44137,42,173218
11444,0.00026,172.31.46.0-255,66,44203,42,173218
11445,0.000263,172.217.194.0-255,1484,45687,42,173218
11446,0.000265,172.31.46.0-255,66,45753,42,173218
11447,0.000285,172.217.194.0-255,2543,48296,42,173218
11448,0.000288,172.31.46.0-255,66,48362,42,173218
11449,0.000307,172.217.194.0-255,4320,52682,42,173218
11450,0.00031,172.31.46.0-255,66,52748,42,173218
11451,0.000344,172.31.46.0-255,66,52814,42,173218
11452,0.000378,172.217.194.0-255,2839,55653,42,173218
11453,0.000381,172.31.46.0-255,66,55719,42,173218
11454,0.000817,172.217.194.0-255,381,56100,42,173218
11455,0.000822,172.31.46.0-255,66,56166,42,173218
11456,0.001123,172.217.194.0-255,1484,57650,42,173218
11457,0.001134,172.217.194.0-255,2902,60552,42,173218
11458,0.00114,172.31.46.0-255,66,60618,42,173218
11459,0.001149,172.217.194.0-255,5738,66356,42,173218
11460,0.001151,172.31.46.0-255,66,66422,42,173218
11461,0.001162,172.31.46.0-255,66,66488,42,173218
11462,0.001216,172.31.46.0-255,66,66554,42,173218
11463,0.001235,172.217.194.0-255,6438,72992,42,173218
11464,0.001238,172.31.46.0-255,66,73058,42,173218
11465,0.00193,172.217.194.0-255,1484,74542,42,173218
11466,0.001936,172.217.194.0-255,1484,76026,42,173218
11467,0.00194,172.31.46.0-255,66,76092,42,173218
11468,0.001955,172.217.194.0-255,1484,77576,42,173218
11469,0.001961,172.217.194.0-255,5738,83314,42,173218
11470,0.001962,172.31.46.0-255,66,83380,42,173218
11471,0.001981,172.217.194.0-255,2902,86282,42,173218
11472,0.001983,172.31.46.0-255,66,86348,42,173218
11473,0.002002,172.217.194.0-255,4320,90668,42,173218
11474,0.002004,172.31.46.0-255,66,90734,42,173218
11475,0.002013,172.217.194.0-255,1484,92218,42,173218
11476,0.002024,172.217.194.0-255,2902,95120,42,173218
11477,0.002026,172.31.46.0-255,66,95186,42,173218
11478,0.002047,172.217.194.0-255,1484,96670,42,173218
11479,0.002051,172.217.194.0-255,1484,98154,42,173218
11480,0.002052,172.31.46.0-255,66,98220,42,173218
11481,0.002063,172.31.46.0-255,66,98286,42,173218
11482,0.00209,172.217.194.0-255,1484,99770,42,173218
11483,0.002093,172.217.194.0-255,1484,101254,42,173218
11484,0.002095,172.31.46.0-255,66,101320,42,173218
11485,0.002106,172.217.194.0-255,1484,102804,42,173218
11486,0.002128,172.217.194.0-255,4320,107124,42,173218
11487,0.002129,172.31.46.0-255,66,107190,42,173218
11488,0.002143,172.217.194.0-255,1484,108674,42,173218
11489,0.002149,172.217.194.0-255,7156,115830,42,173218
11490,0.002151,172.31.46.0-255,66,115896,42,173218
11491,0.002189,172.217.194.0-255,7156,123052,42,173218
11492,0.002191,172.31.46.0-255,66,123118,42,173218
11493,0.00221,172.217.194.0-255,7156,130274,42,173218
11494,0.002212,172.31.46.0-255,66,130340,42,173218
11495,0.002215,172.217.194.0-255,2184,132524,42,173218
11496,0.002217,172.31.46.0-255,66,132590,42,173218
11497,0.004432,172.217.194.0-255,5738,138328,42,173218
11498,0.00444,172.31.46.0-255,66,138394,42,173218
11499,0.006653,172.217.194.0-255,5738,144132,42,173218
11500,0.006661,172.31.46.0-255,66,144198,42,173218
11501,0.008886,172.217.194.0-255,5738,149936,42,173218
11502,0.008903,172.31.46.0-255,66,150002,42,173218
11503,0.011136,172.217.194.0-255,5738,155740,42,173218
11504,0.011152,172.31.46.0-255,66,155806,42,173218
11505,0.013395,172.217.194.0-255,5738,161544,42,173218
11506,0.013413,172.31.46.0-255,66,161610,42,173218
11507,0.015661,172.217.194.0-255,5738,167348,42,173218
11508,0.015676,172.31.46.0-255,66,167414,42,173218
11509,0.017907,172.217.194.0-255,5738,173152,42,173218
11510,0.01792,172.31.46.0-255,66,173218,42,173218
11511,0.0,172.217.194.0-255,300,300,42,222504
11512,1.3e-05,172.31.46.0-255,66,366,42,222504
11513,2e-05,172.217.194.0-255,1484,1850,42,222504
11514,2.4e-05,172.31.46.0-255,66,1916,42,222504
11515,5.1e-05,172.217.194.0-255,4320,6236,42,222504
11516,5.4e-05,172.31.46.0-255,66,6302,42,222504
11517,8e-05,172.31.46.0-255,66,6368,42,222504
11518,0.000135,172.217.194.0-255,1484,7852,42,222504
11519,0.000138,172.31.46.0-255,66,7918,42,222504
11520,0.000143,172.217.194.0-255,2902,10820,42,222504
11521,0.000146,172.31.46.0-255,66,10886,42,222504
11522,0.00017,172.217.194.0-255,5738,16624,42,222504
11523,0.000174,172.31.46.0-255,66,16690,42,222504
11524,0.000178,172.217.194.0-255,2902,19592,42,222504
11525,0.000181,172.31.46.0-255,66,19658,42,222504
11526,0.000215,172.217.194.0-255,3961,23619,42,222504
11527,0.000218,172.31.46.0-255,66,23685,42,222504
11528,0.000238,172.31.46.0-255,66,23751,42,222504
11529,0.000264,172.217.194.0-255,2543,26294,42,222504
11530,0.000267,172.31.46.0-255,66,26360,42,222504
11531,0.000923,172.217.194.0-255,1484,27844,42,222504
11532,0.000929,172.31.46.0-255,66,27910,42,222504
11533,0.000935,172.217.194.0-255,2902,30812,42,222504
11534,0.000937,172.31.46.0-255,66,30878,42,222504
11535,0.000943,172.217.194.0-255,4320,35198,42,222504
11536,0.000952,172.31.46.0-255,66,35264,42,222504
11537,0.00099,172.217.194.0-255,1484,36748,42,222504
11538,0.000993,172.31.46.0-255,66,36814,42,222504
11539,0.001009,172.31.46.0-255,66,36880,42,222504
11540,0.001032,172.217.194.0-255,1484,38364,42,222504
11541,0.001049,172.217.194.0-255,2902,41266,42,222504
11542,0.001051,172.31.46.0-255,66,41332,42,222504
11543,0.001058,172.217.194.0-255,4320,45652,42,222504
11544,0.001059,172.31.46.0-255,66,45718,42,222504
11545,0.001083,172.217.194.0-255,1484,47202,42,222504
11546,0.001094,172.217.194.0-255,7156,54358,42,222504
11547,0.001097,172.31.46.0-255,66,54424,42,222504
11548,0.001109,172.31.46.0-255,66,54490,42,222504
11549,0.00114,172.217.194.0-255,5738,60228,42,222504
11550,0.001147,172.31.46.0-255,66,60294,42,222504
11551,0.001152,172.217.194.0-255,2184,62478,42,222504
11552,0.001153,172.31.46.0-255,66,62544,42,222504
11553,0.001535,172.217.194.0-255,1484,64028,42,222504
11554,0.001541,172.217.194.0-255,2902,66930,42,222504
11555,0.001551,172.31.46.0-255,66,66996,42,222504
11556,0.001556,172.217.194.0-255,2902,69898,42,222504
11557,0.001558,172.31.46.0-255,66,69964,42,222504
11558,0.001593,172.217.194.0-255,2902,72866,42,222504
11559,0.001596,172.31.46.0-255,66,72932,42,222504
11560,0.001603,172.217.194.0-255,5738,78670,42,222504
11561,0.001604,172.31.46.0-255,66,78736,42,222504
11562,0.001609,172.217.194.0-255,2902,81638,42,222504
11563,0.001616,172.31.46.0-255,66,81704,42,222504
11564,0.001653,172.31.46.0-255,66,81770,42,222504
11565,0.001659,172.217.194.0-255,5020,86790,42,222504
11566,0.001661,172.31.46.0-255,66,86856,42,222504
11567,0.001827,172.217.194.0-255,1484,88340,42,222504
11568,0.001833,172.217.194.0-255,2902,91242,42,222504
11569,0.001836,172.31.46.0-255,66,91308,42,222504
11570,0.001863,172.217.194.0-255,5738,97046,42,222504
11571,0.001865,172.31.46.0-255,66,97112,42,222504
11572,0.001869,172.217.194.0-255,1484,98596,42,222504
11573,0.001907,172.31.46.0-255,66,98662,42,222504
11574,0.001915,172.217.194.0-255,7156,105818,42,222504
11575,0.001917,172.31.46.0-255,66,105884,42,222504
11576,0.00195,172.217.194.0-255,4320,110204,42,222504
11577,0.001954,172.217.194.0-255,2184,112388,42,222504
11578,0.001957,172.31.46.0-255,66,112454,42,222504
11579,0.00196,172.31.46.0-255,66,112520,42,222504
11580,0.002067,172.217.194.0-255,1484,114004,42,222504
11581,0.002073,172.217.194.0-255,2902,116906,42,222504
11582,0.002075,172.31.46.0-255,66,116972,42,222504
11583,0.002081,172.217.194.0-255,2902,119874,42,222504
11584,0.002082,172.31.46.0-255,66,119940,42,222504
11585,0.002107,172.217.194.0-255,2902,122842,42,222504
11586,0.002109,172.31.46.0-255,66,122908,42,222504
11587,0.002128,172.31.46.0-255,66,122974,42,222504
11588,0.002158,172.217.194.0-255,1484,124458,42,222504
11589,0.002172,172.31.46.0-255,66,124524,42,222504
11590,0.002209,172.217.194.0-255,1484,126008,42,222504
11591,0.002213,172.217.194.0-255,1484,127492,42,222504
11592,0.002215,172.31.46.0-255,66,127558,42,222504
11593,0.002243,172.217.194.0-255,1484,129042,42,222504
11594,0.00225,172.217.194.0-255,5738,134780,42,222504
11595,0.002256,172.217.194.0-255,5738,140518,42,222504
11596,0.00226,172.31.46.0-255,66,140584,42,222504
11597,0.002263,172.31.46.0-255,66,140650,42,222504
11598,0.002292,172.217.194.0-255,7156,147806,42,222504
11599,0.002299,172.31.46.0-255,66,147872,42,222504
11600,0.002315,172.31.46.0-255,66,147938,42,222504
11601,0.002326,172.31.46.0-255,66,148004,42,222504
11602,0.002351,172.217.194.0-255,2902,150906,42,222504
11603,0.002376,172.217.194.0-255,1484,152390,42,222504
11604,0.002378,172.217.194.0-255,1484,153874,42,222504
11605,0.00238,172.217.194.0-255,766,154640,42,222504
11606,0.002392,172.31.46.0-255,66,154706,42,222504
11607,0.002433,172.217.194.0-255,1484,156190,42,222504
11608,0.002449,172.217.194.0-255,1484,157674,42,222504
11609,0.002451,172.217.194.0-255,1484,159158,42,222504
11610,0.002454,172.217.194.0-255,1484,160642,42,222504
11611,0.002456,172.217.194.0-255,1484,162126,42,222504
11612,0.002493,172.217.194.0-255,7156,169282,42,222504
11613,0.002514,172.217.194.0-255,4320,173602,42,222504
11614,0.002517,172.217.194.0-255,1484,175086,42,222504
11615,0.002536,172.217.194.0-255,7156,182242,42,222504
11616,0.002556,172.217.194.0-255,2902,185144,42,222504
11617,0.002559,172.217.194.0-255,1484,186628,42,222504
11618,0.002563,172.217.194.0-255,2184,188812,42,222504
11619,0.002596,172.217.194.0-255,1484,190296,42,222504
11620,0.002607,172.217.194.0-255,2902,193198,42,222504
11621,0.002609,172.217.194.0-255,1484,194682,42,222504
11622,0.002627,172.217.194.0-255,4320,199002,42,222504
11623,0.002673,172.217.194.0-255,2902,201904,42,222504
11624,0.002785,172.217.194.0-255,2184,204088,42,222504
11625,0.002833,172.217.194.0-255,2902,206990,42,222504
11626,0.002835,172.217.194.0-255,1484,208474,42,222504
11627,0.002868,172.217.194.0-255,5738,214212,42,222504
11628,0.00289,172.217.194.0-255,6432,220644,42,222504
11629,0.002894,172.217.194.0-255,105,220749,42,222504
11630,0.007807,172.31.46.0-255,66,220815,42,222504
11631,0.007816,172.31.46.0-255,66,220881,42,222504
11632,0.007821,172.31.46.0-255,66,220947,42,222504
11633,0.007837,172.31.46.0-255,66,221013,42,222504
11634,0.007843,172.31.46.0-255,66,221079,42,222504
11635,0.007846,172.31.46.0-255,66,221145,42,222504
11636,0.00785,172.31.46.0-255,66,221211,42,222504
11637,0.007854,172.31.46.0-255,66,221277,42,222504
11638,0.007857,172.31.46.0-255,66,221343,42,222504
11639,0.007861,172.31.46.0-255,66,221409,42,222504
11640,0.007865,172.31.46.0-255,66,221475,42,222504
11641,0.007869,172.31.46.0-255,66,221541,42,222504
11642,0.007873,172.31.46.0-255,66,221607,42,222504
11643,0.007876,172.31.46.0-255,66,221673,42,222504
11644,0.007878,172.31.46.0-255,66,221739,42,222504
11645,0.007882,172.31.46.0-255,66,221805,42,222504
11646,0.007885,172.31.46.0-255,66,221871,42,222504
11647,0.007888,172.31.46.0-255,66,221937,42,222504
11648,0.007891,172.31.46.0-255,66,222003,42,222504
11649,0.007894,172.31.46.0-255,66,222069,42,222504
11650,0.007896,172.31.46.0-255,66,222135,42,222504
11651,0.0079,172.31.46.0-255,66,222201,42,222504
11652,0.007902,172.31.46.0-255,66,222267,42,222504
11653,0.010005,172.31.46.0-255,66,222333,42,222504
11654,0.010048,172.31.46.0-255,105,222438,42,222504
11655,0.012295,172.217.194.0-255,66,222504,42,222504
11656,0.0,172.217.27.0-255,291,291,42,289248
11657,2.4e-05,172.31.46.0-255,66,357,42,289248
11658,3.1e-05,172.217.27.0-255,1484,1841,42,289248
11659,3.5e-05,172.31.46.0-255,66,1907,42,289248
11660,4.2e-05,172.217.27.0-255,4320,6227,42,289248
11661,4.6e-05,172.31.46.0-255,66,6293,42,289248
11662,8.3e-05,172.31.46.0-255,66,6359,42,289248
11663,0.000164,172.217.27.0-255,1484,7843,42,289248
11664,0.000168,172.31.46.0-255,66,7909,42,289248
11665,0.000173,172.217.27.0-255,2902,10811,42,289248
11666,0.000176,172.31.46.0-255,66,10877,42,289248
11667,0.00018,172.217.27.0-255,1484,12361,42,289248
11668,0.000182,172.31.46.0-255,66,12427,42,289248
11669,0.000204,172.217.27.0-255,4320,16747,42,289248
11670,0.000207,172.31.46.0-255,66,16813,42,289248
11671,0.000214,172.217.27.0-255,6797,23610,42,289248
11672,0.000217,172.31.46.0-255,66,23676,42,289248
11673,0.000237,172.217.27.0-255,1484,25160,42,289248
11674,0.00024,172.31.46.0-255,66,25226,42,289248
11675,0.000264,172.217.27.0-255,5738,30964,42,289248
11676,0.000267,172.31.46.0-255,66,31030,42,289248
11677,0.000278,172.31.46.0-255,66,31096,42,289248
11678,0.000324,172.217.27.0-255,1484,32580,42,289248
11679,0.000327,172.31.46.0-255,66,32646,42,289248
11680,0.000332,172.217.27.0-255,2902,35548,42,289248
11681,0.000334,172.31.46.0-255,66,35614,42,289248
11682,0.000361,172.217.27.0-255,5738,41352,42,289248
11683,0.000364,172.31.46.0-255,66,41418,42,289248
11684,0.000372,172.217.27.0-255,6797,48215,42,289248
11685,0.000374,172.31.46.0-255,66,48281,42,289248
11686,0.000448,172.217.27.0-255,398,48679,42,289248
11687,0.000721,172.217.27.0-255,347,49026,42,289248
11688,0.000919,172.217.27.0-255,1484,50510,42,289248
11689,0.000925,172.31.46.0-255,66,50576,42,289248
11690,0.000931,172.217.27.0-255,2902,53478,42,289248
11691,0.000933,172.31.46.0-255,66,53544,42,289248
11692,0.000937,172.217.27.0-255,1484,55028,42,289248
11693,0.000962,172.217.27.0-255,4320,59348,42,289248
11694,0.000965,172.31.46.0-255,66,59414,42,289248
11695,0.000972,172.217.27.0-255,6797,66211,42,289248
11696,0.000974,172.31.46.0-255,66,66277,42,289248
11697,0.001005,172.217.27.0-255,7156,73433,42,289248
11698,0.001009,172.31.46.0-255,66,73499,42,289248
11699,0.001012,172.217.27.0-255,1484,74983,42,289248
11700,0.00104,172.31.46.0-255,66,75049,42,289248
11701,0.001647,172.217.27.0-255,1484,76533,42,289248
11702,0.001671,172.217.27.0-255,1484,78017,42,289248
11703,0.001675,172.31.46.0-255,66,78083,42,289248
11704,0.001679,172.217.27.0-255,1484,79567,42,289248
11705,0.001682,172.217.27.0-255,1484,81051,42,289248
11706,0.001684,172.31.46.0-255,66,81117,42,289248
11707,0.001698,172.217.27.0-255,2902,84019,42,289248
11708,0.0017,172.31.46.0-255,66,84085,42,289248
11709,0.001708,172.217.27.0-255,7156,91241,42,289248
11710,0.00171,172.31.46.0-255,66,91307,42,289248
11711,0.001734,172.31.46.0-255,66,91373,42,289248
11712,0.00175,172.217.27.0-255,1484,92857,42,289248
11713,0.001783,172.217.27.0-255,4320,97177,42,289248
11714,0.001786,172.31.46.0-255,66,97243,42,289248
11715,0.001806,172.217.27.0-255,3602,100845,42,289248
11716,0.001809,172.31.46.0-255,66,100911,42,289248
11717,0.001836,172.217.27.0-255,1484,102395,42,289248
11718,0.001849,172.217.27.0-255,2902,105297,42,289248
11719,0.001852,172.31.46.0-255,66,105363,42,289248
11720,0.001857,172.217.27.0-255,2902,108265,42,289248
11721,0.001859,172.31.46.0-255,66,108331,42,289248
11722,0.001881,172.217.27.0-255,2902,111233,42,289248
11723,0.001884,172.31.46.0-255,66,111299,42,289248
11724,0.001908,172.217.27.0-255,7156,118455,42,289248
11725,0.001911,172.31.46.0-255,66,118521,42,289248
11726,0.001914,172.217.27.0-255,1484,120005,42,289248
11727,0.001918,172.217.27.0-255,2902,122907,42,289248
11728,0.00192,172.31.46.0-255,66,122973,42,289248
11729,0.001946,172.31.46.0-255,66,123039,42,289248
11730,0.002051,172.217.27.0-255,1484,124523,42,289248
11731,0.002058,172.217.27.0-255,2902,127425,42,289248
11732,0.002062,172.31.46.0-255,66,127491,42,289248
11733,0.002067,172.217.27.0-255,2902,130393,42,289248
11734,0.002069,172.31.46.0-255,66,130459,42,289248
11735,0.002083,172.217.27.0-255,2902,133361,42,289248
11736,0.002085,172.31.46.0-255,66,133427,42,289248
11737,0.00209,172.217.27.0-255,4320,137747,42,289248
11738,0.002093,172.31.46.0-255,66,137813,42,289248
11739,0.002099,172.217.27.0-255,5738,143551,42,289248
11740,0.002102,172.31.46.0-255,66,143617,42,289248
11741,0.002106,172.217.27.0-255,2902,146519,42,289248
11742,0.002109,172.31.46.0-255,66,146585,42,289248
11743,0.002136,172.31.46.0-255,66,146651,42,289248
11744,0.00214,172.217.27.0-255,2184,148835,42,289248
11745,0.002142,172.31.46.0-255,66,148901,42,289248
11746,0.002311,172.217.27.0-255,1484,150385,42,289248
11747,0.002318,172.217.27.0-255,2902,153287,42,289248
11748,0.002323,172.31.46.0-255,66,153353,42,289248
11749,0.00233,172.217.27.0-255,5738,159091,42,289248
11750,0.002332,172.31.46.0-255,66,159157,42,289248
11751,0.002337,172.217.27.0-255,4320,163477,42,289248
11752,0.002339,172.31.46.0-255,66,163543,42,289248
11753,0.002343,172.217.27.0-255,2902,166445,42,289248
11754,0.002347,172.31.46.0-255,66,166511,42,289248
11755,0.002368,172.217.27.0-255,2902,169413,42,289248
11756,0.002371,172.31.46.0-255,66,169479,42,289248
11757,0.002385,172.31.46.0-255,66,169545,42,289248
11758,0.002389,172.217.27.0-255,3602,173147,42,289248
11759,0.002391,172.31.46.0-255,66,173213,42,289248
11760,0.002397,172.217.27.0-255,4320,177533,42,289248
11761,0.0024,172.31.46.0-255,66,177599,42,289248
11762,0.002418,172.217.27.0-255,2902,180501,42,289248
11763,0.002421,172.31.46.0-255,66,180567,42,289248
11764,0.002444,172.217.27.0-255,7156,187723,42,289248
11765,0.002446,172.31.46.0-255,66,187789,42,289248
11766,0.002459,172.31.46.0-255,66,187855,42,289248
11767,0.002515,172.217.27.0-255,6438,194293,42,289248
11768,0.002517,172.31.46.0-255,66,194359,42,289248
11769,0.002554,172.217.27.0-255,7156,201515,42,289248
11770,0.002557,172.31.46.0-255,66,201581,42,289248
11771,0.00256,172.217.27.0-255,1484,203065,42,289248
11772,0.002563,172.217.27.0-255,1484,204549,42,289248
11773,0.002566,172.31.46.0-255,66,204615,42,289248
11774,0.00257,172.217.27.0-255,2902,207517,42,289248
11775,0.002572,172.31.46.0-255,66,207583,42,289248
11776,0.002587,172.217.27.0-255,2902,210485,42,289248
11777,0.00259,172.31.46.0-255,66,210551,42,289248
11778,0.002596,172.217.27.0-255,4320,214871,42,289248
11779,0.002598,172.31.46.0-255,66,214937,42,289248
11780,0.002604,172.217.27.0-255,5738,220675,42,289248
11781,0.002606,172.31.46.0-255,66,220741,42,289248
11782,0.002627,172.217.27.0-255,1484,222225,42,289248
11783,0.002645,172.217.27.0-255,6438,228663,42,289248
11784,0.002648,172.31.46.0-255,66,228729,42,289248
11785,0.002684,172.217.27.0-255,1484,230213,42,289248
11786,0.002701,172.217.27.0-255,2902,233115,42,289248
11787,0.002704,172.31.46.0-255,66,233181,42,289248
11788,0.002708,172.217.27.0-255,1484,234665,42,289248
11789,0.002723,172.217.27.0-255,4320,238985,42,289248
11790,0.002726,172.31.46.0-255,66,239051,42,289248
11791,0.002733,172.217.27.0-255,5738,244789,42,289248
11792,0.002735,172.31.46.0-255,66,244855,42,289248
11793,0.002762,172.217.27.0-255,7156,252011,42,289248
11794,0.002765,172.31.46.0-255,66,252077,42,289248
11795,0.002776,172.31.46.0-255,66,252143,42,289248
11796,0.002788,172.31.46.0-255,66,252209,42,289248
11797,0.002795,172.217.27.0-255,5738,257947,42,289248
11798,0.002797,172.31.46.0-255,66,258013,42,289248
11799,0.002817,172.217.27.0-255,4320,262333,42,289248
11800,0.002819,172.31.46.0-255,66,262399,42,289248
11801,0.002831,172.31.46.0-255,66,262465,42,289248
11802,0.002835,172.217.27.0-255,2184,264649,42,289248
11803,0.002838,172.31.46.0-255,66,264715,42,289248
11804,0.002862,172.217.27.0-255,2902,267617,42,289248
11805,0.002866,172.31.46.0-255,66,267683,42,289248
11806,0.002869,172.217.27.0-255,1484,269167,42,289248
11807,0.002884,172.217.27.0-255,5738,274905,42,289248
11808,0.002887,172.31.46.0-255,66,274971,42,289248
11809,0.002892,172.217.27.0-255,4320,279291,42,289248
11810,0.002894,172.31.46.0-255,66,279357,42,289248
11811,0.002917,172.217.27.0-255,5738,285095,42,289248
11812,0.00292,172.31.46.0-255,66,285161,42,289248
11813,0.002942,172.217.27.0-255,3679,288840,42,289248
11814,0.002944,172.31.46.0-255,66,288906,42,289248
11815,0.002976,172.217.27.0-255,105,289011,42,289248
11816,0.010843,172.31.46.0-255,66,289077,42,289248
11817,0.010895,172.31.46.0-255,105,289182,42,289248
11818,0.01249,172.217.27.0-255,66,289248,42,289248
11819,0.0,74.125.200.0-255,292,292,42,242300
11820,2.4e-05,172.31.46.0-255,66,358,42,242300
11821,3.1e-05,74.125.200.0-255,1484,1842,42,242300
11822,3.5e-05,172.31.46.0-255,66,1908,42,242300
11823,3.8e-05,74.125.200.0-255,1484,3392,42,242300
11824,4.1e-05,172.31.46.0-255,66,3458,42,242300
11825,5.4e-05,74.125.200.0-255,2902,6360,42,242300
11826,5.7e-05,172.31.46.0-255,66,6426,42,242300
11827,6.4e-05,74.125.200.0-255,5738,12164,42,242300
11828,6.6e-05,172.31.46.0-255,66,12230,42,242300
11829,0.000105,172.31.46.0-255,66,12296,42,242300
11830,0.000155,172.31.46.0-255,66,12362,42,242300
11831,0.000264,74.125.200.0-255,1484,13846,42,242300
11832,0.000268,172.31.46.0-255,66,13912,42,242300
11833,0.000274,74.125.200.0-255,2902,16814,42,242300
11834,0.000275,172.31.46.0-255,66,16880,42,242300
11835,0.000279,74.125.200.0-255,1484,18364,42,242300
11836,0.000286,172.31.46.0-255,66,18430,42,242300
11837,0.00029,74.125.200.0-255,2902,21332,42,242300
11838,0.000293,172.31.46.0-255,66,21398,42,242300
11839,0.00033,74.125.200.0-255,5738,27136,42,242300
11840,0.000333,172.31.46.0-255,66,27202,42,242300
11841,0.00037,74.125.200.0-255,5738,32940,42,242300
11842,0.000373,172.31.46.0-255,66,33006,42,242300
11843,0.000401,74.125.200.0-255,2543,35549,42,242300
11844,0.000404,172.31.46.0-255,66,35615,42,242300
11845,0.000414,172.31.46.0-255,66,35681,42,242300
11846,0.000419,74.125.200.0-255,2815,38496,42,242300
11847,0.000421,172.31.46.0-255,66,38562,42,242300
11848,0.000425,74.125.200.0-255,132,38694,42,242300
11849,0.000488,74.125.200.0-255,1484,40178,42,242300
11850,0.000508,74.125.200.0-255,2902,43080,42,242300
11851,0.000536,74.125.200.0-255,5738,48818,42,242300
11852,0.000539,74.125.200.0-255,1484,50302,42,242300
11853,0.000563,74.125.200.0-255,4320,54622,42,242300
11854,0.00057,74.125.200.0-255,7156,61778,42,242300
11855,0.000593,74.125.200.0-255,2902,64680,42,242300
11856,0.000635,172.31.46.0-255,66,64746,42,242300
11857,0.000644,74.125.200.0-255,1484,66230,42,242300
11858,0.000668,74.125.200.0-255,2902,69132,42,242300
11859,0.000675,74.125.200.0-255,5738,74870,42,242300
11860,0.000698,74.125.200.0-255,4320,79190,42,242300
11861,0.000719,74.125.200.0-255,2543,81733,42,242300
11862,0.000727,74.125.200.0-255,7156,88889,42,242300
11863,0.000731,172.31.46.0-255,66,88955,42,242300
11864,0.000752,74.125.200.0-255,7156,96111,42,242300
11865,0.000772,74.125.200.0-255,2543,98654,42,242300
11866,0.000777,172.31.46.0-255,66,98720,42,242300
11867,0.000794,74.125.200.0-255,2902,101622,42,242300
11868,0.000806,74.125.200.0-255,1484,103106,42,242300
11869,0.000819,74.125.200.0-255,2902,106008,42,242300
11870,0.000827,74.125.200.0-255,7156,113164,42,242300
11871,0.000841,172.31.46.0-255,66,113230,42,242300
11872,0.000844,74.125.200.0-255,1484,114714,42,242300
11873,0.000846,74.125.200.0-255,1125,115839,42,242300
11874,0.000856,172.31.46.0-255,66,115905,42,242300
11875,0.001091,74.125.200.0-255,1484,117389,42,242300
11876,0.001112,74.125.200.0-255,2902,120291,42,242300
11877,0.001118,74.125.200.0-255,4320,124611,42,242300
11878,0.001129,74.125.200.0-255,1484,126095,42,242300
11879,0.001143,74.125.200.0-255,4320,130415,42,242300
11880,0.001173,74.125.200.0-255,5738,136153,42,242300
11881,0.001209,74.125.200.0-255,2902,139055,42,242300
11882,0.001222,74.125.200.0-255,2184,141239,42,242300
11883,0.00126,74.125.200.0-255,5738,146977,42,242300
11884,0.001288,74.125.200.0-255,5738,152715,42,242300
11885,0.001303,74.125.200.0-255,1484,154199,42,242300
11886,0.001306,74.125.200.0-255,1484,155683,42,242300
11887,0.00137,74.125.200.0-255,4320,160003,42,242300
11888,0.001388,74.125.200.0-255,5020,165023,42,242300
11889,0.001432,74.125.200.0-255,1484,166507,42,242300
11890,0.001438,74.125.200.0-255,5738,172245,42,242300
11891,0.001492,74.125.200.0-255,1125,173370,42,242300
11892,0.001496,74.125.200.0-255,1484,174854,42,242300
11893,0.0015,74.125.200.0-255,2902,177756,42,242300
11894,0.00151,74.125.200.0-255,1484,179240,42,242300
11895,0.001524,74.125.200.0-255,2902,182142,42,242300
11896,0.001528,74.125.200.0-255,2902,185044,42,242300
11897,0.001538,74.125.200.0-255,1484,186528,42,242300
11898,0.001559,74.125.200.0-255,4320,190848,42,242300
11899,0.001584,74.125.200.0-255,4320,195168,42,242300
11900,0.00159,74.125.200.0-255,2902,198070,42,242300
11901,0.001633,74.125.200.0-255,7156,205226,42,242300
11902,0.001652,74.125.200.0-255,2184,207410,42,242300
11903,0.006906,172.31.46.0-255,66,207476,42,242300
11904,0.008871,74.125.200.0-255,5738,213214,42,242300
11905,0.00888,172.31.46.0-255,66,213280,42,242300
11906,0.010815,74.125.200.0-255,5738,219018,42,242300
11907,0.010822,172.31.46.0-255,66,219084,42,242300
11908,0.012749,74.125.200.0-255,5738,224822,42,242300
11909,0.012755,172.31.46.0-255,66,224888,42,242300
11910,0.014679,74.125.200.0-255,5738,230626,42,242300
11911,0.014685,172.31.46.0-255,66,230692,42,242300
11912,0.016608,74.125.200.0-255,5738,236430,42,242300
11913,0.016615,172.31.46.0-255,66,236496,42,242300
11914,0.01854,74.125.200.0-255,5738,242234,42,242300
11915,0.018545,172.31.46.0-255,66,242300,42,242300
11916,0.0,74.125.24.0-255,152,152,42,69452
11917,2.3e-05,172.31.46.0-255,66,218,42,69452
11918,3e-05,74.125.24.0-255,1484,1702,42,69452
11919,3.4e-05,172.31.46.0-255,66,1768,42,69452
11920,5e-05,74.125.24.0-255,2902,4670,42,69452
11921,5.3e-05,172.31.46.0-255,66,4736,42,69452
11922,0.000124,74.125.24.0-255,7156,11892,42,69452
11923,0.000128,172.31.46.0-255,66,11958,42,69452
11924,0.000316,74.125.24.0-255,2055,14013,42,69452
11925,0.000321,172.31.46.0-255,66,14079,42,69452
11926,0.000372,74.125.24.0-255,4320,18399,42,69452
11927,0.000376,172.31.46.0-255,66,18465,42,69452
11928,0.000411,74.125.24.0-255,7156,25621,42,69452
11929,0.000414,172.31.46.0-255,66,25687,42,69452
11930,0.000721,74.125.24.0-255,5379,31066,42,69452
11931,0.000726,172.31.46.0-255,66,31132,42,69452
11932,0.000873,172.31.46.0-255,66,31198,42,69452
11933,0.000915,172.31.46.0-255,66,31264,42,69452
11934,0.001543,172.31.46.0-255,66,31330,42,69452
11935,0.001856,74.125.24.0-255,4320,35650,42,69452
11936,0.00186,172.31.46.0-255,66,35716,42,69452
11937,0.001919,172.31.46.0-255,66,35782,42,69452
11938,0.002832,172.31.46.0-255,66,35848,42,69452
11939,0.002882,172.31.46.0-255,66,35914,42,69452
11940,0.003826,74.125.24.0-255,5738,41652,42,69452
11941,0.003831,172.31.46.0-255,66,41718,42,69452
11942,0.005078,172.31.46.0-255,66,41784,42,69452
11943,0.007637,74.125.24.0-255,5738,47522,42,69452
11944,0.007645,172.31.46.0-255,66,47588,42,69452
11945,0.010219,74.125.24.0-255,4320,51908,42,69452
11946,0.010229,172.31.46.0-255,66,51974,42,69452
11947,0.010258,74.125.24.0-255,1484,53458,42,69452
11948,0.012758,74.125.24.0-255,4320,57778,42,69452
11949,0.012765,172.31.46.0-255,66,57844,42,69452
11950,0.015308,74.125.24.0-255,5738,63582,42,69452
11951,0.015395,172.31.46.0-255,66,63648,42,69452
11952,0.017947,74.125.24.0-255,5738,69386,42,69452
11953,0.017954,172.31.46.0-255,66,69452,42,69452
11954,0.0,74.125.130.0-255,146,146,42,239732
11955,1.2e-05,172.31.46.0-255,66,212,42,239732
11956,3.2e-05,74.125.130.0-255,1484,1696,42,239732
11957,3.5e-05,172.31.46.0-255,66,1762,42,239732
11958,4e-05,74.125.130.0-255,2902,4664,42,239732
11959,4.3e-05,172.31.46.0-255,66,4730,42,239732
11960,4.9e-05,74.125.130.0-255,5738,10468,42,239732
11961,5.2e-05,172.31.46.0-255,66,10534,42,239732
11962,8.9e-05,74.125.130.0-255,3499,14033,42,239732
11963,9.1e-05,172.31.46.0-255,66,14099,42,239732
11964,0.000118,74.125.130.0-255,4320,18419,42,239732
11965,0.00012,172.31.46.0-255,66,18485,42,239732
11966,0.000146,74.125.130.0-255,2902,21387,42,239732
11967,0.000148,172.31.46.0-255,66,21453,42,239732
11968,0.000169,74.125.130.0-255,7156,28609,42,239732
11969,0.000171,172.31.46.0-255,66,28675,42,239732
11970,0.000217,74.125.130.0-255,2543,31218,42,239732
11971,0.00022,172.31.46.0-255,66,31284,42,239732
11972,0.000343,74.125.130.0-255,1484,32768,42,239732
11973,0.000346,172.31.46.0-255,66,32834,42,239732
11974,0.00035,74.125.130.0-255,1484,34318,42,239732
11975,0.000352,172.31.46.0-255,66,34384,42,239732
11976,0.000356,74.125.130.0-255,2902,37286,42,239732
11977,0.000358,172.31.46.0-255,66,37352,42,239732
11978,0.000362,74.125.130.0-255,2902,40254,42,239732
11979,0.000364,172.31.46.0-255,66,40320,42,239732
11980,0.000385,74.125.130.0-255,2902,43222,42,239732
11981,0.000387,172.31.46.0-255,66,43288,42,239732
11982,0.000392,74.125.130.0-255,4320,47608,42,239732
11983,0.000394,172.31.46.0-255,66,47674,42,239732
11984,0.00043,74.125.130.0-255,5738,53412,42,239732
11985,0.000433,172.31.46.0-255,66,53478,42,239732
11986,0.000494,172.31.46.0-255,66,53544,42,239732
11987,0.00054,74.125.130.0-255,766,54310,42,239732
11988,0.000565,74.125.130.0-255,414,54724,42,239732
11989,0.000607,74.125.130.0-255,1484,56208,42,239732
11990,0.000618,74.125.130.0-255,1484,57692,42,239732
11991,0.000629,172.31.46.0-255,66,57758,42,239732
11992,0.000634,74.125.130.0-255,2902,60660,42,239732
11993,0.000638,172.31.46.0-255,66,60726,42,239732
11994,0.000651,74.125.130.0-255,2902,63628,42,239732
11995,0.000674,172.31.46.0-255,66,63694,42,239732
11996,0.000687,74.125.130.0-255,4320,68014,42,239732
11997,0.000709,172.31.46.0-255,66,68080,42,239732
11998,0.000719,74.125.130.0-255,2902,70982,42,239732
11999,0.00074,74.125.130.0-255,2902,73884,42,239732
12000,0.000746,172.31.46.0-255,66,73950,42,239732
12001,0.000777,74.125.130.0-255,5738,79688,42,239732
12002,0.000781,172.31.46.0-255,66,79754,42,239732
12003,0.000807,74.125.130.0-255,7156,86910,42,239732
12004,0.000849,74.125.130.0-255,2184,89094,42,239732
12005,0.000854,172.31.46.0-255,66,89160,42,239732
12006,0.000942,74.125.130.0-255,1484,90644,42,239732
12007,0.000967,74.125.130.0-255,2902,93546,42,239732
12008,0.000979,172.31.46.0-255,66,93612,42,239732
12009,0.001008,74.125.130.0-255,5738,99350,42,239732
12010,0.001031,74.125.130.0-255,5738,105088,42,239732
12011,0.001043,74.125.130.0-255,1484,106572,42,239732
12012,0.001052,172.31.46.0-255,66,106638,42,239732
12013,0.001072,74.125.130.0-255,2902,109540,42,239732
12014,0.001085,74.125.130.0-255,1484,111024,42,239732
12015,0.001088,172.31.46.0-255,66,111090,42,239732
12016,0.001098,74.125.130.0-255,2902,113992,42,239732
12017,0.001102,172.31.46.0-255,66,114058,42,239732
12018,0.001125,74.125.130.0-255,2902,116960,42,239732
12019,0.001141,74.125.130.0-255,2902,119862,42,239732
12020,0.00115,172.31.46.0-255,66,119928,42,239732
12021,0.001159,74.125.130.0-255,1484,121412,42,239732
12022,0.001172,74.125.130.0-255,2184,123596,42,239732
12023,0.001189,172.31.46.0-255,66,123662,42,239732
12024,0.001579,74.125.130.0-255,1484,125146,42,239732
12025,0.001594,74.125.130.0-255,2902,128048,42,239732
12026,0.001597,172.31.46.0-255,66,128114,42,239732
12027,0.001619,74.125.130.0-255,2902,131016,42,239732
12028,0.00163,74.125.130.0-255,1484,132500,42,239732
12029,0.001636,172.31.46.0-255,66,132566,42,239732
12030,0.001648,74.125.130.0-255,4320,136886,42,239732
12031,0.001674,74.125.130.0-255,5738,142624,42,239732
12032,0.001685,172.31.46.0-255,66,142690,42,239732
12033,0.001702,74.125.130.0-255,4320,147010,42,239732
12034,0.001718,172.31.46.0-255,66,147076,42,239732
12035,0.001735,74.125.130.0-255,1484,148560,42,239732
12036,0.001758,74.125.130.0-255,4320,152880,42,239732
12037,0.001762,172.31.46.0-255,66,152946,42,239732
12038,0.001802,74.125.130.0-255,5020,157966,42,239732
12039,0.001811,172.31.46.0-255,66,158032,42,239732
12040,0.002101,74.125.130.0-255,1484,159516,42,239732
12041,0.002116,74.125.130.0-255,2902,162418,42,239732
12042,0.002119,172.31.46.0-255,66,162484,42,239732
12043,0.002125,74.125.130.0-255,2902,165386,42,239732
12044,0.002137,74.125.130.0-255,2902,168288,42,239732
12045,0.002152,74.125.130.0-255,1484,169772,42,239732
12046,0.002155,172.31.46.0-255,66,169838,42,239732
12047,0.002167,74.125.130.0-255,2902,172740,42,239732
12048,0.002184,172.31.46.0-255,66,172806,42,239732
12049,0.002195,74.125.130.0-255,5738,178544,42,239732
12050,0.0022,172.31.46.0-255,66,178610,42,239732
12051,0.002249,74.125.130.0-255,2902,181512,42,239732
12052,0.002259,172.31.46.0-255,66,181578,42,239732
12053,0.002321,74.125.130.0-255,2184,183762,42,239732
12054,0.002325,74.125.130.0-255,1484,185246,42,239732
12055,0.002332,172.31.46.0-255,66,185312,42,239732
12056,0.002366,74.125.130.0-255,4320,189632,42,239732
12057,0.002377,172.31.46.0-255,66,189698,42,239732
12058,0.002459,74.125.130.0-255,7156,196854,42,239732
12059,0.002463,172.31.46.0-255,66,196920,42,239732
12060,0.002494,172.31.46.0-255,66,196986,42,239732
12061,0.002591,74.125.130.0-255,2902,199888,42,239732
12062,0.003007,74.125.130.0-255,5738,205626,42,239732
12063,0.003021,74.125.130.0-255,1484,207110,42,239732
12064,0.003051,74.125.130.0-255,4320,211430,42,239732
12065,0.003068,74.125.130.0-255,5020,216450,42,239732
12066,0.003382,172.31.46.0-255,66,216516,42,239732
12067,0.005947,74.125.130.0-255,5738,222254,42,239732
12068,0.007562,172.31.46.0-255,66,222320,42,239732
12069,0.010137,74.125.130.0-255,5738,228058,42,239732
12070,0.010144,172.31.46.0-255,66,228124,42,239732
12071,0.012722,74.125.130.0-255,5738,233862,42,239732
12072,0.01273,172.31.46.0-255,66,233928,42,239732
12073,0.015315,74.125.130.0-255,5738,239666,42,239732
12074,0.019669,172.31.46.0-255,66,239732,42,239732
12075,0.0,172.217.194.0-255,153,153,42,237329
12076,2.3e-05,172.31.46.0-255,66,219,42,237329
12077,3e-05,172.217.194.0-255,1484,1703,42,237329
12078,3.5e-05,172.31.46.0-255,66,1769,42,237329
12079,4.1e-05,172.217.194.0-255,2902,4671,42,237329
12080,4.4e-05,172.31.46.0-255,66,4737,42,237329
12081,4.7e-05,172.217.194.0-255,1484,6221,42,237329
12082,5e-05,172.31.46.0-255,66,6287,42,237329
12083,8.1e-05,172.217.194.0-255,1484,7771,42,237329
12084,8.3e-05,172.31.46.0-255,66,7837,42,237329
12085,0.000103,172.217.194.0-255,6336,14173,42,237329
12086,0.000105,172.31.46.0-255,66,14239,42,237329
12087,0.000386,172.217.194.0-255,1484,15723,42,237329
12088,0.000392,172.31.46.0-255,66,15789,42,237329
12089,0.000399,172.217.194.0-255,2902,18691,42,237329
12090,0.000402,172.31.46.0-255,66,18757,42,237329
12091,0.000408,172.217.194.0-255,5738,24495,42,237329
12092,0.000411,172.31.46.0-255,66,24561,42,237329
12093,0.000434,172.217.194.0-255,2902,27463,42,237329
12094,0.000437,172.31.46.0-255,66,27529,42,237329
12095,0.000466,172.31.46.0-255,66,27595,42,237329
12096,0.00051,172.217.194.0-255,2902,30497,42,237329
12097,0.000513,172.31.46.0-255,66,30563,42,237329
12098,0.000536,172.217.194.0-255,6797,37360,42,237329
12099,0.000538,172.31.46.0-255,66,37426,42,237329
12100,0.000671,172.217.194.0-255,1484,38910,42,237329
12101,0.000675,172.31.46.0-255,66,38976,42,237329
12102,0.000679,172.217.194.0-255,1484,40460,42,237329
12103,0.000681,172.31.46.0-255,66,40526,42,237329
12104,0.000695,172.217.194.0-255,1484,42010,42,237329
12105,0.000698,172.31.46.0-255,66,42076,42,237329
12106,0.000705,172.217.194.0-255,5738,47814,42,237329
12107,0.000712,172.31.46.0-255,66,47880,42,237329
12108,0.000729,172.217.194.0-255,1484,49364,42,237329
12109,0.000749,172.217.194.0-255,5692,55056,42,237329
12110,0.000757,172.31.46.0-255,66,55122,42,237329
12111,0.00083,172.217.194.0-255,365,55487,42,237329
12112,0.000941,172.217.194.0-255,1484,56971,42,237329
12113,0.000945,172.31.46.0-255,66,57037,42,237329
12114,0.00095,172.217.194.0-255,2902,59939,42,237329
12115,0.000952,172.31.46.0-255,66,60005,42,237329
12116,0.000959,172.217.194.0-255,5738,65743,42,237329
12117,0.000962,172.31.46.0-255,66,65809,42,237329
12118,0.000987,172.217.194.0-255,4320,70129,42,237329
12119,0.001003,172.217.194.0-255,2543,72672,42,237329
12120,0.001014,172.31.46.0-255,66,72738,42,237329
12121,0.001112,172.217.194.0-255,1484,74222,42,237329
12122,0.001124,172.217.194.0-255,2902,77124,42,237329
12123,0.001127,172.31.46.0-255,66,77190,42,237329
12124,0.001155,172.217.194.0-255,4320,81510,42,237329
12125,0.001158,172.31.46.0-255,66,81576,42,237329
12126,0.001198,172.217.194.0-255,1484,83060,42,237329
12127,0.001226,172.217.194.0-255,6797,89857,42,237329
12128,0.001229,172.31.46.0-255,66,89923,42,237329
12129,0.001502,172.217.194.0-255,1484,91407,42,237329
12130,0.001522,172.217.194.0-255,2902,94309,42,237329
12131,0.001532,172.31.46.0-255,66,94375,42,237329
12132,0.001539,172.217.194.0-255,5738,100113,42,237329
12133,0.001542,172.31.46.0-255,66,100179,42,237329
12134,0.001557,172.217.194.0-255,4320,104499,42,237329
12135,0.00156,172.31.46.0-255,66,104565,42,237329
12136,0.001595,172.31.46.0-255,66,104631,42,237329
12137,0.001602,172.217.194.0-255,7156,111787,42,237329
12138,0.001604,172.31.46.0-255,66,111853,42,237329
12139,0.001625,172.217.194.0-255,2902,114755,42,237329
12140,0.001627,172.31.46.0-255,66,114821,42,237329
12141,0.001663,172.31.46.0-255,66,114887,42,237329
12142,0.001681,172.217.194.0-255,3602,118489,42,237329
12143,0.001684,172.217.194.0-255,1484,119973,42,237329
12144,0.001687,172.217.194.0-255,1484,121457,42,237329
12145,0.0017,172.217.194.0-255,4320,125777,42,237329
12146,0.001706,172.31.46.0-255,66,125843,42,237329
12147,0.001718,172.217.194.0-255,2902,128745,42,237329
12148,0.001736,172.217.194.0-255,5020,133765,42,237329
12149,0.001742,172.31.46.0-255,66,133831,42,237329
12150,0.001749,172.217.194.0-255,1484,135315,42,237329
12151,0.001798,172.217.194.0-255,5738,141053,42,237329
12152,0.001803,172.217.194.0-255,5020,146073,42,237329
12153,0.001842,172.217.194.0-255,2902,148975,42,237329
12154,0.001846,172.31.46.0-255,66,149041,42,237329
12155,0.001852,172.31.46.0-255,66,149107,42,237329
12156,0.001865,172.217.194.0-255,2902,152009,42,237329
12157,0.001879,172.217.194.0-255,1484,153493,42,237329
12158,0.0019,172.217.194.0-255,7156,160649,42,237329
12159,0.001919,172.217.194.0-255,5738,166387,42,237329
12160,0.001921,172.217.194.0-255,766,167153,42,237329
12161,0.001939,172.31.46.0-255,66,167219,42,237329
12162,0.001974,172.217.194.0-255,1484,168703,42,237329
12163,0.001979,172.217.194.0-255,2902,171605,42,237329
12164,0.001985,172.217.194.0-255,5738,177343,42,237329
12165,0.001987,172.217.194.0-255,1484,178827,42,237329
12166,0.001991,172.31.46.0-255,66,178893,42,237329
12167,0.002009,172.217.194.0-255,5738,184631,42,237329
12168,0.002031,172.31.46.0-255,66,184697,42,237329
12169,0.003991,172.217.194.0-255,5738,190435,42,237329
12170,0.003997,172.31.46.0-255,66,190501,42,237329
12171,0.005923,172.217.194.0-255,5738,196239,42,237329
12172,0.005927,172.31.46.0-255,66,196305,42,237329
12173,0.007877,172.217.194.0-255,5738,202043,42,237329
12174,0.007884,172.31.46.0-255,66,202109,42,237329
12175,0.009832,172.217.194.0-255,5738,207847,42,237329
12176,0.009838,172.31.46.0-255,66,207913,42,237329
12177,0.011799,172.217.194.0-255,5738,213651,42,237329
12178,0.011806,172.31.46.0-255,66,213717,42,237329
12179,0.013757,172.217.194.0-255,2902,216619,42,237329
12180,0.013763,172.31.46.0-255,66,216685,42,237329
12181,0.01378,172.217.194.0-255,2902,219587,42,237329
12182,0.013782,172.31.46.0-255,66,219653,42,237329
12183,0.015698,172.217.194.0-255,2902,222555,42,237329
12184,0.015705,172.31.46.0-255,66,222621,42,237329
12185,0.015726,172.217.194.0-255,2902,225523,42,237329
12186,0.015728,172.31.46.0-255,66,225589,42,237329
12187,0.017653,172.217.194.0-255,2902,228491,42,237329
12188,0.017659,172.31.46.0-255,66,228557,42,237329
12189,0.017677,172.217.194.0-255,2902,231459,42,237329
12190,0.017679,172.31.46.0-255,66,231525,42,237329
12191,0.019624,172.217.194.0-255,5738,237263,42,237329
12192,0.019631,172.31.46.0-255,66,237329,42,237329
12193,0.0,74.125.130.0-255,146,146,42,274949
12194,2.5e-05,172.31.46.0-255,66,212,42,274949
12195,3.2e-05,74.125.130.0-255,1484,1696,42,274949
12196,3.7e-05,172.31.46.0-255,66,1762,42,274949
12197,4.2e-05,74.125.130.0-255,2902,4664,42,274949
12198,4.5e-05,172.31.46.0-255,66,4730,42,274949
12199,5.3e-05,74.125.130.0-255,7156,11886,42,274949
12200,5.6e-05,172.31.46.0-255,66,11952,42,274949
12201,9.6e-05,74.125.130.0-255,1993,13945,42,274949
12202,0.0001,172.31.46.0-255,66,14011,42,274949
12203,0.000221,74.125.130.0-255,1484,15495,42,274949
12204,0.000225,172.31.46.0-255,66,15561,42,274949
12205,0.000231,74.125.130.0-255,2902,18463,42,274949
12206,0.000233,172.31.46.0-255,66,18529,42,274949
12207,0.000283,74.125.130.0-255,2902,21431,42,274949
12208,0.000286,172.31.46.0-255,66,21497,42,274949
12209,0.000291,74.125.130.0-255,4320,25817,42,274949
12210,0.000293,172.31.46.0-255,66,25883,42,274949
12211,0.0003,74.125.130.0-255,5379,31262,42,274949
12212,0.000302,172.31.46.0-255,66,31328,42,274949
12213,0.000322,74.125.130.0-255,4320,35648,42,274949
12214,0.000324,172.31.46.0-255,66,35714,42,274949
12215,0.000344,74.125.130.0-255,1484,37198,42,274949
12216,0.000346,172.31.46.0-255,66,37264,42,274949
12217,0.000352,74.125.130.0-255,4320,41584,42,274949
12218,0.000354,172.31.46.0-255,66,41650,42,274949
12219,0.000373,74.125.130.0-255,5738,47388,42,274949
12220,0.000375,172.31.46.0-255,66,47454,42,274949
12221,0.000397,74.125.130.0-255,1125,48579,42,274949
12222,0.000399,172.31.46.0-255,66,48645,42,274949
12223,0.000609,74.125.130.0-255,1484,50129,42,274949
12224,0.000614,172.31.46.0-255,66,50195,42,274949
12225,0.00062,74.125.130.0-255,2902,53097,42,274949
12226,0.000623,172.31.46.0-255,66,53163,42,274949
12227,0.000639,74.125.130.0-255,4320,57483,42,274949
12228,0.000642,172.31.46.0-255,66,57549,42,274949
12229,0.000662,74.125.130.0-255,1484,59033,42,274949
12230,0.00067,74.125.130.0-255,2902,61935,42,274949
12231,0.000672,172.31.46.0-255,66,62001,42,274949
12232,0.000677,74.125.130.0-255,3961,65962,42,274949
12233,0.000679,172.31.46.0-255,66,66028,42,274949
12234,0.001108,74.125.130.0-255,1484,67512,42,274949
12235,0.001124,74.125.130.0-255,2902,70414,42,274949
12236,0.001128,172.31.46.0-255,66,70480,42,274949
12237,0.001168,74.125.130.0-255,5738,76218,42,274949
12238,0.001171,172.31.46.0-255,66,76284,42,274949
12239,0.001174,74.125.130.0-255,1484,77768,42,274949
12240,0.001221,74.125.130.0-255,2902,80670,42,274949
12241,0.001224,172.31.46.0-255,66,80736,42,274949
12242,0.001241,74.125.130.0-255,3123,83859,42,274949
12243,0.001243,172.31.46.0-255,66,83925,42,274949
12244,0.001261,74.125.130.0-255,1484,85409,42,274949
12245,0.001286,74.125.130.0-255,5738,91147,42,274949
12246,0.001289,172.31.46.0-255,66,91213,42,274949
12247,0.001292,74.125.130.0-255,1484,92697,42,274949
12248,0.001324,74.125.130.0-255,5738,98435,42,274949
12249,0.001327,172.31.46.0-255,66,98501,42,274949
12250,0.001351,74.125.130.0-255,4320,102821,42,274949
12251,0.001353,172.31.46.0-255,66,102887,42,274949
12252,0.00136,74.125.130.0-255,7156,110043,42,274949
12253,0.001362,172.31.46.0-255,66,110109,42,274949
12254,0.00138,74.125.130.0-255,4320,114429,42,274949
12255,0.001382,172.31.46.0-255,66,114495,42,274949
12256,0.001387,74.125.130.0-255,3053,117548,42,274949
12257,0.00139,172.31.46.0-255,66,117614,42,274949
12258,0.001475,74.125.130.0-255,1484,119098,42,274949
12259,0.00148,74.125.130.0-255,1484,120582,42,274949
12260,0.001482,172.31.46.0-255,66,120648,42,274949
12261,0.001501,74.125.130.0-255,1484,122132,42,274949
12262,0.001507,74.125.130.0-255,4320,126452,42,274949
12263,0.00151,172.31.46.0-255,66,126518,42,274949
12264,0.001527,74.125.130.0-255,1484,128002,42,274949
12265,0.001532,74.125.130.0-255,2902,130904,42,274949
12266,0.001535,172.31.46.0-255,66,130970,42,274949
12267,0.001557,74.125.130.0-255,2902,133872,42,274949
12268,0.00156,172.31.46.0-255,66,133938,42,274949
12269,0.00159,74.125.130.0-255,7156,141094,42,274949
12270,0.001593,172.31.46.0-255,66,141160,42,274949
12271,0.001605,172.31.46.0-255,66,141226,42,274949
12272,0.001608,74.125.130.0-255,766,141992,42,274949
12273,0.001657,172.31.46.0-255,101,142093,42,274949
12274,0.001694,74.125.130.0-255,1484,143577,42,274949
12275,0.001708,74.125.130.0-255,2902,146479,42,274949
12276,0.001711,172.31.46.0-255,66,146545,42,274949
12277,0.001714,74.125.130.0-255,1484,148029,42,274949
12278,0.001758,74.125.130.0-255,2902,150931,42,274949
12279,0.001761,172.31.46.0-255,66,150997,42,274949
12280,0.00178,74.125.130.0-255,2902,153899,42,274949
12281,0.001782,172.31.46.0-255,66,153965,42,274949
12282,0.001798,74.125.130.0-255,4320,158285,42,274949
12283,0.001801,172.31.46.0-255,66,158351,42,274949
12284,0.00182,74.125.130.0-255,7156,165507,42,274949
12285,0.001823,172.31.46.0-255,66,165573,42,274949
12286,0.001842,74.125.130.0-255,1484,167057,42,274949
12287,0.001857,172.31.46.0-255,66,167123,42,274949
12288,0.001879,74.125.130.0-255,2902,170025,42,274949
12289,0.001882,172.31.46.0-255,66,170091,42,274949
12290,0.001888,74.125.130.0-255,4320,174411,42,274949
12291,0.00189,172.31.46.0-255,66,174477,42,274949
12292,0.001904,74.125.130.0-255,4320,178797,42,274949
12293,0.001906,172.31.46.0-255,66,178863,42,274949
12294,0.001919,74.125.130.0-255,4320,183183,42,274949
12295,0.001922,172.31.46.0-255,66,183249,42,274949
12296,0.001959,74.125.130.0-255,4320,187569,42,274949
12297,0.001962,172.31.46.0-255,66,187635,42,274949
12298,0.001977,74.125.130.0-255,1484,189119,42,274949
12299,0.001984,74.125.130.0-255,7156,196275,42,274949
12300,0.001987,172.31.46.0-255,66,196341,42,274949
12301,0.001993,74.125.130.0-255,5020,201361,42,274949
12302,0.001996,172.31.46.0-255,66,201427,42,274949
12303,0.002085,74.125.130.0-255,1484,202911,42,274949
12304,0.002103,74.125.130.0-255,2902,205813,42,274949
12305,0.002106,172.31.46.0-255,66,205879,42,274949
12306,0.002112,74.125.130.0-255,2902,208781,42,274949
12307,0.002115,172.31.46.0-255,66,208847,42,274949
12308,0.00213,74.125.130.0-255,2902,211749,42,274949
12309,0.002133,172.31.46.0-255,66,211815,42,274949
12310,0.002137,74.125.130.0-255,2902,214717,42,274949
12311,0.002139,172.31.46.0-255,66,214783,42,274949
12312,0.002177,172.31.46.0-255,66,214849,42,274949
12313,0.002184,74.125.130.0-255,5738,220587,42,274949
12314,0.002186,172.31.46.0-255,66,220653,42,274949
12315,0.002279,74.125.130.0-255,4320,224973,42,274949
12316,0.002289,172.31.46.0-255,66,225039,42,274949
12317,0.002293,74.125.130.0-255,766,225805,42,274949
12318,0.002392,74.125.130.0-255,1484,227289,42,274949
12319,0.002407,74.125.130.0-255,2902,230191,42,274949
12320,0.002428,74.125.130.0-255,2902,233093,42,274949
12321,0.002442,74.125.130.0-255,1484,234577,42,274949
12322,0.002454,74.125.130.0-255,2902,237479,42,274949
12323,0.002495,74.125.130.0-255,2902,240381,42,274949
12324,0.00254,74.125.130.0-255,5738,246119,42,274949
12325,0.002556,74.125.130.0-255,5020,251139,42,274949
12326,0.004182,74.125.130.0-255,66,251205,42,274949
12327,0.008343,172.31.46.0-255,66,251271,42,274949
12328,0.008349,172.31.46.0-255,66,251337,42,274949
12329,0.008352,172.31.46.0-255,66,251403,42,274949
12330,0.008366,172.31.46.0-255,66,251469,42,274949
12331,0.008369,172.31.46.0-255,66,251535,42,274949
12332,0.008375,172.31.46.0-255,66,251601,42,274949
12333,0.008378,172.31.46.0-255,66,251667,42,274949
12334,0.008381,172.31.46.0-255,66,251733,42,274949
12335,0.010958,74.125.130.0-255,5738,257471,42,274949
12336,0.010971,172.31.46.0-255,66,257537,42,274949
12337,0.013532,74.125.130.0-255,5738,263275,42,274949
12338,0.013546,172.31.46.0-255,66,263341,42,274949
12339,0.016126,74.125.130.0-255,5738,269079,42,274949
12340,0.01614,172.31.46.0-255,66,269145,42,274949
12341,0.018704,74.125.130.0-255,5738,274883,42,274949
12342,0.018715,172.31.46.0-255,66,274949,42,274949
12343,0.0,74.125.130.0-255,146,146,42,204262
12344,2.2e-05,172.31.46.0-255,66,212,42,204262
12345,2.9e-05,74.125.130.0-255,1484,1696,42,204262
12346,3.4e-05,172.31.46.0-255,66,1762,42,204262
12347,4e-05,74.125.130.0-255,2902,4664,42,204262
12348,4.4e-05,172.31.46.0-255,66,4730,42,204262
12349,5e-05,74.125.130.0-255,4320,9050,42,204262
12350,5.3e-05,172.31.46.0-255,66,9116,42,204262
12351,8.6e-05,74.125.130.0-255,4911,14027,42,204262
12352,8.9e-05,172.31.46.0-255,66,14093,42,204262
12353,0.000143,74.125.130.0-255,1484,15577,42,204262
12354,0.000146,172.31.46.0-255,66,15643,42,204262
12355,0.000151,74.125.130.0-255,2902,18545,42,204262
12356,0.000153,172.31.46.0-255,66,18611,42,204262
12357,0.000175,74.125.130.0-255,5738,24349,42,204262
12358,0.000178,172.31.46.0-255,66,24415,42,204262
12359,0.000182,74.125.130.0-255,2902,27317,42,204262
12360,0.000184,172.31.46.0-255,66,27383,42,204262
12361,0.000206,74.125.130.0-255,3961,31344,42,204262
12362,0.000209,172.31.46.0-255,66,31410,42,204262
12363,0.00038,74.125.130.0-255,1484,32894,42,204262
12364,0.000384,172.31.46.0-255,66,32960,42,204262
12365,0.000391,74.125.130.0-255,2902,35862,42,204262
12366,0.000394,172.31.46.0-255,66,35928,42,204262
12367,0.000421,74.125.130.0-255,5738,41666,42,204262
12368,0.000424,172.31.46.0-255,66,41732,42,204262
12369,0.000444,74.125.130.0-255,2902,44634,42,204262
12370,0.000447,172.31.46.0-255,66,44700,42,204262
12371,0.000465,74.125.130.0-255,3961,48661,42,204262
12372,0.000468,172.31.46.0-255,66,48727,42,204262
12373,0.000475,74.125.130.0-255,7156,55883,42,204262
12374,0.000478,172.31.46.0-255,66,55949,42,204262
12375,0.00051,74.125.130.0-255,7156,63105,42,204262
12376,0.000513,172.31.46.0-255,66,63171,42,204262
12377,0.000533,74.125.130.0-255,2543,65714,42,204262
12378,0.000536,172.31.46.0-255,66,65780,42,204262
12379,0.000539,74.125.130.0-255,646,66426,42,204262
12380,0.00102,172.31.46.0-255,66,66492,42,204262
12381,0.001432,74.125.130.0-255,1484,67976,42,204262
12382,0.001444,74.125.130.0-255,2902,70878,42,204262
12383,0.001448,172.31.46.0-255,66,70944,42,204262
12384,0.001453,74.125.130.0-255,1484,72428,42,204262
12385,0.001458,74.125.130.0-255,2902,75330,42,204262
12386,0.00146,172.31.46.0-255,66,75396,42,204262
12387,0.001463,74.125.130.0-255,1484,76880,42,204262
12388,0.001489,74.125.130.0-255,4320,81200,42,204262
12389,0.001491,172.31.46.0-255,66,81266,42,204262
12390,0.001507,74.125.130.0-255,4320,85586,42,204262
12391,0.001509,172.31.46.0-255,66,85652,42,204262
12392,0.001538,172.31.46.0-255,66,85718,42,204262
12393,0.001552,74.125.130.0-255,2902,88620,42,204262
12394,0.001554,172.31.46.0-255,66,88686,42,204262
12395,0.001575,74.125.130.0-255,3602,92288,42,204262
12396,0.001577,172.31.46.0-255,66,92354,42,204262
12397,0.002016,74.125.130.0-255,1484,93838,42,204262
12398,0.002025,74.125.130.0-255,2902,96740,42,204262
12399,0.00203,172.31.46.0-255,66,96806,42,204262
12400,0.002036,74.125.130.0-255,2902,99708,42,204262
12401,0.002038,172.31.46.0-255,66,99774,42,204262
12402,0.002054,74.125.130.0-255,2902,102676,42,204262
12403,0.002056,172.31.46.0-255,66,102742,42,204262
12404,0.002061,74.125.130.0-255,2902,105644,42,204262
12405,0.002063,172.31.46.0-255,66,105710,42,204262
12406,0.002069,74.125.130.0-255,4320,110030,42,204262
12407,0.002071,172.31.46.0-255,66,110096,42,204262
12408,0.002104,172.31.46.0-255,66,110162,42,204262
12409,0.002109,74.125.130.0-255,2902,113064,42,204262
12410,0.002112,172.31.46.0-255,66,113130,42,204262
12411,0.002148,74.125.130.0-255,1484,114614,42,204262
12412,0.002169,74.125.130.0-255,3602,118216,42,204262
12413,0.002173,172.31.46.0-255,66,118282,42,204262
12414,0.002201,74.125.130.0-255,1484,119766,42,204262
12415,0.002204,74.125.130.0-255,1484,121250,42,204262
12416,0.002206,172.31.46.0-255,66,121316,42,204262
12417,0.002223,74.125.130.0-255,1484,122800,42,204262
12418,0.00224,74.125.130.0-255,5738,128538,42,204262
12419,0.002243,172.31.46.0-255,66,128604,42,204262
12420,0.002286,74.125.130.0-255,4320,132924,42,204262
12421,0.002289,172.31.46.0-255,66,132990,42,204262
12422,0.002316,172.31.46.0-255,66,133056,42,204262
12423,0.002334,74.125.130.0-255,1484,134540,42,204262
12424,0.002352,74.125.130.0-255,1484,136024,42,204262
12425,0.002355,172.31.46.0-255,66,136090,42,204262
12426,0.002383,172.31.46.0-255,66,136156,42,204262
12427,0.002401,74.125.130.0-255,2902,139058,42,204262
12428,0.002403,172.31.46.0-255,66,139124,42,204262
12429,0.00242,74.125.130.0-255,1484,140608,42,204262
12430,0.002432,74.125.130.0-255,2902,143510,42,204262
12431,0.002434,172.31.46.0-255,66,143576,42,204262
12432,0.002445,74.125.130.0-255,1484,145060,42,204262
12433,0.002467,74.125.130.0-255,7156,152216,42,204262
12434,0.002469,172.31.46.0-255,66,152282,42,204262
12435,0.002474,74.125.130.0-255,4320,156602,42,204262
12436,0.002477,172.31.46.0-255,66,156668,42,204262
12437,0.002492,74.125.130.0-255,2902,159570,42,204262
12438,0.002494,172.31.46.0-255,66,159636,42,204262
12439,0.002511,74.125.130.0-255,2902,162538,42,204262
12440,0.002514,172.31.46.0-255,66,162604,42,204262
12441,0.00252,74.125.130.0-255,5738,168342,42,204262
12442,0.002522,172.31.46.0-255,66,168408,42,204262
12443,0.002543,74.125.130.0-255,2184,170592,42,204262
12444,0.002545,172.31.46.0-255,66,170658,42,204262
12445,0.005104,74.125.130.0-255,2902,173560,42,204262
12446,0.005107,172.31.46.0-255,66,173626,42,204262
12447,0.005124,74.125.130.0-255,2902,176528,42,204262
12448,0.005126,172.31.46.0-255,66,176594,42,204262
12449,0.00771,74.125.130.0-255,5738,182332,42,204262
12450,0.007718,172.31.46.0-255,66,182398,42,204262
12451,0.010317,74.125.130.0-255,4320,186718,42,204262
12452,0.010325,172.31.46.0-255,66,186784,42,204262
12453,0.010342,74.125.130.0-255,1484,188268,42,204262
12454,0.012926,74.125.130.0-255,4320,192588,42,204262
12455,0.012937,172.31.46.0-255,66,192654,42,204262
12456,0.015551,74.125.130.0-255,5738,198392,42,204262
12457,0.01556,172.31.46.0-255,66,198458,42,204262
12458,0.018168,74.125.130.0-255,5738,204196,42,204262
12459,0.018177,172.31.46.0-255,66,204262,42,204262
12460,0.0,172.217.194.0-255,152,152,42,263278
12461,2e-05,172.31.46.0-255,66,218,42,263278
12462,2.6e-05,172.217.194.0-255,1484,1702,42,263278
12463,3e-05,172.31.46.0-255,66,1768,42,263278
12464,3.7e-05,172.217.194.0-255,2902,4670,42,263278
12465,4e-05,172.31.46.0-255,66,4736,42,263278
12466,4.7e-05,172.217.194.0-255,7156,11892,42,263278
12467,5e-05,172.31.46.0-255,66,11958,42,263278
12468,9e-05,172.31.46.0-255,66,12024,42,263278
12469,9.3e-05,172.217.194.0-255,1484,13508,42,263278
12470,9.5e-05,172.31.46.0-255,66,13574,42,263278
12471,0.000138,172.217.194.0-255,1125,14699,42,263278
12472,0.00014,172.31.46.0-255,66,14765,42,263278
12473,0.000156,172.217.194.0-255,1484,16249,42,263278
12474,0.000158,172.31.46.0-255,66,16315,42,263278
12475,0.000182,172.217.194.0-255,2902,19217,42,263278
12476,0.000184,172.31.46.0-255,66,19283,42,263278
12477,0.00019,172.217.194.0-255,5738,25021,42,263278
12478,0.000191,172.31.46.0-255,66,25087,42,263278
12479,0.000226,172.217.194.0-255,6797,31884,42,263278
12480,0.000229,172.31.46.0-255,66,31950,42,263278
12481,0.000234,172.217.194.0-255,4320,36270,42,263278
12482,0.000236,172.31.46.0-255,66,36336,42,263278
12483,0.000251,172.217.194.0-255,2902,39238,42,263278
12484,0.000253,172.31.46.0-255,66,39304,42,263278
12485,0.000304,172.31.46.0-255,66,39370,42,263278
12486,0.000306,172.217.194.0-255,365,39735,42,263278
12487,0.000308,172.31.46.0-255,66,39801,42,263278
12488,0.000603,172.217.194.0-255,1484,41285,42,263278
12489,0.000607,172.31.46.0-255,66,41351,42,263278
12490,0.000613,172.217.194.0-255,2902,44253,42,263278
12491,0.000619,172.217.194.0-255,5738,49991,42,263278
12492,0.000622,172.217.194.0-255,1484,51475,42,263278
12493,0.00063,172.31.46.0-255,66,51541,42,263278
12494,0.000646,172.217.194.0-255,4320,55861,42,263278
12495,0.000652,172.217.194.0-255,4320,60181,42,263278
12496,0.000661,172.31.46.0-255,66,60247,42,263278
12497,0.00069,172.217.194.0-255,5020,65267,42,263278
12498,0.000696,172.31.46.0-255,66,65333,42,263278
12499,0.000988,172.217.194.0-255,1484,66817,42,263278
12500,0.001001,172.217.194.0-255,2902,69719,42,263278
12501,0.001004,172.31.46.0-255,66,69785,42,263278
12502,0.001011,172.217.194.0-255,5738,75523,42,263278
12503,0.001026,172.31.46.0-255,66,75589,42,263278
12504,0.00104,172.217.194.0-255,7156,82745,42,263278
12505,0.00105,172.31.46.0-255,66,82811,42,263278
12506,0.001068,172.217.194.0-255,4320,87131,42,263278
12507,0.001072,172.31.46.0-255,66,87197,42,263278
12508,0.001082,172.217.194.0-255,1484,88681,42,263278
12509,0.001101,172.217.194.0-255,7156,95837,42,263278
12510,0.001106,172.31.46.0-255,66,95903,42,263278
12511,0.001114,172.217.194.0-255,3602,99505,42,263278
12512,0.001118,172.31.46.0-255,66,99571,42,263278
12513,0.001138,172.217.194.0-255,1484,101055,42,263278
12514,0.001165,172.217.194.0-255,2902,103957,42,263278
12515,0.001167,172.31.46.0-255,66,104023,42,263278
12516,0.001173,172.217.194.0-255,5738,109761,42,263278
12517,0.001185,172.217.194.0-255,1484,111245,42,263278
12518,0.001189,172.31.46.0-255,66,111311,42,263278
12519,0.001218,172.31.46.0-255,66,111377,42,263278
12520,0.001238,172.217.194.0-255,4320,115697,42,263278
12521,0.001244,172.31.46.0-255,66,115763,42,263278
12522,0.001264,172.217.194.0-255,6438,122201,42,263278
12523,0.001268,172.217.194.0-255,1484,123685,42,263278
12524,0.001274,172.31.46.0-255,66,123751,42,263278
12525,0.00129,172.31.46.0-255,66,123817,42,263278
12526,0.001299,172.217.194.0-255,1484,125301,42,263278
12527,0.00133,172.31.46.0-255,66,125367,42,263278
12528,0.001336,172.217.194.0-255,1484,126851,42,263278
12529,0.001362,172.31.46.0-255,66,126917,42,263278
12530,0.001442,172.217.194.0-255,1484,128401,42,263278
12531,0.001461,172.217.194.0-255,2902,131303,42,263278
12532,0.001466,172.31.46.0-255,66,131369,42,263278
12533,0.001475,172.217.194.0-255,1484,132853,42,263278
12534,0.001489,172.217.194.0-255,4320,137173,42,263278
12535,0.001519,172.217.194.0-255,1484,138657,42,263278
12536,0.001527,172.31.46.0-255,66,138723,42,263278
12537,0.001536,172.217.194.0-255,2902,141625,42,263278
12538,0.00157,172.31.46.0-255,66,141691,42,263278
12539,0.001651,172.217.194.0-255,1484,143175,42,263278
12540,0.001668,172.217.194.0-255,2902,146077,42,263278
12541,0.001674,172.217.194.0-255,5738,151815,42,263278
12542,0.001688,172.217.194.0-255,1484,153299,42,263278
12543,0.001693,172.31.46.0-255,66,153365,42,263278
12544,0.001704,172.217.194.0-255,4320,157685,42,263278
12545,0.001714,172.217.194.0-255,5738,163423,42,263278
12546,0.00172,172.31.46.0-255,66,163489,42,263278
12547,0.001734,172.217.194.0-255,7156,170645,42,263278
12548,0.00174,172.217.194.0-255,5020,175665,42,263278
12549,0.001763,172.31.46.0-255,66,175731,42,263278
12550,0.001811,172.217.194.0-255,1484,177215,42,263278
12551,0.001814,172.217.194.0-255,1484,178699,42,263278
12552,0.001825,172.217.194.0-255,1484,180183,42,263278
12553,0.001833,172.31.46.0-255,66,180249,42,263278
12554,0.001837,172.217.194.0-255,1484,181733,42,263278
12555,0.001855,172.217.194.0-255,4320,186053,42,263278
12556,0.001885,172.31.46.0-255,66,186119,42,263278
12557,0.001908,172.217.194.0-255,7156,193275,42,263278
12558,0.001914,172.31.46.0-255,66,193341,42,263278
12559,0.001936,172.217.194.0-255,6438,199779,42,263278
12560,0.001944,172.31.46.0-255,66,199845,42,263278
12561,0.001956,172.217.194.0-255,1484,201329,42,263278
12562,0.001968,172.217.194.0-255,2902,204231,42,263278
12563,0.001979,172.31.46.0-255,66,204297,42,263278
12564,0.001991,172.217.194.0-255,5738,210035,42,263278
12565,0.002013,172.217.194.0-255,4320,214355,42,263278
12566,0.002017,172.217.194.0-255,1484,215839,42,263278
12567,0.002023,172.31.46.0-255,66,215905,42,263278
12568,0.002053,172.217.194.0-255,5738,221643,42,263278
12569,0.002065,172.31.46.0-255,66,221709,42,263278
12570,0.002082,172.217.194.0-255,2184,223893,42,263278
12571,0.002097,172.217.194.0-255,4320,228213,42,263278
12572,0.002099,172.217.194.0-255,1484,229697,42,263278
12573,0.002104,172.217.194.0-255,4320,234017,42,263278
12574,0.00212,172.31.46.0-255,66,234083,42,263278
12575,0.002128,172.217.194.0-255,2902,236985,42,263278
12576,0.002132,172.31.46.0-255,66,237051,42,263278
12577,0.002151,172.217.194.0-255,2184,239235,42,263278
12578,0.00217,172.31.46.0-255,66,239301,42,263278
12579,0.002311,172.217.194.0-255,1484,240785,42,263278
12580,0.002317,172.217.194.0-255,2902,243687,42,263278
12581,0.002326,172.31.46.0-255,66,243753,42,263278
12582,0.002336,172.217.194.0-255,4320,248073,42,263278
12583,0.00235,172.217.194.0-255,2902,250975,42,263278
12584,0.002353,172.31.46.0-255,66,251041,42,263278
12585,0.002371,172.217.194.0-255,2902,253943,42,263278
12586,0.00239,172.217.194.0-255,5738,259681,42,263278
12587,0.002395,172.217.194.0-255,3123,262804,42,263278
12588,0.002427,172.31.46.0-255,66,262870,42,263278
12589,0.002432,172.31.46.0-255,66,262936,42,263278
12590,0.002439,172.217.194.0-255,105,263041,42,263278
12591,0.008044,172.31.46.0-255,66,263107,42,263278
12592,0.008076,172.31.46.0-255,105,263212,42,263278
12593,0.010121,172.217.194.0-255,66,263278,42,263278
12594,0.0,74.125.24.0-255,156,156,42,197806
12595,2.6e-05,172.31.46.0-255,66,222,42,197806
12596,3.3e-05,74.125.24.0-255,1484,1706,42,197806
12597,3.7e-05,172.31.46.0-255,66,1772,42,197806
12598,5.3e-05,74.125.24.0-255,2902,4674,42,197806
12599,5.7e-05,172.31.46.0-255,66,4740,42,197806
12600,6.7e-05,74.125.24.0-255,7156,11896,42,197806
12601,7.1e-05,172.31.46.0-255,66,11962,42,197806
12602,7.6e-05,74.125.24.0-255,3358,15320,42,197806
12603,7.8e-05,172.31.46.0-255,66,15386,42,197806
12604,9.2e-05,172.31.46.0-255,66,15452,42,197806
12605,9.7e-05,74.125.24.0-255,2543,17995,42,197806
12606,0.000101,172.31.46.0-255,66,18061,42,197806
12607,0.000313,74.125.24.0-255,1484,19545,42,197806
12608,0.000318,172.31.46.0-255,66,19611,42,197806
12609,0.000325,74.125.24.0-255,2902,22513,42,197806
12610,0.000328,172.31.46.0-255,66,22579,42,197806
12611,0.00034,74.125.24.0-255,5738,28317,42,197806
12612,0.000342,172.31.46.0-255,66,28383,42,197806
12613,0.000349,74.125.24.0-255,4320,32703,42,197806
12614,0.000351,172.31.46.0-255,66,32769,42,197806
12615,0.000358,74.125.24.0-255,5379,38148,42,197806
12616,0.00036,172.31.46.0-255,66,38214,42,197806
12617,0.000395,172.31.46.0-255,66,38280,42,197806
12618,0.0004,74.125.24.0-255,2543,40823,42,197806
12619,0.000403,172.31.46.0-255,66,40889,42,197806
12620,0.000948,74.125.24.0-255,647,41536,42,197806
12621,0.000952,172.31.46.0-255,66,41602,42,197806
12622,0.001094,74.125.24.0-255,1484,43086,42,197806
12623,0.001098,172.31.46.0-255,66,43152,42,197806
12624,0.001105,74.125.24.0-255,2902,46054,42,197806
12625,0.001106,172.31.46.0-255,66,46120,42,197806
12626,0.001128,74.125.24.0-255,1484,47604,42,197806
12627,0.001151,74.125.24.0-255,4320,51924,42,197806
12628,0.001153,172.31.46.0-255,66,51990,42,197806
12629,0.001165,172.31.46.0-255,66,52056,42,197806
12630,0.001169,74.125.24.0-255,2902,54958,42,197806
12631,0.001171,172.31.46.0-255,66,55024,42,197806
12632,0.001206,172.31.46.0-255,66,55090,42,197806
12633,0.001545,74.125.24.0-255,1484,56574,42,197806
12634,0.001553,74.125.24.0-255,2902,59476,42,197806
12635,0.001557,172.31.46.0-255,66,59542,42,197806
12636,0.001564,74.125.24.0-255,5738,65280,42,197806
12637,0.001565,172.31.46.0-255,66,65346,42,197806
12638,0.001602,172.31.46.0-255,66,65412,42,197806
12639,0.001639,172.31.46.0-255,66,65478,42,197806
12640,0.001681,74.125.24.0-255,1484,66962,42,197806
12641,0.001699,74.125.24.0-255,2902,69864,42,197806
12642,0.001702,172.31.46.0-255,66,69930,42,197806
12643,0.001705,74.125.24.0-255,1484,71414,42,197806
12644,0.001722,74.125.24.0-255,5738,77152,42,197806
12645,0.001725,172.31.46.0-255,66,77218,42,197806
12646,0.001756,172.31.46.0-255,66,77284,42,197806
12647,0.001779,74.125.24.0-255,2902,80186,42,197806
12648,0.001781,172.31.46.0-255,66,80252,42,197806
12649,0.001785,74.125.24.0-255,2902,83154,42,197806
12650,0.001787,172.31.46.0-255,66,83220,42,197806
12651,0.001814,74.125.24.0-255,2902,86122,42,197806
12652,0.001816,172.31.46.0-255,66,86188,42,197806
12653,0.00184,74.125.24.0-255,3602,89790,42,197806
12654,0.001842,172.31.46.0-255,66,89856,42,197806
12655,0.001912,74.125.24.0-255,1484,91340,42,197806
12656,0.001918,74.125.24.0-255,2902,94242,42,197806
12657,0.001921,172.31.46.0-255,66,94308,42,197806
12658,0.001953,74.125.24.0-255,5738,100046,42,197806
12659,0.001956,172.31.46.0-255,66,100112,42,197806
12660,0.00196,74.125.24.0-255,2902,103014,42,197806
12661,0.001962,172.31.46.0-255,66,103080,42,197806
12662,0.001986,74.125.24.0-255,7156,110236,42,197806
12663,0.001988,172.31.46.0-255,66,110302,42,197806
12664,0.002003,172.31.46.0-255,66,110368,42,197806
12665,0.002029,74.125.24.0-255,2184,112552,42,197806
12666,0.002032,172.31.46.0-255,66,112618,42,197806
12667,0.002123,74.125.24.0-255,1484,114102,42,197806
12668,0.002138,74.125.24.0-255,2902,117004,42,197806
12669,0.002141,172.31.46.0-255,66,117070,42,197806
12670,0.002145,74.125.24.0-255,2902,119972,42,197806
12671,0.002147,172.31.46.0-255,66,120038,42,197806
12672,0.002176,74.125.24.0-255,2902,122940,42,197806
12673,0.002179,172.31.46.0-255,66,123006,42,197806
12674,0.002185,74.125.24.0-255,5738,128744,42,197806
12675,0.002187,172.31.46.0-255,66,128810,42,197806
12676,0.002194,74.125.24.0-255,7156,135966,42,197806
12677,0.002196,172.31.46.0-255,66,136032,42,197806
12678,0.002219,74.125.24.0-255,4320,140352,42,197806
12679,0.002222,172.31.46.0-255,66,140418,42,197806
12680,0.002257,74.125.24.0-255,6438,146856,42,197806
12681,0.00226,172.31.46.0-255,66,146922,42,197806
12682,0.002311,74.125.24.0-255,1484,148406,42,197806
12683,0.002316,74.125.24.0-255,2902,151308,42,197806
12684,0.002319,172.31.46.0-255,66,151374,42,197806
12685,0.002348,74.125.24.0-255,5738,157112,42,197806
12686,0.00235,172.31.46.0-255,66,157178,42,197806
12687,0.004657,74.125.24.0-255,5738,162916,42,197806
12688,0.004664,172.31.46.0-255,66,162982,42,197806
12689,0.006985,74.125.24.0-255,5738,168720,42,197806
12690,0.006989,172.31.46.0-255,66,168786,42,197806
12691,0.009299,74.125.24.0-255,5738,174524,42,197806
12692,0.009305,172.31.46.0-255,66,174590,42,197806
12693,0.011637,74.125.24.0-255,5738,180328,42,197806
12694,0.011644,172.31.46.0-255,66,180394,42,197806
12695,0.013956,74.125.24.0-255,5738,186132,42,197806
12696,0.013963,172.31.46.0-255,66,186198,42,197806
12697,0.016268,74.125.24.0-255,5738,191936,42,197806
12698,0.016277,172.31.46.0-255,66,192002,42,197806
12699,0.018584,74.125.24.0-255,5738,197740,42,197806
12700,0.01859,172.31.46.0-255,66,197806,42,197806
12701,0.0,172.217.27.0-255,293,293,42,127530
12702,2.1e-05,172.31.46.0-255,66,359,42,127530
12703,2.8e-05,172.217.27.0-255,1484,1843,42,127530
12704,3.2e-05,172.31.46.0-255,66,1909,42,127530
12705,4.6e-05,172.217.27.0-255,4320,6229,42,127530
12706,5e-05,172.31.46.0-255,66,6295,42,127530
12707,7.7e-05,172.217.27.0-255,7156,13451,42,127530
12708,8e-05,172.31.46.0-255,66,13517,42,127530
12709,9.1e-05,172.217.27.0-255,1897,15414,42,127530
12710,9.8e-05,172.31.46.0-255,66,15480,42,127530
12711,0.000216,172.217.27.0-255,4320,19800,42,127530
12712,0.00022,172.31.46.0-255,66,19866,42,127530
12713,0.000237,172.217.27.0-255,2902,22768,42,127530
12714,0.000239,172.31.46.0-255,66,22834,42,127530
12715,0.000331,172.217.27.0-255,1484,24318,42,127530
12716,0.000335,172.31.46.0-255,66,24384,42,127530
12717,0.000363,172.217.27.0-255,6797,31181,42,127530
12718,0.000366,172.31.46.0-255,66,31247,42,127530
12719,0.000479,172.31.46.0-255,66,31313,42,127530
12720,0.000509,172.217.27.0-255,5738,37051,42,127530
12721,0.000512,172.31.46.0-255,66,37117,42,127530
12722,0.000712,172.31.46.0-255,66,37183,42,127530
12723,0.000746,172.31.46.0-255,66,37249,42,127530
12724,0.001009,172.217.27.0-255,385,37634,42,127530
12725,0.001013,172.31.46.0-255,66,37700,42,127530
12726,0.001035,172.217.27.0-255,1484,39184,42,127530
12727,0.001037,172.31.46.0-255,66,39250,42,127530
12728,0.001057,172.217.27.0-255,4320,43570,42,127530
12729,0.001059,172.31.46.0-255,66,43636,42,127530
12730,0.001124,172.217.27.0-255,4320,47956,42,127530
12731,0.001144,172.217.27.0-255,5738,53694,42,127530
12732,0.00129,172.217.27.0-255,4320,58014,42,127530
12733,0.001586,172.217.27.0-255,1484,59498,42,127530
12734,0.001603,172.217.27.0-255,2902,62400,42,127530
12735,0.001675,172.217.27.0-255,2902,65302,42,127530
12736,0.001694,172.217.27.0-255,2902,68204,42,127530
12737,0.001749,172.217.27.0-255,7156,75360,42,127530
12738,0.001772,172.217.27.0-255,5738,81098,42,127530
12739,0.002419,172.217.27.0-255,5738,86836,42,127530
12740,0.006539,172.31.46.0-255,66,86902,42,127530
12741,0.008195,172.217.27.0-255,5738,92640,42,127530
12742,0.008203,172.31.46.0-255,66,92706,42,127530
12743,0.009861,172.217.27.0-255,5738,98444,42,127530
12744,0.011101,172.31.46.0-255,66,98510,42,127530
12745,0.012762,172.217.27.0-255,5738,104248,42,127530
12746,0.012769,172.31.46.0-255,66,104314,42,127530
12747,0.014416,172.217.27.0-255,5738,110052,42,127530
12748,0.014421,172.31.46.0-255,66,110118,42,127530
12749,0.016071,172.217.27.0-255,5738,115856,42,127530
12750,0.016078,172.31.46.0-255,66,115922,42,127530
12751,0.017723,172.217.27.0-255,5738,121660,42,127530
12752,0.017729,172.31.46.0-255,66,121726,42,127530
12753,0.019381,172.217.27.0-255,5738,127464,42,127530
12754,0.019388,172.31.46.0-255,66,127530,42,127530
12755,0.0,172.217.194.0-255,153,153,42,201485
12756,2.3e-05,172.31.46.0-255,66,219,42,201485
12757,3e-05,172.217.194.0-255,1484,1703,42,201485
12758,3.4e-05,172.31.46.0-255,66,1769,42,201485
12759,3.9e-05,172.217.194.0-255,2902,4671,42,201485
12760,4.4e-05,172.31.46.0-255,66,4737,42,201485
12761,5.1e-05,172.217.194.0-255,7156,11893,42,201485
12762,5.5e-05,172.31.46.0-255,66,11959,42,201485
12763,5.9e-05,172.217.194.0-255,2093,14052,42,201485
12764,6.1e-05,172.31.46.0-255,66,14118,42,201485
12765,8.9e-05,172.217.194.0-255,2902,17020,42,201485
12766,9.3e-05,172.31.46.0-255,66,17086,42,201485
12767,0.000129,172.217.194.0-255,5738,22824,42,201485
12768,0.000132,172.31.46.0-255,66,22890,42,201485
12769,0.000149,172.217.194.0-255,1484,24374,42,201485
12770,0.000151,172.31.46.0-255,66,24440,42,201485
12771,0.000158,172.217.194.0-255,5738,30178,42,201485
12772,0.00016,172.31.46.0-255,66,30244,42,201485
12773,0.000163,172.217.194.0-255,1125,31369,42,201485
12774,0.000165,172.31.46.0-255,66,31435,42,201485
12775,0.0002,172.217.194.0-255,1484,32919,42,201485
12776,0.000203,172.31.46.0-255,66,32985,42,201485
12777,0.000209,172.217.194.0-255,4320,37305,42,201485
12778,0.000211,172.31.46.0-255,66,37371,42,201485
12779,0.000237,172.217.194.0-255,7156,44527,42,201485
12780,0.00024,172.31.46.0-255,66,44593,42,201485
12781,0.000272,172.31.46.0-255,66,44659,42,201485
12782,0.000277,172.217.194.0-255,3961,48620,42,201485
12783,0.000279,172.31.46.0-255,66,48686,42,201485
12784,0.000291,172.217.194.0-255,341,49027,42,201485
12785,0.000293,172.31.46.0-255,66,49093,42,201485
12786,0.000356,172.217.194.0-255,120,49213,42,201485
12787,0.000373,172.217.194.0-255,380,49593,42,201485
12788,0.000703,172.217.194.0-255,1484,51077,42,201485
12789,0.000709,172.31.46.0-255,66,51143,42,201485
12790,0.000726,172.217.194.0-255,2902,54045,42,201485
12791,0.000729,172.31.46.0-255,66,54111,42,201485
12792,0.000734,172.217.194.0-255,5738,59849,42,201485
12793,0.000737,172.31.46.0-255,66,59915,42,201485
12794,0.000759,172.31.46.0-255,66,59981,42,201485
12795,0.000786,172.217.194.0-255,2902,62883,42,201485
12796,0.000788,172.31.46.0-255,66,62949,42,201485
12797,0.000801,172.31.46.0-255,66,63015,42,201485
12798,0.000829,172.31.46.0-255,66,63081,42,201485
12799,0.00084,172.217.194.0-255,2902,65983,42,201485
12800,0.000843,172.31.46.0-255,66,66049,42,201485
12801,0.000854,172.31.46.0-255,66,66115,42,201485
12802,0.000895,172.217.194.0-255,7156,73271,42,201485
12803,0.000898,172.31.46.0-255,66,73337,42,201485
12804,0.000914,172.217.194.0-255,5020,78357,42,201485
12805,0.000917,172.31.46.0-255,66,78423,42,201485
12806,0.001141,172.217.194.0-255,1484,79907,42,201485
12807,0.001148,172.217.194.0-255,2902,82809,42,201485
12808,0.001151,172.31.46.0-255,66,82875,42,201485
12809,0.001157,172.217.194.0-255,5738,88613,42,201485
12810,0.001159,172.31.46.0-255,66,88679,42,201485
12811,0.001174,172.217.194.0-255,2902,91581,42,201485
12812,0.001176,172.31.46.0-255,66,91647,42,201485
12813,0.001198,172.31.46.0-255,66,91713,42,201485
12814,0.001209,172.31.46.0-255,66,91779,42,201485
12815,0.001225,172.217.194.0-255,766,92545,42,201485
12816,0.001578,172.217.194.0-255,1484,94029,42,201485
12817,0.001583,172.31.46.0-255,66,94095,42,201485
12818,0.001589,172.217.194.0-255,2902,96997,42,201485
12819,0.001591,172.31.46.0-255,66,97063,42,201485
12820,0.001607,172.217.194.0-255,5738,102801,42,201485
12821,0.00161,172.31.46.0-255,66,102867,42,201485
12822,0.001633,172.31.46.0-255,66,102933,42,201485
12823,0.001645,172.217.194.0-255,4320,107253,42,201485
12824,0.001647,172.31.46.0-255,66,107319,42,201485
12825,0.00166,172.31.46.0-255,66,107385,42,201485
12826,0.001924,172.217.194.0-255,1484,108869,42,201485
12827,0.00193,172.217.194.0-255,2902,111771,42,201485
12828,0.001933,172.31.46.0-255,66,111837,42,201485
12829,0.001937,172.217.194.0-255,1484,113321,42,201485
12830,0.001959,172.217.194.0-255,4320,117641,42,201485
12831,0.001961,172.31.46.0-255,66,117707,42,201485
12832,0.001968,172.217.194.0-255,7156,124863,42,201485
12833,0.00197,172.31.46.0-255,66,124929,42,201485
12834,0.002014,172.31.46.0-255,66,124995,42,201485
12835,0.002019,172.217.194.0-255,2184,127179,42,201485
12836,0.002021,172.31.46.0-255,66,127245,42,201485
12837,0.002039,172.217.194.0-255,1484,128729,42,201485
12838,0.002061,172.217.194.0-255,1484,130213,42,201485
12839,0.002063,172.31.46.0-255,66,130279,42,201485
12840,0.00207,172.217.194.0-255,4320,134599,42,201485
12841,0.002072,172.31.46.0-255,66,134665,42,201485
12842,0.002082,172.31.46.0-255,66,134731,42,201485
12843,0.002124,172.217.194.0-255,4320,139051,42,201485
12844,0.002128,172.31.46.0-255,66,139117,42,201485
12845,0.002159,172.31.46.0-255,66,139183,42,201485
12846,0.002205,172.217.194.0-255,1484,140667,42,201485
12847,0.002209,172.217.194.0-255,2902,143569,42,201485
12848,0.002212,172.31.46.0-255,66,143635,42,201485
12849,0.002218,172.217.194.0-255,5738,149373,42,201485
12850,0.00222,172.31.46.0-255,66,149439,42,201485
12851,0.002248,172.31.46.0-255,66,149505,42,201485
12852,0.002263,172.217.194.0-255,4320,153825,42,201485
12853,0.002265,172.31.46.0-255,66,153891,42,201485
12854,0.00227,172.217.194.0-255,2902,156793,42,201485
12855,0.002272,172.31.46.0-255,66,156859,42,201485
12856,0.002302,172.31.46.0-255,66,156925,42,201485
12857,0.002424,172.217.194.0-255,1484,158409,42,201485
12858,0.00243,172.217.194.0-255,2902,161311,42,201485
12859,0.002434,172.31.46.0-255,66,161377,42,201485
12860,0.00244,172.217.194.0-255,5738,167115,42,201485
12861,0.002443,172.31.46.0-255,66,167181,42,201485
12862,0.002485,172.31.46.0-255,66,167247,42,201485
12863,0.002495,172.31.46.0-255,66,167313,42,201485
12864,0.002516,172.217.194.0-255,766,168079,42,201485
12865,0.005025,172.217.194.0-255,4320,172399,42,201485
12866,0.005034,172.31.46.0-255,66,172465,42,201485
12867,0.007563,172.217.194.0-255,5738,178203,42,201485
12868,0.007568,172.31.46.0-255,66,178269,42,201485
12869,0.010091,172.217.194.0-255,5738,184007,42,201485
12870,0.0101,172.31.46.0-255,66,184073,42,201485
12871,0.012638,172.217.194.0-255,5738,189811,42,201485
12872,0.012649,172.31.46.0-255,66,189877,42,201485
12873,0.015186,172.217.194.0-255,5738,195615,42,201485
12874,0.0152,172.31.46.0-255,66,195681,42,201485
12875,0.017752,172.217.194.0-255,5738,201419,42,201485
12876,0.017767,172.31.46.0-255,66,201485,42,201485
12877,0.0,172.217.194.0-255,149,149,42,198020
12878,2.1e-05,172.31.46.0-255,66,215,42,198020
12879,2.8e-05,172.217.194.0-255,1484,1699,42,198020
12880,3.2e-05,172.31.46.0-255,66,1765,42,198020
12881,3.7e-05,172.217.194.0-255,2902,4667,42,198020
12882,3.9e-05,172.31.46.0-255,66,4733,42,198020
12883,4.6e-05,172.217.194.0-255,7156,11889,42,198020
12884,4.9e-05,172.31.46.0-255,66,11955,42,198020
12885,5.1e-05,172.217.194.0-255,1484,13439,42,198020
12886,5.3e-05,172.31.46.0-255,66,13505,42,198020
12887,9e-05,172.217.194.0-255,5738,19243,42,198020
12888,9.3e-05,172.31.46.0-255,66,19309,42,198020
12889,0.000115,172.217.194.0-255,3485,22794,42,198020
12890,0.000117,172.31.46.0-255,66,22860,42,198020
12891,0.000148,172.217.194.0-255,7156,30016,42,198020
12892,0.00015,172.31.46.0-255,66,30082,42,198020
12893,0.000168,172.217.194.0-255,1125,31207,42,198020
12894,0.00017,172.31.46.0-255,66,31273,42,198020
12895,0.000179,172.31.46.0-255,66,31339,42,198020
12896,0.000201,172.31.46.0-255,66,31405,42,198020
12897,0.000211,172.217.194.0-255,2543,33948,42,198020
12898,0.000213,172.31.46.0-255,66,34014,42,198020
12899,0.000235,172.217.194.0-255,4320,38334,42,198020
12900,0.000237,172.31.46.0-255,66,38400,42,198020
12901,0.000263,172.31.46.0-255,66,38466,42,198020
12902,0.000275,172.217.194.0-255,365,38831,42,198020
12903,0.000276,172.31.46.0-255,66,38897,42,198020
12904,0.000508,172.217.194.0-255,1484,40381,42,198020
12905,0.000513,172.31.46.0-255,66,40447,42,198020
12906,0.000518,172.217.194.0-255,2902,43349,42,198020
12907,0.00052,172.31.46.0-255,66,43415,42,198020
12908,0.000546,172.217.194.0-255,5738,49153,42,198020
12909,0.000548,172.31.46.0-255,66,49219,42,198020
12910,0.000554,172.217.194.0-255,5738,54957,42,198020
12911,0.000556,172.31.46.0-255,66,55023,42,198020
12912,0.000574,172.217.194.0-255,4320,59343,42,198020
12913,0.000576,172.31.46.0-255,66,59409,42,198020
12914,0.000595,172.31.46.0-255,66,59475,42,198020
12915,0.000635,172.217.194.0-255,1484,60959,42,198020
12916,0.000656,172.217.194.0-255,3602,64561,42,198020
12917,0.000659,172.31.46.0-255,66,64627,42,198020
12918,0.000928,172.217.194.0-255,1484,66111,42,198020
12919,0.000942,172.217.194.0-255,2902,69013,42,198020
12920,0.000945,172.31.46.0-255,66,69079,42,198020
12921,0.000952,172.217.194.0-255,5738,74817,42,198020
12922,0.000953,172.31.46.0-255,66,74883,42,198020
12923,0.000965,172.217.194.0-255,1484,76367,42,198020
12924,0.000991,172.31.46.0-255,66,76433,42,198020
12925,0.001031,172.217.194.0-255,4320,80753,42,198020
12926,0.001034,172.31.46.0-255,66,80819,42,198020
12927,0.001054,172.217.194.0-255,6438,87257,42,198020
12928,0.001056,172.31.46.0-255,66,87323,42,198020
12929,0.00115,172.31.46.0-255,101,87424,42,198020
12930,0.001445,172.217.194.0-255,1484,88908,42,198020
12931,0.001451,172.217.194.0-255,2902,91810,42,198020
12932,0.001454,172.31.46.0-255,66,91876,42,198020
12933,0.001522,172.217.194.0-255,5738,97614,42,198020
12934,0.00153,172.217.194.0-255,7156,104770,42,198020
12935,0.001548,172.31.46.0-255,66,104836,42,198020
12936,0.001586,172.217.194.0-255,2184,107020,42,198020
12937,0.00163,172.217.194.0-255,1484,108504,42,198020
12938,0.001634,172.217.194.0-255,2902,111406,42,198020
12939,0.001636,172.217.194.0-255,1484,112890,42,198020
12940,0.001653,172.217.194.0-255,4320,117210,42,198020
12941,0.001666,172.217.194.0-255,2902,120112,42,198020
12942,0.001726,172.217.194.0-255,5738,125850,42,198020
12943,0.001744,172.217.194.0-255,5020,130870,42,198020
12944,0.001775,172.217.194.0-255,5738,136608,42,198020
12945,0.001903,172.217.194.0-255,5738,142346,42,198020
12946,0.001921,172.217.194.0-255,2184,144530,42,198020
12947,0.001967,172.217.194.0-255,7156,151686,42,198020
12948,0.002259,172.217.194.0-255,4320,156006,42,198020
12949,0.003089,172.217.194.0-255,66,156072,42,198020
12950,0.005886,172.31.46.0-255,66,156138,42,198020
12951,0.005894,172.31.46.0-255,66,156204,42,198020
12952,0.005898,172.31.46.0-255,66,156270,42,198020
12953,0.00591,172.31.46.0-255,66,156336,42,198020
12954,0.005913,172.31.46.0-255,66,156402,42,198020
12955,0.005916,172.31.46.0-255,66,156468,42,198020
12956,0.005919,172.31.46.0-255,66,156534,42,198020
12957,0.005921,172.31.46.0-255,66,156600,42,198020
12958,0.005924,172.31.46.0-255,66,156666,42,198020
12959,0.005929,172.31.46.0-255,66,156732,42,198020
12960,0.005932,172.31.46.0-255,66,156798,42,198020
12961,0.005936,172.31.46.0-255,66,156864,42,198020
12962,0.005939,172.31.46.0-255,66,156930,42,198020
12963,0.005943,172.31.46.0-255,66,156996,42,198020
12964,0.005946,172.31.46.0-255,66,157062,42,198020
12965,0.005949,172.31.46.0-255,66,157128,42,198020
12966,0.005952,172.31.46.0-255,66,157194,42,198020
12967,0.005955,172.31.46.0-255,66,157260,42,198020
12968,0.005958,172.31.46.0-255,66,157326,42,198020
12969,0.005978,172.31.46.0-255,66,157392,42,198020
12970,0.007942,172.217.194.0-255,5738,163130,42,198020
12971,0.007949,172.31.46.0-255,66,163196,42,198020
12972,0.009908,172.217.194.0-255,5738,168934,42,198020
12973,0.009915,172.31.46.0-255,66,169000,42,198020
12974,0.011896,172.217.194.0-255,5738,174738,42,198020
12975,0.011904,172.31.46.0-255,66,174804,42,198020
12976,0.013883,172.217.194.0-255,5738,180542,42,198020
12977,0.013891,172.31.46.0-255,66,180608,42,198020
12978,0.015863,172.217.194.0-255,5738,186346,42,198020
12979,0.01587,172.31.46.0-255,66,186412,42,198020
12980,0.017842,172.217.194.0-255,5738,192150,42,198020
12981,0.01785,172.31.46.0-255,66,192216,42,198020
12982,0.019819,172.217.194.0-255,5738,197954,42,198020
12983,0.019826,172.31.46.0-255,66,198020,42,198020
12984,0.0,74.125.24.0-255,156,156,42,194602
12985,2.2e-05,172.31.46.0-255,66,222,42,194602
12986,2.9e-05,74.125.24.0-255,1484,1706,42,194602
12987,3.3e-05,172.31.46.0-255,66,1772,42,194602
12988,4.7e-05,74.125.24.0-255,2902,4674,42,194602
12989,5.1e-05,172.31.46.0-255,66,4740,42,194602
12990,5.9e-05,74.125.24.0-255,7156,11896,42,194602
12991,6.3e-05,172.31.46.0-255,66,11962,42,194602
12992,6.8e-05,74.125.24.0-255,2107,14069,42,194602
12993,7.2e-05,172.31.46.0-255,66,14135,42,194602
12994,0.000116,74.125.24.0-255,1484,15619,42,194602
12995,0.000119,172.31.46.0-255,66,15685,42,194602
12996,0.000125,74.125.24.0-255,2902,18587,42,194602
12997,0.000127,172.31.46.0-255,66,18653,42,194602
12998,0.000154,74.125.24.0-255,5738,24391,42,194602
12999,0.000157,172.31.46.0-255,66,24457,42,194602
13000,0.000163,74.125.24.0-255,4320,28777,42,194602
13001,0.000165,172.31.46.0-255,66,28843,42,194602
13002,0.000191,74.125.24.0-255,1484,30327,42,194602
13003,0.000193,172.31.46.0-255,66,30393,42,194602
13004,0.000197,74.125.24.0-255,1125,31518,42,194602
13005,0.000199,172.31.46.0-255,66,31584,42,194602
13006,0.000272,74.125.24.0-255,1484,33068,42,194602
13007,0.000275,172.31.46.0-255,66,33134,42,194602
13008,0.000288,74.125.24.0-255,2902,36036,42,194602
13009,0.000291,172.31.46.0-255,66,36102,42,194602
13010,0.000303,74.125.24.0-255,5738,41840,42,194602
13011,0.000306,172.31.46.0-255,66,41906,42,194602
13012,0.000312,74.125.24.0-255,5738,47644,42,194602
13013,0.000314,172.31.46.0-255,66,47710,42,194602
13014,0.000357,172.31.46.0-255,66,47776,42,194602
13015,0.00037,74.125.24.0-255,1125,48901,42,194602
13016,0.00038,74.125.24.0-255,4241,53142,42,194602
13017,0.000383,172.31.46.0-255,66,53208,42,194602
13018,0.000444,74.125.24.0-255,125,53333,42,194602
13019,0.000668,74.125.24.0-255,1484,54817,42,194602
13020,0.000675,172.31.46.0-255,66,54883,42,194602
13021,0.00068,74.125.24.0-255,2902,57785,42,194602
13022,0.000683,172.31.46.0-255,66,57851,42,194602
13023,0.000687,74.125.24.0-255,2902,60753,42,194602
13024,0.000695,172.31.46.0-255,66,60819,42,194602
13025,0.000702,74.125.24.0-255,7156,67975,42,194602
13026,0.000705,172.31.46.0-255,66,68041,42,194602
13027,0.000709,74.125.24.0-255,2902,70943,42,194602
13028,0.000712,172.31.46.0-255,66,71009,42,194602
13029,0.000761,172.31.46.0-255,66,71075,42,194602
13030,0.000765,74.125.24.0-255,2543,73618,42,194602
13031,0.000767,172.31.46.0-255,66,73684,42,194602
13032,0.001519,74.125.24.0-255,1484,75168,42,194602
13033,0.001529,74.125.24.0-255,2902,78070,42,194602
13034,0.001533,172.31.46.0-255,66,78136,42,194602
13035,0.001541,74.125.24.0-255,5738,83874,42,194602
13036,0.001543,172.31.46.0-255,66,83940,42,194602
13037,0.00158,74.125.24.0-255,5738,89678,42,194602
13038,0.001583,172.31.46.0-255,66,89744,42,194602
13039,0.001603,74.125.24.0-255,7156,96900,42,194602
13040,0.001606,172.31.46.0-255,66,96966,42,194602
13041,0.001645,172.31.46.0-255,66,97032,42,194602
13042,0.001667,74.125.24.0-255,1484,98516,42,194602
13043,0.001683,74.125.24.0-255,4320,102836,42,194602
13044,0.001686,172.31.46.0-255,66,102902,42,194602
13045,0.001694,74.125.24.0-255,7156,110058,42,194602
13046,0.001696,172.31.46.0-255,66,110124,42,194602
13047,0.001743,172.31.46.0-255,66,110190,42,194602
13048,0.001748,74.125.24.0-255,2902,113092,42,194602
13049,0.00177,172.31.46.0-255,66,113158,42,194602
13050,0.001776,74.125.24.0-255,3602,116760,42,194602
13051,0.001779,172.31.46.0-255,66,116826,42,194602
13052,0.001909,74.125.24.0-255,1484,118310,42,194602
13053,0.001913,74.125.24.0-255,1484,119794,42,194602
13054,0.001916,172.31.46.0-255,66,119860,42,194602
13055,0.001951,74.125.24.0-255,1484,121344,42,194602
13056,0.001958,74.125.24.0-255,5738,127082,42,194602
13057,0.00196,172.31.46.0-255,66,127148,42,194602
13058,0.001979,172.31.46.0-255,66,127214,42,194602
13059,0.00199,172.31.46.0-255,66,127280,42,194602
13060,0.002019,74.125.24.0-255,2184,129464,42,194602
13061,0.002023,172.31.46.0-255,66,129530,42,194602
13062,0.002108,74.125.24.0-255,1484,131014,42,194602
13063,0.002129,74.125.24.0-255,2902,133916,42,194602
13064,0.002133,172.31.46.0-255,66,133982,42,194602
13065,0.00214,74.125.24.0-255,5738,139720,42,194602
13066,0.002142,172.31.46.0-255,66,139786,42,194602
13067,0.002187,172.31.46.0-255,66,139852,42,194602
13068,0.00219,74.125.24.0-255,1484,141336,42,194602
13069,0.002227,74.125.24.0-255,766,142102,42,194602
13070,0.002232,172.31.46.0-255,66,142168,42,194602
13071,0.002256,74.125.24.0-255,1484,143652,42,194602
13072,0.002259,172.31.46.0-255,66,143718,42,194602
13073,0.002264,74.125.24.0-255,4320,148038,42,194602
13074,0.002267,172.31.46.0-255,66,148104,42,194602
13075,0.002305,172.31.46.0-255,66,148170,42,194602
13076,0.002321,74.125.24.0-255,5738,153908,42,194602
13077,0.002324,172.31.46.0-255,66,153974,42,194602
13078,0.004606,74.125.24.0-255,5738,159712,42,194602
13079,0.004643,172.31.46.0-255,66,159778,42,194602
13080,0.006911,74.125.24.0-255,5738,165516,42,194602
13081,0.006917,172.31.46.0-255,66,165582,42,194602
13082,0.009201,74.125.24.0-255,5738,171320,42,194602
13083,0.009206,172.31.46.0-255,66,171386,42,194602
13084,0.011492,74.125.24.0-255,5738,177124,42,194602
13085,0.011501,172.31.46.0-255,66,177190,42,194602
13086,0.013791,74.125.24.0-255,5738,182928,42,194602
13087,0.013806,172.31.46.0-255,66,182994,42,194602
13088,0.01608,74.125.24.0-255,5738,188732,42,194602
13089,0.016091,172.31.46.0-255,66,188798,42,194602
13090,0.018356,74.125.24.0-255,5738,194536,42,194602
13091,0.018367,172.31.46.0-255,66,194602,42,194602
13092,0.0,172.217.24.0-255,146,146,42,159820
13093,2.3e-05,172.31.46.0-255,66,212,42,159820
13094,3.1e-05,172.217.24.0-255,1484,1696,42,159820
13095,3.6e-05,172.31.46.0-255,66,1762,42,159820
13096,4.2e-05,172.217.24.0-255,2902,4664,42,159820
13097,4.4e-05,172.31.46.0-255,66,4730,42,159820
13098,5.2e-05,172.217.24.0-255,7156,11886,42,159820
13099,5.5e-05,172.31.46.0-255,66,11952,42,159820
13100,6e-05,172.217.24.0-255,2101,14053,42,159820
13101,6.4e-05,172.31.46.0-255,66,14119,42,159820
13102,6.9e-05,172.217.24.0-255,2902,17021,42,159820
13103,7.1e-05,172.31.46.0-255,66,17087,42,159820
13104,7.4e-05,172.217.24.0-255,1484,18571,42,159820
13105,7.6e-05,172.31.46.0-255,66,18637,42,159820
13106,8e-05,172.217.24.0-255,1484,20121,42,159820
13107,8.2e-05,172.31.46.0-255,66,20187,42,159820
13108,0.000108,172.217.24.0-255,1484,21671,42,159820
13109,0.000111,172.31.46.0-255,66,21737,42,159820
13110,0.000115,172.217.24.0-255,2902,24639,42,159820
13111,0.000118,172.31.46.0-255,66,24705,42,159820
13112,0.000121,172.217.24.0-255,1484,26189,42,159820
13113,0.000123,172.31.46.0-255,66,26255,42,159820
13114,0.000149,172.217.24.0-255,4320,30575,42,159820
13115,0.000152,172.31.46.0-255,66,30641,42,159820
13116,0.000177,172.217.24.0-255,1125,31766,42,159820
13117,0.000179,172.31.46.0-255,66,31832,42,159820
13118,0.000242,172.217.24.0-255,1484,33316,42,159820
13119,0.000245,172.31.46.0-255,66,33382,42,159820
13120,0.000251,172.217.24.0-255,2902,36284,42,159820
13121,0.000254,172.31.46.0-255,66,36350,42,159820
13122,0.000271,172.217.24.0-255,5738,42088,42,159820
13123,0.000274,172.31.46.0-255,66,42154,42,159820
13124,0.000299,172.217.24.0-255,6797,48951,42,159820
13125,0.000302,172.31.46.0-255,66,49017,42,159820
13126,0.000326,172.217.24.0-255,7156,56173,42,159820
13127,0.000329,172.31.46.0-255,66,56239,42,159820
13128,0.00037,172.31.46.0-255,66,56305,42,159820
13129,0.00125,172.217.24.0-255,387,56692,42,159820
13130,0.001465,172.217.24.0-255,1484,58176,42,159820
13131,0.001472,172.31.46.0-255,66,58242,42,159820
13132,0.001479,172.217.24.0-255,2902,61144,42,159820
13133,0.001481,172.31.46.0-255,66,61210,42,159820
13134,0.001485,172.217.24.0-255,1484,62694,42,159820
13135,0.001505,172.217.24.0-255,4320,67014,42,159820
13136,0.001507,172.31.46.0-255,66,67080,42,159820
13137,0.00151,172.217.24.0-255,1484,68564,42,159820
13138,0.001514,172.217.24.0-255,2902,71466,42,159820
13139,0.001516,172.31.46.0-255,66,71532,42,159820
13140,0.001539,172.217.24.0-255,3961,75493,42,159820
13141,0.001541,172.31.46.0-255,66,75559,42,159820
13142,0.001562,172.217.24.0-255,7156,82715,42,159820
13143,0.001564,172.31.46.0-255,66,82781,42,159820
13144,0.00157,172.217.24.0-255,4320,87101,42,159820
13145,0.001573,172.31.46.0-255,66,87167,42,159820
13146,0.001599,172.217.24.0-255,3961,91128,42,159820
13147,0.001601,172.31.46.0-255,66,91194,42,159820
13148,0.001886,172.217.24.0-255,1484,92678,42,159820
13149,0.001924,172.217.24.0-255,1484,94162,42,159820
13150,0.001929,172.31.46.0-255,66,94228,42,159820
13151,0.001936,172.217.24.0-255,2902,97130,42,159820
13152,0.001938,172.31.46.0-255,66,97196,42,159820
13153,0.001943,172.217.24.0-255,2902,100098,42,159820
13154,0.001945,172.31.46.0-255,66,100164,42,159820
13155,0.001973,172.217.24.0-255,2902,103066,42,159820
13156,0.001975,172.31.46.0-255,66,103132,42,159820
13157,0.00198,172.217.24.0-255,4320,107452,42,159820
13158,0.001982,172.31.46.0-255,66,107518,42,159820
13159,0.00392,172.217.24.0-255,1484,109002,42,159820
13160,0.003936,172.217.24.0-255,4320,113322,42,159820
13161,0.003939,172.31.46.0-255,66,113388,42,159820
13162,0.005874,172.217.24.0-255,5738,119126,42,159820
13163,0.005881,172.31.46.0-255,66,119192,42,159820
13164,0.007834,172.217.24.0-255,5738,124930,42,159820
13165,0.007843,172.31.46.0-255,66,124996,42,159820
13166,0.009796,172.217.24.0-255,5738,130734,42,159820
13167,0.009806,172.31.46.0-255,66,130800,42,159820
13168,0.011775,172.217.24.0-255,5738,136538,42,159820
13169,0.011794,172.31.46.0-255,66,136604,42,159820
13170,0.013739,172.217.24.0-255,5738,142342,42,159820
13171,0.013751,172.31.46.0-255,66,142408,42,159820
13172,0.015721,172.217.24.0-255,5738,148146,42,159820
13173,0.015739,172.31.46.0-255,66,148212,42,159820
13174,0.017689,172.217.24.0-255,5738,153950,42,159820
13175,0.017705,172.31.46.0-255,66,154016,42,159820
13176,0.019661,172.217.24.0-255,5738,159754,42,159820
13177,0.019675,172.31.46.0-255,66,159820,42,159820
13178,0.0,74.125.24.0-255,152,152,42,132528
13179,1.7e-05,172.31.46.0-255,66,218,42,132528
13180,2.4e-05,74.125.24.0-255,1484,1702,42,132528
13181,2.9e-05,172.31.46.0-255,66,1768,42,132528
13182,3.5e-05,74.125.24.0-255,2902,4670,42,132528
13183,3.9e-05,172.31.46.0-255,66,4736,42,132528
13184,4.5e-05,74.125.24.0-255,5738,10474,42,132528
13185,4.9e-05,172.31.46.0-255,66,10540,42,132528
13186,8.6e-05,74.125.24.0-255,3547,14087,42,132528
13187,8.9e-05,172.31.46.0-255,66,14153,42,132528
13188,0.00013,74.125.24.0-255,1484,15637,42,132528
13189,0.000133,172.31.46.0-255,66,15703,42,132528
13190,0.000146,74.125.24.0-255,2902,18605,42,132528
13191,0.000148,172.31.46.0-255,66,18671,42,132528
13192,0.000152,74.125.24.0-255,1484,20155,42,132528
13193,0.000154,172.31.46.0-255,66,20221,42,132528
13194,0.00017,74.125.24.0-255,4320,24541,42,132528
13195,0.000173,172.31.46.0-255,66,24607,42,132528
13196,0.000182,74.125.24.0-255,6797,31404,42,132528
13197,0.000184,172.31.46.0-255,66,31470,42,132528
13198,0.000216,74.125.24.0-255,7156,38626,42,132528
13199,0.000219,172.31.46.0-255,66,38692,42,132528
13200,0.000223,74.125.24.0-255,2902,41594,42,132528
13201,0.000225,172.31.46.0-255,66,41660,42,132528
13202,0.000252,74.125.24.0-255,4320,45980,42,132528
13203,0.000254,172.31.46.0-255,66,46046,42,132528
13204,0.000272,74.125.24.0-255,2543,48589,42,132528
13205,0.000274,172.31.46.0-255,66,48655,42,132528
13206,0.00088,74.125.24.0-255,1484,50139,42,132528
13207,0.000886,172.31.46.0-255,66,50205,42,132528
13208,0.000908,74.125.24.0-255,2902,53107,42,132528
13209,0.000911,172.31.46.0-255,66,53173,42,132528
13210,0.000918,74.125.24.0-255,5738,58911,42,132528
13211,0.000919,172.31.46.0-255,66,58977,42,132528
13212,0.000956,172.31.46.0-255,66,59043,42,132528
13213,0.000999,74.125.24.0-255,1484,60527,42,132528
13214,0.001004,74.125.24.0-255,2902,63429,42,132528
13215,0.001007,172.31.46.0-255,66,63495,42,132528
13216,0.001038,74.125.24.0-255,1484,64979,42,132528
13217,0.001053,74.125.24.0-255,4320,69299,42,132528
13218,0.001055,172.31.46.0-255,66,69365,42,132528
13219,0.001068,172.31.46.0-255,66,69431,42,132528
13220,0.001081,172.31.46.0-255,66,69497,42,132528
13221,0.001084,74.125.24.0-255,1125,70622,42,132528
13222,0.001435,172.31.46.0-255,66,70688,42,132528
13223,0.00216,74.125.24.0-255,1484,72172,42,132528
13224,0.002172,74.125.24.0-255,2902,75074,42,132528
13225,0.002177,172.31.46.0-255,66,75140,42,132528
13226,0.002185,74.125.24.0-255,5738,80878,42,132528
13227,0.002187,172.31.46.0-255,66,80944,42,132528
13228,0.002219,172.31.46.0-255,66,81010,42,132528
13229,0.002258,74.125.24.0-255,4320,85330,42,132528
13230,0.00226,172.31.46.0-255,66,85396,42,132528
13231,0.002284,74.125.24.0-255,6438,91834,42,132528
13232,0.002286,172.31.46.0-255,66,91900,42,132528
13233,0.004557,74.125.24.0-255,5738,97638,42,132528
13234,0.004563,172.31.46.0-255,66,97704,42,132528
13235,0.006847,74.125.24.0-255,5738,103442,42,132528
13236,0.006853,172.31.46.0-255,66,103508,42,132528
13237,0.009128,74.125.24.0-255,5738,109246,42,132528
13238,0.009135,172.31.46.0-255,66,109312,42,132528
13239,0.011417,74.125.24.0-255,5738,115050,42,132528
13240,0.011424,172.31.46.0-255,66,115116,42,132528
13241,0.013723,74.125.24.0-255,5738,120854,42,132528
13242,0.013736,172.31.46.0-255,66,120920,42,132528
13243,0.016029,74.125.24.0-255,5738,126658,42,132528
13244,0.016036,172.31.46.0-255,66,126724,42,132528
13245,0.018337,74.125.24.0-255,5738,132462,42,132528
13246,0.018344,172.31.46.0-255,66,132528,42,132528
13247,0.0,172.217.194.0-255,152,152,42,179565
13248,2.3e-05,172.31.46.0-255,66,218,42,179565
13249,3.1e-05,172.217.194.0-255,1484,1702,42,179565
13250,3.6e-05,172.31.46.0-255,66,1768,42,179565
13251,4.2e-05,172.217.194.0-255,2902,4670,42,179565
13252,4.4e-05,172.31.46.0-255,66,4736,42,179565
13253,5e-05,172.217.194.0-255,5738,10474,42,179565
13254,5.3e-05,172.31.46.0-255,66,10540,42,179565
13255,9.4e-05,172.31.46.0-255,66,10606,42,179565
13256,0.000118,172.217.194.0-255,6797,17403,42,179565
13257,0.00012,172.31.46.0-255,66,17469,42,179565
13258,0.00017,172.217.194.0-255,1484,18953,42,179565
13259,0.000174,172.31.46.0-255,66,19019,42,179565
13260,0.000178,172.217.194.0-255,1484,20503,42,179565
13261,0.00018,172.31.46.0-255,66,20569,42,179565
13262,0.000195,172.217.194.0-255,1484,22053,42,179565
13263,0.000197,172.31.46.0-255,66,22119,42,179565
13264,0.0002,172.217.194.0-255,1484,23603,42,179565
13265,0.000202,172.31.46.0-255,66,23669,42,179565
13266,0.000208,172.217.194.0-255,5738,29407,42,179565
13267,0.000211,172.31.46.0-255,66,29473,42,179565
13268,0.000232,172.217.194.0-255,7156,36629,42,179565
13269,0.000235,172.31.46.0-255,66,36695,42,179565
13270,0.000253,172.217.194.0-255,6797,43492,42,179565
13271,0.000255,172.31.46.0-255,66,43558,42,179565
13272,0.000266,172.31.46.0-255,66,43624,42,179565
13273,0.000268,172.217.194.0-255,378,44002,42,179565
13274,0.000271,172.31.46.0-255,66,44068,42,179565
13275,0.000732,172.217.194.0-255,100,44168,42,179565
13276,0.000739,172.31.46.0-255,66,44234,42,179565
13277,0.000773,172.217.194.0-255,1484,45718,42,179565
13278,0.000779,172.217.194.0-255,2902,48620,42,179565
13279,0.000782,172.31.46.0-255,66,48686,42,179565
13280,0.000797,172.217.194.0-255,1484,50170,42,179565
13281,0.000816,172.217.194.0-255,5738,55908,42,179565
13282,0.000818,172.31.46.0-255,66,55974,42,179565
13283,0.000826,172.217.194.0-255,5738,61712,42,179565
13284,0.000829,172.31.46.0-255,66,61778,42,179565
13285,0.00085,172.217.194.0-255,2902,64680,42,179565
13286,0.000853,172.31.46.0-255,66,64746,42,179565
13287,0.000867,172.217.194.0-255,5738,70484,42,179565
13288,0.00087,172.31.46.0-255,66,70550,42,179565
13289,0.000898,172.31.46.0-255,66,70616,42,179565
13290,0.001229,172.217.194.0-255,1484,72100,42,179565
13291,0.001236,172.217.194.0-255,2902,75002,42,179565
13292,0.00124,172.31.46.0-255,66,75068,42,179565
13293,0.001265,172.217.194.0-255,5738,80806,42,179565
13294,0.001269,172.31.46.0-255,66,80872,42,179565
13295,0.001279,172.31.46.0-255,66,80938,42,179565
13296,0.00134,172.31.46.0-255,66,81004,42,179565
13297,0.001347,172.217.194.0-255,5020,86024,42,179565
13298,0.001349,172.31.46.0-255,66,86090,42,179565
13299,0.001373,172.217.194.0-255,1484,87574,42,179565
13300,0.001392,172.217.194.0-255,2902,90476,42,179565
13301,0.001395,172.31.46.0-255,66,90542,42,179565
13302,0.001401,172.217.194.0-255,5738,96280,42,179565
13303,0.001404,172.31.46.0-255,66,96346,42,179565
13304,0.001406,172.217.194.0-255,1484,97830,42,179565
13305,0.001451,172.217.194.0-255,766,98596,42,179565
13306,0.001464,172.31.46.0-255,66,98662,42,179565
13307,0.001531,172.217.194.0-255,1484,100146,42,179565
13308,0.001545,172.217.194.0-255,2902,103048,42,179565
13309,0.001548,172.31.46.0-255,66,103114,42,179565
13310,0.001568,172.217.194.0-255,4320,107434,42,179565
13311,0.001582,172.217.194.0-255,1484,108918,42,179565
13312,0.001584,172.217.194.0-255,1484,110402,42,179565
13313,0.001588,172.217.194.0-255,2902,113304,42,179565
13314,0.001591,172.31.46.0-255,66,113370,42,179565
13315,0.001597,172.31.46.0-255,66,113436,42,179565
13316,0.001611,172.217.194.0-255,5738,119174,42,179565
13317,0.001626,172.31.46.0-255,66,119240,42,179565
13318,0.001663,172.31.46.0-255,66,119306,42,179565
13319,0.001865,172.217.194.0-255,1484,120790,42,179565
13320,0.00187,172.217.194.0-255,2902,123692,42,179565
13321,0.001874,172.31.46.0-255,66,123758,42,179565
13322,0.00188,172.217.194.0-255,5738,129496,42,179565
13323,0.001884,172.217.194.0-255,2902,132398,42,179565
13324,0.001898,172.31.46.0-255,66,132464,42,179565
13325,0.001909,172.217.194.0-255,5738,138202,42,179565
13326,0.001921,172.31.46.0-255,66,138268,42,179565
13327,0.00193,172.217.194.0-255,4320,142588,42,179565
13328,0.001934,172.31.46.0-255,66,142654,42,179565
13329,0.001973,172.217.194.0-255,5738,148392,42,179565
13330,0.001978,172.31.46.0-255,66,148458,42,179565
13331,0.001989,172.217.194.0-255,5738,154196,42,179565
13332,0.002015,172.217.194.0-255,2902,157098,42,179565
13333,0.002021,172.31.46.0-255,66,157164,42,179565
13334,0.002061,172.31.46.0-255,66,157230,42,179565
13335,0.002077,172.217.194.0-255,766,157996,42,179565
13336,0.002117,172.31.46.0-255,66,158062,42,179565
13337,0.002127,172.217.194.0-255,5738,163800,42,179565
13338,0.002131,172.31.46.0-255,66,163866,42,179565
13339,0.002156,172.217.194.0-255,1484,165350,42,179565
13340,0.002199,172.217.194.0-255,5738,171088,42,179565
13341,0.002242,172.31.46.0-255,66,171154,42,179565
13342,0.002307,172.217.194.0-255,766,171920,42,179565
13343,0.002325,172.31.46.0-255,66,171986,42,179565
13344,0.002328,172.217.194.0-255,1484,173470,42,179565
13345,0.002334,172.217.194.0-255,5687,179157,42,179565
13346,0.002342,172.31.46.0-255,66,179223,42,179565
13347,0.002358,172.217.194.0-255,105,179328,42,179565
13348,0.011572,172.31.46.0-255,66,179394,42,179565
13349,0.011617,172.31.46.0-255,105,179499,42,179565
13350,0.01415,172.217.194.0-255,66,179565,42,179565
13351,0.0,74.125.200.0-255,146,146,42,189736
13352,2.2e-05,172.31.46.0-255,66,212,42,189736
13353,2.9e-05,74.125.200.0-255,1484,1696,42,189736
13354,3.4e-05,172.31.46.0-255,66,1762,42,189736
13355,4.3e-05,74.125.200.0-255,2902,4664,42,189736
13356,5.5e-05,172.31.46.0-255,66,4730,42,189736
13357,6.3e-05,74.125.200.0-255,7156,11886,42,189736
13358,6.6e-05,172.31.46.0-255,66,11952,42,189736
13359,7.3e-05,74.125.200.0-255,5738,17690,42,189736
13360,7.6e-05,172.31.46.0-255,66,17756,42,189736
13361,0.000111,74.125.200.0-255,2042,19798,42,189736
13362,0.000113,172.31.46.0-255,66,19864,42,189736
13363,0.000131,172.31.46.0-255,66,19930,42,189736
13364,0.000134,74.125.200.0-255,1125,21055,42,189736
13365,0.000136,172.31.46.0-255,66,21121,42,189736
13366,0.000328,74.125.200.0-255,1484,22605,42,189736
13367,0.000333,172.31.46.0-255,66,22671,42,189736
13368,0.000339,74.125.200.0-255,2902,25573,42,189736
13369,0.000342,172.31.46.0-255,66,25639,42,189736
13370,0.000352,74.125.200.0-255,2902,28541,42,189736
13371,0.000354,172.31.46.0-255,66,28607,42,189736
13372,0.000357,74.125.200.0-255,1484,30091,42,189736
13373,0.000359,172.31.46.0-255,66,30157,42,189736
13374,0.000382,74.125.200.0-255,2902,33059,42,189736
13375,0.000384,172.31.46.0-255,66,33125,42,189736
13376,0.000387,74.125.200.0-255,1484,34609,42,189736
13377,0.000389,172.31.46.0-255,66,34675,42,189736
13378,0.000432,172.31.46.0-255,66,34741,42,189736
13379,0.000457,172.31.46.0-255,66,34807,42,189736
13380,0.000461,74.125.200.0-255,2817,37624,42,189736
13381,0.000464,172.31.46.0-255,66,37690,42,189736
13382,0.000808,74.125.200.0-255,132,37822,42,189736
13383,0.000815,172.31.46.0-255,66,37888,42,189736
13384,0.000986,74.125.200.0-255,1484,39372,42,189736
13385,0.00099,172.31.46.0-255,66,39438,42,189736
13386,0.001018,74.125.200.0-255,2902,42340,42,189736
13387,0.001021,172.31.46.0-255,66,42406,42,189736
13388,0.001027,74.125.200.0-255,4320,46726,42,189736
13389,0.001029,172.31.46.0-255,66,46792,42,189736
13390,0.00107,74.125.200.0-255,7156,53948,42,189736
13391,0.001072,172.31.46.0-255,66,54014,42,189736
13392,0.001117,74.125.200.0-255,5738,59752,42,189736
13393,0.00112,172.31.46.0-255,66,59818,42,189736
13394,0.001148,74.125.200.0-255,2543,62361,42,189736
13395,0.00115,172.31.46.0-255,66,62427,42,189736
13396,0.001153,74.125.200.0-255,1484,63911,42,189736
13397,0.001155,172.31.46.0-255,66,63977,42,189736
13398,0.001159,74.125.200.0-255,2902,66879,42,189736
13399,0.001161,172.31.46.0-255,66,66945,42,189736
13400,0.001167,74.125.200.0-255,5738,72683,42,189736
13401,0.00117,172.31.46.0-255,66,72749,42,189736
13402,0.001179,74.125.200.0-255,2902,75651,42,189736
13403,0.001181,172.31.46.0-255,66,75717,42,189736
13404,0.001219,74.125.200.0-255,4320,80037,42,189736
13405,0.001222,172.31.46.0-255,66,80103,42,189736
13406,0.001226,74.125.200.0-255,2902,83005,42,189736
13407,0.001228,172.31.46.0-255,66,83071,42,189736
13408,0.001259,74.125.200.0-255,2902,85973,42,189736
13409,0.001277,74.125.200.0-255,1484,87457,42,189736
13410,0.001286,172.31.46.0-255,66,87523,42,189736
13411,0.001295,74.125.200.0-255,2184,89707,42,189736
13412,0.001306,172.31.46.0-255,66,89773,42,189736
13413,0.001326,74.125.200.0-255,4320,94093,42,189736
13414,0.001336,172.31.46.0-255,66,94159,42,189736
13415,0.001365,74.125.200.0-255,5738,99897,42,189736
13416,0.001371,74.125.200.0-255,4320,104217,42,189736
13417,0.001381,172.31.46.0-255,66,104283,42,189736
13418,0.001385,74.125.200.0-255,2243,106526,42,189736
13419,0.00139,172.31.46.0-255,66,106592,42,189736
13420,0.001793,74.125.200.0-255,1484,108076,42,189736
13421,0.001798,74.125.200.0-255,1484,109560,42,189736
13422,0.001802,172.31.46.0-255,66,109626,42,189736
13423,0.001814,74.125.200.0-255,1484,111110,42,189736
13424,0.001818,74.125.200.0-255,2902,114012,42,189736
13425,0.001836,74.125.200.0-255,2902,116914,42,189736
13426,0.001841,74.125.200.0-255,4320,121234,42,189736
13427,0.001847,74.125.200.0-255,5738,126972,42,189736
13428,0.001861,172.31.46.0-255,66,127038,42,189736
13429,0.001892,74.125.200.0-255,2902,129940,42,189736
13430,0.001927,74.125.200.0-255,2902,132842,42,189736
13431,0.001934,172.31.46.0-255,66,132908,42,189736
13432,0.001957,74.125.200.0-255,1484,134392,42,189736
13433,0.001965,74.125.200.0-255,6438,140830,42,189736
13434,0.001973,172.31.46.0-255,66,140896,42,189736
13435,0.003972,74.125.200.0-255,5738,146634,42,189736
13436,0.003986,172.31.46.0-255,66,146700,42,189736
13437,0.005985,74.125.200.0-255,1484,148184,42,189736
13438,0.00599,172.31.46.0-255,66,148250,42,189736
13439,0.006028,74.125.200.0-255,4320,152570,42,189736
13440,0.006031,172.31.46.0-255,66,152636,42,189736
13441,0.007972,74.125.200.0-255,1484,154120,42,189736
13442,0.00798,172.31.46.0-255,66,154186,42,189736
13443,0.008016,74.125.200.0-255,4320,158506,42,189736
13444,0.008018,172.31.46.0-255,66,158572,42,189736
13445,0.009972,74.125.200.0-255,1484,160056,42,189736
13446,0.009984,172.31.46.0-255,66,160122,42,189736
13447,0.010023,74.125.200.0-255,4320,164442,42,189736
13448,0.010026,172.31.46.0-255,66,164508,42,189736
13449,0.011978,74.125.200.0-255,1484,165992,42,189736
13450,0.011987,172.31.46.0-255,66,166058,42,189736
13451,0.012019,74.125.200.0-255,4320,170378,42,189736
13452,0.012022,172.31.46.0-255,66,170444,42,189736
13453,0.013986,74.125.200.0-255,1484,171928,42,189736
13454,0.013994,172.31.46.0-255,66,171994,42,189736
13455,0.014029,74.125.200.0-255,4320,176314,42,189736
13456,0.014389,172.31.46.0-255,66,176380,42,189736
13457,0.015982,74.125.200.0-255,1484,177864,42,189736
13458,0.01599,172.31.46.0-255,66,177930,42,189736
13459,0.016395,74.125.200.0-255,4320,182250,42,189736
13460,0.016439,172.31.46.0-255,66,182316,42,189736
13461,0.017981,74.125.200.0-255,1484,183800,42,189736
13462,0.017989,172.31.46.0-255,66,183866,42,189736
13463,0.018436,74.125.200.0-255,4320,188186,42,189736
13464,0.018471,172.31.46.0-255,66,188252,42,189736
13465,0.019966,74.125.200.0-255,1484,189736,42,189736
13466,0.0,74.125.24.0-255,146,146,42,194819
13467,2.4e-05,172.31.46.0-255,66,212,42,194819
13468,3e-05,74.125.24.0-255,1484,1696,42,194819
13469,3.5e-05,172.31.46.0-255,66,1762,42,194819
13470,4.8e-05,74.125.24.0-255,2902,4664,42,194819
13471,5.1e-05,172.31.46.0-255,66,4730,42,194819
13472,5.9e-05,74.125.24.0-255,7156,11886,42,194819
13473,6.3e-05,172.31.46.0-255,66,11952,42,194819
13474,7.8e-05,172.31.46.0-255,66,12018,42,194819
13475,0.000117,172.31.46.0-255,66,12084,42,194819
13476,0.000301,74.125.24.0-255,1484,13568,42,194819
13477,0.000305,74.125.24.0-255,1484,15052,42,194819
13478,0.00031,172.31.46.0-255,66,15118,42,194819
13479,0.000319,172.31.46.0-255,66,15184,42,194819
13480,0.000323,74.125.24.0-255,1484,16668,42,194819
13481,0.000329,172.31.46.0-255,66,16734,42,194819
13482,0.000336,74.125.24.0-255,5738,22472,42,194819
13483,0.000339,172.31.46.0-255,66,22538,42,194819
13484,0.00037,74.125.24.0-255,4320,26858,42,194819
13485,0.000373,172.31.46.0-255,66,26924,42,194819
13486,0.000402,74.125.24.0-255,7156,34080,42,194819
13487,0.000405,172.31.46.0-255,66,34146,42,194819
13488,0.000422,172.31.46.0-255,66,34212,42,194819
13489,0.000445,74.125.24.0-255,357,34569,42,194819
13490,0.000448,172.31.46.0-255,66,34635,42,194819
13491,0.000451,74.125.24.0-255,386,35021,42,194819
13492,0.000452,172.31.46.0-255,66,35087,42,194819
13493,0.000575,74.125.24.0-255,1484,36571,42,194819
13494,0.000579,172.31.46.0-255,66,36637,42,194819
13495,0.000584,74.125.24.0-255,2902,39539,42,194819
13496,0.000589,74.125.24.0-255,2902,42441,42,194819
13497,0.000608,74.125.24.0-255,2902,45343,42,194819
13498,0.000614,74.125.24.0-255,5738,51081,42,194819
13499,0.000672,74.125.24.0-255,5020,56101,42,194819
13500,0.000704,172.31.46.0-255,66,56167,42,194819
13501,0.000711,74.125.24.0-255,5738,61905,42,194819
13502,0.000713,74.125.24.0-255,1484,63389,42,194819
13503,0.000736,74.125.24.0-255,2902,66291,42,194819
13504,0.000741,172.31.46.0-255,66,66357,42,194819
13505,0.00075,74.125.24.0-255,2902,69259,42,194819
13506,0.000797,74.125.24.0-255,2902,72161,42,194819
13507,0.000805,172.31.46.0-255,66,72227,42,194819
13508,0.000911,74.125.24.0-255,5738,77965,42,194819
13509,0.000945,172.31.46.0-255,66,78031,42,194819
13510,0.00107,74.125.24.0-255,1484,79515,42,194819
13511,0.001075,74.125.24.0-255,2902,82417,42,194819
13512,0.001081,74.125.24.0-255,5738,88155,42,194819
13513,0.001087,172.31.46.0-255,66,88221,42,194819
13514,0.001159,172.31.46.0-255,66,88287,42,194819
13515,0.001233,74.125.24.0-255,1484,89771,42,194819
13516,0.00124,74.125.24.0-255,2902,92673,42,194819
13517,0.001264,172.31.46.0-255,66,92739,42,194819
13518,0.001268,74.125.24.0-255,2902,95641,42,194819
13519,0.001274,172.31.46.0-255,66,95707,42,194819
13520,0.001293,74.125.24.0-255,2902,98609,42,194819
13521,0.001296,74.125.24.0-255,1484,100093,42,194819
13522,0.001314,74.125.24.0-255,2902,102995,42,194819
13523,0.00133,172.31.46.0-255,66,103061,42,194819
13524,0.001356,172.31.46.0-255,66,103127,42,194819
13525,0.001777,74.125.24.0-255,1484,104611,42,194819
13526,0.001783,74.125.24.0-255,2902,107513,42,194819
13527,0.0018,74.125.24.0-255,5738,113251,42,194819
13528,0.001819,74.125.24.0-255,5738,118989,42,194819
13529,0.001822,172.31.46.0-255,66,119055,42,194819
13530,0.00185,74.125.24.0-255,7156,126211,42,194819
13531,0.001854,172.31.46.0-255,66,126277,42,194819
13532,0.001904,74.125.24.0-255,2184,128461,42,194819
13533,0.001908,172.31.46.0-255,66,128527,42,194819
13534,0.001932,74.125.24.0-255,1484,130011,42,194819
13535,0.001946,74.125.24.0-255,2902,132913,42,194819
13536,0.001949,74.125.24.0-255,1484,134397,42,194819
13537,0.001966,74.125.24.0-255,4320,138717,42,194819
13538,0.001969,74.125.24.0-255,1484,140201,42,194819
13539,0.001982,74.125.24.0-255,2902,143103,42,194819
13540,0.001985,172.31.46.0-255,66,143169,42,194819
13541,0.00199,172.31.46.0-255,66,143235,42,194819
13542,0.002039,74.125.24.0-255,1484,144719,42,194819
13543,0.002064,172.31.46.0-255,66,144785,42,194819
13544,0.002105,74.125.24.0-255,4320,149105,42,194819
13545,0.002111,74.125.24.0-255,4320,153425,42,194819
13546,0.00213,172.31.46.0-255,66,153491,42,194819
13547,0.002152,74.125.24.0-255,6438,159929,42,194819
13548,0.002193,172.31.46.0-255,66,159995,42,194819
13549,0.004456,74.125.24.0-255,5738,165733,42,194819
13550,0.00447,172.31.46.0-255,66,165799,42,194819
13551,0.006698,74.125.24.0-255,5738,171537,42,194819
13552,0.009878,172.31.46.0-255,66,171603,42,194819
13553,0.012173,74.125.24.0-255,5738,177341,42,194819
13554,0.01219,172.31.46.0-255,66,177407,42,194819
13555,0.014455,74.125.24.0-255,5738,183145,42,194819
13556,0.014472,172.31.46.0-255,66,183211,42,194819
13557,0.01678,74.125.24.0-255,5738,188949,42,194819
13558,0.016796,172.31.46.0-255,66,189015,42,194819
13559,0.019055,74.125.24.0-255,5738,194753,42,194819
13560,0.01907,172.31.46.0-255,66,194819,42,194819
13561,0.0,74.125.68.0-255,151,151,42,200119
13562,1.8e-05,172.31.46.0-255,66,217,42,200119
13563,2.6e-05,74.125.68.0-255,1484,1701,42,200119
13564,3.1e-05,172.31.46.0-255,66,1767,42,200119
13565,3.6e-05,74.125.68.0-255,2902,4669,42,200119
13566,4e-05,172.31.46.0-255,66,4735,42,200119
13567,4.5e-05,74.125.68.0-255,2902,7637,42,200119
13568,4.8e-05,172.31.46.0-255,66,7703,42,200119
13569,7.1e-05,74.125.68.0-255,4320,12023,42,200119
13570,7.5e-05,172.31.46.0-255,66,12089,42,200119
13571,9.2e-05,74.125.68.0-255,1484,13573,42,200119
13572,9.4e-05,172.31.46.0-255,66,13639,42,200119
13573,0.00011,74.125.68.0-255,4946,18585,42,200119
13574,0.000113,172.31.46.0-255,66,18651,42,200119
13575,0.000117,74.125.68.0-255,2902,21553,42,200119
13576,0.00012,172.31.46.0-255,66,21619,42,200119
13577,0.000142,74.125.68.0-255,4320,25939,42,200119
13578,0.000145,172.31.46.0-255,66,26005,42,200119
13579,0.000149,74.125.68.0-255,2902,28907,42,200119
13580,0.000151,172.31.46.0-255,66,28973,42,200119
13581,0.000167,74.125.68.0-255,2543,31516,42,200119
13582,0.000169,172.31.46.0-255,66,31582,42,200119
13583,0.000276,74.125.68.0-255,1484,33066,42,200119
13584,0.000281,172.31.46.0-255,66,33132,42,200119
13585,0.000302,74.125.68.0-255,2902,36034,42,200119
13586,0.000305,172.31.46.0-255,66,36100,42,200119
13587,0.000311,74.125.68.0-255,4320,40420,42,200119
13588,0.000313,172.31.46.0-255,66,40486,42,200119
13589,0.000318,74.125.68.0-255,2902,43388,42,200119
13590,0.00032,172.31.46.0-255,66,43454,42,200119
13591,0.000335,74.125.68.0-255,2902,46356,42,200119
13592,0.000338,172.31.46.0-255,66,46422,42,200119
13593,0.000341,74.125.68.0-255,1484,47906,42,200119
13594,0.000381,74.125.68.0-255,4320,52226,42,200119
13595,0.000406,74.125.68.0-255,1484,53710,42,200119
13596,0.00047,74.125.68.0-255,2184,55894,42,200119
13597,0.000513,172.31.46.0-255,66,55960,42,200119
13598,0.000581,74.125.68.0-255,355,56315,42,200119
13599,0.000609,74.125.68.0-255,1484,57799,42,200119
13600,0.000621,172.31.46.0-255,66,57865,42,200119
13601,0.000628,74.125.68.0-255,4320,62185,42,200119
13602,0.000638,172.31.46.0-255,66,62251,42,200119
13603,0.000657,74.125.68.0-255,1484,63735,42,200119
13604,0.000681,74.125.68.0-255,7156,70891,42,200119
13605,0.000695,172.31.46.0-255,66,70957,42,200119
13606,0.000725,74.125.68.0-255,2285,73242,42,200119
13607,0.000742,172.31.46.0-255,66,73308,42,200119
13608,0.00081,74.125.68.0-255,1484,74792,42,200119
13609,0.000816,74.125.68.0-255,2902,77694,42,200119
13610,0.000834,172.31.46.0-255,66,77760,42,200119
13611,0.000848,74.125.68.0-255,2902,80662,42,200119
13612,0.00086,74.125.68.0-255,2902,83564,42,200119
13613,0.000866,74.125.68.0-255,5738,89302,42,200119
13614,0.000878,172.31.46.0-255,66,89368,42,200119
13615,0.000888,74.125.68.0-255,4320,93688,42,200119
13616,0.000897,172.31.46.0-255,66,93754,42,200119
13617,0.000905,74.125.68.0-255,7156,100910,42,200119
13618,0.00092,74.125.68.0-255,4320,105230,42,200119
13619,0.000925,74.125.68.0-255,2070,107300,42,200119
13620,0.000937,74.125.68.0-255,211,107511,42,200119
13621,0.000947,172.31.46.0-255,66,107577,42,200119
13622,0.001243,74.125.68.0-255,1484,109061,42,200119
13623,0.001265,74.125.68.0-255,2902,111963,42,200119
13624,0.001268,172.31.46.0-255,66,112029,42,200119
13625,0.001272,74.125.68.0-255,1484,113513,42,200119
13626,0.001276,74.125.68.0-255,2902,116415,42,200119
13627,0.001294,74.125.68.0-255,5738,122153,42,200119
13628,0.001306,172.31.46.0-255,66,122219,42,200119
13629,0.001321,74.125.68.0-255,2902,125121,42,200119
13630,0.001337,74.125.68.0-255,7156,132277,42,200119
13631,0.001352,172.31.46.0-255,66,132343,42,200119
13632,0.001402,172.31.46.0-255,66,132409,42,200119
13633,0.001769,74.125.68.0-255,1484,133893,42,200119
13634,0.001774,74.125.68.0-255,1484,135377,42,200119
13635,0.001777,172.31.46.0-255,66,135443,42,200119
13636,0.00179,74.125.68.0-255,1484,136927,42,200119
13637,0.001795,74.125.68.0-255,2902,139829,42,200119
13638,0.001806,74.125.68.0-255,2902,142731,42,200119
13639,0.001845,172.31.46.0-255,66,142797,42,200119
13640,0.001888,74.125.68.0-255,4320,147117,42,200119
13641,0.001892,172.31.46.0-255,66,147183,42,200119
13642,0.001916,74.125.68.0-255,6438,153621,42,200119
13643,0.001924,172.31.46.0-255,66,153687,42,200119
13644,0.003909,74.125.68.0-255,5738,159425,42,200119
13645,0.003916,172.31.46.0-255,66,159491,42,200119
13646,0.005901,74.125.68.0-255,5738,165229,42,200119
13647,0.005908,172.31.46.0-255,66,165295,42,200119
13648,0.007895,74.125.68.0-255,5738,171033,42,200119
13649,0.0079,172.31.46.0-255,66,171099,42,200119
13650,0.009899,74.125.68.0-255,5738,176837,42,200119
13651,0.009907,172.31.46.0-255,66,176903,42,200119
13652,0.011918,74.125.68.0-255,5738,182641,42,200119
13653,0.013746,172.31.46.0-255,66,182707,42,200119
13654,0.015749,74.125.68.0-255,5738,188445,42,200119
13655,0.01576,172.31.46.0-255,66,188511,42,200119
13656,0.017756,74.125.68.0-255,5738,194249,42,200119
13657,0.017764,172.31.46.0-255,66,194315,42,200119
13658,0.019744,74.125.68.0-255,5738,200053,42,200119
13659,0.019752,172.31.46.0-255,66,200119,42,200119
13660,0.0,74.125.24.0-255,146,146,42,246337
13661,1.5e-05,172.31.46.0-255,66,212,42,246337
13662,2.2e-05,74.125.24.0-255,1484,1696,42,246337
13663,2.6e-05,172.31.46.0-255,66,1762,42,246337
13664,4.3e-05,74.125.24.0-255,2902,4664,42,246337
13665,4.7e-05,172.31.46.0-255,66,4730,42,246337
13666,5.3e-05,74.125.24.0-255,4320,9050,42,246337
13667,5.6e-05,172.31.46.0-255,66,9116,42,246337
13668,8.5e-05,74.125.24.0-255,4911,14027,42,246337
13669,9.2e-05,172.31.46.0-255,66,14093,42,246337
13670,0.000141,74.125.24.0-255,4320,18413,42,246337
13671,0.000144,172.31.46.0-255,66,18479,42,246337
13672,0.000151,74.125.24.0-255,4320,22799,42,246337
13673,0.000153,172.31.46.0-255,66,22865,42,246337
13674,0.000185,74.125.24.0-255,1484,24349,42,246337
13675,0.000188,172.31.46.0-255,66,24415,42,246337
13676,0.000215,172.31.46.0-255,66,24481,42,246337
13677,0.000223,74.125.24.0-255,7156,31637,42,246337
13678,0.000226,172.31.46.0-255,66,31703,42,246337
13679,0.00025,74.125.24.0-255,4320,36023,42,246337
13680,0.000253,172.31.46.0-255,66,36089,42,246337
13681,0.000261,74.125.24.0-255,1125,37214,42,246337
13682,0.000263,172.31.46.0-255,66,37280,42,246337
13683,0.000503,74.125.24.0-255,1484,38764,42,246337
13684,0.000509,172.31.46.0-255,66,38830,42,246337
13685,0.000516,74.125.24.0-255,2902,41732,42,246337
13686,0.000519,172.31.46.0-255,66,41798,42,246337
13687,0.000529,74.125.24.0-255,5738,47536,42,246337
13688,0.000532,172.31.46.0-255,66,47602,42,246337
13689,0.000536,74.125.24.0-255,2902,50504,42,246337
13690,0.000539,172.31.46.0-255,66,50570,42,246337
13691,0.000563,74.125.24.0-255,2902,53472,42,246337
13692,0.00057,172.31.46.0-255,66,53538,42,246337
13693,0.000589,74.125.24.0-255,1737,55275,42,246337
13694,0.000591,172.31.46.0-255,66,55341,42,246337
13695,0.000755,74.125.24.0-255,1484,56825,42,246337
13696,0.000776,74.125.24.0-255,2902,59727,42,246337
13697,0.000781,172.31.46.0-255,66,59793,42,246337
13698,0.000788,74.125.24.0-255,5738,65531,42,246337
13699,0.000791,172.31.46.0-255,66,65597,42,246337
13700,0.000795,74.125.24.0-255,2902,68499,42,246337
13701,0.000802,172.31.46.0-255,66,68565,42,246337
13702,0.000834,74.125.24.0-255,2902,71467,42,246337
13703,0.000836,172.31.46.0-255,66,71533,42,246337
13704,0.000841,74.125.24.0-255,2902,74435,42,246337
13705,0.000844,172.31.46.0-255,66,74501,42,246337
13706,0.00088,74.125.24.0-255,3961,78462,42,246337
13707,0.000883,172.31.46.0-255,66,78528,42,246337
13708,0.00089,74.125.24.0-255,7156,85684,42,246337
13709,0.000892,172.31.46.0-255,66,85750,42,246337
13710,0.000902,74.125.24.0-255,3961,89711,42,246337
13711,0.000904,172.31.46.0-255,66,89777,42,246337
13712,0.0012,74.125.24.0-255,1484,91261,42,246337
13713,0.001207,74.125.24.0-255,2902,94163,42,246337
13714,0.00121,172.31.46.0-255,66,94229,42,246337
13715,0.001243,74.125.24.0-255,5738,99967,42,246337
13716,0.001246,172.31.46.0-255,66,100033,42,246337
13717,0.001251,74.125.24.0-255,4320,104353,42,246337
13718,0.001253,172.31.46.0-255,66,104419,42,246337
13719,0.001305,172.31.46.0-255,66,104485,42,246337
13720,0.001311,74.125.24.0-255,4320,108805,42,246337
13721,0.001314,172.31.46.0-255,66,108871,42,246337
13722,0.001343,74.125.24.0-255,6438,115309,42,246337
13723,0.001346,172.31.46.0-255,66,115375,42,246337
13724,0.001632,74.125.24.0-255,1484,116859,42,246337
13725,0.001639,74.125.24.0-255,2902,119761,42,246337
13726,0.001644,172.31.46.0-255,66,119827,42,246337
13727,0.00165,74.125.24.0-255,2902,122729,42,246337
13728,0.001652,172.31.46.0-255,66,122795,42,246337
13729,0.001677,74.125.24.0-255,2902,125697,42,246337
13730,0.00168,172.31.46.0-255,66,125763,42,246337
13731,0.001696,172.31.46.0-255,66,125829,42,246337
13732,0.001763,172.31.46.0-255,66,125895,42,246337
13733,0.001766,74.125.24.0-255,1484,127379,42,246337
13734,0.001771,74.125.24.0-255,2902,130281,42,246337
13735,0.001773,172.31.46.0-255,66,130347,42,246337
13736,0.001784,74.125.24.0-255,5738,136085,42,246337
13737,0.001787,172.31.46.0-255,66,136151,42,246337
13738,0.001827,172.31.46.0-255,66,136217,42,246337
13739,0.001941,74.125.24.0-255,5738,141955,42,246337
13740,0.001963,74.125.24.0-255,4320,146275,42,246337
13741,0.002016,74.125.24.0-255,4320,150595,42,246337
13742,0.00203,74.125.24.0-255,6438,157033,42,246337
13743,0.002246,74.125.24.0-255,1484,158517,42,246337
13744,0.002253,74.125.24.0-255,2902,161419,42,246337
13745,0.002289,74.125.24.0-255,5738,167157,42,246337
13746,0.002365,74.125.24.0-255,4320,171477,42,246337
13747,0.002387,74.125.24.0-255,6438,177915,42,246337
13748,0.002413,74.125.24.0-255,2902,180817,42,246337
13749,0.002416,74.125.24.0-255,1484,182301,42,246337
13750,0.002429,74.125.24.0-255,2902,185203,42,246337
13751,0.002443,74.125.24.0-255,5738,190941,42,246337
13752,0.002463,74.125.24.0-255,2902,193843,42,246337
13753,0.002507,74.125.24.0-255,4320,198163,42,246337
13754,0.002511,74.125.24.0-255,1484,199647,42,246337
13755,0.002526,74.125.24.0-255,3602,203249,42,246337
13756,0.002582,74.125.24.0-255,1484,204733,42,246337
13757,0.002585,74.125.24.0-255,1484,206217,42,246337
13758,0.00259,74.125.24.0-255,4320,210537,42,246337
13759,0.002608,74.125.24.0-255,4320,214857,42,246337
13760,0.002619,74.125.24.0-255,1484,216341,42,246337
13761,0.002651,74.125.24.0-255,1484,217825,42,246337
13762,0.002682,74.125.24.0-255,2902,220727,42,246337
13763,0.002693,74.125.24.0-255,1484,222211,42,246337
13764,0.002696,74.125.24.0-255,766,222977,42,246337
13765,0.002727,74.125.24.0-255,4320,227297,42,246337
13766,0.002743,74.125.24.0-255,2902,230199,42,246337
13767,0.002749,74.125.24.0-255,5738,235937,42,246337
13768,0.002752,74.125.24.0-255,1484,237421,42,246337
13769,0.00278,74.125.24.0-255,7156,244577,42,246337
13770,0.00279,74.125.24.0-255,1321,245898,42,246337
13771,0.002792,74.125.24.0-255,97,245995,42,246337
13772,0.002823,74.125.24.0-255,105,246100,42,246337
13773,0.00574,172.31.46.0-255,66,246166,42,246337
13774,0.008313,172.31.46.0-255,105,246271,42,246337
13775,0.010788,74.125.24.0-255,66,246337,42,246337
13776,0.0,74.125.68.0-255,297,297,42,223020
13777,1.5e-05,172.31.46.0-255,66,363,42,223020
13778,3.6e-05,74.125.68.0-255,1484,1847,42,223020
13779,4.1e-05,172.31.46.0-255,66,1913,42,223020
13780,4.7e-05,74.125.68.0-255,2902,4815,42,223020
13781,5.1e-05,172.31.46.0-255,66,4881,42,223020
13782,7.7e-05,74.125.68.0-255,5738,10619,42,223020
13783,8e-05,172.31.46.0-255,66,10685,42,223020
13784,0.000102,74.125.68.0-255,6141,16826,42,223020
13785,0.000105,172.31.46.0-255,66,16892,42,223020
13786,0.000108,74.125.68.0-255,2902,19794,42,223020
13787,0.000111,172.31.46.0-255,66,19860,42,223020
13788,0.00013,74.125.68.0-255,1484,21344,42,223020
13789,0.000133,172.31.46.0-255,66,21410,42,223020
13790,0.000151,74.125.68.0-255,2902,24312,42,223020
13791,0.000154,172.31.46.0-255,66,24378,42,223020
13792,0.000157,74.125.68.0-255,1484,25862,42,223020
13793,0.000159,172.31.46.0-255,66,25928,42,223020
13794,0.000178,74.125.68.0-255,5379,31307,42,223020
13795,0.00018,172.31.46.0-255,66,31373,42,223020
13796,0.000232,74.125.68.0-255,1484,32857,42,223020
13797,0.000235,172.31.46.0-255,66,32923,42,223020
13798,0.00025,74.125.68.0-255,2902,35825,42,223020
13799,0.000253,172.31.46.0-255,66,35891,42,223020
13800,0.000256,74.125.68.0-255,1484,37375,42,223020
13801,0.000257,172.31.46.0-255,66,37441,42,223020
13802,0.000285,74.125.68.0-255,2902,40343,42,223020
13803,0.000288,172.31.46.0-255,66,40409,42,223020
13804,0.000294,74.125.68.0-255,5738,46147,42,223020
13805,0.000297,172.31.46.0-255,66,46213,42,223020
13806,0.000311,74.125.68.0-255,1484,47697,42,223020
13807,0.000313,172.31.46.0-255,66,47763,42,223020
13808,0.000342,172.31.46.0-255,66,47829,42,223020
13809,0.000371,74.125.68.0-255,5738,53567,42,223020
13810,0.000374,172.31.46.0-255,66,53633,42,223020
13811,0.000394,74.125.68.0-255,3602,57235,42,223020
13812,0.000397,172.31.46.0-255,66,57301,42,223020
13813,0.000399,74.125.68.0-255,362,57663,42,223020
13814,0.00043,74.125.68.0-255,381,58044,42,223020
13815,0.000547,74.125.68.0-255,1484,59528,42,223020
13816,0.000551,172.31.46.0-255,66,59594,42,223020
13817,0.000571,74.125.68.0-255,2902,62496,42,223020
13818,0.000574,172.31.46.0-255,66,62562,42,223020
13819,0.000579,74.125.68.0-255,4320,66882,42,223020
13820,0.000582,172.31.46.0-255,66,66948,42,223020
13821,0.000599,74.125.68.0-255,4320,71268,42,223020
13822,0.000601,172.31.46.0-255,66,71334,42,223020
13823,0.00063,74.125.68.0-255,4320,75654,42,223020
13824,0.000633,172.31.46.0-255,66,75720,42,223020
13825,0.000639,74.125.68.0-255,5738,81458,42,223020
13826,0.000641,172.31.46.0-255,66,81524,42,223020
13827,0.000648,74.125.68.0-255,7156,88680,42,223020
13828,0.000651,172.31.46.0-255,66,88746,42,223020
13829,0.00069,74.125.68.0-255,1484,90230,42,223020
13830,0.000708,74.125.68.0-255,2184,92414,42,223020
13831,0.000711,172.31.46.0-255,66,92480,42,223020
13832,0.001345,74.125.68.0-255,1484,93964,42,223020
13833,0.001364,74.125.68.0-255,2902,96866,42,223020
13834,0.001368,172.31.46.0-255,66,96932,42,223020
13835,0.001374,74.125.68.0-255,4320,101252,42,223020
13836,0.001376,172.31.46.0-255,66,101318,42,223020
13837,0.001395,74.125.68.0-255,1484,102802,42,223020
13838,0.0014,74.125.68.0-255,2902,105704,42,223020
13839,0.001403,172.31.46.0-255,66,105770,42,223020
13840,0.001421,74.125.68.0-255,4320,110090,42,223020
13841,0.001423,172.31.46.0-255,66,110156,42,223020
13842,0.001445,74.125.68.0-255,7156,117312,42,223020
13843,0.001448,172.31.46.0-255,66,117378,42,223020
13844,0.001473,74.125.68.0-255,5738,123116,42,223020
13845,0.001476,172.31.46.0-255,66,123182,42,223020
13846,0.001495,74.125.68.0-255,2902,126084,42,223020
13847,0.001498,172.31.46.0-255,66,126150,42,223020
13848,0.001501,74.125.68.0-255,766,126916,42,223020
13849,0.001801,172.31.46.0-255,66,126982,42,223020
13850,0.001906,74.125.68.0-255,1484,128466,42,223020
13851,0.001927,74.125.68.0-255,2902,131368,42,223020
13852,0.00193,172.31.46.0-255,66,131434,42,223020
13853,0.001934,74.125.68.0-255,1484,132918,42,223020
13854,0.001947,74.125.68.0-255,1484,134402,42,223020
13855,0.001949,172.31.46.0-255,66,134468,42,223020
13856,0.001955,74.125.68.0-255,4320,138788,42,223020
13857,0.001957,172.31.46.0-255,66,138854,42,223020
13858,0.001983,172.31.46.0-255,66,138920,42,223020
13859,0.001987,74.125.68.0-255,2902,141822,42,223020
13860,0.001989,172.31.46.0-255,66,141888,42,223020
13861,0.002041,74.125.68.0-255,5738,147626,42,223020
13862,0.002044,172.31.46.0-255,66,147692,42,223020
13863,0.002068,172.31.46.0-255,66,147758,42,223020
13864,0.002071,74.125.68.0-255,1484,149242,42,223020
13865,0.002095,172.31.46.0-255,66,149308,42,223020
13866,0.0021,74.125.68.0-255,5738,155046,42,223020
13867,0.002102,172.31.46.0-255,66,155112,42,223020
13868,0.002141,74.125.68.0-255,5738,160850,42,223020
13869,0.002145,172.31.46.0-255,66,160916,42,223020
13870,0.002161,74.125.68.0-255,5020,165936,42,223020
13871,0.002163,172.31.46.0-255,66,166002,42,223020
13872,0.002475,74.125.68.0-255,1484,167486,42,223020
13873,0.002496,74.125.68.0-255,2902,170388,42,223020
13874,0.002499,172.31.46.0-255,66,170454,42,223020
13875,0.002505,74.125.68.0-255,4320,174774,42,223020
13876,0.002507,172.31.46.0-255,66,174840,42,223020
13877,0.00254,172.31.46.0-255,66,174906,42,223020
13878,0.002545,74.125.68.0-255,4320,179226,42,223020
13879,0.002547,172.31.46.0-255,66,179292,42,223020
13880,0.002551,74.125.68.0-255,2902,182194,42,223020
13881,0.002553,172.31.46.0-255,66,182260,42,223020
13882,0.002576,74.125.68.0-255,2902,185162,42,223020
13883,0.002578,172.31.46.0-255,66,185228,42,223020
13884,0.002582,74.125.68.0-255,2902,188130,42,223020
13885,0.002584,172.31.46.0-255,66,188196,42,223020
13886,0.005135,74.125.68.0-255,5738,193934,42,223020
13887,0.005142,172.31.46.0-255,66,194000,42,223020
13888,0.007697,74.125.68.0-255,5738,199738,42,223020
13889,0.007703,172.31.46.0-255,66,199804,42,223020
13890,0.010262,74.125.68.0-255,5738,205542,42,223020
13891,0.010268,172.31.46.0-255,66,205608,42,223020
13892,0.012825,74.125.68.0-255,5738,211346,42,223020
13893,0.012834,172.31.46.0-255,66,211412,42,223020
13894,0.015402,74.125.68.0-255,5738,217150,42,223020
13895,0.015409,172.31.46.0-255,66,217216,42,223020
13896,0.017997,74.125.68.0-255,5738,222954,42,223020
13897,0.018012,172.31.46.0-255,66,223020,42,223020
13898,0.0,172.217.194.0-255,294,294,42,98335
13899,1.5e-05,172.31.46.0-255,66,360,42,98335
13900,2.1e-05,172.217.194.0-255,1484,1844,42,98335
13901,2.5e-05,172.31.46.0-255,66,1910,42,98335
13902,3.2e-05,172.217.194.0-255,4320,6230,42,98335
13903,3.7e-05,172.31.46.0-255,66,6296,42,98335
13904,7.6e-05,172.31.46.0-255,66,6362,42,98335
13905,8.3e-05,172.217.194.0-255,7156,13518,42,98335
13906,8.5e-05,172.31.46.0-255,66,13584,42,98335
13907,0.000101,172.217.194.0-255,2902,16486,42,98335
13908,0.000103,172.31.46.0-255,66,16552,42,98335
13909,0.000134,172.31.46.0-255,66,16618,42,98335
13910,0.000155,172.217.194.0-255,7156,23774,42,98335
13911,0.000158,172.31.46.0-255,66,23840,42,98335
13912,0.00016,172.217.194.0-255,766,24606,42,98335
13913,0.000162,172.31.46.0-255,66,24672,42,98335
13914,0.00058,172.217.194.0-255,1484,26156,42,98335
13915,0.000585,172.31.46.0-255,66,26222,42,98335
13916,0.00059,172.217.194.0-255,2902,29124,42,98335
13917,0.000592,172.31.46.0-255,66,29190,42,98335
13918,0.000617,172.217.194.0-255,4320,33510,42,98335
13919,0.00062,172.31.46.0-255,66,33576,42,98335
13920,0.000631,172.217.194.0-255,5738,39314,42,98335
13921,0.000633,172.31.46.0-255,66,39380,42,98335
13922,0.000672,172.217.194.0-255,2853,42233,42,98335
13923,0.000674,172.31.46.0-255,66,42299,42,98335
13924,0.001543,172.217.194.0-255,1484,43783,42,98335
13925,0.001549,172.31.46.0-255,66,43849,42,98335
13926,0.001558,172.217.194.0-255,2902,46751,42,98335
13927,0.00156,172.31.46.0-255,66,46817,42,98335
13928,0.001563,172.217.194.0-255,1484,48301,42,98335
13929,0.00158,172.217.194.0-255,4320,52621,42,98335
13930,0.001611,172.217.194.0-255,1484,54105,42,98335
13931,0.001662,172.217.194.0-255,5738,59843,42,98335
13932,0.001682,172.217.194.0-255,3602,63445,42,98335
13933,0.005065,172.31.46.0-255,66,63511,42,98335
13934,0.007448,172.217.194.0-255,5738,69249,42,98335
13935,0.007455,172.31.46.0-255,66,69315,42,98335
13936,0.009825,172.217.194.0-255,5738,75053,42,98335
13937,0.009832,172.31.46.0-255,66,75119,42,98335
13938,0.012252,172.217.194.0-255,5738,80857,42,98335
13939,0.012262,172.31.46.0-255,66,80923,42,98335
13940,0.014601,172.217.194.0-255,5738,86661,42,98335
13941,0.01461,172.31.46.0-255,66,86727,42,98335
13942,0.016983,172.217.194.0-255,5738,92465,42,98335
13943,0.016991,172.31.46.0-255,66,92531,42,98335
13944,0.019342,172.217.194.0-255,5738,98269,42,98335
13945,0.019348,172.31.46.0-255,66,98335,42,98335
13946,0.0,74.125.130.0-255,149,149,42,144424
13947,1.9e-05,172.31.46.0-255,66,215,42,144424
13948,2.6e-05,74.125.130.0-255,1484,1699,42,144424
13949,3.1e-05,172.31.46.0-255,66,1765,42,144424
13950,3.7e-05,74.125.130.0-255,2902,4667,42,144424
13951,4e-05,172.31.46.0-255,66,4733,42,144424
13952,7.1e-05,74.125.130.0-255,5738,10471,42,144424
13953,7.4e-05,172.31.46.0-255,66,10537,42,144424
13954,0.000112,74.125.130.0-255,6258,16795,42,144424
13955,0.000115,172.31.46.0-255,66,16861,42,144424
13956,0.00012,74.125.130.0-255,2902,19763,42,144424
13957,0.000122,172.31.46.0-255,66,19829,42,144424
13958,0.000172,74.125.130.0-255,4320,24149,42,144424
13959,0.000176,172.31.46.0-255,66,24215,42,144424
13960,0.000217,74.125.130.0-255,5738,29953,42,144424
13961,0.000221,172.31.46.0-255,66,30019,42,144424
13962,0.000261,74.125.130.0-255,1125,31144,42,144424
13963,0.000264,172.31.46.0-255,66,31210,42,144424
13964,0.000539,74.125.130.0-255,1484,32694,42,144424
13965,0.000546,172.31.46.0-255,66,32760,42,144424
13966,0.000577,74.125.130.0-255,2902,35662,42,144424
13967,0.000581,172.31.46.0-255,66,35728,42,144424
13968,0.000597,74.125.130.0-255,1484,37212,42,144424
13969,0.0006,172.31.46.0-255,66,37278,42,144424
13970,0.000618,74.125.130.0-255,2902,40180,42,144424
13971,0.000621,172.31.46.0-255,66,40246,42,144424
13972,0.000626,74.125.130.0-255,2902,43148,42,144424
13973,0.000628,172.31.46.0-255,66,43214,42,144424
13974,0.000652,74.125.130.0-255,4320,47534,42,144424
13975,0.000655,172.31.46.0-255,66,47600,42,144424
13976,0.000658,74.125.130.0-255,1125,48725,42,144424
13977,0.000659,172.31.46.0-255,66,48791,42,144424
13978,0.000682,74.125.130.0-255,1484,50275,42,144424
13979,0.000724,74.125.130.0-255,4320,54595,42,144424
13980,0.000727,172.31.46.0-255,66,54661,42,144424
13981,0.000732,74.125.130.0-255,2902,57563,42,144424
13982,0.000734,172.31.46.0-255,66,57629,42,144424
13983,0.00074,74.125.130.0-255,4320,61949,42,144424
13984,0.000742,172.31.46.0-255,66,62015,42,144424
13985,0.000795,74.125.130.0-255,1484,63499,42,144424
13986,0.000817,74.125.130.0-255,2833,66332,42,144424
13987,0.00082,172.31.46.0-255,66,66398,42,144424
13988,0.001068,74.125.130.0-255,364,66762,42,144424
13989,0.001461,172.31.46.0-255,66,66828,42,144424
13990,0.001874,74.125.130.0-255,1484,68312,42,144424
13991,0.001906,74.125.130.0-255,2902,71214,42,144424
13992,0.001911,172.31.46.0-255,66,71280,42,144424
13993,0.001919,74.125.130.0-255,5738,77018,42,144424
13994,0.001921,172.31.46.0-255,66,77084,42,144424
13995,0.001924,74.125.130.0-255,1484,78568,42,144424
13996,0.001947,74.125.130.0-255,2902,81470,42,144424
13997,0.001949,172.31.46.0-255,66,81536,42,144424
13998,0.001968,74.125.130.0-255,5738,87274,42,144424
13999,0.001971,172.31.46.0-255,66,87340,42,144424
14000,0.001974,74.125.130.0-255,1484,88824,42,144424
14001,0.001987,74.125.130.0-255,1484,90308,42,144424
14002,0.001989,172.31.46.0-255,66,90374,42,144424
14003,0.002001,74.125.130.0-255,1484,91858,42,144424
14004,0.002004,74.125.130.0-255,1484,93342,42,144424
14005,0.002006,172.31.46.0-255,66,93408,42,144424
14006,0.00204,74.125.130.0-255,4320,97728,42,144424
14007,0.002043,172.31.46.0-255,66,97794,42,144424
14008,0.002046,74.125.130.0-255,1484,99278,42,144424
14009,0.004052,74.125.130.0-255,4320,103598,42,144424
14010,0.00406,172.31.46.0-255,66,103664,42,144424
14011,0.006061,74.125.130.0-255,2902,106566,42,144424
14012,0.006065,172.31.46.0-255,66,106632,42,144424
14013,0.00608,74.125.130.0-255,2902,109534,42,144424
14014,0.006084,172.31.46.0-255,66,109600,42,144424
14015,0.008089,74.125.130.0-255,5738,115338,42,144424
14016,0.0081,172.31.46.0-255,66,115404,42,144424
14017,0.010149,74.125.130.0-255,5738,121142,42,144424
14018,0.010158,172.31.46.0-255,66,121208,42,144424
14019,0.012175,74.125.130.0-255,5738,126946,42,144424
14020,0.012185,172.31.46.0-255,66,127012,42,144424
14021,0.01423,74.125.130.0-255,5738,132750,42,144424
14022,0.014272,172.31.46.0-255,66,132816,42,144424
14023,0.01629,74.125.130.0-255,5738,138554,42,144424
14024,0.016303,172.31.46.0-255,66,138620,42,144424
14025,0.018328,74.125.130.0-255,5738,144358,42,144424
14026,0.018345,172.31.46.0-255,66,144424,42,144424
14027,0.0,74.125.68.0-255,150,150,42,251706
14028,2.9e-05,172.31.46.0-255,66,216,42,251706
14029,3.7e-05,74.125.68.0-255,1484,1700,42,251706
14030,4.2e-05,172.31.46.0-255,66,1766,42,251706
14031,4.5e-05,74.125.68.0-255,1484,3250,42,251706
14032,5.5e-05,172.31.46.0-255,66,3316,42,251706
14033,6e-05,74.125.68.0-255,2902,6218,42,251706
14034,6.3e-05,172.31.46.0-255,66,6284,42,251706
14035,7e-05,74.125.68.0-255,5738,12022,42,251706
14036,7.2e-05,172.31.46.0-255,66,12088,42,251706
14037,7.5e-05,74.125.68.0-255,1484,13572,42,251706
14038,7.7e-05,172.31.46.0-255,66,13638,42,251706
14039,0.000114,74.125.68.0-255,1994,15632,42,251706
14040,0.000118,172.31.46.0-255,66,15698,42,251706
14041,0.000159,74.125.68.0-255,5738,21436,42,251706
14042,0.000162,172.31.46.0-255,66,21502,42,251706
14043,0.000193,74.125.68.0-255,7156,28658,42,251706
14044,0.000196,172.31.46.0-255,66,28724,42,251706
14045,0.0002,74.125.68.0-255,2543,31267,42,251706
14046,0.000202,172.31.46.0-255,66,31333,42,251706
14047,0.000346,74.125.68.0-255,1484,32817,42,251706
14048,0.000351,172.31.46.0-255,66,32883,42,251706
14049,0.000375,74.125.68.0-255,2902,35785,42,251706
14050,0.000378,172.31.46.0-255,66,35851,42,251706
14051,0.000384,74.125.68.0-255,4320,40171,42,251706
14052,0.000386,172.31.46.0-255,66,40237,42,251706
14053,0.000417,74.125.68.0-255,1484,41721,42,251706
14054,0.00042,172.31.46.0-255,66,41787,42,251706
14055,0.000426,74.125.68.0-255,4320,46107,42,251706
14056,0.000428,172.31.46.0-255,66,46173,42,251706
14057,0.000434,74.125.68.0-255,5738,51911,42,251706
14058,0.00045,74.125.68.0-255,2184,54095,42,251706
14059,0.000478,172.31.46.0-255,66,54161,42,251706
14060,0.00048,172.31.46.0-255,66,54227,42,251706
14061,0.000481,172.31.46.0-255,66,54293,42,251706
14062,0.000497,74.125.68.0-255,646,54939,42,251706
14063,0.00053,74.125.68.0-255,1484,56423,42,251706
14064,0.000533,172.31.46.0-255,66,56489,42,251706
14065,0.000536,74.125.68.0-255,1484,57973,42,251706
14066,0.00056,74.125.68.0-255,2902,60875,42,251706
14067,0.000562,172.31.46.0-255,66,60941,42,251706
14068,0.000596,74.125.68.0-255,1484,62425,42,251706
14069,0.000614,74.125.68.0-255,2902,65327,42,251706
14070,0.000617,172.31.46.0-255,66,65393,42,251706
14071,0.000622,74.125.68.0-255,2902,68295,42,251706
14072,0.000624,172.31.46.0-255,66,68361,42,251706
14073,0.000645,74.125.68.0-255,2902,71263,42,251706
14074,0.000647,172.31.46.0-255,66,71329,42,251706
14075,0.000662,172.31.46.0-255,66,71395,42,251706
14076,0.000704,172.31.46.0-255,66,71461,42,251706
14077,0.000953,74.125.68.0-255,1484,72945,42,251706
14078,0.000961,74.125.68.0-255,2902,75847,42,251706
14079,0.000964,172.31.46.0-255,66,75913,42,251706
14080,0.000971,74.125.68.0-255,5738,81651,42,251706
14081,0.000974,172.31.46.0-255,66,81717,42,251706
14082,0.001004,74.125.68.0-255,2902,84619,42,251706
14083,0.001008,172.31.46.0-255,66,84685,42,251706
14084,0.001043,172.31.46.0-255,66,84751,42,251706
14085,0.001048,74.125.68.0-255,4320,89071,42,251706
14086,0.00105,172.31.46.0-255,66,89137,42,251706
14087,0.001085,172.31.46.0-255,66,89203,42,251706
14088,0.001191,74.125.68.0-255,1484,90687,42,251706
14089,0.001205,74.125.68.0-255,2902,93589,42,251706
14090,0.001208,172.31.46.0-255,66,93655,42,251706
14091,0.001211,74.125.68.0-255,1484,95139,42,251706
14092,0.001242,74.125.68.0-255,2902,98041,42,251706
14093,0.001245,172.31.46.0-255,66,98107,42,251706
14094,0.001256,172.31.46.0-255,66,98173,42,251706
14095,0.001258,74.125.68.0-255,1484,99657,42,251706
14096,0.001291,74.125.68.0-255,5738,105395,42,251706
14097,0.001294,172.31.46.0-255,66,105461,42,251706
14098,0.001304,172.31.46.0-255,66,105527,42,251706
14099,0.001311,74.125.68.0-255,766,106293,42,251706
14100,0.001478,74.125.68.0-255,1484,107777,42,251706
14101,0.001482,172.31.46.0-255,66,107843,42,251706
14102,0.001486,74.125.68.0-255,1484,109327,42,251706
14103,0.001508,74.125.68.0-255,1484,110811,42,251706
14104,0.001511,172.31.46.0-255,66,110877,42,251706
14105,0.001515,74.125.68.0-255,2902,113779,42,251706
14106,0.001517,172.31.46.0-255,66,113845,42,251706
14107,0.00152,74.125.68.0-255,1484,115329,42,251706
14108,0.001544,74.125.68.0-255,2902,118231,42,251706
14109,0.001547,172.31.46.0-255,66,118297,42,251706
14110,0.001557,172.31.46.0-255,66,118363,42,251706
14111,0.001561,74.125.68.0-255,2902,121265,42,251706
14112,0.001563,172.31.46.0-255,66,121331,42,251706
14113,0.001594,74.125.68.0-255,2902,124233,42,251706
14114,0.001604,74.125.68.0-255,7156,131389,42,251706
14115,0.001606,74.125.68.0-255,766,132155,42,251706
14116,0.001611,172.31.46.0-255,66,132221,42,251706
14117,0.001615,172.31.46.0-255,66,132287,42,251706
14118,0.001677,74.125.68.0-255,1484,133771,42,251706
14119,0.001681,172.31.46.0-255,66,133837,42,251706
14120,0.001685,74.125.68.0-255,2902,136739,42,251706
14121,0.001688,172.31.46.0-255,66,136805,42,251706
14122,0.001716,74.125.68.0-255,5738,142543,42,251706
14123,0.001719,172.31.46.0-255,66,142609,42,251706
14124,0.001723,74.125.68.0-255,2902,145511,42,251706
14125,0.001725,172.31.46.0-255,66,145577,42,251706
14126,0.00173,74.125.68.0-255,4320,149897,42,251706
14127,0.001737,172.31.46.0-255,66,149963,42,251706
14128,0.001767,74.125.68.0-255,2902,152865,42,251706
14129,0.00177,172.31.46.0-255,66,152931,42,251706
14130,0.001798,74.125.68.0-255,4320,157251,42,251706
14131,0.001801,172.31.46.0-255,66,157317,42,251706
14132,0.001811,172.31.46.0-255,66,157383,42,251706
14133,0.001815,74.125.68.0-255,2902,160285,42,251706
14134,0.001822,172.31.46.0-255,66,160351,42,251706
14135,0.001856,74.125.68.0-255,766,161117,42,251706
14136,0.001861,74.125.68.0-255,4320,165437,42,251706
14137,0.001864,172.31.46.0-255,66,165503,42,251706
14138,0.001885,172.31.46.0-255,66,165569,42,251706
14139,0.00189,74.125.68.0-255,4320,169889,42,251706
14140,0.001892,172.31.46.0-255,66,169955,42,251706
14141,0.001963,172.31.46.0-255,66,170021,42,251706
14142,0.001976,172.31.46.0-255,66,170087,42,251706
14143,0.001987,74.125.68.0-255,7156,177243,42,251706
14144,0.00199,172.31.46.0-255,66,177309,42,251706
14145,0.00202,74.125.68.0-255,4320,181629,42,251706
14146,0.002023,172.31.46.0-255,66,181695,42,251706
14147,0.00206,74.125.68.0-255,1484,183179,42,251706
14148,0.002068,74.125.68.0-255,7156,190335,42,251706
14149,0.002071,172.31.46.0-255,66,190401,42,251706
14150,0.002075,74.125.68.0-255,2184,192585,42,251706
14151,0.002077,172.31.46.0-255,66,192651,42,251706
14152,0.002082,74.125.68.0-255,2902,195553,42,251706
14153,0.00209,172.31.46.0-255,66,195619,42,251706
14154,0.002124,74.125.68.0-255,7156,202775,42,251706
14155,0.002126,172.31.46.0-255,66,202841,42,251706
14156,0.002133,74.125.68.0-255,7156,209997,42,251706
14157,0.002135,172.31.46.0-255,66,210063,42,251706
14158,0.002178,172.31.46.0-255,66,210129,42,251706
14159,0.002183,74.125.68.0-255,2902,213031,42,251706
14160,0.002185,172.31.46.0-255,66,213097,42,251706
14161,0.002209,74.125.68.0-255,3602,216699,42,251706
14162,0.002211,172.31.46.0-255,66,216765,42,251706
14163,0.002222,74.125.68.0-255,7156,223921,42,251706
14164,0.002224,172.31.46.0-255,66,223987,42,251706
14165,0.00223,74.125.68.0-255,5738,229725,42,251706
14166,0.002233,172.31.46.0-255,66,229791,42,251706
14167,0.002264,74.125.68.0-255,5738,235529,42,251706
14168,0.002267,172.31.46.0-255,66,235595,42,251706
14169,0.002283,172.31.46.0-255,66,235661,42,251706
14170,0.002287,74.125.68.0-255,2184,237845,42,251706
14171,0.002289,172.31.46.0-255,66,237911,42,251706
14172,0.002293,74.125.68.0-255,2902,240813,42,251706
14173,0.002295,172.31.46.0-255,66,240879,42,251706
14174,0.00232,74.125.68.0-255,1484,242363,42,251706
14175,0.002324,74.125.68.0-255,1484,243847,42,251706
14176,0.00233,172.31.46.0-255,66,243913,42,251706
14177,0.002347,74.125.68.0-255,1484,245397,42,251706
14178,0.002354,74.125.68.0-255,5738,251135,42,251706
14179,0.002356,172.31.46.0-255,66,251201,42,251706
14180,0.002392,74.125.68.0-255,97,251298,42,251706
14181,0.002396,172.31.46.0-255,66,251364,42,251706
14182,0.00245,74.125.68.0-255,105,251469,42,251706
14183,0.004917,172.31.46.0-255,66,251535,42,251706
14184,0.004962,172.31.46.0-255,105,251640,42,251706
14185,0.007466,74.125.68.0-255,66,251706,42,251706
14186,0.0,74.125.130.0-255,146,146,42,363764
14187,1.7e-05,172.31.46.0-255,66,212,42,363764
14188,4e-05,74.125.130.0-255,1484,1696,42,363764
14189,4.4e-05,172.31.46.0-255,66,1762,42,363764
14190,4.8e-05,74.125.130.0-255,1484,3246,42,363764
14191,5e-05,172.31.46.0-255,66,3312,42,363764
14192,5.4e-05,74.125.130.0-255,1484,4796,42,363764
14193,5.6e-05,172.31.46.0-255,66,4862,42,363764
14194,8.1e-05,74.125.130.0-255,1484,6346,42,363764
14195,8.3e-05,172.31.46.0-255,66,6412,42,363764
14196,8.9e-05,74.125.130.0-255,2902,9314,42,363764
14197,9.2e-05,172.31.46.0-255,66,9380,42,363764
14198,0.000106,74.125.130.0-255,2902,12282,42,363764
14199,0.000109,172.31.46.0-255,66,12348,42,363764
14200,0.000113,74.125.130.0-255,1976,14324,42,363764
14201,0.000116,172.31.46.0-255,66,14390,42,363764
14202,0.000257,74.125.130.0-255,1484,15874,42,363764
14203,0.000263,172.31.46.0-255,66,15940,42,363764
14204,0.000268,74.125.130.0-255,2902,18842,42,363764
14205,0.00027,172.31.46.0-255,66,18908,42,363764
14206,0.0003,74.125.130.0-255,2902,21810,42,363764
14207,0.000302,172.31.46.0-255,66,21876,42,363764
14208,0.000321,74.125.130.0-255,2902,24778,42,363764
14209,0.000324,172.31.46.0-255,66,24844,42,363764
14210,0.000344,74.125.130.0-255,6797,31641,42,363764
14211,0.000347,172.31.46.0-255,66,31707,42,363764
14212,0.000368,74.125.130.0-255,1484,33191,42,363764
14213,0.00037,172.31.46.0-255,66,33257,42,363764
14214,0.000394,74.125.130.0-255,2902,36159,42,363764
14215,0.000396,172.31.46.0-255,66,36225,42,363764
14216,0.000417,74.125.130.0-255,4320,40545,42,363764
14217,0.000419,172.31.46.0-255,66,40611,42,363764
14218,0.000467,74.125.130.0-255,5738,46349,42,363764
14219,0.00047,172.31.46.0-255,66,46415,42,363764
14220,0.000502,74.125.130.0-255,2543,48958,42,363764
14221,0.000505,172.31.46.0-255,66,49024,42,363764
14222,0.000581,74.125.130.0-255,2902,51926,42,363764
14223,0.000585,172.31.46.0-255,66,51992,42,363764
14224,0.000607,74.125.130.0-255,4320,56312,42,363764
14225,0.000611,172.31.46.0-255,66,56378,42,363764
14226,0.000615,74.125.130.0-255,2902,59280,42,363764
14227,0.000618,172.31.46.0-255,66,59346,42,363764
14228,0.000646,74.125.130.0-255,5738,65084,42,363764
14229,0.00065,172.31.46.0-255,66,65150,42,363764
14230,0.000653,74.125.130.0-255,1379,66529,42,363764
14231,0.000809,74.125.130.0-255,401,66930,42,363764
14232,0.000813,172.31.46.0-255,66,66996,42,363764
14233,0.000951,74.125.130.0-255,1484,68480,42,363764
14234,0.000955,74.125.130.0-255,1484,69964,42,363764
14235,0.000958,172.31.46.0-255,66,70030,42,363764
14236,0.000978,74.125.130.0-255,2902,72932,42,363764
14237,0.00098,172.31.46.0-255,66,72998,42,363764
14238,0.000984,74.125.130.0-255,1484,74482,42,363764
14239,0.001004,74.125.130.0-255,4320,78802,42,363764
14240,0.001006,172.31.46.0-255,66,78868,42,363764
14241,0.001011,74.125.130.0-255,2902,81770,42,363764
14242,0.001013,172.31.46.0-255,66,81836,42,363764
14243,0.001026,74.125.130.0-255,2543,84379,42,363764
14244,0.001028,172.31.46.0-255,66,84445,42,363764
14245,0.001078,74.125.130.0-255,1484,85929,42,363764
14246,0.001101,74.125.130.0-255,2902,88831,42,363764
14247,0.001104,172.31.46.0-255,66,88897,42,363764
14248,0.001108,74.125.130.0-255,1484,90381,42,363764
14249,0.001133,74.125.130.0-255,4320,94701,42,363764
14250,0.001137,172.31.46.0-255,66,94767,42,363764
14251,0.00114,74.125.130.0-255,1484,96251,42,363764
14252,0.001159,74.125.130.0-255,5379,101630,42,363764
14253,0.001161,172.31.46.0-255,66,101696,42,363764
14254,0.001215,172.31.46.0-255,101,101797,42,363764
14255,0.00173,74.125.130.0-255,1484,103281,42,363764
14256,0.001741,74.125.130.0-255,2902,106183,42,363764
14257,0.001745,172.31.46.0-255,66,106249,42,363764
14258,0.001767,74.125.130.0-255,5738,111987,42,363764
14259,0.00177,172.31.46.0-255,66,112053,42,363764
14260,0.001775,74.125.130.0-255,2902,114955,42,363764
14261,0.001777,172.31.46.0-255,66,115021,42,363764
14262,0.00178,74.125.130.0-255,1484,116505,42,363764
14263,0.001809,74.125.130.0-255,2902,119407,42,363764
14264,0.001812,172.31.46.0-255,66,119473,42,363764
14265,0.00187,172.31.46.0-255,66,119539,42,363764
14266,0.001911,74.125.130.0-255,4320,123859,42,363764
14267,0.001914,172.31.46.0-255,66,123925,42,363764
14268,0.001933,74.125.130.0-255,3602,127527,42,363764
14269,0.001936,172.31.46.0-255,66,127593,42,363764
14270,0.002121,74.125.130.0-255,1484,129077,42,363764
14271,0.002126,74.125.130.0-255,1484,130561,42,363764
14272,0.00213,172.31.46.0-255,66,130627,42,363764
14273,0.002148,74.125.130.0-255,1484,132111,42,363764
14274,0.002155,74.125.130.0-255,5738,137849,42,363764
14275,0.002158,172.31.46.0-255,66,137915,42,363764
14276,0.002178,74.125.130.0-255,2902,140817,42,363764
14277,0.00218,172.31.46.0-255,66,140883,42,363764
14278,0.002201,74.125.130.0-255,7156,148039,42,363764
14279,0.002203,172.31.46.0-255,66,148105,42,363764
14280,0.002246,172.31.46.0-255,66,148171,42,363764
14281,0.00225,74.125.130.0-255,2184,150355,42,363764
14282,0.002253,172.31.46.0-255,66,150421,42,363764
14283,0.002381,74.125.130.0-255,1484,151905,42,363764
14284,0.002399,74.125.130.0-255,2902,154807,42,363764
14285,0.002402,172.31.46.0-255,66,154873,42,363764
14286,0.002419,74.125.130.0-255,4320,159193,42,363764
14287,0.002421,172.31.46.0-255,66,159259,42,363764
14288,0.002439,74.125.130.0-255,1484,160743,42,363764
14289,0.002443,74.125.130.0-255,1484,162227,42,363764
14290,0.002445,172.31.46.0-255,66,162293,42,363764
14291,0.002452,74.125.130.0-255,5738,168031,42,363764
14292,0.002456,172.31.46.0-255,66,168097,42,363764
14293,0.00247,74.125.130.0-255,2902,170999,42,363764
14294,0.002473,172.31.46.0-255,66,171065,42,363764
14295,0.0025,172.31.46.0-255,66,171131,42,363764
14296,0.002522,74.125.130.0-255,2902,174033,42,363764
14297,0.002524,172.31.46.0-255,66,174099,42,363764
14298,0.002528,74.125.130.0-255,2184,176283,42,363764
14299,0.002531,172.31.46.0-255,66,176349,42,363764
14300,0.002768,74.125.130.0-255,1484,177833,42,363764
14301,0.002795,74.125.130.0-255,1484,179317,42,363764
14302,0.002799,172.31.46.0-255,66,179383,42,363764
14303,0.002804,74.125.130.0-255,2902,182285,42,363764
14304,0.002806,172.31.46.0-255,66,182351,42,363764
14305,0.002817,74.125.130.0-255,1484,183835,42,363764
14306,0.002836,74.125.130.0-255,4320,188155,42,363764
14307,0.002838,172.31.46.0-255,66,188221,42,363764
14308,0.002842,74.125.130.0-255,2902,191123,42,363764
14309,0.002844,172.31.46.0-255,66,191189,42,363764
14310,0.002866,74.125.130.0-255,1484,192673,42,363764
14311,0.002893,172.31.46.0-255,66,192739,42,363764
14312,0.002896,74.125.130.0-255,1484,194223,42,363764
14313,0.002898,74.125.130.0-255,1484,195707,42,363764
14314,0.0029,172.31.46.0-255,66,195773,42,363764
14315,0.002946,74.125.130.0-255,1484,197257,42,363764
14316,0.00295,74.125.130.0-255,1484,198741,42,363764
14317,0.002951,172.31.46.0-255,66,198807,42,363764
14318,0.002956,74.125.130.0-255,2902,201709,42,363764
14319,0.002959,172.31.46.0-255,66,201775,42,363764
14320,0.002984,74.125.130.0-255,766,202541,42,363764
14321,0.00326,74.125.130.0-255,1484,204025,42,363764
14322,0.003265,172.31.46.0-255,66,204091,42,363764
14323,0.00331,74.125.130.0-255,1484,205575,42,363764
14324,0.003329,74.125.130.0-255,1484,207059,42,363764
14325,0.003332,172.31.46.0-255,66,207125,42,363764
14326,0.003344,74.125.130.0-255,1484,208609,42,363764
14327,0.003363,74.125.130.0-255,4320,212929,42,363764
14328,0.003366,172.31.46.0-255,66,212995,42,363764
14329,0.003393,74.125.130.0-255,4320,217315,42,363764
14330,0.003396,172.31.46.0-255,66,217381,42,363764
14331,0.003411,74.125.130.0-255,1484,218865,42,363764
14332,0.003431,74.125.130.0-255,5738,224603,42,363764
14333,0.003434,172.31.46.0-255,66,224669,42,363764
14334,0.003437,74.125.130.0-255,1484,226153,42,363764
14335,0.003451,74.125.130.0-255,1484,227637,42,363764
14336,0.003453,172.31.46.0-255,66,227703,42,363764
14337,0.003465,74.125.130.0-255,1484,229187,42,363764
14338,0.003481,74.125.130.0-255,4320,233507,42,363764
14339,0.003483,172.31.46.0-255,66,233573,42,363764
14340,0.003486,74.125.130.0-255,1484,235057,42,363764
14341,0.003488,74.125.130.0-255,66,235123,42,363764
14342,0.00353,74.125.130.0-255,1484,236607,42,363764
14343,0.003532,172.31.46.0-255,66,236673,42,363764
14344,0.003535,74.125.130.0-255,766,237439,42,363764
14345,0.003572,74.125.130.0-255,1484,238923,42,363764
14346,0.003574,172.31.46.0-255,66,238989,42,363764
14347,0.003584,74.125.130.0-255,1484,240473,42,363764
14348,0.003621,74.125.130.0-255,2902,243375,42,363764
14349,0.003623,172.31.46.0-255,66,243441,42,363764
14350,0.003642,74.125.130.0-255,1484,244925,42,363764
14351,0.003656,74.125.130.0-255,2902,247827,42,363764
14352,0.003658,172.31.46.0-255,66,247893,42,363764
14353,0.003679,74.125.130.0-255,5738,253631,42,363764
14354,0.003681,172.31.46.0-255,66,253697,42,363764
14355,0.003684,74.125.130.0-255,1484,255181,42,363764
14356,0.003704,74.125.130.0-255,4320,259501,42,363764
14357,0.003706,172.31.46.0-255,66,259567,42,363764
14358,0.003726,74.125.130.0-255,7156,266723,42,363764
14359,0.003729,172.31.46.0-255,66,266789,42,363764
14360,0.003731,74.125.130.0-255,1484,268273,42,363764
14361,0.003753,74.125.130.0-255,3602,271875,42,363764
14362,0.003778,74.125.130.0-255,1484,273359,42,363764
14363,0.003792,74.125.130.0-255,4320,277679,42,363764
14364,0.003795,74.125.130.0-255,1484,279163,42,363764
14365,0.003811,74.125.130.0-255,1484,280647,42,363764
14366,0.003816,74.125.130.0-255,4320,284967,42,363764
14367,0.003828,74.125.130.0-255,1484,286451,42,363764
14368,0.003844,74.125.130.0-255,5738,292189,42,363764
14369,0.003854,74.125.130.0-255,1484,293673,42,363764
14370,0.003857,74.125.130.0-255,2902,296575,42,363764
14371,0.003885,74.125.130.0-255,4320,300895,42,363764
14372,0.003898,74.125.130.0-255,1484,302379,42,363764
14373,0.003915,74.125.130.0-255,2902,305281,42,363764
14374,0.003934,74.125.130.0-255,766,306047,42,363764
14375,0.003995,74.125.130.0-255,1484,307531,42,363764
14376,0.004016,74.125.130.0-255,1484,309015,42,363764
14377,0.004044,74.125.130.0-255,1484,310499,42,363764
14378,0.004055,74.125.130.0-255,1484,311983,42,363764
14379,0.004058,74.125.130.0-255,1484,313467,42,363764
14380,0.004087,74.125.130.0-255,1484,314951,42,363764
14381,0.0041,74.125.130.0-255,2902,317853,42,363764
14382,0.004115,74.125.130.0-255,1484,319337,42,363764
14383,0.004126,74.125.130.0-255,2902,322239,42,363764
14384,0.004158,74.125.130.0-255,4320,326559,42,363764
14385,0.004182,74.125.130.0-255,4320,330879,42,363764
14386,0.004202,74.125.130.0-255,1484,332363,42,363764
14387,0.004205,74.125.130.0-255,1484,333847,42,363764
14388,0.004219,74.125.130.0-255,1484,335331,42,363764
14389,0.004235,74.125.130.0-255,4320,339651,42,363764
14390,0.004238,74.125.130.0-255,766,340417,42,363764
14391,0.004289,74.125.130.0-255,1484,341901,42,363764
14392,0.004301,74.125.130.0-255,1484,343385,42,363764
14393,0.004319,74.125.130.0-255,2902,346287,42,363764
14394,0.004334,74.125.130.0-255,4320,350607,42,363764
14395,0.004345,74.125.130.0-255,1484,352091,42,363764
14396,0.004361,74.125.130.0-255,5738,357829,42,363764
14397,0.004403,74.125.130.0-255,2902,360731,42,363764
14398,0.00442,74.125.130.0-255,2640,363371,42,363764
14399,0.004474,74.125.130.0-255,105,363476,42,363764
14400,0.012843,74.125.130.0-255,105,363581,42,363764
14401,0.012857,172.31.46.0-255,78,363659,42,363764
14402,0.017609,172.31.46.0-255,105,363764,42,363764
14403,0.0,74.125.24.0-255,150,150,42,161489
14404,2.4e-05,172.31.46.0-255,66,216,42,161489
14405,3e-05,74.125.24.0-255,1484,1700,42,161489
14406,3.4e-05,172.31.46.0-255,66,1766,42,161489
14407,4e-05,74.125.24.0-255,2902,4668,42,161489
14408,4.3e-05,172.31.46.0-255,66,4734,42,161489
14409,5.1e-05,74.125.24.0-255,7156,11890,42,161489
14410,5.3e-05,172.31.46.0-255,66,11956,42,161489
14411,8.6e-05,74.125.24.0-255,4974,16930,42,161489
14412,8.9e-05,172.31.46.0-255,66,16996,42,161489
14413,9.5e-05,74.125.24.0-255,5738,22734,42,161489
14414,9.8e-05,172.31.46.0-255,66,22800,42,161489
14415,0.000143,172.31.46.0-255,66,22866,42,161489
14416,0.00024,74.125.24.0-255,1484,24350,42,161489
14417,0.000244,172.31.46.0-255,66,24416,42,161489
14418,0.00025,74.125.24.0-255,2902,27318,42,161489
14419,0.000252,172.31.46.0-255,66,27384,42,161489
14420,0.000255,74.125.24.0-255,1484,28868,42,161489
14421,0.000257,172.31.46.0-255,66,28934,42,161489
14422,0.000284,74.125.24.0-255,4320,33254,42,161489
14423,0.000287,172.31.46.0-255,66,33320,42,161489
14424,0.000292,74.125.24.0-255,4320,37640,42,161489
14425,0.000295,172.31.46.0-255,66,37706,42,161489
14426,0.000307,172.31.46.0-255,66,37772,42,161489
14427,0.00031,74.125.24.0-255,1484,39256,42,161489
14428,0.000312,172.31.46.0-255,66,39322,42,161489
14429,0.000331,74.125.24.0-255,6730,46052,42,161489
14430,0.000333,172.31.46.0-255,66,46118,42,161489
14431,0.000424,74.125.24.0-255,133,46251,42,161489
14432,0.000427,172.31.46.0-255,66,46317,42,161489
14433,0.000683,74.125.24.0-255,1484,47801,42,161489
14434,0.000699,74.125.24.0-255,2902,50703,42,161489
14435,0.000712,74.125.24.0-255,4320,55023,42,161489
14436,0.000725,74.125.24.0-255,1484,56507,42,161489
14437,0.00073,74.125.24.0-255,4320,60827,42,161489
14438,0.000736,172.31.46.0-255,66,60893,42,161489
14439,0.000765,74.125.24.0-255,4320,65213,42,161489
14440,0.000769,172.31.46.0-255,66,65279,42,161489
14441,0.00078,74.125.24.0-255,2902,68181,42,161489
14442,0.00079,172.31.46.0-255,66,68247,42,161489
14443,0.0008,74.125.24.0-255,4320,72567,42,161489
14444,0.000804,74.125.24.0-255,5738,78305,42,161489
14445,0.000828,74.125.24.0-255,2184,80489,42,161489
14446,0.000842,172.31.46.0-255,66,80555,42,161489
14447,0.001138,74.125.24.0-255,1484,82039,42,161489
14448,0.00116,74.125.24.0-255,2902,84941,42,161489
14449,0.001163,172.31.46.0-255,66,85007,42,161489
14450,0.001169,74.125.24.0-255,4320,89327,42,161489
14451,0.001183,74.125.24.0-255,1484,90811,42,161489
14452,0.001188,74.125.24.0-255,5738,96549,42,161489
14453,0.001192,172.31.46.0-255,66,96615,42,161489
14454,0.001203,74.125.24.0-255,4320,100935,42,161489
14455,0.001224,172.31.46.0-255,66,101001,42,161489
14456,0.001279,172.31.46.0-255,66,101067,42,161489
14457,0.001428,74.125.24.0-255,1484,102551,42,161489
14458,0.001445,74.125.24.0-255,2902,105453,42,161489
14459,0.001448,172.31.46.0-255,66,105519,42,161489
14460,0.001454,74.125.24.0-255,5738,111257,42,161489
14461,0.001475,172.31.46.0-255,66,111323,42,161489
14462,0.001499,74.125.24.0-255,5738,117061,42,161489
14463,0.001519,172.31.46.0-255,66,117127,42,161489
14464,0.001565,74.125.24.0-255,5020,122147,42,161489
14465,0.001587,172.31.46.0-255,66,122213,42,161489
14466,0.003656,74.125.24.0-255,5738,127951,42,161489
14467,0.003662,172.31.46.0-255,66,128017,42,161489
14468,0.005706,74.125.24.0-255,5738,133755,42,161489
14469,0.00962,172.31.46.0-255,66,133821,42,161489
14470,0.011646,74.125.24.0-255,5738,139559,42,161489
14471,0.011651,172.31.46.0-255,66,139625,42,161489
14472,0.013694,74.125.24.0-255,5738,145363,42,161489
14473,0.0137,172.31.46.0-255,66,145429,42,161489
14474,0.015735,74.125.24.0-255,4320,149749,42,161489
14475,0.015741,172.31.46.0-255,66,149815,42,161489
14476,0.015758,74.125.24.0-255,1484,151299,42,161489
14477,0.01782,74.125.24.0-255,4320,155619,42,161489
14478,0.017826,172.31.46.0-255,66,155685,42,161489
14479,0.019905,74.125.24.0-255,5738,161423,42,161489
14480,0.019954,172.31.46.0-255,66,161489,42,161489
14481,0.0,172.217.194.0-255,150,150,42,137101
14482,2.4e-05,172.31.46.0-255,66,216,42,137101
14483,3.1e-05,172.217.194.0-255,1484,1700,42,137101
14484,3.6e-05,172.31.46.0-255,66,1766,42,137101
14485,4.9e-05,172.217.194.0-255,2902,4668,42,137101
14486,5.3e-05,172.31.46.0-255,66,4734,42,137101
14487,5.8e-05,172.217.194.0-255,2902,7636,42,137101
14488,6.1e-05,172.31.46.0-255,66,7702,42,137101
14489,9.4e-05,172.217.194.0-255,6330,14032,42,137101
14490,9.8e-05,172.31.46.0-255,66,14098,42,137101
14491,0.000106,172.217.194.0-255,7156,21254,42,137101
14492,0.000108,172.31.46.0-255,66,21320,42,137101
14493,0.000144,172.31.46.0-255,66,21386,42,137101
14494,0.000178,172.31.46.0-255,66,21452,42,137101
14495,0.000184,172.217.194.0-255,4320,25772,42,137101
14496,0.000186,172.31.46.0-255,66,25838,42,137101
14497,0.000211,172.217.194.0-255,2543,28381,42,137101
14498,0.000218,172.31.46.0-255,66,28447,42,137101
14499,0.000251,172.31.46.0-255,66,28513,42,137101
14500,0.000294,172.217.194.0-255,4320,32833,42,137101
14501,0.000296,172.31.46.0-255,66,32899,42,137101
14502,0.000325,172.217.194.0-255,4272,37171,42,137101
14503,0.000328,172.31.46.0-255,66,37237,42,137101
14504,0.000558,172.217.194.0-255,367,37604,42,137101
14505,0.000565,172.31.46.0-255,66,37670,42,137101
14506,0.00061,172.217.194.0-255,1484,39154,42,137101
14507,0.000614,172.31.46.0-255,66,39220,42,137101
14508,0.000645,172.217.194.0-255,4320,43540,42,137101
14509,0.000649,172.31.46.0-255,66,43606,42,137101
14510,0.000662,172.31.46.0-255,66,43672,42,137101
14511,0.000665,172.217.194.0-255,1125,44797,42,137101
14512,0.000702,172.217.194.0-255,5738,50535,42,137101
14513,0.000705,172.31.46.0-255,66,50601,42,137101
14514,0.000747,172.31.46.0-255,66,50667,42,137101
14515,0.001201,172.217.194.0-255,1484,52151,42,137101
14516,0.001209,172.217.194.0-255,2902,55053,42,137101
14517,0.001214,172.31.46.0-255,66,55119,42,137101
14518,0.001222,172.217.194.0-255,5738,60857,42,137101
14519,0.001225,172.31.46.0-255,66,60923,42,137101
14520,0.001279,172.31.46.0-255,66,60989,42,137101
14521,0.001294,172.31.46.0-255,66,61055,42,137101
14522,0.001436,172.217.194.0-255,1484,62539,42,137101
14523,0.001443,172.217.194.0-255,2902,65441,42,137101
14524,0.001447,172.31.46.0-255,66,65507,42,137101
14525,0.001452,172.217.194.0-255,2902,68409,42,137101
14526,0.001455,172.31.46.0-255,66,68475,42,137101
14527,0.001471,172.217.194.0-255,1484,69959,42,137101
14528,0.001475,172.217.194.0-255,1484,71443,42,137101
14529,0.001481,172.31.46.0-255,66,71509,42,137101
14530,0.001512,172.217.194.0-255,7156,78665,42,137101
14531,0.001516,172.31.46.0-255,66,78731,42,137101
14532,0.001523,172.217.194.0-255,7156,85887,42,137101
14533,0.001526,172.31.46.0-255,66,85953,42,137101
14534,0.00156,172.31.46.0-255,66,86019,42,137101
14535,0.002138,172.217.194.0-255,1484,87503,42,137101
14536,0.002144,172.217.194.0-255,2902,90405,42,137101
14537,0.002148,172.31.46.0-255,66,90471,42,137101
14538,0.002152,172.217.194.0-255,1484,91955,42,137101
14539,0.002196,172.217.194.0-255,4320,96275,42,137101
14540,0.0022,172.31.46.0-255,66,96341,42,137101
14541,0.002212,172.31.46.0-255,66,96407,42,137101
14542,0.002243,172.31.46.0-255,66,96473,42,137101
14543,0.004518,172.217.194.0-255,5738,102211,42,137101
14544,0.004525,172.31.46.0-255,66,102277,42,137101
14545,0.006779,172.217.194.0-255,5738,108015,42,137101
14546,0.006782,172.31.46.0-255,66,108081,42,137101
14547,0.009058,172.217.194.0-255,5738,113819,42,137101
14548,0.009064,172.31.46.0-255,66,113885,42,137101
14549,0.011333,172.217.194.0-255,5738,119623,42,137101
14550,0.01134,172.31.46.0-255,66,119689,42,137101
14551,0.013617,172.217.194.0-255,5738,125427,42,137101
14552,0.013625,172.31.46.0-255,66,125493,42,137101
14553,0.015891,172.217.194.0-255,5738,131231,42,137101
14554,0.0159,172.31.46.0-255,66,131297,42,137101
14555,0.018179,172.217.194.0-255,5738,137035,42,137101
14556,0.018187,172.31.46.0-255,66,137101,42,137101
14557,0.0,74.125.200.0-255,152,152,42,241951
14558,2.4e-05,172.31.46.0-255,66,218,42,241951
14559,3.1e-05,74.125.200.0-255,1484,1702,42,241951
14560,3.6e-05,172.31.46.0-255,66,1768,42,241951
14561,4.2e-05,74.125.200.0-255,2902,4670,42,241951
14562,4.5e-05,172.31.46.0-255,66,4736,42,241951
14563,4.8e-05,74.125.200.0-255,1484,6220,42,241951
14564,5.1e-05,172.31.46.0-255,66,6286,42,241951
14565,5.7e-05,74.125.200.0-255,2902,9188,42,241951
14566,6e-05,172.31.46.0-255,66,9254,42,241951
14567,0.000107,74.125.200.0-255,2902,12156,42,241951
14568,0.00011,172.31.46.0-255,66,12222,42,241951
14569,0.000128,74.125.200.0-255,1958,14180,42,241951
14570,0.000131,172.31.46.0-255,66,14246,42,241951
14571,0.000163,74.125.200.0-255,1484,15730,42,241951
14572,0.000166,172.31.46.0-255,66,15796,42,241951
14573,0.000179,74.125.200.0-255,2902,18698,42,241951
14574,0.000182,172.31.46.0-255,66,18764,42,241951
14575,0.000185,74.125.200.0-255,1484,20248,42,241951
14576,0.000188,172.31.46.0-255,66,20314,42,241951
14577,0.000207,74.125.200.0-255,2902,23216,42,241951
14578,0.000211,172.31.46.0-255,66,23282,42,241951
14579,0.000217,74.125.200.0-255,5738,29020,42,241951
14580,0.00022,172.31.46.0-255,66,29086,42,241951
14581,0.000242,74.125.200.0-255,2543,31629,42,241951
14582,0.000244,172.31.46.0-255,66,31695,42,241951
14583,0.000248,74.125.200.0-255,2902,34597,42,241951
14584,0.000251,172.31.46.0-255,66,34663,42,241951
14585,0.000292,74.125.200.0-255,7156,41819,42,241951
14586,0.000295,172.31.46.0-255,66,41885,42,241951
14587,0.000303,74.125.200.0-255,7156,49041,42,241951
14588,0.000306,172.31.46.0-255,66,49107,42,241951
14589,0.000341,74.125.200.0-255,7156,56263,42,241951
14590,0.000353,74.125.200.0-255,1484,57747,42,241951
14591,0.000376,74.125.200.0-255,414,58161,42,241951
14592,0.000478,74.125.200.0-255,1484,59645,42,241951
14593,0.000484,74.125.200.0-255,2902,62547,42,241951
14594,0.000488,74.125.200.0-255,1484,64031,42,241951
14595,0.000521,74.125.200.0-255,5738,69769,42,241951
14596,0.000555,74.125.200.0-255,5738,75507,42,241951
14597,0.000579,74.125.200.0-255,7156,82663,42,241951
14598,0.000592,172.31.46.0-255,66,82729,42,241951
14599,0.000609,74.125.200.0-255,5738,88467,42,241951
14600,0.000626,74.125.200.0-255,3867,92334,42,241951
14601,0.000641,172.31.46.0-255,66,92400,42,241951
14602,0.000751,74.125.200.0-255,1484,93884,42,241951
14603,0.000764,74.125.200.0-255,2902,96786,42,241951
14604,0.000776,172.31.46.0-255,66,96852,42,241951
14605,0.000812,74.125.200.0-255,5738,102590,42,241951
14606,0.000818,74.125.200.0-255,5738,108328,42,241951
14607,0.000825,74.125.200.0-255,7156,115484,42,241951
14608,0.000841,172.31.46.0-255,66,115550,42,241951
14609,0.00085,74.125.200.0-255,4320,119870,42,241951
14610,0.000855,172.31.46.0-255,66,119936,42,241951
14611,0.000875,74.125.200.0-255,6438,126374,42,241951
14612,0.00088,172.31.46.0-255,66,126440,42,241951
14613,0.001394,74.125.200.0-255,1484,127924,42,241951
14614,0.001407,74.125.200.0-255,2902,130826,42,241951
14615,0.00141,172.31.46.0-255,66,130892,42,241951
14616,0.00143,74.125.200.0-255,5738,136630,42,241951
14617,0.001434,172.31.46.0-255,66,136696,42,241951
14618,0.001457,74.125.200.0-255,5738,142434,42,241951
14619,0.001464,172.31.46.0-255,66,142500,42,241951
14620,0.00149,74.125.200.0-255,7156,149656,42,241951
14621,0.001498,172.31.46.0-255,66,149722,42,241951
14622,0.001504,74.125.200.0-255,1484,151206,42,241951
14623,0.001533,172.31.46.0-255,66,151272,42,241951
14624,0.001744,172.31.46.0-255,101,151373,42,241951
14625,0.002027,74.125.200.0-255,1484,152857,42,241951
14626,0.002049,74.125.200.0-255,2902,155759,42,241951
14627,0.002053,172.31.46.0-255,66,155825,42,241951
14628,0.002058,74.125.200.0-255,4320,160145,42,241951
14629,0.002073,74.125.200.0-255,4320,164465,42,241951
14630,0.002086,74.125.200.0-255,1484,165949,42,241951
14631,0.002122,74.125.200.0-255,4320,170269,42,241951
14632,0.002198,74.125.200.0-255,3602,173871,42,241951
14633,0.002205,74.125.200.0-255,5738,179609,42,241951
14634,0.002232,74.125.200.0-255,3602,183211,42,241951
14635,0.002282,74.125.200.0-255,1484,184695,42,241951
14636,0.002299,74.125.200.0-255,2902,187597,42,241951
14637,0.002321,74.125.200.0-255,2902,190499,42,241951
14638,0.002332,74.125.200.0-255,1484,191983,42,241951
14639,0.002357,74.125.200.0-255,2902,194885,42,241951
14640,0.002373,74.125.200.0-255,4320,199205,42,241951
14641,0.002398,74.125.200.0-255,2902,202107,42,241951
14642,0.002428,74.125.200.0-255,6438,208545,42,241951
14643,0.002467,74.125.200.0-255,4320,212865,42,241951
14644,0.002484,74.125.200.0-255,2902,215767,42,241951
14645,0.002487,74.125.200.0-255,1484,217251,42,241951
14646,0.002504,74.125.200.0-255,7156,224407,42,241951
14647,0.004176,74.125.200.0-255,66,224473,42,241951
14648,0.008585,172.31.46.0-255,66,224539,42,241951
14649,0.011082,74.125.200.0-255,5738,230277,42,241951
14650,0.011093,172.31.46.0-255,66,230343,42,241951
14651,0.01359,74.125.200.0-255,5738,236081,42,241951
14652,0.015945,172.31.46.0-255,66,236147,42,241951
14653,0.018497,74.125.200.0-255,5738,241885,42,241951
14654,0.018514,172.31.46.0-255,66,241951,42,241951
14655,0.0,74.125.24.0-255,298,298,42,202988
14656,2e-05,172.31.46.0-255,66,364,42,202988
14657,2.6e-05,74.125.24.0-255,1484,1848,42,202988
14658,3e-05,172.31.46.0-255,66,1914,42,202988
14659,3.4e-05,74.125.24.0-255,1484,3398,42,202988
14660,3.7e-05,172.31.46.0-255,66,3464,42,202988
14661,5.8e-05,74.125.24.0-255,2902,6366,42,202988
14662,6.1e-05,172.31.46.0-255,66,6432,42,202988
14663,6.7e-05,74.125.24.0-255,4320,10752,42,202988
14664,6.9e-05,172.31.46.0-255,66,10818,42,202988
14665,0.000117,74.125.24.0-255,3297,14115,42,202988
14666,0.00012,172.31.46.0-255,66,14181,42,202988
14667,0.000266,74.125.24.0-255,1484,15665,42,202988
14668,0.00027,172.31.46.0-255,66,15731,42,202988
14669,0.000275,74.125.24.0-255,2902,18633,42,202988
14670,0.000277,172.31.46.0-255,66,18699,42,202988
14671,0.000293,74.125.24.0-255,5738,24437,42,202988
14672,0.000295,172.31.46.0-255,66,24503,42,202988
14673,0.000298,74.125.24.0-255,1484,25987,42,202988
14674,0.0003,172.31.46.0-255,66,26053,42,202988
14675,0.00032,74.125.24.0-255,1484,27537,42,202988
14676,0.000323,172.31.46.0-255,66,27603,42,202988
14677,0.000355,74.125.24.0-255,4320,31923,42,202988
14678,0.000358,172.31.46.0-255,66,31989,42,202988
14679,0.000379,74.125.24.0-255,2543,34532,42,202988
14680,0.000381,172.31.46.0-255,66,34598,42,202988
14681,0.000388,74.125.24.0-255,7156,41754,42,202988
14682,0.00039,172.31.46.0-255,66,41820,42,202988
14683,0.00042,172.31.46.0-255,66,41886,42,202988
14684,0.000438,74.125.24.0-255,4320,46206,42,202988
14685,0.00044,172.31.46.0-255,66,46272,42,202988
14686,0.000458,74.125.24.0-255,4320,50592,42,202988
14687,0.00046,172.31.46.0-255,66,50658,42,202988
14688,0.00048,74.125.24.0-255,6438,57096,42,202988
14689,0.000482,172.31.46.0-255,66,57162,42,202988
14690,0.000485,74.125.24.0-255,401,57563,42,202988
14691,0.000703,74.125.24.0-255,108,57671,42,202988
14692,0.000912,74.125.24.0-255,1484,59155,42,202988
14693,0.000916,172.31.46.0-255,66,59221,42,202988
14694,0.000921,74.125.24.0-255,2902,62123,42,202988
14695,0.000923,172.31.46.0-255,66,62189,42,202988
14696,0.000925,74.125.24.0-255,1484,63673,42,202988
14697,0.000949,74.125.24.0-255,4320,67993,42,202988
14698,0.000952,172.31.46.0-255,66,68059,42,202988
14699,0.000957,74.125.24.0-255,5738,73797,42,202988
14700,0.000959,172.31.46.0-255,66,73863,42,202988
14701,0.000974,74.125.24.0-255,7156,81019,42,202988
14702,0.000976,172.31.46.0-255,66,81085,42,202988
14703,0.000983,74.125.24.0-255,7156,88241,42,202988
14704,0.000985,172.31.46.0-255,66,88307,42,202988
14705,0.001011,74.125.24.0-255,1484,89791,42,202988
14706,0.001025,74.125.24.0-255,2184,91975,42,202988
14707,0.001028,172.31.46.0-255,66,92041,42,202988
14708,0.001218,74.125.24.0-255,333,92374,42,202988
14709,0.001296,172.31.46.0-255,66,92440,42,202988
14710,0.001413,74.125.24.0-255,1484,93924,42,202988
14711,0.00143,74.125.24.0-255,2902,96826,42,202988
14712,0.001434,172.31.46.0-255,66,96892,42,202988
14713,0.001449,74.125.24.0-255,2902,99794,42,202988
14714,0.001451,172.31.46.0-255,66,99860,42,202988
14715,0.001465,74.125.24.0-255,2902,102762,42,202988
14716,0.001467,172.31.46.0-255,66,102828,42,202988
14717,0.001482,74.125.24.0-255,5738,108566,42,202988
14718,0.001483,172.31.46.0-255,66,108632,42,202988
14719,0.001499,74.125.24.0-255,5738,114370,42,202988
14720,0.001501,172.31.46.0-255,66,114436,42,202988
14721,0.001506,74.125.24.0-255,2902,117338,42,202988
14722,0.001507,172.31.46.0-255,66,117404,42,202988
14723,0.00154,172.31.46.0-255,66,117470,42,202988
14724,0.001786,74.125.24.0-255,1484,118954,42,202988
14725,0.001792,74.125.24.0-255,2902,121856,42,202988
14726,0.001796,172.31.46.0-255,66,121922,42,202988
14727,0.001819,74.125.24.0-255,5738,127660,42,202988
14728,0.001821,172.31.46.0-255,66,127726,42,202988
14729,0.00183,74.125.24.0-255,1484,129210,42,202988
14730,0.001846,74.125.24.0-255,2902,132112,42,202988
14731,0.001848,172.31.46.0-255,66,132178,42,202988
14732,0.001852,74.125.24.0-255,2902,135080,42,202988
14733,0.001853,172.31.46.0-255,66,135146,42,202988
14734,0.001867,74.125.24.0-255,2902,138048,42,202988
14735,0.001869,172.31.46.0-255,66,138114,42,202988
14736,0.001873,74.125.24.0-255,2902,141016,42,202988
14737,0.001875,172.31.46.0-255,66,141082,42,202988
14738,0.001897,74.125.24.0-255,2902,143984,42,202988
14739,0.001899,172.31.46.0-255,66,144050,42,202988
14740,0.001906,74.125.24.0-255,7156,151206,42,202988
14741,0.001907,172.31.46.0-255,66,151272,42,202988
14742,0.00191,74.125.24.0-255,766,152038,42,202988
14743,0.00288,172.31.46.0-255,66,152104,42,202988
14744,0.00387,74.125.24.0-255,4320,156424,42,202988
14745,0.003877,172.31.46.0-255,66,156490,42,202988
14746,0.004819,74.125.24.0-255,1484,157974,42,202988
14747,0.00583,74.125.24.0-255,4320,162294,42,202988
14748,0.005838,172.31.46.0-255,66,162360,42,202988
14749,0.007791,74.125.24.0-255,5738,168098,42,202988
14750,0.007797,172.31.46.0-255,66,168164,42,202988
14751,0.009799,74.125.24.0-255,5738,173902,42,202988
14752,0.009808,172.31.46.0-255,66,173968,42,202988
14753,0.011808,74.125.24.0-255,5738,179706,42,202988
14754,0.011817,172.31.46.0-255,66,179772,42,202988
14755,0.013768,74.125.24.0-255,5738,185510,42,202988
14756,0.013779,172.31.46.0-255,66,185576,42,202988
14757,0.015737,74.125.24.0-255,5738,191314,42,202988
14758,0.015751,172.31.46.0-255,66,191380,42,202988
14759,0.017729,74.125.24.0-255,5738,197118,42,202988
14760,0.017743,172.31.46.0-255,66,197184,42,202988
14761,0.019698,74.125.24.0-255,5738,202922,42,202988
14762,0.019707,172.31.46.0-255,66,202988,42,202988
14763,0.0,74.125.200.0-255,298,298,42,361696
14764,2.5e-05,172.31.46.0-255,66,364,42,361696
14765,3.1e-05,74.125.200.0-255,1484,1848,42,361696
14766,3.6e-05,172.31.46.0-255,66,1914,42,361696
14767,4.2e-05,74.125.200.0-255,2902,4816,42,361696
14768,4.5e-05,172.31.46.0-255,66,4882,42,361696
14769,5.2e-05,74.125.200.0-255,5738,10620,42,361696
14770,5.5e-05,172.31.46.0-255,66,10686,42,361696
14771,5.8e-05,74.125.200.0-255,1484,12170,42,361696
14772,6.1e-05,172.31.46.0-255,66,12236,42,361696
14773,8.5e-05,74.125.200.0-255,1841,14077,42,361696
14774,8.8e-05,172.31.46.0-255,66,14143,42,361696
14775,0.00011,74.125.200.0-255,1484,15627,42,361696
14776,0.000113,172.31.46.0-255,66,15693,42,361696
14777,0.000126,74.125.200.0-255,1484,17177,42,361696
14778,0.000128,172.31.46.0-255,66,17243,42,361696
14779,0.000133,74.125.200.0-255,2902,20145,42,361696
14780,0.000136,172.31.46.0-255,66,20211,42,361696
14781,0.000148,74.125.200.0-255,1484,21695,42,361696
14782,0.00015,172.31.46.0-255,66,21761,42,361696
14783,0.000165,74.125.200.0-255,1484,23245,42,361696
14784,0.000167,172.31.46.0-255,66,23311,42,361696
14785,0.000185,74.125.200.0-255,4320,27631,42,361696
14786,0.000187,172.31.46.0-255,66,27697,42,361696
14787,0.000211,74.125.200.0-255,3961,31658,42,361696
14788,0.000213,172.31.46.0-255,66,31724,42,361696
14789,0.000329,74.125.200.0-255,1484,33208,42,361696
14790,0.000333,172.31.46.0-255,66,33274,42,361696
14791,0.000337,74.125.200.0-255,1484,34758,42,361696
14792,0.000339,172.31.46.0-255,66,34824,42,361696
14793,0.000353,74.125.200.0-255,1484,36308,42,361696
14794,0.000354,172.31.46.0-255,66,36374,42,361696
14795,0.000362,74.125.200.0-255,5738,42112,42,361696
14796,0.000384,74.125.200.0-255,4320,46432,42,361696
14797,0.000403,74.125.200.0-255,2902,49334,42,361696
14798,0.000427,74.125.200.0-255,7156,56490,42,361696
14799,0.00045,74.125.200.0-255,7156,63646,42,361696
14800,0.000466,74.125.200.0-255,2547,66193,42,361696
14801,0.000514,74.125.200.0-255,1484,67677,42,361696
14802,0.000529,74.125.200.0-255,2902,70579,42,361696
14803,0.000544,74.125.200.0-255,5738,76317,42,361696
14804,0.000565,74.125.200.0-255,5738,82055,42,361696
14805,0.000589,74.125.200.0-255,7156,89211,42,361696
14806,0.00062,74.125.200.0-255,7156,96367,42,361696
14807,0.00064,74.125.200.0-255,3301,99668,42,361696
14808,0.000672,74.125.200.0-255,1484,101152,42,361696
14809,0.000684,74.125.200.0-255,1484,102636,42,361696
14810,0.0007,74.125.200.0-255,1484,104120,42,361696
14811,0.000704,74.125.200.0-255,2902,107022,42,361696
14812,0.000718,74.125.200.0-255,2902,109924,42,361696
14813,0.000721,74.125.200.0-255,1484,111408,42,361696
14814,0.00073,172.31.46.0-255,66,111474,42,361696
14815,0.00074,74.125.200.0-255,2902,114376,42,361696
14816,0.000745,172.31.46.0-255,66,114442,42,361696
14817,0.00077,74.125.200.0-255,5738,120180,42,361696
14818,0.000773,74.125.200.0-255,1484,121664,42,361696
14819,0.000795,74.125.200.0-255,5738,127402,42,361696
14820,0.000806,172.31.46.0-255,66,127468,42,361696
14821,0.000823,74.125.200.0-255,6438,133906,42,361696
14822,0.000843,172.31.46.0-255,66,133972,42,361696
14823,0.000874,74.125.200.0-255,1484,135456,42,361696
14824,0.000895,74.125.200.0-255,1484,136940,42,361696
14825,0.0009,172.31.46.0-255,66,137006,42,361696
14826,0.000909,74.125.200.0-255,1484,138490,42,361696
14827,0.000923,74.125.200.0-255,2902,141392,42,361696
14828,0.000935,74.125.200.0-255,2902,144294,42,361696
14829,0.000939,74.125.200.0-255,2902,147196,42,361696
14830,0.000946,172.31.46.0-255,66,147262,42,361696
14831,0.000953,74.125.200.0-255,1484,148746,42,361696
14832,0.000959,74.125.200.0-255,5738,154484,42,361696
14833,0.000964,74.125.200.0-255,4320,158804,42,361696
14834,0.000982,74.125.200.0-255,7156,165960,42,361696
14835,0.000985,74.125.200.0-255,2184,168144,42,361696
14836,0.001027,172.31.46.0-255,66,168210,42,361696
14837,0.001038,74.125.200.0-255,1484,169694,42,361696
14838,0.001042,74.125.200.0-255,2902,172596,42,361696
14839,0.001072,74.125.200.0-255,5738,178334,42,361696
14840,0.001079,74.125.200.0-255,5738,184072,42,361696
14841,0.001083,172.31.46.0-255,66,184138,42,361696
14842,0.001101,74.125.200.0-255,2902,187040,42,361696
14843,0.001124,74.125.200.0-255,2902,189942,42,361696
14844,0.001131,172.31.46.0-255,66,190008,42,361696
14845,0.001147,74.125.200.0-255,2184,192192,42,361696
14846,0.001163,172.31.46.0-255,66,192258,42,361696
14847,0.001188,74.125.200.0-255,1484,193742,42,361696
14848,0.001204,74.125.200.0-255,2902,196644,42,361696
14849,0.001228,74.125.200.0-255,5738,202382,42,361696
14850,0.001231,74.125.200.0-255,1484,203866,42,361696
14851,0.001237,172.31.46.0-255,66,203932,42,361696
14852,0.001248,74.125.200.0-255,1484,205416,42,361696
14853,0.001272,74.125.200.0-255,7156,212572,42,361696
14854,0.001277,74.125.200.0-255,2902,215474,42,361696
14855,0.001284,172.31.46.0-255,66,215540,42,361696
14856,0.00133,172.31.46.0-255,66,215606,42,361696
14857,0.001376,74.125.200.0-255,1484,217090,42,361696
14858,0.001394,74.125.200.0-255,2902,219992,42,361696
14859,0.001413,74.125.200.0-255,2902,222894,42,361696
14860,0.001433,172.31.46.0-255,66,222960,42,361696
14861,0.001438,74.125.200.0-255,2902,225862,42,361696
14862,0.001441,74.125.200.0-255,2902,228764,42,361696
14863,0.001452,74.125.200.0-255,4320,233084,42,361696
14864,0.001455,74.125.200.0-255,1484,234568,42,361696
14865,0.001461,172.31.46.0-255,66,234634,42,361696
14866,0.001489,74.125.200.0-255,7156,241790,42,361696
14867,0.001495,74.125.200.0-255,5738,247528,42,361696
14868,0.001519,172.31.46.0-255,66,247594,42,361696
14869,0.001531,74.125.200.0-255,2184,249778,42,361696
14870,0.001553,172.31.46.0-255,66,249844,42,361696
14871,0.001592,74.125.200.0-255,1484,251328,42,361696
14872,0.001614,74.125.200.0-255,2902,254230,42,361696
14873,0.001617,74.125.200.0-255,1484,255714,42,361696
14874,0.001631,74.125.200.0-255,1484,257198,42,361696
14875,0.001634,172.31.46.0-255,66,257264,42,361696
14876,0.001642,74.125.200.0-255,2902,260166,42,361696
14877,0.001646,74.125.200.0-255,2902,263068,42,361696
14878,0.001652,172.31.46.0-255,66,263134,42,361696
14879,0.001667,74.125.200.0-255,4320,267454,42,361696
14880,0.001694,74.125.200.0-255,7156,274610,42,361696
14881,0.001701,172.31.46.0-255,66,274676,42,361696
14882,0.001716,74.125.200.0-255,766,275442,42,361696
14883,0.001726,172.31.46.0-255,66,275508,42,361696
14884,0.001806,74.125.200.0-255,1484,276992,42,361696
14885,0.001819,74.125.200.0-255,1484,278476,42,361696
14886,0.001835,172.31.46.0-255,66,278542,42,361696
14887,0.001843,74.125.200.0-255,1484,280026,42,361696
14888,0.001847,74.125.200.0-255,4320,284346,42,361696
14889,0.001851,74.125.200.0-255,2902,287248,42,361696
14890,0.001857,172.31.46.0-255,66,287314,42,361696
14891,0.001872,74.125.200.0-255,2902,290216,42,361696
14892,0.001891,74.125.200.0-255,7156,297372,42,361696
14893,0.001896,172.31.46.0-255,66,297438,42,361696
14894,0.001915,74.125.200.0-255,2902,300340,42,361696
14895,0.001938,74.125.200.0-255,2902,303242,42,361696
14896,0.001941,172.31.46.0-255,66,303308,42,361696
14897,0.001949,172.31.46.0-255,66,303374,42,361696
14898,0.001961,74.125.200.0-255,4320,307694,42,361696
14899,0.001976,74.125.200.0-255,4320,312014,42,361696
14900,0.001986,172.31.46.0-255,66,312080,42,361696
14901,0.002003,74.125.200.0-255,3602,315682,42,361696
14902,0.002007,74.125.200.0-255,2902,318584,42,361696
14903,0.002053,74.125.200.0-255,5738,324322,42,361696
14904,0.002069,74.125.200.0-255,7156,331478,42,361696
14905,0.00208,172.31.46.0-255,66,331544,42,361696
14906,0.002087,172.31.46.0-255,66,331610,42,361696
14907,0.002097,74.125.200.0-255,5738,337348,42,361696
14908,0.002122,74.125.200.0-255,766,338114,42,361696
14909,0.00213,74.125.200.0-255,7156,345270,42,361696
14910,0.002147,172.31.46.0-255,66,345336,42,361696
14911,0.002165,74.125.200.0-255,1484,346820,42,361696
14912,0.002181,74.125.200.0-255,7156,353976,42,361696
14913,0.002186,172.31.46.0-255,66,354042,42,361696
14914,0.002209,74.125.200.0-255,4320,358362,42,361696
14915,0.002215,74.125.200.0-255,2926,361288,42,361696
14916,0.002221,172.31.46.0-255,66,361354,42,361696
14917,0.002234,74.125.200.0-255,105,361459,42,361696
14918,0.004897,172.31.46.0-255,66,361525,42,361696
14919,0.004942,172.31.46.0-255,105,361630,42,361696
14920,0.007223,74.125.200.0-255,66,361696,42,361696
14921,0.0,74.125.200.0-255,152,152,42,256217
14922,2.2e-05,172.31.46.0-255,66,218,42,256217
14923,2.9e-05,74.125.200.0-255,1484,1702,42,256217
14924,3.3e-05,172.31.46.0-255,66,1768,42,256217
14925,3.9e-05,74.125.200.0-255,2902,4670,42,256217
14926,4.3e-05,172.31.46.0-255,66,4736,42,256217
14927,7.9e-05,74.125.200.0-255,7156,11892,42,256217
14928,8.2e-05,172.31.46.0-255,66,11958,42,256217
14929,0.000108,74.125.200.0-255,1484,13442,42,256217
14930,0.00011,172.31.46.0-255,66,13508,42,256217
14931,0.000136,74.125.200.0-255,6301,19809,42,256217
14932,0.000138,172.31.46.0-255,66,19875,42,256217
14933,0.000141,74.125.200.0-255,1484,21359,42,256217
14934,0.000144,172.31.46.0-255,66,21425,42,256217
14935,0.00017,74.125.200.0-255,7156,28581,42,256217
14936,0.000173,172.31.46.0-255,66,28647,42,256217
14937,0.000177,74.125.200.0-255,2543,31190,42,256217
14938,0.000179,172.31.46.0-255,66,31256,42,256217
14939,0.00029,74.125.200.0-255,1484,32740,42,256217
14940,0.000294,172.31.46.0-255,66,32806,42,256217
14941,0.000298,74.125.200.0-255,1484,34290,42,256217
14942,0.000301,172.31.46.0-255,66,34356,42,256217
14943,0.000312,74.125.200.0-255,1484,35840,42,256217
14944,0.000314,172.31.46.0-255,66,35906,42,256217
14945,0.00032,74.125.200.0-255,2902,38808,42,256217
14946,0.000322,172.31.46.0-255,66,38874,42,256217
14947,0.000351,74.125.200.0-255,4320,43194,42,256217
14948,0.000354,172.31.46.0-255,66,43260,42,256217
14949,0.000369,74.125.200.0-255,2902,46162,42,256217
14950,0.000371,172.31.46.0-255,66,46228,42,256217
14951,0.000389,74.125.200.0-255,2543,48771,42,256217
14952,0.000391,172.31.46.0-255,66,48837,42,256217
14953,0.000397,74.125.200.0-255,4320,53157,42,256217
14954,0.000399,172.31.46.0-255,66,53223,42,256217
14955,0.000414,74.125.200.0-255,1484,54707,42,256217
14956,0.00042,74.125.200.0-255,2902,57609,42,256217
14957,0.000423,172.31.46.0-255,66,57675,42,256217
14958,0.000442,74.125.200.0-255,4320,61995,42,256217
14959,0.000445,172.31.46.0-255,66,62061,42,256217
14960,0.000472,74.125.200.0-255,4271,66332,42,256217
14961,0.000474,172.31.46.0-255,66,66398,42,256217
14962,0.000555,74.125.200.0-255,108,66506,42,256217
14963,0.000671,74.125.200.0-255,1484,67990,42,256217
14964,0.000677,172.31.46.0-255,66,68056,42,256217
14965,0.000681,74.125.200.0-255,1484,69540,42,256217
14966,0.000696,74.125.200.0-255,1484,71024,42,256217
14967,0.000699,172.31.46.0-255,66,71090,42,256217
14968,0.000705,74.125.200.0-255,4320,75410,42,256217
14969,0.000707,172.31.46.0-255,66,75476,42,256217
14970,0.000733,74.125.200.0-255,1484,76960,42,256217
14971,0.000741,74.125.200.0-255,5738,82698,42,256217
14972,0.000744,172.31.46.0-255,66,82764,42,256217
14973,0.000752,74.125.200.0-255,7156,89920,42,256217
14974,0.000754,172.31.46.0-255,66,89986,42,256217
14975,0.000778,74.125.200.0-255,2902,92888,42,256217
14976,0.000782,172.31.46.0-255,66,92954,42,256217
14977,0.000809,172.31.46.0-255,66,93020,42,256217
14978,0.001333,74.125.200.0-255,1484,94504,42,256217
14979,0.00134,74.125.200.0-255,2902,97406,42,256217
14980,0.001344,172.31.46.0-255,66,97472,42,256217
14981,0.001362,74.125.200.0-255,5738,103210,42,256217
14982,0.001364,172.31.46.0-255,66,103276,42,256217
14983,0.001391,74.125.200.0-255,7156,110432,42,256217
14984,0.001394,172.31.46.0-255,66,110498,42,256217
14985,0.001441,74.125.200.0-255,5738,116236,42,256217
14986,0.001444,172.31.46.0-255,66,116302,42,256217
14987,0.001459,74.125.200.0-255,2902,119204,42,256217
14988,0.001461,172.31.46.0-255,66,119270,42,256217
14989,0.001468,74.125.200.0-255,7156,126426,42,256217
14990,0.00147,172.31.46.0-255,66,126492,42,256217
14991,0.001473,74.125.200.0-255,766,127258,42,256217
14992,0.001565,74.125.200.0-255,1484,128742,42,256217
14993,0.001569,172.31.46.0-255,66,128808,42,256217
14994,0.001601,74.125.200.0-255,2902,131710,42,256217
14995,0.001604,172.31.46.0-255,66,131776,42,256217
14996,0.001611,74.125.200.0-255,5738,137514,42,256217
14997,0.001613,172.31.46.0-255,66,137580,42,256217
14998,0.001633,74.125.200.0-255,4320,141900,42,256217
14999,0.001635,172.31.46.0-255,66,141966,42,256217
15000,0.001658,172.31.46.0-255,66,142032,42,256217
15001,0.00168,74.125.200.0-255,1484,143516,42,256217
15002,0.001708,172.31.46.0-255,66,143582,42,256217
15003,0.001853,74.125.200.0-255,1484,145066,42,256217
15004,0.001857,74.125.200.0-255,1484,146550,42,256217
15005,0.00186,172.31.46.0-255,66,146616,42,256217
15006,0.001878,74.125.200.0-255,1484,148100,42,256217
15007,0.001885,74.125.200.0-255,5738,153838,42,256217
15008,0.001887,172.31.46.0-255,66,153904,42,256217
15009,0.001902,74.125.200.0-255,2902,156806,42,256217
15010,0.001904,172.31.46.0-255,66,156872,42,256217
15011,0.001919,74.125.200.0-255,4320,161192,42,256217
15012,0.001922,172.31.46.0-255,66,161258,42,256217
15013,0.001937,74.125.200.0-255,5738,166996,42,256217
15014,0.00194,172.31.46.0-255,66,167062,42,256217
15015,0.001967,172.31.46.0-255,66,167128,42,256217
15016,0.001979,172.31.46.0-255,101,167229,42,256217
15017,0.001983,74.125.200.0-255,2184,169413,42,256217
15018,0.001988,172.31.46.0-255,66,169479,42,256217
15019,0.002106,74.125.200.0-255,1484,170963,42,256217
15020,0.002121,74.125.200.0-255,2902,173865,42,256217
15021,0.002124,172.31.46.0-255,66,173931,42,256217
15022,0.002143,74.125.200.0-255,1484,175415,42,256217
15023,0.002147,74.125.200.0-255,2902,178317,42,256217
15024,0.00215,172.31.46.0-255,66,178383,42,256217
15025,0.002153,74.125.200.0-255,1484,179867,42,256217
15026,0.002171,74.125.200.0-255,4320,184187,42,256217
15027,0.002174,172.31.46.0-255,66,184253,42,256217
15028,0.00221,172.31.46.0-255,66,184319,42,256217
15029,0.002224,74.125.200.0-255,4320,188639,42,256217
15030,0.002226,172.31.46.0-255,66,188705,42,256217
15031,0.00225,74.125.200.0-255,5738,194443,42,256217
15032,0.002253,172.31.46.0-255,66,194509,42,256217
15033,0.002271,74.125.200.0-255,4320,198829,42,256217
15034,0.002273,172.31.46.0-255,66,198895,42,256217
15035,0.002292,74.125.200.0-255,6438,205333,42,256217
15036,0.002295,172.31.46.0-255,66,205399,42,256217
15037,0.002317,74.125.200.0-255,4320,209719,42,256217
15038,0.002323,74.125.200.0-255,5738,215457,42,256217
15039,0.002346,172.31.46.0-255,66,215523,42,256217
15040,0.004232,74.125.200.0-255,66,215589,42,256217
15041,0.004624,74.125.200.0-255,5738,221327,42,256217
15042,0.006085,172.31.46.0-255,66,221393,42,256217
15043,0.00838,74.125.200.0-255,5738,227131,42,256217
15044,0.008386,172.31.46.0-255,66,227197,42,256217
15045,0.010685,74.125.200.0-255,5738,232935,42,256217
15046,0.010692,172.31.46.0-255,66,233001,42,256217
15047,0.012988,74.125.200.0-255,5738,238739,42,256217
15048,0.012996,172.31.46.0-255,66,238805,42,256217
15049,0.015306,74.125.200.0-255,5738,244543,42,256217
15050,0.015317,172.31.46.0-255,66,244609,42,256217
15051,0.017624,74.125.200.0-255,5738,250347,42,256217
15052,0.017634,172.31.46.0-255,66,250413,42,256217
15053,0.019927,74.125.200.0-255,5738,256151,42,256217
15054,0.019936,172.31.46.0-255,66,256217,42,256217
15055,0.0,74.125.24.0-255,153,153,42,87219
15056,3.6e-05,172.31.46.0-255,66,219,42,87219
15057,4.4e-05,74.125.24.0-255,1484,1703,42,87219
15058,4.7e-05,172.31.46.0-255,66,1769,42,87219
15059,5.3e-05,74.125.24.0-255,2902,4671,42,87219
15060,6.3e-05,172.31.46.0-255,66,4737,42,87219
15061,7.1e-05,74.125.24.0-255,7156,11893,42,87219
15062,7.5e-05,172.31.46.0-255,66,11959,42,87219
15063,7.8e-05,74.125.24.0-255,1931,13890,42,87219
15064,8.2e-05,172.31.46.0-255,66,13956,42,87219
15065,0.000354,74.125.24.0-255,1484,15440,42,87219
15066,0.000361,172.31.46.0-255,66,15506,42,87219
15067,0.000366,74.125.24.0-255,1484,16990,42,87219
15068,0.000369,172.31.46.0-255,66,17056,42,87219
15069,0.000398,74.125.24.0-255,1484,18540,42,87219
15070,0.000402,172.31.46.0-255,66,18606,42,87219
15071,0.000409,74.125.24.0-255,5738,24344,42,87219
15072,0.000412,172.31.46.0-255,66,24410,42,87219
15073,0.000426,74.125.24.0-255,6797,31207,42,87219
15074,0.00043,172.31.46.0-255,66,31273,42,87219
15075,0.00055,74.125.24.0-255,1484,32757,42,87219
15076,0.000554,172.31.46.0-255,66,32823,42,87219
15077,0.000559,74.125.24.0-255,1484,34307,42,87219
15078,0.000561,172.31.46.0-255,66,34373,42,87219
15079,0.000596,74.125.24.0-255,1484,35857,42,87219
15080,0.000599,172.31.46.0-255,66,35923,42,87219
15081,0.000607,74.125.24.0-255,5738,41661,42,87219
15082,0.00061,172.31.46.0-255,66,41727,42,87219
15083,0.000646,74.125.24.0-255,5738,47465,42,87219
15084,0.00065,172.31.46.0-255,66,47531,42,87219
15085,0.00069,172.31.46.0-255,66,47597,42,87219
15086,0.000712,172.31.46.0-255,66,47663,42,87219
15087,0.002667,74.125.24.0-255,346,48009,42,87219
15088,0.00333,74.125.24.0-255,4320,52329,42,87219
15089,0.003337,172.31.46.0-255,66,52395,42,87219
15090,0.005938,74.125.24.0-255,5738,58133,42,87219
15091,0.005945,172.31.46.0-255,66,58199,42,87219
15092,0.008524,74.125.24.0-255,5738,63937,42,87219
15093,0.008531,172.31.46.0-255,66,64003,42,87219
15094,0.011152,74.125.24.0-255,5738,69741,42,87219
15095,0.01116,172.31.46.0-255,66,69807,42,87219
15096,0.013749,74.125.24.0-255,5738,75545,42,87219
15097,0.013758,172.31.46.0-255,66,75611,42,87219
15098,0.016384,74.125.24.0-255,5738,81349,42,87219
15099,0.016393,172.31.46.0-255,66,81415,42,87219
15100,0.019017,74.125.24.0-255,5738,87153,42,87219
15101,0.019028,172.31.46.0-255,66,87219,42,87219
15102,0.0,172.217.194.0-255,150,150,42,206778
15103,1.8e-05,172.31.46.0-255,66,216,42,206778
15104,2.7e-05,172.217.194.0-255,1484,1700,42,206778
15105,3.2e-05,172.31.46.0-255,66,1766,42,206778
15106,3.7e-05,172.217.194.0-255,2902,4668,42,206778
15107,4.8e-05,172.31.46.0-255,66,4734,42,206778
15108,5.6e-05,172.217.194.0-255,7156,11890,42,206778
15109,7.2e-05,172.31.46.0-255,66,11956,42,206778
15110,7.7e-05,172.217.194.0-255,2043,13999,42,206778
15111,8.1e-05,172.31.46.0-255,66,14065,42,206778
15112,0.000123,172.217.194.0-255,2902,16967,42,206778
15113,0.000127,172.31.46.0-255,66,17033,42,206778
15114,0.000133,172.217.194.0-255,4320,21353,42,206778
15115,0.000136,172.31.46.0-255,66,21419,42,206778
15116,0.000188,172.217.194.0-255,4320,25739,42,206778
15117,0.00019,172.31.46.0-255,66,25805,42,206778
15118,0.000216,172.217.194.0-255,4320,30125,42,206778
15119,0.000219,172.31.46.0-255,66,30191,42,206778
15120,0.000222,172.217.194.0-255,1125,31316,42,206778
15121,0.000224,172.31.46.0-255,66,31382,42,206778
15122,0.000238,172.31.46.0-255,66,31448,42,206778
15123,0.000245,172.217.194.0-255,5379,36827,42,206778
15124,0.000247,172.31.46.0-255,66,36893,42,206778
15125,0.000272,172.217.194.0-255,4320,41213,42,206778
15126,0.000274,172.31.46.0-255,66,41279,42,206778
15127,0.000308,172.31.46.0-255,66,41345,42,206778
15128,0.00034,172.217.194.0-255,3961,45306,42,206778
15129,0.000342,172.31.46.0-255,66,45372,42,206778
15130,0.000345,172.217.194.0-255,361,45733,42,206778
15131,0.000347,172.31.46.0-255,66,45799,42,206778
15132,0.000449,172.217.194.0-255,381,46180,42,206778
15133,0.000782,172.217.194.0-255,1484,47664,42,206778
15134,0.000789,172.31.46.0-255,66,47730,42,206778
15135,0.000795,172.217.194.0-255,2902,50632,42,206778
15136,0.000797,172.31.46.0-255,66,50698,42,206778
15137,0.000836,172.217.194.0-255,5738,56436,42,206778
15138,0.000839,172.31.46.0-255,66,56502,42,206778
15139,0.000845,172.217.194.0-255,4320,60822,42,206778
15140,0.000847,172.31.46.0-255,66,60888,42,206778
15141,0.000877,172.217.194.0-255,5738,66626,42,206778
15142,0.000885,172.31.46.0-255,66,66692,42,206778
15143,0.000901,172.217.194.0-255,5738,72430,42,206778
15144,0.000903,172.31.46.0-255,66,72496,42,206778
15145,0.000906,172.217.194.0-255,1484,73980,42,206778
15146,0.000926,172.217.194.0-255,6438,80418,42,206778
15147,0.000928,172.31.46.0-255,66,80484,42,206778
15148,0.00105,172.217.194.0-255,1484,81968,42,206778
15149,0.001056,172.217.194.0-255,2902,84870,42,206778
15150,0.001059,172.31.46.0-255,66,84936,42,206778
15151,0.001066,172.217.194.0-255,5738,90674,42,206778
15152,0.001068,172.31.46.0-255,66,90740,42,206778
15153,0.001079,172.217.194.0-255,4320,95060,42,206778
15154,0.001082,172.31.46.0-255,66,95126,42,206778
15155,0.001096,172.31.46.0-255,66,95192,42,206778
15156,0.00113,172.217.194.0-255,1484,96676,42,206778
15157,0.00114,172.31.46.0-255,66,96742,42,206778
15158,0.001182,172.217.194.0-255,1484,98226,42,206778
15159,0.001193,172.217.194.0-255,2902,101128,42,206778
15160,0.001196,172.31.46.0-255,66,101194,42,206778
15161,0.001228,172.217.194.0-255,5738,106932,42,206778
15162,0.001231,172.31.46.0-255,66,106998,42,206778
15163,0.001238,172.217.194.0-255,7156,114154,42,206778
15164,0.00124,172.31.46.0-255,66,114220,42,206778
15165,0.001245,172.217.194.0-255,4320,118540,42,206778
15166,0.001246,172.31.46.0-255,66,118606,42,206778
15167,0.001291,172.31.46.0-255,66,118672,42,206778
15168,0.001295,172.217.194.0-255,2184,120856,42,206778
15169,0.001297,172.31.46.0-255,66,120922,42,206778
15170,0.001437,172.217.194.0-255,1484,122406,42,206778
15171,0.001449,172.217.194.0-255,2902,125308,42,206778
15172,0.001452,172.31.46.0-255,66,125374,42,206778
15173,0.001478,172.217.194.0-255,5738,131112,42,206778
15174,0.00148,172.31.46.0-255,66,131178,42,206778
15175,0.001485,172.217.194.0-255,4320,135498,42,206778
15176,0.001487,172.31.46.0-255,66,135564,42,206778
15177,0.001531,172.217.194.0-255,1484,137048,42,206778
15178,0.001544,172.31.46.0-255,66,137114,42,206778
15179,0.001549,172.217.194.0-255,5020,142134,42,206778
15180,0.001551,172.31.46.0-255,66,142200,42,206778
15181,0.001791,172.217.194.0-255,1484,143684,42,206778
15182,0.001796,172.217.194.0-255,2902,146586,42,206778
15183,0.001824,172.31.46.0-255,66,146652,42,206778
15184,0.001854,172.217.194.0-255,5738,152390,42,206778
15185,0.001856,172.31.46.0-255,66,152456,42,206778
15186,0.001861,172.217.194.0-255,2902,155358,42,206778
15187,0.001862,172.31.46.0-255,66,155424,42,206778
15188,0.001873,172.31.46.0-255,66,155490,42,206778
15189,0.001904,172.31.46.0-255,66,155556,42,206778
15190,0.001915,172.217.194.0-255,2184,157740,42,206778
15191,0.001917,172.31.46.0-255,66,157806,42,206778
15192,0.001947,172.31.46.0-255,66,157872,42,206778
15193,0.001967,172.217.194.0-255,1484,159356,42,206778
15194,0.001984,172.31.46.0-255,66,159422,42,206778
15195,0.00202,172.31.46.0-255,66,159488,42,206778
15196,0.002065,172.217.194.0-255,1484,160972,42,206778
15197,0.00406,172.217.194.0-255,4320,165292,42,206778
15198,0.004081,172.31.46.0-255,66,165358,42,206778
15199,0.006114,172.217.194.0-255,2902,168260,42,206778
15200,0.006119,172.31.46.0-255,66,168326,42,206778
15201,0.006146,172.217.194.0-255,2902,171228,42,206778
15202,0.006149,172.31.46.0-255,66,171294,42,206778
15203,0.008141,172.217.194.0-255,2902,174196,42,206778
15204,0.008146,172.31.46.0-255,66,174262,42,206778
15205,0.008202,172.217.194.0-255,2902,177164,42,206778
15206,0.008205,172.31.46.0-255,66,177230,42,206778
15207,0.010173,172.217.194.0-255,2902,180132,42,206778
15208,0.010179,172.31.46.0-255,66,180198,42,206778
15209,0.010234,172.217.194.0-255,2902,183100,42,206778
15210,0.010237,172.31.46.0-255,66,183166,42,206778
15211,0.012241,172.217.194.0-255,2902,186068,42,206778
15212,0.012249,172.31.46.0-255,66,186134,42,206778
15213,0.012278,172.217.194.0-255,2902,189036,42,206778
15214,0.012282,172.31.46.0-255,66,189102,42,206778
15215,0.014274,172.217.194.0-255,2902,192004,42,206778
15216,0.014282,172.31.46.0-255,66,192070,42,206778
15217,0.014329,172.217.194.0-255,2902,194972,42,206778
15218,0.014333,172.31.46.0-255,66,195038,42,206778
15219,0.016363,172.217.194.0-255,2902,197940,42,206778
15220,0.016371,172.31.46.0-255,66,198006,42,206778
15221,0.016402,172.217.194.0-255,2902,200908,42,206778
15222,0.016405,172.31.46.0-255,66,200974,42,206778
15223,0.018446,172.217.194.0-255,5738,206712,42,206778
15224,0.018455,172.31.46.0-255,66,206778,42,206778
15225,0.0,172.217.194.0-255,145,145,42,197403
15226,2.4e-05,172.31.46.0-255,66,211,42,197403
15227,3.1e-05,172.217.194.0-255,1484,1695,42,197403
15228,3.5e-05,172.31.46.0-255,66,1761,42,197403
15229,4.1e-05,172.217.194.0-255,2902,4663,42,197403
15230,4.4e-05,172.31.46.0-255,66,4729,42,197403
15231,5.3e-05,172.217.194.0-255,7156,11885,42,197403
15232,5.7e-05,172.31.46.0-255,66,11951,42,197403
15233,6.1e-05,172.217.194.0-255,2116,14067,42,197403
15234,6.4e-05,172.31.46.0-255,66,14133,42,197403
15235,9.9e-05,172.217.194.0-255,1484,15617,42,197403
15236,0.000102,172.31.46.0-255,66,15683,42,197403
15237,0.00011,172.217.194.0-255,2902,18585,42,197403
15238,0.000113,172.31.46.0-255,66,18651,42,197403
15239,0.000129,172.217.194.0-255,1484,20135,42,197403
15240,0.000131,172.31.46.0-255,66,20201,42,197403
15241,0.000157,172.217.194.0-255,4320,24521,42,197403
15242,0.00016,172.31.46.0-255,66,24587,42,197403
15243,0.000168,172.217.194.0-255,6797,31384,42,197403
15244,0.00017,172.31.46.0-255,66,31450,42,197403
15245,0.000209,172.217.194.0-255,1484,32934,42,197403
15246,0.000212,172.31.46.0-255,66,33000,42,197403
15247,0.000217,172.217.194.0-255,2902,35902,42,197403
15248,0.00022,172.31.46.0-255,66,35968,42,197403
15249,0.000226,172.217.194.0-255,5738,41706,42,197403
15250,0.000229,172.31.46.0-255,66,41772,42,197403
15251,0.000252,172.217.194.0-255,6797,48569,42,197403
15252,0.000255,172.31.46.0-255,66,48635,42,197403
15253,0.000287,172.217.194.0-255,1484,50119,42,197403
15254,0.000289,172.31.46.0-255,66,50185,42,197403
15255,0.000307,172.217.194.0-255,1484,51669,42,197403
15256,0.000309,172.31.46.0-255,66,51735,42,197403
15257,0.000315,172.217.194.0-255,4320,56055,42,197403
15258,0.000317,172.31.46.0-255,66,56121,42,197403
15259,0.000323,172.217.194.0-255,4320,60441,42,197403
15260,0.000325,172.31.46.0-255,66,60507,42,197403
15261,0.000343,172.217.194.0-255,4320,64827,42,197403
15262,0.000346,172.31.46.0-255,66,64893,42,197403
15263,0.000349,172.217.194.0-255,1125,66018,42,197403
15264,0.000623,172.217.194.0-255,647,66665,42,197403
15265,0.000631,172.31.46.0-255,66,66731,42,197403
15266,0.000726,172.217.194.0-255,1484,68215,42,197403
15267,0.000732,172.217.194.0-255,2902,71117,42,197403
15268,0.000736,172.31.46.0-255,66,71183,42,197403
15269,0.000753,172.217.194.0-255,2902,74085,42,197403
15270,0.000756,172.31.46.0-255,66,74151,42,197403
15271,0.000784,172.217.194.0-255,2902,77053,42,197403
15272,0.000788,172.31.46.0-255,66,77119,42,197403
15273,0.000795,172.217.194.0-255,6797,83916,42,197403
15274,0.000797,172.31.46.0-255,66,83982,42,197403
15275,0.000913,172.217.194.0-255,1484,85466,42,197403
15276,0.000933,172.217.194.0-255,2902,88368,42,197403
15277,0.000936,172.31.46.0-255,66,88434,42,197403
15278,0.000942,172.217.194.0-255,2902,91336,42,197403
15279,0.000944,172.31.46.0-255,66,91402,42,197403
15280,0.00096,172.217.194.0-255,2902,94304,42,197403
15281,0.000962,172.31.46.0-255,66,94370,42,197403
15282,0.000969,172.217.194.0-255,6797,101167,42,197403
15283,0.000972,172.31.46.0-255,66,101233,42,197403
15284,0.001365,172.217.194.0-255,1484,102717,42,197403
15285,0.001371,172.217.194.0-255,2902,105619,42,197403
15286,0.001375,172.31.46.0-255,66,105685,42,197403
15287,0.001379,172.217.194.0-255,1484,107169,42,197403
15288,0.001397,172.217.194.0-255,4320,111489,42,197403
15289,0.001399,172.31.46.0-255,66,111555,42,197403
15290,0.001404,172.217.194.0-255,2902,114457,42,197403
15291,0.001407,172.31.46.0-255,66,114523,42,197403
15292,0.001452,172.31.46.0-255,66,114589,42,197403
15293,0.001464,172.31.46.0-255,66,114655,42,197403
15294,0.001467,172.217.194.0-255,766,115421,42,197403
15295,0.001546,172.217.194.0-255,1484,116905,42,197403
15296,0.001549,172.31.46.0-255,66,116971,42,197403
15297,0.001555,172.217.194.0-255,2902,119873,42,197403
15298,0.001557,172.31.46.0-255,66,119939,42,197403
15299,0.001563,172.217.194.0-255,5738,125677,42,197403
15300,0.001565,172.31.46.0-255,66,125743,42,197403
15301,0.001587,172.217.194.0-255,5738,131481,42,197403
15302,0.001589,172.31.46.0-255,66,131547,42,197403
15303,0.001617,172.217.194.0-255,7156,138703,42,197403
15304,0.00162,172.31.46.0-255,66,138769,42,197403
15305,0.001624,172.217.194.0-255,2902,141671,42,197403
15306,0.001627,172.31.46.0-255,66,141737,42,197403
15307,0.00165,172.31.46.0-255,66,141803,42,197403
15308,0.001751,172.217.194.0-255,1484,143287,42,197403
15309,0.001756,172.217.194.0-255,1484,144771,42,197403
15310,0.001758,172.31.46.0-255,66,144837,42,197403
15311,0.001774,172.217.194.0-255,1484,146321,42,197403
15312,0.00178,172.217.194.0-255,4320,150641,42,197403
15313,0.001783,172.217.194.0-255,2902,153543,42,197403
15314,0.001787,172.31.46.0-255,66,153609,42,197403
15315,0.00179,172.31.46.0-255,66,153675,42,197403
15316,0.001811,172.217.194.0-255,2902,156577,42,197403
15317,0.001813,172.31.46.0-255,66,156643,42,197403
15318,0.001828,172.31.46.0-255,66,156709,42,197403
15319,0.001839,172.31.46.0-255,66,156775,42,197403
15320,0.004181,172.217.194.0-255,5738,162513,42,197403
15321,0.004196,172.31.46.0-255,66,162579,42,197403
15322,0.006531,172.217.194.0-255,5738,168317,42,197403
15323,0.006537,172.31.46.0-255,66,168383,42,197403
15324,0.008876,172.217.194.0-255,5738,174121,42,197403
15325,0.008885,172.31.46.0-255,66,174187,42,197403
15326,0.011219,172.217.194.0-255,5738,179925,42,197403
15327,0.011232,172.31.46.0-255,66,179991,42,197403
15328,0.013574,172.217.194.0-255,5738,185729,42,197403
15329,0.01359,172.31.46.0-255,66,185795,42,197403
15330,0.01596,172.217.194.0-255,5738,191533,42,197403
15331,0.015979,172.31.46.0-255,66,191599,42,197403
15332,0.018367,172.217.194.0-255,5738,197337,42,197403
15333,0.018383,172.31.46.0-255,66,197403,42,197403
15334,0.0,74.125.200.0-255,152,152,42,242024
15335,2.2e-05,172.31.46.0-255,66,218,42,242024
15336,2.9e-05,74.125.200.0-255,1484,1702,42,242024
15337,3.4e-05,172.31.46.0-255,66,1768,42,242024
15338,4e-05,74.125.200.0-255,2902,4670,42,242024
15339,4.4e-05,172.31.46.0-255,66,4736,42,242024
15340,6.8e-05,74.125.200.0-255,5738,10474,42,242024
15341,7.1e-05,172.31.46.0-255,66,10540,42,242024
15342,7.6e-05,74.125.200.0-255,2902,13442,42,242024
15343,7.8e-05,172.31.46.0-255,66,13508,42,242024
15344,9.9e-05,74.125.200.0-255,644,14152,42,242024
15345,0.000101,172.31.46.0-255,66,14218,42,242024
15346,0.000266,74.125.200.0-255,1484,15702,42,242024
15347,0.000272,172.31.46.0-255,66,15768,42,242024
15348,0.000279,74.125.200.0-255,2902,18670,42,242024
15349,0.000281,172.31.46.0-255,66,18736,42,242024
15350,0.000303,74.125.200.0-255,1484,20220,42,242024
15351,0.000306,172.31.46.0-255,66,20286,42,242024
15352,0.000327,74.125.200.0-255,4320,24606,42,242024
15353,0.00033,172.31.46.0-255,66,24672,42,242024
15354,0.000333,74.125.200.0-255,1484,26156,42,242024
15355,0.000335,172.31.46.0-255,66,26222,42,242024
15356,0.00034,74.125.200.0-255,2902,29124,42,242024
15357,0.000342,172.31.46.0-255,66,29190,42,242024
15358,0.000364,74.125.200.0-255,1484,30674,42,242024
15359,0.000367,172.31.46.0-255,66,30740,42,242024
15360,0.000389,74.125.200.0-255,5379,36119,42,242024
15361,0.000392,172.31.46.0-255,66,36185,42,242024
15362,0.000416,74.125.200.0-255,7156,43341,42,242024
15363,0.000419,172.31.46.0-255,66,43407,42,242024
15364,0.000431,74.125.200.0-255,1484,44891,42,242024
15365,0.000434,172.31.46.0-255,66,44957,42,242024
15366,0.00048,172.31.46.0-255,66,45023,42,242024
15367,0.000485,74.125.200.0-255,4320,49343,42,242024
15368,0.000488,172.31.46.0-255,66,49409,42,242024
15369,0.000504,74.125.200.0-255,2184,51593,42,242024
15370,0.000506,172.31.46.0-255,66,51659,42,242024
15371,0.000762,74.125.200.0-255,400,52059,42,242024
15372,0.000784,74.125.200.0-255,110,52169,42,242024
15373,0.000862,74.125.200.0-255,1484,53653,42,242024
15374,0.000866,172.31.46.0-255,66,53719,42,242024
15375,0.000882,74.125.200.0-255,2902,56621,42,242024
15376,0.000886,172.31.46.0-255,66,56687,42,242024
15377,0.000913,74.125.200.0-255,4320,61007,42,242024
15378,0.000917,172.31.46.0-255,66,61073,42,242024
15379,0.000936,74.125.200.0-255,1484,62557,42,242024
15380,0.000942,74.125.200.0-255,5738,68295,42,242024
15381,0.000945,172.31.46.0-255,66,68361,42,242024
15382,0.000973,74.125.200.0-255,7156,75517,42,242024
15383,0.000976,172.31.46.0-255,66,75583,42,242024
15384,0.000993,74.125.200.0-255,4320,79903,42,242024
15385,0.000996,172.31.46.0-255,66,79969,42,242024
15386,0.00102,74.125.200.0-255,6701,86670,42,242024
15387,0.001023,172.31.46.0-255,66,86736,42,242024
15388,0.001358,74.125.200.0-255,1484,88220,42,242024
15389,0.001365,74.125.200.0-255,2902,91122,42,242024
15390,0.001368,172.31.46.0-255,66,91188,42,242024
15391,0.001417,74.125.200.0-255,2902,94090,42,242024
15392,0.00142,172.31.46.0-255,66,94156,42,242024
15393,0.001426,74.125.200.0-255,4320,98476,42,242024
15394,0.001428,172.31.46.0-255,66,98542,42,242024
15395,0.001448,74.125.200.0-255,7156,105698,42,242024
15396,0.001452,172.31.46.0-255,66,105764,42,242024
15397,0.001468,74.125.200.0-255,1484,107248,42,242024
15398,0.001472,74.125.200.0-255,1484,108732,42,242024
15399,0.001474,172.31.46.0-255,66,108798,42,242024
15400,0.001515,172.31.46.0-255,66,108864,42,242024
15401,0.00152,74.125.200.0-255,3602,112466,42,242024
15402,0.001522,172.31.46.0-255,66,112532,42,242024
15403,0.0017,74.125.200.0-255,1484,114016,42,242024
15404,0.001714,74.125.200.0-255,2902,116918,42,242024
15405,0.001717,172.31.46.0-255,66,116984,42,242024
15406,0.001743,74.125.200.0-255,4320,121304,42,242024
15407,0.001746,172.31.46.0-255,66,121370,42,242024
15408,0.001753,74.125.200.0-255,5738,127108,42,242024
15409,0.001756,172.31.46.0-255,66,127174,42,242024
15410,0.001771,74.125.200.0-255,2902,130076,42,242024
15411,0.001774,172.31.46.0-255,66,130142,42,242024
15412,0.001799,172.31.46.0-255,66,130208,42,242024
15413,0.001804,74.125.200.0-255,4320,134528,42,242024
15414,0.001807,172.31.46.0-255,66,134594,42,242024
15415,0.001828,74.125.200.0-255,1484,136078,42,242024
15416,0.001844,74.125.200.0-255,2184,138262,42,242024
15417,0.001846,172.31.46.0-255,66,138328,42,242024
15418,0.001998,74.125.200.0-255,1484,139812,42,242024
15419,0.002004,74.125.200.0-255,2902,142714,42,242024
15420,0.002007,172.31.46.0-255,66,142780,42,242024
15421,0.002012,74.125.200.0-255,2902,145682,42,242024
15422,0.002014,172.31.46.0-255,66,145748,42,242024
15423,0.002029,74.125.200.0-255,1484,147232,42,242024
15424,0.002036,74.125.200.0-255,5738,152970,42,242024
15425,0.002038,172.31.46.0-255,66,153036,42,242024
15426,0.002064,74.125.200.0-255,2902,155938,42,242024
15427,0.002066,172.31.46.0-255,66,156004,42,242024
15428,0.002069,74.125.200.0-255,1484,157488,42,242024
15429,0.002075,74.125.200.0-255,4320,161808,42,242024
15430,0.002077,172.31.46.0-255,66,161874,42,242024
15431,0.002106,74.125.200.0-255,7156,169030,42,242024
15432,0.002108,74.125.200.0-255,1484,170514,42,242024
15433,0.002112,172.31.46.0-255,66,170580,42,242024
15434,0.002149,74.125.200.0-255,2184,172764,42,242024
15435,0.002152,172.31.46.0-255,66,172830,42,242024
15436,0.002349,74.125.200.0-255,1484,174314,42,242024
15437,0.002369,74.125.200.0-255,2902,177216,42,242024
15438,0.002373,172.31.46.0-255,66,177282,42,242024
15439,0.002397,74.125.200.0-255,5738,183020,42,242024
15440,0.0024,172.31.46.0-255,66,183086,42,242024
15441,0.002405,74.125.200.0-255,4320,187406,42,242024
15442,0.002407,172.31.46.0-255,66,187472,42,242024
15443,0.002428,74.125.200.0-255,2902,190374,42,242024
15444,0.002431,172.31.46.0-255,66,190440,42,242024
15445,0.002446,74.125.200.0-255,1484,191924,42,242024
15446,0.002462,74.125.200.0-255,7156,199080,42,242024
15447,0.002464,172.31.46.0-255,66,199146,42,242024
15448,0.002486,74.125.200.0-255,5738,204884,42,242024
15449,0.002489,172.31.46.0-255,66,204950,42,242024
15450,0.002494,74.125.200.0-255,2184,207134,42,242024
15451,0.002496,172.31.46.0-255,66,207200,42,242024
15452,0.005054,74.125.200.0-255,5738,212938,42,242024
15453,0.005064,172.31.46.0-255,66,213004,42,242024
15454,0.007615,74.125.200.0-255,5738,218742,42,242024
15455,0.007622,172.31.46.0-255,66,218808,42,242024
15456,0.010182,74.125.200.0-255,5738,224546,42,242024
15457,0.010191,172.31.46.0-255,66,224612,42,242024
15458,0.012765,74.125.200.0-255,5738,230350,42,242024
15459,0.012773,172.31.46.0-255,66,230416,42,242024
15460,0.015325,74.125.200.0-255,5738,236154,42,242024
15461,0.015333,172.31.46.0-255,66,236220,42,242024
15462,0.017897,74.125.200.0-255,5738,241958,42,242024
15463,0.017903,172.31.46.0-255,66,242024,42,242024
15464,0.0,74.125.24.0-255,146,146,42,160809
15465,2.1e-05,172.31.46.0-255,66,212,42,160809
15466,2.7e-05,74.125.24.0-255,1484,1696,42,160809
15467,3.1e-05,172.31.46.0-255,66,1762,42,160809
15468,3.6e-05,74.125.24.0-255,2902,4664,42,160809
15469,4.6e-05,172.31.46.0-255,66,4730,42,160809
15470,6.8e-05,74.125.24.0-255,4320,9050,42,160809
15471,7.1e-05,172.31.46.0-255,66,9116,42,160809
15472,0.0001,74.125.24.0-255,1484,10600,42,160809
15473,0.000103,172.31.46.0-255,66,10666,42,160809
15474,0.000108,74.125.24.0-255,3498,14164,42,160809
15475,0.00011,172.31.46.0-255,66,14230,42,160809
15476,0.000235,74.125.24.0-255,1484,15714,42,160809
15477,0.000239,172.31.46.0-255,66,15780,42,160809
15478,0.000244,74.125.24.0-255,2902,18682,42,160809
15479,0.000246,172.31.46.0-255,66,18748,42,160809
15480,0.000273,74.125.24.0-255,5738,24486,42,160809
15481,0.000276,172.31.46.0-255,66,24552,42,160809
15482,0.000298,74.125.24.0-255,2902,27454,42,160809
15483,0.0003,172.31.46.0-255,66,27520,42,160809
15484,0.000328,74.125.24.0-255,3961,31481,42,160809
15485,0.000331,172.31.46.0-255,66,31547,42,160809
15486,0.000337,74.125.24.0-255,7156,38703,42,160809
15487,0.000339,172.31.46.0-255,66,38769,42,160809
15488,0.000342,74.125.24.0-255,1484,40253,42,160809
15489,0.000343,172.31.46.0-255,66,40319,42,160809
15490,0.00038,172.31.46.0-255,66,40385,42,160809
15491,0.000401,74.125.24.0-255,1484,41869,42,160809
15492,0.000403,172.31.46.0-255,66,41935,42,160809
15493,0.000407,74.125.24.0-255,2902,44837,42,160809
15494,0.000409,172.31.46.0-255,66,44903,42,160809
15495,0.000412,74.125.24.0-255,1484,46387,42,160809
15496,0.000439,74.125.24.0-255,4320,50707,42,160809
15497,0.000441,172.31.46.0-255,66,50773,42,160809
15498,0.000444,74.125.24.0-255,1484,52257,42,160809
15499,0.000467,74.125.24.0-255,5379,57636,42,160809
15500,0.000469,172.31.46.0-255,66,57702,42,160809
15501,0.000484,74.125.24.0-255,401,58103,42,160809
15502,0.000648,74.125.24.0-255,108,58211,42,160809
15503,0.000833,74.125.24.0-255,1484,59695,42,160809
15504,0.000837,172.31.46.0-255,66,59761,42,160809
15505,0.000842,74.125.24.0-255,2902,62663,42,160809
15506,0.000844,172.31.46.0-255,66,62729,42,160809
15507,0.000872,74.125.24.0-255,4320,67049,42,160809
15508,0.000877,74.125.24.0-255,5738,72787,42,160809
15509,0.000881,172.31.46.0-255,66,72853,42,160809
15510,0.000883,172.31.46.0-255,66,72919,42,160809
15511,0.000897,74.125.24.0-255,2902,75821,42,160809
15512,0.0009,172.31.46.0-255,66,75887,42,160809
15513,0.000933,172.31.46.0-255,66,75953,42,160809
15514,0.00094,74.125.24.0-255,6797,82750,42,160809
15515,0.000941,172.31.46.0-255,66,82816,42,160809
15516,0.000944,74.125.24.0-255,331,83147,42,160809
15517,0.001344,172.31.46.0-255,66,83213,42,160809
15518,0.001599,74.125.24.0-255,1484,84697,42,160809
15519,0.001607,74.125.24.0-255,2902,87599,42,160809
15520,0.00161,172.31.46.0-255,66,87665,42,160809
15521,0.001616,74.125.24.0-255,2902,90567,42,160809
15522,0.001617,172.31.46.0-255,66,90633,42,160809
15523,0.001634,74.125.24.0-255,1484,92117,42,160809
15524,0.001639,74.125.24.0-255,4320,96437,42,160809
15525,0.001641,172.31.46.0-255,66,96503,42,160809
15526,0.001671,74.125.24.0-255,4320,100823,42,160809
15527,0.001673,172.31.46.0-255,66,100889,42,160809
15528,0.001678,74.125.24.0-255,4320,105209,42,160809
15529,0.00168,172.31.46.0-255,66,105275,42,160809
15530,0.001718,172.31.46.0-255,66,105341,42,160809
15531,0.001836,74.125.24.0-255,1484,106825,42,160809
15532,0.001868,74.125.24.0-255,2902,109727,42,160809
15533,0.001871,172.31.46.0-255,66,109793,42,160809
15534,0.001876,74.125.24.0-255,2902,112695,42,160809
15535,0.001878,172.31.46.0-255,66,112761,42,160809
15536,0.001895,74.125.24.0-255,1484,114245,42,160809
15537,0.001907,172.31.46.0-255,66,114311,42,160809
15538,0.001933,74.125.24.0-255,5738,120049,42,160809
15539,0.001935,172.31.46.0-255,66,120115,42,160809
15540,0.001973,172.31.46.0-255,66,120181,42,160809
15541,0.004335,74.125.24.0-255,5738,125919,42,160809
15542,0.004341,172.31.46.0-255,66,125985,42,160809
15543,0.006724,74.125.24.0-255,5738,131723,42,160809
15544,0.00673,172.31.46.0-255,66,131789,42,160809
15545,0.009087,74.125.24.0-255,5738,137527,42,160809
15546,0.009095,172.31.46.0-255,66,137593,42,160809
15547,0.011497,74.125.24.0-255,5738,143331,42,160809
15548,0.011505,172.31.46.0-255,66,143397,42,160809
15549,0.013885,74.125.24.0-255,5738,149135,42,160809
15550,0.013892,172.31.46.0-255,66,149201,42,160809
15551,0.016267,74.125.24.0-255,5738,154939,42,160809
15552,0.016275,172.31.46.0-255,66,155005,42,160809
15553,0.018639,74.125.24.0-255,5738,160743,42,160809
15554,0.018657,172.31.46.0-255,66,160809,42,160809
15555,0.0,74.125.68.0-255,153,153,42,208063
15556,2.5e-05,172.31.46.0-255,66,219,42,208063
15557,3.3e-05,74.125.68.0-255,1484,1703,42,208063
15558,3.8e-05,172.31.46.0-255,66,1769,42,208063
15559,4.2e-05,74.125.68.0-255,1484,3253,42,208063
15560,4.4e-05,172.31.46.0-255,66,3319,42,208063
15561,5.7e-05,74.125.68.0-255,2902,6221,42,208063
15562,6.1e-05,172.31.46.0-255,66,6287,42,208063
15563,6.7e-05,74.125.68.0-255,5738,12025,42,208063
15564,7.1e-05,172.31.46.0-255,66,12091,42,208063
15565,7.5e-05,74.125.68.0-255,1944,14035,42,208063
15566,7.8e-05,172.31.46.0-255,66,14101,42,208063
15567,0.000129,74.125.68.0-255,1484,15585,42,208063
15568,0.000133,172.31.46.0-255,66,15651,42,208063
15569,0.000138,74.125.68.0-255,2902,18553,42,208063
15570,0.000141,172.31.46.0-255,66,18619,42,208063
15571,0.000178,74.125.68.0-255,5738,24357,42,208063
15572,0.000181,172.31.46.0-255,66,24423,42,208063
15573,0.000189,74.125.68.0-255,6797,31220,42,208063
15574,0.000191,172.31.46.0-255,66,31286,42,208063
15575,0.000347,74.125.68.0-255,1484,32770,42,208063
15576,0.000352,172.31.46.0-255,66,32836,42,208063
15577,0.000384,74.125.68.0-255,2902,35738,42,208063
15578,0.000387,172.31.46.0-255,66,35804,42,208063
15579,0.000392,74.125.68.0-255,4320,40124,42,208063
15580,0.000394,172.31.46.0-255,66,40190,42,208063
15581,0.000444,74.125.68.0-255,1484,41674,42,208063
15582,0.000446,172.31.46.0-255,66,41740,42,208063
15583,0.000487,74.125.68.0-255,6797,48537,42,208063
15584,0.00049,172.31.46.0-255,66,48603,42,208063
15585,0.000637,74.125.68.0-255,1484,50087,42,208063
15586,0.000642,172.31.46.0-255,66,50153,42,208063
15587,0.000648,74.125.68.0-255,2902,53055,42,208063
15588,0.00065,172.31.46.0-255,66,53121,42,208063
15589,0.000682,74.125.68.0-255,5738,58859,42,208063
15590,0.000685,172.31.46.0-255,66,58925,42,208063
15591,0.000689,74.125.68.0-255,2902,61827,42,208063
15592,0.000692,172.31.46.0-255,66,61893,42,208063
15593,0.000713,74.125.68.0-255,2902,64795,42,208063
15594,0.000731,172.31.46.0-255,66,64861,42,208063
15595,0.000735,74.125.68.0-255,1125,65986,42,208063
15596,0.000809,74.125.68.0-255,647,66633,42,208063
15597,0.000812,172.31.46.0-255,66,66699,42,208063
15598,0.001271,74.125.68.0-255,1484,68183,42,208063
15599,0.001277,74.125.68.0-255,2902,71085,42,208063
15600,0.001281,172.31.46.0-255,66,71151,42,208063
15601,0.001301,74.125.68.0-255,2902,74053,42,208063
15602,0.001303,172.31.46.0-255,66,74119,42,208063
15603,0.001328,74.125.68.0-255,1484,75603,42,208063
15604,0.001332,74.125.68.0-255,2902,78505,42,208063
15605,0.001334,172.31.46.0-255,66,78571,42,208063
15606,0.001364,74.125.68.0-255,5738,84309,42,208063
15607,0.001366,172.31.46.0-255,66,84375,42,208063
15608,0.001373,74.125.68.0-255,5738,90113,42,208063
15609,0.001375,172.31.46.0-255,66,90179,42,208063
15610,0.00138,74.125.68.0-255,2902,93081,42,208063
15611,0.001383,172.31.46.0-255,66,93147,42,208063
15612,0.001431,74.125.68.0-255,4320,97467,42,208063
15613,0.001434,172.31.46.0-255,66,97533,42,208063
15614,0.00144,74.125.68.0-255,3602,101135,42,208063
15615,0.001441,172.31.46.0-255,66,101201,42,208063
15616,0.001624,74.125.68.0-255,1484,102685,42,208063
15617,0.001639,74.125.68.0-255,2902,105587,42,208063
15618,0.001642,172.31.46.0-255,66,105653,42,208063
15619,0.001646,74.125.68.0-255,1484,107137,42,208063
15620,0.001676,74.125.68.0-255,2902,110039,42,208063
15621,0.001679,172.31.46.0-255,66,110105,42,208063
15622,0.001685,74.125.68.0-255,5738,115843,42,208063
15623,0.001687,172.31.46.0-255,66,115909,42,208063
15624,0.001724,74.125.68.0-255,2902,118811,42,208063
15625,0.001727,172.31.46.0-255,66,118877,42,208063
15626,0.001734,74.125.68.0-255,5738,124615,42,208063
15627,0.001736,172.31.46.0-255,66,124681,42,208063
15628,0.001748,74.125.68.0-255,7156,131837,42,208063
15629,0.00175,172.31.46.0-255,66,131903,42,208063
15630,0.001753,74.125.68.0-255,1484,133387,42,208063
15631,0.001783,74.125.68.0-255,2184,135571,42,208063
15632,0.001786,172.31.46.0-255,66,135637,42,208063
15633,0.00209,74.125.68.0-255,1484,137121,42,208063
15634,0.002095,74.125.68.0-255,2902,140023,42,208063
15635,0.002101,172.31.46.0-255,66,140089,42,208063
15636,0.002113,74.125.68.0-255,5738,145827,42,208063
15637,0.002115,172.31.46.0-255,66,145893,42,208063
15638,0.002144,74.125.68.0-255,2902,148795,42,208063
15639,0.002146,172.31.46.0-255,66,148861,42,208063
15640,0.00219,172.31.46.0-255,66,148927,42,208063
15641,0.002235,172.31.46.0-255,66,148993,42,208063
15642,0.002394,74.125.68.0-255,1484,150477,42,208063
15643,0.0024,74.125.68.0-255,2902,153379,42,208063
15644,0.002403,172.31.46.0-255,66,153445,42,208063
15645,0.002439,74.125.68.0-255,5738,159183,42,208063
15646,0.002442,172.31.46.0-255,66,159249,42,208063
15647,0.002446,74.125.68.0-255,1484,160733,42,208063
15648,0.002481,172.31.46.0-255,66,160799,42,208063
15649,0.002488,74.125.68.0-255,5738,166537,42,208063
15650,0.00249,172.31.46.0-255,66,166603,42,208063
15651,0.00252,74.125.68.0-255,6438,173041,42,208063
15652,0.002523,172.31.46.0-255,66,173107,42,208063
15653,0.004996,74.125.68.0-255,5738,178845,42,208063
15654,0.005005,172.31.46.0-255,66,178911,42,208063
15655,0.007473,74.125.68.0-255,2902,181813,42,208063
15656,0.007477,172.31.46.0-255,66,181879,42,208063
15657,0.0075,74.125.68.0-255,2902,184781,42,208063
15658,0.007507,172.31.46.0-255,66,184847,42,208063
15659,0.009963,74.125.68.0-255,5738,190585,42,208063
15660,0.009972,172.31.46.0-255,66,190651,42,208063
15661,0.012452,74.125.68.0-255,5738,196389,42,208063
15662,0.012462,172.31.46.0-255,66,196455,42,208063
15663,0.015001,74.125.68.0-255,5738,202193,42,208063
15664,0.015011,172.31.46.0-255,66,202259,42,208063
15665,0.017521,74.125.68.0-255,5738,207997,42,208063
15666,0.017531,172.31.46.0-255,66,208063,42,208063
15667,0.0,74.125.24.0-255,290,290,42,126741
15668,2.3e-05,172.31.46.0-255,66,356,42,126741
15669,2.9e-05,74.125.24.0-255,1484,1840,42,126741
15670,3.4e-05,172.31.46.0-255,66,1906,42,126741
15671,4.7e-05,74.125.24.0-255,2902,4808,42,126741
15672,5.1e-05,172.31.46.0-255,66,4874,42,126741
15673,5.8e-05,74.125.24.0-255,5738,10612,42,126741
15674,6.2e-05,172.31.46.0-255,66,10678,42,126741
15675,9e-05,74.125.24.0-255,3206,13884,42,126741
15676,9.8e-05,172.31.46.0-255,66,13950,42,126741
15677,0.000104,74.125.24.0-255,4320,18270,42,126741
15678,0.000107,172.31.46.0-255,66,18336,42,126741
15679,0.000115,74.125.24.0-255,7156,25492,42,126741
15680,0.000118,172.31.46.0-255,66,25558,42,126741
15681,0.000143,74.125.24.0-255,2902,28460,42,126741
15682,0.000145,172.31.46.0-255,66,28526,42,126741
15683,0.000165,172.31.46.0-255,66,28592,42,126741
15684,0.000199,74.125.24.0-255,4320,32912,42,126741
15685,0.000202,172.31.46.0-255,66,32978,42,126741
15686,0.000207,74.125.24.0-255,3602,36580,42,126741
15687,0.00021,172.31.46.0-255,66,36646,42,126741
15688,0.001109,74.125.24.0-255,1484,38130,42,126741
15689,0.001116,172.31.46.0-255,66,38196,42,126741
15690,0.001126,74.125.24.0-255,2902,41098,42,126741
15691,0.001133,172.31.46.0-255,66,41164,42,126741
15692,0.00116,74.125.24.0-255,4320,45484,42,126741
15693,0.001163,172.31.46.0-255,66,45550,42,126741
15694,0.00117,74.125.24.0-255,5738,51288,42,126741
15695,0.001172,172.31.46.0-255,66,51354,42,126741
15696,0.001204,74.125.24.0-255,2895,54249,42,126741
15697,0.001206,172.31.46.0-255,66,54315,42,126741
15698,0.001988,74.125.24.0-255,1484,55799,42,126741
15699,0.001998,74.125.24.0-255,2902,58701,42,126741
15700,0.002003,172.31.46.0-255,66,58767,42,126741
15701,0.002011,74.125.24.0-255,5738,64505,42,126741
15702,0.002013,172.31.46.0-255,66,64571,42,126741
15703,0.002049,74.125.24.0-255,1484,66055,42,126741
15704,0.00206,74.125.24.0-255,1484,67539,42,126741
15705,0.002063,172.31.46.0-255,66,67605,42,126741
15706,0.002101,172.31.46.0-255,66,67671,42,126741
15707,0.002109,74.125.24.0-255,7156,74827,42,126741
15708,0.002111,172.31.46.0-255,66,74893,42,126741
15709,0.002134,74.125.24.0-255,3602,78495,42,126741
15710,0.002137,172.31.46.0-255,66,78561,42,126741
15711,0.002245,74.125.24.0-255,1484,80045,42,126741
15712,0.002249,74.125.24.0-255,1484,81529,42,126741
15713,0.002251,172.31.46.0-255,66,81595,42,126741
15714,0.002263,74.125.24.0-255,1484,83079,42,126741
15715,0.002275,74.125.24.0-255,4320,87399,42,126741
15716,0.002278,172.31.46.0-255,66,87465,42,126741
15717,0.004523,74.125.24.0-255,4320,91785,42,126741
15718,0.004527,172.31.46.0-255,66,91851,42,126741
15719,0.004552,74.125.24.0-255,1484,93335,42,126741
15720,0.006782,74.125.24.0-255,4320,97655,42,126741
15721,0.006791,172.31.46.0-255,66,97721,42,126741
15722,0.009052,74.125.24.0-255,5738,103459,42,126741
15723,0.009066,172.31.46.0-255,66,103525,42,126741
15724,0.011328,74.125.24.0-255,5738,109263,42,126741
15725,0.011338,172.31.46.0-255,66,109329,42,126741
15726,0.013592,74.125.24.0-255,5738,115067,42,126741
15727,0.013601,172.31.46.0-255,66,115133,42,126741
15728,0.015848,74.125.24.0-255,5738,120871,42,126741
15729,0.015856,172.31.46.0-255,66,120937,42,126741
15730,0.018109,74.125.24.0-255,5738,126675,42,126741
15731,0.018125,172.31.46.0-255,66,126741,42,126741
15732,0.0,216.58.221.0-255,146,146,42,115310
15733,3.4e-05,172.31.46.0-255,66,212,42,115310
15734,4.3e-05,216.58.221.0-255,1484,1696,42,115310
15735,4.7e-05,172.31.46.0-255,66,1762,42,115310
15736,5.1e-05,216.58.221.0-255,2902,4664,42,115310
15737,5.4e-05,172.31.46.0-255,66,4730,42,115310
15738,6.3e-05,216.58.221.0-255,7156,11886,42,115310
15739,6.7e-05,172.31.46.0-255,66,11952,42,115310
15740,7e-05,216.58.221.0-255,2050,14002,42,115310
15741,7.3e-05,172.31.46.0-255,66,14068,42,115310
15742,0.000138,216.58.221.0-255,1484,15552,42,115310
15743,0.000141,172.31.46.0-255,66,15618,42,115310
15744,0.000146,216.58.221.0-255,2902,18520,42,115310
15745,0.000148,172.31.46.0-255,66,18586,42,115310
15746,0.000153,216.58.221.0-255,2902,21488,42,115310
15747,0.000155,172.31.46.0-255,66,21554,42,115310
15748,0.000173,216.58.221.0-255,2902,24456,42,115310
15749,0.000175,172.31.46.0-255,66,24522,42,115310
15750,0.000181,216.58.221.0-255,4320,28842,42,115310
15751,0.000183,172.31.46.0-255,66,28908,42,115310
15752,0.000213,216.58.221.0-255,2543,31451,42,115310
15753,0.000217,172.31.46.0-255,66,31517,42,115310
15754,0.00043,216.58.221.0-255,1484,33001,42,115310
15755,0.000434,172.31.46.0-255,66,33067,42,115310
15756,0.00044,216.58.221.0-255,2902,35969,42,115310
15757,0.000442,172.31.46.0-255,66,36035,42,115310
15758,0.000446,216.58.221.0-255,2902,38937,42,115310
15759,0.000448,172.31.46.0-255,66,39003,42,115310
15760,0.000472,216.58.221.0-255,2902,41905,42,115310
15761,0.000476,172.31.46.0-255,66,41971,42,115310
15762,0.000493,216.58.221.0-255,2902,44873,42,115310
15763,0.000496,172.31.46.0-255,66,44939,42,115310
15764,0.000508,216.58.221.0-255,3961,48900,42,115310
15765,0.000512,172.31.46.0-255,66,48966,42,115310
15766,0.000567,216.58.221.0-255,1484,50450,42,115310
15767,0.000573,216.58.221.0-255,2902,53352,42,115310
15768,0.000576,172.31.46.0-255,66,53418,42,115310
15769,0.00058,216.58.221.0-255,1484,54902,42,115310
15770,0.000599,216.58.221.0-255,4320,59222,42,115310
15771,0.000601,172.31.46.0-255,66,59288,42,115310
15772,0.000617,216.58.221.0-255,4320,63608,42,115310
15773,0.000621,172.31.46.0-255,101,63709,42,115310
15774,0.000627,172.31.46.0-255,66,63775,42,115310
15775,0.000636,216.58.221.0-255,2543,66318,42,115310
15776,0.000639,172.31.46.0-255,66,66384,42,115310
15777,0.000809,216.58.221.0-255,396,66780,42,115310
15778,0.00251,216.58.221.0-255,66,66846,42,115310
15779,0.002782,216.58.221.0-255,350,67196,42,115310
15780,0.002899,216.58.221.0-255,1484,68680,42,115310
15781,0.002905,172.31.46.0-255,66,68746,42,115310
15782,0.003605,216.58.221.0-255,1484,70230,42,115310
15783,0.004828,216.58.221.0-255,4320,74550,42,115310
15784,0.004832,172.31.46.0-255,66,74616,42,115310
15785,0.006766,216.58.221.0-255,5738,80354,42,115310
15786,0.006774,172.31.46.0-255,66,80420,42,115310
15787,0.008732,216.58.221.0-255,5738,86158,42,115310
15788,0.008741,172.31.46.0-255,66,86224,42,115310
15789,0.010685,216.58.221.0-255,5738,91962,42,115310
15790,0.010694,172.31.46.0-255,66,92028,42,115310
15791,0.012651,216.58.221.0-255,5738,97766,42,115310
15792,0.012662,172.31.46.0-255,66,97832,42,115310
15793,0.014661,216.58.221.0-255,5738,103570,42,115310
15794,0.014673,172.31.46.0-255,66,103636,42,115310
15795,0.016618,216.58.221.0-255,5738,109374,42,115310
15796,0.016626,172.31.46.0-255,66,109440,42,115310
15797,0.018556,216.58.221.0-255,4320,113760,42,115310
15798,0.018562,172.31.46.0-255,66,113826,42,115310
15799,0.018589,216.58.221.0-255,1484,115310,42,115310
15800,0.0,74.125.24.0-255,291,291,42,230289
15801,2.3e-05,172.31.46.0-255,66,357,42,230289
15802,2.9e-05,74.125.24.0-255,1484,1841,42,230289
15803,3.4e-05,172.31.46.0-255,66,1907,42,230289
15804,4.8e-05,74.125.24.0-255,2902,4809,42,230289
15805,5.1e-05,172.31.46.0-255,66,4875,42,230289
15806,5.8e-05,74.125.24.0-255,5738,10613,42,230289
15807,6.2e-05,172.31.46.0-255,66,10679,42,230289
15808,9.7e-05,74.125.24.0-255,3192,13871,42,230289
15809,0.0001,172.31.46.0-255,66,13937,42,230289
15810,0.00016,74.125.24.0-255,1484,15421,42,230289
15811,0.000164,172.31.46.0-255,66,15487,42,230289
15812,0.000168,74.125.24.0-255,2902,18389,42,230289
15813,0.00017,172.31.46.0-255,66,18455,42,230289
15814,0.000207,74.125.24.0-255,5738,24193,42,230289
15815,0.00021,172.31.46.0-255,66,24259,42,230289
15816,0.00023,74.125.24.0-255,6797,31056,42,230289
15817,0.000233,172.31.46.0-255,66,31122,42,230289
15818,0.000261,74.125.24.0-255,7156,38278,42,230289
15819,0.000264,172.31.46.0-255,66,38344,42,230289
15820,0.000287,74.125.24.0-255,5738,44082,42,230289
15821,0.000289,172.31.46.0-255,66,44148,42,230289
15822,0.000316,74.125.24.0-255,1484,45632,42,230289
15823,0.000318,172.31.46.0-255,66,45698,42,230289
15824,0.000339,74.125.24.0-255,2543,48241,42,230289
15825,0.000342,172.31.46.0-255,66,48307,42,230289
15826,0.000376,74.125.24.0-255,2902,51209,42,230289
15827,0.000379,172.31.46.0-255,66,51275,42,230289
15828,0.000386,74.125.24.0-255,4320,55595,42,230289
15829,0.000388,172.31.46.0-255,66,55661,42,230289
15830,0.000424,172.31.46.0-255,66,55727,42,230289
15831,0.000426,74.125.24.0-255,1125,56852,42,230289
15832,0.000448,74.125.24.0-255,368,57220,42,230289
15833,0.000474,74.125.24.0-255,377,57597,42,230289
15834,0.000628,172.31.46.0-255,66,57663,42,230289
15835,0.000633,74.125.24.0-255,1484,59147,42,230289
15836,0.000638,74.125.24.0-255,2902,62049,42,230289
15837,0.000641,74.125.24.0-255,1484,63533,42,230289
15838,0.00066,74.125.24.0-255,4320,67853,42,230289
15839,0.000668,172.31.46.0-255,66,67919,42,230289
15840,0.000675,74.125.24.0-255,5738,73657,42,230289
15841,0.0007,74.125.24.0-255,3961,77618,42,230289
15842,0.000731,74.125.24.0-255,3961,81579,42,230289
15843,0.000751,172.31.46.0-255,66,81645,42,230289
15844,0.000851,74.125.24.0-255,1484,83129,42,230289
15845,0.000857,74.125.24.0-255,2902,86031,42,230289
15846,0.000862,74.125.24.0-255,4320,90351,42,230289
15847,0.000867,172.31.46.0-255,66,90417,42,230289
15848,0.000885,74.125.24.0-255,1484,91901,42,230289
15849,0.000891,74.125.24.0-255,4320,96221,42,230289
15850,0.000929,74.125.24.0-255,5738,101959,42,230289
15851,0.00095,74.125.24.0-255,5738,107697,42,230289
15852,0.000965,172.31.46.0-255,66,107763,42,230289
15853,0.001155,74.125.24.0-255,1484,109247,42,230289
15854,0.001162,74.125.24.0-255,2902,112149,42,230289
15855,0.001186,74.125.24.0-255,5738,117887,42,230289
15856,0.001202,172.31.46.0-255,66,117953,42,230289
15857,0.001207,74.125.24.0-255,2902,120855,42,230289
15858,0.001215,172.31.46.0-255,66,120921,42,230289
15859,0.001224,74.125.24.0-255,4320,125241,42,230289
15860,0.001259,172.31.46.0-255,66,125307,42,230289
15861,0.001288,74.125.24.0-255,1484,126791,42,230289
15862,0.001291,74.125.24.0-255,2184,128975,42,230289
15863,0.001293,172.31.46.0-255,66,129041,42,230289
15864,0.001325,172.31.46.0-255,66,129107,42,230289
15865,0.0016,74.125.24.0-255,1484,130591,42,230289
15866,0.00162,74.125.24.0-255,2902,133493,42,230289
15867,0.001626,74.125.24.0-255,5738,139231,42,230289
15868,0.00163,74.125.24.0-255,2902,142133,42,230289
15869,0.001647,74.125.24.0-255,5738,147871,42,230289
15870,0.001654,172.31.46.0-255,66,147937,42,230289
15871,0.00169,74.125.24.0-255,7156,155093,42,230289
15872,0.001696,172.31.46.0-255,66,155159,42,230289
15873,0.001731,172.31.46.0-255,66,155225,42,230289
15874,0.001765,74.125.24.0-255,1484,156709,42,230289
15875,0.001769,74.125.24.0-255,1484,158193,42,230289
15876,0.001779,74.125.24.0-255,1484,159677,42,230289
15877,0.001781,74.125.24.0-255,1484,161161,42,230289
15878,0.001798,172.31.46.0-255,66,161227,42,230289
15879,0.001804,74.125.24.0-255,4320,165547,42,230289
15880,0.001809,74.125.24.0-255,2902,168449,42,230289
15881,0.001819,172.31.46.0-255,66,168515,42,230289
15882,0.001869,172.31.46.0-255,66,168581,42,230289
15883,0.001962,74.125.24.0-255,1484,170065,42,230289
15884,0.001979,74.125.24.0-255,2902,172967,42,230289
15885,0.001986,74.125.24.0-255,5738,178705,42,230289
15886,0.001991,172.31.46.0-255,66,178771,42,230289
15887,0.002016,74.125.24.0-255,7156,185927,42,230289
15888,0.002019,74.125.24.0-255,1484,187411,42,230289
15889,0.002049,74.125.24.0-255,2184,189595,42,230289
15890,0.002058,172.31.46.0-255,66,189661,42,230289
15891,0.004081,74.125.24.0-255,5738,195399,42,230289
15892,0.004088,172.31.46.0-255,66,195465,42,230289
15893,0.006091,74.125.24.0-255,5738,201203,42,230289
15894,0.008144,172.31.46.0-255,66,201269,42,230289
15895,0.010164,74.125.24.0-255,5738,207007,42,230289
15896,0.010171,172.31.46.0-255,66,207073,42,230289
15897,0.012203,74.125.24.0-255,5738,212811,42,230289
15898,0.01221,172.31.46.0-255,66,212877,42,230289
15899,0.014217,74.125.24.0-255,5738,218615,42,230289
15900,0.014226,172.31.46.0-255,66,218681,42,230289
15901,0.016267,74.125.24.0-255,5738,224419,42,230289
15902,0.016717,172.31.46.0-255,66,224485,42,230289
15903,0.018747,74.125.24.0-255,5738,230223,42,230289
15904,0.018758,172.31.46.0-255,66,230289,42,230289
15905,0.0,74.125.24.0-255,146,146,42,160683
15906,2.5e-05,172.31.46.0-255,66,212,42,160683
15907,3e-05,74.125.24.0-255,1484,1696,42,160683
15908,3.5e-05,172.31.46.0-255,66,1762,42,160683
15909,3.9e-05,74.125.24.0-255,2902,4664,42,160683
15910,4.2e-05,172.31.46.0-255,66,4730,42,160683
15911,4.8e-05,74.125.24.0-255,4320,9050,42,160683
15912,5.1e-05,172.31.46.0-255,66,9116,42,160683
15913,5.6e-05,74.125.24.0-255,4908,14024,42,160683
15914,5.8e-05,172.31.46.0-255,66,14090,42,160683
15915,9.5e-05,74.125.24.0-255,7156,21246,42,160683
15916,9.8e-05,172.31.46.0-255,66,21312,42,160683
15917,0.00012,74.125.24.0-255,4320,25632,42,160683
15918,0.000122,172.31.46.0-255,66,25698,42,160683
15919,0.000129,74.125.24.0-255,5379,31077,42,160683
15920,0.000132,172.31.46.0-255,66,31143,42,160683
15921,0.000291,74.125.24.0-255,1484,32627,42,160683
15922,0.000296,172.31.46.0-255,66,32693,42,160683
15923,0.000302,74.125.24.0-255,2902,35595,42,160683
15924,0.000304,172.31.46.0-255,66,35661,42,160683
15925,0.000334,74.125.24.0-255,4320,39981,42,160683
15926,0.000338,172.31.46.0-255,66,40047,42,160683
15927,0.000362,74.125.24.0-255,1484,41531,42,160683
15928,0.000366,172.31.46.0-255,66,41597,42,160683
15929,0.000373,74.125.24.0-255,5738,47335,42,160683
15930,0.000375,172.31.46.0-255,66,47401,42,160683
15931,0.000409,172.31.46.0-255,66,47467,42,160683
15932,0.000415,74.125.24.0-255,4320,51787,42,160683
15933,0.000418,172.31.46.0-255,66,51853,42,160683
15934,0.000422,74.125.24.0-255,2902,54755,42,160683
15935,0.000424,172.31.46.0-255,66,54821,42,160683
15936,0.000447,74.125.24.0-255,2543,57364,42,160683
15937,0.000451,172.31.46.0-255,66,57430,42,160683
15938,0.000889,74.125.24.0-255,645,58075,42,160683
15939,0.000927,172.31.46.0-255,66,58141,42,160683
15940,0.001033,74.125.24.0-255,1484,59625,42,160683
15941,0.001043,74.125.24.0-255,2902,62527,42,160683
15942,0.001046,172.31.46.0-255,66,62593,42,160683
15943,0.001068,74.125.24.0-255,5738,68331,42,160683
15944,0.00107,172.31.46.0-255,66,68397,42,160683
15945,0.001081,74.125.24.0-255,1484,69881,42,160683
15946,0.001105,172.31.46.0-255,66,69947,42,160683
15947,0.001125,74.125.24.0-255,2902,72849,42,160683
15948,0.001128,172.31.46.0-255,66,72915,42,160683
15949,0.001133,74.125.24.0-255,5738,78653,42,160683
15950,0.001135,172.31.46.0-255,66,78719,42,160683
15951,0.001161,74.125.24.0-255,5020,83739,42,160683
15952,0.001163,172.31.46.0-255,66,83805,42,160683
15953,0.001589,74.125.24.0-255,1484,85289,42,160683
15954,0.001594,74.125.24.0-255,1484,86773,42,160683
15955,0.001599,172.31.46.0-255,66,86839,42,160683
15956,0.00162,74.125.24.0-255,1484,88323,42,160683
15957,0.001625,74.125.24.0-255,4320,92643,42,160683
15958,0.001627,172.31.46.0-255,66,92709,42,160683
15959,0.001644,172.31.46.0-255,66,92775,42,160683
15960,0.001661,74.125.24.0-255,2902,95677,42,160683
15961,0.001663,172.31.46.0-255,66,95743,42,160683
15962,0.001682,172.31.46.0-255,66,95809,42,160683
15963,0.001701,74.125.24.0-255,5020,100829,42,160683
15964,0.001703,172.31.46.0-255,66,100895,42,160683
15965,0.00219,74.125.24.0-255,1484,102379,42,160683
15966,0.002198,74.125.24.0-255,2902,105281,42,160683
15967,0.002202,172.31.46.0-255,66,105347,42,160683
15968,0.002209,74.125.24.0-255,5738,111085,42,160683
15969,0.002211,172.31.46.0-255,66,111151,42,160683
15970,0.002237,74.125.24.0-255,5738,116889,42,160683
15971,0.00224,172.31.46.0-255,66,116955,42,160683
15972,0.002253,74.125.24.0-255,2902,119857,42,160683
15973,0.002256,172.31.46.0-255,66,119923,42,160683
15974,0.0023,172.31.46.0-255,66,119989,42,160683
15975,0.004608,74.125.24.0-255,5738,125727,42,160683
15976,0.004613,172.31.46.0-255,66,125793,42,160683
15977,0.006888,74.125.24.0-255,5738,131531,42,160683
15978,0.006894,172.31.46.0-255,66,131597,42,160683
15979,0.009177,74.125.24.0-255,5738,137335,42,160683
15980,0.009184,172.31.46.0-255,66,137401,42,160683
15981,0.011499,74.125.24.0-255,1484,138885,42,160683
15982,0.01152,74.125.24.0-255,4320,143205,42,160683
15983,0.011525,172.31.46.0-255,66,143271,42,160683
15984,0.013809,74.125.24.0-255,5738,149009,42,160683
15985,0.013817,172.31.46.0-255,66,149075,42,160683
15986,0.016084,74.125.24.0-255,5738,154813,42,160683
15987,0.016089,172.31.46.0-255,66,154879,42,160683
15988,0.018395,74.125.24.0-255,5738,160617,42,160683
15989,0.018401,172.31.46.0-255,66,160683,42,160683
15990,0.0,172.217.194.0-255,148,148,42,164880
15991,2.4e-05,172.31.46.0-255,66,214,42,164880
15992,3.3e-05,172.217.194.0-255,1484,1698,42,164880
15993,3.8e-05,172.31.46.0-255,66,1764,42,164880
15994,4.3e-05,172.217.194.0-255,2902,4666,42,164880
15995,4.8e-05,172.31.46.0-255,66,4732,42,164880
15996,5.6e-05,172.217.194.0-255,7156,11888,42,164880
15997,6e-05,172.31.46.0-255,66,11954,42,164880
15998,6.4e-05,172.217.194.0-255,2074,14028,42,164880
15999,6.6e-05,172.31.46.0-255,66,14094,42,164880
16000,0.000133,172.31.46.0-255,66,14160,42,164880
16001,0.00014,172.217.194.0-255,5379,19539,42,164880
16002,0.000143,172.31.46.0-255,66,19605,42,164880
16003,0.000173,172.217.194.0-255,1484,21089,42,164880
16004,0.000176,172.31.46.0-255,66,21155,42,164880
16005,0.00018,172.217.194.0-255,1484,22639,42,164880
16006,0.000181,172.31.46.0-255,66,22705,42,164880
16007,0.000195,172.217.194.0-255,1484,24189,42,164880
16008,0.000197,172.31.46.0-255,66,24255,42,164880
16009,0.0002,172.217.194.0-255,1484,25739,42,164880
16010,0.000202,172.31.46.0-255,66,25805,42,164880
16011,0.000207,172.217.194.0-255,2902,28707,42,164880
16012,0.000209,172.31.46.0-255,66,28773,42,164880
16013,0.000227,172.217.194.0-255,2902,31675,42,164880
16014,0.000229,172.31.46.0-255,66,31741,42,164880
16015,0.000255,172.217.194.0-255,5379,37120,42,164880
16016,0.000258,172.31.46.0-255,66,37186,42,164880
16017,0.000282,172.217.194.0-255,5738,42924,42,164880
16018,0.000285,172.31.46.0-255,66,42990,42,164880
16019,0.000302,172.217.194.0-255,1484,44474,42,164880
16020,0.000304,172.31.46.0-255,66,44540,42,164880
16021,0.000395,172.217.194.0-255,646,45186,42,164880
16022,0.000574,172.31.46.0-255,66,45252,42,164880
16023,0.000595,172.217.194.0-255,1484,46736,42,164880
16024,0.000602,172.217.194.0-255,2902,49638,42,164880
16025,0.000622,172.217.194.0-255,4320,53958,42,164880
16026,0.000635,172.217.194.0-255,2902,56860,42,164880
16027,0.000645,172.31.46.0-255,66,56926,42,164880
16028,0.000658,172.217.194.0-255,5738,62664,42,164880
16029,0.00072,172.31.46.0-255,66,62730,42,164880
16030,0.000741,172.217.194.0-255,6438,69168,42,164880
16031,0.000766,172.217.194.0-255,5738,74906,42,164880
16032,0.000784,172.31.46.0-255,66,74972,42,164880
16033,0.00079,172.217.194.0-255,3412,78384,42,164880
16034,0.000792,172.217.194.0-255,1484,79868,42,164880
16035,0.000802,172.31.46.0-255,66,79934,42,164880
16036,0.00081,172.217.194.0-255,7156,87090,42,164880
16037,0.000827,172.217.194.0-255,5738,92828,42,164880
16038,0.00083,172.217.194.0-255,1125,93953,42,164880
16039,0.000843,172.31.46.0-255,66,94019,42,164880
16040,0.000869,172.217.194.0-255,7156,101175,42,164880
16041,0.000875,172.31.46.0-255,66,101241,42,164880
16042,0.00091,172.31.46.0-255,66,101307,42,164880
16043,0.000938,172.217.194.0-255,766,102073,42,164880
16044,0.000956,172.31.46.0-255,66,102139,42,164880
16045,0.001009,172.217.194.0-255,1484,103623,42,164880
16046,0.001014,172.217.194.0-255,2902,106525,42,164880
16047,0.001046,172.217.194.0-255,5738,112263,42,164880
16048,0.001049,172.31.46.0-255,66,112329,42,164880
16049,0.001062,172.217.194.0-255,7156,119485,42,164880
16050,0.001067,172.31.46.0-255,66,119551,42,164880
16051,0.00108,172.217.194.0-255,5738,125289,42,164880
16052,0.001142,172.217.194.0-255,766,126055,42,164880
16053,0.001147,172.31.46.0-255,66,126121,42,164880
16054,0.001377,172.217.194.0-255,1484,127605,42,164880
16055,0.001395,172.217.194.0-255,2902,130507,42,164880
16056,0.001401,172.217.194.0-255,5738,136245,42,164880
16057,0.001447,172.217.194.0-255,1484,137729,42,164880
16058,0.001451,172.31.46.0-255,66,137795,42,164880
16059,0.001488,172.31.46.0-255,66,137861,42,164880
16060,0.001545,172.217.194.0-255,1484,139345,42,164880
16061,0.001551,172.217.194.0-255,2902,142247,42,164880
16062,0.001556,172.31.46.0-255,66,142313,42,164880
16063,0.001578,172.217.194.0-255,5738,148051,42,164880
16064,0.001583,172.217.194.0-255,4320,152371,42,164880
16065,0.001594,172.31.46.0-255,66,152437,42,164880
16066,0.001629,172.31.46.0-255,66,152503,42,164880
16067,0.001657,172.217.194.0-255,2902,155405,42,164880
16068,0.001666,172.31.46.0-255,66,155471,42,164880
16069,0.001749,172.217.194.0-255,1484,156955,42,164880
16070,0.001754,172.31.46.0-255,66,157021,42,164880
16071,0.001796,172.217.194.0-255,4320,161341,42,164880
16072,0.001818,172.31.46.0-255,66,161407,42,164880
16073,0.001827,172.217.194.0-255,2902,164309,42,164880
16074,0.00183,172.31.46.0-255,66,164375,42,164880
16075,0.001862,172.31.46.0-255,66,164441,42,164880
16076,0.001931,172.217.194.0-255,97,164538,42,164880
16077,0.001933,172.217.194.0-255,105,164643,42,164880
16078,0.001938,172.31.46.0-255,66,164709,42,164880
16079,0.010101,172.31.46.0-255,105,164814,42,164880
16080,0.012383,172.217.194.0-255,66,164880,42,164880
16081,0.0,172.217.27.0-255,150,150,42,138508
16082,2e-05,172.31.46.0-255,66,216,42,138508
16083,2.6e-05,172.217.27.0-255,1484,1700,42,138508
16084,3e-05,172.31.46.0-255,66,1766,42,138508
16085,3.5e-05,172.217.27.0-255,2902,4668,42,138508
16086,3.8e-05,172.31.46.0-255,66,4734,42,138508
16087,4.2e-05,172.217.27.0-255,2902,7636,42,138508
16088,4.5e-05,172.31.46.0-255,66,7702,42,138508
16089,6.6e-05,172.217.27.0-255,4320,12022,42,138508
16090,6.9e-05,172.31.46.0-255,66,12088,42,138508
16091,7.3e-05,172.217.27.0-255,2092,14180,42,138508
16092,7.4e-05,172.31.46.0-255,66,14246,42,138508
16093,0.000186,172.217.27.0-255,1484,15730,42,138508
16094,0.000189,172.31.46.0-255,66,15796,42,138508
16095,0.000207,172.217.27.0-255,1484,17280,42,138508
16096,0.000209,172.31.46.0-255,66,17346,42,138508
16097,0.000223,172.217.27.0-255,1484,18830,42,138508
16098,0.000226,172.31.46.0-255,66,18896,42,138508
16099,0.000232,172.217.27.0-255,5738,24634,42,138508
16100,0.000234,172.31.46.0-255,66,24700,42,138508
16101,0.00024,172.217.27.0-255,6797,31497,42,138508
16102,0.000242,172.31.46.0-255,66,31563,42,138508
16103,0.000275,172.217.27.0-255,1484,33047,42,138508
16104,0.000277,172.31.46.0-255,66,33113,42,138508
16105,0.000281,172.217.27.0-255,2902,36015,42,138508
16106,0.000283,172.31.46.0-255,66,36081,42,138508
16107,0.000301,172.217.27.0-255,5738,41819,42,138508
16108,0.000304,172.31.46.0-255,66,41885,42,138508
16109,0.000309,172.217.27.0-255,5738,47623,42,138508
16110,0.000311,172.31.46.0-255,66,47689,42,138508
16111,0.000342,172.217.27.0-255,1125,48814,42,138508
16112,0.000344,172.31.46.0-255,66,48880,42,138508
16113,0.000744,172.217.27.0-255,1484,50364,42,138508
16114,0.000751,172.217.27.0-255,2902,53266,42,138508
16115,0.000754,172.31.46.0-255,66,53332,42,138508
16116,0.000779,172.217.27.0-255,5738,59070,42,138508
16117,0.000784,172.217.27.0-255,5738,64808,42,138508
16118,0.000811,172.217.27.0-255,1452,66260,42,138508
16119,0.000818,172.31.46.0-255,66,66326,42,138508
16120,0.000911,172.217.27.0-255,350,66676,42,138508
16121,0.000951,172.31.46.0-255,66,66742,42,138508
16122,0.001097,172.217.27.0-255,1484,68226,42,138508
16123,0.001105,172.217.27.0-255,2902,71128,42,138508
16124,0.001132,172.217.27.0-255,5738,76866,42,138508
16125,0.001139,172.217.27.0-255,6797,83663,42,138508
16126,0.001163,172.217.27.0-255,2902,86565,42,138508
16127,0.001205,172.217.27.0-255,2902,89467,42,138508
16128,0.001209,172.217.27.0-255,2543,92010,42,138508
16129,0.005626,172.31.46.0-255,66,92076,42,138508
16130,0.007293,172.217.27.0-255,5738,97814,42,138508
16131,0.007302,172.31.46.0-255,66,97880,42,138508
16132,0.008954,172.217.27.0-255,5738,103618,42,138508
16133,0.009804,172.31.46.0-255,66,103684,42,138508
16134,0.011468,172.217.27.0-255,5738,109422,42,138508
16135,0.011483,172.31.46.0-255,66,109488,42,138508
16136,0.013137,172.217.27.0-255,5738,115226,42,138508
16137,0.013144,172.31.46.0-255,66,115292,42,138508
16138,0.014792,172.217.27.0-255,5738,121030,42,138508
16139,0.014799,172.31.46.0-255,66,121096,42,138508
16140,0.016453,172.217.27.0-255,5738,126834,42,138508
16141,0.01646,172.31.46.0-255,66,126900,42,138508
16142,0.018124,172.217.27.0-255,5738,132638,42,138508
16143,0.018132,172.31.46.0-255,66,132704,42,138508
16144,0.019787,172.217.27.0-255,5738,138442,42,138508
16145,0.019793,172.31.46.0-255,66,138508,42,138508
16146,0.0,172.217.194.0-255,153,153,42,128502
16147,2.3e-05,172.31.46.0-255,66,219,42,128502
16148,3e-05,172.217.194.0-255,1484,1703,42,128502
16149,3.3e-05,172.31.46.0-255,66,1769,42,128502
16150,3.9e-05,172.217.194.0-255,2902,4671,42,128502
16151,5.1e-05,172.31.46.0-255,66,4737,42,128502
16152,5.6e-05,172.217.194.0-255,5738,10475,42,128502
16153,6e-05,172.31.46.0-255,66,10541,42,128502
16154,0.000102,172.31.46.0-255,66,10607,42,128502
16155,0.000108,172.217.194.0-255,6797,17404,42,128502
16156,0.000111,172.31.46.0-255,66,17470,42,128502
16157,0.000188,172.217.194.0-255,1484,18954,42,128502
16158,0.000191,172.31.46.0-255,66,19020,42,128502
16159,0.000194,172.217.194.0-255,1484,20504,42,128502
16160,0.000196,172.31.46.0-255,66,20570,42,128502
16161,0.000228,172.217.194.0-255,1484,22054,42,128502
16162,0.00023,172.31.46.0-255,66,22120,42,128502
16163,0.000236,172.217.194.0-255,5738,27858,42,128502
16164,0.000238,172.31.46.0-255,66,27924,42,128502
16165,0.000269,172.31.46.0-255,66,27990,42,128502
16166,0.000298,172.217.194.0-255,2543,30533,42,128502
16167,0.0003,172.31.46.0-255,66,30599,42,128502
16168,0.000311,172.31.46.0-255,66,30665,42,128502
16169,0.000317,172.217.194.0-255,399,31064,42,128502
16170,0.000318,172.31.46.0-255,66,31130,42,128502
16171,0.000657,172.217.194.0-255,1484,32614,42,128502
16172,0.000662,172.31.46.0-255,66,32680,42,128502
16173,0.000667,172.217.194.0-255,2902,35582,42,128502
16174,0.000669,172.31.46.0-255,66,35648,42,128502
16175,0.000675,172.217.194.0-255,5738,41386,42,128502
16176,0.000681,172.31.46.0-255,66,41452,42,128502
16177,0.000727,172.31.46.0-255,66,41518,42,128502
16178,0.000755,172.31.46.0-255,66,41584,42,128502
16179,0.000775,172.217.194.0-255,2184,43768,42,128502
16180,0.000777,172.31.46.0-255,66,43834,42,128502
16181,0.001394,172.217.194.0-255,1484,45318,42,128502
16182,0.001403,172.217.194.0-255,2902,48220,42,128502
16183,0.001406,172.31.46.0-255,66,48286,42,128502
16184,0.001414,172.217.194.0-255,5738,54024,42,128502
16185,0.001416,172.31.46.0-255,66,54090,42,128502
16186,0.001426,172.217.194.0-255,4320,58410,42,128502
16187,0.001428,172.31.46.0-255,66,58476,42,128502
16188,0.001466,172.31.46.0-255,66,58542,42,128502
16189,0.00147,172.217.194.0-255,2902,61444,42,128502
16190,0.001472,172.31.46.0-255,66,61510,42,128502
16191,0.0015,172.217.194.0-255,5020,66530,42,128502
16192,0.001502,172.31.46.0-255,66,66596,42,128502
16193,0.002208,172.217.194.0-255,1484,68080,42,128502
16194,0.002215,172.217.194.0-255,2902,70982,42,128502
16195,0.002219,172.31.46.0-255,66,71048,42,128502
16196,0.002223,172.217.194.0-255,1484,72532,42,128502
16197,0.002251,172.217.194.0-255,4320,76852,42,128502
16198,0.002253,172.31.46.0-255,66,76918,42,128502
16199,0.002268,172.31.46.0-255,66,76984,42,128502
16200,0.002274,172.217.194.0-255,4320,81304,42,128502
16201,0.002275,172.31.46.0-255,66,81370,42,128502
16202,0.0023,172.217.194.0-255,6438,87808,42,128502
16203,0.002302,172.31.46.0-255,66,87874,42,128502
16204,0.00459,172.217.194.0-255,5738,93612,42,128502
16205,0.004593,172.31.46.0-255,66,93678,42,128502
16206,0.006876,172.217.194.0-255,5738,99416,42,128502
16207,0.006882,172.31.46.0-255,66,99482,42,128502
16208,0.009171,172.217.194.0-255,5738,105220,42,128502
16209,0.009178,172.31.46.0-255,66,105286,42,128502
16210,0.011448,172.217.194.0-255,5738,111024,42,128502
16211,0.011454,172.31.46.0-255,66,111090,42,128502
16212,0.01375,172.217.194.0-255,5738,116828,42,128502
16213,0.013757,172.31.46.0-255,66,116894,42,128502
16214,0.016059,172.217.194.0-255,5738,122632,42,128502
16215,0.016066,172.31.46.0-255,66,122698,42,128502
16216,0.018368,172.217.194.0-255,5738,128436,42,128502
16217,0.018376,172.31.46.0-255,66,128502,42,128502
16218,0.0,74.125.24.0-255,122,122,42,629
16219,1.3e-05,74.125.24.0-255,66,188,42,629
16220,0.000162,172.31.46.0-255,105,293,42,629
16221,0.000255,172.31.46.0-255,90,383,42,629
16222,0.000273,172.31.46.0-255,66,449,42,629
16223,0.002489,74.125.24.0-255,60,509,42,629
16224,0.002867,74.125.24.0-255,60,569,42,629
16225,0.002873,74.125.24.0-255,60,629,42,629
16226,0.0,74.125.68.0-255,150,150,42,144771
16227,2.6e-05,172.31.46.0-255,66,216,42,144771
16228,3.3e-05,74.125.68.0-255,1484,1700,42,144771
16229,3.8e-05,172.31.46.0-255,66,1766,42,144771
16230,5.2e-05,74.125.68.0-255,2902,4668,42,144771
16231,5.6e-05,172.31.46.0-255,66,4734,42,144771
16232,6.3e-05,74.125.68.0-255,5738,10472,42,144771
16233,6.6e-05,172.31.46.0-255,66,10538,42,144771
16234,7.2e-05,74.125.68.0-255,3441,13979,42,144771
16235,7.5e-05,172.31.46.0-255,66,14045,42,144771
16236,0.000193,74.125.68.0-255,1484,15529,42,144771
16237,0.000197,172.31.46.0-255,66,15595,42,144771
16238,0.000217,74.125.68.0-255,2902,18497,42,144771
16239,0.00022,172.31.46.0-255,66,18563,42,144771
16240,0.000248,74.125.68.0-255,4320,22883,42,144771
16241,0.000251,172.31.46.0-255,66,22949,42,144771
16242,0.000314,74.125.68.0-255,2902,25851,42,144771
16243,0.000317,172.31.46.0-255,66,25917,42,144771
16244,0.000348,74.125.68.0-255,5379,31296,42,144771
16245,0.000351,172.31.46.0-255,66,31362,42,144771
16246,0.000395,74.125.68.0-255,1484,32846,42,144771
16247,0.000398,172.31.46.0-255,66,32912,42,144771
16248,0.000402,74.125.68.0-255,2902,35814,42,144771
16249,0.000405,172.31.46.0-255,66,35880,42,144771
16250,0.00041,74.125.68.0-255,4320,40200,42,144771
16251,0.000412,172.31.46.0-255,66,40266,42,144771
16252,0.000417,74.125.68.0-255,4320,44586,42,144771
16253,0.000419,172.31.46.0-255,66,44652,42,144771
16254,0.000452,74.125.68.0-255,3961,48613,42,144771
16255,0.000455,172.31.46.0-255,66,48679,42,144771
16256,0.00048,74.125.68.0-255,2902,51581,42,144771
16257,0.000483,172.31.46.0-255,66,51647,42,144771
16258,0.000488,74.125.68.0-255,4320,55967,42,144771
16259,0.00049,172.31.46.0-255,66,56033,42,144771
16260,0.000529,172.31.46.0-255,66,56099,42,144771
16261,0.000533,74.125.68.0-255,1125,57224,42,144771
16262,0.000552,74.125.68.0-255,393,57617,42,144771
16263,0.000656,74.125.68.0-255,350,57967,42,144771
16264,0.00066,172.31.46.0-255,66,58033,42,144771
16265,0.000998,74.125.68.0-255,1484,59517,42,144771
16266,0.001006,74.125.68.0-255,2902,62419,42,144771
16267,0.00101,172.31.46.0-255,66,62485,42,144771
16268,0.001014,74.125.68.0-255,1484,63969,42,144771
16269,0.001038,74.125.68.0-255,1484,65453,42,144771
16270,0.001041,172.31.46.0-255,66,65519,42,144771
16271,0.001047,74.125.68.0-255,4320,69839,42,144771
16272,0.001049,172.31.46.0-255,66,69905,42,144771
16273,0.001082,74.125.68.0-255,7156,77061,42,144771
16274,0.001086,172.31.46.0-255,66,77127,42,144771
16275,0.001113,74.125.68.0-255,1484,78611,42,144771
16276,0.001119,74.125.68.0-255,5738,84349,42,144771
16277,0.001124,74.125.68.0-255,5738,90087,42,144771
16278,0.00113,172.31.46.0-255,66,90153,42,144771
16279,0.001137,172.31.46.0-255,66,90219,42,144771
16280,0.001144,74.125.68.0-255,1484,91703,42,144771
16281,0.001147,74.125.68.0-255,766,92469,42,144771
16282,0.001149,172.31.46.0-255,66,92535,42,144771
16283,0.003136,74.125.68.0-255,5738,98273,42,144771
16284,0.00315,172.31.46.0-255,66,98339,42,144771
16285,0.00515,74.125.68.0-255,5738,104077,42,144771
16286,0.005169,172.31.46.0-255,66,104143,42,144771
16287,0.007182,74.125.68.0-255,5738,109881,42,144771
16288,0.007189,172.31.46.0-255,66,109947,42,144771
16289,0.009185,74.125.68.0-255,5738,115685,42,144771
16290,0.009196,172.31.46.0-255,66,115751,42,144771
16291,0.011217,74.125.68.0-255,5738,121489,42,144771
16292,0.011235,172.31.46.0-255,66,121555,42,144771
16293,0.013258,74.125.68.0-255,5738,127293,42,144771
16294,0.01327,172.31.46.0-255,66,127359,42,144771
16295,0.015276,74.125.68.0-255,5738,133097,42,144771
16296,0.01529,172.31.46.0-255,66,133163,42,144771
16297,0.017304,74.125.68.0-255,5738,138901,42,144771
16298,0.017316,172.31.46.0-255,66,138967,42,144771
16299,0.019319,74.125.68.0-255,5738,144705,42,144771
16300,0.019332,172.31.46.0-255,66,144771,42,144771
16301,0.0,172.217.194.0-255,155,155,42,178492
16302,2.3e-05,172.31.46.0-255,66,221,42,178492
16303,3e-05,172.217.194.0-255,1484,1705,42,178492
16304,3.5e-05,172.31.46.0-255,66,1771,42,178492
16305,4e-05,172.217.194.0-255,2902,4673,42,178492
16306,4.4e-05,172.31.46.0-255,66,4739,42,178492
16307,5.2e-05,172.217.194.0-255,7156,11895,42,178492
16308,5.6e-05,172.31.46.0-255,66,11961,42,178492
16309,6e-05,172.217.194.0-255,1939,13900,42,178492
16310,6.3e-05,172.31.46.0-255,66,13966,42,178492
16311,0.000105,172.217.194.0-255,1484,15450,42,178492
16312,0.000107,172.31.46.0-255,66,15516,42,178492
16313,0.000113,172.217.194.0-255,2902,18418,42,178492
16314,0.000115,172.31.46.0-255,66,18484,42,178492
16315,0.000134,172.217.194.0-255,5738,24222,42,178492
16316,0.000137,172.31.46.0-255,66,24288,42,178492
16317,0.000143,172.217.194.0-255,4320,28608,42,178492
16318,0.000145,172.31.46.0-255,66,28674,42,178492
16319,0.000198,172.217.194.0-255,7156,35830,42,178492
16320,0.000201,172.31.46.0-255,66,35896,42,178492
16321,0.000221,172.217.194.0-255,3961,39857,42,178492
16322,0.000224,172.31.46.0-255,66,39923,42,178492
16323,0.000242,172.217.194.0-255,4320,44243,42,178492
16324,0.000245,172.31.46.0-255,66,44309,42,178492
16325,0.000258,172.217.194.0-255,3961,48270,42,178492
16326,0.000261,172.31.46.0-255,66,48336,42,178492
16327,0.000295,172.31.46.0-255,66,48402,42,178492
16328,0.000306,172.31.46.0-255,66,48468,42,178492
16329,0.000322,172.217.194.0-255,381,48849,42,178492
16330,0.000325,172.31.46.0-255,66,48915,42,178492
16331,0.000489,172.217.194.0-255,363,49278,42,178492
16332,0.00069,172.217.194.0-255,1484,50762,42,178492
16333,0.000695,172.31.46.0-255,66,50828,42,178492
16334,0.000701,172.217.194.0-255,2902,53730,42,178492
16335,0.000703,172.31.46.0-255,66,53796,42,178492
16336,0.000726,172.217.194.0-255,5738,59534,42,178492
16337,0.000729,172.31.46.0-255,66,59600,42,178492
16338,0.000733,172.217.194.0-255,2902,62502,42,178492
16339,0.000736,172.31.46.0-255,66,62568,42,178492
16340,0.000773,172.31.46.0-255,66,62634,42,178492
16341,0.000786,172.31.46.0-255,66,62700,42,178492
16342,0.000788,172.217.194.0-255,216,62916,42,178492
16343,0.000879,172.217.194.0-255,1484,64400,42,178492
16344,0.000883,172.31.46.0-255,66,64466,42,178492
16345,0.000889,172.217.194.0-255,2902,67368,42,178492
16346,0.000891,172.31.46.0-255,66,67434,42,178492
16347,0.000913,172.217.194.0-255,5738,73172,42,178492
16348,0.000916,172.31.46.0-255,66,73238,42,178492
16349,0.000919,172.217.194.0-255,1484,74722,42,178492
16350,0.00093,172.31.46.0-255,66,74788,42,178492
16351,0.000961,172.217.194.0-255,2902,77690,42,178492
16352,0.000964,172.31.46.0-255,66,77756,42,178492
16353,0.000995,172.31.46.0-255,66,77822,42,178492
16354,0.001761,172.217.194.0-255,1484,79306,42,178492
16355,0.001771,172.217.194.0-255,2902,82208,42,178492
16356,0.001776,172.31.46.0-255,66,82274,42,178492
16357,0.001782,172.217.194.0-255,5738,88012,42,178492
16358,0.001785,172.31.46.0-255,66,88078,42,178492
16359,0.001862,172.31.46.0-255,66,88144,42,178492
16360,0.001876,172.31.46.0-255,66,88210,42,178492
16361,0.001893,172.217.194.0-255,1484,89694,42,178492
16362,0.001904,172.217.194.0-255,2902,92596,42,178492
16363,0.001907,172.31.46.0-255,66,92662,42,178492
16364,0.00191,172.217.194.0-255,1484,94146,42,178492
16365,0.001928,172.217.194.0-255,4320,98466,42,178492
16366,0.00193,172.31.46.0-255,66,98532,42,178492
16367,0.001935,172.217.194.0-255,2902,101434,42,178492
16368,0.001937,172.31.46.0-255,66,101500,42,178492
16369,0.001961,172.217.194.0-255,7156,108656,42,178492
16370,0.001964,172.31.46.0-255,66,108722,42,178492
16371,0.001986,172.217.194.0-255,7156,115878,42,178492
16372,0.001988,172.31.46.0-255,66,115944,42,178492
16373,0.002014,172.31.46.0-255,66,116010,42,178492
16374,0.002018,172.217.194.0-255,2902,118912,42,178492
16375,0.002021,172.31.46.0-255,66,118978,42,178492
16376,0.002062,172.31.46.0-255,66,119044,42,178492
16377,0.002068,172.217.194.0-255,5020,124064,42,178492
16378,0.00207,172.31.46.0-255,66,124130,42,178492
16379,0.002103,172.31.46.0-255,66,124196,42,178492
16380,0.002119,172.217.194.0-255,1484,125680,42,178492
16381,0.002138,172.31.46.0-255,66,125746,42,178492
16382,0.002149,172.31.46.0-255,66,125812,42,178492
16383,0.002196,172.31.46.0-255,66,125878,42,178492
16384,0.002206,172.31.46.0-255,66,125944,42,178492
16385,0.002229,172.217.194.0-255,5738,131682,42,178492
16386,0.002231,172.31.46.0-255,66,131748,42,178492
16387,0.002264,172.31.46.0-255,66,131814,42,178492
16388,0.002284,172.217.194.0-255,766,132580,42,178492
16389,0.002299,172.31.46.0-255,66,132646,42,178492
16390,0.002357,172.31.46.0-255,66,132712,42,178492
16391,0.002373,172.217.194.0-255,6438,139150,42,178492
16392,0.002375,172.31.46.0-255,66,139216,42,178492
16393,0.004641,172.217.194.0-255,4320,143536,42,178492
16394,0.004643,172.31.46.0-255,66,143602,42,178492
16395,0.004659,172.217.194.0-255,1484,145086,42,178492
16396,0.006898,172.217.194.0-255,4320,149406,42,178492
16397,0.006906,172.31.46.0-255,66,149472,42,178492
16398,0.009166,172.217.194.0-255,5738,155210,42,178492
16399,0.009172,172.31.46.0-255,66,155276,42,178492
16400,0.011425,172.217.194.0-255,5738,161014,42,178492
16401,0.011433,172.31.46.0-255,66,161080,42,178492
16402,0.013674,172.217.194.0-255,5738,166818,42,178492
16403,0.013682,172.31.46.0-255,66,166884,42,178492
16404,0.015953,172.217.194.0-255,5738,172622,42,178492
16405,0.015966,172.31.46.0-255,66,172688,42,178492
16406,0.01822,172.217.194.0-255,5738,178426,42,178492
16407,0.018229,172.31.46.0-255,66,178492,42,178492
16408,0.0,74.125.24.0-255,146,146,42,230439
16409,1.7e-05,172.31.46.0-255,66,212,42,230439
16410,2.4e-05,74.125.24.0-255,1484,1696,42,230439
16411,2.8e-05,172.31.46.0-255,66,1762,42,230439
16412,3.3e-05,74.125.24.0-255,2902,4664,42,230439
16413,3.6e-05,172.31.46.0-255,66,4730,42,230439
16414,4.1e-05,74.125.24.0-255,2902,7632,42,230439
16415,4.4e-05,172.31.46.0-255,66,7698,42,230439
16416,6.8e-05,74.125.24.0-255,2902,10600,42,230439
16417,7.1e-05,172.31.46.0-255,66,10666,42,230439
16418,9.1e-05,74.125.24.0-255,3385,14051,42,230439
16419,9.4e-05,172.31.46.0-255,66,14117,42,230439
16420,0.000142,74.125.24.0-255,1484,15601,42,230439
16421,0.000145,172.31.46.0-255,66,15667,42,230439
16422,0.00015,74.125.24.0-255,2902,18569,42,230439
16423,0.000152,172.31.46.0-255,66,18635,42,230439
16424,0.000174,74.125.24.0-255,5738,24373,42,230439
16425,0.000177,172.31.46.0-255,66,24439,42,230439
16426,0.000196,74.125.24.0-255,6797,31236,42,230439
16427,0.000198,172.31.46.0-255,66,31302,42,230439
16428,0.000236,172.31.46.0-255,66,31368,42,230439
16429,0.000272,74.125.24.0-255,4320,35688,42,230439
16430,0.000275,172.31.46.0-255,66,35754,42,230439
16431,0.000293,74.125.24.0-255,2543,38297,42,230439
16432,0.000296,172.31.46.0-255,66,38363,42,230439
16433,0.000304,74.125.24.0-255,7156,45519,42,230439
16434,0.000306,172.31.46.0-255,66,45585,42,230439
16435,0.000327,74.125.24.0-255,4320,49905,42,230439
16436,0.00033,172.31.46.0-255,66,49971,42,230439
16437,0.000351,74.125.24.0-255,5379,55350,42,230439
16438,0.000354,172.31.46.0-255,66,55416,42,230439
16439,0.000369,74.125.24.0-255,679,56095,42,230439
16440,0.000472,74.125.24.0-255,1484,57579,42,230439
16441,0.000476,172.31.46.0-255,66,57645,42,230439
16442,0.000481,74.125.24.0-255,2902,60547,42,230439
16443,0.000483,172.31.46.0-255,66,60613,42,230439
16444,0.000489,74.125.24.0-255,5738,66351,42,230439
16445,0.000492,172.31.46.0-255,66,66417,42,230439
16446,0.000527,74.125.24.0-255,6246,72663,42,230439
16447,0.000531,172.31.46.0-255,66,72729,42,230439
16448,0.001154,74.125.24.0-255,1484,74213,42,230439
16449,0.001161,74.125.24.0-255,2902,77115,42,230439
16450,0.001165,172.31.46.0-255,66,77181,42,230439
16451,0.00117,74.125.24.0-255,2902,80083,42,230439
16452,0.001173,172.31.46.0-255,66,80149,42,230439
16453,0.001193,74.125.24.0-255,2902,83051,42,230439
16454,0.001196,172.31.46.0-255,66,83117,42,230439
16455,0.001202,74.125.24.0-255,4320,87437,42,230439
16456,0.001204,172.31.46.0-255,66,87503,42,230439
16457,0.00121,74.125.24.0-255,5738,93241,42,230439
16458,0.001212,172.31.46.0-255,66,93307,42,230439
16459,0.001218,74.125.24.0-255,5738,99045,42,230439
16460,0.00122,172.31.46.0-255,66,99111,42,230439
16461,0.001245,74.125.24.0-255,5738,104849,42,230439
16462,0.001247,172.31.46.0-255,66,104915,42,230439
16463,0.001252,74.125.24.0-255,2184,107099,42,230439
16464,0.001254,172.31.46.0-255,66,107165,42,230439
16465,0.001429,74.125.24.0-255,1484,108649,42,230439
16466,0.001434,74.125.24.0-255,2902,111551,42,230439
16467,0.001437,172.31.46.0-255,66,111617,42,230439
16468,0.00146,74.125.24.0-255,5738,117355,42,230439
16469,0.001464,172.31.46.0-255,66,117421,42,230439
16470,0.001485,74.125.24.0-255,7156,124577,42,230439
16471,0.001488,172.31.46.0-255,66,124643,42,230439
16472,0.001509,74.125.24.0-255,5738,130381,42,230439
16473,0.001511,172.31.46.0-255,66,130447,42,230439
16474,0.001538,172.31.46.0-255,66,130513,42,230439
16475,0.001541,74.125.24.0-255,766,131279,42,230439
16476,0.001636,74.125.24.0-255,1484,132763,42,230439
16477,0.001641,74.125.24.0-255,2902,135665,42,230439
16478,0.001646,172.31.46.0-255,66,135731,42,230439
16479,0.001649,172.31.46.0-255,66,135797,42,230439
16480,0.001667,74.125.24.0-255,5738,141535,42,230439
16481,0.00167,172.31.46.0-255,66,141601,42,230439
16482,0.001675,74.125.24.0-255,4320,145921,42,230439
16483,0.001677,172.31.46.0-255,66,145987,42,230439
16484,0.001712,172.31.46.0-255,66,146053,42,230439
16485,0.001719,74.125.24.0-255,7156,153209,42,230439
16486,0.001721,172.31.46.0-255,66,153275,42,230439
16487,0.001771,74.125.24.0-255,3602,156877,42,230439
16488,0.001774,172.31.46.0-255,66,156943,42,230439
16489,0.001876,74.125.24.0-255,1484,158427,42,230439
16490,0.001881,74.125.24.0-255,2902,161329,42,230439
16491,0.001884,172.31.46.0-255,66,161395,42,230439
16492,0.001899,74.125.24.0-255,5738,167133,42,230439
16493,0.001903,172.31.46.0-255,66,167199,42,230439
16494,0.001914,74.125.24.0-255,4320,171519,42,230439
16495,0.001916,172.31.46.0-255,66,171585,42,230439
16496,0.001934,172.31.46.0-255,66,171651,42,230439
16497,0.001971,172.31.46.0-255,66,171717,42,230439
16498,0.001985,172.31.46.0-255,66,171783,42,230439
16499,0.002024,172.31.46.0-255,66,171849,42,230439
16500,0.002048,74.125.24.0-255,1484,173333,42,230439
16501,0.002052,74.125.24.0-255,2902,176235,42,230439
16502,0.002075,74.125.24.0-255,5738,181973,42,230439
16503,0.002078,74.125.24.0-255,1484,183457,42,230439
16504,0.002094,74.125.24.0-255,5738,189195,42,230439
16505,0.002116,74.125.24.0-255,5738,194933,42,230439
16506,0.002121,74.125.24.0-255,4320,199253,42,230439
16507,0.002137,74.125.24.0-255,5738,204991,42,230439
16508,0.002152,74.125.24.0-255,2902,207893,42,230439
16509,0.002206,74.125.24.0-255,5738,213631,42,230439
16510,0.002253,74.125.24.0-255,7156,220787,42,230439
16511,0.002266,74.125.24.0-255,1484,222271,42,230439
16512,0.002373,74.125.24.0-255,6704,228975,42,230439
16513,0.002376,74.125.24.0-255,105,229080,42,230439
16514,0.00817,172.31.46.0-255,66,229146,42,230439
16515,0.008182,172.31.46.0-255,66,229212,42,230439
16516,0.008202,172.31.46.0-255,66,229278,42,230439
16517,0.008205,172.31.46.0-255,66,229344,42,230439
16518,0.008224,172.31.46.0-255,66,229410,42,230439
16519,0.008821,172.31.46.0-255,66,229476,42,230439
16520,0.008826,172.31.46.0-255,66,229542,42,230439
16521,0.00883,172.31.46.0-255,66,229608,42,230439
16522,0.008832,172.31.46.0-255,66,229674,42,230439
16523,0.008844,172.31.46.0-255,66,229740,42,230439
16524,0.008848,172.31.46.0-255,66,229806,42,230439
16525,0.008852,172.31.46.0-255,66,229872,42,230439
16526,0.008855,172.31.46.0-255,66,229938,42,230439
16527,0.008859,172.31.46.0-255,66,230004,42,230439
16528,0.008863,172.31.46.0-255,66,230070,42,230439
16529,0.008865,172.31.46.0-255,66,230136,42,230439
16530,0.008868,172.31.46.0-255,66,230202,42,230439
16531,0.011072,172.31.46.0-255,66,230268,42,230439
16532,0.01111,172.31.46.0-255,105,230373,42,230439
16533,0.013643,74.125.24.0-255,66,230439,42,230439
16534,0.0,172.217.194.0-255,153,153,42,199078
16535,2.2e-05,172.31.46.0-255,66,219,42,199078
16536,2.9e-05,172.217.194.0-255,1484,1703,42,199078
16537,3.3e-05,172.31.46.0-255,66,1769,42,199078
16538,3.8e-05,172.217.194.0-255,2902,4671,42,199078
16539,4e-05,172.31.46.0-255,66,4737,42,199078
16540,4.7e-05,172.217.194.0-255,7156,11893,42,199078
16541,4.9e-05,172.31.46.0-255,66,11959,42,199078
16542,7.5e-05,172.217.194.0-255,2093,14052,42,199078
16543,7.7e-05,172.31.46.0-255,66,14118,42,199078
16544,8.1e-05,172.217.194.0-255,2902,17020,42,199078
16545,8.3e-05,172.31.46.0-255,66,17086,42,199078
16546,8.6e-05,172.217.194.0-255,1484,18570,42,199078
16547,8.7e-05,172.31.46.0-255,66,18636,42,199078
16548,0.000117,172.217.194.0-255,5738,24374,42,199078
16549,0.000119,172.31.46.0-255,66,24440,42,199078
16550,0.000126,172.217.194.0-255,6797,31237,42,199078
16551,0.000128,172.31.46.0-255,66,31303,42,199078
16552,0.000159,172.217.194.0-255,1484,32787,42,199078
16553,0.000161,172.31.46.0-255,66,32853,42,199078
16554,0.000165,172.217.194.0-255,2902,35755,42,199078
16555,0.000167,172.31.46.0-255,66,35821,42,199078
16556,0.000181,172.217.194.0-255,5738,41559,42,199078
16557,0.000183,172.31.46.0-255,66,41625,42,199078
16558,0.000221,172.217.194.0-255,5738,47363,42,199078
16559,0.000224,172.31.46.0-255,66,47429,42,199078
16560,0.000248,172.217.194.0-255,1125,48554,42,199078
16561,0.00025,172.31.46.0-255,66,48620,42,199078
16562,0.000257,172.217.194.0-255,7156,55776,42,199078
16563,0.000259,172.31.46.0-255,66,55842,42,199078
16564,0.000295,172.31.46.0-255,66,55908,42,199078
16565,0.000298,172.217.194.0-255,710,56618,42,199078
16566,0.000575,172.217.194.0-255,1484,58102,42,199078
16567,0.00058,172.31.46.0-255,66,58168,42,199078
16568,0.000585,172.217.194.0-255,2902,61070,42,199078
16569,0.000587,172.31.46.0-255,66,61136,42,199078
16570,0.000592,172.217.194.0-255,5738,66874,42,199078
16571,0.000594,172.31.46.0-255,66,66940,42,199078
16572,0.000619,172.217.194.0-255,2902,69842,42,199078
16573,0.000621,172.31.46.0-255,66,69908,42,199078
16574,0.000655,172.31.46.0-255,66,69974,42,199078
16575,0.000666,172.31.46.0-255,66,70040,42,199078
16576,0.000849,172.217.194.0-255,1484,71524,42,199078
16577,0.000855,172.217.194.0-255,2902,74426,42,199078
16578,0.000857,172.31.46.0-255,66,74492,42,199078
16579,0.00086,172.217.194.0-255,1484,75976,42,199078
16580,0.000878,172.217.194.0-255,4320,80296,42,199078
16581,0.00088,172.31.46.0-255,66,80362,42,199078
16582,0.000885,172.217.194.0-255,5738,86100,42,199078
16583,0.000887,172.31.46.0-255,66,86166,42,199078
16584,0.000921,172.31.46.0-255,66,86232,42,199078
16585,0.000927,172.217.194.0-255,5020,91252,42,199078
16586,0.000928,172.31.46.0-255,66,91318,42,199078
16587,0.000962,172.217.194.0-255,5738,97056,42,199078
16588,0.000964,172.31.46.0-255,66,97122,42,199078
16589,0.000991,172.31.46.0-255,66,97188,42,199078
16590,0.000993,172.217.194.0-255,1484,98672,42,199078
16591,0.001017,172.217.194.0-255,7156,105828,42,199078
16592,0.001019,172.31.46.0-255,66,105894,42,199078
16593,0.001036,172.217.194.0-255,1484,107378,42,199078
16594,0.001063,172.217.194.0-255,5738,113116,42,199078
16595,0.00107,172.31.46.0-255,66,113182,42,199078
16596,0.001081,172.217.194.0-255,5738,118920,42,199078
16597,0.001097,172.217.194.0-255,5738,124658,42,199078
16598,0.001111,172.31.46.0-255,66,124724,42,199078
16599,0.001126,172.31.46.0-255,66,124790,42,199078
16600,0.001176,172.217.194.0-255,1484,126274,42,199078
16601,0.001193,172.217.194.0-255,2902,129176,42,199078
16602,0.001197,172.217.194.0-255,1484,130660,42,199078
16603,0.001214,172.217.194.0-255,4320,134980,42,199078
16604,0.001217,172.31.46.0-255,66,135046,42,199078
16605,0.001221,172.31.46.0-255,66,135112,42,199078
16606,0.001259,172.31.46.0-255,66,135178,42,199078
16607,0.001536,172.217.194.0-255,1484,136662,42,199078
16608,0.00154,172.217.194.0-255,1484,138146,42,199078
16609,0.001542,172.31.46.0-255,66,138212,42,199078
16610,0.001562,172.217.194.0-255,1484,139696,42,199078
16611,0.001568,172.217.194.0-255,5738,145434,42,199078
16612,0.00157,172.31.46.0-255,66,145500,42,199078
16613,0.001576,172.217.194.0-255,5738,151238,42,199078
16614,0.001596,172.217.194.0-255,7156,158394,42,199078
16615,0.001603,172.31.46.0-255,66,158460,42,199078
16616,0.001647,172.31.46.0-255,66,158526,42,199078
16617,0.001693,172.217.194.0-255,1484,160010,42,199078
16618,0.001711,172.217.194.0-255,2902,162912,42,199078
16619,0.001714,172.217.194.0-255,1484,164396,42,199078
16620,0.001723,172.31.46.0-255,66,164462,42,199078
16621,0.001733,172.217.194.0-255,4320,168782,42,199078
16622,0.001734,172.217.194.0-255,1484,170266,42,199078
16623,0.001774,172.217.194.0-255,1484,171750,42,199078
16624,0.00178,172.31.46.0-255,66,171816,42,199078
16625,0.001789,172.217.194.0-255,766,172582,42,199078
16626,0.001814,172.217.194.0-255,1484,174066,42,199078
16627,0.001818,172.217.194.0-255,1484,175550,42,199078
16628,0.001828,172.217.194.0-255,2902,178452,42,199078
16629,0.001838,172.31.46.0-255,66,178518,42,199078
16630,0.001847,172.217.194.0-255,4320,182838,42,199078
16631,0.001851,172.31.46.0-255,66,182904,42,199078
16632,0.001866,172.217.194.0-255,5738,188642,42,199078
16633,0.001887,172.31.46.0-255,66,188708,42,199078
16634,0.001901,172.217.194.0-255,1484,190192,42,199078
16635,0.001957,172.31.46.0-255,66,190258,42,199078
16636,0.001985,172.217.194.0-255,4320,194578,42,199078
16637,0.002015,172.31.46.0-255,66,194644,42,199078
16638,0.002046,172.217.194.0-255,4092,198736,42,199078
16639,0.002049,172.217.194.0-255,105,198841,42,199078
16640,0.002058,172.31.46.0-255,66,198907,42,199078
16641,0.008999,172.31.46.0-255,105,199012,42,199078
16642,0.011337,172.217.194.0-255,66,199078,42,199078
16643,0.0,74.125.200.0-255,153,153,42,275550
16644,2.5e-05,172.31.46.0-255,66,219,42,275550
16645,3.2e-05,74.125.200.0-255,1484,1703,42,275550
16646,3.7e-05,172.31.46.0-255,66,1769,42,275550
16647,7e-05,74.125.200.0-255,2902,4671,42,275550
16648,7.7e-05,172.31.46.0-255,66,4737,42,275550
16649,8.4e-05,74.125.200.0-255,4320,9057,42,275550
16650,8.8e-05,172.31.46.0-255,66,9123,42,275550
16651,0.000134,74.125.200.0-255,2902,12025,42,275550
16652,0.000136,172.31.46.0-255,66,12091,42,275550
16653,0.000162,74.125.200.0-255,2111,14202,42,275550
16654,0.000165,172.31.46.0-255,66,14268,42,275550
16655,0.000173,74.125.200.0-255,5738,20006,42,275550
16656,0.000176,172.31.46.0-255,66,20072,42,275550
16657,0.00018,74.125.200.0-255,2902,22974,42,275550
16658,0.000183,172.31.46.0-255,66,23040,42,275550
16659,0.000217,74.125.200.0-255,4320,27360,42,275550
16660,0.00022,172.31.46.0-255,66,27426,42,275550
16661,0.000226,74.125.200.0-255,3961,31387,42,275550
16662,0.000228,172.31.46.0-255,66,31453,42,275550
16663,0.00028,74.125.200.0-255,1484,32937,42,275550
16664,0.000283,172.31.46.0-255,66,33003,42,275550
16665,0.000314,74.125.200.0-255,2902,35905,42,275550
16666,0.000317,172.31.46.0-255,66,35971,42,275550
16667,0.00032,74.125.200.0-255,1484,37455,42,275550
16668,0.000322,172.31.46.0-255,66,37521,42,275550
16669,0.000327,74.125.200.0-255,2902,40423,42,275550
16670,0.00033,172.31.46.0-255,66,40489,42,275550
16671,0.000341,74.125.200.0-255,5738,46227,42,275550
16672,0.000344,172.31.46.0-255,66,46293,42,275550
16673,0.000375,74.125.200.0-255,2543,48836,42,275550
16674,0.000377,172.31.46.0-255,66,48902,42,275550
16675,0.000381,74.125.200.0-255,2902,51804,42,275550
16676,0.000384,172.31.46.0-255,66,51870,42,275550
16677,0.000404,74.125.200.0-255,1484,53354,42,275550
16678,0.000432,74.125.200.0-255,5738,59092,42,275550
16679,0.000435,172.31.46.0-255,66,59158,42,275550
16680,0.000461,74.125.200.0-255,4320,63478,42,275550
16681,0.000464,172.31.46.0-255,66,63544,42,275550
16682,0.000503,74.125.200.0-255,2813,66357,42,275550
16683,0.000505,172.31.46.0-255,66,66423,42,275550
16684,0.000528,74.125.200.0-255,131,66554,42,275550
16685,0.00061,74.125.200.0-255,1484,68038,42,275550
16686,0.000614,172.31.46.0-255,66,68104,42,275550
16687,0.00062,74.125.200.0-255,2902,71006,42,275550
16688,0.000622,172.31.46.0-255,66,71072,42,275550
16689,0.000644,74.125.200.0-255,5738,76810,42,275550
16690,0.000651,172.31.46.0-255,66,76876,42,275550
16691,0.000682,74.125.200.0-255,1484,78360,42,275550
16692,0.000696,74.125.200.0-255,2902,81262,42,275550
16693,0.000699,172.31.46.0-255,66,81328,42,275550
16694,0.000703,74.125.200.0-255,2902,84230,42,275550
16695,0.000706,172.31.46.0-255,66,84296,42,275550
16696,0.000728,74.125.200.0-255,4320,88616,42,275550
16697,0.000731,172.31.46.0-255,66,88682,42,275550
16698,0.000771,172.31.46.0-255,66,88748,42,275550
16699,0.000816,74.125.200.0-255,3307,92055,42,275550
16700,0.000819,172.31.46.0-255,66,92121,42,275550
16701,0.000959,74.125.200.0-255,1484,93605,42,275550
16702,0.000968,74.125.200.0-255,2902,96507,42,275550
16703,0.000972,172.31.46.0-255,66,96573,42,275550
16704,0.000976,74.125.200.0-255,1484,98057,42,275550
16705,0.001004,74.125.200.0-255,4320,102377,42,275550
16706,0.001007,172.31.46.0-255,66,102443,42,275550
16707,0.001011,74.125.200.0-255,2902,105345,42,275550
16708,0.001014,172.31.46.0-255,66,105411,42,275550
16709,0.001056,172.31.46.0-255,66,105477,42,275550
16710,0.001085,172.31.46.0-255,66,105543,42,275550
16711,0.001147,74.125.200.0-255,1484,107027,42,275550
16712,0.001164,74.125.200.0-255,1484,108511,42,275550
16713,0.001167,172.31.46.0-255,66,108577,42,275550
16714,0.001171,74.125.200.0-255,1484,110061,42,275550
16715,0.001195,74.125.200.0-255,1484,111545,42,275550
16716,0.001198,172.31.46.0-255,66,111611,42,275550
16717,0.001203,74.125.200.0-255,2902,114513,42,275550
16718,0.001205,172.31.46.0-255,66,114579,42,275550
16719,0.001228,74.125.200.0-255,2902,117481,42,275550
16720,0.00123,172.31.46.0-255,66,117547,42,275550
16721,0.001235,74.125.200.0-255,2902,120449,42,275550
16722,0.001237,172.31.46.0-255,66,120515,42,275550
16723,0.001283,74.125.200.0-255,4320,124835,42,275550
16724,0.001286,172.31.46.0-255,66,124901,42,275550
16725,0.001314,74.125.200.0-255,5738,130639,42,275550
16726,0.001318,172.31.46.0-255,66,130705,42,275550
16727,0.001329,172.31.46.0-255,66,130771,42,275550
16728,0.001335,74.125.200.0-255,5738,136509,42,275550
16729,0.001338,172.31.46.0-255,66,136575,42,275550
16730,0.001376,74.125.200.0-255,7156,143731,42,275550
16731,0.00138,172.31.46.0-255,66,143797,42,275550
16732,0.001385,74.125.200.0-255,2902,146699,42,275550
16733,0.001387,172.31.46.0-255,66,146765,42,275550
16734,0.001414,74.125.200.0-255,4320,151085,42,275550
16735,0.001417,172.31.46.0-255,66,151151,42,275550
16736,0.00142,74.125.200.0-255,1484,152635,42,275550
16737,0.001457,74.125.200.0-255,1484,154119,42,275550
16738,0.00146,172.31.46.0-255,66,154185,42,275550
16739,0.001489,74.125.200.0-255,1484,155669,42,275550
16740,0.001497,74.125.200.0-255,5738,161407,42,275550
16741,0.0015,172.31.46.0-255,66,161473,42,275550
16742,0.001528,74.125.200.0-255,3602,165075,42,275550
16743,0.001538,172.31.46.0-255,66,165141,42,275550
16744,0.001625,74.125.200.0-255,1484,166625,42,275550
16745,0.001637,74.125.200.0-255,1484,168109,42,275550
16746,0.00164,172.31.46.0-255,66,168175,42,275550
16747,0.001666,74.125.200.0-255,1484,169659,42,275550
16748,0.001673,74.125.200.0-255,5738,175397,42,275550
16749,0.001675,172.31.46.0-255,66,175463,42,275550
16750,0.001682,74.125.200.0-255,5738,181201,42,275550
16751,0.001685,172.31.46.0-255,66,181267,42,275550
16752,0.001709,74.125.200.0-255,2902,184169,42,275550
16753,0.001712,172.31.46.0-255,66,184235,42,275550
16754,0.001724,172.31.46.0-255,66,184301,42,275550
16755,0.001757,74.125.200.0-255,5020,189321,42,275550
16756,0.00176,172.31.46.0-255,66,189387,42,275550
16757,0.001842,74.125.200.0-255,1484,190871,42,275550
16758,0.001848,74.125.200.0-255,2902,193773,42,275550
16759,0.001852,172.31.46.0-255,66,193839,42,275550
16760,0.001874,74.125.200.0-255,1484,195323,42,275550
16761,0.001898,74.125.200.0-255,2902,198225,42,275550
16762,0.001911,74.125.200.0-255,5738,203963,42,275550
16763,0.00192,172.31.46.0-255,66,204029,42,275550
16764,0.001923,172.31.46.0-255,66,204095,42,275550
16765,0.001926,74.125.200.0-255,1484,205579,42,275550
16766,0.001967,172.31.46.0-255,66,205645,42,275550
16767,0.001971,74.125.200.0-255,2902,208547,42,275550
16768,0.001974,172.31.46.0-255,66,208613,42,275550
16769,0.002021,172.31.46.0-255,66,208679,42,275550
16770,0.002026,74.125.200.0-255,4320,212999,42,275550
16771,0.002029,172.31.46.0-255,66,213065,42,275550
16772,0.002039,172.31.46.0-255,66,213131,42,275550
16773,0.002088,172.31.46.0-255,66,213197,42,275550
16774,0.002095,74.125.200.0-255,6438,219635,42,275550
16775,0.002098,172.31.46.0-255,66,219701,42,275550
16776,0.00211,172.31.46.0-255,66,219767,42,275550
16777,0.002135,74.125.200.0-255,4320,224087,42,275550
16778,0.002138,172.31.46.0-255,66,224153,42,275550
16779,0.002161,172.31.46.0-255,66,224219,42,275550
16780,0.002184,74.125.200.0-255,5738,229957,42,275550
16781,0.002187,172.31.46.0-255,66,230023,42,275550
16782,0.002221,74.125.200.0-255,1484,231507,42,275550
16783,0.002249,74.125.200.0-255,6438,237945,42,275550
16784,0.002252,172.31.46.0-255,66,238011,42,275550
16785,0.002263,172.31.46.0-255,66,238077,42,275550
16786,0.00227,74.125.200.0-255,7156,245233,42,275550
16787,0.002272,172.31.46.0-255,66,245299,42,275550
16788,0.002282,172.31.46.0-255,66,245365,42,275550
16789,0.004525,74.125.200.0-255,5738,251103,42,275550
16790,0.004534,172.31.46.0-255,66,251169,42,275550
16791,0.006773,74.125.200.0-255,5738,256907,42,275550
16792,0.006778,172.31.46.0-255,66,256973,42,275550
16793,0.009031,74.125.200.0-255,5738,262711,42,275550
16794,0.009047,172.31.46.0-255,66,262777,42,275550
16795,0.011314,74.125.200.0-255,5738,268515,42,275550
16796,0.011333,172.31.46.0-255,66,268581,42,275550
16797,0.013586,74.125.200.0-255,5738,274319,42,275550
16798,0.013601,172.31.46.0-255,66,274385,42,275550
16799,0.015834,74.125.200.0-255,928,275313,42,275550
16800,0.017187,172.31.46.0-255,66,275379,42,275550
16801,0.017225,172.31.46.0-255,105,275484,42,275550
16802,0.019437,74.125.200.0-255,66,275550,42,275550
16803,0.0,74.125.68.0-255,297,297,42,206915
16804,2.5e-05,172.31.46.0-255,66,363,42,206915
16805,3.1e-05,74.125.68.0-255,1484,1847,42,206915
16806,3.6e-05,172.31.46.0-255,66,1913,42,206915
16807,3.9e-05,74.125.68.0-255,1484,3397,42,206915
16808,4.1e-05,172.31.46.0-255,66,3463,42,206915
16809,4.7e-05,74.125.68.0-255,2902,6365,42,206915
16810,5e-05,172.31.46.0-255,66,6431,42,206915
16811,5.6e-05,74.125.68.0-255,5738,12169,42,206915
16812,5.9e-05,172.31.46.0-255,66,12235,42,206915
16813,6.3e-05,74.125.68.0-255,1804,14039,42,206915
16814,6.6e-05,172.31.46.0-255,66,14105,42,206915
16815,0.000413,74.125.68.0-255,1484,15589,42,206915
16816,0.00042,172.31.46.0-255,66,15655,42,206915
16817,0.000426,74.125.68.0-255,2902,18557,42,206915
16818,0.000428,172.31.46.0-255,66,18623,42,206915
16819,0.000435,74.125.68.0-255,2902,21525,42,206915
16820,0.000437,172.31.46.0-255,66,21591,42,206915
16821,0.000459,74.125.68.0-255,1484,23075,42,206915
16822,0.000462,172.31.46.0-255,66,23141,42,206915
16823,0.000468,74.125.68.0-255,5738,28879,42,206915
16824,0.00047,172.31.46.0-255,66,28945,42,206915
16825,0.000487,74.125.68.0-255,2543,31488,42,206915
16826,0.00049,172.31.46.0-255,66,31554,42,206915
16827,0.000494,74.125.68.0-255,2902,34456,42,206915
16828,0.000496,172.31.46.0-255,66,34522,42,206915
16829,0.000529,74.125.68.0-255,7156,41678,42,206915
16830,0.000533,172.31.46.0-255,66,41744,42,206915
16831,0.000539,74.125.68.0-255,6797,48541,42,206915
16832,0.000541,172.31.46.0-255,66,48607,42,206915
16833,0.000914,74.125.68.0-255,1484,50091,42,206915
16834,0.00092,172.31.46.0-255,66,50157,42,206915
16835,0.000925,74.125.68.0-255,2902,53059,42,206915
16836,0.000927,172.31.46.0-255,66,53125,42,206915
16837,0.00093,74.125.68.0-255,1484,54609,42,206915
16838,0.000949,74.125.68.0-255,2902,57511,42,206915
16839,0.000952,172.31.46.0-255,66,57577,42,206915
16840,0.000962,74.125.68.0-255,4320,61897,42,206915
16841,0.000964,172.31.46.0-255,66,61963,42,206915
16842,0.000984,74.125.68.0-255,1484,63447,42,206915
16843,0.000989,74.125.68.0-255,2870,66317,42,206915
16844,0.000991,172.31.46.0-255,66,66383,42,206915
16845,0.001426,74.125.68.0-255,1484,67867,42,206915
16846,0.001436,74.125.68.0-255,2902,70769,42,206915
16847,0.00144,172.31.46.0-255,66,70835,42,206915
16848,0.001444,74.125.68.0-255,1484,72319,42,206915
16849,0.001449,74.125.68.0-255,2902,75221,42,206915
16850,0.00145,172.31.46.0-255,66,75287,42,206915
16851,0.001479,74.125.68.0-255,5738,81025,42,206915
16852,0.001481,172.31.46.0-255,66,81091,42,206915
16853,0.001534,172.31.46.0-255,66,81157,42,206915
16854,0.001571,172.31.46.0-255,66,81223,42,206915
16855,0.001702,74.125.68.0-255,1484,82707,42,206915
16856,0.001708,74.125.68.0-255,2902,85609,42,206915
16857,0.001712,172.31.46.0-255,66,85675,42,206915
16858,0.001735,74.125.68.0-255,5738,91413,42,206915
16859,0.001737,172.31.46.0-255,66,91479,42,206915
16860,0.001761,74.125.68.0-255,7156,98635,42,206915
16861,0.001763,172.31.46.0-255,66,98701,42,206915
16862,0.001783,74.125.68.0-255,5738,104439,42,206915
16863,0.001787,172.31.46.0-255,66,104505,42,206915
16864,0.001807,74.125.68.0-255,2902,107407,42,206915
16865,0.001809,172.31.46.0-255,66,107473,42,206915
16866,0.001821,172.31.46.0-255,66,107539,42,206915
16867,0.001842,74.125.68.0-255,4320,111859,42,206915
16868,0.001845,172.31.46.0-255,66,111925,42,206915
16869,0.001874,74.125.68.0-255,4320,116245,42,206915
16870,0.001877,172.31.46.0-255,66,116311,42,206915
16871,0.001883,74.125.68.0-255,5738,122049,42,206915
16872,0.001885,172.31.46.0-255,66,122115,42,206915
16873,0.001892,74.125.68.0-255,7156,129271,42,206915
16874,0.001894,172.31.46.0-255,66,129337,42,206915
16875,0.001922,74.125.68.0-255,5738,135075,42,206915
16876,0.001924,172.31.46.0-255,66,135141,42,206915
16877,0.001948,74.125.68.0-255,5738,140879,42,206915
16878,0.00195,172.31.46.0-255,66,140945,42,206915
16879,0.001953,74.125.68.0-255,766,141711,42,206915
16880,0.001974,74.125.68.0-255,1484,143195,42,206915
16881,0.001976,172.31.46.0-255,66,143261,42,206915
16882,0.001992,74.125.68.0-255,4320,147581,42,206915
16883,0.001995,172.31.46.0-255,66,147647,42,206915
16884,0.00202,74.125.68.0-255,4320,151967,42,206915
16885,0.002023,172.31.46.0-255,66,152033,42,206915
16886,0.002028,74.125.68.0-255,5738,157771,42,206915
16887,0.002031,172.31.46.0-255,66,157837,42,206915
16888,0.002077,172.31.46.0-255,66,157903,42,206915
16889,0.002088,74.125.68.0-255,1484,159387,42,206915
16890,0.002093,74.125.68.0-255,4320,163707,42,206915
16891,0.002096,172.31.46.0-255,66,163773,42,206915
16892,0.002119,74.125.68.0-255,2184,165957,42,206915
16893,0.002122,172.31.46.0-255,66,166023,42,206915
16894,0.004363,74.125.68.0-255,2902,168925,42,206915
16895,0.004369,172.31.46.0-255,66,168991,42,206915
16896,0.004395,74.125.68.0-255,2902,171893,42,206915
16897,0.004397,172.31.46.0-255,66,171959,42,206915
16898,0.006657,74.125.68.0-255,2902,174861,42,206915
16899,0.006663,172.31.46.0-255,66,174927,42,206915
16900,0.006686,74.125.68.0-255,2902,177829,42,206915
16901,0.006689,172.31.46.0-255,66,177895,42,206915
16902,0.008961,74.125.68.0-255,5738,183633,42,206915
16903,0.008968,172.31.46.0-255,66,183699,42,206915
16904,0.011236,74.125.68.0-255,5738,189437,42,206915
16905,0.011243,172.31.46.0-255,66,189503,42,206915
16906,0.013526,74.125.68.0-255,5738,195241,42,206915
16907,0.013537,172.31.46.0-255,66,195307,42,206915
16908,0.015829,74.125.68.0-255,5738,201045,42,206915
16909,0.015842,172.31.46.0-255,66,201111,42,206915
16910,0.018116,74.125.68.0-255,5738,206849,42,206915
16911,0.018125,172.31.46.0-255,66,206915,42,206915
16912,0.0,172.217.194.0-255,153,153,42,125088
16913,2.2e-05,172.31.46.0-255,66,219,42,125088
16914,2.9e-05,172.217.194.0-255,1484,1703,42,125088
16915,3.3e-05,172.31.46.0-255,66,1769,42,125088
16916,3.9e-05,172.217.194.0-255,2902,4671,42,125088
16917,4.2e-05,172.31.46.0-255,66,4737,42,125088
16918,8.7e-05,172.217.194.0-255,7156,11893,42,125088
16919,9e-05,172.31.46.0-255,66,11959,42,125088
16920,0.000162,172.217.194.0-255,2088,14047,42,125088
16921,0.000165,172.31.46.0-255,66,14113,42,125088
16922,0.000182,172.217.194.0-255,1484,15597,42,125088
16923,0.000183,172.31.46.0-255,66,15663,42,125088
16924,0.000195,172.217.194.0-255,1484,17147,42,125088
16925,0.000198,172.31.46.0-255,66,17213,42,125088
16926,0.000226,172.217.194.0-255,2902,20115,42,125088
16927,0.000228,172.31.46.0-255,66,20181,42,125088
16928,0.000245,172.217.194.0-255,4320,24501,42,125088
16929,0.000247,172.31.46.0-255,66,24567,42,125088
16930,0.000333,172.217.194.0-255,1484,26051,42,125088
16931,0.000336,172.31.46.0-255,66,26117,42,125088
16932,0.000357,172.217.194.0-255,5379,31496,42,125088
16933,0.000359,172.31.46.0-255,66,31562,42,125088
16934,0.000449,172.217.194.0-255,7156,38718,42,125088
16935,0.000455,172.31.46.0-255,66,38784,42,125088
16936,0.000543,172.217.194.0-255,7156,45940,42,125088
16937,0.000548,172.31.46.0-255,66,46006,42,125088
16938,0.000572,172.31.46.0-255,66,46072,42,125088
16939,0.000759,172.217.194.0-255,5738,51810,42,125088
16940,0.000764,172.31.46.0-255,66,51876,42,125088
16941,0.000786,172.217.194.0-255,5662,57538,42,125088
16942,0.000789,172.31.46.0-255,66,57604,42,125088
16943,0.00089,172.217.194.0-255,426,58030,42,125088
16944,0.00091,172.217.194.0-255,5738,63768,42,125088
16945,0.000915,172.31.46.0-255,66,63834,42,125088
16946,0.00096,172.31.46.0-255,66,63900,42,125088
16947,0.001117,172.217.194.0-255,4320,68220,42,125088
16948,0.001121,172.31.46.0-255,66,68286,42,125088
16949,0.001162,172.31.46.0-255,66,68352,42,125088
16950,0.001397,172.217.194.0-255,7156,75508,42,125088
16951,0.001401,172.31.46.0-255,66,75574,42,125088
16952,0.001445,172.31.46.0-255,66,75640,42,125088
16953,0.001689,172.31.46.0-255,66,75706,42,125088
16954,0.00171,172.217.194.0-255,5020,80726,42,125088
16955,0.001939,172.217.194.0-255,2184,82910,42,125088
16956,0.002356,172.217.194.0-255,5738,88648,42,125088
16957,0.003038,172.217.194.0-255,2902,91550,42,125088
16958,0.00621,172.31.46.0-255,66,91616,42,125088
16959,0.008446,172.217.194.0-255,5738,97354,42,125088
16960,0.008452,172.31.46.0-255,66,97420,42,125088
16961,0.010687,172.217.194.0-255,5738,103158,42,125088
16962,0.010694,172.31.46.0-255,66,103224,42,125088
16963,0.012919,172.217.194.0-255,5738,108962,42,125088
16964,0.012929,172.31.46.0-255,66,109028,42,125088
16965,0.015142,172.217.194.0-255,5738,114766,42,125088
16966,0.015497,172.31.46.0-255,66,114832,42,125088
16967,0.017709,172.217.194.0-255,4320,119152,42,125088
16968,0.017716,172.31.46.0-255,66,119218,42,125088
16969,0.017733,172.217.194.0-255,1484,120702,42,125088
16970,0.019927,172.217.194.0-255,4320,125022,42,125088
16971,0.019933,172.31.46.0-255,66,125088,42,125088
16972,0.0,172.217.194.0-255,156,156,42,132166
16973,2.5e-05,172.31.46.0-255,66,222,42,132166
16974,3.3e-05,172.217.194.0-255,1484,1706,42,132166
16975,3.7e-05,172.31.46.0-255,66,1772,42,132166
16976,4.3e-05,172.217.194.0-255,2902,4674,42,132166
16977,5.4e-05,172.31.46.0-255,66,4740,42,132166
16978,6.2e-05,172.217.194.0-255,7156,11896,42,132166
16979,6.7e-05,172.31.46.0-255,66,11962,42,132166
16980,8.2e-05,172.31.46.0-255,66,12028,42,132166
16981,0.000131,172.31.46.0-255,66,12094,42,132166
16982,0.000174,172.217.194.0-255,1484,13578,42,132166
16983,0.000177,172.31.46.0-255,66,13644,42,132166
16984,0.000182,172.217.194.0-255,2902,16546,42,132166
16985,0.000185,172.31.46.0-255,66,16612,42,132166
16986,0.000194,172.217.194.0-255,2902,19514,42,132166
16987,0.000196,172.31.46.0-255,66,19580,42,132166
16988,0.000225,172.217.194.0-255,2902,22482,42,132166
16989,0.000228,172.31.46.0-255,66,22548,42,132166
16990,0.000232,172.217.194.0-255,2902,25450,42,132166
16991,0.000234,172.31.46.0-255,66,25516,42,132166
16992,0.000257,172.217.194.0-255,3961,29477,42,132166
16993,0.000259,172.31.46.0-255,66,29543,42,132166
16994,0.000264,172.217.194.0-255,2902,32445,42,132166
16995,0.000267,172.31.46.0-255,66,32511,42,132166
16996,0.000292,172.217.194.0-255,1484,33995,42,132166
16997,0.000329,172.31.46.0-255,66,34061,42,132166
16998,0.000332,172.31.46.0-255,66,34127,42,132166
16999,0.00035,172.217.194.0-255,1484,35611,42,132166
17000,0.000352,172.31.46.0-255,66,35677,42,132166
17001,0.000356,172.217.194.0-255,2543,38220,42,132166
17002,0.000359,172.31.46.0-255,66,38286,42,132166
17003,0.000681,172.217.194.0-255,362,38648,42,132166
17004,0.001075,172.217.194.0-255,1484,40132,42,132166
17005,0.00108,172.31.46.0-255,66,40198,42,132166
17006,0.001087,172.217.194.0-255,2902,43100,42,132166
17007,0.001089,172.31.46.0-255,66,43166,42,132166
17008,0.001093,172.217.194.0-255,2902,46068,42,132166
17009,0.0011,172.31.46.0-255,66,46134,42,132166
17010,0.001124,172.217.194.0-255,2902,49036,42,132166
17011,0.001127,172.31.46.0-255,66,49102,42,132166
17012,0.00114,172.31.46.0-255,66,49168,42,132166
17013,0.001143,172.217.194.0-255,1484,50652,42,132166
17014,0.001172,172.217.194.0-255,4320,54972,42,132166
17015,0.001175,172.31.46.0-255,66,55038,42,132166
17016,0.0012,172.217.194.0-255,5020,60058,42,132166
17017,0.001202,172.31.46.0-255,66,60124,42,132166
17018,0.001242,172.217.194.0-255,3218,63342,42,132166
17019,0.001244,172.31.46.0-255,66,63408,42,132166
17020,0.001251,172.217.194.0-255,4320,67728,42,132166
17021,0.001253,172.31.46.0-255,66,67794,42,132166
17022,0.001256,172.217.194.0-255,1484,69278,42,132166
17023,0.001303,172.31.46.0-255,66,69344,42,132166
17024,0.001314,172.31.46.0-255,66,69410,42,132166
17025,0.00136,172.31.46.0-255,66,69476,42,132166
17026,0.001758,172.217.194.0-255,1484,70960,42,132166
17027,0.001764,172.217.194.0-255,2902,73862,42,132166
17028,0.001768,172.31.46.0-255,66,73928,42,132166
17029,0.001774,172.217.194.0-255,5738,79666,42,132166
17030,0.001776,172.31.46.0-255,66,79732,42,132166
17031,0.001792,172.217.194.0-255,1484,81216,42,132166
17032,0.00184,172.31.46.0-255,66,81282,42,132166
17033,0.001847,172.217.194.0-255,4320,85602,42,132166
17034,0.001849,172.31.46.0-255,66,85668,42,132166
17035,0.00188,172.31.46.0-255,66,85734,42,132166
17036,0.004032,172.217.194.0-255,5738,91472,42,132166
17037,0.004043,172.31.46.0-255,66,91538,42,132166
17038,0.006142,172.217.194.0-255,5738,97276,42,132166
17039,0.006146,172.31.46.0-255,66,97342,42,132166
17040,0.008248,172.217.194.0-255,5738,103080,42,132166
17041,0.008257,172.31.46.0-255,66,103146,42,132166
17042,0.010373,172.217.194.0-255,5738,108884,42,132166
17043,0.010385,172.31.46.0-255,66,108950,42,132166
17044,0.012498,172.217.194.0-255,5738,114688,42,132166
17045,0.012507,172.31.46.0-255,66,114754,42,132166
17046,0.014598,172.217.194.0-255,5738,120492,42,132166
17047,0.014607,172.31.46.0-255,66,120558,42,132166
17048,0.016754,172.217.194.0-255,5738,126296,42,132166
17049,0.016761,172.31.46.0-255,66,126362,42,132166
17050,0.018894,172.217.194.0-255,5738,132100,42,132166
17051,0.018901,172.31.46.0-255,66,132166,42,132166
17052,0.0,74.125.24.0-255,150,150,42,156428
17053,2.3e-05,172.31.46.0-255,66,216,42,156428
17054,3e-05,74.125.24.0-255,1484,1700,42,156428
17055,3.4e-05,172.31.46.0-255,66,1766,42,156428
17056,4e-05,74.125.24.0-255,2902,4668,42,156428
17057,4.3e-05,172.31.46.0-255,66,4734,42,156428
17058,5.1e-05,74.125.24.0-255,7156,11890,42,156428
17059,5.4e-05,172.31.46.0-255,66,11956,42,156428
17060,5.8e-05,74.125.24.0-255,2038,13994,42,156428
17061,6.1e-05,172.31.46.0-255,66,14060,42,156428
17062,0.000212,74.125.24.0-255,1484,15544,42,156428
17063,0.000217,172.31.46.0-255,66,15610,42,156428
17064,0.000223,74.125.24.0-255,2902,18512,42,156428
17065,0.000226,172.31.46.0-255,66,18578,42,156428
17066,0.000229,74.125.24.0-255,1484,20062,42,156428
17067,0.000231,172.31.46.0-255,66,20128,42,156428
17068,0.000248,74.125.24.0-255,4320,24448,42,156428
17069,0.00025,172.31.46.0-255,66,24514,42,156428
17070,0.000258,74.125.24.0-255,6797,31311,42,156428
17071,0.00026,172.31.46.0-255,66,31377,42,156428
17072,0.000392,74.125.24.0-255,1484,32861,42,156428
17073,0.000396,172.31.46.0-255,66,32927,42,156428
17074,0.000402,74.125.24.0-255,2902,35829,42,156428
17075,0.000405,172.31.46.0-255,66,35895,42,156428
17076,0.00041,74.125.24.0-255,2902,38797,42,156428
17077,0.000411,172.31.46.0-255,66,38863,42,156428
17078,0.000434,74.125.24.0-255,2902,41765,42,156428
17079,0.000437,172.31.46.0-255,66,41831,42,156428
17080,0.000487,74.125.24.0-255,6797,48628,42,156428
17081,0.000492,172.31.46.0-255,66,48694,42,156428
17082,0.00099,74.125.24.0-255,1484,50178,42,156428
17083,0.000997,172.31.46.0-255,66,50244,42,156428
17084,0.001006,74.125.24.0-255,2902,53146,42,156428
17085,0.001008,172.31.46.0-255,66,53212,42,156428
17086,0.001015,74.125.24.0-255,5738,58950,42,156428
17087,0.001017,172.31.46.0-255,66,59016,42,156428
17088,0.00102,74.125.24.0-255,1484,60500,42,156428
17089,0.001044,74.125.24.0-255,5379,65879,42,156428
17090,0.001046,172.31.46.0-255,66,65945,42,156428
17091,0.00112,74.125.24.0-255,1484,67429,42,156428
17092,0.001126,74.125.24.0-255,2902,70331,42,156428
17093,0.001129,172.31.46.0-255,66,70397,42,156428
17094,0.001144,74.125.24.0-255,1484,71881,42,156428
17095,0.001161,74.125.24.0-255,4320,76201,42,156428
17096,0.001163,172.31.46.0-255,66,76267,42,156428
17097,0.001167,74.125.24.0-255,1484,77751,42,156428
17098,0.001188,172.31.46.0-255,66,77817,42,156428
17099,0.001205,74.125.24.0-255,3961,81778,42,156428
17100,0.001207,172.31.46.0-255,66,81844,42,156428
17101,0.001219,172.31.46.0-255,66,81910,42,156428
17102,0.001221,74.125.24.0-255,286,82196,42,156428
17103,0.001808,74.125.24.0-255,1484,83680,42,156428
17104,0.001815,172.31.46.0-255,66,83746,42,156428
17105,0.001822,74.125.24.0-255,2902,86648,42,156428
17106,0.001826,172.31.46.0-255,66,86714,42,156428
17107,0.001832,74.125.24.0-255,5738,92452,42,156428
17108,0.001834,172.31.46.0-255,66,92518,42,156428
17109,0.001868,74.125.24.0-255,5738,98256,42,156428
17110,0.00187,172.31.46.0-255,66,98322,42,156428
17111,0.001893,74.125.24.0-255,5738,104060,42,156428
17112,0.001896,172.31.46.0-255,66,104126,42,156428
17113,0.00191,172.31.46.0-255,66,104192,42,156428
17114,0.00388,74.125.24.0-255,5738,109930,42,156428
17115,0.003883,172.31.46.0-255,66,109996,42,156428
17116,0.005838,74.125.24.0-255,5738,115734,42,156428
17117,0.005846,172.31.46.0-255,66,115800,42,156428
17118,0.007791,74.125.24.0-255,5738,121538,42,156428
17119,0.007798,172.31.46.0-255,66,121604,42,156428
17120,0.009741,74.125.24.0-255,5738,127342,42,156428
17121,0.009749,172.31.46.0-255,66,127408,42,156428
17122,0.011726,74.125.24.0-255,5738,133146,42,156428
17123,0.011736,172.31.46.0-255,66,133212,42,156428
17124,0.013685,74.125.24.0-255,5738,138950,42,156428
17125,0.013694,172.31.46.0-255,66,139016,42,156428
17126,0.015718,74.125.24.0-255,5738,144754,42,156428
17127,0.015726,172.31.46.0-255,66,144820,42,156428
17128,0.017718,74.125.24.0-255,5738,150558,42,156428
17129,0.017737,172.31.46.0-255,66,150624,42,156428
17130,0.019758,74.125.24.0-255,5738,156362,42,156428
17131,0.019772,172.31.46.0-255,66,156428,42,156428
17132,0.0,74.125.200.0-255,146,146,42,181091
17133,3.5e-05,172.31.46.0-255,66,212,42,181091
17134,4.1e-05,74.125.200.0-255,1484,1696,42,181091
17135,4.6e-05,172.31.46.0-255,66,1762,42,181091
17136,5e-05,74.125.200.0-255,2902,4664,42,181091
17137,5.2e-05,172.31.46.0-255,66,4730,42,181091
17138,5.8e-05,74.125.200.0-255,7156,11886,42,181091
17139,6e-05,172.31.46.0-255,66,11952,42,181091
17140,6.3e-05,74.125.200.0-255,2031,13983,42,181091
17141,6.5e-05,172.31.46.0-255,66,14049,42,181091
17142,9.8e-05,74.125.200.0-255,4320,18369,42,181091
17143,0.000101,172.31.46.0-255,66,18435,42,181091
17144,0.000116,74.125.200.0-255,7156,25591,42,181091
17145,0.000118,172.31.46.0-255,66,25657,42,181091
17146,0.000123,74.125.200.0-255,5379,31036,42,181091
17147,0.000124,172.31.46.0-255,66,31102,42,181091
17148,0.000177,74.125.200.0-255,1484,32586,42,181091
17149,0.000179,172.31.46.0-255,66,32652,42,181091
17150,0.000198,74.125.200.0-255,2902,35554,42,181091
17151,0.0002,172.31.46.0-255,66,35620,42,181091
17152,0.000203,74.125.200.0-255,1484,37104,42,181091
17153,0.000205,172.31.46.0-255,66,37170,42,181091
17154,0.000222,74.125.200.0-255,4320,41490,42,181091
17155,0.000225,172.31.46.0-255,66,41556,42,181091
17156,0.000231,74.125.200.0-255,7156,48712,42,181091
17157,0.000233,172.31.46.0-255,66,48778,42,181091
17158,0.000255,74.125.200.0-255,1484,50262,42,181091
17159,0.000257,172.31.46.0-255,66,50328,42,181091
17160,0.000271,74.125.200.0-255,5738,56066,42,181091
17161,0.000278,172.31.46.0-255,101,56167,42,181091
17162,0.000284,172.31.46.0-255,66,56233,42,181091
17163,0.000288,74.125.200.0-255,7156,63389,42,181091
17164,0.000291,172.31.46.0-255,66,63455,42,181091
17165,0.000294,74.125.200.0-255,2184,65639,42,181091
17166,0.000296,172.31.46.0-255,66,65705,42,181091
17167,0.000298,74.125.200.0-255,429,66134,42,181091
17168,0.000403,74.125.200.0-255,345,66479,42,181091
17169,0.000549,74.125.200.0-255,1484,67963,42,181091
17170,0.000551,74.125.200.0-255,1484,69447,42,181091
17171,0.000553,172.31.46.0-255,66,69513,42,181091
17172,0.000559,74.125.200.0-255,1484,70997,42,181091
17173,0.000562,172.31.46.0-255,66,71063,42,181091
17174,0.000566,74.125.200.0-255,2902,73965,42,181091
17175,0.000568,172.31.46.0-255,66,74031,42,181091
17176,0.000594,74.125.200.0-255,4320,78351,42,181091
17177,0.000597,172.31.46.0-255,66,78417,42,181091
17178,0.000615,74.125.200.0-255,2902,81319,42,181091
17179,0.000618,172.31.46.0-255,66,81385,42,181091
17180,0.000635,74.125.200.0-255,2543,83928,42,181091
17181,0.000637,172.31.46.0-255,66,83994,42,181091
17182,0.00065,74.125.200.0-255,1484,85478,42,181091
17183,0.000667,74.125.200.0-255,4320,89798,42,181091
17184,0.000669,172.31.46.0-255,66,89864,42,181091
17185,0.000674,74.125.200.0-255,4320,94184,42,181091
17186,0.000676,172.31.46.0-255,66,94250,42,181091
17187,0.000687,74.125.200.0-255,1484,95734,42,181091
17188,0.000721,74.125.200.0-255,4320,100054,42,181091
17189,0.000725,172.31.46.0-255,66,100120,42,181091
17190,0.000738,74.125.200.0-255,1125,101245,42,181091
17191,0.001234,74.125.200.0-255,1484,102729,42,181091
17192,0.001239,172.31.46.0-255,66,102795,42,181091
17193,0.001246,74.125.200.0-255,2902,105697,42,181091
17194,0.001248,172.31.46.0-255,66,105763,42,181091
17195,0.001268,74.125.200.0-255,5738,111501,42,181091
17196,0.00127,172.31.46.0-255,66,111567,42,181091
17197,0.001273,74.125.200.0-255,1484,113051,42,181091
17198,0.001292,74.125.200.0-255,2902,115953,42,181091
17199,0.001294,172.31.46.0-255,66,116019,42,181091
17200,0.001314,74.125.200.0-255,4320,120339,42,181091
17201,0.001316,172.31.46.0-255,66,120405,42,181091
17202,0.00134,74.125.200.0-255,1484,121889,42,181091
17203,0.001347,74.125.200.0-255,4320,126209,42,181091
17204,0.001349,172.31.46.0-255,66,126275,42,181091
17205,0.001354,74.125.200.0-255,5738,132013,42,181091
17206,0.001355,172.31.46.0-255,66,132079,42,181091
17207,0.001404,74.125.200.0-255,3602,135681,42,181091
17208,0.001408,172.31.46.0-255,66,135747,42,181091
17209,0.002542,74.125.200.0-255,66,135813,42,181091
17210,0.003639,74.125.200.0-255,1484,137297,42,181091
17211,0.003684,74.125.200.0-255,1484,138781,42,181091
17212,0.003688,172.31.46.0-255,66,138847,42,181091
17213,0.0037,74.125.200.0-255,2902,141749,42,181091
17214,0.003702,172.31.46.0-255,66,141815,42,181091
17215,0.005988,74.125.200.0-255,4320,146135,42,181091
17216,0.005992,172.31.46.0-255,66,146201,42,181091
17217,0.006008,74.125.200.0-255,1484,147685,42,181091
17218,0.008292,74.125.200.0-255,4320,152005,42,181091
17219,0.008301,172.31.46.0-255,66,152071,42,181091
17220,0.010619,74.125.200.0-255,5738,157809,42,181091
17221,0.01063,172.31.46.0-255,66,157875,42,181091
17222,0.012926,74.125.200.0-255,5738,163613,42,181091
17223,0.012941,172.31.46.0-255,66,163679,42,181091
17224,0.015261,74.125.200.0-255,5738,169417,42,181091
17225,0.015279,172.31.46.0-255,66,169483,42,181091
17226,0.017598,74.125.200.0-255,5738,175221,42,181091
17227,0.017617,172.31.46.0-255,66,175287,42,181091
17228,0.01993,74.125.200.0-255,5738,181025,42,181091
17229,0.019949,172.31.46.0-255,66,181091,42,181091
17230,0.0,172.217.194.0-255,152,152,42,159225
17231,2.4e-05,172.31.46.0-255,66,218,42,159225
17232,3.1e-05,172.217.194.0-255,1484,1702,42,159225
17233,3.5e-05,172.31.46.0-255,66,1768,42,159225
17234,4.2e-05,172.217.194.0-255,2902,4670,42,159225
17235,4.7e-05,172.31.46.0-255,66,4736,42,159225
17236,5.5e-05,172.217.194.0-255,7156,11892,42,159225
17237,5.8e-05,172.31.46.0-255,66,11958,42,159225
17238,7e-05,172.31.46.0-255,66,12024,42,159225
17239,8.1e-05,172.31.46.0-255,66,12090,42,159225
17240,0.000116,172.31.46.0-255,66,12156,42,159225
17241,0.000148,172.31.46.0-255,66,12222,42,159225
17242,0.000151,172.217.194.0-255,766,12988,42,159225
17243,0.000153,172.31.46.0-255,66,13054,42,159225
17244,0.000167,172.217.194.0-255,1484,14538,42,159225
17245,0.00017,172.31.46.0-255,66,14604,42,159225
17246,0.000175,172.217.194.0-255,2902,17506,42,159225
17247,0.000177,172.31.46.0-255,66,17572,42,159225
17248,0.0002,172.217.194.0-255,5738,23310,42,159225
17249,0.000202,172.31.46.0-255,66,23376,42,159225
17250,0.000246,172.217.194.0-255,7073,30449,42,159225
17251,0.000249,172.31.46.0-255,66,30515,42,159225
17252,0.000647,172.217.194.0-255,1484,31999,42,159225
17253,0.000653,172.31.46.0-255,66,32065,42,159225
17254,0.000658,172.217.194.0-255,2902,34967,42,159225
17255,0.00066,172.31.46.0-255,66,35033,42,159225
17256,0.000664,172.217.194.0-255,1484,36517,42,159225
17257,0.000666,172.31.46.0-255,66,36583,42,159225
17258,0.000693,172.217.194.0-255,4320,40903,42,159225
17259,0.000696,172.31.46.0-255,66,40969,42,159225
17260,0.000703,172.217.194.0-255,5738,46707,42,159225
17261,0.000705,172.31.46.0-255,66,46773,42,159225
17262,0.000756,172.31.46.0-255,66,46839,42,159225
17263,0.000763,172.217.194.0-255,7156,53995,42,159225
17264,0.000765,172.31.46.0-255,66,54061,42,159225
17265,0.000831,172.217.194.0-255,5738,59799,42,159225
17266,0.000834,172.31.46.0-255,66,59865,42,159225
17267,0.000847,172.217.194.0-255,4320,64185,42,159225
17268,0.00085,172.31.46.0-255,66,64251,42,159225
17269,0.00087,172.217.194.0-255,3239,67490,42,159225
17270,0.000884,172.31.46.0-255,66,67556,42,159225
17271,0.000887,172.217.194.0-255,215,67771,42,159225
17272,0.000891,172.217.194.0-255,1484,69255,42,159225
17273,0.000893,172.31.46.0-255,66,69321,42,159225
17274,0.000899,172.217.194.0-255,4320,73641,42,159225
17275,0.000902,172.31.46.0-255,66,73707,42,159225
17276,0.000909,172.217.194.0-255,5738,79445,42,159225
17277,0.000911,172.31.46.0-255,66,79511,42,159225
17278,0.000916,172.217.194.0-255,4320,83831,42,159225
17279,0.000919,172.31.46.0-255,66,83897,42,159225
17280,0.000954,172.217.194.0-255,7156,91053,42,159225
17281,0.000957,172.31.46.0-255,66,91119,42,159225
17282,0.00097,172.31.46.0-255,66,91185,42,159225
17283,0.001773,172.217.194.0-255,1484,92669,42,159225
17284,0.00178,172.217.194.0-255,2902,95571,42,159225
17285,0.001783,172.31.46.0-255,66,95637,42,159225
17286,0.001787,172.217.194.0-255,1484,97121,42,159225
17287,0.001814,172.217.194.0-255,4320,101441,42,159225
17288,0.001817,172.31.46.0-255,66,101507,42,159225
17289,0.001824,172.217.194.0-255,7156,108663,42,159225
17290,0.001827,172.31.46.0-255,66,108729,42,159225
17291,0.001856,172.31.46.0-255,66,108795,42,159225
17292,0.001883,172.217.194.0-255,2902,111697,42,159225
17293,0.001886,172.31.46.0-255,66,111763,42,159225
17294,0.00189,172.217.194.0-255,2184,113947,42,159225
17295,0.001892,172.31.46.0-255,66,114013,42,159225
17296,0.002428,172.217.194.0-255,1484,115497,42,159225
17297,0.002439,172.217.194.0-255,2902,118399,42,159225
17298,0.002443,172.31.46.0-255,66,118465,42,159225
17299,0.002451,172.217.194.0-255,5738,124203,42,159225
17300,0.002453,172.31.46.0-255,66,124269,42,159225
17301,0.002487,172.31.46.0-255,66,124335,42,159225
17302,0.002516,172.31.46.0-255,66,124401,42,159225
17303,0.005117,172.217.194.0-255,5738,130139,42,159225
17304,0.005131,172.31.46.0-255,66,130205,42,159225
17305,0.007769,172.217.194.0-255,5738,135943,42,159225
17306,0.007773,172.31.46.0-255,66,136009,42,159225
17307,0.010372,172.217.194.0-255,5738,141747,42,159225
17308,0.010389,172.31.46.0-255,66,141813,42,159225
17309,0.013055,172.217.194.0-255,5738,147551,42,159225
17310,0.013074,172.31.46.0-255,66,147617,42,159225
17311,0.015719,172.217.194.0-255,5738,153355,42,159225
17312,0.015738,172.31.46.0-255,66,153421,42,159225
17313,0.018415,172.217.194.0-255,5738,159159,42,159225
17314,0.018435,172.31.46.0-255,66,159225,42,159225
17315,0.0,74.125.68.0-255,153,153,42,305124
17316,2.2e-05,172.31.46.0-255,66,219,42,305124
17317,2.9e-05,74.125.68.0-255,1484,1703,42,305124
17318,3.3e-05,172.31.46.0-255,66,1769,42,305124
17319,4.7e-05,74.125.68.0-255,2902,4671,42,305124
17320,5.1e-05,172.31.46.0-255,66,4737,42,305124
17321,5.4e-05,74.125.68.0-255,1484,6221,42,305124
17322,5.7e-05,172.31.46.0-255,66,6287,42,305124
17323,8.6e-05,74.125.68.0-255,1484,7771,42,305124
17324,8.9e-05,172.31.46.0-255,66,7837,42,305124
17325,9.6e-05,74.125.68.0-255,4320,12157,42,305124
17326,9.8e-05,172.31.46.0-255,66,12223,42,305124
17327,0.000111,74.125.68.0-255,2083,14306,42,305124
17328,0.000114,172.31.46.0-255,66,14372,42,305124
17329,0.000178,74.125.68.0-255,1484,15856,42,305124
17330,0.000181,172.31.46.0-255,66,15922,42,305124
17331,0.000205,74.125.68.0-255,2902,18824,42,305124
17332,0.000209,172.31.46.0-255,66,18890,42,305124
17333,0.000226,74.125.68.0-255,2902,21792,42,305124
17334,0.000228,172.31.46.0-255,66,21858,42,305124
17335,0.00027,74.125.68.0-255,2902,24760,42,305124
17336,0.000273,172.31.46.0-255,66,24826,42,305124
17337,0.000281,74.125.68.0-255,6797,31623,42,305124
17338,0.000283,172.31.46.0-255,66,31689,42,305124
17339,0.000291,74.125.68.0-255,1484,33173,42,305124
17340,0.000293,172.31.46.0-255,66,33239,42,305124
17341,0.000298,74.125.68.0-255,2902,36141,42,305124
17342,0.0003,172.31.46.0-255,66,36207,42,305124
17343,0.00033,74.125.68.0-255,5738,41945,42,305124
17344,0.000333,172.31.46.0-255,66,42011,42,305124
17345,0.00034,74.125.68.0-255,6797,48808,42,305124
17346,0.000343,172.31.46.0-255,66,48874,42,305124
17347,0.000404,74.125.68.0-255,1484,50358,42,305124
17348,0.000425,74.125.68.0-255,2902,53260,42,305124
17349,0.000428,172.31.46.0-255,66,53326,42,305124
17350,0.00046,74.125.68.0-255,5738,59064,42,305124
17351,0.000463,172.31.46.0-255,66,59130,42,305124
17352,0.000469,74.125.68.0-255,4320,63450,42,305124
17353,0.000471,172.31.46.0-255,66,63516,42,305124
17354,0.000492,74.125.68.0-255,1484,65000,42,305124
17355,0.000506,74.125.68.0-255,1477,66477,42,305124
17356,0.000508,172.31.46.0-255,66,66543,42,305124
17357,0.00054,74.125.68.0-255,327,66870,42,305124
17358,0.000777,74.125.68.0-255,1484,68354,42,305124
17359,0.000781,172.31.46.0-255,66,68420,42,305124
17360,0.000784,74.125.68.0-255,1484,69904,42,305124
17361,0.00081,74.125.68.0-255,1484,71388,42,305124
17362,0.000813,172.31.46.0-255,66,71454,42,305124
17363,0.00082,74.125.68.0-255,5738,77192,42,305124
17364,0.000823,172.31.46.0-255,66,77258,42,305124
17365,0.000862,74.125.68.0-255,5738,82996,42,305124
17366,0.000865,172.31.46.0-255,66,83062,42,305124
17367,0.000872,74.125.68.0-255,7156,90218,42,305124
17368,0.000874,172.31.46.0-255,66,90284,42,305124
17369,0.00089,172.31.46.0-255,66,90350,42,305124
17370,0.000901,74.125.68.0-255,2184,92534,42,305124
17371,0.000904,172.31.46.0-255,66,92600,42,305124
17372,0.001806,74.125.68.0-255,1484,94084,42,305124
17373,0.001815,74.125.68.0-255,2902,96986,42,305124
17374,0.001819,172.31.46.0-255,66,97052,42,305124
17375,0.001826,74.125.68.0-255,4320,101372,42,305124
17376,0.001828,172.31.46.0-255,66,101438,42,305124
17377,0.001839,172.31.46.0-255,66,101504,42,305124
17378,0.001851,74.125.68.0-255,5738,107242,42,305124
17379,0.001853,172.31.46.0-255,66,107308,42,305124
17380,0.00191,74.125.68.0-255,7156,114464,42,305124
17381,0.001912,172.31.46.0-255,66,114530,42,305124
17382,0.001918,74.125.68.0-255,3602,118132,42,305124
17383,0.00192,172.31.46.0-255,66,118198,42,305124
17384,0.002156,74.125.68.0-255,1484,119682,42,305124
17385,0.002162,74.125.68.0-255,2902,122584,42,305124
17386,0.002165,172.31.46.0-255,66,122650,42,305124
17387,0.002192,74.125.68.0-255,5738,128388,42,305124
17388,0.002194,172.31.46.0-255,66,128454,42,305124
17389,0.002221,74.125.68.0-255,1484,129938,42,305124
17390,0.002225,74.125.68.0-255,1484,131422,42,305124
17391,0.002227,172.31.46.0-255,66,131488,42,305124
17392,0.002234,74.125.68.0-255,4320,135808,42,305124
17393,0.002236,172.31.46.0-255,66,135874,42,305124
17394,0.002239,74.125.68.0-255,1484,137358,42,305124
17395,0.002241,74.125.68.0-255,1484,138842,42,305124
17396,0.002243,172.31.46.0-255,66,138908,42,305124
17397,0.002269,74.125.68.0-255,1484,140392,42,305124
17398,0.002273,74.125.68.0-255,2902,143294,42,305124
17399,0.002275,172.31.46.0-255,66,143360,42,305124
17400,0.002302,74.125.68.0-255,5738,149098,42,305124
17401,0.002304,172.31.46.0-255,66,149164,42,305124
17402,0.002307,74.125.68.0-255,1484,150648,42,305124
17403,0.002311,74.125.68.0-255,1484,152132,42,305124
17404,0.002312,172.31.46.0-255,66,152198,42,305124
17405,0.002351,74.125.68.0-255,766,152964,42,305124
17406,0.002646,74.125.68.0-255,1484,154448,42,305124
17407,0.00265,172.31.46.0-255,66,154514,42,305124
17408,0.002654,74.125.68.0-255,1484,155998,42,305124
17409,0.002678,74.125.68.0-255,4320,160318,42,305124
17410,0.00268,172.31.46.0-255,66,160384,42,305124
17411,0.00271,74.125.68.0-255,7156,167540,42,305124
17412,0.002712,172.31.46.0-255,66,167606,42,305124
17413,0.002734,74.125.68.0-255,1484,169090,42,305124
17414,0.002737,74.125.68.0-255,1484,170574,42,305124
17415,0.002739,172.31.46.0-255,66,170640,42,305124
17416,0.002743,74.125.68.0-255,1484,172124,42,305124
17417,0.002781,172.31.46.0-255,66,172190,42,305124
17418,0.002787,74.125.68.0-255,5020,177210,42,305124
17419,0.002789,172.31.46.0-255,66,177276,42,305124
17420,0.003085,74.125.68.0-255,1484,178760,42,305124
17421,0.003091,74.125.68.0-255,2902,181662,42,305124
17422,0.003093,74.125.68.0-255,1484,183146,42,305124
17423,0.003099,172.31.46.0-255,66,183212,42,305124
17424,0.00311,74.125.68.0-255,2902,186114,42,305124
17425,0.003112,172.31.46.0-255,66,186180,42,305124
17426,0.003119,74.125.68.0-255,1484,187664,42,305124
17427,0.003122,74.125.68.0-255,1484,189148,42,305124
17428,0.003124,172.31.46.0-255,66,189214,42,305124
17429,0.003129,74.125.68.0-255,2902,192116,42,305124
17430,0.00313,172.31.46.0-255,66,192182,42,305124
17431,0.003166,74.125.68.0-255,1484,193666,42,305124
17432,0.003178,172.31.46.0-255,66,193732,42,305124
17433,0.003185,74.125.68.0-255,5738,199470,42,305124
17434,0.003187,172.31.46.0-255,66,199536,42,305124
17435,0.003222,74.125.68.0-255,3602,203138,42,305124
17436,0.003226,172.31.46.0-255,66,203204,42,305124
17437,0.003231,74.125.68.0-255,4320,207524,42,305124
17438,0.003233,172.31.46.0-255,66,207590,42,305124
17439,0.003262,74.125.68.0-255,5738,213328,42,305124
17440,0.003264,172.31.46.0-255,66,213394,42,305124
17441,0.003305,74.125.68.0-255,4320,217714,42,305124
17442,0.003307,172.31.46.0-255,66,217780,42,305124
17443,0.00332,172.31.46.0-255,66,217846,42,305124
17444,0.003326,74.125.68.0-255,6438,224284,42,305124
17445,0.003328,172.31.46.0-255,66,224350,42,305124
17446,0.003365,74.125.68.0-255,4320,228670,42,305124
17447,0.003368,172.31.46.0-255,66,228736,42,305124
17448,0.003373,74.125.68.0-255,2902,231638,42,305124
17449,0.003375,172.31.46.0-255,66,231704,42,305124
17450,0.003397,74.125.68.0-255,2902,234606,42,305124
17451,0.0034,172.31.46.0-255,66,234672,42,305124
17452,0.003407,74.125.68.0-255,5738,240410,42,305124
17453,0.003409,172.31.46.0-255,66,240476,42,305124
17454,0.003437,74.125.68.0-255,5738,246214,42,305124
17455,0.00344,172.31.46.0-255,66,246280,42,305124
17456,0.003444,74.125.68.0-255,2902,249182,42,305124
17457,0.003447,172.31.46.0-255,66,249248,42,305124
17458,0.003487,172.31.46.0-255,66,249314,42,305124
17459,0.003557,172.31.46.0-255,66,249380,42,305124
17460,0.003565,74.125.68.0-255,7156,256536,42,305124
17461,0.003567,172.31.46.0-255,66,256602,42,305124
17462,0.003577,172.31.46.0-255,66,256668,42,305124
17463,0.003583,74.125.68.0-255,5020,261688,42,305124
17464,0.003586,172.31.46.0-255,66,261754,42,305124
17465,0.00359,74.125.68.0-255,1484,263238,42,305124
17466,0.003624,74.125.68.0-255,4320,267558,42,305124
17467,0.003628,172.31.46.0-255,66,267624,42,305124
17468,0.003636,74.125.68.0-255,7156,274780,42,305124
17469,0.003639,172.31.46.0-255,66,274846,42,305124
17470,0.003662,74.125.68.0-255,5738,280584,42,305124
17471,0.003666,172.31.46.0-255,66,280650,42,305124
17472,0.003673,74.125.68.0-255,7156,287806,42,305124
17473,0.003675,172.31.46.0-255,66,287872,42,305124
17474,0.003707,74.125.68.0-255,7156,295028,42,305124
17475,0.00371,172.31.46.0-255,66,295094,42,305124
17476,0.003713,74.125.68.0-255,766,295860,42,305124
17477,0.003717,74.125.68.0-255,1484,297344,42,305124
17478,0.003719,172.31.46.0-255,66,297410,42,305124
17479,0.003766,172.31.46.0-255,66,297476,42,305124
17480,0.003771,74.125.68.0-255,2902,300378,42,305124
17481,0.003773,172.31.46.0-255,66,300444,42,305124
17482,0.003805,74.125.68.0-255,3684,304128,42,305124
17483,0.003808,172.31.46.0-255,66,304194,42,305124
17484,0.003812,74.125.68.0-255,105,304299,42,305124
17485,0.003814,74.125.68.0-255,129,304428,42,305124
17486,0.012014,172.31.46.0-255,105,304533,42,305124
17487,0.012052,172.31.46.0-255,105,304638,42,305124
17488,0.012276,172.31.46.0-255,90,304728,42,305124
17489,0.012286,172.31.46.0-255,66,304794,42,305124
17490,0.014174,74.125.68.0-255,66,304860,42,305124
17491,0.014197,74.125.68.0-255,66,304926,42,305124
17492,0.014428,74.125.68.0-255,66,304992,42,305124
17493,0.014461,74.125.68.0-255,66,305058,42,305124
17494,0.014467,172.31.46.0-255,66,305124,42,305124
17495,0.0,172.217.194.0-255,298,298,42,232499
17496,2.3e-05,172.31.46.0-255,66,364,42,232499
17497,3e-05,172.217.194.0-255,1484,1848,42,232499
17498,3.5e-05,172.31.46.0-255,66,1914,42,232499
17499,5e-05,172.217.194.0-255,4320,6234,42,232499
17500,5.3e-05,172.31.46.0-255,66,6300,42,232499
17501,6.2e-05,172.217.194.0-255,7156,13456,42,232499
17502,6.5e-05,172.31.46.0-255,66,13522,42,232499
17503,7.3e-05,172.217.194.0-255,4320,17842,42,232499
17504,7.5e-05,172.31.46.0-255,66,17908,42,232499
17505,0.000118,172.31.46.0-255,66,17974,42,232499
17506,0.00012,172.217.194.0-255,1125,19099,42,232499
17507,0.000122,172.31.46.0-255,66,19165,42,232499
17508,0.000154,172.217.194.0-255,1484,20649,42,232499
17509,0.000156,172.31.46.0-255,66,20715,42,232499
17510,0.00017,172.217.194.0-255,1484,22199,42,232499
17511,0.000172,172.31.46.0-255,66,22265,42,232499
17512,0.000196,172.217.194.0-255,1484,23749,42,232499
17513,0.000198,172.31.46.0-255,66,23815,42,232499
17514,0.000203,172.217.194.0-255,5738,29553,42,232499
17515,0.000205,172.31.46.0-255,66,29619,42,232499
17516,0.000224,172.217.194.0-255,7156,36775,42,232499
17517,0.000227,172.31.46.0-255,66,36841,42,232499
17518,0.000261,172.217.194.0-255,6797,43638,42,232499
17519,0.000264,172.31.46.0-255,66,43704,42,232499
17520,0.000278,172.31.46.0-255,66,43770,42,232499
17521,0.00028,172.217.194.0-255,365,44135,42,232499
17522,0.000282,172.31.46.0-255,66,44201,42,232499
17523,0.000312,172.217.194.0-255,1484,45685,42,232499
17524,0.000315,172.31.46.0-255,66,45751,42,232499
17525,0.00032,172.217.194.0-255,4320,50071,42,232499
17526,0.000348,172.217.194.0-255,1484,51555,42,232499
17527,0.000372,172.217.194.0-255,2902,54457,42,232499
17528,0.000422,172.217.194.0-255,215,54672,42,232499
17529,0.000426,172.217.194.0-255,2902,57574,42,232499
17530,0.000461,172.217.194.0-255,2543,60117,42,232499
17531,0.000598,172.217.194.0-255,1484,61601,42,232499
17532,0.00061,172.217.194.0-255,2902,64503,42,232499
17533,0.000629,172.217.194.0-255,5738,70241,42,232499
17534,0.000648,172.217.194.0-255,4320,74561,42,232499
17535,0.000662,172.31.46.0-255,66,74627,42,232499
17536,0.000673,172.217.194.0-255,7156,81783,42,232499
17537,0.000683,172.31.46.0-255,66,81849,42,232499
17538,0.000694,172.217.194.0-255,4320,86169,42,232499
17539,0.000735,172.31.46.0-255,66,86235,42,232499
17540,0.000758,172.217.194.0-255,1484,87719,42,232499
17541,0.00077,172.217.194.0-255,2902,90621,42,232499
17542,0.000775,172.31.46.0-255,66,90687,42,232499
17543,0.000803,172.217.194.0-255,5738,96425,42,232499
17544,0.000821,172.217.194.0-255,6797,103222,42,232499
17545,0.000836,172.217.194.0-255,1484,104706,42,232499
17546,0.000852,172.217.194.0-255,2902,107608,42,232499
17547,0.000874,172.217.194.0-255,5738,113346,42,232499
17548,0.000886,172.217.194.0-255,2902,116248,42,232499
17549,0.000966,172.217.194.0-255,5738,121986,42,232499
17550,0.001011,172.217.194.0-255,4320,126306,42,232499
17551,0.001018,172.217.194.0-255,7156,133462,42,232499
17552,0.001028,172.217.194.0-255,2184,135646,42,232499
17553,0.001049,172.217.194.0-255,1484,137130,42,232499
17554,0.001051,172.217.194.0-255,1484,138614,42,232499
17555,0.001061,172.217.194.0-255,1484,140098,42,232499
17556,0.001064,172.217.194.0-255,1484,141582,42,232499
17557,0.001078,172.217.194.0-255,4320,145902,42,232499
17558,0.001098,172.217.194.0-255,4320,150222,42,232499
17559,0.001127,172.217.194.0-255,4320,154542,42,232499
17560,0.001176,172.217.194.0-255,6438,160980,42,232499
17561,0.001199,172.217.194.0-255,7156,168136,42,232499
17562,0.001211,172.217.194.0-255,2902,171038,42,232499
17563,0.001226,172.217.194.0-255,5738,176776,42,232499
17564,0.001236,172.217.194.0-255,2902,179678,42,232499
17565,0.001275,172.217.194.0-255,3602,183280,42,232499
17566,0.001319,172.217.194.0-255,4320,187600,42,232499
17567,0.001372,172.217.194.0-255,4320,191920,42,232499
17568,0.001412,172.217.194.0-255,1484,193404,42,232499
17569,0.001429,172.217.194.0-255,2902,196306,42,232499
17570,0.001432,172.217.194.0-255,1484,197790,42,232499
17571,0.001454,172.217.194.0-255,4320,202110,42,232499
17572,0.001459,172.217.194.0-255,4320,206430,42,232499
17573,0.001518,172.217.194.0-255,2902,209332,42,232499
17574,0.001534,172.217.194.0-255,5020,214352,42,232499
17575,0.001541,172.217.194.0-255,7156,221508,42,232499
17576,0.001553,172.217.194.0-255,1484,222992,42,232499
17577,0.001574,172.217.194.0-255,5738,228730,42,232499
17578,0.001593,172.217.194.0-255,3427,232157,42,232499
17579,0.001611,172.217.194.0-255,105,232262,42,232499
17580,0.002318,172.31.46.0-255,66,232328,42,232499
17581,0.016148,172.31.46.0-255,105,232433,42,232499
17582,0.018797,172.217.194.0-255,66,232499,42,232499
17583,0.0,172.217.194.0-255,153,153,42,187366
17584,2.2e-05,172.31.46.0-255,66,219,42,187366
17585,3e-05,172.217.194.0-255,1484,1703,42,187366
17586,3.4e-05,172.31.46.0-255,66,1769,42,187366
17587,4.6e-05,172.217.194.0-255,2902,4671,42,187366
17588,5.1e-05,172.31.46.0-255,66,4737,42,187366
17589,5.8e-05,172.217.194.0-255,7156,11893,42,187366
17590,6.2e-05,172.31.46.0-255,66,11959,42,187366
17591,6.6e-05,172.217.194.0-255,2902,14861,42,187366
17592,6.9e-05,172.31.46.0-255,66,14927,42,187366
17593,0.000113,172.217.194.0-255,6374,21301,42,187366
17594,0.000116,172.31.46.0-255,66,21367,42,187366
17595,0.000127,172.31.46.0-255,66,21433,42,187366
17596,0.000199,172.217.194.0-255,1484,22917,42,187366
17597,0.000202,172.31.46.0-255,66,22983,42,187366
17598,0.00022,172.217.194.0-255,2902,25885,42,187366
17599,0.000223,172.31.46.0-255,66,25951,42,187366
17600,0.000227,172.217.194.0-255,2902,28853,42,187366
17601,0.00023,172.31.46.0-255,66,28919,42,187366
17602,0.000255,172.217.194.0-255,2902,31821,42,187366
17603,0.000258,172.31.46.0-255,66,31887,42,187366
17604,0.000265,172.217.194.0-255,7156,39043,42,187366
17605,0.000268,172.31.46.0-255,66,39109,42,187366
17606,0.000308,172.217.194.0-255,6797,45906,42,187366
17607,0.000311,172.31.46.0-255,66,45972,42,187366
17608,0.000322,172.31.46.0-255,66,46038,42,187366
17609,0.000351,172.217.194.0-255,1745,47783,42,187366
17610,0.000353,172.31.46.0-255,66,47849,42,187366
17611,0.000404,172.217.194.0-255,1484,49333,42,187366
17612,0.000406,172.31.46.0-255,66,49399,42,187366
17613,0.000412,172.217.194.0-255,2902,52301,42,187366
17614,0.000414,172.31.46.0-255,66,52367,42,187366
17615,0.000434,172.217.194.0-255,4320,56687,42,187366
17616,0.000437,172.31.46.0-255,66,56753,42,187366
17617,0.000462,172.217.194.0-255,1484,58237,42,187366
17618,0.000479,172.31.46.0-255,66,58303,42,187366
17619,0.000485,172.217.194.0-255,5738,64041,42,187366
17620,0.000489,172.31.46.0-255,66,64107,42,187366
17621,0.000517,172.217.194.0-255,5020,69127,42,187366
17622,0.00052,172.31.46.0-255,66,69193,42,187366
17623,0.000523,172.217.194.0-255,1484,70677,42,187366
17624,0.000566,172.31.46.0-255,66,70743,42,187366
17625,0.000577,172.31.46.0-255,66,70809,42,187366
17626,0.000644,172.31.46.0-255,66,70875,42,187366
17627,0.000647,172.217.194.0-255,1484,72359,42,187366
17628,0.000651,172.217.194.0-255,2902,75261,42,187366
17629,0.000654,172.31.46.0-255,66,75327,42,187366
17630,0.000686,172.217.194.0-255,5738,81065,42,187366
17631,0.00069,172.31.46.0-255,66,81131,42,187366
17632,0.000694,172.217.194.0-255,2902,84033,42,187366
17633,0.000696,172.31.46.0-255,66,84099,42,187366
17634,0.000726,172.31.46.0-255,66,84165,42,187366
17635,0.000728,172.217.194.0-255,1484,85649,42,187366
17636,0.000756,172.217.194.0-255,2902,88551,42,187366
17637,0.000758,172.31.46.0-255,66,88617,42,187366
17638,0.000796,172.217.194.0-255,6438,95055,42,187366
17639,0.000799,172.31.46.0-255,66,95121,42,187366
17640,0.00081,172.31.46.0-255,66,95187,42,187366
17641,0.000828,172.31.46.0-255,66,95253,42,187366
17642,0.000862,172.31.46.0-255,66,95319,42,187366
17643,0.000865,172.217.194.0-255,1484,96803,42,187366
17644,0.000905,172.31.46.0-255,66,96869,42,187366
17645,0.00092,172.31.46.0-255,66,96935,42,187366
17646,0.000955,172.31.46.0-255,66,97001,42,187366
17647,0.000958,172.217.194.0-255,1484,98485,42,187366
17648,0.000988,172.217.194.0-255,7156,105641,42,187366
17649,0.00099,172.31.46.0-255,66,105707,42,187366
17650,0.001013,172.31.46.0-255,66,105773,42,187366
17651,0.001043,172.217.194.0-255,7156,112929,42,187366
17652,0.001047,172.31.46.0-255,66,112995,42,187366
17653,0.001054,172.217.194.0-255,6438,119433,42,187366
17654,0.001057,172.31.46.0-255,66,119499,42,187366
17655,0.001059,172.217.194.0-255,1484,120983,42,187366
17656,0.001064,172.217.194.0-255,2902,123885,42,187366
17657,0.001066,172.31.46.0-255,66,123951,42,187366
17658,0.001073,172.217.194.0-255,5738,129689,42,187366
17659,0.001075,172.31.46.0-255,66,129755,42,187366
17660,0.001122,172.31.46.0-255,66,129821,42,187366
17661,0.001196,172.217.194.0-255,5020,134841,42,187366
17662,0.001203,172.217.194.0-255,5738,140579,42,187366
17663,0.001208,172.217.194.0-255,5738,146317,42,187366
17664,0.001216,172.31.46.0-255,66,146383,42,187366
17665,0.001248,172.217.194.0-255,7156,153539,42,187366
17666,0.00126,172.217.194.0-255,2184,155723,42,187366
17667,0.001276,172.31.46.0-255,66,155789,42,187366
17668,0.001306,172.217.194.0-255,2902,158691,42,187366
17669,0.001311,172.217.194.0-255,2902,161593,42,187366
17670,0.001319,172.31.46.0-255,66,161659,42,187366
17671,0.001371,172.217.194.0-255,7156,168815,42,187366
17672,0.001392,172.217.194.0-255,5020,173835,42,187366
17673,0.001466,172.217.194.0-255,1484,175319,42,187366
17674,0.00147,172.217.194.0-255,2902,178221,42,187366
17675,0.001482,172.217.194.0-255,1484,179705,42,187366
17676,0.001498,172.217.194.0-255,4320,184025,42,187366
17677,0.001516,172.217.194.0-255,2902,186927,42,187366
17678,0.001546,172.217.194.0-255,97,187024,42,187366
17679,0.001564,172.217.194.0-255,105,187129,42,187366
17680,0.002024,172.31.46.0-255,66,187195,42,187366
17681,0.011371,172.31.46.0-255,105,187300,42,187366
17682,0.013594,172.217.194.0-255,66,187366,42,187366
17683,0.0,74.125.200.0-255,146,146,42,261523
17684,1e-05,172.31.46.0-255,66,212,42,261523
17685,5.6e-05,74.125.200.0-255,1484,1696,42,261523
17686,6e-05,172.31.46.0-255,66,1762,42,261523
17687,6.4e-05,74.125.200.0-255,1484,3246,42,261523
17688,6.6e-05,172.31.46.0-255,66,3312,42,261523
17689,8.5e-05,74.125.200.0-255,1484,4796,42,261523
17690,9.1e-05,172.31.46.0-255,66,4862,42,261523
17691,9.4e-05,74.125.200.0-255,1484,6346,42,261523
17692,9.6e-05,172.31.46.0-255,66,6412,42,261523
17693,0.000115,74.125.200.0-255,4320,10732,42,261523
17694,0.000118,172.31.46.0-255,66,10798,42,261523
17695,0.000213,74.125.200.0-255,3512,14310,42,261523
17696,0.000218,172.31.46.0-255,66,14376,42,261523
17697,0.000244,74.125.200.0-255,2902,17278,42,261523
17698,0.000247,172.31.46.0-255,66,17344,42,261523
17699,0.000277,74.125.200.0-255,4320,21664,42,261523
17700,0.00028,172.31.46.0-255,66,21730,42,261523
17701,0.000331,172.31.46.0-255,66,21796,42,261523
17702,0.000416,74.125.200.0-255,1125,22921,42,261523
17703,0.000421,172.31.46.0-255,66,22987,42,261523
17704,0.000444,74.125.200.0-255,1484,24471,42,261523
17705,0.000446,172.31.46.0-255,66,24537,42,261523
17706,0.000474,74.125.200.0-255,4320,28857,42,261523
17707,0.000478,172.31.46.0-255,66,28923,42,261523
17708,0.000531,74.125.200.0-255,5738,34661,42,261523
17709,0.000536,172.31.46.0-255,66,34727,42,261523
17710,0.000565,74.125.200.0-255,4320,39047,42,261523
17711,0.000568,172.31.46.0-255,66,39113,42,261523
17712,0.000655,74.125.200.0-255,1125,40238,42,261523
17713,0.00066,172.31.46.0-255,66,40304,42,261523
17714,0.000801,74.125.200.0-255,1484,41788,42,261523
17715,0.000807,74.125.200.0-255,1484,43272,42,261523
17716,0.000821,74.125.200.0-255,1484,44756,42,261523
17717,0.00085,74.125.200.0-255,2902,47658,42,261523
17718,0.000868,74.125.200.0-255,2902,50560,42,261523
17719,0.000921,74.125.200.0-255,1484,52044,42,261523
17720,0.000966,74.125.200.0-255,5379,57423,42,261523
17721,0.001006,74.125.200.0-255,646,58069,42,261523
17722,0.001024,74.125.200.0-255,1484,59553,42,261523
17723,0.001052,74.125.200.0-255,4320,63873,42,261523
17724,0.001106,74.125.200.0-255,5738,69611,42,261523
17725,0.001119,74.125.200.0-255,4320,73931,42,261523
17726,0.001224,74.125.200.0-255,1125,75056,42,261523
17727,0.001313,172.31.46.0-255,66,75122,42,261523
17728,0.001779,74.125.200.0-255,1484,76606,42,261523
17729,0.001784,74.125.200.0-255,1484,78090,42,261523
17730,0.001798,74.125.200.0-255,2902,80992,42,261523
17731,0.001823,74.125.200.0-255,4320,85312,42,261523
17732,0.001826,172.31.46.0-255,66,85378,42,261523
17733,0.001833,74.125.200.0-255,1484,86862,42,261523
17734,0.001838,172.31.46.0-255,66,86928,42,261523
17735,0.001898,74.125.200.0-255,2902,89830,42,261523
17736,0.001901,172.31.46.0-255,66,89896,42,261523
17737,0.001944,172.31.46.0-255,66,89962,42,261523
17738,0.002051,74.125.200.0-255,1484,91446,42,261523
17739,0.002086,172.31.46.0-255,66,91512,42,261523
17740,0.002895,74.125.200.0-255,1484,92996,42,261523
17741,0.002923,74.125.200.0-255,1484,94480,42,261523
17742,0.002927,172.31.46.0-255,66,94546,42,261523
17743,0.002956,74.125.200.0-255,1484,96030,42,261523
17744,0.002963,74.125.200.0-255,5738,101768,42,261523
17745,0.003003,74.125.200.0-255,1484,103252,42,261523
17746,0.003017,74.125.200.0-255,5379,108631,42,261523
17747,0.003095,74.125.200.0-255,1484,110115,42,261523
17748,0.003111,74.125.200.0-255,1484,111599,42,261523
17749,0.003132,74.125.200.0-255,1484,113083,42,261523
17750,0.003165,74.125.200.0-255,5738,118821,42,261523
17751,0.003239,74.125.200.0-255,5738,124559,42,261523
17752,0.003261,74.125.200.0-255,7156,131715,42,261523
17753,0.003403,74.125.200.0-255,1484,133199,42,261523
17754,0.003414,74.125.200.0-255,1484,134683,42,261523
17755,0.003425,74.125.200.0-255,2902,137585,42,261523
17756,0.003435,74.125.200.0-255,1484,139069,42,261523
17757,0.003496,74.125.200.0-255,1484,140553,42,261523
17758,0.003514,74.125.200.0-255,2184,142737,42,261523
17759,0.00373,74.125.200.0-255,1484,144221,42,261523
17760,0.003747,74.125.200.0-255,1484,145705,42,261523
17761,0.003749,74.125.200.0-255,1484,147189,42,261523
17762,0.003765,74.125.200.0-255,1484,148673,42,261523
17763,0.003787,74.125.200.0-255,5738,154411,42,261523
17764,0.003864,74.125.200.0-255,1484,155895,42,261523
17765,0.003881,74.125.200.0-255,1484,157379,42,261523
17766,0.003894,74.125.200.0-255,2902,160281,42,261523
17767,0.003911,74.125.200.0-255,4320,164601,42,261523
17768,0.003999,74.125.200.0-255,4320,168921,42,261523
17769,0.00406,74.125.200.0-255,2902,171823,42,261523
17770,0.00408,74.125.200.0-255,5020,176843,42,261523
17771,0.004172,74.125.200.0-255,7156,183999,42,261523
17772,0.004187,74.125.200.0-255,1484,185483,42,261523
17773,0.004284,74.125.200.0-255,2902,188385,42,261523
17774,0.004435,74.125.200.0-255,1484,189869,42,261523
17775,0.004468,74.125.200.0-255,3602,193471,42,261523
17776,0.004616,74.125.200.0-255,1484,194955,42,261523
17777,0.004639,74.125.200.0-255,1484,196439,42,261523
17778,0.004652,74.125.200.0-255,1484,197923,42,261523
17779,0.004667,74.125.200.0-255,2902,200825,42,261523
17780,0.004723,74.125.200.0-255,2902,203727,42,261523
17781,0.00476,74.125.200.0-255,4320,208047,42,261523
17782,0.00478,74.125.200.0-255,2902,210949,42,261523
17783,0.004858,74.125.200.0-255,4320,215269,42,261523
17784,0.00508,74.125.200.0-255,2902,218171,42,261523
17785,0.005099,74.125.200.0-255,7156,225327,42,261523
17786,0.005222,74.125.200.0-255,2902,228229,42,261523
17787,0.005236,74.125.200.0-255,4320,232549,42,261523
17788,0.005275,172.31.46.0-255,66,232615,42,261523
17789,0.005299,172.31.46.0-255,66,232681,42,261523
17790,0.005591,74.125.200.0-255,4320,237001,42,261523
17791,0.005602,172.31.46.0-255,66,237067,42,261523
17792,0.00562,74.125.200.0-255,5738,242805,42,261523
17793,0.005635,172.31.46.0-255,66,242871,42,261523
17794,0.005729,74.125.200.0-255,4320,247191,42,261523
17795,0.005745,74.125.200.0-255,7156,254347,42,261523
17796,0.005753,172.31.46.0-255,66,254413,42,261523
17797,0.005824,74.125.200.0-255,2184,256597,42,261523
17798,0.005835,172.31.46.0-255,66,256663,42,261523
17799,0.006416,74.125.200.0-255,4320,260983,42,261523
17800,0.006421,172.31.46.0-255,66,261049,42,261523
17801,0.006461,172.31.46.0-255,66,261115,42,261523
17802,0.006508,172.31.46.0-255,66,261181,42,261523
17803,0.006721,74.125.200.0-255,105,261286,42,261523
17804,0.011156,172.31.46.0-255,66,261352,42,261523
17805,0.011193,172.31.46.0-255,105,261457,42,261523
17806,0.013809,74.125.200.0-255,66,261523,42,261523
17807,0.0,172.217.27.0-255,146,146,42,240572
17808,2.2e-05,172.31.46.0-255,66,212,42,240572
17809,2.9e-05,172.217.27.0-255,1484,1696,42,240572
17810,3.4e-05,172.31.46.0-255,66,1762,42,240572
17811,3.9e-05,172.217.27.0-255,2902,4664,42,240572
17812,5e-05,172.31.46.0-255,66,4730,42,240572
17813,5.7e-05,172.217.27.0-255,5738,10468,42,240572
17814,6.1e-05,172.31.46.0-255,66,10534,42,240572
17815,6.6e-05,172.217.27.0-255,3459,13993,42,240572
17816,6.9e-05,172.31.46.0-255,66,14059,42,240572
17817,0.000138,172.217.27.0-255,1484,15543,42,240572
17818,0.000142,172.31.46.0-255,66,15609,42,240572
17819,0.000146,172.217.27.0-255,2902,18511,42,240572
17820,0.000148,172.31.46.0-255,66,18577,42,240572
17821,0.000153,172.217.27.0-255,2902,21479,42,240572
17822,0.000159,172.31.46.0-255,66,21545,42,240572
17823,0.000171,172.217.27.0-255,1484,23029,42,240572
17824,0.000173,172.31.46.0-255,66,23095,42,240572
17825,0.00018,172.217.27.0-255,5738,28833,42,240572
17826,0.000182,172.31.46.0-255,66,28899,42,240572
17827,0.000214,172.217.27.0-255,7156,36055,42,240572
17828,0.000221,172.31.46.0-255,66,36121,42,240572
17829,0.000246,172.217.27.0-255,3961,40082,42,240572
17830,0.000248,172.31.46.0-255,66,40148,42,240572
17831,0.000284,172.31.46.0-255,66,40214,42,240572
17832,0.000323,172.217.27.0-255,4320,44534,42,240572
17833,0.000326,172.31.46.0-255,66,44600,42,240572
17834,0.000349,172.217.27.0-255,4320,48920,42,240572
17835,0.000351,172.31.46.0-255,66,48986,42,240572
17836,0.000382,172.31.46.0-255,66,49052,42,240572
17837,0.000407,172.217.27.0-255,353,49405,42,240572
17838,0.00069,172.217.27.0-255,139,49544,42,240572
17839,0.000852,172.217.27.0-255,1484,51028,42,240572
17840,0.000858,172.31.46.0-255,66,51094,42,240572
17841,0.000864,172.217.27.0-255,2902,53996,42,240572
17842,0.000866,172.31.46.0-255,66,54062,42,240572
17843,0.000876,172.217.27.0-255,4320,58382,42,240572
17844,0.000879,172.31.46.0-255,66,58448,42,240572
17845,0.000914,172.217.27.0-255,1484,59932,42,240572
17846,0.000922,172.217.27.0-255,6797,66729,42,240572
17847,0.000933,172.31.46.0-255,66,66795,42,240572
17848,0.000939,172.217.27.0-255,4320,71115,42,240572
17849,0.000941,172.31.46.0-255,66,71181,42,240572
17850,0.00096,172.217.27.0-255,2902,74083,42,240572
17851,0.000962,172.31.46.0-255,66,74149,42,240572
17852,0.000984,172.217.27.0-255,1484,75633,42,240572
17853,0.001001,172.217.27.0-255,4320,79953,42,240572
17854,0.001005,172.31.46.0-255,66,80019,42,240572
17855,0.00103,172.217.27.0-255,3961,83980,42,240572
17856,0.001033,172.31.46.0-255,66,84046,42,240572
17857,0.001072,172.217.27.0-255,1484,85530,42,240572
17858,0.001086,172.217.27.0-255,2902,88432,42,240572
17859,0.00109,172.31.46.0-255,66,88498,42,240572
17860,0.001113,172.217.27.0-255,1484,89982,42,240572
17861,0.00113,172.217.27.0-255,2902,92884,42,240572
17862,0.001133,172.31.46.0-255,66,92950,42,240572
17863,0.00114,172.217.27.0-255,5738,98688,42,240572
17864,0.001142,172.31.46.0-255,66,98754,42,240572
17865,0.001168,172.217.27.0-255,5738,104492,42,240572
17866,0.00117,172.31.46.0-255,66,104558,42,240572
17867,0.001209,172.217.27.0-255,7156,111714,42,240572
17868,0.001212,172.31.46.0-255,66,111780,42,240572
17869,0.001236,172.217.27.0-255,1484,113264,42,240572
17870,0.001259,172.217.27.0-255,5020,118284,42,240572
17871,0.001262,172.31.46.0-255,66,118350,42,240572
17872,0.001291,172.217.27.0-255,7156,125506,42,240572
17873,0.001294,172.31.46.0-255,66,125572,42,240572
17874,0.001326,172.217.27.0-255,5738,131310,42,240572
17875,0.001329,172.31.46.0-255,66,131376,42,240572
17876,0.001358,172.217.27.0-255,7156,138532,42,240572
17877,0.001361,172.31.46.0-255,66,138598,42,240572
17878,0.0014,172.217.27.0-255,4320,142918,42,240572
17879,0.001403,172.31.46.0-255,66,142984,42,240572
17880,0.001421,172.217.27.0-255,4320,147304,42,240572
17881,0.001426,172.31.46.0-255,66,147370,42,240572
17882,0.001455,172.217.27.0-255,5020,152390,42,240572
17883,0.001473,172.31.46.0-255,66,152456,42,240572
17884,0.001492,172.217.27.0-255,5738,158194,42,240572
17885,0.001513,172.31.46.0-255,66,158260,42,240572
17886,0.001557,172.217.27.0-255,1484,159744,42,240572
17887,0.001571,172.217.27.0-255,2902,162646,42,240572
17888,0.001586,172.217.27.0-255,1484,164130,42,240572
17889,0.001594,172.31.46.0-255,66,164196,42,240572
17890,0.001603,172.217.27.0-255,4320,168516,42,240572
17891,0.001624,172.217.27.0-255,7156,175672,42,240572
17892,0.001628,172.31.46.0-255,66,175738,42,240572
17893,0.001715,172.31.46.0-255,66,175804,42,240572
17894,0.00334,172.217.27.0-255,5738,181542,42,240572
17895,0.003347,172.31.46.0-255,66,181608,42,240572
17896,0.004967,172.217.27.0-255,5738,187346,42,240572
17897,0.004974,172.31.46.0-255,66,187412,42,240572
17898,0.006596,172.217.27.0-255,5738,193150,42,240572
17899,0.0066,172.31.46.0-255,66,193216,42,240572
17900,0.008219,172.217.27.0-255,2902,196118,42,240572
17901,0.008224,172.31.46.0-255,66,196184,42,240572
17902,0.008253,172.217.27.0-255,2902,199086,42,240572
17903,0.008256,172.31.46.0-255,66,199152,42,240572
17904,0.009846,172.217.27.0-255,2902,202054,42,240572
17905,0.009854,172.31.46.0-255,66,202120,42,240572
17906,0.009883,172.217.27.0-255,2902,205022,42,240572
17907,0.009886,172.31.46.0-255,66,205088,42,240572
17908,0.011475,172.217.27.0-255,2902,207990,42,240572
17909,0.011484,172.31.46.0-255,66,208056,42,240572
17910,0.01151,172.217.27.0-255,2902,210958,42,240572
17911,0.011513,172.31.46.0-255,66,211024,42,240572
17912,0.013107,172.217.27.0-255,2902,213926,42,240572
17913,0.013116,172.31.46.0-255,66,213992,42,240572
17914,0.013151,172.217.27.0-255,2902,216894,42,240572
17915,0.013154,172.31.46.0-255,66,216960,42,240572
17916,0.014742,172.217.27.0-255,2902,219862,42,240572
17917,0.014753,172.31.46.0-255,66,219928,42,240572
17918,0.01479,172.217.27.0-255,2902,222830,42,240572
17919,0.014793,172.31.46.0-255,66,222896,42,240572
17920,0.016386,172.217.27.0-255,2902,225798,42,240572
17921,0.016397,172.31.46.0-255,66,225864,42,240572
17922,0.016434,172.217.27.0-255,2902,228766,42,240572
17923,0.016439,172.31.46.0-255,66,228832,42,240572
17924,0.018021,172.217.27.0-255,2902,231734,42,240572
17925,0.018029,172.31.46.0-255,66,231800,42,240572
17926,0.018062,172.217.27.0-255,2902,234702,42,240572
17927,0.018066,172.31.46.0-255,66,234768,42,240572
17928,0.019666,172.217.27.0-255,5738,240506,42,240572
17929,0.019675,172.31.46.0-255,66,240572,42,240572
17930,0.0,74.125.68.0-255,156,156,42,172399
17931,1.5e-05,172.31.46.0-255,66,222,42,172399
17932,2.2e-05,74.125.68.0-255,1484,1706,42,172399
17933,2.7e-05,172.31.46.0-255,66,1772,42,172399
17934,3.2e-05,74.125.68.0-255,2902,4674,42,172399
17935,3.5e-05,172.31.46.0-255,66,4740,42,172399
17936,4.7e-05,74.125.68.0-255,2902,7642,42,172399
17937,4.9e-05,172.31.46.0-255,66,7708,42,172399
17938,5.5e-05,74.125.68.0-255,4320,12028,42,172399
17939,5.8e-05,172.31.46.0-255,66,12094,42,172399
17940,9.3e-05,74.125.68.0-255,6165,18259,42,172399
17941,9.6e-05,172.31.46.0-255,66,18325,42,172399
17942,0.000102,74.125.68.0-255,4320,22645,42,172399
17943,0.000104,172.31.46.0-255,66,22711,42,172399
17944,0.000135,74.125.68.0-255,2902,25613,42,172399
17945,0.000138,172.31.46.0-255,66,25679,42,172399
17946,0.000145,74.125.68.0-255,5379,31058,42,172399
17947,0.000147,172.31.46.0-255,66,31124,42,172399
17948,0.000237,74.125.68.0-255,1484,32608,42,172399
17949,0.000241,172.31.46.0-255,66,32674,42,172399
17950,0.000245,74.125.68.0-255,1484,34158,42,172399
17951,0.000246,172.31.46.0-255,66,34224,42,172399
17952,0.000269,74.125.68.0-255,1484,35708,42,172399
17953,0.000271,172.31.46.0-255,66,35774,42,172399
17954,0.000282,74.125.68.0-255,5738,41512,42,172399
17955,0.000285,172.31.46.0-255,66,41578,42,172399
17956,0.000292,74.125.68.0-255,5738,47316,42,172399
17957,0.000294,172.31.46.0-255,66,47382,42,172399
17958,0.000321,74.125.68.0-255,6797,54179,42,172399
17959,0.000324,172.31.46.0-255,66,54245,42,172399
17960,0.000373,172.31.46.0-255,66,54311,42,172399
17961,0.00039,74.125.68.0-255,2543,56854,42,172399
17962,0.000392,172.31.46.0-255,66,56920,42,172399
17963,0.000528,74.125.68.0-255,414,57334,42,172399
17964,0.000565,74.125.68.0-255,329,57663,42,172399
17965,0.001179,74.125.68.0-255,1484,59147,42,172399
17966,0.001185,172.31.46.0-255,66,59213,42,172399
17967,0.001205,74.125.68.0-255,2902,62115,42,172399
17968,0.001208,172.31.46.0-255,66,62181,42,172399
17969,0.00126,74.125.68.0-255,2902,65083,42,172399
17970,0.001263,172.31.46.0-255,66,65149,42,172399
17971,0.00129,74.125.68.0-255,4320,69469,42,172399
17972,0.001292,172.31.46.0-255,66,69535,42,172399
17973,0.001319,74.125.68.0-255,5738,75273,42,172399
17974,0.001322,172.31.46.0-255,66,75339,42,172399
17975,0.001352,74.125.68.0-255,7156,82495,42,172399
17976,0.001354,172.31.46.0-255,66,82561,42,172399
17977,0.001357,74.125.68.0-255,1484,84045,42,172399
17978,0.001379,74.125.68.0-255,2902,86947,42,172399
17979,0.001382,172.31.46.0-255,66,87013,42,172399
17980,0.001416,74.125.68.0-255,5020,92033,42,172399
17981,0.001418,172.31.46.0-255,66,92099,42,172399
17982,0.001869,74.125.68.0-255,1484,93583,42,172399
17983,0.001877,74.125.68.0-255,2902,96485,42,172399
17984,0.001883,172.31.46.0-255,66,96551,42,172399
17985,0.001887,74.125.68.0-255,1484,98035,42,172399
17986,0.001912,74.125.68.0-255,4320,102355,42,172399
17987,0.001915,172.31.46.0-255,66,102421,42,172399
17988,0.00192,74.125.68.0-255,4320,106741,42,172399
17989,0.001922,172.31.46.0-255,66,106807,42,172399
17990,0.001949,74.125.68.0-255,5738,112545,42,172399
17991,0.001951,172.31.46.0-255,66,112611,42,172399
17992,0.001981,74.125.68.0-255,5738,118349,42,172399
17993,0.001983,172.31.46.0-255,66,118415,42,172399
17994,0.001987,74.125.68.0-255,2902,121317,42,172399
17995,0.00199,172.31.46.0-255,66,121383,42,172399
17996,0.003956,74.125.68.0-255,5738,127121,42,172399
17997,0.003962,172.31.46.0-255,66,127187,42,172399
17998,0.005945,74.125.68.0-255,5738,132925,42,172399
17999,0.005951,172.31.46.0-255,66,132991,42,172399
18000,0.007919,74.125.68.0-255,5738,138729,42,172399
18001,0.007924,172.31.46.0-255,66,138795,42,172399
18002,0.009901,74.125.68.0-255,4320,143115,42,172399
18003,0.00991,172.31.46.0-255,66,143181,42,172399
18004,0.009939,74.125.68.0-255,1484,144665,42,172399
18005,0.011891,74.125.68.0-255,4320,148985,42,172399
18006,0.0119,172.31.46.0-255,66,149051,42,172399
18007,0.013867,74.125.68.0-255,5738,154789,42,172399
18008,0.013876,172.31.46.0-255,66,154855,42,172399
18009,0.015858,74.125.68.0-255,5738,160593,42,172399
18010,0.015869,172.31.46.0-255,66,160659,42,172399
18011,0.017869,74.125.68.0-255,5738,166397,42,172399
18012,0.017879,172.31.46.0-255,66,166463,42,172399
18013,0.019851,74.125.68.0-255,2902,169365,42,172399
18014,0.019858,172.31.46.0-255,66,169431,42,172399
18015,0.019889,74.125.68.0-255,2902,172333,42,172399
18016,0.019892,172.31.46.0-255,66,172399,42,172399
18017,0.0,74.125.24.0-255,153,153,42,142524
18018,1.8e-05,172.31.46.0-255,66,219,42,142524
18019,2.5e-05,74.125.24.0-255,1484,1703,42,142524
18020,2.9e-05,172.31.46.0-255,66,1769,42,142524
18021,3.5e-05,74.125.24.0-255,2902,4671,42,142524
18022,3.7e-05,172.31.46.0-255,66,4737,42,142524
18023,4.1e-05,74.125.24.0-255,1484,6221,42,142524
18024,4.4e-05,172.31.46.0-255,66,6287,42,142524
18025,5.1e-05,74.125.24.0-255,5738,12025,42,142524
18026,5.3e-05,172.31.46.0-255,66,12091,42,142524
18027,8.1e-05,74.125.24.0-255,1957,14048,42,142524
18028,8.3e-05,172.31.46.0-255,66,14114,42,142524
18029,8.9e-05,74.125.24.0-255,2902,17016,42,142524
18030,9.1e-05,172.31.46.0-255,66,17082,42,142524
18031,9.4e-05,74.125.24.0-255,1484,18566,42,142524
18032,9.6e-05,172.31.46.0-255,66,18632,42,142524
18033,0.000125,74.125.24.0-255,5738,24370,42,142524
18034,0.000127,172.31.46.0-255,66,24436,42,142524
18035,0.000134,74.125.24.0-255,6797,31233,42,142524
18036,0.000137,172.31.46.0-255,66,31299,42,142524
18037,0.000396,74.125.24.0-255,1484,32783,42,142524
18038,0.000401,172.31.46.0-255,66,32849,42,142524
18039,0.000407,74.125.24.0-255,2902,35751,42,142524
18040,0.000409,172.31.46.0-255,66,35817,42,142524
18041,0.000416,74.125.24.0-255,5738,41555,42,142524
18042,0.000419,172.31.46.0-255,66,41621,42,142524
18043,0.00046,172.31.46.0-255,66,41687,42,142524
18044,0.000483,74.125.24.0-255,3961,45648,42,142524
18045,0.000486,172.31.46.0-255,66,45714,42,142524
18046,0.000492,74.125.24.0-255,5738,51452,42,142524
18047,0.000495,172.31.46.0-255,66,51518,42,142524
18048,0.000499,74.125.24.0-255,3961,55479,42,142524
18049,0.000502,172.31.46.0-255,66,55545,42,142524
18050,0.000915,74.125.24.0-255,396,55941,42,142524
18051,0.000953,74.125.24.0-255,347,56288,42,142524
18052,0.000983,172.31.46.0-255,66,56354,42,142524
18053,0.001152,74.125.24.0-255,1484,57838,42,142524
18054,0.001161,74.125.24.0-255,2902,60740,42,142524
18055,0.001165,172.31.46.0-255,66,60806,42,142524
18056,0.001172,74.125.24.0-255,4320,65126,42,142524
18057,0.001174,172.31.46.0-255,66,65192,42,142524
18058,0.001188,74.125.24.0-255,1484,66676,42,142524
18059,0.001201,172.31.46.0-255,66,66742,42,142524
18060,0.001268,74.125.24.0-255,2902,69644,42,142524
18061,0.001271,172.31.46.0-255,66,69710,42,142524
18062,0.001294,172.31.46.0-255,66,69776,42,142524
18063,0.001781,74.125.24.0-255,1484,71260,42,142524
18064,0.001789,74.125.24.0-255,2902,74162,42,142524
18065,0.001794,172.31.46.0-255,66,74228,42,142524
18066,0.001801,74.125.24.0-255,5738,79966,42,142524
18067,0.001803,172.31.46.0-255,66,80032,42,142524
18068,0.001822,74.125.24.0-255,5738,85770,42,142524
18069,0.001825,172.31.46.0-255,66,85836,42,142524
18070,0.001843,74.125.24.0-255,7156,92992,42,142524
18071,0.001845,172.31.46.0-255,66,93058,42,142524
18072,0.00185,74.125.24.0-255,2902,95960,42,142524
18073,0.001852,172.31.46.0-255,66,96026,42,142524
18074,0.00188,172.31.46.0-255,66,96092,42,142524
18075,0.004133,74.125.24.0-255,5738,101830,42,142524
18076,0.00414,172.31.46.0-255,66,101896,42,142524
18077,0.006397,74.125.24.0-255,5738,107634,42,142524
18078,0.006403,172.31.46.0-255,66,107700,42,142524
18079,0.008634,74.125.24.0-255,5738,113438,42,142524
18080,0.008641,172.31.46.0-255,66,113504,42,142524
18081,0.010892,74.125.24.0-255,5738,119242,42,142524
18082,0.0109,172.31.46.0-255,66,119308,42,142524
18083,0.013161,74.125.24.0-255,5738,125046,42,142524
18084,0.013168,172.31.46.0-255,66,125112,42,142524
18085,0.015421,74.125.24.0-255,5738,130850,42,142524
18086,0.015428,172.31.46.0-255,66,130916,42,142524
18087,0.017672,74.125.24.0-255,5738,136654,42,142524
18088,0.01768,172.31.46.0-255,66,136720,42,142524
18089,0.019937,74.125.24.0-255,5738,142458,42,142524
18090,0.019946,172.31.46.0-255,66,142524,42,142524
18091,0.0,74.125.24.0-255,154,154,42,198546
18092,2.2e-05,172.31.46.0-255,66,220,42,198546
18093,2.8e-05,74.125.24.0-255,1484,1704,42,198546
18094,3.3e-05,172.31.46.0-255,66,1770,42,198546
18095,4.4e-05,74.125.24.0-255,2902,4672,42,198546
18096,4.8e-05,172.31.46.0-255,66,4738,42,198546
18097,5.4e-05,74.125.24.0-255,7156,11894,42,198546
18098,5.7e-05,172.31.46.0-255,66,11960,42,198546
18099,7.8e-05,74.125.24.0-255,1942,13902,42,198546
18100,8.5e-05,172.31.46.0-255,66,13968,42,198546
18101,8.9e-05,74.125.24.0-255,2902,16870,42,198546
18102,9.2e-05,172.31.46.0-255,66,16936,42,198546
18103,0.000116,74.125.24.0-255,5738,22674,42,198546
18104,0.000119,172.31.46.0-255,66,22740,42,198546
18105,0.000149,74.125.24.0-255,1484,24224,42,198546
18106,0.000152,172.31.46.0-255,66,24290,42,198546
18107,0.000158,74.125.24.0-255,6797,31087,42,198546
18108,0.00016,172.31.46.0-255,66,31153,42,198546
18109,0.000258,74.125.24.0-255,1484,32637,42,198546
18110,0.00026,172.31.46.0-255,66,32703,42,198546
18111,0.000265,74.125.24.0-255,2902,35605,42,198546
18112,0.000267,172.31.46.0-255,66,35671,42,198546
18113,0.000291,74.125.24.0-255,5738,41409,42,198546
18114,0.000293,172.31.46.0-255,66,41475,42,198546
18115,0.000328,172.31.46.0-255,66,41541,42,198546
18116,0.000357,74.125.24.0-255,3961,45502,42,198546
18117,0.000359,172.31.46.0-255,66,45568,42,198546
18118,0.000365,74.125.24.0-255,7156,52724,42,198546
18119,0.000368,172.31.46.0-255,66,52790,42,198546
18120,0.000388,74.125.24.0-255,1484,54274,42,198546
18121,0.00039,172.31.46.0-255,66,54340,42,198546
18122,0.000412,74.125.24.0-255,1416,55756,42,198546
18123,0.00046,74.125.24.0-255,388,56144,42,198546
18124,0.000462,172.31.46.0-255,66,56210,42,198546
18125,0.000585,74.125.24.0-255,1484,57694,42,198546
18126,0.000591,74.125.24.0-255,2902,60596,42,198546
18127,0.000595,172.31.46.0-255,66,60662,42,198546
18128,0.000597,74.125.24.0-255,1484,62146,42,198546
18129,0.000626,74.125.24.0-255,4320,66466,42,198546
18130,0.000629,172.31.46.0-255,66,66532,42,198546
18131,0.000634,74.125.24.0-255,4320,70852,42,198546
18132,0.000636,172.31.46.0-255,66,70918,42,198546
18133,0.000662,74.125.24.0-255,5379,76297,42,198546
18134,0.000669,172.31.46.0-255,66,76363,42,198546
18135,0.000679,172.31.46.0-255,66,76429,42,198546
18136,0.000685,74.125.24.0-255,3961,80390,42,198546
18137,0.000687,172.31.46.0-255,66,80456,42,198546
18138,0.000959,74.125.24.0-255,1484,81940,42,198546
18139,0.000966,74.125.24.0-255,2902,84842,42,198546
18140,0.000969,172.31.46.0-255,66,84908,42,198546
18141,0.000976,74.125.24.0-255,4320,89228,42,198546
18142,0.000978,172.31.46.0-255,66,89294,42,198546
18143,0.000998,74.125.24.0-255,1484,90778,42,198546
18144,0.001003,74.125.24.0-255,2902,93680,42,198546
18145,0.00101,172.31.46.0-255,66,93746,42,198546
18146,0.001022,172.31.46.0-255,66,93812,42,198546
18147,0.001025,74.125.24.0-255,1484,95296,42,198546
18148,0.001067,172.31.46.0-255,66,95362,42,198546
18149,0.001655,74.125.24.0-255,1484,96846,42,198546
18150,0.00166,74.125.24.0-255,1484,98330,42,198546
18151,0.001664,172.31.46.0-255,66,98396,42,198546
18152,0.001693,74.125.24.0-255,1484,99880,42,198546
18153,0.0017,74.125.24.0-255,5738,105618,42,198546
18154,0.001702,172.31.46.0-255,66,105684,42,198546
18155,0.001709,74.125.24.0-255,7156,112840,42,198546
18156,0.001711,172.31.46.0-255,66,112906,42,198546
18157,0.001749,172.31.46.0-255,66,112972,42,198546
18158,0.001752,74.125.24.0-255,2184,115156,42,198546
18159,0.001754,172.31.46.0-255,66,115222,42,198546
18160,0.001864,74.125.24.0-255,1484,116706,42,198546
18161,0.001877,74.125.24.0-255,2902,119608,42,198546
18162,0.00188,172.31.46.0-255,66,119674,42,198546
18163,0.001899,74.125.24.0-255,5738,125412,42,198546
18164,0.001901,172.31.46.0-255,66,125478,42,198546
18165,0.001912,74.125.24.0-255,5738,131216,42,198546
18166,0.001915,172.31.46.0-255,66,131282,42,198546
18167,0.001918,74.125.24.0-255,1484,132766,42,198546
18168,0.001955,172.31.46.0-255,66,132832,42,198546
18169,0.001997,172.31.46.0-255,66,132898,42,198546
18170,0.002027,74.125.24.0-255,6438,139336,42,198546
18171,0.00203,172.31.46.0-255,66,139402,42,198546
18172,0.002049,172.31.46.0-255,66,139468,42,198546
18173,0.002061,172.31.46.0-255,66,139534,42,198546
18174,0.002072,172.31.46.0-255,66,139600,42,198546
18175,0.002096,172.31.46.0-255,66,139666,42,198546
18176,0.002098,74.125.24.0-255,766,140432,42,198546
18177,0.002141,74.125.24.0-255,4320,144752,42,198546
18178,0.002143,172.31.46.0-255,66,144818,42,198546
18179,0.002149,74.125.24.0-255,5738,150556,42,198546
18180,0.002152,172.31.46.0-255,66,150622,42,198546
18181,0.00217,172.31.46.0-255,66,150688,42,198546
18182,0.00218,172.31.46.0-255,66,150754,42,198546
18183,0.002224,74.125.24.0-255,3602,154356,42,198546
18184,0.002227,172.31.46.0-255,66,154422,42,198546
18185,0.002258,74.125.24.0-255,2902,157324,42,198546
18186,0.002261,172.31.46.0-255,66,157390,42,198546
18187,0.004449,74.125.24.0-255,2902,160292,42,198546
18188,0.004458,172.31.46.0-255,66,160358,42,198546
18189,0.004492,74.125.24.0-255,2902,163260,42,198546
18190,0.004495,172.31.46.0-255,66,163326,42,198546
18191,0.006686,74.125.24.0-255,2902,166228,42,198546
18192,0.006689,172.31.46.0-255,66,166294,42,198546
18193,0.006716,74.125.24.0-255,2902,169196,42,198546
18194,0.006719,172.31.46.0-255,66,169262,42,198546
18195,0.008904,74.125.24.0-255,2902,172164,42,198546
18196,0.008911,172.31.46.0-255,66,172230,42,198546
18197,0.008965,74.125.24.0-255,2902,175132,42,198546
18198,0.008968,172.31.46.0-255,66,175198,42,198546
18199,0.011136,74.125.24.0-255,2902,178100,42,198546
18200,0.011143,172.31.46.0-255,66,178166,42,198546
18201,0.011171,74.125.24.0-255,2902,181068,42,198546
18202,0.011174,172.31.46.0-255,66,181134,42,198546
18203,0.013377,74.125.24.0-255,5738,186872,42,198546
18204,0.013386,172.31.46.0-255,66,186938,42,198546
18205,0.015622,74.125.24.0-255,5738,192676,42,198546
18206,0.015632,172.31.46.0-255,66,192742,42,198546
18207,0.017838,74.125.24.0-255,5738,198480,42,198546
18208,0.017848,172.31.46.0-255,66,198546,42,198546
18209,0.0,172.217.194.0-255,146,146,42,206554
18210,1.8e-05,172.31.46.0-255,66,212,42,206554
18211,2.4e-05,172.217.194.0-255,1484,1696,42,206554
18212,2.8e-05,172.31.46.0-255,66,1762,42,206554
18213,3.3e-05,172.217.194.0-255,2902,4664,42,206554
18214,4.4e-05,172.31.46.0-255,66,4730,42,206554
18215,4.7e-05,172.217.194.0-255,1484,6214,42,206554
18216,5e-05,172.31.46.0-255,66,6280,42,206554
18217,5.7e-05,172.217.194.0-255,5738,12018,42,206554
18218,6.1e-05,172.31.46.0-255,66,12084,42,206554
18219,6.5e-05,172.217.194.0-255,2006,14090,42,206554
18220,6.8e-05,172.31.46.0-255,66,14156,42,206554
18221,0.000317,172.217.194.0-255,1484,15640,42,206554
18222,0.000324,172.31.46.0-255,66,15706,42,206554
18223,0.000329,172.217.194.0-255,2902,18608,42,206554
18224,0.000332,172.31.46.0-255,66,18674,42,206554
18225,0.000343,172.217.194.0-255,5738,24412,42,206554
18226,0.000346,172.31.46.0-255,66,24478,42,206554
18227,0.000378,172.217.194.0-255,6797,31275,42,206554
18228,0.000381,172.31.46.0-255,66,31341,42,206554
18229,0.000432,172.217.194.0-255,1484,32825,42,206554
18230,0.000436,172.217.194.0-255,2902,35727,42,206554
18231,0.00044,172.31.46.0-255,66,35793,42,206554
18232,0.000448,172.31.46.0-255,66,35859,42,206554
18233,0.000476,172.217.194.0-255,5738,41597,42,206554
18234,0.000479,172.31.46.0-255,66,41663,42,206554
18235,0.000486,172.217.194.0-255,6797,48460,42,206554
18236,0.000488,172.31.46.0-255,66,48526,42,206554
18237,0.000518,172.217.194.0-255,5738,54264,42,206554
18238,0.000521,172.31.46.0-255,66,54330,42,206554
18239,0.000546,172.31.46.0-255,66,54396,42,206554
18240,0.00055,172.217.194.0-255,2543,56939,42,206554
18241,0.000552,172.31.46.0-255,66,57005,42,206554
18242,0.000554,172.217.194.0-255,678,57683,42,206554
18243,0.000556,172.31.46.0-255,66,57749,42,206554
18244,0.000651,172.217.194.0-255,1484,59233,42,206554
18245,0.000656,172.31.46.0-255,66,59299,42,206554
18246,0.000666,172.217.194.0-255,2902,62201,42,206554
18247,0.000673,172.31.46.0-255,66,62267,42,206554
18248,0.000708,172.217.194.0-255,5738,68005,42,206554
18249,0.000712,172.31.46.0-255,66,68071,42,206554
18250,0.000726,172.31.46.0-255,66,68137,42,206554
18251,0.000763,172.217.194.0-255,4320,72457,42,206554
18252,0.000765,172.31.46.0-255,66,72523,42,206554
18253,0.000789,172.217.194.0-255,6438,78961,42,206554
18254,0.000792,172.31.46.0-255,66,79027,42,206554
18255,0.000809,172.31.46.0-255,66,79093,42,206554
18256,0.000819,172.31.46.0-255,66,79159,42,206554
18257,0.000858,172.31.46.0-255,66,79225,42,206554
18258,0.000873,172.217.194.0-255,5020,84245,42,206554
18259,0.000875,172.31.46.0-255,66,84311,42,206554
18260,0.000897,172.217.194.0-255,1484,85795,42,206554
18261,0.0009,172.31.46.0-255,66,85861,42,206554
18262,0.000904,172.217.194.0-255,2902,88763,42,206554
18263,0.000906,172.31.46.0-255,66,88829,42,206554
18264,0.000935,172.217.194.0-255,5738,94567,42,206554
18265,0.000938,172.31.46.0-255,66,94633,42,206554
18266,0.000944,172.217.194.0-255,5738,100371,42,206554
18267,0.000946,172.31.46.0-255,66,100437,42,206554
18268,0.000959,172.217.194.0-255,1484,101921,42,206554
18269,0.000962,172.31.46.0-255,66,101987,42,206554
18270,0.001001,172.31.46.0-255,66,102053,42,206554
18271,0.001007,172.217.194.0-255,5020,107073,42,206554
18272,0.00101,172.31.46.0-255,66,107139,42,206554
18273,0.001035,172.217.194.0-255,5738,112877,42,206554
18274,0.001037,172.31.46.0-255,66,112943,42,206554
18275,0.001045,172.217.194.0-255,7156,120099,42,206554
18276,0.001048,172.31.46.0-255,66,120165,42,206554
18277,0.001087,172.31.46.0-255,66,120231,42,206554
18278,0.001117,172.217.194.0-255,6438,126669,42,206554
18279,0.001121,172.31.46.0-255,66,126735,42,206554
18280,0.001212,172.217.194.0-255,1484,128219,42,206554
18281,0.001216,172.31.46.0-255,66,128285,42,206554
18282,0.001222,172.217.194.0-255,2902,131187,42,206554
18283,0.001224,172.31.46.0-255,66,131253,42,206554
18284,0.001231,172.217.194.0-255,5738,136991,42,206554
18285,0.001238,172.31.46.0-255,66,137057,42,206554
18286,0.001246,172.217.194.0-255,7156,144213,42,206554
18287,0.001248,172.31.46.0-255,66,144279,42,206554
18288,0.001288,172.31.46.0-255,66,144345,42,206554
18289,0.001292,172.217.194.0-255,2184,146529,42,206554
18290,0.001294,172.31.46.0-255,66,146595,42,206554
18291,0.001342,172.217.194.0-255,1484,148079,42,206554
18292,0.001345,172.31.46.0-255,66,148145,42,206554
18293,0.001349,172.217.194.0-255,1484,149629,42,206554
18294,0.001351,172.31.46.0-255,66,149695,42,206554
18295,0.001385,172.217.194.0-255,1484,151179,42,206554
18296,0.001388,172.31.46.0-255,66,151245,42,206554
18297,0.001395,172.217.194.0-255,5738,156983,42,206554
18298,0.001396,172.31.46.0-255,66,157049,42,206554
18299,0.001417,172.217.194.0-255,7156,164205,42,206554
18300,0.001419,172.31.46.0-255,66,164271,42,206554
18301,0.001452,172.217.194.0-255,5738,170009,42,206554
18302,0.001455,172.31.46.0-255,66,170075,42,206554
18303,0.001467,172.31.46.0-255,66,170141,42,206554
18304,0.00149,172.217.194.0-255,766,170907,42,206554
18305,0.001492,172.31.46.0-255,66,170973,42,206554
18306,0.001526,172.217.194.0-255,1484,172457,42,206554
18307,0.001528,172.31.46.0-255,66,172523,42,206554
18308,0.001557,172.217.194.0-255,2902,175425,42,206554
18309,0.00156,172.31.46.0-255,66,175491,42,206554
18310,0.001566,172.217.194.0-255,5738,181229,42,206554
18311,0.001568,172.31.46.0-255,66,181295,42,206554
18312,0.00161,172.217.194.0-255,1484,182779,42,206554
18313,0.001612,172.31.46.0-255,66,182845,42,206554
18314,0.001652,172.31.46.0-255,66,182911,42,206554
18315,0.001663,172.31.46.0-255,66,182977,42,206554
18316,0.001668,172.217.194.0-255,2902,185879,42,206554
18317,0.00167,172.31.46.0-255,66,185945,42,206554
18318,0.001675,172.217.194.0-255,4320,190265,42,206554
18319,0.001677,172.31.46.0-255,66,190331,42,206554
18320,0.001688,172.31.46.0-255,66,190397,42,206554
18321,0.00173,172.31.46.0-255,66,190463,42,206554
18322,0.001762,172.217.194.0-255,4320,194783,42,206554
18323,0.001782,172.31.46.0-255,66,194849,42,206554
18324,0.001819,172.31.46.0-255,66,194915,42,206554
18325,0.001828,172.217.194.0-255,2184,197099,42,206554
18326,0.001832,172.217.194.0-255,2902,200001,42,206554
18327,0.001859,172.31.46.0-255,66,200067,42,206554
18328,0.00188,172.217.194.0-255,4320,204387,42,206554
18329,0.001893,172.217.194.0-255,1759,206146,42,206554
18330,0.001896,172.217.194.0-255,105,206251,42,206554
18331,0.001898,172.31.46.0-255,66,206317,42,206554
18332,0.001937,172.31.46.0-255,66,206383,42,206554
18333,0.00461,172.31.46.0-255,105,206488,42,206554
18334,0.006568,172.217.194.0-255,66,206554,42,206554
18335,0.0,172.217.194.0-255,176,176,42,137169
18336,2.4e-05,172.31.46.0-255,66,242,42,137169
18337,3.1e-05,172.217.194.0-255,1484,1726,42,137169
18338,3.6e-05,172.31.46.0-255,66,1792,42,137169
18339,4.9e-05,172.217.194.0-255,2902,4694,42,137169
18340,5.3e-05,172.31.46.0-255,66,4760,42,137169
18341,6.2e-05,172.217.194.0-255,7156,11916,42,137169
18342,6.5e-05,172.31.46.0-255,66,11982,42,137169
18343,6.9e-05,172.217.194.0-255,2086,14068,42,137169
18344,7.2e-05,172.31.46.0-255,66,14134,42,137169
18345,0.000167,172.217.194.0-255,1484,15618,42,137169
18346,0.000171,172.31.46.0-255,66,15684,42,137169
18347,0.0002,172.217.194.0-255,2902,18586,42,137169
18348,0.000203,172.31.46.0-255,66,18652,42,137169
18349,0.000209,172.217.194.0-255,5738,24390,42,137169
18350,0.000211,172.31.46.0-255,66,24456,42,137169
18351,0.000252,172.31.46.0-255,66,24522,42,137169
18352,0.000265,172.31.46.0-255,66,24588,42,137169
18353,0.000289,172.217.194.0-255,1484,26072,42,137169
18354,0.000291,172.31.46.0-255,66,26138,42,137169
18355,0.000295,172.217.194.0-255,1125,27263,42,137169
18356,0.000297,172.31.46.0-255,66,27329,42,137169
18357,0.00033,172.217.194.0-255,5738,33067,42,137169
18358,0.000333,172.31.46.0-255,66,33133,42,137169
18359,0.00037,172.31.46.0-255,66,33199,42,137169
18360,0.000375,172.217.194.0-255,3164,36363,42,137169
18361,0.000377,172.31.46.0-255,66,36429,42,137169
18362,0.000818,172.217.194.0-255,1484,37913,42,137169
18363,0.000824,172.31.46.0-255,66,37979,42,137169
18364,0.00083,172.217.194.0-255,2902,40881,42,137169
18365,0.000832,172.31.46.0-255,66,40947,42,137169
18366,0.000843,172.217.194.0-255,5738,46685,42,137169
18367,0.000845,172.31.46.0-255,66,46751,42,137169
18368,0.0009,172.31.46.0-255,66,46817,42,137169
18369,0.000944,172.31.46.0-255,66,46883,42,137169
18370,0.001556,172.217.194.0-255,1484,48367,42,137169
18371,0.001565,172.217.194.0-255,2902,51269,42,137169
18372,0.00157,172.31.46.0-255,66,51335,42,137169
18373,0.001574,172.217.194.0-255,1484,52819,42,137169
18374,0.0016,172.217.194.0-255,4320,57139,42,137169
18375,0.001603,172.31.46.0-255,66,57205,42,137169
18376,0.00161,172.217.194.0-255,7156,64361,42,137169
18377,0.001613,172.31.46.0-255,66,64427,42,137169
18378,0.001655,172.31.46.0-255,66,64493,42,137169
18379,0.001659,172.217.194.0-255,2184,66677,42,137169
18380,0.001661,172.31.46.0-255,66,66743,42,137169
18381,0.001759,172.217.194.0-255,1484,68227,42,137169
18382,0.00178,172.217.194.0-255,2902,71129,42,137169
18383,0.001784,172.31.46.0-255,66,71195,42,137169
18384,0.001816,172.217.194.0-255,5738,76933,42,137169
18385,0.001819,172.31.46.0-255,66,76999,42,137169
18386,0.001822,172.217.194.0-255,1484,78483,42,137169
18387,0.001856,172.31.46.0-255,66,78549,42,137169
18388,0.001889,172.31.46.0-255,66,78615,42,137169
18389,0.001919,172.217.194.0-255,766,79381,42,137169
18390,0.001977,172.31.46.0-255,66,79447,42,137169
18391,0.002004,172.217.194.0-255,4320,83767,42,137169
18392,0.002006,172.31.46.0-255,66,83833,42,137169
18393,0.002023,172.31.46.0-255,66,83899,42,137169
18394,0.002048,172.217.194.0-255,1484,85383,42,137169
18395,0.002053,172.217.194.0-255,2902,88285,42,137169
18396,0.002056,172.31.46.0-255,66,88351,42,137169
18397,0.002059,172.217.194.0-255,1484,89835,42,137169
18398,0.002089,172.217.194.0-255,4320,94155,42,137169
18399,0.002091,172.31.46.0-255,66,94221,42,137169
18400,0.002099,172.217.194.0-255,7156,101377,42,137169
18401,0.002101,172.31.46.0-255,66,101443,42,137169
18402,0.002121,172.217.194.0-255,5738,107181,42,137169
18403,0.002128,172.217.194.0-255,1484,108665,42,137169
18404,0.002137,172.31.46.0-255,66,108731,42,137169
18405,0.002149,172.31.46.0-255,66,108797,42,137169
18406,0.002167,172.217.194.0-255,766,109563,42,137169
18407,0.002577,172.217.194.0-255,1484,111047,42,137169
18408,0.002583,172.217.194.0-255,2902,113949,42,137169
18409,0.002588,172.217.194.0-255,4320,118269,42,137169
18410,0.002593,172.31.46.0-255,66,118335,42,137169
18411,0.002602,172.31.46.0-255,66,118401,42,137169
18412,0.002605,172.31.46.0-255,66,118467,42,137169
18413,0.002615,172.217.194.0-255,1484,119951,42,137169
18414,0.002621,172.217.194.0-255,4320,124271,42,137169
18415,0.002623,172.31.46.0-255,66,124337,42,137169
18416,0.002666,172.31.46.0-255,66,124403,42,137169
18417,0.002685,172.31.46.0-255,66,124469,42,137169
18418,0.002709,172.217.194.0-255,1484,125953,42,137169
18419,0.002713,172.31.46.0-255,78,126031,42,137169
18420,0.002734,172.31.46.0-255,78,126109,42,137169
18421,0.002775,172.217.194.0-255,5738,131847,42,137169
18422,0.002779,172.31.46.0-255,66,131913,42,137169
18423,0.002781,172.217.194.0-255,1484,133397,42,137169
18424,0.002793,172.31.46.0-255,66,133463,42,137169
18425,0.002814,172.31.46.0-255,66,133529,42,137169
18426,0.00283,172.31.46.0-255,66,133595,42,137169
18427,0.002891,172.31.46.0-255,66,133661,42,137169
18428,0.002911,172.31.46.0-255,66,133727,42,137169
18429,0.002947,172.217.194.0-255,2902,136629,42,137169
18430,0.00295,172.31.46.0-255,66,136695,42,137169
18431,0.002987,172.31.46.0-255,66,136761,42,137169
18432,0.002996,172.31.46.0-255,66,136827,42,137169
18433,0.003034,172.217.194.0-255,105,136932,42,137169
18434,0.008385,172.31.46.0-255,66,136998,42,137169
18435,0.008432,172.31.46.0-255,105,137103,42,137169
18436,0.010734,172.217.194.0-255,66,137169,42,137169
18437,0.0,172.217.194.0-255,298,298,42,177875
18438,2.4e-05,172.31.46.0-255,66,364,42,177875
18439,3e-05,172.217.194.0-255,1484,1848,42,177875
18440,3.5e-05,172.31.46.0-255,66,1914,42,177875
18441,4.3e-05,172.217.194.0-255,4320,6234,42,177875
18442,4.7e-05,172.31.46.0-255,66,6300,42,177875
18443,5.2e-05,172.217.194.0-255,4320,10620,42,177875
18444,5.5e-05,172.31.46.0-255,66,10686,42,177875
18445,6.7e-05,172.31.46.0-255,66,10752,42,177875
18446,9.2e-05,172.217.194.0-255,1840,12592,42,177875
18447,9.6e-05,172.31.46.0-255,66,12658,42,177875
18448,0.000108,172.31.46.0-255,66,12724,42,177875
18449,0.000167,172.217.194.0-255,1484,14208,42,177875
18450,0.00017,172.31.46.0-255,66,14274,42,177875
18451,0.000186,172.217.194.0-255,2902,17176,42,177875
18452,0.000189,172.31.46.0-255,66,17242,42,177875
18453,0.000193,172.217.194.0-255,2902,20144,42,177875
18454,0.000195,172.31.46.0-255,66,20210,42,177875
18455,0.000214,172.217.194.0-255,2902,23112,42,177875
18456,0.000216,172.31.46.0-255,66,23178,42,177875
18457,0.000231,172.217.194.0-255,4320,27498,42,177875
18458,0.000234,172.31.46.0-255,66,27564,42,177875
18459,0.000267,172.31.46.0-255,66,27630,42,177875
18460,0.000274,172.217.194.0-255,7156,34786,42,177875
18461,0.000276,172.31.46.0-255,66,34852,42,177875
18462,0.000303,172.217.194.0-255,2853,37705,42,177875
18463,0.000305,172.31.46.0-255,66,37771,42,177875
18464,0.000338,172.217.194.0-255,2902,40673,42,177875
18465,0.000341,172.31.46.0-255,66,40739,42,177875
18466,0.000347,172.217.194.0-255,4320,45059,42,177875
18467,0.000349,172.31.46.0-255,66,45125,42,177875
18468,0.000361,172.217.194.0-255,1484,46609,42,177875
18469,0.000385,172.217.194.0-255,7156,53765,42,177875
18470,0.000388,172.31.46.0-255,66,53831,42,177875
18471,0.000404,172.217.194.0-255,2902,56733,42,177875
18472,0.000406,172.31.46.0-255,66,56799,42,177875
18473,0.000438,172.31.46.0-255,66,56865,42,177875
18474,0.000441,172.217.194.0-255,376,57241,42,177875
18475,0.000774,172.217.194.0-255,1484,58725,42,177875
18476,0.00078,172.31.46.0-255,66,58791,42,177875
18477,0.000788,172.217.194.0-255,2902,61693,42,177875
18478,0.00079,172.31.46.0-255,66,61759,42,177875
18479,0.000793,172.217.194.0-255,1484,63243,42,177875
18480,0.000817,172.217.194.0-255,4320,67563,42,177875
18481,0.000819,172.31.46.0-255,66,67629,42,177875
18482,0.000831,172.31.46.0-255,66,67695,42,177875
18483,0.000896,172.31.46.0-255,66,67761,42,177875
18484,0.001031,172.217.194.0-255,1484,69245,42,177875
18485,0.001044,172.217.194.0-255,2902,72147,42,177875
18486,0.001048,172.31.46.0-255,66,72213,42,177875
18487,0.001054,172.217.194.0-255,2902,75115,42,177875
18488,0.001056,172.31.46.0-255,66,75181,42,177875
18489,0.001063,172.217.194.0-255,7156,82337,42,177875
18490,0.001066,172.31.46.0-255,66,82403,42,177875
18491,0.001094,172.31.46.0-255,66,82469,42,177875
18492,0.00112,172.217.194.0-255,7156,89625,42,177875
18493,0.001123,172.31.46.0-255,66,89691,42,177875
18494,0.001127,172.217.194.0-255,3602,93293,42,177875
18495,0.00113,172.31.46.0-255,66,93359,42,177875
18496,0.001363,172.217.194.0-255,1484,94843,42,177875
18497,0.001382,172.217.194.0-255,2902,97745,42,177875
18498,0.001385,172.31.46.0-255,66,97811,42,177875
18499,0.001392,172.217.194.0-255,5738,103549,42,177875
18500,0.001394,172.31.46.0-255,66,103615,42,177875
18501,0.001397,172.217.194.0-255,1484,105099,42,177875
18502,0.001416,172.217.194.0-255,4320,109419,42,177875
18503,0.001418,172.31.46.0-255,66,109485,42,177875
18504,0.001447,172.31.46.0-255,66,109551,42,177875
18505,0.001472,172.217.194.0-255,4320,113871,42,177875
18506,0.001475,172.31.46.0-255,66,113937,42,177875
18507,0.001497,172.217.194.0-255,5020,118957,42,177875
18508,0.0015,172.31.46.0-255,66,119023,42,177875
18509,0.00154,172.217.194.0-255,1484,120507,42,177875
18510,0.001544,172.217.194.0-255,1484,121991,42,177875
18511,0.001546,172.31.46.0-255,66,122057,42,177875
18512,0.001573,172.217.194.0-255,1484,123541,42,177875
18513,0.001579,172.217.194.0-255,5738,129279,42,177875
18514,0.001581,172.31.46.0-255,66,129345,42,177875
18515,0.001588,172.217.194.0-255,5738,135083,42,177875
18516,0.001592,172.31.46.0-255,66,135149,42,177875
18517,0.001616,172.217.194.0-255,7156,142305,42,177875
18518,0.001629,172.31.46.0-255,66,142371,42,177875
18519,0.001637,172.31.46.0-255,66,142437,42,177875
18520,0.001707,172.217.194.0-255,1484,143921,42,177875
18521,0.001723,172.217.194.0-255,2902,146823,42,177875
18522,0.001727,172.31.46.0-255,66,146889,42,177875
18523,0.001733,172.217.194.0-255,4320,151209,42,177875
18524,0.001735,172.31.46.0-255,66,151275,42,177875
18525,0.001749,172.217.194.0-255,1484,152759,42,177875
18526,0.001768,172.31.46.0-255,66,152825,42,177875
18527,0.001782,172.31.46.0-255,66,152891,42,177875
18528,0.001861,172.217.194.0-255,1484,154375,42,177875
18529,0.001883,172.217.194.0-255,2902,157277,42,177875
18530,0.001886,172.31.46.0-255,66,157343,42,177875
18531,0.001892,172.217.194.0-255,2902,160245,42,177875
18532,0.001894,172.31.46.0-255,66,160311,42,177875
18533,0.001907,172.217.194.0-255,2902,163213,42,177875
18534,0.001909,172.31.46.0-255,66,163279,42,177875
18535,0.001915,172.217.194.0-255,4320,167599,42,177875
18536,0.001917,172.31.46.0-255,66,167665,42,177875
18537,0.001964,172.31.46.0-255,66,167731,42,177875
18538,0.001975,172.31.46.0-255,66,167797,42,177875
18539,0.002034,172.31.46.0-255,66,167863,42,177875
18540,0.002052,172.217.194.0-255,5020,172883,42,177875
18541,0.002054,172.31.46.0-255,66,172949,42,177875
18542,0.002065,172.31.46.0-255,66,173015,42,177875
18543,0.002094,172.31.46.0-255,66,173081,42,177875
18544,0.002101,172.217.194.0-255,4320,177401,42,177875
18545,0.002104,172.31.46.0-255,66,177467,42,177875
18546,0.00215,172.31.46.0-255,66,177533,42,177875
18547,0.002153,172.217.194.0-255,105,177638,42,177875
18548,0.004415,172.31.46.0-255,66,177704,42,177875
18549,0.004454,172.31.46.0-255,105,177809,42,177875
18550,0.006683,172.217.194.0-255,66,177875,42,177875
18551,0.0,172.217.194.0-255,153,153,42,250263
18552,2.4e-05,172.31.46.0-255,66,219,42,250263
18553,3.1e-05,172.217.194.0-255,1484,1703,42,250263
18554,3.6e-05,172.31.46.0-255,66,1769,42,250263
18555,4.2e-05,172.217.194.0-255,2902,4671,42,250263
18556,4.6e-05,172.31.46.0-255,66,4737,42,250263
18557,8.5e-05,172.217.194.0-255,7156,11893,42,250263
18558,8.8e-05,172.31.46.0-255,66,11959,42,250263
18559,9.1e-05,172.217.194.0-255,1484,13443,42,250263
18560,9.3e-05,172.31.46.0-255,66,13509,42,250263
18561,0.000101,172.217.194.0-255,7156,20665,42,250263
18562,0.000104,172.31.46.0-255,66,20731,42,250263
18563,0.000131,172.217.194.0-255,3477,24208,42,250263
18564,0.000133,172.31.46.0-255,66,24274,42,250263
18565,0.000141,172.217.194.0-255,6797,31071,42,250263
18566,0.000143,172.31.46.0-255,66,31137,42,250263
18567,0.000188,172.217.194.0-255,1484,32621,42,250263
18568,0.00019,172.31.46.0-255,66,32687,42,250263
18569,0.000204,172.217.194.0-255,2902,35589,42,250263
18570,0.000207,172.31.46.0-255,66,35655,42,250263
18571,0.000225,172.217.194.0-255,4320,39975,42,250263
18572,0.000228,172.31.46.0-255,66,40041,42,250263
18573,0.00025,172.217.194.0-255,4320,44361,42,250263
18574,0.000253,172.31.46.0-255,66,44427,42,250263
18575,0.000271,172.217.194.0-255,5379,49806,42,250263
18576,0.000273,172.31.46.0-255,66,49872,42,250263
18577,0.000277,172.217.194.0-255,4320,54192,42,250263
18578,0.00028,172.31.46.0-255,66,54258,42,250263
18579,0.000307,172.31.46.0-255,66,54324,42,250263
18580,0.000311,172.217.194.0-255,2833,57157,42,250263
18581,0.000313,172.31.46.0-255,66,57223,42,250263
18582,0.000338,172.217.194.0-255,100,57323,42,250263
18583,0.000403,172.217.194.0-255,1484,58807,42,250263
18584,0.000406,172.31.46.0-255,66,58873,42,250263
18585,0.000411,172.217.194.0-255,2902,61775,42,250263
18586,0.000413,172.31.46.0-255,66,61841,42,250263
18587,0.000432,172.217.194.0-255,5738,67579,42,250263
18588,0.000434,172.31.46.0-255,66,67645,42,250263
18589,0.000453,172.217.194.0-255,2902,70547,42,250263
18590,0.000455,172.31.46.0-255,66,70613,42,250263
18591,0.000488,172.31.46.0-255,66,70679,42,250263
18592,0.000491,172.217.194.0-255,2902,73581,42,250263
18593,0.000493,172.31.46.0-255,66,73647,42,250263
18594,0.000528,172.217.194.0-255,4320,77967,42,250263
18595,0.000531,172.31.46.0-255,66,78033,42,250263
18596,0.000543,172.217.194.0-255,2543,80576,42,250263
18597,0.000546,172.31.46.0-255,66,80642,42,250263
18598,0.000548,172.217.194.0-255,1484,82126,42,250263
18599,0.000562,172.217.194.0-255,4320,86446,42,250263
18600,0.000564,172.31.46.0-255,66,86512,42,250263
18601,0.000594,172.217.194.0-255,1484,87996,42,250263
18602,0.000608,172.31.46.0-255,66,88062,42,250263
18603,0.000633,172.31.46.0-255,66,88128,42,250263
18604,0.000651,172.217.194.0-255,3602,91730,42,250263
18605,0.000653,172.31.46.0-255,66,91796,42,250263
18606,0.000655,172.217.194.0-255,1484,93280,42,250263
18607,0.000678,172.217.194.0-255,7156,100436,42,250263
18608,0.00068,172.31.46.0-255,66,100502,42,250263
18609,0.000702,172.217.194.0-255,4320,104822,42,250263
18610,0.000704,172.31.46.0-255,66,104888,42,250263
18611,0.000709,172.217.194.0-255,4320,109208,42,250263
18612,0.000711,172.31.46.0-255,66,109274,42,250263
18613,0.000729,172.217.194.0-255,4320,113594,42,250263
18614,0.000731,172.31.46.0-255,66,113660,42,250263
18615,0.000769,172.217.194.0-255,4320,117980,42,250263
18616,0.000771,172.31.46.0-255,66,118046,42,250263
18617,0.000791,172.31.46.0-255,66,118112,42,250263
18618,0.000826,172.217.194.0-255,363,118475,42,250263
18619,0.001513,172.217.194.0-255,1484,119959,42,250263
18620,0.001517,172.31.46.0-255,66,120025,42,250263
18621,0.001522,172.217.194.0-255,2902,122927,42,250263
18622,0.001524,172.31.46.0-255,66,122993,42,250263
18623,0.001527,172.217.194.0-255,1484,124477,42,250263
18624,0.001542,172.217.194.0-255,4320,128797,42,250263
18625,0.001544,172.31.46.0-255,66,128863,42,250263
18626,0.001547,172.217.194.0-255,2902,131765,42,250263
18627,0.001549,172.31.46.0-255,66,131831,42,250263
18628,0.001574,172.217.194.0-255,2902,134733,42,250263
18629,0.001576,172.31.46.0-255,66,134799,42,250263
18630,0.001587,172.31.46.0-255,66,134865,42,250263
18631,0.001606,172.217.194.0-255,1484,136349,42,250263
18632,0.001611,172.217.194.0-255,5020,141369,42,250263
18633,0.001613,172.31.46.0-255,66,141435,42,250263
18634,0.002801,172.217.194.0-255,1484,142919,42,250263
18635,0.002819,172.217.194.0-255,2902,145821,42,250263
18636,0.002823,172.31.46.0-255,66,145887,42,250263
18637,0.002831,172.217.194.0-255,5738,151625,42,250263
18638,0.002833,172.31.46.0-255,66,151691,42,250263
18639,0.002846,172.217.194.0-255,4320,156011,42,250263
18640,0.002847,172.31.46.0-255,66,156077,42,250263
18641,0.002882,172.217.194.0-255,1484,157561,42,250263
18642,0.002909,172.217.194.0-255,7156,164717,42,250263
18643,0.002911,172.31.46.0-255,66,164783,42,250263
18644,0.002914,172.217.194.0-255,1484,166267,42,250263
18645,0.002933,172.31.46.0-255,66,166333,42,250263
18646,0.002952,172.217.194.0-255,766,167099,42,250263
18647,0.003132,172.217.194.0-255,1484,168583,42,250263
18648,0.003134,172.31.46.0-255,66,168649,42,250263
18649,0.003157,172.217.194.0-255,2902,171551,42,250263
18650,0.003159,172.31.46.0-255,66,171617,42,250263
18651,0.003164,172.217.194.0-255,5738,177355,42,250263
18652,0.003166,172.31.46.0-255,66,177421,42,250263
18653,0.003175,172.217.194.0-255,5738,183159,42,250263
18654,0.003177,172.31.46.0-255,66,183225,42,250263
18655,0.003202,172.217.194.0-255,2902,186127,42,250263
18656,0.003204,172.31.46.0-255,66,186193,42,250263
18657,0.003212,172.31.46.0-255,66,186259,42,250263
18658,0.003216,172.217.194.0-255,2902,189161,42,250263
18659,0.003218,172.31.46.0-255,66,189227,42,250263
18660,0.003251,172.217.194.0-255,6438,195665,42,250263
18661,0.003253,172.31.46.0-255,66,195731,42,250263
18662,0.003256,172.217.194.0-255,1484,197215,42,250263
18663,0.003265,172.31.46.0-255,66,197281,42,250263
18664,0.003268,172.217.194.0-255,1484,198765,42,250263
18665,0.003273,172.217.194.0-255,5738,204503,42,250263
18666,0.003274,172.31.46.0-255,66,204569,42,250263
18667,0.003298,172.217.194.0-255,1484,206053,42,250263
18668,0.003301,172.217.194.0-255,1484,207537,42,250263
18669,0.003303,172.31.46.0-255,66,207603,42,250263
18670,0.003328,172.31.46.0-255,66,207669,42,250263
18671,0.003469,172.217.194.0-255,1484,209153,42,250263
18672,0.003483,172.217.194.0-255,2902,212055,42,250263
18673,0.003485,172.31.46.0-255,66,212121,42,250263
18674,0.003489,172.217.194.0-255,2902,215023,42,250263
18675,0.003491,172.31.46.0-255,66,215089,42,250263
18676,0.003507,172.217.194.0-255,2902,217991,42,250263
18677,0.003508,172.31.46.0-255,66,218057,42,250263
18678,0.00352,172.217.194.0-255,2902,220959,42,250263
18679,0.003521,172.31.46.0-255,66,221025,42,250263
18680,0.003541,172.31.46.0-255,66,221091,42,250263
18681,0.003559,172.217.194.0-255,1484,222575,42,250263
18682,0.003563,172.217.194.0-255,2902,225477,42,250263
18683,0.003565,172.31.46.0-255,66,225543,42,250263
18684,0.003568,172.217.194.0-255,1484,227027,42,250263
18685,0.003589,172.217.194.0-255,6438,233465,42,250263
18686,0.003591,172.31.46.0-255,66,233531,42,250263
18687,0.003664,172.217.194.0-255,1484,235015,42,250263
18688,0.003682,172.217.194.0-255,2902,237917,42,250263
18689,0.003684,172.31.46.0-255,66,237983,42,250263
18690,0.00369,172.217.194.0-255,5738,243721,42,250263
18691,0.003691,172.31.46.0-255,66,243787,42,250263
18692,0.003736,172.31.46.0-255,66,243853,42,250263
18693,0.003767,172.217.194.0-255,2902,246755,42,250263
18694,0.003769,172.31.46.0-255,66,246821,42,250263
18695,0.003779,172.31.46.0-255,66,246887,42,250263
18696,0.003783,172.217.194.0-255,2902,249789,42,250263
18697,0.003785,172.31.46.0-255,66,249855,42,250263
18698,0.003824,172.31.46.0-255,66,249921,42,250263
18699,0.003827,172.217.194.0-255,105,250026,42,250263
18700,0.004977,172.31.46.0-255,66,250092,42,250263
18701,0.005009,172.31.46.0-255,105,250197,42,250263
18702,0.00758,172.217.194.0-255,66,250263,42,250263
18703,0.0,74.125.24.0-255,152,152,42,158913
18704,4.5e-05,172.31.46.0-255,66,218,42,158913
18705,5.2e-05,74.125.24.0-255,1484,1702,42,158913
18706,5.7e-05,172.31.46.0-255,66,1768,42,158913
18707,7e-05,74.125.24.0-255,2902,4670,42,158913
18708,7.3e-05,172.31.46.0-255,66,4736,42,158913
18709,8.1e-05,74.125.24.0-255,7156,11892,42,158913
18710,8.4e-05,172.31.46.0-255,66,11958,42,158913
18711,8.8e-05,74.125.24.0-255,1974,13932,42,158913
18712,9.2e-05,172.31.46.0-255,66,13998,42,158913
18713,0.000106,172.31.46.0-255,66,14064,42,158913
18714,0.000119,172.31.46.0-255,66,14130,42,158913
18715,0.00017,172.31.46.0-255,66,14196,42,158913
18716,0.000202,172.31.46.0-255,66,14262,42,158913
18717,0.000208,74.125.24.0-255,5693,19955,42,158913
18718,0.00021,172.31.46.0-255,66,20021,42,158913
18719,0.000213,74.125.24.0-255,106,20127,42,158913
18720,0.000215,172.31.46.0-255,66,20193,42,158913
18721,0.000325,74.125.24.0-255,1484,21677,42,158913
18722,0.00033,172.31.46.0-255,66,21743,42,158913
18723,0.000336,74.125.24.0-255,2902,24645,42,158913
18724,0.000338,172.31.46.0-255,66,24711,42,158913
18725,0.000343,74.125.24.0-255,2902,27613,42,158913
18726,0.000345,172.31.46.0-255,66,27679,42,158913
18727,0.000371,74.125.24.0-255,2902,30581,42,158913
18728,0.000374,172.31.46.0-255,66,30647,42,158913
18729,0.000421,172.31.46.0-255,66,30713,42,158913
18730,0.000448,74.125.24.0-255,4320,35033,42,158913
18731,0.000462,74.125.24.0-255,332,35365,42,158913
18732,0.00051,74.125.24.0-255,1484,36849,42,158913
18733,0.000515,74.125.24.0-255,2902,39751,42,158913
18734,0.000532,74.125.24.0-255,1484,41235,42,158913
18735,0.000546,74.125.24.0-255,4320,45555,42,158913
18736,0.000551,74.125.24.0-255,4320,49875,42,158913
18737,0.000589,74.125.24.0-255,2902,52777,42,158913
18738,0.000606,74.125.24.0-255,1484,54261,42,158913
18739,0.00063,74.125.24.0-255,6438,60699,42,158913
18740,0.00067,172.31.46.0-255,66,60765,42,158913
18741,0.000702,74.125.24.0-255,1484,62249,42,158913
18742,0.000708,74.125.24.0-255,2902,65151,42,158913
18743,0.00073,74.125.24.0-255,5738,70889,42,158913
18744,0.000737,74.125.24.0-255,5738,76627,42,158913
18745,0.000747,172.31.46.0-255,66,76693,42,158913
18746,0.000755,74.125.24.0-255,7156,83849,42,158913
18747,0.000761,74.125.24.0-255,7156,91005,42,158913
18748,0.000778,172.31.46.0-255,66,91071,42,158913
18749,0.000805,74.125.24.0-255,3602,94673,42,158913
18750,0.000815,172.31.46.0-255,66,94739,42,158913
18751,0.001121,74.125.24.0-255,1484,96223,42,158913
18752,0.001126,74.125.24.0-255,1484,97707,42,158913
18753,0.001139,74.125.24.0-255,1484,99191,42,158913
18754,0.001141,74.125.24.0-255,1484,100675,42,158913
18755,0.00116,74.125.24.0-255,4320,104995,42,158913
18756,0.001164,74.125.24.0-255,4320,109315,42,158913
18757,0.001168,172.31.46.0-255,66,109381,42,158913
18758,0.001198,74.125.24.0-255,2902,112283,42,158913
18759,0.0012,172.31.46.0-255,66,112349,42,158913
18760,0.001241,172.31.46.0-255,66,112415,42,158913
18761,0.001246,172.31.46.0-255,66,112481,42,158913
18762,0.003323,74.125.24.0-255,5738,118219,42,158913
18763,0.003331,172.31.46.0-255,66,118285,42,158913
18764,0.005391,74.125.24.0-255,5738,124023,42,158913
18765,0.005398,172.31.46.0-255,66,124089,42,158913
18766,0.007453,74.125.24.0-255,5738,129827,42,158913
18767,0.007458,172.31.46.0-255,66,129893,42,158913
18768,0.00953,74.125.24.0-255,5738,135631,42,158913
18769,0.009543,172.31.46.0-255,66,135697,42,158913
18770,0.011625,74.125.24.0-255,5738,141435,42,158913
18771,0.011636,172.31.46.0-255,66,141501,42,158913
18772,0.013744,74.125.24.0-255,5738,147239,42,158913
18773,0.013759,172.31.46.0-255,66,147305,42,158913
18774,0.015833,74.125.24.0-255,5738,153043,42,158913
18775,0.015849,172.31.46.0-255,66,153109,42,158913
18776,0.017926,74.125.24.0-255,5738,158847,42,158913
18777,0.017939,172.31.46.0-255,66,158913,42,158913
18778,0.0,74.125.68.0-255,153,153,42,190627
18779,1.8e-05,172.31.46.0-255,66,219,42,190627
18780,2.3e-05,74.125.68.0-255,1484,1703,42,190627
18781,2.9e-05,172.31.46.0-255,66,1769,42,190627
18782,5.6e-05,74.125.68.0-255,2902,4671,42,190627
18783,6.4e-05,172.31.46.0-255,66,4737,42,190627
18784,7e-05,74.125.68.0-255,4320,9057,42,190627
18785,7.3e-05,172.31.46.0-255,66,9123,42,190627
18786,8.8e-05,74.125.68.0-255,4320,13443,42,190627
18787,9.1e-05,172.31.46.0-255,66,13509,42,190627
18788,0.00012,74.125.68.0-255,652,14161,42,190627
18789,0.000123,172.31.46.0-255,66,14227,42,190627
18790,0.000131,74.125.68.0-255,5738,19965,42,190627
18791,0.000134,172.31.46.0-255,66,20031,42,190627
18792,0.000146,74.125.68.0-255,7156,27187,42,190627
18793,0.000148,172.31.46.0-255,66,27253,42,190627
18794,0.000201,74.125.68.0-255,3961,31214,42,190627
18795,0.000203,172.31.46.0-255,66,31280,42,190627
18796,0.000864,74.125.68.0-255,1484,32764,42,190627
18797,0.000869,172.31.46.0-255,66,32830,42,190627
18798,0.000877,74.125.68.0-255,2902,35732,42,190627
18799,0.000879,172.31.46.0-255,66,35798,42,190627
18800,0.000907,74.125.68.0-255,2902,38700,42,190627
18801,0.000909,172.31.46.0-255,66,38766,42,190627
18802,0.000914,74.125.68.0-255,4320,43086,42,190627
18803,0.000915,172.31.46.0-255,66,43152,42,190627
18804,0.000935,74.125.68.0-255,1484,44636,42,190627
18805,0.000937,172.31.46.0-255,66,44702,42,190627
18806,0.000962,172.31.46.0-255,66,44768,42,190627
18807,0.000976,74.125.68.0-255,2902,47670,42,190627
18808,0.000981,172.31.46.0-255,66,47736,42,190627
18809,0.000995,74.125.68.0-255,7156,54892,42,190627
18810,0.000997,172.31.46.0-255,66,54958,42,190627
18811,0.001004,74.125.68.0-255,2818,57776,42,190627
18812,0.001007,172.31.46.0-255,66,57842,42,190627
18813,0.001028,74.125.68.0-255,127,57969,42,190627
18814,0.001465,74.125.68.0-255,1484,59453,42,190627
18815,0.001471,172.31.46.0-255,66,59519,42,190627
18816,0.001476,74.125.68.0-255,1484,61003,42,190627
18817,0.001502,74.125.68.0-255,1484,62487,42,190627
18818,0.001504,172.31.46.0-255,66,62553,42,190627
18819,0.00151,74.125.68.0-255,5738,68291,42,190627
18820,0.001513,172.31.46.0-255,66,68357,42,190627
18821,0.00152,74.125.68.0-255,2902,71259,42,190627
18822,0.001522,172.31.46.0-255,66,71325,42,190627
18823,0.001545,74.125.68.0-255,1484,72809,42,190627
18824,0.001569,172.31.46.0-255,66,72875,42,190627
18825,0.001583,74.125.68.0-255,4320,77195,42,190627
18826,0.001588,172.31.46.0-255,66,77261,42,190627
18827,0.001618,74.125.68.0-255,6438,83699,42,190627
18828,0.001621,172.31.46.0-255,66,83765,42,190627
18829,0.00197,74.125.68.0-255,1484,85249,42,190627
18830,0.001982,74.125.68.0-255,2902,88151,42,190627
18831,0.001984,172.31.46.0-255,66,88217,42,190627
18832,0.002011,74.125.68.0-255,5738,93955,42,190627
18833,0.002014,172.31.46.0-255,66,94021,42,190627
18834,0.002018,74.125.68.0-255,2902,96923,42,190627
18835,0.00202,172.31.46.0-255,66,96989,42,190627
18836,0.002052,172.31.46.0-255,66,97055,42,190627
18837,0.002063,74.125.68.0-255,1484,98539,42,190627
18838,0.002084,74.125.68.0-255,7156,105695,42,190627
18839,0.002086,172.31.46.0-255,66,105761,42,190627
18840,0.002111,74.125.68.0-255,4320,110081,42,190627
18841,0.002113,172.31.46.0-255,66,110147,42,190627
18842,0.002129,74.125.68.0-255,5020,115167,42,190627
18843,0.002135,172.31.46.0-255,66,115233,42,190627
18844,0.002141,74.125.68.0-255,7156,122389,42,190627
18845,0.002144,172.31.46.0-255,66,122455,42,190627
18846,0.002172,74.125.68.0-255,2902,125357,42,190627
18847,0.002174,172.31.46.0-255,66,125423,42,190627
18848,0.002185,172.31.46.0-255,66,125489,42,190627
18849,0.002218,74.125.68.0-255,1484,126973,42,190627
18850,0.002235,74.125.68.0-255,5020,131993,42,190627
18851,0.002237,172.31.46.0-255,66,132059,42,190627
18852,0.002265,74.125.68.0-255,4320,136379,42,190627
18853,0.002267,172.31.46.0-255,66,136445,42,190627
18854,0.00229,74.125.68.0-255,2902,139347,42,190627
18855,0.002292,172.31.46.0-255,66,139413,42,190627
18856,0.002299,74.125.68.0-255,7156,146569,42,190627
18857,0.002301,172.31.46.0-255,66,146635,42,190627
18858,0.002324,74.125.68.0-255,1484,148119,42,190627
18859,0.002336,172.31.46.0-255,66,148185,42,190627
18860,0.002357,74.125.68.0-255,1484,149669,42,190627
18861,0.00236,74.125.68.0-255,1484,151153,42,190627
18862,0.002361,172.31.46.0-255,66,151219,42,190627
18863,0.00467,74.125.68.0-255,2902,154121,42,190627
18864,0.004677,172.31.46.0-255,66,154187,42,190627
18865,0.004707,74.125.68.0-255,2902,157089,42,190627
18866,0.004709,172.31.46.0-255,66,157155,42,190627
18867,0.007001,74.125.68.0-255,4320,161475,42,190627
18868,0.007006,172.31.46.0-255,66,161541,42,190627
18869,0.007029,74.125.68.0-255,1484,163025,42,190627
18870,0.009373,74.125.68.0-255,4320,167345,42,190627
18871,0.009384,172.31.46.0-255,66,167411,42,190627
18872,0.011716,74.125.68.0-255,5738,173149,42,190627
18873,0.011725,172.31.46.0-255,66,173215,42,190627
18874,0.01408,74.125.68.0-255,5738,178953,42,190627
18875,0.014093,172.31.46.0-255,66,179019,42,190627
18876,0.016432,74.125.68.0-255,5738,184757,42,190627
18877,0.016444,172.31.46.0-255,66,184823,42,190627
18878,0.018787,74.125.68.0-255,5738,190561,42,190627
18879,0.018803,172.31.46.0-255,66,190627,42,190627
18880,0.0,172.217.194.0-255,150,150,42,114694
18881,2.9e-05,172.31.46.0-255,66,216,42,114694
18882,3.6e-05,172.217.194.0-255,1484,1700,42,114694
18883,4.1e-05,172.31.46.0-255,66,1766,42,114694
18884,4.7e-05,172.217.194.0-255,2902,4668,42,114694
18885,5e-05,172.31.46.0-255,66,4734,42,114694
18886,5.7e-05,172.217.194.0-255,5738,10472,42,114694
18887,6.1e-05,172.31.46.0-255,66,10538,42,114694
18888,9.5e-05,172.217.194.0-255,1484,12022,42,114694
18889,9.8e-05,172.31.46.0-255,66,12088,42,114694
18890,0.000115,172.31.46.0-255,66,12154,42,114694
18891,0.000119,172.217.194.0-255,2543,14697,42,114694
18892,0.000122,172.31.46.0-255,66,14763,42,114694
18893,0.000147,172.217.194.0-255,2902,17665,42,114694
18894,0.000149,172.31.46.0-255,66,17731,42,114694
18895,0.000177,172.217.194.0-255,7156,24887,42,114694
18896,0.000179,172.31.46.0-255,66,24953,42,114694
18897,0.000182,172.217.194.0-255,1484,26437,42,114694
18898,0.000184,172.31.46.0-255,66,26503,42,114694
18899,0.000209,172.31.46.0-255,66,26569,42,114694
18900,0.000247,172.31.46.0-255,66,26635,42,114694
18901,0.000318,172.217.194.0-255,98,26733,42,114694
18902,0.000322,172.31.46.0-255,66,26799,42,114694
18903,0.001011,172.217.194.0-255,365,27164,42,114694
18904,0.001016,172.31.46.0-255,66,27230,42,114694
18905,0.001282,172.217.194.0-255,1484,28714,42,114694
18906,0.001288,172.31.46.0-255,66,28780,42,114694
18907,0.001296,172.217.194.0-255,1484,30264,42,114694
18908,0.001299,172.31.46.0-255,66,30330,42,114694
18909,0.001316,172.217.194.0-255,1484,31814,42,114694
18910,0.001324,172.217.194.0-255,5738,37552,42,114694
18911,0.001327,172.31.46.0-255,66,37618,42,114694
18912,0.001333,172.217.194.0-255,4320,41938,42,114694
18913,0.001335,172.31.46.0-255,66,42004,42,114694
18914,0.001358,172.217.194.0-255,7156,49160,42,114694
18915,0.00136,172.31.46.0-255,66,49226,42,114694
18916,0.001374,172.31.46.0-255,66,49292,42,114694
18917,0.001919,172.217.194.0-255,1484,50776,42,114694
18918,0.001928,172.217.194.0-255,2902,53678,42,114694
18919,0.001933,172.31.46.0-255,66,53744,42,114694
18920,0.00194,172.217.194.0-255,5738,59482,42,114694
18921,0.001943,172.31.46.0-255,66,59548,42,114694
18922,0.001945,172.217.194.0-255,1484,61032,42,114694
18923,0.001999,172.31.46.0-255,66,61098,42,114694
18924,0.00201,172.31.46.0-255,66,61164,42,114694
18925,0.002293,172.217.194.0-255,1484,62648,42,114694
18926,0.002313,172.217.194.0-255,2902,65550,42,114694
18927,0.002318,172.31.46.0-255,66,65616,42,114694
18928,0.002324,172.217.194.0-255,4320,69936,42,114694
18929,0.002327,172.31.46.0-255,66,70002,42,114694
18930,0.002339,172.217.194.0-255,1484,71486,42,114694
18931,0.002353,172.31.46.0-255,66,71552,42,114694
18932,0.002364,172.31.46.0-255,66,71618,42,114694
18933,0.002377,172.217.194.0-255,1484,73102,42,114694
18934,0.00238,172.217.194.0-255,766,73868,42,114694
18935,0.002382,172.31.46.0-255,66,73934,42,114694
18936,0.004687,172.217.194.0-255,5738,79672,42,114694
18937,0.004695,172.31.46.0-255,66,79738,42,114694
18938,0.006984,172.217.194.0-255,2902,82640,42,114694
18939,0.00699,172.31.46.0-255,66,82706,42,114694
18940,0.007008,172.217.194.0-255,2902,85608,42,114694
18941,0.007011,172.31.46.0-255,66,85674,42,114694
18942,0.009354,172.217.194.0-255,5738,91412,42,114694
18943,0.009366,172.31.46.0-255,66,91478,42,114694
18944,0.011717,172.217.194.0-255,5738,97216,42,114694
18945,0.011726,172.31.46.0-255,66,97282,42,114694
18946,0.014021,172.217.194.0-255,5738,103020,42,114694
18947,0.014029,172.31.46.0-255,66,103086,42,114694
18948,0.016354,172.217.194.0-255,5738,108824,42,114694
18949,0.016364,172.31.46.0-255,66,108890,42,114694
18950,0.018665,172.217.194.0-255,5738,114628,42,114694
18951,0.018673,172.31.46.0-255,66,114694,42,114694
18952,0.0,74.125.130.0-255,156,156,42,249726
18953,1.3e-05,172.31.46.0-255,66,222,42,249726
18954,1.9e-05,74.125.130.0-255,1484,1706,42,249726
18955,2.3e-05,172.31.46.0-255,66,1772,42,249726
18956,2.9e-05,74.125.130.0-255,2902,4674,42,249726
18957,3.3e-05,172.31.46.0-255,66,4740,42,249726
18958,5.9e-05,74.125.130.0-255,7156,11896,42,249726
18959,6.2e-05,172.31.46.0-255,66,11962,42,249726
18960,6.7e-05,74.125.130.0-255,1976,13938,42,249726
18961,6.9e-05,172.31.46.0-255,66,14004,42,249726
18962,0.000137,74.125.130.0-255,1484,15488,42,249726
18963,0.00014,172.31.46.0-255,66,15554,42,249726
18964,0.000146,74.125.130.0-255,2902,18456,42,249726
18965,0.000148,172.31.46.0-255,66,18522,42,249726
18966,0.000152,74.125.130.0-255,1484,20006,42,249726
18967,0.000154,172.31.46.0-255,66,20072,42,249726
18968,0.00017,74.125.130.0-255,4320,24392,42,249726
18969,0.000172,172.31.46.0-255,66,24458,42,249726
18970,0.00018,74.125.130.0-255,5738,30196,42,249726
18971,0.000182,172.31.46.0-255,66,30262,42,249726
18972,0.000216,74.125.130.0-255,1125,31387,42,249726
18973,0.000219,172.31.46.0-255,66,31453,42,249726
18974,0.000276,74.125.130.0-255,1484,32937,42,249726
18975,0.00028,172.31.46.0-255,66,33003,42,249726
18976,0.000284,74.125.130.0-255,1484,34487,42,249726
18977,0.000287,172.31.46.0-255,66,34553,42,249726
18978,0.00031,74.125.130.0-255,1484,36037,42,249726
18979,0.000312,172.31.46.0-255,66,36103,42,249726
18980,0.000319,74.125.130.0-255,5738,41841,42,249726
18981,0.000321,172.31.46.0-255,66,41907,42,249726
18982,0.000326,74.125.130.0-255,2902,44809,42,249726
18983,0.000328,172.31.46.0-255,66,44875,42,249726
18984,0.000353,74.125.130.0-255,3961,48836,42,249726
18985,0.000396,74.125.130.0-255,1484,50320,42,249726
18986,0.000429,74.125.130.0-255,1484,51804,42,249726
18987,0.000441,74.125.130.0-255,1484,53288,42,249726
18988,0.000448,74.125.130.0-255,5738,59026,42,249726
18989,0.000453,74.125.130.0-255,4320,63346,42,249726
18990,0.000481,74.125.130.0-255,2870,66216,42,249726
18991,0.000536,172.31.46.0-255,66,66282,42,249726
18992,0.000551,74.125.130.0-255,1484,67766,42,249726
18993,0.000564,74.125.130.0-255,2902,70668,42,249726
18994,0.000588,172.31.46.0-255,66,70734,42,249726
18995,0.000595,74.125.130.0-255,5738,76472,42,249726
18996,0.0006,74.125.130.0-255,4320,80792,42,249726
18997,0.000607,172.31.46.0-255,66,80858,42,249726
18998,0.000636,74.125.130.0-255,2859,83717,42,249726
18999,0.000655,74.125.130.0-255,2902,86619,42,249726
19000,0.000658,172.31.46.0-255,66,86685,42,249726
19001,0.000663,172.31.46.0-255,66,86751,42,249726
19002,0.000673,74.125.130.0-255,4320,91071,42,249726
19003,0.00069,74.125.130.0-255,2902,93973,42,249726
19004,0.000696,74.125.130.0-255,4320,98293,42,249726
19005,0.000717,172.31.46.0-255,66,98359,42,249726
19006,0.000738,74.125.130.0-255,2543,100902,42,249726
19007,0.000752,172.31.46.0-255,66,100968,42,249726
19008,0.000887,74.125.130.0-255,1484,102452,42,249726
19009,0.000893,74.125.130.0-255,2902,105354,42,249726
19010,0.000909,172.31.46.0-255,66,105420,42,249726
19011,0.000916,74.125.130.0-255,5738,111158,42,249726
19012,0.000927,172.31.46.0-255,66,111224,42,249726
19013,0.001,74.125.130.0-255,2184,113408,42,249726
19014,0.001009,172.31.46.0-255,66,113474,42,249726
19015,0.001571,74.125.130.0-255,1484,114958,42,249726
19016,0.001586,74.125.130.0-255,2902,117860,42,249726
19017,0.00159,172.31.46.0-255,66,117926,42,249726
19018,0.001616,74.125.130.0-255,5738,123664,42,249726
19019,0.00162,74.125.130.0-255,2902,126566,42,249726
19020,0.001625,172.31.46.0-255,66,126632,42,249726
19021,0.001644,74.125.130.0-255,4320,130952,42,249726
19022,0.001649,74.125.130.0-255,4320,135272,42,249726
19023,0.001665,74.125.130.0-255,4320,139592,42,249726
19024,0.001669,74.125.130.0-255,2902,142494,42,249726
19025,0.001672,74.125.130.0-255,1484,143978,42,249726
19026,0.001678,172.31.46.0-255,66,144044,42,249726
19027,0.001688,74.125.130.0-255,2902,146946,42,249726
19028,0.001693,172.31.46.0-255,66,147012,42,249726
19029,0.001701,74.125.130.0-255,766,147778,42,249726
19030,0.001749,74.125.130.0-255,1484,149262,42,249726
19031,0.001765,74.125.130.0-255,4320,153582,42,249726
19032,0.001769,74.125.130.0-255,1484,155066,42,249726
19033,0.001783,74.125.130.0-255,4320,159386,42,249726
19034,0.001792,172.31.46.0-255,66,159452,42,249726
19035,0.001804,74.125.130.0-255,5738,165190,42,249726
19036,0.001808,172.31.46.0-255,66,165256,42,249726
19037,0.001828,74.125.130.0-255,5738,170994,42,249726
19038,0.001846,172.31.46.0-255,66,171060,42,249726
19039,0.001864,74.125.130.0-255,2184,173244,42,249726
19040,0.001876,172.31.46.0-255,66,173310,42,249726
19041,0.001905,74.125.130.0-255,2902,176212,42,249726
19042,0.00191,74.125.130.0-255,2902,179114,42,249726
19043,0.001919,172.31.46.0-255,66,179180,42,249726
19044,0.00193,74.125.130.0-255,4320,183500,42,249726
19045,0.001936,74.125.130.0-255,4320,187820,42,249726
19046,0.00196,74.125.130.0-255,4320,192140,42,249726
19047,0.001964,172.31.46.0-255,66,192206,42,249726
19048,0.001973,74.125.130.0-255,4320,196526,42,249726
19049,0.001978,172.31.46.0-255,66,196592,42,249726
19050,0.002052,172.31.46.0-255,66,196658,42,249726
19051,0.002125,74.125.130.0-255,1484,198142,42,249726
19052,0.00214,74.125.130.0-255,2902,201044,42,249726
19053,0.002144,74.125.130.0-255,2902,203946,42,249726
19054,0.00215,172.31.46.0-255,66,204012,42,249726
19055,0.002166,74.125.130.0-255,2902,206914,42,249726
19056,0.002187,74.125.130.0-255,4320,211234,42,249726
19057,0.002207,74.125.130.0-255,4320,215554,42,249726
19058,0.002221,74.125.130.0-255,2902,218456,42,249726
19059,0.002247,74.125.130.0-255,2184,220640,42,249726
19060,0.006567,172.31.46.0-255,66,220706,42,249726
19061,0.008807,74.125.130.0-255,5738,226444,42,249726
19062,0.008814,172.31.46.0-255,66,226510,42,249726
19063,0.011047,74.125.130.0-255,5738,232248,42,249726
19064,0.011054,172.31.46.0-255,66,232314,42,249726
19065,0.013293,74.125.130.0-255,5738,238052,42,249726
19066,0.013303,172.31.46.0-255,66,238118,42,249726
19067,0.015544,74.125.130.0-255,5738,243856,42,249726
19068,0.015552,172.31.46.0-255,66,243922,42,249726
19069,0.017805,74.125.130.0-255,5738,249660,42,249726
19070,0.017815,172.31.46.0-255,66,249726,42,249726
19071,0.0,74.125.24.0-255,153,153,42,157824
19072,2.2e-05,172.31.46.0-255,66,219,42,157824
19073,3e-05,74.125.24.0-255,1484,1703,42,157824
19074,3.5e-05,172.31.46.0-255,66,1769,42,157824
19075,4.7e-05,74.125.24.0-255,2902,4671,42,157824
19076,5.1e-05,172.31.46.0-255,66,4737,42,157824
19077,5.6e-05,74.125.24.0-255,2902,7639,42,157824
19078,5.8e-05,172.31.46.0-255,66,7705,42,157824
19079,9.4e-05,74.125.24.0-255,6383,14088,42,157824
19080,9.8e-05,172.31.46.0-255,66,14154,42,157824
19081,0.000124,74.125.24.0-255,5738,19892,42,157824
19082,0.000127,172.31.46.0-255,66,19958,42,157824
19083,0.000156,74.125.24.0-255,1484,21442,42,157824
19084,0.000158,172.31.46.0-255,66,21508,42,157824
19085,0.000163,74.125.24.0-255,2902,24410,42,157824
19086,0.000166,172.31.46.0-255,66,24476,42,157824
19087,0.000171,74.125.24.0-255,4320,28796,42,157824
19088,0.000173,172.31.46.0-255,66,28862,42,157824
19089,0.000177,74.125.24.0-255,2543,31405,42,157824
19090,0.00018,172.31.46.0-255,66,31471,42,157824
19091,0.000268,74.125.24.0-255,1484,32955,42,157824
19092,0.000272,172.31.46.0-255,66,33021,42,157824
19093,0.000305,74.125.24.0-255,2902,35923,42,157824
19094,0.000309,172.31.46.0-255,66,35989,42,157824
19095,0.000315,74.125.24.0-255,5738,41727,42,157824
19096,0.000318,172.31.46.0-255,66,41793,42,157824
19097,0.000354,172.31.46.0-255,66,41859,42,157824
19098,0.000361,74.125.24.0-255,7156,49015,42,157824
19099,0.000363,172.31.46.0-255,66,49081,42,157824
19100,0.000388,74.125.24.0-255,4320,53401,42,157824
19101,0.00039,172.31.46.0-255,66,53467,42,157824
19102,0.000393,74.125.24.0-255,1424,54891,42,157824
19103,0.000397,74.125.24.0-255,125,55016,42,157824
19104,0.000824,74.125.24.0-255,350,55366,42,157824
19105,0.000832,172.31.46.0-255,66,55432,42,157824
19106,0.000897,74.125.24.0-255,1484,56916,42,157824
19107,0.000904,74.125.24.0-255,2902,59818,42,157824
19108,0.000907,172.31.46.0-255,66,59884,42,157824
19109,0.000914,74.125.24.0-255,5738,65622,42,157824
19110,0.000944,172.31.46.0-255,66,65688,42,157824
19111,0.000955,74.125.24.0-255,4320,70008,42,157824
19112,0.000964,172.31.46.0-255,66,70074,42,157824
19113,0.000975,74.125.24.0-255,1994,72068,42,157824
19114,0.000994,172.31.46.0-255,66,72134,42,157824
19115,0.001447,74.125.24.0-255,1484,73618,42,157824
19116,0.001457,74.125.24.0-255,2902,76520,42,157824
19117,0.001462,172.31.46.0-255,66,76586,42,157824
19118,0.001471,74.125.24.0-255,5738,82324,42,157824
19119,0.001473,172.31.46.0-255,66,82390,42,157824
19120,0.001481,74.125.24.0-255,1484,83874,42,157824
19121,0.001508,172.31.46.0-255,66,83940,42,157824
19122,0.001528,74.125.24.0-255,1484,85424,42,157824
19123,0.001535,74.125.24.0-255,5738,91162,42,157824
19124,0.001559,74.125.24.0-255,5020,96182,42,157824
19125,0.001822,74.125.24.0-255,1484,97666,42,157824
19126,0.00183,74.125.24.0-255,2902,100568,42,157824
19127,0.001846,74.125.24.0-255,5738,106306,42,157824
19128,0.001865,74.125.24.0-255,7156,113462,42,157824
19129,0.001881,74.125.24.0-255,1484,114946,42,157824
19130,0.001923,74.125.24.0-255,2184,117130,42,157824
19131,0.001959,172.31.46.0-255,66,117196,42,157824
19132,0.004191,74.125.24.0-255,5738,122934,42,157824
19133,0.004199,172.31.46.0-255,66,123000,42,157824
19134,0.006521,74.125.24.0-255,5738,128738,42,157824
19135,0.006527,172.31.46.0-255,66,128804,42,157824
19136,0.008803,74.125.24.0-255,5738,134542,42,157824
19137,0.008812,172.31.46.0-255,66,134608,42,157824
19138,0.011059,74.125.24.0-255,5738,140346,42,157824
19139,0.011072,172.31.46.0-255,66,140412,42,157824
19140,0.013325,74.125.24.0-255,5738,146150,42,157824
19141,0.013339,172.31.46.0-255,66,146216,42,157824
19142,0.015615,74.125.24.0-255,5738,151954,42,157824
19143,0.015625,172.31.46.0-255,66,152020,42,157824
19144,0.017881,74.125.24.0-255,5738,157758,42,157824
19145,0.017896,172.31.46.0-255,66,157824,42,157824
19146,0.0,74.125.24.0-255,153,153,42,172757
19147,2.2e-05,172.31.46.0-255,66,219,42,172757
19148,2.9e-05,74.125.24.0-255,1484,1703,42,172757
19149,3.4e-05,172.31.46.0-255,66,1769,42,172757
19150,3.9e-05,74.125.24.0-255,2902,4671,42,172757
19151,4.3e-05,172.31.46.0-255,66,4737,42,172757
19152,4.9e-05,74.125.24.0-255,7156,11893,42,172757
19153,5.2e-05,172.31.46.0-255,66,11959,42,172757
19154,5.6e-05,74.125.24.0-255,1960,13919,42,172757
19155,5.9e-05,172.31.46.0-255,66,13985,42,172757
19156,0.000102,74.125.24.0-255,4320,18305,42,172757
19157,0.000105,172.31.46.0-255,66,18371,42,172757
19158,0.000125,74.125.24.0-255,2902,21273,42,172757
19159,0.000127,172.31.46.0-255,66,21339,42,172757
19160,0.000136,172.31.46.0-255,66,21405,42,172757
19161,0.000163,74.125.24.0-255,1125,22530,42,172757
19162,0.000165,172.31.46.0-255,66,22596,42,172757
19163,0.000272,74.125.24.0-255,1484,24080,42,172757
19164,0.000277,172.31.46.0-255,66,24146,42,172757
19165,0.00028,74.125.24.0-255,1484,25630,42,172757
19166,0.000282,172.31.46.0-255,66,25696,42,172757
19167,0.000299,74.125.24.0-255,1484,27180,42,172757
19168,0.000301,172.31.46.0-255,66,27246,42,172757
19169,0.000307,74.125.24.0-255,5738,32984,42,172757
19170,0.000309,172.31.46.0-255,66,33050,42,172757
19171,0.000314,74.125.24.0-255,4320,37370,42,172757
19172,0.000316,172.31.46.0-255,66,37436,42,172757
19173,0.000353,172.31.46.0-255,66,37502,42,172757
19174,0.00036,74.125.24.0-255,7108,44610,42,172757
19175,0.000362,172.31.46.0-255,66,44676,42,172757
19176,0.000381,74.125.24.0-255,109,44785,42,172757
19177,0.000532,74.125.24.0-255,334,45119,42,172757
19178,0.000853,74.125.24.0-255,1484,46603,42,172757
19179,0.000857,172.31.46.0-255,66,46669,42,172757
19180,0.000862,74.125.24.0-255,2902,49571,42,172757
19181,0.000864,172.31.46.0-255,66,49637,42,172757
19182,0.000867,74.125.24.0-255,1484,51121,42,172757
19183,0.000889,74.125.24.0-255,4320,55441,42,172757
19184,0.000892,172.31.46.0-255,66,55507,42,172757
19185,0.000897,74.125.24.0-255,5738,61245,42,172757
19186,0.000899,172.31.46.0-255,66,61311,42,172757
19187,0.000917,74.125.24.0-255,7156,68467,42,172757
19188,0.000919,172.31.46.0-255,66,68533,42,172757
19189,0.000925,74.125.24.0-255,5738,74271,42,172757
19190,0.000926,172.31.46.0-255,66,74337,42,172757
19191,0.000963,74.125.24.0-255,5020,79357,42,172757
19192,0.000965,172.31.46.0-255,66,79423,42,172757
19193,0.001224,74.125.24.0-255,1484,80907,42,172757
19194,0.00123,74.125.24.0-255,2902,83809,42,172757
19195,0.001232,172.31.46.0-255,66,83875,42,172757
19196,0.001237,74.125.24.0-255,2902,86777,42,172757
19197,0.001239,172.31.46.0-255,66,86843,42,172757
19198,0.001253,74.125.24.0-255,2902,89745,42,172757
19199,0.001255,172.31.46.0-255,66,89811,42,172757
19200,0.001269,74.125.24.0-255,5738,95549,42,172757
19201,0.001271,172.31.46.0-255,66,95615,42,172757
19202,0.001296,74.125.24.0-255,7156,102771,42,172757
19203,0.001298,172.31.46.0-255,66,102837,42,172757
19204,0.001316,74.125.24.0-255,2902,105739,42,172757
19205,0.001318,172.31.46.0-255,66,105805,42,172757
19206,0.001344,172.31.46.0-255,66,105871,42,172757
19207,0.002051,74.125.24.0-255,1484,107355,42,172757
19208,0.002061,74.125.24.0-255,2902,110257,42,172757
19209,0.002064,172.31.46.0-255,66,110323,42,172757
19210,0.00207,74.125.24.0-255,2902,113225,42,172757
19211,0.002072,172.31.46.0-255,66,113291,42,172757
19212,0.002087,74.125.24.0-255,2902,116193,42,172757
19213,0.002089,172.31.46.0-255,66,116259,42,172757
19214,0.002131,172.31.46.0-255,66,116325,42,172757
19215,0.00214,172.31.46.0-255,66,116391,42,172757
19216,0.002183,74.125.24.0-255,2184,118575,42,172757
19217,0.002185,172.31.46.0-255,66,118641,42,172757
19218,0.002201,74.125.24.0-255,2902,121543,42,172757
19219,0.002203,172.31.46.0-255,66,121609,42,172757
19220,0.002207,74.125.24.0-255,2902,124511,42,172757
19221,0.002209,172.31.46.0-255,66,124577,42,172757
19222,0.002236,74.125.24.0-255,4320,128897,42,172757
19223,0.002239,172.31.46.0-255,66,128963,42,172757
19224,0.002249,172.31.46.0-255,66,129029,42,172757
19225,0.002277,74.125.24.0-255,2902,131931,42,172757
19226,0.00228,172.31.46.0-255,66,131997,42,172757
19227,0.002306,172.31.46.0-255,66,132063,42,172757
19228,0.004588,74.125.24.0-255,1484,133547,42,172757
19229,0.004604,74.125.24.0-255,4320,137867,42,172757
19230,0.004607,172.31.46.0-255,66,137933,42,172757
19231,0.006894,74.125.24.0-255,5738,143671,42,172757
19232,0.006901,172.31.46.0-255,66,143737,42,172757
19233,0.009213,74.125.24.0-255,5738,149475,42,172757
19234,0.009221,172.31.46.0-255,66,149541,42,172757
19235,0.011503,74.125.24.0-255,5738,155279,42,172757
19236,0.011511,172.31.46.0-255,66,155345,42,172757
19237,0.013796,74.125.24.0-255,5738,161083,42,172757
19238,0.013804,172.31.46.0-255,66,161149,42,172757
19239,0.016136,74.125.24.0-255,5738,166887,42,172757
19240,0.016148,172.31.46.0-255,66,166953,42,172757
19241,0.018454,74.125.24.0-255,5738,172691,42,172757
19242,0.018461,172.31.46.0-255,66,172757,42,172757
19243,0.0,172.253.118.0-255,152,152,42,114667
19244,2.3e-05,172.31.46.0-255,66,218,42,114667
19245,3e-05,172.253.118.0-255,1484,1702,42,114667
19246,3.5e-05,172.31.46.0-255,66,1768,42,114667
19247,4.1e-05,172.253.118.0-255,2902,4670,42,114667
19248,5.2e-05,172.31.46.0-255,66,4736,42,114667
19249,6e-05,172.253.118.0-255,7156,11892,42,114667
19250,6.4e-05,172.31.46.0-255,66,11958,42,114667
19251,9.9e-05,172.253.118.0-255,2089,14047,42,114667
19252,0.000103,172.31.46.0-255,66,14113,42,114667
19253,0.000161,172.253.118.0-255,1484,15597,42,114667
19254,0.000163,172.31.46.0-255,66,15663,42,114667
19255,0.000168,172.253.118.0-255,1484,17147,42,114667
19256,0.000171,172.31.46.0-255,66,17213,42,114667
19257,0.000201,172.253.118.0-255,1484,18697,42,114667
19258,0.000204,172.31.46.0-255,66,18763,42,114667
19259,0.000212,172.253.118.0-255,5738,24501,42,114667
19260,0.000214,172.31.46.0-255,66,24567,42,114667
19261,0.00024,172.253.118.0-255,5738,30305,42,114667
19262,0.000242,172.31.46.0-255,66,30371,42,114667
19263,0.00028,172.31.46.0-255,66,30437,42,114667
19264,0.000311,172.31.46.0-255,66,30503,42,114667
19265,0.000337,172.253.118.0-255,7156,37659,42,114667
19266,0.00034,172.31.46.0-255,66,37725,42,114667
19267,0.000369,172.253.118.0-255,2902,40627,42,114667
19268,0.000371,172.31.46.0-255,66,40693,42,114667
19269,0.000378,172.253.118.0-255,5738,46431,42,114667
19270,0.00038,172.31.46.0-255,66,46497,42,114667
19271,0.000399,172.253.118.0-255,1425,47922,42,114667
19272,0.000401,172.31.46.0-255,66,47988,42,114667
19273,0.000462,172.253.118.0-255,131,48119,42,114667
19274,0.001155,172.31.46.0-255,66,48185,42,114667
19275,0.001183,172.253.118.0-255,343,48528,42,114667
19276,0.001237,172.31.46.0-255,66,48594,42,114667
19277,0.001498,172.253.118.0-255,1484,50078,42,114667
19278,0.001509,172.253.118.0-255,2902,52980,42,114667
19279,0.001513,172.31.46.0-255,66,53046,42,114667
19280,0.001521,172.253.118.0-255,5738,58784,42,114667
19281,0.001523,172.31.46.0-255,66,58850,42,114667
19282,0.001535,172.253.118.0-255,4320,63170,42,114667
19283,0.001537,172.31.46.0-255,66,63236,42,114667
19284,0.001549,172.31.46.0-255,66,63302,42,114667
19285,0.001595,172.31.46.0-255,66,63368,42,114667
19286,0.001643,172.253.118.0-255,5738,69106,42,114667
19287,0.001646,172.31.46.0-255,66,69172,42,114667
19288,0.001649,172.253.118.0-255,1484,70656,42,114667
19289,0.00168,172.253.118.0-255,5738,76394,42,114667
19290,0.001683,172.31.46.0-255,66,76460,42,114667
19291,0.001733,172.31.46.0-255,66,76526,42,114667
19292,0.001772,172.31.46.0-255,66,76592,42,114667
19293,0.001775,172.253.118.0-255,217,76809,42,114667
19294,0.004124,172.253.118.0-255,4320,81129,42,114667
19295,0.004132,172.31.46.0-255,66,81195,42,114667
19296,0.006484,172.253.118.0-255,4320,85515,42,114667
19297,0.006488,172.31.46.0-255,66,85581,42,114667
19298,0.006505,172.253.118.0-255,1484,87065,42,114667
19299,0.008838,172.253.118.0-255,4320,91385,42,114667
19300,0.008846,172.31.46.0-255,66,91451,42,114667
19301,0.011226,172.253.118.0-255,5738,97189,42,114667
19302,0.011233,172.31.46.0-255,66,97255,42,114667
19303,0.01363,172.253.118.0-255,5738,102993,42,114667
19304,0.013641,172.31.46.0-255,66,103059,42,114667
19305,0.015981,172.253.118.0-255,5738,108797,42,114667
19306,0.015989,172.31.46.0-255,66,108863,42,114667
19307,0.018331,172.253.118.0-255,5738,114601,42,114667
19308,0.018338,172.31.46.0-255,66,114667,42,114667
19309,0.0,74.125.24.0-255,153,153,42,125295
19310,2.5e-05,172.31.46.0-255,66,219,42,125295
19311,3.2e-05,74.125.24.0-255,1484,1703,42,125295
19312,3.6e-05,172.31.46.0-255,66,1769,42,125295
19313,4.3e-05,74.125.24.0-255,2902,4671,42,125295
19314,4.7e-05,172.31.46.0-255,66,4737,42,125295
19315,5.5e-05,74.125.24.0-255,7156,11893,42,125295
19316,5.8e-05,172.31.46.0-255,66,11959,42,125295
19317,6.2e-05,74.125.24.0-255,2073,14032,42,125295
19318,6.5e-05,172.31.46.0-255,66,14098,42,125295
19319,0.000252,74.125.24.0-255,1484,15582,42,125295
19320,0.000257,172.31.46.0-255,66,15648,42,125295
19321,0.000263,74.125.24.0-255,2902,18550,42,125295
19322,0.000266,172.31.46.0-255,66,18616,42,125295
19323,0.000283,74.125.24.0-255,1484,20100,42,125295
19324,0.000286,172.31.46.0-255,66,20166,42,125295
19325,0.00031,74.125.24.0-255,4320,24486,42,125295
19326,0.000313,172.31.46.0-255,66,24552,42,125295
19327,0.000336,74.125.24.0-255,2902,27454,42,125295
19328,0.000338,172.31.46.0-255,66,27520,42,125295
19329,0.000344,74.125.24.0-255,3961,31481,42,125295
19330,0.000346,172.31.46.0-255,66,31547,42,125295
19331,0.000436,74.125.24.0-255,1484,33031,42,125295
19332,0.000439,172.31.46.0-255,66,33097,42,125295
19333,0.000447,74.125.24.0-255,2902,35999,42,125295
19334,0.000449,172.31.46.0-255,66,36065,42,125295
19335,0.000468,74.125.24.0-255,5738,41803,42,125295
19336,0.000471,172.31.46.0-255,66,41869,42,125295
19337,0.000474,74.125.24.0-255,1484,43353,42,125295
19338,0.000476,172.31.46.0-255,66,43419,42,125295
19339,0.000502,74.125.24.0-255,7156,50575,42,125295
19340,0.000505,172.31.46.0-255,66,50641,42,125295
19341,0.000531,74.125.24.0-255,2543,53184,42,125295
19342,0.000534,172.31.46.0-255,66,53250,42,125295
19343,0.000548,172.31.46.0-255,66,53316,42,125295
19344,0.000551,74.125.24.0-255,401,53717,42,125295
19345,0.000577,74.125.24.0-255,109,53826,42,125295
19346,0.000606,74.125.24.0-255,329,54155,42,125295
19347,0.00094,74.125.24.0-255,1484,55639,42,125295
19348,0.000945,172.31.46.0-255,66,55705,42,125295
19349,0.000951,74.125.24.0-255,2902,58607,42,125295
19350,0.000954,172.31.46.0-255,66,58673,42,125295
19351,0.00096,74.125.24.0-255,4320,62993,42,125295
19352,0.000962,172.31.46.0-255,66,63059,42,125295
19353,0.000986,74.125.24.0-255,1484,64543,42,125295
19354,0.000992,74.125.24.0-255,4320,68863,42,125295
19355,0.000995,172.31.46.0-255,66,68929,42,125295
19356,0.001009,74.125.24.0-255,2902,71831,42,125295
19357,0.001011,172.31.46.0-255,66,71897,42,125295
19358,0.001041,172.31.46.0-255,66,71963,42,125295
19359,0.001046,74.125.24.0-255,3602,75565,42,125295
19360,0.001048,172.31.46.0-255,66,75631,42,125295
19361,0.001565,74.125.24.0-255,1484,77115,42,125295
19362,0.001574,74.125.24.0-255,2902,80017,42,125295
19363,0.001578,172.31.46.0-255,66,80083,42,125295
19364,0.001586,74.125.24.0-255,5738,85821,42,125295
19365,0.001588,172.31.46.0-255,66,85887,42,125295
19366,0.001624,172.31.46.0-255,66,85953,42,125295
19367,0.001653,172.31.46.0-255,66,86019,42,125295
19368,0.004213,74.125.24.0-255,4320,90339,42,125295
19369,0.004221,172.31.46.0-255,66,90405,42,125295
19370,0.004239,74.125.24.0-255,1484,91889,42,125295
19371,0.006779,74.125.24.0-255,4320,96209,42,125295
19372,0.006783,172.31.46.0-255,66,96275,42,125295
19373,0.009345,74.125.24.0-255,5738,102013,42,125295
19374,0.009359,172.31.46.0-255,66,102079,42,125295
19375,0.011898,74.125.24.0-255,5738,107817,42,125295
19376,0.011908,172.31.46.0-255,66,107883,42,125295
19377,0.014446,74.125.24.0-255,5738,113621,42,125295
19378,0.01446,172.31.46.0-255,66,113687,42,125295
19379,0.017032,74.125.24.0-255,5738,119425,42,125295
19380,0.017043,172.31.46.0-255,66,119491,42,125295
19381,0.019572,74.125.24.0-255,5738,125229,42,125295
19382,0.019578,172.31.46.0-255,66,125295,42,125295
19383,0.0,74.125.24.0-255,150,150,42,165745
19384,2.4e-05,172.31.46.0-255,66,216,42,165745
19385,3.1e-05,74.125.24.0-255,1484,1700,42,165745
19386,3.6e-05,172.31.46.0-255,66,1766,42,165745
19387,4.1e-05,74.125.24.0-255,2902,4668,42,165745
19388,4.5e-05,172.31.46.0-255,66,4734,42,165745
19389,5.2e-05,74.125.24.0-255,7156,11890,42,165745
19390,5.6e-05,172.31.46.0-255,66,11956,42,165745
19391,9.1e-05,74.125.24.0-255,2091,14047,42,165745
19392,9.3e-05,172.31.46.0-255,66,14113,42,165745
19393,0.000163,74.125.24.0-255,1484,15597,42,165745
19394,0.000166,172.31.46.0-255,66,15663,42,165745
19395,0.00018,74.125.24.0-255,1484,17147,42,165745
19396,0.000184,172.31.46.0-255,66,17213,42,165745
19397,0.000199,74.125.24.0-255,1484,18697,42,165745
19398,0.000201,172.31.46.0-255,66,18763,42,165745
19399,0.000208,74.125.24.0-255,5738,24501,42,165745
19400,0.000211,172.31.46.0-255,66,24567,42,165745
19401,0.000218,74.125.24.0-255,6797,31364,42,165745
19402,0.000221,172.31.46.0-255,66,31430,42,165745
19403,0.000246,74.125.24.0-255,5738,37168,42,165745
19404,0.000249,172.31.46.0-255,66,37234,42,165745
19405,0.000276,172.31.46.0-255,66,37300,42,165745
19406,0.00028,74.125.24.0-255,2543,39843,42,165745
19407,0.000282,172.31.46.0-255,66,39909,42,165745
19408,0.000317,74.125.24.0-255,4320,44229,42,165745
19409,0.000321,172.31.46.0-255,66,44295,42,165745
19410,0.000343,74.125.24.0-255,2902,47197,42,165745
19411,0.000345,172.31.46.0-255,66,47263,42,165745
19412,0.000356,172.31.46.0-255,66,47329,42,165745
19413,0.000359,74.125.24.0-255,1125,48454,42,165745
19414,0.000388,74.125.24.0-255,396,48850,42,165745
19415,0.000702,74.125.24.0-255,346,49196,42,165745
19416,0.000707,172.31.46.0-255,66,49262,42,165745
19417,0.000924,74.125.24.0-255,1484,50746,42,165745
19418,0.000929,74.125.24.0-255,2902,53648,42,165745
19419,0.000933,172.31.46.0-255,66,53714,42,165745
19420,0.000955,74.125.24.0-255,1484,55198,42,165745
19421,0.000977,74.125.24.0-255,4320,59518,42,165745
19422,0.00098,172.31.46.0-255,66,59584,42,165745
19423,0.000993,172.31.46.0-255,66,59650,42,165745
19424,0.00102,74.125.24.0-255,1484,61134,42,165745
19425,0.001037,74.125.24.0-255,5738,66872,42,165745
19426,0.001039,172.31.46.0-255,66,66938,42,165745
19427,0.001054,74.125.24.0-255,3961,70899,42,165745
19428,0.001057,172.31.46.0-255,66,70965,42,165745
19429,0.00126,74.125.24.0-255,1484,72449,42,165745
19430,0.001265,74.125.24.0-255,1484,73933,42,165745
19431,0.001271,172.31.46.0-255,66,73999,42,165745
19432,0.001282,74.125.24.0-255,1484,75483,42,165745
19433,0.001295,74.125.24.0-255,2902,78385,42,165745
19434,0.001298,172.31.46.0-255,66,78451,42,165745
19435,0.001317,74.125.24.0-255,2902,81353,42,165745
19436,0.001321,74.125.24.0-255,4320,85673,42,165745
19437,0.001324,172.31.46.0-255,66,85739,42,165745
19438,0.001332,172.31.46.0-255,66,85805,42,165745
19439,0.001342,172.31.46.0-255,66,85871,42,165745
19440,0.001383,172.31.46.0-255,66,85937,42,165745
19441,0.001385,74.125.24.0-255,766,86703,42,165745
19442,0.001569,74.125.24.0-255,1484,88187,42,165745
19443,0.001573,172.31.46.0-255,66,88253,42,165745
19444,0.001578,74.125.24.0-255,2902,91155,42,165745
19445,0.00158,172.31.46.0-255,66,91221,42,165745
19446,0.0016,74.125.24.0-255,5738,96959,42,165745
19447,0.001602,172.31.46.0-255,66,97025,42,165745
19448,0.001607,74.125.24.0-255,2902,99927,42,165745
19449,0.001609,172.31.46.0-255,66,99993,42,165745
19450,0.001637,74.125.24.0-255,4320,104313,42,165745
19451,0.00164,172.31.46.0-255,66,104379,42,165745
19452,0.001644,74.125.24.0-255,2902,107281,42,165745
19453,0.001646,172.31.46.0-255,66,107347,42,165745
19454,0.001673,172.31.46.0-255,66,107413,42,165745
19455,0.001678,74.125.24.0-255,2902,110315,42,165745
19456,0.00168,172.31.46.0-255,66,110381,42,165745
19457,0.001721,172.31.46.0-255,66,110447,42,165745
19458,0.001736,172.31.46.0-255,66,110513,42,165745
19459,0.001771,172.31.46.0-255,66,110579,42,165745
19460,0.002192,74.125.24.0-255,1484,112063,42,165745
19461,0.002199,74.125.24.0-255,2902,114965,42,165745
19462,0.002202,172.31.46.0-255,66,115031,42,165745
19463,0.002208,74.125.24.0-255,4320,119351,42,165745
19464,0.00221,172.31.46.0-255,66,119417,42,165745
19465,0.002222,74.125.24.0-255,1484,120901,42,165745
19466,0.002248,172.31.46.0-255,66,120967,42,165745
19467,0.002269,74.125.24.0-255,4320,125287,42,165745
19468,0.002272,172.31.46.0-255,66,125353,42,165745
19469,0.002279,74.125.24.0-255,5738,131091,42,165745
19470,0.002281,172.31.46.0-255,66,131157,42,165745
19471,0.002306,74.125.24.0-255,5020,136177,42,165745
19472,0.002308,172.31.46.0-255,66,136243,42,165745
19473,0.002679,74.125.24.0-255,1484,137727,42,165745
19474,0.002686,74.125.24.0-255,2902,140629,42,165745
19475,0.002689,172.31.46.0-255,66,140695,42,165745
19476,0.002711,74.125.24.0-255,5738,146433,42,165745
19477,0.002714,172.31.46.0-255,66,146499,42,165745
19478,0.002755,172.31.46.0-255,66,146565,42,165745
19479,0.002802,74.125.24.0-255,2902,149467,42,165745
19480,0.002805,172.31.46.0-255,66,149533,42,165745
19481,0.002833,172.31.46.0-255,66,149599,42,165745
19482,0.002849,172.31.46.0-255,66,149665,42,165745
19483,0.002867,172.31.46.0-255,66,149731,42,165745
19484,0.002897,172.31.46.0-255,66,149797,42,165745
19485,0.002916,172.31.46.0-255,66,149863,42,165745
19486,0.002933,172.31.46.0-255,66,149929,42,165745
19487,0.002949,74.125.24.0-255,1484,151413,42,165745
19488,0.002954,74.125.24.0-255,4320,155733,42,165745
19489,0.002957,172.31.46.0-255,66,155799,42,165745
19490,0.002993,74.125.24.0-255,7156,162955,42,165745
19491,0.002995,172.31.46.0-255,66,163021,42,165745
19492,0.003024,172.31.46.0-255,66,163087,42,165745
19493,0.003052,74.125.24.0-255,2184,165271,42,165745
19494,0.003055,172.31.46.0-255,66,165337,42,165745
19495,0.003065,172.31.46.0-255,66,165403,42,165745
19496,0.003068,74.125.24.0-255,105,165508,42,165745
19497,0.01167,172.31.46.0-255,66,165574,42,165745
19498,0.011713,172.31.46.0-255,105,165679,42,165745
19499,0.013993,74.125.24.0-255,66,165745,42,165745
19500,0.0,74.125.24.0-255,146,146,42,201096
19501,2.4e-05,172.31.46.0-255,66,212,42,201096
19502,3.1e-05,74.125.24.0-255,1484,1696,42,201096
19503,3.6e-05,172.31.46.0-255,66,1762,42,201096
19504,4.2e-05,74.125.24.0-255,2902,4664,42,201096
19505,4.6e-05,172.31.46.0-255,66,4730,42,201096
19506,5.4e-05,74.125.24.0-255,7156,11886,42,201096
19507,5.7e-05,172.31.46.0-255,66,11952,42,201096
19508,6.9e-05,172.31.46.0-255,66,12018,42,201096
19509,9.4e-05,172.31.46.0-255,66,12084,42,201096
19510,9.9e-05,74.125.24.0-255,2543,14627,42,201096
19511,0.000101,172.31.46.0-255,66,14693,42,201096
19512,0.000482,74.125.24.0-255,1484,16177,42,201096
19513,0.000487,172.31.46.0-255,66,16243,42,201096
19514,0.000494,74.125.24.0-255,2902,19145,42,201096
19515,0.000496,172.31.46.0-255,66,19211,42,201096
19516,0.000503,74.125.24.0-255,5738,24949,42,201096
19517,0.000506,172.31.46.0-255,66,25015,42,201096
19518,0.000539,74.125.24.0-255,2902,27917,42,201096
19519,0.000542,172.31.46.0-255,66,27983,42,201096
19520,0.000573,172.31.46.0-255,66,28049,42,201096
19521,0.000628,74.125.24.0-255,7156,35205,42,201096
19522,0.000632,172.31.46.0-255,66,35271,42,201096
19523,0.000648,74.125.24.0-255,3122,38393,42,201096
19524,0.00065,172.31.46.0-255,66,38459,42,201096
19525,0.000689,74.125.24.0-255,1484,39943,42,201096
19526,0.000692,172.31.46.0-255,66,40009,42,201096
19527,0.000697,74.125.24.0-255,2902,42911,42,201096
19528,0.0007,172.31.46.0-255,66,42977,42,201096
19529,0.000712,74.125.24.0-255,1484,44461,42,201096
19530,0.000727,74.125.24.0-255,2902,47363,42,201096
19531,0.00073,172.31.46.0-255,66,47429,42,201096
19532,0.000758,172.31.46.0-255,66,47495,42,201096
19533,0.000818,172.31.46.0-255,66,47561,42,201096
19534,0.000925,74.125.24.0-255,1484,49045,42,201096
19535,0.000965,74.125.24.0-255,2902,51947,42,201096
19536,0.000968,172.31.46.0-255,66,52013,42,201096
19537,0.000972,74.125.24.0-255,1484,53497,42,201096
19538,0.000992,74.125.24.0-255,4320,57817,42,201096
19539,0.000994,172.31.46.0-255,66,57883,42,201096
19540,0.000997,74.125.24.0-255,1484,59367,42,201096
19541,0.001016,74.125.24.0-255,4320,63687,42,201096
19542,0.001019,172.31.46.0-255,66,63753,42,201096
19543,0.001034,74.125.24.0-255,5738,69491,42,201096
19544,0.001038,172.31.46.0-255,66,69557,42,201096
19545,0.001059,74.125.24.0-255,7156,76713,42,201096
19546,0.001062,172.31.46.0-255,66,76779,42,201096
19547,0.001068,74.125.24.0-255,5020,81799,42,201096
19548,0.00107,172.31.46.0-255,66,81865,42,201096
19549,0.00121,74.125.24.0-255,1484,83349,42,201096
19550,0.001214,74.125.24.0-255,1484,84833,42,201096
19551,0.001217,172.31.46.0-255,66,84899,42,201096
19552,0.001228,74.125.24.0-255,1484,86383,42,201096
19553,0.001231,74.125.24.0-255,1484,87867,42,201096
19554,0.001234,172.31.46.0-255,66,87933,42,201096
19555,0.001261,74.125.24.0-255,4320,92253,42,201096
19556,0.001264,172.31.46.0-255,66,92319,42,201096
19557,0.001269,74.125.24.0-255,4320,96639,42,201096
19558,0.001272,172.31.46.0-255,66,96705,42,201096
19559,0.001283,172.31.46.0-255,66,96771,42,201096
19560,0.001304,74.125.24.0-255,2902,99673,42,201096
19561,0.001307,172.31.46.0-255,66,99739,42,201096
19562,0.001313,74.125.24.0-255,4320,104059,42,201096
19563,0.001315,172.31.46.0-255,66,104125,42,201096
19564,0.001328,74.125.24.0-255,3602,107727,42,201096
19565,0.00133,172.31.46.0-255,66,107793,42,201096
19566,0.00143,74.125.24.0-255,1484,109277,42,201096
19567,0.001438,74.125.24.0-255,2902,112179,42,201096
19568,0.001441,172.31.46.0-255,66,112245,42,201096
19569,0.001447,74.125.24.0-255,4320,116565,42,201096
19570,0.001449,172.31.46.0-255,66,116631,42,201096
19571,0.001461,74.125.24.0-255,1484,118115,42,201096
19572,0.001468,74.125.24.0-255,7156,125271,42,201096
19573,0.00147,172.31.46.0-255,66,125337,42,201096
19574,0.001516,172.31.46.0-255,66,125403,42,201096
19575,0.001537,74.125.24.0-255,5738,131141,42,201096
19576,0.001539,172.31.46.0-255,66,131207,42,201096
19577,0.001543,74.125.24.0-255,2184,133391,42,201096
19578,0.001546,172.31.46.0-255,66,133457,42,201096
19579,0.001571,74.125.24.0-255,1484,134941,42,201096
19580,0.001593,74.125.24.0-255,2902,137843,42,201096
19581,0.001596,172.31.46.0-255,66,137909,42,201096
19582,0.001603,74.125.24.0-255,5738,143647,42,201096
19583,0.001605,172.31.46.0-255,66,143713,42,201096
19584,0.001643,172.31.46.0-255,66,143779,42,201096
19585,0.001663,74.125.24.0-255,2902,146681,42,201096
19586,0.001665,172.31.46.0-255,66,146747,42,201096
19587,0.0017,172.31.46.0-255,66,146813,42,201096
19588,0.001741,74.125.24.0-255,4320,151133,42,201096
19589,0.001743,172.31.46.0-255,66,151199,42,201096
19590,0.001769,172.31.46.0-255,66,151265,42,201096
19591,0.001782,172.31.46.0-255,66,151331,42,201096
19592,0.001795,172.31.46.0-255,66,151397,42,201096
19593,0.001808,172.31.46.0-255,66,151463,42,201096
19594,0.00186,74.125.24.0-255,2902,154365,42,201096
19595,0.001863,172.31.46.0-255,66,154431,42,201096
19596,0.001892,172.31.46.0-255,66,154497,42,201096
19597,0.003974,74.125.24.0-255,5738,160235,42,201096
19598,0.003986,172.31.46.0-255,66,160301,42,201096
19599,0.006087,74.125.24.0-255,5738,166039,42,201096
19600,0.006101,172.31.46.0-255,66,166105,42,201096
19601,0.006211,172.31.46.0-255,101,166206,42,201096
19602,0.008178,74.125.24.0-255,5738,171944,42,201096
19603,0.00819,172.31.46.0-255,66,172010,42,201096
19604,0.008219,74.125.24.0-255,66,172076,42,201096
19605,0.010296,74.125.24.0-255,5738,177814,42,201096
19606,0.010312,172.31.46.0-255,66,177880,42,201096
19607,0.012387,74.125.24.0-255,5738,183618,42,201096
19608,0.012402,172.31.46.0-255,66,183684,42,201096
19609,0.014493,74.125.24.0-255,5738,189422,42,201096
19610,0.014508,172.31.46.0-255,66,189488,42,201096
19611,0.016598,74.125.24.0-255,5738,195226,42,201096
19612,0.016617,172.31.46.0-255,66,195292,42,201096
19613,0.018686,74.125.24.0-255,5738,201030,42,201096
19614,0.018702,172.31.46.0-255,66,201096,42,201096
19615,0.0,74.125.68.0-255,297,297,42,265117
19616,3.1e-05,172.31.46.0-255,66,363,42,265117
19617,3.9e-05,74.125.68.0-255,1484,1847,42,265117
19618,4.3e-05,172.31.46.0-255,66,1913,42,265117
19619,5e-05,74.125.68.0-255,4320,6233,42,265117
19620,5.3e-05,172.31.46.0-255,66,6299,42,265117
19621,5.7e-05,74.125.68.0-255,2902,9201,42,265117
19622,6e-05,172.31.46.0-255,66,9267,42,265117
19623,6.7e-05,74.125.68.0-255,4320,13587,42,265117
19624,6.9e-05,172.31.46.0-255,66,13653,42,265117
19625,9.4e-05,74.125.68.0-255,5738,19391,42,265117
19626,9.7e-05,172.31.46.0-255,66,19457,42,265117
19627,0.000124,74.125.68.0-255,3304,22761,42,265117
19628,0.000127,172.31.46.0-255,66,22827,42,265117
19629,0.000151,172.31.46.0-255,66,22893,42,265117
19630,0.000182,74.125.68.0-255,1484,24377,42,265117
19631,0.000184,172.31.46.0-255,66,24443,42,265117
19632,0.000206,74.125.68.0-255,2902,27345,42,265117
19633,0.000208,172.31.46.0-255,66,27411,42,265117
19634,0.000211,74.125.68.0-255,1484,28895,42,265117
19635,0.000213,172.31.46.0-255,66,28961,42,265117
19636,0.000237,74.125.68.0-255,4320,33281,42,265117
19637,0.00024,172.31.46.0-255,66,33347,42,265117
19638,0.000245,74.125.68.0-255,4320,37667,42,265117
19639,0.000247,172.31.46.0-255,66,37733,42,265117
19640,0.000265,74.125.68.0-255,4320,42053,42,265117
19641,0.000267,172.31.46.0-255,66,42119,42,265117
19642,0.000281,172.31.46.0-255,66,42185,42,265117
19643,0.000283,74.125.68.0-255,1484,43669,42,265117
19644,0.000285,172.31.46.0-255,66,43735,42,265117
19645,0.000312,74.125.68.0-255,3602,47337,42,265117
19646,0.000314,172.31.46.0-255,66,47403,42,265117
19647,0.000317,74.125.68.0-255,426,47829,42,265117
19648,0.000498,74.125.68.0-255,1484,49313,42,265117
19649,0.000503,172.31.46.0-255,66,49379,42,265117
19650,0.000508,74.125.68.0-255,2902,52281,42,265117
19651,0.00051,172.31.46.0-255,66,52347,42,265117
19652,0.000534,74.125.68.0-255,5738,58085,42,265117
19653,0.000537,172.31.46.0-255,66,58151,42,265117
19654,0.000551,74.125.68.0-255,4320,62471,42,265117
19655,0.000553,172.31.46.0-255,66,62537,42,265117
19656,0.000559,74.125.68.0-255,5738,68275,42,265117
19657,0.000562,172.31.46.0-255,66,68341,42,265117
19658,0.000615,172.31.46.0-255,66,68407,42,265117
19659,0.000619,74.125.68.0-255,2184,70591,42,265117
19660,0.000621,172.31.46.0-255,66,70657,42,265117
19661,0.000858,74.125.68.0-255,1484,72141,42,265117
19662,0.000862,74.125.68.0-255,1484,73625,42,265117
19663,0.000875,172.31.46.0-255,66,73691,42,265117
19664,0.000879,74.125.68.0-255,1484,75175,42,265117
19665,0.000882,74.125.68.0-255,1484,76659,42,265117
19666,0.000884,172.31.46.0-255,66,76725,42,265117
19667,0.000907,74.125.68.0-255,4320,81045,42,265117
19668,0.00091,172.31.46.0-255,66,81111,42,265117
19669,0.000915,74.125.68.0-255,4320,85431,42,265117
19670,0.000917,172.31.46.0-255,66,85497,42,265117
19671,0.000923,74.125.68.0-255,5738,91235,42,265117
19672,0.000925,172.31.46.0-255,66,91301,42,265117
19673,0.000957,74.125.68.0-255,5738,97039,42,265117
19674,0.00096,172.31.46.0-255,66,97105,42,265117
19675,0.000979,74.125.68.0-255,4320,101425,42,265117
19676,0.000983,172.31.46.0-255,66,101491,42,265117
19677,0.001005,74.125.68.0-255,3602,105093,42,265117
19678,0.001008,172.31.46.0-255,66,105159,42,265117
19679,0.001051,74.125.68.0-255,4320,109479,42,265117
19680,0.001057,74.125.68.0-255,4320,113799,42,265117
19681,0.00106,172.31.46.0-255,66,113865,42,265117
19682,0.001068,172.31.46.0-255,66,113931,42,265117
19683,0.001071,74.125.68.0-255,1484,115415,42,265117
19684,0.001092,74.125.68.0-255,4320,119735,42,265117
19685,0.001095,172.31.46.0-255,66,119801,42,265117
19686,0.0011,74.125.68.0-255,5738,125539,42,265117
19687,0.001103,172.31.46.0-255,66,125605,42,265117
19688,0.001123,74.125.68.0-255,5738,131343,42,265117
19689,0.001126,172.31.46.0-255,66,131409,42,265117
19690,0.001131,74.125.68.0-255,4320,135729,42,265117
19691,0.001133,172.31.46.0-255,66,135795,42,265117
19692,0.001159,74.125.68.0-255,2902,138697,42,265117
19693,0.001162,172.31.46.0-255,66,138763,42,265117
19694,0.001178,74.125.68.0-255,766,139529,42,265117
19695,0.001288,74.125.68.0-255,1484,141013,42,265117
19696,0.001293,172.31.46.0-255,66,141079,42,265117
19697,0.001296,74.125.68.0-255,1484,142563,42,265117
19698,0.00131,74.125.68.0-255,1484,144047,42,265117
19699,0.001313,172.31.46.0-255,66,144113,42,265117
19700,0.001317,74.125.68.0-255,2902,147015,42,265117
19701,0.00132,172.31.46.0-255,66,147081,42,265117
19702,0.001323,74.125.68.0-255,1484,148565,42,265117
19703,0.001343,74.125.68.0-255,2902,151467,42,265117
19704,0.001346,172.31.46.0-255,66,151533,42,265117
19705,0.001367,74.125.68.0-255,4320,155853,42,265117
19706,0.00137,172.31.46.0-255,66,155919,42,265117
19707,0.001391,74.125.68.0-255,4320,160239,42,265117
19708,0.001394,172.31.46.0-255,66,160305,42,265117
19709,0.0014,74.125.68.0-255,5738,166043,42,265117
19710,0.001402,172.31.46.0-255,66,166109,42,265117
19711,0.001409,74.125.68.0-255,7156,173265,42,265117
19712,0.001411,172.31.46.0-255,66,173331,42,265117
19713,0.001414,74.125.68.0-255,766,174097,42,265117
19714,0.001538,74.125.68.0-255,1484,175581,42,265117
19715,0.001542,172.31.46.0-255,66,175647,42,265117
19716,0.001548,74.125.68.0-255,2902,178549,42,265117
19717,0.001551,172.31.46.0-255,66,178615,42,265117
19718,0.001576,74.125.68.0-255,5738,184353,42,265117
19719,0.001579,172.31.46.0-255,66,184419,42,265117
19720,0.001584,74.125.68.0-255,4320,188739,42,265117
19721,0.001586,172.31.46.0-255,66,188805,42,265117
19722,0.0016,74.125.68.0-255,2902,191707,42,265117
19723,0.001602,172.31.46.0-255,66,191773,42,265117
19724,0.001625,74.125.68.0-255,4320,196093,42,265117
19725,0.001627,172.31.46.0-255,66,196159,42,265117
19726,0.001656,172.31.46.0-255,66,196225,42,265117
19727,0.001698,74.125.68.0-255,3602,199827,42,265117
19728,0.0017,172.31.46.0-255,66,199893,42,265117
19729,0.001706,74.125.68.0-255,4320,204213,42,265117
19730,0.001708,172.31.46.0-255,66,204279,42,265117
19731,0.001732,74.125.68.0-255,4320,208599,42,265117
19732,0.001735,172.31.46.0-255,66,208665,42,265117
19733,0.001758,74.125.68.0-255,5738,214403,42,265117
19734,0.001761,172.31.46.0-255,66,214469,42,265117
19735,0.001774,172.31.46.0-255,66,214535,42,265117
19736,0.001784,172.31.46.0-255,66,214601,42,265117
19737,0.001842,172.31.46.0-255,66,214667,42,265117
19738,0.001847,74.125.68.0-255,4320,218987,42,265117
19739,0.001849,172.31.46.0-255,66,219053,42,265117
19740,0.001855,74.125.68.0-255,5738,224791,42,265117
19741,0.001857,172.31.46.0-255,66,224857,42,265117
19742,0.00186,74.125.68.0-255,1484,226341,42,265117
19743,0.001887,172.31.46.0-255,66,226407,42,265117
19744,0.001892,74.125.68.0-255,3602,230009,42,265117
19745,0.001894,172.31.46.0-255,66,230075,42,265117
19746,0.001947,172.31.46.0-255,66,230141,42,265117
19747,0.001966,74.125.68.0-255,4320,234461,42,265117
19748,0.001969,172.31.46.0-255,66,234527,42,265117
19749,0.001973,74.125.68.0-255,2902,237429,42,265117
19750,0.001976,172.31.46.0-255,66,237495,42,265117
19751,0.002012,172.31.46.0-255,66,237561,42,265117
19752,0.002016,74.125.68.0-255,3602,241163,42,265117
19753,0.002019,172.31.46.0-255,66,241229,42,265117
19754,0.002044,74.125.68.0-255,5738,246967,42,265117
19755,0.002047,172.31.46.0-255,66,247033,42,265117
19756,0.002066,74.125.68.0-255,7156,254189,42,265117
19757,0.002069,172.31.46.0-255,66,254255,42,265117
19758,0.002072,74.125.68.0-255,1484,255739,42,265117
19759,0.002112,172.31.46.0-255,66,255805,42,265117
19760,0.002117,74.125.68.0-255,4320,260125,42,265117
19761,0.002119,172.31.46.0-255,66,260191,42,265117
19762,0.002134,74.125.68.0-255,1484,261675,42,265117
19763,0.002145,74.125.68.0-255,2902,264577,42,265117
19764,0.002148,172.31.46.0-255,66,264643,42,265117
19765,0.002183,172.31.46.0-255,66,264709,42,265117
19766,0.002219,172.31.46.0-255,66,264775,42,265117
19767,0.002237,74.125.68.0-255,105,264880,42,265117
19768,0.004772,172.31.46.0-255,66,264946,42,265117
19769,0.004817,172.31.46.0-255,105,265051,42,265117
19770,0.007337,74.125.68.0-255,66,265117,42,265117
19771,0.0,172.217.194.0-255,297,297,42,220671
19772,2.6e-05,172.31.46.0-255,66,363,42,220671
19773,3.3e-05,172.217.194.0-255,1484,1847,42,220671
19774,5.6e-05,172.31.46.0-255,66,1913,42,220671
19775,6.3e-05,172.217.194.0-255,4320,6233,42,220671
19776,6.7e-05,172.31.46.0-255,66,6299,42,220671
19777,8.1e-05,172.31.46.0-255,66,6365,42,220671
19778,9.4e-05,172.31.46.0-255,66,6431,42,220671
19779,0.0001,172.217.194.0-255,5379,11810,42,220671
19780,0.000104,172.31.46.0-255,66,11876,42,220671
19781,0.000156,172.217.194.0-255,5738,17614,42,220671
19782,0.00016,172.31.46.0-255,66,17680,42,220671
19783,0.000173,172.31.46.0-255,66,17746,42,220671
19784,0.000231,172.217.194.0-255,1484,19230,42,220671
19785,0.000234,172.31.46.0-255,66,19296,42,220671
19786,0.000257,172.217.194.0-255,2902,22198,42,220671
19787,0.00026,172.31.46.0-255,66,22264,42,220671
19788,0.000262,172.217.194.0-255,1484,23748,42,220671
19789,0.000265,172.31.46.0-255,66,23814,42,220671
19790,0.000271,172.217.194.0-255,5738,29552,42,220671
19791,0.000273,172.31.46.0-255,66,29618,42,220671
19792,0.000307,172.217.194.0-255,5379,34997,42,220671
19793,0.00031,172.31.46.0-255,66,35063,42,220671
19794,0.000334,172.217.194.0-255,677,35740,42,220671
19795,0.000339,172.31.46.0-255,66,35806,42,220671
19796,0.00057,172.217.194.0-255,1484,37290,42,220671
19797,0.000575,172.31.46.0-255,66,37356,42,220671
19798,0.000582,172.217.194.0-255,2902,40258,42,220671
19799,0.000585,172.31.46.0-255,66,40324,42,220671
19800,0.000617,172.217.194.0-255,5738,46062,42,220671
19801,0.00062,172.31.46.0-255,66,46128,42,220671
19802,0.000625,172.217.194.0-255,4320,50448,42,220671
19803,0.000627,172.31.46.0-255,66,50514,42,220671
19804,0.00063,172.217.194.0-255,1484,51998,42,220671
19805,0.000672,172.31.46.0-255,66,52064,42,220671
19806,0.000693,172.31.46.0-255,66,52130,42,220671
19807,0.000721,172.217.194.0-255,7156,59286,42,220671
19808,0.000724,172.31.46.0-255,66,59352,42,220671
19809,0.000742,172.217.194.0-255,2543,61895,42,220671
19810,0.000744,172.31.46.0-255,66,61961,42,220671
19811,0.000862,172.217.194.0-255,1484,63445,42,220671
19812,0.000868,172.217.194.0-255,2902,66347,42,220671
19813,0.000871,172.31.46.0-255,66,66413,42,220671
19814,0.000877,172.217.194.0-255,4320,70733,42,220671
19815,0.00088,172.31.46.0-255,66,70799,42,220671
19816,0.000907,172.217.194.0-255,1484,72283,42,220671
19817,0.000922,172.31.46.0-255,66,72349,42,220671
19818,0.00094,172.31.46.0-255,66,72415,42,220671
19819,0.001054,172.217.194.0-255,1484,73899,42,220671
19820,0.00106,172.217.194.0-255,2902,76801,42,220671
19821,0.001063,172.31.46.0-255,66,76867,42,220671
19822,0.001071,172.217.194.0-255,5738,82605,42,220671
19823,0.001073,172.31.46.0-255,66,82671,42,220671
19824,0.001102,172.217.194.0-255,7156,89827,42,220671
19825,0.001105,172.31.46.0-255,66,89893,42,220671
19826,0.001125,172.217.194.0-255,5738,95631,42,220671
19827,0.001127,172.31.46.0-255,66,95697,42,220671
19828,0.001142,172.217.194.0-255,5738,101435,42,220671
19829,0.001145,172.31.46.0-255,66,101501,42,220671
19830,0.001176,172.217.194.0-255,5020,106521,42,220671
19831,0.001179,172.217.194.0-255,1484,108005,42,220671
19832,0.001182,172.217.194.0-255,2902,110907,42,220671
19833,0.001186,172.31.46.0-255,66,110973,42,220671
19834,0.00119,172.31.46.0-255,66,111039,42,220671
19835,0.001214,172.217.194.0-255,5738,116777,42,220671
19836,0.001221,172.31.46.0-255,66,116843,42,220671
19837,0.001234,172.31.46.0-255,66,116909,42,220671
19838,0.001244,172.31.46.0-255,66,116975,42,220671
19839,0.001303,172.217.194.0-255,2184,119159,42,220671
19840,0.001306,172.31.46.0-255,66,119225,42,220671
19841,0.001823,172.217.194.0-255,1484,120709,42,220671
19842,0.001829,172.217.194.0-255,1484,122193,42,220671
19843,0.001832,172.31.46.0-255,66,122259,42,220671
19844,0.001848,172.217.194.0-255,1484,123743,42,220671
19845,0.001859,172.217.194.0-255,5738,129481,42,220671
19846,0.001862,172.31.46.0-255,66,129547,42,220671
19847,0.001903,172.31.46.0-255,66,129613,42,220671
19848,0.00191,172.217.194.0-255,7156,136769,42,220671
19849,0.001912,172.31.46.0-255,66,136835,42,220671
19850,0.001956,172.217.194.0-255,3602,140437,42,220671
19851,0.001959,172.31.46.0-255,66,140503,42,220671
19852,0.002052,172.217.194.0-255,1484,141987,42,220671
19853,0.002074,172.217.194.0-255,2902,144889,42,220671
19854,0.002077,172.31.46.0-255,66,144955,42,220671
19855,0.002084,172.217.194.0-255,5738,150693,42,220671
19856,0.002086,172.31.46.0-255,66,150759,42,220671
19857,0.002091,172.217.194.0-255,4320,155079,42,220671
19858,0.002104,172.31.46.0-255,66,155145,42,220671
19859,0.002128,172.217.194.0-255,5738,160883,42,220671
19860,0.002134,172.31.46.0-255,66,160949,42,220671
19861,0.002145,172.217.194.0-255,1484,162433,42,220671
19862,0.002173,172.31.46.0-255,66,162499,42,220671
19863,0.002336,172.217.194.0-255,1484,163983,42,220671
19864,0.002351,172.217.194.0-255,2902,166885,42,220671
19865,0.002354,172.31.46.0-255,66,166951,42,220671
19866,0.002358,172.217.194.0-255,1484,168435,42,220671
19867,0.002378,172.217.194.0-255,4320,172755,42,220671
19868,0.00238,172.31.46.0-255,66,172821,42,220671
19869,0.002387,172.217.194.0-255,7156,179977,42,220671
19870,0.00239,172.31.46.0-255,66,180043,42,220671
19871,0.00473,172.217.194.0-255,5738,185781,42,220671
19872,0.004739,172.31.46.0-255,66,185847,42,220671
19873,0.007072,172.217.194.0-255,5738,191585,42,220671
19874,0.00708,172.31.46.0-255,66,191651,42,220671
19875,0.009434,172.217.194.0-255,5738,197389,42,220671
19876,0.009439,172.31.46.0-255,66,197455,42,220671
19877,0.011782,172.217.194.0-255,5738,203193,42,220671
19878,0.011789,172.31.46.0-255,66,203259,42,220671
19879,0.01411,172.217.194.0-255,5738,208997,42,220671
19880,0.014119,172.31.46.0-255,66,209063,42,220671
19881,0.016472,172.217.194.0-255,5738,214801,42,220671
19882,0.016481,172.31.46.0-255,66,214867,42,220671
19883,0.018831,172.217.194.0-255,5738,220605,42,220671
19884,0.018843,172.31.46.0-255,66,220671,42,220671
19885,0.0,172.253.118.0-255,298,298,42,254973
19886,1.3e-05,172.31.46.0-255,66,364,42,254973
19887,1.8e-05,172.253.118.0-255,1484,1848,42,254973
19888,2.1e-05,172.31.46.0-255,66,1914,42,254973
19889,2.8e-05,172.253.118.0-255,4320,6234,42,254973
19890,3e-05,172.31.46.0-255,66,6300,42,254973
19891,5.6e-05,172.31.46.0-255,66,6366,42,254973
19892,0.000127,172.253.118.0-255,1484,7850,42,254973
19893,0.00013,172.31.46.0-255,66,7916,42,254973
19894,0.000135,172.253.118.0-255,2902,10818,42,254973
19895,0.000137,172.31.46.0-255,66,10884,42,254973
19896,0.000151,172.253.118.0-255,4320,15204,42,254973
19897,0.000153,172.31.46.0-255,66,15270,42,254973
19898,0.000168,172.253.118.0-255,1484,16754,42,254973
19899,0.00017,172.31.46.0-255,66,16820,42,254973
19900,0.000201,172.253.118.0-255,6797,23617,42,254973
19901,0.000204,172.31.46.0-255,66,23683,42,254973
19902,0.000207,172.253.118.0-255,1484,25167,42,254973
19903,0.000208,172.31.46.0-255,66,25233,42,254973
19904,0.00023,172.253.118.0-255,5738,30971,42,254973
19905,0.000232,172.31.46.0-255,66,31037,42,254973
19906,0.000246,172.253.118.0-255,2902,33939,42,254973
19907,0.000248,172.31.46.0-255,66,34005,42,254973
19908,0.00027,172.253.118.0-255,6797,40802,42,254973
19909,0.000272,172.31.46.0-255,66,40868,42,254973
19910,0.000304,172.253.118.0-255,1484,42352,42,254973
19911,0.000306,172.31.46.0-255,66,42418,42,254973
19912,0.000311,172.253.118.0-255,2902,45320,42,254973
19913,0.000313,172.31.46.0-255,66,45386,42,254973
19914,0.000351,172.253.118.0-255,5738,51124,42,254973
19915,0.000353,172.31.46.0-255,66,51190,42,254973
19916,0.00036,172.253.118.0-255,6797,57987,42,254973
19917,0.000362,172.31.46.0-255,66,58053,42,254973
19918,0.000423,172.253.118.0-255,410,58463,42,254973
19919,0.000579,172.253.118.0-255,1484,59947,42,254973
19920,0.000586,172.31.46.0-255,66,60013,42,254973
19921,0.000611,172.253.118.0-255,2902,62915,42,254973
19922,0.000614,172.31.46.0-255,66,62981,42,254973
19923,0.000634,172.253.118.0-255,5738,68719,42,254973
19924,0.000636,172.31.46.0-255,66,68785,42,254973
19925,0.000657,172.253.118.0-255,4320,73105,42,254973
19926,0.000659,172.31.46.0-255,66,73171,42,254973
19927,0.000707,172.253.118.0-255,5738,78909,42,254973
19928,0.00071,172.31.46.0-255,66,78975,42,254973
19929,0.000726,172.253.118.0-255,5379,84354,42,254973
19930,0.000729,172.31.46.0-255,66,84420,42,254973
19931,0.000752,172.253.118.0-255,2902,87322,42,254973
19932,0.000755,172.31.46.0-255,66,87388,42,254973
19933,0.000772,172.253.118.0-255,5379,92767,42,254973
19934,0.000774,172.31.46.0-255,66,92833,42,254973
19935,0.001061,172.253.118.0-255,1484,94317,42,254973
19936,0.001073,172.253.118.0-255,2902,97219,42,254973
19937,0.001077,172.31.46.0-255,66,97285,42,254973
19938,0.001086,172.253.118.0-255,2902,100187,42,254973
19939,0.001087,172.31.46.0-255,66,100253,42,254973
19940,0.001099,172.253.118.0-255,2902,103155,42,254973
19941,0.001101,172.31.46.0-255,66,103221,42,254973
19942,0.001105,172.253.118.0-255,2902,106123,42,254973
19943,0.001107,172.31.46.0-255,66,106189,42,254973
19944,0.001129,172.253.118.0-255,4320,110509,42,254973
19945,0.001131,172.31.46.0-255,66,110575,42,254973
19946,0.00115,172.253.118.0-255,5738,116313,42,254973
19947,0.001153,172.31.46.0-255,66,116379,42,254973
19948,0.001155,172.253.118.0-255,1484,117863,42,254973
19949,0.001184,172.31.46.0-255,66,117929,42,254973
19950,0.001431,172.253.118.0-255,1484,119413,42,254973
19951,0.001448,172.253.118.0-255,2902,122315,42,254973
19952,0.001451,172.31.46.0-255,66,122381,42,254973
19953,0.001457,172.253.118.0-255,5738,128119,42,254973
19954,0.001459,172.31.46.0-255,66,128185,42,254973
19955,0.001478,172.253.118.0-255,1484,129669,42,254973
19956,0.001496,172.253.118.0-255,5738,135407,42,254973
19957,0.001498,172.31.46.0-255,66,135473,42,254973
19958,0.001509,172.253.118.0-255,2902,138375,42,254973
19959,0.001511,172.31.46.0-255,66,138441,42,254973
19960,0.001534,172.31.46.0-255,66,138507,42,254973
19961,0.001572,172.253.118.0-255,7156,145663,42,254973
19962,0.001574,172.31.46.0-255,66,145729,42,254973
19963,0.001611,172.31.46.0-255,66,145795,42,254973
19964,0.001624,172.31.46.0-255,66,145861,42,254973
19965,0.00163,172.253.118.0-255,5020,150881,42,254973
19966,0.001632,172.31.46.0-255,66,150947,42,254973
19967,0.001673,172.253.118.0-255,5738,156685,42,254973
19968,0.001677,172.31.46.0-255,66,156751,42,254973
19969,0.001706,172.31.46.0-255,66,156817,42,254973
19970,0.001738,172.253.118.0-255,1484,158301,42,254973
19971,0.001742,172.253.118.0-255,2902,161203,42,254973
19972,0.001744,172.31.46.0-255,66,161269,42,254973
19973,0.001766,172.253.118.0-255,4320,165589,42,254973
19974,0.001769,172.31.46.0-255,66,165655,42,254973
19975,0.001775,172.253.118.0-255,5738,171393,42,254973
19976,0.001776,172.31.46.0-255,66,171459,42,254973
19977,0.001806,172.31.46.0-255,66,171525,42,254973
19978,0.001836,172.253.118.0-255,2902,174427,42,254973
19979,0.001838,172.31.46.0-255,66,174493,42,254973
19980,0.001866,172.253.118.0-255,5020,179513,42,254973
19981,0.001869,172.31.46.0-255,66,179579,42,254973
19982,0.001872,172.253.118.0-255,1484,181063,42,254973
19983,0.00189,172.253.118.0-255,1484,182547,42,254973
19984,0.001892,172.31.46.0-255,66,182613,42,254973
19985,0.001904,172.253.118.0-255,1484,184097,42,254973
19986,0.00191,172.253.118.0-255,5738,189835,42,254973
19987,0.001912,172.31.46.0-255,66,189901,42,254973
19988,0.001916,172.253.118.0-255,2902,192803,42,254973
19989,0.001918,172.31.46.0-255,66,192869,42,254973
19990,0.001946,172.31.46.0-255,66,192935,42,254973
19991,0.001966,172.253.118.0-255,2902,195837,42,254973
19992,0.001968,172.31.46.0-255,66,195903,42,254973
19993,0.001994,172.31.46.0-255,66,195969,42,254973
19994,0.002172,172.253.118.0-255,1484,197453,42,254973
19995,0.002187,172.253.118.0-255,2902,200355,42,254973
19996,0.00219,172.31.46.0-255,66,200421,42,254973
19997,0.002196,172.253.118.0-255,5738,206159,42,254973
19998,0.002198,172.31.46.0-255,66,206225,42,254973
19999,0.002226,172.253.118.0-255,5738,211963,42,254973
20000,0.002228,172.31.46.0-255,66,212029,42,254973
20001,0.002247,172.253.118.0-255,4320,216349,42,254973
20002,0.002249,172.31.46.0-255,66,216415,42,254973
20003,0.002285,172.31.46.0-255,66,216481,42,254973
20004,0.002305,172.253.118.0-255,3602,220083,42,254973
20005,0.002307,172.31.46.0-255,66,220149,42,254973
20006,0.004809,172.253.118.0-255,5738,225887,42,254973
20007,0.004817,172.31.46.0-255,66,225953,42,254973
20008,0.007366,172.253.118.0-255,5738,231691,42,254973
20009,0.007374,172.31.46.0-255,66,231757,42,254973
20010,0.009893,172.253.118.0-255,5738,237495,42,254973
20011,0.009899,172.31.46.0-255,66,237561,42,254973
20012,0.012433,172.253.118.0-255,5738,243299,42,254973
20013,0.01244,172.31.46.0-255,66,243365,42,254973
20014,0.015,172.253.118.0-255,5738,249103,42,254973
20015,0.015008,172.31.46.0-255,66,249169,42,254973
20016,0.017547,172.253.118.0-255,5738,254907,42,254973
20017,0.017557,172.31.46.0-255,66,254973,42,254973
20018,0.0,74.125.200.0-255,149,149,42,268993
20019,2.2e-05,172.31.46.0-255,66,215,42,268993
20020,2.9e-05,74.125.200.0-255,1484,1699,42,268993
20021,3.3e-05,172.31.46.0-255,66,1765,42,268993
20022,4.6e-05,74.125.200.0-255,2902,4667,42,268993
20023,5.1e-05,172.31.46.0-255,66,4733,42,268993
20024,5.8e-05,74.125.200.0-255,5738,10471,42,268993
20025,6.1e-05,172.31.46.0-255,66,10537,42,268993
20026,8.4e-05,74.125.200.0-255,7156,17693,42,268993
20027,9.1e-05,172.31.46.0-255,66,17759,42,268993
20028,0.000119,74.125.200.0-255,673,18432,42,268993
20029,0.000121,172.31.46.0-255,66,18498,42,268993
20030,0.000132,172.31.46.0-255,66,18564,42,268993
20031,0.000142,74.125.200.0-255,3961,22525,42,268993
20032,0.000144,172.31.46.0-255,66,22591,42,268993
20033,0.000208,74.125.200.0-255,1484,24075,42,268993
20034,0.00021,172.31.46.0-255,66,24141,42,268993
20035,0.000242,74.125.200.0-255,2902,27043,42,268993
20036,0.000245,172.31.46.0-255,66,27109,42,268993
20037,0.000251,74.125.200.0-255,4320,31429,42,268993
20038,0.000253,172.31.46.0-255,66,31495,42,268993
20039,0.000278,74.125.200.0-255,4320,35815,42,268993
20040,0.000281,172.31.46.0-255,66,35881,42,268993
20041,0.00031,74.125.200.0-255,5379,41260,42,268993
20042,0.000313,172.31.46.0-255,66,41326,42,268993
20043,0.000315,74.125.200.0-255,1484,42810,42,268993
20044,0.000317,172.31.46.0-255,66,42876,42,268993
20045,0.000322,74.125.200.0-255,2902,45778,42,268993
20046,0.000325,172.31.46.0-255,66,45844,42,268993
20047,0.00033,74.125.200.0-255,4320,50164,42,268993
20048,0.000333,172.31.46.0-255,66,50230,42,268993
20049,0.000337,74.125.200.0-255,2902,53132,42,268993
20050,0.00034,172.31.46.0-255,66,53198,42,268993
20051,0.000369,74.125.200.0-255,2902,56100,42,268993
20052,0.000371,172.31.46.0-255,66,56166,42,268993
20053,0.000374,74.125.200.0-255,1402,57568,42,268993
20054,0.000393,74.125.200.0-255,129,57697,42,268993
20055,0.000529,74.125.200.0-255,1484,59181,42,268993
20056,0.000534,172.31.46.0-255,66,59247,42,268993
20057,0.000541,74.125.200.0-255,2902,62149,42,268993
20058,0.000544,172.31.46.0-255,66,62215,42,268993
20059,0.000554,74.125.200.0-255,4320,66535,42,268993
20060,0.000556,172.31.46.0-255,66,66601,42,268993
20061,0.00058,74.125.200.0-255,1484,68085,42,268993
20062,0.000591,172.31.46.0-255,66,68151,42,268993
20063,0.000611,74.125.200.0-255,2902,71053,42,268993
20064,0.000614,172.31.46.0-255,66,71119,42,268993
20065,0.000621,74.125.200.0-255,7156,78275,42,268993
20066,0.000624,172.31.46.0-255,66,78341,42,268993
20067,0.000647,74.125.200.0-255,5020,83361,42,268993
20068,0.000651,172.31.46.0-255,66,83427,42,268993
20069,0.000653,74.125.200.0-255,346,83773,42,268993
20070,0.000949,74.125.200.0-255,1484,85257,42,268993
20071,0.000954,172.31.46.0-255,66,85323,42,268993
20072,0.000959,74.125.200.0-255,2902,88225,42,268993
20073,0.000963,172.31.46.0-255,66,88291,42,268993
20074,0.000989,74.125.200.0-255,5738,94029,42,268993
20075,0.000992,172.31.46.0-255,66,94095,42,268993
20076,0.000997,74.125.200.0-255,2902,96997,42,268993
20077,0.000999,172.31.46.0-255,66,97063,42,268993
20078,0.001044,172.31.46.0-255,66,97129,42,268993
20079,0.001057,172.31.46.0-255,66,97195,42,268993
20080,0.001096,74.125.200.0-255,1484,98679,42,268993
20081,0.001101,74.125.200.0-255,2902,101581,42,268993
20082,0.001104,172.31.46.0-255,66,101647,42,268993
20083,0.001163,74.125.200.0-255,5738,107385,42,268993
20084,0.001166,172.31.46.0-255,66,107451,42,268993
20085,0.001178,172.31.46.0-255,66,107517,42,268993
20086,0.001189,172.31.46.0-255,66,107583,42,268993
20087,0.001195,74.125.200.0-255,5020,112603,42,268993
20088,0.001197,172.31.46.0-255,66,112669,42,268993
20089,0.001235,74.125.200.0-255,1484,114153,42,268993
20090,0.001239,74.125.200.0-255,1484,115637,42,268993
20091,0.001241,172.31.46.0-255,66,115703,42,268993
20092,0.00127,74.125.200.0-255,1484,117187,42,268993
20093,0.001276,74.125.200.0-255,5738,122925,42,268993
20094,0.00128,172.31.46.0-255,66,122991,42,268993
20095,0.001324,172.31.46.0-255,66,123057,42,268993
20096,0.001336,172.31.46.0-255,66,123123,42,268993
20097,0.001345,74.125.200.0-255,2184,125307,42,268993
20098,0.001347,172.31.46.0-255,66,125373,42,268993
20099,0.001397,74.125.200.0-255,1484,126857,42,268993
20100,0.001408,74.125.200.0-255,2902,129759,42,268993
20101,0.00141,172.31.46.0-255,66,129825,42,268993
20102,0.001441,74.125.200.0-255,5738,135563,42,268993
20103,0.001443,172.31.46.0-255,66,135629,42,268993
20104,0.001451,74.125.200.0-255,7156,142785,42,268993
20105,0.001452,172.31.46.0-255,66,142851,42,268993
20106,0.001488,172.31.46.0-255,66,142917,42,268993
20107,0.001536,172.31.46.0-255,66,142983,42,268993
20108,0.001603,74.125.200.0-255,1484,144467,42,268993
20109,0.001618,74.125.200.0-255,2902,147369,42,268993
20110,0.001626,172.31.46.0-255,66,147435,42,268993
20111,0.001633,74.125.200.0-255,1484,148919,42,268993
20112,0.001656,74.125.200.0-255,4320,153239,42,268993
20113,0.00166,74.125.200.0-255,2902,156141,42,268993
20114,0.001677,74.125.200.0-255,4320,160461,42,268993
20115,0.00169,74.125.200.0-255,5738,166199,42,268993
20116,0.001693,74.125.200.0-255,1484,167683,42,268993
20117,0.001701,172.31.46.0-255,66,167749,42,268993
20118,0.001734,172.31.46.0-255,66,167815,42,268993
20119,0.001775,74.125.200.0-255,1484,169299,42,268993
20120,0.001788,74.125.200.0-255,2902,172201,42,268993
20121,0.00179,172.31.46.0-255,66,172267,42,268993
20122,0.001793,74.125.200.0-255,1484,173751,42,268993
20123,0.001813,74.125.200.0-255,2902,176653,42,268993
20124,0.001815,74.125.200.0-255,1484,178137,42,268993
20125,0.001821,172.31.46.0-255,66,178203,42,268993
20126,0.00184,74.125.200.0-255,4320,182523,42,268993
20127,0.001874,172.31.46.0-255,66,182589,42,268993
20128,0.001887,74.125.200.0-255,4320,186909,42,268993
20129,0.001907,74.125.200.0-255,5738,192647,42,268993
20130,0.00191,74.125.200.0-255,766,193413,42,268993
20131,0.001912,74.125.200.0-255,1484,194897,42,268993
20132,0.001919,172.31.46.0-255,66,194963,42,268993
20133,0.001941,74.125.200.0-255,4320,199283,42,268993
20134,0.001954,74.125.200.0-255,4320,203603,42,268993
20135,0.001962,172.31.46.0-255,66,203669,42,268993
20136,0.001987,74.125.200.0-255,5738,209407,42,268993
20137,0.001993,172.31.46.0-255,66,209473,42,268993
20138,0.002033,74.125.200.0-255,2902,212375,42,268993
20139,0.002047,74.125.200.0-255,7156,219531,42,268993
20140,0.002049,74.125.200.0-255,1484,221015,42,268993
20141,0.002078,74.125.200.0-255,4320,225335,42,268993
20142,0.002094,74.125.200.0-255,7156,232491,42,268993
20143,0.002098,172.31.46.0-255,66,232557,42,268993
20144,0.002116,74.125.200.0-255,7156,239713,42,268993
20145,0.002126,74.125.200.0-255,2902,242615,42,268993
20146,0.002136,172.31.46.0-255,66,242681,42,268993
20147,0.002161,74.125.200.0-255,5738,248419,42,268993
20148,0.002178,74.125.200.0-255,3602,252021,42,268993
20149,0.002188,172.31.46.0-255,66,252087,42,268993
20150,0.002221,172.31.46.0-255,66,252153,42,268993
20151,0.00225,74.125.200.0-255,4320,256473,42,268993
20152,0.002255,172.31.46.0-255,66,256539,42,268993
20153,0.002273,74.125.200.0-255,5738,262277,42,268993
20154,0.002276,74.125.200.0-255,2902,265179,42,268993
20155,0.002289,172.31.46.0-255,66,265245,42,268993
20156,0.002313,74.125.200.0-255,3340,268585,42,268993
20157,0.002317,172.31.46.0-255,66,268651,42,268993
20158,0.002341,74.125.200.0-255,105,268756,42,268993
20159,0.008669,172.31.46.0-255,66,268822,42,268993
20160,0.008702,172.31.46.0-255,105,268927,42,268993
20161,0.011234,74.125.200.0-255,66,268993,42,268993
20162,0.0,172.217.194.0-255,146,146,42,145745
20163,2.6e-05,172.31.46.0-255,66,212,42,145745
20164,3.4e-05,172.217.194.0-255,1484,1696,42,145745
20165,3.8e-05,172.31.46.0-255,66,1762,42,145745
20166,4.4e-05,172.217.194.0-255,2902,4664,42,145745
20167,4.8e-05,172.31.46.0-255,66,4730,42,145745
20168,5.6e-05,172.217.194.0-255,7156,11886,42,145745
20169,5.9e-05,172.31.46.0-255,66,11952,42,145745
20170,6.3e-05,172.217.194.0-255,2067,14019,42,145745
20171,6.6e-05,172.31.46.0-255,66,14085,42,145745
20172,7.9e-05,172.31.46.0-255,66,14151,42,145745
20173,0.000105,172.217.194.0-255,5379,19530,42,145745
20174,0.000108,172.31.46.0-255,66,19596,42,145745
20175,0.000163,172.217.194.0-255,1484,21080,42,145745
20176,0.000166,172.31.46.0-255,66,21146,42,145745
20177,0.000171,172.217.194.0-255,2902,24048,42,145745
20178,0.000173,172.31.46.0-255,66,24114,42,145745
20179,0.00018,172.217.194.0-255,5738,29852,42,145745
20180,0.000182,172.31.46.0-255,66,29918,42,145745
20181,0.000206,172.217.194.0-255,6797,36715,42,145745
20182,0.000208,172.31.46.0-255,66,36781,42,145745
20183,0.000239,172.31.46.0-255,66,36847,42,145745
20184,0.000244,172.217.194.0-255,2543,39390,42,145745
20185,0.000246,172.31.46.0-255,66,39456,42,145745
20186,0.000278,172.217.194.0-255,647,40103,42,145745
20187,0.000281,172.31.46.0-255,66,40169,42,145745
20188,0.000398,172.217.194.0-255,1484,41653,42,145745
20189,0.000402,172.31.46.0-255,66,41719,42,145745
20190,0.000407,172.217.194.0-255,2902,44621,42,145745
20191,0.00041,172.31.46.0-255,66,44687,42,145745
20192,0.000414,172.217.194.0-255,2902,47589,42,145745
20193,0.000417,172.31.46.0-255,66,47655,42,145745
20194,0.000443,172.217.194.0-255,2902,50557,42,145745
20195,0.000446,172.31.46.0-255,66,50623,42,145745
20196,0.000459,172.31.46.0-255,66,50689,42,145745
20197,0.000476,172.217.194.0-255,2902,53591,42,145745
20198,0.000479,172.31.46.0-255,66,53657,42,145745
20199,0.000489,172.31.46.0-255,66,53723,42,145745
20200,0.000508,172.217.194.0-255,2184,55907,42,145745
20201,0.000511,172.31.46.0-255,66,55973,42,145745
20202,0.00088,172.217.194.0-255,1484,57457,42,145745
20203,0.000888,172.217.194.0-255,2902,60359,42,145745
20204,0.000892,172.31.46.0-255,66,60425,42,145745
20205,0.000899,172.217.194.0-255,5738,66163,42,145745
20206,0.000902,172.31.46.0-255,66,66229,42,145745
20207,0.000941,172.31.46.0-255,66,66295,42,145745
20208,0.001015,172.31.46.0-255,66,66361,42,145745
20209,0.001026,172.217.194.0-255,3602,69963,42,145745
20210,0.001028,172.31.46.0-255,66,70029,42,145745
20211,0.001406,172.217.194.0-255,1484,71513,42,145745
20212,0.001412,172.217.194.0-255,2902,74415,42,145745
20213,0.001415,172.31.46.0-255,66,74481,42,145745
20214,0.001441,172.217.194.0-255,5738,80219,42,145745
20215,0.001444,172.31.46.0-255,66,80285,42,145745
20216,0.001448,172.217.194.0-255,2902,83187,42,145745
20217,0.00145,172.31.46.0-255,66,83253,42,145745
20218,0.001465,172.217.194.0-255,4320,87573,42,145745
20219,0.001468,172.31.46.0-255,66,87639,42,145745
20220,0.001504,172.217.194.0-255,5738,93377,42,145745
20221,0.001507,172.31.46.0-255,66,93443,42,145745
20222,0.001519,172.31.46.0-255,66,93509,42,145745
20223,0.003587,172.217.194.0-255,5738,99247,42,145745
20224,0.003599,172.31.46.0-255,66,99313,42,145745
20225,0.005655,172.217.194.0-255,5738,105051,42,145745
20226,0.005659,172.31.46.0-255,66,105117,42,145745
20227,0.007668,172.217.194.0-255,5738,110855,42,145745
20228,0.007675,172.31.46.0-255,66,110921,42,145745
20229,0.009697,172.217.194.0-255,5738,116659,42,145745
20230,0.009705,172.31.46.0-255,66,116725,42,145745
20231,0.011755,172.217.194.0-255,5738,122463,42,145745
20232,0.011765,172.31.46.0-255,66,122529,42,145745
20233,0.013812,172.217.194.0-255,5738,128267,42,145745
20234,0.01382,172.31.46.0-255,66,128333,42,145745
20235,0.015839,172.217.194.0-255,5738,134071,42,145745
20236,0.015848,172.31.46.0-255,66,134137,42,145745
20237,0.017886,172.217.194.0-255,5738,139875,42,145745
20238,0.017893,172.31.46.0-255,66,139941,42,145745
20239,0.019915,172.217.194.0-255,5738,145679,42,145745
20240,0.019922,172.31.46.0-255,66,145745,42,145745
20241,0.0,172.217.194.0-255,147,147,42,205543
20242,2.2e-05,172.31.46.0-255,66,213,42,205543
20243,2.9e-05,172.217.194.0-255,1484,1697,42,205543
20244,4.6e-05,172.31.46.0-255,66,1763,42,205543
20245,5.2e-05,172.217.194.0-255,2902,4665,42,205543
20246,5.6e-05,172.31.46.0-255,66,4731,42,205543
20247,6.4e-05,172.217.194.0-255,7156,11887,42,205543
20248,6.9e-05,172.31.46.0-255,66,11953,42,205543
20249,7.6e-05,172.217.194.0-255,6301,18254,42,205543
20250,8e-05,172.31.46.0-255,66,18320,42,205543
20251,0.000117,172.217.194.0-255,7156,25476,42,205543
20252,0.00012,172.31.46.0-255,66,25542,42,205543
20253,0.000142,172.217.194.0-255,5379,30921,42,205543
20254,0.000145,172.31.46.0-255,66,30987,42,205543
20255,0.000166,172.217.194.0-255,2902,33889,42,205543
20256,0.000169,172.31.46.0-255,66,33955,42,205543
20257,0.000174,172.217.194.0-255,2902,36857,42,205543
20258,0.000176,172.31.46.0-255,66,36923,42,205543
20259,0.000195,172.217.194.0-255,1484,38407,42,205543
20260,0.000198,172.31.46.0-255,66,38473,42,205543
20261,0.000209,172.31.46.0-255,66,38539,42,205543
20262,0.000216,172.217.194.0-255,5738,44277,42,205543
20263,0.000218,172.31.46.0-255,66,44343,42,205543
20264,0.000241,172.217.194.0-255,3961,48304,42,205543
20265,0.000243,172.31.46.0-255,66,48370,42,205543
20266,0.00026,172.217.194.0-255,1484,49854,42,205543
20267,0.000263,172.31.46.0-255,66,49920,42,205543
20268,0.00028,172.217.194.0-255,7087,57007,42,205543
20269,0.000283,172.31.46.0-255,66,57073,42,205543
20270,0.000287,172.217.194.0-255,98,57171,42,205543
20271,0.000289,172.31.46.0-255,66,57237,42,205543
20272,0.000745,172.217.194.0-255,363,57600,42,205543
20273,0.000819,172.217.194.0-255,1484,59084,42,205543
20274,0.000825,172.31.46.0-255,66,59150,42,205543
20275,0.000831,172.217.194.0-255,2902,62052,42,205543
20276,0.000833,172.31.46.0-255,66,62118,42,205543
20277,0.00085,172.217.194.0-255,5738,67856,42,205543
20278,0.000853,172.31.46.0-255,66,67922,42,205543
20279,0.000871,172.217.194.0-255,4320,72242,42,205543
20280,0.000874,172.31.46.0-255,66,72308,42,205543
20281,0.000886,172.217.194.0-255,1995,74303,42,205543
20282,0.000888,172.31.46.0-255,66,74369,42,205543
20283,0.001099,172.217.194.0-255,1484,75853,42,205543
20284,0.001107,172.217.194.0-255,2902,78755,42,205543
20285,0.00111,172.31.46.0-255,66,78821,42,205543
20286,0.001134,172.217.194.0-255,4320,83141,42,205543
20287,0.001139,172.217.194.0-255,4320,87461,42,205543
20288,0.001143,172.31.46.0-255,66,87527,42,205543
20289,0.001147,172.31.46.0-255,66,87593,42,205543
20290,0.001155,172.217.194.0-255,1484,89077,42,205543
20291,0.00116,172.217.194.0-255,2902,91979,42,205543
20292,0.001162,172.31.46.0-255,66,92045,42,205543
20293,0.001193,172.31.46.0-255,66,92111,42,205543
20294,0.001203,172.31.46.0-255,66,92177,42,205543
20295,0.001382,172.217.194.0-255,1484,93661,42,205543
20296,0.001389,172.217.194.0-255,2902,96563,42,205543
20297,0.001393,172.31.46.0-255,66,96629,42,205543
20298,0.001397,172.217.194.0-255,1484,98113,42,205543
20299,0.001421,172.217.194.0-255,4320,102433,42,205543
20300,0.001424,172.31.46.0-255,66,102499,42,205543
20301,0.001431,172.217.194.0-255,5738,108237,42,205543
20302,0.001433,172.31.46.0-255,66,108303,42,205543
20303,0.001454,172.217.194.0-255,4320,112623,42,205543
20304,0.001456,172.31.46.0-255,66,112689,42,205543
20305,0.001462,172.217.194.0-255,4320,117009,42,205543
20306,0.001465,172.31.46.0-255,66,117075,42,205543
20307,0.001497,172.217.194.0-255,7156,124231,42,205543
20308,0.001501,172.31.46.0-255,66,124297,42,205543
20309,0.001505,172.217.194.0-255,2184,126481,42,205543
20310,0.001507,172.31.46.0-255,66,126547,42,205543
20311,0.002044,172.217.194.0-255,1484,128031,42,205543
20312,0.002051,172.217.194.0-255,2902,130933,42,205543
20313,0.002054,172.31.46.0-255,66,130999,42,205543
20314,0.002079,172.217.194.0-255,5738,136737,42,205543
20315,0.002081,172.31.46.0-255,66,136803,42,205543
20316,0.002109,172.31.46.0-255,66,136869,42,205543
20317,0.002134,172.31.46.0-255,66,136935,42,205543
20318,0.002139,172.217.194.0-255,2184,139119,42,205543
20319,0.002141,172.31.46.0-255,66,139185,42,205543
20320,0.002219,172.217.194.0-255,1484,140669,42,205543
20321,0.002239,172.217.194.0-255,2902,143571,42,205543
20322,0.002243,172.31.46.0-255,66,143637,42,205543
20323,0.00225,172.217.194.0-255,5738,149375,42,205543
20324,0.002251,172.31.46.0-255,66,149441,42,205543
20325,0.002276,172.217.194.0-255,5738,155179,42,205543
20326,0.002279,172.31.46.0-255,66,155245,42,205543
20327,0.002301,172.217.194.0-255,7156,162401,42,205543
20328,0.002303,172.31.46.0-255,66,162467,42,205543
20329,0.002314,172.31.46.0-255,66,162533,42,205543
20330,0.002331,172.217.194.0-255,2184,164717,42,205543
20331,0.002334,172.31.46.0-255,66,164783,42,205543
20332,0.004623,172.217.194.0-255,5738,170521,42,205543
20333,0.004631,172.31.46.0-255,66,170587,42,205543
20334,0.006914,172.217.194.0-255,2902,173489,42,205543
20335,0.006918,172.31.46.0-255,66,173555,42,205543
20336,0.006943,172.217.194.0-255,2902,176457,42,205543
20337,0.006945,172.31.46.0-255,66,176523,42,205543
20338,0.00929,172.217.194.0-255,5738,182261,42,205543
20339,0.009301,172.31.46.0-255,66,182327,42,205543
20340,0.011605,172.217.194.0-255,5738,188065,42,205543
20341,0.011621,172.31.46.0-255,66,188131,42,205543
20342,0.013967,172.217.194.0-255,5738,193869,42,205543
20343,0.013982,172.31.46.0-255,66,193935,42,205543
20344,0.016295,172.217.194.0-255,5738,199673,42,205543
20345,0.01631,172.31.46.0-255,66,199739,42,205543
20346,0.018684,172.217.194.0-255,5738,205477,42,205543
20347,0.018698,172.31.46.0-255,66,205543,42,205543
20348,0.0,74.125.24.0-255,154,154,42,227002
20349,2.4e-05,172.31.46.0-255,66,220,42,227002
20350,3.1e-05,74.125.24.0-255,1484,1704,42,227002
20351,3.6e-05,172.31.46.0-255,66,1770,42,227002
20352,4.2e-05,74.125.24.0-255,2902,4672,42,227002
20353,5.3e-05,172.31.46.0-255,66,4738,42,227002
20354,6.1e-05,74.125.24.0-255,7156,11894,42,227002
20355,6.4e-05,172.31.46.0-255,66,11960,42,227002
20356,6.8e-05,74.125.24.0-255,2066,14026,42,227002
20357,7.2e-05,172.31.46.0-255,66,14092,42,227002
20358,0.00011,74.125.24.0-255,7156,21248,42,227002
20359,0.000114,172.31.46.0-255,66,21314,42,227002
20360,0.00013,172.31.46.0-255,66,21380,42,227002
20361,0.000133,74.125.24.0-255,1125,22505,42,227002
20362,0.000135,172.31.46.0-255,66,22571,42,227002
20363,0.000263,74.125.24.0-255,1484,24055,42,227002
20364,0.000267,172.31.46.0-255,66,24121,42,227002
20365,0.000273,74.125.24.0-255,2902,27023,42,227002
20366,0.000275,172.31.46.0-255,66,27089,42,227002
20367,0.000286,74.125.24.0-255,5738,32827,42,227002
20368,0.000289,172.31.46.0-255,66,32893,42,227002
20369,0.000292,74.125.24.0-255,1484,34377,42,227002
20370,0.000294,172.31.46.0-255,66,34443,42,227002
20371,0.000332,74.125.24.0-255,5379,39822,42,227002
20372,0.000335,172.31.46.0-255,66,39888,42,227002
20373,0.000355,172.31.46.0-255,66,39954,42,227002
20374,0.00036,74.125.24.0-255,2543,42497,42,227002
20375,0.000362,172.31.46.0-255,66,42563,42,227002
20376,0.000384,74.125.24.0-255,400,42963,42,227002
20377,0.000387,172.31.46.0-255,66,43029,42,227002
20378,0.000436,74.125.24.0-255,343,43372,42,227002
20379,0.000592,74.125.24.0-255,1484,44856,42,227002
20380,0.000599,74.125.24.0-255,2902,47758,42,227002
20381,0.000625,74.125.24.0-255,5738,53496,42,227002
20382,0.000644,172.31.46.0-255,66,53562,42,227002
20383,0.00067,172.31.46.0-255,66,53628,42,227002
20384,0.000701,74.125.24.0-255,3961,57589,42,227002
20385,0.000712,74.125.24.0-255,1125,58714,42,227002
20386,0.000734,172.31.46.0-255,66,58780,42,227002
20387,0.000822,74.125.24.0-255,1484,60264,42,227002
20388,0.000828,74.125.24.0-255,2902,63166,42,227002
20389,0.000846,74.125.24.0-255,5738,68904,42,227002
20390,0.000858,172.31.46.0-255,66,68970,42,227002
20391,0.000909,172.31.46.0-255,66,69036,42,227002
20392,0.000921,74.125.24.0-255,5738,74774,42,227002
20393,0.00094,74.125.24.0-255,5020,79794,42,227002
20394,0.000959,172.31.46.0-255,66,79860,42,227002
20395,0.001164,74.125.24.0-255,1484,81344,42,227002
20396,0.00118,74.125.24.0-255,2902,84246,42,227002
20397,0.001202,74.125.24.0-255,5738,89984,42,227002
20398,0.001209,172.31.46.0-255,66,90050,42,227002
20399,0.001227,74.125.24.0-255,4320,94370,42,227002
20400,0.001261,172.31.46.0-255,66,94436,42,227002
20401,0.001275,74.125.24.0-255,5738,100174,42,227002
20402,0.001293,74.125.24.0-255,5020,105194,42,227002
20403,0.001354,172.31.46.0-255,66,105260,42,227002
20404,0.001757,74.125.24.0-255,1484,106744,42,227002
20405,0.001763,74.125.24.0-255,2902,109646,42,227002
20406,0.001767,172.31.46.0-255,66,109712,42,227002
20407,0.00177,74.125.24.0-255,1484,111196,42,227002
20408,0.001803,74.125.24.0-255,4320,115516,42,227002
20409,0.001848,74.125.24.0-255,766,116282,42,227002
20410,0.001854,172.31.46.0-255,66,116348,42,227002
20411,0.001954,74.125.24.0-255,1484,117832,42,227002
20412,0.00196,74.125.24.0-255,2902,120734,42,227002
20413,0.001963,172.31.46.0-255,66,120800,42,227002
20414,0.001985,74.125.24.0-255,5738,126538,42,227002
20415,0.001991,74.125.24.0-255,4320,130858,42,227002
20416,0.001997,172.31.46.0-255,66,130924,42,227002
20417,0.002025,74.125.24.0-255,2902,133826,42,227002
20418,0.002041,74.125.24.0-255,2184,136010,42,227002
20419,0.002051,172.31.46.0-255,66,136076,42,227002
20420,0.002089,74.125.24.0-255,5738,141814,42,227002
20421,0.002109,74.125.24.0-255,7156,148970,42,227002
20422,0.002123,172.31.46.0-255,66,149036,42,227002
20423,0.002189,74.125.24.0-255,5738,154774,42,227002
20424,0.002191,172.31.46.0-255,66,154840,42,227002
20425,0.002199,74.125.24.0-255,766,155606,42,227002
20426,0.002207,172.31.46.0-255,66,155672,42,227002
20427,0.002241,74.125.24.0-255,1484,157156,42,227002
20428,0.002245,74.125.24.0-255,1484,158640,42,227002
20429,0.002251,172.31.46.0-255,66,158706,42,227002
20430,0.002259,74.125.24.0-255,1484,160190,42,227002
20431,0.002261,74.125.24.0-255,1484,161674,42,227002
20432,0.002282,74.125.24.0-255,4320,165994,42,227002
20433,0.002289,74.125.24.0-255,5738,171732,42,227002
20434,0.002293,172.31.46.0-255,66,171798,42,227002
20435,0.00232,74.125.24.0-255,5738,177536,42,227002
20436,0.00234,172.31.46.0-255,66,177602,42,227002
20437,0.00255,74.125.24.0-255,1484,179086,42,227002
20438,0.002556,74.125.24.0-255,2902,181988,42,227002
20439,0.002561,74.125.24.0-255,2902,184890,42,227002
20440,0.002577,74.125.24.0-255,2902,187792,42,227002
20441,0.002581,74.125.24.0-255,2902,190694,42,227002
20442,0.002592,172.31.46.0-255,66,190760,42,227002
20443,0.002609,74.125.24.0-255,7156,197916,42,227002
20444,0.002615,172.31.46.0-255,66,197982,42,227002
20445,0.005144,74.125.24.0-255,5738,203720,42,227002
20446,0.005151,172.31.46.0-255,66,203786,42,227002
20447,0.007671,74.125.24.0-255,5738,209524,42,227002
20448,0.009123,172.31.46.0-255,66,209590,42,227002
20449,0.011623,74.125.24.0-255,5738,215328,42,227002
20450,0.01163,172.31.46.0-255,66,215394,42,227002
20451,0.014125,74.125.24.0-255,5738,221132,42,227002
20452,0.015372,172.31.46.0-255,66,221198,42,227002
20453,0.017921,74.125.24.0-255,5738,226936,42,227002
20454,0.017932,172.31.46.0-255,66,227002,42,227002
20455,0.0,172.217.194.0-255,296,296,42,94571
20456,2.3e-05,172.31.46.0-255,66,362,42,94571
20457,3e-05,172.217.194.0-255,1484,1846,42,94571
20458,3.4e-05,172.31.46.0-255,66,1912,42,94571
20459,4e-05,172.217.194.0-255,2902,4814,42,94571
20460,4.3e-05,172.31.46.0-255,66,4880,42,94571
20461,5e-05,172.217.194.0-255,5738,10618,42,94571
20462,5.3e-05,172.31.46.0-255,66,10684,42,94571
20463,5.8e-05,172.217.194.0-255,3224,13908,42,94571
20464,6.1e-05,172.31.46.0-255,66,13974,42,94571
20465,0.000115,172.217.194.0-255,2902,16876,42,94571
20466,0.000118,172.31.46.0-255,66,16942,42,94571
20467,0.000133,172.217.194.0-255,5738,22680,42,94571
20468,0.000135,172.31.46.0-255,66,22746,42,94571
20469,0.00015,172.217.194.0-255,1484,24230,42,94571
20470,0.000153,172.31.46.0-255,66,24296,42,94571
20471,0.000168,172.217.194.0-255,5738,30034,42,94571
20472,0.00017,172.31.46.0-255,66,30100,42,94571
20473,0.000214,172.217.194.0-255,5738,35838,42,94571
20474,0.000217,172.31.46.0-255,66,35904,42,94571
20475,0.000236,172.217.194.0-255,2902,38806,42,94571
20476,0.000238,172.31.46.0-255,66,38872,42,94571
20477,0.000249,172.31.46.0-255,66,38938,42,94571
20478,0.0015,172.217.194.0-255,1484,40422,42,94571
20479,0.001507,172.31.46.0-255,66,40488,42,94571
20480,0.001527,172.217.194.0-255,1484,41972,42,94571
20481,0.00153,172.31.46.0-255,66,42038,42,94571
20482,0.001535,172.217.194.0-255,2902,44940,42,94571
20483,0.001538,172.31.46.0-255,66,45006,42,94571
20484,0.001566,172.217.194.0-255,5738,50744,42,94571
20485,0.001569,172.31.46.0-255,66,50810,42,94571
20486,0.001576,172.217.194.0-255,5705,56515,42,94571
20487,0.001578,172.31.46.0-255,66,56581,42,94571
20488,0.005454,172.217.194.0-255,1484,58065,42,94571
20489,0.005463,172.217.194.0-255,2902,60967,42,94571
20490,0.005467,172.31.46.0-255,66,61033,42,94571
20491,0.005486,172.217.194.0-255,1484,62517,42,94571
20492,0.007779,172.217.194.0-255,4320,66837,42,94571
20493,0.007786,172.31.46.0-255,66,66903,42,94571
20494,0.01012,172.217.194.0-255,5738,72641,42,94571
20495,0.010126,172.31.46.0-255,66,72707,42,94571
20496,0.012458,172.217.194.0-255,4320,77027,42,94571
20497,0.012464,172.31.46.0-255,66,77093,42,94571
20498,0.012477,172.217.194.0-255,1484,78577,42,94571
20499,0.014816,172.217.194.0-255,4320,82897,42,94571
20500,0.014822,172.31.46.0-255,66,82963,42,94571
20501,0.01719,172.217.194.0-255,5738,88701,42,94571
20502,0.017198,172.31.46.0-255,66,88767,42,94571
20503,0.019538,172.217.194.0-255,5738,94505,42,94571
20504,0.019547,172.31.46.0-255,66,94571,42,94571
20505,0.0,172.217.194.0-255,153,153,42,218667
20506,2e-05,172.31.46.0-255,66,219,42,218667
20507,2.5e-05,172.217.194.0-255,1484,1703,42,218667
20508,2.9e-05,172.31.46.0-255,66,1769,42,218667
20509,4.3e-05,172.217.194.0-255,2902,4671,42,218667
20510,4.6e-05,172.31.46.0-255,66,4737,42,218667
20511,5.4e-05,172.217.194.0-255,7156,11893,42,218667
20512,7.2e-05,172.31.46.0-255,66,11959,42,218667
20513,7.6e-05,172.217.194.0-255,2053,14012,42,218667
20514,7.8e-05,172.31.46.0-255,66,14078,42,218667
20515,0.000167,172.217.194.0-255,1484,15562,42,218667
20516,0.000171,172.31.46.0-255,66,15628,42,218667
20517,0.000177,172.217.194.0-255,2902,18530,42,218667
20518,0.000179,172.31.46.0-255,66,18596,42,218667
20519,0.000183,172.217.194.0-255,1484,20080,42,218667
20520,0.000189,172.31.46.0-255,66,20146,42,218667
20521,0.000225,172.217.194.0-255,4320,24466,42,218667
20522,0.000227,172.31.46.0-255,66,24532,42,218667
20523,0.000233,172.217.194.0-255,4320,28852,42,218667
20524,0.000236,172.31.46.0-255,66,28918,42,218667
20525,0.000255,172.31.46.0-255,66,28984,42,218667
20526,0.000267,172.31.46.0-255,66,29050,42,218667
20527,0.000316,172.217.194.0-255,7156,36206,42,218667
20528,0.000319,172.31.46.0-255,66,36272,42,218667
20529,0.000346,172.217.194.0-255,6438,42710,42,218667
20530,0.000349,172.31.46.0-255,66,42776,42,218667
20531,0.000352,172.217.194.0-255,677,43453,42,218667
20532,0.000354,172.31.46.0-255,66,43519,42,218667
20533,0.000492,172.217.194.0-255,1484,45003,42,218667
20534,0.000498,172.31.46.0-255,66,45069,42,218667
20535,0.000529,172.217.194.0-255,2902,47971,42,218667
20536,0.000532,172.31.46.0-255,66,48037,42,218667
20537,0.000538,172.217.194.0-255,5738,53775,42,218667
20538,0.000541,172.31.46.0-255,66,53841,42,218667
20539,0.000553,172.217.194.0-255,7156,60997,42,218667
20540,0.000556,172.31.46.0-255,66,61063,42,218667
20541,0.000592,172.217.194.0-255,5738,66801,42,218667
20542,0.000595,172.31.46.0-255,66,66867,42,218667
20543,0.000611,172.31.46.0-255,66,66933,42,218667
20544,0.000614,172.217.194.0-255,766,67699,42,218667
20545,0.000666,172.217.194.0-255,1484,69183,42,218667
20546,0.00067,172.31.46.0-255,66,69249,42,218667
20547,0.000674,172.217.194.0-255,2902,72151,42,218667
20548,0.000677,172.31.46.0-255,66,72217,42,218667
20549,0.000704,172.217.194.0-255,5738,77955,42,218667
20550,0.000708,172.31.46.0-255,66,78021,42,218667
20551,0.000726,172.31.46.0-255,66,78087,42,218667
20552,0.000738,172.31.46.0-255,66,78153,42,218667
20553,0.000768,172.217.194.0-255,2184,80337,42,218667
20554,0.00077,172.31.46.0-255,66,80403,42,218667
20555,0.001074,172.217.194.0-255,1484,81887,42,218667
20556,0.001093,172.217.194.0-255,2902,84789,42,218667
20557,0.001096,172.31.46.0-255,66,84855,42,218667
20558,0.001125,172.217.194.0-255,5738,90593,42,218667
20559,0.001128,172.31.46.0-255,66,90659,42,218667
20560,0.001134,172.217.194.0-255,5738,96397,42,218667
20561,0.001136,172.31.46.0-255,66,96463,42,218667
20562,0.001182,172.217.194.0-255,5020,101483,42,218667
20563,0.001224,172.31.46.0-255,66,101549,42,218667
20564,0.001228,172.31.46.0-255,66,101615,42,218667
20565,0.001269,172.217.194.0-255,1484,103099,42,218667
20566,0.001273,172.217.194.0-255,2902,106001,42,218667
20567,0.001276,172.31.46.0-255,66,106067,42,218667
20568,0.001281,172.217.194.0-255,2902,108969,42,218667
20569,0.001284,172.31.46.0-255,66,109035,42,218667
20570,0.001308,172.217.194.0-255,2902,111937,42,218667
20571,0.001311,172.31.46.0-255,66,112003,42,218667
20572,0.001329,172.31.46.0-255,66,112069,42,218667
20573,0.00135,172.217.194.0-255,1484,113553,42,218667
20574,0.001362,172.217.194.0-255,7156,120709,42,218667
20575,0.001365,172.31.46.0-255,66,120775,42,218667
20576,0.001368,172.217.194.0-255,1484,122259,42,218667
20577,0.001398,172.217.194.0-255,2184,124443,42,218667
20578,0.0014,172.31.46.0-255,66,124509,42,218667
20579,0.001538,172.217.194.0-255,1484,125993,42,218667
20580,0.001544,172.217.194.0-255,2902,128895,42,218667
20581,0.001547,172.31.46.0-255,66,128961,42,218667
20582,0.001578,172.217.194.0-255,5738,134699,42,218667
20583,0.001581,172.31.46.0-255,66,134765,42,218667
20584,0.001588,172.217.194.0-255,5738,140503,42,218667
20585,0.00159,172.31.46.0-255,66,140569,42,218667
20586,0.001641,172.31.46.0-255,66,140635,42,218667
20587,0.001648,172.217.194.0-255,5020,145655,42,218667
20588,0.00165,172.31.46.0-255,66,145721,42,218667
20589,0.001829,172.217.194.0-255,1484,147205,42,218667
20590,0.001848,172.217.194.0-255,2902,150107,42,218667
20591,0.001852,172.31.46.0-255,66,150173,42,218667
20592,0.001858,172.217.194.0-255,5738,155911,42,218667
20593,0.00186,172.31.46.0-255,66,155977,42,218667
20594,0.001892,172.217.194.0-255,7156,163133,42,218667
20595,0.001895,172.31.46.0-255,66,163199,42,218667
20596,0.001927,172.217.194.0-255,5738,168937,42,218667
20597,0.00193,172.31.46.0-255,66,169003,42,218667
20598,0.001937,172.217.194.0-255,7156,176159,42,218667
20599,0.00194,172.31.46.0-255,66,176225,42,218667
20600,0.001957,172.31.46.0-255,66,176291,42,218667
20601,0.001994,172.31.46.0-255,66,176357,42,218667
20602,0.001998,172.217.194.0-255,2902,179259,42,218667
20603,0.002001,172.31.46.0-255,66,179325,42,218667
20604,0.002045,172.31.46.0-255,66,179391,42,218667
20605,0.004325,172.217.194.0-255,5738,185129,42,218667
20606,0.004332,172.31.46.0-255,66,185195,42,218667
20607,0.006623,172.217.194.0-255,5738,190933,42,218667
20608,0.006629,172.31.46.0-255,66,190999,42,218667
20609,0.008906,172.217.194.0-255,4320,195319,42,218667
20610,0.008911,172.31.46.0-255,66,195385,42,218667
20611,0.008933,172.217.194.0-255,1484,196869,42,218667
20612,0.011181,172.217.194.0-255,4320,201189,42,218667
20613,0.011187,172.31.46.0-255,66,201255,42,218667
20614,0.013478,172.217.194.0-255,5738,206993,42,218667
20615,0.013495,172.31.46.0-255,66,207059,42,218667
20616,0.015765,172.217.194.0-255,5738,212797,42,218667
20617,0.015774,172.31.46.0-255,66,212863,42,218667
20618,0.018051,172.217.194.0-255,5738,218601,42,218667
20619,0.018062,172.31.46.0-255,66,218667,42,218667
20620,0.0,172.217.194.0-255,156,156,42,161370
20621,1.6e-05,172.31.46.0-255,66,222,42,161370
20622,2.3e-05,172.217.194.0-255,1484,1706,42,161370
20623,2.8e-05,172.31.46.0-255,66,1772,42,161370
20624,3.3e-05,172.217.194.0-255,2902,4674,42,161370
20625,3.7e-05,172.31.46.0-255,66,4740,42,161370
20626,6.9e-05,172.217.194.0-255,5738,10478,42,161370
20627,7.3e-05,172.31.46.0-255,66,10544,42,161370
20628,7.8e-05,172.217.194.0-255,3492,14036,42,161370
20629,8.1e-05,172.31.46.0-255,66,14102,42,161370
20630,0.000127,172.31.46.0-255,66,14168,42,161370
20631,0.000147,172.217.194.0-255,2902,17070,42,161370
20632,0.00015,172.31.46.0-255,66,17136,42,161370
20633,0.000156,172.217.194.0-255,5379,22515,42,161370
20634,0.000158,172.31.46.0-255,66,22581,42,161370
20635,0.000248,172.217.194.0-255,1484,24065,42,161370
20636,0.000252,172.31.46.0-255,66,24131,42,161370
20637,0.000257,172.217.194.0-255,2902,27033,42,161370
20638,0.00026,172.31.46.0-255,66,27099,42,161370
20639,0.00028,172.217.194.0-255,5738,32837,42,161370
20640,0.000283,172.31.46.0-255,66,32903,42,161370
20641,0.000312,172.31.46.0-255,66,32969,42,161370
20642,0.000333,172.217.194.0-255,2902,35871,42,161370
20643,0.000335,172.31.46.0-255,66,35937,42,161370
20644,0.000365,172.31.46.0-255,66,36003,42,161370
20645,0.000368,172.217.194.0-255,393,36396,42,161370
20646,0.00037,172.31.46.0-255,66,36462,42,161370
20647,0.000496,172.217.194.0-255,1484,37946,42,161370
20648,0.000501,172.31.46.0-255,66,38012,42,161370
20649,0.000506,172.217.194.0-255,2902,40914,42,161370
20650,0.000509,172.31.46.0-255,66,40980,42,161370
20651,0.000514,172.217.194.0-255,4320,45300,42,161370
20652,0.000517,172.31.46.0-255,66,45366,42,161370
20653,0.000541,172.217.194.0-255,1484,46850,42,161370
20654,0.000549,172.217.194.0-255,7156,54006,42,161370
20655,0.000552,172.31.46.0-255,66,54072,42,161370
20656,0.000558,172.217.194.0-255,5738,59810,42,161370
20657,0.00056,172.31.46.0-255,66,59876,42,161370
20658,0.00059,172.217.194.0-255,2184,62060,42,161370
20659,0.000599,172.31.46.0-255,66,62126,42,161370
20660,0.000601,172.31.46.0-255,66,62192,42,161370
20661,0.001222,172.217.194.0-255,1484,63676,42,161370
20662,0.001229,172.217.194.0-255,2902,66578,42,161370
20663,0.001232,172.31.46.0-255,66,66644,42,161370
20664,0.001254,172.217.194.0-255,5738,72382,42,161370
20665,0.001259,172.217.194.0-255,4320,76702,42,161370
20666,0.001262,172.31.46.0-255,66,76768,42,161370
20667,0.001265,172.31.46.0-255,66,76834,42,161370
20668,0.00128,172.217.194.0-255,7156,83990,42,161370
20669,0.001282,172.31.46.0-255,66,84056,42,161370
20670,0.001304,172.217.194.0-255,1484,85540,42,161370
20671,0.00131,172.217.194.0-255,4320,89860,42,161370
20672,0.001313,172.31.46.0-255,66,89926,42,161370
20673,0.001336,172.217.194.0-255,6438,96364,42,161370
20674,0.001339,172.31.46.0-255,66,96430,42,161370
20675,0.002003,172.217.194.0-255,1484,97914,42,161370
20676,0.002012,172.217.194.0-255,2902,100816,42,161370
20677,0.002016,172.31.46.0-255,66,100882,42,161370
20678,0.002025,172.217.194.0-255,5738,106620,42,161370
20679,0.002027,172.31.46.0-255,66,106686,42,161370
20680,0.002064,172.31.46.0-255,66,106752,42,161370
20681,0.002084,172.217.194.0-255,2902,109654,42,161370
20682,0.002086,172.31.46.0-255,66,109720,42,161370
20683,0.002091,172.217.194.0-255,2902,112622,42,161370
20684,0.002093,172.31.46.0-255,66,112688,42,161370
20685,0.002113,172.217.194.0-255,1484,114172,42,161370
20686,0.002139,172.217.194.0-255,6438,120610,42,161370
20687,0.002141,172.31.46.0-255,66,120676,42,161370
20688,0.002299,172.217.194.0-255,1484,122160,42,161370
20689,0.004442,172.217.194.0-255,4320,126480,42,161370
20690,0.004445,172.31.46.0-255,66,126546,42,161370
20691,0.006761,172.217.194.0-255,5738,132284,42,161370
20692,0.006767,172.31.46.0-255,66,132350,42,161370
20693,0.009055,172.217.194.0-255,5738,138088,42,161370
20694,0.009063,172.31.46.0-255,66,138154,42,161370
20695,0.01137,172.217.194.0-255,5738,143892,42,161370
20696,0.011379,172.31.46.0-255,66,143958,42,161370
20697,0.013692,172.217.194.0-255,5738,149696,42,161370
20698,0.0137,172.31.46.0-255,66,149762,42,161370
20699,0.015995,172.217.194.0-255,5738,155500,42,161370
20700,0.016003,172.31.46.0-255,66,155566,42,161370
20701,0.018285,172.217.194.0-255,5738,161304,42,161370
20702,0.018294,172.31.46.0-255,66,161370,42,161370
20703,0.0,74.125.24.0-255,153,153,42,146610
20704,2.2e-05,172.31.46.0-255,66,219,42,146610
20705,2.9e-05,74.125.24.0-255,1484,1703,42,146610
20706,3.4e-05,172.31.46.0-255,66,1769,42,146610
20707,4.5e-05,74.125.24.0-255,2902,4671,42,146610
20708,4.8e-05,172.31.46.0-255,66,4737,42,146610
20709,5.5e-05,74.125.24.0-255,7156,11893,42,146610
20710,5.8e-05,172.31.46.0-255,66,11959,42,146610
20711,9.9e-05,74.125.24.0-255,1978,13937,42,146610
20712,0.000102,172.31.46.0-255,66,14003,42,146610
20713,0.000567,74.125.24.0-255,1484,15487,42,146610
20714,0.000573,172.31.46.0-255,66,15553,42,146610
20715,0.000581,74.125.24.0-255,2902,18455,42,146610
20716,0.000584,172.31.46.0-255,66,18521,42,146610
20717,0.000595,74.125.24.0-255,2902,21423,42,146610
20718,0.000597,172.31.46.0-255,66,21489,42,146610
20719,0.000626,74.125.24.0-255,2902,24391,42,146610
20720,0.000628,172.31.46.0-255,66,24457,42,146610
20721,0.000636,74.125.24.0-255,7156,31613,42,146610
20722,0.000639,172.31.46.0-255,66,31679,42,146610
20723,0.00067,74.125.24.0-255,6797,38476,42,146610
20724,0.000677,172.31.46.0-255,66,38542,42,146610
20725,0.000688,172.31.46.0-255,66,38608,42,146610
20726,0.000699,172.31.46.0-255,66,38674,42,146610
20727,0.000748,172.31.46.0-255,66,38740,42,146610
20728,0.000751,74.125.24.0-255,424,39164,42,146610
20729,0.000753,172.31.46.0-255,66,39230,42,146610
20730,0.000868,74.125.24.0-255,1484,40714,42,146610
20731,0.000872,172.31.46.0-255,66,40780,42,146610
20732,0.000877,74.125.24.0-255,2902,43682,42,146610
20733,0.00088,172.31.46.0-255,66,43748,42,146610
20734,0.000918,74.125.24.0-255,5738,49486,42,146610
20735,0.000922,172.31.46.0-255,66,49552,42,146610
20736,0.000936,172.31.46.0-255,66,49618,42,146610
20737,0.000953,172.31.46.0-255,66,49684,42,146610
20738,0.001195,74.125.24.0-255,1484,51168,42,146610
20739,0.001204,74.125.24.0-255,2902,54070,42,146610
20740,0.001208,172.31.46.0-255,66,54136,42,146610
20741,0.001215,74.125.24.0-255,4320,58456,42,146610
20742,0.001218,172.31.46.0-255,66,58522,42,146610
20743,0.001247,74.125.24.0-255,1484,60006,42,146610
20744,0.001262,172.31.46.0-255,66,60072,42,146610
20745,0.001284,172.31.46.0-255,66,60138,42,146610
20746,0.001296,172.31.46.0-255,66,60204,42,146610
20747,0.001325,74.125.24.0-255,5738,65942,42,146610
20748,0.001328,172.31.46.0-255,66,66008,42,146610
20749,0.00134,172.31.46.0-255,66,66074,42,146610
20750,0.001349,74.125.24.0-255,3602,69676,42,146610
20751,0.001352,172.31.46.0-255,66,69742,42,146610
20752,0.001422,74.125.24.0-255,4320,74062,42,146610
20753,0.001425,172.31.46.0-255,66,74128,42,146610
20754,0.001443,172.31.46.0-255,66,74194,42,146610
20755,0.001451,74.125.24.0-255,7156,81350,42,146610
20756,0.001453,172.31.46.0-255,66,81416,42,146610
20757,0.001458,74.125.24.0-255,4320,85736,42,146610
20758,0.00146,172.31.46.0-255,66,85802,42,146610
20759,0.001507,172.31.46.0-255,66,85868,42,146610
20760,0.00151,74.125.24.0-255,1484,87352,42,146610
20761,0.001514,74.125.24.0-255,2902,90254,42,146610
20762,0.001517,172.31.46.0-255,66,90320,42,146610
20763,0.001521,74.125.24.0-255,2902,93222,42,146610
20764,0.001528,172.31.46.0-255,66,93288,42,146610
20765,0.00154,74.125.24.0-255,2902,96190,42,146610
20766,0.001543,172.31.46.0-255,66,96256,42,146610
20767,0.001549,74.125.24.0-255,4320,100576,42,146610
20768,0.001552,172.31.46.0-255,66,100642,42,146610
20769,0.001591,172.31.46.0-255,66,100708,42,146610
20770,0.001603,172.31.46.0-255,66,100774,42,146610
20771,0.001619,172.31.46.0-255,66,100840,42,146610
20772,0.001668,172.31.46.0-255,66,100906,42,146610
20773,0.001679,172.31.46.0-255,66,100972,42,146610
20774,0.001684,74.125.24.0-255,4320,105292,42,146610
20775,0.001687,172.31.46.0-255,66,105358,42,146610
20776,0.001742,172.31.46.0-255,66,105424,42,146610
20777,0.001769,74.125.24.0-255,4320,109744,42,146610
20778,0.001771,172.31.46.0-255,66,109810,42,146610
20779,0.001775,74.125.24.0-255,766,110576,42,146610
20780,0.001778,74.125.24.0-255,1484,112060,42,146610
20781,0.00178,172.31.46.0-255,66,112126,42,146610
20782,0.001783,74.125.24.0-255,1484,113610,42,146610
20783,0.001805,74.125.24.0-255,2902,116512,42,146610
20784,0.001807,172.31.46.0-255,66,116578,42,146610
20785,0.001811,74.125.24.0-255,2902,119480,42,146610
20786,0.001814,172.31.46.0-255,66,119546,42,146610
20787,0.001828,74.125.24.0-255,4320,123866,42,146610
20788,0.001831,172.31.46.0-255,66,123932,42,146610
20789,0.001842,172.31.46.0-255,66,123998,42,146610
20790,0.001857,172.31.46.0-255,66,124064,42,146610
20791,0.001893,74.125.24.0-255,4320,128384,42,146610
20792,0.001916,74.125.24.0-255,3602,131986,42,146610
20793,0.001984,74.125.24.0-255,4320,136306,42,146610
20794,0.002023,74.125.24.0-255,7156,143462,42,146610
20795,0.00204,74.125.24.0-255,2806,146268,42,146610
20796,0.002044,74.125.24.0-255,105,146373,42,146610
20797,0.004449,172.31.46.0-255,66,146439,42,146610
20798,0.007223,172.31.46.0-255,105,146544,42,146610
20799,0.009463,74.125.24.0-255,66,146610,42,146610
20800,0.0,216.58.221.0-255,150,150,42,117022
20801,1.7e-05,172.31.46.0-255,66,216,42,117022
20802,2.3e-05,216.58.221.0-255,1484,1700,42,117022
20803,2.7e-05,172.31.46.0-255,66,1766,42,117022
20804,3.3e-05,216.58.221.0-255,2902,4668,42,117022
20805,3.6e-05,172.31.46.0-255,66,4734,42,117022
20806,5e-05,216.58.221.0-255,7156,11890,42,117022
20807,5.3e-05,172.31.46.0-255,66,11956,42,117022
20808,7.3e-05,216.58.221.0-255,2137,14093,42,117022
20809,7.9e-05,172.31.46.0-255,66,14159,42,117022
20810,0.000383,216.58.221.0-255,1484,15643,42,117022
20811,0.000388,172.31.46.0-255,66,15709,42,117022
20812,0.000394,216.58.221.0-255,2902,18611,42,117022
20813,0.000397,172.31.46.0-255,66,18677,42,117022
20814,0.000406,216.58.221.0-255,5738,24415,42,117022
20815,0.000409,172.31.46.0-255,66,24481,42,117022
20816,0.000448,216.58.221.0-255,6797,31278,42,117022
20817,0.000451,172.31.46.0-255,66,31344,42,117022
20818,0.001062,216.58.221.0-255,1484,32828,42,117022
20819,0.001068,172.31.46.0-255,66,32894,42,117022
20820,0.001077,216.58.221.0-255,2902,35796,42,117022
20821,0.001084,172.31.46.0-255,66,35862,42,117022
20822,0.001091,216.58.221.0-255,5738,41600,42,117022
20823,0.001092,172.31.46.0-255,66,41666,42,117022
20824,0.0011,216.58.221.0-255,5738,47404,42,117022
20825,0.001102,172.31.46.0-255,66,47470,42,117022
20826,0.001148,216.58.221.0-255,1125,48595,42,117022
20827,0.001151,172.31.46.0-255,66,48661,42,117022
20828,0.001198,216.58.221.0-255,1484,50145,42,117022
20829,0.001201,172.31.46.0-255,66,50211,42,117022
20830,0.001225,216.58.221.0-255,2902,53113,42,117022
20831,0.001227,172.31.46.0-255,66,53179,42,117022
20832,0.001233,216.58.221.0-255,5738,58917,42,117022
20833,0.001235,172.31.46.0-255,66,58983,42,117022
20834,0.001264,216.58.221.0-255,6797,65780,42,117022
20835,0.001266,172.31.46.0-255,66,65846,42,117022
20836,0.001287,216.58.221.0-255,358,66204,42,117022
20837,0.003231,216.58.221.0-255,4320,70524,42,117022
20838,0.003239,172.31.46.0-255,66,70590,42,117022
20839,0.005206,216.58.221.0-255,5738,76328,42,117022
20840,0.005213,172.31.46.0-255,66,76394,42,117022
20841,0.007193,216.58.221.0-255,5738,82132,42,117022
20842,0.007201,172.31.46.0-255,66,82198,42,117022
20843,0.009171,216.58.221.0-255,5738,87936,42,117022
20844,0.00918,172.31.46.0-255,66,88002,42,117022
20845,0.011164,216.58.221.0-255,5738,93740,42,117022
20846,0.011176,172.31.46.0-255,66,93806,42,117022
20847,0.013157,216.58.221.0-255,5738,99544,42,117022
20848,0.01317,172.31.46.0-255,66,99610,42,117022
20849,0.015153,216.58.221.0-255,5738,105348,42,117022
20850,0.015163,172.31.46.0-255,66,105414,42,117022
20851,0.017129,216.58.221.0-255,5738,111152,42,117022
20852,0.017138,172.31.46.0-255,66,111218,42,117022
20853,0.019112,216.58.221.0-255,5738,116956,42,117022
20854,0.019119,172.31.46.0-255,66,117022,42,117022
20855,0.0,74.125.200.0-255,150,150,42,207705
20856,1.5e-05,172.31.46.0-255,66,216,42,207705
20857,4e-05,74.125.200.0-255,1484,1700,42,207705
20858,4.5e-05,172.31.46.0-255,66,1766,42,207705
20859,5.1e-05,74.125.200.0-255,2902,4668,42,207705
20860,5.5e-05,172.31.46.0-255,66,4734,42,207705
20861,0.000104,74.125.200.0-255,5738,10472,42,207705
20862,0.000107,172.31.46.0-255,66,10538,42,207705
20863,0.00011,74.125.200.0-255,1484,12022,42,207705
20864,0.000112,172.31.46.0-255,66,12088,42,207705
20865,0.000117,74.125.200.0-255,2053,14141,42,207705
20866,0.000119,172.31.46.0-255,66,14207,42,207705
20867,0.0002,74.125.200.0-255,1484,15691,42,207705
20868,0.000204,172.31.46.0-255,66,15757,42,207705
20869,0.000231,74.125.200.0-255,2902,18659,42,207705
20870,0.000234,172.31.46.0-255,66,18725,42,207705
20871,0.000239,74.125.200.0-255,2902,21627,42,207705
20872,0.000241,172.31.46.0-255,66,21693,42,207705
20873,0.000266,74.125.200.0-255,4320,26013,42,207705
20874,0.000269,172.31.46.0-255,66,26079,42,207705
20875,0.000308,74.125.200.0-255,5379,31458,42,207705
20876,0.000312,172.31.46.0-255,66,31524,42,207705
20877,0.000516,74.125.200.0-255,1484,33008,42,207705
20878,0.000521,74.125.200.0-255,2902,35910,42,207705
20879,0.000528,172.31.46.0-255,66,35976,42,207705
20880,0.000537,172.31.46.0-255,66,36042,42,207705
20881,0.000546,74.125.200.0-255,2902,38944,42,207705
20882,0.000548,172.31.46.0-255,66,39010,42,207705
20883,0.000555,74.125.200.0-255,4320,43330,42,207705
20884,0.000557,172.31.46.0-255,66,43396,42,207705
20885,0.00059,74.125.200.0-255,4320,47716,42,207705
20886,0.000594,172.31.46.0-255,66,47782,42,207705
20887,0.000632,74.125.200.0-255,5379,53161,42,207705
20888,0.000635,172.31.46.0-255,66,53227,42,207705
20889,0.000664,74.125.200.0-255,2902,56129,42,207705
20890,0.000667,172.31.46.0-255,66,56195,42,207705
20891,0.000672,74.125.200.0-255,4320,60515,42,207705
20892,0.000675,172.31.46.0-255,66,60581,42,207705
20893,0.000701,74.125.200.0-255,5379,65960,42,207705
20894,0.000704,172.31.46.0-255,66,66026,42,207705
20895,0.00098,74.125.200.0-255,645,66671,42,207705
20896,0.001156,74.125.200.0-255,1484,68155,42,207705
20897,0.001161,172.31.46.0-255,66,68221,42,207705
20898,0.001193,74.125.200.0-255,2902,71123,42,207705
20899,0.001196,172.31.46.0-255,66,71189,42,207705
20900,0.001203,74.125.200.0-255,5738,76927,42,207705
20901,0.001205,172.31.46.0-255,66,76993,42,207705
20902,0.001208,74.125.200.0-255,1484,78477,42,207705
20903,0.001213,74.125.200.0-255,2902,81379,42,207705
20904,0.001215,172.31.46.0-255,66,81445,42,207705
20905,0.001254,74.125.200.0-255,5738,87183,42,207705
20906,0.001257,172.31.46.0-255,66,87249,42,207705
20907,0.001263,74.125.200.0-255,4320,91569,42,207705
20908,0.001265,172.31.46.0-255,66,91635,42,207705
20909,0.001271,74.125.200.0-255,5738,97373,42,207705
20910,0.001273,172.31.46.0-255,66,97439,42,207705
20911,0.001302,74.125.200.0-255,3602,101041,42,207705
20912,0.001305,172.31.46.0-255,66,101107,42,207705
20913,0.001404,74.125.200.0-255,1484,102591,42,207705
20914,0.001422,74.125.200.0-255,2902,105493,42,207705
20915,0.001426,172.31.46.0-255,66,105559,42,207705
20916,0.001453,74.125.200.0-255,2902,108461,42,207705
20917,0.001456,172.31.46.0-255,66,108527,42,207705
20918,0.00148,74.125.200.0-255,2902,111429,42,207705
20919,0.001482,172.31.46.0-255,66,111495,42,207705
20920,0.00149,74.125.200.0-255,7156,118651,42,207705
20921,0.001492,172.31.46.0-255,66,118717,42,207705
20922,0.001497,74.125.200.0-255,2902,121619,42,207705
20923,0.001499,172.31.46.0-255,66,121685,42,207705
20924,0.001538,74.125.200.0-255,4320,126005,42,207705
20925,0.001541,172.31.46.0-255,66,126071,42,207705
20926,0.001581,172.31.46.0-255,66,126137,42,207705
20927,0.001584,74.125.200.0-255,766,126903,42,207705
20928,0.001651,74.125.200.0-255,1484,128387,42,207705
20929,0.001655,172.31.46.0-255,66,128453,42,207705
20930,0.00166,74.125.200.0-255,2902,131355,42,207705
20931,0.001663,172.31.46.0-255,66,131421,42,207705
20932,0.001693,74.125.200.0-255,5738,137159,42,207705
20933,0.001696,172.31.46.0-255,66,137225,42,207705
20934,0.001701,74.125.200.0-255,2902,140127,42,207705
20935,0.001703,172.31.46.0-255,66,140193,42,207705
20936,0.001734,74.125.200.0-255,1484,141677,42,207705
20937,0.001741,74.125.200.0-255,5738,147415,42,207705
20938,0.001744,172.31.46.0-255,66,147481,42,207705
20939,0.001747,74.125.200.0-255,1484,148965,42,207705
20940,0.001778,74.125.200.0-255,5738,154703,42,207705
20941,0.001781,172.31.46.0-255,66,154769,42,207705
20942,0.001814,74.125.200.0-255,6438,161207,42,207705
20943,0.001818,172.31.46.0-255,66,161273,42,207705
20944,0.004051,74.125.200.0-255,5738,167011,42,207705
20945,0.004058,172.31.46.0-255,66,167077,42,207705
20946,0.006275,74.125.200.0-255,5738,172815,42,207705
20947,0.006282,172.31.46.0-255,66,172881,42,207705
20948,0.008519,74.125.200.0-255,5738,178619,42,207705
20949,0.008526,172.31.46.0-255,66,178685,42,207705
20950,0.010787,74.125.200.0-255,5738,184423,42,207705
20951,0.010801,172.31.46.0-255,66,184489,42,207705
20952,0.013031,74.125.200.0-255,5738,190227,42,207705
20953,0.013042,172.31.46.0-255,66,190293,42,207705
20954,0.015262,74.125.200.0-255,5738,196031,42,207705
20955,0.015274,172.31.46.0-255,66,196097,42,207705
20956,0.017498,74.125.200.0-255,5738,201835,42,207705
20957,0.01751,172.31.46.0-255,66,201901,42,207705
20958,0.019748,74.125.200.0-255,5738,207639,42,207705
20959,0.019761,172.31.46.0-255,66,207705,42,207705
20960,0.0,172.217.194.0-255,296,296,42,200363
20961,1.9e-05,172.31.46.0-255,66,362,42,200363
20962,2.5e-05,172.217.194.0-255,1484,1846,42,200363
20963,2.9e-05,172.31.46.0-255,66,1912,42,200363
20964,3.6e-05,172.217.194.0-255,4320,6232,42,200363
20965,4.5e-05,172.31.46.0-255,66,6298,42,200363
20966,8e-05,172.217.194.0-255,4320,10618,42,200363
20967,8.4e-05,172.31.46.0-255,66,10684,42,200363
20968,9e-05,172.217.194.0-255,4757,15441,42,200363
20969,9.2e-05,172.31.46.0-255,66,15507,42,200363
20970,0.000152,172.217.194.0-255,4320,19827,42,200363
20971,0.000154,172.31.46.0-255,66,19893,42,200363
20972,0.000171,172.31.46.0-255,66,19959,42,200363
20973,0.000218,172.217.194.0-255,1484,21443,42,200363
20974,0.00022,172.31.46.0-255,66,21509,42,200363
20975,0.000225,172.217.194.0-255,2902,24411,42,200363
20976,0.000227,172.31.46.0-255,66,24477,42,200363
20977,0.000258,172.217.194.0-255,5738,30215,42,200363
20978,0.00026,172.31.46.0-255,66,30281,42,200363
20979,0.000265,172.217.194.0-255,4320,34601,42,200363
20980,0.000267,172.31.46.0-255,66,34667,42,200363
20981,0.000304,172.31.46.0-255,66,34733,42,200363
20982,0.000309,172.217.194.0-255,4320,39053,42,200363
20983,0.000311,172.31.46.0-255,66,39119,42,200363
20984,0.000359,172.217.194.0-255,2852,41971,42,200363
20985,0.000362,172.31.46.0-255,66,42037,42,200363
20986,0.000387,172.217.194.0-255,378,42415,42,200363
20987,0.000389,172.31.46.0-255,66,42481,42,200363
20988,0.000684,172.217.194.0-255,1484,43965,42,200363
20989,0.000688,172.31.46.0-255,66,44031,42,200363
20990,0.000694,172.217.194.0-255,2902,46933,42,200363
20991,0.000696,172.31.46.0-255,66,46999,42,200363
20992,0.000724,172.217.194.0-255,4320,51319,42,200363
20993,0.000726,172.31.46.0-255,66,51385,42,200363
20994,0.000732,172.217.194.0-255,5738,57123,42,200363
20995,0.000734,172.31.46.0-255,66,57189,42,200363
20996,0.000763,172.217.194.0-255,2902,60091,42,200363
20997,0.000766,172.31.46.0-255,66,60157,42,200363
20998,0.000777,172.31.46.0-255,66,60223,42,200363
20999,0.000797,172.217.194.0-255,1484,61707,42,200363
21000,0.00081,172.217.194.0-255,3602,65309,42,200363
21001,0.000813,172.31.46.0-255,66,65375,42,200363
21002,0.001246,172.217.194.0-255,1484,66859,42,200363
21003,0.001267,172.217.194.0-255,2902,69761,42,200363
21004,0.001271,172.31.46.0-255,66,69827,42,200363
21005,0.001279,172.217.194.0-255,5738,75565,42,200363
21006,0.001281,172.31.46.0-255,66,75631,42,200363
21007,0.001286,172.217.194.0-255,4320,79951,42,200363
21008,0.001289,172.31.46.0-255,66,80017,42,200363
21009,0.001338,172.31.46.0-255,66,80083,42,200363
21010,0.001345,172.31.46.0-255,66,80149,42,200363
21011,0.001398,172.217.194.0-255,1484,81633,42,200363
21012,0.001404,172.217.194.0-255,2902,84535,42,200363
21013,0.001406,172.31.46.0-255,66,84601,42,200363
21014,0.001433,172.217.194.0-255,1484,86085,42,200363
21015,0.001437,172.217.194.0-255,2902,88987,42,200363
21016,0.00144,172.31.46.0-255,66,89053,42,200363
21017,0.001447,172.217.194.0-255,5738,94791,42,200363
21018,0.001449,172.31.46.0-255,66,94857,42,200363
21019,0.001468,172.217.194.0-255,1484,96341,42,200363
21020,0.001489,172.31.46.0-255,66,96407,42,200363
21021,0.001546,172.217.194.0-255,6438,102845,42,200363
21022,0.00155,172.31.46.0-255,66,102911,42,200363
21023,0.001628,172.217.194.0-255,1484,104395,42,200363
21024,0.001634,172.217.194.0-255,2902,107297,42,200363
21025,0.001638,172.31.46.0-255,66,107363,42,200363
21026,0.001671,172.217.194.0-255,5738,113101,42,200363
21027,0.001675,172.31.46.0-255,66,113167,42,200363
21028,0.001688,172.31.46.0-255,66,113233,42,200363
21029,0.001697,172.217.194.0-255,2902,116135,42,200363
21030,0.001699,172.31.46.0-255,66,116201,42,200363
21031,0.001705,172.217.194.0-255,4320,120521,42,200363
21032,0.001707,172.31.46.0-255,66,120587,42,200363
21033,0.001778,172.217.194.0-255,3602,124189,42,200363
21034,0.001783,172.217.194.0-255,4320,128509,42,200363
21035,0.001804,172.31.46.0-255,66,128575,42,200363
21036,0.001812,172.31.46.0-255,66,128641,42,200363
21037,0.001816,172.31.46.0-255,66,128707,42,200363
21038,0.001819,172.31.46.0-255,66,128773,42,200363
21039,0.001823,172.217.194.0-255,2902,131675,42,200363
21040,0.001826,172.31.46.0-255,66,131741,42,200363
21041,0.001877,172.31.46.0-255,66,131807,42,200363
21042,0.001897,172.31.46.0-255,66,131873,42,200363
21043,0.001908,172.31.46.0-255,66,131939,42,200363
21044,0.001969,172.31.46.0-255,66,132005,42,200363
21045,0.002014,172.31.46.0-255,66,132071,42,200363
21046,0.002298,172.217.194.0-255,1484,133555,42,200363
21047,0.002304,172.217.194.0-255,2902,136457,42,200363
21048,0.002308,172.31.46.0-255,66,136523,42,200363
21049,0.002315,172.217.194.0-255,5738,142261,42,200363
21050,0.002317,172.31.46.0-255,66,142327,42,200363
21051,0.002362,172.217.194.0-255,4320,146647,42,200363
21052,0.00238,172.217.194.0-255,5738,152385,42,200363
21053,0.002382,172.217.194.0-255,766,153151,42,200363
21054,0.002385,172.31.46.0-255,66,153217,42,200363
21055,0.002395,172.31.46.0-255,66,153283,42,200363
21056,0.002425,172.217.194.0-255,1484,154767,42,200363
21057,0.002448,172.217.194.0-255,4320,159087,42,200363
21058,0.002453,172.217.194.0-255,4320,163407,42,200363
21059,0.002457,172.217.194.0-255,2902,166309,42,200363
21060,0.00247,172.217.194.0-255,2902,169211,42,200363
21061,0.002476,172.217.194.0-255,2902,172113,42,200363
21062,0.002486,172.31.46.0-255,66,172179,42,200363
21063,0.002511,172.217.194.0-255,6438,178617,42,200363
21064,0.002516,172.31.46.0-255,66,178683,42,200363
21065,0.002538,172.217.194.0-255,7156,185839,42,200363
21066,0.002591,172.217.194.0-255,7156,192995,42,200363
21067,0.002608,172.217.194.0-255,4320,197315,42,200363
21068,0.002611,172.217.194.0-255,1484,198799,42,200363
21069,0.002618,172.31.46.0-255,66,198865,42,200363
21070,0.005168,172.217.194.0-255,1261,200126,42,200363
21071,0.008503,172.31.46.0-255,66,200192,42,200363
21072,0.008545,172.31.46.0-255,105,200297,42,200363
21073,0.011046,172.217.194.0-255,66,200363,42,200363
21074,0.0,74.125.24.0-255,153,153,42,219854
21075,2e-05,172.31.46.0-255,66,219,42,219854
21076,2.7e-05,74.125.24.0-255,1484,1703,42,219854
21077,3.2e-05,172.31.46.0-255,66,1769,42,219854
21078,3.8e-05,74.125.24.0-255,2902,4671,42,219854
21079,4.1e-05,172.31.46.0-255,66,4737,42,219854
21080,5.7e-05,74.125.24.0-255,7156,11893,42,219854
21081,6e-05,172.31.46.0-255,66,11959,42,219854
21082,6.4e-05,74.125.24.0-255,2012,13971,42,219854
21083,6.7e-05,172.31.46.0-255,66,14037,42,219854
21084,0.000118,74.125.24.0-255,1484,15521,42,219854
21085,0.000121,172.31.46.0-255,66,15587,42,219854
21086,0.000126,74.125.24.0-255,2902,18489,42,219854
21087,0.000129,172.31.46.0-255,66,18555,42,219854
21088,0.00016,74.125.24.0-255,5738,24293,42,219854
21089,0.000164,172.31.46.0-255,66,24359,42,219854
21090,0.000194,74.125.24.0-255,6797,31156,42,219854
21091,0.000197,172.31.46.0-255,66,31222,42,219854
21092,0.000224,74.125.24.0-255,7156,38378,42,219854
21093,0.000228,172.31.46.0-255,66,38444,42,219854
21094,0.00026,74.125.24.0-255,2902,41346,42,219854
21095,0.000263,172.31.46.0-255,66,41412,42,219854
21096,0.000288,74.125.24.0-255,1484,42896,42,219854
21097,0.000291,172.31.46.0-255,66,42962,42,219854
21098,0.000298,74.125.24.0-255,5379,48341,42,219854
21099,0.0003,172.31.46.0-255,66,48407,42,219854
21100,0.000324,74.125.24.0-255,1484,49891,42,219854
21101,0.000327,172.31.46.0-255,66,49957,42,219854
21102,0.000354,74.125.24.0-255,2902,52859,42,219854
21103,0.000357,172.31.46.0-255,66,52925,42,219854
21104,0.000364,74.125.24.0-255,5738,58663,42,219854
21105,0.000366,172.31.46.0-255,66,58729,42,219854
21106,0.000398,74.125.24.0-255,6797,65526,42,219854
21107,0.000401,172.31.46.0-255,66,65592,42,219854
21108,0.000492,74.125.24.0-255,392,65984,42,219854
21109,0.000496,172.31.46.0-255,66,66050,42,219854
21110,0.000533,74.125.24.0-255,1484,67534,42,219854
21111,0.000536,172.31.46.0-255,66,67600,42,219854
21112,0.000564,74.125.24.0-255,4320,71920,42,219854
21113,0.000566,172.31.46.0-255,66,71986,42,219854
21114,0.000571,74.125.24.0-255,2902,74888,42,219854
21115,0.000574,172.31.46.0-255,66,74954,42,219854
21116,0.00061,74.125.24.0-255,7156,82110,42,219854
21117,0.000613,172.31.46.0-255,66,82176,42,219854
21118,0.000618,74.125.24.0-255,4320,86496,42,219854
21119,0.00062,172.31.46.0-255,66,86562,42,219854
21120,0.000645,74.125.24.0-255,5738,92300,42,219854
21121,0.000648,172.31.46.0-255,66,92366,42,219854
21122,0.000679,172.31.46.0-255,66,92432,42,219854
21123,0.001147,74.125.24.0-255,1484,93916,42,219854
21124,0.001152,74.125.24.0-255,2902,96818,42,219854
21125,0.001158,172.31.46.0-255,66,96884,42,219854
21126,0.001162,172.31.46.0-255,66,96950,42,219854
21127,0.001177,74.125.24.0-255,4320,101270,42,219854
21128,0.001185,172.31.46.0-255,66,101336,42,219854
21129,0.001209,74.125.24.0-255,1484,102820,42,219854
21130,0.00122,74.125.24.0-255,1484,104304,42,219854
21131,0.001224,172.31.46.0-255,66,104370,42,219854
21132,0.001227,172.31.46.0-255,66,104436,42,219854
21133,0.001264,74.125.24.0-255,5020,109456,42,219854
21134,0.001285,172.31.46.0-255,66,109522,42,219854
21135,0.00155,74.125.24.0-255,1484,111006,42,219854
21136,0.001554,74.125.24.0-255,1484,112490,42,219854
21137,0.001558,172.31.46.0-255,66,112556,42,219854
21138,0.001577,74.125.24.0-255,1484,114040,42,219854
21139,0.001584,74.125.24.0-255,5738,119778,42,219854
21140,0.001586,172.31.46.0-255,66,119844,42,219854
21141,0.00159,74.125.24.0-255,2902,122746,42,219854
21142,0.001592,172.31.46.0-255,66,122812,42,219854
21143,0.001642,172.31.46.0-255,66,122878,42,219854
21144,0.00165,74.125.24.0-255,7156,130034,42,219854
21145,0.001652,172.31.46.0-255,66,130100,42,219854
21146,0.001657,74.125.24.0-255,3602,133702,42,219854
21147,0.001688,172.31.46.0-255,66,133768,42,219854
21148,0.001935,74.125.24.0-255,1484,135252,42,219854
21149,0.001954,74.125.24.0-255,2902,138154,42,219854
21150,0.001958,172.31.46.0-255,66,138220,42,219854
21151,0.001964,74.125.24.0-255,2902,141122,42,219854
21152,0.001966,172.31.46.0-255,66,141188,42,219854
21153,0.001997,74.125.24.0-255,1484,142672,42,219854
21154,0.002022,172.31.46.0-255,66,142738,42,219854
21155,0.002047,74.125.24.0-255,7156,149894,42,219854
21156,0.002051,74.125.24.0-255,1484,151378,42,219854
21157,0.002069,74.125.24.0-255,2902,154280,42,219854
21158,0.002074,74.125.24.0-255,4320,158600,42,219854
21159,0.002079,172.31.46.0-255,66,158666,42,219854
21160,0.00209,74.125.24.0-255,766,159432,42,219854
21161,0.002125,74.125.24.0-255,5738,165170,42,219854
21162,0.002128,172.31.46.0-255,66,165236,42,219854
21163,0.002157,74.125.24.0-255,5738,170974,42,219854
21164,0.002207,74.125.24.0-255,7156,178130,42,219854
21165,0.002223,172.31.46.0-255,66,178196,42,219854
21166,0.002227,74.125.24.0-255,2184,180380,42,219854
21167,0.002232,172.31.46.0-255,66,180446,42,219854
21168,0.00252,74.125.24.0-255,1484,181930,42,219854
21169,0.002525,74.125.24.0-255,1484,183414,42,219854
21170,0.002529,172.31.46.0-255,66,183480,42,219854
21171,0.002556,74.125.24.0-255,1484,184964,42,219854
21172,0.002562,74.125.24.0-255,5738,190702,42,219854
21173,0.002573,172.31.46.0-255,66,190768,42,219854
21174,0.005573,172.31.46.0-255,66,190834,42,219854
21175,0.008162,74.125.24.0-255,5738,196572,42,219854
21176,0.008169,172.31.46.0-255,66,196638,42,219854
21177,0.010785,74.125.24.0-255,5738,202376,42,219854
21178,0.010792,172.31.46.0-255,66,202442,42,219854
21179,0.013372,74.125.24.0-255,5738,208180,42,219854
21180,0.013382,172.31.46.0-255,66,208246,42,219854
21181,0.015975,74.125.24.0-255,5738,213984,42,219854
21182,0.015985,172.31.46.0-255,66,214050,42,219854
21183,0.018565,74.125.24.0-255,5738,219788,42,219854
21184,0.018572,172.31.46.0-255,66,219854,42,219854
21185,0.0,172.217.194.0-255,150,150,42,210151
21186,1.2e-05,172.31.46.0-255,66,216,42,210151
21187,1.8e-05,172.217.194.0-255,1484,1700,42,210151
21188,2.3e-05,172.31.46.0-255,66,1766,42,210151
21189,2.9e-05,172.217.194.0-255,2902,4668,42,210151
21190,3.2e-05,172.31.46.0-255,66,4734,42,210151
21191,3.8e-05,172.217.194.0-255,5738,10472,42,210151
21192,4.1e-05,172.31.46.0-255,66,10538,42,210151
21193,6.1e-05,172.217.194.0-255,1484,12022,42,210151
21194,6.3e-05,172.31.46.0-255,66,12088,42,210151
21195,7.6e-05,172.217.194.0-255,2083,14171,42,210151
21196,7.9e-05,172.31.46.0-255,66,14237,42,210151
21197,8.3e-05,172.217.194.0-255,2902,17139,42,210151
21198,8.5e-05,172.31.46.0-255,66,17205,42,210151
21199,0.000119,172.217.194.0-255,7156,24361,42,210151
21200,0.000122,172.31.46.0-255,66,24427,42,210151
21201,0.000127,172.217.194.0-255,6797,31224,42,210151
21202,0.000129,172.31.46.0-255,66,31290,42,210151
21203,0.000213,172.217.194.0-255,1484,32774,42,210151
21204,0.000216,172.31.46.0-255,66,32840,42,210151
21205,0.000221,172.217.194.0-255,2902,35742,42,210151
21206,0.000223,172.31.46.0-255,66,35808,42,210151
21207,0.000245,172.217.194.0-255,5738,41546,42,210151
21208,0.000247,172.31.46.0-255,66,41612,42,210151
21209,0.000316,172.31.46.0-255,66,41678,42,210151
21210,0.000341,172.217.194.0-255,3961,45639,42,210151
21211,0.000344,172.31.46.0-255,66,45705,42,210151
21212,0.000355,172.31.46.0-255,66,45771,42,210151
21213,0.000358,172.217.194.0-255,366,46137,42,210151
21214,0.00036,172.31.46.0-255,66,46203,42,210151
21215,0.000546,172.217.194.0-255,1484,47687,42,210151
21216,0.000553,172.217.194.0-255,2902,50589,42,210151
21217,0.000557,172.31.46.0-255,66,50655,42,210151
21218,0.00056,172.217.194.0-255,1484,52139,42,210151
21219,0.00058,172.217.194.0-255,4320,56459,42,210151
21220,0.000582,172.31.46.0-255,66,56525,42,210151
21221,0.000618,172.31.46.0-255,66,56591,42,210151
21222,0.000623,172.217.194.0-255,4320,60911,42,210151
21223,0.000625,172.31.46.0-255,66,60977,42,210151
21224,0.000643,172.217.194.0-255,6438,67415,42,210151
21225,0.000646,172.31.46.0-255,66,67481,42,210151
21226,0.000883,172.217.194.0-255,1484,68965,42,210151
21227,0.000898,172.217.194.0-255,2902,71867,42,210151
21228,0.000901,172.31.46.0-255,66,71933,42,210151
21229,0.000907,172.217.194.0-255,5738,77671,42,210151
21230,0.000909,172.31.46.0-255,66,77737,42,210151
21231,0.000931,172.217.194.0-255,7156,84893,42,210151
21232,0.000933,172.31.46.0-255,66,84959,42,210151
21233,0.000959,172.217.194.0-255,5738,90697,42,210151
21234,0.000961,172.31.46.0-255,66,90763,42,210151
21235,0.001006,172.31.46.0-255,66,90829,42,210151
21236,0.00112,172.217.194.0-255,1484,92313,42,210151
21237,0.001132,172.217.194.0-255,2902,95215,42,210151
21238,0.001135,172.31.46.0-255,66,95281,42,210151
21239,0.001138,172.217.194.0-255,1484,96765,42,210151
21240,0.001156,172.217.194.0-255,4320,101085,42,210151
21241,0.001159,172.31.46.0-255,66,101151,42,210151
21242,0.001163,172.217.194.0-255,2902,104053,42,210151
21243,0.001164,172.31.46.0-255,66,104119,42,210151
21244,0.001205,172.31.46.0-255,66,104185,42,210151
21245,0.001216,172.31.46.0-255,66,104251,42,210151
21246,0.001251,172.217.194.0-255,1484,105735,42,210151
21247,0.001255,172.217.194.0-255,2902,108637,42,210151
21248,0.001257,172.31.46.0-255,66,108703,42,210151
21249,0.001263,172.217.194.0-255,4320,113023,42,210151
21250,0.001265,172.31.46.0-255,66,113089,42,210151
21251,0.001277,172.217.194.0-255,1484,114573,42,210151
21252,0.001282,172.217.194.0-255,4320,118893,42,210151
21253,0.001284,172.31.46.0-255,66,118959,42,210151
21254,0.001307,172.217.194.0-255,4320,123279,42,210151
21255,0.00131,172.31.46.0-255,66,123345,42,210151
21256,0.001345,172.217.194.0-255,2902,126247,42,210151
21257,0.001349,172.31.46.0-255,66,126313,42,210151
21258,0.001373,172.31.46.0-255,66,126379,42,210151
21259,0.001412,172.217.194.0-255,1484,127863,42,210151
21260,0.001429,172.217.194.0-255,2902,130765,42,210151
21261,0.001432,172.31.46.0-255,66,130831,42,210151
21262,0.001469,172.217.194.0-255,5738,136569,42,210151
21263,0.001472,172.31.46.0-255,66,136635,42,210151
21264,0.001484,172.31.46.0-255,66,136701,42,210151
21265,0.001491,172.217.194.0-255,7156,143857,42,210151
21266,0.001493,172.31.46.0-255,66,143923,42,210151
21267,0.001505,172.217.194.0-255,3602,147525,42,210151
21268,0.001507,172.31.46.0-255,66,147591,42,210151
21269,0.001672,172.217.194.0-255,1484,149075,42,210151
21270,0.001702,172.217.194.0-255,2902,151977,42,210151
21271,0.001705,172.31.46.0-255,66,152043,42,210151
21272,0.001711,172.217.194.0-255,5738,157781,42,210151
21273,0.001712,172.31.46.0-255,66,157847,42,210151
21274,0.001715,172.217.194.0-255,1484,159331,42,210151
21275,0.001741,172.31.46.0-255,66,159397,42,210151
21276,0.001748,172.217.194.0-255,7156,166553,42,210151
21277,0.001751,172.31.46.0-255,66,166619,42,210151
21278,0.001801,172.217.194.0-255,7156,173775,42,210151
21279,0.001807,172.31.46.0-255,66,173841,42,210151
21280,0.001824,172.31.46.0-255,66,173907,42,210151
21281,0.001868,172.31.46.0-255,66,173973,42,210151
21282,0.001909,172.217.194.0-255,766,174739,42,210151
21283,0.001921,172.31.46.0-255,66,174805,42,210151
21284,0.001936,172.31.46.0-255,66,174871,42,210151
21285,0.001963,172.217.194.0-255,3602,178473,42,210151
21286,0.001965,172.31.46.0-255,66,178539,42,210151
21287,0.001967,172.217.194.0-255,1484,180023,42,210151
21288,0.00197,172.217.194.0-255,1484,181507,42,210151
21289,0.001972,172.31.46.0-255,66,181573,42,210151
21290,0.001986,172.217.194.0-255,1484,183057,42,210151
21291,0.00199,172.217.194.0-255,2902,185959,42,210151
21292,0.001992,172.31.46.0-255,66,186025,42,210151
21293,0.002006,172.217.194.0-255,2902,188927,42,210151
21294,0.002008,172.31.46.0-255,66,188993,42,210151
21295,0.002014,172.217.194.0-255,7156,196149,42,210151
21296,0.002065,172.217.194.0-255,2902,199051,42,210151
21297,0.002071,172.217.194.0-255,5020,204071,42,210151
21298,0.002126,172.217.194.0-255,5738,209809,42,210151
21299,0.002157,172.217.194.0-255,105,209914,42,210151
21300,0.00681,172.31.46.0-255,66,209980,42,210151
21301,0.008757,172.31.46.0-255,105,210085,42,210151
21302,0.011078,172.217.194.0-255,66,210151,42,210151
21303,0.0,172.217.194.0-255,152,152,42,171241
21304,1.5e-05,172.31.46.0-255,66,218,42,171241
21305,2.1e-05,172.217.194.0-255,1484,1702,42,171241
21306,2.5e-05,172.31.46.0-255,66,1768,42,171241
21307,3.8e-05,172.217.194.0-255,2902,4670,42,171241
21308,4.2e-05,172.31.46.0-255,66,4736,42,171241
21309,4.9e-05,172.217.194.0-255,7156,11892,42,171241
21310,5.2e-05,172.31.46.0-255,66,11958,42,171241
21311,8.3e-05,172.217.194.0-255,1977,13935,42,171241
21312,8.5e-05,172.31.46.0-255,66,14001,42,171241
21313,8.9e-05,172.217.194.0-255,2902,16903,42,171241
21314,9.1e-05,172.31.46.0-255,66,16969,42,171241
21315,9.4e-05,172.217.194.0-255,1484,18453,42,171241
21316,9.5e-05,172.31.46.0-255,66,18519,42,171241
21317,0.000124,172.217.194.0-255,5738,24257,42,171241
21318,0.000126,172.31.46.0-255,66,24323,42,171241
21319,0.000133,172.217.194.0-255,6797,31120,42,171241
21320,0.000135,172.31.46.0-255,66,31186,42,171241
21321,0.000206,172.217.194.0-255,1484,32670,42,171241
21322,0.000208,172.31.46.0-255,66,32736,42,171241
21323,0.000236,172.217.194.0-255,2902,35638,42,171241
21324,0.000237,172.31.46.0-255,66,35704,42,171241
21325,0.000242,172.217.194.0-255,4320,40024,42,171241
21326,0.000245,172.31.46.0-255,66,40090,42,171241
21327,0.000271,172.217.194.0-255,4320,44410,42,171241
21328,0.000273,172.31.46.0-255,66,44476,42,171241
21329,0.000292,172.217.194.0-255,5379,49855,42,171241
21330,0.000294,172.31.46.0-255,66,49921,42,171241
21331,0.000297,172.217.194.0-255,1484,51405,42,171241
21332,0.000298,172.31.46.0-255,66,51471,42,171241
21333,0.000341,172.31.46.0-255,66,51537,42,171241
21334,0.000344,172.217.194.0-255,361,51898,42,171241
21335,0.000498,172.217.194.0-255,383,52281,42,171241
21336,0.000835,172.217.194.0-255,1484,53765,42,171241
21337,0.000839,172.31.46.0-255,66,53831,42,171241
21338,0.000845,172.217.194.0-255,2902,56733,42,171241
21339,0.000846,172.31.46.0-255,66,56799,42,171241
21340,0.000862,172.217.194.0-255,2902,59701,42,171241
21341,0.000865,172.31.46.0-255,66,59767,42,171241
21342,0.000894,172.217.194.0-255,2902,62669,42,171241
21343,0.000899,172.31.46.0-255,66,62735,42,171241
21344,0.000909,172.31.46.0-255,66,62801,42,171241
21345,0.000919,172.31.46.0-255,66,62867,42,171241
21346,0.000957,172.217.194.0-255,5020,67887,42,171241
21347,0.000959,172.31.46.0-255,66,67953,42,171241
21348,0.001293,172.217.194.0-255,1484,69437,42,171241
21349,0.001298,172.217.194.0-255,2902,72339,42,171241
21350,0.001301,172.31.46.0-255,66,72405,42,171241
21351,0.001304,172.217.194.0-255,1484,73889,42,171241
21352,0.00133,172.217.194.0-255,4320,78209,42,171241
21353,0.001332,172.31.46.0-255,66,78275,42,171241
21354,0.001343,172.31.46.0-255,66,78341,42,171241
21355,0.001356,172.31.46.0-255,66,78407,42,171241
21356,0.001395,172.217.194.0-255,2184,80591,42,171241
21357,0.001398,172.31.46.0-255,66,80657,42,171241
21358,0.001628,172.217.194.0-255,1484,82141,42,171241
21359,0.001633,172.217.194.0-255,2902,85043,42,171241
21360,0.001636,172.31.46.0-255,66,85109,42,171241
21361,0.001639,172.217.194.0-255,1484,86593,42,171241
21362,0.001667,172.217.194.0-255,4320,90913,42,171241
21363,0.00167,172.31.46.0-255,66,90979,42,171241
21364,0.001677,172.217.194.0-255,7156,98135,42,171241
21365,0.001678,172.31.46.0-255,66,98201,42,171241
21366,0.001693,172.31.46.0-255,66,98267,42,171241
21367,0.00172,172.217.194.0-255,2902,101169,42,171241
21368,0.001722,172.31.46.0-255,66,101235,42,171241
21369,0.001726,172.217.194.0-255,2184,103419,42,171241
21370,0.001728,172.31.46.0-255,66,103485,42,171241
21371,0.001837,172.217.194.0-255,1484,104969,42,171241
21372,0.001842,172.217.194.0-255,2902,107871,42,171241
21373,0.001845,172.31.46.0-255,66,107937,42,171241
21374,0.001875,172.217.194.0-255,5738,113675,42,171241
21375,0.001877,172.31.46.0-255,66,113741,42,171241
21376,0.00188,172.217.194.0-255,1484,115225,42,171241
21377,0.001884,172.217.194.0-255,2902,118127,42,171241
21378,0.001886,172.31.46.0-255,66,118193,42,171241
21379,0.001919,172.31.46.0-255,66,118259,42,171241
21380,0.001929,172.31.46.0-255,66,118325,42,171241
21381,0.002009,172.217.194.0-255,1484,119809,42,171241
21382,0.002012,172.217.194.0-255,1484,121293,42,171241
21383,0.002015,172.31.46.0-255,66,121359,42,171241
21384,0.002029,172.217.194.0-255,1484,122843,42,171241
21385,0.002038,172.217.194.0-255,5738,128581,42,171241
21386,0.002042,172.31.46.0-255,66,128647,42,171241
21387,0.002082,172.31.46.0-255,66,128713,42,171241
21388,0.002089,172.217.194.0-255,7156,135869,42,171241
21389,0.00209,172.31.46.0-255,66,135935,42,171241
21390,0.002118,172.217.194.0-255,3602,139537,42,171241
21391,0.00212,172.31.46.0-255,66,139603,42,171241
21392,0.002143,172.217.194.0-255,1484,141087,42,171241
21393,0.002172,172.217.194.0-255,2902,143989,42,171241
21394,0.002175,172.31.46.0-255,66,144055,42,171241
21395,0.002178,172.217.194.0-255,1484,145539,42,171241
21396,0.002203,172.217.194.0-255,4320,149859,42,171241
21397,0.002205,172.31.46.0-255,66,149925,42,171241
21398,0.002215,172.217.194.0-255,5738,155663,42,171241
21399,0.002221,172.31.46.0-255,66,155729,42,171241
21400,0.00225,172.217.194.0-255,7156,162885,42,171241
21401,0.002253,172.31.46.0-255,66,162951,42,171241
21402,0.002257,172.217.194.0-255,4320,167271,42,171241
21403,0.002259,172.31.46.0-255,66,167337,42,171241
21404,0.0023,172.31.46.0-255,66,167403,42,171241
21405,0.002348,172.217.194.0-255,2902,170305,42,171241
21406,0.00235,172.31.46.0-255,66,170371,42,171241
21407,0.002383,172.31.46.0-255,66,170437,42,171241
21408,0.002414,172.31.46.0-255,66,170503,42,171241
21409,0.002429,172.31.46.0-255,66,170569,42,171241
21410,0.00244,172.31.46.0-255,66,170635,42,171241
21411,0.002453,172.31.46.0-255,66,170701,42,171241
21412,0.002505,172.31.46.0-255,66,170767,42,171241
21413,0.002523,172.31.46.0-255,66,170833,42,171241
21414,0.002534,172.31.46.0-255,66,170899,42,171241
21415,0.002536,172.217.194.0-255,105,171004,42,171241
21416,0.007781,172.31.46.0-255,66,171070,42,171241
21417,0.007815,172.31.46.0-255,105,171175,42,171241
21418,0.010427,172.217.194.0-255,66,171241,42,171241
21419,0.0,74.125.24.0-255,153,153,42,144075
21420,2.3e-05,172.31.46.0-255,66,219,42,144075
21421,3.1e-05,74.125.24.0-255,1484,1703,42,144075
21422,3.7e-05,172.31.46.0-255,66,1769,42,144075
21423,4.3e-05,74.125.24.0-255,2902,4671,42,144075
21424,4.6e-05,172.31.46.0-255,66,4737,42,144075
21425,5.5e-05,74.125.24.0-255,7156,11893,42,144075
21426,5.8e-05,172.31.46.0-255,66,11959,42,144075
21427,0.000105,172.31.46.0-255,66,12025,42,144075
21428,0.00011,74.125.24.0-255,2543,14568,42,144075
21429,0.000112,172.31.46.0-255,66,14634,42,144075
21430,0.000216,74.125.24.0-255,1484,16118,42,144075
21431,0.000219,172.31.46.0-255,66,16184,42,144075
21432,0.000225,74.125.24.0-255,2902,19086,42,144075
21433,0.000228,172.31.46.0-255,66,19152,42,144075
21434,0.000252,74.125.24.0-255,5738,24890,42,144075
21435,0.000255,172.31.46.0-255,66,24956,42,144075
21436,0.000287,172.31.46.0-255,66,25022,42,144075
21437,0.000299,172.31.46.0-255,66,25088,42,144075
21438,0.000364,74.125.24.0-255,4320,29408,42,144075
21439,0.000367,172.31.46.0-255,66,29474,42,144075
21440,0.000381,74.125.24.0-255,2823,32297,42,144075
21441,0.000385,172.31.46.0-255,66,32363,42,144075
21442,0.000387,74.125.24.0-255,130,32493,42,144075
21443,0.00039,172.31.46.0-255,66,32559,42,144075
21444,0.00043,74.125.24.0-255,1484,34043,42,144075
21445,0.000432,172.31.46.0-255,66,34109,42,144075
21446,0.000438,74.125.24.0-255,2902,37011,42,144075
21447,0.000441,172.31.46.0-255,66,37077,42,144075
21448,0.000444,74.125.24.0-255,1484,38561,42,144075
21449,0.000475,74.125.24.0-255,5738,44299,42,144075
21450,0.000478,172.31.46.0-255,66,44365,42,144075
21451,0.000485,74.125.24.0-255,5379,49744,42,144075
21452,0.000487,172.31.46.0-255,66,49810,42,144075
21453,0.000539,74.125.24.0-255,4320,54130,42,144075
21454,0.000542,172.31.46.0-255,66,54196,42,144075
21455,0.000549,74.125.24.0-255,5738,59934,42,144075
21456,0.000551,172.31.46.0-255,66,60000,42,144075
21457,0.000571,74.125.24.0-255,2902,62902,42,144075
21458,0.000574,172.31.46.0-255,66,62968,42,144075
21459,0.000592,74.125.24.0-255,3961,66929,42,144075
21460,0.000594,172.31.46.0-255,66,66995,42,144075
21461,0.001555,74.125.24.0-255,1484,68479,42,144075
21462,0.001565,74.125.24.0-255,2902,71381,42,144075
21463,0.001569,172.31.46.0-255,66,71447,42,144075
21464,0.001578,74.125.24.0-255,5738,77185,42,144075
21465,0.00158,172.31.46.0-255,66,77251,42,144075
21466,0.001629,172.31.46.0-255,66,77317,42,144075
21467,0.001641,172.31.46.0-255,66,77383,42,144075
21468,0.001643,74.125.24.0-255,766,78149,42,144075
21469,0.001862,74.125.24.0-255,1484,79633,42,144075
21470,0.001868,172.31.46.0-255,66,79699,42,144075
21471,0.001875,74.125.24.0-255,2902,82601,42,144075
21472,0.001877,172.31.46.0-255,66,82667,42,144075
21473,0.001883,74.125.24.0-255,4320,86987,42,144075
21474,0.001885,172.31.46.0-255,66,87053,42,144075
21475,0.001906,74.125.24.0-255,1484,88537,42,144075
21476,0.001911,74.125.24.0-255,2902,91439,42,144075
21477,0.001914,172.31.46.0-255,66,91505,42,144075
21478,0.001948,172.31.46.0-255,66,91571,42,144075
21479,0.001954,74.125.24.0-255,5738,97309,42,144075
21480,0.001956,172.31.46.0-255,66,97375,42,144075
21481,0.00199,172.31.46.0-255,66,97441,42,144075
21482,0.001998,74.125.24.0-255,7156,104597,42,144075
21483,0.002,172.31.46.0-255,66,104663,42,144075
21484,0.002003,74.125.24.0-255,1484,106147,42,144075
21485,0.002048,172.31.46.0-255,66,106213,42,144075
21486,0.002052,74.125.24.0-255,2184,108397,42,144075
21487,0.002054,172.31.46.0-255,66,108463,42,144075
21488,0.002087,172.31.46.0-255,66,108529,42,144075
21489,0.002124,172.31.46.0-255,66,108595,42,144075
21490,0.002127,74.125.24.0-255,1484,110079,42,144075
21491,0.002144,172.31.46.0-255,66,110145,42,144075
21492,0.002176,74.125.24.0-255,1484,111629,42,144075
21493,0.002211,172.31.46.0-255,66,111695,42,144075
21494,0.002223,172.31.46.0-255,66,111761,42,144075
21495,0.002238,172.31.46.0-255,66,111827,42,144075
21496,0.002274,172.31.46.0-255,66,111893,42,144075
21497,0.002279,74.125.24.0-255,3602,115495,42,144075
21498,0.002281,172.31.46.0-255,66,115561,42,144075
21499,0.002352,172.31.46.0-255,66,115627,42,144075
21500,0.002369,172.31.46.0-255,66,115693,42,144075
21501,0.002399,74.125.24.0-255,4320,120013,42,144075
21502,0.002402,172.31.46.0-255,66,120079,42,144075
21503,0.002439,172.31.46.0-255,66,120145,42,144075
21504,0.004812,74.125.24.0-255,5738,125883,42,144075
21505,0.004818,172.31.46.0-255,66,125949,42,144075
21506,0.007181,74.125.24.0-255,5738,131687,42,144075
21507,0.00719,172.31.46.0-255,66,131753,42,144075
21508,0.009552,74.125.24.0-255,5738,137491,42,144075
21509,0.00956,172.31.46.0-255,66,137557,42,144075
21510,0.011896,74.125.24.0-255,5738,143295,42,144075
21511,0.011903,172.31.46.0-255,66,143361,42,144075
21512,0.014234,74.125.24.0-255,477,143838,42,144075
21513,0.015812,172.31.46.0-255,66,143904,42,144075
21514,0.015898,172.31.46.0-255,105,144009,42,144075
21515,0.018241,74.125.24.0-255,66,144075,42,144075
21516,0.0,74.125.24.0-255,153,153,42,236213
21517,1.7e-05,172.31.46.0-255,66,219,42,236213
21518,2.4e-05,74.125.24.0-255,1484,1703,42,236213
21519,2.9e-05,172.31.46.0-255,66,1769,42,236213
21520,3.2e-05,74.125.24.0-255,1484,3253,42,236213
21521,4.4e-05,172.31.46.0-255,66,3319,42,236213
21522,7.5e-05,74.125.24.0-255,1484,4803,42,236213
21523,7.8e-05,172.31.46.0-255,66,4869,42,236213
21524,8.7e-05,74.125.24.0-255,7156,12025,42,236213
21525,9e-05,172.31.46.0-255,66,12091,42,236213
21526,9.3e-05,74.125.24.0-255,1484,13575,42,236213
21527,9.5e-05,172.31.46.0-255,66,13641,42,236213
21528,9.8e-05,74.125.24.0-255,664,14305,42,236213
21529,0.000101,172.31.46.0-255,66,14371,42,236213
21530,0.000105,74.125.24.0-255,1484,15855,42,236213
21531,0.000108,172.31.46.0-255,66,15921,42,236213
21532,0.000111,74.125.24.0-255,1484,17405,42,236213
21533,0.000113,172.31.46.0-255,66,17471,42,236213
21534,0.000141,74.125.24.0-255,2902,20373,42,236213
21535,0.000144,172.31.46.0-255,66,20439,42,236213
21536,0.000154,172.31.46.0-255,66,20505,42,236213
21537,0.000199,74.125.24.0-255,2543,23048,42,236213
21538,0.000201,172.31.46.0-255,66,23114,42,236213
21539,0.000295,74.125.24.0-255,1484,24598,42,236213
21540,0.000299,172.31.46.0-255,66,24664,42,236213
21541,0.000304,74.125.24.0-255,2902,27566,42,236213
21542,0.000307,172.31.46.0-255,66,27632,42,236213
21543,0.00031,74.125.24.0-255,1484,29116,42,236213
21544,0.000316,172.31.46.0-255,66,29182,42,236213
21545,0.000347,74.125.24.0-255,4320,33502,42,236213
21546,0.00035,172.31.46.0-255,66,33568,42,236213
21547,0.000357,74.125.24.0-255,6797,40365,42,236213
21548,0.00036,172.31.46.0-255,66,40431,42,236213
21549,0.000367,74.125.24.0-255,7156,47587,42,236213
21550,0.00037,172.31.46.0-255,66,47653,42,236213
21551,0.000402,74.125.24.0-255,7156,54809,42,236213
21552,0.000405,172.31.46.0-255,66,54875,42,236213
21553,0.00042,74.125.24.0-255,2543,57418,42,236213
21554,0.000422,172.31.46.0-255,66,57484,42,236213
21555,0.000462,74.125.24.0-255,678,58162,42,236213
21556,0.000822,74.125.24.0-255,1484,59646,42,236213
21557,0.000828,172.31.46.0-255,66,59712,42,236213
21558,0.000834,74.125.24.0-255,2902,62614,42,236213
21559,0.000836,172.31.46.0-255,66,62680,42,236213
21560,0.000844,74.125.24.0-255,1484,64164,42,236213
21561,0.000873,74.125.24.0-255,4320,68484,42,236213
21562,0.000879,74.125.24.0-255,5738,74222,42,236213
21563,0.000888,172.31.46.0-255,66,74288,42,236213
21564,0.000891,172.31.46.0-255,66,74354,42,236213
21565,0.000894,74.125.24.0-255,1484,75838,42,236213
21566,0.000941,172.31.46.0-255,66,75904,42,236213
21567,0.000946,74.125.24.0-255,4320,80224,42,236213
21568,0.000948,172.31.46.0-255,66,80290,42,236213
21569,0.000951,74.125.24.0-255,766,81056,42,236213
21570,0.00107,74.125.24.0-255,1484,82540,42,236213
21571,0.001074,172.31.46.0-255,66,82606,42,236213
21572,0.001079,74.125.24.0-255,2902,85508,42,236213
21573,0.001082,172.31.46.0-255,66,85574,42,236213
21574,0.00113,74.125.24.0-255,5738,91312,42,236213
21575,0.001134,172.31.46.0-255,66,91378,42,236213
21576,0.00114,74.125.24.0-255,7156,98534,42,236213
21577,0.001143,172.31.46.0-255,66,98600,42,236213
21578,0.001155,172.31.46.0-255,66,98666,42,236213
21579,0.001187,74.125.24.0-255,2902,101568,42,236213
21580,0.00119,172.31.46.0-255,66,101634,42,236213
21581,0.001213,74.125.24.0-255,5020,106654,42,236213
21582,0.001216,172.31.46.0-255,66,106720,42,236213
21583,0.001382,74.125.24.0-255,1484,108204,42,236213
21584,0.001387,74.125.24.0-255,2902,111106,42,236213
21585,0.00139,172.31.46.0-255,66,111172,42,236213
21586,0.001418,74.125.24.0-255,5738,116910,42,236213
21587,0.00142,74.125.24.0-255,1484,118394,42,236213
21588,0.00143,172.31.46.0-255,66,118460,42,236213
21589,0.001437,74.125.24.0-255,5738,124198,42,236213
21590,0.001439,172.31.46.0-255,66,124264,42,236213
21591,0.001466,74.125.24.0-255,5738,130002,42,236213
21592,0.001468,172.31.46.0-255,66,130068,42,236213
21593,0.001502,172.31.46.0-255,66,130134,42,236213
21594,0.001506,74.125.24.0-255,2184,132318,42,236213
21595,0.001509,172.31.46.0-255,66,132384,42,236213
21596,0.002023,74.125.24.0-255,1484,133868,42,236213
21597,0.002028,74.125.24.0-255,2902,136770,42,236213
21598,0.002032,172.31.46.0-255,66,136836,42,236213
21599,0.002037,74.125.24.0-255,1484,138320,42,236213
21600,0.002061,74.125.24.0-255,4320,142640,42,236213
21601,0.002064,172.31.46.0-255,66,142706,42,236213
21602,0.00207,74.125.24.0-255,5738,148444,42,236213
21603,0.002072,172.31.46.0-255,66,148510,42,236213
21604,0.002105,74.125.24.0-255,7156,155666,42,236213
21605,0.002107,172.31.46.0-255,66,155732,42,236213
21606,0.002111,74.125.24.0-255,1484,157216,42,236213
21607,0.00212,172.31.46.0-255,66,157282,42,236213
21608,0.002123,74.125.24.0-255,766,158048,42,236213
21609,0.00228,74.125.24.0-255,1484,159532,42,236213
21610,0.002285,172.31.46.0-255,66,159598,42,236213
21611,0.00229,74.125.24.0-255,2902,162500,42,236213
21612,0.002292,172.31.46.0-255,66,162566,42,236213
21613,0.002296,74.125.24.0-255,2902,165468,42,236213
21614,0.002306,172.31.46.0-255,66,165534,42,236213
21615,0.002345,74.125.24.0-255,2902,168436,42,236213
21616,0.002349,172.31.46.0-255,66,168502,42,236213
21617,0.002362,172.31.46.0-255,66,168568,42,236213
21618,0.002374,172.31.46.0-255,66,168634,42,236213
21619,0.002864,74.125.24.0-255,1484,170118,42,236213
21620,0.002878,74.125.24.0-255,1484,171602,42,236213
21621,0.002882,172.31.46.0-255,66,171668,42,236213
21622,0.002886,74.125.24.0-255,1484,173152,42,236213
21623,0.002917,74.125.24.0-255,2902,176054,42,236213
21624,0.00292,172.31.46.0-255,66,176120,42,236213
21625,0.002942,172.31.46.0-255,66,176186,42,236213
21626,0.002946,74.125.24.0-255,1484,177670,42,236213
21627,0.002957,172.31.46.0-255,66,177736,42,236213
21628,0.002963,74.125.24.0-255,5020,182756,42,236213
21629,0.002965,172.31.46.0-255,66,182822,42,236213
21630,0.004045,74.125.24.0-255,1484,184306,42,236213
21631,0.004066,74.125.24.0-255,2902,187208,42,236213
21632,0.004071,172.31.46.0-255,66,187274,42,236213
21633,0.004078,74.125.24.0-255,5738,193012,42,236213
21634,0.00408,172.31.46.0-255,66,193078,42,236213
21635,0.004121,172.31.46.0-255,66,193144,42,236213
21636,0.004133,172.31.46.0-255,66,193210,42,236213
21637,0.004159,74.125.24.0-255,766,193976,42,236213
21638,0.004166,74.125.24.0-255,7156,201132,42,236213
21639,0.004169,172.31.46.0-255,66,201198,42,236213
21640,0.004172,74.125.24.0-255,1484,202682,42,236213
21641,0.004184,172.31.46.0-255,66,202748,42,236213
21642,0.004218,74.125.24.0-255,2902,205650,42,236213
21643,0.004221,172.31.46.0-255,66,205716,42,236213
21644,0.004251,74.125.24.0-255,4320,210036,42,236213
21645,0.004253,172.31.46.0-255,66,210102,42,236213
21646,0.004257,74.125.24.0-255,1484,211586,42,236213
21647,0.004262,74.125.24.0-255,4320,215906,42,236213
21648,0.004265,172.31.46.0-255,66,215972,42,236213
21649,0.004269,74.125.24.0-255,2184,218156,42,236213
21650,0.004271,172.31.46.0-255,66,218222,42,236213
21651,0.004275,74.125.24.0-255,2902,221124,42,236213
21652,0.004278,172.31.46.0-255,66,221190,42,236213
21653,0.004281,74.125.24.0-255,1484,222674,42,236213
21654,0.004287,74.125.24.0-255,5738,228412,42,236213
21655,0.004289,172.31.46.0-255,66,228478,42,236213
21656,0.004303,74.125.24.0-255,4320,232798,42,236213
21657,0.004305,172.31.46.0-255,66,232864,42,236213
21658,0.004334,172.31.46.0-255,66,232930,42,236213
21659,0.004346,172.31.46.0-255,66,232996,42,236213
21660,0.004385,172.31.46.0-255,66,233062,42,236213
21661,0.004396,172.31.46.0-255,66,233128,42,236213
21662,0.0044,74.125.24.0-255,2677,235805,42,236213
21663,0.004403,172.31.46.0-255,66,235871,42,236213
21664,0.004436,74.125.24.0-255,105,235976,42,236213
21665,0.01088,172.31.46.0-255,66,236042,42,236213
21666,0.010925,172.31.46.0-255,105,236147,42,236213
21667,0.012948,74.125.24.0-255,66,236213,42,236213
21668,0.0,74.125.24.0-255,153,153,42,112001
21669,1.4e-05,172.31.46.0-255,66,219,42,112001
21670,2.1e-05,74.125.24.0-255,1484,1703,42,112001
21671,2.5e-05,172.31.46.0-255,66,1769,42,112001
21672,5.3e-05,74.125.24.0-255,2902,4671,42,112001
21673,5.6e-05,172.31.46.0-255,66,4737,42,112001
21674,6.6e-05,74.125.24.0-255,5738,10475,42,112001
21675,6.8e-05,172.31.46.0-255,66,10541,42,112001
21676,0.000101,74.125.24.0-255,3457,13998,42,112001
21677,0.000103,172.31.46.0-255,66,14064,42,112001
21678,0.000298,74.125.24.0-255,1484,15548,42,112001
21679,0.000305,172.31.46.0-255,66,15614,42,112001
21680,0.00031,74.125.24.0-255,2902,18516,42,112001
21681,0.000313,172.31.46.0-255,66,18582,42,112001
21682,0.000325,74.125.24.0-255,5738,24320,42,112001
21683,0.000327,172.31.46.0-255,66,24386,42,112001
21684,0.000362,74.125.24.0-255,4320,28706,42,112001
21685,0.000364,172.31.46.0-255,66,28772,42,112001
21686,0.000388,74.125.24.0-255,2543,31315,42,112001
21687,0.000391,172.31.46.0-255,66,31381,42,112001
21688,0.000473,74.125.24.0-255,1484,32865,42,112001
21689,0.000478,172.31.46.0-255,66,32931,42,112001
21690,0.000484,74.125.24.0-255,2902,35833,42,112001
21691,0.000486,172.31.46.0-255,66,35899,42,112001
21692,0.000489,74.125.24.0-255,1484,37383,42,112001
21693,0.000497,172.31.46.0-255,66,37449,42,112001
21694,0.000535,74.125.24.0-255,4320,41769,42,112001
21695,0.000539,172.31.46.0-255,66,41835,42,112001
21696,0.000553,172.31.46.0-255,66,41901,42,112001
21697,0.000564,172.31.46.0-255,66,41967,42,112001
21698,0.000589,74.125.24.0-255,1125,43092,42,112001
21699,0.000618,74.125.24.0-255,365,43457,42,112001
21700,0.000628,74.125.24.0-255,409,43866,42,112001
21701,0.000649,172.31.46.0-255,66,43932,42,112001
21702,0.00084,74.125.24.0-255,1484,45416,42,112001
21703,0.000847,74.125.24.0-255,2902,48318,42,112001
21704,0.000851,74.125.24.0-255,1484,49802,42,112001
21705,0.000867,74.125.24.0-255,4320,54122,42,112001
21706,0.000897,74.125.24.0-255,4320,58442,42,112001
21707,0.000903,172.31.46.0-255,66,58508,42,112001
21708,0.00092,74.125.24.0-255,2543,61051,42,112001
21709,0.000927,172.31.46.0-255,66,61117,42,112001
21710,0.003019,74.125.24.0-255,5738,66855,42,112001
21711,0.003025,172.31.46.0-255,66,66921,42,112001
21712,0.005148,74.125.24.0-255,4320,71241,42,112001
21713,0.005155,172.31.46.0-255,66,71307,42,112001
21714,0.00518,74.125.24.0-255,1484,72791,42,112001
21715,0.007242,74.125.24.0-255,4320,77111,42,112001
21716,0.007249,172.31.46.0-255,66,77177,42,112001
21717,0.009353,74.125.24.0-255,5738,82915,42,112001
21718,0.009405,172.31.46.0-255,66,82981,42,112001
21719,0.011507,74.125.24.0-255,5738,88719,42,112001
21720,0.011515,172.31.46.0-255,66,88785,42,112001
21721,0.013608,74.125.24.0-255,5738,94523,42,112001
21722,0.013619,172.31.46.0-255,66,94589,42,112001
21723,0.015723,74.125.24.0-255,5738,100327,42,112001
21724,0.015731,172.31.46.0-255,66,100393,42,112001
21725,0.017837,74.125.24.0-255,5738,106131,42,112001
21726,0.017845,172.31.46.0-255,66,106197,42,112001
21727,0.019939,74.125.24.0-255,5738,111935,42,112001
21728,0.019946,172.31.46.0-255,66,112001,42,112001
21729,0.0,172.217.194.0-255,153,153,42,126932
21730,2.4e-05,172.31.46.0-255,66,219,42,126932
21731,3.2e-05,172.217.194.0-255,1484,1703,42,126932
21732,3.6e-05,172.31.46.0-255,66,1769,42,126932
21733,5.2e-05,172.217.194.0-255,2902,4671,42,126932
21734,5.7e-05,172.31.46.0-255,66,4737,42,126932
21735,6.5e-05,172.217.194.0-255,7156,11893,42,126932
21736,6.8e-05,172.31.46.0-255,66,11959,42,126932
21737,7.2e-05,172.217.194.0-255,2059,14018,42,126932
21738,7.5e-05,172.31.46.0-255,66,14084,42,126932
21739,9.5e-05,172.217.194.0-255,2902,16986,42,126932
21740,0.000102,172.31.46.0-255,66,17052,42,126932
21741,0.000139,172.31.46.0-255,66,17118,42,126932
21742,0.000145,172.217.194.0-255,4320,21438,42,126932
21743,0.000147,172.31.46.0-255,66,21504,42,126932
21744,0.00015,172.217.194.0-255,1125,22629,42,126932
21745,0.000156,172.31.46.0-255,66,22695,42,126932
21746,0.000181,172.217.194.0-255,1484,24179,42,126932
21747,0.000183,172.31.46.0-255,66,24245,42,126932
21748,0.000191,172.217.194.0-255,1484,25729,42,126932
21749,0.000193,172.31.46.0-255,66,25795,42,126932
21750,0.000224,172.217.194.0-255,2902,28697,42,126932
21751,0.000226,172.31.46.0-255,66,28763,42,126932
21752,0.000241,172.31.46.0-255,66,28829,42,126932
21753,0.00027,172.217.194.0-255,2543,31372,42,126932
21754,0.000272,172.31.46.0-255,66,31438,42,126932
21755,0.000977,172.217.194.0-255,1484,32922,42,126932
21756,0.000984,172.31.46.0-255,66,32988,42,126932
21757,0.000993,172.217.194.0-255,2902,35890,42,126932
21758,0.000995,172.31.46.0-255,66,35956,42,126932
21759,0.001007,172.217.194.0-255,5738,41694,42,126932
21760,0.001009,172.31.46.0-255,66,41760,42,126932
21761,0.001051,172.217.194.0-255,5738,47498,42,126932
21762,0.001053,172.31.46.0-255,66,47564,42,126932
21763,0.001088,172.31.46.0-255,66,47630,42,126932
21764,0.001104,172.31.46.0-255,66,47696,42,126932
21765,0.001128,172.217.194.0-255,647,48343,42,126932
21766,0.001166,172.217.194.0-255,1484,49827,42,126932
21767,0.001169,172.31.46.0-255,66,49893,42,126932
21768,0.001176,172.217.194.0-255,2902,52795,42,126932
21769,0.001178,172.31.46.0-255,66,52861,42,126932
21770,0.001181,172.217.194.0-255,1484,54345,42,126932
21771,0.001213,172.217.194.0-255,4320,58665,42,126932
21772,0.001216,172.31.46.0-255,66,58731,42,126932
21773,0.001223,172.217.194.0-255,5738,64469,42,126932
21774,0.001225,172.31.46.0-255,66,64535,42,126932
21775,0.001245,172.217.194.0-255,1125,65660,42,126932
21776,0.001781,172.217.194.0-255,1484,67144,42,126932
21777,0.001789,172.31.46.0-255,66,67210,42,126932
21778,0.001796,172.217.194.0-255,2902,70112,42,126932
21779,0.001798,172.31.46.0-255,66,70178,42,126932
21780,0.001837,172.217.194.0-255,5738,75916,42,126932
21781,0.001841,172.31.46.0-255,66,75982,42,126932
21782,0.001846,172.217.194.0-255,4320,80302,42,126932
21783,0.001848,172.31.46.0-255,66,80368,42,126932
21784,0.00192,172.31.46.0-255,66,80434,42,126932
21785,0.001935,172.31.46.0-255,66,80500,42,126932
21786,0.003931,172.217.194.0-255,5738,86238,42,126932
21787,0.003941,172.31.46.0-255,66,86304,42,126932
21788,0.005958,172.217.194.0-255,5738,92042,42,126932
21789,0.005966,172.31.46.0-255,66,92108,42,126932
21790,0.007986,172.217.194.0-255,5738,97846,42,126932
21791,0.007998,172.31.46.0-255,66,97912,42,126932
21792,0.009994,172.217.194.0-255,5738,103650,42,126932
21793,0.010006,172.31.46.0-255,66,103716,42,126932
21794,0.012012,172.217.194.0-255,5738,109454,42,126932
21795,0.012025,172.31.46.0-255,66,109520,42,126932
21796,0.014021,172.217.194.0-255,5738,115258,42,126932
21797,0.014037,172.31.46.0-255,66,115324,42,126932
21798,0.016035,172.217.194.0-255,5738,121062,42,126932
21799,0.016049,172.31.46.0-255,66,121128,42,126932
21800,0.018054,172.217.194.0-255,5738,126866,42,126932
21801,0.018067,172.31.46.0-255,66,126932,42,126932
21802,0.0,74.125.24.0-255,156,156,42,108811
21803,2.5e-05,172.31.46.0-255,66,222,42,108811
21804,3.3e-05,74.125.24.0-255,1484,1706,42,108811
21805,3.7e-05,172.31.46.0-255,66,1772,42,108811
21806,4.3e-05,74.125.24.0-255,2902,4674,42,108811
21807,4.8e-05,172.31.46.0-255,66,4740,42,108811
21808,5.7e-05,74.125.24.0-255,7156,11896,42,108811
21809,6.1e-05,172.31.46.0-255,66,11962,42,108811
21810,6.7e-05,74.125.24.0-255,3490,15452,42,108811
21811,7e-05,172.31.46.0-255,66,15518,42,108811
21812,9.5e-05,74.125.24.0-255,5738,21256,42,108811
21813,9.8e-05,172.31.46.0-255,66,21322,42,108811
21814,0.000128,74.125.24.0-255,7156,28478,42,108811
21815,0.000131,172.31.46.0-255,66,28544,42,108811
21816,0.000135,74.125.24.0-255,2543,31087,42,108811
21817,0.000138,172.31.46.0-255,66,31153,42,108811
21818,0.000429,74.125.24.0-255,1484,32637,42,108811
21819,0.000436,172.31.46.0-255,66,32703,42,108811
21820,0.000441,74.125.24.0-255,2902,35605,42,108811
21821,0.000444,172.31.46.0-255,66,35671,42,108811
21822,0.000447,74.125.24.0-255,1484,37155,42,108811
21823,0.00045,172.31.46.0-255,66,37221,42,108811
21824,0.000482,74.125.24.0-255,4320,41541,42,108811
21825,0.000486,172.31.46.0-255,66,41607,42,108811
21826,0.000493,74.125.24.0-255,5738,47345,42,108811
21827,0.000495,172.31.46.0-255,66,47411,42,108811
21828,0.000528,172.31.46.0-255,66,47477,42,108811
21829,0.000534,74.125.24.0-255,4269,51746,42,108811
21830,0.000536,172.31.46.0-255,66,51812,42,108811
21831,0.000603,74.125.24.0-255,113,51925,42,108811
21832,0.000607,172.31.46.0-255,66,51991,42,108811
21833,0.000723,74.125.24.0-255,1484,53475,42,108811
21834,0.000743,74.125.24.0-255,2902,56377,42,108811
21835,0.000747,172.31.46.0-255,66,56443,42,108811
21836,0.000753,74.125.24.0-255,5738,62181,42,108811
21837,0.000755,172.31.46.0-255,66,62247,42,108811
21838,0.000815,172.31.46.0-255,66,62313,42,108811
21839,0.00085,172.31.46.0-255,66,62379,42,108811
21840,0.003148,74.125.24.0-255,5738,68117,42,108811
21841,0.003156,172.31.46.0-255,66,68183,42,108811
21842,0.005427,74.125.24.0-255,5738,73921,42,108811
21843,0.005431,172.31.46.0-255,66,73987,42,108811
21844,0.007651,74.125.24.0-255,5738,79725,42,108811
21845,0.007658,172.31.46.0-255,66,79791,42,108811
21846,0.0099,74.125.24.0-255,5738,85529,42,108811
21847,0.009911,172.31.46.0-255,66,85595,42,108811
21848,0.012237,74.125.24.0-255,5738,91333,42,108811
21849,0.012255,172.31.46.0-255,66,91399,42,108811
21850,0.014559,74.125.24.0-255,5738,97137,42,108811
21851,0.014573,172.31.46.0-255,66,97203,42,108811
21852,0.016897,74.125.24.0-255,5738,102941,42,108811
21853,0.016916,172.31.46.0-255,66,103007,42,108811
21854,0.019271,74.125.24.0-255,5738,108745,42,108811
21855,0.019291,172.31.46.0-255,66,108811,42,108811
21856,0.0,74.125.130.0-255,153,153,42,352880
21857,1.7e-05,172.31.46.0-255,66,219,42,352880
21858,2.4e-05,74.125.130.0-255,1484,1703,42,352880
21859,2.8e-05,172.31.46.0-255,66,1769,42,352880
21860,3.4e-05,74.125.130.0-255,2902,4671,42,352880
21861,3.6e-05,172.31.46.0-255,66,4737,42,352880
21862,5.1e-05,74.125.130.0-255,1484,6221,42,352880
21863,5.4e-05,172.31.46.0-255,66,6287,42,352880
21864,7e-05,74.125.130.0-255,4320,10607,42,352880
21865,7.3e-05,172.31.46.0-255,66,10673,42,352880
21866,7.9e-05,74.125.130.0-255,3448,14121,42,352880
21867,8.1e-05,172.31.46.0-255,66,14187,42,352880
21868,0.000111,74.125.130.0-255,4320,18507,42,352880
21869,0.000114,172.31.46.0-255,66,18573,42,352880
21870,0.00012,74.125.130.0-255,5738,24311,42,352880
21871,0.000123,172.31.46.0-255,66,24377,42,352880
21872,0.000141,74.125.130.0-255,4320,28697,42,352880
21873,0.000143,172.31.46.0-255,66,28763,42,352880
21874,0.000147,74.125.130.0-255,2543,31306,42,352880
21875,0.00015,172.31.46.0-255,66,31372,42,352880
21876,0.000396,74.125.130.0-255,1484,32856,42,352880
21877,0.000403,172.31.46.0-255,66,32922,42,352880
21878,0.000409,74.125.130.0-255,2902,35824,42,352880
21879,0.000411,172.31.46.0-255,66,35890,42,352880
21880,0.000424,74.125.130.0-255,2902,38792,42,352880
21881,0.000427,172.31.46.0-255,66,38858,42,352880
21882,0.000446,74.125.130.0-255,1484,40342,42,352880
21883,0.000453,74.125.130.0-255,5738,46080,42,352880
21884,0.000457,172.31.46.0-255,66,46146,42,352880
21885,0.00046,172.31.46.0-255,66,46212,42,352880
21886,0.000473,74.125.130.0-255,1484,47696,42,352880
21887,0.000475,172.31.46.0-255,66,47762,42,352880
21888,0.000505,172.31.46.0-255,66,47828,42,352880
21889,0.000562,74.125.130.0-255,5738,53566,42,352880
21890,0.000565,172.31.46.0-255,66,53632,42,352880
21891,0.00058,74.125.130.0-255,3961,57593,42,352880
21892,0.000582,172.31.46.0-255,66,57659,42,352880
21893,0.000585,74.125.130.0-255,364,58023,42,352880
21894,0.000767,74.125.130.0-255,378,58401,42,352880
21895,0.00112,172.31.46.0-255,66,58467,42,352880
21896,0.001154,74.125.130.0-255,1484,59951,42,352880
21897,0.001174,74.125.130.0-255,2902,62853,42,352880
21898,0.001177,172.31.46.0-255,66,62919,42,352880
21899,0.001184,74.125.130.0-255,4320,67239,42,352880
21900,0.001185,172.31.46.0-255,66,67305,42,352880
21901,0.001189,74.125.130.0-255,2902,70207,42,352880
21902,0.001191,172.31.46.0-255,66,70273,42,352880
21903,0.001205,74.125.130.0-255,2902,73175,42,352880
21904,0.001207,172.31.46.0-255,66,73241,42,352880
21905,0.001235,172.31.46.0-255,66,73307,42,352880
21906,0.001247,74.125.130.0-255,2902,76209,42,352880
21907,0.001249,172.31.46.0-255,66,76275,42,352880
21908,0.001253,74.125.130.0-255,4320,80595,42,352880
21909,0.001255,172.31.46.0-255,66,80661,42,352880
21910,0.001291,74.125.130.0-255,3602,84263,42,352880
21911,0.001295,172.31.46.0-255,66,84329,42,352880
21912,0.001795,74.125.130.0-255,1484,85813,42,352880
21913,0.001814,74.125.130.0-255,2902,88715,42,352880
21914,0.001818,172.31.46.0-255,66,88781,42,352880
21915,0.001825,74.125.130.0-255,4320,93101,42,352880
21916,0.001827,172.31.46.0-255,66,93167,42,352880
21917,0.001858,74.125.130.0-255,1484,94651,42,352880
21918,0.001867,74.125.130.0-255,7156,101807,42,352880
21919,0.001869,172.31.46.0-255,66,101873,42,352880
21920,0.001877,74.125.130.0-255,7156,109029,42,352880
21921,0.001879,172.31.46.0-255,66,109095,42,352880
21922,0.001891,74.125.130.0-255,1484,110579,42,352880
21923,0.001894,74.125.130.0-255,1484,112063,42,352880
21924,0.001896,172.31.46.0-255,66,112129,42,352880
21925,0.001913,74.125.130.0-255,2902,115031,42,352880
21926,0.001915,172.31.46.0-255,66,115097,42,352880
21927,0.00195,74.125.130.0-255,3602,118699,42,352880
21928,0.001953,172.31.46.0-255,66,118765,42,352880
21929,0.002329,74.125.130.0-255,1484,120249,42,352880
21930,0.002338,74.125.130.0-255,2902,123151,42,352880
21931,0.002342,172.31.46.0-255,66,123217,42,352880
21932,0.002365,74.125.130.0-255,2902,126119,42,352880
21933,0.002367,172.31.46.0-255,66,126185,42,352880
21934,0.002372,74.125.130.0-255,4320,130505,42,352880
21935,0.002374,172.31.46.0-255,66,130571,42,352880
21936,0.002388,74.125.130.0-255,2902,133473,42,352880
21937,0.002389,172.31.46.0-255,66,133539,42,352880
21938,0.002406,74.125.130.0-255,5738,139277,42,352880
21939,0.002409,172.31.46.0-255,66,139343,42,352880
21940,0.002416,74.125.130.0-255,7156,146499,42,352880
21941,0.002418,172.31.46.0-255,66,146565,42,352880
21942,0.002456,74.125.130.0-255,1484,148049,42,352880
21943,0.002475,74.125.130.0-255,5020,153069,42,352880
21944,0.002477,172.31.46.0-255,66,153135,42,352880
21945,0.002644,74.125.130.0-255,1484,154619,42,352880
21946,0.002659,74.125.130.0-255,2902,157521,42,352880
21947,0.002662,172.31.46.0-255,66,157587,42,352880
21948,0.002687,74.125.130.0-255,5738,163325,42,352880
21949,0.002689,172.31.46.0-255,66,163391,42,352880
21950,0.002694,74.125.130.0-255,2902,166293,42,352880
21951,0.002696,172.31.46.0-255,66,166359,42,352880
21952,0.002699,74.125.130.0-255,1484,167843,42,352880
21953,0.002731,74.125.130.0-255,1484,169327,42,352880
21954,0.002733,172.31.46.0-255,66,169393,42,352880
21955,0.002736,74.125.130.0-255,1484,170877,42,352880
21956,0.002754,74.125.130.0-255,5738,176615,42,352880
21957,0.002757,172.31.46.0-255,66,176681,42,352880
21958,0.002773,74.125.130.0-255,1484,178165,42,352880
21959,0.00278,74.125.130.0-255,5738,183903,42,352880
21960,0.002782,172.31.46.0-255,66,183969,42,352880
21961,0.0028,74.125.130.0-255,2902,186871,42,352880
21962,0.002803,172.31.46.0-255,66,186937,42,352880
21963,0.002806,74.125.130.0-255,766,187703,42,352880
21964,0.003167,74.125.130.0-255,1484,189187,42,352880
21965,0.003169,172.31.46.0-255,66,189253,42,352880
21966,0.003191,74.125.130.0-255,2902,192155,42,352880
21967,0.003193,172.31.46.0-255,66,192221,42,352880
21968,0.003196,74.125.130.0-255,1484,193705,42,352880
21969,0.003216,74.125.130.0-255,4320,198025,42,352880
21970,0.003219,172.31.46.0-255,66,198091,42,352880
21971,0.003226,74.125.130.0-255,7156,205247,42,352880
21972,0.003229,172.31.46.0-255,66,205313,42,352880
21973,0.00326,74.125.130.0-255,4320,209633,42,352880
21974,0.003262,172.31.46.0-255,66,209699,42,352880
21975,0.003277,74.125.130.0-255,5738,215437,42,352880
21976,0.00328,172.31.46.0-255,66,215503,42,352880
21977,0.003316,74.125.130.0-255,2902,218405,42,352880
21978,0.003318,172.31.46.0-255,66,218471,42,352880
21979,0.003332,74.125.130.0-255,3602,222073,42,352880
21980,0.003334,172.31.46.0-255,66,222139,42,352880
21981,0.003535,74.125.130.0-255,1484,223623,42,352880
21982,0.003548,74.125.130.0-255,2902,226525,42,352880
21983,0.003551,172.31.46.0-255,66,226591,42,352880
21984,0.003573,74.125.130.0-255,4320,230911,42,352880
21985,0.003575,172.31.46.0-255,66,230977,42,352880
21986,0.003632,74.125.130.0-255,5738,236715,42,352880
21987,0.003635,172.31.46.0-255,66,236781,42,352880
21988,0.003648,172.31.46.0-255,66,236847,42,352880
21989,0.003653,74.125.130.0-255,4320,241167,42,352880
21990,0.003656,172.31.46.0-255,66,241233,42,352880
21991,0.003658,74.125.130.0-255,1484,242717,42,352880
21992,0.003688,172.31.46.0-255,66,242783,42,352880
21993,0.003717,172.31.46.0-255,66,242849,42,352880
21994,0.003737,74.125.130.0-255,2902,245751,42,352880
21995,0.003739,172.31.46.0-255,66,245817,42,352880
21996,0.003744,74.125.130.0-255,2902,248719,42,352880
21997,0.003746,172.31.46.0-255,66,248785,42,352880
21998,0.003749,74.125.130.0-255,1484,250269,42,352880
21999,0.003775,74.125.130.0-255,2902,253171,42,352880
22000,0.003779,172.31.46.0-255,66,253237,42,352880
22001,0.003782,74.125.130.0-255,1484,254721,42,352880
22002,0.003785,74.125.130.0-255,1484,256205,42,352880
22003,0.003787,172.31.46.0-255,66,256271,42,352880
22004,0.003789,74.125.130.0-255,1484,257755,42,352880
22005,0.003812,74.125.130.0-255,2184,259939,42,352880
22006,0.003815,172.31.46.0-255,66,260005,42,352880
22007,0.00389,74.125.130.0-255,1484,261489,42,352880
22008,0.003911,74.125.130.0-255,2902,264391,42,352880
22009,0.003915,172.31.46.0-255,66,264457,42,352880
22010,0.003918,74.125.130.0-255,1484,265941,42,352880
22011,0.003921,74.125.130.0-255,1484,267425,42,352880
22012,0.003923,172.31.46.0-255,66,267491,42,352880
22013,0.003933,74.125.130.0-255,1484,268975,42,352880
22014,0.003953,74.125.130.0-255,5738,274713,42,352880
22015,0.003956,172.31.46.0-255,66,274779,42,352880
22016,0.003979,74.125.130.0-255,5738,280517,42,352880
22017,0.003982,172.31.46.0-255,66,280583,42,352880
22018,0.004,74.125.130.0-255,5738,286321,42,352880
22019,0.004003,172.31.46.0-255,66,286387,42,352880
22020,0.004028,74.125.130.0-255,5738,292125,42,352880
22021,0.004031,172.31.46.0-255,66,292191,42,352880
22022,0.004049,74.125.130.0-255,2184,294375,42,352880
22023,0.004052,172.31.46.0-255,66,294441,42,352880
22024,0.005052,74.125.130.0-255,1484,295925,42,352880
22025,0.005061,74.125.130.0-255,2902,298827,42,352880
22026,0.005065,172.31.46.0-255,66,298893,42,352880
22027,0.005081,74.125.130.0-255,5738,304631,42,352880
22028,0.005085,172.31.46.0-255,66,304697,42,352880
22029,0.005102,74.125.130.0-255,1484,306181,42,352880
22030,0.005119,74.125.130.0-255,5738,311919,42,352880
22031,0.005122,172.31.46.0-255,66,311985,42,352880
22032,0.005148,74.125.130.0-255,5738,317723,42,352880
22033,0.005152,172.31.46.0-255,66,317789,42,352880
22034,0.005174,74.125.130.0-255,1484,319273,42,352880
22035,0.00519,74.125.130.0-255,5738,325011,42,352880
22036,0.005193,172.31.46.0-255,66,325077,42,352880
22037,0.005237,74.125.130.0-255,6438,331515,42,352880
22038,0.00524,172.31.46.0-255,66,331581,42,352880
22039,0.005244,74.125.130.0-255,1484,333065,42,352880
22040,0.005272,74.125.130.0-255,1484,334549,42,352880
22041,0.005274,172.31.46.0-255,66,334615,42,352880
22042,0.005278,74.125.130.0-255,1484,336099,42,352880
22043,0.005281,74.125.130.0-255,1484,337583,42,352880
22044,0.005283,172.31.46.0-255,66,337649,42,352880
22045,0.005317,74.125.130.0-255,4320,341969,42,352880
22046,0.00532,172.31.46.0-255,66,342035,42,352880
22047,0.005324,74.125.130.0-255,1484,343519,42,352880
22048,0.005327,74.125.130.0-255,1484,345003,42,352880
22049,0.005329,172.31.46.0-255,66,345069,42,352880
22050,0.005348,74.125.130.0-255,2902,347971,42,352880
22051,0.005351,172.31.46.0-255,66,348037,42,352880
22052,0.005368,74.125.130.0-255,1484,349521,42,352880
22053,0.005383,74.125.130.0-255,2854,352375,42,352880
22054,0.005386,172.31.46.0-255,66,352441,42,352880
22055,0.005405,74.125.130.0-255,97,352538,42,352880
22056,0.005489,74.125.130.0-255,105,352643,42,352880
22057,0.010089,172.31.46.0-255,66,352709,42,352880
22058,0.010125,172.31.46.0-255,105,352814,42,352880
22059,0.012658,74.125.130.0-255,66,352880,42,352880
22060,0.0,172.217.194.0-255,146,146,42,78599
22061,1.3e-05,172.31.46.0-255,66,212,42,78599
22062,1.9e-05,172.217.194.0-255,1484,1696,42,78599
22063,2.4e-05,172.31.46.0-255,66,1762,42,78599
22064,2.9e-05,172.217.194.0-255,2902,4664,42,78599
22065,4e-05,172.31.46.0-255,66,4730,42,78599
22066,6.8e-05,172.217.194.0-255,1484,6214,42,78599
22067,7e-05,172.31.46.0-255,66,6280,42,78599
22068,0.0001,172.217.194.0-255,5738,12018,42,78599
22069,0.000103,172.31.46.0-255,66,12084,42,78599
22070,0.000201,172.217.194.0-255,6192,18276,42,78599
22071,0.000205,172.31.46.0-255,66,18342,42,78599
22072,0.000299,172.31.46.0-255,66,18408,42,78599
22073,0.000323,172.217.194.0-255,3961,22369,42,78599
22074,0.000326,172.31.46.0-255,66,22435,42,78599
22075,0.00051,172.31.46.0-255,66,22501,42,78599
22076,0.000543,172.31.46.0-255,66,22567,42,78599
22077,0.000843,172.217.194.0-255,7156,29723,42,78599
22078,0.000847,172.31.46.0-255,66,29789,42,78599
22079,0.000878,172.217.194.0-255,5999,35788,42,78599
22080,0.000882,172.31.46.0-255,66,35854,42,78599
22081,0.001061,172.217.194.0-255,4320,40174,42,78599
22082,0.001064,172.31.46.0-255,66,40240,42,78599
22083,0.001102,172.31.46.0-255,66,40306,42,78599
22084,0.00166,172.31.46.0-255,66,40372,42,78599
22085,0.001707,172.31.46.0-255,66,40438,42,78599
22086,0.002182,172.217.194.0-255,5738,46176,42,78599
22087,0.002724,172.217.194.0-255,1484,47660,42,78599
22088,0.003705,172.217.194.0-255,1484,49144,42,78599
22089,0.003717,172.217.194.0-255,4320,53464,42,78599
22090,0.004313,172.31.46.0-255,66,53530,42,78599
22091,0.004701,172.217.194.0-255,4320,57850,42,78599
22092,0.004711,172.31.46.0-255,66,57916,42,78599
22093,0.004776,172.217.194.0-255,5738,63654,42,78599
22094,0.004794,172.31.46.0-255,66,63720,42,78599
22095,0.004871,172.217.194.0-255,2902,66622,42,78599
22096,0.004874,172.31.46.0-255,66,66688,42,78599
22097,0.004995,172.31.46.0-255,66,66754,42,78599
22098,0.005858,172.217.194.0-255,5738,72492,42,78599
22099,0.005863,172.31.46.0-255,66,72558,42,78599
22100,0.005956,172.217.194.0-255,5738,78296,42,78599
22101,0.005968,172.31.46.0-255,66,78362,42,78599
22102,0.006008,172.31.46.0-255,66,78428,42,78599
22103,0.016241,172.31.46.0-255,105,78533,42,78599
22104,0.018569,172.217.194.0-255,66,78599,42,78599
22105,0.0,74.125.24.0-255,152,152,42,212538
22106,1.5e-05,172.31.46.0-255,66,218,42,212538
22107,2.1e-05,74.125.24.0-255,1484,1702,42,212538
22108,2.5e-05,172.31.46.0-255,66,1768,42,212538
22109,3.1e-05,74.125.24.0-255,2902,4670,42,212538
22110,3.4e-05,172.31.46.0-255,66,4736,42,212538
22111,4.1e-05,74.125.24.0-255,5738,10474,42,212538
22112,4.3e-05,172.31.46.0-255,66,10540,42,212538
22113,8.8e-05,74.125.24.0-255,3423,13963,42,212538
22114,9.1e-05,172.31.46.0-255,66,14029,42,212538
22115,0.000143,74.125.24.0-255,1484,15513,42,212538
22116,0.000145,172.31.46.0-255,66,15579,42,212538
22117,0.00015,74.125.24.0-255,2902,18481,42,212538
22118,0.000153,172.31.46.0-255,66,18547,42,212538
22119,0.000176,74.125.24.0-255,4320,22867,42,212538
22120,0.000179,172.31.46.0-255,66,22933,42,212538
22121,0.000194,74.125.24.0-255,1484,24417,42,212538
22122,0.000196,172.31.46.0-255,66,24483,42,212538
22123,0.000204,74.125.24.0-255,6797,31280,42,212538
22124,0.000206,172.31.46.0-255,66,31346,42,212538
22125,0.000214,74.125.24.0-255,7156,38502,42,212538
22126,0.000216,172.31.46.0-255,66,38568,42,212538
22127,0.000235,74.125.24.0-255,4320,42888,42,212538
22128,0.000237,172.31.46.0-255,66,42954,42,212538
22129,0.000263,74.125.24.0-255,5379,48333,42,212538
22130,0.000266,172.31.46.0-255,66,48399,42,212538
22131,0.00027,74.125.24.0-255,2902,51301,42,212538
22132,0.000272,172.31.46.0-255,66,51367,42,212538
22133,0.000287,74.125.24.0-255,5738,57105,42,212538
22134,0.00029,172.31.46.0-255,66,57171,42,212538
22135,0.000302,74.125.24.0-255,1484,58655,42,212538
22136,0.000305,172.31.46.0-255,66,58721,42,212538
22137,0.000312,74.125.24.0-255,6797,65518,42,212538
22138,0.000314,172.31.46.0-255,66,65584,42,212538
22139,0.000317,74.125.24.0-255,399,65983,42,212538
22140,0.000632,74.125.24.0-255,344,66327,42,212538
22141,0.000691,74.125.24.0-255,1484,67811,42,212538
22142,0.000696,172.31.46.0-255,66,67877,42,212538
22143,0.000719,74.125.24.0-255,2902,70779,42,212538
22144,0.000721,172.31.46.0-255,66,70845,42,212538
22145,0.000728,74.125.24.0-255,5738,76583,42,212538
22146,0.00073,172.31.46.0-255,66,76649,42,212538
22147,0.000757,74.125.24.0-255,6797,83446,42,212538
22148,0.000759,172.31.46.0-255,66,83512,42,212538
22149,0.0008,74.125.24.0-255,7156,90668,42,212538
22150,0.000802,172.31.46.0-255,66,90734,42,212538
22151,0.000808,74.125.24.0-255,4320,95054,42,212538
22152,0.00081,172.31.46.0-255,66,95120,42,212538
22153,0.000854,74.125.24.0-255,5379,100499,42,212538
22154,0.000858,172.31.46.0-255,66,100565,42,212538
22155,0.000923,74.125.24.0-255,1484,102049,42,212538
22156,0.000927,74.125.24.0-255,1484,103533,42,212538
22157,0.000929,172.31.46.0-255,66,103599,42,212538
22158,0.000949,74.125.24.0-255,1484,105083,42,212538
22159,0.000957,74.125.24.0-255,5738,110821,42,212538
22160,0.000959,172.31.46.0-255,66,110887,42,212538
22161,0.000993,172.31.46.0-255,66,110953,42,212538
22162,0.000998,74.125.24.0-255,2902,113855,42,212538
22163,0.001001,172.31.46.0-255,66,113921,42,212538
22164,0.001022,172.31.46.0-255,66,113987,42,212538
22165,0.001077,74.125.24.0-255,1484,115471,42,212538
22166,0.001094,74.125.24.0-255,2902,118373,42,212538
22167,0.001097,172.31.46.0-255,66,118439,42,212538
22168,0.001103,74.125.24.0-255,4320,122759,42,212538
22169,0.001105,172.31.46.0-255,66,122825,42,212538
22170,0.001122,74.125.24.0-255,1484,124309,42,212538
22171,0.001133,172.31.46.0-255,66,124375,42,212538
22172,0.00115,74.125.24.0-255,4320,128695,42,212538
22173,0.001152,172.31.46.0-255,66,128761,42,212538
22174,0.001155,74.125.24.0-255,1484,130245,42,212538
22175,0.001192,172.31.46.0-255,66,130311,42,212538
22176,0.001196,74.125.24.0-255,1484,131795,42,212538
22177,0.00123,172.31.46.0-255,66,131861,42,212538
22178,0.001234,74.125.24.0-255,2184,134045,42,212538
22179,0.001236,172.31.46.0-255,66,134111,42,212538
22180,0.001337,74.125.24.0-255,1484,135595,42,212538
22181,0.001353,74.125.24.0-255,2902,138497,42,212538
22182,0.001357,172.31.46.0-255,66,138563,42,212538
22183,0.001364,74.125.24.0-255,5738,144301,42,212538
22184,0.001366,172.31.46.0-255,66,144367,42,212538
22185,0.001405,74.125.24.0-255,5738,150105,42,212538
22186,0.00141,172.31.46.0-255,66,150171,42,212538
22187,0.001429,74.125.24.0-255,7156,157327,42,212538
22188,0.001431,172.31.46.0-255,66,157393,42,212538
22189,0.001439,74.125.24.0-255,7156,164549,42,212538
22190,0.001442,172.31.46.0-255,66,164615,42,212538
22191,0.001463,74.125.24.0-255,3602,168217,42,212538
22192,0.001466,172.31.46.0-255,66,168283,42,212538
22193,0.001582,74.125.24.0-255,1484,169767,42,212538
22194,0.001587,74.125.24.0-255,1484,171251,42,212538
22195,0.001589,172.31.46.0-255,66,171317,42,212538
22196,0.001612,74.125.24.0-255,1484,172801,42,212538
22197,0.001618,74.125.24.0-255,5738,178539,42,212538
22198,0.001621,172.31.46.0-255,66,178605,42,212538
22199,0.001627,74.125.24.0-255,5738,184343,42,212538
22200,0.001629,172.31.46.0-255,66,184409,42,212538
22201,0.001669,172.31.46.0-255,66,184475,42,212538
22202,0.001676,74.125.24.0-255,5020,189495,42,212538
22203,0.001678,172.31.46.0-255,66,189561,42,212538
22204,0.001715,74.125.24.0-255,5738,195299,42,212538
22205,0.001718,172.31.46.0-255,66,195365,42,212538
22206,0.001763,172.31.46.0-255,66,195431,42,212538
22207,0.001766,172.31.46.0-255,66,195497,42,212538
22208,0.00182,172.31.46.0-255,66,195563,42,212538
22209,0.001854,172.31.46.0-255,66,195629,42,212538
22210,0.001874,172.31.46.0-255,66,195695,42,212538
22211,0.001903,74.125.24.0-255,6438,202133,42,212538
22212,0.001906,172.31.46.0-255,66,202199,42,212538
22213,0.001921,172.31.46.0-255,66,202265,42,212538
22214,0.001966,172.31.46.0-255,66,202331,42,212538
22215,0.001986,74.125.24.0-255,2184,204515,42,212538
22216,0.001989,172.31.46.0-255,66,204581,42,212538
22217,0.001995,74.125.24.0-255,7156,211737,42,212538
22218,0.001997,172.31.46.0-255,66,211803,42,212538
22219,0.001999,74.125.24.0-255,393,212196,42,212538
22220,0.002001,74.125.24.0-255,105,212301,42,212538
22221,0.004321,172.31.46.0-255,66,212367,42,212538
22222,0.004354,172.31.46.0-255,105,212472,42,212538
22223,0.00663,74.125.24.0-255,66,212538,42,212538
22224,0.0,172.31.46.0-255,105,105,42,459
22225,0.000235,172.31.46.0-255,90,195,42,459
22226,0.000247,172.31.46.0-255,66,261,42,459
22227,0.002285,74.125.68.0-255,66,327,42,459
22228,0.002318,74.125.68.0-255,66,393,42,459
22229,0.002341,172.31.46.0-255,66,459,42,459
22230,0.0,172.217.194.0-255,292,292,42,189892
22231,2.5e-05,172.31.46.0-255,66,358,42,189892
22232,3.2e-05,172.217.194.0-255,1484,1842,42,189892
22233,3.7e-05,172.31.46.0-255,66,1908,42,189892
22234,5.3e-05,172.217.194.0-255,4320,6228,42,189892
22235,5.7e-05,172.31.46.0-255,66,6294,42,189892
22236,6.5e-05,172.217.194.0-255,5738,12032,42,189892
22237,6.7e-05,172.31.46.0-255,66,12098,42,189892
22238,0.000102,172.217.194.0-255,2046,14144,42,189892
22239,0.000105,172.31.46.0-255,66,14210,42,189892
22240,0.000117,172.31.46.0-255,66,14276,42,189892
22241,0.00012,172.217.194.0-255,1484,15760,42,189892
22242,0.000122,172.31.46.0-255,66,15826,42,189892
22243,0.00016,172.217.194.0-255,6797,22623,42,189892
22244,0.000164,172.31.46.0-255,66,22689,42,189892
22245,0.000217,172.217.194.0-255,1484,24173,42,189892
22246,0.00022,172.31.46.0-255,66,24239,42,189892
22247,0.000233,172.217.194.0-255,2902,27141,42,189892
22248,0.000241,172.31.46.0-255,66,27207,42,189892
22249,0.000268,172.217.194.0-255,5738,32945,42,189892
22250,0.000272,172.31.46.0-255,66,33011,42,189892
22251,0.00028,172.217.194.0-255,6797,39808,42,189892
22252,0.000282,172.31.46.0-255,66,39874,42,189892
22253,0.000309,172.217.194.0-255,1484,41358,42,189892
22254,0.000311,172.31.46.0-255,66,41424,42,189892
22255,0.00034,172.217.194.0-255,2902,44326,42,189892
22256,0.000342,172.31.46.0-255,66,44392,42,189892
22257,0.000349,172.217.194.0-255,5738,50130,42,189892
22258,0.000352,172.31.46.0-255,66,50196,42,189892
22259,0.000361,172.217.194.0-255,2902,53098,42,189892
22260,0.000363,172.31.46.0-255,66,53164,42,189892
22261,0.000389,172.217.194.0-255,4273,57437,42,189892
22262,0.000392,172.31.46.0-255,66,57503,42,189892
22263,0.000632,172.217.194.0-255,365,57868,42,189892
22264,0.000782,172.217.194.0-255,1484,59352,42,189892
22265,0.000789,172.31.46.0-255,66,59418,42,189892
22266,0.000795,172.217.194.0-255,2902,62320,42,189892
22267,0.000798,172.31.46.0-255,66,62386,42,189892
22268,0.000809,172.217.194.0-255,5738,68124,42,189892
22269,0.000812,172.31.46.0-255,66,68190,42,189892
22270,0.000869,172.31.46.0-255,66,68256,42,189892
22271,0.000888,172.217.194.0-255,5738,73994,42,189892
22272,0.00089,172.31.46.0-255,66,74060,42,189892
22273,0.000915,172.217.194.0-255,6438,80498,42,189892
22274,0.000917,172.31.46.0-255,66,80564,42,189892
22275,0.001422,172.217.194.0-255,1484,82048,42,189892
22276,0.001429,172.217.194.0-255,2902,84950,42,189892
22277,0.001433,172.31.46.0-255,66,85016,42,189892
22278,0.00144,172.217.194.0-255,5738,90754,42,189892
22279,0.001442,172.31.46.0-255,66,90820,42,189892
22280,0.00149,172.31.46.0-255,66,90886,42,189892
22281,0.001504,172.31.46.0-255,66,90952,42,189892
22282,0.001608,172.217.194.0-255,1484,92436,42,189892
22283,0.001626,172.217.194.0-255,2902,95338,42,189892
22284,0.001629,172.31.46.0-255,66,95404,42,189892
22285,0.001636,172.217.194.0-255,5738,101142,42,189892
22286,0.001639,172.31.46.0-255,66,101208,42,189892
22287,0.001681,172.217.194.0-255,1484,102692,42,189892
22288,0.001686,172.31.46.0-255,66,102758,42,189892
22289,0.001722,172.31.46.0-255,66,102824,42,189892
22290,0.00176,172.31.46.0-255,66,102890,42,189892
22291,0.001774,172.31.46.0-255,66,102956,42,189892
22292,0.001777,172.217.194.0-255,1484,104440,42,189892
22293,0.00182,172.31.46.0-255,66,104506,42,189892
22294,0.001977,172.217.194.0-255,1484,105990,42,189892
22295,0.001993,172.217.194.0-255,2902,108892,42,189892
22296,0.001996,172.31.46.0-255,66,108958,42,189892
22297,0.002004,172.217.194.0-255,5738,114696,42,189892
22298,0.002006,172.31.46.0-255,66,114762,42,189892
22299,0.002044,172.217.194.0-255,1484,116246,42,189892
22300,0.002049,172.217.194.0-255,2902,119148,42,189892
22301,0.002052,172.31.46.0-255,66,119214,42,189892
22302,0.002081,172.217.194.0-255,5738,124952,42,189892
22303,0.002083,172.31.46.0-255,66,125018,42,189892
22304,0.002091,172.217.194.0-255,7156,132174,42,189892
22305,0.002093,172.31.46.0-255,66,132240,42,189892
22306,0.002143,172.217.194.0-255,5738,137978,42,189892
22307,0.002161,172.31.46.0-255,66,138044,42,189892
22308,0.002205,172.217.194.0-255,766,138810,42,189892
22309,0.002331,172.217.194.0-255,1484,140294,42,189892
22310,0.002335,172.31.46.0-255,66,140360,42,189892
22311,0.00234,172.217.194.0-255,2902,143262,42,189892
22312,0.002343,172.31.46.0-255,66,143328,42,189892
22313,0.002349,172.217.194.0-255,5738,149066,42,189892
22314,0.002357,172.31.46.0-255,66,149132,42,189892
22315,0.002406,172.31.46.0-255,66,149198,42,189892
22316,0.002409,172.217.194.0-255,1484,150682,42,189892
22317,0.004787,172.217.194.0-255,4320,155002,42,189892
22318,0.004795,172.31.46.0-255,66,155068,42,189892
22319,0.00716,172.217.194.0-255,5738,160806,42,189892
22320,0.007165,172.31.46.0-255,66,160872,42,189892
22321,0.009541,172.217.194.0-255,5738,166610,42,189892
22322,0.009549,172.31.46.0-255,66,166676,42,189892
22323,0.011913,172.217.194.0-255,5738,172414,42,189892
22324,0.011924,172.31.46.0-255,66,172480,42,189892
22325,0.014253,172.217.194.0-255,5738,178218,42,189892
22326,0.014263,172.31.46.0-255,66,178284,42,189892
22327,0.016606,172.217.194.0-255,5738,184022,42,189892
22328,0.016619,172.31.46.0-255,66,184088,42,189892
22329,0.01894,172.217.194.0-255,5738,189826,42,189892
22330,0.018955,172.31.46.0-255,66,189892,42,189892
22331,0.0,74.125.130.0-255,146,146,42,262144
22332,2.3e-05,172.31.46.0-255,66,212,42,262144
22333,3e-05,74.125.130.0-255,1484,1696,42,262144
22334,3.5e-05,172.31.46.0-255,66,1762,42,262144
22335,4.1e-05,74.125.130.0-255,2902,4664,42,262144
22336,4.4e-05,172.31.46.0-255,66,4730,42,262144
22337,6.6e-05,74.125.130.0-255,4320,9050,42,262144
22338,6.9e-05,172.31.46.0-255,66,9116,42,262144
22339,7.3e-05,74.125.130.0-255,1484,10600,42,262144
22340,7.5e-05,172.31.46.0-255,66,10666,42,262144
22341,0.000107,74.125.130.0-255,3322,13988,42,262144
22342,0.00011,172.31.46.0-255,66,14054,42,262144
22343,0.000117,74.125.130.0-255,5738,19792,42,262144
22344,0.000119,172.31.46.0-255,66,19858,42,262144
22345,0.000135,74.125.130.0-255,5738,25596,42,262144
22346,0.000137,172.31.46.0-255,66,25662,42,262144
22347,0.00016,74.125.130.0-255,5379,31041,42,262144
22348,0.000162,172.31.46.0-255,66,31107,42,262144
22349,0.000243,74.125.130.0-255,1484,32591,42,262144
22350,0.000247,172.31.46.0-255,66,32657,42,262144
22351,0.00025,74.125.130.0-255,1484,34141,42,262144
22352,0.000253,172.31.46.0-255,66,34207,42,262144
22353,0.000264,74.125.130.0-255,1484,35691,42,262144
22354,0.000267,172.31.46.0-255,66,35757,42,262144
22355,0.00027,74.125.130.0-255,1484,37241,42,262144
22356,0.000273,172.31.46.0-255,66,37307,42,262144
22357,0.000304,74.125.130.0-255,2902,40209,42,262144
22358,0.000307,172.31.46.0-255,66,40275,42,262144
22359,0.000324,74.125.130.0-255,1484,41759,42,262144
22360,0.000326,172.31.46.0-255,66,41825,42,262144
22361,0.000345,74.125.130.0-255,2902,44727,42,262144
22362,0.000347,172.31.46.0-255,66,44793,42,262144
22363,0.000353,74.125.130.0-255,4320,49113,42,262144
22364,0.000356,172.31.46.0-255,66,49179,42,262144
22365,0.000372,74.125.130.0-255,1484,50663,42,262144
22366,0.000376,74.125.130.0-255,1484,52147,42,262144
22367,0.000379,172.31.46.0-255,66,52213,42,262144
22368,0.000406,172.31.46.0-255,66,52279,42,262144
22369,0.00044,74.125.130.0-255,5330,57609,42,262144
22370,0.000443,172.31.46.0-255,66,57675,42,262144
22371,0.000461,74.125.130.0-255,367,58042,42,262144
22372,0.000581,74.125.130.0-255,1484,59526,42,262144
22373,0.000585,172.31.46.0-255,66,59592,42,262144
22374,0.000591,74.125.130.0-255,2902,62494,42,262144
22375,0.000594,172.31.46.0-255,66,62560,42,262144
22376,0.000616,74.125.130.0-255,5738,68298,42,262144
22377,0.000619,172.31.46.0-255,66,68364,42,262144
22378,0.000637,74.125.130.0-255,4320,72684,42,262144
22379,0.000646,172.31.46.0-255,66,72750,42,262144
22380,0.00067,74.125.130.0-255,5738,78488,42,262144
22381,0.000674,172.31.46.0-255,66,78554,42,262144
22382,0.000676,74.125.130.0-255,1484,80038,42,262144
22383,0.000692,74.125.130.0-255,2902,82940,42,262144
22384,0.000695,172.31.46.0-255,66,83006,42,262144
22385,0.000723,74.125.130.0-255,4320,87326,42,262144
22386,0.000726,172.31.46.0-255,66,87392,42,262144
22387,0.000739,74.125.130.0-255,1484,88876,42,262144
22388,0.000743,74.125.130.0-255,1484,90360,42,262144
22389,0.000745,172.31.46.0-255,66,90426,42,262144
22390,0.000793,74.125.130.0-255,2184,92610,42,262144
22391,0.000796,172.31.46.0-255,66,92676,42,262144
22392,0.001306,74.125.130.0-255,1484,94160,42,262144
22393,0.001329,74.125.130.0-255,2902,97062,42,262144
22394,0.001333,172.31.46.0-255,66,97128,42,262144
22395,0.001338,74.125.130.0-255,2902,100030,42,262144
22396,0.00134,172.31.46.0-255,66,100096,42,262144
22397,0.001354,74.125.130.0-255,1484,101580,42,262144
22398,0.001358,74.125.130.0-255,2902,104482,42,262144
22399,0.00136,172.31.46.0-255,66,104548,42,262144
22400,0.001384,74.125.130.0-255,2902,107450,42,262144
22401,0.001386,172.31.46.0-255,66,107516,42,262144
22402,0.001393,74.125.130.0-255,5738,113254,42,262144
22403,0.001395,172.31.46.0-255,66,113320,42,262144
22404,0.001413,74.125.130.0-255,1484,114804,42,262144
22405,0.001428,74.125.130.0-255,2902,117706,42,262144
22406,0.00143,172.31.46.0-255,66,117772,42,262144
22407,0.001453,74.125.130.0-255,5738,123510,42,262144
22408,0.001456,172.31.46.0-255,66,123576,42,262144
22409,0.001461,74.125.130.0-255,3602,127178,42,262144
22410,0.001463,172.31.46.0-255,66,127244,42,262144
22411,0.001603,74.125.130.0-255,1484,128728,42,262144
22412,0.001625,74.125.130.0-255,2902,131630,42,262144
22413,0.001628,172.31.46.0-255,66,131696,42,262144
22414,0.001635,74.125.130.0-255,5738,137434,42,262144
22415,0.001638,172.31.46.0-255,66,137500,42,262144
22416,0.001642,74.125.130.0-255,2902,140402,42,262144
22417,0.001644,172.31.46.0-255,66,140468,42,262144
22418,0.001671,74.125.130.0-255,4320,144788,42,262144
22419,0.001673,172.31.46.0-255,66,144854,42,262144
22420,0.001712,74.125.130.0-255,7156,152010,42,262144
22421,0.001715,172.31.46.0-255,66,152076,42,262144
22422,0.001727,172.31.46.0-255,66,152142,42,262144
22423,0.00176,74.125.130.0-255,3602,155744,42,262144
22424,0.001763,172.31.46.0-255,66,155810,42,262144
22425,0.001783,74.125.130.0-255,4320,160130,42,262144
22426,0.001785,172.31.46.0-255,66,160196,42,262144
22427,0.001788,74.125.130.0-255,1484,161680,42,262144
22428,0.001813,74.125.130.0-255,4320,166000,42,262144
22429,0.001816,172.31.46.0-255,66,166066,42,262144
22430,0.001824,74.125.130.0-255,7156,173222,42,262144
22431,0.001826,172.31.46.0-255,66,173288,42,262144
22432,0.001849,74.125.130.0-255,2902,176190,42,262144
22433,0.001851,172.31.46.0-255,66,176256,42,262144
22434,0.001869,74.125.130.0-255,1484,177740,42,262144
22435,0.001876,74.125.130.0-255,5738,183478,42,262144
22436,0.001878,172.31.46.0-255,66,183544,42,262144
22437,0.001905,74.125.130.0-255,3602,187146,42,262144
22438,0.001909,172.31.46.0-255,66,187212,42,262144
22439,0.002108,74.125.130.0-255,1484,188696,42,262144
22440,0.002124,74.125.130.0-255,2902,191598,42,262144
22441,0.002132,172.31.46.0-255,66,191664,42,262144
22442,0.00214,74.125.130.0-255,5738,197402,42,262144
22443,0.002142,172.31.46.0-255,66,197468,42,262144
22444,0.002162,74.125.130.0-255,5738,203206,42,262144
22445,0.002165,172.31.46.0-255,66,203272,42,262144
22446,0.00217,74.125.130.0-255,2902,206174,42,262144
22447,0.002172,172.31.46.0-255,66,206240,42,262144
22448,0.002197,74.125.130.0-255,4320,210560,42,262144
22449,0.0022,172.31.46.0-255,66,210626,42,262144
22450,0.002206,74.125.130.0-255,4320,214946,42,262144
22451,0.002209,172.31.46.0-255,66,215012,42,262144
22452,0.00224,74.125.130.0-255,6438,221450,42,262144
22453,0.002255,172.31.46.0-255,66,221516,42,262144
22454,0.004503,74.125.130.0-255,5738,227254,42,262144
22455,0.00451,172.31.46.0-255,66,227320,42,262144
22456,0.006757,74.125.130.0-255,5738,233058,42,262144
22457,0.006761,172.31.46.0-255,66,233124,42,262144
22458,0.009016,74.125.130.0-255,5738,238862,42,262144
22459,0.009024,172.31.46.0-255,66,238928,42,262144
22460,0.011277,74.125.130.0-255,5738,244666,42,262144
22461,0.011288,172.31.46.0-255,66,244732,42,262144
22462,0.013546,74.125.130.0-255,5738,250470,42,262144
22463,0.013559,172.31.46.0-255,66,250536,42,262144
22464,0.015818,74.125.130.0-255,5738,256274,42,262144
22465,0.015834,172.31.46.0-255,66,256340,42,262144
22466,0.01809,74.125.130.0-255,5738,262078,42,262144
22467,0.018104,172.31.46.0-255,66,262144,42,262144
22468,0.0,74.125.68.0-255,294,294,42,373829
22469,2.6e-05,172.31.46.0-255,66,360,42,373829
22470,3.3e-05,74.125.68.0-255,1484,1844,42,373829
22471,3.7e-05,172.31.46.0-255,66,1910,42,373829
22472,4.3e-05,74.125.68.0-255,4320,6230,42,373829
22473,5.5e-05,172.31.46.0-255,66,6296,42,373829
22474,6.2e-05,74.125.68.0-255,5738,12034,42,373829
22475,6.5e-05,172.31.46.0-255,66,12100,42,373829
22476,9.7e-05,172.31.46.0-255,66,12166,42,373829
22477,0.000107,74.125.68.0-255,7156,19322,42,373829
22478,0.00011,172.31.46.0-255,66,19388,42,373829
22479,0.000145,74.125.68.0-255,2543,21931,42,373829
22480,0.000147,172.31.46.0-255,66,21997,42,373829
22481,0.000202,74.125.68.0-255,1484,23481,42,373829
22482,0.000205,172.31.46.0-255,66,23547,42,373829
22483,0.000209,74.125.68.0-255,2902,26449,42,373829
22484,0.000211,172.31.46.0-255,66,26515,42,373829
22485,0.000232,74.125.68.0-255,4320,30835,42,373829
22486,0.000235,172.31.46.0-255,66,30901,42,373829
22487,0.000245,74.125.68.0-255,5738,36639,42,373829
22488,0.000248,172.31.46.0-255,66,36705,42,373829
22489,0.00028,74.125.68.0-255,4320,41025,42,373829
22490,0.000286,172.31.46.0-255,66,41091,42,373829
22491,0.000313,74.125.68.0-255,5379,46470,42,373829
22492,0.000315,172.31.46.0-255,66,46536,42,373829
22493,0.000326,172.31.46.0-255,66,46602,42,373829
22494,0.000335,74.125.68.0-255,111,46713,42,373829
22495,0.000337,172.31.46.0-255,66,46779,42,373829
22496,0.000493,74.125.68.0-255,1484,48263,42,373829
22497,0.000498,172.31.46.0-255,66,48329,42,373829
22498,0.000526,74.125.68.0-255,2902,51231,42,373829
22499,0.000529,172.31.46.0-255,66,51297,42,373829
22500,0.000565,74.125.68.0-255,1484,52781,42,373829
22501,0.000581,74.125.68.0-255,2902,55683,42,373829
22502,0.000585,172.31.46.0-255,66,55749,42,373829
22503,0.000618,74.125.68.0-255,5738,61487,42,373829
22504,0.000621,172.31.46.0-255,66,61553,42,373829
22505,0.000625,74.125.68.0-255,2543,64096,42,373829
22506,0.000627,172.31.46.0-255,66,64162,42,373829
22507,0.000654,74.125.68.0-255,331,64493,42,373829
22508,0.000673,74.125.68.0-255,1484,65977,42,373829
22509,0.000676,172.31.46.0-255,66,66043,42,373829
22510,0.000699,74.125.68.0-255,4320,70363,42,373829
22511,0.000702,172.31.46.0-255,66,70429,42,373829
22512,0.000705,74.125.68.0-255,1484,71913,42,373829
22513,0.000728,74.125.68.0-255,2902,74815,42,373829
22514,0.00073,172.31.46.0-255,66,74881,42,373829
22515,0.000736,74.125.68.0-255,4320,79201,42,373829
22516,0.000738,172.31.46.0-255,66,79267,42,373829
22517,0.000756,74.125.68.0-255,1484,80751,42,373829
22518,0.000774,74.125.68.0-255,1125,81876,42,373829
22519,0.000777,172.31.46.0-255,66,81942,42,373829
22520,0.001451,74.125.68.0-255,1484,83426,42,373829
22521,0.001457,74.125.68.0-255,2902,86328,42,373829
22522,0.00146,172.31.46.0-255,66,86394,42,373829
22523,0.001465,74.125.68.0-255,2902,89296,42,373829
22524,0.001467,172.31.46.0-255,66,89362,42,373829
22525,0.001471,74.125.68.0-255,1484,90846,42,373829
22526,0.001489,74.125.68.0-255,2902,93748,42,373829
22527,0.001495,172.31.46.0-255,66,93814,42,373829
22528,0.001516,74.125.68.0-255,4320,98134,42,373829
22529,0.001518,172.31.46.0-255,66,98200,42,373829
22530,0.001547,74.125.68.0-255,4320,102520,42,373829
22531,0.001549,172.31.46.0-255,66,102586,42,373829
22532,0.001552,74.125.68.0-255,1484,104070,42,373829
22533,0.001602,74.125.68.0-255,4320,108390,42,373829
22534,0.001604,172.31.46.0-255,66,108456,42,373829
22535,0.001633,74.125.68.0-255,7156,115612,42,373829
22536,0.001636,172.31.46.0-255,66,115678,42,373829
22537,0.001639,74.125.68.0-255,766,116444,42,373829
22538,0.001885,74.125.68.0-255,1484,117928,42,373829
22539,0.001889,172.31.46.0-255,66,117994,42,373829
22540,0.001905,74.125.68.0-255,1484,119478,42,373829
22541,0.001915,74.125.68.0-255,1484,120962,42,373829
22542,0.001917,172.31.46.0-255,66,121028,42,373829
22543,0.001923,74.125.68.0-255,5738,126766,42,373829
22544,0.001926,172.31.46.0-255,66,126832,42,373829
22545,0.001963,74.125.68.0-255,2902,129734,42,373829
22546,0.001965,172.31.46.0-255,66,129800,42,373829
22547,0.001997,74.125.68.0-255,7156,136956,42,373829
22548,0.002,172.31.46.0-255,66,137022,42,373829
22549,0.002007,74.125.68.0-255,7156,144178,42,373829
22550,0.00201,172.31.46.0-255,66,144244,42,373829
22551,0.002042,74.125.68.0-255,4320,148564,42,373829
22552,0.002044,172.31.46.0-255,66,148630,42,373829
22553,0.002048,74.125.68.0-255,2184,150814,42,373829
22554,0.00205,172.31.46.0-255,66,150880,42,373829
22555,0.002445,74.125.68.0-255,1484,152364,42,373829
22556,0.002469,74.125.68.0-255,2902,155266,42,373829
22557,0.002473,172.31.46.0-255,66,155332,42,373829
22558,0.002476,74.125.68.0-255,1484,156816,42,373829
22559,0.002499,74.125.68.0-255,2902,159718,42,373829
22560,0.002501,172.31.46.0-255,66,159784,42,373829
22561,0.00252,74.125.68.0-255,4320,164104,42,373829
22562,0.002522,172.31.46.0-255,66,164170,42,373829
22563,0.002534,74.125.68.0-255,1484,165654,42,373829
22564,0.002541,74.125.68.0-255,1484,167138,42,373829
22565,0.002543,172.31.46.0-255,66,167204,42,373829
22566,0.002546,74.125.68.0-255,1484,168688,42,373829
22567,0.002569,74.125.68.0-255,1484,170172,42,373829
22568,0.002571,172.31.46.0-255,66,170238,42,373829
22569,0.002574,74.125.68.0-255,1484,171722,42,373829
22570,0.002634,74.125.68.0-255,2902,174624,42,373829
22571,0.002637,172.31.46.0-255,66,174690,42,373829
22572,0.002666,74.125.68.0-255,1484,176174,42,373829
22573,0.002675,74.125.68.0-255,1484,177658,42,373829
22574,0.002678,172.31.46.0-255,66,177724,42,373829
22575,0.002689,74.125.68.0-255,1484,179208,42,373829
22576,0.002709,74.125.68.0-255,2902,182110,42,373829
22577,0.002711,172.31.46.0-255,66,182176,42,373829
22578,0.002714,74.125.68.0-255,1484,183660,42,373829
22579,0.00274,74.125.68.0-255,2184,185844,42,373829
22580,0.002742,172.31.46.0-255,66,185910,42,373829
22581,0.002986,74.125.68.0-255,1484,187394,42,373829
22582,0.002992,74.125.68.0-255,1484,188878,42,373829
22583,0.002996,172.31.46.0-255,66,188944,42,373829
22584,0.003008,74.125.68.0-255,1484,190428,42,373829
22585,0.003021,74.125.68.0-255,1484,191912,42,373829
22586,0.003023,172.31.46.0-255,66,191978,42,373829
22587,0.003047,74.125.68.0-255,2902,194880,42,373829
22588,0.003049,172.31.46.0-255,66,194946,42,373829
22589,0.003052,74.125.68.0-255,1484,196430,42,373829
22590,0.003081,74.125.68.0-255,4320,200750,42,373829
22591,0.003084,172.31.46.0-255,66,200816,42,373829
22592,0.003105,74.125.68.0-255,5738,206554,42,373829
22593,0.003107,172.31.46.0-255,66,206620,42,373829
22594,0.003134,74.125.68.0-255,2902,209522,42,373829
22595,0.003136,172.31.46.0-255,66,209588,42,373829
22596,0.003161,74.125.68.0-255,4320,213908,42,373829
22597,0.003163,172.31.46.0-255,66,213974,42,373829
22598,0.003214,74.125.68.0-255,4320,218294,42,373829
22599,0.003235,172.31.46.0-255,66,218360,42,373829
22600,0.003263,74.125.68.0-255,2184,220544,42,373829
22601,0.003265,172.31.46.0-255,66,220610,42,373829
22602,0.003532,74.125.68.0-255,1484,222094,42,373829
22603,0.00354,74.125.68.0-255,2902,224996,42,373829
22604,0.003543,172.31.46.0-255,66,225062,42,373829
22605,0.003571,74.125.68.0-255,5738,230800,42,373829
22606,0.003578,172.31.46.0-255,66,230866,42,373829
22607,0.003607,74.125.68.0-255,5738,236604,42,373829
22608,0.003609,172.31.46.0-255,66,236670,42,373829
22609,0.003637,74.125.68.0-255,4320,240990,42,373829
22610,0.003639,172.31.46.0-255,66,241056,42,373829
22611,0.003667,74.125.68.0-255,2902,243958,42,373829
22612,0.003669,172.31.46.0-255,66,244024,42,373829
22613,0.003676,74.125.68.0-255,5738,249762,42,373829
22614,0.003678,172.31.46.0-255,66,249828,42,373829
22615,0.003702,74.125.68.0-255,2902,252730,42,373829
22616,0.003705,172.31.46.0-255,66,252796,42,373829
22617,0.003709,74.125.68.0-255,2184,254980,42,373829
22618,0.003711,172.31.46.0-255,66,255046,42,373829
22619,0.003714,74.125.68.0-255,1484,256530,42,373829
22620,0.003751,74.125.68.0-255,2902,259432,42,373829
22621,0.003754,172.31.46.0-255,66,259498,42,373829
22622,0.003757,74.125.68.0-255,1484,260982,42,373829
22623,0.003761,74.125.68.0-255,1484,262466,42,373829
22624,0.003762,172.31.46.0-255,66,262532,42,373829
22625,0.003796,74.125.68.0-255,2902,265434,42,373829
22626,0.003798,172.31.46.0-255,66,265500,42,373829
22627,0.003804,74.125.68.0-255,4320,269820,42,373829
22628,0.003806,172.31.46.0-255,66,269886,42,373829
22629,0.003836,74.125.68.0-255,5738,275624,42,373829
22630,0.003839,172.31.46.0-255,66,275690,42,373829
22631,0.003861,74.125.68.0-255,1484,277174,42,373829
22632,0.003864,74.125.68.0-255,1484,278658,42,373829
22633,0.003866,172.31.46.0-255,66,278724,42,373829
22634,0.00387,74.125.68.0-255,1484,280208,42,373829
22635,0.003872,74.125.68.0-255,1484,281692,42,373829
22636,0.003874,172.31.46.0-255,66,281758,42,373829
22637,0.003884,74.125.68.0-255,4320,286078,42,373829
22638,0.003886,172.31.46.0-255,66,286144,42,373829
22639,0.003898,74.125.68.0-255,1484,287628,42,373829
22640,0.003921,74.125.68.0-255,2184,289812,42,373829
22641,0.003924,172.31.46.0-255,66,289878,42,373829
22642,0.003969,74.125.68.0-255,1484,291362,42,373829
22643,0.003987,74.125.68.0-255,2902,294264,42,373829
22644,0.00399,172.31.46.0-255,66,294330,42,373829
22645,0.00404,74.125.68.0-255,5738,300068,42,373829
22646,0.004043,172.31.46.0-255,66,300134,42,373829
22647,0.00405,74.125.68.0-255,7156,307290,42,373829
22648,0.004052,172.31.46.0-255,66,307356,42,373829
22649,0.004064,74.125.68.0-255,7156,314512,42,373829
22650,0.004066,172.31.46.0-255,66,314578,42,373829
22651,0.004109,172.31.46.0-255,66,314644,42,373829
22652,0.004112,74.125.68.0-255,766,315410,42,373829
22653,0.004147,74.125.68.0-255,1484,316894,42,373829
22654,0.00415,172.31.46.0-255,66,316960,42,373829
22655,0.004188,74.125.68.0-255,2902,319862,42,373829
22656,0.004191,172.31.46.0-255,66,319928,42,373829
22657,0.004198,74.125.68.0-255,5738,325666,42,373829
22658,0.004201,172.31.46.0-255,66,325732,42,373829
22659,0.004209,74.125.68.0-255,1484,327216,42,373829
22660,0.004247,74.125.68.0-255,7156,334372,42,373829
22661,0.00425,172.31.46.0-255,66,334438,42,373829
22662,0.004272,74.125.68.0-255,1484,335922,42,373829
22663,0.004275,74.125.68.0-255,1484,337406,42,373829
22664,0.004277,172.31.46.0-255,66,337472,42,373829
22665,0.004301,74.125.68.0-255,1484,338956,42,373829
22666,0.004321,74.125.68.0-255,1484,340440,42,373829
22667,0.004323,172.31.46.0-255,66,340506,42,373829
22668,0.004335,74.125.68.0-255,1484,341990,42,373829
22669,0.004342,74.125.68.0-255,1484,343474,42,373829
22670,0.004344,172.31.46.0-255,66,343540,42,373829
22671,0.004371,74.125.68.0-255,4320,347860,42,373829
22672,0.004374,172.31.46.0-255,66,347926,42,373829
22673,0.004412,74.125.68.0-255,2184,350110,42,373829
22674,0.004415,172.31.46.0-255,66,350176,42,373829
22675,0.004418,74.125.68.0-255,1484,351660,42,373829
22676,0.004464,74.125.68.0-255,5738,357398,42,373829
22677,0.004467,172.31.46.0-255,66,357464,42,373829
22678,0.00447,74.125.68.0-255,1484,358948,42,373829
22679,0.004496,74.125.68.0-255,4320,363268,42,373829
22680,0.004498,172.31.46.0-255,66,363334,42,373829
22681,0.004504,74.125.68.0-255,4320,367654,42,373829
22682,0.004506,172.31.46.0-255,66,367720,42,373829
22683,0.004526,74.125.68.0-255,2902,370622,42,373829
22684,0.004528,172.31.46.0-255,66,370688,42,373829
22685,0.004557,74.125.68.0-255,2733,373421,42,373829
22686,0.004559,172.31.46.0-255,66,373487,42,373829
22687,0.004584,74.125.68.0-255,105,373592,42,373829
22688,0.012848,172.31.46.0-255,66,373658,42,373829
22689,0.012899,172.31.46.0-255,105,373763,42,373829
22690,0.015115,74.125.68.0-255,66,373829,42,373829
22691,0.0,74.125.24.0-255,153,153,42,234433
22692,1.6e-05,172.31.46.0-255,66,219,42,234433
22693,2.2e-05,74.125.24.0-255,1484,1703,42,234433
22694,2.6e-05,172.31.46.0-255,66,1769,42,234433
22695,3.1e-05,74.125.24.0-255,2902,4671,42,234433
22696,4.3e-05,172.31.46.0-255,66,4737,42,234433
22697,5.1e-05,74.125.24.0-255,7156,11893,42,234433
22698,5.4e-05,172.31.46.0-255,66,11959,42,234433
22699,5.8e-05,74.125.24.0-255,2141,14100,42,234433
22700,6e-05,172.31.46.0-255,66,14166,42,234433
22701,7.2e-05,172.31.46.0-255,66,14232,42,234433
22702,7.5e-05,74.125.24.0-255,1484,15716,42,234433
22703,7.7e-05,172.31.46.0-255,66,15782,42,234433
22704,0.000107,74.125.24.0-255,3961,19743,42,234433
22705,0.00011,172.31.46.0-255,66,19809,42,234433
22706,0.000157,74.125.24.0-255,1484,21293,42,234433
22707,0.000159,172.31.46.0-255,66,21359,42,234433
22708,0.000172,74.125.24.0-255,2902,24261,42,234433
22709,0.000177,172.31.46.0-255,66,24327,42,234433
22710,0.00018,74.125.24.0-255,1484,25811,42,234433
22711,0.000181,172.31.46.0-255,66,25877,42,234433
22712,0.000208,74.125.24.0-255,2902,28779,42,234433
22713,0.00021,172.31.46.0-255,66,28845,42,234433
22714,0.000241,74.125.24.0-255,5738,34583,42,234433
22715,0.000243,172.31.46.0-255,66,34649,42,234433
22716,0.000246,74.125.24.0-255,1484,36133,42,234433
22717,0.000248,172.31.46.0-255,66,36199,42,234433
22718,0.00028,172.31.46.0-255,66,36265,42,234433
22719,0.000284,74.125.24.0-255,2902,39167,42,234433
22720,0.000285,172.31.46.0-255,66,39233,42,234433
22721,0.000308,74.125.24.0-255,6438,45671,42,234433
22722,0.000314,172.31.46.0-255,66,45737,42,234433
22723,0.000317,74.125.24.0-255,363,46100,42,234433
22724,0.000388,74.125.24.0-255,1484,47584,42,234433
22725,0.000391,172.31.46.0-255,66,47650,42,234433
22726,0.000396,74.125.24.0-255,2902,50552,42,234433
22727,0.000397,172.31.46.0-255,66,50618,42,234433
22728,0.000424,74.125.24.0-255,5738,56356,42,234433
22729,0.000426,172.31.46.0-255,66,56422,42,234433
22730,0.000447,74.125.24.0-255,6531,62953,42,234433
22731,0.00045,172.31.46.0-255,66,63019,42,234433
22732,0.000649,74.125.24.0-255,1484,64503,42,234433
22733,0.000668,74.125.24.0-255,2902,67405,42,234433
22734,0.000671,172.31.46.0-255,66,67471,42,234433
22735,0.000685,74.125.24.0-255,2902,70373,42,234433
22736,0.000687,172.31.46.0-255,66,70439,42,234433
22737,0.000703,74.125.24.0-255,2902,73341,42,234433
22738,0.000705,172.31.46.0-255,66,73407,42,234433
22739,0.000714,74.125.24.0-255,2902,76309,42,234433
22740,0.000717,172.31.46.0-255,66,76375,42,234433
22741,0.000749,74.125.24.0-255,7156,83531,42,234433
22742,0.000752,172.31.46.0-255,66,83597,42,234433
22743,0.000767,172.31.46.0-255,66,83663,42,234433
22744,0.000873,74.125.24.0-255,1484,85147,42,234433
22745,0.000877,74.125.24.0-255,1484,86631,42,234433
22746,0.000887,172.31.46.0-255,66,86697,42,234433
22747,0.000891,74.125.24.0-255,1484,88181,42,234433
22748,0.000929,74.125.24.0-255,1484,89665,42,234433
22749,0.000932,172.31.46.0-255,66,89731,42,234433
22750,0.000952,74.125.24.0-255,4320,94051,42,234433
22751,0.000956,172.31.46.0-255,66,94117,42,234433
22752,0.000969,172.31.46.0-255,66,94183,42,234433
22753,0.000974,74.125.24.0-255,4320,98503,42,234433
22754,0.000977,172.31.46.0-255,66,98569,42,234433
22755,0.00101,74.125.24.0-255,6438,105007,42,234433
22756,0.001013,172.31.46.0-255,66,105073,42,234433
22757,0.001384,74.125.24.0-255,1484,106557,42,234433
22758,0.001391,74.125.24.0-255,2902,109459,42,234433
22759,0.001394,172.31.46.0-255,66,109525,42,234433
22760,0.001427,74.125.24.0-255,5738,115263,42,234433
22761,0.00143,172.31.46.0-255,66,115329,42,234433
22762,0.001469,74.125.24.0-255,7156,122485,42,234433
22763,0.001473,172.31.46.0-255,66,122551,42,234433
22764,0.001476,172.31.46.0-255,66,122617,42,234433
22765,0.001511,74.125.24.0-255,3602,126219,42,234433
22766,0.001514,172.31.46.0-255,66,126285,42,234433
22767,0.001542,74.125.24.0-255,4320,130605,42,234433
22768,0.001546,172.31.46.0-255,66,130671,42,234433
22769,0.00158,172.31.46.0-255,66,130737,42,234433
22770,0.001595,172.31.46.0-255,66,130803,42,234433
22771,0.0016,74.125.24.0-255,2902,133705,42,234433
22772,0.001602,172.31.46.0-255,66,133771,42,234433
22773,0.00163,74.125.24.0-255,3602,137373,42,234433
22774,0.001633,172.31.46.0-255,66,137439,42,234433
22775,0.001713,74.125.24.0-255,1484,138923,42,234433
22776,0.001719,74.125.24.0-255,2902,141825,42,234433
22777,0.001723,172.31.46.0-255,66,141891,42,234433
22778,0.001749,74.125.24.0-255,5738,147629,42,234433
22779,0.001753,172.31.46.0-255,66,147695,42,234433
22780,0.001774,74.125.24.0-255,5738,153433,42,234433
22781,0.001777,172.31.46.0-255,66,153499,42,234433
22782,0.001809,74.125.24.0-255,5738,159237,42,234433
22783,0.001812,172.31.46.0-255,66,159303,42,234433
22784,0.00183,172.31.46.0-255,66,159369,42,234433
22785,0.001862,74.125.24.0-255,1484,160853,42,234433
22786,0.001868,74.125.24.0-255,2902,163755,42,234433
22787,0.001871,172.31.46.0-255,66,163821,42,234433
22788,0.001874,74.125.24.0-255,1484,165305,42,234433
22789,0.0019,74.125.24.0-255,4320,169625,42,234433
22790,0.001903,172.31.46.0-255,66,169691,42,234433
22791,0.001918,172.31.46.0-255,66,169757,42,234433
22792,0.001924,74.125.24.0-255,4320,174077,42,234433
22793,0.001926,172.31.46.0-255,66,174143,42,234433
22794,0.00198,74.125.24.0-255,4320,178463,42,234433
22795,0.001983,172.31.46.0-255,66,178529,42,234433
22796,0.002009,74.125.24.0-255,2184,180713,42,234433
22797,0.002012,172.31.46.0-255,66,180779,42,234433
22798,0.00202,74.125.24.0-255,7156,187935,42,234433
22799,0.002023,172.31.46.0-255,66,188001,42,234433
22800,0.004026,74.125.24.0-255,5738,193739,42,234433
22801,0.004033,172.31.46.0-255,66,193805,42,234433
22802,0.00607,74.125.24.0-255,5738,199543,42,234433
22803,0.006074,172.31.46.0-255,66,199609,42,234433
22804,0.008083,74.125.24.0-255,5738,205347,42,234433
22805,0.008086,172.31.46.0-255,66,205413,42,234433
22806,0.010091,74.125.24.0-255,5738,211151,42,234433
22807,0.010099,172.31.46.0-255,66,211217,42,234433
22808,0.012098,74.125.24.0-255,5738,216955,42,234433
22809,0.012105,172.31.46.0-255,66,217021,42,234433
22810,0.014119,74.125.24.0-255,5738,222759,42,234433
22811,0.014128,172.31.46.0-255,66,222825,42,234433
22812,0.016138,74.125.24.0-255,5738,228563,42,234433
22813,0.016146,172.31.46.0-255,66,228629,42,234433
22814,0.018153,74.125.24.0-255,5738,234367,42,234433
22815,0.018161,172.31.46.0-255,66,234433,42,234433
22816,0.0,172.217.194.0-255,147,147,42,203962
22817,1.6e-05,172.31.46.0-255,66,213,42,203962
22818,2.3e-05,172.217.194.0-255,1484,1697,42,203962
22819,2.9e-05,172.31.46.0-255,66,1763,42,203962
22820,4.1e-05,172.217.194.0-255,2902,4665,42,203962
22821,4.5e-05,172.31.46.0-255,66,4731,42,203962
22822,4.8e-05,172.217.194.0-255,1484,6215,42,203962
22823,5.2e-05,172.31.46.0-255,66,6281,42,203962
22824,5.9e-05,172.217.194.0-255,4320,10601,42,203962
22825,6.2e-05,172.31.46.0-255,66,10667,42,203962
22826,9.9e-05,172.217.194.0-255,4880,15547,42,203962
22827,0.000102,172.31.46.0-255,66,15613,42,203962
22828,0.000122,172.31.46.0-255,66,15679,42,203962
22829,0.000191,172.217.194.0-255,1484,17163,42,203962
22830,0.000194,172.31.46.0-255,66,17229,42,203962
22831,0.000206,172.217.194.0-255,2902,20131,42,203962
22832,0.000214,172.31.46.0-255,66,20197,42,203962
22833,0.000219,172.217.194.0-255,4320,24517,42,203962
22834,0.000222,172.31.46.0-255,66,24583,42,203962
22835,0.000243,172.217.194.0-255,1484,26067,42,203962
22836,0.000246,172.31.46.0-255,66,26133,42,203962
22837,0.000252,172.217.194.0-255,6797,32930,42,203962
22838,0.000254,172.31.46.0-255,66,32996,42,203962
22839,0.000289,172.217.194.0-255,7156,40152,42,203962
22840,0.000292,172.31.46.0-255,66,40218,42,203962
22841,0.000299,172.217.194.0-255,7156,47374,42,203962
22842,0.000302,172.31.46.0-255,66,47440,42,203962
22843,0.00033,172.217.194.0-255,2543,49983,42,203962
22844,0.000332,172.31.46.0-255,66,50049,42,203962
22845,0.000578,172.217.194.0-255,646,50695,42,203962
22846,0.000584,172.31.46.0-255,66,50761,42,203962
22847,0.000702,172.217.194.0-255,1484,52245,42,203962
22848,0.000708,172.217.194.0-255,1484,53729,42,203962
22849,0.000711,172.31.46.0-255,66,53795,42,203962
22850,0.000745,172.217.194.0-255,1484,55279,42,203962
22851,0.000752,172.217.194.0-255,5738,61017,42,203962
22852,0.000755,172.31.46.0-255,66,61083,42,203962
22853,0.000775,172.31.46.0-255,66,61149,42,203962
22854,0.000802,172.217.194.0-255,5738,66887,42,203962
22855,0.000806,172.31.46.0-255,66,66953,42,203962
22856,0.000841,172.217.194.0-255,5020,71973,42,203962
22857,0.000863,172.31.46.0-255,66,72039,42,203962
22858,0.000866,172.31.46.0-255,66,72105,42,203962
22859,0.000869,172.31.46.0-255,66,72171,42,203962
22860,0.000883,172.217.194.0-255,2902,75073,42,203962
22861,0.000886,172.31.46.0-255,66,75139,42,203962
22862,0.000914,172.217.194.0-255,7156,82295,42,203962
22863,0.000917,172.31.46.0-255,66,82361,42,203962
22864,0.000946,172.217.194.0-255,3602,85963,42,203962
22865,0.000948,172.31.46.0-255,66,86029,42,203962
22866,0.000966,172.31.46.0-255,66,86095,42,203962
22867,0.000986,172.31.46.0-255,66,86161,42,203962
22868,0.000989,172.217.194.0-255,766,86927,42,203962
22869,0.001161,172.217.194.0-255,1484,88411,42,203962
22870,0.001166,172.31.46.0-255,66,88477,42,203962
22871,0.001171,172.217.194.0-255,2902,91379,42,203962
22872,0.001174,172.31.46.0-255,66,91445,42,203962
22873,0.001202,172.217.194.0-255,5738,97183,42,203962
22874,0.001205,172.31.46.0-255,66,97249,42,203962
22875,0.001222,172.31.46.0-255,66,97315,42,203962
22876,0.001288,172.31.46.0-255,66,97381,42,203962
22877,0.00167,172.217.194.0-255,1484,98865,42,203962
22878,0.001678,172.217.194.0-255,2902,101767,42,203962
22879,0.001681,172.31.46.0-255,66,101833,42,203962
22880,0.001714,172.217.194.0-255,5738,107571,42,203962
22881,0.001717,172.31.46.0-255,66,107637,42,203962
22882,0.001723,172.217.194.0-255,5738,113375,42,203962
22883,0.001725,172.31.46.0-255,66,113441,42,203962
22884,0.001764,172.31.46.0-255,66,113507,42,203962
22885,0.00177,172.217.194.0-255,5020,118527,42,203962
22886,0.001773,172.31.46.0-255,66,118593,42,203962
22887,0.001833,172.217.194.0-255,1484,120077,42,203962
22888,0.001853,172.217.194.0-255,2902,122979,42,203962
22889,0.001856,172.31.46.0-255,66,123045,42,203962
22890,0.001864,172.217.194.0-255,5738,128783,42,203962
22891,0.001866,172.31.46.0-255,66,128849,42,203962
22892,0.001891,172.217.194.0-255,4320,133169,42,203962
22893,0.001894,172.31.46.0-255,66,133235,42,203962
22894,0.001919,172.31.46.0-255,66,133301,42,203962
22895,0.001936,172.31.46.0-255,66,133367,42,203962
22896,0.002007,172.217.194.0-255,1484,134851,42,203962
22897,0.00202,172.217.194.0-255,1484,136335,42,203962
22898,0.002023,172.31.46.0-255,66,136401,42,203962
22899,0.002051,172.217.194.0-255,1484,137885,42,203962
22900,0.002058,172.217.194.0-255,5738,143623,42,203962
22901,0.002063,172.217.194.0-255,4320,147943,42,203962
22902,0.002068,172.31.46.0-255,66,148009,42,203962
22903,0.002071,172.31.46.0-255,66,148075,42,203962
22904,0.002107,172.31.46.0-255,66,148141,42,203962
22905,0.002113,172.217.194.0-255,4320,152461,42,203962
22906,0.002115,172.31.46.0-255,66,152527,42,203962
22907,0.002145,172.217.194.0-255,6438,158965,42,203962
22908,0.00215,172.31.46.0-255,66,159031,42,203962
22909,0.002171,172.217.194.0-255,4320,163351,42,203962
22910,0.002174,172.31.46.0-255,66,163417,42,203962
22911,0.002177,172.217.194.0-255,1484,164901,42,203962
22912,0.002192,172.217.194.0-255,4320,169221,42,203962
22913,0.002199,172.31.46.0-255,66,169287,42,203962
22914,0.002212,172.31.46.0-255,66,169353,42,203962
22915,0.002216,172.217.194.0-255,2902,172255,42,203962
22916,0.002219,172.31.46.0-255,66,172321,42,203962
22917,0.002249,172.217.194.0-255,2902,175223,42,203962
22918,0.002252,172.31.46.0-255,66,175289,42,203962
22919,0.002292,172.31.46.0-255,66,175355,42,203962
22920,0.002318,172.217.194.0-255,3602,178957,42,203962
22921,0.002321,172.31.46.0-255,66,179023,42,203962
22922,0.002345,172.31.46.0-255,66,179089,42,203962
22923,0.002348,172.217.194.0-255,2184,181273,42,203962
22924,0.002351,172.31.46.0-255,66,181339,42,203962
22925,0.004628,172.217.194.0-255,2902,184241,42,203962
22926,0.004635,172.31.46.0-255,66,184307,42,203962
22927,0.004675,172.217.194.0-255,2902,187209,42,203962
22928,0.004678,172.31.46.0-255,66,187275,42,203962
22929,0.006954,172.217.194.0-255,2902,190177,42,203962
22930,0.00696,172.31.46.0-255,66,190243,42,203962
22931,0.006975,172.217.194.0-255,1484,191727,42,203962
22932,0.006995,172.217.194.0-255,1484,193211,42,203962
22933,0.006997,172.31.46.0-255,66,193277,42,203962
22934,0.009269,172.217.194.0-255,2902,196179,42,203962
22935,0.009277,172.31.46.0-255,66,196245,42,203962
22936,0.009311,172.217.194.0-255,2902,199147,42,203962
22937,0.009314,172.31.46.0-255,66,199213,42,203962
22938,0.011591,172.217.194.0-255,2902,202115,42,203962
22939,0.011599,172.31.46.0-255,66,202181,42,203962
22940,0.011628,172.217.194.0-255,1544,203725,42,203962
22941,0.011631,172.31.46.0-255,66,203791,42,203962
22942,0.014502,172.31.46.0-255,105,203896,42,203962
22943,0.016771,172.217.194.0-255,66,203962,42,203962
22944,0.0,74.125.24.0-255,153,153,42,171833
22945,2.7e-05,172.31.46.0-255,66,219,42,171833
22946,3.5e-05,74.125.24.0-255,1484,1703,42,171833
22947,4.2e-05,172.31.46.0-255,66,1769,42,171833
22948,4.8e-05,74.125.24.0-255,2902,4671,42,171833
22949,5.3e-05,172.31.46.0-255,66,4737,42,171833
22950,6e-05,74.125.24.0-255,7156,11893,42,171833
22951,6.4e-05,172.31.46.0-255,66,11959,42,171833
22952,6.9e-05,74.125.24.0-255,3455,15414,42,171833
22953,7.2e-05,172.31.46.0-255,66,15480,42,171833
22954,8.6e-05,172.31.46.0-255,66,15546,42,171833
22955,9e-05,74.125.24.0-255,2543,18089,42,171833
22956,9.3e-05,172.31.46.0-255,66,18155,42,171833
22957,0.000199,74.125.24.0-255,1484,19639,42,171833
22958,0.000202,172.31.46.0-255,66,19705,42,171833
22959,0.000207,74.125.24.0-255,2902,22607,42,171833
22960,0.000211,172.31.46.0-255,66,22673,42,171833
22961,0.000245,74.125.24.0-255,5738,28411,42,171833
22962,0.000248,172.31.46.0-255,66,28477,42,171833
22963,0.000255,74.125.24.0-255,6797,35274,42,171833
22964,0.000257,172.31.46.0-255,66,35340,42,171833
22965,0.000617,74.125.24.0-255,1484,36824,42,171833
22966,0.000623,172.31.46.0-255,66,36890,42,171833
22967,0.000628,74.125.24.0-255,1484,38374,42,171833
22968,0.000629,172.31.46.0-255,66,38440,42,171833
22969,0.000649,74.125.24.0-255,1484,39924,42,171833
22970,0.000655,74.125.24.0-255,5738,45662,42,171833
22971,0.000659,172.31.46.0-255,66,45728,42,171833
22972,0.000662,172.31.46.0-255,66,45794,42,171833
22973,0.000687,74.125.24.0-255,4320,50114,42,171833
22974,0.000689,172.31.46.0-255,66,50180,42,171833
22975,0.000712,74.125.24.0-255,3122,53302,42,171833
22976,0.000714,172.31.46.0-255,66,53368,42,171833
22977,0.000759,74.125.24.0-255,1484,54852,42,171833
22978,0.000766,74.125.24.0-255,2902,57754,42,171833
22979,0.000769,172.31.46.0-255,66,57820,42,171833
22980,0.000776,74.125.24.0-255,5738,63558,42,171833
22981,0.000778,172.31.46.0-255,66,63624,42,171833
22982,0.000791,74.125.24.0-255,1484,65108,42,171833
22983,0.000818,74.125.24.0-255,2902,68010,42,171833
22984,0.000821,172.31.46.0-255,66,68076,42,171833
22985,0.000828,74.125.24.0-255,5738,73814,42,171833
22986,0.00083,172.31.46.0-255,66,73880,42,171833
22987,0.000841,172.31.46.0-255,66,73946,42,171833
22988,0.000866,74.125.24.0-255,2902,76848,42,171833
22989,0.00087,172.31.46.0-255,66,76914,42,171833
22990,0.000885,74.125.24.0-255,2184,79098,42,171833
22991,0.000887,172.31.46.0-255,66,79164,42,171833
22992,0.001024,74.125.24.0-255,1484,80648,42,171833
22993,0.001041,74.125.24.0-255,2902,83550,42,171833
22994,0.001045,172.31.46.0-255,66,83616,42,171833
22995,0.001052,74.125.24.0-255,5738,89354,42,171833
22996,0.001054,172.31.46.0-255,66,89420,42,171833
22997,0.001091,74.125.24.0-255,4320,93740,42,171833
22998,0.001094,172.31.46.0-255,66,93806,42,171833
22999,0.001115,74.125.24.0-255,1981,95787,42,171833
23000,0.001118,172.31.46.0-255,66,95853,42,171833
23001,0.001138,74.125.24.0-255,1484,97337,42,171833
23002,0.00116,74.125.24.0-255,2902,100239,42,171833
23003,0.001163,172.31.46.0-255,66,100305,42,171833
23004,0.00117,74.125.24.0-255,5738,106043,42,171833
23005,0.001172,172.31.46.0-255,66,106109,42,171833
23006,0.0012,172.31.46.0-255,66,106175,42,171833
23007,0.001212,74.125.24.0-255,4320,110495,42,171833
23008,0.001214,172.31.46.0-255,66,110561,42,171833
23009,0.001264,172.31.46.0-255,66,110627,42,171833
23010,0.001505,74.125.24.0-255,1484,112111,42,171833
23011,0.001511,74.125.24.0-255,2902,115013,42,171833
23012,0.001515,172.31.46.0-255,66,115079,42,171833
23013,0.001522,74.125.24.0-255,5738,120817,42,171833
23014,0.001524,172.31.46.0-255,66,120883,42,171833
23015,0.001531,74.125.24.0-255,4320,125203,42,171833
23016,0.001533,172.31.46.0-255,66,125269,42,171833
23017,0.001568,172.31.46.0-255,66,125335,42,171833
23018,0.001581,172.31.46.0-255,66,125401,42,171833
23019,0.00362,74.125.24.0-255,5738,131139,42,171833
23020,0.003633,172.31.46.0-255,66,131205,42,171833
23021,0.005648,74.125.24.0-255,5738,136943,42,171833
23022,0.005654,172.31.46.0-255,66,137009,42,171833
23023,0.007643,74.125.24.0-255,5738,142747,42,171833
23024,0.007646,172.31.46.0-255,66,142813,42,171833
23025,0.009705,74.125.24.0-255,5738,148551,42,171833
23026,0.009713,172.31.46.0-255,66,148617,42,171833
23027,0.011757,74.125.24.0-255,5738,154355,42,171833
23028,0.011765,172.31.46.0-255,66,154421,42,171833
23029,0.013863,74.125.24.0-255,5738,160159,42,171833
23030,0.013871,172.31.46.0-255,66,160225,42,171833
23031,0.015906,74.125.24.0-255,5738,165963,42,171833
23032,0.015916,172.31.46.0-255,66,166029,42,171833
23033,0.017966,74.125.24.0-255,5738,171767,42,171833
23034,0.017974,172.31.46.0-255,66,171833,42,171833
23035,0.0,74.125.130.0-255,293,293,42,106243
23036,2.3e-05,172.31.46.0-255,66,359,42,106243
23037,2.9e-05,74.125.130.0-255,1484,1843,42,106243
23038,3.4e-05,172.31.46.0-255,66,1909,42,106243
23039,4.1e-05,74.125.130.0-255,4320,6229,42,106243
23040,5.1e-05,172.31.46.0-255,66,6295,42,106243
23041,5.4e-05,74.125.130.0-255,1484,7779,42,106243
23042,5.7e-05,172.31.46.0-255,66,7845,42,106243
23043,6.1e-05,74.125.130.0-255,2902,10747,42,106243
23044,6.4e-05,172.31.46.0-255,66,10813,42,106243
23045,9.6e-05,74.125.130.0-255,1484,12297,42,106243
23046,9.9e-05,172.31.46.0-255,66,12363,42,106243
23047,0.000125,74.125.130.0-255,1843,14206,42,106243
23048,0.000128,172.31.46.0-255,66,14272,42,106243
23049,0.000234,74.125.130.0-255,1484,15756,42,106243
23050,0.000237,74.125.130.0-255,1484,17240,42,106243
23051,0.000246,172.31.46.0-255,66,17306,42,106243
23052,0.000249,172.31.46.0-255,66,17372,42,106243
23053,0.000253,74.125.130.0-255,1484,18856,42,106243
23054,0.000255,172.31.46.0-255,66,18922,42,106243
23055,0.000261,74.125.130.0-255,4320,23242,42,106243
23056,0.000267,172.31.46.0-255,66,23308,42,106243
23057,0.000318,172.31.46.0-255,66,23374,42,106243
23058,0.000321,74.125.130.0-255,1484,24858,42,106243
23059,0.000323,172.31.46.0-255,66,24924,42,106243
23060,0.000358,74.125.130.0-255,7156,32080,42,106243
23061,0.000365,172.31.46.0-255,66,32146,42,106243
23062,0.000375,172.31.46.0-255,66,32212,42,106243
23063,0.000413,172.31.46.0-255,66,32278,42,106243
23064,0.000418,74.125.130.0-255,3602,35880,42,106243
23065,0.00042,172.31.46.0-255,66,35946,42,106243
23066,0.000422,74.125.130.0-255,393,36339,42,106243
23067,0.000839,74.125.130.0-255,380,36719,42,106243
23068,0.001127,172.31.46.0-255,66,36785,42,106243
23069,0.001246,74.125.130.0-255,1484,38269,42,106243
23070,0.001255,74.125.130.0-255,2902,41171,42,106243
23071,0.001259,172.31.46.0-255,66,41237,42,106243
23072,0.00129,74.125.130.0-255,5738,46975,42,106243
23073,0.001292,172.31.46.0-255,66,47041,42,106243
23074,0.001295,74.125.130.0-255,1484,48525,42,106243
23075,0.001323,172.31.46.0-255,66,48591,42,106243
23076,0.001348,74.125.130.0-255,4320,52911,42,106243
23077,0.001351,172.31.46.0-255,66,52977,42,106243
23078,0.001378,74.125.130.0-255,5738,58715,42,106243
23079,0.001381,172.31.46.0-255,66,58781,42,106243
23080,0.001405,74.125.130.0-255,3602,62383,42,106243
23081,0.001408,172.31.46.0-255,66,62449,42,106243
23082,0.003461,74.125.130.0-255,1484,63933,42,106243
23083,0.003485,74.125.130.0-255,2902,66835,42,106243
23084,0.00349,172.31.46.0-255,66,66901,42,106243
23085,0.003514,74.125.130.0-255,1484,68385,42,106243
23086,0.005569,74.125.130.0-255,4320,72705,42,106243
23087,0.005573,172.31.46.0-255,66,72771,42,106243
23088,0.007673,74.125.130.0-255,5738,78509,42,106243
23089,0.00768,172.31.46.0-255,66,78575,42,106243
23090,0.009803,74.125.130.0-255,4320,82895,42,106243
23091,0.009809,172.31.46.0-255,66,82961,42,106243
23092,0.009841,74.125.130.0-255,1484,84445,42,106243
23093,0.011896,74.125.130.0-255,4320,88765,42,106243
23094,0.011906,172.31.46.0-255,66,88831,42,106243
23095,0.014027,74.125.130.0-255,5738,94569,42,106243
23096,0.014035,172.31.46.0-255,66,94635,42,106243
23097,0.016135,74.125.130.0-255,5738,100373,42,106243
23098,0.016145,172.31.46.0-255,66,100439,42,106243
23099,0.018245,74.125.130.0-255,5738,106177,42,106243
23100,0.018253,172.31.46.0-255,66,106243,42,106243
23101,0.0,74.125.130.0-255,156,156,42,84524
23102,2.2e-05,172.31.46.0-255,66,222,42,84524
23103,2.9e-05,74.125.130.0-255,1484,1706,42,84524
23104,3.3e-05,172.31.46.0-255,66,1772,42,84524
23105,3.8e-05,74.125.130.0-255,2902,4674,42,84524
23106,4.7e-05,172.31.46.0-255,66,4740,42,84524
23107,5.3e-05,74.125.130.0-255,4320,9060,42,84524
23108,5.6e-05,172.31.46.0-255,66,9126,42,84524
23109,6.2e-05,74.125.130.0-255,4948,14074,42,84524
23110,6.5e-05,172.31.46.0-255,66,14140,42,84524
23111,0.000121,74.125.130.0-255,4320,18460,42,84524
23112,0.000124,172.31.46.0-255,66,18526,42,84524
23113,0.000153,74.125.130.0-255,4320,22846,42,84524
23114,0.000156,172.31.46.0-255,66,22912,42,84524
23115,0.000161,74.125.130.0-255,4320,27232,42,84524
23116,0.000163,172.31.46.0-255,66,27298,42,84524
23117,0.000181,74.125.130.0-255,1484,28782,42,84524
23118,0.000183,172.31.46.0-255,66,28848,42,84524
23119,0.000197,172.31.46.0-255,66,28914,42,84524
23120,0.000221,74.125.130.0-255,2902,31816,42,84524
23121,0.000223,172.31.46.0-255,66,31882,42,84524
23122,0.000229,74.125.130.0-255,4320,36202,42,84524
23123,0.000232,172.31.46.0-255,66,36268,42,84524
23124,0.000265,172.31.46.0-255,66,36334,42,84524
23125,0.000331,74.125.130.0-255,5738,42072,42,84524
23126,0.000334,172.31.46.0-255,66,42138,42,84524
23127,0.000357,74.125.130.0-255,2793,44931,42,84524
23128,0.000359,172.31.46.0-255,66,44997,42,84524
23129,0.004356,74.125.130.0-255,119,45116,42,84524
23130,0.004375,172.31.46.0-255,66,45182,42,84524
23131,0.004411,74.125.130.0-255,1484,46666,42,84524
23132,0.004441,74.125.130.0-255,2902,49568,42,84524
23133,0.004444,172.31.46.0-255,66,49634,42,84524
23134,0.006925,74.125.130.0-255,1484,51118,42,84524
23135,0.00697,74.125.130.0-255,4320,55438,42,84524
23136,0.006976,172.31.46.0-255,66,55504,42,84524
23137,0.009519,74.125.130.0-255,5738,61242,42,84524
23138,0.009534,172.31.46.0-255,66,61308,42,84524
23139,0.012086,74.125.130.0-255,5738,67046,42,84524
23140,0.012105,172.31.46.0-255,66,67112,42,84524
23141,0.014669,74.125.130.0-255,5738,72850,42,84524
23142,0.014687,172.31.46.0-255,66,72916,42,84524
23143,0.017245,74.125.130.0-255,5738,78654,42,84524
23144,0.017262,172.31.46.0-255,66,78720,42,84524
23145,0.019806,74.125.130.0-255,5738,84458,42,84524
23146,0.019823,172.31.46.0-255,66,84524,42,84524
23147,0.0,172.217.194.0-255,150,150,42,245019
23148,1.5e-05,172.31.46.0-255,66,216,42,245019
23149,2.2e-05,172.217.194.0-255,1484,1700,42,245019
23150,2.6e-05,172.31.46.0-255,66,1766,42,245019
23151,3.2e-05,172.217.194.0-255,2902,4668,42,245019
23152,4.2e-05,172.31.46.0-255,66,4734,42,245019
23153,8.2e-05,172.217.194.0-255,7156,11890,42,245019
23154,8.5e-05,172.31.46.0-255,66,11956,42,245019
23155,0.000115,172.217.194.0-255,3473,15429,42,245019
23156,0.000118,172.31.46.0-255,66,15495,42,245019
23157,0.000138,172.217.194.0-255,4320,19815,42,245019
23158,0.00014,172.31.46.0-255,66,19881,42,245019
23159,0.000174,172.31.46.0-255,66,19947,42,245019
23160,0.000215,172.217.194.0-255,1125,21072,42,245019
23161,0.000218,172.31.46.0-255,66,21138,42,245019
23162,0.00083,172.217.194.0-255,1484,22622,42,245019
23163,0.000835,172.31.46.0-255,66,22688,42,245019
23164,0.000865,172.217.194.0-255,2902,25590,42,245019
23165,0.000867,172.31.46.0-255,66,25656,42,245019
23166,0.00087,172.217.194.0-255,1484,27140,42,245019
23167,0.000872,172.31.46.0-255,66,27206,42,245019
23168,0.000906,172.217.194.0-255,1484,28690,42,245019
23169,0.000908,172.31.46.0-255,66,28756,42,245019
23170,0.000931,172.217.194.0-255,4320,33076,42,245019
23171,0.000934,172.31.46.0-255,66,33142,42,245019
23172,0.00094,172.217.194.0-255,5379,38521,42,245019
23173,0.000942,172.31.46.0-255,66,38587,42,245019
23174,0.000948,172.217.194.0-255,5738,44325,42,245019
23175,0.00095,172.31.46.0-255,66,44391,42,245019
23176,0.000989,172.31.46.0-255,66,44457,42,245019
23177,0.001145,172.217.194.0-255,99,44556,42,245019
23178,0.001282,172.217.194.0-255,1484,46040,42,245019
23179,0.001287,172.31.46.0-255,66,46106,42,245019
23180,0.001312,172.217.194.0-255,2902,49008,42,245019
23181,0.001314,172.31.46.0-255,66,49074,42,245019
23182,0.001317,172.217.194.0-255,1484,50558,42,245019
23183,0.001343,172.217.194.0-255,4320,54878,42,245019
23184,0.001346,172.31.46.0-255,66,54944,42,245019
23185,0.001369,172.217.194.0-255,4320,59264,42,245019
23186,0.001372,172.31.46.0-255,66,59330,42,245019
23187,0.001385,172.217.194.0-255,5738,65068,42,245019
23188,0.00139,172.31.46.0-255,66,65134,42,245019
23189,0.001393,172.217.194.0-255,1484,66618,42,245019
23190,0.001468,172.217.194.0-255,4320,70938,42,245019
23191,0.001471,172.31.46.0-255,66,71004,42,245019
23192,0.001507,172.31.46.0-255,66,71070,42,245019
23193,0.002699,172.217.194.0-255,1484,72554,42,245019
23194,0.00272,172.217.194.0-255,2902,75456,42,245019
23195,0.002724,172.31.46.0-255,66,75522,42,245019
23196,0.002731,172.217.194.0-255,5738,81260,42,245019
23197,0.002733,172.31.46.0-255,66,81326,42,245019
23198,0.002738,172.217.194.0-255,4320,85646,42,245019
23199,0.002743,172.31.46.0-255,66,85712,42,245019
23200,0.002787,172.31.46.0-255,66,85778,42,245019
23201,0.002797,172.31.46.0-255,66,85844,42,245019
23202,0.002839,172.31.46.0-255,66,85910,42,245019
23203,0.002871,172.31.46.0-255,66,85976,42,245019
23204,0.002895,172.217.194.0-255,5738,91714,42,245019
23205,0.002898,172.31.46.0-255,66,91780,42,245019
23206,0.0029,172.217.194.0-255,766,92546,42,245019
23207,0.0035,172.217.194.0-255,1484,94030,42,245019
23208,0.003502,172.31.46.0-255,66,94096,42,245019
23209,0.003535,172.217.194.0-255,2902,96998,42,245019
23210,0.003537,172.31.46.0-255,66,97064,42,245019
23211,0.003558,172.217.194.0-255,1484,98548,42,245019
23212,0.003574,172.217.194.0-255,2902,101450,42,245019
23213,0.003576,172.31.46.0-255,66,101516,42,245019
23214,0.003606,172.217.194.0-255,5738,107254,42,245019
23215,0.003608,172.31.46.0-255,66,107320,42,245019
23216,0.003626,172.217.194.0-255,4320,111640,42,245019
23217,0.003628,172.31.46.0-255,66,111706,42,245019
23218,0.003648,172.217.194.0-255,2902,114608,42,245019
23219,0.00365,172.31.46.0-255,66,114674,42,245019
23220,0.003653,172.217.194.0-255,1484,116158,42,245019
23221,0.003697,172.217.194.0-255,2902,119060,42,245019
23222,0.003699,172.31.46.0-255,66,119126,42,245019
23223,0.003722,172.217.194.0-255,4320,123446,42,245019
23224,0.003724,172.31.46.0-255,66,123512,42,245019
23225,0.003728,172.217.194.0-255,2184,125696,42,245019
23226,0.00373,172.31.46.0-255,78,125774,42,245019
23227,0.003732,172.217.194.0-255,1484,127258,42,245019
23228,0.003735,172.31.46.0-255,66,127324,42,245019
23229,0.003926,172.217.194.0-255,1484,128808,42,245019
23230,0.00394,172.217.194.0-255,2902,131710,42,245019
23231,0.003944,172.31.46.0-255,66,131776,42,245019
23232,0.003972,172.217.194.0-255,5738,137514,42,245019
23233,0.003974,172.31.46.0-255,66,137580,42,245019
23234,0.004003,172.217.194.0-255,7156,144736,42,245019
23235,0.004006,172.31.46.0-255,66,144802,42,245019
23236,0.00403,172.31.46.0-255,66,144868,42,245019
23237,0.004058,172.217.194.0-255,4320,149188,42,245019
23238,0.00406,172.31.46.0-255,66,149254,42,245019
23239,0.004064,172.217.194.0-255,2184,151438,42,245019
23240,0.004067,172.31.46.0-255,66,151504,42,245019
23241,0.004085,172.217.194.0-255,1484,152988,42,245019
23242,0.004114,172.31.46.0-255,66,153054,42,245019
23243,0.004147,172.217.194.0-255,5738,158792,42,245019
23244,0.00415,172.31.46.0-255,66,158858,42,245019
23245,0.00417,172.31.46.0-255,66,158924,42,245019
23246,0.004197,172.217.194.0-255,2184,161108,42,245019
23247,0.004199,172.31.46.0-255,66,161174,42,245019
23248,0.004349,172.217.194.0-255,1484,162658,42,245019
23249,0.004368,172.217.194.0-255,2902,165560,42,245019
23250,0.004373,172.31.46.0-255,66,165626,42,245019
23251,0.004377,172.217.194.0-255,2902,168528,42,245019
23252,0.00438,172.31.46.0-255,66,168594,42,245019
23253,0.004411,172.217.194.0-255,2902,171496,42,245019
23254,0.004413,172.31.46.0-255,66,171562,42,245019
23255,0.004427,172.31.46.0-255,66,171628,42,245019
23256,0.00445,172.217.194.0-255,1484,173112,42,245019
23257,0.004454,172.217.194.0-255,1484,174596,42,245019
23258,0.004456,172.31.46.0-255,66,174662,42,245019
23259,0.004462,172.217.194.0-255,2902,177564,42,245019
23260,0.004464,172.31.46.0-255,66,177630,42,245019
23261,0.004494,172.217.194.0-255,6438,184068,42,245019
23262,0.004497,172.31.46.0-255,66,184134,42,245019
23263,0.00459,172.217.194.0-255,1484,185618,42,245019
23264,0.004596,172.217.194.0-255,2902,188520,42,245019
23265,0.004599,172.31.46.0-255,66,188586,42,245019
23266,0.004629,172.217.194.0-255,5738,194324,42,245019
23267,0.004632,172.31.46.0-255,66,194390,42,245019
23268,0.004666,172.31.46.0-255,66,194456,42,245019
23269,0.004694,172.217.194.0-255,2902,197358,42,245019
23270,0.004698,172.31.46.0-255,66,197424,42,245019
23271,0.004706,172.217.194.0-255,7156,204580,42,245019
23272,0.004709,172.31.46.0-255,66,204646,42,245019
23273,0.004738,172.217.194.0-255,3602,208248,42,245019
23274,0.004741,172.31.46.0-255,66,208314,42,245019
23275,0.004763,172.217.194.0-255,7156,215470,42,245019
23276,0.004815,172.217.194.0-255,5738,221208,42,245019
23277,0.005163,172.217.194.0-255,1484,222692,42,245019
23278,0.005171,172.217.194.0-255,2902,225594,42,245019
23279,0.005229,172.217.194.0-255,5738,231332,42,245019
23280,0.005237,172.217.194.0-255,7156,238488,42,245019
23281,0.005239,172.217.194.0-255,1484,239972,42,245019
23282,0.005266,172.217.194.0-255,4639,244611,42,245019
23283,0.005354,172.31.46.0-255,66,244677,42,245019
23284,0.005365,172.217.194.0-255,105,244782,42,245019
23285,0.007222,172.31.46.0-255,66,244848,42,245019
23286,0.007252,172.31.46.0-255,105,244953,42,245019
23287,0.009542,172.217.194.0-255,66,245019,42,245019
23288,0.0,172.217.194.0-255,153,153,42,148711
23289,2.4e-05,172.31.46.0-255,66,219,42,148711
23290,3e-05,172.217.194.0-255,1484,1703,42,148711
23291,3.5e-05,172.31.46.0-255,66,1769,42,148711
23292,4.1e-05,172.217.194.0-255,2902,4671,42,148711
23293,5.4e-05,172.31.46.0-255,66,4737,42,148711
23294,6.2e-05,172.217.194.0-255,7156,11893,42,148711
23295,6.5e-05,172.31.46.0-255,66,11959,42,148711
23296,6.9e-05,172.217.194.0-255,2093,14052,42,148711
23297,7.2e-05,172.31.46.0-255,66,14118,42,148711
23298,0.000438,172.217.194.0-255,1484,15602,42,148711
23299,0.000444,172.31.46.0-255,66,15668,42,148711
23300,0.000451,172.217.194.0-255,2902,18570,42,148711
23301,0.000454,172.31.46.0-255,66,18636,42,148711
23302,0.000465,172.217.194.0-255,5738,24374,42,148711
23303,0.000467,172.31.46.0-255,66,24440,42,148711
23304,0.000508,172.31.46.0-255,66,24506,42,148711
23305,0.000524,172.31.46.0-255,66,24572,42,148711
23306,0.000548,172.217.194.0-255,1125,25697,42,148711
23307,0.00055,172.31.46.0-255,66,25763,42,148711
23308,0.000575,172.217.194.0-255,1484,27247,42,148711
23309,0.000578,172.31.46.0-255,66,27313,42,148711
23310,0.000597,172.217.194.0-255,4320,31633,42,148711
23311,0.000599,172.31.46.0-255,66,31699,42,148711
23312,0.000605,172.217.194.0-255,4320,36019,42,148711
23313,0.000607,172.31.46.0-255,66,36085,42,148711
23314,0.000636,172.217.194.0-255,1484,37569,42,148711
23315,0.000639,172.31.46.0-255,66,37635,42,148711
23316,0.000662,172.217.194.0-255,4320,41955,42,148711
23317,0.000665,172.31.46.0-255,66,42021,42,148711
23318,0.000692,172.217.194.0-255,1714,43735,42,148711
23319,0.000708,172.217.194.0-255,4320,48055,42,148711
23320,0.000715,172.31.46.0-255,66,48121,42,148711
23321,0.000724,172.217.194.0-255,2902,51023,42,148711
23322,0.000746,172.31.46.0-255,66,51089,42,148711
23323,0.0008,172.31.46.0-255,66,51155,42,148711
23324,0.001188,172.217.194.0-255,1484,52639,42,148711
23325,0.001206,172.217.194.0-255,2902,55541,42,148711
23326,0.001209,172.31.46.0-255,66,55607,42,148711
23327,0.001217,172.217.194.0-255,5738,61345,42,148711
23328,0.00127,172.31.46.0-255,66,61411,42,148711
23329,0.001283,172.217.194.0-255,4320,65731,42,148711
23330,0.001294,172.31.46.0-255,66,65797,42,148711
23331,0.001303,172.217.194.0-255,6438,72235,42,148711
23332,0.00133,172.31.46.0-255,66,72301,42,148711
23333,0.001488,172.217.194.0-255,1484,73785,42,148711
23334,0.001494,172.217.194.0-255,2902,76687,42,148711
23335,0.001496,172.31.46.0-255,66,76753,42,148711
23336,0.001522,172.217.194.0-255,5738,82491,42,148711
23337,0.001528,172.31.46.0-255,66,82557,42,148711
23338,0.001544,172.217.194.0-255,4320,86877,42,148711
23339,0.001556,172.31.46.0-255,66,86943,42,148711
23340,0.00157,172.217.194.0-255,7156,94099,42,148711
23341,0.001628,172.217.194.0-255,2184,96283,42,148711
23342,0.001643,172.217.194.0-255,4320,100603,42,148711
23343,0.001648,172.31.46.0-255,66,100669,42,148711
23344,0.001695,172.217.194.0-255,2184,102853,42,148711
23345,0.001723,172.217.194.0-255,2902,105755,42,148711
23346,0.001727,172.217.194.0-255,1484,107239,42,148711
23347,0.001741,172.217.194.0-255,2902,110141,42,148711
23348,0.001744,172.217.194.0-255,1484,111625,42,148711
23349,0.001763,172.217.194.0-255,7156,118781,42,148711
23350,0.0018,172.217.194.0-255,4320,123101,42,148711
23351,0.001885,172.217.194.0-255,1484,124585,42,148711
23352,0.0019,172.217.194.0-255,2902,127487,42,148711
23353,0.001906,172.217.194.0-255,5738,133225,42,148711
23354,0.001961,172.217.194.0-255,2902,136127,42,148711
23355,0.001989,172.217.194.0-255,2184,138311,42,148711
23356,0.002133,172.217.194.0-255,2902,141213,42,148711
23357,0.002149,172.217.194.0-255,7156,148369,42,148711
23358,0.002274,172.217.194.0-255,105,148474,42,148711
23359,0.00715,172.31.46.0-255,66,148540,42,148711
23360,0.009025,172.31.46.0-255,105,148645,42,148711
23361,0.011312,172.217.194.0-255,66,148711,42,148711
23362,0.0,172.217.194.0-255,152,152,42,128597
23363,2.1e-05,172.31.46.0-255,66,218,42,128597
23364,2.7e-05,172.217.194.0-255,1484,1702,42,128597
23365,3.1e-05,172.31.46.0-255,66,1768,42,128597
23366,3.6e-05,172.217.194.0-255,2902,4670,42,128597
23367,3.9e-05,172.31.46.0-255,66,4736,42,128597
23368,4.4e-05,172.217.194.0-255,4320,9056,42,128597
23369,4.7e-05,172.31.46.0-255,66,9122,42,128597
23370,6.6e-05,172.217.194.0-255,2902,12024,42,128597
23371,6.9e-05,172.31.46.0-255,66,12090,42,128597
23372,7.5e-05,172.217.194.0-255,4908,16998,42,128597
23373,7.7e-05,172.31.46.0-255,66,17064,42,128597
23374,9.6e-05,172.217.194.0-255,4320,21384,42,128597
23375,9.8e-05,172.31.46.0-255,66,21450,42,128597
23376,0.000115,172.217.194.0-255,1484,22934,42,128597
23377,0.000117,172.31.46.0-255,66,23000,42,128597
23378,0.000123,172.217.194.0-255,5738,28738,42,128597
23379,0.000125,172.31.46.0-255,66,28804,42,128597
23380,0.000151,172.217.194.0-255,7156,35960,42,128597
23381,0.000153,172.31.46.0-255,66,36026,42,128597
23382,0.000162,172.31.46.0-255,66,36092,42,128597
23383,0.000187,172.217.194.0-255,3602,39694,42,128597
23384,0.000189,172.31.46.0-255,66,39760,42,128597
23385,0.00024,172.217.194.0-255,1484,41244,42,128597
23386,0.000242,172.31.46.0-255,66,41310,42,128597
23387,0.000245,172.217.194.0-255,1484,42794,42,128597
23388,0.000247,172.31.46.0-255,66,42860,42,128597
23389,0.00026,172.217.194.0-255,1484,44344,42,128597
23390,0.000262,172.31.46.0-255,66,44410,42,128597
23391,0.000268,172.217.194.0-255,4320,48730,42,128597
23392,0.00027,172.31.46.0-255,66,48796,42,128597
23393,0.000295,172.217.194.0-255,1484,50280,42,128597
23394,0.000301,172.217.194.0-255,4320,54600,42,128597
23395,0.000303,172.31.46.0-255,66,54666,42,128597
23396,0.000331,172.217.194.0-255,2857,57523,42,128597
23397,0.000333,172.31.46.0-255,66,57589,42,128597
23398,0.001048,172.217.194.0-255,1484,59073,42,128597
23399,0.00106,172.217.194.0-255,2902,61975,42,128597
23400,0.001064,172.31.46.0-255,66,62041,42,128597
23401,0.00109,172.217.194.0-255,5738,67779,42,128597
23402,0.001093,172.31.46.0-255,66,67845,42,128597
23403,0.001096,172.217.194.0-255,1484,69329,42,128597
23404,0.001128,172.31.46.0-255,66,69395,42,128597
23405,0.001148,172.217.194.0-255,2902,72297,42,128597
23406,0.00115,172.31.46.0-255,66,72363,42,128597
23407,0.001171,172.31.46.0-255,66,72429,42,128597
23408,0.002477,172.217.194.0-255,1484,73913,42,128597
23409,0.002486,172.217.194.0-255,2902,76815,42,128597
23410,0.002491,172.31.46.0-255,66,76881,42,128597
23411,0.002509,172.217.194.0-255,5738,82619,42,128597
23412,0.002512,172.31.46.0-255,66,82685,42,128597
23413,0.002552,172.31.46.0-255,66,82751,42,128597
23414,0.002571,172.217.194.0-255,4320,87071,42,128597
23415,0.002573,172.31.46.0-255,66,87137,42,128597
23416,0.002595,172.217.194.0-255,6438,93575,42,128597
23417,0.002598,172.31.46.0-255,66,93641,42,128597
23418,0.005138,172.217.194.0-255,2902,96543,42,128597
23419,0.005142,172.31.46.0-255,66,96609,42,128597
23420,0.005156,172.217.194.0-255,2902,99511,42,128597
23421,0.00516,172.31.46.0-255,66,99577,42,128597
23422,0.007681,172.217.194.0-255,5738,105315,42,128597
23423,0.007689,172.31.46.0-255,66,105381,42,128597
23424,0.010225,172.217.194.0-255,5738,111119,42,128597
23425,0.010234,172.31.46.0-255,66,111185,42,128597
23426,0.012776,172.217.194.0-255,5738,116923,42,128597
23427,0.012785,172.31.46.0-255,66,116989,42,128597
23428,0.015357,172.217.194.0-255,5738,122727,42,128597
23429,0.015371,172.31.46.0-255,66,122793,42,128597
23430,0.017944,172.217.194.0-255,5738,128531,42,128597
23431,0.017951,172.31.46.0-255,66,128597,42,128597
23432,0.0,74.125.200.0-255,154,154,42,279272
23433,1.5e-05,172.31.46.0-255,66,220,42,279272
23434,2.1e-05,74.125.200.0-255,1484,1704,42,279272
23435,2.6e-05,172.31.46.0-255,66,1770,42,279272
23436,2.9e-05,74.125.200.0-255,1484,3254,42,279272
23437,3.1e-05,172.31.46.0-255,66,3320,42,279272
23438,5.6e-05,74.125.200.0-255,2902,6222,42,279272
23439,5.9e-05,172.31.46.0-255,66,6288,42,279272
23440,6.6e-05,74.125.200.0-255,5738,12026,42,279272
23441,6.8e-05,172.31.46.0-255,66,12092,42,279272
23442,8.8e-05,74.125.200.0-255,2007,14099,42,279272
23443,9e-05,172.31.46.0-255,66,14165,42,279272
23444,0.000131,74.125.200.0-255,2902,17067,42,279272
23445,0.000134,172.31.46.0-255,66,17133,42,279272
23446,0.000136,74.125.200.0-255,1484,18617,42,279272
23447,0.000138,172.31.46.0-255,66,18683,42,279272
23448,0.000142,74.125.200.0-255,1484,20167,42,279272
23449,0.000144,172.31.46.0-255,66,20233,42,279272
23450,0.000158,74.125.200.0-255,1484,21717,42,279272
23451,0.00016,172.31.46.0-255,66,21783,42,279272
23452,0.000167,74.125.200.0-255,5738,27521,42,279272
23453,0.000169,172.31.46.0-255,66,27587,42,279272
23454,0.000186,74.125.200.0-255,1484,29071,42,279272
23455,0.000189,172.31.46.0-255,66,29137,42,279272
23456,0.000199,74.125.200.0-255,2543,31680,42,279272
23457,0.000202,172.31.46.0-255,66,31746,42,279272
23458,0.000273,74.125.200.0-255,1484,33230,42,279272
23459,0.000277,172.31.46.0-255,66,33296,42,279272
23460,0.000296,74.125.200.0-255,1484,34780,42,279272
23461,0.000299,172.31.46.0-255,66,34846,42,279272
23462,0.000304,74.125.200.0-255,2902,37748,42,279272
23463,0.000306,172.31.46.0-255,66,37814,42,279272
23464,0.000329,74.125.200.0-255,5738,43552,42,279272
23465,0.000331,172.31.46.0-255,66,43618,42,279272
23466,0.000348,74.125.200.0-255,5379,48997,42,279272
23467,0.000351,172.31.46.0-255,66,49063,42,279272
23468,0.000377,74.125.200.0-255,5738,54801,42,279272
23469,0.000381,172.31.46.0-255,66,54867,42,279272
23470,0.000402,74.125.200.0-255,5738,60605,42,279272
23471,0.000404,172.31.46.0-255,66,60671,42,279272
23472,0.00042,74.125.200.0-255,5379,66050,42,279272
23473,0.000423,172.31.46.0-255,66,66116,42,279272
23474,0.000426,74.125.200.0-255,399,66515,42,279272
23475,0.000463,74.125.200.0-255,344,66859,42,279272
23476,0.000588,74.125.200.0-255,1484,68343,42,279272
23477,0.000594,172.31.46.0-255,66,68409,42,279272
23478,0.0006,74.125.200.0-255,2902,71311,42,279272
23479,0.000602,172.31.46.0-255,66,71377,42,279272
23480,0.000618,74.125.200.0-255,4320,75697,42,279272
23481,0.000621,172.31.46.0-255,66,75763,42,279272
23482,0.000643,74.125.200.0-255,1484,77247,42,279272
23483,0.000657,172.31.46.0-255,66,77313,42,279272
23484,0.000687,172.31.46.0-255,66,77379,42,279272
23485,0.000691,74.125.200.0-255,2184,79563,42,279272
23486,0.000693,172.31.46.0-255,66,79629,42,279272
23487,0.001075,74.125.200.0-255,1484,81113,42,279272
23488,0.001082,74.125.200.0-255,2902,84015,42,279272
23489,0.001087,172.31.46.0-255,66,84081,42,279272
23490,0.001092,74.125.200.0-255,2902,86983,42,279272
23491,0.001094,172.31.46.0-255,66,87049,42,279272
23492,0.001125,74.125.200.0-255,4320,91369,42,279272
23493,0.001128,172.31.46.0-255,66,91435,42,279272
23494,0.001138,172.31.46.0-255,66,91501,42,279272
23495,0.001171,74.125.200.0-255,4320,95821,42,279272
23496,0.001175,172.31.46.0-255,66,95887,42,279272
23497,0.001194,74.125.200.0-255,2902,98789,42,279272
23498,0.001197,172.31.46.0-255,66,98855,42,279272
23499,0.001204,74.125.200.0-255,6438,105293,42,279272
23500,0.001206,172.31.46.0-255,66,105359,42,279272
23501,0.001267,74.125.200.0-255,7156,112515,42,279272
23502,0.001273,172.31.46.0-255,66,112581,42,279272
23503,0.001277,74.125.200.0-255,2902,115483,42,279272
23504,0.001279,172.31.46.0-255,66,115549,42,279272
23505,0.00129,172.31.46.0-255,66,115615,42,279272
23506,0.001295,74.125.200.0-255,4320,119935,42,279272
23507,0.001298,172.31.46.0-255,66,120001,42,279272
23508,0.00133,74.125.200.0-255,5738,125739,42,279272
23509,0.001334,172.31.46.0-255,66,125805,42,279272
23510,0.001359,74.125.200.0-255,2184,127989,42,279272
23511,0.001363,172.31.46.0-255,66,128055,42,279272
23512,0.001368,74.125.200.0-255,2902,130957,42,279272
23513,0.001369,172.31.46.0-255,66,131023,42,279272
23514,0.001399,74.125.200.0-255,4320,135343,42,279272
23515,0.001403,172.31.46.0-255,66,135409,42,279272
23516,0.001407,74.125.200.0-255,1484,136893,42,279272
23517,0.001433,74.125.200.0-255,4320,141213,42,279272
23518,0.001436,172.31.46.0-255,66,141279,42,279272
23519,0.001441,74.125.200.0-255,4320,145599,42,279272
23520,0.001443,172.31.46.0-255,66,145665,42,279272
23521,0.00146,74.125.200.0-255,7156,152821,42,279272
23522,0.001464,172.31.46.0-255,66,152887,42,279272
23523,0.001471,74.125.200.0-255,4320,157207,42,279272
23524,0.001473,172.31.46.0-255,66,157273,42,279272
23525,0.001507,74.125.200.0-255,2902,160175,42,279272
23526,0.00151,172.31.46.0-255,66,160241,42,279272
23527,0.001523,74.125.200.0-255,2184,162425,42,279272
23528,0.001525,172.31.46.0-255,66,162491,42,279272
23529,0.001596,74.125.200.0-255,1484,163975,42,279272
23530,0.001611,74.125.200.0-255,2902,166877,42,279272
23531,0.001614,172.31.46.0-255,66,166943,42,279272
23532,0.001618,74.125.200.0-255,1484,168427,42,279272
23533,0.001634,74.125.200.0-255,4320,172747,42,279272
23534,0.001636,172.31.46.0-255,66,172813,42,279272
23535,0.001671,172.31.46.0-255,66,172879,42,279272
23536,0.001687,74.125.200.0-255,1484,174363,42,279272
23537,0.001703,74.125.200.0-255,2902,177265,42,279272
23538,0.001706,172.31.46.0-255,66,177331,42,279272
23539,0.001728,172.31.46.0-255,66,177397,42,279272
23540,0.001834,74.125.200.0-255,1484,178881,42,279272
23541,0.001847,74.125.200.0-255,2902,181783,42,279272
23542,0.001849,172.31.46.0-255,66,181849,42,279272
23543,0.001853,74.125.200.0-255,1484,183333,42,279272
23544,0.001868,74.125.200.0-255,1484,184817,42,279272
23545,0.00187,172.31.46.0-255,66,184883,42,279272
23546,0.001875,74.125.200.0-255,4320,189203,42,279272
23547,0.001877,172.31.46.0-255,66,189269,42,279272
23548,0.001904,74.125.200.0-255,5738,195007,42,279272
23549,0.001921,74.125.200.0-255,2902,197909,42,279272
23550,0.001925,74.125.200.0-255,4320,202229,42,279272
23551,0.001931,74.125.200.0-255,5738,207967,42,279272
23552,0.00194,172.31.46.0-255,66,208033,42,279272
23553,0.001958,74.125.200.0-255,3602,211635,42,279272
23554,0.00196,172.31.46.0-255,66,211701,42,279272
23555,0.001995,74.125.200.0-255,2902,214603,42,279272
23556,0.001999,172.31.46.0-255,66,214669,42,279272
23557,0.002009,74.125.200.0-255,1484,216153,42,279272
23558,0.002012,74.125.200.0-255,1484,217637,42,279272
23559,0.002015,74.125.200.0-255,2902,220539,42,279272
23560,0.002036,172.31.46.0-255,66,220605,42,279272
23561,0.002043,74.125.200.0-255,5738,226343,42,279272
23562,0.002053,172.31.46.0-255,66,226409,42,279272
23563,0.002081,74.125.200.0-255,1484,227893,42,279272
23564,0.002092,172.31.46.0-255,66,227959,42,279272
23565,0.002102,74.125.200.0-255,2902,230861,42,279272
23566,0.002139,74.125.200.0-255,4320,235181,42,279272
23567,0.002177,172.31.46.0-255,66,235247,42,279272
23568,0.002211,74.125.200.0-255,4320,239567,42,279272
23569,0.002221,74.125.200.0-255,1484,241051,42,279272
23570,0.002226,172.31.46.0-255,66,241117,42,279272
23571,0.002237,74.125.200.0-255,7156,248273,42,279272
23572,0.002242,172.31.46.0-255,66,248339,42,279272
23573,0.002254,74.125.200.0-255,2184,250523,42,279272
23574,0.002268,74.125.200.0-255,4320,254843,42,279272
23575,0.002287,74.125.200.0-255,5738,260581,42,279272
23576,0.002292,172.31.46.0-255,66,260647,42,279272
23577,0.002324,74.125.200.0-255,1484,262131,42,279272
23578,0.002348,74.125.200.0-255,5020,267151,42,279272
23579,0.002356,74.125.200.0-255,7156,274307,42,279272
23580,0.002369,172.31.46.0-255,66,274373,42,279272
23581,0.002387,172.31.46.0-255,66,274439,42,279272
23582,0.002393,74.125.200.0-255,4394,278833,42,279272
23583,0.002415,172.31.46.0-255,66,278899,42,279272
23584,0.004732,74.125.200.0-255,136,279035,42,279272
23585,0.005029,172.31.46.0-255,66,279101,42,279272
23586,0.005066,172.31.46.0-255,105,279206,42,279272
23587,0.007389,74.125.200.0-255,66,279272,42,279272
23588,0.0,74.125.24.0-255,146,146,42,273584
23589,2.4e-05,172.31.46.0-255,66,212,42,273584
23590,3.1e-05,74.125.24.0-255,1484,1696,42,273584
23591,3.6e-05,172.31.46.0-255,66,1762,42,273584
23592,4.2e-05,74.125.24.0-255,2902,4664,42,273584
23593,4.5e-05,172.31.46.0-255,66,4730,42,273584
23594,6e-05,74.125.24.0-255,5738,10468,42,273584
23595,6.4e-05,172.31.46.0-255,66,10534,42,273584
23596,0.000112,172.31.46.0-255,66,10600,42,273584
23597,0.000143,74.125.24.0-255,4320,14920,42,273584
23598,0.000146,172.31.46.0-255,66,14986,42,273584
23599,0.000175,74.125.24.0-255,5379,20365,42,273584
23600,0.000178,172.31.46.0-255,66,20431,42,273584
23601,0.000287,74.125.24.0-255,1484,21915,42,273584
23602,0.000291,172.31.46.0-255,66,21981,42,273584
23603,0.000296,74.125.24.0-255,1484,23465,42,273584
23604,0.000298,172.31.46.0-255,66,23531,42,273584
23605,0.000328,74.125.24.0-255,1484,25015,42,273584
23606,0.000332,172.31.46.0-255,66,25081,42,273584
23607,0.000338,74.125.24.0-255,5738,30819,42,273584
23608,0.000341,172.31.46.0-255,66,30885,42,273584
23609,0.000345,74.125.24.0-255,2902,33787,42,273584
23610,0.000348,172.31.46.0-255,66,33853,42,273584
23611,0.000372,74.125.24.0-255,1484,35337,42,273584
23612,0.000375,172.31.46.0-255,66,35403,42,273584
23613,0.000411,172.31.46.0-255,66,35469,42,273584
23614,0.000439,74.125.24.0-255,4320,39789,42,273584
23615,0.000442,172.31.46.0-255,66,39855,42,273584
23616,0.000472,74.125.24.0-255,5689,45544,42,273584
23617,0.000474,172.31.46.0-255,66,45610,42,273584
23618,0.000477,74.125.24.0-255,109,45719,42,273584
23619,0.000571,74.125.24.0-255,1484,47203,42,273584
23620,0.000587,74.125.24.0-255,2902,50105,42,273584
23621,0.000607,74.125.24.0-255,5738,55843,42,273584
23622,0.000635,172.31.46.0-255,66,55909,42,273584
23623,0.000645,74.125.24.0-255,2902,58811,42,273584
23624,0.000684,74.125.24.0-255,2902,61713,42,273584
23625,0.000704,74.125.24.0-255,7041,68754,42,273584
23626,0.000712,172.31.46.0-255,66,68820,42,273584
23627,0.000812,74.125.24.0-255,1484,70304,42,273584
23628,0.000816,74.125.24.0-255,1484,71788,42,273584
23629,0.000827,74.125.24.0-255,1484,73272,42,273584
23630,0.000832,172.31.46.0-255,66,73338,42,273584
23631,0.000859,74.125.24.0-255,5738,79076,42,273584
23632,0.000881,172.31.46.0-255,66,79142,42,273584
23633,0.000901,74.125.24.0-255,4320,83462,42,273584
23634,0.000915,74.125.24.0-255,2902,86364,42,273584
23635,0.000929,74.125.24.0-255,5738,92102,42,273584
23636,0.000952,172.31.46.0-255,66,92168,42,273584
23637,0.000957,74.125.24.0-255,2184,94352,42,273584
23638,0.000967,172.31.46.0-255,66,94418,42,273584
23639,0.001531,74.125.24.0-255,1484,95902,42,273584
23640,0.001545,74.125.24.0-255,2902,98804,42,273584
23641,0.001548,172.31.46.0-255,66,98870,42,273584
23642,0.001555,74.125.24.0-255,5738,104608,42,273584
23643,0.001592,172.31.46.0-255,66,104674,42,273584
23644,0.001623,172.31.46.0-255,66,104740,42,273584
23645,0.001658,74.125.24.0-255,1484,106224,42,273584
23646,0.001663,74.125.24.0-255,2902,109126,42,273584
23647,0.00167,172.31.46.0-255,66,109192,42,273584
23648,0.001683,74.125.24.0-255,5738,114930,42,273584
23649,0.001701,172.31.46.0-255,66,114996,42,273584
23650,0.001714,74.125.24.0-255,5738,120734,42,273584
23651,0.00174,172.31.46.0-255,66,120800,42,273584
23652,0.001747,74.125.24.0-255,1484,122284,42,273584
23653,0.001752,74.125.24.0-255,5020,127304,42,273584
23654,0.001759,172.31.46.0-255,66,127370,42,273584
23655,0.001804,74.125.24.0-255,5738,133108,42,273584
23656,0.001823,74.125.24.0-255,4320,137428,42,273584
23657,0.001827,172.31.46.0-255,66,137494,42,273584
23658,0.001835,74.125.24.0-255,2902,140396,42,273584
23659,0.001855,172.31.46.0-255,66,140462,42,273584
23660,0.00187,74.125.24.0-255,4320,144782,42,273584
23661,0.001882,74.125.24.0-255,1484,146266,42,273584
23662,0.001884,74.125.24.0-255,766,147032,42,273584
23663,0.0019,172.31.46.0-255,66,147098,42,273584
23664,0.001927,74.125.24.0-255,1484,148582,42,273584
23665,0.001932,74.125.24.0-255,4320,152902,42,273584
23666,0.001944,74.125.24.0-255,1484,154386,42,273584
23667,0.001961,74.125.24.0-255,5738,160124,42,273584
23668,0.001972,74.125.24.0-255,7156,167280,42,273584
23669,0.001981,74.125.24.0-255,1484,168764,42,273584
23670,0.001987,172.31.46.0-255,66,168830,42,273584
23671,0.002003,74.125.24.0-255,2902,171732,42,273584
23672,0.002026,172.31.46.0-255,66,171798,42,273584
23673,0.002111,74.125.24.0-255,1484,173282,42,273584
23674,0.002127,74.125.24.0-255,2902,176184,42,273584
23675,0.002133,172.31.46.0-255,66,176250,42,273584
23676,0.002142,74.125.24.0-255,2902,179152,42,273584
23677,0.00216,74.125.24.0-255,2902,182054,42,273584
23678,0.002166,172.31.46.0-255,66,182120,42,273584
23679,0.002196,74.125.24.0-255,7156,189276,42,273584
23680,0.002211,74.125.24.0-255,2184,191460,42,273584
23681,0.002233,172.31.46.0-255,66,191526,42,273584
23682,0.002261,74.125.24.0-255,1484,193010,42,273584
23683,0.002271,74.125.24.0-255,2902,195912,42,273584
23684,0.002276,172.31.46.0-255,66,195978,42,273584
23685,0.002288,74.125.24.0-255,4320,200298,42,273584
23686,0.002304,74.125.24.0-255,1484,201782,42,273584
23687,0.002306,74.125.24.0-255,1484,203266,42,273584
23688,0.002317,74.125.24.0-255,2902,206168,42,273584
23689,0.002324,172.31.46.0-255,66,206234,42,273584
23690,0.002334,74.125.24.0-255,5738,211972,42,273584
23691,0.002384,74.125.24.0-255,2902,214874,42,273584
23692,0.002396,74.125.24.0-255,2902,217776,42,273584
23693,0.002402,74.125.24.0-255,7156,224932,42,273584
23694,0.002404,74.125.24.0-255,1484,226416,42,273584
23695,0.00241,172.31.46.0-255,66,226482,42,273584
23696,0.002436,74.125.24.0-255,2184,228666,42,273584
23697,0.002441,74.125.24.0-255,4320,232986,42,273584
23698,0.002452,74.125.24.0-255,2902,235888,42,273584
23699,0.002465,74.125.24.0-255,1484,237372,42,273584
23700,0.002467,74.125.24.0-255,1484,238856,42,273584
23701,0.002471,172.31.46.0-255,66,238922,42,273584
23702,0.00248,74.125.24.0-255,4320,243242,42,273584
23703,0.002498,74.125.24.0-255,2902,246144,42,273584
23704,0.002515,74.125.24.0-255,3602,249746,42,273584
23705,0.002519,172.31.46.0-255,66,249812,42,273584
23706,0.002523,172.31.46.0-255,66,249878,42,273584
23707,0.004999,74.125.24.0-255,5738,255616,42,273584
23708,0.005008,172.31.46.0-255,66,255682,42,273584
23709,0.007508,74.125.24.0-255,5738,261420,42,273584
23710,0.009227,172.31.46.0-255,66,261486,42,273584
23711,0.011691,74.125.24.0-255,5738,267224,42,273584
23712,0.011702,172.31.46.0-255,66,267290,42,273584
23713,0.0142,74.125.24.0-255,5738,273028,42,273584
23714,0.016911,172.31.46.0-255,66,273094,42,273584
23715,0.019371,74.125.24.0-255,490,273584,42,273584
23716,0.0,74.125.24.0-255,153,153,42,188878
23717,2.1e-05,172.31.46.0-255,66,219,42,188878
23718,2.8e-05,74.125.24.0-255,1484,1703,42,188878
23719,3.3e-05,172.31.46.0-255,66,1769,42,188878
23720,3.8e-05,74.125.24.0-255,2902,4671,42,188878
23721,4.8e-05,172.31.46.0-255,66,4737,42,188878
23722,5.6e-05,74.125.24.0-255,7156,11893,42,188878
23723,6e-05,172.31.46.0-255,66,11959,42,188878
23724,0.000112,172.31.46.0-255,66,12025,42,188878
23725,0.000118,74.125.24.0-255,5738,17763,42,188878
23726,0.00012,172.31.46.0-255,66,17829,42,188878
23727,0.000153,172.31.46.0-255,66,17895,42,188878
23728,0.000156,74.125.24.0-255,1484,19379,42,188878
23729,0.000158,172.31.46.0-255,66,19445,42,188878
23730,0.000191,74.125.24.0-255,6438,25883,42,188878
23731,0.000194,172.31.46.0-255,66,25949,42,188878
23732,0.000927,74.125.24.0-255,1484,27433,42,188878
23733,0.000933,172.31.46.0-255,66,27499,42,188878
23734,0.000942,74.125.24.0-255,2902,30401,42,188878
23735,0.000945,172.31.46.0-255,66,30467,42,188878
23736,0.000957,74.125.24.0-255,5738,36205,42,188878
23737,0.000959,172.31.46.0-255,66,36271,42,188878
23738,0.000966,74.125.24.0-255,7106,43377,42,188878
23739,0.000969,172.31.46.0-255,66,43443,42,188878
23740,0.001003,74.125.24.0-255,111,43554,42,188878
23741,0.001005,172.31.46.0-255,66,43620,42,188878
23742,0.001275,74.125.24.0-255,1484,45104,42,188878
23743,0.001281,172.31.46.0-255,66,45170,42,188878
23744,0.001288,74.125.24.0-255,2902,48072,42,188878
23745,0.00129,172.31.46.0-255,66,48138,42,188878
23746,0.001302,74.125.24.0-255,5738,53876,42,188878
23747,0.001304,172.31.46.0-255,66,53942,42,188878
23748,0.001346,172.31.46.0-255,66,54008,42,188878
23749,0.00135,74.125.24.0-255,1484,55492,42,188878
23750,0.001372,74.125.24.0-255,5738,61230,42,188878
23751,0.001375,172.31.46.0-255,66,61296,42,188878
23752,0.001406,74.125.24.0-255,3602,64898,42,188878
23753,0.00141,172.31.46.0-255,66,64964,42,188878
23754,0.001422,172.31.46.0-255,66,65030,42,188878
23755,0.001439,172.31.46.0-255,66,65096,42,188878
23756,0.001467,74.125.24.0-255,4320,69416,42,188878
23757,0.00147,172.31.46.0-255,66,69482,42,188878
23758,0.001475,74.125.24.0-255,4320,73802,42,188878
23759,0.001478,172.31.46.0-255,66,73868,42,188878
23760,0.00153,172.31.46.0-255,66,73934,42,188878
23761,0.001548,172.31.46.0-255,66,74000,42,188878
23762,0.001587,74.125.24.0-255,2902,76902,42,188878
23763,0.00159,172.31.46.0-255,66,76968,42,188878
23764,0.001623,172.31.46.0-255,66,77034,42,188878
23765,0.001638,172.31.46.0-255,66,77100,42,188878
23766,0.001641,74.125.24.0-255,331,77431,42,188878
23767,0.001938,74.125.24.0-255,1484,78915,42,188878
23768,0.001942,172.31.46.0-255,66,78981,42,188878
23769,0.001947,74.125.24.0-255,1484,80465,42,188878
23770,0.001972,74.125.24.0-255,1484,81949,42,188878
23771,0.001976,172.31.46.0-255,66,82015,42,188878
23772,0.001983,74.125.24.0-255,5738,87753,42,188878
23773,0.001985,172.31.46.0-255,66,87819,42,188878
23774,0.002004,172.31.46.0-255,66,87885,42,188878
23775,0.002013,74.125.24.0-255,7156,95041,42,188878
23776,0.002015,172.31.46.0-255,66,95107,42,188878
23777,0.002037,74.125.24.0-255,1484,96591,42,188878
23778,0.002041,74.125.24.0-255,2184,98775,42,188878
23779,0.002043,172.31.46.0-255,66,98841,42,188878
23780,0.002258,74.125.24.0-255,1484,100325,42,188878
23781,0.002283,74.125.24.0-255,2902,103227,42,188878
23782,0.002286,172.31.46.0-255,66,103293,42,188878
23783,0.00229,74.125.24.0-255,2902,106195,42,188878
23784,0.002293,172.31.46.0-255,66,106261,42,188878
23785,0.002296,74.125.24.0-255,1484,107745,42,188878
23786,0.002324,74.125.24.0-255,5738,113483,42,188878
23787,0.002327,172.31.46.0-255,66,113549,42,188878
23788,0.002363,172.31.46.0-255,66,113615,42,188878
23789,0.002392,74.125.24.0-255,4320,117935,42,188878
23790,0.002395,172.31.46.0-255,66,118001,42,188878
23791,0.0024,74.125.24.0-255,3602,121603,42,188878
23792,0.002402,172.31.46.0-255,66,121669,42,188878
23793,0.002405,74.125.24.0-255,1484,123153,42,188878
23794,0.002409,74.125.24.0-255,1484,124637,42,188878
23795,0.002415,172.31.46.0-255,66,124703,42,188878
23796,0.00245,74.125.24.0-255,1484,126187,42,188878
23797,0.002456,74.125.24.0-255,4320,130507,42,188878
23798,0.002459,172.31.46.0-255,66,130573,42,188878
23799,0.002476,172.31.46.0-255,66,130639,42,188878
23800,0.002483,74.125.24.0-255,5738,136377,42,188878
23801,0.002485,172.31.46.0-255,66,136443,42,188878
23802,0.002907,172.31.46.0-255,66,136509,42,188878
23803,0.003009,74.125.24.0-255,1484,137993,42,188878
23804,0.003013,74.125.24.0-255,1484,139477,42,188878
23805,0.003031,74.125.24.0-255,1484,140961,42,188878
23806,0.003037,74.125.24.0-255,5738,146699,42,188878
23807,0.00305,74.125.24.0-255,4320,151019,42,188878
23808,0.003058,172.31.46.0-255,66,151085,42,188878
23809,0.003101,172.31.46.0-255,66,151151,42,188878
23810,0.003194,74.125.24.0-255,1484,152635,42,188878
23811,0.003201,74.125.24.0-255,2902,155537,42,188878
23812,0.003218,74.125.24.0-255,2902,158439,42,188878
23813,0.003231,74.125.24.0-255,2902,161341,42,188878
23814,0.003243,172.31.46.0-255,66,161407,42,188878
23815,0.003256,74.125.24.0-255,2902,164309,42,188878
23816,0.003289,74.125.24.0-255,2902,167211,42,188878
23817,0.003291,74.125.24.0-255,1484,168695,42,188878
23818,0.003299,172.31.46.0-255,66,168761,42,188878
23819,0.003331,74.125.24.0-255,6438,175199,42,188878
23820,0.003334,74.125.24.0-255,1484,176683,42,188878
23821,0.003337,74.125.24.0-255,1484,178167,42,188878
23822,0.003352,74.125.24.0-255,7156,185323,42,188878
23823,0.003357,74.125.24.0-255,3213,188536,42,188878
23824,0.003408,74.125.24.0-255,105,188641,42,188878
23825,0.003413,172.31.46.0-255,66,188707,42,188878
23826,0.00561,172.31.46.0-255,105,188812,42,188878
23827,0.007894,74.125.24.0-255,66,188878,42,188878
23828,0.0,74.125.24.0-255,153,153,42,132741
23829,2.4e-05,172.31.46.0-255,66,219,42,132741
23830,3.1e-05,74.125.24.0-255,1484,1703,42,132741
23831,3.5e-05,172.31.46.0-255,66,1769,42,132741
23832,4.1e-05,74.125.24.0-255,2902,4671,42,132741
23833,4.4e-05,172.31.46.0-255,66,4737,42,132741
23834,6.6e-05,74.125.24.0-255,4320,9057,42,132741
23835,6.9e-05,172.31.46.0-255,66,9123,42,132741
23836,9.8e-05,74.125.24.0-255,4936,14059,42,132741
23837,0.0001,172.31.46.0-255,66,14125,42,132741
23838,0.000457,74.125.24.0-255,1484,15609,42,132741
23839,0.000463,172.31.46.0-255,66,15675,42,132741
23840,0.000469,74.125.24.0-255,2902,18577,42,132741
23841,0.000471,172.31.46.0-255,66,18643,42,132741
23842,0.000476,74.125.24.0-255,4320,22963,42,132741
23843,0.000478,172.31.46.0-255,66,23029,42,132741
23844,0.000494,74.125.24.0-255,1484,24513,42,132741
23845,0.000496,172.31.46.0-255,66,24579,42,132741
23846,0.00053,74.125.24.0-255,4320,28899,42,132741
23847,0.000534,172.31.46.0-255,66,28965,42,132741
23848,0.000553,74.125.24.0-255,2543,31508,42,132741
23849,0.000555,172.31.46.0-255,66,31574,42,132741
23850,0.000584,74.125.24.0-255,2902,34476,42,132741
23851,0.000587,172.31.46.0-255,66,34542,42,132741
23852,0.000608,74.125.24.0-255,4320,38862,42,132741
23853,0.000612,172.31.46.0-255,66,38928,42,132741
23854,0.000647,74.125.24.0-255,2902,41830,42,132741
23855,0.000651,172.31.46.0-255,66,41896,42,132741
23856,0.00067,74.125.24.0-255,6797,48693,42,132741
23857,0.000673,172.31.46.0-255,66,48759,42,132741
23858,0.000805,74.125.24.0-255,1484,50243,42,132741
23859,0.000809,172.31.46.0-255,66,50309,42,132741
23860,0.000813,74.125.24.0-255,1484,51793,42,132741
23861,0.000826,74.125.24.0-255,1484,53277,42,132741
23862,0.000829,172.31.46.0-255,66,53343,42,132741
23863,0.000834,74.125.24.0-255,4320,57663,42,132741
23864,0.000837,172.31.46.0-255,66,57729,42,132741
23865,0.000859,74.125.24.0-255,1484,59213,42,132741
23866,0.000878,74.125.24.0-255,4320,63533,42,132741
23867,0.000882,172.31.46.0-255,66,63599,42,132741
23868,0.000894,74.125.24.0-255,2543,66142,42,132741
23869,0.000896,172.31.46.0-255,66,66208,42,132741
23870,0.000915,74.125.24.0-255,677,66885,42,132741
23871,0.001127,172.31.46.0-255,66,66951,42,132741
23872,0.001179,74.125.24.0-255,1484,68435,42,132741
23873,0.001193,74.125.24.0-255,2902,71337,42,132741
23874,0.001196,172.31.46.0-255,66,71403,42,132741
23875,0.001217,74.125.24.0-255,5738,77141,42,132741
23876,0.001219,172.31.46.0-255,66,77207,42,132741
23877,0.001263,74.125.24.0-255,4320,81527,42,132741
23878,0.001267,172.31.46.0-255,66,81593,42,132741
23879,0.001296,172.31.46.0-255,66,81659,42,132741
23880,0.001383,74.125.24.0-255,1484,83143,42,132741
23881,0.001414,172.31.46.0-255,66,83209,42,132741
23882,0.003416,74.125.24.0-255,4320,87529,42,132741
23883,0.003423,172.31.46.0-255,66,87595,42,132741
23884,0.003443,74.125.24.0-255,1484,89079,42,132741
23885,0.005396,74.125.24.0-255,2902,91981,42,132741
23886,0.005399,172.31.46.0-255,66,92047,42,132741
23887,0.005415,74.125.24.0-255,1484,93531,42,132741
23888,0.007388,74.125.24.0-255,4320,97851,42,132741
23889,0.007394,172.31.46.0-255,66,97917,42,132741
23890,0.009424,74.125.24.0-255,5738,103655,42,132741
23891,0.009431,172.31.46.0-255,66,103721,42,132741
23892,0.011436,74.125.24.0-255,5738,109459,42,132741
23893,0.011443,172.31.46.0-255,66,109525,42,132741
23894,0.013461,74.125.24.0-255,5738,115263,42,132741
23895,0.013468,172.31.46.0-255,66,115329,42,132741
23896,0.015459,74.125.24.0-255,5738,121067,42,132741
23897,0.015465,172.31.46.0-255,66,121133,42,132741
23898,0.017469,74.125.24.0-255,5738,126871,42,132741
23899,0.017476,172.31.46.0-255,66,126937,42,132741
23900,0.019517,74.125.24.0-255,5738,132675,42,132741
23901,0.019524,172.31.46.0-255,66,132741,42,132741
23902,0.0,172.217.194.0-255,152,152,42,174176
23903,2.5e-05,172.31.46.0-255,66,218,42,174176
23904,3.2e-05,172.217.194.0-255,1484,1702,42,174176
23905,3.7e-05,172.31.46.0-255,66,1768,42,174176
23906,5e-05,172.217.194.0-255,2902,4670,42,174176
23907,5.3e-05,172.31.46.0-255,66,4736,42,174176
23908,6.1e-05,172.217.194.0-255,7156,11892,42,174176
23909,6.4e-05,172.31.46.0-255,66,11958,42,174176
23910,9.5e-05,172.31.46.0-255,66,12024,42,174176
23911,0.00013,172.217.194.0-255,520,12544,42,174176
23912,0.000133,172.31.46.0-255,66,12610,42,174176
23913,0.000152,172.31.46.0-255,66,12676,42,174176
23914,0.000158,172.217.194.0-255,5738,18414,42,174176
23915,0.000161,172.31.46.0-255,66,18480,42,174176
23916,0.000182,172.217.194.0-255,1125,19605,42,174176
23917,0.000185,172.31.46.0-255,66,19671,42,174176
23918,0.000198,172.217.194.0-255,7156,26827,42,174176
23919,0.000201,172.31.46.0-255,66,26893,42,174176
23920,0.000205,172.217.194.0-255,2902,29795,42,174176
23921,0.000207,172.31.46.0-255,66,29861,42,174176
23922,0.000241,172.217.194.0-255,7110,36971,42,174176
23923,0.000248,172.31.46.0-255,66,37037,42,174176
23924,0.00025,172.217.194.0-255,366,37403,42,174176
23925,0.000252,172.31.46.0-255,66,37469,42,174176
23926,0.000295,172.217.194.0-255,1484,38953,42,174176
23927,0.000298,172.31.46.0-255,66,39019,42,174176
23928,0.000303,172.217.194.0-255,4320,43339,42,174176
23929,0.000306,172.31.46.0-255,66,43405,42,174176
23930,0.000312,172.217.194.0-255,5738,49143,42,174176
23931,0.000319,172.31.46.0-255,66,49209,42,174176
23932,0.000343,172.217.194.0-255,4320,53529,42,174176
23933,0.000345,172.31.46.0-255,66,53595,42,174176
23934,0.000353,172.217.194.0-255,1125,54720,42,174176
23935,0.000523,172.217.194.0-255,1484,56204,42,174176
23936,0.000528,172.31.46.0-255,66,56270,42,174176
23937,0.000533,172.217.194.0-255,2902,59172,42,174176
23938,0.000536,172.31.46.0-255,66,59238,42,174176
23939,0.000541,172.217.194.0-255,4320,63558,42,174176
23940,0.000543,172.31.46.0-255,66,63624,42,174176
23941,0.000586,172.217.194.0-255,1484,65108,42,174176
23942,0.0006,172.31.46.0-255,66,65174,42,174176
23943,0.000618,172.31.46.0-255,66,65240,42,174176
23944,0.000708,172.217.194.0-255,1484,66724,42,174176
23945,0.000713,172.217.194.0-255,2902,69626,42,174176
23946,0.000717,172.31.46.0-255,66,69692,42,174176
23947,0.000749,172.217.194.0-255,5738,75430,42,174176
23948,0.000752,172.31.46.0-255,66,75496,42,174176
23949,0.000763,172.31.46.0-255,66,75562,42,174176
23950,0.000795,172.217.194.0-255,1484,77046,42,174176
23951,0.000803,172.217.194.0-255,7156,84202,42,174176
23952,0.000811,172.217.194.0-255,7156,91358,42,174176
23953,0.000867,172.217.194.0-255,6438,97796,42,174176
23954,0.000935,172.217.194.0-255,1484,99280,42,174176
23955,0.00094,172.217.194.0-255,2902,102182,42,174176
23956,0.000943,172.217.194.0-255,1484,103666,42,174176
23957,0.000956,172.217.194.0-255,4320,107986,42,174176
23958,0.000972,172.217.194.0-255,1484,109470,42,174176
23959,0.000985,172.217.194.0-255,4320,113790,42,174176
23960,0.001,172.217.194.0-255,2902,116692,42,174176
23961,0.001015,172.217.194.0-255,4320,121012,42,174176
23962,0.001073,172.217.194.0-255,7156,128168,42,174176
23963,0.001086,172.217.194.0-255,3602,131770,42,174176
23964,0.001106,172.31.46.0-255,66,131836,42,174176
23965,0.001164,172.217.194.0-255,1484,133320,42,174176
23966,0.00117,172.217.194.0-255,2902,136222,42,174176
23967,0.001174,172.31.46.0-255,66,136288,42,174176
23968,0.001207,172.217.194.0-255,5738,142026,42,174176
23969,0.001223,172.217.194.0-255,1484,143510,42,174176
23970,0.001235,172.31.46.0-255,66,143576,42,174176
23971,0.001275,172.31.46.0-255,66,143642,42,174176
23972,0.001302,172.217.194.0-255,1484,145126,42,174176
23973,0.001311,172.217.194.0-255,2902,148028,42,174176
23974,0.001317,172.31.46.0-255,66,148094,42,174176
23975,0.00135,172.217.194.0-255,5738,153832,42,174176
23976,0.001359,172.217.194.0-255,7156,160988,42,174176
23977,0.001383,172.31.46.0-255,66,161054,42,174176
23978,0.001418,172.217.194.0-255,5020,166074,42,174176
23979,0.001435,172.31.46.0-255,66,166140,42,174176
23980,0.001496,172.217.194.0-255,4320,170460,42,174176
23981,0.001501,172.31.46.0-255,66,170526,42,174176
23982,0.00158,172.217.194.0-255,3141,173667,42,174176
23983,0.001583,172.217.194.0-255,105,173772,42,174176
23984,0.001624,172.31.46.0-255,66,173838,42,174176
23985,0.002578,172.31.46.0-255,101,173939,42,174176
23986,0.004885,172.217.194.0-255,66,174005,42,174176
23987,0.011073,172.31.46.0-255,105,174110,42,174176
23988,0.01337,172.217.194.0-255,66,174176,42,174176
23989,0.0,74.125.24.0-255,146,146,42,224554
23990,2.3e-05,172.31.46.0-255,66,212,42,224554
23991,3e-05,74.125.24.0-255,1484,1696,42,224554
23992,3.5e-05,172.31.46.0-255,66,1762,42,224554
23993,4.9e-05,74.125.24.0-255,2902,4664,42,224554
23994,5.2e-05,172.31.46.0-255,66,4730,42,224554
23995,6.1e-05,74.125.24.0-255,5738,10468,42,224554
23996,6.6e-05,172.31.46.0-255,66,10534,42,224554
23997,8.3e-05,172.31.46.0-255,66,10600,42,224554
23998,9.1e-05,74.125.24.0-255,6797,17397,42,224554
23999,9.4e-05,172.31.46.0-255,66,17463,42,224554
24000,0.000125,74.125.24.0-255,1484,18947,42,224554
24001,0.000128,172.31.46.0-255,66,19013,42,224554
24002,0.000133,74.125.24.0-255,2902,21915,42,224554
24003,0.000136,172.31.46.0-255,66,21981,42,224554
24004,0.000167,74.125.24.0-255,5738,27719,42,224554
24005,0.000171,172.31.46.0-255,66,27785,42,224554
24006,0.000177,74.125.24.0-255,4320,32105,42,224554
24007,0.000179,172.31.46.0-255,66,32171,42,224554
24008,0.000209,74.125.24.0-255,5379,37550,42,224554
24009,0.000211,172.31.46.0-255,66,37616,42,224554
24010,0.000258,74.125.24.0-255,5738,43354,42,224554
24011,0.000261,172.31.46.0-255,66,43420,42,224554
24012,0.000266,74.125.24.0-255,2902,46322,42,224554
24013,0.000268,172.31.46.0-255,66,46388,42,224554
24014,0.0003,74.125.24.0-255,5379,51767,42,224554
24015,0.000303,172.31.46.0-255,66,51833,42,224554
24016,0.000307,74.125.24.0-255,647,52480,42,224554
24017,0.000309,172.31.46.0-255,66,52546,42,224554
24018,0.00089,74.125.24.0-255,1484,54030,42,224554
24019,0.000896,74.125.24.0-255,2902,56932,42,224554
24020,0.000902,172.31.46.0-255,66,56998,42,224554
24021,0.000911,172.31.46.0-255,66,57064,42,224554
24022,0.000918,74.125.24.0-255,5738,62802,42,224554
24023,0.000925,172.31.46.0-255,66,62868,42,224554
24024,0.000938,172.31.46.0-255,66,62934,42,224554
24025,0.000942,74.125.24.0-255,1484,64418,42,224554
24026,0.000989,74.125.24.0-255,2184,66602,42,224554
24027,0.000995,172.31.46.0-255,66,66668,42,224554
24028,0.000998,172.31.46.0-255,66,66734,42,224554
24029,0.001113,74.125.24.0-255,1484,68218,42,224554
24030,0.001132,74.125.24.0-255,2902,71120,42,224554
24031,0.001136,172.31.46.0-255,66,71186,42,224554
24032,0.001142,74.125.24.0-255,4320,75506,42,224554
24033,0.001144,172.31.46.0-255,66,75572,42,224554
24034,0.001172,74.125.24.0-255,1484,77056,42,224554
24035,0.001185,172.31.46.0-255,66,77122,42,224554
24036,0.001212,74.125.24.0-255,1484,78606,42,224554
24037,0.001217,74.125.24.0-255,1484,80090,42,224554
24038,0.001219,172.31.46.0-255,66,80156,42,224554
24039,0.001225,74.125.24.0-255,2902,83058,42,224554
24040,0.001227,172.31.46.0-255,66,83124,42,224554
24041,0.001238,74.125.24.0-255,5738,88862,42,224554
24042,0.001241,172.31.46.0-255,66,88928,42,224554
24043,0.001243,74.125.24.0-255,766,89694,42,224554
24044,0.00131,74.125.24.0-255,1484,91178,42,224554
24045,0.001314,172.31.46.0-255,66,91244,42,224554
24046,0.001319,74.125.24.0-255,2902,94146,42,224554
24047,0.001321,172.31.46.0-255,66,94212,42,224554
24048,0.001364,74.125.24.0-255,5738,99950,42,224554
24049,0.001367,172.31.46.0-255,66,100016,42,224554
24050,0.00138,172.31.46.0-255,66,100082,42,224554
24051,0.001398,172.31.46.0-255,66,100148,42,224554
24052,0.001403,74.125.24.0-255,4320,104468,42,224554
24053,0.001406,172.31.46.0-255,66,104534,42,224554
24054,0.00144,74.125.24.0-255,7156,111690,42,224554
24055,0.001443,172.31.46.0-255,66,111756,42,224554
24056,0.001448,74.125.24.0-255,2902,114658,42,224554
24057,0.00145,172.31.46.0-255,66,114724,42,224554
24058,0.001497,172.31.46.0-255,66,114790,42,224554
24059,0.001561,74.125.24.0-255,1484,116274,42,224554
24060,0.001567,74.125.24.0-255,2902,119176,42,224554
24061,0.00157,172.31.46.0-255,66,119242,42,224554
24062,0.001598,74.125.24.0-255,5738,124980,42,224554
24063,0.001601,172.31.46.0-255,66,125046,42,224554
24064,0.001607,74.125.24.0-255,5738,130784,42,224554
24065,0.00161,172.31.46.0-255,66,130850,42,224554
24066,0.001627,74.125.24.0-255,1484,132334,42,224554
24067,0.001653,172.31.46.0-255,66,132400,42,224554
24068,0.001681,74.125.24.0-255,4320,136720,42,224554
24069,0.001684,172.31.46.0-255,66,136786,42,224554
24070,0.001688,74.125.24.0-255,2184,138970,42,224554
24071,0.00169,172.31.46.0-255,66,139036,42,224554
24072,0.001848,74.125.24.0-255,1484,140520,42,224554
24073,0.001856,74.125.24.0-255,2902,143422,42,224554
24074,0.001859,172.31.46.0-255,66,143488,42,224554
24075,0.001864,74.125.24.0-255,2902,146390,42,224554
24076,0.001866,172.31.46.0-255,66,146456,42,224554
24077,0.001888,74.125.24.0-255,2902,149358,42,224554
24078,0.001891,172.31.46.0-255,66,149424,42,224554
24079,0.001901,74.125.24.0-255,5738,155162,42,224554
24080,0.001903,172.31.46.0-255,66,155228,42,224554
24081,0.001917,74.125.24.0-255,7156,162384,42,224554
24082,0.001919,172.31.46.0-255,66,162450,42,224554
24083,0.001971,172.31.46.0-255,66,162516,42,224554
24084,0.002059,74.125.24.0-255,1484,164000,42,224554
24085,0.002065,74.125.24.0-255,2902,166902,42,224554
24086,0.002068,172.31.46.0-255,66,166968,42,224554
24087,0.002096,74.125.24.0-255,5738,172706,42,224554
24088,0.0021,172.31.46.0-255,66,172772,42,224554
24089,0.002105,74.125.24.0-255,4320,177092,42,224554
24090,0.002107,172.31.46.0-255,66,177158,42,224554
24091,0.002144,172.31.46.0-255,66,177224,42,224554
24092,0.002149,74.125.24.0-255,2902,180126,42,224554
24093,0.002151,172.31.46.0-255,66,180192,42,224554
24094,0.002187,74.125.24.0-255,5020,185212,42,224554
24095,0.00219,172.31.46.0-255,66,185278,42,224554
24096,0.00448,74.125.24.0-255,5738,191016,42,224554
24097,0.004489,172.31.46.0-255,66,191082,42,224554
24098,0.006725,74.125.24.0-255,5738,196820,42,224554
24099,0.006734,172.31.46.0-255,66,196886,42,224554
24100,0.009014,74.125.24.0-255,4320,201206,42,224554
24101,0.009028,172.31.46.0-255,66,201272,42,224554
24102,0.009056,74.125.24.0-255,1484,202756,42,224554
24103,0.011299,74.125.24.0-255,4320,207076,42,224554
24104,0.011308,172.31.46.0-255,66,207142,42,224554
24105,0.013566,74.125.24.0-255,5738,212880,42,224554
24106,0.013582,172.31.46.0-255,66,212946,42,224554
24107,0.015839,74.125.24.0-255,5738,218684,42,224554
24108,0.015849,172.31.46.0-255,66,218750,42,224554
24109,0.018126,74.125.24.0-255,5738,224488,42,224554
24110,0.018136,172.31.46.0-255,66,224554,42,224554
24111,0.0,172.217.194.0-255,151,151,42,130538
24112,2.5e-05,172.31.46.0-255,66,217,42,130538
24113,3.3e-05,172.217.194.0-255,1484,1701,42,130538
24114,5e-05,172.31.46.0-255,66,1767,42,130538
24115,5.6e-05,172.217.194.0-255,2902,4669,42,130538
24116,6e-05,172.31.46.0-255,66,4735,42,130538
24117,6.8e-05,172.217.194.0-255,7156,11891,42,130538
24118,7.2e-05,172.31.46.0-255,66,11957,42,130538
24119,0.000101,172.217.194.0-255,1969,13926,42,130538
24120,0.000104,172.31.46.0-255,66,13992,42,130538
24121,0.000164,172.217.194.0-255,1484,15476,42,130538
24122,0.000169,172.217.194.0-255,2902,18378,42,130538
24123,0.000173,172.31.46.0-255,66,18444,42,130538
24124,0.000181,172.31.46.0-255,66,18510,42,130538
24125,0.000188,172.217.194.0-255,5738,24248,42,130538
24126,0.00019,172.31.46.0-255,66,24314,42,130538
24127,0.000197,172.217.194.0-255,4320,28634,42,130538
24128,0.0002,172.31.46.0-255,66,28700,42,130538
24129,0.000218,172.217.194.0-255,1484,30184,42,130538
24130,0.000222,172.31.46.0-255,66,30250,42,130538
24131,0.000236,172.217.194.0-255,2902,33152,42,130538
24132,0.000238,172.31.46.0-255,66,33218,42,130538
24133,0.000273,172.31.46.0-255,66,33284,42,130538
24134,0.000278,172.217.194.0-255,3961,37245,42,130538
24135,0.000281,172.31.46.0-255,66,37311,42,130538
24136,0.000318,172.217.194.0-255,1484,38795,42,130538
24137,0.000321,172.31.46.0-255,66,38861,42,130538
24138,0.000327,172.217.194.0-255,2902,41763,42,130538
24139,0.000329,172.31.46.0-255,66,41829,42,130538
24140,0.000332,172.217.194.0-255,1484,43313,42,130538
24141,0.000334,172.31.46.0-255,66,43379,42,130538
24142,0.000364,172.217.194.0-255,4320,47699,42,130538
24143,0.000367,172.31.46.0-255,66,47765,42,130538
24144,0.000373,172.217.194.0-255,5738,53503,42,130538
24145,0.000376,172.31.46.0-255,66,53569,42,130538
24146,0.000398,172.217.194.0-255,1125,54694,42,130538
24147,0.000725,172.217.194.0-255,648,55342,42,130538
24148,0.000731,172.31.46.0-255,66,55408,42,130538
24149,0.001179,172.217.194.0-255,1484,56892,42,130538
24150,0.001189,172.217.194.0-255,2902,59794,42,130538
24151,0.001193,172.31.46.0-255,66,59860,42,130538
24152,0.001216,172.217.194.0-255,5738,65598,42,130538
24153,0.001218,172.31.46.0-255,66,65664,42,130538
24154,0.001246,172.31.46.0-255,66,65730,42,130538
24155,0.00127,172.217.194.0-255,7156,72886,42,130538
24156,0.001272,172.31.46.0-255,66,72952,42,130538
24157,0.001292,172.217.194.0-255,4320,77272,42,130538
24158,0.001295,172.31.46.0-255,66,77338,42,130538
24159,0.001313,172.217.194.0-255,2184,79522,42,130538
24160,0.001315,172.31.46.0-255,66,79588,42,130538
24161,0.002056,172.217.194.0-255,1484,81072,42,130538
24162,0.002064,172.217.194.0-255,2902,83974,42,130538
24163,0.002068,172.31.46.0-255,66,84040,42,130538
24164,0.003314,172.217.194.0-255,1484,85524,42,130538
24165,0.004077,172.217.194.0-255,4320,89844,42,130538
24166,0.00408,172.31.46.0-255,66,89910,42,130538
24167,0.006128,172.217.194.0-255,5738,95648,42,130538
24168,0.006136,172.31.46.0-255,66,95714,42,130538
24169,0.008138,172.217.194.0-255,5738,101452,42,130538
24170,0.008146,172.31.46.0-255,66,101518,42,130538
24171,0.010163,172.217.194.0-255,5738,107256,42,130538
24172,0.01017,172.31.46.0-255,66,107322,42,130538
24173,0.012172,172.217.194.0-255,5738,113060,42,130538
24174,0.01218,172.31.46.0-255,66,113126,42,130538
24175,0.014219,172.217.194.0-255,5738,118864,42,130538
24176,0.014227,172.31.46.0-255,66,118930,42,130538
24177,0.016246,172.217.194.0-255,5738,124668,42,130538
24178,0.016254,172.31.46.0-255,66,124734,42,130538
24179,0.018279,172.217.194.0-255,5738,130472,42,130538
24180,0.018289,172.31.46.0-255,66,130538,42,130538
24181,0.0,74.125.130.0-255,159,159,42,162980
24182,1.6e-05,172.31.46.0-255,66,225,42,162980
24183,2.3e-05,74.125.130.0-255,1484,1709,42,162980
24184,2.7e-05,172.31.46.0-255,66,1775,42,162980
24185,3.4e-05,74.125.130.0-255,2902,4677,42,162980
24186,3.8e-05,172.31.46.0-255,66,4743,42,162980
24187,4.6e-05,74.125.130.0-255,5738,10481,42,162980
24188,4.9e-05,172.31.46.0-255,66,10547,42,162980
24189,6.8e-05,74.125.130.0-255,2902,13449,42,162980
24190,7e-05,172.31.46.0-255,66,13515,42,162980
24191,9.6e-05,74.125.130.0-255,3503,17018,42,162980
24192,9.9e-05,172.31.46.0-255,66,17084,42,162980
24193,0.000114,172.31.46.0-255,66,17150,42,162980
24194,0.000141,74.125.130.0-255,1484,18634,42,162980
24195,0.000144,172.31.46.0-255,66,18700,42,162980
24196,0.000163,74.125.130.0-255,2902,21602,42,162980
24197,0.000165,172.31.46.0-255,66,21668,42,162980
24198,0.000184,74.125.130.0-255,5738,27406,42,162980
24199,0.000186,172.31.46.0-255,66,27472,42,162980
24200,0.000225,74.125.130.0-255,5738,33210,42,162980
24201,0.000228,172.31.46.0-255,66,33276,42,162980
24202,0.000247,74.125.130.0-255,1125,34401,42,162980
24203,0.000249,172.31.46.0-255,66,34467,42,162980
24204,0.000989,74.125.130.0-255,1484,35951,42,162980
24205,0.000994,172.31.46.0-255,66,36017,42,162980
24206,0.001002,74.125.130.0-255,2902,38919,42,162980
24207,0.001004,172.31.46.0-255,66,38985,42,162980
24208,0.001008,74.125.130.0-255,2902,41887,42,162980
24209,0.00101,172.31.46.0-255,66,41953,42,162980
24210,0.001015,74.125.130.0-255,4320,46273,42,162980
24211,0.001016,172.31.46.0-255,66,46339,42,162980
24212,0.001056,74.125.130.0-255,2902,49241,42,162980
24213,0.001059,172.31.46.0-255,66,49307,42,162980
24214,0.001078,74.125.130.0-255,2543,51850,42,162980
24215,0.00108,172.31.46.0-255,66,51916,42,162980
24216,0.001124,74.125.130.0-255,1484,53400,42,162980
24217,0.001129,74.125.130.0-255,2902,56302,42,162980
24218,0.001131,172.31.46.0-255,66,56368,42,162980
24219,0.001134,74.125.130.0-255,1484,57852,42,162980
24220,0.00115,74.125.130.0-255,4320,62172,42,162980
24221,0.001152,172.31.46.0-255,66,62238,42,162980
24222,0.001158,74.125.130.0-255,5738,67976,42,162980
24223,0.00116,172.31.46.0-255,66,68042,42,162980
24224,0.001204,74.125.130.0-255,1707,69749,42,162980
24225,0.001207,172.31.46.0-255,66,69815,42,162980
24226,0.001348,74.125.130.0-255,1484,71299,42,162980
24227,0.001362,74.125.130.0-255,2902,74201,42,162980
24228,0.001365,172.31.46.0-255,66,74267,42,162980
24229,0.00137,74.125.130.0-255,2902,77169,42,162980
24230,0.001371,172.31.46.0-255,66,77235,42,162980
24231,0.001385,74.125.130.0-255,2902,80137,42,162980
24232,0.001387,172.31.46.0-255,66,80203,42,162980
24233,0.001421,74.125.130.0-255,6797,87000,42,162980
24234,0.001424,172.31.46.0-255,66,87066,42,162980
24235,0.00182,74.125.130.0-255,1484,88550,42,162980
24236,0.001841,74.125.130.0-255,2902,91452,42,162980
24237,0.001844,172.31.46.0-255,66,91518,42,162980
24238,0.001863,74.125.130.0-255,5738,97256,42,162980
24239,0.001865,172.31.46.0-255,66,97322,42,162980
24240,0.001893,172.31.46.0-255,66,97388,42,162980
24241,0.001898,74.125.130.0-255,4320,101708,42,162980
24242,0.001899,172.31.46.0-255,66,101774,42,162980
24243,0.001931,172.31.46.0-255,66,101840,42,162980
24244,0.001944,74.125.130.0-255,1484,103324,42,162980
24245,0.001961,74.125.130.0-255,2902,106226,42,162980
24246,0.001962,172.31.46.0-255,66,106292,42,162980
24247,0.001967,74.125.130.0-255,4320,110612,42,162980
24248,0.001969,172.31.46.0-255,66,110678,42,162980
24249,0.003911,74.125.130.0-255,1484,112162,42,162980
24250,0.003933,74.125.130.0-255,4320,116482,42,162980
24251,0.003937,172.31.46.0-255,66,116548,42,162980
24252,0.005899,74.125.130.0-255,5738,122286,42,162980
24253,0.005903,172.31.46.0-255,66,122352,42,162980
24254,0.007872,74.125.130.0-255,5738,128090,42,162980
24255,0.007878,172.31.46.0-255,66,128156,42,162980
24256,0.009853,74.125.130.0-255,5738,133894,42,162980
24257,0.00986,172.31.46.0-255,66,133960,42,162980
24258,0.011825,74.125.130.0-255,5738,139698,42,162980
24259,0.011832,172.31.46.0-255,66,139764,42,162980
24260,0.013798,74.125.130.0-255,5738,145502,42,162980
24261,0.013806,172.31.46.0-255,66,145568,42,162980
24262,0.015781,74.125.130.0-255,5738,151306,42,162980
24263,0.015787,172.31.46.0-255,66,151372,42,162980
24264,0.017752,74.125.130.0-255,5738,157110,42,162980
24265,0.017759,172.31.46.0-255,66,157176,42,162980
24266,0.019731,74.125.130.0-255,5738,162914,42,162980
24267,0.019738,172.31.46.0-255,66,162980,42,162980
24268,0.0,74.125.24.0-255,153,153,42,194562
24269,1.9e-05,172.31.46.0-255,66,219,42,194562
24270,2.5e-05,74.125.24.0-255,1484,1703,42,194562
24271,3e-05,172.31.46.0-255,66,1769,42,194562
24272,3.5e-05,74.125.24.0-255,2902,4671,42,194562
24273,4.6e-05,172.31.46.0-255,66,4737,42,194562
24274,5.1e-05,74.125.24.0-255,2902,7639,42,194562
24275,5.4e-05,172.31.46.0-255,66,7705,42,194562
24276,9.4e-05,74.125.24.0-255,4320,12025,42,194562
24277,9.7e-05,172.31.46.0-255,66,12091,42,194562
24278,0.000108,172.31.46.0-255,66,12157,42,194562
24279,0.000126,172.31.46.0-255,66,12223,42,194562
24280,0.000146,74.125.24.0-255,1125,13348,42,194562
24281,0.000149,172.31.46.0-255,66,13414,42,194562
24282,0.000207,74.125.24.0-255,1484,14898,42,194562
24283,0.000209,172.31.46.0-255,66,14964,42,194562
24284,0.000213,74.125.24.0-255,1484,16448,42,194562
24285,0.000215,172.31.46.0-255,66,16514,42,194562
24286,0.000235,74.125.24.0-255,1484,17998,42,194562
24287,0.000238,172.31.46.0-255,66,18064,42,194562
24288,0.000242,74.125.24.0-255,2902,20966,42,194562
24289,0.000249,172.31.46.0-255,66,21032,42,194562
24290,0.000275,74.125.24.0-255,2902,23934,42,194562
24291,0.000282,172.31.46.0-255,66,24000,42,194562
24292,0.000289,74.125.24.0-255,6797,30797,42,194562
24293,0.000291,172.31.46.0-255,66,30863,42,194562
24294,0.000306,172.31.46.0-255,66,30929,42,194562
24295,0.00031,74.125.24.0-255,2821,33750,42,194562
24296,0.000312,172.31.46.0-255,66,33816,42,194562
24297,0.00034,74.125.24.0-255,131,33947,42,194562
24298,0.000432,74.125.24.0-255,1484,35431,42,194562
24299,0.000438,172.31.46.0-255,66,35497,42,194562
24300,0.000444,74.125.24.0-255,2902,38399,42,194562
24301,0.000446,172.31.46.0-255,66,38465,42,194562
24302,0.000453,74.125.24.0-255,5738,44203,42,194562
24303,0.000455,172.31.46.0-255,66,44269,42,194562
24304,0.000488,74.125.24.0-255,4320,48589,42,194562
24305,0.00049,172.31.46.0-255,66,48655,42,194562
24306,0.000523,74.125.24.0-255,1484,50139,42,194562
24307,0.000542,172.31.46.0-255,66,50205,42,194562
24308,0.000549,74.125.24.0-255,3961,54166,42,194562
24309,0.00055,172.31.46.0-255,66,54232,42,194562
24310,0.000553,74.125.24.0-255,342,54574,42,194562
24311,0.00064,74.125.24.0-255,1484,56058,42,194562
24312,0.000644,172.31.46.0-255,66,56124,42,194562
24313,0.000649,74.125.24.0-255,2902,59026,42,194562
24314,0.000652,172.31.46.0-255,66,59092,42,194562
24315,0.000662,74.125.24.0-255,2902,61994,42,194562
24316,0.000664,172.31.46.0-255,66,62060,42,194562
24317,0.000693,74.125.24.0-255,2902,64962,42,194562
24318,0.000696,172.31.46.0-255,66,65028,42,194562
24319,0.000701,74.125.24.0-255,4320,69348,42,194562
24320,0.000704,172.31.46.0-255,66,69414,42,194562
24321,0.000732,172.31.46.0-255,66,69480,42,194562
24322,0.000739,74.125.24.0-255,7156,76636,42,194562
24323,0.000742,172.31.46.0-255,66,76702,42,194562
24324,0.000774,74.125.24.0-255,2902,79604,42,194562
24325,0.000777,172.31.46.0-255,66,79670,42,194562
24326,0.00078,74.125.24.0-255,218,79888,42,194562
24327,0.000783,74.125.24.0-255,1484,81372,42,194562
24328,0.000785,172.31.46.0-255,66,81438,42,194562
24329,0.00083,74.125.24.0-255,4320,85758,42,194562
24330,0.000834,172.31.46.0-255,66,85824,42,194562
24331,0.000844,74.125.24.0-255,4320,90144,42,194562
24332,0.000846,172.31.46.0-255,66,90210,42,194562
24333,0.000858,172.31.46.0-255,66,90276,42,194562
24334,0.000907,172.31.46.0-255,66,90342,42,194562
24335,0.001238,74.125.24.0-255,1484,91826,42,194562
24336,0.001244,74.125.24.0-255,2902,94728,42,194562
24337,0.001247,172.31.46.0-255,66,94794,42,194562
24338,0.001253,74.125.24.0-255,5738,100532,42,194562
24339,0.001255,172.31.46.0-255,66,100598,42,194562
24340,0.001276,74.125.24.0-255,2902,103500,42,194562
24341,0.001281,172.31.46.0-255,66,103566,42,194562
24342,0.001313,74.125.24.0-255,2902,106468,42,194562
24343,0.001316,172.31.46.0-255,66,106534,42,194562
24344,0.001322,74.125.24.0-255,7156,113690,42,194562
24345,0.001324,172.31.46.0-255,66,113756,42,194562
24346,0.00133,74.125.24.0-255,5738,119494,42,194562
24347,0.001332,172.31.46.0-255,66,119560,42,194562
24348,0.001351,74.125.24.0-255,5020,124580,42,194562
24349,0.001357,172.31.46.0-255,66,124646,42,194562
24350,0.001389,74.125.24.0-255,1484,126130,42,194562
24351,0.001401,74.125.24.0-255,2902,129032,42,194562
24352,0.001403,172.31.46.0-255,66,129098,42,194562
24353,0.001429,74.125.24.0-255,2902,132000,42,194562
24354,0.001431,172.31.46.0-255,66,132066,42,194562
24355,0.001437,74.125.24.0-255,4320,136386,42,194562
24356,0.001438,172.31.46.0-255,66,136452,42,194562
24357,0.001475,172.31.46.0-255,66,136518,42,194562
24358,0.001479,74.125.24.0-255,2902,139420,42,194562
24359,0.001481,172.31.46.0-255,66,139486,42,194562
24360,0.001504,74.125.24.0-255,4320,143806,42,194562
24361,0.001507,172.31.46.0-255,66,143872,42,194562
24362,0.001533,74.125.24.0-255,6438,150310,42,194562
24363,0.001536,172.31.46.0-255,66,150376,42,194562
24364,0.001707,74.125.24.0-255,1484,151860,42,194562
24365,0.001721,74.125.24.0-255,2902,154762,42,194562
24366,0.001724,172.31.46.0-255,66,154828,42,194562
24367,0.001727,74.125.24.0-255,1484,156312,42,194562
24368,0.001756,74.125.24.0-255,4320,160632,42,194562
24369,0.001759,172.31.46.0-255,66,160698,42,194562
24370,0.001778,172.31.46.0-255,66,160764,42,194562
24371,0.001793,74.125.24.0-255,1484,162248,42,194562
24372,0.001808,172.31.46.0-255,66,162314,42,194562
24373,0.001874,74.125.24.0-255,1484,163798,42,194562
24374,0.001889,74.125.24.0-255,1484,165282,42,194562
24375,0.001892,172.31.46.0-255,66,165348,42,194562
24376,0.001922,74.125.24.0-255,1484,166832,42,194562
24377,0.001928,74.125.24.0-255,5738,172570,42,194562
24378,0.00193,172.31.46.0-255,66,172636,42,194562
24379,0.001958,172.31.46.0-255,66,172702,42,194562
24380,0.001968,172.31.46.0-255,66,172768,42,194562
24381,0.00202,172.31.46.0-255,66,172834,42,194562
24382,0.002041,74.125.24.0-255,1484,174318,42,194562
24383,0.002078,172.31.46.0-255,66,174384,42,194562
24384,0.002083,74.125.24.0-255,5738,180122,42,194562
24385,0.002085,172.31.46.0-255,66,180188,42,194562
24386,0.002138,172.31.46.0-255,66,180254,42,194562
24387,0.002151,172.31.46.0-255,66,180320,42,194562
24388,0.00216,74.125.24.0-255,5020,185340,42,194562
24389,0.002163,172.31.46.0-255,66,185406,42,194562
24390,0.002169,74.125.24.0-255,5738,191144,42,194562
24391,0.002171,172.31.46.0-255,66,191210,42,194562
24392,0.002218,172.31.46.0-255,66,191276,42,194562
24393,0.002222,74.125.24.0-255,2878,194154,42,194562
24394,0.002223,172.31.46.0-255,66,194220,42,194562
24395,0.002252,74.125.24.0-255,105,194325,42,194562
24396,0.006856,172.31.46.0-255,66,194391,42,194562
24397,0.006888,172.31.46.0-255,105,194496,42,194562
24398,0.009109,74.125.24.0-255,66,194562,42,194562
24399,0.0,172.217.194.0-255,146,146,42,125191
24400,1.6e-05,172.31.46.0-255,66,212,42,125191
24401,2.2e-05,172.217.194.0-255,1484,1696,42,125191
24402,2.8e-05,172.31.46.0-255,66,1762,42,125191
24403,3.4e-05,172.217.194.0-255,2902,4664,42,125191
24404,3.7e-05,172.31.46.0-255,66,4730,42,125191
24405,4.5e-05,172.217.194.0-255,7156,11886,42,125191
24406,5.6e-05,172.31.46.0-255,66,11952,42,125191
24407,6.2e-05,172.217.194.0-255,4947,16899,42,125191
24408,6.5e-05,172.31.46.0-255,66,16965,42,125191
24409,7.1e-05,172.217.194.0-255,5738,22703,42,125191
24410,7.4e-05,172.31.46.0-255,66,22769,42,125191
24411,7.8e-05,172.217.194.0-255,1484,24253,42,125191
24412,8.1e-05,172.31.46.0-255,66,24319,42,125191
24413,0.000131,172.31.46.0-255,66,24385,42,125191
24414,0.00015,172.31.46.0-255,66,24451,42,125191
24415,0.000232,172.217.194.0-255,1484,25935,42,125191
24416,0.000235,172.31.46.0-255,66,26001,42,125191
24417,0.00024,172.217.194.0-255,2902,28903,42,125191
24418,0.000243,172.31.46.0-255,66,28969,42,125191
24419,0.000264,172.217.194.0-255,5738,34707,42,125191
24420,0.000271,172.31.46.0-255,66,34773,42,125191
24421,0.000294,172.217.194.0-255,4320,39093,42,125191
24422,0.000297,172.31.46.0-255,66,39159,42,125191
24423,0.000332,172.217.194.0-255,2846,42005,42,125191
24424,0.000335,172.31.46.0-255,66,42071,42,125191
24425,0.001218,172.217.194.0-255,1484,43555,42,125191
24426,0.001224,172.31.46.0-255,66,43621,42,125191
24427,0.001232,172.217.194.0-255,2902,46523,42,125191
24428,0.001234,172.31.46.0-255,66,46589,42,125191
24429,0.001243,172.217.194.0-255,2902,49491,42,125191
24430,0.001244,172.31.46.0-255,66,49557,42,125191
24431,0.001268,172.217.194.0-255,2902,52459,42,125191
24432,0.001273,172.31.46.0-255,66,52525,42,125191
24433,0.001284,172.31.46.0-255,66,52591,42,125191
24434,0.001303,172.217.194.0-255,2902,55493,42,125191
24435,0.001305,172.31.46.0-255,66,55559,42,125191
24436,0.001314,172.31.46.0-255,66,55625,42,125191
24437,0.001322,172.217.194.0-255,2184,57809,42,125191
24438,0.001323,172.31.46.0-255,66,57875,42,125191
24439,0.001363,172.217.194.0-255,1484,59359,42,125191
24440,0.001366,172.31.46.0-255,66,59425,42,125191
24441,0.001369,172.217.194.0-255,1484,60909,42,125191
24442,0.001371,172.31.46.0-255,66,60975,42,125191
24443,0.001394,172.217.194.0-255,1484,62459,42,125191
24444,0.001396,172.31.46.0-255,66,62525,42,125191
24445,0.001405,172.217.194.0-255,5738,68263,42,125191
24446,0.001407,172.31.46.0-255,66,68329,42,125191
24447,0.00141,172.217.194.0-255,1484,69813,42,125191
24448,0.001411,172.31.46.0-255,66,69879,42,125191
24449,0.001444,172.217.194.0-255,5738,75617,42,125191
24450,0.001466,172.217.194.0-255,4320,79937,42,125191
24451,0.001483,172.217.194.0-255,2902,82839,42,125191
24452,0.001496,172.217.194.0-255,5738,88577,42,125191
24453,0.001625,172.217.194.0-255,2902,91479,42,125191
24454,0.001653,172.217.194.0-255,4320,95799,42,125191
24455,0.001733,172.217.194.0-255,4320,100119,42,125191
24456,0.001877,172.217.194.0-255,2902,103021,42,125191
24457,0.001955,172.217.194.0-255,2884,105905,42,125191
24458,0.002007,172.217.194.0-255,5738,111643,42,125191
24459,0.002204,172.217.194.0-255,766,112409,42,125191
24460,0.00222,172.217.194.0-255,766,113175,42,125191
24461,0.002222,172.217.194.0-255,1484,114659,42,125191
24462,0.002238,172.217.194.0-255,1484,116143,42,125191
24463,0.002244,172.217.194.0-255,7156,123299,42,125191
24464,0.002255,172.217.194.0-255,1484,124783,42,125191
24465,0.00483,172.31.46.0-255,66,124849,42,125191
24466,0.007003,172.217.194.0-255,105,124954,42,125191
24467,0.007363,172.31.46.0-255,66,125020,42,125191
24468,0.0074,172.31.46.0-255,105,125125,42,125191
24469,0.009563,172.217.194.0-255,66,125191,42,125191
24470,0.0,172.217.194.0-255,146,146,42,199841
24471,1.7e-05,172.31.46.0-255,66,212,42,199841
24472,2.3e-05,172.217.194.0-255,1484,1696,42,199841
24473,2.8e-05,172.31.46.0-255,66,1762,42,199841
24474,4.1e-05,172.217.194.0-255,2902,4664,42,199841
24475,4.4e-05,172.31.46.0-255,66,4730,42,199841
24476,5e-05,172.217.194.0-255,4320,9050,42,199841
24477,5.3e-05,172.31.46.0-255,66,9116,42,199841
24478,7.5e-05,172.217.194.0-255,2902,12018,42,199841
24479,7.9e-05,172.31.46.0-255,66,12084,42,199841
24480,8.4e-05,172.217.194.0-255,2141,14225,42,199841
24481,8.6e-05,172.31.46.0-255,66,14291,42,199841
24482,0.000157,172.217.194.0-255,1484,15775,42,199841
24483,0.00016,172.31.46.0-255,66,15841,42,199841
24484,0.000185,172.217.194.0-255,2902,18743,42,199841
24485,0.000188,172.31.46.0-255,66,18809,42,199841
24486,0.000191,172.217.194.0-255,1484,20293,42,199841
24487,0.000193,172.31.46.0-255,66,20359,42,199841
24488,0.000199,172.217.194.0-255,4320,24679,42,199841
24489,0.000201,172.31.46.0-255,66,24745,42,199841
24490,0.000229,172.217.194.0-255,1484,26229,42,199841
24491,0.000232,172.31.46.0-255,66,26295,42,199841
24492,0.000239,172.217.194.0-255,5379,31674,42,199841
24493,0.000241,172.31.46.0-255,66,31740,42,199841
24494,0.000267,172.217.194.0-255,5738,37478,42,199841
24495,0.000269,172.31.46.0-255,66,37544,42,199841
24496,0.000309,172.31.46.0-255,66,37610,42,199841
24497,0.000333,172.217.194.0-255,1125,38735,42,199841
24498,0.000336,172.31.46.0-255,66,38801,42,199841
24499,0.000451,172.217.194.0-255,1484,40285,42,199841
24500,0.000456,172.31.46.0-255,66,40351,42,199841
24501,0.00046,172.217.194.0-255,2902,43253,42,199841
24502,0.000462,172.31.46.0-255,66,43319,42,199841
24503,0.000495,172.217.194.0-255,5738,49057,42,199841
24504,0.000498,172.31.46.0-255,66,49123,42,199841
24505,0.000528,172.217.194.0-255,6797,55920,42,199841
24506,0.000531,172.31.46.0-255,66,55986,42,199841
24507,0.000534,172.217.194.0-255,362,56348,42,199841
24508,0.000767,172.217.194.0-255,381,56729,42,199841
24509,0.000973,172.217.194.0-255,1484,58213,42,199841
24510,0.000977,172.31.46.0-255,66,58279,42,199841
24511,0.000981,172.217.194.0-255,1484,59763,42,199841
24512,0.001006,172.217.194.0-255,1484,61247,42,199841
24513,0.001008,172.31.46.0-255,66,61313,42,199841
24514,0.001016,172.217.194.0-255,5738,67051,42,199841
24515,0.001018,172.31.46.0-255,66,67117,42,199841
24516,0.001022,172.217.194.0-255,1484,68601,42,199841
24517,0.001055,172.31.46.0-255,66,68667,42,199841
24518,0.001085,172.217.194.0-255,5738,74405,42,199841
24519,0.001088,172.31.46.0-255,66,74471,42,199841
24520,0.001119,172.217.194.0-255,6438,80909,42,199841
24521,0.001122,172.31.46.0-255,66,80975,42,199841
24522,0.001286,172.217.194.0-255,1484,82459,42,199841
24523,0.001292,172.217.194.0-255,2902,85361,42,199841
24524,0.001295,172.31.46.0-255,66,85427,42,199841
24525,0.001324,172.217.194.0-255,5738,91165,42,199841
24526,0.001327,172.31.46.0-255,66,91231,42,199841
24527,0.001333,172.217.194.0-255,5738,96969,42,199841
24528,0.001336,172.31.46.0-255,66,97035,42,199841
24529,0.0014,172.31.46.0-255,66,97101,42,199841
24530,0.00141,172.31.46.0-255,66,97167,42,199841
24531,0.001421,172.31.46.0-255,66,97233,42,199841
24532,0.001432,172.31.46.0-255,66,97299,42,199841
24533,0.001473,172.31.46.0-255,66,97365,42,199841
24534,0.001478,172.217.194.0-255,3602,100967,42,199841
24535,0.00148,172.31.46.0-255,66,101033,42,199841
24536,0.001504,172.217.194.0-255,4320,105353,42,199841
24537,0.001508,172.31.46.0-255,66,105419,42,199841
24538,0.001535,172.31.46.0-255,66,105485,42,199841
24539,0.001546,172.31.46.0-255,66,105551,42,199841
24540,0.001596,172.217.194.0-255,4320,109871,42,199841
24541,0.0016,172.31.46.0-255,66,109937,42,199841
24542,0.001634,172.217.194.0-255,6438,116375,42,199841
24543,0.001637,172.31.46.0-255,66,116441,42,199841
24544,0.001693,172.217.194.0-255,1484,117925,42,199841
24545,0.001707,172.217.194.0-255,2902,120827,42,199841
24546,0.00171,172.31.46.0-255,66,120893,42,199841
24547,0.001729,172.217.194.0-255,4320,125213,42,199841
24548,0.001732,172.31.46.0-255,66,125279,42,199841
24549,0.001754,172.217.194.0-255,1484,126763,42,199841
24550,0.001761,172.217.194.0-255,4320,131083,42,199841
24551,0.001763,172.31.46.0-255,66,131149,42,199841
24552,0.001798,172.217.194.0-255,5738,136887,42,199841
24553,0.001801,172.31.46.0-255,66,136953,42,199841
24554,0.001817,172.31.46.0-255,66,137019,42,199841
24555,0.001872,172.217.194.0-255,1484,138503,42,199841
24556,0.001877,172.217.194.0-255,2902,141405,42,199841
24557,0.00188,172.31.46.0-255,66,141471,42,199841
24558,0.001886,172.217.194.0-255,4320,145791,42,199841
24559,0.001888,172.31.46.0-255,66,145857,42,199841
24560,0.001905,172.217.194.0-255,1484,147341,42,199841
24561,0.001911,172.217.194.0-255,5738,153079,42,199841
24562,0.001922,172.31.46.0-255,66,153145,42,199841
24563,0.001946,172.217.194.0-255,2902,156047,42,199841
24564,0.001948,172.31.46.0-255,66,156113,42,199841
24565,0.001953,172.217.194.0-255,2902,159015,42,199841
24566,0.001955,172.31.46.0-255,66,159081,42,199841
24567,0.001999,172.31.46.0-255,66,159147,42,199841
24568,0.002291,172.217.194.0-255,1484,160631,42,199841
24569,0.004285,172.217.194.0-255,4320,164951,42,199841
24570,0.004293,172.31.46.0-255,66,165017,42,199841
24571,0.006563,172.217.194.0-255,5738,170755,42,199841
24572,0.006569,172.31.46.0-255,66,170821,42,199841
24573,0.00887,172.217.194.0-255,5738,176559,42,199841
24574,0.008883,172.31.46.0-255,66,176625,42,199841
24575,0.011187,172.217.194.0-255,5738,182363,42,199841
24576,0.011195,172.31.46.0-255,66,182429,42,199841
24577,0.013539,172.217.194.0-255,5738,188167,42,199841
24578,0.013546,172.31.46.0-255,66,188233,42,199841
24579,0.015861,172.217.194.0-255,5738,193971,42,199841
24580,0.015868,172.31.46.0-255,66,194037,42,199841
24581,0.018184,172.217.194.0-255,5738,199775,42,199841
24582,0.018194,172.31.46.0-255,66,199841,42,199841
24583,0.0,74.125.24.0-255,152,152,42,158350
24584,2e-05,172.31.46.0-255,66,218,42,158350
24585,2.6e-05,74.125.24.0-255,1484,1702,42,158350
24586,3e-05,172.31.46.0-255,66,1768,42,158350
24587,3.7e-05,74.125.24.0-255,2902,4670,42,158350
24588,4.9e-05,172.31.46.0-255,66,4736,42,158350
24589,5.8e-05,74.125.24.0-255,7156,11892,42,158350
24590,6.1e-05,172.31.46.0-255,66,11958,42,158350
24591,6.5e-05,74.125.24.0-255,1979,13937,42,158350
24592,6.8e-05,172.31.46.0-255,66,14003,42,158350
24593,0.000105,172.31.46.0-255,66,14069,42,158350
24594,0.000111,74.125.24.0-255,5738,19807,42,158350
24595,0.000114,172.31.46.0-255,66,19873,42,158350
24596,0.000168,172.31.46.0-255,66,19939,42,158350
24597,0.000186,74.125.24.0-255,5020,24959,42,158350
24598,0.000189,172.31.46.0-255,66,25025,42,158350
24599,0.000193,74.125.24.0-255,2902,27927,42,158350
24600,0.000195,172.31.46.0-255,66,27993,42,158350
24601,0.000227,74.125.24.0-255,1484,29477,42,158350
24602,0.000229,172.31.46.0-255,66,29543,42,158350
24603,0.000237,74.125.24.0-255,5738,35281,42,158350
24604,0.00024,172.31.46.0-255,66,35347,42,158350
24605,0.000267,74.125.24.0-255,6797,42144,42,158350
24606,0.00027,172.31.46.0-255,66,42210,42,158350
24607,0.000466,74.125.24.0-255,392,42602,42,158350
24608,0.000471,172.31.46.0-255,66,42668,42,158350
24609,0.000499,74.125.24.0-255,1484,44152,42,158350
24610,0.000502,172.31.46.0-255,66,44218,42,158350
24611,0.000505,74.125.24.0-255,1484,45702,42,158350
24612,0.000507,172.31.46.0-255,66,45768,42,158350
24613,0.000513,74.125.24.0-255,2902,48670,42,158350
24614,0.000532,74.125.24.0-255,1484,50154,42,158350
24615,0.000563,74.125.24.0-255,1484,51638,42,158350
24616,0.000567,74.125.24.0-255,2902,54540,42,158350
24617,0.000593,74.125.24.0-255,5738,60278,42,158350
24618,0.000613,74.125.24.0-255,6248,66526,42,158350
24619,0.000645,172.31.46.0-255,66,66592,42,158350
24620,0.000691,74.125.24.0-255,1484,68076,42,158350
24621,0.000714,74.125.24.0-255,2902,70978,42,158350
24622,0.000721,74.125.24.0-255,5738,76716,42,158350
24623,0.00076,172.31.46.0-255,66,76782,42,158350
24624,0.000797,172.31.46.0-255,66,76848,42,158350
24625,0.001418,74.125.24.0-255,1484,78332,42,158350
24626,0.001425,74.125.24.0-255,2902,81234,42,158350
24627,0.001429,172.31.46.0-255,66,81300,42,158350
24628,0.001436,74.125.24.0-255,5738,87038,42,158350
24629,0.00146,172.31.46.0-255,66,87104,42,158350
24630,0.001486,74.125.24.0-255,5738,92842,42,158350
24631,0.001497,172.31.46.0-255,66,92908,42,158350
24632,0.001523,74.125.24.0-255,5020,97928,42,158350
24633,0.001528,172.31.46.0-255,66,97994,42,158350
24634,0.001777,74.125.24.0-255,1484,99478,42,158350
24635,0.001784,74.125.24.0-255,2902,102380,42,158350
24636,0.001787,172.31.46.0-255,66,102446,42,158350
24637,0.001794,74.125.24.0-255,5738,108184,42,158350
24638,0.001817,74.125.24.0-255,4320,112504,42,158350
24639,0.001828,172.31.46.0-255,66,112570,42,158350
24640,0.001859,74.125.24.0-255,7156,119726,42,158350
24641,0.001879,172.31.46.0-255,66,119792,42,158350
24642,0.001895,74.125.24.0-255,3602,123394,42,158350
24643,0.001901,172.31.46.0-255,66,123460,42,158350
24644,0.004098,74.125.24.0-255,1484,124944,42,158350
24645,0.004129,74.125.24.0-255,4320,129264,42,158350
24646,0.004134,172.31.46.0-255,66,129330,42,158350
24647,0.00639,74.125.24.0-255,5738,135068,42,158350
24648,0.007912,172.31.46.0-255,66,135134,42,158350
24649,0.010154,74.125.24.0-255,5738,140872,42,158350
24650,0.010163,172.31.46.0-255,66,140938,42,158350
24651,0.012408,74.125.24.0-255,5738,146676,42,158350
24652,0.013374,172.31.46.0-255,66,146742,42,158350
24653,0.015624,74.125.24.0-255,5738,152480,42,158350
24654,0.015634,172.31.46.0-255,66,152546,42,158350
24655,0.017876,74.125.24.0-255,5738,158284,42,158350
24656,0.017885,172.31.46.0-255,66,158350,42,158350
24657,0.0,74.125.200.0-255,153,153,42,234472
24658,2.3e-05,172.31.46.0-255,66,219,42,234472
24659,3.1e-05,74.125.200.0-255,1484,1703,42,234472
24660,3.6e-05,172.31.46.0-255,66,1769,42,234472
24661,4.8e-05,74.125.200.0-255,2902,4671,42,234472
24662,5.1e-05,172.31.46.0-255,66,4737,42,234472
24663,5.7e-05,74.125.200.0-255,4320,9057,42,234472
24664,5.9e-05,172.31.46.0-255,66,9123,42,234472
24665,6.5e-05,74.125.200.0-255,4866,13989,42,234472
24666,6.7e-05,172.31.46.0-255,66,14055,42,234472
24667,0.000246,74.125.200.0-255,1484,15539,42,234472
24668,0.000251,172.31.46.0-255,66,15605,42,234472
24669,0.000257,74.125.200.0-255,2902,18507,42,234472
24670,0.000259,172.31.46.0-255,66,18573,42,234472
24671,0.000262,74.125.200.0-255,1484,20057,42,234472
24672,0.000264,172.31.46.0-255,66,20123,42,234472
24673,0.000295,74.125.200.0-255,4320,24443,42,234472
24674,0.000298,172.31.46.0-255,66,24509,42,234472
24675,0.000303,74.125.200.0-255,4320,28829,42,234472
24676,0.000305,172.31.46.0-255,66,28895,42,234472
24677,0.000327,74.125.200.0-255,2543,31438,42,234472
24678,0.00033,172.31.46.0-255,66,31504,42,234472
24679,0.000337,74.125.200.0-255,7156,38660,42,234472
24680,0.00034,172.31.46.0-255,66,38726,42,234472
24681,0.000343,74.125.200.0-255,1484,40210,42,234472
24682,0.000344,172.31.46.0-255,66,40276,42,234472
24683,0.000368,74.125.200.0-255,7156,47432,42,234472
24684,0.000371,172.31.46.0-255,66,47498,42,234472
24685,0.000393,74.125.200.0-255,1125,48623,42,234472
24686,0.000395,172.31.46.0-255,66,48689,42,234472
24687,0.00127,74.125.200.0-255,1484,50173,42,234472
24688,0.001276,172.31.46.0-255,66,50239,42,234472
24689,0.001286,74.125.200.0-255,2902,53141,42,234472
24690,0.001288,172.31.46.0-255,66,53207,42,234472
24691,0.0013,74.125.200.0-255,5738,58945,42,234472
24692,0.001302,172.31.46.0-255,66,59011,42,234472
24693,0.001345,74.125.200.0-255,5738,64749,42,234472
24694,0.001348,172.31.46.0-255,66,64815,42,234472
24695,0.001353,74.125.200.0-255,2902,67717,42,234472
24696,0.001355,172.31.46.0-255,66,67783,42,234472
24697,0.001389,74.125.200.0-255,3961,71744,42,234472
24698,0.001392,172.31.46.0-255,66,71810,42,234472
24699,0.001399,74.125.200.0-255,7156,78966,42,234472
24700,0.001401,172.31.46.0-255,66,79032,42,234472
24701,0.001422,74.125.200.0-255,1484,80516,42,234472
24702,0.001428,74.125.200.0-255,2902,83418,42,234472
24703,0.00143,172.31.46.0-255,66,83484,42,234472
24704,0.001461,74.125.200.0-255,5738,89222,42,234472
24705,0.001463,172.31.46.0-255,66,89288,42,234472
24706,0.001469,74.125.200.0-255,4320,93608,42,234472
24707,0.001471,172.31.46.0-255,66,93674,42,234472
24708,0.001502,74.125.200.0-255,2902,96576,42,234472
24709,0.001504,172.31.46.0-255,66,96642,42,234472
24710,0.00151,74.125.200.0-255,3602,100244,42,234472
24711,0.001513,172.31.46.0-255,66,100310,42,234472
24712,0.001588,74.125.200.0-255,1484,101794,42,234472
24713,0.001607,74.125.200.0-255,2902,104696,42,234472
24714,0.001611,172.31.46.0-255,66,104762,42,234472
24715,0.001615,74.125.200.0-255,1484,106246,42,234472
24716,0.001635,74.125.200.0-255,2902,109148,42,234472
24717,0.001638,172.31.46.0-255,66,109214,42,234472
24718,0.001673,74.125.200.0-255,5738,114952,42,234472
24719,0.001677,172.31.46.0-255,66,115018,42,234472
24720,0.001681,74.125.200.0-255,2428,117446,42,234472
24721,0.001683,172.31.46.0-255,66,117512,42,234472
24722,0.001744,74.125.200.0-255,1484,118996,42,234472
24723,0.001748,74.125.200.0-255,1484,120480,42,234472
24724,0.001751,172.31.46.0-255,66,120546,42,234472
24725,0.001777,74.125.200.0-255,1484,122030,42,234472
24726,0.00178,74.125.200.0-255,1484,123514,42,234472
24727,0.001783,172.31.46.0-255,66,123580,42,234472
24728,0.001788,74.125.200.0-255,2902,126482,42,234472
24729,0.00179,172.31.46.0-255,66,126548,42,234472
24730,0.001825,74.125.200.0-255,1484,128032,42,234472
24731,0.001828,74.125.200.0-255,1484,129516,42,234472
24732,0.00183,172.31.46.0-255,66,129582,42,234472
24733,0.001855,74.125.200.0-255,1484,131066,42,234472
24734,0.001869,74.125.200.0-255,1484,132550,42,234472
24735,0.001872,172.31.46.0-255,66,132616,42,234472
24736,0.001896,74.125.200.0-255,2902,135518,42,234472
24737,0.001899,172.31.46.0-255,66,135584,42,234472
24738,0.001901,74.125.200.0-255,402,135986,42,234472
24739,0.002078,74.125.200.0-255,1484,137470,42,234472
24740,0.00208,172.31.46.0-255,66,137536,42,234472
24741,0.002084,74.125.200.0-255,1484,139020,42,234472
24742,0.002109,74.125.200.0-255,1484,140504,42,234472
24743,0.002111,172.31.46.0-255,66,140570,42,234472
24744,0.002118,74.125.200.0-255,5738,146308,42,234472
24745,0.002121,172.31.46.0-255,66,146374,42,234472
24746,0.002129,74.125.200.0-255,2902,149276,42,234472
24747,0.002132,172.31.46.0-255,66,149342,42,234472
24748,0.002134,74.125.200.0-255,1484,150826,42,234472
24749,0.002149,74.125.200.0-255,4320,155146,42,234472
24750,0.002151,172.31.46.0-255,66,155212,42,234472
24751,0.002174,74.125.200.0-255,4320,159532,42,234472
24752,0.002176,172.31.46.0-255,66,159598,42,234472
24753,0.002222,172.31.46.0-255,66,159664,42,234472
24754,0.00225,74.125.200.0-255,2184,161848,42,234472
24755,0.002252,172.31.46.0-255,66,161914,42,234472
24756,0.002362,74.125.200.0-255,1484,163398,42,234472
24757,0.002367,74.125.200.0-255,2902,166300,42,234472
24758,0.00237,172.31.46.0-255,66,166366,42,234472
24759,0.002373,74.125.200.0-255,1484,167850,42,234472
24760,0.002398,74.125.200.0-255,2902,170752,42,234472
24761,0.002401,172.31.46.0-255,66,170818,42,234472
24762,0.002432,74.125.200.0-255,5738,176556,42,234472
24763,0.002435,172.31.46.0-255,66,176622,42,234472
24764,0.002442,74.125.200.0-255,7156,183778,42,234472
24765,0.002444,172.31.46.0-255,66,183844,42,234472
24766,0.002455,172.31.46.0-255,66,183910,42,234472
24767,0.002497,74.125.200.0-255,3602,187512,42,234472
24768,0.0025,172.31.46.0-255,66,187578,42,234472
24769,0.002506,74.125.200.0-255,4320,191898,42,234472
24770,0.002508,172.31.46.0-255,66,191964,42,234472
24771,0.002552,172.31.46.0-255,66,192030,42,234472
24772,0.002557,74.125.200.0-255,4320,196350,42,234472
24773,0.00256,172.31.46.0-255,66,196416,42,234472
24774,0.002581,74.125.200.0-255,2902,199318,42,234472
24775,0.002588,172.31.46.0-255,66,199384,42,234472
24776,0.002627,172.31.46.0-255,66,199450,42,234472
24777,0.00263,74.125.200.0-255,1484,200934,42,234472
24778,0.005206,74.125.200.0-255,4320,205254,42,234472
24779,0.005211,172.31.46.0-255,66,205320,42,234472
24780,0.007798,74.125.200.0-255,5738,211058,42,234472
24781,0.007805,172.31.46.0-255,66,211124,42,234472
24782,0.010395,74.125.200.0-255,2902,214026,42,234472
24783,0.010402,172.31.46.0-255,66,214092,42,234472
24784,0.010432,74.125.200.0-255,2902,216994,42,234472
24785,0.010434,172.31.46.0-255,66,217060,42,234472
24786,0.013043,74.125.200.0-255,5738,222798,42,234472
24787,0.01305,172.31.46.0-255,66,222864,42,234472
24788,0.015634,74.125.200.0-255,5738,228602,42,234472
24789,0.015641,172.31.46.0-255,66,228668,42,234472
24790,0.018228,74.125.200.0-255,5738,234406,42,234472
24791,0.018235,172.31.46.0-255,66,234472,42,234472
24792,0.0,74.125.24.0-255,295,295,42,141796
24793,1.8e-05,172.31.46.0-255,66,361,42,141796
24794,2.3e-05,74.125.24.0-255,1484,1845,42,141796
24795,2.7e-05,172.31.46.0-255,66,1911,42,141796
24796,3.3e-05,74.125.24.0-255,2902,4813,42,141796
24797,4.4e-05,172.31.46.0-255,66,4879,42,141796
24798,7.2e-05,74.125.24.0-255,1484,6363,42,141796
24799,7.4e-05,172.31.46.0-255,66,6429,42,141796
24800,7.7e-05,74.125.24.0-255,1484,7913,42,141796
24801,7.9e-05,172.31.46.0-255,66,7979,42,141796
24802,8.9e-05,172.31.46.0-255,66,8045,42,141796
24803,9.9e-05,172.31.46.0-255,66,8111,42,141796
24804,0.000121,74.125.24.0-255,1484,9595,42,141796
24805,0.000123,172.31.46.0-255,66,9661,42,141796
24806,0.000155,74.125.24.0-255,5379,15040,42,141796
24807,0.000157,172.31.46.0-255,66,15106,42,141796
24808,0.000181,74.125.24.0-255,1484,16590,42,141796
24809,0.000183,172.31.46.0-255,66,16656,42,141796
24810,0.000207,74.125.24.0-255,2902,19558,42,141796
24811,0.00021,172.31.46.0-255,66,19624,42,141796
24812,0.000215,74.125.24.0-255,5738,25362,42,141796
24813,0.000217,172.31.46.0-255,66,25428,42,141796
24814,0.000241,74.125.24.0-255,1484,26912,42,141796
24815,0.000243,172.31.46.0-255,66,26978,42,141796
24816,0.000278,172.31.46.0-255,66,27044,42,141796
24817,0.000281,74.125.24.0-255,1484,28528,42,141796
24818,0.000282,172.31.46.0-255,66,28594,42,141796
24819,0.000307,172.31.46.0-255,66,28660,42,141796
24820,0.000434,74.125.24.0-255,113,28773,42,141796
24821,0.000529,172.31.46.0-255,101,28874,42,141796
24822,0.000742,74.125.24.0-255,330,29204,42,141796
24823,0.000977,74.125.24.0-255,1484,30688,42,141796
24824,0.000982,172.31.46.0-255,66,30754,42,141796
24825,0.000988,74.125.24.0-255,2902,33656,42,141796
24826,0.00101,74.125.24.0-255,1484,35140,42,141796
24827,0.001018,172.31.46.0-255,66,35206,42,141796
24828,0.001028,74.125.24.0-255,4320,39526,42,141796
24829,0.00103,74.125.24.0-255,1484,41010,42,141796
24830,0.001034,172.31.46.0-255,66,41076,42,141796
24831,0.001062,74.125.24.0-255,5379,46455,42,141796
24832,0.001071,172.31.46.0-255,66,46521,42,141796
24833,0.001907,74.125.24.0-255,1484,48005,42,141796
24834,0.001916,74.125.24.0-255,2902,50907,42,141796
24835,0.001921,172.31.46.0-255,66,50973,42,141796
24836,0.001929,74.125.24.0-255,5738,56711,42,141796
24837,0.00197,74.125.24.0-255,4320,61031,42,141796
24838,0.001982,74.125.24.0-255,2543,63574,42,141796
24839,0.001986,74.125.24.0-255,2902,66476,42,141796
24840,0.002005,74.125.24.0-255,4320,70796,42,141796
24841,0.002028,74.125.24.0-255,5738,76534,42,141796
24842,0.002043,74.125.24.0-255,7156,83690,42,141796
24843,0.002068,74.125.24.0-255,2902,86592,42,141796
24844,0.002173,74.125.24.0-255,1484,88076,42,141796
24845,0.002179,74.125.24.0-255,2902,90978,42,141796
24846,0.002196,74.125.24.0-255,5738,96716,42,141796
24847,0.002198,74.125.24.0-255,1484,98200,42,141796
24848,0.002221,74.125.24.0-255,7156,105356,42,141796
24849,0.002262,74.125.24.0-255,1484,106840,42,141796
24850,0.002782,74.125.24.0-255,66,106906,42,141796
24851,0.005204,172.31.46.0-255,66,106972,42,141796
24852,0.007507,74.125.24.0-255,5738,112710,42,141796
24853,0.007514,172.31.46.0-255,66,112776,42,141796
24854,0.009816,74.125.24.0-255,5738,118514,42,141796
24855,0.009824,172.31.46.0-255,66,118580,42,141796
24856,0.012087,74.125.24.0-255,5738,124318,42,141796
24857,0.012096,172.31.46.0-255,66,124384,42,141796
24858,0.014378,74.125.24.0-255,5738,130122,42,141796
24859,0.01439,172.31.46.0-255,66,130188,42,141796
24860,0.016678,74.125.24.0-255,5738,135926,42,141796
24861,0.01689,172.31.46.0-255,66,135992,42,141796
24862,0.019183,74.125.24.0-255,5738,141730,42,141796
24863,0.019194,172.31.46.0-255,66,141796,42,141796
24864,0.0,74.125.24.0-255,146,146,42,207171
24865,2.1e-05,172.31.46.0-255,66,212,42,207171
24866,2.7e-05,74.125.24.0-255,1484,1696,42,207171
24867,3.2e-05,172.31.46.0-255,66,1762,42,207171
24868,3.7e-05,74.125.24.0-255,2902,4664,42,207171
24869,4.7e-05,172.31.46.0-255,66,4730,42,207171
24870,5.1e-05,74.125.24.0-255,2902,7632,42,207171
24871,5.3e-05,172.31.46.0-255,66,7698,42,207171
24872,5.8e-05,74.125.24.0-255,4320,12018,42,207171
24873,6e-05,172.31.46.0-255,66,12084,42,207171
24874,7.9e-05,74.125.24.0-255,2120,14204,42,207171
24875,8.5e-05,172.31.46.0-255,66,14270,42,207171
24876,0.000168,74.125.24.0-255,1484,15754,42,207171
24877,0.000171,172.31.46.0-255,66,15820,42,207171
24878,0.000174,74.125.24.0-255,1484,17304,42,207171
24879,0.000176,172.31.46.0-255,66,17370,42,207171
24880,0.000204,74.125.24.0-255,1484,18854,42,207171
24881,0.000207,172.31.46.0-255,66,18920,42,207171
24882,0.000213,74.125.24.0-255,5738,24658,42,207171
24883,0.000214,172.31.46.0-255,66,24724,42,207171
24884,0.000264,172.31.46.0-255,66,24790,42,207171
24885,0.000295,74.125.24.0-255,3961,28751,42,207171
24886,0.000298,172.31.46.0-255,66,28817,42,207171
24887,0.000314,172.31.46.0-255,66,28883,42,207171
24888,0.000324,172.31.46.0-255,66,28949,42,207171
24889,0.000353,74.125.24.0-255,2184,31133,42,207171
24890,0.000355,172.31.46.0-255,66,31199,42,207171
24891,0.000863,74.125.24.0-255,364,31563,42,207171
24892,0.000868,172.31.46.0-255,66,31629,42,207171
24893,0.00095,74.125.24.0-255,1484,33113,42,207171
24894,0.000962,74.125.24.0-255,2902,36015,42,207171
24895,0.000965,172.31.46.0-255,66,36081,42,207171
24896,0.00097,74.125.24.0-255,2902,38983,42,207171
24897,0.000972,172.31.46.0-255,66,39049,42,207171
24898,0.000996,74.125.24.0-255,2902,41951,42,207171
24899,0.000998,172.31.46.0-255,66,42017,42,207171
24900,0.001008,172.31.46.0-255,66,42083,42,207171
24901,0.001025,74.125.24.0-255,1484,43567,42,207171
24902,0.001045,74.125.24.0-255,1484,45051,42,207171
24903,0.001046,172.31.46.0-255,66,45117,42,207171
24904,0.00108,172.31.46.0-255,66,45183,42,207171
24905,0.001104,74.125.24.0-255,1484,46667,42,207171
24906,0.001108,74.125.24.0-255,2902,49569,42,207171
24907,0.00111,172.31.46.0-255,66,49635,42,207171
24908,0.001139,74.125.24.0-255,5738,55373,42,207171
24909,0.001141,172.31.46.0-255,66,55439,42,207171
24910,0.001144,74.125.24.0-255,1484,56923,42,207171
24911,0.001168,74.125.24.0-255,5738,62661,42,207171
24912,0.00117,172.31.46.0-255,66,62727,42,207171
24913,0.001183,74.125.24.0-255,2902,65629,42,207171
24914,0.001185,172.31.46.0-255,66,65695,42,207171
24915,0.001212,172.31.46.0-255,66,65761,42,207171
24916,0.001215,74.125.24.0-255,2184,67945,42,207171
24917,0.001217,172.31.46.0-255,66,68011,42,207171
24918,0.001256,74.125.24.0-255,2902,70913,42,207171
24919,0.001259,172.31.46.0-255,66,70979,42,207171
24920,0.0013,172.31.46.0-255,66,71045,42,207171
24921,0.00134,172.31.46.0-255,66,71111,42,207171
24922,0.001439,74.125.24.0-255,380,71491,42,207171
24923,0.00147,74.125.24.0-255,1484,72975,42,207171
24924,0.001474,172.31.46.0-255,66,73041,42,207171
24925,0.001478,74.125.24.0-255,1484,74525,42,207171
24926,0.001505,74.125.24.0-255,2902,77427,42,207171
24927,0.001509,172.31.46.0-255,66,77493,42,207171
24928,0.001517,74.125.24.0-255,7156,84649,42,207171
24929,0.00152,172.31.46.0-255,66,84715,42,207171
24930,0.001536,74.125.24.0-255,1484,86199,42,207171
24931,0.001574,74.125.24.0-255,2902,89101,42,207171
24932,0.001592,74.125.24.0-255,2184,91285,42,207171
24933,0.001728,74.125.24.0-255,1484,92769,42,207171
24934,0.001735,74.125.24.0-255,2902,95671,42,207171
24935,0.001758,74.125.24.0-255,5738,101409,42,207171
24936,0.001764,74.125.24.0-255,4320,105729,42,207171
24937,0.001877,74.125.24.0-255,1484,107213,42,207171
24938,0.00189,74.125.24.0-255,2902,110115,42,207171
24939,0.001914,74.125.24.0-255,4320,114435,42,207171
24940,0.001928,74.125.24.0-255,1484,115919,42,207171
24941,0.001946,74.125.24.0-255,4320,120239,42,207171
24942,0.001958,74.125.24.0-255,2902,123141,42,207171
24943,0.001966,74.125.24.0-255,1484,124625,42,207171
24944,0.002008,74.125.24.0-255,4320,128945,42,207171
24945,0.002033,74.125.24.0-255,6438,135383,42,207171
24946,0.002038,74.125.24.0-255,4320,139703,42,207171
24947,0.002073,74.125.24.0-255,7156,146859,42,207171
24948,0.002113,74.125.24.0-255,7156,154015,42,207171
24949,0.00213,74.125.24.0-255,4320,158335,42,207171
24950,0.002185,74.125.24.0-255,5738,164073,42,207171
24951,0.00219,74.125.24.0-255,5738,169811,42,207171
24952,0.002237,74.125.24.0-255,4320,174131,42,207171
24953,0.002286,74.125.24.0-255,2902,177033,42,207171
24954,0.002293,74.125.24.0-255,6438,183471,42,207171
24955,0.00487,172.31.46.0-255,66,183537,42,207171
24956,0.007127,74.125.24.0-255,5738,189275,42,207171
24957,0.007133,172.31.46.0-255,66,189341,42,207171
24958,0.009376,74.125.24.0-255,5738,195079,42,207171
24959,0.00938,172.31.46.0-255,66,195145,42,207171
24960,0.011604,74.125.24.0-255,4320,199465,42,207171
24961,0.01161,172.31.46.0-255,66,199531,42,207171
24962,0.011638,74.125.24.0-255,1484,201015,42,207171
24963,0.013845,74.125.24.0-255,4320,205335,42,207171
24964,0.013852,172.31.46.0-255,66,205401,42,207171
24965,0.016076,74.125.24.0-255,1533,206934,42,207171
24966,0.016085,172.31.46.0-255,66,207000,42,207171
24967,0.016503,172.31.46.0-255,105,207105,42,207171
24968,0.01871,74.125.24.0-255,66,207171,42,207171
24969,0.0,74.125.24.0-255,295,295,42,178389
24970,1.6e-05,172.31.46.0-255,66,361,42,178389
24971,2.3e-05,74.125.24.0-255,1484,1845,42,178389
24972,2.8e-05,172.31.46.0-255,66,1911,42,178389
24973,4.7e-05,74.125.24.0-255,4320,6231,42,178389
24974,5.1e-05,172.31.46.0-255,66,6297,42,178389
24975,9.2e-05,172.31.46.0-255,66,6363,42,178389
24976,0.000136,74.125.24.0-255,1484,7847,42,178389
24977,0.000139,172.31.46.0-255,66,7913,42,178389
24978,0.000142,74.125.24.0-255,1484,9397,42,178389
24979,0.000144,172.31.46.0-255,66,9463,42,178389
24980,0.000164,74.125.24.0-255,1484,10947,42,178389
24981,0.000171,172.31.46.0-255,66,11013,42,178389
24982,0.000174,74.125.24.0-255,1484,12497,42,178389
24983,0.000176,172.31.46.0-255,66,12563,42,178389
24984,0.000181,74.125.24.0-255,2902,15465,42,178389
24985,0.000183,172.31.46.0-255,66,15531,42,178389
24986,0.00019,74.125.24.0-255,5738,21269,42,178389
24987,0.000193,172.31.46.0-255,66,21335,42,178389
24988,0.000244,74.125.24.0-255,6797,28132,42,178389
24989,0.000248,172.31.46.0-255,66,28198,42,178389
24990,0.000255,74.125.24.0-255,7156,35354,42,178389
24991,0.000257,172.31.46.0-255,66,35420,42,178389
24992,0.000268,74.125.24.0-255,5379,40799,42,178389
24993,0.000271,172.31.46.0-255,66,40865,42,178389
24994,0.000274,74.125.24.0-255,1484,42349,42,178389
24995,0.000276,172.31.46.0-255,66,42415,42,178389
24996,0.000303,74.125.24.0-255,4320,46735,42,178389
24997,0.00031,172.31.46.0-255,66,46801,42,178389
24998,0.000331,74.125.24.0-255,7156,53957,42,178389
24999,0.000337,172.31.46.0-255,66,54023,42,178389
25000,0.000361,74.125.24.0-255,4293,58316,42,178389
25001,0.000364,172.31.46.0-255,66,58382,42,178389
25002,0.00042,74.125.24.0-255,110,58492,42,178389
25003,0.00056,74.125.24.0-255,1484,59976,42,178389
25004,0.000565,172.31.46.0-255,66,60042,42,178389
25005,0.000594,74.125.24.0-255,2902,62944,42,178389
25006,0.000598,172.31.46.0-255,66,63010,42,178389
25007,0.000604,74.125.24.0-255,5738,68748,42,178389
25008,0.000606,172.31.46.0-255,66,68814,42,178389
25009,0.000616,74.125.24.0-255,2902,71716,42,178389
25010,0.000618,172.31.46.0-255,66,71782,42,178389
25011,0.000655,172.31.46.0-255,66,71848,42,178389
25012,0.000663,74.125.24.0-255,7156,79004,42,178389
25013,0.000666,172.31.46.0-255,66,79070,42,178389
25014,0.000689,74.125.24.0-255,4320,83390,42,178389
25015,0.000691,172.31.46.0-255,66,83456,42,178389
25016,0.000699,74.125.24.0-255,1125,84581,42,178389
25017,0.000702,74.125.24.0-255,333,84914,42,178389
25018,0.000935,172.31.46.0-255,101,85015,42,178389
25019,0.00126,74.125.24.0-255,1484,86499,42,178389
25020,0.001268,74.125.24.0-255,2902,89401,42,178389
25021,0.001271,172.31.46.0-255,66,89467,42,178389
25022,0.001303,74.125.24.0-255,5738,95205,42,178389
25023,0.001306,172.31.46.0-255,66,95271,42,178389
25024,0.001325,172.31.46.0-255,66,95337,42,178389
25025,0.001355,74.125.24.0-255,4320,99657,42,178389
25026,0.001358,172.31.46.0-255,66,99723,42,178389
25027,0.001388,74.125.24.0-255,6438,106161,42,178389
25028,0.001391,172.31.46.0-255,66,106227,42,178389
25029,0.00199,74.125.24.0-255,1484,107711,42,178389
25030,0.001998,74.125.24.0-255,2902,110613,42,178389
25031,0.002002,172.31.46.0-255,66,110679,42,178389
25032,0.002031,74.125.24.0-255,5738,116417,42,178389
25033,0.002033,172.31.46.0-255,66,116483,42,178389
25034,0.002039,74.125.24.0-255,4320,120803,42,178389
25035,0.002041,172.31.46.0-255,66,120869,42,178389
25036,0.002073,172.31.46.0-255,66,120935,42,178389
25037,0.002084,74.125.24.0-255,5738,126673,42,178389
25038,0.002086,172.31.46.0-255,66,126739,42,178389
25039,0.002092,74.125.24.0-255,5020,131759,42,178389
25040,0.002094,172.31.46.0-255,66,131825,42,178389
25041,0.002955,74.125.24.0-255,66,131891,42,178389
25042,0.004156,74.125.24.0-255,5738,137629,42,178389
25043,0.004163,172.31.46.0-255,66,137695,42,178389
25044,0.006229,74.125.24.0-255,5738,143433,42,178389
25045,0.006236,172.31.46.0-255,66,143499,42,178389
25046,0.008324,74.125.24.0-255,5738,149237,42,178389
25047,0.008335,172.31.46.0-255,66,149303,42,178389
25048,0.010454,74.125.24.0-255,5738,155041,42,178389
25049,0.010469,172.31.46.0-255,66,155107,42,178389
25050,0.012554,74.125.24.0-255,5738,160845,42,178389
25051,0.012572,172.31.46.0-255,66,160911,42,178389
25052,0.014684,74.125.24.0-255,5738,166649,42,178389
25053,0.014703,172.31.46.0-255,66,166715,42,178389
25054,0.01687,74.125.24.0-255,5738,172453,42,178389
25055,0.016889,172.31.46.0-255,66,172519,42,178389
25056,0.01899,74.125.24.0-255,4320,176839,42,178389
25057,0.019001,172.31.46.0-255,66,176905,42,178389
25058,0.019033,74.125.24.0-255,1484,178389,42,178389
25059,0.0,74.125.200.0-255,146,146,42,207229
25060,2.5e-05,172.31.46.0-255,66,212,42,207229
25061,3.2e-05,74.125.200.0-255,1484,1696,42,207229
25062,3.6e-05,172.31.46.0-255,66,1762,42,207229
25063,4.2e-05,74.125.200.0-255,2902,4664,42,207229
25064,5.4e-05,172.31.46.0-255,66,4730,42,207229
25065,5.9e-05,74.125.200.0-255,4320,9050,42,207229
25066,6.1e-05,172.31.46.0-255,66,9116,42,207229
25067,6.7e-05,74.125.200.0-255,4909,14025,42,207229
25068,7e-05,172.31.46.0-255,66,14091,42,207229
25069,9.5e-05,74.125.200.0-255,2902,16993,42,207229
25070,9.7e-05,172.31.46.0-255,66,17059,42,207229
25071,0.000121,74.125.200.0-255,4320,21379,42,207229
25072,0.000124,172.31.46.0-255,66,21445,42,207229
25073,0.000149,74.125.200.0-255,4320,25765,42,207229
25074,0.000151,172.31.46.0-255,66,25831,42,207229
25075,0.000165,74.125.200.0-255,5379,31210,42,207229
25076,0.000171,172.31.46.0-255,66,31276,42,207229
25077,0.000225,74.125.200.0-255,1484,32760,42,207229
25078,0.000227,172.31.46.0-255,66,32826,42,207229
25079,0.00025,74.125.200.0-255,1484,34310,42,207229
25080,0.000253,172.31.46.0-255,66,34376,42,207229
25081,0.000257,74.125.200.0-255,2902,37278,42,207229
25082,0.00026,172.31.46.0-255,66,37344,42,207229
25083,0.000284,74.125.200.0-255,5738,43082,42,207229
25084,0.000288,172.31.46.0-255,66,43148,42,207229
25085,0.000311,74.125.200.0-255,1484,44632,42,207229
25086,0.000313,172.31.46.0-255,66,44698,42,207229
25087,0.000317,74.125.200.0-255,2902,47600,42,207229
25088,0.000319,172.31.46.0-255,66,47666,42,207229
25089,0.000322,74.125.200.0-255,1484,49150,42,207229
25090,0.000324,172.31.46.0-255,66,49216,42,207229
25091,0.000343,74.125.200.0-255,4320,53536,42,207229
25092,0.000352,74.125.200.0-255,4320,57856,42,207229
25093,0.00038,74.125.200.0-255,2902,60758,42,207229
25094,0.000403,74.125.200.0-255,2902,63660,42,207229
25095,0.000406,74.125.200.0-255,2184,65844,42,207229
25096,0.000565,172.31.46.0-255,66,65910,42,207229
25097,0.001085,74.125.200.0-255,393,66303,42,207229
25098,0.001125,74.125.200.0-255,116,66419,42,207229
25099,0.001149,172.31.46.0-255,66,66485,42,207229
25100,0.001409,74.125.200.0-255,1484,67969,42,207229
25101,0.00142,74.125.200.0-255,2902,70871,42,207229
25102,0.001424,172.31.46.0-255,66,70937,42,207229
25103,0.001428,74.125.200.0-255,1484,72421,42,207229
25104,0.001456,74.125.200.0-255,4320,76741,42,207229
25105,0.001458,172.31.46.0-255,66,76807,42,207229
25106,0.001466,74.125.200.0-255,7156,83963,42,207229
25107,0.001468,172.31.46.0-255,66,84029,42,207229
25108,0.001478,74.125.200.0-255,4320,88349,42,207229
25109,0.00148,172.31.46.0-255,66,88415,42,207229
25110,0.001499,74.125.200.0-255,4320,92735,42,207229
25111,0.001508,74.125.200.0-255,2902,95637,42,207229
25112,0.001527,74.125.200.0-255,5020,100657,42,207229
25113,0.001548,74.125.200.0-255,4320,104977,42,207229
25114,0.001569,74.125.200.0-255,4320,109297,42,207229
25115,0.001574,74.125.200.0-255,2902,112199,42,207229
25116,0.001623,74.125.200.0-255,4320,116519,42,207229
25117,0.001626,74.125.200.0-255,1484,118003,42,207229
25118,0.001667,74.125.200.0-255,4320,122323,42,207229
25119,0.001682,74.125.200.0-255,3602,125925,42,207229
25120,0.001713,74.125.200.0-255,2902,128827,42,207229
25121,0.001764,74.125.200.0-255,2902,131729,42,207229
25122,0.001777,74.125.200.0-255,2902,134631,42,207229
25123,0.001779,74.125.200.0-255,1484,136115,42,207229
25124,0.001799,74.125.200.0-255,5020,141135,42,207229
25125,0.00184,74.125.200.0-255,1484,142619,42,207229
25126,0.001843,74.125.200.0-255,1484,144103,42,207229
25127,0.001857,74.125.200.0-255,1484,145587,42,207229
25128,0.001861,74.125.200.0-255,2902,148489,42,207229
25129,0.001913,74.125.200.0-255,4320,152809,42,207229
25130,0.001944,74.125.200.0-255,5738,158547,42,207229
25131,0.001964,74.125.200.0-255,2902,161449,42,207229
25132,0.002023,74.125.200.0-255,2902,164351,42,207229
25133,0.002037,74.125.200.0-255,2184,166535,42,207229
25134,0.004864,172.31.46.0-255,66,166601,42,207229
25135,0.006864,74.125.200.0-255,5738,172339,42,207229
25136,0.006871,172.31.46.0-255,66,172405,42,207229
25137,0.008864,74.125.200.0-255,5738,178143,42,207229
25138,0.008871,172.31.46.0-255,66,178209,42,207229
25139,0.010862,74.125.200.0-255,5738,183947,42,207229
25140,0.010872,172.31.46.0-255,66,184013,42,207229
25141,0.012864,74.125.200.0-255,5738,189751,42,207229
25142,0.012871,172.31.46.0-255,66,189817,42,207229
25143,0.014871,74.125.200.0-255,5738,195555,42,207229
25144,0.014881,172.31.46.0-255,66,195621,42,207229
25145,0.016881,74.125.200.0-255,5738,201359,42,207229
25146,0.01689,172.31.46.0-255,66,201425,42,207229
25147,0.018887,74.125.200.0-255,5738,207163,42,207229
25148,0.018896,172.31.46.0-255,66,207229,42,207229
25149,0.0,172.217.194.0-255,146,146,42,114730
25150,2.6e-05,172.31.46.0-255,66,212,42,114730
25151,3.3e-05,172.217.194.0-255,1484,1696,42,114730
25152,3.8e-05,172.31.46.0-255,66,1762,42,114730
25153,4.4e-05,172.217.194.0-255,2902,4664,42,114730
25154,4.9e-05,172.31.46.0-255,66,4730,42,114730
25155,5.6e-05,172.217.194.0-255,7156,11886,42,114730
25156,6e-05,172.31.46.0-255,66,11952,42,114730
25157,8.8e-05,172.217.194.0-255,4320,16272,42,114730
25158,9.1e-05,172.31.46.0-255,66,16338,42,114730
25159,0.000124,172.217.194.0-255,3510,19848,42,114730
25160,0.000128,172.31.46.0-255,66,19914,42,114730
25161,0.00014,172.31.46.0-255,66,19980,42,114730
25162,0.000144,172.217.194.0-255,2543,22523,42,114730
25163,0.000146,172.31.46.0-255,66,22589,42,114730
25164,0.000207,172.217.194.0-255,1484,24073,42,114730
25165,0.000212,172.31.46.0-255,66,24139,42,114730
25166,0.000218,172.217.194.0-255,2902,27041,42,114730
25167,0.00022,172.31.46.0-255,66,27107,42,114730
25168,0.000248,172.217.194.0-255,5738,32845,42,114730
25169,0.000251,172.31.46.0-255,66,32911,42,114730
25170,0.000289,172.217.194.0-255,5738,38649,42,114730
25171,0.000293,172.31.46.0-255,66,38715,42,114730
25172,0.000314,172.217.194.0-255,7156,45871,42,114730
25173,0.000318,172.31.46.0-255,66,45937,42,114730
25174,0.00033,172.31.46.0-255,66,46003,42,114730
25175,0.000332,172.217.194.0-255,340,46343,42,114730
25176,0.000334,172.31.46.0-255,66,46409,42,114730
25177,0.000367,172.217.194.0-255,121,46530,42,114730
25178,0.00037,172.31.46.0-255,66,46596,42,114730
25179,0.000491,172.217.194.0-255,1484,48080,42,114730
25180,0.000499,172.217.194.0-255,2902,50982,42,114730
25181,0.000503,172.31.46.0-255,66,51048,42,114730
25182,0.00051,172.217.194.0-255,5738,56786,42,114730
25183,0.000513,172.31.46.0-255,66,56852,42,114730
25184,0.000546,172.31.46.0-255,66,56918,42,114730
25185,0.000557,172.31.46.0-255,66,56984,42,114730
25186,0.000594,172.217.194.0-255,2184,59168,42,114730
25187,0.000598,172.31.46.0-255,66,59234,42,114730
25188,0.000904,172.217.194.0-255,1484,60718,42,114730
25189,0.000911,172.217.194.0-255,2902,63620,42,114730
25190,0.000916,172.31.46.0-255,66,63686,42,114730
25191,0.000921,172.217.194.0-255,2902,66588,42,114730
25192,0.000924,172.31.46.0-255,66,66654,42,114730
25193,0.000939,172.217.194.0-255,2902,69556,42,114730
25194,0.000942,172.31.46.0-255,66,69622,42,114730
25195,0.000958,172.217.194.0-255,7156,76778,42,114730
25196,0.000961,172.31.46.0-255,66,76844,42,114730
25197,0.000987,172.217.194.0-255,2902,79746,42,114730
25198,0.00099,172.31.46.0-255,66,79812,42,114730
25199,0.001005,172.31.46.0-255,66,79878,42,114730
25200,0.001009,172.217.194.0-255,2184,82062,42,114730
25201,0.001012,172.31.46.0-255,66,82128,42,114730
25202,0.001823,172.217.194.0-255,1484,83612,42,114730
25203,0.001831,172.217.194.0-255,2902,86514,42,114730
25204,0.001836,172.31.46.0-255,66,86580,42,114730
25205,0.001843,172.217.194.0-255,5738,92318,42,114730
25206,0.001846,172.31.46.0-255,66,92384,42,114730
25207,0.001883,172.31.46.0-255,66,92450,42,114730
25208,0.001901,172.217.194.0-255,1484,93934,42,114730
25209,0.001917,172.217.194.0-255,2902,96836,42,114730
25210,0.00192,172.31.46.0-255,66,96902,42,114730
25211,0.001946,172.31.46.0-255,66,96968,42,114730
25212,0.00196,172.31.46.0-255,66,97034,42,114730
25213,0.001998,172.31.46.0-255,66,97100,42,114730
25214,0.00203,172.217.194.0-255,5020,102120,42,114730
25215,0.002033,172.31.46.0-255,66,102186,42,114730
25216,0.00205,172.31.46.0-255,66,102252,42,114730
25217,0.002067,172.31.46.0-255,66,102318,42,114730
25218,0.00208,172.31.46.0-255,66,102384,42,114730
25219,0.002128,172.217.194.0-255,2902,105286,42,114730
25220,0.002132,172.31.46.0-255,66,105352,42,114730
25221,0.002177,172.31.46.0-255,66,105418,42,114730
25222,0.002188,172.31.46.0-255,66,105484,42,114730
25223,0.0022,172.31.46.0-255,66,105550,42,114730
25224,0.002234,172.31.46.0-255,66,105616,42,114730
25225,0.00225,172.31.46.0-255,66,105682,42,114730
25226,0.002282,172.217.194.0-255,7156,112838,42,114730
25227,0.002381,172.217.194.0-255,1484,114322,42,114730
25228,0.002766,172.31.46.0-255,66,114388,42,114730
25229,0.005084,172.217.194.0-255,105,114493,42,114730
25230,0.005868,172.31.46.0-255,66,114559,42,114730
25231,0.005904,172.31.46.0-255,105,114664,42,114730
25232,0.0082,172.217.194.0-255,66,114730,42,114730
25233,0.0,74.125.130.0-255,146,146,42,262742
25234,3.3e-05,172.31.46.0-255,66,212,42,262742
25235,4e-05,74.125.130.0-255,1484,1696,42,262742
25236,4.4e-05,172.31.46.0-255,66,1762,42,262742
25237,4.9e-05,74.125.130.0-255,2902,4664,42,262742
25238,5.1e-05,172.31.46.0-255,66,4730,42,262742
25239,5.9e-05,74.125.130.0-255,7156,11886,42,262742
25240,6.1e-05,172.31.46.0-255,66,11952,42,262742
25241,0.000106,74.125.130.0-255,1947,13899,42,262742
25242,0.00011,172.31.46.0-255,66,13965,42,262742
25243,0.000149,74.125.130.0-255,2902,16867,42,262742
25244,0.000153,172.31.46.0-255,66,16933,42,262742
25245,0.000156,74.125.130.0-255,1484,18417,42,262742
25246,0.000158,172.31.46.0-255,66,18483,42,262742
25247,0.000163,74.125.130.0-255,1484,19967,42,262742
25248,0.000166,172.31.46.0-255,66,20033,42,262742
25249,0.00018,74.125.130.0-255,1484,21517,42,262742
25250,0.000183,172.31.46.0-255,66,21583,42,262742
25251,0.000185,74.125.130.0-255,1484,23067,42,262742
25252,0.000187,172.31.46.0-255,66,23133,42,262742
25253,0.00021,74.125.130.0-255,4320,27453,42,262742
25254,0.000213,172.31.46.0-255,66,27519,42,262742
25255,0.000235,74.125.130.0-255,3961,31480,42,262742
25256,0.000238,172.31.46.0-255,66,31546,42,262742
25257,0.000355,74.125.130.0-255,1484,33030,42,262742
25258,0.000359,172.31.46.0-255,66,33096,42,262742
25259,0.000363,74.125.130.0-255,1484,34580,42,262742
25260,0.000365,172.31.46.0-255,66,34646,42,262742
25261,0.000378,74.125.130.0-255,1484,36130,42,262742
25262,0.00038,172.31.46.0-255,66,36196,42,262742
25263,0.000402,74.125.130.0-255,2902,39098,42,262742
25264,0.000405,172.31.46.0-255,66,39164,42,262742
25265,0.000424,74.125.130.0-255,2902,42066,42,262742
25266,0.000427,172.31.46.0-255,66,42132,42,262742
25267,0.000432,74.125.130.0-255,2902,45034,42,262742
25268,0.000434,172.31.46.0-255,66,45100,42,262742
25269,0.000451,74.125.130.0-255,3961,49061,42,262742
25270,0.000453,172.31.46.0-255,66,49127,42,262742
25271,0.000459,74.125.130.0-255,4320,53447,42,262742
25272,0.000465,172.31.46.0-255,66,53513,42,262742
25273,0.000475,74.125.130.0-255,1484,54997,42,262742
25274,0.000479,74.125.130.0-255,1484,56481,42,262742
25275,0.000481,172.31.46.0-255,66,56547,42,262742
25276,0.000509,74.125.130.0-255,5738,62285,42,262742
25277,0.000512,172.31.46.0-255,66,62351,42,262742
25278,0.000517,74.125.130.0-255,3961,66312,42,262742
25279,0.000519,172.31.46.0-255,66,66378,42,262742
25280,0.000538,74.125.130.0-255,364,66742,42,262742
25281,0.000577,74.125.130.0-255,380,67122,42,262742
25282,0.000727,74.125.130.0-255,1484,68606,42,262742
25283,0.000732,172.31.46.0-255,66,68672,42,262742
25284,0.000737,74.125.130.0-255,2902,71574,42,262742
25285,0.00074,172.31.46.0-255,66,71640,42,262742
25286,0.000744,74.125.130.0-255,2902,74542,42,262742
25287,0.000746,172.31.46.0-255,66,74608,42,262742
25288,0.000773,74.125.130.0-255,2902,77510,42,262742
25289,0.000776,172.31.46.0-255,66,77576,42,262742
25290,0.00078,74.125.130.0-255,2902,80478,42,262742
25291,0.000782,172.31.46.0-255,66,80544,42,262742
25292,0.000787,74.125.130.0-255,4320,84864,42,262742
25293,0.000789,172.31.46.0-255,66,84930,42,262742
25294,0.000834,172.31.46.0-255,66,84996,42,262742
25295,0.000859,74.125.130.0-255,1484,86480,42,262742
25296,0.000884,74.125.130.0-255,6438,92918,42,262742
25297,0.000889,172.31.46.0-255,66,92984,42,262742
25298,0.001347,74.125.130.0-255,1484,94468,42,262742
25299,0.001356,74.125.130.0-255,1484,95952,42,262742
25300,0.00136,172.31.46.0-255,66,96018,42,262742
25301,0.001379,74.125.130.0-255,1484,97502,42,262742
25302,0.001383,74.125.130.0-255,1484,98986,42,262742
25303,0.001386,172.31.46.0-255,66,99052,42,262742
25304,0.001393,74.125.130.0-255,5738,104790,42,262742
25305,0.001395,172.31.46.0-255,66,104856,42,262742
25306,0.00143,74.125.130.0-255,5738,110594,42,262742
25307,0.001433,172.31.46.0-255,66,110660,42,262742
25308,0.001456,74.125.130.0-255,7156,117816,42,262742
25309,0.001459,172.31.46.0-255,66,117882,42,262742
25310,0.001479,74.125.130.0-255,1484,119366,42,262742
25311,0.001504,172.31.46.0-255,66,119432,42,262742
25312,0.001563,74.125.130.0-255,1484,120916,42,262742
25313,0.001579,74.125.130.0-255,2902,123818,42,262742
25314,0.001582,172.31.46.0-255,66,123884,42,262742
25315,0.001603,74.125.130.0-255,5738,129622,42,262742
25316,0.001606,172.31.46.0-255,66,129688,42,262742
25317,0.00166,172.31.46.0-255,66,129754,42,262742
25318,0.001666,74.125.130.0-255,4320,134074,42,262742
25319,0.001668,172.31.46.0-255,66,134140,42,262742
25320,0.001688,74.125.130.0-255,5738,139878,42,262742
25321,0.001691,172.31.46.0-255,66,139944,42,262742
25322,0.001697,74.125.130.0-255,4320,144264,42,262742
25323,0.001699,172.31.46.0-255,66,144330,42,262742
25324,0.001702,74.125.130.0-255,1484,145814,42,262742
25325,0.001718,74.125.130.0-255,3602,149416,42,262742
25326,0.001721,172.31.46.0-255,66,149482,42,262742
25327,0.001725,74.125.130.0-255,2902,152384,42,262742
25328,0.00173,172.31.46.0-255,66,152450,42,262742
25329,0.001753,74.125.130.0-255,1484,153934,42,262742
25330,0.001759,74.125.130.0-255,5738,159672,42,262742
25331,0.001762,172.31.46.0-255,66,159738,42,262742
25332,0.001783,74.125.130.0-255,4320,164058,42,262742
25333,0.001787,172.31.46.0-255,66,164124,42,262742
25334,0.001821,74.125.130.0-255,7156,171280,42,262742
25335,0.001825,172.31.46.0-255,66,171346,42,262742
25336,0.001835,172.31.46.0-255,66,171412,42,262742
25337,0.001911,74.125.130.0-255,1484,172896,42,262742
25338,0.00193,74.125.130.0-255,2902,175798,42,262742
25339,0.001933,172.31.46.0-255,66,175864,42,262742
25340,0.001954,74.125.130.0-255,5738,181602,42,262742
25341,0.001957,172.31.46.0-255,66,181668,42,262742
25342,0.002008,74.125.130.0-255,2902,184570,42,262742
25343,0.002011,172.31.46.0-255,66,184636,42,262742
25344,0.002032,74.125.130.0-255,7156,191792,42,262742
25345,0.002035,172.31.46.0-255,66,191858,42,262742
25346,0.002046,172.31.46.0-255,66,191924,42,262742
25347,0.00205,74.125.130.0-255,2184,194108,42,262742
25348,0.002051,172.31.46.0-255,66,194174,42,262742
25349,0.002314,74.125.130.0-255,1484,195658,42,262742
25350,0.002332,74.125.130.0-255,1484,197142,42,262742
25351,0.002334,172.31.46.0-255,66,197208,42,262742
25352,0.00235,74.125.130.0-255,1484,198692,42,262742
25353,0.002369,74.125.130.0-255,5738,204430,42,262742
25354,0.002372,172.31.46.0-255,66,204496,42,262742
25355,0.002392,74.125.130.0-255,2902,207398,42,262742
25356,0.002394,172.31.46.0-255,66,207464,42,262742
25357,0.002397,74.125.130.0-255,1484,208948,42,262742
25358,0.002421,74.125.130.0-255,2902,211850,42,262742
25359,0.002423,172.31.46.0-255,66,211916,42,262742
25360,0.002436,74.125.130.0-255,2902,214818,42,262742
25361,0.002438,172.31.46.0-255,66,214884,42,262742
25362,0.002454,74.125.130.0-255,1484,216368,42,262742
25363,0.002459,74.125.130.0-255,4320,220688,42,262742
25364,0.002461,172.31.46.0-255,66,220754,42,262742
25365,0.002484,74.125.130.0-255,1484,222238,42,262742
25366,0.00249,74.125.130.0-255,4320,226558,42,262742
25367,0.002492,172.31.46.0-255,66,226624,42,262742
25368,0.002523,74.125.130.0-255,2184,228808,42,262742
25369,0.002526,172.31.46.0-255,66,228874,42,262742
25370,0.00499,74.125.130.0-255,2902,231776,42,262742
25371,0.004995,172.31.46.0-255,66,231842,42,262742
25372,0.005017,74.125.130.0-255,2902,234744,42,262742
25373,0.00502,172.31.46.0-255,66,234810,42,262742
25374,0.007494,74.125.130.0-255,2902,237712,42,262742
25375,0.007499,172.31.46.0-255,66,237778,42,262742
25376,0.007527,74.125.130.0-255,2902,240680,42,262742
25377,0.00753,172.31.46.0-255,66,240746,42,262742
25378,0.010003,74.125.130.0-255,2902,243648,42,262742
25379,0.010013,172.31.46.0-255,66,243714,42,262742
25380,0.010035,74.125.130.0-255,2902,246616,42,262742
25381,0.010038,172.31.46.0-255,66,246682,42,262742
25382,0.012529,74.125.130.0-255,4320,251002,42,262742
25383,0.012538,172.31.46.0-255,66,251068,42,262742
25384,0.012556,74.125.130.0-255,1484,252552,42,262742
25385,0.015063,74.125.130.0-255,4320,256872,42,262742
25386,0.015081,172.31.46.0-255,66,256938,42,262742
25387,0.017587,74.125.130.0-255,5738,262676,42,262742
25388,0.017597,172.31.46.0-255,66,262742,42,262742
25389,0.0,74.125.200.0-255,146,146,42,176037
25390,2.4e-05,172.31.46.0-255,66,212,42,176037
25391,3.1e-05,74.125.200.0-255,1484,1696,42,176037
25392,3.6e-05,172.31.46.0-255,66,1762,42,176037
25393,4.2e-05,74.125.200.0-255,2902,4664,42,176037
25394,5.3e-05,172.31.46.0-255,66,4730,42,176037
25395,6.1e-05,74.125.200.0-255,7156,11886,42,176037
25396,6.4e-05,172.31.46.0-255,66,11952,42,176037
25397,8.8e-05,74.125.200.0-255,2083,14035,42,176037
25398,9.6e-05,172.31.46.0-255,66,14101,42,176037
25399,0.000267,74.125.200.0-255,1484,15585,42,176037
25400,0.000271,172.31.46.0-255,66,15651,42,176037
25401,0.000298,74.125.200.0-255,2902,18553,42,176037
25402,0.000301,172.31.46.0-255,66,18619,42,176037
25403,0.000304,74.125.200.0-255,1484,20103,42,176037
25404,0.000306,172.31.46.0-255,66,20169,42,176037
25405,0.000328,74.125.200.0-255,2902,23071,42,176037
25406,0.000335,172.31.46.0-255,66,23137,42,176037
25407,0.000355,74.125.200.0-255,5738,28875,42,176037
25408,0.000357,172.31.46.0-255,66,28941,42,176037
25409,0.000413,74.125.200.0-255,5379,34320,42,176037
25410,0.000417,172.31.46.0-255,66,34386,42,176037
25411,0.000438,74.125.200.0-255,5738,40124,42,176037
25412,0.000441,172.31.46.0-255,66,40190,42,176037
25413,0.000444,74.125.200.0-255,1484,41674,42,176037
25414,0.000446,172.31.46.0-255,66,41740,42,176037
25415,0.000467,74.125.200.0-255,1484,43224,42,176037
25416,0.000469,172.31.46.0-255,66,43290,42,176037
25417,0.000474,74.125.200.0-255,4320,47610,42,176037
25418,0.000477,172.31.46.0-255,66,47676,42,176037
25419,0.000507,74.125.200.0-255,7156,54832,42,176037
25420,0.000511,172.31.46.0-255,66,54898,42,176037
25421,0.000547,74.125.200.0-255,5738,60636,42,176037
25422,0.000549,172.31.46.0-255,66,60702,42,176037
25423,0.000576,74.125.200.0-255,2902,63604,42,176037
25424,0.000579,172.31.46.0-255,66,63670,42,176037
25425,0.000582,74.125.200.0-255,2184,65854,42,176037
25426,0.000585,172.31.46.0-255,66,65920,42,176037
25427,0.000587,74.125.200.0-255,398,66318,42,176037
25428,0.00059,172.31.46.0-255,66,66384,42,176037
25429,0.000621,74.125.200.0-255,109,66493,42,176037
25430,0.000624,172.31.46.0-255,66,66559,42,176037
25431,0.000651,74.125.200.0-255,332,66891,42,176037
25432,0.000654,172.31.46.0-255,66,66957,42,176037
25433,0.000873,74.125.200.0-255,1484,68441,42,176037
25434,0.000876,74.125.200.0-255,1484,69925,42,176037
25435,0.00089,74.125.200.0-255,1484,71409,42,176037
25436,0.000897,172.31.46.0-255,66,71475,42,176037
25437,0.000901,172.31.46.0-255,66,71541,42,176037
25438,0.000903,172.31.46.0-255,66,71607,42,176037
25439,0.001062,74.125.200.0-255,1484,73091,42,176037
25440,0.001066,172.31.46.0-255,66,73157,42,176037
25441,0.001085,74.125.200.0-255,2902,76059,42,176037
25442,0.001088,172.31.46.0-255,66,76125,42,176037
25443,0.001117,74.125.200.0-255,4320,80445,42,176037
25444,0.00112,172.31.46.0-255,66,80511,42,176037
25445,0.001154,74.125.200.0-255,5738,86249,42,176037
25446,0.001157,172.31.46.0-255,66,86315,42,176037
25447,0.001162,74.125.200.0-255,2902,89217,42,176037
25448,0.001164,172.31.46.0-255,66,89283,42,176037
25449,0.001194,172.31.46.0-255,66,89349,42,176037
25450,0.001199,74.125.200.0-255,3602,92951,42,176037
25451,0.001202,172.31.46.0-255,66,93017,42,176037
25452,0.001372,74.125.200.0-255,1484,94501,42,176037
25453,0.001376,172.31.46.0-255,66,94567,42,176037
25454,0.001382,74.125.200.0-255,2902,97469,42,176037
25455,0.001385,172.31.46.0-255,66,97535,42,176037
25456,0.001389,74.125.200.0-255,2902,100437,42,176037
25457,0.001396,172.31.46.0-255,66,100503,42,176037
25458,0.001427,74.125.200.0-255,2902,103405,42,176037
25459,0.00143,172.31.46.0-255,66,103471,42,176037
25460,0.001461,172.31.46.0-255,66,103537,42,176037
25461,0.001465,74.125.200.0-255,1484,105021,42,176037
25462,0.001467,172.31.46.0-255,66,105087,42,176037
25463,0.001487,172.31.46.0-255,66,105153,42,176037
25464,0.001509,74.125.200.0-255,1484,106637,42,176037
25465,0.001512,74.125.200.0-255,2184,108821,42,176037
25466,0.001517,172.31.46.0-255,66,108887,42,176037
25467,0.00152,172.31.46.0-255,66,108953,42,176037
25468,0.001724,74.125.200.0-255,1484,110437,42,176037
25469,0.001728,172.31.46.0-255,66,110503,42,176037
25470,0.001767,74.125.200.0-255,2902,113405,42,176037
25471,0.00177,172.31.46.0-255,66,113471,42,176037
25472,0.001776,74.125.200.0-255,4320,117791,42,176037
25473,0.001778,172.31.46.0-255,66,117857,42,176037
25474,0.001783,74.125.200.0-255,2902,120759,42,176037
25475,0.001785,172.31.46.0-255,66,120825,42,176037
25476,0.001817,74.125.200.0-255,5738,126563,42,176037
25477,0.001821,74.125.200.0-255,2902,129465,42,176037
25478,0.001826,74.125.200.0-255,4320,133785,42,176037
25479,0.001831,172.31.46.0-255,66,133851,42,176037
25480,0.001834,172.31.46.0-255,66,133917,42,176037
25481,0.001837,172.31.46.0-255,66,133983,42,176037
25482,0.001866,172.31.46.0-255,66,134049,42,176037
25483,0.001894,74.125.200.0-255,766,134815,42,176037
25484,0.001896,172.31.46.0-255,66,134881,42,176037
25485,0.004165,74.125.200.0-255,4320,139201,42,176037
25486,0.004173,172.31.46.0-255,66,139267,42,176037
25487,0.004201,74.125.200.0-255,1484,140751,42,176037
25488,0.004204,172.31.46.0-255,66,140817,42,176037
25489,0.006493,74.125.200.0-255,4320,145137,42,176037
25490,0.006497,172.31.46.0-255,66,145203,42,176037
25491,0.006519,74.125.200.0-255,1484,146687,42,176037
25492,0.006522,172.31.46.0-255,66,146753,42,176037
25493,0.008805,74.125.200.0-255,4320,151073,42,176037
25494,0.008813,172.31.46.0-255,66,151139,42,176037
25495,0.008842,74.125.200.0-255,1484,152623,42,176037
25496,0.008845,172.31.46.0-255,66,152689,42,176037
25497,0.011125,74.125.200.0-255,4320,157009,42,176037
25498,0.011133,172.31.46.0-255,66,157075,42,176037
25499,0.01116,74.125.200.0-255,1484,158559,42,176037
25500,0.011162,172.31.46.0-255,66,158625,42,176037
25501,0.013447,74.125.200.0-255,5738,164363,42,176037
25502,0.013454,172.31.46.0-255,66,164429,42,176037
25503,0.015764,74.125.200.0-255,5738,170167,42,176037
25504,0.015772,172.31.46.0-255,66,170233,42,176037
25505,0.018117,74.125.200.0-255,5738,175971,42,176037
25506,0.018126,172.31.46.0-255,66,176037,42,176037
25507,0.0,172.217.194.0-255,155,155,42,110877
25508,2.4e-05,172.31.46.0-255,66,221,42,110877
25509,3.1e-05,172.217.194.0-255,1484,1705,42,110877
25510,3.5e-05,172.31.46.0-255,66,1771,42,110877
25511,4.7e-05,172.217.194.0-255,2902,4673,42,110877
25512,5e-05,172.31.46.0-255,66,4739,42,110877
25513,5.7e-05,172.217.194.0-255,7156,11895,42,110877
25514,6e-05,172.31.46.0-255,66,11961,42,110877
25515,0.000122,172.31.46.0-255,66,12027,42,110877
25516,0.000125,172.217.194.0-255,1484,13511,42,110877
25517,0.000127,172.31.46.0-255,66,13577,42,110877
25518,0.000131,172.217.194.0-255,1125,14702,42,110877
25519,0.000138,172.31.46.0-255,66,14768,42,110877
25520,0.000141,172.217.194.0-255,1484,16252,42,110877
25521,0.000143,172.31.46.0-255,66,16318,42,110877
25522,0.000149,172.217.194.0-255,4320,20638,42,110877
25523,0.000152,172.31.46.0-255,66,20704,42,110877
25524,0.0002,172.31.46.0-255,66,20770,42,110877
25525,0.000202,172.217.194.0-255,1125,21895,42,110877
25526,0.000204,172.31.46.0-255,66,21961,42,110877
25527,0.000233,172.217.194.0-255,7156,29117,42,110877
25528,0.000236,172.31.46.0-255,66,29183,42,110877
25529,0.000274,172.31.46.0-255,66,29249,42,110877
25530,0.000675,172.217.194.0-255,364,29613,42,110877
25531,0.000681,172.31.46.0-255,66,29679,42,110877
25532,0.000993,172.217.194.0-255,1484,31163,42,110877
25533,0.000997,172.31.46.0-255,66,31229,42,110877
25534,0.001003,172.217.194.0-255,2902,34131,42,110877
25535,0.001005,172.31.46.0-255,66,34197,42,110877
25536,0.001008,172.217.194.0-255,1484,35681,42,110877
25537,0.001041,172.217.194.0-255,4320,40001,42,110877
25538,0.001043,172.31.46.0-255,66,40067,42,110877
25539,0.001048,172.217.194.0-255,2902,42969,42,110877
25540,0.001049,172.31.46.0-255,66,43035,42,110877
25541,0.001084,172.31.46.0-255,66,43101,42,110877
25542,0.001112,172.217.194.0-255,5738,48839,42,110877
25543,0.001115,172.31.46.0-255,66,48905,42,110877
25544,0.001136,172.217.194.0-255,5020,53925,42,110877
25545,0.001138,172.31.46.0-255,66,53991,42,110877
25546,0.002008,172.217.194.0-255,1484,55475,42,110877
25547,0.002018,172.217.194.0-255,1484,56959,42,110877
25548,0.002023,172.31.46.0-255,66,57025,42,110877
25549,0.002049,172.217.194.0-255,1484,58509,42,110877
25550,0.002056,172.217.194.0-255,5738,64247,42,110877
25551,0.002058,172.31.46.0-255,66,64313,42,110877
25552,0.002072,172.31.46.0-255,66,64379,42,110877
25553,0.002085,172.31.46.0-255,66,64445,42,110877
25554,0.004189,172.217.194.0-255,5738,70183,42,110877
25555,0.004193,172.31.46.0-255,66,70249,42,110877
25556,0.006261,172.217.194.0-255,5738,75987,42,110877
25557,0.006264,172.31.46.0-255,66,76053,42,110877
25558,0.008311,172.217.194.0-255,5738,81791,42,110877
25559,0.008319,172.31.46.0-255,66,81857,42,110877
25560,0.010359,172.217.194.0-255,5738,87595,42,110877
25561,0.010368,172.31.46.0-255,66,87661,42,110877
25562,0.012444,172.217.194.0-255,5738,93399,42,110877
25563,0.012457,172.31.46.0-255,66,93465,42,110877
25564,0.01453,172.217.194.0-255,5738,99203,42,110877
25565,0.014539,172.31.46.0-255,66,99269,42,110877
25566,0.016623,172.217.194.0-255,5738,105007,42,110877
25567,0.016631,172.31.46.0-255,66,105073,42,110877
25568,0.018672,172.217.194.0-255,5738,110811,42,110877
25569,0.018679,172.31.46.0-255,66,110877,42,110877
25570,0.0,74.125.24.0-255,152,152,42,251338
25571,2.1e-05,172.31.46.0-255,66,218,42,251338
25572,2.7e-05,74.125.24.0-255,1484,1702,42,251338
25573,3.2e-05,172.31.46.0-255,66,1768,42,251338
25574,4.3e-05,74.125.24.0-255,2902,4670,42,251338
25575,4.6e-05,172.31.46.0-255,66,4736,42,251338
25576,7.6e-05,74.125.24.0-255,4320,9056,42,251338
25577,7.9e-05,172.31.46.0-255,66,9122,42,251338
25578,0.000115,74.125.24.0-255,2902,12024,42,251338
25579,0.000117,172.31.46.0-255,66,12090,42,251338
25580,0.00014,74.125.24.0-255,2118,14208,42,251338
25581,0.000142,172.31.46.0-255,66,14274,42,251338
25582,0.000147,74.125.24.0-255,4320,18594,42,251338
25583,0.000149,172.31.46.0-255,66,18660,42,251338
25584,0.000167,74.125.24.0-255,1484,20144,42,251338
25585,0.000168,172.31.46.0-255,66,20210,42,251338
25586,0.000172,74.125.24.0-255,1484,21694,42,251338
25587,0.000177,172.31.46.0-255,66,21760,42,251338
25588,0.000188,172.31.46.0-255,66,21826,42,251338
25589,0.000235,74.125.24.0-255,5379,27205,42,251338
25590,0.000239,172.31.46.0-255,66,27271,42,251338
25591,0.000244,74.125.24.0-255,5738,33009,42,251338
25592,0.000246,172.31.46.0-255,66,33075,42,251338
25593,0.000274,74.125.24.0-255,6797,39872,42,251338
25594,0.000276,172.31.46.0-255,66,39938,42,251338
25595,0.00032,74.125.24.0-255,4320,44258,42,251338
25596,0.000322,172.31.46.0-255,66,44324,42,251338
25597,0.000347,74.125.24.0-255,2902,47226,42,251338
25598,0.000349,172.31.46.0-255,66,47292,42,251338
25599,0.000354,74.125.24.0-255,4320,51612,42,251338
25600,0.00037,172.31.46.0-255,66,51678,42,251338
25601,0.000375,74.125.24.0-255,5379,57057,42,251338
25602,0.000377,172.31.46.0-255,66,57123,42,251338
25603,0.00076,74.125.24.0-255,366,57489,42,251338
25604,0.000786,74.125.24.0-255,130,57619,42,251338
25605,0.000849,74.125.24.0-255,1484,59103,42,251338
25606,0.000853,172.31.46.0-255,66,59169,42,251338
25607,0.000858,74.125.24.0-255,2902,62071,42,251338
25608,0.00086,172.31.46.0-255,66,62137,42,251338
25609,0.000863,74.125.24.0-255,1484,63621,42,251338
25610,0.000881,74.125.24.0-255,2902,66523,42,251338
25611,0.000883,172.31.46.0-255,66,66589,42,251338
25612,0.00092,172.31.46.0-255,66,66655,42,251338
25613,0.000959,172.31.46.0-255,66,66721,42,251338
25614,0.000981,74.125.24.0-255,1484,68205,42,251338
25615,0.000985,74.125.24.0-255,2902,71107,42,251338
25616,0.000987,172.31.46.0-255,66,71173,42,251338
25617,0.000991,74.125.24.0-255,2902,74075,42,251338
25618,0.000993,172.31.46.0-255,66,74141,42,251338
25619,0.001019,74.125.24.0-255,2902,77043,42,251338
25620,0.001021,172.31.46.0-255,66,77109,42,251338
25621,0.001033,172.31.46.0-255,66,77175,42,251338
25622,0.001053,172.31.46.0-255,66,77241,42,251338
25623,0.001084,74.125.24.0-255,766,78007,42,251338
25624,0.001344,74.125.24.0-255,1484,79491,42,251338
25625,0.001348,172.31.46.0-255,66,79557,42,251338
25626,0.001365,74.125.24.0-255,2902,82459,42,251338
25627,0.001367,172.31.46.0-255,66,82525,42,251338
25628,0.001385,74.125.24.0-255,5738,88263,42,251338
25629,0.001387,172.31.46.0-255,66,88329,42,251338
25630,0.001391,74.125.24.0-255,2902,91231,42,251338
25631,0.001393,172.31.46.0-255,66,91297,42,251338
25632,0.001411,74.125.24.0-255,2902,94199,42,251338
25633,0.001414,172.31.46.0-255,66,94265,42,251338
25634,0.001419,74.125.24.0-255,4320,98585,42,251338
25635,0.001454,74.125.24.0-255,5020,103605,42,251338
25636,0.001457,172.31.46.0-255,66,103671,42,251338
25637,0.001481,172.31.46.0-255,66,103737,42,251338
25638,0.001931,74.125.24.0-255,1484,105221,42,251338
25639,0.001946,74.125.24.0-255,2902,108123,42,251338
25640,0.001949,172.31.46.0-255,66,108189,42,251338
25641,0.001954,74.125.24.0-255,2902,111091,42,251338
25642,0.001956,172.31.46.0-255,66,111157,42,251338
25643,0.001989,74.125.24.0-255,2902,114059,42,251338
25644,0.001991,172.31.46.0-255,66,114125,42,251338
25645,0.002009,172.31.46.0-255,66,114191,42,251338
25646,0.002013,74.125.24.0-255,2902,117093,42,251338
25647,0.002015,172.31.46.0-255,66,117159,42,251338
25648,0.002056,172.31.46.0-255,66,117225,42,251338
25649,0.002066,74.125.24.0-255,2902,120127,42,251338
25650,0.002068,172.31.46.0-255,66,120193,42,251338
25651,0.00212,172.31.46.0-255,66,120259,42,251338
25652,0.002138,172.31.46.0-255,66,120325,42,251338
25653,0.002148,172.31.46.0-255,66,120391,42,251338
25654,0.002519,74.125.24.0-255,1484,121875,42,251338
25655,0.002536,74.125.24.0-255,2902,124777,42,251338
25656,0.00254,172.31.46.0-255,66,124843,42,251338
25657,0.00257,74.125.24.0-255,5738,130581,42,251338
25658,0.002572,172.31.46.0-255,66,130647,42,251338
25659,0.002576,74.125.24.0-255,2902,133549,42,251338
25660,0.002577,172.31.46.0-255,66,133615,42,251338
25661,0.002607,74.125.24.0-255,1484,135099,42,251338
25662,0.002623,172.31.46.0-255,66,135165,42,251338
25663,0.002627,74.125.24.0-255,2902,138067,42,251338
25664,0.002629,172.31.46.0-255,66,138133,42,251338
25665,0.002661,74.125.24.0-255,2902,141035,42,251338
25666,0.002664,172.31.46.0-255,66,141101,42,251338
25667,0.00268,74.125.24.0-255,2184,143285,42,251338
25668,0.002682,172.31.46.0-255,66,143351,42,251338
25669,0.003107,74.125.24.0-255,1484,144835,42,251338
25670,0.003113,74.125.24.0-255,2902,147737,42,251338
25671,0.003116,172.31.46.0-255,66,147803,42,251338
25672,0.003148,74.125.24.0-255,5738,153541,42,251338
25673,0.003151,172.31.46.0-255,66,153607,42,251338
25674,0.003174,74.125.24.0-255,2902,156509,42,251338
25675,0.003177,172.31.46.0-255,66,156575,42,251338
25676,0.003225,74.125.24.0-255,5738,162313,42,251338
25677,0.003254,74.125.24.0-255,2902,165215,42,251338
25678,0.003271,74.125.24.0-255,7156,172371,42,251338
25679,0.003294,74.125.24.0-255,4320,176691,42,251338
25680,0.0033,74.125.24.0-255,5738,182429,42,251338
25681,0.003328,74.125.24.0-255,4320,186749,42,251338
25682,0.003352,74.125.24.0-255,6438,193187,42,251338
25683,0.003366,74.125.24.0-255,1484,194671,42,251338
25684,0.003383,74.125.24.0-255,5738,200409,42,251338
25685,0.003405,74.125.24.0-255,4320,204729,42,251338
25686,0.003411,74.125.24.0-255,5738,210467,42,251338
25687,0.003429,74.125.24.0-255,7156,217623,42,251338
25688,0.003432,74.125.24.0-255,1484,219107,42,251338
25689,0.003454,74.125.24.0-255,7156,226263,42,251338
25690,0.00347,74.125.24.0-255,3602,229865,42,251338
25691,0.003486,74.125.24.0-255,4320,234185,42,251338
25692,0.003511,74.125.24.0-255,4320,238505,42,251338
25693,0.003523,74.125.24.0-255,4320,242825,42,251338
25694,0.003531,74.125.24.0-255,1484,244309,42,251338
25695,0.003534,74.125.24.0-255,1484,245793,42,251338
25696,0.003592,74.125.24.0-255,2902,248695,42,251338
25697,0.003603,74.125.24.0-255,2301,250996,42,251338
25698,0.003628,74.125.24.0-255,105,251101,42,251338
25699,0.008572,172.31.46.0-255,66,251167,42,251338
25700,0.009795,172.31.46.0-255,105,251272,42,251338
25701,0.012409,74.125.24.0-255,66,251338,42,251338
25702,0.0,74.125.68.0-255,151,151,42,157448
25703,2.3e-05,172.31.46.0-255,66,217,42,157448
25704,3.1e-05,74.125.68.0-255,1484,1701,42,157448
25705,3.6e-05,172.31.46.0-255,66,1767,42,157448
25706,4.9e-05,74.125.68.0-255,2902,4669,42,157448
25707,5.3e-05,172.31.46.0-255,66,4735,42,157448
25708,6e-05,74.125.68.0-255,5738,10473,42,157448
25709,6.3e-05,172.31.46.0-255,66,10539,42,157448
25710,9.2e-05,74.125.68.0-255,1484,12023,42,157448
25711,9.5e-05,172.31.46.0-255,66,12089,42,157448
25712,0.000101,74.125.68.0-255,2038,14127,42,157448
25713,0.000103,172.31.46.0-255,66,14193,42,157448
25714,0.000107,74.125.68.0-255,2902,17095,42,157448
25715,0.00011,172.31.46.0-255,66,17161,42,157448
25716,0.000117,74.125.68.0-255,7156,24317,42,157448
25717,0.000122,172.31.46.0-255,66,24383,42,157448
25718,0.000127,74.125.68.0-255,4320,28703,42,157448
25719,0.00013,172.31.46.0-255,66,28769,42,157448
25720,0.000158,74.125.68.0-255,1484,30253,42,157448
25721,0.00016,172.31.46.0-255,66,30319,42,157448
25722,0.000163,74.125.68.0-255,1125,31444,42,157448
25723,0.000166,172.31.46.0-255,66,31510,42,157448
25724,0.001266,74.125.68.0-255,1484,32994,42,157448
25725,0.001279,172.31.46.0-255,66,33060,42,157448
25726,0.001292,74.125.68.0-255,2902,35962,42,157448
25727,0.001296,172.31.46.0-255,66,36028,42,157448
25728,0.001308,74.125.68.0-255,4320,40348,42,157448
25729,0.001311,172.31.46.0-255,66,40414,42,157448
25730,0.001318,74.125.68.0-255,5738,46152,42,157448
25731,0.001321,172.31.46.0-255,66,46218,42,157448
25732,0.001363,172.31.46.0-255,66,46284,42,157448
25733,0.001369,74.125.68.0-255,4320,50604,42,157448
25734,0.001372,172.31.46.0-255,66,50670,42,157448
25735,0.001395,74.125.68.0-255,4320,54990,42,157448
25736,0.001397,172.31.46.0-255,66,55056,42,157448
25737,0.001402,74.125.68.0-255,2819,57875,42,157448
25738,0.00141,172.31.46.0-255,66,57941,42,157448
25739,0.001527,74.125.68.0-255,131,58072,42,157448
25740,0.001951,74.125.68.0-255,1484,59556,42,157448
25741,0.001956,172.31.46.0-255,66,59622,42,157448
25742,0.001961,74.125.68.0-255,1484,61106,42,157448
25743,0.001986,74.125.68.0-255,1484,62590,42,157448
25744,0.001989,172.31.46.0-255,66,62656,42,157448
25745,0.001997,74.125.68.0-255,5738,68394,42,157448
25746,0.001999,172.31.46.0-255,66,68460,42,157448
25747,0.002005,74.125.68.0-255,5738,74198,42,157448
25748,0.002008,172.31.46.0-255,66,74264,42,157448
25749,0.002055,74.125.68.0-255,1125,75389,42,157448
25750,0.002106,74.125.68.0-255,1484,76873,42,157448
25751,0.002109,172.31.46.0-255,66,76939,42,157448
25752,0.00213,74.125.68.0-255,2902,79841,42,157448
25753,0.002133,172.31.46.0-255,66,79907,42,157448
25754,0.00216,74.125.68.0-255,4320,84227,42,157448
25755,0.002163,172.31.46.0-255,66,84293,42,157448
25756,0.002188,74.125.68.0-255,2902,87195,42,157448
25757,0.00219,172.31.46.0-255,66,87261,42,157448
25758,0.002219,74.125.68.0-255,6797,94058,42,157448
25759,0.002222,172.31.46.0-255,66,94124,42,157448
25760,0.002235,172.31.46.0-255,66,94190,42,157448
25761,0.002242,74.125.68.0-255,1484,95674,42,157448
25762,0.002262,74.125.68.0-255,7156,102830,42,157448
25763,0.002265,172.31.46.0-255,66,102896,42,157448
25764,0.002273,74.125.68.0-255,7156,110052,42,157448
25765,0.002275,172.31.46.0-255,66,110118,42,157448
25766,0.002288,74.125.68.0-255,2902,113020,42,157448
25767,0.002291,172.31.46.0-255,66,113086,42,157448
25768,0.0023,74.125.68.0-255,3602,116688,42,157448
25769,0.002303,172.31.46.0-255,66,116754,42,157448
25770,0.004556,74.125.68.0-255,1484,118238,42,157448
25771,0.00458,74.125.68.0-255,4320,122558,42,157448
25772,0.004583,172.31.46.0-255,66,122624,42,157448
25773,0.006868,74.125.68.0-255,5738,128362,42,157448
25774,0.006878,172.31.46.0-255,66,128428,42,157448
25775,0.009152,74.125.68.0-255,5738,134166,42,157448
25776,0.009168,172.31.46.0-255,66,134232,42,157448
25777,0.011462,74.125.68.0-255,5738,139970,42,157448
25778,0.011482,172.31.46.0-255,66,140036,42,157448
25779,0.013791,74.125.68.0-255,5738,145774,42,157448
25780,0.01381,172.31.46.0-255,66,145840,42,157448
25781,0.016109,74.125.68.0-255,5738,151578,42,157448
25782,0.016129,172.31.46.0-255,66,151644,42,157448
25783,0.018446,74.125.68.0-255,5738,157382,42,157448
25784,0.018461,172.31.46.0-255,66,157448,42,157448
25785,0.0,74.125.68.0-255,152,152,42,261658
25786,1.5e-05,172.31.46.0-255,66,218,42,261658
25787,2.1e-05,74.125.68.0-255,1484,1702,42,261658
25788,2.4e-05,172.31.46.0-255,66,1768,42,261658
25789,5.5e-05,74.125.68.0-255,2902,4670,42,261658
25790,6.2e-05,172.31.46.0-255,66,4736,42,261658
25791,6.5e-05,74.125.68.0-255,1484,6220,42,261658
25792,6.7e-05,172.31.46.0-255,66,6286,42,261658
25793,9.4e-05,74.125.68.0-255,2902,9188,42,261658
25794,9.7e-05,172.31.46.0-255,66,9254,42,261658
25795,0.000126,74.125.68.0-255,4936,14190,42,261658
25796,0.000128,172.31.46.0-255,66,14256,42,261658
25797,0.000133,74.125.68.0-255,5738,19994,42,261658
25798,0.000135,172.31.46.0-255,66,20060,42,261658
25799,0.000182,172.31.46.0-255,66,20126,42,261658
25800,0.000282,74.125.68.0-255,1484,21610,42,261658
25801,0.000285,172.31.46.0-255,66,21676,42,261658
25802,0.00029,74.125.68.0-255,2902,24578,42,261658
25803,0.000292,172.31.46.0-255,66,24644,42,261658
25804,0.000316,74.125.68.0-255,5738,30382,42,261658
25805,0.000319,172.31.46.0-255,66,30448,42,261658
25806,0.000348,74.125.68.0-255,6797,37245,42,261658
25807,0.00035,172.31.46.0-255,66,37311,42,261658
25808,0.000372,74.125.68.0-255,1484,38795,42,261658
25809,0.000374,172.31.46.0-255,66,38861,42,261658
25810,0.000378,74.125.68.0-255,2902,41763,42,261658
25811,0.000381,172.31.46.0-255,66,41829,42,261658
25812,0.000435,74.125.68.0-255,5738,47567,42,261658
25813,0.00044,172.31.46.0-255,66,47633,42,261658
25814,0.000447,74.125.68.0-255,7101,54734,42,261658
25815,0.000449,172.31.46.0-255,66,54800,42,261658
25816,0.000451,74.125.68.0-255,117,54917,42,261658
25817,0.000565,74.125.68.0-255,1484,56401,42,261658
25818,0.000569,74.125.68.0-255,1484,57885,42,261658
25819,0.000583,74.125.68.0-255,1484,59369,42,261658
25820,0.000606,74.125.68.0-255,5738,65107,42,261658
25821,0.000609,74.125.68.0-255,1484,66591,42,261658
25822,0.000624,74.125.68.0-255,4320,70911,42,261658
25823,0.000628,74.125.68.0-255,2902,73813,42,261658
25824,0.000644,74.125.68.0-255,4320,78133,42,261658
25825,0.000663,74.125.68.0-255,1484,79617,42,261658
25826,0.000689,74.125.68.0-255,331,79948,42,261658
25827,0.00072,172.31.46.0-255,66,80014,42,261658
25828,0.000802,74.125.68.0-255,1484,81498,42,261658
25829,0.000817,74.125.68.0-255,2902,84400,42,261658
25830,0.000822,172.31.46.0-255,66,84466,42,261658
25831,0.000833,74.125.68.0-255,5738,90204,42,261658
25832,0.000853,172.31.46.0-255,66,90270,42,261658
25833,0.000864,74.125.68.0-255,5738,96008,42,261658
25834,0.000888,74.125.68.0-255,7156,103164,42,261658
25835,0.000892,74.125.68.0-255,4320,107484,42,261658
25836,0.000895,172.31.46.0-255,66,107550,42,261658
25837,0.0009,172.31.46.0-255,66,107616,42,261658
25838,0.000933,74.125.68.0-255,4320,111936,42,261658
25839,0.00095,74.125.68.0-255,2184,114120,42,261658
25840,0.000958,172.31.46.0-255,66,114186,42,261658
25841,0.001337,74.125.68.0-255,1484,115670,42,261658
25842,0.00137,74.125.68.0-255,2902,118572,42,261658
25843,0.001373,172.31.46.0-255,66,118638,42,261658
25844,0.001385,74.125.68.0-255,1484,120122,42,261658
25845,0.001401,74.125.68.0-255,4320,124442,42,261658
25846,0.001404,74.125.68.0-255,1484,125926,42,261658
25847,0.001415,172.31.46.0-255,66,125992,42,261658
25848,0.001425,74.125.68.0-255,5738,131730,42,261658
25849,0.001434,172.31.46.0-255,66,131796,42,261658
25850,0.001458,74.125.68.0-255,7156,138952,42,261658
25851,0.001467,172.31.46.0-255,66,139018,42,261658
25852,0.001492,74.125.68.0-255,766,139784,42,261658
25853,0.001501,172.31.46.0-255,66,139850,42,261658
25854,0.001607,74.125.68.0-255,1484,141334,42,261658
25855,0.001627,74.125.68.0-255,2902,144236,42,261658
25856,0.00163,172.31.46.0-255,66,144302,42,261658
25857,0.001633,74.125.68.0-255,1484,145786,42,261658
25858,0.001652,74.125.68.0-255,2902,148688,42,261658
25859,0.001658,172.31.46.0-255,66,148754,42,261658
25860,0.001677,74.125.68.0-255,5738,154492,42,261658
25861,0.001691,74.125.68.0-255,5738,160230,42,261658
25862,0.001701,74.125.68.0-255,1484,161714,42,261658
25863,0.001703,172.31.46.0-255,66,161780,42,261658
25864,0.001715,74.125.68.0-255,4320,166100,42,261658
25865,0.001736,74.125.68.0-255,4320,170420,42,261658
25866,0.001743,172.31.46.0-255,66,170486,42,261658
25867,0.001764,74.125.68.0-255,5020,175506,42,261658
25868,0.00181,74.125.68.0-255,5738,181244,42,261658
25869,0.001816,74.125.68.0-255,7156,188400,42,261658
25870,0.001838,172.31.46.0-255,66,188466,42,261658
25871,0.001843,172.31.46.0-255,66,188532,42,261658
25872,0.001877,74.125.68.0-255,5738,194270,42,261658
25873,0.001883,74.125.68.0-255,5020,199290,42,261658
25874,0.001889,74.125.68.0-255,5738,205028,42,261658
25875,0.001894,74.125.68.0-255,4320,209348,42,261658
25876,0.001902,172.31.46.0-255,66,209414,42,261658
25877,0.00191,74.125.68.0-255,1484,210898,42,261658
25878,0.001915,74.125.68.0-255,4320,215218,42,261658
25879,0.001938,74.125.68.0-255,2902,218120,42,261658
25880,0.001941,172.31.46.0-255,66,218186,42,261658
25881,0.001989,172.31.46.0-255,66,218252,42,261658
25882,0.002,74.125.68.0-255,2184,220436,42,261658
25883,0.002027,172.31.46.0-255,66,220502,42,261658
25884,0.004507,74.125.68.0-255,2902,223404,42,261658
25885,0.004515,172.31.46.0-255,66,223470,42,261658
25886,0.004542,74.125.68.0-255,2902,226372,42,261658
25887,0.004544,172.31.46.0-255,66,226438,42,261658
25888,0.007026,74.125.68.0-255,2902,229340,42,261658
25889,0.007033,172.31.46.0-255,66,229406,42,261658
25890,0.00706,74.125.68.0-255,2902,232308,42,261658
25891,0.007063,172.31.46.0-255,66,232374,42,261658
25892,0.009545,74.125.68.0-255,2902,235276,42,261658
25893,0.009554,172.31.46.0-255,66,235342,42,261658
25894,0.00958,74.125.68.0-255,2902,238244,42,261658
25895,0.009582,172.31.46.0-255,66,238310,42,261658
25896,0.012083,74.125.68.0-255,2902,241212,42,261658
25897,0.012094,172.31.46.0-255,66,241278,42,261658
25898,0.012128,74.125.68.0-255,2902,244180,42,261658
25899,0.012131,172.31.46.0-255,66,244246,42,261658
25900,0.014635,74.125.68.0-255,5738,249984,42,261658
25901,0.014645,172.31.46.0-255,66,250050,42,261658
25902,0.017171,74.125.68.0-255,5738,255788,42,261658
25903,0.017183,172.31.46.0-255,66,255854,42,261658
25904,0.019701,74.125.68.0-255,5738,261592,42,261658
25905,0.01971,172.31.46.0-255,66,261658,42,261658
25906,0.0,74.125.68.0-255,153,153,42,231410
25907,2.3e-05,172.31.46.0-255,66,219,42,231410
25908,3e-05,74.125.68.0-255,1484,1703,42,231410
25909,3.4e-05,172.31.46.0-255,66,1769,42,231410
25910,3.9e-05,74.125.68.0-255,2902,4671,42,231410
25911,4.3e-05,172.31.46.0-255,66,4737,42,231410
25912,5.9e-05,74.125.68.0-255,7156,11893,42,231410
25913,6.3e-05,172.31.46.0-255,66,11959,42,231410
25914,6.7e-05,74.125.68.0-255,2106,14065,42,231410
25915,7e-05,172.31.46.0-255,66,14131,42,231410
25916,7.5e-05,74.125.68.0-255,2902,17033,42,231410
25917,7.8e-05,172.31.46.0-255,66,17099,42,231410
25918,8.1e-05,74.125.68.0-255,1484,18583,42,231410
25919,8.3e-05,172.31.46.0-255,66,18649,42,231410
25920,0.000111,74.125.68.0-255,5738,24387,42,231410
25921,0.000114,172.31.46.0-255,66,24453,42,231410
25922,0.000119,74.125.68.0-255,2902,27355,42,231410
25923,0.000125,172.31.46.0-255,66,27421,42,231410
25924,0.000131,74.125.68.0-255,3961,31382,42,231410
25925,0.000133,172.31.46.0-255,66,31448,42,231410
25926,0.000219,74.125.68.0-255,1484,32932,42,231410
25927,0.000222,172.31.46.0-255,66,32998,42,231410
25928,0.000227,74.125.68.0-255,2902,35900,42,231410
25929,0.00023,172.31.46.0-255,66,35966,42,231410
25930,0.000256,74.125.68.0-255,5738,41704,42,231410
25931,0.000259,172.31.46.0-255,66,41770,42,231410
25932,0.000285,74.125.68.0-255,6797,48567,42,231410
25933,0.000288,172.31.46.0-255,66,48633,42,231410
25934,0.000307,74.125.68.0-255,1484,50117,42,231410
25935,0.00031,172.31.46.0-255,66,50183,42,231410
25936,0.000343,74.125.68.0-255,7156,57339,42,231410
25937,0.000346,172.31.46.0-255,66,57405,42,231410
25938,0.000398,172.31.46.0-255,66,57471,42,231410
25939,0.000644,74.125.68.0-255,645,58116,42,231410
25940,0.000975,74.125.68.0-255,1484,59600,42,231410
25941,0.00098,172.31.46.0-255,66,59666,42,231410
25942,0.001017,74.125.68.0-255,1484,61150,42,231410
25943,0.00104,74.125.68.0-255,2902,64052,42,231410
25944,0.001043,172.31.46.0-255,66,64118,42,231410
25945,0.001081,74.125.68.0-255,2902,67020,42,231410
25946,0.001084,172.31.46.0-255,66,67086,42,231410
25947,0.001103,74.125.68.0-255,4320,71406,42,231410
25948,0.001107,172.31.46.0-255,66,71472,42,231410
25949,0.001156,74.125.68.0-255,5738,77210,42,231410
25950,0.00116,172.31.46.0-255,66,77276,42,231410
25951,0.001164,74.125.68.0-255,1484,78760,42,231410
25952,0.00119,74.125.68.0-255,5738,84498,42,231410
25953,0.001192,172.31.46.0-255,66,84564,42,231410
25954,0.001222,74.125.68.0-255,2902,87466,42,231410
25955,0.001225,172.31.46.0-255,66,87532,42,231410
25956,0.001231,74.125.68.0-255,4320,91852,42,231410
25957,0.001233,172.31.46.0-255,66,91918,42,231410
25958,0.001235,74.125.68.0-255,766,92684,42,231410
25959,0.001558,172.31.46.0-255,66,92750,42,231410
25960,0.001575,74.125.68.0-255,1484,94234,42,231410
25961,0.001593,74.125.68.0-255,2902,97136,42,231410
25962,0.001596,172.31.46.0-255,66,97202,42,231410
25963,0.001645,74.125.68.0-255,2902,100104,42,231410
25964,0.001649,172.31.46.0-255,66,100170,42,231410
25965,0.00169,74.125.68.0-255,4320,104490,42,231410
25966,0.001693,172.31.46.0-255,66,104556,42,231410
25967,0.001732,74.125.68.0-255,1484,106040,42,231410
25968,0.001767,74.125.68.0-255,1484,107524,42,231410
25969,0.00177,172.31.46.0-255,66,107590,42,231410
25970,0.001859,74.125.68.0-255,1484,109074,42,231410
25971,0.001876,74.125.68.0-255,2902,111976,42,231410
25972,0.00188,172.31.46.0-255,66,112042,42,231410
25973,0.001909,74.125.68.0-255,4320,116362,42,231410
25974,0.001912,172.31.46.0-255,66,116428,42,231410
25975,0.001935,74.125.68.0-255,5738,122166,42,231410
25976,0.001937,172.31.46.0-255,66,122232,42,231410
25977,0.001965,74.125.68.0-255,2902,125134,42,231410
25978,0.001967,172.31.46.0-255,66,125200,42,231410
25979,0.002014,74.125.68.0-255,3602,128802,42,231410
25980,0.002017,172.31.46.0-255,66,128868,42,231410
25981,0.002022,74.125.68.0-255,2902,131770,42,231410
25982,0.002024,172.31.46.0-255,66,131836,42,231410
25983,0.002054,74.125.68.0-255,1484,133320,42,231410
25984,0.002061,74.125.68.0-255,5738,139058,42,231410
25985,0.002064,172.31.46.0-255,66,139124,42,231410
25986,0.002092,74.125.68.0-255,7156,146280,42,231410
25987,0.002095,74.125.68.0-255,1484,147764,42,231410
25988,0.002099,172.31.46.0-255,66,147830,42,231410
25989,0.002114,74.125.68.0-255,2902,150732,42,231410
25990,0.002117,172.31.46.0-255,66,150798,42,231410
25991,0.002146,74.125.68.0-255,5738,156536,42,231410
25992,0.002148,172.31.46.0-255,66,156602,42,231410
25993,0.002154,74.125.68.0-255,4320,160922,42,231410
25994,0.002156,172.31.46.0-255,66,160988,42,231410
25995,0.002178,74.125.68.0-255,766,161754,42,231410
25996,0.002424,74.125.68.0-255,1484,163238,42,231410
25997,0.00243,172.31.46.0-255,66,163304,42,231410
25998,0.002441,74.125.68.0-255,2902,166206,42,231410
25999,0.002447,172.31.46.0-255,66,166272,42,231410
26000,0.002467,74.125.68.0-255,1484,167756,42,231410
26001,0.00247,74.125.68.0-255,1484,169240,42,231410
26002,0.002472,172.31.46.0-255,66,169306,42,231410
26003,0.002499,74.125.68.0-255,1484,170790,42,231410
26004,0.002506,74.125.68.0-255,5738,176528,42,231410
26005,0.002508,172.31.46.0-255,66,176594,42,231410
26006,0.002512,74.125.68.0-255,1484,178078,42,231410
26007,0.002533,74.125.68.0-255,2902,180980,42,231410
26008,0.002536,172.31.46.0-255,66,181046,42,231410
26009,0.002563,74.125.68.0-255,4320,185366,42,231410
26010,0.002566,172.31.46.0-255,66,185432,42,231410
26011,0.002596,74.125.68.0-255,1484,186916,42,231410
26012,0.002599,74.125.68.0-255,1484,188400,42,231410
26013,0.002601,172.31.46.0-255,66,188466,42,231410
26014,0.002607,74.125.68.0-255,4320,192786,42,231410
26015,0.002609,172.31.46.0-255,66,192852,42,231410
26016,0.002632,74.125.68.0-255,3602,196454,42,231410
26017,0.002634,172.31.46.0-255,66,196520,42,231410
26018,0.005152,74.125.68.0-255,1484,198004,42,231410
26019,0.005182,74.125.68.0-255,4320,202324,42,231410
26020,0.005187,172.31.46.0-255,66,202390,42,231410
26021,0.007735,74.125.68.0-255,5738,208128,42,231410
26022,0.00774,172.31.46.0-255,66,208194,42,231410
26023,0.010333,74.125.68.0-255,5738,213932,42,231410
26024,0.010346,172.31.46.0-255,66,213998,42,231410
26025,0.012928,74.125.68.0-255,5738,219736,42,231410
26026,0.012941,172.31.46.0-255,66,219802,42,231410
26027,0.015498,74.125.68.0-255,5738,225540,42,231410
26028,0.015511,172.31.46.0-255,66,225606,42,231410
26029,0.018086,74.125.68.0-255,5738,231344,42,231410
26030,0.018103,172.31.46.0-255,66,231410,42,231410
26031,0.0,172.217.194.0-255,156,156,42,161894
26032,1.4e-05,172.31.46.0-255,66,222,42,161894
26033,2e-05,172.217.194.0-255,1484,1706,42,161894
26034,2.5e-05,172.31.46.0-255,66,1772,42,161894
26035,3e-05,172.217.194.0-255,2902,4674,42,161894
26036,3.3e-05,172.31.46.0-255,66,4740,42,161894
26037,3.7e-05,172.217.194.0-255,2902,7642,42,161894
26038,3.9e-05,172.31.46.0-255,66,7708,42,161894
26039,7.9e-05,172.217.194.0-255,6333,14041,42,161894
26040,8.2e-05,172.31.46.0-255,66,14107,42,161894
26041,0.000157,172.217.194.0-255,1484,15591,42,161894
26042,0.000159,172.31.46.0-255,66,15657,42,161894
26043,0.000164,172.217.194.0-255,2902,18559,42,161894
26044,0.000166,172.31.46.0-255,66,18625,42,161894
26045,0.000169,172.217.194.0-255,1484,20109,42,161894
26046,0.000171,172.31.46.0-255,66,20175,42,161894
26047,0.000193,172.217.194.0-255,4320,24495,42,161894
26048,0.000195,172.31.46.0-255,66,24561,42,161894
26049,0.00022,172.217.194.0-255,1484,26045,42,161894
26050,0.000222,172.31.46.0-255,66,26111,42,161894
26051,0.000242,172.217.194.0-255,5379,31490,42,161894
26052,0.000245,172.31.46.0-255,66,31556,42,161894
26053,0.000267,172.217.194.0-255,2902,34458,42,161894
26054,0.000269,172.31.46.0-255,66,34524,42,161894
26055,0.000285,172.217.194.0-255,4320,38844,42,161894
26056,0.000287,172.31.46.0-255,66,38910,42,161894
26057,0.000292,172.217.194.0-255,4320,43230,42,161894
26058,0.000293,172.31.46.0-255,66,43296,42,161894
26059,0.000331,172.217.194.0-255,5379,48675,42,161894
26060,0.000334,172.31.46.0-255,66,48741,42,161894
26061,0.000404,172.217.194.0-255,1484,50225,42,161894
26062,0.000406,172.31.46.0-255,66,50291,42,161894
26063,0.000411,172.217.194.0-255,2902,53193,42,161894
26064,0.000412,172.31.46.0-255,66,53259,42,161894
26065,0.000436,172.217.194.0-255,5738,58997,42,161894
26066,0.000438,172.31.46.0-255,66,59063,42,161894
26067,0.000444,172.217.194.0-255,5738,64801,42,161894
26068,0.000446,172.31.46.0-255,66,64867,42,161894
26069,0.000482,172.217.194.0-255,1125,65992,42,161894
26070,0.000516,172.217.194.0-255,365,66357,42,161894
26071,0.000716,172.217.194.0-255,380,66737,42,161894
26072,0.00072,172.31.46.0-255,66,66803,42,161894
26073,0.000895,172.217.194.0-255,1484,68287,42,161894
26074,0.0009,172.217.194.0-255,2902,71189,42,161894
26075,0.000902,172.31.46.0-255,66,71255,42,161894
26076,0.000913,172.217.194.0-255,1484,72739,42,161894
26077,0.00093,172.217.194.0-255,4320,77059,42,161894
26078,0.000932,172.31.46.0-255,66,77125,42,161894
26079,0.000949,172.217.194.0-255,1484,78609,42,161894
26080,0.000969,172.217.194.0-255,5379,83988,42,161894
26081,0.000971,172.31.46.0-255,66,84054,42,161894
26082,0.000978,172.217.194.0-255,7156,91210,42,161894
26083,0.00098,172.31.46.0-255,66,91276,42,161894
26084,0.001025,172.217.194.0-255,4320,95596,42,161894
26085,0.001028,172.31.46.0-255,66,95662,42,161894
26086,0.001044,172.217.194.0-255,4828,100490,42,161894
26087,0.001046,172.31.46.0-255,66,100556,42,161894
26088,0.001263,172.217.194.0-255,1484,102040,42,161894
26089,0.001268,172.217.194.0-255,2902,104942,42,161894
26090,0.001271,172.31.46.0-255,66,105008,42,161894
26091,0.001293,172.217.194.0-255,5738,110746,42,161894
26092,0.001295,172.31.46.0-255,66,110812,42,161894
26093,0.001298,172.217.194.0-255,1484,112296,42,161894
26094,0.001317,172.31.46.0-255,66,112362,42,161894
26095,0.001357,172.217.194.0-255,4320,116682,42,161894
26096,0.00136,172.31.46.0-255,66,116748,42,161894
26097,0.001385,172.31.46.0-255,66,116814,42,161894
26098,0.003483,172.217.194.0-255,5738,122552,42,161894
26099,0.003489,172.31.46.0-255,66,122618,42,161894
26100,0.005602,172.217.194.0-255,5738,128356,42,161894
26101,0.005608,172.31.46.0-255,66,128422,42,161894
26102,0.007694,172.217.194.0-255,4320,132742,42,161894
26103,0.0077,172.31.46.0-255,66,132808,42,161894
26104,0.007721,172.217.194.0-255,1484,134292,42,161894
26105,0.009819,172.217.194.0-255,4320,138612,42,161894
26106,0.009825,172.31.46.0-255,66,138678,42,161894
26107,0.011947,172.217.194.0-255,5738,144416,42,161894
26108,0.011952,172.31.46.0-255,66,144482,42,161894
26109,0.014045,172.217.194.0-255,5738,150220,42,161894
26110,0.014051,172.31.46.0-255,66,150286,42,161894
26111,0.01617,172.217.194.0-255,5738,156024,42,161894
26112,0.016177,172.31.46.0-255,66,156090,42,161894
26113,0.018299,172.217.194.0-255,5738,161828,42,161894
26114,0.018306,172.31.46.0-255,66,161894,42,161894
26115,0.0,74.125.24.0-255,150,150,42,120944
26116,2.4e-05,172.31.46.0-255,66,216,42,120944
26117,3e-05,74.125.24.0-255,1484,1700,42,120944
26118,3.5e-05,172.31.46.0-255,66,1766,42,120944
26119,4.2e-05,74.125.24.0-255,2902,4668,42,120944
26120,4.7e-05,172.31.46.0-255,66,4734,42,120944
26121,5.5e-05,74.125.24.0-255,7156,11890,42,120944
26122,5.9e-05,172.31.46.0-255,66,11956,42,120944
26123,6.3e-05,74.125.24.0-255,2046,14002,42,120944
26124,6.7e-05,172.31.46.0-255,66,14068,42,120944
26125,0.000111,74.125.24.0-255,1484,15552,42,120944
26126,0.000115,172.31.46.0-255,66,15618,42,120944
26127,0.00012,74.125.24.0-255,1484,17102,42,120944
26128,0.000122,172.31.46.0-255,66,17168,42,120944
26129,0.000137,74.125.24.0-255,1484,18652,42,120944
26130,0.000139,172.31.46.0-255,66,18718,42,120944
26131,0.000147,74.125.24.0-255,5738,24456,42,120944
26132,0.00015,172.31.46.0-255,66,24522,42,120944
26133,0.000191,74.125.24.0-255,2902,27424,42,120944
26134,0.000195,172.31.46.0-255,66,27490,42,120944
26135,0.000217,74.125.24.0-255,3961,31451,42,120944
26136,0.00022,172.31.46.0-255,66,31517,42,120944
26137,0.000482,74.125.24.0-255,1484,33001,42,120944
26138,0.000488,172.31.46.0-255,66,33067,42,120944
26139,0.000494,74.125.24.0-255,2902,35969,42,120944
26140,0.000496,172.31.46.0-255,66,36035,42,120944
26141,0.000518,74.125.24.0-255,5738,41773,42,120944
26142,0.000521,172.31.46.0-255,66,41839,42,120944
26143,0.0006,172.31.46.0-255,66,41905,42,120944
26144,0.000608,172.31.46.0-255,66,41971,42,120944
26145,0.000611,74.125.24.0-255,412,42383,42,120944
26146,0.000661,74.125.24.0-255,331,42714,42,120944
26147,0.00102,74.125.24.0-255,1484,44198,42,120944
26148,0.001025,172.31.46.0-255,66,44264,42,120944
26149,0.00103,74.125.24.0-255,2902,47166,42,120944
26150,0.001032,172.31.46.0-255,66,47232,42,120944
26151,0.001039,74.125.24.0-255,5738,52970,42,120944
26152,0.001041,172.31.46.0-255,66,53036,42,120944
26153,0.001074,172.31.46.0-255,66,53102,42,120944
26154,0.001094,74.125.24.0-255,2902,56004,42,120944
26155,0.001097,172.31.46.0-255,66,56070,42,120944
26156,0.00111,172.31.46.0-255,66,56136,42,120944
26157,0.001873,74.125.24.0-255,1484,57620,42,120944
26158,0.001884,74.125.24.0-255,2902,60522,42,120944
26159,0.001889,172.31.46.0-255,66,60588,42,120944
26160,0.001897,74.125.24.0-255,5738,66326,42,120944
26161,0.001899,172.31.46.0-255,66,66392,42,120944
26162,0.001904,74.125.24.0-255,2902,69294,42,120944
26163,0.001906,172.31.46.0-255,66,69360,42,120944
26164,0.001938,172.31.46.0-255,66,69426,42,120944
26165,0.001946,74.125.24.0-255,5738,75164,42,120944
26166,0.001948,172.31.46.0-255,66,75230,42,120944
26167,0.001988,74.125.24.0-255,5020,80250,42,120944
26168,0.001991,172.31.46.0-255,66,80316,42,120944
26169,0.00436,74.125.24.0-255,5738,86054,42,120944
26170,0.004368,172.31.46.0-255,66,86120,42,120944
26171,0.006751,74.125.24.0-255,5738,91858,42,120944
26172,0.006757,172.31.46.0-255,66,91924,42,120944
26173,0.009159,74.125.24.0-255,5738,97662,42,120944
26174,0.009169,172.31.46.0-255,66,97728,42,120944
26175,0.011585,74.125.24.0-255,5738,103466,42,120944
26176,0.011598,172.31.46.0-255,66,103532,42,120944
26177,0.013994,74.125.24.0-255,5738,109270,42,120944
26178,0.01401,172.31.46.0-255,66,109336,42,120944
26179,0.016413,74.125.24.0-255,5738,115074,42,120944
26180,0.016427,172.31.46.0-255,66,115140,42,120944
26181,0.018841,74.125.24.0-255,5738,120878,42,120944
26182,0.018852,172.31.46.0-255,66,120944,42,120944
26183,0.0,172.217.194.0-255,146,146,42,199199
26184,2.1e-05,172.31.46.0-255,66,212,42,199199
26185,2.8e-05,172.217.194.0-255,1484,1696,42,199199
26186,3.2e-05,172.31.46.0-255,66,1762,42,199199
26187,3.7e-05,172.217.194.0-255,2902,4664,42,199199
26188,4e-05,172.31.46.0-255,66,4730,42,199199
26189,5.4e-05,172.217.194.0-255,7156,11886,42,199199
26190,5.7e-05,172.31.46.0-255,66,11952,42,199199
26191,6.1e-05,172.217.194.0-255,1937,13889,42,199199
26192,6.3e-05,172.31.46.0-255,66,13955,42,199199
26193,6.9e-05,172.217.194.0-255,4320,18275,42,199199
26194,7.1e-05,172.31.46.0-255,66,18341,42,199199
26195,0.000113,172.31.46.0-255,66,18407,42,199199
26196,0.000116,172.217.194.0-255,1125,19532,42,199199
26197,0.000118,172.31.46.0-255,66,19598,42,199199
26198,0.000145,172.217.194.0-255,2902,22500,42,199199
26199,0.000147,172.31.46.0-255,66,22566,42,199199
26200,0.000174,172.31.46.0-255,66,22632,42,199199
26201,0.000198,172.217.194.0-255,3961,26593,42,199199
26202,0.0002,172.31.46.0-255,66,26659,42,199199
26203,0.000207,172.217.194.0-255,7156,33815,42,199199
26204,0.000209,172.31.46.0-255,66,33881,42,199199
26205,0.000249,172.31.46.0-255,66,33947,42,199199
26206,0.000251,172.217.194.0-255,678,34625,42,199199
26207,0.000253,172.31.46.0-255,66,34691,42,199199
26208,0.000272,172.217.194.0-255,1484,36175,42,199199
26209,0.000273,172.31.46.0-255,66,36241,42,199199
26210,0.000293,172.217.194.0-255,4320,40561,42,199199
26211,0.000296,172.31.46.0-255,66,40627,42,199199
26212,0.000303,172.217.194.0-255,2902,43529,42,199199
26213,0.000309,172.31.46.0-255,66,43595,42,199199
26214,0.000331,172.217.194.0-255,2902,46497,42,199199
26215,0.000338,172.217.194.0-255,6797,53294,42,199199
26216,0.000372,172.217.194.0-255,4320,57614,42,199199
26217,0.000391,172.217.194.0-255,2543,60157,42,199199
26218,0.000538,172.31.46.0-255,66,60223,42,199199
26219,0.000882,172.217.194.0-255,1484,61707,42,199199
26220,0.000905,172.217.194.0-255,2902,64609,42,199199
26221,0.00091,172.31.46.0-255,66,64675,42,199199
26222,0.000937,172.217.194.0-255,5738,70413,42,199199
26223,0.000941,172.31.46.0-255,66,70479,42,199199
26224,0.000952,172.217.194.0-255,5738,76217,42,199199
26225,0.000966,172.217.194.0-255,2902,79119,42,199199
26226,0.00098,172.217.194.0-255,4320,83439,42,199199
26227,0.000995,172.217.194.0-255,2902,86341,42,199199
26228,0.000998,172.217.194.0-255,1484,87825,42,199199
26229,0.001,172.31.46.0-255,66,87891,42,199199
26230,0.001005,172.31.46.0-255,66,87957,42,199199
26231,0.001022,172.217.194.0-255,2902,90859,42,199199
26232,0.001039,172.217.194.0-255,2902,93761,42,199199
26233,0.001048,172.217.194.0-255,766,94527,42,199199
26234,0.001052,172.31.46.0-255,66,94593,42,199199
26235,0.001086,172.217.194.0-255,4320,98913,42,199199
26236,0.001097,172.31.46.0-255,66,98979,42,199199
26237,0.001103,172.217.194.0-255,5738,104717,42,199199
26238,0.00114,172.31.46.0-255,66,104783,42,199199
26239,0.0012,172.31.46.0-255,66,104849,42,199199
26240,0.001274,172.217.194.0-255,1484,106333,42,199199
26241,0.001292,172.217.194.0-255,2902,109235,42,199199
26242,0.001295,172.217.194.0-255,1484,110719,42,199199
26243,0.001304,172.31.46.0-255,66,110785,42,199199
26244,0.001321,172.217.194.0-255,4320,115105,42,199199
26245,0.001326,172.31.46.0-255,66,115171,42,199199
26246,0.00136,172.217.194.0-255,5738,120909,42,199199
26247,0.001371,172.31.46.0-255,66,120975,42,199199
26248,0.001377,172.217.194.0-255,5738,126713,42,199199
26249,0.001381,172.31.46.0-255,66,126779,42,199199
26250,0.001406,172.217.194.0-255,7156,133935,42,199199
26251,0.001421,172.217.194.0-255,5020,138955,42,199199
26252,0.001424,172.31.46.0-255,66,139021,42,199199
26253,0.001428,172.31.46.0-255,66,139087,42,199199
26254,0.001693,172.217.194.0-255,1484,140571,42,199199
26255,0.001708,172.217.194.0-255,2902,143473,42,199199
26256,0.00171,172.217.194.0-255,1484,144957,42,199199
26257,0.001714,172.31.46.0-255,66,145023,42,199199
26258,0.001733,172.217.194.0-255,4320,149343,42,199199
26259,0.00174,172.217.194.0-255,7156,156499,42,199199
26260,0.001758,172.217.194.0-255,5738,162237,42,199199
26261,0.001764,172.217.194.0-255,5738,167975,42,199199
26262,0.001769,172.31.46.0-255,66,168041,42,199199
26263,0.001787,172.217.194.0-255,5020,173061,42,199199
26264,0.001797,172.31.46.0-255,66,173127,42,199199
26265,0.001822,172.217.194.0-255,5738,178865,42,199199
26266,0.001835,172.31.46.0-255,66,178931,42,199199
26267,0.001879,172.217.194.0-255,1484,180415,42,199199
26268,0.001888,172.31.46.0-255,66,180481,42,199199
26269,0.001934,172.31.46.0-255,66,180547,42,199199
26270,0.00195,172.217.194.0-255,4320,184867,42,199199
26271,0.001953,172.217.194.0-255,1484,186351,42,199199
26272,0.001985,172.217.194.0-255,6438,192789,42,199199
26273,0.002041,172.31.46.0-255,66,192855,42,199199
26274,0.002069,172.217.194.0-255,1484,194339,42,199199
26275,0.002072,172.217.194.0-255,2902,197241,42,199199
26276,0.002079,172.31.46.0-255,66,197307,42,199199
26277,0.00212,172.217.194.0-255,1484,198791,42,199199
26278,0.002152,172.31.46.0-255,66,198857,42,199199
26279,0.002168,172.217.194.0-255,105,198962,42,199199
26280,0.003882,172.31.46.0-255,66,199028,42,199199
26281,0.003917,172.31.46.0-255,105,199133,42,199199
26282,0.006429,172.217.194.0-255,66,199199,42,199199
26283,0.0,74.125.68.0-255,156,156,42,272933
26284,2.7e-05,172.31.46.0-255,66,222,42,272933
26285,3.6e-05,74.125.68.0-255,1484,1706,42,272933
26286,4.2e-05,172.31.46.0-255,66,1772,42,272933
26287,5.6e-05,74.125.68.0-255,2902,4674,42,272933
26288,6.1e-05,172.31.46.0-255,66,4740,42,272933
26289,6.5e-05,74.125.68.0-255,1484,6224,42,272933
26290,6.8e-05,172.31.46.0-255,66,6290,42,272933
26291,7.4e-05,74.125.68.0-255,2902,9192,42,272933
26292,7.7e-05,172.31.46.0-255,66,9258,42,272933
26293,9.6e-05,74.125.68.0-255,1484,10742,42,272933
26294,0.0001,172.31.46.0-255,66,10808,42,272933
26295,0.00015,74.125.68.0-255,3512,14320,42,272933
26296,0.000155,172.31.46.0-255,66,14386,42,272933
26297,0.000162,74.125.68.0-255,5738,20124,42,272933
26298,0.000164,172.31.46.0-255,66,20190,42,272933
26299,0.000169,74.125.68.0-255,2902,23092,42,272933
26300,0.000171,172.31.46.0-255,66,23158,42,272933
26301,0.000178,74.125.68.0-255,4320,27478,42,272933
26302,0.000181,172.31.46.0-255,66,27544,42,272933
26303,0.000215,74.125.68.0-255,7156,34700,42,272933
26304,0.000218,172.31.46.0-255,66,34766,42,272933
26305,0.000225,74.125.68.0-255,5738,40504,42,272933
26306,0.000227,172.31.46.0-255,66,40570,42,272933
26307,0.00026,74.125.68.0-255,2902,43472,42,272933
26308,0.000263,172.31.46.0-255,66,43538,42,272933
26309,0.00027,74.125.68.0-255,5020,48558,42,272933
26310,0.000272,172.31.46.0-255,66,48624,42,272933
26311,0.000456,74.125.68.0-255,1484,50108,42,272933
26312,0.000461,172.31.46.0-255,66,50174,42,272933
26313,0.000492,74.125.68.0-255,2902,53076,42,272933
26314,0.000494,172.31.46.0-255,66,53142,42,272933
26315,0.000501,74.125.68.0-255,5738,58880,42,272933
26316,0.000504,172.31.46.0-255,66,58946,42,272933
26317,0.000509,74.125.68.0-255,2902,61848,42,272933
26318,0.000511,172.31.46.0-255,66,61914,42,272933
26319,0.000569,74.125.68.0-255,4551,66465,42,272933
26320,0.000572,172.31.46.0-255,66,66531,42,272933
26321,0.00089,74.125.68.0-255,1484,68015,42,272933
26322,0.000916,74.125.68.0-255,2902,70917,42,272933
26323,0.00092,172.31.46.0-255,66,70983,42,272933
26324,0.000927,74.125.68.0-255,4320,75303,42,272933
26325,0.000929,172.31.46.0-255,66,75369,42,272933
26326,0.000951,74.125.68.0-255,1484,76853,42,272933
26327,0.000971,74.125.68.0-255,2902,79755,42,272933
26328,0.000974,172.31.46.0-255,66,79821,42,272933
26329,0.00098,74.125.68.0-255,4320,84141,42,272933
26330,0.000982,172.31.46.0-255,66,84207,42,272933
26331,0.001,74.125.68.0-255,1484,85691,42,272933
26332,0.001024,74.125.68.0-255,7156,92847,42,272933
26333,0.001026,172.31.46.0-255,66,92913,42,272933
26334,0.001059,172.31.46.0-255,66,92979,42,272933
26335,0.001626,74.125.68.0-255,1484,94463,42,272933
26336,0.001636,74.125.68.0-255,2902,97365,42,272933
26337,0.001641,172.31.46.0-255,66,97431,42,272933
26338,0.001671,74.125.68.0-255,5738,103169,42,272933
26339,0.001674,172.31.46.0-255,66,103235,42,272933
26340,0.00171,74.125.68.0-255,5738,108973,42,272933
26341,0.001714,172.31.46.0-255,66,109039,42,272933
26342,0.001742,74.125.68.0-255,1484,110523,42,272933
26343,0.001749,74.125.68.0-255,5738,116261,42,272933
26344,0.001751,172.31.46.0-255,66,116327,42,272933
26345,0.001783,74.125.68.0-255,7156,123483,42,272933
26346,0.001786,172.31.46.0-255,66,123549,42,272933
26347,0.001792,74.125.68.0-255,3602,127151,42,272933
26348,0.001795,172.31.46.0-255,66,127217,42,272933
26349,0.001821,74.125.68.0-255,4320,131537,42,272933
26350,0.001824,172.31.46.0-255,66,131603,42,272933
26351,0.001846,74.125.68.0-255,1484,133087,42,272933
26352,0.001872,74.125.68.0-255,4320,137407,42,272933
26353,0.001875,172.31.46.0-255,66,137473,42,272933
26354,0.001881,74.125.68.0-255,4320,141793,42,272933
26355,0.001883,172.31.46.0-255,66,141859,42,272933
26356,0.001919,74.125.68.0-255,5738,147597,42,272933
26357,0.001922,172.31.46.0-255,66,147663,42,272933
26358,0.001928,74.125.68.0-255,4320,151983,42,272933
26359,0.001961,74.125.68.0-255,4320,156303,42,272933
26360,0.001971,74.125.68.0-255,1484,157787,42,272933
26361,0.001992,74.125.68.0-255,3602,161389,42,272933
26362,0.002021,74.125.68.0-255,4320,165709,42,272933
26363,0.002041,74.125.68.0-255,4320,170029,42,272933
26364,0.002068,74.125.68.0-255,5738,175767,42,272933
26365,0.002188,74.125.68.0-255,4320,180087,42,272933
26366,0.002213,74.125.68.0-255,2902,182989,42,272933
26367,0.002231,74.125.68.0-255,2902,185891,42,272933
26368,0.002237,74.125.68.0-255,4320,190211,42,272933
26369,0.002273,74.125.68.0-255,1484,191695,42,272933
26370,0.002287,74.125.68.0-255,4320,196015,42,272933
26371,0.002291,74.125.68.0-255,1484,197499,42,272933
26372,0.002295,74.125.68.0-255,2902,200401,42,272933
26373,0.002321,74.125.68.0-255,1484,201885,42,272933
26374,0.002333,74.125.68.0-255,4320,206205,42,272933
26375,0.002336,74.125.68.0-255,1484,207689,42,272933
26376,0.00235,74.125.68.0-255,2184,209873,42,272933
26377,0.002385,74.125.68.0-255,1484,211357,42,272933
26378,0.002395,74.125.68.0-255,1484,212841,42,272933
26379,0.002412,74.125.68.0-255,1484,214325,42,272933
26380,0.002426,74.125.68.0-255,5738,220063,42,272933
26381,0.002447,74.125.68.0-255,4320,224383,42,272933
26382,0.002472,74.125.68.0-255,5738,230121,42,272933
26383,0.002487,74.125.68.0-255,1484,231605,42,272933
26384,0.002546,74.125.68.0-255,5738,237343,42,272933
26385,0.002566,74.125.68.0-255,5020,242363,42,272933
26386,0.002581,74.125.68.0-255,1484,243847,42,272933
26387,0.005631,172.31.46.0-255,66,243913,42,272933
26388,0.008203,74.125.68.0-255,5738,249651,42,272933
26389,0.00821,172.31.46.0-255,66,249717,42,272933
26390,0.010776,74.125.68.0-255,5738,255455,42,272933
26391,0.010784,172.31.46.0-255,66,255521,42,272933
26392,0.013347,74.125.68.0-255,5738,261259,42,272933
26393,0.013358,172.31.46.0-255,66,261325,42,272933
26394,0.015918,74.125.68.0-255,5738,267063,42,272933
26395,0.015931,172.31.46.0-255,66,267129,42,272933
26396,0.018495,74.125.68.0-255,5738,272867,42,272933
26397,0.018507,172.31.46.0-255,66,272933,42,272933
26398,0.0,74.125.24.0-255,153,153,42,253331
26399,1.6e-05,172.31.46.0-255,66,219,42,253331
26400,2.3e-05,74.125.24.0-255,1484,1703,42,253331
26401,2.7e-05,172.31.46.0-255,66,1769,42,253331
26402,3.9e-05,74.125.24.0-255,2902,4671,42,253331
26403,4.3e-05,172.31.46.0-255,66,4737,42,253331
26404,5.1e-05,74.125.24.0-255,7156,11893,42,253331
26405,5.3e-05,172.31.46.0-255,66,11959,42,253331
26406,8.5e-05,74.125.24.0-255,2046,14005,42,253331
26407,8.8e-05,172.31.46.0-255,66,14071,42,253331
26408,0.000111,74.125.24.0-255,1484,15555,42,253331
26409,0.000114,172.31.46.0-255,66,15621,42,253331
26410,0.000119,74.125.24.0-255,2902,18523,42,253331
26411,0.000122,172.31.46.0-255,66,18589,42,253331
26412,0.000148,74.125.24.0-255,5738,24327,42,253331
26413,0.000152,172.31.46.0-255,66,24393,42,253331
26414,0.000155,74.125.24.0-255,1484,25877,42,253331
26415,0.000156,172.31.46.0-255,66,25943,42,253331
26416,0.000189,74.125.24.0-255,5379,31322,42,253331
26417,0.000192,172.31.46.0-255,66,31388,42,253331
26418,0.000425,74.125.24.0-255,1484,32872,42,253331
26419,0.000431,172.31.46.0-255,66,32938,42,253331
26420,0.000437,74.125.24.0-255,2902,35840,42,253331
26421,0.00044,172.31.46.0-255,66,35906,42,253331
26422,0.000469,74.125.24.0-255,5738,41644,42,253331
26423,0.000472,172.31.46.0-255,66,41710,42,253331
26424,0.000478,74.125.24.0-255,4320,46030,42,253331
26425,0.00048,172.31.46.0-255,66,46096,42,253331
26426,0.000521,74.125.24.0-255,2543,48639,42,253331
26427,0.000524,172.31.46.0-255,66,48705,42,253331
26428,0.000584,74.125.24.0-255,1484,50189,42,253331
26429,0.000588,172.31.46.0-255,66,50255,42,253331
26430,0.000593,74.125.24.0-255,2902,53157,42,253331
26431,0.000596,172.31.46.0-255,66,53223,42,253331
26432,0.000629,74.125.24.0-255,4320,57543,42,253331
26433,0.000632,172.31.46.0-255,66,57609,42,253331
26434,0.000665,172.31.46.0-255,66,57675,42,253331
26435,0.000701,74.125.24.0-255,329,58004,42,253331
26436,0.001003,74.125.24.0-255,1484,59488,42,253331
26437,0.001008,74.125.24.0-255,1484,60972,42,253331
26438,0.001013,172.31.46.0-255,66,61038,42,253331
26439,0.001023,74.125.24.0-255,1484,62522,42,253331
26440,0.00103,172.31.46.0-255,66,62588,42,253331
26441,0.001036,74.125.24.0-255,4320,66908,42,253331
26442,0.001039,172.31.46.0-255,66,66974,42,253331
26443,0.00107,74.125.24.0-255,1484,68458,42,253331
26444,0.001079,74.125.24.0-255,7156,75614,42,253331
26445,0.001081,172.31.46.0-255,66,75680,42,253331
26446,0.001109,74.125.24.0-255,6797,82477,42,253331
26447,0.001112,172.31.46.0-255,66,82543,42,253331
26448,0.001135,74.125.24.0-255,4320,86863,42,253331
26449,0.001137,172.31.46.0-255,66,86929,42,253331
26450,0.001162,74.125.24.0-255,5379,92308,42,253331
26451,0.001165,172.31.46.0-255,66,92374,42,253331
26452,0.001425,74.125.24.0-255,1484,93858,42,253331
26453,0.001433,74.125.24.0-255,2902,96760,42,253331
26454,0.001437,172.31.46.0-255,66,96826,42,253331
26455,0.001441,74.125.24.0-255,1484,98310,42,253331
26456,0.001468,74.125.24.0-255,4320,102630,42,253331
26457,0.001471,172.31.46.0-255,66,102696,42,253331
26458,0.001477,74.125.24.0-255,5738,108434,42,253331
26459,0.001479,172.31.46.0-255,66,108500,42,253331
26460,0.001492,74.125.24.0-255,7156,115656,42,253331
26461,0.001494,172.31.46.0-255,66,115722,42,253331
26462,0.001529,74.125.24.0-255,5738,121460,42,253331
26463,0.001532,172.31.46.0-255,66,121526,42,253331
26464,0.001539,74.125.24.0-255,5020,126546,42,253331
26465,0.001542,172.31.46.0-255,66,126612,42,253331
26466,0.001886,74.125.24.0-255,1484,128096,42,253331
26467,0.001894,74.125.24.0-255,2902,130998,42,253331
26468,0.001899,172.31.46.0-255,66,131064,42,253331
26469,0.001934,74.125.24.0-255,5738,136802,42,253331
26470,0.001937,172.31.46.0-255,66,136868,42,253331
26471,0.002002,172.31.46.0-255,66,136934,42,253331
26472,0.002009,74.125.24.0-255,7156,144090,42,253331
26473,0.002012,172.31.46.0-255,66,144156,42,253331
26474,0.002022,74.125.24.0-255,3602,147758,42,253331
26475,0.002024,172.31.46.0-255,66,147824,42,253331
26476,0.002191,74.125.24.0-255,1484,149308,42,253331
26477,0.002197,74.125.24.0-255,2902,152210,42,253331
26478,0.002201,172.31.46.0-255,66,152276,42,253331
26479,0.002205,74.125.24.0-255,1484,153760,42,253331
26480,0.002231,74.125.24.0-255,4320,158080,42,253331
26481,0.002234,172.31.46.0-255,66,158146,42,253331
26482,0.002246,172.31.46.0-255,66,158212,42,253331
26483,0.00227,74.125.24.0-255,2902,161114,42,253331
26484,0.002272,172.31.46.0-255,66,161180,42,253331
26485,0.002289,172.31.46.0-255,66,161246,42,253331
26486,0.002332,74.125.24.0-255,1484,162730,42,253331
26487,0.002335,74.125.24.0-255,1484,164214,42,253331
26488,0.002337,172.31.46.0-255,66,164280,42,253331
26489,0.002361,74.125.24.0-255,1484,165764,42,253331
26490,0.002366,74.125.24.0-255,4320,170084,42,253331
26491,0.002369,172.31.46.0-255,66,170150,42,253331
26492,0.002381,172.31.46.0-255,66,170216,42,253331
26493,0.002392,74.125.24.0-255,5738,175954,42,253331
26494,0.002394,172.31.46.0-255,66,176020,42,253331
26495,0.00243,74.125.24.0-255,1484,177504,42,253331
26496,0.002433,74.125.24.0-255,1484,178988,42,253331
26497,0.002435,172.31.46.0-255,66,179054,42,253331
26498,0.00244,74.125.24.0-255,4320,183374,42,253331
26499,0.002443,172.31.46.0-255,66,183440,42,253331
26500,0.002452,74.125.24.0-255,3602,187042,42,253331
26501,0.002454,172.31.46.0-255,66,187108,42,253331
26502,0.002559,74.125.24.0-255,1484,188592,42,253331
26503,0.002576,74.125.24.0-255,2902,191494,42,253331
26504,0.002578,172.31.46.0-255,66,191560,42,253331
26505,0.002605,74.125.24.0-255,5738,197298,42,253331
26506,0.002608,172.31.46.0-255,66,197364,42,253331
26507,0.002611,74.125.24.0-255,1484,198848,42,253331
26508,0.002646,172.31.46.0-255,66,198914,42,253331
26509,0.002662,74.125.24.0-255,1484,200398,42,253331
26510,0.002694,172.31.46.0-255,66,200464,42,253331
26511,0.002775,74.125.24.0-255,1484,201948,42,253331
26512,0.002787,74.125.24.0-255,1484,203432,42,253331
26513,0.002789,172.31.46.0-255,66,203498,42,253331
26514,0.002813,74.125.24.0-255,1484,204982,42,253331
26515,0.00282,74.125.24.0-255,5738,210720,42,253331
26516,0.002822,172.31.46.0-255,66,210786,42,253331
26517,0.00283,74.125.24.0-255,7156,217942,42,253331
26518,0.002832,172.31.46.0-255,66,218008,42,253331
26519,0.002872,172.31.46.0-255,66,218074,42,253331
26520,0.002901,74.125.24.0-255,2902,220976,42,253331
26521,0.002903,172.31.46.0-255,66,221042,42,253331
26522,0.002907,74.125.24.0-255,2184,223226,42,253331
26523,0.002909,172.31.46.0-255,66,223292,42,253331
26524,0.002912,74.125.24.0-255,1484,224776,42,253331
26525,0.002922,74.125.24.0-255,5738,230514,42,253331
26526,0.002924,172.31.46.0-255,66,230580,42,253331
26527,0.002927,74.125.24.0-255,1484,232064,42,253331
26528,0.002942,172.31.46.0-255,66,232130,42,253331
26529,0.002949,74.125.24.0-255,7156,239286,42,253331
26530,0.002951,172.31.46.0-255,66,239352,42,253331
26531,0.002954,74.125.24.0-255,1484,240836,42,253331
26532,0.003028,172.31.46.0-255,66,240902,42,253331
26533,0.00303,74.125.24.0-255,1484,242386,42,253331
26534,0.003047,172.31.46.0-255,66,242452,42,253331
26535,0.003061,172.31.46.0-255,66,242518,42,253331
26536,0.003064,74.125.24.0-255,1484,244002,42,253331
26537,0.003107,172.31.46.0-255,66,244068,42,253331
26538,0.003113,74.125.24.0-255,5738,249806,42,253331
26539,0.003116,172.31.46.0-255,66,249872,42,253331
26540,0.003126,74.125.24.0-255,3051,252923,42,253331
26541,0.003129,172.31.46.0-255,66,252989,42,253331
26542,0.003164,74.125.24.0-255,105,253094,42,253331
26543,0.008077,172.31.46.0-255,66,253160,42,253331
26544,0.008117,172.31.46.0-255,105,253265,42,253331
26545,0.010372,74.125.24.0-255,66,253331,42,253331
26546,0.0,172.31.46.0-255,66,66,42,66
26547,0.0,74.125.24.0-255,146,146,42,221105
26548,2.8e-05,172.31.46.0-255,66,212,42,221105
26549,3.6e-05,74.125.24.0-255,1484,1696,42,221105
26550,4e-05,172.31.46.0-255,66,1762,42,221105
26551,4.5e-05,74.125.24.0-255,2902,4664,42,221105
26552,4.9e-05,172.31.46.0-255,66,4730,42,221105
26553,5.7e-05,74.125.24.0-255,7156,11886,42,221105
26554,6.1e-05,172.31.46.0-255,66,11952,42,221105
26555,6.6e-05,74.125.24.0-255,2106,14058,42,221105
26556,6.9e-05,172.31.46.0-255,66,14124,42,221105
26557,0.000102,74.125.24.0-255,2902,17026,42,221105
26558,0.000105,172.31.46.0-255,66,17092,42,221105
26559,0.000108,74.125.24.0-255,1484,18576,42,221105
26560,0.000111,172.31.46.0-255,66,18642,42,221105
26561,0.000145,74.125.24.0-255,5738,24380,42,221105
26562,0.000148,172.31.46.0-255,66,24446,42,221105
26563,0.00017,74.125.24.0-255,6797,31243,42,221105
26564,0.000172,172.31.46.0-255,66,31309,42,221105
26565,0.000246,74.125.24.0-255,1484,32793,42,221105
26566,0.000249,172.31.46.0-255,66,32859,42,221105
26567,0.000254,74.125.24.0-255,2902,35761,42,221105
26568,0.000256,172.31.46.0-255,66,35827,42,221105
26569,0.00026,74.125.24.0-255,1484,37311,42,221105
26570,0.000262,172.31.46.0-255,66,37377,42,221105
26571,0.000293,74.125.24.0-255,1484,38861,42,221105
26572,0.000296,172.31.46.0-255,66,38927,42,221105
26573,0.000304,74.125.24.0-255,7156,46083,42,221105
26574,0.000306,172.31.46.0-255,66,46149,42,221105
26575,0.000349,172.31.46.0-255,66,46215,42,221105
26576,0.000353,74.125.24.0-255,2543,48758,42,221105
26577,0.000355,172.31.46.0-255,66,48824,42,221105
26578,0.000358,74.125.24.0-255,679,49503,42,221105
26579,0.00036,172.31.46.0-255,66,49569,42,221105
26580,0.000576,74.125.24.0-255,1484,51053,42,221105
26581,0.000581,172.31.46.0-255,66,51119,42,221105
26582,0.000587,74.125.24.0-255,2902,54021,42,221105
26583,0.00059,172.31.46.0-255,66,54087,42,221105
26584,0.000597,74.125.24.0-255,5738,59825,42,221105
26585,0.000599,172.31.46.0-255,66,59891,42,221105
26586,0.000658,172.31.46.0-255,66,59957,42,221105
26587,0.00067,172.31.46.0-255,66,60023,42,221105
26588,0.000693,74.125.24.0-255,1484,61507,42,221105
26589,0.000696,172.31.46.0-255,66,61573,42,221105
26590,0.0007,74.125.24.0-255,2902,64475,42,221105
26591,0.000702,172.31.46.0-255,66,64541,42,221105
26592,0.000709,74.125.24.0-255,5738,70279,42,221105
26593,0.000711,172.31.46.0-255,66,70345,42,221105
26594,0.000719,74.125.24.0-255,5738,76083,42,221105
26595,0.000721,172.31.46.0-255,66,76149,42,221105
26596,0.000754,74.125.24.0-255,7156,83305,42,221105
26597,0.000763,74.125.24.0-255,7156,90461,42,221105
26598,0.000771,172.31.46.0-255,66,90527,42,221105
26599,0.000792,74.125.24.0-255,3602,94129,42,221105
26600,0.000806,172.31.46.0-255,66,94195,42,221105
26601,0.000828,74.125.24.0-255,4320,98515,42,221105
26602,0.000843,74.125.24.0-255,4320,102835,42,221105
26603,0.000856,74.125.24.0-255,1484,104319,42,221105
26604,0.000865,172.31.46.0-255,66,104385,42,221105
26605,0.000892,74.125.24.0-255,2902,107287,42,221105
26606,0.000898,172.31.46.0-255,66,107353,42,221105
26607,0.000931,172.31.46.0-255,66,107419,42,221105
26608,0.000948,74.125.24.0-255,1484,108903,42,221105
26609,0.000967,74.125.24.0-255,2902,111805,42,221105
26610,0.000974,74.125.24.0-255,5738,117543,42,221105
26611,0.001007,74.125.24.0-255,2902,120445,42,221105
26612,0.001014,172.31.46.0-255,66,120511,42,221105
26613,0.001049,74.125.24.0-255,5738,126249,42,221105
26614,0.001073,74.125.24.0-255,6438,132687,42,221105
26615,0.001076,172.31.46.0-255,66,132753,42,221105
26616,0.001081,172.31.46.0-255,66,132819,42,221105
26617,0.001096,74.125.24.0-255,1484,134303,42,221105
26618,0.001112,74.125.24.0-255,2902,137205,42,221105
26619,0.001115,74.125.24.0-255,1484,138689,42,221105
26620,0.001129,74.125.24.0-255,4320,143009,42,221105
26621,0.001136,172.31.46.0-255,66,143075,42,221105
26622,0.001161,74.125.24.0-255,1484,144559,42,221105
26623,0.001181,172.31.46.0-255,66,144625,42,221105
26624,0.001198,74.125.24.0-255,7156,151781,42,221105
26625,0.001216,172.31.46.0-255,66,151847,42,221105
26626,0.001222,74.125.24.0-255,2184,154031,42,221105
26627,0.001226,172.31.46.0-255,66,154097,42,221105
26628,0.001447,74.125.24.0-255,1484,155581,42,221105
26629,0.001452,74.125.24.0-255,2902,158483,42,221105
26630,0.001471,74.125.24.0-255,5738,164221,42,221105
26631,0.001485,172.31.46.0-255,66,164287,42,221105
26632,0.001488,74.125.24.0-255,1484,165771,42,221105
26633,0.001531,74.125.24.0-255,1484,167255,42,221105
26634,0.001544,74.125.24.0-255,2184,169439,42,221105
26635,0.001584,172.31.46.0-255,66,169505,42,221105
26636,0.001638,74.125.24.0-255,1484,170989,42,221105
26637,0.001644,74.125.24.0-255,2902,173891,42,221105
26638,0.00165,172.31.46.0-255,66,173957,42,221105
26639,0.001676,74.125.24.0-255,5738,179695,42,221105
26640,0.0017,172.31.46.0-255,66,179761,42,221105
26641,0.001705,74.125.24.0-255,2902,182663,42,221105
26642,0.001721,172.31.46.0-255,66,182729,42,221105
26643,0.001735,74.125.24.0-255,7156,189885,42,221105
26644,0.001752,74.125.24.0-255,4320,194205,42,221105
26645,0.001755,74.125.24.0-255,1484,195689,42,221105
26646,0.001802,74.125.24.0-255,1484,197173,42,221105
26647,0.001826,172.31.46.0-255,66,197239,42,221105
26648,0.001848,74.125.24.0-255,2184,199423,42,221105
26649,0.001879,74.125.24.0-255,5738,205161,42,221105
26650,0.001886,172.31.46.0-255,66,205227,42,221105
26651,0.001898,74.125.24.0-255,7156,212383,42,221105
26652,0.001902,74.125.24.0-255,2902,215285,42,221105
26653,0.001908,172.31.46.0-255,66,215351,42,221105
26654,0.001923,74.125.24.0-255,5412,220763,42,221105
26655,0.001948,74.125.24.0-255,105,220868,42,221105
26656,0.001954,172.31.46.0-255,66,220934,42,221105
26657,0.004536,172.31.46.0-255,105,221039,42,221105
26658,0.006822,74.125.24.0-255,66,221105,42,221105
26659,0.0,172.217.194.0-255,153,153,42,199307
26660,2.3e-05,172.31.46.0-255,66,219,42,199307
26661,3.1e-05,172.217.194.0-255,1484,1703,42,199307
26662,3.6e-05,172.31.46.0-255,66,1769,42,199307
26663,4.9e-05,172.217.194.0-255,2902,4671,42,199307
26664,5.3e-05,172.31.46.0-255,66,4737,42,199307
26665,6.1e-05,172.217.194.0-255,7156,11893,42,199307
26666,6.5e-05,172.31.46.0-255,66,11959,42,199307
26667,8.9e-05,172.217.194.0-255,2085,14044,42,199307
26668,9.6e-05,172.31.46.0-255,66,14110,42,199307
26669,0.000101,172.217.194.0-255,2902,17012,42,199307
26670,0.000103,172.31.46.0-255,66,17078,42,199307
26671,0.000132,172.217.194.0-255,7156,24234,42,199307
26672,0.000135,172.31.46.0-255,66,24300,42,199307
26673,0.000144,172.217.194.0-255,2902,27202,42,199307
26674,0.000146,172.31.46.0-255,66,27268,42,199307
26675,0.00017,172.217.194.0-255,3961,31229,42,199307
26676,0.000176,172.31.46.0-255,66,31295,42,199307
26677,0.000213,172.217.194.0-255,1484,32779,42,199307
26678,0.000215,172.31.46.0-255,66,32845,42,199307
26679,0.000222,172.217.194.0-255,2902,35747,42,199307
26680,0.000224,172.31.46.0-255,66,35813,42,199307
26681,0.000254,172.217.194.0-255,5738,41551,42,199307
26682,0.000257,172.31.46.0-255,66,41617,42,199307
26683,0.000261,172.217.194.0-255,2902,44519,42,199307
26684,0.000263,172.31.46.0-255,66,44585,42,199307
26685,0.000293,172.217.194.0-255,7156,51741,42,199307
26686,0.000295,172.31.46.0-255,66,51807,42,199307
26687,0.000308,172.217.194.0-255,3961,55768,42,199307
26688,0.00031,172.31.46.0-255,66,55834,42,199307
26689,0.00032,172.217.194.0-255,4320,60154,42,199307
26690,0.000322,172.31.46.0-255,66,60220,42,199307
26691,0.000354,172.217.194.0-255,5998,66218,42,199307
26692,0.000357,172.31.46.0-255,66,66284,42,199307
26693,0.00077,172.217.194.0-255,1484,67768,42,199307
26694,0.000777,172.217.194.0-255,2902,70670,42,199307
26695,0.000781,172.31.46.0-255,66,70736,42,199307
26696,0.000785,172.217.194.0-255,1484,72220,42,199307
26697,0.000815,172.217.194.0-255,4320,76540,42,199307
26698,0.000818,172.31.46.0-255,66,76606,42,199307
26699,0.000823,172.217.194.0-255,4320,80926,42,199307
26700,0.000825,172.31.46.0-255,66,80992,42,199307
26701,0.000836,172.217.194.0-255,5738,86730,42,199307
26702,0.000838,172.31.46.0-255,66,86796,42,199307
26703,0.000844,172.217.194.0-255,4320,91116,42,199307
26704,0.000846,172.31.46.0-255,66,91182,42,199307
26705,0.000881,172.217.194.0-255,7156,98338,42,199307
26706,0.000885,172.31.46.0-255,66,98404,42,199307
26707,0.000889,172.217.194.0-255,2184,100588,42,199307
26708,0.000891,172.31.46.0-255,66,100654,42,199307
26709,0.001051,172.217.194.0-255,1484,102138,42,199307
26710,0.001056,172.217.194.0-255,1484,103622,42,199307
26711,0.001059,172.31.46.0-255,66,103688,42,199307
26712,0.001087,172.217.194.0-255,1484,105172,42,199307
26713,0.001093,172.217.194.0-255,5738,110910,42,199307
26714,0.001096,172.31.46.0-255,66,110976,42,199307
26715,0.001129,172.217.194.0-255,2902,113878,42,199307
26716,0.001131,172.31.46.0-255,66,113944,42,199307
26717,0.001174,172.31.46.0-255,66,114010,42,199307
26718,0.001182,172.31.46.0-255,66,114076,42,199307
26719,0.001191,172.217.194.0-255,2184,116260,42,199307
26720,0.001193,172.31.46.0-255,66,116326,42,199307
26721,0.001258,172.217.194.0-255,1484,117810,42,199307
26722,0.001263,172.217.194.0-255,2902,120712,42,199307
26723,0.001267,172.31.46.0-255,66,120778,42,199307
26724,0.001272,172.217.194.0-255,4320,125098,42,199307
26725,0.001275,172.31.46.0-255,66,125164,42,199307
26726,0.001294,172.217.194.0-255,1484,126648,42,199307
26727,0.001302,172.217.194.0-255,2902,129550,42,199307
26728,0.001304,172.31.46.0-255,66,129616,42,199307
26729,0.001332,172.31.46.0-255,66,129682,42,199307
26730,0.001345,172.31.46.0-255,66,129748,42,199307
26731,0.001648,172.217.194.0-255,1484,131232,42,199307
26732,0.001654,172.217.194.0-255,2902,134134,42,199307
26733,0.001657,172.31.46.0-255,66,134200,42,199307
26734,0.001687,172.217.194.0-255,5738,139938,42,199307
26735,0.00169,172.31.46.0-255,66,140004,42,199307
26736,0.001697,172.217.194.0-255,7156,147160,42,199307
26737,0.001699,172.31.46.0-255,66,147226,42,199307
26738,0.001742,172.31.46.0-255,66,147292,42,199307
26739,0.001746,172.217.194.0-255,2184,149476,42,199307
26740,0.001748,172.31.46.0-255,66,149542,42,199307
26741,0.002437,172.217.194.0-255,1484,151026,42,199307
26742,0.002444,172.217.194.0-255,2902,153928,42,199307
26743,0.002448,172.31.46.0-255,66,153994,42,199307
26744,0.002475,172.217.194.0-255,5738,159732,42,199307
26745,0.002478,172.31.46.0-255,66,159798,42,199307
26746,0.002484,172.217.194.0-255,4320,164118,42,199307
26747,0.002486,172.31.46.0-255,66,164184,42,199307
26748,0.002521,172.31.46.0-255,66,164250,42,199307
26749,0.002556,172.31.46.0-255,66,164316,42,199307
26750,0.005079,172.217.194.0-255,5738,170054,42,199307
26751,0.005086,172.31.46.0-255,66,170120,42,199307
26752,0.007627,172.217.194.0-255,5738,175858,42,199307
26753,0.007633,172.31.46.0-255,66,175924,42,199307
26754,0.010173,172.217.194.0-255,5738,181662,42,199307
26755,0.010181,172.31.46.0-255,66,181728,42,199307
26756,0.01272,172.217.194.0-255,5738,187466,42,199307
26757,0.012729,172.31.46.0-255,66,187532,42,199307
26758,0.014638,172.31.46.0-255,101,187633,42,199307
26759,0.015283,172.217.194.0-255,5738,193371,42,199307
26760,0.01529,172.31.46.0-255,66,193437,42,199307
26761,0.017147,172.217.194.0-255,66,193503,42,199307
26762,0.017837,172.217.194.0-255,5738,199241,42,199307
26763,0.017843,172.31.46.0-255,66,199307,42,199307
26764,0.0,74.125.24.0-255,146,146,42,200244
26765,2.4e-05,172.31.46.0-255,66,212,42,200244
26766,3.1e-05,74.125.24.0-255,1484,1696,42,200244
26767,3.6e-05,172.31.46.0-255,66,1762,42,200244
26768,4.2e-05,74.125.24.0-255,2902,4664,42,200244
26769,4.6e-05,172.31.46.0-255,66,4730,42,200244
26770,5.3e-05,74.125.24.0-255,5738,10468,42,200244
26771,5.6e-05,172.31.46.0-255,66,10534,42,200244
26772,8.8e-05,74.125.24.0-255,3461,13995,42,200244
26773,9.1e-05,172.31.46.0-255,66,14061,42,200244
26774,0.000125,74.125.24.0-255,1484,15545,42,200244
26775,0.000129,172.31.46.0-255,66,15611,42,200244
26776,0.000134,74.125.24.0-255,2902,18513,42,200244
26777,0.000136,172.31.46.0-255,66,18579,42,200244
26778,0.000142,74.125.24.0-255,5738,24317,42,200244
26779,0.000145,172.31.46.0-255,66,24383,42,200244
26780,0.000191,74.125.24.0-255,4320,28703,42,200244
26781,0.000194,172.31.46.0-255,66,28769,42,200244
26782,0.000207,74.125.24.0-255,2543,31312,42,200244
26783,0.00021,172.31.46.0-255,66,31378,42,200244
26784,0.000268,74.125.24.0-255,1484,32862,42,200244
26785,0.000271,172.31.46.0-255,66,32928,42,200244
26786,0.000275,74.125.24.0-255,2902,35830,42,200244
26787,0.000278,172.31.46.0-255,66,35896,42,200244
26788,0.0003,74.125.24.0-255,5738,41634,42,200244
26789,0.000302,172.31.46.0-255,66,41700,42,200244
26790,0.000317,74.125.24.0-255,2902,44602,42,200244
26791,0.000319,172.31.46.0-255,66,44668,42,200244
26792,0.000354,172.31.46.0-255,66,44734,42,200244
26793,0.000406,172.31.46.0-255,66,44800,42,200244
26794,0.000888,74.125.24.0-255,646,45446,42,200244
26795,0.000893,172.31.46.0-255,66,45512,42,200244
26796,0.00103,74.125.24.0-255,1484,46996,42,200244
26797,0.001035,172.31.46.0-255,66,47062,42,200244
26798,0.00104,74.125.24.0-255,2902,49964,42,200244
26799,0.001043,172.31.46.0-255,66,50030,42,200244
26800,0.001047,74.125.24.0-255,2902,52932,42,200244
26801,0.00105,172.31.46.0-255,66,52998,42,200244
26802,0.001069,74.125.24.0-255,2902,55900,42,200244
26803,0.001071,172.31.46.0-255,66,55966,42,200244
26804,0.001084,172.31.46.0-255,66,56032,42,200244
26805,0.001111,74.125.24.0-255,1484,57516,42,200244
26806,0.001124,172.31.46.0-255,66,57582,42,200244
26807,0.001127,172.31.46.0-255,66,57648,42,200244
26808,0.001138,74.125.24.0-255,2184,59832,42,200244
26809,0.001141,172.31.46.0-255,66,59898,42,200244
26810,0.001242,74.125.24.0-255,1484,61382,42,200244
26811,0.001246,172.31.46.0-255,66,61448,42,200244
26812,0.001252,74.125.24.0-255,2902,64350,42,200244
26813,0.001254,172.31.46.0-255,66,64416,42,200244
26814,0.001257,74.125.24.0-255,1484,65900,42,200244
26815,0.001259,172.31.46.0-255,66,65966,42,200244
26816,0.001286,74.125.24.0-255,4320,70286,42,200244
26817,0.001289,172.31.46.0-255,66,70352,42,200244
26818,0.001301,172.31.46.0-255,66,70418,42,200244
26819,0.001304,74.125.24.0-255,1484,71902,42,200244
26820,0.001306,172.31.46.0-255,66,71968,42,200244
26821,0.001346,172.31.46.0-255,66,72034,42,200244
26822,0.001456,74.125.24.0-255,1484,73518,42,200244
26823,0.001459,172.31.46.0-255,66,73584,42,200244
26824,0.001465,74.125.24.0-255,2902,76486,42,200244
26825,0.001468,172.31.46.0-255,66,76552,42,200244
26826,0.001473,74.125.24.0-255,4320,80872,42,200244
26827,0.001476,172.31.46.0-255,66,80938,42,200244
26828,0.001497,74.125.24.0-255,1484,82422,42,200244
26829,0.0015,172.31.46.0-255,66,82488,42,200244
26830,0.001507,74.125.24.0-255,4320,86808,42,200244
26831,0.001509,172.31.46.0-255,66,86874,42,200244
26832,0.001538,74.125.24.0-255,5738,92612,42,200244
26833,0.00154,172.31.46.0-255,66,92678,42,200244
26834,0.001564,74.125.24.0-255,2902,95580,42,200244
26835,0.001567,172.31.46.0-255,66,95646,42,200244
26836,0.001577,172.31.46.0-255,66,95712,42,200244
26837,0.001581,74.125.24.0-255,2184,97896,42,200244
26838,0.001584,172.31.46.0-255,66,97962,42,200244
26839,0.001638,74.125.24.0-255,1484,99446,42,200244
26840,0.001641,172.31.46.0-255,66,99512,42,200244
26841,0.001645,74.125.24.0-255,2902,102414,42,200244
26842,0.001648,172.31.46.0-255,66,102480,42,200244
26843,0.001651,74.125.24.0-255,1484,103964,42,200244
26844,0.001653,172.31.46.0-255,66,104030,42,200244
26845,0.001669,74.125.24.0-255,4320,108350,42,200244
26846,0.001671,172.31.46.0-255,66,108416,42,200244
26847,0.001678,74.125.24.0-255,7156,115572,42,200244
26848,0.00168,172.31.46.0-255,66,115638,42,200244
26849,0.001723,172.31.46.0-255,66,115704,42,200244
26850,0.001727,74.125.24.0-255,2184,117888,42,200244
26851,0.001729,172.31.46.0-255,66,117954,42,200244
26852,0.001817,74.125.24.0-255,1484,119438,42,200244
26853,0.001821,172.31.46.0-255,66,119504,42,200244
26854,0.001825,74.125.24.0-255,1484,120988,42,200244
26855,0.001828,172.31.46.0-255,66,121054,42,200244
26856,0.00185,74.125.24.0-255,1484,122538,42,200244
26857,0.001853,172.31.46.0-255,66,122604,42,200244
26858,0.00186,74.125.24.0-255,5738,128342,42,200244
26859,0.001862,172.31.46.0-255,66,128408,42,200244
26860,0.001874,172.31.46.0-255,66,128474,42,200244
26861,0.001888,74.125.24.0-255,2902,131376,42,200244
26862,0.00189,172.31.46.0-255,66,131442,42,200244
26863,0.001908,74.125.24.0-255,2902,134344,42,200244
26864,0.001911,172.31.46.0-255,66,134410,42,200244
26865,0.001931,172.31.46.0-255,66,134476,42,200244
26866,0.00196,172.31.46.0-255,66,134542,42,200244
26867,0.001984,74.125.24.0-255,1484,136026,42,200244
26868,0.002007,172.31.46.0-255,66,136092,42,200244
26869,0.002011,172.31.46.0-255,66,136158,42,200244
26870,0.002016,74.125.24.0-255,4320,140478,42,200244
26871,0.002019,172.31.46.0-255,66,140544,42,200244
26872,0.002041,172.31.46.0-255,66,140610,42,200244
26873,0.002073,74.125.24.0-255,5738,146348,42,200244
26874,0.002076,172.31.46.0-255,66,146414,42,200244
26875,0.002083,74.125.24.0-255,7156,153570,42,200244
26876,0.002086,172.31.46.0-255,66,153636,42,200244
26877,0.002119,172.31.46.0-255,66,153702,42,200244
26878,0.002125,74.125.24.0-255,5738,159440,42,200244
26879,0.002127,172.31.46.0-255,66,159506,42,200244
26880,0.002144,74.125.24.0-255,766,160272,42,200244
26881,0.002147,172.31.46.0-255,66,160338,42,200244
26882,0.002175,74.125.24.0-255,1484,161822,42,200244
26883,0.002177,172.31.46.0-255,66,161888,42,200244
26884,0.002182,74.125.24.0-255,2902,164790,42,200244
26885,0.002184,172.31.46.0-255,66,164856,42,200244
26886,0.00219,74.125.24.0-255,5738,170594,42,200244
26887,0.002193,172.31.46.0-255,66,170660,42,200244
26888,0.002224,172.31.46.0-255,66,170726,42,200244
26889,0.002244,74.125.24.0-255,4320,175046,42,200244
26890,0.002247,172.31.46.0-255,66,175112,42,200244
26891,0.002275,172.31.46.0-255,66,175178,42,200244
26892,0.002311,74.125.24.0-255,5738,180916,42,200244
26893,0.002313,172.31.46.0-255,66,180982,42,200244
26894,0.002342,74.125.24.0-255,5738,186720,42,200244
26895,0.002346,172.31.46.0-255,66,186786,42,200244
26896,0.002353,74.125.24.0-255,7156,193942,42,200244
26897,0.002356,172.31.46.0-255,66,194008,42,200244
26898,0.002442,172.31.46.0-255,66,194074,42,200244
26899,0.002456,172.31.46.0-255,66,194140,42,200244
26900,0.002476,74.125.24.0-255,5696,199836,42,200244
26901,0.002479,172.31.46.0-255,66,199902,42,200244
26902,0.002482,74.125.24.0-255,105,200007,42,200244
26903,0.002484,172.31.46.0-255,66,200073,42,200244
26904,0.008556,172.31.46.0-255,105,200178,42,200244
26905,0.011169,74.125.24.0-255,66,200244,42,200244
26906,0.0,172.217.194.0-255,150,150,42,82287
26907,2.7e-05,172.31.46.0-255,66,216,42,82287
26908,3.4e-05,172.217.194.0-255,1484,1700,42,82287
26909,3.9e-05,172.31.46.0-255,66,1766,42,82287
26910,5.4e-05,172.217.194.0-255,2902,4668,42,82287
26911,5.8e-05,172.31.46.0-255,66,4734,42,82287
26912,6.2e-05,172.217.194.0-255,1484,6218,42,82287
26913,6.5e-05,172.31.46.0-255,66,6284,42,82287
26914,8e-05,172.31.46.0-255,66,6350,42,82287
26915,8.8e-05,172.217.194.0-255,7156,13506,42,82287
26916,9.1e-05,172.31.46.0-255,66,13572,42,82287
26917,0.000116,172.217.194.0-255,2902,16474,42,82287
26918,0.000123,172.31.46.0-255,66,16540,42,82287
26919,0.000129,172.217.194.0-255,4320,20860,42,82287
26920,0.000132,172.31.46.0-255,66,20926,42,82287
26921,0.00017,172.217.194.0-255,1125,22051,42,82287
26922,0.000173,172.31.46.0-255,66,22117,42,82287
26923,0.000178,172.217.194.0-255,1484,23601,42,82287
26924,0.00018,172.31.46.0-255,66,23667,42,82287
26925,0.000224,172.217.194.0-255,2902,26569,42,82287
26926,0.000228,172.31.46.0-255,66,26635,42,82287
26927,0.000234,172.217.194.0-255,5738,32373,42,82287
26928,0.000237,172.31.46.0-255,66,32439,42,82287
26929,0.000275,172.31.46.0-255,66,32505,42,82287
26930,0.000307,172.31.46.0-255,66,32571,42,82287
26931,0.00031,172.217.194.0-255,114,32685,42,82287
26932,0.000312,172.31.46.0-255,66,32751,42,82287
26933,0.000314,172.217.194.0-255,386,33137,42,82287
26934,0.000316,172.31.46.0-255,66,33203,42,82287
26935,0.000582,172.217.194.0-255,1484,34687,42,82287
26936,0.00059,172.217.194.0-255,2902,37589,42,82287
26937,0.000594,172.31.46.0-255,66,37655,42,82287
26938,0.0006,172.217.194.0-255,2902,40557,42,82287
26939,0.000602,172.31.46.0-255,66,40623,42,82287
26940,0.00064,172.217.194.0-255,2902,43525,42,82287
26941,0.000644,172.31.46.0-255,66,43591,42,82287
26942,0.000657,172.31.46.0-255,66,43657,42,82287
26943,0.00067,172.31.46.0-255,66,43723,42,82287
26944,0.000968,172.217.194.0-255,1484,45207,42,82287
26945,0.000975,172.217.194.0-255,2902,48109,42,82287
26946,0.000979,172.31.46.0-255,66,48175,42,82287
26947,0.000984,172.217.194.0-255,2902,51077,42,82287
26948,0.000986,172.31.46.0-255,66,51143,42,82287
26949,0.001011,172.217.194.0-255,2902,54045,42,82287
26950,0.001014,172.31.46.0-255,66,54111,42,82287
26951,0.001017,172.217.194.0-255,1484,55595,42,82287
26952,0.001029,172.31.46.0-255,66,55661,42,82287
26953,0.001112,172.31.46.0-255,66,55727,42,82287
26954,0.001136,172.217.194.0-255,1484,57211,42,82287
26955,0.001152,172.217.194.0-255,2902,60113,42,82287
26956,0.001155,172.31.46.0-255,66,60179,42,82287
26957,0.001159,172.217.194.0-255,2902,63081,42,82287
26958,0.001161,172.31.46.0-255,66,63147,42,82287
26959,0.00118,172.217.194.0-255,2902,66049,42,82287
26960,0.001183,172.31.46.0-255,66,66115,42,82287
26961,0.001197,172.31.46.0-255,66,66181,42,82287
26962,0.0012,172.217.194.0-255,1484,67665,42,82287
26963,0.001239,172.31.46.0-255,66,67731,42,82287
26964,0.001244,172.217.194.0-255,2902,70633,42,82287
26965,0.001246,172.31.46.0-255,66,70699,42,82287
26966,0.00131,172.31.46.0-255,66,70765,42,82287
26967,0.001313,172.31.46.0-255,66,70831,42,82287
26968,0.001349,172.217.194.0-255,4320,75151,42,82287
26969,0.001353,172.31.46.0-255,66,75217,42,82287
26970,0.001357,172.217.194.0-255,1484,76701,42,82287
26971,0.001383,172.217.194.0-255,4320,81021,42,82287
26972,0.001386,172.31.46.0-255,66,81087,42,82287
26973,0.0014,172.31.46.0-255,66,81153,42,82287
26974,0.001419,172.31.46.0-255,66,81219,42,82287
26975,0.001458,172.31.46.0-255,66,81285,42,82287
26976,0.001475,172.31.46.0-255,66,81351,42,82287
26977,0.001566,172.31.46.0-255,66,81417,42,82287
26978,0.001602,172.31.46.0-255,66,81483,42,82287
26979,0.001644,172.31.46.0-255,66,81549,42,82287
26980,0.001665,172.31.46.0-255,66,81615,42,82287
26981,0.001677,172.31.46.0-255,66,81681,42,82287
26982,0.00178,172.31.46.0-255,66,81747,42,82287
26983,0.001793,172.31.46.0-255,66,81813,42,82287
26984,0.001822,172.31.46.0-255,66,81879,42,82287
26985,0.001833,172.31.46.0-255,66,81945,42,82287
26986,0.001836,172.217.194.0-255,105,82050,42,82287
26987,0.009895,172.31.46.0-255,66,82116,42,82287
26988,0.009955,172.31.46.0-255,105,82221,42,82287
26989,0.011992,172.217.194.0-255,66,82287,42,82287
26990,0.0,74.125.68.0-255,153,153,42,253795
26991,1.7e-05,172.31.46.0-255,66,219,42,253795
26992,2.3e-05,74.125.68.0-255,1484,1703,42,253795
26993,2.9e-05,172.31.46.0-255,66,1769,42,253795
26994,3.5e-05,74.125.68.0-255,2902,4671,42,253795
26995,3.9e-05,172.31.46.0-255,66,4737,42,253795
26996,4.6e-05,74.125.68.0-255,5738,10475,42,253795
26997,4.8e-05,172.31.46.0-255,66,10541,42,253795
26998,7.6e-05,74.125.68.0-255,3520,14061,42,253795
26999,7.9e-05,172.31.46.0-255,66,14127,42,253795
27000,0.000202,74.125.68.0-255,1484,15611,42,253795
27001,0.000208,172.31.46.0-255,66,15677,42,253795
27002,0.000213,74.125.68.0-255,2902,18579,42,253795
27003,0.000215,172.31.46.0-255,66,18645,42,253795
27004,0.000219,74.125.68.0-255,1484,20129,42,253795
27005,0.000221,172.31.46.0-255,66,20195,42,253795
27006,0.000252,74.125.68.0-255,4320,24515,42,253795
27007,0.000254,172.31.46.0-255,66,24581,42,253795
27008,0.000271,74.125.68.0-255,5738,30319,42,253795
27009,0.000274,172.31.46.0-255,66,30385,42,253795
27010,0.000289,74.125.68.0-255,1125,31510,42,253795
27011,0.000291,172.31.46.0-255,66,31576,42,253795
27012,0.000298,74.125.68.0-255,7156,38732,42,253795
27013,0.000301,172.31.46.0-255,66,38798,42,253795
27014,0.000319,74.125.68.0-255,2902,41700,42,253795
27015,0.000322,172.31.46.0-255,66,41766,42,253795
27016,0.000327,74.125.68.0-255,4320,46086,42,253795
27017,0.000329,172.31.46.0-255,66,46152,42,253795
27018,0.000369,74.125.68.0-255,2543,48695,42,253795
27019,0.000371,172.31.46.0-255,66,48761,42,253795
27020,0.000417,74.125.68.0-255,1484,50245,42,253795
27021,0.00042,172.31.46.0-255,66,50311,42,253795
27022,0.000425,74.125.68.0-255,2902,53213,42,253795
27023,0.000427,172.31.46.0-255,66,53279,42,253795
27024,0.000452,74.125.68.0-255,5738,59017,42,253795
27025,0.000455,172.31.46.0-255,66,59083,42,253795
27026,0.000476,74.125.68.0-255,1484,60567,42,253795
27027,0.000495,74.125.68.0-255,2902,63469,42,253795
27028,0.000498,172.31.46.0-255,66,63535,42,253795
27029,0.000516,74.125.68.0-255,2543,66078,42,253795
27030,0.000519,172.31.46.0-255,66,66144,42,253795
27031,0.000589,74.125.68.0-255,416,66560,42,253795
27032,0.000628,74.125.68.0-255,1484,68044,42,253795
27033,0.000632,172.31.46.0-255,66,68110,42,253795
27034,0.000636,74.125.68.0-255,1484,69594,42,253795
27035,0.000655,74.125.68.0-255,2902,72496,42,253795
27036,0.000657,172.31.46.0-255,66,72562,42,253795
27037,0.000661,74.125.68.0-255,1484,74046,42,253795
27038,0.000682,74.125.68.0-255,5738,79784,42,253795
27039,0.000684,172.31.46.0-255,66,79850,42,253795
27040,0.000689,74.125.68.0-255,4320,84170,42,253795
27041,0.000691,172.31.46.0-255,66,84236,42,253795
27042,0.000722,74.125.68.0-255,4320,88556,42,253795
27043,0.000725,172.31.46.0-255,66,88622,42,253795
27044,0.000731,74.125.68.0-255,5738,94360,42,253795
27045,0.000734,172.31.46.0-255,66,94426,42,253795
27046,0.00075,74.125.68.0-255,6438,100864,42,253795
27047,0.000753,172.31.46.0-255,66,100930,42,253795
27048,0.000756,74.125.68.0-255,329,101259,42,253795
27049,0.001183,74.125.68.0-255,1484,102743,42,253795
27050,0.001188,172.31.46.0-255,66,102809,42,253795
27051,0.001194,74.125.68.0-255,2902,105711,42,253795
27052,0.001196,172.31.46.0-255,66,105777,42,253795
27053,0.001234,74.125.68.0-255,5738,111515,42,253795
27054,0.001237,172.31.46.0-255,66,111581,42,253795
27055,0.001242,74.125.68.0-255,2902,114483,42,253795
27056,0.001245,172.31.46.0-255,66,114549,42,253795
27057,0.00125,74.125.68.0-255,4320,118869,42,253795
27058,0.001252,172.31.46.0-255,66,118935,42,253795
27059,0.001256,74.125.68.0-255,2902,121837,42,253795
27060,0.001258,172.31.46.0-255,66,121903,42,253795
27061,0.00129,74.125.68.0-255,5738,127641,42,253795
27062,0.001292,172.31.46.0-255,66,127707,42,253795
27063,0.001303,172.31.46.0-255,66,127773,42,253795
27064,0.001502,74.125.68.0-255,1484,129257,42,253795
27065,0.001508,74.125.68.0-255,2902,132159,42,253795
27066,0.001511,172.31.46.0-255,66,132225,42,253795
27067,0.001533,74.125.68.0-255,2902,135127,42,253795
27068,0.001535,172.31.46.0-255,66,135193,42,253795
27069,0.00155,74.125.68.0-255,2902,138095,42,253795
27070,0.001552,172.31.46.0-255,66,138161,42,253795
27071,0.001573,74.125.68.0-255,1484,139645,42,253795
27072,0.001581,74.125.68.0-255,7156,146801,42,253795
27073,0.001583,172.31.46.0-255,66,146867,42,253795
27074,0.001603,74.125.68.0-255,2902,149769,42,253795
27075,0.001605,172.31.46.0-255,66,149835,42,253795
27076,0.00163,74.125.68.0-255,5738,155573,42,253795
27077,0.001632,172.31.46.0-255,66,155639,42,253795
27078,0.001665,74.125.68.0-255,2902,158541,42,253795
27079,0.001668,172.31.46.0-255,66,158607,42,253795
27080,0.001685,74.125.68.0-255,2902,161509,42,253795
27081,0.001688,172.31.46.0-255,66,161575,42,253795
27082,0.001742,74.125.68.0-255,766,162341,42,253795
27083,0.001907,74.125.68.0-255,1484,163825,42,253795
27084,0.001911,172.31.46.0-255,66,163891,42,253795
27085,0.00193,74.125.68.0-255,2902,166793,42,253795
27086,0.001934,172.31.46.0-255,66,166859,42,253795
27087,0.001945,74.125.68.0-255,1484,168343,42,253795
27088,0.001962,74.125.68.0-255,4320,172663,42,253795
27089,0.001965,172.31.46.0-255,66,172729,42,253795
27090,0.00197,74.125.68.0-255,4320,177049,42,253795
27091,0.001973,172.31.46.0-255,66,177115,42,253795
27092,0.001977,74.125.68.0-255,2902,180017,42,253795
27093,0.001979,172.31.46.0-255,66,180083,42,253795
27094,0.001992,74.125.68.0-255,2902,182985,42,253795
27095,0.001994,172.31.46.0-255,66,183051,42,253795
27096,0.002036,172.31.46.0-255,66,183117,42,253795
27097,0.002041,74.125.68.0-255,2184,185301,42,253795
27098,0.002043,172.31.46.0-255,66,185367,42,253795
27099,0.002241,74.125.68.0-255,1484,186851,42,253795
27100,0.002245,74.125.68.0-255,1484,188335,42,253795
27101,0.002248,172.31.46.0-255,66,188401,42,253795
27102,0.002265,74.125.68.0-255,1484,189885,42,253795
27103,0.002269,74.125.68.0-255,2902,192787,42,253795
27104,0.002271,172.31.46.0-255,66,192853,42,253795
27105,0.00229,74.125.68.0-255,4320,197173,42,253795
27106,0.002292,172.31.46.0-255,66,197239,42,253795
27107,0.002333,74.125.68.0-255,7156,204395,42,253795
27108,0.002337,172.31.46.0-255,66,204461,42,253795
27109,0.002354,74.125.68.0-255,1484,205945,42,253795
27110,0.002375,74.125.68.0-255,7156,213101,42,253795
27111,0.002377,172.31.46.0-255,66,213167,42,253795
27112,0.004739,74.125.68.0-255,5738,218905,42,253795
27113,0.004745,172.31.46.0-255,66,218971,42,253795
27114,0.007117,74.125.68.0-255,5738,224709,42,253795
27115,0.007122,172.31.46.0-255,66,224775,42,253795
27116,0.009489,74.125.68.0-255,5738,230513,42,253795
27117,0.009496,172.31.46.0-255,66,230579,42,253795
27118,0.011858,74.125.68.0-255,5738,236317,42,253795
27119,0.011865,172.31.46.0-255,66,236383,42,253795
27120,0.014238,74.125.68.0-255,5738,242121,42,253795
27121,0.014247,172.31.46.0-255,66,242187,42,253795
27122,0.016611,74.125.68.0-255,5738,247925,42,253795
27123,0.016621,172.31.46.0-255,66,247991,42,253795
27124,0.018989,74.125.68.0-255,5738,253729,42,253795
27125,0.019009,172.31.46.0-255,66,253795,42,253795
27126,0.0,172.217.194.0-255,146,146,42,100161
27127,2.4e-05,172.31.46.0-255,66,212,42,100161
27128,3.1e-05,172.217.194.0-255,1484,1696,42,100161
27129,3.6e-05,172.31.46.0-255,66,1762,42,100161
27130,4.9e-05,172.217.194.0-255,2902,4664,42,100161
27131,5.4e-05,172.31.46.0-255,66,4730,42,100161
27132,6.2e-05,172.217.194.0-255,7156,11886,42,100161
27133,6.6e-05,172.31.46.0-255,66,11952,42,100161
27134,7e-05,172.217.194.0-255,2044,13996,42,100161
27135,7.3e-05,172.31.46.0-255,66,14062,42,100161
27136,0.000136,172.31.46.0-255,66,14128,42,100161
27137,0.000142,172.217.194.0-255,5379,19507,42,100161
27138,0.000145,172.31.46.0-255,66,19573,42,100161
27139,0.000198,172.217.194.0-255,1484,21057,42,100161
27140,0.000201,172.31.46.0-255,66,21123,42,100161
27141,0.000222,172.217.194.0-255,2902,24025,42,100161
27142,0.000224,172.31.46.0-255,66,24091,42,100161
27143,0.000247,172.217.194.0-255,5738,29829,42,100161
27144,0.000251,172.31.46.0-255,66,29895,42,100161
27145,0.000254,172.217.194.0-255,1484,31379,42,100161
27146,0.000256,172.31.46.0-255,66,31445,42,100161
27147,0.00029,172.217.194.0-255,5379,36824,42,100161
27148,0.000293,172.31.46.0-255,66,36890,42,100161
27149,0.000342,172.217.194.0-255,1484,38374,42,100161
27150,0.000345,172.31.46.0-255,66,38440,42,100161
27151,0.00035,172.217.194.0-255,2902,41342,42,100161
27152,0.000352,172.31.46.0-255,66,41408,42,100161
27153,0.00038,172.217.194.0-255,2902,44310,42,100161
27154,0.000382,172.31.46.0-255,66,44376,42,100161
27155,0.000388,172.217.194.0-255,4320,48696,42,100161
27156,0.00039,172.31.46.0-255,66,48762,42,100161
27157,0.000417,172.217.194.0-255,1484,50246,42,100161
27158,0.000433,172.217.194.0-255,4254,54500,42,100161
27159,0.000436,172.31.46.0-255,66,54566,42,100161
27160,0.000595,172.217.194.0-255,383,54949,42,100161
27161,0.001138,172.31.46.0-255,66,55015,42,100161
27162,0.002904,172.217.194.0-255,1484,56499,42,100161
27163,0.002915,172.217.194.0-255,2902,59401,42,100161
27164,0.00292,172.31.46.0-255,66,59467,42,100161
27165,0.003448,172.217.194.0-255,1484,60951,42,100161
27166,0.005247,172.217.194.0-255,4320,65271,42,100161
27167,0.00525,172.31.46.0-255,66,65337,42,100161
27168,0.007566,172.217.194.0-255,5738,71075,42,100161
27169,0.007574,172.31.46.0-255,66,71141,42,100161
27170,0.009875,172.217.194.0-255,5738,76879,42,100161
27171,0.009886,172.31.46.0-255,66,76945,42,100161
27172,0.012208,172.217.194.0-255,5738,82683,42,100161
27173,0.012221,172.31.46.0-255,66,82749,42,100161
27174,0.014539,172.217.194.0-255,5738,88487,42,100161
27175,0.014554,172.31.46.0-255,66,88553,42,100161
27176,0.016859,172.217.194.0-255,5738,94291,42,100161
27177,0.016872,172.31.46.0-255,66,94357,42,100161
27178,0.019202,172.217.194.0-255,5738,100095,42,100161
27179,0.019212,172.31.46.0-255,66,100161,42,100161
27180,0.0,74.125.200.0-255,153,153,42,216053
27181,2.3e-05,172.31.46.0-255,66,219,42,216053
27182,3e-05,74.125.200.0-255,1484,1703,42,216053
27183,3.5e-05,172.31.46.0-255,66,1769,42,216053
27184,4.9e-05,74.125.200.0-255,2902,4671,42,216053
27185,5.3e-05,172.31.46.0-255,66,4737,42,216053
27186,5.8e-05,74.125.200.0-255,2902,7639,42,216053
27187,6.1e-05,172.31.46.0-255,66,7705,42,216053
27188,0.000101,74.125.200.0-255,4320,12025,42,216053
27189,0.000104,172.31.46.0-255,66,12091,42,216053
27190,0.000108,74.125.200.0-255,2056,14147,42,216053
27191,0.000111,172.31.46.0-255,66,14213,42,216053
27192,0.000242,74.125.200.0-255,1484,15697,42,216053
27193,0.000246,172.31.46.0-255,66,15763,42,216053
27194,0.000275,74.125.200.0-255,2902,18665,42,216053
27195,0.000278,172.31.46.0-255,66,18731,42,216053
27196,0.000285,74.125.200.0-255,5738,24469,42,216053
27197,0.000287,172.31.46.0-255,66,24535,42,216053
27198,0.000325,74.125.200.0-255,6797,31332,42,216053
27199,0.000328,172.31.46.0-255,66,31398,42,216053
27200,0.000335,74.125.200.0-255,7156,38554,42,216053
27201,0.000338,172.31.46.0-255,66,38620,42,216053
27202,0.000377,172.31.46.0-255,66,38686,42,216053
27203,0.0004,74.125.200.0-255,1484,40170,42,216053
27204,0.000403,172.31.46.0-255,66,40236,42,216053
27205,0.000419,172.31.46.0-255,66,40302,42,216053
27206,0.000422,74.125.200.0-255,399,40701,42,216053
27207,0.000424,172.31.46.0-255,66,40767,42,216053
27208,0.000457,74.125.200.0-255,109,40876,42,216053
27209,0.000459,172.31.46.0-255,66,40942,42,216053
27210,0.000463,74.125.200.0-255,332,41274,42,216053
27211,0.000862,74.125.200.0-255,1484,42758,42,216053
27212,0.000868,172.31.46.0-255,66,42824,42,216053
27213,0.000874,74.125.200.0-255,2902,45726,42,216053
27214,0.000879,74.125.200.0-255,2902,48628,42,216053
27215,0.000897,74.125.200.0-255,2902,51530,42,216053
27216,0.000909,74.125.200.0-255,2902,54432,42,216053
27217,0.000913,172.31.46.0-255,66,54498,42,216053
27218,0.000944,74.125.200.0-255,7156,61654,42,216053
27219,0.000946,172.31.46.0-255,66,61720,42,216053
27220,0.000983,172.31.46.0-255,66,61786,42,216053
27221,0.001,74.125.200.0-255,2902,64688,42,216053
27222,0.001003,74.125.200.0-255,2184,66872,42,216053
27223,0.001024,172.31.46.0-255,66,66938,42,216053
27224,0.001487,74.125.200.0-255,1484,68422,42,216053
27225,0.001494,74.125.200.0-255,2902,71324,42,216053
27226,0.001498,172.31.46.0-255,66,71390,42,216053
27227,0.001502,74.125.200.0-255,1484,72874,42,216053
27228,0.001527,74.125.200.0-255,1484,74358,42,216053
27229,0.001529,172.31.46.0-255,66,74424,42,216053
27230,0.001533,74.125.200.0-255,4320,78744,42,216053
27231,0.001535,172.31.46.0-255,66,78810,42,216053
27232,0.001538,74.125.200.0-255,1484,80294,42,216053
27233,0.001564,74.125.200.0-255,7156,87450,42,216053
27234,0.001566,172.31.46.0-255,66,87516,42,216053
27235,0.001572,74.125.200.0-255,5738,93254,42,216053
27236,0.001574,172.31.46.0-255,66,93320,42,216053
27237,0.001602,74.125.200.0-255,1484,94804,42,216053
27238,0.001605,74.125.200.0-255,1484,96288,42,216053
27239,0.001607,172.31.46.0-255,66,96354,42,216053
27240,0.001634,74.125.200.0-255,5020,101374,42,216053
27241,0.001636,172.31.46.0-255,66,101440,42,216053
27242,0.001737,74.125.200.0-255,1484,102924,42,216053
27243,0.001742,74.125.200.0-255,1484,104408,42,216053
27244,0.001744,172.31.46.0-255,66,104474,42,216053
27245,0.001771,74.125.200.0-255,1484,105958,42,216053
27246,0.001776,74.125.200.0-255,4320,110278,42,216053
27247,0.001778,172.31.46.0-255,66,110344,42,216053
27248,0.001784,74.125.200.0-255,5738,116082,42,216053
27249,0.001819,74.125.200.0-255,1484,117566,42,216053
27250,0.001838,74.125.200.0-255,7156,124722,42,216053
27251,0.001853,74.125.200.0-255,4320,129042,42,216053
27252,0.00187,74.125.200.0-255,5738,134780,42,216053
27253,0.001872,74.125.200.0-255,766,135546,42,216053
27254,0.001925,74.125.200.0-255,7156,142702,42,216053
27255,0.001944,74.125.200.0-255,1484,144186,42,216053
27256,0.001959,74.125.200.0-255,4320,148506,42,216053
27257,0.001974,74.125.200.0-255,5738,154244,42,216053
27258,0.001976,74.125.200.0-255,1484,155728,42,216053
27259,0.002029,74.125.200.0-255,5738,161466,42,216053
27260,0.002044,74.125.200.0-255,4320,165786,42,216053
27261,0.002072,74.125.200.0-255,3602,169388,42,216053
27262,0.002154,74.125.200.0-255,1484,170872,42,216053
27263,0.002169,74.125.200.0-255,2902,173774,42,216053
27264,0.002201,74.125.200.0-255,4320,178094,42,216053
27265,0.002221,74.125.200.0-255,1484,179578,42,216053
27266,0.002234,74.125.200.0-255,5738,185316,42,216053
27267,0.002243,74.125.200.0-255,1484,186800,42,216053
27268,0.007985,172.31.46.0-255,66,186866,42,216053
27269,0.008936,172.31.46.0-255,101,186967,42,216053
27270,0.010207,74.125.200.0-255,5738,192705,42,216053
27271,0.010215,172.31.46.0-255,66,192771,42,216053
27272,0.011123,74.125.200.0-255,66,192837,42,216053
27273,0.012426,74.125.200.0-255,5738,198575,42,216053
27274,0.012432,172.31.46.0-255,66,198641,42,216053
27275,0.014648,74.125.200.0-255,5738,204379,42,216053
27276,0.014654,172.31.46.0-255,66,204445,42,216053
27277,0.016867,74.125.200.0-255,5738,210183,42,216053
27278,0.016874,172.31.46.0-255,66,210249,42,216053
27279,0.01908,74.125.200.0-255,5738,215987,42,216053
27280,0.019088,172.31.46.0-255,66,216053,42,216053
27281,0.0,74.125.200.0-255,298,298,42,199494
27282,2.5e-05,172.31.46.0-255,66,364,42,199494
27283,3.2e-05,74.125.200.0-255,1484,1848,42,199494
27284,3.7e-05,172.31.46.0-255,66,1914,42,199494
27285,5.1e-05,74.125.200.0-255,4320,6234,42,199494
27286,5.4e-05,172.31.46.0-255,66,6300,42,199494
27287,6.9e-05,74.125.200.0-255,1484,7784,42,199494
27288,7.1e-05,172.31.46.0-255,66,7850,42,199494
27289,9.7e-05,74.125.200.0-255,6179,14029,42,199494
27290,0.000105,172.31.46.0-255,66,14095,42,199494
27291,0.000133,74.125.200.0-255,4320,18415,42,199494
27292,0.000136,172.31.46.0-255,66,18481,42,199494
27293,0.000139,74.125.200.0-255,1484,19965,42,199494
27294,0.000141,172.31.46.0-255,66,20031,42,199494
27295,0.000159,74.125.200.0-255,4320,24351,42,199494
27296,0.000161,172.31.46.0-255,66,24417,42,199494
27297,0.000164,74.125.200.0-255,1484,25901,42,199494
27298,0.000166,172.31.46.0-255,66,25967,42,199494
27299,0.000194,74.125.200.0-255,5379,31346,42,199494
27300,0.0002,172.31.46.0-255,66,31412,42,199494
27301,0.000276,74.125.200.0-255,1484,32896,42,199494
27302,0.000278,172.31.46.0-255,66,32962,42,199494
27303,0.000307,74.125.200.0-255,2902,35864,42,199494
27304,0.00031,172.31.46.0-255,66,35930,42,199494
27305,0.000337,74.125.200.0-255,5738,41668,42,199494
27306,0.00034,172.31.46.0-255,66,41734,42,199494
27307,0.000343,74.125.200.0-255,1484,43218,42,199494
27308,0.000345,172.31.46.0-255,66,43284,42,199494
27309,0.000372,172.31.46.0-255,66,43350,42,199494
27310,0.000376,74.125.200.0-255,2902,46252,42,199494
27311,0.00038,172.31.46.0-255,66,46318,42,199494
27312,0.000385,74.125.200.0-255,4320,50638,42,199494
27313,0.000388,172.31.46.0-255,66,50704,42,199494
27314,0.000434,74.125.200.0-255,5654,56358,42,199494
27315,0.000438,172.31.46.0-255,66,56424,42,199494
27316,0.000441,74.125.200.0-255,412,56836,42,199494
27317,0.000662,74.125.200.0-255,1484,58320,42,199494
27318,0.000667,172.31.46.0-255,66,58386,42,199494
27319,0.000673,74.125.200.0-255,2902,61288,42,199494
27320,0.000676,172.31.46.0-255,66,61354,42,199494
27321,0.00071,74.125.200.0-255,1484,62838,42,199494
27322,0.000741,74.125.200.0-255,4320,67158,42,199494
27323,0.000744,172.31.46.0-255,66,67224,42,199494
27324,0.000756,172.31.46.0-255,66,67290,42,199494
27325,0.000767,74.125.200.0-255,7156,74446,42,199494
27326,0.00077,172.31.46.0-255,66,74512,42,199494
27327,0.0008,74.125.200.0-255,4320,78832,42,199494
27328,0.000803,172.31.46.0-255,66,78898,42,199494
27329,0.000807,74.125.200.0-255,2184,81082,42,199494
27330,0.00081,172.31.46.0-255,66,81148,42,199494
27331,0.000992,74.125.200.0-255,1484,82632,42,199494
27332,0.00101,74.125.200.0-255,2902,85534,42,199494
27333,0.001014,172.31.46.0-255,66,85600,42,199494
27334,0.00102,74.125.200.0-255,4320,89920,42,199494
27335,0.001022,172.31.46.0-255,66,89986,42,199494
27336,0.001042,74.125.200.0-255,1484,91470,42,199494
27337,0.001047,74.125.200.0-255,2902,94372,42,199494
27338,0.001049,172.31.46.0-255,66,94438,42,199494
27339,0.001059,74.125.200.0-255,4320,98758,42,199494
27340,0.001061,172.31.46.0-255,66,98824,42,199494
27341,0.001105,172.31.46.0-255,66,98890,42,199494
27342,0.001109,74.125.200.0-255,2902,101792,42,199494
27343,0.001111,172.31.46.0-255,66,101858,42,199494
27344,0.001116,74.125.200.0-255,4320,106178,42,199494
27345,0.001118,172.31.46.0-255,66,106244,42,199494
27346,0.001126,74.125.200.0-255,766,107010,42,199494
27347,0.001931,74.125.200.0-255,1484,108494,42,199494
27348,0.001937,172.31.46.0-255,66,108560,42,199494
27349,0.001944,74.125.200.0-255,2902,111462,42,199494
27350,0.001946,172.31.46.0-255,66,111528,42,199494
27351,0.001952,74.125.200.0-255,4320,115848,42,199494
27352,0.001954,172.31.46.0-255,66,115914,42,199494
27353,0.001991,74.125.200.0-255,1484,117398,42,199494
27354,0.002,74.125.200.0-255,2902,120300,42,199494
27355,0.002003,172.31.46.0-255,66,120366,42,199494
27356,0.002009,74.125.200.0-255,4320,124686,42,199494
27357,0.002011,172.31.46.0-255,66,124752,42,199494
27358,0.002021,172.31.46.0-255,66,124818,42,199494
27359,0.002027,74.125.200.0-255,4320,129138,42,199494
27360,0.002029,172.31.46.0-255,66,129204,42,199494
27361,0.002053,74.125.200.0-255,1484,130688,42,199494
27362,0.002074,74.125.200.0-255,2184,132872,42,199494
27363,0.002076,172.31.46.0-255,66,132938,42,199494
27364,0.002083,74.125.200.0-255,4320,137258,42,199494
27365,0.002084,172.31.46.0-255,66,137324,42,199494
27366,0.002129,172.31.46.0-255,66,137390,42,199494
27367,0.002134,74.125.200.0-255,2902,140292,42,199494
27368,0.002136,172.31.46.0-255,66,140358,42,199494
27369,0.002168,172.31.46.0-255,66,140424,42,199494
27370,0.00218,74.125.200.0-255,7156,147580,42,199494
27371,0.002182,172.31.46.0-255,66,147646,42,199494
27372,0.002206,74.125.200.0-255,766,148412,42,199494
27373,0.002233,74.125.200.0-255,1484,149896,42,199494
27374,0.002236,172.31.46.0-255,66,149962,42,199494
27375,0.00226,74.125.200.0-255,1484,151446,42,199494
27376,0.002264,74.125.200.0-255,2902,154348,42,199494
27377,0.002267,172.31.46.0-255,66,154414,42,199494
27378,0.002295,74.125.200.0-255,5738,160152,42,199494
27379,0.002297,172.31.46.0-255,66,160218,42,199494
27380,0.004568,74.125.200.0-255,5738,165956,42,199494
27381,0.004575,172.31.46.0-255,66,166022,42,199494
27382,0.006862,74.125.200.0-255,5738,171760,42,199494
27383,0.006869,172.31.46.0-255,66,171826,42,199494
27384,0.009132,74.125.200.0-255,4320,176146,42,199494
27385,0.009137,172.31.46.0-255,66,176212,42,199494
27386,0.009165,74.125.200.0-255,1484,177696,42,199494
27387,0.011408,74.125.200.0-255,4320,182016,42,199494
27388,0.011415,172.31.46.0-255,66,182082,42,199494
27389,0.013706,74.125.200.0-255,5738,187820,42,199494
27390,0.013714,172.31.46.0-255,66,187886,42,199494
27391,0.016011,74.125.200.0-255,5738,193624,42,199494
27392,0.016026,172.31.46.0-255,66,193690,42,199494
27393,0.018324,74.125.200.0-255,5738,199428,42,199494
27394,0.018335,172.31.46.0-255,66,199494,42,199494
27395,0.0,74.125.24.0-255,150,150,42,169531
27396,2.4e-05,172.31.46.0-255,66,216,42,169531
27397,3.2e-05,74.125.24.0-255,1484,1700,42,169531
27398,3.7e-05,172.31.46.0-255,66,1766,42,169531
27399,4.2e-05,74.125.24.0-255,2902,4668,42,169531
27400,5.5e-05,172.31.46.0-255,66,4734,42,169531
27401,6.3e-05,74.125.24.0-255,7156,11890,42,169531
27402,6.6e-05,172.31.46.0-255,66,11956,42,169531
27403,7e-05,74.125.24.0-255,2045,14001,42,169531
27404,7.3e-05,172.31.46.0-255,66,14067,42,169531
27405,0.000103,74.125.24.0-255,5738,19805,42,169531
27406,0.000107,172.31.46.0-255,66,19871,42,169531
27407,0.000137,74.125.24.0-255,5738,25609,42,169531
27408,0.00014,172.31.46.0-255,66,25675,42,169531
27409,0.000145,74.125.24.0-255,2902,28577,42,169531
27410,0.000147,172.31.46.0-255,66,28643,42,169531
27411,0.000169,74.125.24.0-255,2543,31186,42,169531
27412,0.000176,172.31.46.0-255,66,31252,42,169531
27413,0.000282,74.125.24.0-255,1484,32736,42,169531
27414,0.000286,172.31.46.0-255,66,32802,42,169531
27415,0.000315,74.125.24.0-255,2902,35704,42,169531
27416,0.000319,172.31.46.0-255,66,35770,42,169531
27417,0.000325,74.125.24.0-255,5738,41508,42,169531
27418,0.000327,172.31.46.0-255,66,41574,42,169531
27419,0.000366,172.31.46.0-255,66,41640,42,169531
27420,0.000399,74.125.24.0-255,5379,47019,42,169531
27421,0.000402,172.31.46.0-255,66,47085,42,169531
27422,0.000413,172.31.46.0-255,66,47151,42,169531
27423,0.000416,74.125.24.0-255,396,47547,42,169531
27424,0.000418,172.31.46.0-255,66,47613,42,169531
27425,0.001082,74.125.24.0-255,348,47961,42,169531
27426,0.001115,74.125.24.0-255,1484,49445,42,169531
27427,0.001119,172.31.46.0-255,66,49511,42,169531
27428,0.001138,74.125.24.0-255,4320,53831,42,169531
27429,0.001141,172.31.46.0-255,66,53897,42,169531
27430,0.001181,172.31.46.0-255,66,53963,42,169531
27431,0.001186,74.125.24.0-255,4320,58283,42,169531
27432,0.001188,172.31.46.0-255,66,58349,42,169531
27433,0.001239,172.31.46.0-255,66,58415,42,169531
27434,0.001254,172.31.46.0-255,66,58481,42,169531
27435,0.001264,172.31.46.0-255,66,58547,42,169531
27436,0.001296,74.125.24.0-255,5020,63567,42,169531
27437,0.0013,172.31.46.0-255,66,63633,42,169531
27438,0.001306,74.125.24.0-255,5738,69371,42,169531
27439,0.001308,172.31.46.0-255,66,69437,42,169531
27440,0.001344,172.31.46.0-255,66,69503,42,169531
27441,0.001346,74.125.24.0-255,1484,70987,42,169531
27442,0.001385,74.125.24.0-255,4320,75307,42,169531
27443,0.001388,172.31.46.0-255,66,75373,42,169531
27444,0.001422,172.31.46.0-255,66,75439,42,169531
27445,0.001446,74.125.24.0-255,2902,78341,42,169531
27446,0.001448,172.31.46.0-255,66,78407,42,169531
27447,0.001453,74.125.24.0-255,4320,82727,42,169531
27448,0.001455,172.31.46.0-255,66,82793,42,169531
27449,0.001461,74.125.24.0-255,5738,88531,42,169531
27450,0.001464,172.31.46.0-255,66,88597,42,169531
27451,0.00149,74.125.24.0-255,2902,91499,42,169531
27452,0.001492,172.31.46.0-255,66,91565,42,169531
27453,0.001498,74.125.24.0-255,5738,97303,42,169531
27454,0.0015,172.31.46.0-255,66,97369,42,169531
27455,0.001547,172.31.46.0-255,66,97435,42,169531
27456,0.001635,74.125.24.0-255,1484,98919,42,169531
27457,0.00164,74.125.24.0-255,2902,101821,42,169531
27458,0.001642,172.31.46.0-255,66,101887,42,169531
27459,0.00167,74.125.24.0-255,5738,107625,42,169531
27460,0.001673,172.31.46.0-255,66,107691,42,169531
27461,0.001678,74.125.24.0-255,4320,112011,42,169531
27462,0.00168,172.31.46.0-255,66,112077,42,169531
27463,0.001706,172.31.46.0-255,66,112143,42,169531
27464,0.001708,74.125.24.0-255,1484,113627,42,169531
27465,0.001734,74.125.24.0-255,7156,120783,42,169531
27466,0.001736,172.31.46.0-255,66,120849,42,169531
27467,0.001758,74.125.24.0-255,2184,123033,42,169531
27468,0.001761,172.31.46.0-255,66,123099,42,169531
27469,0.003801,74.125.24.0-255,5738,128837,42,169531
27470,0.003811,172.31.46.0-255,66,128903,42,169531
27471,0.005943,74.125.24.0-255,5738,134641,42,169531
27472,0.005949,172.31.46.0-255,66,134707,42,169531
27473,0.007982,74.125.24.0-255,5738,140445,42,169531
27474,0.007987,172.31.46.0-255,66,140511,42,169531
27475,0.010037,74.125.24.0-255,5738,146249,42,169531
27476,0.010045,172.31.46.0-255,66,146315,42,169531
27477,0.012127,74.125.24.0-255,5738,152053,42,169531
27478,0.01214,172.31.46.0-255,66,152119,42,169531
27479,0.014237,74.125.24.0-255,5738,157857,42,169531
27480,0.014248,172.31.46.0-255,66,157923,42,169531
27481,0.016304,74.125.24.0-255,5738,163661,42,169531
27482,0.016315,172.31.46.0-255,66,163727,42,169531
27483,0.018387,74.125.24.0-255,5738,169465,42,169531
27484,0.018395,172.31.46.0-255,66,169531,42,169531
27485,0.0,74.125.24.0-255,298,298,42,220805
27486,1.3e-05,172.31.46.0-255,66,364,42,220805
27487,1.9e-05,74.125.24.0-255,1484,1848,42,220805
27488,2.3e-05,172.31.46.0-255,66,1914,42,220805
27489,3e-05,74.125.24.0-255,4320,6234,42,220805
27490,4.1e-05,172.31.46.0-255,66,6300,42,220805
27491,7.4e-05,74.125.24.0-255,1484,7784,42,220805
27492,7.7e-05,172.31.46.0-255,66,7850,42,220805
27493,0.00011,74.125.24.0-255,6034,13884,42,220805
27494,0.000112,172.31.46.0-255,66,13950,42,220805
27495,0.000124,172.31.46.0-255,66,14016,42,220805
27496,0.00013,74.125.24.0-255,5738,19754,42,220805
27497,0.000133,172.31.46.0-255,66,19820,42,220805
27498,0.000161,74.125.24.0-255,2543,22363,42,220805
27499,0.000164,172.31.46.0-255,66,22429,42,220805
27500,0.000186,74.125.24.0-255,1484,23913,42,220805
27501,0.000188,172.31.46.0-255,66,23979,42,220805
27502,0.000193,74.125.24.0-255,2902,26881,42,220805
27503,0.000195,172.31.46.0-255,66,26947,42,220805
27504,0.000202,74.125.24.0-255,5738,32685,42,220805
27505,0.000204,172.31.46.0-255,66,32751,42,220805
27506,0.000241,74.125.24.0-255,6797,39548,42,220805
27507,0.000243,172.31.46.0-255,66,39614,42,220805
27508,0.000255,172.31.46.0-255,66,39680,42,220805
27509,0.000283,74.125.24.0-255,5738,45418,42,220805
27510,0.000286,172.31.46.0-255,66,45484,42,220805
27511,0.00029,74.125.24.0-255,2543,48027,42,220805
27512,0.000293,172.31.46.0-255,66,48093,42,220805
27513,0.000416,74.125.24.0-255,645,48738,42,220805
27514,0.000421,172.31.46.0-255,66,48804,42,220805
27515,0.000531,74.125.24.0-255,1484,50288,42,220805
27516,0.000538,74.125.24.0-255,2902,53190,42,220805
27517,0.000542,172.31.46.0-255,66,53256,42,220805
27518,0.000547,74.125.24.0-255,2902,56158,42,220805
27519,0.000549,172.31.46.0-255,66,56224,42,220805
27520,0.000585,74.125.24.0-255,2902,59126,42,220805
27521,0.000588,172.31.46.0-255,66,59192,42,220805
27522,0.0006,172.31.46.0-255,66,59258,42,220805
27523,0.000629,74.125.24.0-255,4320,63578,42,220805
27524,0.000632,172.31.46.0-255,66,63644,42,220805
27525,0.000671,172.31.46.0-255,66,63710,42,220805
27526,0.000747,74.125.24.0-255,1484,65194,42,220805
27527,0.000753,74.125.24.0-255,2902,68096,42,220805
27528,0.000756,172.31.46.0-255,66,68162,42,220805
27529,0.000762,74.125.24.0-255,4320,72482,42,220805
27530,0.000764,172.31.46.0-255,66,72548,42,220805
27531,0.000786,74.125.24.0-255,1484,74032,42,220805
27532,0.000796,74.125.24.0-255,5738,79770,42,220805
27533,0.000801,74.125.24.0-255,4320,84090,42,220805
27534,0.000807,172.31.46.0-255,66,84156,42,220805
27535,0.00081,172.31.46.0-255,66,84222,42,220805
27536,0.00084,172.31.46.0-255,66,84288,42,220805
27537,0.000846,74.125.24.0-255,5020,89308,42,220805
27538,0.000848,172.31.46.0-255,66,89374,42,220805
27539,0.000908,74.125.24.0-255,5738,95112,42,220805
27540,0.000911,172.31.46.0-255,66,95178,42,220805
27541,0.000918,74.125.24.0-255,5738,100916,42,220805
27542,0.00092,172.31.46.0-255,66,100982,42,220805
27543,0.000932,172.31.46.0-255,66,101048,42,220805
27544,0.000944,172.31.46.0-255,66,101114,42,220805
27545,0.001001,74.125.24.0-255,1484,102598,42,220805
27546,0.001026,74.125.24.0-255,2902,105500,42,220805
27547,0.001032,74.125.24.0-255,5738,111238,42,220805
27548,0.001034,74.125.24.0-255,1484,112722,42,220805
27549,0.001038,172.31.46.0-255,66,112788,42,220805
27550,0.001046,172.31.46.0-255,66,112854,42,220805
27551,0.001051,74.125.24.0-255,1484,114338,42,220805
27552,0.001053,172.31.46.0-255,66,114404,42,220805
27553,0.001069,172.31.46.0-255,66,114470,42,220805
27554,0.001117,172.31.46.0-255,66,114536,42,220805
27555,0.001151,74.125.24.0-255,1484,116020,42,220805
27556,0.001173,74.125.24.0-255,2902,118922,42,220805
27557,0.001177,172.31.46.0-255,66,118988,42,220805
27558,0.001183,74.125.24.0-255,5738,124726,42,220805
27559,0.001185,172.31.46.0-255,66,124792,42,220805
27560,0.001195,74.125.24.0-255,4320,129112,42,220805
27561,0.001197,172.31.46.0-255,66,129178,42,220805
27562,0.001201,74.125.24.0-255,2902,132080,42,220805
27563,0.001203,172.31.46.0-255,66,132146,42,220805
27564,0.001242,172.31.46.0-255,66,132212,42,220805
27565,0.001252,172.31.46.0-255,66,132278,42,220805
27566,0.001282,74.125.24.0-255,7156,139434,42,220805
27567,0.001285,172.31.46.0-255,66,139500,42,220805
27568,0.001314,74.125.24.0-255,1484,140984,42,220805
27569,0.001321,74.125.24.0-255,5738,146722,42,220805
27570,0.001324,172.31.46.0-255,66,146788,42,220805
27571,0.001335,74.125.24.0-255,4320,151108,42,220805
27572,0.001337,172.31.46.0-255,66,151174,42,220805
27573,0.001373,172.31.46.0-255,66,151240,42,220805
27574,0.001379,74.125.24.0-255,3602,154842,42,220805
27575,0.001381,172.31.46.0-255,66,154908,42,220805
27576,0.001401,172.31.46.0-255,66,154974,42,220805
27577,0.001407,74.125.24.0-255,5738,160712,42,220805
27578,0.00141,172.31.46.0-255,66,160778,42,220805
27579,0.001441,74.125.24.0-255,4320,165098,42,220805
27580,0.001443,172.31.46.0-255,66,165164,42,220805
27581,0.001448,74.125.24.0-255,2184,167348,42,220805
27582,0.00145,172.31.46.0-255,66,167414,42,220805
27583,0.001455,74.125.24.0-255,2902,170316,42,220805
27584,0.001457,172.31.46.0-255,66,170382,42,220805
27585,0.00146,74.125.24.0-255,1484,171866,42,220805
27586,0.001491,74.125.24.0-255,5738,177604,42,220805
27587,0.001528,74.125.24.0-255,4320,181924,42,220805
27588,0.001533,172.31.46.0-255,66,181990,42,220805
27589,0.001537,172.31.46.0-255,66,182056,42,220805
27590,0.001562,74.125.24.0-255,7156,189212,42,220805
27591,0.001565,172.31.46.0-255,66,189278,42,220805
27592,0.001578,172.31.46.0-255,66,189344,42,220805
27593,0.001581,74.125.24.0-255,1484,190828,42,220805
27594,0.001586,74.125.24.0-255,2902,193730,42,220805
27595,0.001588,172.31.46.0-255,66,193796,42,220805
27596,0.001595,74.125.24.0-255,5738,199534,42,220805
27597,0.001597,172.31.46.0-255,66,199600,42,220805
27598,0.001603,74.125.24.0-255,5738,205338,42,220805
27599,0.001605,172.31.46.0-255,66,205404,42,220805
27600,0.001645,172.31.46.0-255,66,205470,42,220805
27601,0.001651,74.125.24.0-255,4320,209790,42,220805
27602,0.001652,172.31.46.0-255,66,209856,42,220805
27603,0.001686,74.125.24.0-255,2184,212040,42,220805
27604,0.001689,172.31.46.0-255,66,212106,42,220805
27605,0.001695,74.125.24.0-255,7156,219262,42,220805
27606,0.001698,172.31.46.0-255,66,219328,42,220805
27607,0.001713,172.31.46.0-255,66,219394,42,220805
27608,0.001715,74.125.24.0-255,886,220280,42,220805
27609,0.00174,74.125.24.0-255,105,220385,42,220805
27610,0.011048,172.31.46.0-255,66,220451,42,220805
27611,0.011092,172.31.46.0-255,105,220556,42,220805
27612,0.011256,74.125.24.0-255,105,220661,42,220805
27613,0.011264,172.31.46.0-255,78,220739,42,220805
27614,0.013145,74.125.24.0-255,66,220805,42,220805
27615,0.0,172.217.194.0-255,146,146,42,146132
27616,2.3e-05,172.31.46.0-255,66,212,42,146132
27617,3e-05,172.217.194.0-255,1484,1696,42,146132
27618,3.5e-05,172.31.46.0-255,66,1762,42,146132
27619,4.9e-05,172.217.194.0-255,2902,4664,42,146132
27620,5.2e-05,172.31.46.0-255,66,4730,42,146132
27621,6e-05,172.217.194.0-255,7156,11886,42,146132
27622,6.4e-05,172.31.46.0-255,66,11952,42,146132
27623,6.8e-05,172.217.194.0-255,2106,14058,42,146132
27624,7.2e-05,172.31.46.0-255,66,14124,42,146132
27625,7.7e-05,172.217.194.0-255,2902,17026,42,146132
27626,8e-05,172.31.46.0-255,66,17092,42,146132
27627,0.000115,172.217.194.0-255,5738,22830,42,146132
27628,0.000119,172.31.46.0-255,66,22896,42,146132
27629,0.000143,172.217.194.0-255,1484,24380,42,146132
27630,0.000145,172.31.46.0-255,66,24446,42,146132
27631,0.000174,172.217.194.0-255,6797,31243,42,146132
27632,0.000176,172.31.46.0-255,66,31309,42,146132
27633,0.000179,172.217.194.0-255,1484,32793,42,146132
27634,0.000182,172.31.46.0-255,66,32859,42,146132
27635,0.00022,172.217.194.0-255,7156,40015,42,146132
27636,0.000223,172.31.46.0-255,66,40081,42,146132
27637,0.000229,172.217.194.0-255,5738,45819,42,146132
27638,0.000231,172.31.46.0-255,66,45885,42,146132
27639,0.000236,172.217.194.0-255,2902,48787,42,146132
27640,0.000238,172.31.46.0-255,66,48853,42,146132
27641,0.000278,172.31.46.0-255,66,48919,42,146132
27642,0.000282,172.217.194.0-255,2543,51462,42,146132
27643,0.000285,172.31.46.0-255,66,51528,42,146132
27644,0.000288,172.217.194.0-255,342,51870,42,146132
27645,0.00029,172.31.46.0-255,66,51936,42,146132
27646,0.000318,172.217.194.0-255,434,52370,42,146132
27647,0.000835,172.217.194.0-255,1484,53854,42,146132
27648,0.000843,172.217.194.0-255,2902,56756,42,146132
27649,0.000849,172.217.194.0-255,4320,61076,42,146132
27650,0.000863,172.31.46.0-255,66,61142,42,146132
27651,0.000873,172.217.194.0-255,1484,62626,42,146132
27652,0.000879,172.217.194.0-255,5738,68364,42,146132
27653,0.000912,172.31.46.0-255,66,68430,42,146132
27654,0.000937,172.217.194.0-255,1484,69914,42,146132
27655,0.000943,172.217.194.0-255,5020,74934,42,146132
27656,0.000962,172.31.46.0-255,66,75000,42,146132
27657,0.002006,172.217.194.0-255,1484,76484,42,146132
27658,0.002051,172.217.194.0-255,2902,79386,42,146132
27659,0.002056,172.31.46.0-255,66,79452,42,146132
27660,0.002063,172.217.194.0-255,5738,85190,42,146132
27661,0.002095,172.217.194.0-255,5738,90928,42,146132
27662,0.002109,172.217.194.0-255,7156,98084,42,146132
27663,0.002121,172.217.194.0-255,2902,100986,42,146132
27664,0.002148,172.31.46.0-255,66,101052,42,146132
27665,0.004236,172.217.194.0-255,5738,106790,42,146132
27666,0.004242,172.31.46.0-255,66,106856,42,146132
27667,0.006331,172.217.194.0-255,4320,111176,42,146132
27668,0.006336,172.31.46.0-255,66,111242,42,146132
27669,0.006352,172.217.194.0-255,1484,112726,42,146132
27670,0.008414,172.217.194.0-255,4320,117046,42,146132
27671,0.00842,172.31.46.0-255,66,117112,42,146132
27672,0.010525,172.217.194.0-255,5738,122850,42,146132
27673,0.010565,172.31.46.0-255,66,122916,42,146132
27674,0.012668,172.217.194.0-255,5738,128654,42,146132
27675,0.012676,172.31.46.0-255,66,128720,42,146132
27676,0.01484,172.217.194.0-255,5738,134458,42,146132
27677,0.014847,172.31.46.0-255,66,134524,42,146132
27678,0.016954,172.217.194.0-255,5738,140262,42,146132
27679,0.01696,172.31.46.0-255,66,140328,42,146132
27680,0.019041,172.217.194.0-255,5738,146066,42,146132
27681,0.019048,172.31.46.0-255,66,146132,42,146132
27682,0.0,74.125.68.0-255,153,153,42,300826
27683,1.5e-05,172.31.46.0-255,66,219,42,300826
27684,2e-05,74.125.68.0-255,1484,1703,42,300826
27685,2.4e-05,172.31.46.0-255,66,1769,42,300826
27686,2.7e-05,74.125.68.0-255,1484,3253,42,300826
27687,3e-05,172.31.46.0-255,66,3319,42,300826
27688,6.5e-05,74.125.68.0-255,2902,6221,42,300826
27689,6.8e-05,172.31.46.0-255,66,6287,42,300826
27690,7.5e-05,74.125.68.0-255,5738,12025,42,300826
27691,7.7e-05,172.31.46.0-255,66,12091,42,300826
27692,8.1e-05,74.125.68.0-255,1938,14029,42,300826
27693,8.2e-05,172.31.46.0-255,66,14095,42,300826
27694,0.00014,74.125.68.0-255,1484,15579,42,300826
27695,0.000143,172.31.46.0-255,66,15645,42,300826
27696,0.000146,74.125.68.0-255,1484,17129,42,300826
27697,0.000148,172.31.46.0-255,66,17195,42,300826
27698,0.000162,74.125.68.0-255,1484,18679,42,300826
27699,0.000164,172.31.46.0-255,66,18745,42,300826
27700,0.000167,74.125.68.0-255,1484,20229,42,300826
27701,0.000168,172.31.46.0-255,66,20295,42,300826
27702,0.000192,74.125.68.0-255,4320,24615,42,300826
27703,0.000195,172.31.46.0-255,66,24681,42,300826
27704,0.000199,74.125.68.0-255,2902,27583,42,300826
27705,0.000201,172.31.46.0-255,66,27649,42,300826
27706,0.000206,74.125.68.0-255,3961,31610,42,300826
27707,0.000209,172.31.46.0-255,66,31676,42,300826
27708,0.000226,74.125.68.0-255,1484,33160,42,300826
27709,0.000228,172.31.46.0-255,66,33226,42,300826
27710,0.00025,74.125.68.0-255,1484,34710,42,300826
27711,0.000252,172.31.46.0-255,66,34776,42,300826
27712,0.000257,74.125.68.0-255,4320,39096,42,300826
27713,0.000259,172.31.46.0-255,66,39162,42,300826
27714,0.000292,172.31.46.0-255,66,39228,42,300826
27715,0.000295,74.125.68.0-255,1125,40353,42,300826
27716,0.000719,172.31.46.0-255,66,40419,42,300826
27717,0.002174,74.125.68.0-255,1484,41903,42,300826
27718,0.00219,74.125.68.0-255,2902,44805,42,300826
27719,0.002195,172.31.46.0-255,66,44871,42,300826
27720,0.002201,74.125.68.0-255,4320,49191,42,300826
27721,0.002203,172.31.46.0-255,66,49257,42,300826
27722,0.002224,74.125.68.0-255,1484,50741,42,300826
27723,0.002228,74.125.68.0-255,2902,53643,42,300826
27724,0.00223,172.31.46.0-255,66,53709,42,300826
27725,0.002249,74.125.68.0-255,3961,57670,42,300826
27726,0.00225,172.31.46.0-255,66,57736,42,300826
27727,0.002253,74.125.68.0-255,413,58149,42,300826
27728,0.002588,74.125.68.0-255,1484,59633,42,300826
27729,0.00259,172.31.46.0-255,66,59699,42,300826
27730,0.002603,74.125.68.0-255,2902,62601,42,300826
27731,0.002605,172.31.46.0-255,66,62667,42,300826
27732,0.002631,74.125.68.0-255,4320,66987,42,300826
27733,0.002632,172.31.46.0-255,66,67053,42,300826
27734,0.00265,74.125.68.0-255,5738,72791,42,300826
27735,0.002652,172.31.46.0-255,66,72857,42,300826
27736,0.002673,74.125.68.0-255,2902,75759,42,300826
27737,0.002674,172.31.46.0-255,66,75825,42,300826
27738,0.00268,74.125.68.0-255,5738,81563,42,300826
27739,0.002682,172.31.46.0-255,66,81629,42,300826
27740,0.002686,74.125.68.0-255,2902,84531,42,300826
27741,0.002687,172.31.46.0-255,66,84597,42,300826
27742,0.002706,74.125.68.0-255,4320,88917,42,300826
27743,0.002708,172.31.46.0-255,66,88983,42,300826
27744,0.00271,74.125.68.0-255,1484,90467,42,300826
27745,0.002728,74.125.68.0-255,2184,92651,42,300826
27746,0.002743,172.31.46.0-255,66,92717,42,300826
27747,0.00284,74.125.68.0-255,1484,94201,42,300826
27748,0.002845,74.125.68.0-255,1484,95685,42,300826
27749,0.002848,172.31.46.0-255,66,95751,42,300826
27750,0.002866,74.125.68.0-255,1484,97235,42,300826
27751,0.002882,74.125.68.0-255,4320,101555,42,300826
27752,0.002887,172.31.46.0-255,66,101621,42,300826
27753,0.002895,74.125.68.0-255,1484,103105,42,300826
27754,0.002899,74.125.68.0-255,2902,106007,42,300826
27755,0.002911,74.125.68.0-255,4320,110327,42,300826
27756,0.002927,172.31.46.0-255,66,110393,42,300826
27757,0.003,172.31.46.0-255,66,110459,42,300826
27758,0.003029,172.31.46.0-255,66,110525,42,300826
27759,0.00306,74.125.68.0-255,2902,113427,42,300826
27760,0.003076,172.31.46.0-255,66,113493,42,300826
27761,0.003083,74.125.68.0-255,7156,120649,42,300826
27762,0.003087,74.125.68.0-255,4320,124969,42,300826
27763,0.003093,172.31.46.0-255,66,125035,42,300826
27764,0.003119,74.125.68.0-255,4320,129355,42,300826
27765,0.003127,172.31.46.0-255,66,129421,42,300826
27766,0.003159,74.125.68.0-255,2184,131605,42,300826
27767,0.00317,172.31.46.0-255,66,131671,42,300826
27768,0.003215,74.125.68.0-255,1484,133155,42,300826
27769,0.003234,74.125.68.0-255,5738,138893,42,300826
27770,0.003243,172.31.46.0-255,66,138959,42,300826
27771,0.00327,74.125.68.0-255,1484,140443,42,300826
27772,0.003274,74.125.68.0-255,2902,143345,42,300826
27773,0.003281,172.31.46.0-255,66,143411,42,300826
27774,0.003307,172.31.46.0-255,66,143477,42,300826
27775,0.003329,74.125.68.0-255,5020,148497,42,300826
27776,0.003333,172.31.46.0-255,66,148563,42,300826
27777,0.003366,74.125.68.0-255,5738,154301,42,300826
27778,0.003371,74.125.68.0-255,5738,160039,42,300826
27779,0.003375,172.31.46.0-255,66,160105,42,300826
27780,0.003387,74.125.68.0-255,1484,161589,42,300826
27781,0.003407,74.125.68.0-255,2902,164491,42,300826
27782,0.003441,74.125.68.0-255,2902,167393,42,300826
27783,0.003444,172.31.46.0-255,66,167459,42,300826
27784,0.003449,172.31.46.0-255,66,167525,42,300826
27785,0.00347,74.125.68.0-255,7156,174681,42,300826
27786,0.003485,74.125.68.0-255,2902,177583,42,300826
27787,0.00349,74.125.68.0-255,5738,183321,42,300826
27788,0.003504,74.125.68.0-255,2902,186223,42,300826
27789,0.003508,74.125.68.0-255,2902,189125,42,300826
27790,0.003517,172.31.46.0-255,66,189191,42,300826
27791,0.003526,74.125.68.0-255,4320,193511,42,300826
27792,0.00353,172.31.46.0-255,66,193577,42,300826
27793,0.003538,74.125.68.0-255,2184,195761,42,300826
27794,0.003544,74.125.68.0-255,4320,200081,42,300826
27795,0.003556,74.125.68.0-255,4320,204401,42,300826
27796,0.003566,74.125.68.0-255,1484,205885,42,300826
27797,0.003572,172.31.46.0-255,66,205951,42,300826
27798,0.003589,74.125.68.0-255,1484,207435,42,300826
27799,0.003619,172.31.46.0-255,66,207501,42,300826
27800,0.003666,74.125.68.0-255,1484,208985,42,300826
27801,0.003677,172.31.46.0-255,66,209051,42,300826
27802,0.003681,74.125.68.0-255,2902,211953,42,300826
27803,0.00371,172.31.46.0-255,66,212019,42,300826
27804,0.003738,74.125.68.0-255,5738,217757,42,300826
27805,0.003742,74.125.68.0-255,2902,220659,42,300826
27806,0.003747,74.125.68.0-255,4320,224979,42,300826
27807,0.00375,74.125.68.0-255,1484,226463,42,300826
27808,0.00377,74.125.68.0-255,5738,232201,42,300826
27809,0.003774,172.31.46.0-255,66,232267,42,300826
27810,0.003779,172.31.46.0-255,66,232333,42,300826
27811,0.003796,74.125.68.0-255,1484,233817,42,300826
27812,0.003803,74.125.68.0-255,5738,239555,42,300826
27813,0.003814,172.31.46.0-255,66,239621,42,300826
27814,0.003821,74.125.68.0-255,1484,241105,42,300826
27815,0.003839,74.125.68.0-255,5020,246125,42,300826
27816,0.00385,74.125.68.0-255,1484,247609,42,300826
27817,0.00386,172.31.46.0-255,66,247675,42,300826
27818,0.00388,74.125.68.0-255,1484,249159,42,300826
27819,0.003889,74.125.68.0-255,1484,250643,42,300826
27820,0.003895,74.125.68.0-255,2902,253545,42,300826
27821,0.003899,172.31.46.0-255,66,253611,42,300826
27822,0.003909,74.125.68.0-255,2902,256513,42,300826
27823,0.003922,74.125.68.0-255,2902,259415,42,300826
27824,0.003935,74.125.68.0-255,2902,262317,42,300826
27825,0.00395,74.125.68.0-255,1484,263801,42,300826
27826,0.003954,172.31.46.0-255,66,263867,42,300826
27827,0.003977,74.125.68.0-255,5738,269605,42,300826
27828,0.003984,172.31.46.0-255,66,269671,42,300826
27829,0.004006,74.125.68.0-255,6438,276109,42,300826
27830,0.004026,74.125.68.0-255,1484,277593,42,300826
27831,0.004038,74.125.68.0-255,2902,280495,42,300826
27832,0.004044,172.31.46.0-255,66,280561,42,300826
27833,0.004062,74.125.68.0-255,2902,283463,42,300826
27834,0.004077,74.125.68.0-255,1484,284947,42,300826
27835,0.00408,172.31.46.0-255,66,285013,42,300826
27836,0.004098,74.125.68.0-255,5738,290751,42,300826
27837,0.004109,74.125.68.0-255,1484,292235,42,300826
27838,0.004114,172.31.46.0-255,66,292301,42,300826
27839,0.004131,74.125.68.0-255,2902,295203,42,300826
27840,0.004135,74.125.68.0-255,1484,296687,42,300826
27841,0.004145,172.31.46.0-255,66,296753,42,300826
27842,0.004154,74.125.68.0-255,3564,300317,42,300826
27843,0.004159,172.31.46.0-255,66,300383,42,300826
27844,0.004221,74.125.68.0-255,105,300488,42,300826
27845,0.00689,172.31.46.0-255,101,300589,42,300826
27846,0.008176,172.31.46.0-255,105,300694,42,300826
27847,0.009139,74.125.68.0-255,66,300760,42,300826
27848,0.010386,74.125.68.0-255,66,300826,42,300826
27849,0.0,172.31.46.0-255,105,105,42,105
27850,0.0,172.217.194.0-255,156,156,42,115579
27851,2.4e-05,172.31.46.0-255,66,222,42,115579
27852,3.1e-05,172.217.194.0-255,1484,1706,42,115579
27853,3.6e-05,172.31.46.0-255,66,1772,42,115579
27854,4.2e-05,172.217.194.0-255,2902,4674,42,115579
27855,5.3e-05,172.31.46.0-255,66,4740,42,115579
27856,6.1e-05,172.217.194.0-255,7156,11896,42,115579
27857,6.4e-05,172.31.46.0-255,66,11962,42,115579
27858,0.0001,172.217.194.0-255,2044,14006,42,115579
27859,0.000103,172.31.46.0-255,66,14072,42,115579
27860,0.00025,172.217.194.0-255,1484,15556,42,115579
27861,0.000255,172.31.46.0-255,66,15622,42,115579
27862,0.000261,172.217.194.0-255,2902,18524,42,115579
27863,0.000264,172.31.46.0-255,66,18590,42,115579
27864,0.000267,172.217.194.0-255,1484,20074,42,115579
27865,0.000273,172.31.46.0-255,66,20140,42,115579
27866,0.000308,172.217.194.0-255,4320,24460,42,115579
27867,0.000311,172.31.46.0-255,66,24526,42,115579
27868,0.000318,172.217.194.0-255,6797,31323,42,115579
27869,0.00032,172.31.46.0-255,66,31389,42,115579
27870,0.000331,172.217.194.0-255,7156,38545,42,115579
27871,0.000334,172.31.46.0-255,66,38611,42,115579
27872,0.000376,172.31.46.0-255,66,38677,42,115579
27873,0.001698,172.217.194.0-255,1484,40161,42,115579
27874,0.001705,172.31.46.0-255,66,40227,42,115579
27875,0.001715,172.217.194.0-255,2902,43129,42,115579
27876,0.001718,172.31.46.0-255,66,43195,42,115579
27877,0.001732,172.217.194.0-255,5738,48933,42,115579
27878,0.001735,172.31.46.0-255,66,48999,42,115579
27879,0.001759,172.217.194.0-255,1484,50483,42,115579
27880,0.001766,172.31.46.0-255,66,50549,42,115579
27881,0.001797,172.217.194.0-255,5960,56509,42,115579
27882,0.0018,172.31.46.0-255,66,56575,42,115579
27883,0.00181,172.31.46.0-255,66,56641,42,115579
27884,0.001816,172.217.194.0-255,5738,62379,42,115579
27885,0.001819,172.31.46.0-255,66,62445,42,115579
27886,0.001867,172.31.46.0-255,66,62511,42,115579
27887,0.001874,172.217.194.0-255,6438,68949,42,115579
27888,0.001876,172.31.46.0-255,66,69015,42,115579
27889,0.003929,172.217.194.0-255,2902,71917,42,115579
27890,0.003934,172.31.46.0-255,66,71983,42,115579
27891,0.003952,172.217.194.0-255,2902,74885,42,115579
27892,0.003954,172.31.46.0-255,66,74951,42,115579
27893,0.006044,172.217.194.0-255,5738,80689,42,115579
27894,0.006052,172.31.46.0-255,66,80755,42,115579
27895,0.008113,172.217.194.0-255,5738,86493,42,115579
27896,0.00812,172.31.46.0-255,66,86559,42,115579
27897,0.010217,172.217.194.0-255,5738,92297,42,115579
27898,0.010225,172.31.46.0-255,66,92363,42,115579
27899,0.012316,172.217.194.0-255,5738,98101,42,115579
27900,0.012327,172.31.46.0-255,66,98167,42,115579
27901,0.014432,172.217.194.0-255,5738,103905,42,115579
27902,0.014444,172.31.46.0-255,66,103971,42,115579
27903,0.016514,172.217.194.0-255,5738,109709,42,115579
27904,0.016521,172.31.46.0-255,66,109775,42,115579
27905,0.018605,172.217.194.0-255,5738,115513,42,115579
27906,0.018613,172.31.46.0-255,66,115579,42,115579
27907,0.0,172.217.194.0-255,152,152,42,159843
27908,2.3e-05,172.31.46.0-255,66,218,42,159843
27909,3e-05,172.217.194.0-255,1484,1702,42,159843
27910,3.5e-05,172.31.46.0-255,66,1768,42,159843
27911,3.9e-05,172.217.194.0-255,2902,4670,42,159843
27912,5e-05,172.31.46.0-255,66,4736,42,159843
27913,5.8e-05,172.217.194.0-255,7156,11892,42,159843
27914,6.1e-05,172.31.46.0-255,66,11958,42,159843
27915,8.4e-05,172.217.194.0-255,2101,14059,42,159843
27916,8.6e-05,172.31.46.0-255,66,14125,42,159843
27917,0.000164,172.217.194.0-255,1484,15609,42,159843
27918,0.000167,172.31.46.0-255,66,15675,42,159843
27919,0.000171,172.217.194.0-255,2902,18577,42,159843
27920,0.000174,172.31.46.0-255,66,18643,42,159843
27921,0.000204,172.217.194.0-255,5738,24381,42,159843
27922,0.000206,172.31.46.0-255,66,24447,42,159843
27923,0.000228,172.217.194.0-255,1484,25931,42,159843
27924,0.00023,172.31.46.0-255,66,25997,42,159843
27925,0.000256,172.217.194.0-255,5379,31376,42,159843
27926,0.000258,172.31.46.0-255,66,31442,42,159843
27927,0.000283,172.217.194.0-255,1484,32926,42,159843
27928,0.000285,172.31.46.0-255,66,32992,42,159843
27929,0.00029,172.217.194.0-255,2902,35894,42,159843
27930,0.000292,172.31.46.0-255,66,35960,42,159843
27931,0.000297,172.217.194.0-255,4320,40280,42,159843
27932,0.000299,172.31.46.0-255,66,40346,42,159843
27933,0.000327,172.217.194.0-255,1484,41830,42,159843
27934,0.000329,172.31.46.0-255,66,41896,42,159843
27935,0.000361,172.217.194.0-255,6797,48693,42,159843
27936,0.000364,172.31.46.0-255,66,48759,42,159843
27937,0.000371,172.217.194.0-255,7156,55915,42,159843
27938,0.000373,172.31.46.0-255,66,55981,42,159843
27939,0.000523,172.217.194.0-255,646,56627,42,159843
27940,0.000554,172.31.46.0-255,66,56693,42,159843
27941,0.000749,172.217.194.0-255,1484,58177,42,159843
27942,0.000755,172.217.194.0-255,2902,61079,42,159843
27943,0.000762,172.217.194.0-255,5738,66817,42,159843
27944,0.000782,172.31.46.0-255,66,66883,42,159843
27945,0.000805,172.217.194.0-255,5738,72621,42,159843
27946,0.000825,172.217.194.0-255,5020,77641,42,159843
27947,0.000827,172.31.46.0-255,66,77707,42,159843
27948,0.000849,172.31.46.0-255,66,77773,42,159843
27949,0.001457,172.217.194.0-255,1484,79257,42,159843
27950,0.001467,172.217.194.0-255,2902,82159,42,159843
27951,0.001471,172.31.46.0-255,66,82225,42,159843
27952,0.001479,172.217.194.0-255,5738,87963,42,159843
27953,0.001495,172.217.194.0-255,1484,89447,42,159843
27954,0.001538,172.217.194.0-255,1484,90931,42,159843
27955,0.001581,172.217.194.0-255,7156,98087,42,159843
27956,0.001603,172.217.194.0-255,5020,103107,42,159843
27957,0.001978,172.217.194.0-255,1484,104591,42,159843
27958,0.001986,172.217.194.0-255,2902,107493,42,159843
27959,0.002,172.217.194.0-255,5738,113231,42,159843
27960,0.002048,172.217.194.0-255,4320,117551,42,159843
27961,0.002067,172.217.194.0-255,1484,119035,42,159843
27962,0.002093,172.217.194.0-255,766,119801,42,159843
27963,0.002198,172.217.194.0-255,1484,121285,42,159843
27964,0.002219,172.217.194.0-255,1484,122769,42,159843
27965,0.00223,172.217.194.0-255,1484,124253,42,159843
27966,0.002236,172.217.194.0-255,5738,129991,42,159843
27967,0.002316,172.217.194.0-255,766,130757,42,159843
27968,0.006883,172.31.46.0-255,66,130823,42,159843
27969,0.009262,172.217.194.0-255,5738,136561,42,159843
27970,0.009277,172.31.46.0-255,66,136627,42,159843
27971,0.011619,172.217.194.0-255,5738,142365,42,159843
27972,0.011666,172.31.46.0-255,66,142431,42,159843
27973,0.013996,172.217.194.0-255,5738,148169,42,159843
27974,0.014004,172.31.46.0-255,66,148235,42,159843
27975,0.01639,172.217.194.0-255,5738,153973,42,159843
27976,0.016409,172.31.46.0-255,66,154039,42,159843
27977,0.018725,172.217.194.0-255,5738,159777,42,159843
27978,0.018739,172.31.46.0-255,66,159843,42,159843
27979,0.0,172.217.194.0-255,153,153,42,200184
27980,2.5e-05,172.31.46.0-255,66,219,42,200184
27981,3.2e-05,172.217.194.0-255,1484,1703,42,200184
27982,3.7e-05,172.31.46.0-255,66,1769,42,200184
27983,4.4e-05,172.217.194.0-255,2902,4671,42,200184
27984,4.8e-05,172.31.46.0-255,66,4737,42,200184
27985,5.6e-05,172.217.194.0-255,7156,11893,42,200184
27986,5.9e-05,172.31.46.0-255,66,11959,42,200184
27987,6.7e-05,172.217.194.0-255,7156,19115,42,200184
27988,7.1e-05,172.31.46.0-255,66,19181,42,200184
27989,0.0001,172.217.194.0-255,4935,24116,42,200184
27990,0.000104,172.31.46.0-255,66,24182,42,200184
27991,0.000113,172.217.194.0-255,6797,30979,42,200184
27992,0.000115,172.31.46.0-255,66,31045,42,200184
27993,0.00013,172.217.194.0-255,1484,32529,42,200184
27994,0.000132,172.31.46.0-255,66,32595,42,200184
27995,0.000137,172.217.194.0-255,2902,35497,42,200184
27996,0.00014,172.31.46.0-255,66,35563,42,200184
27997,0.000144,172.217.194.0-255,2902,38465,42,200184
27998,0.000146,172.31.46.0-255,66,38531,42,200184
27999,0.000169,172.217.194.0-255,2902,41433,42,200184
28000,0.000171,172.31.46.0-255,66,41499,42,200184
28001,0.000178,172.217.194.0-255,5738,47237,42,200184
28002,0.00018,172.31.46.0-255,66,47303,42,200184
28003,0.000207,172.31.46.0-255,66,47369,42,200184
28004,0.000214,172.217.194.0-255,5738,53107,42,200184
28005,0.000217,172.31.46.0-255,66,53173,42,200184
28006,0.00024,172.217.194.0-255,4262,57435,42,200184
28007,0.000243,172.31.46.0-255,66,57501,42,200184
28008,0.000372,172.217.194.0-255,388,57889,42,200184
28009,0.000376,172.31.46.0-255,66,57955,42,200184
28010,0.000495,172.217.194.0-255,1484,59439,42,200184
28011,0.000502,172.217.194.0-255,2902,62341,42,200184
28012,0.000505,172.31.46.0-255,66,62407,42,200184
28013,0.00053,172.217.194.0-255,5738,68145,42,200184
28014,0.000533,172.31.46.0-255,66,68211,42,200184
28015,0.000559,172.31.46.0-255,66,68277,42,200184
28016,0.000573,172.217.194.0-255,4320,72597,42,200184
28017,0.000576,172.31.46.0-255,66,72663,42,200184
28018,0.000601,172.31.46.0-255,66,72729,42,200184
28019,0.00105,172.217.194.0-255,1484,74213,42,200184
28020,0.001057,172.217.194.0-255,2902,77115,42,200184
28021,0.00106,172.31.46.0-255,66,77181,42,200184
28022,0.001068,172.217.194.0-255,5738,82919,42,200184
28023,0.00107,172.31.46.0-255,66,82985,42,200184
28024,0.001089,172.217.194.0-255,2902,85887,42,200184
28025,0.001093,172.31.46.0-255,66,85953,42,200184
28026,0.001111,172.31.46.0-255,66,86019,42,200184
28027,0.001116,172.217.194.0-255,4320,90339,42,200184
28028,0.001119,172.31.46.0-255,66,90405,42,200184
28029,0.001145,172.217.194.0-255,6438,96843,42,200184
28030,0.001148,172.31.46.0-255,66,96909,42,200184
28031,0.001799,172.217.194.0-255,1484,98393,42,200184
28032,0.001817,172.217.194.0-255,1484,99877,42,200184
28033,0.001821,172.31.46.0-255,66,99943,42,200184
28034,0.001827,172.217.194.0-255,2902,102845,42,200184
28035,0.001829,172.31.46.0-255,66,102911,42,200184
28036,0.001835,172.217.194.0-255,5738,108649,42,200184
28037,0.001837,172.31.46.0-255,66,108715,42,200184
28038,0.001865,172.217.194.0-255,7156,115871,42,200184
28039,0.001868,172.31.46.0-255,66,115937,42,200184
28040,0.001882,172.217.194.0-255,5738,121675,42,200184
28041,0.001884,172.31.46.0-255,66,121741,42,200184
28042,0.001896,172.31.46.0-255,66,121807,42,200184
28043,0.001937,172.217.194.0-255,1484,123291,42,200184
28044,0.001955,172.217.194.0-255,2902,126193,42,200184
28045,0.001959,172.31.46.0-255,66,126259,42,200184
28046,0.001966,172.217.194.0-255,5738,131997,42,200184
28047,0.001968,172.31.46.0-255,66,132063,42,200184
28048,0.001994,172.217.194.0-255,2902,134965,42,200184
28049,0.001997,172.31.46.0-255,66,135031,42,200184
28050,0.002002,172.217.194.0-255,4320,139351,42,200184
28051,0.002005,172.31.46.0-255,66,139417,42,200184
28052,0.00201,172.217.194.0-255,4320,143737,42,200184
28053,0.002012,172.31.46.0-255,66,143803,42,200184
28054,0.002041,172.217.194.0-255,4320,148123,42,200184
28055,0.002044,172.31.46.0-255,66,148189,42,200184
28056,0.00205,172.217.194.0-255,5738,153927,42,200184
28057,0.002052,172.31.46.0-255,66,153993,42,200184
28058,0.002076,172.217.194.0-255,2184,156177,42,200184
28059,0.002078,172.31.46.0-255,66,156243,42,200184
28060,0.002204,172.217.194.0-255,1484,157727,42,200184
28061,0.002222,172.217.194.0-255,2902,160629,42,200184
28062,0.002226,172.31.46.0-255,66,160695,42,200184
28063,0.002248,172.217.194.0-255,5738,166433,42,200184
28064,0.002251,172.31.46.0-255,66,166499,42,200184
28065,0.002257,172.217.194.0-255,4320,170819,42,200184
28066,0.002259,172.31.46.0-255,66,170885,42,200184
28067,0.002279,172.217.194.0-255,2902,173787,42,200184
28068,0.002282,172.31.46.0-255,66,173853,42,200184
28069,0.002312,172.31.46.0-255,66,173919,42,200184
28070,0.002323,172.31.46.0-255,66,173985,42,200184
28071,0.002414,172.217.194.0-255,1484,175469,42,200184
28072,0.002421,172.217.194.0-255,2902,178371,42,200184
28073,0.002425,172.31.46.0-255,66,178437,42,200184
28074,0.002431,172.217.194.0-255,5738,184175,42,200184
28075,0.002433,172.31.46.0-255,66,184241,42,200184
28076,0.002436,172.217.194.0-255,1484,185725,42,200184
28077,0.002439,172.217.194.0-255,1484,187209,42,200184
28078,0.002441,172.31.46.0-255,66,187275,42,200184
28079,0.002451,172.217.194.0-255,2902,190177,42,200184
28080,0.002454,172.31.46.0-255,66,190243,42,200184
28081,0.002487,172.31.46.0-255,66,190309,42,200184
28082,0.002501,172.31.46.0-255,66,190375,42,200184
28083,0.002532,172.31.46.0-255,66,190441,42,200184
28084,0.00255,172.31.46.0-255,66,190507,42,200184
28085,0.002562,172.31.46.0-255,66,190573,42,200184
28086,0.002604,172.31.46.0-255,66,190639,42,200184
28087,0.002621,172.217.194.0-255,4320,194959,42,200184
28088,0.002623,172.31.46.0-255,66,195025,42,200184
28089,0.002639,172.31.46.0-255,66,195091,42,200184
28090,0.002643,172.217.194.0-255,2902,197993,42,200184
28091,0.002646,172.31.46.0-255,66,198059,42,200184
28092,0.002693,172.31.46.0-255,66,198125,42,200184
28093,0.002696,172.217.194.0-255,1484,199609,42,200184
28094,0.002732,172.31.46.0-255,66,199675,42,200184
28095,0.002764,172.31.46.0-255,66,199741,42,200184
28096,0.002767,172.217.194.0-255,105,199846,42,200184
28097,0.008669,172.31.46.0-255,101,199947,42,200184
28098,0.009375,172.31.46.0-255,105,200052,42,200184
28099,0.01083,172.217.194.0-255,66,200118,42,200184
28100,0.011543,172.217.194.0-255,66,200184,42,200184
28101,0.0,172.217.194.0-255,153,153,42,190447
28102,2.3e-05,172.31.46.0-255,66,219,42,190447
28103,3e-05,172.217.194.0-255,1484,1703,42,190447
28104,3.5e-05,172.31.46.0-255,66,1769,42,190447
28105,4.2e-05,172.217.194.0-255,2902,4671,42,190447
28106,4.5e-05,172.31.46.0-255,66,4737,42,190447
28107,5.3e-05,172.217.194.0-255,7156,11893,42,190447
28108,5.6e-05,172.31.46.0-255,66,11959,42,190447
28109,6e-05,172.217.194.0-255,2083,14042,42,190447
28110,6.3e-05,172.31.46.0-255,66,14108,42,190447
28111,0.000114,172.217.194.0-255,4320,18428,42,190447
28112,0.000118,172.31.46.0-255,66,18494,42,190447
28113,0.000137,172.217.194.0-255,5738,24232,42,190447
28114,0.000139,172.31.46.0-255,66,24298,42,190447
28115,0.000151,172.31.46.0-255,66,24364,42,190447
28116,0.000168,172.217.194.0-255,2902,27266,42,190447
28117,0.000171,172.31.46.0-255,66,27332,42,190447
28118,0.000195,172.31.46.0-255,66,27398,42,190447
28119,0.000227,172.31.46.0-255,66,27464,42,190447
28120,0.00026,172.217.194.0-255,5666,33130,42,190447
28121,0.000263,172.31.46.0-255,66,33196,42,190447
28122,0.000344,172.217.194.0-255,98,33294,42,190447
28123,0.000348,172.31.46.0-255,66,33360,42,190447
28124,0.000434,172.217.194.0-255,366,33726,42,190447
28125,0.000438,172.31.46.0-255,66,33792,42,190447
28126,0.000592,172.217.194.0-255,1484,35276,42,190447
28127,0.000598,172.31.46.0-255,66,35342,42,190447
28128,0.000603,172.217.194.0-255,2902,38244,42,190447
28129,0.000606,172.31.46.0-255,66,38310,42,190447
28130,0.000609,172.217.194.0-255,1484,39794,42,190447
28131,0.000629,172.217.194.0-255,4320,44114,42,190447
28132,0.000632,172.31.46.0-255,66,44180,42,190447
28133,0.000634,172.217.194.0-255,1484,45664,42,190447
28134,0.00066,172.31.46.0-255,66,45730,42,190447
28135,0.000664,172.217.194.0-255,2902,48632,42,190447
28136,0.000666,172.31.46.0-255,66,48698,42,190447
28137,0.0007,172.31.46.0-255,66,48764,42,190447
28138,0.001019,172.217.194.0-255,1484,50248,42,190447
28139,0.001025,172.217.194.0-255,2902,53150,42,190447
28140,0.001029,172.31.46.0-255,66,53216,42,190447
28141,0.001033,172.217.194.0-255,1484,54700,42,190447
28142,0.001053,172.217.194.0-255,4320,59020,42,190447
28143,0.001056,172.31.46.0-255,66,59086,42,190447
28144,0.001059,172.217.194.0-255,1484,60570,42,190447
28145,0.001072,172.217.194.0-255,4320,64890,42,190447
28146,0.001074,172.31.46.0-255,66,64956,42,190447
28147,0.001095,172.217.194.0-255,7156,72112,42,190447
28148,0.001098,172.31.46.0-255,66,72178,42,190447
28149,0.001122,172.217.194.0-255,4320,76498,42,190447
28150,0.001124,172.31.46.0-255,66,76564,42,190447
28151,0.001146,172.217.194.0-255,6438,83002,42,190447
28152,0.001149,172.31.46.0-255,66,83068,42,190447
28153,0.001162,172.31.46.0-255,66,83134,42,190447
28154,0.001242,172.31.46.0-255,66,83200,42,190447
28155,0.001253,172.31.46.0-255,66,83266,42,190447
28156,0.001264,172.31.46.0-255,66,83332,42,190447
28157,0.001276,172.31.46.0-255,66,83398,42,190447
28158,0.001311,172.31.46.0-255,66,83464,42,190447
28159,0.001314,172.217.194.0-255,766,84230,42,190447
28160,0.001375,172.217.194.0-255,1484,85714,42,190447
28161,0.001378,172.31.46.0-255,66,85780,42,190447
28162,0.001383,172.217.194.0-255,2902,88682,42,190447
28163,0.001386,172.31.46.0-255,66,88748,42,190447
28164,0.001392,172.217.194.0-255,5738,94486,42,190447
28165,0.001394,172.31.46.0-255,66,94552,42,190447
28166,0.001429,172.217.194.0-255,5738,100290,42,190447
28167,0.001433,172.31.46.0-255,66,100356,42,190447
28168,0.001462,172.217.194.0-255,7156,107512,42,190447
28169,0.001466,172.31.46.0-255,66,107578,42,190447
28170,0.001478,172.31.46.0-255,66,107644,42,190447
28171,0.001483,172.217.194.0-255,4320,111964,42,190447
28172,0.001485,172.31.46.0-255,66,112030,42,190447
28173,0.001491,172.217.194.0-255,4320,116350,42,190447
28174,0.001493,172.31.46.0-255,66,116416,42,190447
28175,0.001514,172.217.194.0-255,1484,117900,42,190447
28176,0.001523,172.217.194.0-255,7156,125056,42,190447
28177,0.001525,172.31.46.0-255,66,125122,42,190447
28178,0.001554,172.217.194.0-255,4320,129442,42,190447
28179,0.001557,172.31.46.0-255,66,129508,42,190447
28180,0.001564,172.217.194.0-255,7156,136664,42,190447
28181,0.001566,172.31.46.0-255,66,136730,42,190447
28182,0.001593,172.217.194.0-255,5020,141750,42,190447
28183,0.001597,172.31.46.0-255,66,141816,42,190447
28184,0.001676,172.217.194.0-255,1484,143300,42,190447
28185,0.00168,172.217.194.0-255,1484,144784,42,190447
28186,0.001683,172.31.46.0-255,66,144850,42,190447
28187,0.001705,172.217.194.0-255,1484,146334,42,190447
28188,0.001712,172.217.194.0-255,5738,152072,42,190447
28189,0.001715,172.31.46.0-255,66,152138,42,190447
28190,0.001718,172.217.194.0-255,1484,153622,42,190447
28191,0.001747,172.31.46.0-255,66,153688,42,190447
28192,0.001766,172.217.194.0-255,1484,155172,42,190447
28193,0.001773,172.217.194.0-255,7156,162328,42,190447
28194,0.001776,172.31.46.0-255,66,162394,42,190447
28195,0.001793,172.217.194.0-255,3602,165996,42,190447
28196,0.001795,172.31.46.0-255,66,166062,42,190447
28197,0.001845,172.217.194.0-255,1484,167546,42,190447
28198,0.00187,172.217.194.0-255,2902,170448,42,190447
28199,0.001873,172.31.46.0-255,66,170514,42,190447
28200,0.00188,172.217.194.0-255,5738,176252,42,190447
28201,0.001882,172.31.46.0-255,66,176318,42,190447
28202,0.001915,172.31.46.0-255,66,176384,42,190447
28203,0.001986,172.217.194.0-255,2902,179286,42,190447
28204,0.001989,172.31.46.0-255,66,179352,42,190447
28205,0.002023,172.31.46.0-255,66,179418,42,190447
28206,0.002035,172.31.46.0-255,66,179484,42,190447
28207,0.002047,172.31.46.0-255,66,179550,42,190447
28208,0.002052,172.217.194.0-255,4320,183870,42,190447
28209,0.002054,172.31.46.0-255,66,183936,42,190447
28210,0.002097,172.31.46.0-255,66,184002,42,190447
28211,0.002102,172.217.194.0-255,2902,186904,42,190447
28212,0.002104,172.31.46.0-255,66,186970,42,190447
28213,0.002108,172.217.194.0-255,2902,189872,42,190447
28214,0.00211,172.31.46.0-255,66,189938,42,190447
28215,0.002121,172.31.46.0-255,66,190004,42,190447
28216,0.003747,172.31.46.0-255,101,190105,42,190447
28217,0.004189,172.217.194.0-255,105,190210,42,190447
28218,0.004427,172.31.46.0-255,105,190315,42,190447
28219,0.005764,172.217.194.0-255,66,190381,42,190447
28220,0.006405,172.217.194.0-255,66,190447,42,190447
28221,0.0,74.125.130.0-255,150,150,42,122313
28222,1.6e-05,172.31.46.0-255,66,216,42,122313
28223,5.2e-05,74.125.130.0-255,1484,1700,42,122313
28224,5.6e-05,172.31.46.0-255,66,1766,42,122313
28225,6.1e-05,74.125.130.0-255,2902,4668,42,122313
28226,6.5e-05,172.31.46.0-255,66,4734,42,122313
28227,8.4e-05,74.125.130.0-255,2902,7636,42,122313
28228,8.6e-05,172.31.46.0-255,66,7702,42,122313
28229,0.000107,74.125.130.0-255,4320,12022,42,122313
28230,0.000109,172.31.46.0-255,66,12088,42,122313
28231,0.000134,74.125.130.0-255,2093,14181,42,122313
28232,0.000136,172.31.46.0-255,66,14247,42,122313
28233,0.000249,74.125.130.0-255,1484,15731,42,122313
28234,0.000253,172.31.46.0-255,66,15797,42,122313
28235,0.000266,74.125.130.0-255,2902,18699,42,122313
28236,0.000269,172.31.46.0-255,66,18765,42,122313
28237,0.000293,74.125.130.0-255,2902,21667,42,122313
28238,0.000295,172.31.46.0-255,66,21733,42,122313
28239,0.0003,74.125.130.0-255,4320,26053,42,122313
28240,0.000302,172.31.46.0-255,66,26119,42,122313
28241,0.000341,74.125.130.0-255,1484,27603,42,122313
28242,0.000344,172.31.46.0-255,66,27669,42,122313
28243,0.000364,74.125.130.0-255,3961,31630,42,122313
28244,0.000366,172.31.46.0-255,66,31696,42,122313
28245,0.000484,74.125.130.0-255,1484,33180,42,122313
28246,0.000488,172.31.46.0-255,66,33246,42,122313
28247,0.000493,74.125.130.0-255,2902,36148,42,122313
28248,0.000496,172.31.46.0-255,66,36214,42,122313
28249,0.000532,74.125.130.0-255,5738,41952,42,122313
28250,0.000535,172.31.46.0-255,66,42018,42,122313
28251,0.000538,74.125.130.0-255,1484,43502,42,122313
28252,0.00054,172.31.46.0-255,66,43568,42,122313
28253,0.000557,74.125.130.0-255,5379,48947,42,122313
28254,0.000559,172.31.46.0-255,66,49013,42,122313
28255,0.000564,74.125.130.0-255,4320,53333,42,122313
28256,0.000567,172.31.46.0-255,66,53399,42,122313
28257,0.00059,74.125.130.0-255,2902,56301,42,122313
28258,0.000602,172.31.46.0-255,66,56367,42,122313
28259,0.000605,172.31.46.0-255,66,56433,42,122313
28260,0.001401,74.125.130.0-255,360,56793,42,122313
28261,0.001409,74.125.130.0-255,382,57175,42,122313
28262,0.001938,74.125.130.0-255,1484,58659,42,122313
28263,0.001944,172.31.46.0-255,66,58725,42,122313
28264,0.001959,74.125.130.0-255,2902,61627,42,122313
28265,0.001961,172.31.46.0-255,66,61693,42,122313
28266,0.001985,74.125.130.0-255,1484,63177,42,122313
28267,0.002007,74.125.130.0-255,4320,67497,42,122313
28268,0.002009,172.31.46.0-255,66,67563,42,122313
28269,0.002012,74.125.130.0-255,2902,70465,42,122313
28270,0.002014,172.31.46.0-255,66,70531,42,122313
28271,0.002028,74.125.130.0-255,4320,74851,42,122313
28272,0.00203,172.31.46.0-255,66,74917,42,122313
28273,0.00206,74.125.130.0-255,2902,77819,42,122313
28274,0.002062,172.31.46.0-255,66,77885,42,122313
28275,0.002079,74.125.130.0-255,4320,82205,42,122313
28276,0.002081,172.31.46.0-255,66,82271,42,122313
28277,0.002091,172.31.46.0-255,66,82337,42,122313
28278,0.002093,74.125.130.0-255,766,83103,42,122313
28279,0.004383,74.125.130.0-255,4320,87423,42,122313
28280,0.00439,172.31.46.0-255,66,87489,42,122313
28281,0.006699,74.125.130.0-255,5738,93227,42,122313
28282,0.006705,172.31.46.0-255,66,93293,42,122313
28283,0.009004,74.125.130.0-255,5738,99031,42,122313
28284,0.009011,172.31.46.0-255,66,99097,42,122313
28285,0.011339,74.125.130.0-255,5738,104835,42,122313
28286,0.011346,172.31.46.0-255,66,104901,42,122313
28287,0.013638,74.125.130.0-255,5738,110639,42,122313
28288,0.013645,172.31.46.0-255,66,110705,42,122313
28289,0.015942,74.125.130.0-255,5738,116443,42,122313
28290,0.015948,172.31.46.0-255,66,116509,42,122313
28291,0.018245,74.125.130.0-255,5738,122247,42,122313
28292,0.018252,172.31.46.0-255,66,122313,42,122313
28293,0.0,74.125.68.0-255,153,153,42,278489
28294,1.4e-05,172.31.46.0-255,66,219,42,278489
28295,2e-05,74.125.68.0-255,1484,1703,42,278489
28296,2.5e-05,172.31.46.0-255,66,1769,42,278489
28297,3.7e-05,74.125.68.0-255,2902,4671,42,278489
28298,4.1e-05,172.31.46.0-255,66,4737,42,278489
28299,7.1e-05,74.125.68.0-255,5738,10475,42,278489
28300,7.5e-05,172.31.46.0-255,66,10541,42,278489
28301,7.9e-05,74.125.68.0-255,3423,13964,42,278489
28302,8.1e-05,172.31.46.0-255,66,14030,42,278489
28303,0.000193,74.125.68.0-255,1484,15514,42,278489
28304,0.000197,172.31.46.0-255,66,15580,42,278489
28305,0.000221,74.125.68.0-255,2902,18482,42,278489
28306,0.000224,172.31.46.0-255,66,18548,42,278489
28307,0.000228,74.125.68.0-255,4320,22868,42,278489
28308,0.000231,172.31.46.0-255,66,22934,42,278489
28309,0.000262,74.125.68.0-255,5738,28672,42,278489
28310,0.000264,172.31.46.0-255,66,28738,42,278489
28311,0.000301,74.125.68.0-255,3961,32699,42,278489
28312,0.000304,172.31.46.0-255,66,32765,42,278489
28313,0.000307,74.125.68.0-255,1484,34249,42,278489
28314,0.000309,172.31.46.0-255,66,34315,42,278489
28315,0.000338,74.125.68.0-255,2902,37217,42,278489
28316,0.00034,172.31.46.0-255,66,37283,42,278489
28317,0.000344,74.125.68.0-255,2902,40185,42,278489
28318,0.000346,172.31.46.0-255,66,40251,42,278489
28319,0.00035,74.125.68.0-255,4320,44571,42,278489
28320,0.000352,172.31.46.0-255,66,44637,42,278489
28321,0.000377,74.125.68.0-255,1484,46121,42,278489
28322,0.000379,172.31.46.0-255,66,46187,42,278489
28323,0.000403,74.125.68.0-255,2543,48730,42,278489
28324,0.000405,172.31.46.0-255,66,48796,42,278489
28325,0.000468,74.125.68.0-255,1484,50280,42,278489
28326,0.000486,74.125.68.0-255,2902,53182,42,278489
28327,0.0005,172.31.46.0-255,66,53248,42,278489
28328,0.000506,74.125.68.0-255,5738,58986,42,278489
28329,0.000511,172.31.46.0-255,66,59052,42,278489
28330,0.00053,74.125.68.0-255,5738,64790,42,278489
28331,0.000547,74.125.68.0-255,1451,66241,42,278489
28332,0.000563,172.31.46.0-255,66,66307,42,278489
28333,0.000609,74.125.68.0-255,1484,67791,42,278489
28334,0.00062,74.125.68.0-255,2902,70693,42,278489
28335,0.000623,74.125.68.0-255,1484,72177,42,278489
28336,0.000634,74.125.68.0-255,1484,73661,42,278489
28337,0.000643,172.31.46.0-255,66,73727,42,278489
28338,0.000646,74.125.68.0-255,1484,75211,42,278489
28339,0.000664,74.125.68.0-255,5738,80949,42,278489
28340,0.000683,172.31.46.0-255,66,81015,42,278489
28341,0.000694,74.125.68.0-255,7156,88171,42,278489
28342,0.000702,74.125.68.0-255,2902,91073,42,278489
28343,0.000707,172.31.46.0-255,66,91139,42,278489
28344,0.000725,74.125.68.0-255,5738,96877,42,278489
28345,0.000736,74.125.68.0-255,3602,100479,42,278489
28346,0.000744,172.31.46.0-255,66,100545,42,278489
28347,0.000761,74.125.68.0-255,329,100874,42,278489
28348,0.000966,74.125.68.0-255,1484,102358,42,278489
28349,0.000982,74.125.68.0-255,2902,105260,42,278489
28350,0.00099,172.31.46.0-255,66,105326,42,278489
28351,0.001006,74.125.68.0-255,4320,109646,42,278489
28352,0.001017,74.125.68.0-255,2902,112548,42,278489
28353,0.001026,172.31.46.0-255,66,112614,42,278489
28354,0.001053,74.125.68.0-255,5738,118352,42,278489
28355,0.001058,74.125.68.0-255,4320,122672,42,278489
28356,0.001063,74.125.68.0-255,5738,128410,42,278489
28357,0.001069,172.31.46.0-255,66,128476,42,278489
28358,0.001099,74.125.68.0-255,6438,134914,42,278489
28359,0.001107,172.31.46.0-255,66,134980,42,278489
28360,0.001619,74.125.68.0-255,1484,136464,42,278489
28361,0.001631,74.125.68.0-255,1484,137948,42,278489
28362,0.001634,172.31.46.0-255,66,138014,42,278489
28363,0.001661,74.125.68.0-255,1484,139498,42,278489
28364,0.001668,74.125.68.0-255,5738,145236,42,278489
28365,0.001671,74.125.68.0-255,2902,148138,42,278489
28366,0.00168,172.31.46.0-255,66,148204,42,278489
28367,0.001689,74.125.68.0-255,4320,152524,42,278489
28368,0.001719,172.31.46.0-255,66,152590,42,278489
28369,0.001753,74.125.68.0-255,1484,154074,42,278489
28370,0.001757,172.31.46.0-255,66,154140,42,278489
28371,0.001768,74.125.68.0-255,2184,156324,42,278489
28372,0.001784,172.31.46.0-255,66,156390,42,278489
28373,0.001789,74.125.68.0-255,4320,160710,42,278489
28374,0.001794,172.31.46.0-255,66,160776,42,278489
28375,0.001809,74.125.68.0-255,5738,166514,42,278489
28376,0.001824,172.31.46.0-255,66,166580,42,278489
28377,0.001842,74.125.68.0-255,7156,173736,42,278489
28378,0.001864,74.125.68.0-255,4320,178056,42,278489
28379,0.00187,172.31.46.0-255,66,178122,42,278489
28380,0.001905,172.31.46.0-255,66,178188,42,278489
28381,0.001935,74.125.68.0-255,3602,181790,42,278489
28382,0.00194,172.31.46.0-255,66,181856,42,278489
28383,0.001966,74.125.68.0-255,4320,186176,42,278489
28384,0.001971,74.125.68.0-255,5738,191914,42,278489
28385,0.001988,172.31.46.0-255,66,191980,42,278489
28386,0.001997,74.125.68.0-255,2902,194882,42,278489
28387,0.002018,74.125.68.0-255,7156,202038,42,278489
28388,0.002029,74.125.68.0-255,1484,203522,42,278489
28389,0.002034,74.125.68.0-255,4320,207842,42,278489
28390,0.002038,172.31.46.0-255,66,207908,42,278489
28391,0.002061,74.125.68.0-255,2902,210810,42,278489
28392,0.002073,172.31.46.0-255,66,210876,42,278489
28393,0.002084,74.125.68.0-255,5020,215896,42,278489
28394,0.002101,172.31.46.0-255,66,215962,42,278489
28395,0.002168,74.125.68.0-255,1484,217446,42,278489
28396,0.002189,74.125.68.0-255,2902,220348,42,278489
28397,0.002198,172.31.46.0-255,66,220414,42,278489
28398,0.002216,74.125.68.0-255,5738,226152,42,278489
28399,0.002221,74.125.68.0-255,4320,230472,42,278489
28400,0.002229,74.125.68.0-255,2902,233374,42,278489
28401,0.002245,74.125.68.0-255,2902,236276,42,278489
28402,0.002258,74.125.68.0-255,4320,240596,42,278489
28403,0.002286,74.125.68.0-255,7156,247752,42,278489
28404,0.002288,74.125.68.0-255,1484,249236,42,278489
28405,0.007372,172.31.46.0-255,66,249302,42,278489
28406,0.007849,172.31.46.0-255,101,249403,42,278489
28407,0.009666,74.125.68.0-255,5738,255141,42,278489
28408,0.009673,172.31.46.0-255,66,255207,42,278489
28409,0.010074,74.125.68.0-255,66,255273,42,278489
28410,0.011938,74.125.68.0-255,5738,261011,42,278489
28411,0.011945,172.31.46.0-255,66,261077,42,278489
28412,0.014203,74.125.68.0-255,5738,266815,42,278489
28413,0.014212,172.31.46.0-255,66,266881,42,278489
28414,0.016486,74.125.68.0-255,5738,272619,42,278489
28415,0.016494,172.31.46.0-255,66,272685,42,278489
28416,0.018754,74.125.68.0-255,5738,278423,42,278489
28417,0.018763,172.31.46.0-255,66,278489,42,278489
28418,0.0,74.125.24.0-255,153,153,42,274736
28419,2.4e-05,172.31.46.0-255,66,219,42,274736
28420,3.2e-05,74.125.24.0-255,1484,1703,42,274736
28421,3.6e-05,172.31.46.0-255,66,1769,42,274736
28422,4.2e-05,74.125.24.0-255,2902,4671,42,274736
28423,4.5e-05,172.31.46.0-255,66,4737,42,274736
28424,5.3e-05,74.125.24.0-255,7156,11893,42,274736
28425,5.5e-05,172.31.46.0-255,66,11959,42,274736
28426,8.3e-05,74.125.24.0-255,2074,14033,42,274736
28427,8.6e-05,172.31.46.0-255,66,14099,42,274736
28428,0.000105,74.125.24.0-255,2902,17001,42,274736
28429,0.000107,172.31.46.0-255,66,17067,42,274736
28430,0.000112,74.125.24.0-255,2902,19969,42,274736
28431,0.000114,172.31.46.0-255,66,20035,42,274736
28432,0.000133,74.125.24.0-255,4320,24355,42,274736
28433,0.000136,172.31.46.0-255,66,24421,42,274736
28434,0.000141,74.125.24.0-255,4320,28741,42,274736
28435,0.000143,172.31.46.0-255,66,28807,42,274736
28436,0.000174,74.125.24.0-255,2543,31350,42,274736
28437,0.000176,172.31.46.0-255,66,31416,42,274736
28438,0.000223,74.125.24.0-255,2902,34318,42,274736
28439,0.000226,172.31.46.0-255,66,34384,42,274736
28440,0.000244,74.125.24.0-255,4320,38704,42,274736
28441,0.000246,172.31.46.0-255,66,38770,42,274736
28442,0.000249,74.125.24.0-255,1484,40254,42,274736
28443,0.000251,172.31.46.0-255,66,40320,42,274736
28444,0.000277,74.125.24.0-255,7156,47476,42,274736
28445,0.00028,172.31.46.0-255,66,47542,42,274736
28446,0.000287,74.125.24.0-255,7156,54698,42,274736
28447,0.000289,172.31.46.0-255,66,54764,42,274736
28448,0.000305,74.125.24.0-255,6797,61561,42,274736
28449,0.000308,172.31.46.0-255,66,61627,42,274736
28450,0.000332,74.125.24.0-255,1484,63111,42,274736
28451,0.000346,74.125.24.0-255,2851,65962,42,274736
28452,0.000348,172.31.46.0-255,66,66028,42,274736
28453,0.000361,74.125.24.0-255,113,66141,42,274736
28454,0.000373,74.125.24.0-255,332,66473,42,274736
28455,0.000746,74.125.24.0-255,1484,67957,42,274736
28456,0.000751,172.31.46.0-255,66,68023,42,274736
28457,0.000757,74.125.24.0-255,2902,70925,42,274736
28458,0.000759,172.31.46.0-255,66,70991,42,274736
28459,0.000765,74.125.24.0-255,5738,76729,42,274736
28460,0.000768,172.31.46.0-255,66,76795,42,274736
28461,0.000777,74.125.24.0-255,7156,83951,42,274736
28462,0.000779,172.31.46.0-255,66,84017,42,274736
28463,0.000807,74.125.24.0-255,5738,89755,42,274736
28464,0.00081,172.31.46.0-255,66,89821,42,274736
28465,0.000817,74.125.24.0-255,7156,96977,42,274736
28466,0.00082,172.31.46.0-255,66,97043,42,274736
28467,0.000846,74.125.24.0-255,5738,102781,42,274736
28468,0.000849,172.31.46.0-255,66,102847,42,274736
28469,0.000882,172.31.46.0-255,66,102913,42,274736
28470,0.00109,74.125.24.0-255,1484,104397,42,274736
28471,0.001096,74.125.24.0-255,2902,107299,42,274736
28472,0.001099,172.31.46.0-255,66,107365,42,274736
28473,0.001106,74.125.24.0-255,5738,113103,42,274736
28474,0.001108,172.31.46.0-255,66,113169,42,274736
28475,0.00112,74.125.24.0-255,1484,114653,42,274736
28476,0.001135,74.125.24.0-255,5738,120391,42,274736
28477,0.001138,172.31.46.0-255,66,120457,42,274736
28478,0.001175,74.125.24.0-255,5738,126195,42,274736
28479,0.001178,172.31.46.0-255,66,126261,42,274736
28480,0.001184,74.125.24.0-255,4320,130581,42,274736
28481,0.001186,172.31.46.0-255,66,130647,42,274736
28482,0.001215,74.125.24.0-255,6438,137085,42,274736
28483,0.001219,172.31.46.0-255,66,137151,42,274736
28484,0.001494,74.125.24.0-255,1484,138635,42,274736
28485,0.001501,74.125.24.0-255,2902,141537,42,274736
28486,0.001504,172.31.46.0-255,66,141603,42,274736
28487,0.001527,74.125.24.0-255,5738,147341,42,274736
28488,0.00153,172.31.46.0-255,66,147407,42,274736
28489,0.001551,74.125.24.0-255,5738,153145,42,274736
28490,0.001553,172.31.46.0-255,66,153211,42,274736
28491,0.001577,74.125.24.0-255,7156,160367,42,274736
28492,0.001579,172.31.46.0-255,66,160433,42,274736
28493,0.001585,74.125.24.0-255,4320,164753,42,274736
28494,0.001587,172.31.46.0-255,66,164819,42,274736
28495,0.001604,74.125.24.0-255,2902,167721,42,274736
28496,0.001607,172.31.46.0-255,66,167787,42,274736
28497,0.001631,74.125.24.0-255,3602,171389,42,274736
28498,0.001634,172.31.46.0-255,66,171455,42,274736
28499,0.001745,74.125.24.0-255,1484,172939,42,274736
28500,0.00175,74.125.24.0-255,1484,174423,42,274736
28501,0.001752,172.31.46.0-255,66,174489,42,274736
28502,0.001775,74.125.24.0-255,1484,175973,42,274736
28503,0.001783,74.125.24.0-255,5738,181711,42,274736
28504,0.001785,172.31.46.0-255,66,181777,42,274736
28505,0.0018,172.31.46.0-255,66,181843,42,274736
28506,0.001813,172.31.46.0-255,66,181909,42,274736
28507,0.002028,74.125.24.0-255,1484,183393,42,274736
28508,0.002052,74.125.24.0-255,2902,186295,42,274736
28509,0.002055,172.31.46.0-255,66,186361,42,274736
28510,0.002077,74.125.24.0-255,5738,192099,42,274736
28511,0.00208,172.31.46.0-255,66,192165,42,274736
28512,0.002103,74.125.24.0-255,5738,197903,42,274736
28513,0.002105,172.31.46.0-255,66,197969,42,274736
28514,0.002129,74.125.24.0-255,7156,205125,42,274736
28515,0.002131,172.31.46.0-255,66,205191,42,274736
28516,0.002171,74.125.24.0-255,1484,206675,42,274736
28517,0.002211,172.31.46.0-255,66,206741,42,274736
28518,0.002318,74.125.24.0-255,1484,208225,42,274736
28519,0.002324,74.125.24.0-255,2902,211127,42,274736
28520,0.002327,172.31.46.0-255,66,211193,42,274736
28521,0.002343,74.125.24.0-255,1484,212677,42,274736
28522,0.002361,74.125.24.0-255,4320,216997,42,274736
28523,0.002364,172.31.46.0-255,66,217063,42,274736
28524,0.002375,172.31.46.0-255,66,217129,42,274736
28525,0.00239,74.125.24.0-255,2902,220031,42,274736
28526,0.002393,172.31.46.0-255,66,220097,42,274736
28527,0.0024,74.125.24.0-255,7156,227253,42,274736
28528,0.002402,172.31.46.0-255,66,227319,42,274736
28529,0.002441,172.31.46.0-255,66,227385,42,274736
28530,0.002452,172.31.46.0-255,66,227451,42,274736
28531,0.0025,172.31.46.0-255,66,227517,42,274736
28532,0.002529,172.31.46.0-255,66,227583,42,274736
28533,0.002546,172.31.46.0-255,66,227649,42,274736
28534,0.002573,74.125.24.0-255,6438,234087,42,274736
28535,0.002576,172.31.46.0-255,66,234153,42,274736
28536,0.004968,74.125.24.0-255,5738,239891,42,274736
28537,0.004978,172.31.46.0-255,66,239957,42,274736
28538,0.007363,74.125.24.0-255,5738,245695,42,274736
28539,0.007368,172.31.46.0-255,66,245761,42,274736
28540,0.009779,74.125.24.0-255,5738,251499,42,274736
28541,0.009789,172.31.46.0-255,66,251565,42,274736
28542,0.012165,74.125.24.0-255,5738,257303,42,274736
28543,0.012174,172.31.46.0-255,66,257369,42,274736
28544,0.014558,74.125.24.0-255,5738,263107,42,274736
28545,0.014569,172.31.46.0-255,66,263173,42,274736
28546,0.01695,74.125.24.0-255,5738,268911,42,274736
28547,0.01696,172.31.46.0-255,66,268977,42,274736
28548,0.019322,74.125.24.0-255,5693,274670,42,274736
28549,0.019329,172.31.46.0-255,66,274736,42,274736
28550,0.0,74.125.200.0-255,153,153,42,275188
28551,1.5e-05,172.31.46.0-255,66,219,42,275188
28552,2.2e-05,74.125.200.0-255,1484,1703,42,275188
28553,2.6e-05,172.31.46.0-255,66,1769,42,275188
28554,3.2e-05,74.125.200.0-255,2902,4671,42,275188
28555,3.4e-05,172.31.46.0-255,66,4737,42,275188
28556,4.1e-05,74.125.200.0-255,5738,10475,42,275188
28557,4.4e-05,172.31.46.0-255,66,10541,42,275188
28558,9e-05,172.31.46.0-255,66,10607,42,275188
28559,9.6e-05,74.125.200.0-255,5738,16345,42,275188
28560,9.9e-05,172.31.46.0-255,66,16411,42,275188
28561,0.000116,74.125.200.0-255,2902,19313,42,275188
28562,0.000118,172.31.46.0-255,66,19379,42,275188
28563,0.000123,74.125.200.0-255,3961,23340,42,275188
28564,0.000126,172.31.46.0-255,66,23406,42,275188
28565,0.000236,74.125.200.0-255,1484,24890,42,275188
28566,0.000239,172.31.46.0-255,66,24956,42,275188
28567,0.000245,74.125.200.0-255,2902,27858,42,275188
28568,0.000248,172.31.46.0-255,66,27924,42,275188
28569,0.000282,74.125.200.0-255,5738,33662,42,275188
28570,0.000285,172.31.46.0-255,66,33728,42,275188
28571,0.000289,74.125.200.0-255,2902,36630,42,275188
28572,0.000291,172.31.46.0-255,66,36696,42,275188
28573,0.000296,74.125.200.0-255,3961,40657,42,275188
28574,0.000298,172.31.46.0-255,66,40723,42,275188
28575,0.000337,172.31.46.0-255,66,40789,42,275188
28576,0.000342,74.125.200.0-255,4320,45109,42,275188
28577,0.000344,172.31.46.0-255,66,45175,42,275188
28578,0.00038,74.125.200.0-255,2902,48077,42,275188
28579,0.000383,172.31.46.0-255,66,48143,42,275188
28580,0.000399,74.125.200.0-255,1125,49268,42,275188
28581,0.000503,74.125.200.0-255,646,49914,42,275188
28582,0.000508,172.31.46.0-255,66,49980,42,275188
28583,0.000801,74.125.200.0-255,1484,51464,42,275188
28584,0.000818,74.125.200.0-255,2902,54366,42,275188
28585,0.000823,172.31.46.0-255,66,54432,42,275188
28586,0.00083,74.125.200.0-255,4320,58752,42,275188
28587,0.000832,172.31.46.0-255,66,58818,42,275188
28588,0.000849,74.125.200.0-255,5738,64556,42,275188
28589,0.000852,172.31.46.0-255,66,64622,42,275188
28590,0.000872,74.125.200.0-255,1484,66106,42,275188
28591,0.000905,172.31.46.0-255,66,66172,42,275188
28592,0.00091,74.125.200.0-255,4320,70492,42,275188
28593,0.000913,172.31.46.0-255,66,70558,42,275188
28594,0.000958,74.125.200.0-255,3602,74160,42,275188
28595,0.000961,172.31.46.0-255,66,74226,42,275188
28596,0.001036,74.125.200.0-255,1484,75710,42,275188
28597,0.001049,74.125.200.0-255,2902,78612,42,275188
28598,0.001053,172.31.46.0-255,66,78678,42,275188
28599,0.001076,74.125.200.0-255,5738,84416,42,275188
28600,0.001078,172.31.46.0-255,66,84482,42,275188
28601,0.001094,74.125.200.0-255,4320,88802,42,275188
28602,0.001096,172.31.46.0-255,66,88868,42,275188
28603,0.00112,74.125.200.0-255,2902,91770,42,275188
28604,0.001123,172.31.46.0-255,66,91836,42,275188
28605,0.001134,172.31.46.0-255,66,91902,42,275188
28606,0.001167,74.125.200.0-255,2902,94804,42,275188
28607,0.001169,172.31.46.0-255,66,94870,42,275188
28608,0.001185,74.125.200.0-255,5020,99890,42,275188
28609,0.001188,172.31.46.0-255,66,99956,42,275188
28610,0.001219,74.125.200.0-255,1484,101440,42,275188
28611,0.001241,74.125.200.0-255,2902,104342,42,275188
28612,0.001245,172.31.46.0-255,66,104408,42,275188
28613,0.001249,74.125.200.0-255,2902,107310,42,275188
28614,0.001251,172.31.46.0-255,66,107376,42,275188
28615,0.001266,74.125.200.0-255,1484,108860,42,275188
28616,0.001274,74.125.200.0-255,7156,116016,42,275188
28617,0.001276,172.31.46.0-255,66,116082,42,275188
28618,0.001299,74.125.200.0-255,1484,117566,42,275188
28619,0.001306,74.125.200.0-255,5738,123304,42,275188
28620,0.001313,74.125.200.0-255,7156,130460,42,275188
28621,0.001317,172.31.46.0-255,66,130526,42,275188
28622,0.00132,172.31.46.0-255,66,130592,42,275188
28623,0.001329,74.125.200.0-255,1484,132076,42,275188
28624,0.001348,74.125.200.0-255,2184,134260,42,275188
28625,0.001351,172.31.46.0-255,66,134326,42,275188
28626,0.001364,74.125.200.0-255,2902,137228,42,275188
28627,0.001367,172.31.46.0-255,66,137294,42,275188
28628,0.00139,74.125.200.0-255,1484,138778,42,275188
28629,0.001398,74.125.200.0-255,7156,145934,42,275188
28630,0.001401,172.31.46.0-255,66,146000,42,275188
28631,0.001429,172.31.46.0-255,66,146066,42,275188
28632,0.001465,172.31.46.0-255,66,146132,42,275188
28633,0.001468,74.125.200.0-255,766,146898,42,275188
28634,0.001624,74.125.200.0-255,1484,148382,42,275188
28635,0.001629,172.31.46.0-255,66,148448,42,275188
28636,0.001649,74.125.200.0-255,1484,149932,42,275188
28637,0.001654,74.125.200.0-255,2902,152834,42,275188
28638,0.001656,172.31.46.0-255,66,152900,42,275188
28639,0.001683,74.125.200.0-255,5738,158638,42,275188
28640,0.001685,172.31.46.0-255,66,158704,42,275188
28641,0.001688,74.125.200.0-255,1484,160188,42,275188
28642,0.001704,74.125.200.0-255,2902,163090,42,275188
28643,0.001706,172.31.46.0-255,66,163156,42,275188
28644,0.001722,74.125.200.0-255,2902,166058,42,275188
28645,0.001725,172.31.46.0-255,66,166124,42,275188
28646,0.001744,74.125.200.0-255,2902,169026,42,275188
28647,0.001746,172.31.46.0-255,66,169092,42,275188
28648,0.001749,74.125.200.0-255,1484,170576,42,275188
28649,0.001754,74.125.200.0-255,2902,173478,42,275188
28650,0.001756,172.31.46.0-255,66,173544,42,275188
28651,0.00177,74.125.200.0-255,1484,175028,42,275188
28652,0.001785,74.125.200.0-255,4320,179348,42,275188
28653,0.001788,172.31.46.0-255,66,179414,42,275188
28654,0.001791,74.125.200.0-255,2184,181598,42,275188
28655,0.001794,172.31.46.0-255,66,181664,42,275188
28656,0.001985,74.125.200.0-255,1484,183148,42,275188
28657,0.002001,74.125.200.0-255,2902,186050,42,275188
28658,0.002006,172.31.46.0-255,66,186116,42,275188
28659,0.002013,74.125.200.0-255,5738,191854,42,275188
28660,0.002015,172.31.46.0-255,66,191920,42,275188
28661,0.002034,74.125.200.0-255,1484,193404,42,275188
28662,0.002061,74.125.200.0-255,7156,200560,42,275188
28663,0.002065,172.31.46.0-255,66,200626,42,275188
28664,0.002086,74.125.200.0-255,2902,203528,42,275188
28665,0.002089,172.31.46.0-255,66,203594,42,275188
28666,0.002104,172.31.46.0-255,66,203660,42,275188
28667,0.002202,74.125.200.0-255,1484,205144,42,275188
28668,0.002208,74.125.200.0-255,1484,206628,42,275188
28669,0.002211,172.31.46.0-255,66,206694,42,275188
28670,0.002226,74.125.200.0-255,1484,208178,42,275188
28671,0.002233,74.125.200.0-255,5738,213916,42,275188
28672,0.002236,172.31.46.0-255,66,213982,42,275188
28673,0.00224,74.125.200.0-255,2902,216884,42,275188
28674,0.002243,172.31.46.0-255,66,216950,42,275188
28675,0.002271,74.125.200.0-255,4320,221270,42,275188
28676,0.002274,172.31.46.0-255,66,221336,42,275188
28677,0.00228,74.125.200.0-255,4320,225656,42,275188
28678,0.002282,172.31.46.0-255,66,225722,42,275188
28679,0.002301,74.125.200.0-255,4320,230042,42,275188
28680,0.002304,172.31.46.0-255,66,230108,42,275188
28681,0.002309,74.125.200.0-255,4320,234428,42,275188
28682,0.002311,172.31.46.0-255,66,234494,42,275188
28683,0.004579,74.125.200.0-255,5738,240232,42,275188
28684,0.004588,172.31.46.0-255,66,240298,42,275188
28685,0.006888,74.125.200.0-255,5738,246036,42,275188
28686,0.006896,172.31.46.0-255,66,246102,42,275188
28687,0.009161,74.125.200.0-255,1484,247586,42,275188
28688,0.009186,74.125.200.0-255,4320,251906,42,275188
28689,0.009189,172.31.46.0-255,66,251972,42,275188
28690,0.011465,74.125.200.0-255,5738,257710,42,275188
28691,0.011473,172.31.46.0-255,66,257776,42,275188
28692,0.013769,74.125.200.0-255,5738,263514,42,275188
28693,0.013779,172.31.46.0-255,66,263580,42,275188
28694,0.016091,74.125.200.0-255,5738,269318,42,275188
28695,0.016103,172.31.46.0-255,66,269384,42,275188
28696,0.018393,74.125.200.0-255,5738,275122,42,275188
28697,0.018405,172.31.46.0-255,66,275188,42,275188
28698,0.0,172.217.194.0-255,146,146,42,214608
28699,2.1e-05,172.31.46.0-255,66,212,42,214608
28700,2.9e-05,172.217.194.0-255,1484,1696,42,214608
28701,3.3e-05,172.31.46.0-255,66,1762,42,214608
28702,3.9e-05,172.217.194.0-255,2902,4664,42,214608
28703,5e-05,172.31.46.0-255,66,4730,42,214608
28704,5.8e-05,172.217.194.0-255,7156,11886,42,214608
28705,6.1e-05,172.31.46.0-255,66,11952,42,214608
28706,6.7e-05,172.217.194.0-255,4833,16785,42,214608
28707,6.9e-05,172.31.46.0-255,66,16851,42,214608
28708,8.5e-05,172.31.46.0-255,66,16917,42,214608
28709,0.000155,172.217.194.0-255,1484,18401,42,214608
28710,0.000159,172.31.46.0-255,66,18467,42,214608
28711,0.000176,172.217.194.0-255,2902,21369,42,214608
28712,0.000178,172.31.46.0-255,66,21435,42,214608
28713,0.000212,172.217.194.0-255,5738,27173,42,214608
28714,0.000215,172.31.46.0-255,66,27239,42,214608
28715,0.000222,172.217.194.0-255,7156,34395,42,214608
28716,0.000224,172.31.46.0-255,66,34461,42,214608
28717,0.000244,172.31.46.0-255,66,34527,42,214608
28718,0.000248,172.217.194.0-255,2509,37036,42,214608
28719,0.00025,172.31.46.0-255,66,37102,42,214608
28720,0.000295,172.217.194.0-255,383,37485,42,214608
28721,0.000297,172.31.46.0-255,66,37551,42,214608
28722,0.00048,172.217.194.0-255,1484,39035,42,214608
28723,0.000485,172.31.46.0-255,66,39101,42,214608
28724,0.000491,172.217.194.0-255,2902,42003,42,214608
28725,0.000493,172.31.46.0-255,66,42069,42,214608
28726,0.000506,172.217.194.0-255,5738,47807,42,214608
28727,0.000508,172.31.46.0-255,66,47873,42,214608
28728,0.000516,172.217.194.0-255,6797,54670,42,214608
28729,0.000518,172.31.46.0-255,66,54736,42,214608
28730,0.000581,172.31.46.0-255,66,54802,42,214608
28731,0.000586,172.217.194.0-255,1994,56796,42,214608
28732,0.000588,172.31.46.0-255,66,56862,42,214608
28733,0.000838,172.217.194.0-255,1484,58346,42,214608
28734,0.000843,172.217.194.0-255,1484,59830,42,214608
28735,0.000847,172.31.46.0-255,66,59896,42,214608
28736,0.000863,172.217.194.0-255,1484,61380,42,214608
28737,0.000867,172.217.194.0-255,2902,64282,42,214608
28738,0.00087,172.31.46.0-255,66,64348,42,214608
28739,0.0009,172.217.194.0-255,2902,67250,42,214608
28740,0.000902,172.31.46.0-255,66,67316,42,214608
28741,0.000908,172.217.194.0-255,4320,71636,42,214608
28742,0.00091,172.31.46.0-255,66,71702,42,214608
28743,0.000925,172.31.46.0-255,66,71768,42,214608
28744,0.000949,172.217.194.0-255,2902,74670,42,214608
28745,0.000951,172.31.46.0-255,66,74736,42,214608
28746,0.000966,172.31.46.0-255,66,74802,42,214608
28747,0.001257,172.217.194.0-255,1484,76286,42,214608
28748,0.001277,172.217.194.0-255,2902,79188,42,214608
28749,0.00128,172.31.46.0-255,66,79254,42,214608
28750,0.001287,172.217.194.0-255,5738,84992,42,214608
28751,0.001289,172.31.46.0-255,66,85058,42,214608
28752,0.001319,172.217.194.0-255,5738,90796,42,214608
28753,0.001322,172.31.46.0-255,66,90862,42,214608
28754,0.00135,172.217.194.0-255,7156,98018,42,214608
28755,0.001353,172.31.46.0-255,66,98084,42,214608
28756,0.00137,172.31.46.0-255,66,98150,42,214608
28757,0.001403,172.217.194.0-255,1484,99634,42,214608
28758,0.001408,172.217.194.0-255,2902,102536,42,214608
28759,0.001411,172.31.46.0-255,66,102602,42,214608
28760,0.001418,172.217.194.0-255,5738,108340,42,214608
28761,0.001421,172.31.46.0-255,66,108406,42,214608
28762,0.001449,172.217.194.0-255,7156,115562,42,214608
28763,0.001452,172.31.46.0-255,66,115628,42,214608
28764,0.001493,172.31.46.0-255,66,115694,42,214608
28765,0.001497,172.217.194.0-255,2184,117878,42,214608
28766,0.001499,172.31.46.0-255,66,117944,42,214608
28767,0.001628,172.217.194.0-255,1484,119428,42,214608
28768,0.001634,172.217.194.0-255,2902,122330,42,214608
28769,0.001637,172.31.46.0-255,66,122396,42,214608
28770,0.00167,172.217.194.0-255,5738,128134,42,214608
28771,0.001672,172.31.46.0-255,66,128200,42,214608
28772,0.001722,172.217.194.0-255,7156,135356,42,214608
28773,0.001724,172.31.46.0-255,66,135422,42,214608
28774,0.001744,172.217.194.0-255,5738,141160,42,214608
28775,0.001746,172.31.46.0-255,66,141226,42,214608
28776,0.001752,172.217.194.0-255,5738,146964,42,214608
28777,0.001754,172.31.46.0-255,66,147030,42,214608
28778,0.001761,172.217.194.0-255,5020,152050,42,214608
28779,0.001763,172.31.46.0-255,66,152116,42,214608
28780,0.001802,172.217.194.0-255,5738,157854,42,214608
28781,0.001805,172.31.46.0-255,66,157920,42,214608
28782,0.001822,172.31.46.0-255,66,157986,42,214608
28783,0.001856,172.217.194.0-255,4320,162306,42,214608
28784,0.001858,172.31.46.0-255,66,162372,42,214608
28785,0.001899,172.31.46.0-255,66,162438,42,214608
28786,0.003908,172.217.194.0-255,5738,168176,42,214608
28787,0.003915,172.31.46.0-255,66,168242,42,214608
28788,0.00592,172.217.194.0-255,5738,173980,42,214608
28789,0.005927,172.31.46.0-255,66,174046,42,214608
28790,0.007935,172.217.194.0-255,5738,179784,42,214608
28791,0.007942,172.31.46.0-255,66,179850,42,214608
28792,0.009944,172.217.194.0-255,5738,185588,42,214608
28793,0.009948,172.31.46.0-255,66,185654,42,214608
28794,0.011955,172.217.194.0-255,5738,191392,42,214608
28795,0.011963,172.31.46.0-255,66,191458,42,214608
28796,0.013972,172.217.194.0-255,5738,197196,42,214608
28797,0.013979,172.31.46.0-255,66,197262,42,214608
28798,0.015983,172.217.194.0-255,5738,203000,42,214608
28799,0.01599,172.31.46.0-255,66,203066,42,214608
28800,0.017984,172.217.194.0-255,5738,208804,42,214608
28801,0.017992,172.31.46.0-255,66,208870,42,214608
28802,0.019996,172.217.194.0-255,5738,214608,42,214608
28803,0.0,74.125.24.0-255,151,151,42,188661
28804,2.2e-05,172.31.46.0-255,66,217,42,188661
28805,2.9e-05,74.125.24.0-255,1484,1701,42,188661
28806,3.3e-05,172.31.46.0-255,66,1767,42,188661
28807,5.7e-05,74.125.24.0-255,2902,4669,42,188661
28808,6e-05,172.31.46.0-255,66,4735,42,188661
28809,6.8e-05,74.125.24.0-255,7156,11891,42,188661
28810,7.1e-05,172.31.46.0-255,66,11957,42,188661
28811,7.6e-05,74.125.24.0-255,2117,14074,42,188661
28812,7.9e-05,172.31.46.0-255,66,14140,42,188661
28813,0.000171,74.125.24.0-255,1484,15624,42,188661
28814,0.000174,172.31.46.0-255,66,15690,42,188661
28815,0.000179,74.125.24.0-255,2902,18592,42,188661
28816,0.000182,172.31.46.0-255,66,18658,42,188661
28817,0.000197,74.125.24.0-255,5738,24396,42,188661
28818,0.0002,172.31.46.0-255,66,24462,42,188661
28819,0.000232,74.125.24.0-255,7156,31618,42,188661
28820,0.000236,172.31.46.0-255,66,31684,42,188661
28821,0.000264,74.125.24.0-255,2543,34227,42,188661
28822,0.000266,172.31.46.0-255,66,34293,42,188661
28823,0.000278,172.31.46.0-255,66,34359,42,188661
28824,0.000293,172.31.46.0-255,66,34425,42,188661
28825,0.000316,74.125.24.0-255,5020,39445,42,188661
28826,0.000319,172.31.46.0-255,66,39511,42,188661
28827,0.000322,74.125.24.0-255,678,40189,42,188661
28828,0.000324,172.31.46.0-255,66,40255,42,188661
28829,0.000464,74.125.24.0-255,1484,41739,42,188661
28830,0.000468,172.31.46.0-255,66,41805,42,188661
28831,0.000473,74.125.24.0-255,2902,44707,42,188661
28832,0.000476,172.31.46.0-255,66,44773,42,188661
28833,0.00048,74.125.24.0-255,2902,47675,42,188661
28834,0.000483,172.31.46.0-255,66,47741,42,188661
28835,0.000516,74.125.24.0-255,2902,50643,42,188661
28836,0.00052,172.31.46.0-255,66,50709,42,188661
28837,0.000534,172.31.46.0-255,66,50775,42,188661
28838,0.000545,172.31.46.0-255,66,50841,42,188661
28839,0.000557,74.125.24.0-255,766,51607,42,188661
28840,0.000574,74.125.24.0-255,7156,58763,42,188661
28841,0.000577,172.31.46.0-255,66,58829,42,188661
28842,0.000598,74.125.24.0-255,4320,63149,42,188661
28843,0.0006,172.31.46.0-255,66,63215,42,188661
28844,0.000606,74.125.24.0-255,4320,67535,42,188661
28845,0.000608,172.31.46.0-255,66,67601,42,188661
28846,0.000631,172.31.46.0-255,66,67667,42,188661
28847,0.000636,74.125.24.0-255,4320,71987,42,188661
28848,0.000638,172.31.46.0-255,66,72053,42,188661
28849,0.000667,74.125.24.0-255,5020,77073,42,188661
28850,0.00067,172.31.46.0-255,66,77139,42,188661
28851,0.000745,74.125.24.0-255,1484,78623,42,188661
28852,0.000751,74.125.24.0-255,2902,81525,42,188661
28853,0.000753,172.31.46.0-255,66,81591,42,188661
28854,0.000757,74.125.24.0-255,1484,83075,42,188661
28855,0.000772,74.125.24.0-255,4320,87395,42,188661
28856,0.000774,172.31.46.0-255,66,87461,42,188661
28857,0.000779,74.125.24.0-255,4320,91781,42,188661
28858,0.000781,172.31.46.0-255,66,91847,42,188661
28859,0.000798,74.125.24.0-255,2902,94749,42,188661
28860,0.0008,172.31.46.0-255,66,94815,42,188661
28861,0.000826,172.31.46.0-255,66,94881,42,188661
28862,0.000832,74.125.24.0-255,5738,100619,42,188661
28863,0.000834,172.31.46.0-255,66,100685,42,188661
28864,0.000857,74.125.24.0-255,2184,102869,42,188661
28865,0.00086,172.31.46.0-255,66,102935,42,188661
28866,0.000879,74.125.24.0-255,1484,104419,42,188661
28867,0.000884,74.125.24.0-255,2902,107321,42,188661
28868,0.000887,172.31.46.0-255,66,107387,42,188661
28869,0.000892,74.125.24.0-255,4320,111707,42,188661
28870,0.000894,172.31.46.0-255,66,111773,42,188661
28871,0.000908,74.125.24.0-255,1484,113257,42,188661
28872,0.00091,74.125.24.0-255,1484,114741,42,188661
28873,0.000912,172.31.46.0-255,66,114807,42,188661
28874,0.000939,172.31.46.0-255,66,114873,42,188661
28875,0.000962,74.125.24.0-255,1484,116357,42,188661
28876,0.000974,172.31.46.0-255,66,116423,42,188661
28877,0.000978,74.125.24.0-255,2184,118607,42,188661
28878,0.00098,172.31.46.0-255,66,118673,42,188661
28879,0.001029,74.125.24.0-255,2902,121575,42,188661
28880,0.001031,172.31.46.0-255,66,121641,42,188661
28881,0.001034,74.125.24.0-255,1484,123125,42,188661
28882,0.001039,74.125.24.0-255,4320,127445,42,188661
28883,0.001042,172.31.46.0-255,66,127511,42,188661
28884,0.001053,74.125.24.0-255,1484,128995,42,188661
28885,0.001063,74.125.24.0-255,1484,130479,42,188661
28886,0.001066,172.31.46.0-255,66,130545,42,188661
28887,0.001099,172.31.46.0-255,66,130611,42,188661
28888,0.001113,172.31.46.0-255,66,130677,42,188661
28889,0.001146,74.125.24.0-255,4320,134997,42,188661
28890,0.001151,172.31.46.0-255,66,135063,42,188661
28891,0.001194,172.31.46.0-255,66,135129,42,188661
28892,0.001205,74.125.24.0-255,1484,136613,42,188661
28893,0.001219,172.31.46.0-255,66,136679,42,188661
28894,0.001237,74.125.24.0-255,2902,139581,42,188661
28895,0.00126,74.125.24.0-255,4320,143901,42,188661
28896,0.001263,74.125.24.0-255,1484,145385,42,188661
28897,0.001281,74.125.24.0-255,7156,152541,42,188661
28898,0.001287,74.125.24.0-255,5738,158279,42,188661
28899,0.001292,172.31.46.0-255,66,158345,42,188661
28900,0.001324,172.31.46.0-255,66,158411,42,188661
28901,0.001334,74.125.24.0-255,2902,161313,42,188661
28902,0.001346,172.31.46.0-255,66,161379,42,188661
28903,0.001366,74.125.24.0-255,1484,162863,42,188661
28904,0.001373,74.125.24.0-255,5738,168601,42,188661
28905,0.001386,74.125.24.0-255,2902,171503,42,188661
28906,0.001393,172.31.46.0-255,66,171569,42,188661
28907,0.00145,74.125.24.0-255,7156,178725,42,188661
28908,0.00146,172.31.46.0-255,66,178791,42,188661
28909,0.001476,74.125.24.0-255,2184,180975,42,188661
28910,0.001489,74.125.24.0-255,2902,183877,42,188661
28911,0.001497,172.31.46.0-255,66,183943,42,188661
28912,0.001523,172.31.46.0-255,66,184009,42,188661
28913,0.00158,74.125.24.0-255,2184,186193,42,188661
28914,0.001584,74.125.24.0-255,2126,188319,42,188661
28915,0.001586,74.125.24.0-255,105,188424,42,188661
28916,0.001603,172.31.46.0-255,66,188490,42,188661
28917,0.009651,172.31.46.0-255,105,188595,42,188661
28918,0.011685,74.125.24.0-255,66,188661,42,188661
28919,0.0,74.125.24.0-255,153,153,42,215819
28920,1.5e-05,172.31.46.0-255,66,219,42,215819
28921,2.1e-05,74.125.24.0-255,1484,1703,42,215819
28922,2.6e-05,172.31.46.0-255,66,1769,42,215819
28923,3.8e-05,74.125.24.0-255,2902,4671,42,215819
28924,4.2e-05,172.31.46.0-255,66,4737,42,215819
28925,5e-05,74.125.24.0-255,7156,11893,42,215819
28926,5.3e-05,172.31.46.0-255,66,11959,42,215819
28927,6.9e-05,74.125.24.0-255,1484,13443,42,215819
28928,7.2e-05,172.31.46.0-255,66,13509,42,215819
28929,9.9e-05,74.125.24.0-255,2111,15620,42,215819
28930,0.000102,172.31.46.0-255,66,15686,42,215819
28931,0.000108,74.125.24.0-255,4320,20006,42,215819
28932,0.00011,172.31.46.0-255,66,20072,42,215819
28933,0.000127,172.31.46.0-255,66,20138,42,215819
28934,0.00013,74.125.24.0-255,1125,21263,42,215819
28935,0.000132,172.31.46.0-255,66,21329,42,215819
28936,0.00025,74.125.24.0-255,1484,22813,42,215819
28937,0.000255,172.31.46.0-255,66,22879,42,215819
28938,0.000258,74.125.24.0-255,1484,24363,42,215819
28939,0.000261,172.31.46.0-255,66,24429,42,215819
28940,0.00028,74.125.24.0-255,1484,25913,42,215819
28941,0.000283,172.31.46.0-255,66,25979,42,215819
28942,0.000294,74.125.24.0-255,5738,31717,42,215819
28943,0.000296,172.31.46.0-255,66,31783,42,215819
28944,0.000303,74.125.24.0-255,6797,38580,42,215819
28945,0.000307,172.31.46.0-255,66,38646,42,215819
28946,0.000352,172.31.46.0-255,66,38712,42,215819
28947,0.000356,74.125.24.0-255,2817,41529,42,215819
28948,0.000359,172.31.46.0-255,66,41595,42,215819
28949,0.000362,74.125.24.0-255,127,41722,42,215819
28950,0.000386,74.125.24.0-255,351,42073,42,215819
28951,0.000477,74.125.24.0-255,1484,43557,42,215819
28952,0.000482,172.31.46.0-255,66,43623,42,215819
28953,0.000487,74.125.24.0-255,2902,46525,42,215819
28954,0.00049,172.31.46.0-255,66,46591,42,215819
28955,0.000521,74.125.24.0-255,4320,50911,42,215819
28956,0.000523,172.31.46.0-255,66,50977,42,215819
28957,0.000552,74.125.24.0-255,1484,52461,42,215819
28958,0.000567,74.125.24.0-255,6248,58709,42,215819
28959,0.00057,172.31.46.0-255,66,58775,42,215819
28960,0.000764,74.125.24.0-255,1484,60259,42,215819
28961,0.000771,74.125.24.0-255,2902,63161,42,215819
28962,0.000775,172.31.46.0-255,66,63227,42,215819
28963,0.000779,74.125.24.0-255,1484,64711,42,215819
28964,0.000805,74.125.24.0-255,4320,69031,42,215819
28965,0.000807,172.31.46.0-255,66,69097,42,215819
28966,0.000813,74.125.24.0-255,4320,73417,42,215819
28967,0.000816,172.31.46.0-255,66,73483,42,215819
28968,0.000843,74.125.24.0-255,2902,76385,42,215819
28969,0.000846,172.31.46.0-255,66,76451,42,215819
28970,0.000862,172.31.46.0-255,66,76517,42,215819
28971,0.000866,74.125.24.0-255,2184,78701,42,215819
28972,0.000869,172.31.46.0-255,66,78767,42,215819
28973,0.001283,74.125.24.0-255,1484,80251,42,215819
28974,0.001303,74.125.24.0-255,2902,83153,42,215819
28975,0.001307,172.31.46.0-255,66,83219,42,215819
28976,0.001335,74.125.24.0-255,2902,86121,42,215819
28977,0.001338,172.31.46.0-255,66,86187,42,215819
28978,0.001345,74.125.24.0-255,7156,93343,42,215819
28979,0.001346,172.31.46.0-255,66,93409,42,215819
28980,0.001369,74.125.24.0-255,1484,94893,42,215819
28981,0.001382,74.125.24.0-255,2902,97795,42,215819
28982,0.001385,172.31.46.0-255,66,97861,42,215819
28983,0.001406,172.31.46.0-255,66,97927,42,215819
28984,0.001435,74.125.24.0-255,6438,104365,42,215819
28985,0.001438,172.31.46.0-255,66,104431,42,215819
28986,0.001513,74.125.24.0-255,1484,105915,42,215819
28987,0.001532,74.125.24.0-255,2902,108817,42,215819
28988,0.001535,172.31.46.0-255,66,108883,42,215819
28989,0.001574,74.125.24.0-255,5738,114621,42,215819
28990,0.001577,172.31.46.0-255,66,114687,42,215819
28991,0.001583,74.125.24.0-255,4320,119007,42,215819
28992,0.001584,172.31.46.0-255,66,119073,42,215819
28993,0.001626,172.31.46.0-255,66,119139,42,215819
28994,0.001629,74.125.24.0-255,1484,120623,42,215819
28995,0.001654,74.125.24.0-255,4320,124943,42,215819
28996,0.001656,172.31.46.0-255,66,125009,42,215819
28997,0.001682,74.125.24.0-255,2184,127193,42,215819
28998,0.001684,172.31.46.0-255,66,127259,42,215819
28999,0.001751,74.125.24.0-255,1484,128743,42,215819
29000,0.001768,74.125.24.0-255,2902,131645,42,215819
29001,0.00177,172.31.46.0-255,66,131711,42,215819
29002,0.001798,74.125.24.0-255,5738,137449,42,215819
29003,0.0018,172.31.46.0-255,66,137515,42,215819
29004,0.001846,172.31.46.0-255,66,137581,42,215819
29005,0.001852,74.125.24.0-255,5738,143319,42,215819
29006,0.001854,172.31.46.0-255,66,143385,42,215819
29007,0.001879,74.125.24.0-255,1484,144869,42,215819
29008,0.001896,74.125.24.0-255,3602,148471,42,215819
29009,0.001899,172.31.46.0-255,66,148537,42,215819
29010,0.002034,74.125.24.0-255,1484,150021,42,215819
29011,0.002047,74.125.24.0-255,2902,152923,42,215819
29012,0.00205,172.31.46.0-255,66,152989,42,215819
29013,0.002054,74.125.24.0-255,1484,154473,42,215819
29014,0.002078,74.125.24.0-255,4320,158793,42,215819
29015,0.002081,172.31.46.0-255,66,158859,42,215819
29016,0.002085,74.125.24.0-255,2902,161761,42,215819
29017,0.002087,172.31.46.0-255,66,161827,42,215819
29018,0.002106,74.125.24.0-255,4320,166147,42,215819
29019,0.002112,172.31.46.0-255,66,166213,42,215819
29020,0.002134,172.31.46.0-255,66,166279,42,215819
29021,0.002164,74.125.24.0-255,5738,172017,42,215819
29022,0.002166,172.31.46.0-255,66,172083,42,215819
29023,0.002174,74.125.24.0-255,2184,174267,42,215819
29024,0.002176,172.31.46.0-255,66,174333,42,215819
29025,0.004494,74.125.24.0-255,5738,180071,42,215819
29026,0.004502,172.31.46.0-255,66,180137,42,215819
29027,0.006806,74.125.24.0-255,2902,183039,42,215819
29028,0.006812,172.31.46.0-255,66,183105,42,215819
29029,0.00684,74.125.24.0-255,2902,186007,42,215819
29030,0.006844,172.31.46.0-255,66,186073,42,215819
29031,0.009083,74.125.24.0-255,2902,188975,42,215819
29032,0.00909,172.31.46.0-255,66,189041,42,215819
29033,0.009119,74.125.24.0-255,2902,191943,42,215819
29034,0.009122,172.31.46.0-255,66,192009,42,215819
29035,0.0114,74.125.24.0-255,2902,194911,42,215819
29036,0.011406,172.31.46.0-255,66,194977,42,215819
29037,0.011451,74.125.24.0-255,2902,197879,42,215819
29038,0.011454,172.31.46.0-255,66,197945,42,215819
29039,0.013712,74.125.24.0-255,2902,200847,42,215819
29040,0.01372,172.31.46.0-255,66,200913,42,215819
29041,0.013747,74.125.24.0-255,1484,202397,42,215819
29042,0.013762,74.125.24.0-255,1484,203881,42,215819
29043,0.013764,172.31.46.0-255,66,203947,42,215819
29044,0.016015,74.125.24.0-255,2902,206849,42,215819
29045,0.016023,172.31.46.0-255,66,206915,42,215819
29046,0.016057,74.125.24.0-255,2902,209817,42,215819
29047,0.016061,172.31.46.0-255,66,209883,42,215819
29048,0.018329,74.125.24.0-255,2902,212785,42,215819
29049,0.018336,172.31.46.0-255,66,212851,42,215819
29050,0.018362,74.125.24.0-255,2902,215753,42,215819
29051,0.018365,172.31.46.0-255,66,215819,42,215819
29052,0.0,74.125.24.0-255,146,146,42,186094
29053,1.5e-05,172.31.46.0-255,66,212,42,186094
29054,2.3e-05,74.125.24.0-255,1484,1696,42,186094
29055,2.7e-05,172.31.46.0-255,66,1762,42,186094
29056,3.2e-05,74.125.24.0-255,2902,4664,42,186094
29057,3.6e-05,172.31.46.0-255,66,4730,42,186094
29058,4.2e-05,74.125.24.0-255,4320,9050,42,186094
29059,4.5e-05,172.31.46.0-255,66,9116,42,186094
29060,7.7e-05,74.125.24.0-255,2902,12018,42,186094
29061,8e-05,172.31.46.0-255,66,12084,42,186094
29062,8.4e-05,74.125.24.0-255,2046,14130,42,186094
29063,8.7e-05,172.31.46.0-255,66,14196,42,186094
29064,9.1e-05,74.125.24.0-255,2902,17098,42,186094
29065,9.3e-05,172.31.46.0-255,66,17164,42,186094
29066,0.000101,74.125.24.0-255,7156,24320,42,186094
29067,0.000104,172.31.46.0-255,66,24386,42,186094
29068,0.000109,74.125.24.0-255,2902,27288,42,186094
29069,0.000111,172.31.46.0-255,66,27354,42,186094
29070,0.000138,74.125.24.0-255,3961,31315,42,186094
29071,0.000141,172.31.46.0-255,66,31381,42,186094
29072,0.00017,74.125.24.0-255,1484,32865,42,186094
29073,0.000172,172.31.46.0-255,66,32931,42,186094
29074,0.000176,74.125.24.0-255,1484,34415,42,186094
29075,0.000178,172.31.46.0-255,66,34481,42,186094
29076,0.000195,74.125.24.0-255,1484,35965,42,186094
29077,0.000198,172.31.46.0-255,66,36031,42,186094
29078,0.000205,74.125.24.0-255,5738,41769,42,186094
29079,0.000208,172.31.46.0-255,66,41835,42,186094
29080,0.000215,74.125.24.0-255,6797,48632,42,186094
29081,0.000217,172.31.46.0-255,66,48698,42,186094
29082,0.000252,74.125.24.0-255,5738,54436,42,186094
29083,0.000255,172.31.46.0-255,66,54502,42,186094
29084,0.000289,172.31.46.0-255,66,54568,42,186094
29085,0.000293,74.125.24.0-255,2543,57111,42,186094
29086,0.000295,172.31.46.0-255,66,57177,42,186094
29087,0.000977,74.125.24.0-255,645,57822,42,186094
29088,0.000997,172.31.46.0-255,66,57888,42,186094
29089,0.001121,74.125.24.0-255,1484,59372,42,186094
29090,0.00113,74.125.24.0-255,2902,62274,42,186094
29091,0.001134,172.31.46.0-255,66,62340,42,186094
29092,0.00114,74.125.24.0-255,2902,65242,42,186094
29093,0.001142,172.31.46.0-255,66,65308,42,186094
29094,0.001158,74.125.24.0-255,2902,68210,42,186094
29095,0.00116,172.31.46.0-255,66,68276,42,186094
29096,0.001179,74.125.24.0-255,7156,75432,42,186094
29097,0.001182,172.31.46.0-255,66,75498,42,186094
29098,0.001209,74.125.24.0-255,6797,82295,42,186094
29099,0.001212,172.31.46.0-255,66,82361,42,186094
29100,0.001215,74.125.24.0-255,1484,83845,42,186094
29101,0.001218,74.125.24.0-255,1484,85329,42,186094
29102,0.00122,172.31.46.0-255,66,85395,42,186094
29103,0.001238,74.125.24.0-255,6797,92192,42,186094
29104,0.001241,172.31.46.0-255,66,92258,42,186094
29105,0.001695,74.125.24.0-255,1484,93742,42,186094
29106,0.001705,74.125.24.0-255,2902,96644,42,186094
29107,0.001709,172.31.46.0-255,66,96710,42,186094
29108,0.001714,74.125.24.0-255,1484,98194,42,186094
29109,0.001736,74.125.24.0-255,4320,102514,42,186094
29110,0.001738,172.31.46.0-255,66,102580,42,186094
29111,0.001746,74.125.24.0-255,7156,109736,42,186094
29112,0.001748,172.31.46.0-255,66,109802,42,186094
29113,0.001778,74.125.24.0-255,1484,111286,42,186094
29114,0.00181,172.31.46.0-255,66,111352,42,186094
29115,0.001814,74.125.24.0-255,2184,113536,42,186094
29116,0.001816,172.31.46.0-255,66,113602,42,186094
29117,0.001919,74.125.24.0-255,1484,115086,42,186094
29118,0.001934,74.125.24.0-255,2902,117988,42,186094
29119,0.001937,172.31.46.0-255,66,118054,42,186094
29120,0.001975,74.125.24.0-255,4320,122374,42,186094
29121,0.001978,172.31.46.0-255,66,122440,42,186094
29122,0.001998,74.125.24.0-255,7156,129596,42,186094
29123,0.002001,172.31.46.0-255,66,129662,42,186094
29124,0.002018,74.125.24.0-255,1484,131146,42,186094
29125,0.00203,172.31.46.0-255,66,131212,42,186094
29126,0.002052,74.125.24.0-255,5738,136950,42,186094
29127,0.002055,172.31.46.0-255,66,137016,42,186094
29128,0.002058,74.125.24.0-255,2184,139200,42,186094
29129,0.00206,172.31.46.0-255,66,139266,42,186094
29130,0.004141,74.125.24.0-255,2902,142168,42,186094
29131,0.004144,172.31.46.0-255,66,142234,42,186094
29132,0.004163,74.125.24.0-255,2902,145136,42,186094
29133,0.004166,172.31.46.0-255,66,145202,42,186094
29134,0.006187,74.125.24.0-255,2902,148104,42,186094
29135,0.006193,172.31.46.0-255,66,148170,42,186094
29136,0.006262,74.125.24.0-255,2902,151072,42,186094
29137,0.006266,172.31.46.0-255,66,151138,42,186094
29138,0.008306,74.125.24.0-255,2902,154040,42,186094
29139,0.008313,172.31.46.0-255,66,154106,42,186094
29140,0.008337,74.125.24.0-255,2902,157008,42,186094
29141,0.00834,172.31.46.0-255,66,157074,42,186094
29142,0.010407,74.125.24.0-255,5738,162812,42,186094
29143,0.010418,172.31.46.0-255,66,162878,42,186094
29144,0.01249,74.125.24.0-255,5738,168616,42,186094
29145,0.012496,172.31.46.0-255,66,168682,42,186094
29146,0.01461,74.125.24.0-255,5738,174420,42,186094
29147,0.014619,172.31.46.0-255,66,174486,42,186094
29148,0.016706,74.125.24.0-255,5738,180224,42,186094
29149,0.016715,172.31.46.0-255,66,180290,42,186094
29150,0.018791,74.125.24.0-255,5738,186028,42,186094
29151,0.01881,172.31.46.0-255,66,186094,42,186094
29152,0.0,74.125.24.0-255,152,152,42,153245
29153,2.3e-05,172.31.46.0-255,66,218,42,153245
29154,3e-05,74.125.24.0-255,1484,1702,42,153245
29155,3.5e-05,172.31.46.0-255,66,1768,42,153245
29156,4e-05,74.125.24.0-255,2902,4670,42,153245
29157,4.4e-05,172.31.46.0-255,66,4736,42,153245
29158,5.1e-05,74.125.24.0-255,5738,10474,42,153245
29159,5.4e-05,172.31.46.0-255,66,10540,42,153245
29160,8e-05,74.125.24.0-255,5738,16278,42,153245
29161,8.4e-05,172.31.46.0-255,66,16344,42,153245
29162,0.000107,172.31.46.0-255,66,16410,42,153245
29163,0.00013,74.125.24.0-255,6797,23207,42,153245
29164,0.000132,172.31.46.0-255,66,23273,42,153245
29165,0.000216,74.125.24.0-255,1484,24757,42,153245
29166,0.00022,172.31.46.0-255,66,24823,42,153245
29167,0.000225,74.125.24.0-255,2902,27725,42,153245
29168,0.000227,172.31.46.0-255,66,27791,42,153245
29169,0.000254,74.125.24.0-255,5738,33529,42,153245
29170,0.000257,172.31.46.0-255,66,33595,42,153245
29171,0.000268,172.31.46.0-255,66,33661,42,153245
29172,0.000289,74.125.24.0-255,4320,37981,42,153245
29173,0.000291,172.31.46.0-255,66,38047,42,153245
29174,0.000302,172.31.46.0-255,66,38113,42,153245
29175,0.000335,74.125.24.0-255,2544,40657,42,153245
29176,0.000337,172.31.46.0-255,66,40723,42,153245
29177,0.000455,74.125.24.0-255,1484,42207,42,153245
29178,0.000459,172.31.46.0-255,66,42273,42,153245
29179,0.000464,74.125.24.0-255,2902,45175,42,153245
29180,0.000467,172.31.46.0-255,66,45241,42,153245
29181,0.000499,74.125.24.0-255,5738,50979,42,153245
29182,0.000502,172.31.46.0-255,66,51045,42,153245
29183,0.000505,74.125.24.0-255,1484,52529,42,153245
29184,0.000517,172.31.46.0-255,66,52595,42,153245
29185,0.000536,74.125.24.0-255,2902,55497,42,153245
29186,0.000538,172.31.46.0-255,66,55563,42,153245
29187,0.00055,172.31.46.0-255,66,55629,42,153245
29188,0.00091,74.125.24.0-255,1484,57113,42,153245
29189,0.000915,74.125.24.0-255,2902,60015,42,153245
29190,0.000917,74.125.24.0-255,1484,61499,42,153245
29191,0.000924,172.31.46.0-255,66,61565,42,153245
29192,0.000938,74.125.24.0-255,4320,65885,42,153245
29193,0.000941,172.31.46.0-255,66,65951,42,153245
29194,0.000945,74.125.24.0-255,2902,68853,42,153245
29195,0.000947,172.31.46.0-255,66,68919,42,153245
29196,0.000967,74.125.24.0-255,5738,74657,42,153245
29197,0.000969,172.31.46.0-255,66,74723,42,153245
29198,0.000991,74.125.24.0-255,4320,79043,42,153245
29199,0.000993,172.31.46.0-255,66,79109,42,153245
29200,0.001006,172.31.46.0-255,66,79175,42,153245
29201,0.00107,74.125.24.0-255,1484,80659,42,153245
29202,0.001082,74.125.24.0-255,2902,83561,42,153245
29203,0.001085,172.31.46.0-255,66,83627,42,153245
29204,0.001089,74.125.24.0-255,1484,85111,42,153245
29205,0.001106,74.125.24.0-255,4320,89431,42,153245
29206,0.001109,172.31.46.0-255,66,89497,42,153245
29207,0.001126,74.125.24.0-255,5738,95235,42,153245
29208,0.001129,172.31.46.0-255,66,95301,42,153245
29209,0.001145,74.125.24.0-255,7156,102457,42,153245
29210,0.001148,172.31.46.0-255,66,102523,42,153245
29211,0.001181,172.31.46.0-255,66,102589,42,153245
29212,0.0012,74.125.24.0-255,1484,104073,42,153245
29213,0.001205,74.125.24.0-255,2902,106975,42,153245
29214,0.001207,172.31.46.0-255,66,107041,42,153245
29215,0.001223,74.125.24.0-255,5738,112779,42,153245
29216,0.001226,172.31.46.0-255,66,112845,42,153245
29217,0.001259,172.31.46.0-255,66,112911,42,153245
29218,0.001303,172.31.46.0-255,66,112977,42,153245
29219,0.001315,74.125.24.0-255,1484,114461,42,153245
29220,0.001344,172.31.46.0-255,66,114527,42,153245
29221,0.00135,74.125.24.0-255,4320,118847,42,153245
29222,0.001352,172.31.46.0-255,66,118913,42,153245
29223,0.001388,172.31.46.0-255,66,118979,42,153245
29224,0.001399,172.31.46.0-255,66,119045,42,153245
29225,0.001441,172.31.46.0-255,66,119111,42,153245
29226,0.001455,172.31.46.0-255,66,119177,42,153245
29227,0.001457,74.125.24.0-255,766,119943,42,153245
29228,0.001658,74.125.24.0-255,1484,121427,42,153245
29229,0.001663,172.31.46.0-255,66,121493,42,153245
29230,0.001668,74.125.24.0-255,2902,124395,42,153245
29231,0.00167,172.31.46.0-255,66,124461,42,153245
29232,0.00169,74.125.24.0-255,5738,130199,42,153245
29233,0.001692,172.31.46.0-255,66,130265,42,153245
29234,0.001729,172.31.46.0-255,66,130331,42,153245
29235,0.001742,172.31.46.0-255,66,130397,42,153245
29236,0.001754,74.125.24.0-255,766,131163,42,153245
29237,0.001787,74.125.24.0-255,1484,132647,42,153245
29238,0.001792,74.125.24.0-255,2902,135549,42,153245
29239,0.001796,172.31.46.0-255,66,135615,42,153245
29240,0.001799,172.31.46.0-255,66,135681,42,153245
29241,0.001816,74.125.24.0-255,5738,141419,42,153245
29242,0.001819,172.31.46.0-255,66,141485,42,153245
29243,0.001844,172.31.46.0-255,66,141551,42,153245
29244,0.001876,74.125.24.0-255,4320,145871,42,153245
29245,0.001879,172.31.46.0-255,66,145937,42,153245
29246,0.001894,172.31.46.0-255,66,146003,42,153245
29247,0.001909,172.31.46.0-255,66,146069,42,153245
29248,0.001913,74.125.24.0-255,2902,148971,42,153245
29249,0.001915,172.31.46.0-255,66,149037,42,153245
29250,0.001938,172.31.46.0-255,66,149103,42,153245
29251,0.001963,74.125.24.0-255,3602,152705,42,153245
29252,0.001965,172.31.46.0-255,66,152771,42,153245
29253,0.001988,172.31.46.0-255,66,152837,42,153245
29254,0.002022,74.125.24.0-255,105,152942,42,153245
29255,0.002027,172.31.46.0-255,66,153008,42,153245
29256,0.004255,172.31.46.0-255,66,153074,42,153245
29257,0.004292,172.31.46.0-255,105,153179,42,153245
29258,0.00655,74.125.24.0-255,66,153245,42,153245
29259,0.0,172.217.194.0-255,150,150,42,147719
29260,2.5e-05,172.31.46.0-255,66,216,42,147719
29261,3.3e-05,172.217.194.0-255,1484,1700,42,147719
29262,3.7e-05,172.31.46.0-255,66,1766,42,147719
29263,6.9e-05,172.217.194.0-255,2902,4668,42,147719
29264,7.3e-05,172.31.46.0-255,66,4734,42,147719
29265,8e-05,172.217.194.0-255,5738,10472,42,147719
29266,8.2e-05,172.31.46.0-255,66,10538,42,147719
29267,8.8e-05,172.217.194.0-255,3458,13996,42,147719
29268,9.1e-05,172.31.46.0-255,66,14062,42,147719
29269,0.00013,172.31.46.0-255,66,14128,42,147719
29270,0.000153,172.217.194.0-255,1484,15612,42,147719
29271,0.000156,172.31.46.0-255,66,15678,42,147719
29272,0.000174,172.31.46.0-255,66,15744,42,147719
29273,0.000211,172.31.46.0-255,66,15810,42,147719
29274,0.000229,172.31.46.0-255,66,15876,42,147719
29275,0.000236,172.217.194.0-255,5689,21565,42,147719
29276,0.000238,172.31.46.0-255,66,21631,42,147719
29277,0.000291,172.217.194.0-255,1484,23115,42,147719
29278,0.000294,172.31.46.0-255,66,23181,42,147719
29279,0.0003,172.217.194.0-255,2902,26083,42,147719
29280,0.000302,172.31.46.0-255,66,26149,42,147719
29281,0.000338,172.217.194.0-255,5738,31887,42,147719
29282,0.000341,172.31.46.0-255,66,31953,42,147719
29283,0.000352,172.31.46.0-255,66,32019,42,147719
29284,0.000383,172.217.194.0-255,1484,33503,42,147719
29285,0.000385,172.31.46.0-255,66,33569,42,147719
29286,0.000406,172.217.194.0-255,2184,35753,42,147719
29287,0.000675,172.31.46.0-255,66,35819,42,147719
29288,0.000865,172.217.194.0-255,1484,37303,42,147719
29289,0.000874,172.217.194.0-255,2902,40205,42,147719
29290,0.000891,172.217.194.0-255,5738,45943,42,147719
29291,0.000902,172.31.46.0-255,66,46009,42,147719
29292,0.000907,172.217.194.0-255,2902,48911,42,147719
29293,0.000914,172.31.46.0-255,66,48977,42,147719
29294,0.000936,172.217.194.0-255,7156,56133,42,147719
29295,0.000939,172.217.194.0-255,1484,57617,42,147719
29296,0.000986,172.31.46.0-255,66,57683,42,147719
29297,0.001012,172.217.194.0-255,1484,59167,42,147719
29298,0.001016,172.217.194.0-255,1484,60651,42,147719
29299,0.001026,172.217.194.0-255,1484,62135,42,147719
29300,0.00104,172.217.194.0-255,2902,65037,42,147719
29301,0.001045,172.31.46.0-255,66,65103,42,147719
29302,0.001052,172.217.194.0-255,1484,66587,42,147719
29303,0.001073,172.217.194.0-255,5738,72325,42,147719
29304,0.001077,172.217.194.0-255,2902,75227,42,147719
29305,0.001126,172.31.46.0-255,66,75293,42,147719
29306,0.001153,172.217.194.0-255,1484,76777,42,147719
29307,0.001159,172.217.194.0-255,2902,79679,42,147719
29308,0.001173,172.217.194.0-255,5738,85417,42,147719
29309,0.001182,172.31.46.0-255,66,85483,42,147719
29310,0.001222,172.217.194.0-255,1484,86967,42,147719
29311,0.001234,172.31.46.0-255,66,87033,42,147719
29312,0.001279,172.31.46.0-255,66,87099,42,147719
29313,0.001304,172.217.194.0-255,2902,90001,42,147719
29314,0.001312,172.31.46.0-255,66,90067,42,147719
29315,0.001323,172.217.194.0-255,5738,95805,42,147719
29316,0.001347,172.217.194.0-255,1484,97289,42,147719
29317,0.001351,172.31.46.0-255,66,97355,42,147719
29318,0.001425,172.217.194.0-255,3602,100957,42,147719
29319,0.001433,172.31.46.0-255,66,101023,42,147719
29320,0.001466,172.217.194.0-255,1484,102507,42,147719
29321,0.00148,172.217.194.0-255,2902,105409,42,147719
29322,0.001501,172.217.194.0-255,2902,108311,42,147719
29323,0.001513,172.217.194.0-255,2902,111213,42,147719
29324,0.001516,172.217.194.0-255,1484,112697,42,147719
29325,0.001521,172.31.46.0-255,66,112763,42,147719
29326,0.001566,172.31.46.0-255,66,112829,42,147719
29327,0.001611,172.31.46.0-255,66,112895,42,147719
29328,0.002138,172.217.194.0-255,1484,114379,42,147719
29329,0.003687,172.217.194.0-255,4320,118699,42,147719
29330,0.003698,172.31.46.0-255,66,118765,42,147719
29331,0.0058,172.217.194.0-255,5738,124503,42,147719
29332,0.010616,172.31.46.0-255,66,124569,42,147719
29333,0.01282,172.217.194.0-255,5738,130307,42,147719
29334,0.012841,172.31.46.0-255,66,130373,42,147719
29335,0.014963,172.217.194.0-255,5738,136111,42,147719
29336,0.015517,172.31.46.0-255,66,136177,42,147719
29337,0.01764,172.217.194.0-255,5738,141915,42,147719
29338,0.017656,172.31.46.0-255,66,141981,42,147719
29339,0.019766,172.217.194.0-255,5738,147719,42,147719
29340,0.0,172.31.46.0-255,105,105,42,459
29341,0.000344,172.31.46.0-255,90,195,42,459
29342,0.000353,172.31.46.0-255,66,261,42,459
29343,0.002942,74.125.24.0-255,66,327,42,459
29344,0.002976,74.125.24.0-255,66,393,42,459
29345,0.003002,172.31.46.0-255,66,459,42,459
29346,0.0,74.125.24.0-255,152,152,42,188509
29347,3.1e-05,172.31.46.0-255,66,218,42,188509
29348,3.9e-05,74.125.24.0-255,1484,1702,42,188509
29349,4.4e-05,172.31.46.0-255,66,1768,42,188509
29350,5.1e-05,74.125.24.0-255,2902,4670,42,188509
29351,5.5e-05,172.31.46.0-255,66,4736,42,188509
29352,6.1e-05,74.125.24.0-255,4320,9056,42,188509
29353,6.4e-05,172.31.46.0-255,66,9122,42,188509
29354,9.4e-05,74.125.24.0-255,4774,13896,42,188509
29355,9.7e-05,172.31.46.0-255,66,13962,42,188509
29356,0.000156,74.125.24.0-255,1484,15446,42,188509
29357,0.000159,172.31.46.0-255,66,15512,42,188509
29358,0.000163,74.125.24.0-255,2902,18414,42,188509
29359,0.000166,172.31.46.0-255,66,18480,42,188509
29360,0.000172,74.125.24.0-255,4320,22800,42,188509
29361,0.000174,172.31.46.0-255,66,22866,42,188509
29362,0.000198,74.125.24.0-255,1484,24350,42,188509
29363,0.0002,172.31.46.0-255,66,24416,42,188509
29364,0.000204,74.125.24.0-255,1484,25900,42,188509
29365,0.000206,172.31.46.0-255,66,25966,42,188509
29366,0.000225,74.125.24.0-255,1484,27450,42,188509
29367,0.000228,172.31.46.0-255,66,27516,42,188509
29368,0.000245,74.125.24.0-255,3961,31477,42,188509
29369,0.000248,172.31.46.0-255,66,31543,42,188509
29370,0.000332,74.125.24.0-255,1484,33027,42,188509
29371,0.000336,172.31.46.0-255,66,33093,42,188509
29372,0.000341,74.125.24.0-255,2902,35995,42,188509
29373,0.000344,172.31.46.0-255,66,36061,42,188509
29374,0.000347,74.125.24.0-255,1484,37545,42,188509
29375,0.000349,172.31.46.0-255,66,37611,42,188509
29376,0.000372,74.125.24.0-255,4320,41931,42,188509
29377,0.000376,172.31.46.0-255,66,41997,42,188509
29378,0.000382,74.125.24.0-255,5738,47735,42,188509
29379,0.000385,172.31.46.0-255,66,47801,42,188509
29380,0.000409,172.31.46.0-255,66,47867,42,188509
29381,0.000435,74.125.24.0-255,414,48281,42,188509
29382,0.00047,74.125.24.0-255,330,48611,42,188509
29383,0.000593,172.31.46.0-255,66,48677,42,188509
29384,0.000775,74.125.24.0-255,1484,50161,42,188509
29385,0.000784,74.125.24.0-255,2902,53063,42,188509
29386,0.00079,74.125.24.0-255,5738,58801,42,188509
29387,0.000794,74.125.24.0-255,1484,60285,42,188509
29388,0.00081,74.125.24.0-255,2902,63187,42,188509
29389,0.000814,172.31.46.0-255,66,63253,42,188509
29390,0.000836,172.31.46.0-255,66,63319,42,188509
29391,0.000851,74.125.24.0-255,2902,66221,42,188509
29392,0.000871,74.125.24.0-255,5020,71241,42,188509
29393,0.000877,172.31.46.0-255,66,71307,42,188509
29394,0.001525,74.125.24.0-255,1484,72791,42,188509
29395,0.001532,74.125.24.0-255,2902,75693,42,188509
29396,0.001536,172.31.46.0-255,66,75759,42,188509
29397,0.001542,74.125.24.0-255,2902,78661,42,188509
29398,0.001545,172.31.46.0-255,66,78727,42,188509
29399,0.001558,74.125.24.0-255,2902,81629,42,188509
29400,0.00156,172.31.46.0-255,66,81695,42,188509
29401,0.001565,74.125.24.0-255,2902,84597,42,188509
29402,0.001567,172.31.46.0-255,66,84663,42,188509
29403,0.001572,74.125.24.0-255,2902,87565,42,188509
29404,0.001574,172.31.46.0-255,66,87631,42,188509
29405,0.0016,74.125.24.0-255,7156,94787,42,188509
29406,0.001602,172.31.46.0-255,66,94853,42,188509
29407,0.001605,74.125.24.0-255,1484,96337,42,188509
29408,0.00163,172.31.46.0-255,66,96403,42,188509
29409,0.001814,74.125.24.0-255,1484,97887,42,188509
29410,0.001817,74.125.24.0-255,1484,99371,42,188509
29411,0.001823,172.31.46.0-255,66,99437,42,188509
29412,0.001838,74.125.24.0-255,1484,100921,42,188509
29413,0.001845,74.125.24.0-255,5738,106659,42,188509
29414,0.001847,172.31.46.0-255,66,106725,42,188509
29415,0.001889,172.31.46.0-255,66,106791,42,188509
29416,0.001892,74.125.24.0-255,1484,108275,42,188509
29417,0.001964,172.31.46.0-255,66,108341,42,188509
29418,0.001967,74.125.24.0-255,1484,109825,42,188509
29419,0.001983,74.125.24.0-255,2902,112727,42,188509
29420,0.001986,74.125.24.0-255,1484,114211,42,188509
29421,0.002004,74.125.24.0-255,4320,118531,42,188509
29422,0.002009,172.31.46.0-255,66,118597,42,188509
29423,0.002021,74.125.24.0-255,7156,125753,42,188509
29424,0.002024,74.125.24.0-255,1484,127237,42,188509
29425,0.002031,172.31.46.0-255,66,127303,42,188509
29426,0.002046,74.125.24.0-255,7156,134459,42,188509
29427,0.002103,172.31.46.0-255,66,134525,42,188509
29428,0.002111,74.125.24.0-255,1484,136009,42,188509
29429,0.002124,74.125.24.0-255,2902,138911,42,188509
29430,0.002137,74.125.24.0-255,4320,143231,42,188509
29431,0.002147,74.125.24.0-255,1484,144715,42,188509
29432,0.00216,74.125.24.0-255,1484,146199,42,188509
29433,0.002164,172.31.46.0-255,66,146265,42,188509
29434,0.002184,172.31.46.0-255,66,146331,42,188509
29435,0.002211,74.125.24.0-255,1484,147815,42,188509
29436,0.002237,172.31.46.0-255,66,147881,42,188509
29437,0.004536,74.125.24.0-255,5738,153619,42,188509
29438,0.004552,172.31.46.0-255,66,153685,42,188509
29439,0.006839,74.125.24.0-255,5738,159423,42,188509
29440,0.006844,172.31.46.0-255,66,159489,42,188509
29441,0.009138,74.125.24.0-255,5738,165227,42,188509
29442,0.009146,172.31.46.0-255,66,165293,42,188509
29443,0.011433,74.125.24.0-255,5738,171031,42,188509
29444,0.01145,172.31.46.0-255,66,171097,42,188509
29445,0.013736,74.125.24.0-255,5738,176835,42,188509
29446,0.013754,172.31.46.0-255,66,176901,42,188509
29447,0.016056,74.125.24.0-255,5738,182639,42,188509
29448,0.016073,172.31.46.0-255,66,182705,42,188509
29449,0.018348,74.125.24.0-255,5738,188443,42,188509
29450,0.018362,172.31.46.0-255,66,188509,42,188509
29451,0.0,172.217.194.0-255,153,153,42,215762
29452,1.5e-05,172.31.46.0-255,66,219,42,215762
29453,2.1e-05,172.217.194.0-255,1484,1703,42,215762
29454,2.7e-05,172.31.46.0-255,66,1769,42,215762
29455,3.1e-05,172.217.194.0-255,2902,4671,42,215762
29456,3.4e-05,172.31.46.0-255,66,4737,42,215762
29457,4.1e-05,172.217.194.0-255,5738,10475,42,215762
29458,4.4e-05,172.31.46.0-255,66,10541,42,215762
29459,5.9e-05,172.31.46.0-255,66,10607,42,215762
29460,6.6e-05,172.217.194.0-255,6797,17404,42,215762
29461,7e-05,172.31.46.0-255,66,17470,42,215762
29462,7.2e-05,172.217.194.0-255,1484,18954,42,215762
29463,7.5e-05,172.31.46.0-255,66,19020,42,215762
29464,8.1e-05,172.217.194.0-255,2902,21922,42,215762
29465,8.4e-05,172.31.46.0-255,66,21988,42,215762
29466,0.000115,172.217.194.0-255,5738,27726,42,215762
29467,0.000118,172.31.46.0-255,66,27792,42,215762
29468,0.000126,172.217.194.0-255,6797,34589,42,215762
29469,0.000128,172.31.46.0-255,66,34655,42,215762
29470,0.000239,172.217.194.0-255,1484,36139,42,215762
29471,0.000244,172.31.46.0-255,66,36205,42,215762
29472,0.00025,172.217.194.0-255,2902,39107,42,215762
29473,0.000252,172.31.46.0-255,66,39173,42,215762
29474,0.000258,172.217.194.0-255,5738,44911,42,215762
29475,0.000261,172.31.46.0-255,66,44977,42,215762
29476,0.000318,172.217.194.0-255,7108,52085,42,215762
29477,0.000322,172.31.46.0-255,66,52151,42,215762
29478,0.000329,172.217.194.0-255,4320,56471,42,215762
29479,0.000332,172.31.46.0-255,66,56537,42,215762
29480,0.000344,172.217.194.0-255,2902,59439,42,215762
29481,0.000347,172.31.46.0-255,66,59505,42,215762
29482,0.000366,172.217.194.0-255,5738,65243,42,215762
29483,0.000369,172.31.46.0-255,66,65309,42,215762
29484,0.000386,172.217.194.0-255,3681,68990,42,215762
29485,0.000389,172.31.46.0-255,66,69056,42,215762
29486,0.001332,172.217.194.0-255,1484,70540,42,215762
29487,0.001338,172.31.46.0-255,66,70606,42,215762
29488,0.001348,172.217.194.0-255,2902,73508,42,215762
29489,0.001351,172.31.46.0-255,66,73574,42,215762
29490,0.001358,172.217.194.0-255,5738,79312,42,215762
29491,0.00136,172.31.46.0-255,66,79378,42,215762
29492,0.001401,172.217.194.0-255,7156,86534,42,215762
29493,0.001404,172.31.46.0-255,66,86600,42,215762
29494,0.00142,172.217.194.0-255,5738,92338,42,215762
29495,0.001423,172.31.46.0-255,66,92404,42,215762
29496,0.001441,172.217.194.0-255,4320,96724,42,215762
29497,0.001443,172.31.46.0-255,66,96790,42,215762
29498,0.001465,172.217.194.0-255,6438,103228,42,215762
29499,0.001467,172.31.46.0-255,66,103294,42,215762
29500,0.001471,172.217.194.0-255,1484,104778,42,215762
29501,0.001473,172.31.46.0-255,66,104844,42,215762
29502,0.001488,172.217.194.0-255,4320,109164,42,215762
29503,0.00149,172.31.46.0-255,66,109230,42,215762
29504,0.001497,172.217.194.0-255,7156,116386,42,215762
29505,0.0015,172.31.46.0-255,66,116452,42,215762
29506,0.00154,172.31.46.0-255,66,116518,42,215762
29507,0.001564,172.217.194.0-255,4320,120838,42,215762
29508,0.001566,172.31.46.0-255,66,120904,42,215762
29509,0.001573,172.217.194.0-255,6438,127342,42,215762
29510,0.001575,172.31.46.0-255,66,127408,42,215762
29511,0.001771,172.217.194.0-255,1484,128892,42,215762
29512,0.001778,172.31.46.0-255,66,128958,42,215762
29513,0.001784,172.217.194.0-255,2902,131860,42,215762
29514,0.001786,172.31.46.0-255,66,131926,42,215762
29515,0.001792,172.217.194.0-255,4320,136246,42,215762
29516,0.001795,172.31.46.0-255,66,136312,42,215762
29517,0.001815,172.217.194.0-255,1484,137796,42,215762
29518,0.001817,172.31.46.0-255,66,137862,42,215762
29519,0.001825,172.217.194.0-255,7156,145018,42,215762
29520,0.001827,172.31.46.0-255,66,145084,42,215762
29521,0.001847,172.217.194.0-255,2902,147986,42,215762
29522,0.00185,172.31.46.0-255,66,148052,42,215762
29523,0.001853,172.217.194.0-255,1484,149536,42,215762
29524,0.001855,172.31.46.0-255,66,149602,42,215762
29525,0.00187,172.217.194.0-255,4320,153922,42,215762
29526,0.001872,172.31.46.0-255,66,153988,42,215762
29527,0.001901,172.31.46.0-255,66,154054,42,215762
29528,0.002067,172.217.194.0-255,1484,155538,42,215762
29529,0.002084,172.217.194.0-255,2902,158440,42,215762
29530,0.002087,172.217.194.0-255,1484,159924,42,215762
29531,0.002105,172.217.194.0-255,4320,164244,42,215762
29532,0.002112,172.217.194.0-255,7156,171400,42,215762
29533,0.002124,172.217.194.0-255,1484,172884,42,215762
29534,0.002151,172.217.194.0-255,2184,175068,42,215762
29535,0.002775,172.31.46.0-255,66,175134,42,215762
29536,0.005162,172.217.194.0-255,5738,180872,42,215762
29537,0.005167,172.31.46.0-255,66,180938,42,215762
29538,0.007534,172.217.194.0-255,5738,186676,42,215762
29539,0.007538,172.31.46.0-255,66,186742,42,215762
29540,0.009912,172.217.194.0-255,5738,192480,42,215762
29541,0.009919,172.31.46.0-255,66,192546,42,215762
29542,0.012277,172.217.194.0-255,5738,198284,42,215762
29543,0.012286,172.31.46.0-255,66,198350,42,215762
29544,0.01467,172.217.194.0-255,5738,204088,42,215762
29545,0.014676,172.31.46.0-255,66,204154,42,215762
29546,0.017042,172.217.194.0-255,5738,209892,42,215762
29547,0.017051,172.31.46.0-255,66,209958,42,215762
29548,0.019405,172.217.194.0-255,5738,215696,42,215762
29549,0.019415,172.31.46.0-255,66,215762,42,215762
29550,0.0,74.125.24.0-255,295,295,42,208020
29551,2.5e-05,172.31.46.0-255,66,361,42,208020
29552,3.1e-05,74.125.24.0-255,1484,1845,42,208020
29553,3.5e-05,172.31.46.0-255,66,1911,42,208020
29554,4.2e-05,74.125.24.0-255,4320,6231,42,208020
29555,4.4e-05,172.31.46.0-255,66,6297,42,208020
29556,5.1e-05,74.125.24.0-255,5738,12035,42,208020
29557,5.4e-05,172.31.46.0-255,66,12101,42,208020
29558,7.9e-05,74.125.24.0-255,1873,13974,42,208020
29559,8.1e-05,172.31.46.0-255,66,14040,42,208020
29560,0.000124,74.125.24.0-255,1484,15524,42,208020
29561,0.000127,172.31.46.0-255,66,15590,42,208020
29562,0.000147,74.125.24.0-255,2902,18492,42,208020
29563,0.00015,172.31.46.0-255,66,18558,42,208020
29564,0.000156,74.125.24.0-255,5738,24296,42,208020
29565,0.000159,172.31.46.0-255,66,24362,42,208020
29566,0.000162,74.125.24.0-255,1484,25846,42,208020
29567,0.000164,172.31.46.0-255,66,25912,42,208020
29568,0.000193,74.125.24.0-255,5379,31291,42,208020
29569,0.000195,172.31.46.0-255,66,31357,42,208020
29570,0.000214,74.125.24.0-255,2902,34259,42,208020
29571,0.000216,172.31.46.0-255,66,34325,42,208020
29572,0.000247,172.31.46.0-255,66,34391,42,208020
29573,0.000274,74.125.24.0-255,2543,36934,42,208020
29574,0.000276,172.31.46.0-255,66,37000,42,208020
29575,0.000301,74.125.24.0-255,2902,39902,42,208020
29576,0.000303,172.31.46.0-255,66,39968,42,208020
29577,0.000306,74.125.24.0-255,1484,41452,42,208020
29578,0.000309,172.31.46.0-255,66,41518,42,208020
29579,0.000334,74.125.24.0-255,5738,47256,42,208020
29580,0.000337,172.31.46.0-255,66,47322,42,208020
29581,0.000383,74.125.24.0-255,7113,54435,42,208020
29582,0.000386,172.31.46.0-255,66,54501,42,208020
29583,0.000389,74.125.24.0-255,372,54873,42,208020
29584,0.000683,74.125.24.0-255,1484,56357,42,208020
29585,0.000688,172.31.46.0-255,66,56423,42,208020
29586,0.000693,74.125.24.0-255,2902,59325,42,208020
29587,0.000696,172.31.46.0-255,66,59391,42,208020
29588,0.000701,74.125.24.0-255,4320,63711,42,208020
29589,0.000704,172.31.46.0-255,66,63777,42,208020
29590,0.000722,74.125.24.0-255,1484,65261,42,208020
29591,0.000733,172.31.46.0-255,66,65327,42,208020
29592,0.000753,74.125.24.0-255,4320,69647,42,208020
29593,0.000756,172.31.46.0-255,66,69713,42,208020
29594,0.00078,172.31.46.0-255,66,69779,42,208020
29595,0.000794,74.125.24.0-255,766,70545,42,208020
29596,0.000818,172.31.46.0-255,101,70646,42,208020
29597,0.000967,74.125.24.0-255,1484,72130,42,208020
29598,0.000971,74.125.24.0-255,1484,73614,42,208020
29599,0.000973,172.31.46.0-255,66,73680,42,208020
29600,0.000991,74.125.24.0-255,1484,75164,42,208020
29601,0.000996,74.125.24.0-255,5738,80902,42,208020
29602,0.000999,172.31.46.0-255,66,80968,42,208020
29603,0.001001,74.125.24.0-255,1484,82452,42,208020
29604,0.001027,172.31.46.0-255,66,82518,42,208020
29605,0.001057,172.31.46.0-255,66,82584,42,208020
29606,0.001106,172.31.46.0-255,66,82650,42,208020
29607,0.001139,172.31.46.0-255,66,82716,42,208020
29608,0.001158,172.31.46.0-255,66,82782,42,208020
29609,0.001454,74.125.24.0-255,1484,84266,42,208020
29610,0.00146,74.125.24.0-255,2902,87168,42,208020
29611,0.001463,172.31.46.0-255,66,87234,42,208020
29612,0.00147,74.125.24.0-255,5738,92972,42,208020
29613,0.001471,172.31.46.0-255,66,93038,42,208020
29614,0.001499,172.31.46.0-255,66,93104,42,208020
29615,0.001523,74.125.24.0-255,1484,94588,42,208020
29616,0.001548,172.31.46.0-255,66,94654,42,208020
29617,0.001564,74.125.24.0-255,2184,96838,42,208020
29618,0.001566,172.31.46.0-255,66,96904,42,208020
29619,0.001671,74.125.24.0-255,1484,98388,42,208020
29620,0.001684,74.125.24.0-255,2902,101290,42,208020
29621,0.001687,172.31.46.0-255,66,101356,42,208020
29622,0.00169,74.125.24.0-255,1484,102840,42,208020
29623,0.001705,74.125.24.0-255,4320,107160,42,208020
29624,0.001707,172.31.46.0-255,66,107226,42,208020
29625,0.00172,74.125.24.0-255,2902,110128,42,208020
29626,0.001722,172.31.46.0-255,66,110194,42,208020
29627,0.001755,172.31.46.0-255,66,110260,42,208020
29628,0.001771,74.125.24.0-255,1484,111744,42,208020
29629,0.00178,74.125.24.0-255,1484,113228,42,208020
29630,0.001782,172.31.46.0-255,66,113294,42,208020
29631,0.001801,74.125.24.0-255,2902,116196,42,208020
29632,0.001803,172.31.46.0-255,66,116262,42,208020
29633,0.001821,74.125.24.0-255,5020,121282,42,208020
29634,0.001825,172.31.46.0-255,66,121348,42,208020
29635,0.001845,74.125.24.0-255,1484,122832,42,208020
29636,0.001849,74.125.24.0-255,2902,125734,42,208020
29637,0.001852,172.31.46.0-255,66,125800,42,208020
29638,0.001901,74.125.24.0-255,5738,131538,42,208020
29639,0.001905,172.31.46.0-255,66,131604,42,208020
29640,0.00191,74.125.24.0-255,5738,137342,42,208020
29641,0.001913,172.31.46.0-255,66,137408,42,208020
29642,0.001919,74.125.24.0-255,1484,138892,42,208020
29643,0.001956,172.31.46.0-255,66,138958,42,208020
29644,0.001963,74.125.24.0-255,5020,143978,42,208020
29645,0.001965,172.31.46.0-255,66,144044,42,208020
29646,0.002028,74.125.24.0-255,1484,145528,42,208020
29647,0.002033,74.125.24.0-255,2902,148430,42,208020
29648,0.002036,172.31.46.0-255,66,148496,42,208020
29649,0.002058,74.125.24.0-255,5738,154234,42,208020
29650,0.002061,172.31.46.0-255,66,154300,42,208020
29651,0.002092,74.125.24.0-255,7156,161456,42,208020
29652,0.002095,172.31.46.0-255,66,161522,42,208020
29653,0.002797,74.125.24.0-255,66,161588,42,208020
29654,0.004101,74.125.24.0-255,5738,167326,42,208020
29655,0.004112,172.31.46.0-255,66,167392,42,208020
29656,0.006146,74.125.24.0-255,5738,173130,42,208020
29657,0.006156,172.31.46.0-255,66,173196,42,208020
29658,0.008182,74.125.24.0-255,5738,178934,42,208020
29659,0.008196,172.31.46.0-255,66,179000,42,208020
29660,0.010231,74.125.24.0-255,5738,184738,42,208020
29661,0.010242,172.31.46.0-255,66,184804,42,208020
29662,0.012305,74.125.24.0-255,5738,190542,42,208020
29663,0.012323,172.31.46.0-255,66,190608,42,208020
29664,0.014391,74.125.24.0-255,5738,196346,42,208020
29665,0.014407,172.31.46.0-255,66,196412,42,208020
29666,0.01648,74.125.24.0-255,5738,202150,42,208020
29667,0.016495,172.31.46.0-255,66,202216,42,208020
29668,0.018525,74.125.24.0-255,5738,207954,42,208020
29669,0.018536,172.31.46.0-255,66,208020,42,208020
29670,0.0,172.217.194.0-255,153,153,42,113210
29671,1.4e-05,172.31.46.0-255,66,219,42,113210
29672,3.6e-05,172.217.194.0-255,1484,1703,42,113210
29673,4e-05,172.31.46.0-255,66,1769,42,113210
29674,4.6e-05,172.217.194.0-255,2902,4671,42,113210
29675,4.9e-05,172.31.46.0-255,66,4737,42,113210
29676,5.5e-05,172.217.194.0-255,5738,10475,42,113210
29677,5.8e-05,172.31.46.0-255,66,10541,42,113210
29678,8.8e-05,172.217.194.0-255,1484,12025,42,113210
29679,9.1e-05,172.31.46.0-255,66,12091,42,113210
29680,0.00012,172.217.194.0-255,2113,14204,42,113210
29681,0.000123,172.31.46.0-255,66,14270,42,113210
29682,0.00033,172.217.194.0-255,1484,15754,42,113210
29683,0.000337,172.31.46.0-255,66,15820,42,113210
29684,0.000342,172.217.194.0-255,2902,18722,42,113210
29685,0.000344,172.31.46.0-255,66,18788,42,113210
29686,0.00035,172.217.194.0-255,4320,23108,42,113210
29687,0.000358,172.31.46.0-255,66,23174,42,113210
29688,0.000386,172.217.194.0-255,1484,24658,42,113210
29689,0.000388,172.31.46.0-255,66,24724,42,113210
29690,0.000391,172.217.194.0-255,1484,26208,42,113210
29691,0.000394,172.31.46.0-255,66,26274,42,113210
29692,0.000419,172.217.194.0-255,5379,31653,42,113210
29693,0.000429,172.217.194.0-255,5738,37391,42,113210
29694,0.000435,172.31.46.0-255,66,37457,42,113210
29695,0.000442,172.31.46.0-255,66,37523,42,113210
29696,0.000459,172.217.194.0-255,2902,40425,42,113210
29697,0.000462,172.31.46.0-255,66,40491,42,113210
29698,0.000498,172.31.46.0-255,66,40557,42,113210
29699,0.001891,172.217.194.0-255,1484,42041,42,113210
29700,0.001899,172.31.46.0-255,66,42107,42,113210
29701,0.001909,172.217.194.0-255,2902,45009,42,113210
29702,0.001912,172.31.46.0-255,66,45075,42,113210
29703,0.001925,172.217.194.0-255,5738,50813,42,113210
29704,0.001927,172.31.46.0-255,66,50879,42,113210
29705,0.00193,172.217.194.0-255,1484,52363,42,113210
29706,0.001966,172.217.194.0-255,5379,57742,42,113210
29707,0.001968,172.31.46.0-255,66,57808,42,113210
29708,0.002124,172.217.194.0-255,1484,59292,42,113210
29709,0.002144,172.217.194.0-255,2902,62194,42,113210
29710,0.002147,172.31.46.0-255,66,62260,42,113210
29711,0.002154,172.217.194.0-255,5738,67998,42,113210
29712,0.002156,172.31.46.0-255,66,68064,42,113210
29713,0.002192,172.217.194.0-255,4320,72384,42,113210
29714,0.002194,172.31.46.0-255,66,72450,42,113210
29715,0.002229,172.31.46.0-255,66,72516,42,113210
29716,0.002245,172.31.46.0-255,66,72582,42,113210
29717,0.004522,172.217.194.0-255,5738,78320,42,113210
29718,0.004528,172.31.46.0-255,66,78386,42,113210
29719,0.006804,172.217.194.0-255,5738,84124,42,113210
29720,0.006808,172.31.46.0-255,66,84190,42,113210
29721,0.009052,172.217.194.0-255,5738,89928,42,113210
29722,0.009061,172.31.46.0-255,66,89994,42,113210
29723,0.011363,172.217.194.0-255,5738,95732,42,113210
29724,0.011372,172.31.46.0-255,66,95798,42,113210
29725,0.013659,172.217.194.0-255,5738,101536,42,113210
29726,0.013669,172.31.46.0-255,66,101602,42,113210
29727,0.01594,172.217.194.0-255,5738,107340,42,113210
29728,0.015949,172.31.46.0-255,66,107406,42,113210
29729,0.018236,172.217.194.0-255,5738,113144,42,113210
29730,0.018246,172.31.46.0-255,66,113210,42,113210
29731,0.0,74.125.24.0-255,152,152,42,224205
29732,2.2e-05,172.31.46.0-255,66,218,42,224205
29733,2.9e-05,74.125.24.0-255,1484,1702,42,224205
29734,3.3e-05,172.31.46.0-255,66,1768,42,224205
29735,3.8e-05,74.125.24.0-255,2902,4670,42,224205
29736,4.8e-05,172.31.46.0-255,66,4736,42,224205
29737,5.5e-05,74.125.24.0-255,7156,11892,42,224205
29738,5.8e-05,172.31.46.0-255,66,11958,42,224205
29739,9.2e-05,74.125.24.0-255,2093,14051,42,224205
29740,9.6e-05,172.31.46.0-255,66,14117,42,224205
29741,0.0001,74.125.24.0-255,2902,17019,42,224205
29742,0.000103,172.31.46.0-255,66,17085,42,224205
29743,0.000134,74.125.24.0-255,7156,24241,42,224205
29744,0.000137,172.31.46.0-255,66,24307,42,224205
29745,0.000143,74.125.24.0-255,6797,31104,42,224205
29746,0.000145,172.31.46.0-255,66,31170,42,224205
29747,0.000205,74.125.24.0-255,1484,32654,42,224205
29748,0.000209,172.31.46.0-255,66,32720,42,224205
29749,0.000213,74.125.24.0-255,1484,34204,42,224205
29750,0.000214,172.31.46.0-255,66,34270,42,224205
29751,0.000237,74.125.24.0-255,1484,35754,42,224205
29752,0.000239,172.31.46.0-255,66,35820,42,224205
29753,0.000245,74.125.24.0-255,5738,41558,42,224205
29754,0.000247,172.31.46.0-255,66,41624,42,224205
29755,0.000284,74.125.24.0-255,2902,44526,42,224205
29756,0.000286,172.31.46.0-255,66,44592,42,224205
29757,0.000317,74.125.24.0-255,3961,48553,42,224205
29758,0.00032,172.31.46.0-255,66,48619,42,224205
29759,0.000795,74.125.24.0-255,1484,50103,42,224205
29760,0.000801,172.31.46.0-255,66,50169,42,224205
29761,0.000808,74.125.24.0-255,2902,53071,42,224205
29762,0.000811,172.31.46.0-255,66,53137,42,224205
29763,0.000815,74.125.24.0-255,1484,54621,42,224205
29764,0.000851,74.125.24.0-255,4320,58941,42,224205
29765,0.000854,172.31.46.0-255,66,59007,42,224205
29766,0.000866,74.125.24.0-255,1484,60491,42,224205
29767,0.000887,74.125.24.0-255,5379,65870,42,224205
29768,0.00089,172.31.46.0-255,66,65936,42,224205
29769,0.000915,74.125.24.0-255,2902,68838,42,224205
29770,0.000917,172.31.46.0-255,66,68904,42,224205
29771,0.000922,74.125.24.0-255,2902,71806,42,224205
29772,0.000924,172.31.46.0-255,66,71872,42,224205
29773,0.000964,74.125.24.0-255,1484,73356,42,224205
29774,0.000976,172.31.46.0-255,66,73422,42,224205
29775,0.000979,74.125.24.0-255,1125,74547,42,224205
29776,0.000982,74.125.24.0-255,1484,76031,42,224205
29777,0.000985,172.31.46.0-255,66,76097,42,224205
29778,0.00099,74.125.24.0-255,4320,80417,42,224205
29779,0.000997,172.31.46.0-255,66,80483,42,224205
29780,0.001031,74.125.24.0-255,7156,87639,42,224205
29781,0.001035,172.31.46.0-255,66,87705,42,224205
29782,0.001061,74.125.24.0-255,2902,90607,42,224205
29783,0.001065,74.125.24.0-255,1706,92313,42,224205
29784,0.001072,172.31.46.0-255,66,92379,42,224205
29785,0.001075,172.31.46.0-255,66,92445,42,224205
29786,0.001528,74.125.24.0-255,1484,93929,42,224205
29787,0.001534,74.125.24.0-255,2902,96831,42,224205
29788,0.001537,172.31.46.0-255,66,96897,42,224205
29789,0.001545,74.125.24.0-255,5738,102635,42,224205
29790,0.001547,172.31.46.0-255,66,102701,42,224205
29791,0.001587,172.31.46.0-255,66,102767,42,224205
29792,0.00159,74.125.24.0-255,1484,104251,42,224205
29793,0.001647,172.31.46.0-255,66,104317,42,224205
29794,0.00167,74.125.24.0-255,1484,105801,42,224205
29795,0.001675,74.125.24.0-255,2902,108703,42,224205
29796,0.001677,172.31.46.0-255,66,108769,42,224205
29797,0.001682,74.125.24.0-255,2902,111671,42,224205
29798,0.001684,172.31.46.0-255,66,111737,42,224205
29799,0.001699,74.125.24.0-255,2902,114639,42,224205
29800,0.001702,172.31.46.0-255,66,114705,42,224205
29801,0.001708,74.125.24.0-255,5738,120443,42,224205
29802,0.00171,172.31.46.0-255,66,120509,42,224205
29803,0.001754,74.125.24.0-255,7156,127665,42,224205
29804,0.001758,172.31.46.0-255,66,127731,42,224205
29805,0.001766,74.125.24.0-255,7156,134887,42,224205
29806,0.001768,172.31.46.0-255,66,134953,42,224205
29807,0.001777,74.125.24.0-255,3602,138555,42,224205
29808,0.001779,172.31.46.0-255,66,138621,42,224205
29809,0.001829,74.125.24.0-255,1484,140105,42,224205
29810,0.001845,74.125.24.0-255,2902,143007,42,224205
29811,0.001848,172.31.46.0-255,66,143073,42,224205
29812,0.001854,74.125.24.0-255,4320,147393,42,224205
29813,0.001856,172.31.46.0-255,66,147459,42,224205
29814,0.001874,74.125.24.0-255,1484,148943,42,224205
29815,0.001881,74.125.24.0-255,5738,154681,42,224205
29816,0.001883,172.31.46.0-255,66,154747,42,224205
29817,0.00192,74.125.24.0-255,5738,160485,42,224205
29818,0.001923,172.31.46.0-255,66,160551,42,224205
29819,0.001935,172.31.46.0-255,66,160617,42,224205
29820,0.001971,74.125.24.0-255,2184,162801,42,224205
29821,0.001973,172.31.46.0-255,66,162867,42,224205
29822,0.002006,74.125.24.0-255,1484,164351,42,224205
29823,0.00201,74.125.24.0-255,1484,165835,42,224205
29824,0.002012,172.31.46.0-255,66,165901,42,224205
29825,0.002044,74.125.24.0-255,1484,167385,42,224205
29826,0.002052,74.125.24.0-255,5738,173123,42,224205
29827,0.002055,172.31.46.0-255,66,173189,42,224205
29828,0.002068,172.31.46.0-255,66,173255,42,224205
29829,0.002097,74.125.24.0-255,1484,174739,42,224205
29830,0.002101,74.125.24.0-255,2902,177641,42,224205
29831,0.002105,172.31.46.0-255,66,177707,42,224205
29832,0.004106,74.125.24.0-255,1484,179191,42,224205
29833,0.004141,74.125.24.0-255,4320,183511,42,224205
29834,0.004145,172.31.46.0-255,66,183577,42,224205
29835,0.006185,74.125.24.0-255,5738,189315,42,224205
29836,0.006188,172.31.46.0-255,66,189381,42,224205
29837,0.008222,74.125.24.0-255,5738,195119,42,224205
29838,0.008228,172.31.46.0-255,66,195185,42,224205
29839,0.010262,74.125.24.0-255,5738,200923,42,224205
29840,0.010271,172.31.46.0-255,66,200989,42,224205
29841,0.012343,74.125.24.0-255,5738,206727,42,224205
29842,0.01235,172.31.46.0-255,66,206793,42,224205
29843,0.01438,74.125.24.0-255,5738,212531,42,224205
29844,0.014389,172.31.46.0-255,66,212597,42,224205
29845,0.016449,74.125.24.0-255,5738,218335,42,224205
29846,0.016457,172.31.46.0-255,66,218401,42,224205
29847,0.018537,74.125.24.0-255,5738,224139,42,224205
29848,0.018544,172.31.46.0-255,66,224205,42,224205
29849,0.0,74.125.24.0-255,153,153,42,179217
29850,2.3e-05,172.31.46.0-255,66,219,42,179217
29851,2.8e-05,74.125.24.0-255,1484,1703,42,179217
29852,3.2e-05,172.31.46.0-255,66,1769,42,179217
29853,3.7e-05,74.125.24.0-255,2902,4671,42,179217
29854,3.9e-05,172.31.46.0-255,66,4737,42,179217
29855,4.4e-05,74.125.24.0-255,4320,9057,42,179217
29856,4.6e-05,172.31.46.0-255,66,9123,42,179217
29857,7.8e-05,74.125.24.0-255,4953,14076,42,179217
29858,8.1e-05,172.31.46.0-255,66,14142,42,179217
29859,9e-05,172.31.46.0-255,66,14208,42,179217
29860,0.000103,74.125.24.0-255,1484,15692,42,179217
29861,0.000105,172.31.46.0-255,66,15758,42,179217
29862,0.00011,74.125.24.0-255,5379,21137,42,179217
29863,0.000112,172.31.46.0-255,66,21203,42,179217
29864,0.000193,74.125.24.0-255,1484,22687,42,179217
29865,0.0002,172.31.46.0-255,66,22753,42,179217
29866,0.000204,74.125.24.0-255,2902,25655,42,179217
29867,0.000206,172.31.46.0-255,66,25721,42,179217
29868,0.000212,74.125.24.0-255,5738,31459,42,179217
29869,0.000214,172.31.46.0-255,66,31525,42,179217
29870,0.000245,74.125.24.0-255,7156,38681,42,179217
29871,0.000248,172.31.46.0-255,66,38747,42,179217
29872,0.000272,74.125.24.0-255,6797,45544,42,179217
29873,0.000274,172.31.46.0-255,66,45610,42,179217
29874,0.00028,74.125.24.0-255,4320,49930,42,179217
29875,0.000282,172.31.46.0-255,66,49996,42,179217
29876,0.000297,74.125.24.0-255,2902,52898,42,179217
29877,0.0003,172.31.46.0-255,66,52964,42,179217
29878,0.000316,74.125.24.0-255,2821,55785,42,179217
29879,0.000319,172.31.46.0-255,66,55851,42,179217
29880,0.000455,74.125.24.0-255,378,56229,42,179217
29881,0.000566,74.125.24.0-255,1484,57713,42,179217
29882,0.00057,172.31.46.0-255,66,57779,42,179217
29883,0.000593,74.125.24.0-255,2902,60681,42,179217
29884,0.000596,172.31.46.0-255,66,60747,42,179217
29885,0.000602,74.125.24.0-255,5738,66485,42,179217
29886,0.000604,172.31.46.0-255,66,66551,42,179217
29887,0.000643,172.31.46.0-255,66,66617,42,179217
29888,0.000656,172.31.46.0-255,66,66683,42,179217
29889,0.000748,74.125.24.0-255,1484,68167,42,179217
29890,0.000753,74.125.24.0-255,2902,71069,42,179217
29891,0.000757,172.31.46.0-255,66,71135,42,179217
29892,0.000763,74.125.24.0-255,5738,76873,42,179217
29893,0.000765,172.31.46.0-255,66,76939,42,179217
29894,0.000771,74.125.24.0-255,4320,81259,42,179217
29895,0.000773,172.31.46.0-255,66,81325,42,179217
29896,0.000808,172.31.46.0-255,66,81391,42,179217
29897,0.00082,172.31.46.0-255,66,81457,42,179217
29898,0.000898,74.125.24.0-255,1484,82941,42,179217
29899,0.000905,74.125.24.0-255,2902,85843,42,179217
29900,0.000909,172.31.46.0-255,66,85909,42,179217
29901,0.000929,74.125.24.0-255,5738,91647,42,179217
29902,0.000932,172.31.46.0-255,66,91713,42,179217
29903,0.00096,172.31.46.0-255,66,91779,42,179217
29904,0.000996,74.125.24.0-255,4320,96099,42,179217
29905,0.000999,172.31.46.0-255,66,96165,42,179217
29906,0.001021,74.125.24.0-255,6438,102603,42,179217
29907,0.001024,172.31.46.0-255,66,102669,42,179217
29908,0.001382,74.125.24.0-255,1484,104153,42,179217
29909,0.001389,74.125.24.0-255,2902,107055,42,179217
29910,0.001394,172.31.46.0-255,66,107121,42,179217
29911,0.001398,74.125.24.0-255,1484,108605,42,179217
29912,0.001418,74.125.24.0-255,5738,114343,42,179217
29913,0.001421,172.31.46.0-255,66,114409,42,179217
29914,0.001425,74.125.24.0-255,2902,117311,42,179217
29915,0.001427,172.31.46.0-255,66,117377,42,179217
29916,0.001452,172.31.46.0-255,66,117443,42,179217
29917,0.001492,74.125.24.0-255,5738,123181,42,179217
29918,0.001496,172.31.46.0-255,66,123247,42,179217
29919,0.001515,74.125.24.0-255,3602,126849,42,179217
29920,0.001519,172.31.46.0-255,66,126915,42,179217
29921,0.003485,74.125.24.0-255,1484,128399,42,179217
29922,0.00352,74.125.24.0-255,4320,132719,42,179217
29923,0.003524,172.31.46.0-255,66,132785,42,179217
29924,0.005537,74.125.24.0-255,5738,138523,42,179217
29925,0.005543,172.31.46.0-255,66,138589,42,179217
29926,0.007556,74.125.24.0-255,5738,144327,42,179217
29927,0.007561,172.31.46.0-255,66,144393,42,179217
29928,0.009593,74.125.24.0-255,5738,150131,42,179217
29929,0.009603,172.31.46.0-255,66,150197,42,179217
29930,0.011625,74.125.24.0-255,5738,155935,42,179217
29931,0.011633,172.31.46.0-255,66,156001,42,179217
29932,0.013638,74.125.24.0-255,5738,161739,42,179217
29933,0.013647,172.31.46.0-255,66,161805,42,179217
29934,0.015663,74.125.24.0-255,5738,167543,42,179217
29935,0.01567,172.31.46.0-255,66,167609,42,179217
29936,0.017706,74.125.24.0-255,5738,173347,42,179217
29937,0.017714,172.31.46.0-255,66,173413,42,179217
29938,0.019733,74.125.24.0-255,5738,179151,42,179217
29939,0.019741,172.31.46.0-255,66,179217,42,179217
29940,0.0,172.217.160.0-255,153,153,42,208819
29941,2.4e-05,172.31.46.0-255,66,219,42,208819
29942,3.1e-05,172.217.160.0-255,1484,1703,42,208819
29943,3.5e-05,172.31.46.0-255,66,1769,42,208819
29944,4.2e-05,172.217.160.0-255,2902,4671,42,208819
29945,4.6e-05,172.31.46.0-255,66,4737,42,208819
29946,5.4e-05,172.217.160.0-255,7156,11893,42,208819
29947,5.7e-05,172.31.46.0-255,66,11959,42,208819
29948,7.5e-05,172.31.46.0-255,66,12025,42,208819
29949,7.9e-05,172.217.160.0-255,2543,14568,42,208819
29950,8.2e-05,172.31.46.0-255,66,14634,42,208819
29951,0.000124,172.217.160.0-255,4320,18954,42,208819
29952,0.000127,172.31.46.0-255,66,19020,42,208819
29953,0.000133,172.217.160.0-255,5738,24758,42,208819
29954,0.000135,172.31.46.0-255,66,24824,42,208819
29955,0.000155,172.217.160.0-255,2902,27726,42,208819
29956,0.000157,172.31.46.0-255,66,27792,42,208819
29957,0.000184,172.217.160.0-255,3961,31753,42,208819
29958,0.000187,172.31.46.0-255,66,31819,42,208819
29959,0.000223,172.217.160.0-255,5738,37557,42,208819
29960,0.000226,172.31.46.0-255,66,37623,42,208819
29961,0.000233,172.217.160.0-255,7156,44779,42,208819
29962,0.000235,172.31.46.0-255,66,44845,42,208819
29963,0.000264,172.217.160.0-255,3961,48806,42,208819
29964,0.000266,172.31.46.0-255,66,48872,42,208819
29965,0.000293,172.217.160.0-255,374,49246,42,208819
29966,0.000296,172.31.46.0-255,66,49312,42,208819
29967,0.001004,172.217.160.0-255,1484,50796,42,208819
29968,0.00101,172.31.46.0-255,66,50862,42,208819
29969,0.001018,172.217.160.0-255,2902,53764,42,208819
29970,0.00102,172.31.46.0-255,66,53830,42,208819
29971,0.001027,172.217.160.0-255,5738,59568,42,208819
29972,0.00103,172.31.46.0-255,66,59634,42,208819
29973,0.001064,172.217.160.0-255,2902,62536,42,208819
29974,0.001067,172.31.46.0-255,66,62602,42,208819
29975,0.001094,172.31.46.0-255,66,62668,42,208819
29976,0.001107,172.31.46.0-255,66,62734,42,208819
29977,0.00111,172.217.160.0-255,1125,63859,42,208819
29978,0.001151,172.217.160.0-255,1484,65343,42,208819
29979,0.001154,172.31.46.0-255,66,65409,42,208819
29980,0.001161,172.217.160.0-255,4320,69729,42,208819
29981,0.001163,172.31.46.0-255,66,69795,42,208819
29982,0.001174,172.31.46.0-255,66,69861,42,208819
29983,0.001177,172.217.160.0-255,457,70318,42,208819
29984,0.001206,172.217.160.0-255,765,71083,42,208819
29985,0.001272,172.217.160.0-255,1484,72567,42,208819
29986,0.001276,172.31.46.0-255,66,72633,42,208819
29987,0.00129,172.217.160.0-255,2902,75535,42,208819
29988,0.001293,172.31.46.0-255,66,75601,42,208819
29989,0.001299,172.217.160.0-255,5738,81339,42,208819
29990,0.001301,172.31.46.0-255,66,81405,42,208819
29991,0.001321,172.217.160.0-255,5738,87143,42,208819
29992,0.001323,172.31.46.0-255,66,87209,42,208819
29993,0.001339,172.217.160.0-255,7156,94365,42,208819
29994,0.001343,172.31.46.0-255,66,94431,42,208819
29995,0.001349,172.217.160.0-255,5738,100169,42,208819
29996,0.001351,172.31.46.0-255,66,100235,42,208819
29997,0.001397,172.217.160.0-255,5020,105255,42,208819
29998,0.001401,172.31.46.0-255,66,105321,42,208819
29999,0.001453,172.217.160.0-255,1484,106805,42,208819
30000,0.001459,172.217.160.0-255,2902,109707,42,208819
30001,0.001462,172.31.46.0-255,66,109773,42,208819
30002,0.001467,172.217.160.0-255,2902,112675,42,208819
30003,0.001469,172.31.46.0-255,66,112741,42,208819
30004,0.00149,172.217.160.0-255,2902,115643,42,208819
30005,0.001494,172.31.46.0-255,66,115709,42,208819
30006,0.001499,172.217.160.0-255,5738,121447,42,208819
30007,0.001502,172.31.46.0-255,66,121513,42,208819
30008,0.001509,172.217.160.0-255,5738,127251,42,208819
30009,0.001511,172.31.46.0-255,66,127317,42,208819
30010,0.00154,172.217.160.0-255,7156,134473,42,208819
30011,0.001543,172.31.46.0-255,66,134539,42,208819
30012,0.001548,172.217.160.0-255,5020,139559,42,208819
30013,0.00155,172.31.46.0-255,66,139625,42,208819
30014,0.001647,172.217.160.0-255,1484,141109,42,208819
30015,0.001653,172.217.160.0-255,1484,142593,42,208819
30016,0.001656,172.31.46.0-255,66,142659,42,208819
30017,0.001675,172.217.160.0-255,1484,144143,42,208819
30018,0.001682,172.217.160.0-255,5738,149881,42,208819
30019,0.001685,172.31.46.0-255,66,149947,42,208819
30020,0.001696,172.31.46.0-255,66,150013,42,208819
30021,0.001779,172.31.46.0-255,66,150079,42,208819
30022,0.001797,172.217.160.0-255,6438,156517,42,208819
30023,0.0018,172.31.46.0-255,66,156583,42,208819
30024,0.003727,172.217.160.0-255,5738,162321,42,208819
30025,0.003734,172.31.46.0-255,66,162387,42,208819
30026,0.005647,172.217.160.0-255,5738,168125,42,208819
30027,0.005652,172.31.46.0-255,66,168191,42,208819
30028,0.007569,172.217.160.0-255,5738,173929,42,208819
30029,0.007574,172.31.46.0-255,66,173995,42,208819
30030,0.009491,172.217.160.0-255,5738,179733,42,208819
30031,0.009497,172.31.46.0-255,66,179799,42,208819
30032,0.011409,172.217.160.0-255,5738,185537,42,208819
30033,0.011416,172.31.46.0-255,66,185603,42,208819
30034,0.013345,172.217.160.0-255,5738,191341,42,208819
30035,0.013351,172.31.46.0-255,66,191407,42,208819
30036,0.015283,172.217.160.0-255,5738,197145,42,208819
30037,0.01529,172.31.46.0-255,66,197211,42,208819
30038,0.017223,172.217.160.0-255,5738,202949,42,208819
30039,0.01723,172.31.46.0-255,66,203015,42,208819
30040,0.019159,172.217.160.0-255,5738,208753,42,208819
30041,0.019169,172.31.46.0-255,66,208819,42,208819
30042,0.0,74.125.24.0-255,153,153,42,182643
30043,2.4e-05,172.31.46.0-255,66,219,42,182643
30044,3.1e-05,74.125.24.0-255,1484,1703,42,182643
30045,3.6e-05,172.31.46.0-255,66,1769,42,182643
30046,4.2e-05,74.125.24.0-255,2902,4671,42,182643
30047,4.5e-05,172.31.46.0-255,66,4737,42,182643
30048,5.4e-05,74.125.24.0-255,7156,11893,42,182643
30049,5.7e-05,172.31.46.0-255,66,11959,42,182643
30050,6.1e-05,74.125.24.0-255,1978,13937,42,182643
30051,6.4e-05,172.31.46.0-255,66,14003,42,182643
30052,7.8e-05,172.31.46.0-255,66,14069,42,182643
30053,8.3e-05,74.125.24.0-255,2902,16971,42,182643
30054,8.6e-05,172.31.46.0-255,66,17037,42,182643
30055,0.000109,74.125.24.0-255,2543,19580,42,182643
30056,0.000113,172.31.46.0-255,66,19646,42,182643
30057,0.000191,74.125.24.0-255,1484,21130,42,182643
30058,0.000194,172.31.46.0-255,66,21196,42,182643
30059,0.000199,74.125.24.0-255,2902,24098,42,182643
30060,0.000202,172.31.46.0-255,66,24164,42,182643
30061,0.000213,74.125.24.0-255,1484,25648,42,182643
30062,0.000216,172.31.46.0-255,66,25714,42,182643
30063,0.000246,74.125.24.0-255,4320,30034,42,182643
30064,0.000249,172.31.46.0-255,66,30100,42,182643
30065,0.000257,74.125.24.0-255,6797,36897,42,182643
30066,0.000259,172.31.46.0-255,66,36963,42,182643
30067,0.000297,172.31.46.0-255,66,37029,42,182643
30068,0.000318,74.125.24.0-255,5738,42767,42,182643
30069,0.000321,172.31.46.0-255,66,42833,42,182643
30070,0.000326,74.125.24.0-255,2543,45376,42,182643
30071,0.000328,172.31.46.0-255,66,45442,42,182643
30072,0.000481,74.125.24.0-255,395,45837,42,182643
30073,0.000528,74.125.24.0-255,349,46186,42,182643
30074,0.000562,74.125.24.0-255,1484,47670,42,182643
30075,0.000566,172.31.46.0-255,66,47736,42,182643
30076,0.00057,74.125.24.0-255,1484,49220,42,182643
30077,0.000588,74.125.24.0-255,2902,52122,42,182643
30078,0.000591,172.31.46.0-255,66,52188,42,182643
30079,0.000595,74.125.24.0-255,2902,55090,42,182643
30080,0.000597,172.31.46.0-255,66,55156,42,182643
30081,0.000634,74.125.24.0-255,4320,59476,42,182643
30082,0.000638,172.31.46.0-255,66,59542,42,182643
30083,0.000657,74.125.24.0-255,3411,62953,42,182643
30084,0.00066,172.31.46.0-255,66,63019,42,182643
30085,0.000912,74.125.24.0-255,1484,64503,42,182643
30086,0.000929,74.125.24.0-255,2902,67405,42,182643
30087,0.000932,172.31.46.0-255,66,67471,42,182643
30088,0.00094,74.125.24.0-255,5738,73209,42,182643
30089,0.000942,172.31.46.0-255,66,73275,42,182643
30090,0.000945,74.125.24.0-255,1484,74759,42,182643
30091,0.000971,74.125.24.0-255,5738,80497,42,182643
30092,0.000974,172.31.46.0-255,66,80563,42,182643
30093,0.001017,74.125.24.0-255,7156,87719,42,182643
30094,0.001019,172.31.46.0-255,66,87785,42,182643
30095,0.001043,74.125.24.0-255,7156,94941,42,182643
30096,0.001046,172.31.46.0-255,66,95007,42,182643
30097,0.00105,74.125.24.0-255,2184,97191,42,182643
30098,0.001052,172.31.46.0-255,66,97257,42,182643
30099,0.001789,74.125.24.0-255,1484,98741,42,182643
30100,0.001799,74.125.24.0-255,2902,101643,42,182643
30101,0.001803,172.31.46.0-255,66,101709,42,182643
30102,0.00183,74.125.24.0-255,5738,107447,42,182643
30103,0.001832,172.31.46.0-255,66,107513,42,182643
30104,0.00184,74.125.24.0-255,7156,114669,42,182643
30105,0.001842,172.31.46.0-255,66,114735,42,182643
30106,0.001857,74.125.24.0-255,5738,120473,42,182643
30107,0.001859,172.31.46.0-255,66,120539,42,182643
30108,0.001869,172.31.46.0-255,66,120605,42,182643
30109,0.001894,74.125.24.0-255,2184,122789,42,182643
30110,0.001897,172.31.46.0-255,66,122855,42,182643
30111,0.001954,74.125.24.0-255,1484,124339,42,182643
30112,0.00196,74.125.24.0-255,2902,127241,42,182643
30113,0.001962,172.31.46.0-255,66,127307,42,182643
30114,0.001985,74.125.24.0-255,5738,133045,42,182643
30115,0.001988,172.31.46.0-255,66,133111,42,182643
30116,0.002001,74.125.24.0-255,1484,134595,42,182643
30117,0.002023,172.31.46.0-255,66,134661,42,182643
30118,0.002026,74.125.24.0-255,1484,136145,42,182643
30119,0.002053,172.31.46.0-255,66,136211,42,182643
30120,0.00409,74.125.24.0-255,5738,141949,42,182643
30121,0.004097,172.31.46.0-255,66,142015,42,182643
30122,0.00614,74.125.24.0-255,5738,147753,42,182643
30123,0.006143,172.31.46.0-255,66,147819,42,182643
30124,0.008175,74.125.24.0-255,5738,153557,42,182643
30125,0.008181,172.31.46.0-255,66,153623,42,182643
30126,0.010207,74.125.24.0-255,5738,159361,42,182643
30127,0.010215,172.31.46.0-255,66,159427,42,182643
30128,0.012226,74.125.24.0-255,5738,165165,42,182643
30129,0.012234,172.31.46.0-255,66,165231,42,182643
30130,0.014256,74.125.24.0-255,5738,170969,42,182643
30131,0.014264,172.31.46.0-255,66,171035,42,182643
30132,0.016301,74.125.24.0-255,5738,176773,42,182643
30133,0.016311,172.31.46.0-255,66,176839,42,182643
30134,0.018342,74.125.24.0-255,5738,182577,42,182643
30135,0.01835,172.31.46.0-255,66,182643,42,182643
30136,0.0,74.125.24.0-255,153,153,42,129699
30137,2.5e-05,172.31.46.0-255,66,219,42,129699
30138,3.2e-05,74.125.24.0-255,1484,1703,42,129699
30139,3.6e-05,172.31.46.0-255,66,1769,42,129699
30140,4.2e-05,74.125.24.0-255,2902,4671,42,129699
30141,4.5e-05,172.31.46.0-255,66,4737,42,129699
30142,5.4e-05,74.125.24.0-255,7156,11893,42,129699
30143,5.7e-05,172.31.46.0-255,66,11959,42,129699
30144,6.1e-05,74.125.24.0-255,1991,13950,42,129699
30145,6.5e-05,172.31.46.0-255,66,14016,42,129699
30146,0.000165,74.125.24.0-255,1484,15500,42,129699
30147,0.000169,172.31.46.0-255,66,15566,42,129699
30148,0.000174,74.125.24.0-255,2902,18468,42,129699
30149,0.000176,172.31.46.0-255,66,18534,42,129699
30150,0.000179,74.125.24.0-255,1484,20018,42,129699
30151,0.000181,172.31.46.0-255,66,20084,42,129699
30152,0.000209,74.125.24.0-255,4320,24404,42,129699
30153,0.000212,172.31.46.0-255,66,24470,42,129699
30154,0.000218,74.125.24.0-255,4320,28790,42,129699
30155,0.00022,172.31.46.0-255,66,28856,42,129699
30156,0.000232,74.125.24.0-255,1484,30340,42,129699
30157,0.000234,172.31.46.0-255,66,30406,42,129699
30158,0.000261,172.31.46.0-255,66,30472,42,129699
30159,0.000268,74.125.24.0-255,6797,37269,42,129699
30160,0.000271,172.31.46.0-255,66,37335,42,129699
30161,0.000983,74.125.24.0-255,1484,38819,42,129699
30162,0.00099,172.31.46.0-255,66,38885,42,129699
30163,0.000999,74.125.24.0-255,2902,41787,42,129699
30164,0.001001,172.31.46.0-255,66,41853,42,129699
30165,0.001008,74.125.24.0-255,4320,46173,42,129699
30166,0.00101,172.31.46.0-255,66,46239,42,129699
30167,0.001031,74.125.24.0-255,1484,47723,42,129699
30168,0.001066,74.125.24.0-255,4320,52043,42,129699
30169,0.001069,172.31.46.0-255,66,52109,42,129699
30170,0.001089,74.125.24.0-255,3123,55232,42,129699
30171,0.001091,172.31.46.0-255,66,55298,42,129699
30172,0.001097,74.125.24.0-255,4320,59618,42,129699
30173,0.001099,172.31.46.0-255,66,59684,42,129699
30174,0.001129,74.125.24.0-255,4320,64004,42,129699
30175,0.001132,172.31.46.0-255,66,64070,42,129699
30176,0.001142,172.31.46.0-255,66,64136,42,129699
30177,0.001865,74.125.24.0-255,1484,65620,42,129699
30178,0.001874,74.125.24.0-255,2902,68522,42,129699
30179,0.001879,172.31.46.0-255,66,68588,42,129699
30180,0.001903,74.125.24.0-255,5738,74326,42,129699
30181,0.001905,172.31.46.0-255,66,74392,42,129699
30182,0.001932,74.125.24.0-255,2902,77294,42,129699
30183,0.001934,172.31.46.0-255,66,77360,42,129699
30184,0.001955,74.125.24.0-255,3961,81321,42,129699
30185,0.001957,172.31.46.0-255,66,81387,42,129699
30186,0.002029,74.125.24.0-255,1484,82871,42,129699
30187,0.002042,74.125.24.0-255,2902,85773,42,129699
30188,0.002045,172.31.46.0-255,66,85839,42,129699
30189,0.002086,74.125.24.0-255,5738,91577,42,129699
30190,0.002088,172.31.46.0-255,66,91643,42,129699
30191,0.0021,172.31.46.0-255,66,91709,42,129699
30192,0.002115,74.125.24.0-255,2902,94611,42,129699
30193,0.002117,172.31.46.0-255,66,94677,42,129699
30194,0.002132,74.125.24.0-255,1484,96161,42,129699
30195,0.00216,172.31.46.0-255,66,96227,42,129699
30196,0.004727,74.125.24.0-255,4320,100547,42,129699
30197,0.004732,172.31.46.0-255,66,100613,42,129699
30198,0.004749,74.125.24.0-255,1484,102097,42,129699
30199,0.007285,74.125.24.0-255,4320,106417,42,129699
30200,0.007291,172.31.46.0-255,66,106483,42,129699
30201,0.009864,74.125.24.0-255,5738,112221,42,129699
30202,0.009873,172.31.46.0-255,66,112287,42,129699
30203,0.012437,74.125.24.0-255,5738,118025,42,129699
30204,0.012444,172.31.46.0-255,66,118091,42,129699
30205,0.015036,74.125.24.0-255,5738,123829,42,129699
30206,0.015055,172.31.46.0-255,66,123895,42,129699
30207,0.017662,74.125.24.0-255,5738,129633,42,129699
30208,0.01768,172.31.46.0-255,66,129699,42,129699
30209,0.0,74.125.24.0-255,146,146,42,196513
30210,2.1e-05,172.31.46.0-255,66,212,42,196513
30211,2.8e-05,74.125.24.0-255,1484,1696,42,196513
30212,3.3e-05,172.31.46.0-255,66,1762,42,196513
30213,3.8e-05,74.125.24.0-255,2902,4664,42,196513
30214,4.1e-05,172.31.46.0-255,66,4730,42,196513
30215,4.4e-05,74.125.24.0-255,1484,6214,42,196513
30216,4.8e-05,172.31.46.0-255,66,6280,42,196513
30217,7.1e-05,74.125.24.0-255,5738,12018,42,196513
30218,7.4e-05,172.31.46.0-255,66,12084,42,196513
30219,8.1e-05,74.125.24.0-255,7156,19240,42,196513
30220,8.4e-05,172.31.46.0-255,66,19306,42,196513
30221,0.000113,74.125.24.0-255,2043,21349,42,196513
30222,0.000115,172.31.46.0-255,66,21415,42,196513
30223,0.000126,172.31.46.0-255,66,21481,42,196513
30224,0.000134,74.125.24.0-255,7156,28637,42,196513
30225,0.000136,172.31.46.0-255,66,28703,42,196513
30226,0.000179,74.125.24.0-255,4320,33023,42,196513
30227,0.000183,172.31.46.0-255,66,33089,42,196513
30228,0.000194,74.125.24.0-255,5020,38109,42,196513
30229,0.000196,172.31.46.0-255,66,38175,42,196513
30230,0.000201,74.125.24.0-255,4320,42495,42,196513
30231,0.000203,172.31.46.0-255,66,42561,42,196513
30232,0.000224,74.125.24.0-255,5738,48299,42,196513
30233,0.000226,172.31.46.0-255,66,48365,42,196513
30234,0.000234,74.125.24.0-255,7134,55499,42,196513
30235,0.000236,172.31.46.0-255,66,55565,42,196513
30236,0.000293,74.125.24.0-255,1484,57049,42,196513
30237,0.000296,172.31.46.0-255,66,57115,42,196513
30238,0.000302,74.125.24.0-255,2902,60017,42,196513
30239,0.000303,172.31.46.0-255,66,60083,42,196513
30240,0.000315,74.125.24.0-255,1484,61567,42,196513
30241,0.000334,74.125.24.0-255,4320,65887,42,196513
30242,0.000336,172.31.46.0-255,66,65953,42,196513
30243,0.000341,74.125.24.0-255,4320,70273,42,196513
30244,0.000344,172.31.46.0-255,66,70339,42,196513
30245,0.000361,74.125.24.0-255,5738,76077,42,196513
30246,0.000364,172.31.46.0-255,66,76143,42,196513
30247,0.000393,172.31.46.0-255,66,76209,42,196513
30248,0.000439,74.125.24.0-255,1484,77693,42,196513
30249,0.000443,74.125.24.0-255,2902,80595,42,196513
30250,0.000445,172.31.46.0-255,66,80661,42,196513
30251,0.000466,74.125.24.0-255,5738,86399,42,196513
30252,0.000469,172.31.46.0-255,66,86465,42,196513
30253,0.000472,74.125.24.0-255,1484,87949,42,196513
30254,0.000507,172.31.46.0-255,66,88015,42,196513
30255,0.000526,74.125.24.0-255,1484,89499,42,196513
30256,0.000556,172.31.46.0-255,66,89565,42,196513
30257,0.000567,74.125.24.0-255,1484,91049,42,196513
30258,0.00059,74.125.24.0-255,2902,93951,42,196513
30259,0.000592,172.31.46.0-255,66,94017,42,196513
30260,0.000598,74.125.24.0-255,5738,99755,42,196513
30261,0.000601,172.31.46.0-255,66,99821,42,196513
30262,0.000623,74.125.24.0-255,4320,104141,42,196513
30263,0.000626,172.31.46.0-255,66,104207,42,196513
30264,0.000653,172.31.46.0-255,66,104273,42,196513
30265,0.000663,172.31.46.0-255,66,104339,42,196513
30266,0.000677,74.125.24.0-255,2184,106523,42,196513
30267,0.000679,172.31.46.0-255,66,106589,42,196513
30268,0.000734,74.125.24.0-255,1484,108073,42,196513
30269,0.000739,74.125.24.0-255,2902,110975,42,196513
30270,0.000742,172.31.46.0-255,66,111041,42,196513
30271,0.000745,74.125.24.0-255,1484,112525,42,196513
30272,0.000764,74.125.24.0-255,4320,116845,42,196513
30273,0.000767,172.31.46.0-255,66,116911,42,196513
30274,0.00077,74.125.24.0-255,1484,118395,42,196513
30275,0.0008,172.31.46.0-255,66,118461,42,196513
30276,0.000822,74.125.24.0-255,1484,119945,42,196513
30277,0.000833,172.31.46.0-255,66,120011,42,196513
30278,0.000848,74.125.24.0-255,5738,125749,42,196513
30279,0.000851,172.31.46.0-255,66,125815,42,196513
30280,0.00089,172.31.46.0-255,66,125881,42,196513
30281,0.000895,74.125.24.0-255,2902,128783,42,196513
30282,0.000897,172.31.46.0-255,66,128849,42,196513
30283,0.00092,172.31.46.0-255,66,128915,42,196513
30284,0.001086,74.125.24.0-255,1484,130399,42,196513
30285,0.001091,74.125.24.0-255,1484,131883,42,196513
30286,0.001094,172.31.46.0-255,66,131949,42,196513
30287,0.001114,74.125.24.0-255,1484,133433,42,196513
30288,0.001121,74.125.24.0-255,5738,139171,42,196513
30289,0.001123,172.31.46.0-255,66,139237,42,196513
30290,0.001129,74.125.24.0-255,4320,143557,42,196513
30291,0.00113,172.31.46.0-255,66,143623,42,196513
30292,0.001157,172.31.46.0-255,66,143689,42,196513
30293,0.001191,74.125.24.0-255,2184,145873,42,196513
30294,0.001196,172.31.46.0-255,66,145939,42,196513
30295,0.001285,74.125.24.0-255,1484,147423,42,196513
30296,0.001289,74.125.24.0-255,1484,148907,42,196513
30297,0.001295,172.31.46.0-255,66,148973,42,196513
30298,0.001303,74.125.24.0-255,1484,150457,42,196513
30299,0.001311,74.125.24.0-255,5738,156195,42,196513
30300,0.001365,74.125.24.0-255,5738,161933,42,196513
30301,0.001374,172.31.46.0-255,66,161999,42,196513
30302,0.001385,74.125.24.0-255,7156,169155,42,196513
30303,0.001401,172.31.46.0-255,66,169221,42,196513
30304,0.00141,74.125.24.0-255,2902,172123,42,196513
30305,0.001453,74.125.24.0-255,1484,173607,42,196513
30306,0.001459,74.125.24.0-255,4320,177927,42,196513
30307,0.001492,172.31.46.0-255,66,177993,42,196513
30308,0.001508,74.125.24.0-255,6438,184431,42,196513
30309,0.001534,74.125.24.0-255,4320,188751,42,196513
30310,0.001537,172.31.46.0-255,66,188817,42,196513
30311,0.001542,172.31.46.0-255,66,188883,42,196513
30312,0.00158,172.31.46.0-255,66,188949,42,196513
30313,0.00162,74.125.24.0-255,7156,196105,42,196513
30314,0.00163,172.31.46.0-255,66,196171,42,196513
30315,0.001663,74.125.24.0-255,105,196276,42,196513
30316,0.001689,172.31.46.0-255,66,196342,42,196513
30317,0.016642,172.31.46.0-255,105,196447,42,196513
30318,0.018894,74.125.24.0-255,66,196513,42,196513
30319,0.0,172.253.118.0-255,153,153,42,110337
30320,1.2e-05,172.31.46.0-255,66,219,42,110337
30321,1.8e-05,172.253.118.0-255,1484,1703,42,110337
30322,2.2e-05,172.31.46.0-255,66,1769,42,110337
30323,3.4e-05,172.253.118.0-255,2902,4671,42,110337
30324,3.8e-05,172.31.46.0-255,66,4737,42,110337
30325,8.6e-05,172.253.118.0-255,4320,9057,42,110337
30326,9e-05,172.31.46.0-255,66,9123,42,110337
30327,0.00015,172.253.118.0-255,1484,10607,42,110337
30328,0.000154,172.31.46.0-255,66,10673,42,110337
30329,0.000186,172.253.118.0-255,3440,14113,42,110337
30330,0.000189,172.31.46.0-255,66,14179,42,110337
30331,0.000231,172.253.118.0-255,2902,17081,42,110337
30332,0.000234,172.31.46.0-255,66,17147,42,110337
30333,0.000279,172.253.118.0-255,2902,20049,42,110337
30334,0.000283,172.31.46.0-255,66,20115,42,110337
30335,0.000315,172.253.118.0-255,7156,27271,42,110337
30336,0.000318,172.31.46.0-255,66,27337,42,110337
30337,0.00049,172.31.46.0-255,66,27403,42,110337
30338,0.000521,172.31.46.0-255,66,27469,42,110337
30339,0.001267,172.253.118.0-255,1484,28953,42,110337
30340,0.001275,172.31.46.0-255,66,29019,42,110337
30341,0.001285,172.253.118.0-255,2902,31921,42,110337
30342,0.001287,172.31.46.0-255,66,31987,42,110337
30343,0.00133,172.253.118.0-255,5738,37725,42,110337
30344,0.001333,172.31.46.0-255,66,37791,42,110337
30345,0.001447,172.253.118.0-255,6797,44588,42,110337
30346,0.001451,172.31.46.0-255,66,44654,42,110337
30347,0.001534,172.253.118.0-255,648,45302,42,110337
30348,0.001547,172.253.118.0-255,4320,49622,42,110337
30349,0.001552,172.31.46.0-255,66,49688,42,110337
30350,0.00157,172.253.118.0-255,5738,55426,42,110337
30351,0.001597,172.31.46.0-255,66,55492,42,110337
30352,0.001713,172.253.118.0-255,4320,59812,42,110337
30353,0.001717,172.31.46.0-255,66,59878,42,110337
30354,0.001744,172.253.118.0-255,2543,62421,42,110337
30355,0.001765,172.31.46.0-255,66,62487,42,110337
30356,0.001851,172.253.118.0-255,7156,69643,42,110337
30357,0.001882,172.31.46.0-255,66,69709,42,110337
30358,0.004201,172.253.118.0-255,5738,75447,42,110337
30359,0.004218,172.31.46.0-255,66,75513,42,110337
30360,0.006523,172.253.118.0-255,5738,81251,42,110337
30361,0.00653,172.31.46.0-255,66,81317,42,110337
30362,0.008811,172.253.118.0-255,5738,87055,42,110337
30363,0.008821,172.31.46.0-255,66,87121,42,110337
30364,0.011095,172.253.118.0-255,5738,92859,42,110337
30365,0.011104,172.31.46.0-255,66,92925,42,110337
30366,0.013382,172.253.118.0-255,5738,98663,42,110337
30367,0.013388,172.31.46.0-255,66,98729,42,110337
30368,0.015671,172.253.118.0-255,5738,104467,42,110337
30369,0.015679,172.31.46.0-255,66,104533,42,110337
30370,0.017944,172.253.118.0-255,5738,110271,42,110337
30371,0.017953,172.31.46.0-255,66,110337,42,110337
30372,0.0,172.217.27.0-255,146,146,42,132012
30373,1.6e-05,172.31.46.0-255,66,212,42,132012
30374,2.4e-05,172.217.27.0-255,1484,1696,42,132012
30375,2.8e-05,172.31.46.0-255,66,1762,42,132012
30376,4.2e-05,172.217.27.0-255,2902,4664,42,132012
30377,4.5e-05,172.31.46.0-255,66,4730,42,132012
30378,5e-05,172.217.27.0-255,2902,7632,42,132012
30379,5.3e-05,172.31.46.0-255,66,7698,42,132012
30380,6e-05,172.217.27.0-255,4320,12018,42,132012
30381,6.3e-05,172.31.46.0-255,66,12084,42,132012
30382,6.6e-05,172.217.27.0-255,1938,14022,42,132012
30383,6.9e-05,172.31.46.0-255,66,14088,42,132012
30384,0.00028,172.217.27.0-255,1484,15572,42,132012
30385,0.000285,172.31.46.0-255,66,15638,42,132012
30386,0.000314,172.217.27.0-255,1484,17122,42,132012
30387,0.000317,172.31.46.0-255,66,17188,42,132012
30388,0.000334,172.217.27.0-255,1484,18672,42,132012
30389,0.000337,172.31.46.0-255,66,18738,42,132012
30390,0.000345,172.217.27.0-255,5738,24476,42,132012
30391,0.000347,172.31.46.0-255,66,24542,42,132012
30392,0.000354,172.217.27.0-255,6797,31339,42,132012
30393,0.000357,172.31.46.0-255,66,31405,42,132012
30394,0.000927,172.217.27.0-255,1484,32889,42,132012
30395,0.000933,172.217.27.0-255,2902,35791,42,132012
30396,0.000939,172.217.27.0-255,4320,40111,42,132012
30397,0.000949,172.31.46.0-255,66,40177,42,132012
30398,0.000955,172.31.46.0-255,66,40243,42,132012
30399,0.000958,172.31.46.0-255,66,40309,42,132012
30400,0.000968,172.217.27.0-255,4320,44629,42,132012
30401,0.000971,172.31.46.0-255,66,44695,42,132012
30402,0.000976,172.217.27.0-255,3961,48656,42,132012
30403,0.000979,172.31.46.0-255,66,48722,42,132012
30404,0.001108,172.217.27.0-255,1484,50206,42,132012
30405,0.001116,172.217.27.0-255,2902,53108,42,132012
30406,0.001119,172.31.46.0-255,66,53174,42,132012
30407,0.001123,172.217.27.0-255,1484,54658,42,132012
30408,0.00115,172.217.27.0-255,4320,58978,42,132012
30409,0.001152,172.31.46.0-255,66,59044,42,132012
30410,0.00116,172.217.27.0-255,6797,65841,42,132012
30411,0.001163,172.31.46.0-255,66,65907,42,132012
30412,0.001358,172.217.27.0-255,393,66300,42,132012
30413,0.001424,172.217.27.0-255,350,66650,42,132012
30414,0.001473,172.31.46.0-255,66,66716,42,132012
30415,0.002805,172.217.27.0-255,2902,69618,42,132012
30416,0.002813,172.31.46.0-255,66,69684,42,132012
30417,0.003106,172.217.27.0-255,2902,72586,42,132012
30418,0.003109,172.31.46.0-255,66,72652,42,132012
30419,0.004456,172.217.27.0-255,2902,75554,42,132012
30420,0.00446,172.31.46.0-255,66,75620,42,132012
30421,0.00475,172.217.27.0-255,2902,78522,42,132012
30422,0.004756,172.31.46.0-255,66,78588,42,132012
30423,0.006099,172.217.27.0-255,2902,81490,42,132012
30424,0.006104,172.31.46.0-255,66,81556,42,132012
30425,0.006401,172.217.27.0-255,2902,84458,42,132012
30426,0.006406,172.31.46.0-255,66,84524,42,132012
30427,0.007754,172.217.27.0-255,2902,87426,42,132012
30428,0.007761,172.31.46.0-255,66,87492,42,132012
30429,0.008048,172.217.27.0-255,2902,90394,42,132012
30430,0.008054,172.31.46.0-255,66,90460,42,132012
30431,0.009414,172.217.27.0-255,2902,93362,42,132012
30432,0.009422,172.31.46.0-255,66,93428,42,132012
30433,0.0097,172.217.27.0-255,2902,96330,42,132012
30434,0.009707,172.31.46.0-255,66,96396,42,132012
30435,0.011075,172.217.27.0-255,2902,99298,42,132012
30436,0.011082,172.31.46.0-255,66,99364,42,132012
30437,0.011349,172.217.27.0-255,2902,102266,42,132012
30438,0.011356,172.31.46.0-255,66,102332,42,132012
30439,0.012784,172.217.27.0-255,2902,105234,42,132012
30440,0.012791,172.31.46.0-255,66,105300,42,132012
30441,0.013001,172.217.27.0-255,2902,108202,42,132012
30442,0.013005,172.31.46.0-255,66,108268,42,132012
30443,0.014435,172.217.27.0-255,2902,111170,42,132012
30444,0.014443,172.31.46.0-255,66,111236,42,132012
30445,0.014646,172.217.27.0-255,2902,114138,42,132012
30446,0.014652,172.31.46.0-255,66,114204,42,132012
30447,0.016106,172.217.27.0-255,2902,117106,42,132012
30448,0.016114,172.31.46.0-255,66,117172,42,132012
30449,0.016306,172.217.27.0-255,2902,120074,42,132012
30450,0.016312,172.31.46.0-255,66,120140,42,132012
30451,0.017762,172.217.27.0-255,2902,123042,42,132012
30452,0.017769,172.31.46.0-255,66,123108,42,132012
30453,0.017957,172.217.27.0-255,2902,126010,42,132012
30454,0.017961,172.31.46.0-255,66,126076,42,132012
30455,0.019412,172.217.27.0-255,2902,128978,42,132012
30456,0.019416,172.31.46.0-255,66,129044,42,132012
30457,0.019598,172.217.27.0-255,2902,131946,42,132012
30458,0.019602,172.31.46.0-255,66,132012,42,132012
30459,0.0,172.217.194.0-255,153,153,42,155724
30460,2.1e-05,172.31.46.0-255,66,219,42,155724
30461,2.8e-05,172.217.194.0-255,1484,1703,42,155724
30462,3.2e-05,172.31.46.0-255,66,1769,42,155724
30463,4.4e-05,172.217.194.0-255,2902,4671,42,155724
30464,4.8e-05,172.31.46.0-255,66,4737,42,155724
30465,5.2e-05,172.217.194.0-255,2902,7639,42,155724
30466,5.5e-05,172.31.46.0-255,66,7705,42,155724
30467,6e-05,172.217.194.0-255,2902,10607,42,155724
30468,6.3e-05,172.31.46.0-255,66,10673,42,155724
30469,9.3e-05,172.31.46.0-255,66,10739,42,155724
30470,0.000105,172.31.46.0-255,66,10805,42,155724
30471,0.00017,172.217.194.0-255,1484,12289,42,155724
30472,0.000173,172.31.46.0-255,66,12355,42,155724
30473,0.000177,172.217.194.0-255,2902,15257,42,155724
30474,0.000178,172.31.46.0-255,66,15323,42,155724
30475,0.000206,172.217.194.0-255,5738,21061,42,155724
30476,0.000208,172.31.46.0-255,66,21127,42,155724
30477,0.000242,172.31.46.0-255,66,21193,42,155724
30478,0.000254,172.31.46.0-255,66,21259,42,155724
30479,0.000276,172.217.194.0-255,397,21656,42,155724
30480,0.000278,172.31.46.0-255,66,21722,42,155724
30481,0.000488,172.217.194.0-255,1484,23206,42,155724
30482,0.000493,172.31.46.0-255,66,23272,42,155724
30483,0.000498,172.217.194.0-255,2902,26174,42,155724
30484,0.000501,172.31.46.0-255,66,26240,42,155724
30485,0.000503,172.217.194.0-255,1484,27724,42,155724
30486,0.000505,172.31.46.0-255,66,27790,42,155724
30487,0.000529,172.217.194.0-255,4320,32110,42,155724
30488,0.000531,172.31.46.0-255,66,32176,42,155724
30489,0.000574,172.31.46.0-255,66,32242,42,155724
30490,0.000602,172.217.194.0-255,2902,35144,42,155724
30491,0.000604,172.31.46.0-255,66,35210,42,155724
30492,0.000617,172.31.46.0-255,66,35276,42,155724
30493,0.000642,172.217.194.0-255,1484,36760,42,155724
30494,0.000657,172.217.194.0-255,2902,39662,42,155724
30495,0.00066,172.31.46.0-255,66,39728,42,155724
30496,0.000666,172.217.194.0-255,5738,45466,42,155724
30497,0.000668,172.31.46.0-255,66,45532,42,155724
30498,0.000718,172.31.46.0-255,66,45598,42,155724
30499,0.000729,172.31.46.0-255,66,45664,42,155724
30500,0.001105,172.217.194.0-255,1484,47148,42,155724
30501,0.00112,172.217.194.0-255,2902,50050,42,155724
30502,0.001123,172.31.46.0-255,66,50116,42,155724
30503,0.00113,172.217.194.0-255,5738,55854,42,155724
30504,0.001132,172.31.46.0-255,66,55920,42,155724
30505,0.001164,172.217.194.0-255,4320,60240,42,155724
30506,0.001167,172.31.46.0-255,66,60306,42,155724
30507,0.001201,172.31.46.0-255,66,60372,42,155724
30508,0.001212,172.31.46.0-255,66,60438,42,155724
30509,0.001214,172.217.194.0-255,766,61204,42,155724
30510,0.001256,172.217.194.0-255,1484,62688,42,155724
30511,0.001258,172.31.46.0-255,66,62754,42,155724
30512,0.001261,172.217.194.0-255,1484,64238,42,155724
30513,0.001267,172.217.194.0-255,4320,68558,42,155724
30514,0.001268,172.31.46.0-255,66,68624,42,155724
30515,0.001303,172.31.46.0-255,66,68690,42,155724
30516,0.001333,172.31.46.0-255,66,68756,42,155724
30517,0.001357,172.217.194.0-255,5020,73776,42,155724
30518,0.001359,172.31.46.0-255,66,73842,42,155724
30519,0.001381,172.217.194.0-255,1484,75326,42,155724
30520,0.001385,172.217.194.0-255,2902,78228,42,155724
30521,0.001387,172.31.46.0-255,66,78294,42,155724
30522,0.001414,172.217.194.0-255,5738,84032,42,155724
30523,0.001417,172.31.46.0-255,66,84098,42,155724
30524,0.001422,172.217.194.0-255,4320,88418,42,155724
30525,0.001424,172.31.46.0-255,66,88484,42,155724
30526,0.001442,172.217.194.0-255,5738,94222,42,155724
30527,0.001445,172.31.46.0-255,66,94288,42,155724
30528,0.001483,172.217.194.0-255,5738,100026,42,155724
30529,0.001486,172.31.46.0-255,66,100092,42,155724
30530,0.001496,172.31.46.0-255,66,100158,42,155724
30531,0.00159,172.217.194.0-255,1484,101642,42,155724
30532,0.001594,172.217.194.0-255,1484,103126,42,155724
30533,0.001598,172.31.46.0-255,66,103192,42,155724
30534,0.001623,172.217.194.0-255,1484,104676,42,155724
30535,0.001629,172.217.194.0-255,5738,110414,42,155724
30536,0.001632,172.31.46.0-255,66,110480,42,155724
30537,0.001639,172.217.194.0-255,7156,117636,42,155724
30538,0.001641,172.31.46.0-255,66,117702,42,155724
30539,0.001665,172.217.194.0-255,2902,120604,42,155724
30540,0.001668,172.31.46.0-255,66,120670,42,155724
30541,0.001673,172.217.194.0-255,4320,124990,42,155724
30542,0.001675,172.31.46.0-255,66,125056,42,155724
30543,0.001709,172.31.46.0-255,66,125122,42,155724
30544,0.001712,172.217.194.0-255,1484,126606,42,155724
30545,0.001753,172.217.194.0-255,2902,129508,42,155724
30546,0.001755,172.31.46.0-255,66,129574,42,155724
30547,0.00176,172.217.194.0-255,5738,135312,42,155724
30548,0.001762,172.31.46.0-255,66,135378,42,155724
30549,0.001778,172.31.46.0-255,66,135444,42,155724
30550,0.001788,172.31.46.0-255,66,135510,42,155724
30551,0.001825,172.217.194.0-255,5738,141248,42,155724
30552,0.001828,172.31.46.0-255,66,141314,42,155724
30553,0.001876,172.31.46.0-255,66,141380,42,155724
30554,0.001885,172.31.46.0-255,66,141446,42,155724
30555,0.001888,172.217.194.0-255,1484,142930,42,155724
30556,0.00192,172.31.46.0-255,66,142996,42,155724
30557,0.001945,172.217.194.0-255,7156,150152,42,155724
30558,0.001948,172.31.46.0-255,66,150218,42,155724
30559,0.001981,172.31.46.0-255,66,150284,42,155724
30560,0.001995,172.31.46.0-255,66,150350,42,155724
30561,0.002005,172.217.194.0-255,4966,155316,42,155724
30562,0.002006,172.31.46.0-255,66,155382,42,155724
30563,0.002025,172.217.194.0-255,105,155487,42,155724
30564,0.008777,172.31.46.0-255,66,155553,42,155724
30565,0.008816,172.31.46.0-255,105,155658,42,155724
30566,0.011097,172.217.194.0-255,66,155724,42,155724
30567,0.0,74.125.130.0-255,152,152,42,180155
30568,2.1e-05,172.31.46.0-255,66,218,42,180155
30569,2.7e-05,74.125.130.0-255,1484,1702,42,180155
30570,3.2e-05,172.31.46.0-255,66,1768,42,180155
30571,3.5e-05,74.125.130.0-255,1484,3252,42,180155
30572,3.9e-05,172.31.46.0-255,66,3318,42,180155
30573,6.6e-05,74.125.130.0-255,1484,4802,42,180155
30574,6.9e-05,172.31.46.0-255,66,4868,42,180155
30575,7.7e-05,74.125.130.0-255,5738,10606,42,180155
30576,8e-05,172.31.46.0-255,66,10672,42,180155
30577,0.000102,74.125.130.0-255,3464,14136,42,180155
30578,0.000105,172.31.46.0-255,66,14202,42,180155
30579,0.000176,74.125.130.0-255,1484,15686,42,180155
30580,0.000179,172.31.46.0-255,66,15752,42,180155
30581,0.000184,74.125.130.0-255,2902,18654,42,180155
30582,0.000186,172.31.46.0-255,66,18720,42,180155
30583,0.00021,74.125.130.0-255,5738,24458,42,180155
30584,0.000213,172.31.46.0-255,66,24524,42,180155
30585,0.000262,74.125.130.0-255,6797,31321,42,180155
30586,0.000266,172.31.46.0-255,66,31387,42,180155
30587,0.000324,74.125.130.0-255,2902,34289,42,180155
30588,0.000327,172.31.46.0-255,66,34355,42,180155
30589,0.00035,74.125.130.0-255,4320,38675,42,180155
30590,0.000353,172.31.46.0-255,66,38741,42,180155
30591,0.000398,74.125.130.0-255,5738,44479,42,180155
30592,0.000401,172.31.46.0-255,66,44545,42,180155
30593,0.000456,74.125.130.0-255,5738,50283,42,180155
30594,0.000459,172.31.46.0-255,66,50349,42,180155
30595,0.000479,74.125.130.0-255,3961,54310,42,180155
30596,0.000482,172.31.46.0-255,66,54376,42,180155
30597,0.000545,74.125.130.0-255,4320,58696,42,180155
30598,0.00055,172.31.46.0-255,66,58762,42,180155
30599,0.00057,74.125.130.0-255,6797,65559,42,180155
30600,0.000573,172.31.46.0-255,66,65625,42,180155
30601,0.000625,74.125.130.0-255,378,66003,42,180155
30602,0.000816,74.125.130.0-255,364,66367,42,180155
30603,0.001049,74.125.130.0-255,1484,67851,42,180155
30604,0.001054,172.31.46.0-255,66,67917,42,180155
30605,0.00106,74.125.130.0-255,2902,70819,42,180155
30606,0.001062,172.31.46.0-255,66,70885,42,180155
30607,0.001096,74.125.130.0-255,5738,76623,42,180155
30608,0.001099,172.31.46.0-255,66,76689,42,180155
30609,0.001132,74.125.130.0-255,2902,79591,42,180155
30610,0.001136,172.31.46.0-255,66,79657,42,180155
30611,0.001153,74.125.130.0-255,2902,82559,42,180155
30612,0.001156,172.31.46.0-255,66,82625,42,180155
30613,0.001171,74.125.130.0-255,1484,84109,42,180155
30614,0.001201,74.125.130.0-255,4320,88429,42,180155
30615,0.001204,172.31.46.0-255,66,88495,42,180155
30616,0.001225,74.125.130.0-255,4320,92815,42,180155
30617,0.00123,172.31.46.0-255,66,92881,42,180155
30618,0.001282,74.125.130.0-255,4320,97201,42,180155
30619,0.001286,172.31.46.0-255,66,97267,42,180155
30620,0.001308,74.125.130.0-255,3602,100869,42,180155
30621,0.001311,172.31.46.0-255,66,100935,42,180155
30622,0.001363,74.125.130.0-255,2902,103837,42,180155
30623,0.001367,172.31.46.0-255,66,103903,42,180155
30624,0.001395,74.125.130.0-255,4320,108223,42,180155
30625,0.001398,172.31.46.0-255,66,108289,42,180155
30626,0.001443,172.31.46.0-255,66,108355,42,180155
30627,0.00152,74.125.130.0-255,4320,112675,42,180155
30628,0.001524,172.31.46.0-255,66,112741,42,180155
30629,0.001564,172.31.46.0-255,66,112807,42,180155
30630,0.001586,74.125.130.0-255,3602,116409,42,180155
30631,0.001596,172.31.46.0-255,66,116475,42,180155
30632,0.001689,74.125.130.0-255,5738,122213,42,180155
30633,0.001693,172.31.46.0-255,66,122279,42,180155
30634,0.001722,172.31.46.0-255,66,122345,42,180155
30635,0.001878,74.125.130.0-255,1484,123829,42,180155
30636,0.001927,172.31.46.0-255,66,123895,42,180155
30637,0.002036,172.31.46.0-255,66,123961,42,180155
30638,0.002075,172.31.46.0-255,66,124027,42,180155
30639,0.00233,74.125.130.0-255,1484,125511,42,180155
30640,0.002345,74.125.130.0-255,2902,128413,42,180155
30641,0.002349,172.31.46.0-255,66,128479,42,180155
30642,0.002402,74.125.130.0-255,5738,134217,42,180155
30643,0.002405,172.31.46.0-255,66,134283,42,180155
30644,0.002428,74.125.130.0-255,1484,135767,42,180155
30645,0.002452,172.31.46.0-255,66,135833,42,180155
30646,0.002553,74.125.130.0-255,2902,138735,42,180155
30647,0.002557,172.31.46.0-255,66,138801,42,180155
30648,0.002575,74.125.130.0-255,1484,140285,42,180155
30649,0.004678,74.125.130.0-255,1484,141769,42,180155
30650,0.004685,172.31.46.0-255,66,141835,42,180155
30651,0.004761,74.125.130.0-255,2902,144737,42,180155
30652,0.004763,172.31.46.0-255,66,144803,42,180155
30653,0.006899,74.125.130.0-255,2902,147705,42,180155
30654,0.006903,172.31.46.0-255,66,147771,42,180155
30655,0.006979,74.125.130.0-255,2902,150673,42,180155
30656,0.006981,172.31.46.0-255,66,150739,42,180155
30657,0.009128,74.125.130.0-255,2902,153641,42,180155
30658,0.009135,172.31.46.0-255,66,153707,42,180155
30659,0.009195,74.125.130.0-255,2902,156609,42,180155
30660,0.009199,172.31.46.0-255,66,156675,42,180155
30661,0.01136,74.125.130.0-255,2902,159577,42,180155
30662,0.011368,172.31.46.0-255,66,159643,42,180155
30663,0.011412,74.125.130.0-255,2902,162545,42,180155
30664,0.011416,172.31.46.0-255,66,162611,42,180155
30665,0.013602,74.125.130.0-255,2902,165513,42,180155
30666,0.01361,172.31.46.0-255,66,165579,42,180155
30667,0.013629,74.125.130.0-255,2902,168481,42,180155
30668,0.013631,172.31.46.0-255,66,168547,42,180155
30669,0.015847,74.125.130.0-255,5738,174285,42,180155
30670,0.015857,172.31.46.0-255,66,174351,42,180155
30671,0.018108,74.125.130.0-255,5738,180089,42,180155
30672,0.018116,172.31.46.0-255,66,180155,42,180155
30673,0.0,172.217.194.0-255,148,148,42,177708
30674,2.4e-05,172.31.46.0-255,66,214,42,177708
30675,3.2e-05,172.217.194.0-255,1484,1698,42,177708
30676,3.7e-05,172.31.46.0-255,66,1764,42,177708
30677,4.2e-05,172.217.194.0-255,2902,4666,42,177708
30678,4.6e-05,172.31.46.0-255,66,4732,42,177708
30679,5.3e-05,172.217.194.0-255,7156,11888,42,177708
30680,5.6e-05,172.31.46.0-255,66,11954,42,177708
30681,6e-05,172.217.194.0-255,1484,13438,42,177708
30682,6.4e-05,172.31.46.0-255,66,13504,42,177708
30683,0.000106,172.31.46.0-255,66,13570,42,177708
30684,0.000109,172.217.194.0-255,2543,16113,42,177708
30685,0.000112,172.31.46.0-255,66,16179,42,177708
30686,0.000127,172.217.194.0-255,2902,19081,42,177708
30687,0.00013,172.31.46.0-255,66,19147,42,177708
30688,0.000158,172.217.194.0-255,7156,26303,42,177708
30689,0.00016,172.31.46.0-255,66,26369,42,177708
30690,0.000167,172.217.194.0-255,5738,32107,42,177708
30691,0.000169,172.31.46.0-255,66,32173,42,177708
30692,0.000183,172.217.194.0-255,3961,36134,42,177708
30693,0.000185,172.31.46.0-255,66,36200,42,177708
30694,0.00021,172.217.194.0-255,1484,37684,42,177708
30695,0.000212,172.31.46.0-255,66,37750,42,177708
30696,0.000231,172.217.194.0-255,7156,44906,42,177708
30697,0.000234,172.31.46.0-255,66,44972,42,177708
30698,0.000261,172.217.194.0-255,5669,50641,42,177708
30699,0.000263,172.31.46.0-255,66,50707,42,177708
30700,0.000452,172.217.194.0-255,365,51072,42,177708
30701,0.000458,172.31.46.0-255,66,51138,42,177708
30702,0.00063,172.217.194.0-255,1484,52622,42,177708
30703,0.000634,172.31.46.0-255,66,52688,42,177708
30704,0.00064,172.217.194.0-255,2902,55590,42,177708
30705,0.000642,172.31.46.0-255,66,55656,42,177708
30706,0.000659,172.217.194.0-255,5738,61394,42,177708
30707,0.000662,172.31.46.0-255,66,61460,42,177708
30708,0.000696,172.217.194.0-255,5738,67198,42,177708
30709,0.000699,172.31.46.0-255,66,67264,42,177708
30710,0.000712,172.31.46.0-255,66,67330,42,177708
30711,0.000718,172.217.194.0-255,5020,72350,42,177708
30712,0.00072,172.31.46.0-255,66,72416,42,177708
30713,0.000783,172.217.194.0-255,5738,78154,42,177708
30714,0.000787,172.31.46.0-255,66,78220,42,177708
30715,0.000799,172.31.46.0-255,66,78286,42,177708
30716,0.000809,172.31.46.0-255,66,78352,42,177708
30717,0.000836,172.217.194.0-255,5738,84090,42,177708
30718,0.000838,172.31.46.0-255,66,84156,42,177708
30719,0.000884,172.217.194.0-255,7156,91312,42,177708
30720,0.000889,172.31.46.0-255,66,91378,42,177708
30721,0.000891,172.31.46.0-255,66,91444,42,177708
30722,0.000928,172.31.46.0-255,66,91510,42,177708
30723,0.000944,172.217.194.0-255,1484,92994,42,177708
30724,0.000949,172.217.194.0-255,2902,95896,42,177708
30725,0.000952,172.31.46.0-255,66,95962,42,177708
30726,0.000956,172.217.194.0-255,4320,100282,42,177708
30727,0.000959,172.31.46.0-255,66,100348,42,177708
30728,0.000974,172.217.194.0-255,1484,101832,42,177708
30729,0.000977,172.217.194.0-255,1484,103316,42,177708
30730,0.000979,172.31.46.0-255,66,103382,42,177708
30731,0.001018,172.31.46.0-255,66,103448,42,177708
30732,0.001029,172.217.194.0-255,2902,106350,42,177708
30733,0.001032,172.31.46.0-255,66,106416,42,177708
30734,0.001063,172.31.46.0-255,66,106482,42,177708
30735,0.001082,172.217.194.0-255,1484,107966,42,177708
30736,0.001087,172.217.194.0-255,2902,110868,42,177708
30737,0.001089,172.31.46.0-255,66,110934,42,177708
30738,0.001096,172.217.194.0-255,5738,116672,42,177708
30739,0.001098,172.31.46.0-255,66,116738,42,177708
30740,0.001111,172.217.194.0-255,2902,119640,42,177708
30741,0.001113,172.31.46.0-255,66,119706,42,177708
30742,0.001145,172.31.46.0-255,66,119772,42,177708
30743,0.001157,172.31.46.0-255,66,119838,42,177708
30744,0.001198,172.217.194.0-255,1484,121322,42,177708
30745,0.001202,172.217.194.0-255,1484,122806,42,177708
30746,0.001204,172.31.46.0-255,66,122872,42,177708
30747,0.001224,172.217.194.0-255,1484,124356,42,177708
30748,0.001229,172.217.194.0-255,4320,128676,42,177708
30749,0.001232,172.31.46.0-255,66,128742,42,177708
30750,0.001253,172.217.194.0-255,1484,130226,42,177708
30751,0.00127,172.31.46.0-255,66,130292,42,177708
30752,0.001283,172.31.46.0-255,66,130358,42,177708
30753,0.001286,172.217.194.0-255,2184,132542,42,177708
30754,0.001288,172.31.46.0-255,66,132608,42,177708
30755,0.001293,172.217.194.0-255,2902,135510,42,177708
30756,0.001295,172.31.46.0-255,66,135576,42,177708
30757,0.001298,172.217.194.0-255,1484,137060,42,177708
30758,0.001322,172.217.194.0-255,5738,142798,42,177708
30759,0.001325,172.31.46.0-255,66,142864,42,177708
30760,0.001393,172.31.46.0-255,66,142930,42,177708
30761,0.001411,172.217.194.0-255,2902,145832,42,177708
30762,0.001414,172.31.46.0-255,66,145898,42,177708
30763,0.00142,172.217.194.0-255,5738,151636,42,177708
30764,0.001422,172.31.46.0-255,66,151702,42,177708
30765,0.001459,172.217.194.0-255,4320,156022,42,177708
30766,0.001475,172.31.46.0-255,66,156088,42,177708
30767,0.001485,172.217.194.0-255,1484,157572,42,177708
30768,0.001492,172.217.194.0-255,7156,164728,42,177708
30769,0.00151,172.217.194.0-255,5738,170466,42,177708
30770,0.001521,172.31.46.0-255,66,170532,42,177708
30771,0.001536,172.217.194.0-255,766,171298,42,177708
30772,0.001555,172.31.46.0-255,66,171364,42,177708
30773,0.001562,172.217.194.0-255,1484,172848,42,177708
30774,0.001565,172.217.194.0-255,1484,174332,42,177708
30775,0.001577,172.217.194.0-255,2902,177234,42,177708
30776,0.001579,172.31.46.0-255,66,177300,42,177708
30777,0.001647,172.31.46.0-255,66,177366,42,177708
30778,0.001665,172.217.194.0-255,105,177471,42,177708
30779,0.008664,172.31.46.0-255,66,177537,42,177708
30780,0.008711,172.31.46.0-255,105,177642,42,177708
30781,0.01121,172.217.194.0-255,66,177708,42,177708
30782,0.0,74.125.200.0-255,143,143,42,134425
30783,2.5e-05,172.31.46.0-255,66,209,42,134425
30784,3.3e-05,74.125.200.0-255,1484,1693,42,134425
30785,3.8e-05,172.31.46.0-255,66,1759,42,134425
30786,4.3e-05,74.125.200.0-255,2902,4661,42,134425
30787,4.6e-05,172.31.46.0-255,66,4727,42,134425
30788,4.9e-05,74.125.200.0-255,1484,6211,42,134425
30789,5.2e-05,172.31.46.0-255,66,6277,42,134425
30790,5.7e-05,74.125.200.0-255,2902,9179,42,134425
30791,6e-05,172.31.46.0-255,66,9245,42,134425
30792,8.8e-05,74.125.200.0-255,4840,14085,42,134425
30793,9.1e-05,172.31.46.0-255,66,14151,42,134425
30794,0.000109,74.125.200.0-255,1484,15635,42,134425
30795,0.000111,172.31.46.0-255,66,15701,42,134425
30796,0.000131,74.125.200.0-255,4320,20021,42,134425
30797,0.000133,172.31.46.0-255,66,20087,42,134425
30798,0.000147,74.125.200.0-255,2902,22989,42,134425
30799,0.000149,172.31.46.0-255,66,23055,42,134425
30800,0.000153,74.125.200.0-255,2902,25957,42,134425
30801,0.000156,172.31.46.0-255,66,26023,42,134425
30802,0.000174,74.125.200.0-255,1484,27507,42,134425
30803,0.000176,172.31.46.0-255,66,27573,42,134425
30804,0.000193,74.125.200.0-255,3961,31534,42,134425
30805,0.000196,172.31.46.0-255,66,31600,42,134425
30806,0.000325,74.125.200.0-255,1484,33084,42,134425
30807,0.00033,172.31.46.0-255,66,33150,42,134425
30808,0.000336,74.125.200.0-255,2902,36052,42,134425
30809,0.000338,172.31.46.0-255,66,36118,42,134425
30810,0.000357,74.125.200.0-255,4320,40438,42,134425
30811,0.000359,172.31.46.0-255,66,40504,42,134425
30812,0.000409,74.125.200.0-255,2902,43406,42,134425
30813,0.000412,172.31.46.0-255,66,43472,42,134425
30814,0.000433,74.125.200.0-255,6797,50269,42,134425
30815,0.000435,172.31.46.0-255,66,50335,42,134425
30816,0.000451,74.125.200.0-255,1484,51819,42,134425
30817,0.000474,172.31.46.0-255,66,51885,42,134425
30818,0.000527,74.125.200.0-255,5379,57264,42,134425
30819,0.00053,172.31.46.0-255,66,57330,42,134425
30820,0.001637,74.125.200.0-255,645,57975,42,134425
30821,0.001682,74.125.200.0-255,1484,59459,42,134425
30822,0.001687,172.31.46.0-255,66,59525,42,134425
30823,0.001695,74.125.200.0-255,2902,62427,42,134425
30824,0.001697,172.31.46.0-255,66,62493,42,134425
30825,0.001702,74.125.200.0-255,2902,65395,42,134425
30826,0.001704,172.31.46.0-255,66,65461,42,134425
30827,0.001731,74.125.200.0-255,2902,68363,42,134425
30828,0.001733,172.31.46.0-255,66,68429,42,134425
30829,0.001738,74.125.200.0-255,2902,71331,42,134425
30830,0.00174,172.31.46.0-255,66,71397,42,134425
30831,0.001755,74.125.200.0-255,4320,75717,42,134425
30832,0.001757,172.31.46.0-255,66,75783,42,134425
30833,0.001795,74.125.200.0-255,2902,78685,42,134425
30834,0.001798,172.31.46.0-255,66,78751,42,134425
30835,0.001817,74.125.200.0-255,4320,83071,42,134425
30836,0.00182,172.31.46.0-255,66,83137,42,134425
30837,0.001845,74.125.200.0-255,2902,86039,42,134425
30838,0.001847,172.31.46.0-255,66,86105,42,134425
30839,0.001865,74.125.200.0-255,2902,89007,42,134425
30840,0.001868,172.31.46.0-255,66,89073,42,134425
30841,0.001883,74.125.200.0-255,1484,90557,42,134425
30842,0.001898,74.125.200.0-255,2184,92741,42,134425
30843,0.0019,172.31.46.0-255,66,92807,42,134425
30844,0.004143,74.125.200.0-255,1484,94291,42,134425
30845,0.004179,74.125.200.0-255,1484,95775,42,134425
30846,0.004183,172.31.46.0-255,66,95841,42,134425
30847,0.004201,74.125.200.0-255,2902,98743,42,134425
30848,0.004203,172.31.46.0-255,66,98809,42,134425
30849,0.006477,74.125.200.0-255,2902,101711,42,134425
30850,0.006482,172.31.46.0-255,66,101777,42,134425
30851,0.006505,74.125.200.0-255,2902,104679,42,134425
30852,0.006507,172.31.46.0-255,66,104745,42,134425
30853,0.008786,74.125.200.0-255,2902,107647,42,134425
30854,0.008793,172.31.46.0-255,66,107713,42,134425
30855,0.008815,74.125.200.0-255,2902,110615,42,134425
30856,0.008818,172.31.46.0-255,66,110681,42,134425
30857,0.011087,74.125.200.0-255,2902,113583,42,134425
30858,0.011095,172.31.46.0-255,66,113649,42,134425
30859,0.011116,74.125.200.0-255,2902,116551,42,134425
30860,0.011119,172.31.46.0-255,66,116617,42,134425
30861,0.01338,74.125.200.0-255,2902,119519,42,134425
30862,0.013388,172.31.46.0-255,66,119585,42,134425
30863,0.013409,74.125.200.0-255,2902,122487,42,134425
30864,0.013411,172.31.46.0-255,66,122553,42,134425
30865,0.015678,74.125.200.0-255,2902,125455,42,134425
30866,0.015685,172.31.46.0-255,66,125521,42,134425
30867,0.015708,74.125.200.0-255,2902,128423,42,134425
30868,0.015711,172.31.46.0-255,66,128489,42,134425
30869,0.018002,74.125.200.0-255,2902,131391,42,134425
30870,0.018013,172.31.46.0-255,66,131457,42,134425
30871,0.018023,74.125.200.0-255,2902,134359,42,134425
30872,0.018025,172.31.46.0-255,66,134425,42,134425
30873,0.0,74.125.130.0-255,150,150,42,171269
30874,2.5e-05,172.31.46.0-255,66,216,42,171269
30875,3.2e-05,74.125.130.0-255,1484,1700,42,171269
30876,3.6e-05,172.31.46.0-255,66,1766,42,171269
30877,4.1e-05,74.125.130.0-255,2902,4668,42,171269
30878,5.1e-05,172.31.46.0-255,66,4734,42,171269
30879,7.6e-05,74.125.130.0-255,5738,10472,42,171269
30880,7.9e-05,172.31.46.0-255,66,10538,42,171269
30881,0.000123,74.125.130.0-255,3450,13988,42,171269
30882,0.000126,172.31.46.0-255,66,14054,42,171269
30883,0.00034,74.125.130.0-255,1484,15538,42,171269
30884,0.000346,172.31.46.0-255,66,15604,42,171269
30885,0.000351,74.125.130.0-255,2902,18506,42,171269
30886,0.000353,172.31.46.0-255,66,18572,42,171269
30887,0.000373,74.125.130.0-255,2902,21474,42,171269
30888,0.00038,172.31.46.0-255,66,21540,42,171269
30889,0.000385,74.125.130.0-255,4320,25860,42,171269
30890,0.000387,172.31.46.0-255,66,25926,42,171269
30891,0.000431,74.125.130.0-255,6797,32723,42,171269
30892,0.000434,172.31.46.0-255,66,32789,42,171269
30893,0.000438,74.125.130.0-255,2902,35691,42,171269
30894,0.000439,172.31.46.0-255,66,35757,42,171269
30895,0.00047,74.125.130.0-255,4320,40077,42,171269
30896,0.000472,172.31.46.0-255,66,40143,42,171269
30897,0.000479,74.125.130.0-255,7156,47299,42,171269
30898,0.00048,172.31.46.0-255,66,47365,42,171269
30899,0.000483,74.125.130.0-255,1484,48849,42,171269
30900,0.000489,172.31.46.0-255,66,48915,42,171269
30901,0.000518,74.125.130.0-255,7156,56071,42,171269
30902,0.000521,172.31.46.0-255,66,56137,42,171269
30903,0.000529,74.125.130.0-255,4320,60457,42,171269
30904,0.000531,172.31.46.0-255,66,60523,42,171269
30905,0.000537,74.125.130.0-255,5020,65543,42,171269
30906,0.000579,172.31.46.0-255,66,65609,42,171269
30907,0.0007,74.125.130.0-255,339,65948,42,171269
30908,0.000782,74.125.130.0-255,405,66353,42,171269
30909,0.000956,74.125.130.0-255,1484,67837,42,171269
30910,0.00096,172.31.46.0-255,66,67903,42,171269
30911,0.000984,74.125.130.0-255,2902,70805,42,171269
30912,0.000991,172.31.46.0-255,66,70871,42,171269
30913,0.001018,74.125.130.0-255,5738,76609,42,171269
30914,0.001021,74.125.130.0-255,1484,78093,42,171269
30915,0.001043,74.125.130.0-255,2902,80995,42,171269
30916,0.00105,172.31.46.0-255,66,81061,42,171269
30917,0.001074,74.125.130.0-255,4320,85381,42,171269
30918,0.001086,172.31.46.0-255,66,85447,42,171269
30919,0.001102,74.125.130.0-255,2902,88349,42,171269
30920,0.001114,74.125.130.0-255,2902,91251,42,171269
30921,0.001125,172.31.46.0-255,66,91317,42,171269
30922,0.001144,74.125.130.0-255,4320,95637,42,171269
30923,0.00115,74.125.130.0-255,5020,100657,42,171269
30924,0.001194,172.31.46.0-255,66,100723,42,171269
30925,0.001956,74.125.130.0-255,1484,102207,42,171269
30926,0.001969,74.125.130.0-255,2902,105109,42,171269
30927,0.001975,172.31.46.0-255,66,105175,42,171269
30928,0.001983,74.125.130.0-255,5738,110913,42,171269
30929,0.002004,74.125.130.0-255,1484,112397,42,171269
30930,0.002029,74.125.130.0-255,7156,119553,42,171269
30931,0.002041,74.125.130.0-255,1484,121037,42,171269
30932,0.002069,74.125.130.0-255,2902,123939,42,171269
30933,0.00211,74.125.130.0-255,2184,126123,42,171269
30934,0.002258,74.125.130.0-255,1484,127607,42,171269
30935,0.002265,74.125.130.0-255,2902,130509,42,171269
30936,0.002269,74.125.130.0-255,2902,133411,42,171269
30937,0.002283,74.125.130.0-255,2902,136313,42,171269
30938,0.002309,74.125.130.0-255,2902,139215,42,171269
30939,0.002324,74.125.130.0-255,1484,140699,42,171269
30940,0.002335,74.125.130.0-255,1484,142183,42,171269
30941,0.002351,74.125.130.0-255,2902,145085,42,171269
30942,0.002394,74.125.130.0-255,1484,146569,42,171269
30943,0.002398,74.125.130.0-255,1484,148053,42,171269
30944,0.003763,172.31.46.0-255,66,148119,42,171269
30945,0.006116,74.125.130.0-255,5738,153857,42,171269
30946,0.006132,172.31.46.0-255,66,153923,42,171269
30947,0.008471,74.125.130.0-255,5738,159661,42,171269
30948,0.010117,172.31.46.0-255,66,159727,42,171269
30949,0.012461,74.125.130.0-255,5738,165465,42,171269
30950,0.012477,172.31.46.0-255,66,165531,42,171269
30951,0.014816,74.125.130.0-255,5738,171269,42,171269
30952,0.0,172.217.194.0-255,153,153,42,202916
30953,2.2e-05,172.31.46.0-255,66,219,42,202916
30954,3e-05,172.217.194.0-255,1484,1703,42,202916
30955,3.5e-05,172.31.46.0-255,66,1769,42,202916
30956,4.7e-05,172.217.194.0-255,2902,4671,42,202916
30957,5.1e-05,172.31.46.0-255,66,4737,42,202916
30958,5.9e-05,172.217.194.0-255,7156,11893,42,202916
30959,6.2e-05,172.31.46.0-255,66,11959,42,202916
30960,6.7e-05,172.217.194.0-255,2005,13964,42,202916
30961,6.9e-05,172.31.46.0-255,66,14030,42,202916
30962,0.000185,172.217.194.0-255,1484,15514,42,202916
30963,0.000199,172.31.46.0-255,66,15580,42,202916
30964,0.000206,172.217.194.0-255,2902,18482,42,202916
30965,0.000209,172.31.46.0-255,66,18548,42,202916
30966,0.000242,172.217.194.0-255,5738,24286,42,202916
30967,0.000246,172.31.46.0-255,66,24352,42,202916
30968,0.000259,172.217.194.0-255,2902,27254,42,202916
30969,0.000266,172.31.46.0-255,66,27320,42,202916
30970,0.000286,172.217.194.0-255,3961,31281,42,202916
30971,0.000289,172.31.46.0-255,66,31347,42,202916
30972,0.000296,172.217.194.0-255,7156,38503,42,202916
30973,0.000299,172.31.46.0-255,66,38569,42,202916
30974,0.000302,172.217.194.0-255,1484,40053,42,202916
30975,0.000304,172.31.46.0-255,66,40119,42,202916
30976,0.000353,172.31.46.0-255,66,40185,42,202916
30977,0.000368,172.31.46.0-255,66,40251,42,202916
30978,0.00046,172.217.194.0-255,645,40896,42,202916
30979,0.000464,172.31.46.0-255,66,40962,42,202916
30980,0.000552,172.217.194.0-255,1484,42446,42,202916
30981,0.000556,172.31.46.0-255,66,42512,42,202916
30982,0.000584,172.217.194.0-255,2902,45414,42,202916
30983,0.000587,172.31.46.0-255,66,45480,42,202916
30984,0.000593,172.217.194.0-255,4320,49800,42,202916
30985,0.000595,172.31.46.0-255,66,49866,42,202916
30986,0.000614,172.217.194.0-255,1484,51350,42,202916
30987,0.000623,172.217.194.0-255,7156,58506,42,202916
30988,0.000626,172.31.46.0-255,66,58572,42,202916
30989,0.000657,172.217.194.0-255,5738,64310,42,202916
30990,0.000661,172.31.46.0-255,66,64376,42,202916
30991,0.000699,172.31.46.0-255,66,64442,42,202916
30992,0.000703,172.217.194.0-255,2184,66626,42,202916
30993,0.000705,172.31.46.0-255,66,66692,42,202916
30994,0.000932,172.217.194.0-255,1484,68176,42,202916
30995,0.000938,172.217.194.0-255,2902,71078,42,202916
30996,0.000941,172.31.46.0-255,66,71144,42,202916
30997,0.000965,172.217.194.0-255,5738,76882,42,202916
30998,0.000967,172.31.46.0-255,66,76948,42,202916
30999,0.001006,172.31.46.0-255,66,77014,42,202916
31000,0.001054,172.31.46.0-255,66,77080,42,202916
31001,0.001208,172.217.194.0-255,1484,78564,42,202916
31002,0.001214,172.217.194.0-255,2902,81466,42,202916
31003,0.001219,172.31.46.0-255,66,81532,42,202916
31004,0.001255,172.217.194.0-255,5738,87270,42,202916
31005,0.001258,172.31.46.0-255,66,87336,42,202916
31006,0.001271,172.31.46.0-255,66,87402,42,202916
31007,0.001276,172.217.194.0-255,4320,91722,42,202916
31008,0.001279,172.31.46.0-255,66,91788,42,202916
31009,0.001319,172.217.194.0-255,6438,98226,42,202916
31010,0.001322,172.31.46.0-255,66,98292,42,202916
31011,0.00135,172.217.194.0-255,1484,99776,42,202916
31012,0.001353,172.217.194.0-255,1484,101260,42,202916
31013,0.001356,172.31.46.0-255,66,101326,42,202916
31014,0.00137,172.217.194.0-255,1484,102810,42,202916
31015,0.00138,172.217.194.0-255,5738,108548,42,202916
31016,0.001382,172.31.46.0-255,66,108614,42,202916
31017,0.001398,172.217.194.0-255,5738,114352,42,202916
31018,0.001405,172.31.46.0-255,66,114418,42,202916
31019,0.001437,172.217.194.0-255,7156,121574,42,202916
31020,0.001488,172.217.194.0-255,1484,123058,42,202916
31021,0.001493,172.31.46.0-255,66,123124,42,202916
31022,0.001496,172.31.46.0-255,66,123190,42,202916
31023,0.001536,172.31.46.0-255,66,123256,42,202916
31024,0.001548,172.31.46.0-255,66,123322,42,202916
31025,0.001551,172.217.194.0-255,1484,124806,42,202916
31026,0.001555,172.217.194.0-255,2902,127708,42,202916
31027,0.001557,172.31.46.0-255,66,127774,42,202916
31028,0.001564,172.217.194.0-255,5738,133512,42,202916
31029,0.001566,172.31.46.0-255,66,133578,42,202916
31030,0.001613,172.31.46.0-255,66,133644,42,202916
31031,0.001635,172.217.194.0-255,7156,140800,42,202916
31032,0.001638,172.31.46.0-255,66,140866,42,202916
31033,0.001671,172.217.194.0-255,3602,144468,42,202916
31034,0.001674,172.31.46.0-255,66,144534,42,202916
31035,0.001888,172.217.194.0-255,1484,146018,42,202916
31036,0.001893,172.217.194.0-255,2902,148920,42,202916
31037,0.001896,172.31.46.0-255,66,148986,42,202916
31038,0.0019,172.217.194.0-255,1484,150470,42,202916
31039,0.001927,172.217.194.0-255,4320,154790,42,202916
31040,0.001929,172.31.46.0-255,66,154856,42,202916
31041,0.001937,172.217.194.0-255,7156,162012,42,202916
31042,0.001939,172.31.46.0-255,66,162078,42,202916
31043,0.001973,172.217.194.0-255,5738,167816,42,202916
31044,0.001975,172.31.46.0-255,66,167882,42,202916
31045,0.001981,172.217.194.0-255,5738,173620,42,202916
31046,0.001984,172.31.46.0-255,66,173686,42,202916
31047,0.002012,172.31.46.0-255,66,173752,42,202916
31048,0.002026,172.31.46.0-255,66,173818,42,202916
31049,0.002081,172.31.46.0-255,66,173884,42,202916
31050,0.00211,172.217.194.0-255,4320,178204,42,202916
31051,0.002124,172.217.194.0-255,7156,185360,42,202916
31052,0.002134,172.31.46.0-255,66,185426,42,202916
31053,0.002156,172.217.194.0-255,7156,192582,42,202916
31054,0.002166,172.31.46.0-255,66,192648,42,202916
31055,0.002183,172.31.46.0-255,66,192714,42,202916
31056,0.002212,172.217.194.0-255,4320,197034,42,202916
31057,0.002232,172.217.194.0-255,5377,202411,42,202916
31058,0.002236,172.217.194.0-255,97,202508,42,202916
31059,0.002276,172.31.46.0-255,66,202574,42,202916
31060,0.002283,172.217.194.0-255,105,202679,42,202916
31061,0.009828,172.31.46.0-255,66,202745,42,202916
31062,0.009868,172.31.46.0-255,105,202850,42,202916
31063,0.012419,172.217.194.0-255,66,202916,42,202916
31064,0.0,172.31.46.0-255,105,105,42,459
31065,0.000278,172.31.46.0-255,90,195,42,459
31066,0.000289,172.31.46.0-255,66,261,42,459
31067,0.002534,172.217.194.0-255,66,327,42,459
31068,0.002571,172.217.194.0-255,66,393,42,459
31069,0.002594,172.31.46.0-255,66,459,42,459
31070,0.0,172.217.194.0-255,156,156,42,138980
31071,2.1e-05,172.31.46.0-255,66,222,42,138980
31072,2.8e-05,172.217.194.0-255,1484,1706,42,138980
31073,3.2e-05,172.31.46.0-255,66,1772,42,138980
31074,4.4e-05,172.217.194.0-255,2902,4674,42,138980
31075,4.7e-05,172.31.46.0-255,66,4740,42,138980
31076,5.4e-05,172.217.194.0-255,7156,11896,42,138980
31077,5.7e-05,172.31.46.0-255,66,11962,42,138980
31078,9.2e-05,172.31.46.0-255,66,12028,42,138980
31079,0.000121,172.31.46.0-255,66,12094,42,138980
31080,0.000125,172.217.194.0-255,2543,14637,42,138980
31081,0.000127,172.31.46.0-255,66,14703,42,138980
31082,0.00013,172.217.194.0-255,1484,16187,42,138980
31083,0.000132,172.31.46.0-255,66,16253,42,138980
31084,0.00014,172.217.194.0-255,2902,19155,42,138980
31085,0.000142,172.31.46.0-255,66,19221,42,138980
31086,0.000146,172.217.194.0-255,2902,22123,42,138980
31087,0.000149,172.31.46.0-255,66,22189,42,138980
31088,0.000173,172.217.194.0-255,2902,25091,42,138980
31089,0.000175,172.31.46.0-255,66,25157,42,138980
31090,0.000186,172.31.46.0-255,66,25223,42,138980
31091,0.000219,172.217.194.0-255,2902,28125,42,138980
31092,0.000221,172.31.46.0-255,66,28191,42,138980
31093,0.000231,172.31.46.0-255,66,28257,42,138980
31094,0.000238,172.217.194.0-255,2458,30715,42,138980
31095,0.00024,172.31.46.0-255,66,30781,42,138980
31096,0.000521,172.217.194.0-255,120,30901,42,138980
31097,0.000526,172.31.46.0-255,66,30967,42,138980
31098,0.00056,172.217.194.0-255,1484,32451,42,138980
31099,0.000567,172.217.194.0-255,2902,35353,42,138980
31100,0.000569,172.31.46.0-255,66,35419,42,138980
31101,0.000598,172.217.194.0-255,5738,41157,42,138980
31102,0.0006,172.31.46.0-255,66,41223,42,138980
31103,0.000604,172.217.194.0-255,2902,44125,42,138980
31104,0.000606,172.31.46.0-255,66,44191,42,138980
31105,0.000642,172.31.46.0-255,66,44257,42,138980
31106,0.000657,172.31.46.0-255,66,44323,42,138980
31107,0.000855,172.217.194.0-255,1484,45807,42,138980
31108,0.000887,172.217.194.0-255,2902,48709,42,138980
31109,0.000891,172.31.46.0-255,66,48775,42,138980
31110,0.000898,172.217.194.0-255,5738,54513,42,138980
31111,0.0009,172.31.46.0-255,66,54579,42,138980
31112,0.000953,172.217.194.0-255,2902,57481,42,138980
31113,0.000955,172.31.46.0-255,66,57547,42,138980
31114,0.000981,172.217.194.0-255,3961,61508,42,138980
31115,0.000983,172.31.46.0-255,66,61574,42,138980
31116,0.001007,172.217.194.0-255,1484,63058,42,138980
31117,0.001011,172.217.194.0-255,2902,65960,42,138980
31118,0.001013,172.31.46.0-255,66,66026,42,138980
31119,0.001041,172.217.194.0-255,5738,71764,42,138980
31120,0.001043,172.31.46.0-255,66,71830,42,138980
31121,0.00105,172.217.194.0-255,7156,78986,42,138980
31122,0.001052,172.31.46.0-255,66,79052,42,138980
31123,0.001077,172.217.194.0-255,2902,81954,42,138980
31124,0.001079,172.31.46.0-255,66,82020,42,138980
31125,0.001111,172.31.46.0-255,66,82086,42,138980
31126,0.001133,172.217.194.0-255,2184,84270,42,138980
31127,0.001135,172.31.46.0-255,66,84336,42,138980
31128,0.001729,172.217.194.0-255,1484,85820,42,138980
31129,0.001737,172.217.194.0-255,2902,88722,42,138980
31130,0.001741,172.31.46.0-255,66,88788,42,138980
31131,0.001771,172.217.194.0-255,5738,94526,42,138980
31132,0.001773,172.31.46.0-255,66,94592,42,138980
31133,0.001785,172.217.194.0-255,2902,97494,42,138980
31134,0.001787,172.31.46.0-255,66,97560,42,138980
31135,0.001823,172.31.46.0-255,66,97626,42,138980
31136,0.001833,172.31.46.0-255,66,97692,42,138980
31137,0.00418,172.217.194.0-255,5738,103430,42,138980
31138,0.004184,172.31.46.0-255,66,103496,42,138980
31139,0.006513,172.217.194.0-255,5738,109234,42,138980
31140,0.006518,172.31.46.0-255,66,109300,42,138980
31141,0.008832,172.217.194.0-255,2902,112202,42,138980
31142,0.008835,172.31.46.0-255,66,112268,42,138980
31143,0.008871,172.217.194.0-255,2902,115170,42,138980
31144,0.008873,172.31.46.0-255,66,115236,42,138980
31145,0.011178,172.217.194.0-255,2902,118138,42,138980
31146,0.011186,172.31.46.0-255,66,118204,42,138980
31147,0.011217,172.217.194.0-255,2902,121106,42,138980
31148,0.01122,172.31.46.0-255,66,121172,42,138980
31149,0.013518,172.217.194.0-255,2902,124074,42,138980
31150,0.013526,172.31.46.0-255,66,124140,42,138980
31151,0.013564,172.217.194.0-255,2902,127042,42,138980
31152,0.013567,172.31.46.0-255,66,127108,42,138980
31153,0.015861,172.217.194.0-255,2902,130010,42,138980
31154,0.015869,172.31.46.0-255,66,130076,42,138980
31155,0.015917,172.217.194.0-255,2902,132978,42,138980
31156,0.01592,172.31.46.0-255,66,133044,42,138980
31157,0.018199,172.217.194.0-255,2902,135946,42,138980
31158,0.018207,172.31.46.0-255,66,136012,42,138980
31159,0.018234,172.217.194.0-255,2902,138914,42,138980
31160,0.018237,172.31.46.0-255,66,138980,42,138980
31161,0.0,172.217.194.0-255,156,156,42,179446
31162,2e-05,172.31.46.0-255,66,222,42,179446
31163,2.7e-05,172.217.194.0-255,1484,1706,42,179446
31164,3.1e-05,172.31.46.0-255,66,1772,42,179446
31165,3.6e-05,172.217.194.0-255,2902,4674,42,179446
31166,4.6e-05,172.31.46.0-255,66,4740,42,179446
31167,5.3e-05,172.217.194.0-255,7156,11896,42,179446
31168,5.7e-05,172.31.46.0-255,66,11962,42,179446
31169,6.1e-05,172.217.194.0-255,2073,14035,42,179446
31170,6.4e-05,172.31.46.0-255,66,14101,42,179446
31171,7.6e-05,172.31.46.0-255,66,14167,42,179446
31172,0.000104,172.217.194.0-255,2902,17069,42,179446
31173,0.000107,172.31.46.0-255,66,17135,42,179446
31174,0.000113,172.217.194.0-255,5379,22514,42,179446
31175,0.000116,172.31.46.0-255,66,22580,42,179446
31176,0.000173,172.217.194.0-255,1484,24064,42,179446
31177,0.000176,172.31.46.0-255,66,24130,42,179446
31178,0.000182,172.217.194.0-255,2902,27032,42,179446
31179,0.000184,172.31.46.0-255,66,27098,42,179446
31180,0.00019,172.217.194.0-255,5738,32836,42,179446
31181,0.000196,172.31.46.0-255,66,32902,42,179446
31182,0.000203,172.217.194.0-255,6797,39699,42,179446
31183,0.000206,172.31.46.0-255,66,39765,42,179446
31184,0.000233,172.217.194.0-255,4320,44085,42,179446
31185,0.000237,172.31.46.0-255,66,44151,42,179446
31186,0.000269,172.31.46.0-255,66,44217,42,179446
31187,0.000273,172.217.194.0-255,2832,47049,42,179446
31188,0.000275,172.31.46.0-255,66,47115,42,179446
31189,0.0003,172.217.194.0-255,365,47480,42,179446
31190,0.000302,172.31.46.0-255,66,47546,42,179446
31191,0.0004,172.217.194.0-255,1484,49030,42,179446
31192,0.000407,172.217.194.0-255,2902,51932,42,179446
31193,0.000411,172.31.46.0-255,66,51998,42,179446
31194,0.000416,172.217.194.0-255,2902,54900,42,179446
31195,0.000418,172.31.46.0-255,66,54966,42,179446
31196,0.000438,172.217.194.0-255,2902,57868,42,179446
31197,0.000441,172.31.46.0-255,66,57934,42,179446
31198,0.000447,172.217.194.0-255,5738,63672,42,179446
31199,0.000449,172.31.46.0-255,66,63738,42,179446
31200,0.000481,172.31.46.0-255,66,63804,42,179446
31201,0.0005,172.217.194.0-255,5738,69542,42,179446
31202,0.000503,172.31.46.0-255,66,69608,42,179446
31203,0.000533,172.217.194.0-255,3961,73569,42,179446
31204,0.000535,172.31.46.0-255,66,73635,42,179446
31205,0.00071,172.217.194.0-255,1484,75119,42,179446
31206,0.000715,172.217.194.0-255,1484,76603,42,179446
31207,0.000718,172.31.46.0-255,66,76669,42,179446
31208,0.000731,172.217.194.0-255,1484,78153,42,179446
31209,0.000741,172.217.194.0-255,5738,83891,42,179446
31210,0.000743,172.31.46.0-255,66,83957,42,179446
31211,0.000749,172.217.194.0-255,4320,88277,42,179446
31212,0.000752,172.31.46.0-255,66,88343,42,179446
31213,0.000801,172.31.46.0-255,66,88409,42,179446
31214,0.000813,172.31.46.0-255,66,88475,42,179446
31215,0.000881,172.217.194.0-255,1484,89959,42,179446
31216,0.000888,172.217.194.0-255,2902,92861,42,179446
31217,0.000891,172.31.46.0-255,66,92927,42,179446
31218,0.000922,172.217.194.0-255,5738,98665,42,179446
31219,0.000925,172.31.46.0-255,66,98731,42,179446
31220,0.000931,172.217.194.0-255,4320,103051,42,179446
31221,0.000933,172.31.46.0-255,66,103117,42,179446
31222,0.000963,172.31.46.0-255,66,103183,42,179446
31223,0.000976,172.31.46.0-255,66,103249,42,179446
31224,0.001078,172.217.194.0-255,1484,104733,42,179446
31225,0.001084,172.217.194.0-255,2902,107635,42,179446
31226,0.001087,172.31.46.0-255,66,107701,42,179446
31227,0.00109,172.217.194.0-255,1484,109185,42,179446
31228,0.00112,172.217.194.0-255,4320,113505,42,179446
31229,0.001123,172.31.46.0-255,66,113571,42,179446
31230,0.001141,172.31.46.0-255,66,113637,42,179446
31231,0.001174,172.31.46.0-255,66,113703,42,179446
31232,0.001208,172.31.46.0-255,66,113769,42,179446
31233,0.001215,172.217.194.0-255,7156,120925,42,179446
31234,0.001217,172.31.46.0-255,66,120991,42,179446
31235,0.001267,172.31.46.0-255,66,121057,42,179446
31236,0.001296,172.217.194.0-255,5020,126077,42,179446
31237,0.001349,172.31.46.0-255,66,126143,42,179446
31238,0.001352,172.31.46.0-255,66,126209,42,179446
31239,0.001379,172.217.194.0-255,2902,129111,42,179446
31240,0.001382,172.31.46.0-255,66,129177,42,179446
31241,0.001399,172.31.46.0-255,66,129243,42,179446
31242,0.00141,172.31.46.0-255,66,129309,42,179446
31243,0.001421,172.31.46.0-255,66,129375,42,179446
31244,0.001437,172.31.46.0-255,66,129441,42,179446
31245,0.001469,172.217.194.0-255,1484,130925,42,179446
31246,0.001477,172.217.194.0-255,6438,137363,42,179446
31247,0.00148,172.31.46.0-255,66,137429,42,179446
31248,0.001483,172.217.194.0-255,1484,138913,42,179446
31249,0.001506,172.217.194.0-255,2902,141815,42,179446
31250,0.001509,172.31.46.0-255,66,141881,42,179446
31251,0.001515,172.217.194.0-255,5738,147619,42,179446
31252,0.001517,172.31.46.0-255,66,147685,42,179446
31253,0.001523,172.217.194.0-255,5738,153423,42,179446
31254,0.001526,172.31.46.0-255,66,153489,42,179446
31255,0.00155,172.217.194.0-255,1484,154973,42,179446
31256,0.001566,172.31.46.0-255,66,155039,42,179446
31257,0.001571,172.217.194.0-255,2184,157223,42,179446
31258,0.001573,172.31.46.0-255,66,157289,42,179446
31259,0.00162,172.217.194.0-255,2902,160191,42,179446
31260,0.001623,172.31.46.0-255,66,160257,42,179446
31261,0.00163,172.217.194.0-255,4320,164577,42,179446
31262,0.001633,172.31.46.0-255,66,164643,42,179446
31263,0.001669,172.217.194.0-255,2902,167545,42,179446
31264,0.001672,172.31.46.0-255,66,167611,42,179446
31265,0.001684,172.31.46.0-255,66,167677,42,179446
31266,0.0017,172.31.46.0-255,66,167743,42,179446
31267,0.001712,172.31.46.0-255,66,167809,42,179446
31268,0.001735,172.217.194.0-255,4320,172129,42,179446
31269,0.001737,172.31.46.0-255,66,172195,42,179446
31270,0.001744,172.217.194.0-255,6843,179038,42,179446
31271,0.001747,172.31.46.0-255,66,179104,42,179446
31272,0.001769,172.217.194.0-255,105,179209,42,179446
31273,0.004325,172.31.46.0-255,66,179275,42,179446
31274,0.004362,172.31.46.0-255,105,179380,42,179446
31275,0.006584,172.217.194.0-255,66,179446,42,179446
31276,0.0,172.31.46.0-255,105,105,42,276
31277,0.001803,157.240.13.0-255,105,210,42,276
31278,0.001818,172.31.46.0-255,66,276,42,276
31279,0.0,74.125.24.0-255,145,145,42,168293
31280,2.5e-05,172.31.46.0-255,66,211,42,168293
31281,3.2e-05,74.125.24.0-255,1484,1695,42,168293
31282,3.7e-05,172.31.46.0-255,66,1761,42,168293
31283,4.3e-05,74.125.24.0-255,2902,4663,42,168293
31284,5.5e-05,172.31.46.0-255,66,4729,42,168293
31285,6.3e-05,74.125.24.0-255,7156,11885,42,168293
31286,6.6e-05,172.31.46.0-255,66,11951,42,168293
31287,7e-05,74.125.24.0-255,2044,13995,42,168293
31288,7.3e-05,172.31.46.0-255,66,14061,42,168293
31289,8.1e-05,74.125.24.0-255,5738,19799,42,168293
31290,8.4e-05,172.31.46.0-255,66,19865,42,168293
31291,0.000111,74.125.24.0-255,5738,25603,42,168293
31292,0.000114,172.31.46.0-255,66,25669,42,168293
31293,0.000124,74.125.24.0-255,5379,31048,42,168293
31294,0.000127,172.31.46.0-255,66,31114,42,168293
31295,0.000181,74.125.24.0-255,1484,32598,42,168293
31296,0.000184,172.31.46.0-255,66,32664,42,168293
31297,0.00019,74.125.24.0-255,2902,35566,42,168293
31298,0.000192,172.31.46.0-255,66,35632,42,168293
31299,0.000231,74.125.24.0-255,5738,41370,42,168293
31300,0.000234,172.31.46.0-255,66,41436,42,168293
31301,0.00024,74.125.24.0-255,5738,47174,42,168293
31302,0.000243,172.31.46.0-255,66,47240,42,168293
31303,0.000307,172.31.46.0-255,66,47306,42,168293
31304,0.000311,74.125.24.0-255,4236,51542,42,168293
31305,0.000313,172.31.46.0-255,66,51608,42,168293
31306,0.000552,74.125.24.0-255,380,51988,42,168293
31307,0.000557,172.31.46.0-255,66,52054,42,168293
31308,0.000715,74.125.24.0-255,1484,53538,42,168293
31309,0.00072,172.31.46.0-255,66,53604,42,168293
31310,0.000726,74.125.24.0-255,2902,56506,42,168293
31311,0.000728,172.31.46.0-255,66,56572,42,168293
31312,0.000734,74.125.24.0-255,4320,60892,42,168293
31313,0.000736,172.31.46.0-255,66,60958,42,168293
31314,0.000771,74.125.24.0-255,1484,62442,42,168293
31315,0.000789,172.31.46.0-255,66,62508,42,168293
31316,0.000805,172.31.46.0-255,66,62574,42,168293
31317,0.000808,74.125.24.0-255,1125,63699,42,168293
31318,0.001513,172.31.46.0-255,66,63765,42,168293
31319,0.001859,74.125.24.0-255,1484,65249,42,168293
31320,0.001871,74.125.24.0-255,2902,68151,42,168293
31321,0.001876,172.31.46.0-255,66,68217,42,168293
31322,0.001884,74.125.24.0-255,5738,73955,42,168293
31323,0.001886,172.31.46.0-255,66,74021,42,168293
31324,0.001889,74.125.24.0-255,1484,75505,42,168293
31325,0.001937,74.125.24.0-255,5738,81243,42,168293
31326,0.001939,172.31.46.0-255,66,81309,42,168293
31327,0.00196,172.31.46.0-255,66,81375,42,168293
31328,0.001964,74.125.24.0-255,2184,83559,42,168293
31329,0.001966,172.31.46.0-255,66,83625,42,168293
31330,0.002012,74.125.24.0-255,1484,85109,42,168293
31331,0.002017,74.125.24.0-255,2902,88011,42,168293
31332,0.002019,172.31.46.0-255,66,88077,42,168293
31333,0.002047,74.125.24.0-255,1484,89561,42,168293
31334,0.002052,74.125.24.0-255,2902,92463,42,168293
31335,0.002054,172.31.46.0-255,66,92529,42,168293
31336,0.002086,74.125.24.0-255,5738,98267,42,168293
31337,0.002089,172.31.46.0-255,66,98333,42,168293
31338,0.002137,172.31.46.0-255,66,98399,42,168293
31339,0.002142,74.125.24.0-255,2902,101301,42,168293
31340,0.002145,172.31.46.0-255,66,101367,42,168293
31341,0.002182,74.125.24.0-255,5020,106387,42,168293
31342,0.002184,172.31.46.0-255,66,106453,42,168293
31343,0.00221,74.125.24.0-255,1484,107937,42,168293
31344,0.002214,74.125.24.0-255,2902,110839,42,168293
31345,0.002216,172.31.46.0-255,66,110905,42,168293
31346,0.002244,74.125.24.0-255,5738,116643,42,168293
31347,0.002246,172.31.46.0-255,66,116709,42,168293
31348,0.002253,74.125.24.0-255,5738,122447,42,168293
31349,0.002255,172.31.46.0-255,66,122513,42,168293
31350,0.002296,172.31.46.0-255,66,122579,42,168293
31351,0.002303,74.125.24.0-255,5020,127599,42,168293
31352,0.002306,172.31.46.0-255,66,127665,42,168293
31353,0.004656,74.125.24.0-255,5738,133403,42,168293
31354,0.004672,172.31.46.0-255,66,133469,42,168293
31355,0.007003,74.125.24.0-255,5738,139207,42,168293
31356,0.007012,172.31.46.0-255,66,139273,42,168293
31357,0.009327,74.125.24.0-255,5738,145011,42,168293
31358,0.009334,172.31.46.0-255,66,145077,42,168293
31359,0.011661,74.125.24.0-255,5738,150815,42,168293
31360,0.011671,172.31.46.0-255,66,150881,42,168293
31361,0.014052,74.125.24.0-255,5738,156619,42,168293
31362,0.014067,172.31.46.0-255,66,156685,42,168293
31363,0.016402,74.125.24.0-255,5738,162423,42,168293
31364,0.016417,172.31.46.0-255,66,162489,42,168293
31365,0.01877,74.125.24.0-255,5738,168227,42,168293
31366,0.018783,172.31.46.0-255,66,168293,42,168293
31367,0.0,74.125.24.0-255,147,147,42,266177
31368,1.3e-05,172.31.46.0-255,66,213,42,266177
31369,1.9e-05,74.125.24.0-255,1484,1697,42,266177
31370,2.2e-05,172.31.46.0-255,66,1763,42,266177
31371,2.8e-05,74.125.24.0-255,2902,4665,42,266177
31372,3.8e-05,172.31.46.0-255,66,4731,42,266177
31373,4.3e-05,74.125.24.0-255,5738,10469,42,266177
31374,4.7e-05,172.31.46.0-255,66,10535,42,266177
31375,6.5e-05,74.125.24.0-255,1484,12019,42,266177
31376,7.3e-05,172.31.46.0-255,66,12085,42,266177
31377,7.7e-05,74.125.24.0-255,1976,14061,42,266177
31378,7.8e-05,172.31.46.0-255,66,14127,42,266177
31379,9e-05,172.31.46.0-255,66,14193,42,266177
31380,0.000121,74.125.24.0-255,5379,19572,42,266177
31381,0.000124,172.31.46.0-255,66,19638,42,266177
31382,0.00015,74.125.24.0-255,1484,21122,42,266177
31383,0.000152,172.31.46.0-255,66,21188,42,266177
31384,0.00018,74.125.24.0-255,2902,24090,42,266177
31385,0.000182,172.31.46.0-255,66,24156,42,266177
31386,0.000188,74.125.24.0-255,5738,29894,42,266177
31387,0.00019,172.31.46.0-255,66,29960,42,266177
31388,0.000219,74.125.24.0-255,6797,36757,42,266177
31389,0.000222,172.31.46.0-255,66,36823,42,266177
31390,0.000261,74.125.24.0-255,7156,43979,42,266177
31391,0.000263,172.31.46.0-255,66,44045,42,266177
31392,0.000278,74.125.24.0-255,5738,49783,42,266177
31393,0.000279,172.31.46.0-255,66,49849,42,266177
31394,0.000309,74.125.24.0-255,3961,53810,42,266177
31395,0.000312,172.31.46.0-255,66,53876,42,266177
31396,0.000348,74.125.24.0-255,647,54523,42,266177
31397,0.00035,172.31.46.0-255,66,54589,42,266177
31398,0.000474,74.125.24.0-255,1484,56073,42,266177
31399,0.00048,74.125.24.0-255,2902,58975,42,266177
31400,0.000483,172.31.46.0-255,66,59041,42,266177
31401,0.000512,74.125.24.0-255,5738,64779,42,266177
31402,0.000515,172.31.46.0-255,66,64845,42,266177
31403,0.000522,74.125.24.0-255,6797,71642,42,266177
31404,0.000524,172.31.46.0-255,66,71708,42,266177
31405,0.000527,74.125.24.0-255,1484,73192,42,266177
31406,0.000564,172.31.46.0-255,66,73258,42,266177
31407,0.000568,74.125.24.0-255,2543,75801,42,266177
31408,0.000569,172.31.46.0-255,66,75867,42,266177
31409,0.000729,74.125.24.0-255,1484,77351,42,266177
31410,0.000743,74.125.24.0-255,2902,80253,42,266177
31411,0.000746,172.31.46.0-255,66,80319,42,266177
31412,0.000773,74.125.24.0-255,5738,86057,42,266177
31413,0.000775,172.31.46.0-255,66,86123,42,266177
31414,0.00078,74.125.24.0-255,4320,90443,42,266177
31415,0.000782,172.31.46.0-255,66,90509,42,266177
31416,0.000787,74.125.24.0-255,5738,96247,42,266177
31417,0.000789,172.31.46.0-255,66,96313,42,266177
31418,0.00082,74.125.24.0-255,5738,102051,42,266177
31419,0.000823,172.31.46.0-255,66,102117,42,266177
31420,0.000832,172.31.46.0-255,66,102183,42,266177
31421,0.000879,172.31.46.0-255,66,102249,42,266177
31422,0.000881,74.125.24.0-255,1484,103733,42,266177
31423,0.000911,172.31.46.0-255,66,103799,42,266177
31424,0.000946,74.125.24.0-255,4320,108119,42,266177
31425,0.000949,172.31.46.0-255,66,108185,42,266177
31426,0.000987,172.31.46.0-255,66,108251,42,266177
31427,0.001093,74.125.24.0-255,1484,109735,42,266177
31428,0.001098,74.125.24.0-255,2902,112637,42,266177
31429,0.001101,172.31.46.0-255,66,112703,42,266177
31430,0.001104,74.125.24.0-255,1484,114187,42,266177
31431,0.001129,74.125.24.0-255,4320,118507,42,266177
31432,0.001132,172.31.46.0-255,66,118573,42,266177
31433,0.001138,74.125.24.0-255,7156,125729,42,266177
31434,0.001139,172.31.46.0-255,66,125795,42,266177
31435,0.001167,74.125.24.0-255,7156,132951,42,266177
31436,0.00117,172.31.46.0-255,66,133017,42,266177
31437,0.001196,74.125.24.0-255,7156,140173,42,266177
31438,0.001199,172.31.46.0-255,66,140239,42,266177
31439,0.001203,74.125.24.0-255,2184,142423,42,266177
31440,0.001205,172.31.46.0-255,66,142489,42,266177
31441,0.001246,74.125.24.0-255,1484,143973,42,266177
31442,0.001251,74.125.24.0-255,2902,146875,42,266177
31443,0.001253,172.31.46.0-255,66,146941,42,266177
31444,0.001256,74.125.24.0-255,1484,148425,42,266177
31445,0.001288,74.125.24.0-255,4320,152745,42,266177
31446,0.001291,172.31.46.0-255,66,152811,42,266177
31447,0.001296,74.125.24.0-255,4320,157131,42,266177
31448,0.001298,172.31.46.0-255,66,157197,42,266177
31449,0.001314,172.31.46.0-255,66,157263,42,266177
31450,0.001318,74.125.24.0-255,2902,160165,42,266177
31451,0.00132,172.31.46.0-255,66,160231,42,266177
31452,0.001347,74.125.24.0-255,5020,165251,42,266177
31453,0.001353,172.31.46.0-255,66,165317,42,266177
31454,0.001358,74.125.24.0-255,4320,169637,42,266177
31455,0.00136,172.31.46.0-255,66,169703,42,266177
31456,0.001383,74.125.24.0-255,4320,174023,42,266177
31457,0.001386,172.31.46.0-255,66,174089,42,266177
31458,0.001394,74.125.24.0-255,4320,178409,42,266177
31459,0.001396,172.31.46.0-255,66,178475,42,266177
31460,0.001399,74.125.24.0-255,1484,179959,42,266177
31461,0.001444,172.31.46.0-255,66,180025,42,266177
31462,0.001451,74.125.24.0-255,6438,186463,42,266177
31463,0.001453,172.31.46.0-255,66,186529,42,266177
31464,0.00149,74.125.24.0-255,1484,188013,42,266177
31465,0.001501,74.125.24.0-255,2902,190915,42,266177
31466,0.001504,172.31.46.0-255,66,190981,42,266177
31467,0.00153,74.125.24.0-255,5738,196719,42,266177
31468,0.001533,172.31.46.0-255,66,196785,42,266177
31469,0.001571,172.31.46.0-255,66,196851,42,266177
31470,0.001635,74.125.24.0-255,3602,200453,42,266177
31471,0.001639,172.31.46.0-255,66,200519,42,266177
31472,0.001642,172.31.46.0-255,66,200585,42,266177
31473,0.001914,74.125.24.0-255,1484,202069,42,266177
31474,0.001929,74.125.24.0-255,2902,204971,42,266177
31475,0.001933,172.31.46.0-255,66,205037,42,266177
31476,0.001942,74.125.24.0-255,4320,209357,42,266177
31477,0.001944,172.31.46.0-255,66,209423,42,266177
31478,0.001968,74.125.24.0-255,1484,210907,42,266177
31479,0.001972,74.125.24.0-255,2902,213809,42,266177
31480,0.001974,172.31.46.0-255,66,213875,42,266177
31481,0.003883,74.125.24.0-255,1484,215359,42,266177
31482,0.003925,74.125.24.0-255,4320,219679,42,266177
31483,0.003929,172.31.46.0-255,66,219745,42,266177
31484,0.005859,74.125.24.0-255,5738,225483,42,266177
31485,0.005863,172.31.46.0-255,66,225549,42,266177
31486,0.007838,74.125.24.0-255,5738,231287,42,266177
31487,0.007844,172.31.46.0-255,66,231353,42,266177
31488,0.009804,74.125.24.0-255,5738,237091,42,266177
31489,0.00981,172.31.46.0-255,66,237157,42,266177
31490,0.01178,74.125.24.0-255,5738,242895,42,266177
31491,0.011787,172.31.46.0-255,66,242961,42,266177
31492,0.013736,74.125.24.0-255,5738,248699,42,266177
31493,0.013743,172.31.46.0-255,66,248765,42,266177
31494,0.01571,74.125.24.0-255,5738,254503,42,266177
31495,0.01572,172.31.46.0-255,66,254569,42,266177
31496,0.017674,74.125.24.0-255,5738,260307,42,266177
31497,0.017682,172.31.46.0-255,66,260373,42,266177
31498,0.019632,74.125.24.0-255,5738,266111,42,266177
31499,0.019639,172.31.46.0-255,66,266177,42,266177
31500,0.0,172.217.194.0-255,153,153,42,147304
31501,2.1e-05,172.31.46.0-255,66,219,42,147304
31502,2.9e-05,172.217.194.0-255,1484,1703,42,147304
31503,3.4e-05,172.31.46.0-255,66,1769,42,147304
31504,3.9e-05,172.217.194.0-255,2902,4671,42,147304
31505,4.2e-05,172.31.46.0-255,66,4737,42,147304
31506,4.6e-05,172.217.194.0-255,1484,6221,42,147304
31507,4.8e-05,172.31.46.0-255,66,6287,42,147304
31508,7.9e-05,172.217.194.0-255,5738,12025,42,147304
31509,8.2e-05,172.31.46.0-255,66,12091,42,147304
31510,8.6e-05,172.217.194.0-255,1938,14029,42,147304
31511,8.8e-05,172.31.46.0-255,66,14095,42,147304
31512,9.4e-05,172.217.194.0-255,4320,18415,42,147304
31513,9.6e-05,172.31.46.0-255,66,18481,42,147304
31514,0.000125,172.217.194.0-255,7156,25637,42,147304
31515,0.000128,172.31.46.0-255,66,25703,42,147304
31516,0.000162,172.217.194.0-255,1484,27187,42,147304
31517,0.000164,172.31.46.0-255,66,27253,42,147304
31518,0.00019,172.31.46.0-255,66,27319,42,147304
31519,0.000211,172.217.194.0-255,4320,31639,42,147304
31520,0.000213,172.31.46.0-255,66,31705,42,147304
31521,0.000228,172.217.194.0-255,1484,33189,42,147304
31522,0.00023,172.31.46.0-255,66,33255,42,147304
31523,0.000254,172.217.194.0-255,3602,36857,42,147304
31524,0.000256,172.31.46.0-255,66,36923,42,147304
31525,0.000613,172.217.194.0-255,1484,38407,42,147304
31526,0.000619,172.31.46.0-255,66,38473,42,147304
31527,0.000626,172.217.194.0-255,2902,41375,42,147304
31528,0.000628,172.31.46.0-255,66,41441,42,147304
31529,0.000634,172.217.194.0-255,4320,45761,42,147304
31530,0.000637,172.31.46.0-255,66,45827,42,147304
31531,0.000662,172.217.194.0-255,1484,47311,42,147304
31532,0.000671,172.217.194.0-255,6797,54108,42,147304
31533,0.000673,172.31.46.0-255,66,54174,42,147304
31534,0.000707,172.217.194.0-255,1484,55658,42,147304
31535,0.000721,172.217.194.0-255,2902,58560,42,147304
31536,0.000724,172.31.46.0-255,66,58626,42,147304
31537,0.000744,172.217.194.0-255,5738,64364,42,147304
31538,0.000747,172.31.46.0-255,66,64430,42,147304
31539,0.000785,172.31.46.0-255,66,64496,42,147304
31540,0.000805,172.217.194.0-255,2543,67039,42,147304
31541,0.000808,172.31.46.0-255,66,67105,42,147304
31542,0.000811,172.217.194.0-255,1484,68589,42,147304
31543,0.000826,172.217.194.0-255,4320,72909,42,147304
31544,0.000828,172.31.46.0-255,66,72975,42,147304
31545,0.000845,172.217.194.0-255,4541,77516,42,147304
31546,0.000848,172.31.46.0-255,66,77582,42,147304
31547,0.001302,172.217.194.0-255,1484,79066,42,147304
31548,0.001309,172.217.194.0-255,2902,81968,42,147304
31549,0.001312,172.31.46.0-255,66,82034,42,147304
31550,0.00134,172.217.194.0-255,1484,83518,42,147304
31551,0.001362,172.217.194.0-255,4320,87838,42,147304
31552,0.001365,172.31.46.0-255,66,87904,42,147304
31553,0.001378,172.31.46.0-255,66,87970,42,147304
31554,0.001393,172.31.46.0-255,66,88036,42,147304
31555,0.001832,172.217.194.0-255,1484,89520,42,147304
31556,0.001838,172.217.194.0-255,2902,92422,42,147304
31557,0.001842,172.31.46.0-255,66,92488,42,147304
31558,0.001868,172.217.194.0-255,5738,98226,42,147304
31559,0.001871,172.31.46.0-255,66,98292,42,147304
31560,0.001883,172.31.46.0-255,66,98358,42,147304
31561,0.001898,172.217.194.0-255,2902,101260,42,147304
31562,0.0019,172.31.46.0-255,66,101326,42,147304
31563,0.001911,172.31.46.0-255,66,101392,42,147304
31564,0.001937,172.217.194.0-255,766,102158,42,147304
31565,0.002204,172.31.46.0-255,66,102224,42,147304
31566,0.004033,172.217.194.0-255,4320,106544,42,147304
31567,0.00404,172.31.46.0-255,66,106610,42,147304
31568,0.004274,172.217.194.0-255,1484,108094,42,147304
31569,0.006165,172.217.194.0-255,4320,112414,42,147304
31570,0.00617,172.31.46.0-255,66,112480,42,147304
31571,0.008273,172.217.194.0-255,5738,118218,42,147304
31572,0.008285,172.31.46.0-255,66,118284,42,147304
31573,0.010419,172.217.194.0-255,5738,124022,42,147304
31574,0.010428,172.31.46.0-255,66,124088,42,147304
31575,0.012546,172.217.194.0-255,5738,129826,42,147304
31576,0.012554,172.31.46.0-255,66,129892,42,147304
31577,0.014617,172.217.194.0-255,5738,135630,42,147304
31578,0.014627,172.31.46.0-255,66,135696,42,147304
31579,0.016743,172.217.194.0-255,5738,141434,42,147304
31580,0.016749,172.31.46.0-255,66,141500,42,147304
31581,0.018896,172.217.194.0-255,5738,147238,42,147304
31582,0.018904,172.31.46.0-255,66,147304,42,147304
31583,0.0,74.125.24.0-255,146,146,42,215443
31584,1.7e-05,172.31.46.0-255,66,212,42,215443
31585,2.3e-05,74.125.24.0-255,1484,1696,42,215443
31586,2.8e-05,172.31.46.0-255,66,1762,42,215443
31587,3.4e-05,74.125.24.0-255,2902,4664,42,215443
31588,3.6e-05,172.31.46.0-255,66,4730,42,215443
31589,4.3e-05,74.125.24.0-255,7156,11886,42,215443
31590,4.6e-05,172.31.46.0-255,66,11952,42,215443
31591,8.1e-05,74.125.24.0-255,6300,18252,42,215443
31592,8.4e-05,172.31.46.0-255,66,18318,42,215443
31593,9e-05,74.125.24.0-255,7156,25474,42,215443
31594,9.3e-05,172.31.46.0-255,66,25540,42,215443
31595,0.000114,74.125.24.0-255,5379,30919,42,215443
31596,0.000116,172.31.46.0-255,66,30985,42,215443
31597,0.000183,74.125.24.0-255,1484,32469,42,215443
31598,0.000186,172.31.46.0-255,66,32535,42,215443
31599,0.000191,74.125.24.0-255,2902,35437,42,215443
31600,0.000193,172.31.46.0-255,66,35503,42,215443
31601,0.000196,74.125.24.0-255,1484,36987,42,215443
31602,0.000197,172.31.46.0-255,66,37053,42,215443
31603,0.000228,74.125.24.0-255,4320,41373,42,215443
31604,0.000231,172.31.46.0-255,66,41439,42,215443
31605,0.000237,74.125.24.0-255,4320,45759,42,215443
31606,0.000239,172.31.46.0-255,66,45825,42,215443
31607,0.000246,74.125.24.0-255,7156,52981,42,215443
31608,0.000248,172.31.46.0-255,66,53047,42,215443
31609,0.000274,74.125.24.0-255,5379,58426,42,215443
31610,0.000276,172.31.46.0-255,66,58492,42,215443
31611,0.000283,74.125.24.0-255,7075,65567,42,215443
31612,0.000286,172.31.46.0-255,66,65633,42,215443
31613,0.000349,74.125.24.0-255,127,65760,42,215443
31614,0.000352,172.31.46.0-255,66,65826,42,215443
31615,0.000609,74.125.24.0-255,1484,67310,42,215443
31616,0.000613,172.31.46.0-255,66,67376,42,215443
31617,0.000618,74.125.24.0-255,2902,70278,42,215443
31618,0.00062,172.31.46.0-255,66,70344,42,215443
31619,0.000624,74.125.24.0-255,2902,73246,42,215443
31620,0.000625,172.31.46.0-255,66,73312,42,215443
31621,0.00065,74.125.24.0-255,2902,76214,42,215443
31622,0.000653,172.31.46.0-255,66,76280,42,215443
31623,0.000662,74.125.24.0-255,5738,82018,42,215443
31624,0.000664,172.31.46.0-255,66,82084,42,215443
31625,0.000698,172.31.46.0-255,66,82150,42,215443
31626,0.000704,74.125.24.0-255,5738,87888,42,215443
31627,0.000706,172.31.46.0-255,66,87954,42,215443
31628,0.000721,74.125.24.0-255,3961,91915,42,215443
31629,0.000723,172.31.46.0-255,66,91981,42,215443
31630,0.000857,74.125.24.0-255,1484,93465,42,215443
31631,0.00086,172.31.46.0-255,66,93531,42,215443
31632,0.000863,74.125.24.0-255,1484,95015,42,215443
31633,0.000865,172.31.46.0-255,66,95081,42,215443
31634,0.000877,74.125.24.0-255,1484,96565,42,215443
31635,0.000883,74.125.24.0-255,5738,102303,42,215443
31636,0.000894,74.125.24.0-255,1484,103787,42,215443
31637,0.000919,172.31.46.0-255,66,103853,42,215443
31638,0.000957,172.31.46.0-255,66,103919,42,215443
31639,0.000997,74.125.24.0-255,1484,105403,42,215443
31640,0.001002,74.125.24.0-255,1484,106887,42,215443
31641,0.001012,172.31.46.0-255,66,106953,42,215443
31642,0.001032,74.125.24.0-255,1484,108437,42,215443
31643,0.001037,74.125.24.0-255,5738,114175,42,215443
31644,0.001058,74.125.24.0-255,2902,117077,42,215443
31645,0.001062,172.31.46.0-255,66,117143,42,215443
31646,0.001077,74.125.24.0-255,2902,120045,42,215443
31647,0.001085,172.31.46.0-255,66,120111,42,215443
31648,0.00116,172.31.46.0-255,66,120177,42,215443
31649,0.001189,74.125.24.0-255,2902,123079,42,215443
31650,0.001193,74.125.24.0-255,4320,127399,42,215443
31651,0.001198,74.125.24.0-255,2902,130301,42,215443
31652,0.001204,172.31.46.0-255,66,130367,42,215443
31653,0.001214,74.125.24.0-255,5738,136105,42,215443
31654,0.001227,74.125.24.0-255,4320,140425,42,215443
31655,0.001231,172.31.46.0-255,66,140491,42,215443
31656,0.001262,74.125.24.0-255,1484,141975,42,215443
31657,0.001274,74.125.24.0-255,1484,143459,42,215443
31658,0.001286,172.31.46.0-255,66,143525,42,215443
31659,0.001297,74.125.24.0-255,1484,145009,42,215443
31660,0.001302,74.125.24.0-255,5738,150747,42,215443
31661,0.001319,74.125.24.0-255,5738,156485,42,215443
31662,0.001338,74.125.24.0-255,7156,163641,42,215443
31663,0.001342,74.125.24.0-255,2902,166543,42,215443
31664,0.001356,172.31.46.0-255,66,166609,42,215443
31665,0.001391,74.125.24.0-255,2902,169511,42,215443
31666,0.001399,172.31.46.0-255,66,169577,42,215443
31667,0.00142,172.31.46.0-255,66,169643,42,215443
31668,0.00143,74.125.24.0-255,1484,171127,42,215443
31669,0.001472,74.125.24.0-255,4320,175447,42,215443
31670,0.001491,74.125.24.0-255,3602,179049,42,215443
31671,0.001494,172.31.46.0-255,66,179115,42,215443
31672,0.0015,172.31.46.0-255,66,179181,42,215443
31673,0.001553,74.125.24.0-255,1484,180665,42,215443
31674,0.001582,74.125.24.0-255,2902,183567,42,215443
31675,0.001598,74.125.24.0-255,4320,187887,42,215443
31676,0.00161,172.31.46.0-255,66,187953,42,215443
31677,0.001641,172.31.46.0-255,66,188019,42,215443
31678,0.001659,172.31.46.0-255,66,188085,42,215443
31679,0.001687,74.125.24.0-255,4320,192405,42,215443
31680,0.001701,74.125.24.0-255,3602,196007,42,215443
31681,0.001705,172.31.46.0-255,66,196073,42,215443
31682,0.001709,172.31.46.0-255,66,196139,42,215443
31683,0.001747,74.125.24.0-255,1484,197623,42,215443
31684,0.001763,74.125.24.0-255,2902,200525,42,215443
31685,0.001769,74.125.24.0-255,2902,203427,42,215443
31686,0.001774,172.31.46.0-255,66,203493,42,215443
31687,0.001783,74.125.24.0-255,2902,206395,42,215443
31688,0.001797,74.125.24.0-255,4320,210715,42,215443
31689,0.001822,74.125.24.0-255,4320,215035,42,215443
31690,0.001829,172.31.46.0-255,66,215101,42,215443
31691,0.001927,74.125.24.0-255,105,215206,42,215443
31692,0.001936,172.31.46.0-255,66,215272,42,215443
31693,0.004282,172.31.46.0-255,105,215377,42,215443
31694,0.006496,74.125.24.0-255,66,215443,42,215443
31695,0.0,74.125.130.0-255,153,153,42,210504
31696,1.8e-05,172.31.46.0-255,66,219,42,210504
31697,2.5e-05,74.125.130.0-255,1484,1703,42,210504
31698,3e-05,172.31.46.0-255,66,1769,42,210504
31699,3.6e-05,74.125.130.0-255,2902,4671,42,210504
31700,4e-05,172.31.46.0-255,66,4737,42,210504
31701,4.7e-05,74.125.130.0-255,5738,10475,42,210504
31702,5e-05,172.31.46.0-255,66,10541,42,210504
31703,5.4e-05,74.125.130.0-255,1484,12025,42,210504
31704,5.6e-05,172.31.46.0-255,66,12091,42,210504
31705,8e-05,74.125.130.0-255,1939,14030,42,210504
31706,8.3e-05,172.31.46.0-255,66,14096,42,210504
31707,0.000253,74.125.130.0-255,1484,15580,42,210504
31708,0.000259,172.31.46.0-255,66,15646,42,210504
31709,0.000276,74.125.130.0-255,2902,18548,42,210504
31710,0.000279,172.31.46.0-255,66,18614,42,210504
31711,0.000285,74.125.130.0-255,4320,22934,42,210504
31712,0.000288,172.31.46.0-255,66,23000,42,210504
31713,0.000317,74.125.130.0-255,5738,28738,42,210504
31714,0.00032,172.31.46.0-255,66,28804,42,210504
31715,0.000341,74.125.130.0-255,2543,31347,42,210504
31716,0.000344,172.31.46.0-255,66,31413,42,210504
31717,0.00035,74.125.130.0-255,5738,37151,42,210504
31718,0.000353,172.31.46.0-255,66,37217,42,210504
31719,0.000367,74.125.130.0-255,2902,40119,42,210504
31720,0.00037,172.31.46.0-255,66,40185,42,210504
31721,0.000396,74.125.130.0-255,5738,45923,42,210504
31722,0.000399,172.31.46.0-255,66,45989,42,210504
31723,0.000441,74.125.130.0-255,4320,50309,42,210504
31724,0.000444,172.31.46.0-255,66,50375,42,210504
31725,0.000462,74.125.130.0-255,2902,53277,42,210504
31726,0.000464,172.31.46.0-255,66,53343,42,210504
31727,0.000491,74.125.130.0-255,4320,57663,42,210504
31728,0.000502,172.31.46.0-255,66,57729,42,210504
31729,0.000538,172.31.46.0-255,66,57795,42,210504
31730,0.000541,74.125.130.0-255,341,58136,42,210504
31731,0.000718,74.125.130.0-255,114,58250,42,210504
31732,0.000946,74.125.130.0-255,1484,59734,42,210504
31733,0.00095,172.31.46.0-255,66,59800,42,210504
31734,0.000964,74.125.130.0-255,1484,61284,42,210504
31735,0.001008,74.125.130.0-255,2902,64186,42,210504
31736,0.001015,74.125.130.0-255,5738,69924,42,210504
31737,0.001024,172.31.46.0-255,66,69990,42,210504
31738,0.001035,74.125.130.0-255,2902,72892,42,210504
31739,0.00105,74.125.130.0-255,2902,75794,42,210504
31740,0.00106,172.31.46.0-255,66,75860,42,210504
31741,0.001084,74.125.130.0-255,7156,83016,42,210504
31742,0.0011,172.31.46.0-255,66,83082,42,210504
31743,0.001111,74.125.130.0-255,4320,87402,42,210504
31744,0.001116,172.31.46.0-255,66,87468,42,210504
31745,0.001127,74.125.130.0-255,1484,88952,42,210504
31746,0.001174,74.125.130.0-255,1484,90436,42,210504
31747,0.001187,74.125.130.0-255,2184,92620,42,210504
31748,0.001196,172.31.46.0-255,66,92686,42,210504
31749,0.001334,74.125.130.0-255,1484,94170,42,210504
31750,0.001359,74.125.130.0-255,1484,95654,42,210504
31751,0.001363,172.31.46.0-255,66,95720,42,210504
31752,0.001378,74.125.130.0-255,1484,97204,42,210504
31753,0.001392,74.125.130.0-255,2902,100106,42,210504
31754,0.001399,172.31.46.0-255,66,100172,42,210504
31755,0.001409,74.125.130.0-255,1484,101656,42,210504
31756,0.001417,74.125.130.0-255,5738,107394,42,210504
31757,0.001421,172.31.46.0-255,66,107460,42,210504
31758,0.001462,172.31.46.0-255,66,107526,42,210504
31759,0.001512,74.125.130.0-255,4320,111846,42,210504
31760,0.001532,74.125.130.0-255,2902,114748,42,210504
31761,0.001545,74.125.130.0-255,766,115514,42,210504
31762,0.001551,172.31.46.0-255,66,115580,42,210504
31763,0.001596,74.125.130.0-255,1484,117064,42,210504
31764,0.001618,74.125.130.0-255,2902,119966,42,210504
31765,0.001621,172.31.46.0-255,66,120032,42,210504
31766,0.001643,74.125.130.0-255,4320,124352,42,210504
31767,0.001653,74.125.130.0-255,1484,125836,42,210504
31768,0.001656,74.125.130.0-255,1484,127320,42,210504
31769,0.001666,172.31.46.0-255,66,127386,42,210504
31770,0.001674,74.125.130.0-255,1484,128870,42,210504
31771,0.001693,74.125.130.0-255,1484,130354,42,210504
31772,0.001695,172.31.46.0-255,66,130420,42,210504
31773,0.001739,74.125.130.0-255,2902,133322,42,210504
31774,0.001753,74.125.130.0-255,2902,136224,42,210504
31775,0.001769,172.31.46.0-255,66,136290,42,210504
31776,0.001772,74.125.130.0-255,1484,137774,42,210504
31777,0.001792,74.125.130.0-255,3602,141376,42,210504
31778,0.001811,172.31.46.0-255,66,141442,42,210504
31779,0.001997,74.125.130.0-255,1484,142926,42,210504
31780,0.002012,74.125.130.0-255,2902,145828,42,210504
31781,0.002015,172.31.46.0-255,66,145894,42,210504
31782,0.002034,74.125.130.0-255,2902,148796,42,210504
31783,0.00204,172.31.46.0-255,66,148862,42,210504
31784,0.002061,74.125.130.0-255,2902,151764,42,210504
31785,0.002085,74.125.130.0-255,7156,158920,42,210504
31786,0.002096,74.125.130.0-255,1484,160404,42,210504
31787,0.002117,74.125.130.0-255,2902,163306,42,210504
31788,0.002138,74.125.130.0-255,5738,169044,42,210504
31789,0.00218,74.125.130.0-255,2902,171946,42,210504
31790,0.002194,74.125.130.0-255,2902,174848,42,210504
31791,0.002198,74.125.130.0-255,766,175614,42,210504
31792,0.004526,172.31.46.0-255,66,175680,42,210504
31793,0.006774,74.125.130.0-255,5738,181418,42,210504
31794,0.00678,172.31.46.0-255,66,181484,42,210504
31795,0.009017,74.125.130.0-255,5738,187222,42,210504
31796,0.009044,172.31.46.0-255,66,187288,42,210504
31797,0.011276,74.125.130.0-255,5738,193026,42,210504
31798,0.011286,172.31.46.0-255,66,193092,42,210504
31799,0.013526,74.125.130.0-255,5738,198830,42,210504
31800,0.013536,172.31.46.0-255,66,198896,42,210504
31801,0.015769,74.125.130.0-255,5738,204634,42,210504
31802,0.016142,172.31.46.0-255,66,204700,42,210504
31803,0.018383,74.125.130.0-255,5738,210438,42,210504
31804,0.018394,172.31.46.0-255,66,210504,42,210504
31805,0.0,172.217.194.0-255,150,150,42,175050
31806,1.8e-05,172.31.46.0-255,66,216,42,175050
31807,2.4e-05,172.217.194.0-255,1484,1700,42,175050
31808,2.8e-05,172.31.46.0-255,66,1766,42,175050
31809,3.4e-05,172.217.194.0-255,2902,4668,42,175050
31810,4.3e-05,172.31.46.0-255,66,4734,42,175050
31811,4.8e-05,172.217.194.0-255,2902,7636,42,175050
31812,5e-05,172.31.46.0-255,66,7702,42,175050
31813,9.7e-05,172.31.46.0-255,66,7768,42,175050
31814,0.000107,172.31.46.0-255,66,7834,42,175050
31815,0.000137,172.217.194.0-255,3961,11795,42,175050
31816,0.000139,172.31.46.0-255,66,11861,42,175050
31817,0.000184,172.217.194.0-255,2902,14763,42,175050
31818,0.000187,172.31.46.0-255,66,14829,42,175050
31819,0.000211,172.217.194.0-255,1484,16313,42,175050
31820,0.000213,172.31.46.0-255,66,16379,42,175050
31821,0.000221,172.217.194.0-255,5738,22117,42,175050
31822,0.000223,172.31.46.0-255,66,22183,42,175050
31823,0.000239,172.31.46.0-255,66,22249,42,175050
31824,0.000276,172.217.194.0-255,2543,24792,42,175050
31825,0.000278,172.31.46.0-255,66,24858,42,175050
31826,0.000289,172.31.46.0-255,66,24924,42,175050
31827,0.000293,172.217.194.0-255,1715,26639,42,175050
31828,0.000296,172.31.46.0-255,66,26705,42,175050
31829,0.000371,172.217.194.0-255,1484,28189,42,175050
31830,0.000375,172.31.46.0-255,66,28255,42,175050
31831,0.000381,172.217.194.0-255,2902,31157,42,175050
31832,0.000383,172.31.46.0-255,66,31223,42,175050
31833,0.000388,172.217.194.0-255,2902,34125,42,175050
31834,0.000413,172.217.194.0-255,2902,37027,42,175050
31835,0.000443,172.217.194.0-255,4320,41347,42,175050
31836,0.000448,172.217.194.0-255,4320,45667,42,175050
31837,0.000468,172.217.194.0-255,5888,51555,42,175050
31838,0.000511,172.217.194.0-255,1484,53039,42,175050
31839,0.000515,172.217.194.0-255,1484,54523,42,175050
31840,0.000524,172.217.194.0-255,1484,56007,42,175050
31841,0.00054,172.217.194.0-255,5738,61745,42,175050
31842,0.000545,172.217.194.0-255,4320,66065,42,175050
31843,0.000589,172.217.194.0-255,2543,68608,42,175050
31844,0.000654,172.31.46.0-255,66,68674,42,175050
31845,0.000705,172.217.194.0-255,1484,70158,42,175050
31846,0.000748,172.217.194.0-255,2902,73060,42,175050
31847,0.000754,172.217.194.0-255,5738,78798,42,175050
31848,0.000777,172.217.194.0-255,4320,83118,42,175050
31849,0.000798,172.31.46.0-255,66,83184,42,175050
31850,0.000806,172.217.194.0-255,7156,90340,42,175050
31851,0.000817,172.31.46.0-255,66,90406,42,175050
31852,0.000832,172.217.194.0-255,3602,94008,42,175050
31853,0.000849,172.31.46.0-255,66,94074,42,175050
31854,0.000982,172.217.194.0-255,1484,95558,42,175050
31855,0.000988,172.217.194.0-255,2902,98460,42,175050
31856,0.000992,172.217.194.0-255,1484,99944,42,175050
31857,0.001003,172.217.194.0-255,4320,104264,42,175050
31858,0.001019,172.217.194.0-255,4320,108584,42,175050
31859,0.001032,172.31.46.0-255,66,108650,42,175050
31860,0.001056,172.217.194.0-255,2902,111552,42,175050
31861,0.001061,172.31.46.0-255,66,111618,42,175050
31862,0.001104,172.31.46.0-255,66,111684,42,175050
31863,0.001111,172.217.194.0-255,1484,113168,42,175050
31864,0.001129,172.217.194.0-255,2902,116070,42,175050
31865,0.001149,172.217.194.0-255,5738,121808,42,175050
31866,0.001153,172.217.194.0-255,2902,124710,42,175050
31867,0.001169,172.217.194.0-255,1484,126194,42,175050
31868,0.001172,172.31.46.0-255,66,126260,42,175050
31869,0.001204,172.217.194.0-255,2902,129162,42,175050
31870,0.001213,172.31.46.0-255,66,129228,42,175050
31871,0.001266,172.31.46.0-255,66,129294,42,175050
31872,0.001675,172.217.194.0-255,1484,130778,42,175050
31873,0.001691,172.217.194.0-255,2902,133680,42,175050
31874,0.001694,172.217.194.0-255,1484,135164,42,175050
31875,0.001701,172.31.46.0-255,66,135230,42,175050
31876,0.001738,172.217.194.0-255,4320,139550,42,175050
31877,0.001744,172.217.194.0-255,4320,143870,42,175050
31878,0.001768,172.31.46.0-255,66,143936,42,175050
31879,0.001777,172.217.194.0-255,1484,145420,42,175050
31880,0.001811,172.31.46.0-255,66,145486,42,175050
31881,0.001859,172.217.194.0-255,1484,146970,42,175050
31882,0.00187,172.217.194.0-255,2902,149872,42,175050
31883,0.001873,172.31.46.0-255,66,149938,42,175050
31884,0.001879,172.217.194.0-255,5738,155676,42,175050
31885,0.001899,172.31.46.0-255,66,155742,42,175050
31886,0.001953,172.31.46.0-255,66,155808,42,175050
31887,0.001991,172.217.194.0-255,1484,157292,42,175050
31888,0.001995,172.217.194.0-255,1484,158776,42,175050
31889,0.002,172.31.46.0-255,66,158842,42,175050
31890,0.002009,172.217.194.0-255,1484,160326,42,175050
31891,0.00202,172.217.194.0-255,5738,166064,42,175050
31892,0.002022,172.217.194.0-255,1484,167548,42,175050
31893,0.002087,172.31.46.0-255,66,167614,42,175050
31894,0.002159,172.31.46.0-255,66,167680,42,175050
31895,0.0022,172.31.46.0-255,66,167746,42,175050
31896,0.002242,172.217.194.0-255,5738,173484,42,175050
31897,0.002254,172.217.194.0-255,1158,174642,42,175050
31898,0.002262,172.31.46.0-255,66,174708,42,175050
31899,0.004484,172.217.194.0-255,105,174813,42,175050
31900,0.008359,172.31.46.0-255,66,174879,42,175050
31901,0.008403,172.31.46.0-255,105,174984,42,175050
31902,0.010598,172.217.194.0-255,66,175050,42,175050
31903,0.0,74.125.24.0-255,153,153,42,216465
31904,1.3e-05,172.31.46.0-255,66,219,42,216465
31905,2e-05,74.125.24.0-255,1484,1703,42,216465
31906,2.5e-05,172.31.46.0-255,66,1769,42,216465
31907,3.1e-05,74.125.24.0-255,2902,4671,42,216465
31908,3.4e-05,172.31.46.0-255,66,4737,42,216465
31909,4e-05,74.125.24.0-255,4320,9057,42,216465
31910,4.4e-05,172.31.46.0-255,66,9123,42,216465
31911,6.5e-05,74.125.24.0-255,2902,12025,42,216465
31912,6.8e-05,172.31.46.0-255,66,12091,42,216465
31913,7.1e-05,74.125.24.0-255,1484,13575,42,216465
31914,7.3e-05,172.31.46.0-255,66,13641,42,216465
31915,9.3e-05,74.125.24.0-255,4320,17961,42,216465
31916,9.5e-05,172.31.46.0-255,66,18027,42,216465
31917,0.000137,172.31.46.0-255,66,18093,42,216465
31918,0.000227,74.125.24.0-255,1484,19577,42,216465
31919,0.000231,172.31.46.0-255,66,19643,42,216465
31920,0.000235,74.125.24.0-255,1484,21127,42,216465
31921,0.000237,172.31.46.0-255,66,21193,42,216465
31922,0.000253,74.125.24.0-255,1484,22677,42,216465
31923,0.000255,172.31.46.0-255,66,22743,42,216465
31924,0.00026,74.125.24.0-255,2902,25645,42,216465
31925,0.000262,172.31.46.0-255,66,25711,42,216465
31926,0.000282,74.125.24.0-255,2902,28613,42,216465
31927,0.000284,172.31.46.0-255,66,28679,42,216465
31928,0.000287,74.125.24.0-255,1484,30163,42,216465
31929,0.000289,172.31.46.0-255,66,30229,42,216465
31930,0.000293,74.125.24.0-255,1484,31713,42,216465
31931,0.000296,172.31.46.0-255,66,31779,42,216465
31932,0.000332,172.31.46.0-255,66,31845,42,216465
31933,0.000344,172.31.46.0-255,66,31911,42,216465
31934,0.000391,74.125.24.0-255,2850,34761,42,216465
31935,0.000394,172.31.46.0-255,66,34827,42,216465
31936,0.001293,74.125.24.0-255,347,35174,42,216465
31937,0.001421,74.125.24.0-255,1484,36658,42,216465
31938,0.001427,172.31.46.0-255,66,36724,42,216465
31939,0.001473,74.125.24.0-255,2902,39626,42,216465
31940,0.001477,172.31.46.0-255,66,39692,42,216465
31941,0.001484,74.125.24.0-255,5738,45430,42,216465
31942,0.001486,172.31.46.0-255,66,45496,42,216465
31943,0.001518,74.125.24.0-255,6797,52293,42,216465
31944,0.00152,172.31.46.0-255,66,52359,42,216465
31945,0.001528,74.125.24.0-255,7156,59515,42,216465
31946,0.001529,172.31.46.0-255,66,59581,42,216465
31947,0.001533,74.125.24.0-255,1484,61065,42,216465
31948,0.001555,172.31.46.0-255,66,61131,42,216465
31949,0.00253,74.125.24.0-255,1484,62615,42,216465
31950,0.002538,74.125.24.0-255,2902,65517,42,216465
31951,0.002542,172.31.46.0-255,66,65583,42,216465
31952,0.00255,74.125.24.0-255,5738,71321,42,216465
31953,0.002552,172.31.46.0-255,66,71387,42,216465
31954,0.002585,172.31.46.0-255,66,71453,42,216465
31955,0.002658,74.125.24.0-255,2902,74355,42,216465
31956,0.00266,172.31.46.0-255,66,74421,42,216465
31957,0.002687,172.31.46.0-255,66,74487,42,216465
31958,0.002744,74.125.24.0-255,1484,75971,42,216465
31959,0.002765,74.125.24.0-255,2902,78873,42,216465
31960,0.002768,172.31.46.0-255,66,78939,42,216465
31961,0.002772,74.125.24.0-255,2902,81841,42,216465
31962,0.002774,172.31.46.0-255,66,81907,42,216465
31963,0.00279,74.125.24.0-255,1484,83391,42,216465
31964,0.002801,172.31.46.0-255,66,83457,42,216465
31965,0.002852,74.125.24.0-255,1484,84941,42,216465
31966,0.002881,172.31.46.0-255,66,85007,42,216465
31967,0.002886,74.125.24.0-255,3602,88609,42,216465
31968,0.002889,172.31.46.0-255,66,88675,42,216465
31969,0.002941,74.125.24.0-255,1484,90159,42,216465
31970,0.002953,74.125.24.0-255,2902,93061,42,216465
31971,0.002955,172.31.46.0-255,66,93127,42,216465
31972,0.002967,74.125.24.0-255,1484,94611,42,216465
31973,0.002979,74.125.24.0-255,1484,96095,42,216465
31974,0.002982,172.31.46.0-255,66,96161,42,216465
31975,0.003004,74.125.24.0-255,4320,100481,42,216465
31976,0.003007,172.31.46.0-255,66,100547,42,216465
31977,0.003014,74.125.24.0-255,7156,107703,42,216465
31978,0.003017,172.31.46.0-255,66,107769,42,216465
31979,0.003046,74.125.24.0-255,5738,113507,42,216465
31980,0.003049,172.31.46.0-255,66,113573,42,216465
31981,0.003053,74.125.24.0-255,2902,116475,42,216465
31982,0.003055,172.31.46.0-255,66,116541,42,216465
31983,0.003092,74.125.24.0-255,6438,122979,42,216465
31984,0.003095,172.31.46.0-255,66,123045,42,216465
31985,0.003194,74.125.24.0-255,1484,124529,42,216465
31986,0.003206,74.125.24.0-255,2902,127431,42,216465
31987,0.003208,172.31.46.0-255,66,127497,42,216465
31988,0.00323,74.125.24.0-255,5738,133235,42,216465
31989,0.003232,172.31.46.0-255,66,133301,42,216465
31990,0.003253,172.31.46.0-255,66,133367,42,216465
31991,0.003281,74.125.24.0-255,5738,139105,42,216465
31992,0.003284,172.31.46.0-255,66,139171,42,216465
31993,0.003307,74.125.24.0-255,5738,144909,42,216465
31994,0.003309,172.31.46.0-255,66,144975,42,216465
31995,0.003323,74.125.24.0-255,2184,147159,42,216465
31996,0.003326,172.31.46.0-255,66,147225,42,216465
31997,0.00409,74.125.24.0-255,1484,148709,42,216465
31998,0.004103,74.125.24.0-255,2902,151611,42,216465
31999,0.004106,172.31.46.0-255,66,151677,42,216465
32000,0.004137,74.125.24.0-255,5738,157415,42,216465
32001,0.00414,172.31.46.0-255,66,157481,42,216465
32002,0.004143,74.125.24.0-255,1484,158965,42,216465
32003,0.004183,172.31.46.0-255,66,159031,42,216465
32004,0.004196,172.31.46.0-255,66,159097,42,216465
32005,0.004201,74.125.24.0-255,4320,163417,42,216465
32006,0.004204,172.31.46.0-255,66,163483,42,216465
32007,0.00421,74.125.24.0-255,5738,169221,42,216465
32008,0.004213,172.31.46.0-255,66,169287,42,216465
32009,0.004218,74.125.24.0-255,4320,173607,42,216465
32010,0.004221,172.31.46.0-255,66,173673,42,216465
32011,0.004251,74.125.24.0-255,7156,180829,42,216465
32012,0.004254,172.31.46.0-255,66,180895,42,216465
32013,0.004269,172.31.46.0-255,66,180961,42,216465
32014,0.004297,74.125.24.0-255,1484,182445,42,216465
32015,0.004309,74.125.24.0-255,2902,185347,42,216465
32016,0.004312,172.31.46.0-255,66,185413,42,216465
32017,0.004332,74.125.24.0-255,4320,189733,42,216465
32018,0.004334,172.31.46.0-255,66,189799,42,216465
32019,0.004347,74.125.24.0-255,1484,191283,42,216465
32020,0.004353,74.125.24.0-255,4320,195603,42,216465
32021,0.004355,172.31.46.0-255,66,195669,42,216465
32022,0.004378,74.125.24.0-255,1484,197153,42,216465
32023,0.004394,172.31.46.0-255,66,197219,42,216465
32024,0.004401,74.125.24.0-255,6438,203657,42,216465
32025,0.004404,172.31.46.0-255,66,203723,42,216465
32026,0.004446,74.125.24.0-255,4320,208043,42,216465
32027,0.004449,172.31.46.0-255,66,208109,42,216465
32028,0.004473,74.125.24.0-255,2902,211011,42,216465
32029,0.004476,172.31.46.0-255,66,211077,42,216465
32030,0.004492,172.31.46.0-255,66,211143,42,216465
32031,0.004504,172.31.46.0-255,66,211209,42,216465
32032,0.004516,172.31.46.0-255,66,211275,42,216465
32033,0.004552,172.31.46.0-255,66,211341,42,216465
32034,0.004558,74.125.24.0-255,4615,215956,42,216465
32035,0.00456,172.31.46.0-255,66,216022,42,216465
32036,0.004577,74.125.24.0-255,105,216127,42,216465
32037,0.006277,172.31.46.0-255,101,216228,42,216465
32038,0.007717,172.31.46.0-255,105,216333,42,216465
32039,0.0083,74.125.24.0-255,66,216399,42,216465
32040,0.009752,74.125.24.0-255,66,216465,42,216465
32041,0.0,172.217.160.0-255,146,146,42,151604
32042,2.2e-05,172.31.46.0-255,66,212,42,151604
32043,2.9e-05,172.217.160.0-255,1484,1696,42,151604
32044,3.4e-05,172.31.46.0-255,66,1762,42,151604
32045,3.9e-05,172.217.160.0-255,2902,4664,42,151604
32046,4.2e-05,172.31.46.0-255,66,4730,42,151604
32047,4.9e-05,172.217.160.0-255,7156,11886,42,151604
32048,5.3e-05,172.31.46.0-255,66,11952,42,151604
32049,8.9e-05,172.217.160.0-255,2119,14071,42,151604
32050,9.2e-05,172.31.46.0-255,66,14137,42,151604
32051,9.8e-05,172.217.160.0-255,2902,17039,42,151604
32052,0.000101,172.31.46.0-255,66,17105,42,151604
32053,0.000106,172.217.160.0-255,4320,21425,42,151604
32054,0.000109,172.31.46.0-255,66,21491,42,151604
32055,0.000133,172.217.160.0-255,2902,24393,42,151604
32056,0.000135,172.31.46.0-255,66,24459,42,151604
32057,0.000143,172.217.160.0-255,6797,31256,42,151604
32058,0.000145,172.31.46.0-255,66,31322,42,151604
32059,0.000409,172.217.160.0-255,1484,32806,42,151604
32060,0.000415,172.31.46.0-255,66,32872,42,151604
32061,0.000422,172.217.160.0-255,2902,35774,42,151604
32062,0.000424,172.31.46.0-255,66,35840,42,151604
32063,0.000431,172.217.160.0-255,5738,41578,42,151604
32064,0.000433,172.31.46.0-255,66,41644,42,151604
32065,0.000441,172.217.160.0-255,6797,48441,42,151604
32066,0.000444,172.31.46.0-255,66,48507,42,151604
32067,0.000599,172.217.160.0-255,1484,49991,42,151604
32068,0.000603,172.31.46.0-255,66,50057,42,151604
32069,0.000608,172.217.160.0-255,2902,52959,42,151604
32070,0.00061,172.31.46.0-255,66,53025,42,151604
32071,0.000617,172.217.160.0-255,5738,58763,42,151604
32072,0.000619,172.31.46.0-255,66,58829,42,151604
32073,0.000653,172.217.160.0-255,6797,65626,42,151604
32074,0.000658,172.31.46.0-255,66,65692,42,151604
32075,0.000842,172.217.160.0-255,338,66030,42,151604
32076,0.000951,172.31.46.0-255,66,66096,42,151604
32077,0.001294,172.217.160.0-255,122,66218,42,151604
32078,0.001371,172.217.160.0-255,1484,67702,42,151604
32079,0.001376,172.31.46.0-255,66,67768,42,151604
32080,0.001382,172.217.160.0-255,2902,70670,42,151604
32081,0.001384,172.31.46.0-255,66,70736,42,151604
32082,0.001388,172.217.160.0-255,2902,73638,42,151604
32083,0.00139,172.31.46.0-255,66,73704,42,151604
32084,0.001403,172.217.160.0-255,2902,76606,42,151604
32085,0.001405,172.31.46.0-255,66,76672,42,151604
32086,0.001445,172.217.160.0-255,6797,83469,42,151604
32087,0.001448,172.31.46.0-255,66,83535,42,151604
32088,0.001488,172.217.160.0-255,7156,90691,42,151604
32089,0.001491,172.31.46.0-255,66,90757,42,151604
32090,0.001499,172.217.160.0-255,5738,96495,42,151604
32091,0.0015,172.31.46.0-255,66,96561,42,151604
32092,0.00151,172.217.160.0-255,1484,98045,42,151604
32093,0.001537,172.217.160.0-255,2543,100588,42,151604
32094,0.001539,172.31.46.0-255,66,100654,42,151604
32095,0.003475,172.217.160.0-255,1484,102138,42,151604
32096,0.003498,172.217.160.0-255,2902,105040,42,151604
32097,0.003501,172.31.46.0-255,66,105106,42,151604
32098,0.003517,172.217.160.0-255,1484,106590,42,151604
32099,0.005475,172.217.160.0-255,4320,110910,42,151604
32100,0.005478,172.31.46.0-255,66,110976,42,151604
32101,0.007466,172.217.160.0-255,5738,116714,42,151604
32102,0.007474,172.31.46.0-255,66,116780,42,151604
32103,0.009468,172.217.160.0-255,5738,122518,42,151604
32104,0.009478,172.31.46.0-255,66,122584,42,151604
32105,0.011454,172.217.160.0-255,5738,128322,42,151604
32106,0.011464,172.31.46.0-255,66,128388,42,151604
32107,0.013466,172.217.160.0-255,5738,134126,42,151604
32108,0.013472,172.31.46.0-255,66,134192,42,151604
32109,0.01545,172.217.160.0-255,5738,139930,42,151604
32110,0.015457,172.31.46.0-255,66,139996,42,151604
32111,0.017436,172.217.160.0-255,5738,145734,42,151604
32112,0.017443,172.31.46.0-255,66,145800,42,151604
32113,0.019439,172.217.160.0-255,5738,151538,42,151604
32114,0.019445,172.31.46.0-255,66,151604,42,151604
32115,0.0,172.217.194.0-255,298,298,42,191689
32116,3.5e-05,172.31.46.0-255,66,364,42,191689
32117,4.1e-05,172.217.194.0-255,1484,1848,42,191689
32118,4.6e-05,172.31.46.0-255,66,1914,42,191689
32119,5.2e-05,172.217.194.0-255,4320,6234,42,191689
32120,5.4e-05,172.31.46.0-255,66,6300,42,191689
32121,9.1e-05,172.31.46.0-255,66,6366,42,191689
32122,0.000123,172.31.46.0-255,66,6432,42,191689
32123,0.000127,172.217.194.0-255,2902,9334,42,191689
32124,0.00013,172.31.46.0-255,66,9400,42,191689
32125,0.000143,172.217.194.0-255,2543,11943,42,191689
32126,0.000146,172.31.46.0-255,66,12009,42,191689
32127,0.000179,172.217.194.0-255,1484,13493,42,191689
32128,0.000183,172.31.46.0-255,66,13559,42,191689
32129,0.000204,172.217.194.0-255,2902,16461,42,191689
32130,0.000208,172.31.46.0-255,66,16527,42,191689
32131,0.000213,172.217.194.0-255,5738,22265,42,191689
32132,0.000215,172.31.46.0-255,66,22331,42,191689
32133,0.000241,172.217.194.0-255,4320,26651,42,191689
32134,0.000243,172.31.46.0-255,66,26717,42,191689
32135,0.00027,172.31.46.0-255,66,26783,42,191689
32136,0.000324,172.31.46.0-255,66,26849,42,191689
32137,0.000327,172.217.194.0-255,99,26948,42,191689
32138,0.00033,172.31.46.0-255,66,27014,42,191689
32139,0.00055,172.217.194.0-255,1484,28498,42,191689
32140,0.000554,172.31.46.0-255,66,28564,42,191689
32141,0.00056,172.217.194.0-255,2902,31466,42,191689
32142,0.000562,172.31.46.0-255,66,31532,42,191689
32143,0.000586,172.217.194.0-255,2902,34434,42,191689
32144,0.000589,172.31.46.0-255,66,34500,42,191689
32145,0.000592,172.217.194.0-255,1484,35984,42,191689
32146,0.000613,172.217.194.0-255,5738,41722,42,191689
32147,0.000617,172.31.46.0-255,66,41788,42,191689
32148,0.000637,172.217.194.0-255,5738,47526,42,191689
32149,0.000643,172.31.46.0-255,66,47592,42,191689
32150,0.00066,172.217.194.0-255,4320,51912,42,191689
32151,0.000664,172.31.46.0-255,66,51978,42,191689
32152,0.000683,172.217.194.0-255,5738,57716,42,191689
32153,0.000686,172.31.46.0-255,66,57782,42,191689
32154,0.000704,172.217.194.0-255,3602,61384,42,191689
32155,0.000707,172.31.46.0-255,66,61450,42,191689
32156,0.000887,172.217.194.0-255,1484,62934,42,191689
32157,0.000904,172.217.194.0-255,2902,65836,42,191689
32158,0.000909,172.31.46.0-255,66,65902,42,191689
32159,0.000932,172.217.194.0-255,5738,71640,42,191689
32160,0.000938,172.217.194.0-255,5738,77378,42,191689
32161,0.000943,172.31.46.0-255,66,77444,42,191689
32162,0.000947,172.31.46.0-255,66,77510,42,191689
32163,0.000973,172.31.46.0-255,66,77576,42,191689
32164,0.000986,172.217.194.0-255,1484,79060,42,191689
32165,0.000999,172.31.46.0-255,66,79126,42,191689
32166,0.001015,172.217.194.0-255,766,79892,42,191689
32167,0.001044,172.217.194.0-255,4320,84212,42,191689
32168,0.001047,172.31.46.0-255,66,84278,42,191689
32169,0.001082,172.31.46.0-255,66,84344,42,191689
32170,0.001098,172.217.194.0-255,2902,87246,42,191689
32171,0.001102,172.31.46.0-255,66,87312,42,191689
32172,0.001106,172.217.194.0-255,2184,89496,42,191689
32173,0.001108,172.31.46.0-255,66,89562,42,191689
32174,0.001129,172.217.194.0-255,1484,91046,42,191689
32175,0.001133,172.217.194.0-255,2902,93948,42,191689
32176,0.001136,172.31.46.0-255,66,94014,42,191689
32177,0.001139,172.217.194.0-255,1484,95498,42,191689
32178,0.001154,172.217.194.0-255,4320,99818,42,191689
32179,0.001157,172.31.46.0-255,66,99884,42,191689
32180,0.001161,172.217.194.0-255,2902,102786,42,191689
32181,0.001163,172.31.46.0-255,66,102852,42,191689
32182,0.001184,172.217.194.0-255,4320,107172,42,191689
32183,0.001186,172.31.46.0-255,66,107238,42,191689
32184,0.001193,172.217.194.0-255,5738,112976,42,191689
32185,0.001195,172.31.46.0-255,66,113042,42,191689
32186,0.001222,172.31.46.0-255,66,113108,42,191689
32187,0.001226,172.217.194.0-255,4320,117428,42,191689
32188,0.001229,172.31.46.0-255,66,117494,42,191689
32189,0.001254,172.217.194.0-255,483,117977,42,191689
32190,0.00126,172.217.194.0-255,5738,123715,42,191689
32191,0.001264,172.31.46.0-255,66,123781,42,191689
32192,0.001275,172.31.46.0-255,66,123847,42,191689
32193,0.001313,172.217.194.0-255,1484,125331,42,191689
32194,0.001349,172.31.46.0-255,66,125397,42,191689
32195,0.001643,172.217.194.0-255,1484,126881,42,191689
32196,0.001667,172.217.194.0-255,2902,129783,42,191689
32197,0.00167,172.31.46.0-255,66,129849,42,191689
32198,0.001675,172.217.194.0-255,2902,132751,42,191689
32199,0.001677,172.31.46.0-255,66,132817,42,191689
32200,0.00168,172.217.194.0-255,1484,134301,42,191689
32201,0.001702,172.217.194.0-255,5738,140039,42,191689
32202,0.001705,172.31.46.0-255,66,140105,42,191689
32203,0.001732,172.217.194.0-255,4320,144425,42,191689
32204,0.001735,172.31.46.0-255,66,144491,42,191689
32205,0.001768,172.31.46.0-255,66,144557,42,191689
32206,0.001775,172.217.194.0-255,6438,150995,42,191689
32207,0.001777,172.31.46.0-255,66,151061,42,191689
32208,0.00412,172.217.194.0-255,5738,156799,42,191689
32209,0.004135,172.31.46.0-255,66,156865,42,191689
32210,0.006483,172.217.194.0-255,5738,162603,42,191689
32211,0.006497,172.31.46.0-255,66,162669,42,191689
32212,0.008852,172.217.194.0-255,5738,168407,42,191689
32213,0.008862,172.31.46.0-255,66,168473,42,191689
32214,0.011214,172.217.194.0-255,5738,174211,42,191689
32215,0.011228,172.31.46.0-255,66,174277,42,191689
32216,0.013585,172.217.194.0-255,5738,180015,42,191689
32217,0.013604,172.31.46.0-255,66,180081,42,191689
32218,0.015999,172.217.194.0-255,5738,185819,42,191689
32219,0.016015,172.31.46.0-255,66,185885,42,191689
32220,0.018375,172.217.194.0-255,5738,191623,42,191689
32221,0.018388,172.31.46.0-255,66,191689,42,191689
32222,0.0,172.31.46.0-255,66,66,42,66
32223,0.0,74.125.130.0-255,153,153,42,160044
32224,2.1e-05,172.31.46.0-255,66,219,42,160044
32225,2.8e-05,74.125.130.0-255,1484,1703,42,160044
32226,3.3e-05,172.31.46.0-255,66,1769,42,160044
32227,3.6e-05,74.125.130.0-255,1484,3253,42,160044
32228,4.1e-05,172.31.46.0-255,66,3319,42,160044
32229,7.2e-05,74.125.130.0-255,2902,6221,42,160044
32230,7.5e-05,172.31.46.0-255,66,6287,42,160044
32231,8.1e-05,74.125.130.0-255,4320,10607,42,160044
32232,8.4e-05,172.31.46.0-255,66,10673,42,160044
32233,0.0001,74.125.130.0-255,1484,12157,42,160044
32234,0.000102,172.31.46.0-255,66,12223,42,160044
32235,0.000143,74.125.130.0-255,2158,14381,42,160044
32236,0.000146,172.31.46.0-255,66,14447,42,160044
32237,0.000495,74.125.130.0-255,1484,15931,42,160044
32238,0.000501,172.31.46.0-255,66,15997,42,160044
32239,0.000508,74.125.130.0-255,2902,18899,42,160044
32240,0.000511,172.31.46.0-255,66,18965,42,160044
32241,0.000535,74.125.130.0-255,5738,24703,42,160044
32242,0.000537,172.31.46.0-255,66,24769,42,160044
32243,0.000579,74.125.130.0-255,1484,26253,42,160044
32244,0.000582,172.31.46.0-255,66,26319,42,160044
32245,0.000595,74.125.130.0-255,1484,27803,42,160044
32246,0.000597,172.31.46.0-255,66,27869,42,160044
32247,0.000611,74.125.130.0-255,1484,29353,42,160044
32248,0.000613,172.31.46.0-255,66,29419,42,160044
32249,0.000652,74.125.130.0-255,2543,31962,42,160044
32250,0.000655,172.31.46.0-255,66,32028,42,160044
32251,0.000659,74.125.130.0-255,1484,33512,42,160044
32252,0.000662,172.31.46.0-255,66,33578,42,160044
32253,0.000676,74.125.130.0-255,1484,35062,42,160044
32254,0.000678,172.31.46.0-255,66,35128,42,160044
32255,0.000703,74.125.130.0-255,2902,38030,42,160044
32256,0.000712,172.31.46.0-255,66,38096,42,160044
32257,0.000738,74.125.130.0-255,4320,42416,42,160044
32258,0.000753,74.125.130.0-255,1484,43900,42,160044
32259,0.000766,172.31.46.0-255,66,43966,42,160044
32260,0.000784,74.125.130.0-255,7156,51122,42,160044
32261,0.000803,74.125.130.0-255,1484,52606,42,160044
32262,0.000813,172.31.46.0-255,66,52672,42,160044
32263,0.000845,74.125.130.0-255,1484,54156,42,160044
32264,0.000867,74.125.130.0-255,2902,57058,42,160044
32265,0.000875,172.31.46.0-255,66,57124,42,160044
32266,0.000883,74.125.130.0-255,1484,58608,42,160044
32267,0.000898,74.125.130.0-255,4320,62928,42,160044
32268,0.000901,74.125.130.0-255,1484,64412,42,160044
32269,0.000918,74.125.130.0-255,2184,66596,42,160044
32270,0.000933,172.31.46.0-255,66,66662,42,160044
32271,0.001104,74.125.130.0-255,340,67002,42,160044
32272,0.001132,74.125.130.0-255,117,67119,42,160044
32273,0.00127,74.125.130.0-255,1484,68603,42,160044
32274,0.001274,172.31.46.0-255,66,68669,42,160044
32275,0.001289,74.125.130.0-255,2902,71571,42,160044
32276,0.001294,172.31.46.0-255,66,71637,42,160044
32277,0.001312,74.125.130.0-255,2902,74539,42,160044
32278,0.001335,172.31.46.0-255,66,74605,42,160044
32279,0.00134,74.125.130.0-255,4320,78925,42,160044
32280,0.00135,172.31.46.0-255,66,78991,42,160044
32281,0.001372,74.125.130.0-255,5738,84729,42,160044
32282,0.00138,172.31.46.0-255,66,84795,42,160044
32283,0.001406,74.125.130.0-255,4320,89115,42,160044
32284,0.001411,172.31.46.0-255,66,89181,42,160044
32285,0.001426,74.125.130.0-255,2902,92083,42,160044
32286,0.00143,74.125.130.0-255,2902,94985,42,160044
32287,0.001433,74.125.130.0-255,1484,96469,42,160044
32288,0.001449,74.125.130.0-255,2902,99371,42,160044
32289,0.001461,172.31.46.0-255,66,99437,42,160044
32290,0.00147,74.125.130.0-255,2184,101621,42,160044
32291,0.001475,172.31.46.0-255,66,101687,42,160044
32292,0.001511,74.125.130.0-255,383,102070,42,160044
32293,0.001715,172.31.46.0-255,66,102136,42,160044
32294,0.001811,74.125.130.0-255,1484,103620,42,160044
32295,0.001821,74.125.130.0-255,2902,106522,42,160044
32296,0.001847,74.125.130.0-255,5738,112260,42,160044
32297,0.001879,74.125.130.0-255,5738,117998,42,160044
32298,0.001906,74.125.130.0-255,7156,125154,42,160044
32299,0.007364,172.31.46.0-255,66,125220,42,160044
32300,0.0094,74.125.130.0-255,5738,130958,42,160044
32301,0.009409,172.31.46.0-255,66,131024,42,160044
32302,0.011417,74.125.130.0-255,5738,136762,42,160044
32303,0.011425,172.31.46.0-255,66,136828,42,160044
32304,0.013433,74.125.130.0-255,5738,142566,42,160044
32305,0.013444,172.31.46.0-255,66,142632,42,160044
32306,0.015469,74.125.130.0-255,5738,148370,42,160044
32307,0.015478,172.31.46.0-255,66,148436,42,160044
32308,0.017489,74.125.130.0-255,5738,154174,42,160044
32309,0.017499,172.31.46.0-255,66,154240,42,160044
32310,0.019502,74.125.130.0-255,5738,159978,42,160044
32311,0.019511,172.31.46.0-255,66,160044,42,160044
32312,0.0,172.31.46.0-255,105,105,42,459
32313,0.000217,172.31.46.0-255,90,195,42,459
32314,0.000228,172.31.46.0-255,66,261,42,459
32315,0.002445,172.217.194.0-255,66,327,42,459
32316,0.002475,172.217.194.0-255,66,393,42,459
32317,0.002499,172.31.46.0-255,66,459,42,459
32318,0.0,74.125.130.0-255,153,153,42,308181
32319,2.4e-05,172.31.46.0-255,66,219,42,308181
32320,3.2e-05,74.125.130.0-255,1484,1703,42,308181
32321,3.6e-05,172.31.46.0-255,66,1769,42,308181
32322,4.2e-05,74.125.130.0-255,2902,4671,42,308181
32323,4.4e-05,172.31.46.0-255,66,4737,42,308181
32324,6.8e-05,74.125.130.0-255,4320,9057,42,308181
32325,7.1e-05,172.31.46.0-255,66,9123,42,308181
32326,9e-05,74.125.130.0-255,4810,13933,42,308181
32327,9.2e-05,172.31.46.0-255,66,13999,42,308181
32328,0.000113,74.125.130.0-255,1484,15483,42,308181
32329,0.000115,172.31.46.0-255,66,15549,42,308181
32330,0.000139,74.125.130.0-255,4320,19869,42,308181
32331,0.000141,172.31.46.0-255,66,19935,42,308181
32332,0.000148,74.125.130.0-255,7156,27091,42,308181
32333,0.00015,172.31.46.0-255,66,27157,42,308181
32334,0.000189,74.125.130.0-255,3961,31118,42,308181
32335,0.000192,172.31.46.0-255,66,31184,42,308181
32336,0.000366,74.125.130.0-255,1484,32668,42,308181
32337,0.00037,172.31.46.0-255,66,32734,42,308181
32338,0.000377,74.125.130.0-255,2902,35636,42,308181
32339,0.000379,172.31.46.0-255,66,35702,42,308181
32340,0.000413,74.125.130.0-255,5738,41440,42,308181
32341,0.000416,172.31.46.0-255,66,41506,42,308181
32342,0.00042,74.125.130.0-255,2902,44408,42,308181
32343,0.000422,172.31.46.0-255,66,44474,42,308181
32344,0.000427,74.125.130.0-255,3961,48435,42,308181
32345,0.00043,172.31.46.0-255,66,48501,42,308181
32346,0.00045,74.125.130.0-255,5738,54239,42,308181
32347,0.000452,172.31.46.0-255,66,54305,42,308181
32348,0.000476,74.125.130.0-255,2902,57207,42,308181
32349,0.000478,172.31.46.0-255,66,57273,42,308181
32350,0.000482,74.125.130.0-255,2902,60175,42,308181
32351,0.000485,172.31.46.0-255,66,60241,42,308181
32352,0.00057,74.125.130.0-255,5635,65876,42,308181
32353,0.000574,172.31.46.0-255,66,65942,42,308181
32354,0.000861,74.125.130.0-255,114,66056,42,308181
32355,0.001042,172.31.46.0-255,66,66122,42,308181
32356,0.00117,74.125.130.0-255,1484,67606,42,308181
32357,0.001179,74.125.130.0-255,2902,70508,42,308181
32358,0.001182,172.31.46.0-255,66,70574,42,308181
32359,0.001206,74.125.130.0-255,4320,74894,42,308181
32360,0.001208,172.31.46.0-255,66,74960,42,308181
32361,0.001213,74.125.130.0-255,4320,79280,42,308181
32362,0.001215,172.31.46.0-255,66,79346,42,308181
32363,0.001235,74.125.130.0-255,4320,83666,42,308181
32364,0.001237,172.31.46.0-255,66,83732,42,308181
32365,0.001243,74.125.130.0-255,5738,89470,42,308181
32366,0.001245,172.31.46.0-255,66,89536,42,308181
32367,0.001251,74.125.130.0-255,4320,93856,42,308181
32368,0.001253,172.31.46.0-255,66,93922,42,308181
32369,0.001275,74.125.130.0-255,2902,96824,42,308181
32370,0.001277,172.31.46.0-255,66,96890,42,308181
32371,0.001283,74.125.130.0-255,3602,100492,42,308181
32372,0.001285,172.31.46.0-255,66,100558,42,308181
32373,0.001925,74.125.130.0-255,1484,102042,42,308181
32374,0.001933,74.125.130.0-255,2902,104944,42,308181
32375,0.001937,172.31.46.0-255,66,105010,42,308181
32376,0.001944,74.125.130.0-255,4320,109330,42,308181
32377,0.001946,172.31.46.0-255,66,109396,42,308181
32378,0.00196,74.125.130.0-255,1484,110880,42,308181
32379,0.001966,74.125.130.0-255,4320,115200,42,308181
32380,0.001968,172.31.46.0-255,66,115266,42,308181
32381,0.001987,74.125.130.0-255,2902,118168,42,308181
32382,0.001989,172.31.46.0-255,66,118234,42,308181
32383,0.00201,74.125.130.0-255,5738,123972,42,308181
32384,0.002012,172.31.46.0-255,66,124038,42,308181
32385,0.002031,74.125.130.0-255,5738,129776,42,308181
32386,0.002033,172.31.46.0-255,66,129842,42,308181
32387,0.002036,74.125.130.0-255,1484,131326,42,308181
32388,0.002041,74.125.130.0-255,3602,134928,42,308181
32389,0.002043,172.31.46.0-255,66,134994,42,308181
32390,0.002046,74.125.130.0-255,1484,136478,42,308181
32391,0.002087,74.125.130.0-255,1484,137962,42,308181
32392,0.00209,172.31.46.0-255,66,138028,42,308181
32393,0.002095,74.125.130.0-255,4320,142348,42,308181
32394,0.002098,172.31.46.0-255,66,142414,42,308181
32395,0.002103,74.125.130.0-255,4320,146734,42,308181
32396,0.002106,172.31.46.0-255,66,146800,42,308181
32397,0.002109,74.125.130.0-255,1484,148284,42,308181
32398,0.002123,74.125.130.0-255,2902,151186,42,308181
32399,0.002125,172.31.46.0-255,66,151252,42,308181
32400,0.002141,74.125.130.0-255,1484,152736,42,308181
32401,0.002158,74.125.130.0-255,5738,158474,42,308181
32402,0.002161,172.31.46.0-255,66,158540,42,308181
32403,0.002176,74.125.130.0-255,2902,161442,42,308181
32404,0.002178,172.31.46.0-255,66,161508,42,308181
32405,0.002184,74.125.130.0-255,5738,167246,42,308181
32406,0.002187,172.31.46.0-255,66,167312,42,308181
32407,0.002191,74.125.130.0-255,2184,169496,42,308181
32408,0.002193,172.31.46.0-255,66,169562,42,308181
32409,0.002357,74.125.130.0-255,1484,171046,42,308181
32410,0.002363,74.125.130.0-255,2902,173948,42,308181
32411,0.002366,172.31.46.0-255,66,174014,42,308181
32412,0.002384,74.125.130.0-255,1484,175498,42,308181
32413,0.002387,74.125.130.0-255,1484,176982,42,308181
32414,0.002389,172.31.46.0-255,66,177048,42,308181
32415,0.002407,74.125.130.0-255,4320,181368,42,308181
32416,0.00241,172.31.46.0-255,66,181434,42,308181
32417,0.002435,74.125.130.0-255,7156,188590,42,308181
32418,0.002437,172.31.46.0-255,66,188656,42,308181
32419,0.002465,74.125.130.0-255,5738,194394,42,308181
32420,0.002469,172.31.46.0-255,66,194460,42,308181
32421,0.002473,74.125.130.0-255,2902,197362,42,308181
32422,0.002475,172.31.46.0-255,66,197428,42,308181
32423,0.002499,74.125.130.0-255,1484,198912,42,308181
32424,0.002506,74.125.130.0-255,5020,203932,42,308181
32425,0.002508,172.31.46.0-255,66,203998,42,308181
32426,0.002615,74.125.130.0-255,1484,205482,42,308181
32427,0.002629,74.125.130.0-255,2902,208384,42,308181
32428,0.002632,172.31.46.0-255,66,208450,42,308181
32429,0.002652,74.125.130.0-255,5738,214188,42,308181
32430,0.002655,172.31.46.0-255,66,214254,42,308181
32431,0.002659,74.125.130.0-255,2902,217156,42,308181
32432,0.002661,172.31.46.0-255,66,217222,42,308181
32433,0.002682,74.125.130.0-255,4320,221542,42,308181
32434,0.002684,172.31.46.0-255,66,221608,42,308181
32435,0.0027,74.125.130.0-255,5738,227346,42,308181
32436,0.002702,172.31.46.0-255,66,227412,42,308181
32437,0.002737,172.31.46.0-255,66,227478,42,308181
32438,0.002755,74.125.130.0-255,2902,230380,42,308181
32439,0.002758,172.31.46.0-255,66,230446,42,308181
32440,0.002783,172.31.46.0-255,66,230512,42,308181
32441,0.002793,74.125.130.0-255,4320,234832,42,308181
32442,0.002796,172.31.46.0-255,66,234898,42,308181
32443,0.002828,172.31.46.0-255,66,234964,42,308181
32444,0.002858,74.125.130.0-255,2902,237866,42,308181
32445,0.002881,74.125.130.0-255,4320,242186,42,308181
32446,0.002894,74.125.130.0-255,2902,245088,42,308181
32447,0.002911,74.125.130.0-255,5738,250826,42,308181
32448,0.002916,74.125.130.0-255,4320,255146,42,308181
32449,0.002919,74.125.130.0-255,1484,256630,42,308181
32450,0.002938,74.125.130.0-255,4320,260950,42,308181
32451,0.002965,74.125.130.0-255,4320,265270,42,308181
32452,0.00298,74.125.130.0-255,3602,268872,42,308181
32453,0.003205,74.125.130.0-255,1484,270356,42,308181
32454,0.003226,74.125.130.0-255,2902,273258,42,308181
32455,0.003229,74.125.130.0-255,1484,274742,42,308181
32456,0.003239,74.125.130.0-255,1484,276226,42,308181
32457,0.003263,74.125.130.0-255,5738,281964,42,308181
32458,0.003266,74.125.130.0-255,1484,283448,42,308181
32459,0.003373,74.125.130.0-255,5738,289186,42,308181
32460,0.003384,74.125.130.0-255,1484,290670,42,308181
32461,0.00339,74.125.130.0-255,4320,294990,42,308181
32462,0.003406,74.125.130.0-255,4320,299310,42,308181
32463,0.003462,74.125.130.0-255,1484,300794,42,308181
32464,0.003499,74.125.130.0-255,2902,303696,42,308181
32465,0.003535,74.125.130.0-255,3976,307672,42,308181
32466,0.003576,74.125.130.0-255,105,307777,42,308181
32467,0.007586,172.31.46.0-255,66,307843,42,308181
32468,0.008589,172.31.46.0-255,101,307944,42,308181
32469,0.00984,172.31.46.0-255,105,308049,42,308181
32470,0.010527,74.125.130.0-255,66,308115,42,308181
32471,0.011781,74.125.130.0-255,66,308181,42,308181
32472,0.0,74.125.24.0-255,152,152,42,208133
32473,1.4e-05,172.31.46.0-255,66,218,42,208133
32474,2e-05,74.125.24.0-255,1484,1702,42,208133
32475,2.4e-05,172.31.46.0-255,66,1768,42,208133
32476,5.2e-05,74.125.24.0-255,2902,4670,42,208133
32477,5.5e-05,172.31.46.0-255,66,4736,42,208133
32478,8.5e-05,74.125.24.0-255,7156,11892,42,208133
32479,8.7e-05,172.31.46.0-255,66,11958,42,208133
32480,0.000126,74.125.24.0-255,5738,17696,42,208133
32481,0.000129,172.31.46.0-255,66,17762,42,208133
32482,0.000148,74.125.24.0-255,2055,19817,42,208133
32483,0.00015,172.31.46.0-255,66,19883,42,208133
32484,0.00016,172.31.46.0-255,66,19949,42,208133
32485,0.0002,74.125.24.0-255,7156,27105,42,208133
32486,0.000203,172.31.46.0-255,66,27171,42,208133
32487,0.000208,74.125.24.0-255,4320,31491,42,208133
32488,0.00021,172.31.46.0-255,66,31557,42,208133
32489,0.000226,74.125.24.0-255,4320,35877,42,208133
32490,0.000228,172.31.46.0-255,66,35943,42,208133
32491,0.000233,74.125.24.0-255,3602,39545,42,208133
32492,0.000235,172.31.46.0-255,66,39611,42,208133
32493,0.000298,74.125.24.0-255,1484,41095,42,208133
32494,0.000301,172.31.46.0-255,66,41161,42,208133
32495,0.000306,74.125.24.0-255,2902,44063,42,208133
32496,0.000308,172.31.46.0-255,66,44129,42,208133
32497,0.000333,74.125.24.0-255,5738,49867,42,208133
32498,0.000336,172.31.46.0-255,66,49933,42,208133
32499,0.000342,74.125.24.0-255,6797,56730,42,208133
32500,0.000344,172.31.46.0-255,66,56796,42,208133
32501,0.000401,74.125.24.0-255,394,57190,42,208133
32502,0.000405,172.31.46.0-255,66,57256,42,208133
32503,0.000541,74.125.24.0-255,114,57370,42,208133
32504,0.000738,74.125.24.0-255,1484,58854,42,208133
32505,0.000743,172.31.46.0-255,66,58920,42,208133
32506,0.000748,74.125.24.0-255,2902,61822,42,208133
32507,0.000751,172.31.46.0-255,66,61888,42,208133
32508,0.000772,74.125.24.0-255,5738,67626,42,208133
32509,0.000776,172.31.46.0-255,66,67692,42,208133
32510,0.000783,74.125.24.0-255,6797,74489,42,208133
32511,0.000786,172.31.46.0-255,66,74555,42,208133
32512,0.000825,172.31.46.0-255,66,74621,42,208133
32513,0.00083,74.125.24.0-255,2543,77164,42,208133
32514,0.000832,172.31.46.0-255,66,77230,42,208133
32515,0.00187,74.125.24.0-255,1484,78714,42,208133
32516,0.001878,74.125.24.0-255,2902,81616,42,208133
32517,0.001884,172.31.46.0-255,66,81682,42,208133
32518,0.001888,74.125.24.0-255,1484,83166,42,208133
32519,0.001908,74.125.24.0-255,4320,87486,42,208133
32520,0.001911,172.31.46.0-255,66,87552,42,208133
32521,0.001928,74.125.24.0-255,1484,89036,42,208133
32522,0.001951,74.125.24.0-255,7156,96192,42,208133
32523,0.001953,172.31.46.0-255,66,96258,42,208133
32524,0.001976,74.125.24.0-255,4320,100578,42,208133
32525,0.001978,172.31.46.0-255,66,100644,42,208133
32526,0.001983,74.125.24.0-255,4320,104964,42,208133
32527,0.001986,172.31.46.0-255,66,105030,42,208133
32528,0.001991,74.125.24.0-255,4320,109350,42,208133
32529,0.001994,172.31.46.0-255,66,109416,42,208133
32530,0.002015,74.125.24.0-255,1484,110900,42,208133
32531,0.002018,74.125.24.0-255,766,111666,42,208133
32532,0.00202,172.31.46.0-255,66,111732,42,208133
32533,0.002341,74.125.24.0-255,1484,113216,42,208133
32534,0.00236,74.125.24.0-255,2902,116118,42,208133
32535,0.002363,172.31.46.0-255,66,116184,42,208133
32536,0.00237,74.125.24.0-255,5738,121922,42,208133
32537,0.002372,172.31.46.0-255,66,121988,42,208133
32538,0.002386,74.125.24.0-255,1484,123472,42,208133
32539,0.002414,172.31.46.0-255,66,123538,42,208133
32540,0.002419,74.125.24.0-255,2902,126440,42,208133
32541,0.002421,172.31.46.0-255,66,126506,42,208133
32542,0.002434,74.125.24.0-255,1484,127990,42,208133
32543,0.002459,172.31.46.0-255,66,128056,42,208133
32544,0.002487,74.125.24.0-255,3602,131658,42,208133
32545,0.00249,172.31.46.0-255,66,131724,42,208133
32546,0.002492,74.125.24.0-255,1484,133208,42,208133
32547,0.002495,172.31.46.0-255,78,133286,42,208133
32548,0.002512,172.31.46.0-255,66,133352,42,208133
32549,0.002523,172.31.46.0-255,66,133418,42,208133
32550,0.002571,172.31.46.0-255,66,133484,42,208133
32551,0.002595,74.125.24.0-255,1484,134968,42,208133
32552,0.002614,172.31.46.0-255,66,135034,42,208133
32553,0.002622,74.125.24.0-255,7156,142190,42,208133
32554,0.002624,172.31.46.0-255,66,142256,42,208133
32555,0.002649,172.31.46.0-255,66,142322,42,208133
32556,0.002698,172.31.46.0-255,66,142388,42,208133
32557,0.002709,172.31.46.0-255,66,142454,42,208133
32558,0.002733,172.31.46.0-255,66,142520,42,208133
32559,0.002743,172.31.46.0-255,66,142586,42,208133
32560,0.002746,74.125.24.0-255,1484,144070,42,208133
32561,0.002769,74.125.24.0-255,5020,149090,42,208133
32562,0.002771,172.31.46.0-255,66,149156,42,208133
32563,0.00279,74.125.24.0-255,4320,153476,42,208133
32564,0.002792,172.31.46.0-255,66,153542,42,208133
32565,0.002808,74.125.24.0-255,2902,156444,42,208133
32566,0.002811,172.31.46.0-255,66,156510,42,208133
32567,0.002817,74.125.24.0-255,4320,160830,42,208133
32568,0.002819,172.31.46.0-255,66,160896,42,208133
32569,0.002822,74.125.24.0-255,1484,162380,42,208133
32570,0.002825,74.125.24.0-255,1484,163864,42,208133
32571,0.002827,172.31.46.0-255,66,163930,42,208133
32572,0.002835,74.125.24.0-255,7156,171086,42,208133
32573,0.002855,74.125.24.0-255,2902,173988,42,208133
32574,0.002858,74.125.24.0-255,1484,175472,42,208133
32575,0.002886,74.125.24.0-255,4320,179792,42,208133
32576,0.002903,74.125.24.0-255,5738,185530,42,208133
32577,0.002923,74.125.24.0-255,7156,192686,42,208133
32578,0.00296,74.125.24.0-255,7156,199842,42,208133
32579,0.002991,74.125.24.0-255,5738,205580,42,208133
32580,0.003078,74.125.24.0-255,2211,207791,42,208133
32581,0.003081,74.125.24.0-255,105,207896,42,208133
32582,0.004564,172.31.46.0-255,66,207962,42,208133
32583,0.012321,172.31.46.0-255,105,208067,42,208133
32584,0.014275,74.125.24.0-255,66,208133,42,208133
32585,0.0,172.217.194.0-255,152,152,42,172709
32586,2.3e-05,172.31.46.0-255,66,218,42,172709
32587,3e-05,172.217.194.0-255,1484,1702,42,172709
32588,3.6e-05,172.31.46.0-255,66,1768,42,172709
32589,4.2e-05,172.217.194.0-255,2902,4670,42,172709
32590,4.6e-05,172.31.46.0-255,66,4736,42,172709
32591,7.1e-05,172.217.194.0-255,7156,11892,42,172709
32592,7.4e-05,172.31.46.0-255,66,11958,42,172709
32593,7.8e-05,172.217.194.0-255,1484,13442,42,172709
32594,8e-05,172.31.46.0-255,66,13508,42,172709
32595,0.000118,172.217.194.0-255,3393,16901,42,172709
32596,0.000121,172.31.46.0-255,66,16967,42,172709
32597,0.000132,172.31.46.0-255,66,17033,42,172709
32598,0.000153,172.217.194.0-255,3961,20994,42,172709
32599,0.000156,172.31.46.0-255,66,21060,42,172709
32600,0.000159,172.217.194.0-255,1484,22544,42,172709
32601,0.000161,172.31.46.0-255,66,22610,42,172709
32602,0.000165,172.217.194.0-255,2902,25512,42,172709
32603,0.000168,172.31.46.0-255,66,25578,42,172709
32604,0.000174,172.217.194.0-255,5738,31316,42,172709
32605,0.000176,172.31.46.0-255,66,31382,42,172709
32606,0.000183,172.217.194.0-255,6797,38179,42,172709
32607,0.000186,172.31.46.0-255,66,38245,42,172709
32608,0.000533,172.217.194.0-255,1484,39729,42,172709
32609,0.000542,172.31.46.0-255,66,39795,42,172709
32610,0.000558,172.217.194.0-255,2902,42697,42,172709
32611,0.00056,172.31.46.0-255,66,42763,42,172709
32612,0.000588,172.217.194.0-255,5738,48501,42,172709
32613,0.000591,172.31.46.0-255,66,48567,42,172709
32614,0.000602,172.31.46.0-255,66,48633,42,172709
32615,0.000607,172.217.194.0-255,2902,51535,42,172709
32616,0.000609,172.31.46.0-255,66,51601,42,172709
32617,0.000637,172.217.194.0-255,5738,57339,42,172709
32618,0.000641,172.31.46.0-255,66,57405,42,172709
32619,0.000652,172.31.46.0-255,66,57471,42,172709
32620,0.000675,172.217.194.0-255,1484,58955,42,172709
32621,0.0007,172.217.194.0-255,7156,66111,42,172709
32622,0.000703,172.31.46.0-255,66,66177,42,172709
32623,0.000729,172.31.46.0-255,66,66243,42,172709
32624,0.001859,172.217.194.0-255,1484,67727,42,172709
32625,0.00187,172.217.194.0-255,2902,70629,42,172709
32626,0.001876,172.31.46.0-255,66,70695,42,172709
32627,0.001885,172.217.194.0-255,5738,76433,42,172709
32628,0.001887,172.31.46.0-255,66,76499,42,172709
32629,0.001893,172.217.194.0-255,4320,80819,42,172709
32630,0.001895,172.31.46.0-255,66,80885,42,172709
32631,0.001923,172.217.194.0-255,7156,88041,42,172709
32632,0.001926,172.31.46.0-255,66,88107,42,172709
32633,0.001977,172.217.194.0-255,5738,93845,42,172709
32634,0.001981,172.31.46.0-255,66,93911,42,172709
32635,0.002008,172.217.194.0-255,6438,100349,42,172709
32636,0.002011,172.31.46.0-255,66,100415,42,172709
32637,0.00227,172.217.194.0-255,1484,101899,42,172709
32638,0.002278,172.217.194.0-255,2902,104801,42,172709
32639,0.002282,172.31.46.0-255,66,104867,42,172709
32640,0.00229,172.217.194.0-255,5738,110605,42,172709
32641,0.002292,172.31.46.0-255,66,110671,42,172709
32642,0.002321,172.217.194.0-255,2902,113573,42,172709
32643,0.002323,172.31.46.0-255,66,113639,42,172709
32644,0.002355,172.217.194.0-255,1484,115123,42,172709
32645,0.002362,172.217.194.0-255,5738,120861,42,172709
32646,0.002364,172.31.46.0-255,66,120927,42,172709
32647,0.002385,172.217.194.0-255,5738,126665,42,172709
32648,0.002387,172.31.46.0-255,66,126731,42,172709
32649,0.002392,172.217.194.0-255,2902,129633,42,172709
32650,0.002394,172.31.46.0-255,66,129699,42,172709
32651,0.002399,172.217.194.0-255,4320,134019,42,172709
32652,0.002401,172.31.46.0-255,66,134085,42,172709
32653,0.002404,172.217.194.0-255,766,134851,42,172709
32654,0.004745,172.217.194.0-255,4320,139171,42,172709
32655,0.004751,172.31.46.0-255,66,139237,42,172709
32656,0.007104,172.217.194.0-255,5738,144975,42,172709
32657,0.00711,172.31.46.0-255,66,145041,42,172709
32658,0.009491,172.217.194.0-255,5738,150779,42,172709
32659,0.009498,172.31.46.0-255,66,150845,42,172709
32660,0.011865,172.217.194.0-255,5738,156583,42,172709
32661,0.011872,172.31.46.0-255,66,156649,42,172709
32662,0.014233,172.217.194.0-255,4320,160969,42,172709
32663,0.014241,172.31.46.0-255,66,161035,42,172709
32664,0.014261,172.217.194.0-255,1484,162519,42,172709
32665,0.0166,172.217.194.0-255,4320,166839,42,172709
32666,0.016608,172.31.46.0-255,66,166905,42,172709
32667,0.01895,172.217.194.0-255,5738,172643,42,172709
32668,0.018958,172.31.46.0-255,66,172709,42,172709
32669,0.0,74.125.68.0-255,146,146,42,163196
32670,2.8e-05,172.31.46.0-255,66,212,42,163196
32671,3.6e-05,74.125.68.0-255,1484,1696,42,163196
32672,4e-05,172.31.46.0-255,66,1762,42,163196
32673,4.6e-05,74.125.68.0-255,2902,4664,42,163196
32674,5e-05,172.31.46.0-255,66,4730,42,163196
32675,7.8e-05,74.125.68.0-255,4320,9050,42,163196
32676,8.2e-05,172.31.46.0-255,66,9116,42,163196
32677,8.8e-05,74.125.68.0-255,4876,13992,42,163196
32678,9.1e-05,172.31.46.0-255,66,14058,42,163196
32679,0.000507,74.125.68.0-255,1484,15542,42,163196
32680,0.000513,172.31.46.0-255,66,15608,42,163196
32681,0.00052,74.125.68.0-255,2902,18510,42,163196
32682,0.000522,172.31.46.0-255,66,18576,42,163196
32683,0.000529,74.125.68.0-255,5738,24314,42,163196
32684,0.000531,172.31.46.0-255,66,24380,42,163196
32685,0.000552,74.125.68.0-255,2902,27282,42,163196
32686,0.000555,172.31.46.0-255,66,27348,42,163196
32687,0.000576,74.125.68.0-255,3961,31309,42,163196
32688,0.000579,172.31.46.0-255,66,31375,42,163196
32689,0.000683,74.125.68.0-255,1484,32859,42,163196
32690,0.000687,172.31.46.0-255,66,32925,42,163196
32691,0.000705,74.125.68.0-255,2902,35827,42,163196
32692,0.000707,172.31.46.0-255,66,35893,42,163196
32693,0.000714,74.125.68.0-255,5738,41631,42,163196
32694,0.000716,172.31.46.0-255,66,41697,42,163196
32695,0.000737,74.125.68.0-255,2902,44599,42,163196
32696,0.000739,172.31.46.0-255,66,44665,42,163196
32697,0.000762,74.125.68.0-255,3961,48626,42,163196
32698,0.000765,172.31.46.0-255,66,48692,42,163196
32699,0.000772,74.125.68.0-255,7156,55848,42,163196
32700,0.000774,172.31.46.0-255,66,55914,42,163196
32701,0.000806,172.31.46.0-255,66,55980,42,163196
32702,0.000809,74.125.68.0-255,398,56378,42,163196
32703,0.001135,74.125.68.0-255,344,56722,42,163196
32704,0.001175,172.31.46.0-255,66,56788,42,163196
32705,0.001484,74.125.68.0-255,1484,58272,42,163196
32706,0.001493,74.125.68.0-255,2902,61174,42,163196
32707,0.001497,172.31.46.0-255,66,61240,42,163196
32708,0.001504,74.125.68.0-255,4320,65560,42,163196
32709,0.001506,172.31.46.0-255,66,65626,42,163196
32710,0.001535,172.31.46.0-255,66,65692,42,163196
32711,0.001539,74.125.68.0-255,1484,67176,42,163196
32712,0.001553,74.125.68.0-255,1484,68660,42,163196
32713,0.001555,172.31.46.0-255,66,68726,42,163196
32714,0.001568,74.125.68.0-255,2902,71628,42,163196
32715,0.001571,172.31.46.0-255,66,71694,42,163196
32716,0.001588,74.125.68.0-255,1484,73178,42,163196
32717,0.001621,172.31.46.0-255,66,73244,42,163196
32718,0.001636,74.125.68.0-255,766,74010,42,163196
32719,0.001661,74.125.68.0-255,1484,75494,42,163196
32720,0.001663,172.31.46.0-255,66,75560,42,163196
32721,0.001683,74.125.68.0-255,4320,79880,42,163196
32722,0.001685,172.31.46.0-255,66,79946,42,163196
32723,0.001705,74.125.68.0-255,4320,84266,42,163196
32724,0.001707,172.31.46.0-255,66,84332,42,163196
32725,0.001713,74.125.68.0-255,4320,88652,42,163196
32726,0.001716,172.31.46.0-255,66,88718,42,163196
32727,0.001732,74.125.68.0-255,1484,90202,42,163196
32728,0.001767,172.31.46.0-255,66,90268,42,163196
32729,0.001772,74.125.68.0-255,4320,94588,42,163196
32730,0.001774,172.31.46.0-255,66,94654,42,163196
32731,0.00181,74.125.68.0-255,2184,96838,42,163196
32732,0.001813,172.31.46.0-255,66,96904,42,163196
32733,0.001846,74.125.68.0-255,2902,99806,42,163196
32734,0.001849,172.31.46.0-255,66,99872,42,163196
32735,0.001864,74.125.68.0-255,5738,105610,42,163196
32736,0.001868,172.31.46.0-255,66,105676,42,163196
32737,0.001873,74.125.68.0-255,4320,109996,42,163196
32738,0.001876,172.31.46.0-255,66,110062,42,163196
32739,0.001904,74.125.68.0-255,2902,112964,42,163196
32740,0.001906,172.31.46.0-255,66,113030,42,163196
32741,0.00194,74.125.68.0-255,4320,117350,42,163196
32742,0.001943,172.31.46.0-255,66,117416,42,163196
32743,0.001973,172.31.46.0-255,66,117482,42,163196
32744,0.001979,74.125.68.0-255,5020,122502,42,163196
32745,0.001981,172.31.46.0-255,66,122568,42,163196
32746,0.004267,74.125.68.0-255,5738,128306,42,163196
32747,0.004277,172.31.46.0-255,66,128372,42,163196
32748,0.006577,74.125.68.0-255,5738,134110,42,163196
32749,0.006594,172.31.46.0-255,66,134176,42,163196
32750,0.008903,74.125.68.0-255,5738,139914,42,163196
32751,0.00891,172.31.46.0-255,66,139980,42,163196
32752,0.011186,74.125.68.0-255,5738,145718,42,163196
32753,0.011193,172.31.46.0-255,66,145784,42,163196
32754,0.013507,74.125.68.0-255,5738,151522,42,163196
32755,0.013513,172.31.46.0-255,66,151588,42,163196
32756,0.015785,74.125.68.0-255,5738,157326,42,163196
32757,0.015791,172.31.46.0-255,66,157392,42,163196
32758,0.018073,74.125.68.0-255,5738,163130,42,163196
32759,0.018085,172.31.46.0-255,66,163196,42,163196
32760,0.0,172.217.194.0-255,153,153,42,184819
32761,1.4e-05,172.31.46.0-255,66,219,42,184819
32762,2e-05,172.217.194.0-255,1484,1703,42,184819
32763,2.4e-05,172.31.46.0-255,66,1769,42,184819
32764,2.9e-05,172.217.194.0-255,2902,4671,42,184819
32765,3.3e-05,172.31.46.0-255,66,4737,42,184819
32766,3.6e-05,172.217.194.0-255,1484,6221,42,184819
32767,3.8e-05,172.31.46.0-255,66,6287,42,184819
32768,7.2e-05,172.217.194.0-255,1484,7771,42,184819
32769,7.5e-05,172.31.46.0-255,66,7837,42,184819
32770,9.6e-05,172.217.194.0-255,6192,14029,42,184819
32771,9.8e-05,172.31.46.0-255,66,14095,42,184819
32772,0.000179,172.217.194.0-255,1484,15579,42,184819
32773,0.000183,172.31.46.0-255,66,15645,42,184819
32774,0.000202,172.217.194.0-255,2902,18547,42,184819
32775,0.000205,172.31.46.0-255,66,18613,42,184819
32776,0.000208,172.217.194.0-255,1484,20097,42,184819
32777,0.000209,172.31.46.0-255,66,20163,42,184819
32778,0.00023,172.217.194.0-255,4320,24483,42,184819
32779,0.000232,172.31.46.0-255,66,24549,42,184819
32780,0.000252,172.217.194.0-255,6797,31346,42,184819
32781,0.000254,172.31.46.0-255,66,31412,42,184819
32782,0.000261,172.217.194.0-255,5738,37150,42,184819
32783,0.000263,172.31.46.0-255,66,37216,42,184819
32784,0.000289,172.217.194.0-255,1484,38700,42,184819
32785,0.000291,172.31.46.0-255,66,38766,42,184819
32786,0.000303,172.31.46.0-255,66,38832,42,184819
32787,0.000333,172.217.194.0-255,2902,41734,42,184819
32788,0.000335,172.31.46.0-255,66,41800,42,184819
32789,0.000356,172.217.194.0-255,4320,46120,42,184819
32790,0.000358,172.31.46.0-255,66,46186,42,184819
32791,0.000368,172.31.46.0-255,66,46252,42,184819
32792,0.000371,172.217.194.0-255,1125,47377,42,184819
32793,0.000411,172.217.194.0-255,678,48055,42,184819
32794,0.000413,172.31.46.0-255,66,48121,42,184819
32795,0.000468,172.217.194.0-255,1484,49605,42,184819
32796,0.00048,172.217.194.0-255,2902,52507,42,184819
32797,0.000483,172.31.46.0-255,66,52573,42,184819
32798,0.000503,172.217.194.0-255,4320,56893,42,184819
32799,0.000506,172.31.46.0-255,66,56959,42,184819
32800,0.000516,172.217.194.0-255,1484,58443,42,184819
32801,0.000531,172.217.194.0-255,5738,64181,42,184819
32802,0.000535,172.31.46.0-255,66,64247,42,184819
32803,0.000552,172.217.194.0-255,6797,71044,42,184819
32804,0.000554,172.31.46.0-255,66,71110,42,184819
32805,0.000598,172.31.46.0-255,66,71176,42,184819
32806,0.000813,172.217.194.0-255,1484,72660,42,184819
32807,0.000841,172.217.194.0-255,2902,75562,42,184819
32808,0.000844,172.31.46.0-255,66,75628,42,184819
32809,0.000851,172.217.194.0-255,5738,81366,42,184819
32810,0.000853,172.31.46.0-255,66,81432,42,184819
32811,0.000896,172.31.46.0-255,66,81498,42,184819
32812,0.000915,172.217.194.0-255,1484,82982,42,184819
32813,0.000927,172.31.46.0-255,66,83048,42,184819
32814,0.001071,172.217.194.0-255,1484,84532,42,184819
32815,0.001077,172.217.194.0-255,2902,87434,42,184819
32816,0.001079,172.31.46.0-255,66,87500,42,184819
32817,0.001083,172.217.194.0-255,1484,88984,42,184819
32818,0.001103,172.217.194.0-255,4320,93304,42,184819
32819,0.001106,172.31.46.0-255,66,93370,42,184819
32820,0.001111,172.217.194.0-255,5738,99108,42,184819
32821,0.001114,172.31.46.0-255,66,99174,42,184819
32822,0.001137,172.217.194.0-255,7156,106330,42,184819
32823,0.00114,172.31.46.0-255,66,106396,42,184819
32824,0.001179,172.31.46.0-255,66,106462,42,184819
32825,0.001289,172.217.194.0-255,1484,107946,42,184819
32826,0.001293,172.217.194.0-255,2902,110848,42,184819
32827,0.001298,172.217.194.0-255,5738,116586,42,184819
32828,0.001309,172.31.46.0-255,66,116652,42,184819
32829,0.001312,172.31.46.0-255,66,116718,42,184819
32830,0.00133,172.217.194.0-255,4320,121038,42,184819
32831,0.001333,172.31.46.0-255,66,121104,42,184819
32832,0.001368,172.31.46.0-255,66,121170,42,184819
32833,0.001379,172.31.46.0-255,66,121236,42,184819
32834,0.001381,172.217.194.0-255,766,122002,42,184819
32835,0.001483,172.217.194.0-255,1484,123486,42,184819
32836,0.001487,172.217.194.0-255,2902,126388,42,184819
32837,0.001493,172.31.46.0-255,66,126454,42,184819
32838,0.001504,172.31.46.0-255,66,126520,42,184819
32839,0.001511,172.217.194.0-255,5738,132258,42,184819
32840,0.001514,172.31.46.0-255,66,132324,42,184819
32841,0.00154,172.217.194.0-255,7156,139480,42,184819
32842,0.001542,172.31.46.0-255,66,139546,42,184819
32843,0.001568,172.217.194.0-255,5738,145284,42,184819
32844,0.001581,172.31.46.0-255,66,145350,42,184819
32845,0.001584,172.31.46.0-255,66,145416,42,184819
32846,0.0016,172.217.194.0-255,2184,147600,42,184819
32847,0.001602,172.31.46.0-255,66,147666,42,184819
32848,0.001725,172.217.194.0-255,1484,149150,42,184819
32849,0.001743,172.217.194.0-255,2902,152052,42,184819
32850,0.001746,172.31.46.0-255,66,152118,42,184819
32851,0.001749,172.217.194.0-255,1484,153602,42,184819
32852,0.001767,172.217.194.0-255,2902,156504,42,184819
32853,0.00177,172.31.46.0-255,66,156570,42,184819
32854,0.001776,172.217.194.0-255,5738,162308,42,184819
32855,0.001777,172.31.46.0-255,66,162374,42,184819
32856,0.001793,172.31.46.0-255,66,162440,42,184819
32857,0.001815,172.31.46.0-255,66,162506,42,184819
32858,0.00185,172.217.194.0-255,1484,163990,42,184819
32859,0.001871,172.217.194.0-255,1484,165474,42,184819
32860,0.001873,172.31.46.0-255,66,165540,42,184819
32861,0.001879,172.217.194.0-255,4320,169860,42,184819
32862,0.001881,172.31.46.0-255,66,169926,42,184819
32863,0.001884,172.217.194.0-255,1484,171410,42,184819
32864,0.001907,172.217.194.0-255,7156,178566,42,184819
32865,0.001909,172.31.46.0-255,66,178632,42,184819
32866,0.002028,172.31.46.0-255,66,178698,42,184819
32867,0.002064,172.217.194.0-255,1484,180182,42,184819
32868,0.002072,172.31.46.0-255,66,180248,42,184819
32869,0.002109,172.217.194.0-255,1484,181732,42,184819
32870,0.002161,172.217.194.0-255,2582,184314,42,184819
32871,0.002165,172.217.194.0-255,97,184411,42,184819
32872,0.00217,172.31.46.0-255,66,184477,42,184819
32873,0.002204,172.217.194.0-255,105,184582,42,184819
32874,0.008138,172.31.46.0-255,66,184648,42,184819
32875,0.008177,172.31.46.0-255,105,184753,42,184819
32876,0.010701,172.217.194.0-255,66,184819,42,184819
32877,0.0,74.125.24.0-255,152,152,42,94389
32878,2.5e-05,172.31.46.0-255,66,218,42,94389
32879,4.6e-05,74.125.24.0-255,1484,1702,42,94389
32880,5.1e-05,172.31.46.0-255,66,1768,42,94389
32881,5.5e-05,74.125.24.0-255,1484,3252,42,94389
32882,5.8e-05,172.31.46.0-255,66,3318,42,94389
32883,6.6e-05,74.125.24.0-255,4320,7638,42,94389
32884,6.9e-05,172.31.46.0-255,66,7704,42,94389
32885,7.2e-05,74.125.24.0-255,1484,9188,42,94389
32886,7.4e-05,172.31.46.0-255,66,9254,42,94389
32887,0.000108,172.31.46.0-255,66,9320,42,94389
32888,0.000121,172.31.46.0-255,66,9386,42,94389
32889,0.000124,74.125.24.0-255,1125,10511,42,94389
32890,0.000126,172.31.46.0-255,66,10577,42,94389
32891,0.001638,74.125.24.0-255,1484,12061,42,94389
32892,0.00165,172.31.46.0-255,66,12127,42,94389
32893,0.001661,74.125.24.0-255,2902,15029,42,94389
32894,0.001664,172.31.46.0-255,66,15095,42,94389
32895,0.001671,74.125.24.0-255,5738,20833,42,94389
32896,0.001674,172.31.46.0-255,66,20899,42,94389
32897,0.001681,74.125.24.0-255,7156,28055,42,94389
32898,0.001683,172.31.46.0-255,66,28121,42,94389
32899,0.001712,74.125.24.0-255,5738,33859,42,94389
32900,0.001714,172.31.46.0-255,66,33925,42,94389
32901,0.00173,172.31.46.0-255,66,33991,42,94389
32902,0.002098,74.125.24.0-255,412,34403,42,94389
32903,0.0021,172.31.46.0-255,66,34469,42,94389
32904,0.00213,74.125.24.0-255,1484,35953,42,94389
32905,0.002132,172.31.46.0-255,66,36019,42,94389
32906,0.002149,74.125.24.0-255,2902,38921,42,94389
32907,0.002151,172.31.46.0-255,66,38987,42,94389
32908,0.002167,74.125.24.0-255,1484,40471,42,94389
32909,0.002173,74.125.24.0-255,2902,43373,42,94389
32910,0.002175,172.31.46.0-255,66,43439,42,94389
32911,0.002183,74.125.24.0-255,7156,50595,42,94389
32912,0.002185,172.31.46.0-255,66,50661,42,94389
32913,0.002203,74.125.24.0-255,1484,52145,42,94389
32914,0.002215,74.125.24.0-255,1484,53629,42,94389
32915,0.002217,172.31.46.0-255,66,53695,42,94389
32916,0.002248,172.31.46.0-255,66,53761,42,94389
32917,0.004543,74.125.24.0-255,5738,59499,42,94389
32918,0.004552,172.31.46.0-255,66,59565,42,94389
32919,0.00693,74.125.24.0-255,5738,65303,42,94389
32920,0.006937,172.31.46.0-255,66,65369,42,94389
32921,0.009334,74.125.24.0-255,5738,71107,42,94389
32922,0.00935,172.31.46.0-255,66,71173,42,94389
32923,0.011686,74.125.24.0-255,5738,76911,42,94389
32924,0.011699,172.31.46.0-255,66,76977,42,94389
32925,0.014013,74.125.24.0-255,5738,82715,42,94389
32926,0.01403,172.31.46.0-255,66,82781,42,94389
32927,0.016362,74.125.24.0-255,5738,88519,42,94389
32928,0.016374,172.31.46.0-255,66,88585,42,94389
32929,0.0187,74.125.24.0-255,5738,94323,42,94389
32930,0.018709,172.31.46.0-255,66,94389,42,94389
32931,0.0,74.125.24.0-255,152,152,42,134439
32932,2.5e-05,172.31.46.0-255,66,218,42,134439
32933,3.3e-05,74.125.24.0-255,1484,1702,42,134439
32934,3.8e-05,172.31.46.0-255,66,1768,42,134439
32935,4.3e-05,74.125.24.0-255,2902,4670,42,134439
32936,4.7e-05,172.31.46.0-255,66,4736,42,134439
32937,5.6e-05,74.125.24.0-255,7156,11892,42,134439
32938,5.9e-05,172.31.46.0-255,66,11958,42,134439
32939,6.1e-05,74.125.24.0-255,1484,13442,42,134439
32940,6.4e-05,172.31.46.0-255,66,13508,42,134439
32941,7.8e-05,172.31.46.0-255,66,13574,42,134439
32942,9e-05,172.31.46.0-255,66,13640,42,134439
32943,9.3e-05,74.125.24.0-255,1484,15124,42,134439
32944,9.6e-05,172.31.46.0-255,66,15190,42,134439
32945,0.000142,172.31.46.0-255,66,15256,42,134439
32946,0.000165,74.125.24.0-255,1484,16740,42,134439
32947,0.000168,172.31.46.0-255,66,16806,42,134439
32948,0.000172,74.125.24.0-255,2902,19708,42,134439
32949,0.000174,172.31.46.0-255,66,19774,42,134439
32950,0.000181,74.125.24.0-255,5738,25512,42,134439
32951,0.000183,172.31.46.0-255,66,25578,42,134439
32952,0.000186,74.125.24.0-255,1484,27062,42,134439
32953,0.000189,172.31.46.0-255,66,27128,42,134439
32954,0.00022,74.125.24.0-255,5707,32835,42,134439
32955,0.000223,172.31.46.0-255,66,32901,42,134439
32956,0.000349,74.125.24.0-255,1484,34385,42,134439
32957,0.000352,172.31.46.0-255,66,34451,42,134439
32958,0.000359,74.125.24.0-255,2902,37353,42,134439
32959,0.000361,172.31.46.0-255,66,37419,42,134439
32960,0.000366,74.125.24.0-255,2902,40321,42,134439
32961,0.000368,172.31.46.0-255,66,40387,42,134439
32962,0.000382,74.125.24.0-255,2902,43289,42,134439
32963,0.000385,172.31.46.0-255,66,43355,42,134439
32964,0.000404,74.125.24.0-255,5738,49093,42,134439
32965,0.000407,172.31.46.0-255,66,49159,42,134439
32966,0.000439,74.125.24.0-255,7156,56315,42,134439
32967,0.000442,172.31.46.0-255,66,56381,42,134439
32968,0.000455,172.31.46.0-255,66,56447,42,134439
32969,0.000461,74.125.24.0-255,4320,60767,42,134439
32970,0.000463,172.31.46.0-255,66,60833,42,134439
32971,0.000511,172.31.46.0-255,66,60899,42,134439
32972,0.000521,172.31.46.0-255,66,60965,42,134439
32973,0.001004,74.125.24.0-255,1484,62449,42,134439
32974,0.001011,74.125.24.0-255,1484,63933,42,134439
32975,0.001016,172.31.46.0-255,66,63999,42,134439
32976,0.001035,74.125.24.0-255,1484,65483,42,134439
32977,0.001043,74.125.24.0-255,4320,69803,42,134439
32978,0.001045,172.31.46.0-255,66,69869,42,134439
32979,0.001057,172.31.46.0-255,66,69935,42,134439
32980,0.001088,74.125.24.0-255,2902,72837,42,134439
32981,0.00109,172.31.46.0-255,66,72903,42,134439
32982,0.001124,172.31.46.0-255,66,72969,42,134439
32983,0.001358,74.125.24.0-255,1484,74453,42,134439
32984,0.001365,74.125.24.0-255,2902,77355,42,134439
32985,0.001369,172.31.46.0-255,66,77421,42,134439
32986,0.001375,74.125.24.0-255,4320,81741,42,134439
32987,0.001377,172.31.46.0-255,66,81807,42,134439
32988,0.00139,74.125.24.0-255,1484,83291,42,134439
32989,0.001396,74.125.24.0-255,4320,87611,42,134439
32990,0.001399,172.31.46.0-255,66,87677,42,134439
32991,0.001443,74.125.24.0-255,1484,89161,42,134439
32992,0.001464,172.31.46.0-255,66,89227,42,134439
32993,0.001475,172.31.46.0-255,66,89293,42,134439
32994,0.002131,74.125.24.0-255,1484,90777,42,134439
32995,0.003614,74.125.24.0-255,4320,95097,42,134439
32996,0.003621,172.31.46.0-255,66,95163,42,134439
32997,0.005788,74.125.24.0-255,4320,99483,42,134439
32998,0.005793,172.31.46.0-255,66,99549,42,134439
32999,0.005808,74.125.24.0-255,1484,101033,42,134439
33000,0.007904,74.125.24.0-255,4320,105353,42,134439
33001,0.007911,172.31.46.0-255,66,105419,42,134439
33002,0.010057,74.125.24.0-255,5738,111157,42,134439
33003,0.01007,172.31.46.0-255,66,111223,42,134439
33004,0.012207,74.125.24.0-255,5738,116961,42,134439
33005,0.012225,172.31.46.0-255,66,117027,42,134439
33006,0.014355,74.125.24.0-255,5738,122765,42,134439
33007,0.01437,172.31.46.0-255,66,122831,42,134439
33008,0.016516,74.125.24.0-255,5738,128569,42,134439
33009,0.016529,172.31.46.0-255,66,128635,42,134439
33010,0.01871,74.125.24.0-255,5738,134373,42,134439
33011,0.018719,172.31.46.0-255,66,134439,42,134439
33012,0.0,74.125.24.0-255,153,153,42,181936
33013,1.7e-05,172.31.46.0-255,66,219,42,181936
33014,2.4e-05,74.125.24.0-255,1484,1703,42,181936
33015,2.9e-05,172.31.46.0-255,66,1769,42,181936
33016,3.4e-05,74.125.24.0-255,2902,4671,42,181936
33017,4.5e-05,172.31.46.0-255,66,4737,42,181936
33018,5.3e-05,74.125.24.0-255,7156,11893,42,181936
33019,5.6e-05,172.31.46.0-255,66,11959,42,181936
33020,6e-05,74.125.24.0-255,2074,14033,42,181936
33021,6.4e-05,172.31.46.0-255,66,14099,42,181936
33022,7.8e-05,172.31.46.0-255,66,14165,42,181936
33023,0.00015,172.31.46.0-255,66,14231,42,181936
33024,0.000153,74.125.24.0-255,766,14997,42,181936
33025,0.000156,172.31.46.0-255,66,15063,42,181936
33026,0.000225,74.125.24.0-255,1484,16547,42,181936
33027,0.000228,172.31.46.0-255,66,16613,42,181936
33028,0.000233,74.125.24.0-255,2902,19515,42,181936
33029,0.000235,172.31.46.0-255,66,19581,42,181936
33030,0.00027,74.125.24.0-255,5738,25319,42,181936
33031,0.000273,172.31.46.0-255,66,25385,42,181936
33032,0.000301,74.125.24.0-255,7153,32538,42,181936
33033,0.000304,172.31.46.0-255,66,32604,42,181936
33034,0.000329,74.125.24.0-255,2902,35506,42,181936
33035,0.000331,172.31.46.0-255,66,35572,42,181936
33036,0.000356,74.125.24.0-255,4320,39892,42,181936
33037,0.000359,172.31.46.0-255,66,39958,42,181936
33038,0.000366,74.125.24.0-255,7156,47114,42,181936
33039,0.000368,172.31.46.0-255,66,47180,42,181936
33040,0.000375,74.125.24.0-255,1484,48664,42,181936
33041,0.000378,172.31.46.0-255,66,48730,42,181936
33042,0.000419,172.31.46.0-255,66,48796,42,181936
33043,0.000423,74.125.24.0-255,3602,52398,42,181936
33044,0.000426,172.31.46.0-255,66,52464,42,181936
33045,0.000493,74.125.24.0-255,1484,53948,42,181936
33046,0.0005,74.125.24.0-255,2902,56850,42,181936
33047,0.000502,172.31.46.0-255,66,56916,42,181936
33048,0.000508,74.125.24.0-255,5738,62654,42,181936
33049,0.000511,172.31.46.0-255,66,62720,42,181936
33050,0.000547,172.31.46.0-255,66,62786,42,181936
33051,0.000573,74.125.24.0-255,7156,69942,42,181936
33052,0.000576,172.31.46.0-255,66,70008,42,181936
33053,0.0006,74.125.24.0-255,3602,73610,42,181936
33054,0.000602,172.31.46.0-255,66,73676,42,181936
33055,0.000635,74.125.24.0-255,1484,75160,42,181936
33056,0.00064,74.125.24.0-255,2902,78062,42,181936
33057,0.000642,172.31.46.0-255,66,78128,42,181936
33058,0.000673,74.125.24.0-255,5738,83866,42,181936
33059,0.000677,172.31.46.0-255,66,83932,42,181936
33060,0.000689,172.31.46.0-255,66,83998,42,181936
33061,0.000712,74.125.24.0-255,2902,86900,42,181936
33062,0.000715,172.31.46.0-255,66,86966,42,181936
33063,0.000728,172.31.46.0-255,66,87032,42,181936
33064,0.000954,74.125.24.0-255,1484,88516,42,181936
33065,0.000977,74.125.24.0-255,2902,91418,42,181936
33066,0.000981,172.31.46.0-255,66,91484,42,181936
33067,0.000987,74.125.24.0-255,5738,97222,42,181936
33068,0.000989,172.31.46.0-255,66,97288,42,181936
33069,0.00103,172.31.46.0-255,66,97354,42,181936
33070,0.001036,74.125.24.0-255,4320,101674,42,181936
33071,0.001038,172.31.46.0-255,66,101740,42,181936
33072,0.001065,74.125.24.0-255,6438,108178,42,181936
33073,0.001068,172.31.46.0-255,66,108244,42,181936
33074,0.001139,74.125.24.0-255,1484,109728,42,181936
33075,0.001164,74.125.24.0-255,2902,112630,42,181936
33076,0.001167,172.31.46.0-255,66,112696,42,181936
33077,0.001174,74.125.24.0-255,5738,118434,42,181936
33078,0.001176,172.31.46.0-255,66,118500,42,181936
33079,0.001191,172.31.46.0-255,66,118566,42,181936
33080,0.001275,172.31.46.0-255,66,118632,42,181936
33081,0.001384,74.125.24.0-255,1484,120116,42,181936
33082,0.001389,74.125.24.0-255,2902,123018,42,181936
33083,0.001392,172.31.46.0-255,66,123084,42,181936
33084,0.001396,74.125.24.0-255,1484,124568,42,181936
33085,0.001423,74.125.24.0-255,4320,128888,42,181936
33086,0.001425,172.31.46.0-255,66,128954,42,181936
33087,0.001444,172.31.46.0-255,66,129020,42,181936
33088,0.001472,74.125.24.0-255,2902,131922,42,181936
33089,0.001475,172.31.46.0-255,66,131988,42,181936
33090,0.00148,74.125.24.0-255,2902,134890,42,181936
33091,0.001482,172.31.46.0-255,66,134956,42,181936
33092,0.00151,172.31.46.0-255,66,135022,42,181936
33093,0.001549,74.125.24.0-255,1484,136506,42,181936
33094,0.001554,74.125.24.0-255,2902,139408,42,181936
33095,0.001557,172.31.46.0-255,66,139474,42,181936
33096,0.001561,74.125.24.0-255,2902,142376,42,181936
33097,0.001563,172.31.46.0-255,66,142442,42,181936
33098,0.001586,74.125.24.0-255,2902,145344,42,181936
33099,0.001593,172.31.46.0-255,66,145410,42,181936
33100,0.001601,74.125.24.0-255,7156,152566,42,181936
33101,0.001603,172.31.46.0-255,66,152632,42,181936
33102,0.001613,172.31.46.0-255,66,152698,42,181936
33103,0.00164,74.125.24.0-255,5738,158436,42,181936
33104,0.001643,172.31.46.0-255,66,158502,42,181936
33105,0.001647,74.125.24.0-255,2184,160686,42,181936
33106,0.00165,172.31.46.0-255,66,160752,42,181936
33107,0.001679,74.125.24.0-255,2902,163654,42,181936
33108,0.001682,172.31.46.0-255,66,163720,42,181936
33109,0.001685,74.125.24.0-255,1484,165204,42,181936
33110,0.001688,74.125.24.0-255,1484,166688,42,181936
33111,0.00169,172.31.46.0-255,66,166754,42,181936
33112,0.001713,74.125.24.0-255,1484,168238,42,181936
33113,0.001719,74.125.24.0-255,5738,173976,42,181936
33114,0.001721,172.31.46.0-255,66,174042,42,181936
33115,0.001725,74.125.24.0-255,1484,175526,42,181936
33116,0.001764,172.31.46.0-255,66,175592,42,181936
33117,0.001775,172.31.46.0-255,66,175658,42,181936
33118,0.001804,74.125.24.0-255,2902,178560,42,181936
33119,0.001807,172.31.46.0-255,66,178626,42,181936
33120,0.001866,172.31.46.0-255,66,178692,42,181936
33121,0.001888,74.125.24.0-255,2902,181594,42,181936
33122,0.001935,74.125.24.0-255,105,181699,42,181936
33123,0.00238,172.31.46.0-255,66,181765,42,181936
33124,0.004651,172.31.46.0-255,105,181870,42,181936
33125,0.006886,74.125.24.0-255,66,181936,42,181936
33126,0.0,74.125.200.0-255,150,150,42,136692
33127,2.1e-05,172.31.46.0-255,66,216,42,136692
33128,2.9e-05,74.125.200.0-255,1484,1700,42,136692
33129,3.3e-05,172.31.46.0-255,66,1766,42,136692
33130,3.8e-05,74.125.200.0-255,2902,4668,42,136692
33131,4.2e-05,172.31.46.0-255,66,4734,42,136692
33132,4.9e-05,74.125.200.0-255,4320,9054,42,136692
33133,5.2e-05,172.31.46.0-255,66,9120,42,136692
33134,0.000115,172.31.46.0-255,66,9186,42,136692
33135,0.000121,74.125.200.0-255,4320,13506,42,136692
33136,0.000123,172.31.46.0-255,66,13572,42,136692
33137,0.00014,172.31.46.0-255,66,13638,42,136692
33138,0.000148,74.125.200.0-255,7156,20794,42,136692
33139,0.000151,172.31.46.0-255,66,20860,42,136692
33140,0.000194,74.125.200.0-255,2184,23044,42,136692
33141,0.000197,172.31.46.0-255,66,23110,42,136692
33142,0.000226,74.125.200.0-255,2902,26012,42,136692
33143,0.000229,172.31.46.0-255,66,26078,42,136692
33144,0.00025,74.125.200.0-255,4320,30398,42,136692
33145,0.000254,172.31.46.0-255,66,30464,42,136692
33146,0.000266,74.125.200.0-255,1484,31948,42,136692
33147,0.000269,172.31.46.0-255,66,32014,42,136692
33148,0.000284,74.125.200.0-255,7156,39170,42,136692
33149,0.000287,172.31.46.0-255,66,39236,42,136692
33150,0.00029,74.125.200.0-255,1419,40655,42,136692
33151,0.000292,172.31.46.0-255,66,40721,42,136692
33152,0.000851,74.125.200.0-255,131,40852,42,136692
33153,0.000857,172.31.46.0-255,66,40918,42,136692
33154,0.000898,74.125.200.0-255,1484,42402,42,136692
33155,0.000901,172.31.46.0-255,66,42468,42,136692
33156,0.000919,74.125.200.0-255,2902,45370,42,136692
33157,0.000922,172.31.46.0-255,66,45436,42,136692
33158,0.000937,74.125.200.0-255,2902,48338,42,136692
33159,0.00094,172.31.46.0-255,66,48404,42,136692
33160,0.000973,74.125.200.0-255,4320,52724,42,136692
33161,0.000977,172.31.46.0-255,66,52790,42,136692
33162,0.000981,74.125.200.0-255,2902,55692,42,136692
33163,0.000983,172.31.46.0-255,66,55758,42,136692
33164,0.000988,74.125.200.0-255,4320,60078,42,136692
33165,0.00099,172.31.46.0-255,66,60144,42,136692
33166,0.001,172.31.46.0-255,66,60210,42,136692
33167,0.001008,74.125.200.0-255,6438,66648,42,136692
33168,0.00101,172.31.46.0-255,66,66714,42,136692
33169,0.001986,74.125.200.0-255,1484,68198,42,136692
33170,0.001996,74.125.200.0-255,1484,69682,42,136692
33171,0.002,172.31.46.0-255,66,69748,42,136692
33172,0.002022,74.125.200.0-255,1484,71232,42,136692
33173,0.002029,74.125.200.0-255,5738,76970,42,136692
33174,0.002031,172.31.46.0-255,66,77036,42,136692
33175,0.002038,74.125.200.0-255,5738,82774,42,136692
33176,0.002041,172.31.46.0-255,66,82840,42,136692
33177,0.002064,74.125.200.0-255,4320,87160,42,136692
33178,0.002066,172.31.46.0-255,66,87226,42,136692
33179,0.002085,74.125.200.0-255,2902,90128,42,136692
33180,0.002087,172.31.46.0-255,66,90194,42,136692
33181,0.002118,172.31.46.0-255,66,90260,42,136692
33182,0.004207,74.125.200.0-255,5738,95998,42,136692
33183,0.004213,172.31.46.0-255,66,96064,42,136692
33184,0.006332,74.125.200.0-255,5738,101802,42,136692
33185,0.006336,172.31.46.0-255,66,101868,42,136692
33186,0.008441,74.125.200.0-255,5738,107606,42,136692
33187,0.008448,172.31.46.0-255,66,107672,42,136692
33188,0.010555,74.125.200.0-255,5738,113410,42,136692
33189,0.010563,172.31.46.0-255,66,113476,42,136692
33190,0.012667,74.125.200.0-255,5738,119214,42,136692
33191,0.012676,172.31.46.0-255,66,119280,42,136692
33192,0.014794,74.125.200.0-255,5738,125018,42,136692
33193,0.014803,172.31.46.0-255,66,125084,42,136692
33194,0.016902,74.125.200.0-255,5738,130822,42,136692
33195,0.01691,172.31.46.0-255,66,130888,42,136692
33196,0.019008,74.125.200.0-255,5738,136626,42,136692
33197,0.019017,172.31.46.0-255,66,136692,42,136692
33198,0.0,74.125.24.0-255,146,146,42,130361
33199,2e-05,172.31.46.0-255,66,212,42,130361
33200,2.7e-05,74.125.24.0-255,1484,1696,42,130361
33201,3.2e-05,172.31.46.0-255,66,1762,42,130361
33202,3.8e-05,74.125.24.0-255,2902,4664,42,130361
33203,4.8e-05,172.31.46.0-255,66,4730,42,130361
33204,5.6e-05,74.125.24.0-255,7156,11886,42,130361
33205,5.9e-05,172.31.46.0-255,66,11952,42,130361
33206,6.3e-05,74.125.24.0-255,2082,14034,42,130361
33207,6.6e-05,172.31.46.0-255,66,14100,42,130361
33208,0.0003,74.125.24.0-255,1484,15584,42,130361
33209,0.000306,172.31.46.0-255,66,15650,42,130361
33210,0.000313,74.125.24.0-255,2902,18552,42,130361
33211,0.000316,172.31.46.0-255,66,18618,42,130361
33212,0.000327,74.125.24.0-255,5738,24356,42,130361
33213,0.00033,172.31.46.0-255,66,24422,42,130361
33214,0.000333,74.125.24.0-255,1484,25906,42,130361
33215,0.000335,172.31.46.0-255,66,25972,42,130361
33216,0.000391,74.125.24.0-255,5379,31351,42,130361
33217,0.000395,172.31.46.0-255,66,31417,42,130361
33218,0.001055,74.125.24.0-255,1484,32901,42,130361
33219,0.001062,172.31.46.0-255,66,32967,42,130361
33220,0.00107,74.125.24.0-255,2902,35869,42,130361
33221,0.001073,172.31.46.0-255,66,35935,42,130361
33222,0.00108,74.125.24.0-255,1484,37419,42,130361
33223,0.001082,172.31.46.0-255,66,37485,42,130361
33224,0.001114,74.125.24.0-255,4320,41805,42,130361
33225,0.001116,172.31.46.0-255,66,41871,42,130361
33226,0.001123,74.125.24.0-255,6797,48668,42,130361
33227,0.001125,172.31.46.0-255,66,48734,42,130361
33228,0.001128,74.125.24.0-255,1484,50218,42,130361
33229,0.001129,172.31.46.0-255,66,50284,42,130361
33230,0.001176,172.31.46.0-255,66,50350,42,130361
33231,0.00118,74.125.24.0-255,2855,53205,42,130361
33232,0.001182,172.31.46.0-255,66,53271,42,130361
33233,0.001392,74.125.24.0-255,344,53615,42,130361
33234,0.001398,172.31.46.0-255,66,53681,42,130361
33235,0.001461,74.125.24.0-255,1484,55165,42,130361
33236,0.001463,172.31.46.0-255,66,55231,42,130361
33237,0.001468,74.125.24.0-255,2902,58133,42,130361
33238,0.00147,172.31.46.0-255,66,58199,42,130361
33239,0.001496,74.125.24.0-255,5738,63937,42,130361
33240,0.001498,172.31.46.0-255,66,64003,42,130361
33241,0.001544,74.125.24.0-255,4320,68323,42,130361
33242,0.001546,172.31.46.0-255,66,68389,42,130361
33243,0.001559,74.125.24.0-255,2543,70932,42,130361
33244,0.001561,172.31.46.0-255,66,70998,42,130361
33245,0.001571,74.125.24.0-255,7156,78154,42,130361
33246,0.001573,172.31.46.0-255,66,78220,42,130361
33247,0.001639,74.125.24.0-255,7156,85376,42,130361
33248,0.001641,172.31.46.0-255,66,85442,42,130361
33249,0.001666,74.125.24.0-255,2543,87985,42,130361
33250,0.001668,172.31.46.0-255,66,88051,42,130361
33251,0.002058,74.125.24.0-255,1484,89535,42,130361
33252,0.002061,172.31.46.0-255,66,89601,42,130361
33253,0.002086,74.125.24.0-255,2902,92503,42,130361
33254,0.00209,74.125.24.0-255,1484,93987,42,130361
33255,0.004118,74.125.24.0-255,1484,95471,42,130361
33256,0.005906,172.31.46.0-255,66,95537,42,130361
33257,0.007962,74.125.24.0-255,5738,101275,42,130361
33258,0.00797,172.31.46.0-255,66,101341,42,130361
33259,0.010028,74.125.24.0-255,5738,107079,42,130361
33260,0.010038,172.31.46.0-255,66,107145,42,130361
33261,0.012088,74.125.24.0-255,5738,112883,42,130361
33262,0.012102,172.31.46.0-255,66,112949,42,130361
33263,0.014181,74.125.24.0-255,5738,118687,42,130361
33264,0.014189,172.31.46.0-255,66,118753,42,130361
33265,0.016249,74.125.24.0-255,5738,124491,42,130361
33266,0.016257,172.31.46.0-255,66,124557,42,130361
33267,0.018299,74.125.24.0-255,5738,130295,42,130361
33268,0.018306,172.31.46.0-255,66,130361,42,130361
33269,0.0,74.125.200.0-255,146,146,42,72634
33270,2.4e-05,172.31.46.0-255,66,212,42,72634
33271,3.1e-05,74.125.200.0-255,1484,1696,42,72634
33272,3.6e-05,172.31.46.0-255,66,1762,42,72634
33273,6e-05,74.125.200.0-255,1484,3246,42,72634
33274,6.3e-05,172.31.46.0-255,66,3312,42,72634
33275,6.8e-05,74.125.200.0-255,2902,6214,42,72634
33276,7.1e-05,172.31.46.0-255,66,6280,42,72634
33277,7.7e-05,74.125.200.0-255,4320,10600,42,72634
33278,8e-05,172.31.46.0-255,66,10666,42,72634
33279,0.0001,74.125.200.0-255,1484,12150,42,72634
33280,0.000102,172.31.46.0-255,66,12216,42,72634
33281,0.000106,74.125.200.0-255,1484,13700,42,72634
33282,0.000108,172.31.46.0-255,66,13766,42,72634
33283,0.000125,74.125.200.0-255,4913,18679,42,72634
33284,0.000128,172.31.46.0-255,66,18745,42,72634
33285,0.000132,74.125.200.0-255,2902,21647,42,72634
33286,0.000134,172.31.46.0-255,66,21713,42,72634
33287,0.000158,74.125.200.0-255,2902,24615,42,72634
33288,0.00016,172.31.46.0-255,66,24681,42,72634
33289,0.000168,74.125.200.0-255,6797,31478,42,72634
33290,0.00017,172.31.46.0-255,66,31544,42,72634
33291,0.002979,74.125.200.0-255,1484,33028,42,72634
33292,0.002988,172.31.46.0-255,66,33094,42,72634
33293,0.002995,74.125.200.0-255,1484,34578,42,72634
33294,0.002998,172.31.46.0-255,66,34644,42,72634
33295,0.003003,74.125.200.0-255,2902,37546,42,72634
33296,0.003005,172.31.46.0-255,66,37612,42,72634
33297,0.005529,74.125.200.0-255,1484,39096,42,72634
33298,0.005536,172.31.46.0-255,66,39162,42,72634
33299,0.005561,74.125.200.0-255,4320,43482,42,72634
33300,0.005565,172.31.46.0-255,66,43548,42,72634
33301,0.008079,74.125.200.0-255,1484,45032,42,72634
33302,0.008104,74.125.200.0-255,4320,49352,42,72634
33303,0.009483,172.31.46.0-255,66,49418,42,72634
33304,0.012031,74.125.200.0-255,5738,55156,42,72634
33305,0.012039,172.31.46.0-255,66,55222,42,72634
33306,0.014585,74.125.200.0-255,5738,60960,42,72634
33307,0.014595,172.31.46.0-255,66,61026,42,72634
33308,0.017128,74.125.200.0-255,5738,66764,42,72634
33309,0.017136,172.31.46.0-255,66,66830,42,72634
33310,0.019685,74.125.200.0-255,5738,72568,42,72634
33311,0.019693,172.31.46.0-255,66,72634,42,72634
33312,0.0,172.217.194.0-255,146,146,42,170725
33313,1.9e-05,172.31.46.0-255,66,212,42,170725
33314,2.7e-05,172.217.194.0-255,1484,1696,42,170725
33315,3.2e-05,172.31.46.0-255,66,1762,42,170725
33316,3.7e-05,172.217.194.0-255,2902,4664,42,170725
33317,4e-05,172.31.46.0-255,66,4730,42,170725
33318,4.8e-05,172.217.194.0-255,7156,11886,42,170725
33319,5.1e-05,172.31.46.0-255,66,11952,42,170725
33320,5.4e-05,172.217.194.0-255,1484,13436,42,170725
33321,5.7e-05,172.31.46.0-255,66,13502,42,170725
33322,9.4e-05,172.31.46.0-255,66,13568,42,170725
33323,0.000101,172.217.194.0-255,6797,20365,42,170725
33324,0.000104,172.31.46.0-255,66,20431,42,170725
33325,0.000164,172.217.194.0-255,1484,21915,42,170725
33326,0.000167,172.31.46.0-255,66,21981,42,170725
33327,0.000171,172.217.194.0-255,2902,24883,42,170725
33328,0.000173,172.31.46.0-255,66,24949,42,170725
33329,0.000176,172.217.194.0-255,1484,26433,42,170725
33330,0.000178,172.31.46.0-255,66,26499,42,170725
33331,0.000194,172.217.194.0-255,4320,30819,42,170725
33332,0.000197,172.31.46.0-255,66,30885,42,170725
33333,0.000213,172.217.194.0-255,7156,38041,42,170725
33334,0.000216,172.31.46.0-255,66,38107,42,170725
33335,0.00024,172.217.194.0-255,6797,44904,42,170725
33336,0.000243,172.31.46.0-255,66,44970,42,170725
33337,0.000255,172.31.46.0-255,66,45036,42,170725
33338,0.000276,172.217.194.0-255,365,45401,42,170725
33339,0.000278,172.31.46.0-255,66,45467,42,170725
33340,0.000447,172.217.194.0-255,1484,46951,42,170725
33341,0.000452,172.31.46.0-255,66,47017,42,170725
33342,0.000456,172.217.194.0-255,1484,48501,42,170725
33343,0.000471,172.217.194.0-255,1484,49985,42,170725
33344,0.000474,172.31.46.0-255,66,50051,42,170725
33345,0.000481,172.217.194.0-255,5738,55789,42,170725
33346,0.000484,172.31.46.0-255,66,55855,42,170725
33347,0.000486,172.217.194.0-255,1484,57339,42,170725
33348,0.000521,172.31.46.0-255,66,57405,42,170725
33349,0.000524,172.217.194.0-255,1484,58889,42,170725
33350,0.000555,172.217.194.0-255,7156,66045,42,170725
33351,0.000558,172.31.46.0-255,66,66111,42,170725
33352,0.000573,172.217.194.0-255,2184,68295,42,170725
33353,0.000576,172.31.46.0-255,66,68361,42,170725
33354,0.000756,172.217.194.0-255,1484,69845,42,170725
33355,0.000763,172.217.194.0-255,2902,72747,42,170725
33356,0.000766,172.31.46.0-255,66,72813,42,170725
33357,0.00077,172.217.194.0-255,2902,75715,42,170725
33358,0.000773,172.31.46.0-255,66,75781,42,170725
33359,0.000788,172.217.194.0-255,2902,78683,42,170725
33360,0.000791,172.31.46.0-255,66,78749,42,170725
33361,0.000803,172.31.46.0-255,66,78815,42,170725
33362,0.000827,172.217.194.0-255,2902,81717,42,170725
33363,0.00083,172.31.46.0-255,66,81783,42,170725
33364,0.000851,172.217.194.0-255,4320,86103,42,170725
33365,0.000863,172.31.46.0-255,66,86169,42,170725
33366,0.00087,172.217.194.0-255,6438,92607,42,170725
33367,0.000873,172.31.46.0-255,66,92673,42,170725
33368,0.000891,172.217.194.0-255,1484,94157,42,170725
33369,0.000913,172.217.194.0-255,2902,97059,42,170725
33370,0.000916,172.31.46.0-255,66,97125,42,170725
33371,0.000922,172.217.194.0-255,4320,101445,42,170725
33372,0.000924,172.31.46.0-255,66,101511,42,170725
33373,0.000943,172.217.194.0-255,1484,102995,42,170725
33374,0.000958,172.31.46.0-255,66,103061,42,170725
33375,0.000961,172.217.194.0-255,1484,104545,42,170725
33376,0.000984,172.217.194.0-255,7156,111701,42,170725
33377,0.000989,172.31.46.0-255,66,111767,42,170725
33378,0.001002,172.217.194.0-255,2184,113951,42,170725
33379,0.00102,172.217.194.0-255,2902,116853,42,170725
33380,0.001035,172.31.46.0-255,66,116919,42,170725
33381,0.001053,172.217.194.0-255,7156,124075,42,170725
33382,0.001061,172.217.194.0-255,7156,131231,42,170725
33383,0.001078,172.217.194.0-255,2902,134133,42,170725
33384,0.001083,172.31.46.0-255,66,134199,42,170725
33385,0.001104,172.217.194.0-255,2902,137101,42,170725
33386,0.00111,172.31.46.0-255,66,137167,42,170725
33387,0.001205,172.31.46.0-255,66,137233,42,170725
33388,0.001234,172.31.46.0-255,66,137299,42,170725
33389,0.00129,172.31.46.0-255,66,137365,42,170725
33390,0.001335,172.217.194.0-255,2184,139549,42,170725
33391,0.001341,172.217.194.0-255,2902,142451,42,170725
33392,0.001346,172.217.194.0-255,2902,145353,42,170725
33393,0.001359,172.217.194.0-255,4320,149673,42,170725
33394,0.001377,172.217.194.0-255,5738,155411,42,170725
33395,0.001382,172.31.46.0-255,66,155477,42,170725
33396,0.001412,172.31.46.0-255,66,155543,42,170725
33397,0.001467,172.31.46.0-255,66,155609,42,170725
33398,0.0015,172.31.46.0-255,66,155675,42,170725
33399,0.00152,172.217.194.0-255,5738,161413,42,170725
33400,0.001533,172.31.46.0-255,66,161479,42,170725
33401,0.001552,172.31.46.0-255,66,161545,42,170725
33402,0.00157,172.217.194.0-255,1484,163029,42,170725
33403,0.001607,172.217.194.0-255,7156,170185,42,170725
33404,0.001619,172.31.46.0-255,66,170251,42,170725
33405,0.001678,172.31.46.0-255,66,170317,42,170725
33406,0.001684,172.31.46.0-255,66,170383,42,170725
33407,0.001718,172.217.194.0-255,105,170488,42,170725
33408,0.001763,172.31.46.0-255,66,170554,42,170725
33409,0.003992,172.31.46.0-255,105,170659,42,170725
33410,0.006544,172.217.194.0-255,66,170725,42,170725
33411,0.0,172.217.194.0-255,150,150,42,155198
33412,3.4e-05,172.31.46.0-255,66,216,42,155198
33413,4.1e-05,172.217.194.0-255,1484,1700,42,155198
33414,4.7e-05,172.31.46.0-255,66,1766,42,155198
33415,5.3e-05,172.217.194.0-255,2902,4668,42,155198
33416,6.4e-05,172.31.46.0-255,66,4734,42,155198
33417,7e-05,172.217.194.0-255,5738,10472,42,155198
33418,7.4e-05,172.31.46.0-255,66,10538,42,155198
33419,7.9e-05,172.217.194.0-255,3472,14010,42,155198
33420,8.3e-05,172.31.46.0-255,66,14076,42,155198
33421,0.000332,172.217.194.0-255,1484,15560,42,155198
33422,0.000339,172.31.46.0-255,66,15626,42,155198
33423,0.000345,172.217.194.0-255,2902,18528,42,155198
33424,0.000348,172.31.46.0-255,66,18594,42,155198
33425,0.000359,172.217.194.0-255,5738,24332,42,155198
33426,0.000362,172.31.46.0-255,66,24398,42,155198
33427,0.000397,172.217.194.0-255,6797,31195,42,155198
33428,0.0004,172.31.46.0-255,66,31261,42,155198
33429,0.000403,172.217.194.0-255,1484,32745,42,155198
33430,0.000405,172.31.46.0-255,66,32811,42,155198
33431,0.000452,172.31.46.0-255,66,32877,42,155198
33432,0.000457,172.217.194.0-255,2543,35420,42,155198
33433,0.000458,172.31.46.0-255,66,35486,42,155198
33434,0.000714,172.217.194.0-255,1484,36970,42,155198
33435,0.000719,172.31.46.0-255,66,37036,42,155198
33436,0.000725,172.217.194.0-255,2902,39938,42,155198
33437,0.000727,172.31.46.0-255,66,40004,42,155198
33438,0.000764,172.217.194.0-255,5738,45742,42,155198
33439,0.000767,172.31.46.0-255,66,45808,42,155198
33440,0.000789,172.217.194.0-255,5738,51546,42,155198
33441,0.000792,172.31.46.0-255,66,51612,42,155198
33442,0.000817,172.217.194.0-255,1704,53316,42,155198
33443,0.00082,172.31.46.0-255,66,53382,42,155198
33444,0.000849,172.217.194.0-255,1484,54866,42,155198
33445,0.000857,172.217.194.0-255,2902,57768,42,155198
33446,0.00086,172.31.46.0-255,66,57834,42,155198
33447,0.000894,172.217.194.0-255,5738,63572,42,155198
33448,0.000897,172.31.46.0-255,66,63638,42,155198
33449,0.000902,172.217.194.0-255,4320,67958,42,155198
33450,0.000904,172.31.46.0-255,66,68024,42,155198
33451,0.000929,172.217.194.0-255,5738,73762,42,155198
33452,0.000932,172.31.46.0-255,66,73828,42,155198
33453,0.000965,172.217.194.0-255,6797,80625,42,155198
33454,0.000967,172.31.46.0-255,66,80691,42,155198
33455,0.000975,172.217.194.0-255,6797,87488,42,155198
33456,0.000978,172.31.46.0-255,66,87554,42,155198
33457,0.001511,172.217.194.0-255,1484,89038,42,155198
33458,0.001518,172.217.194.0-255,2902,91940,42,155198
33459,0.001522,172.31.46.0-255,66,92006,42,155198
33460,0.001565,172.217.194.0-255,5738,97744,42,155198
33461,0.001572,172.217.194.0-255,5738,103482,42,155198
33462,0.001576,172.31.46.0-255,66,103548,42,155198
33463,0.001579,172.31.46.0-255,66,103614,42,155198
33464,0.001623,172.31.46.0-255,66,103680,42,155198
33465,0.001629,172.217.194.0-255,5020,108700,42,155198
33466,0.001631,172.31.46.0-255,66,108766,42,155198
33467,0.003683,172.217.194.0-255,5738,114504,42,155198
33468,0.003703,172.31.46.0-255,66,114570,42,155198
33469,0.005738,172.217.194.0-255,5738,120308,42,155198
33470,0.005747,172.31.46.0-255,66,120374,42,155198
33471,0.00777,172.217.194.0-255,5738,126112,42,155198
33472,0.007785,172.31.46.0-255,66,126178,42,155198
33473,0.009806,172.217.194.0-255,5738,131916,42,155198
33474,0.009825,172.31.46.0-255,66,131982,42,155198
33475,0.011874,172.217.194.0-255,5738,137720,42,155198
33476,0.01189,172.31.46.0-255,66,137786,42,155198
33477,0.013913,172.217.194.0-255,5738,143524,42,155198
33478,0.013932,172.31.46.0-255,66,143590,42,155198
33479,0.015992,172.217.194.0-255,5738,149328,42,155198
33480,0.01601,172.31.46.0-255,66,149394,42,155198
33481,0.018046,172.217.194.0-255,5738,155132,42,155198
33482,0.018063,172.31.46.0-255,66,155198,42,155198
33483,0.0,74.125.24.0-255,148,148,42,124555
33484,2.5e-05,172.31.46.0-255,66,214,42,124555
33485,3.2e-05,74.125.24.0-255,1484,1698,42,124555
33486,3.7e-05,172.31.46.0-255,66,1764,42,124555
33487,5e-05,74.125.24.0-255,2902,4666,42,124555
33488,5.4e-05,172.31.46.0-255,66,4732,42,124555
33489,6.2e-05,74.125.24.0-255,4320,9052,42,124555
33490,6.7e-05,172.31.46.0-255,66,9118,42,124555
33491,8e-05,172.31.46.0-255,66,9184,42,124555
33492,0.000128,172.31.46.0-255,66,9250,42,124555
33493,0.000193,74.125.24.0-255,1484,10734,42,124555
33494,0.000195,172.31.46.0-255,66,10800,42,124555
33495,0.000201,74.125.24.0-255,2902,13702,42,124555
33496,0.000203,172.31.46.0-255,66,13768,42,124555
33497,0.000214,74.125.24.0-255,5738,19506,42,124555
33498,0.000217,172.31.46.0-255,66,19572,42,124555
33499,0.000242,74.125.24.0-255,1484,21056,42,124555
33500,0.000244,172.31.46.0-255,66,21122,42,124555
33501,0.000288,172.31.46.0-255,66,21188,42,124555
33502,0.000318,172.31.46.0-255,66,21254,42,124555
33503,0.000341,74.125.24.0-255,1400,22654,42,124555
33504,0.000343,172.31.46.0-255,66,22720,42,124555
33505,0.000346,74.125.24.0-255,132,22852,42,124555
33506,0.000348,172.31.46.0-255,66,22918,42,124555
33507,0.000374,74.125.24.0-255,346,23264,42,124555
33508,0.000377,172.31.46.0-255,66,23330,42,124555
33509,0.000764,74.125.24.0-255,1484,24814,42,124555
33510,0.00077,172.31.46.0-255,66,24880,42,124555
33511,0.000776,74.125.24.0-255,2902,27782,42,124555
33512,0.000779,172.31.46.0-255,66,27848,42,124555
33513,0.000791,74.125.24.0-255,5738,33586,42,124555
33514,0.000793,172.31.46.0-255,66,33652,42,124555
33515,0.000796,74.125.24.0-255,1484,35136,42,124555
33516,0.000819,74.125.24.0-255,1484,36620,42,124555
33517,0.000822,172.31.46.0-255,66,36686,42,124555
33518,0.000839,172.31.46.0-255,66,36752,42,124555
33519,0.000865,74.125.24.0-255,1484,38236,42,124555
33520,0.000896,172.31.46.0-255,66,38302,42,124555
33521,0.000997,172.31.46.0-255,101,38403,42,124555
33522,0.001266,74.125.24.0-255,1484,39887,42,124555
33523,0.001273,74.125.24.0-255,2902,42789,42,124555
33524,0.001277,172.31.46.0-255,66,42855,42,124555
33525,0.001298,74.125.24.0-255,5738,48593,42,124555
33526,0.001302,172.31.46.0-255,66,48659,42,124555
33527,0.001313,172.31.46.0-255,66,48725,42,124555
33528,0.001374,172.31.46.0-255,66,48791,42,124555
33529,0.001401,74.125.24.0-255,5020,53811,42,124555
33530,0.001404,172.31.46.0-255,66,53877,42,124555
33531,0.002037,74.125.24.0-255,1484,55361,42,124555
33532,0.002047,74.125.24.0-255,2902,58263,42,124555
33533,0.002053,172.31.46.0-255,66,58329,42,124555
33534,0.002061,74.125.24.0-255,5738,64067,42,124555
33535,0.002063,172.31.46.0-255,66,64133,42,124555
33536,0.002076,74.125.24.0-255,5738,69871,42,124555
33537,0.002079,172.31.46.0-255,66,69937,42,124555
33538,0.002109,74.125.24.0-255,2902,72839,42,124555
33539,0.002111,172.31.46.0-255,66,72905,42,124555
33540,0.002148,172.31.46.0-255,66,72971,42,124555
33541,0.002155,74.125.24.0-255,5020,77991,42,124555
33542,0.002157,172.31.46.0-255,66,78057,42,124555
33543,0.003016,74.125.24.0-255,66,78123,42,124555
33544,0.004206,74.125.24.0-255,5738,83861,42,124555
33545,0.004212,172.31.46.0-255,66,83927,42,124555
33546,0.006234,74.125.24.0-255,5738,89665,42,124555
33547,0.006238,172.31.46.0-255,66,89731,42,124555
33548,0.008288,74.125.24.0-255,5738,95469,42,124555
33549,0.008299,172.31.46.0-255,66,95535,42,124555
33550,0.010369,74.125.24.0-255,5738,101273,42,124555
33551,0.010383,172.31.46.0-255,66,101339,42,124555
33552,0.012447,74.125.24.0-255,5738,107077,42,124555
33553,0.01246,172.31.46.0-255,66,107143,42,124555
33554,0.014524,74.125.24.0-255,5738,112881,42,124555
33555,0.014539,172.31.46.0-255,66,112947,42,124555
33556,0.016602,74.125.24.0-255,5738,118685,42,124555
33557,0.016614,172.31.46.0-255,66,118751,42,124555
33558,0.018663,74.125.24.0-255,5738,124489,42,124555
33559,0.018678,172.31.46.0-255,66,124555,42,124555
33560,0.0,74.125.24.0-255,150,150,42,102382
33561,1.5e-05,172.31.46.0-255,66,216,42,102382
33562,2.1e-05,74.125.24.0-255,1484,1700,42,102382
33563,2.7e-05,172.31.46.0-255,66,1766,42,102382
33564,3.2e-05,74.125.24.0-255,2902,4668,42,102382
33565,3.6e-05,172.31.46.0-255,66,4734,42,102382
33566,4.4e-05,74.125.24.0-255,7156,11890,42,102382
33567,4.7e-05,172.31.46.0-255,66,11956,42,102382
33568,8.4e-05,172.31.46.0-255,66,12022,42,102382
33569,9.7e-05,172.31.46.0-255,66,12088,42,102382
33570,0.00031,74.125.24.0-255,1484,13572,42,102382
33571,0.000315,172.31.46.0-255,66,13638,42,102382
33572,0.000321,74.125.24.0-255,2902,16540,42,102382
33573,0.000324,172.31.46.0-255,66,16606,42,102382
33574,0.000351,74.125.24.0-255,2902,19508,42,102382
33575,0.000354,172.31.46.0-255,66,19574,42,102382
33576,0.000359,74.125.24.0-255,4320,23894,42,102382
33577,0.000362,172.31.46.0-255,66,23960,42,102382
33578,0.0004,74.125.24.0-255,5379,29339,42,102382
33579,0.000404,172.31.46.0-255,66,29405,42,102382
33580,0.000461,74.125.24.0-255,1484,30889,42,102382
33581,0.000464,172.31.46.0-255,66,30955,42,102382
33582,0.000469,74.125.24.0-255,2902,33857,42,102382
33583,0.000471,172.31.46.0-255,66,33923,42,102382
33584,0.000497,74.125.24.0-255,5738,39661,42,102382
33585,0.000503,74.125.24.0-255,5738,45399,42,102382
33586,0.000508,172.31.46.0-255,66,45465,42,102382
33587,0.000516,172.31.46.0-255,66,45531,42,102382
33588,0.000519,74.125.24.0-255,1125,46656,42,102382
33589,0.000521,172.31.46.0-255,66,46722,42,102382
33590,0.001043,74.125.24.0-255,646,47368,42,102382
33591,0.001056,172.31.46.0-255,66,47434,42,102382
33592,0.001559,74.125.24.0-255,1484,48918,42,102382
33593,0.001571,74.125.24.0-255,2902,51820,42,102382
33594,0.001575,172.31.46.0-255,66,51886,42,102382
33595,0.001585,74.125.24.0-255,5738,57624,42,102382
33596,0.001587,172.31.46.0-255,66,57690,42,102382
33597,0.001621,172.31.46.0-255,66,57756,42,102382
33598,0.001633,172.31.46.0-255,66,57822,42,102382
33599,0.001652,74.125.24.0-255,2902,60724,42,102382
33600,0.001655,172.31.46.0-255,66,60790,42,102382
33601,0.00166,74.125.24.0-255,2184,62974,42,102382
33602,0.001662,172.31.46.0-255,66,63040,42,102382
33603,0.004624,74.125.24.0-255,1484,64524,42,102382
33604,0.004636,74.125.24.0-255,2902,67426,42,102382
33605,0.004642,172.31.46.0-255,66,67492,42,102382
33606,0.004647,74.125.24.0-255,1484,68976,42,102382
33607,0.006994,74.125.24.0-255,4320,73296,42,102382
33608,0.007002,172.31.46.0-255,66,73362,42,102382
33609,0.009356,74.125.24.0-255,5738,79100,42,102382
33610,0.00937,172.31.46.0-255,66,79166,42,102382
33611,0.011742,74.125.24.0-255,5738,84904,42,102382
33612,0.011758,172.31.46.0-255,66,84970,42,102382
33613,0.014156,74.125.24.0-255,5738,90708,42,102382
33614,0.014175,172.31.46.0-255,66,90774,42,102382
33615,0.016582,74.125.24.0-255,5738,96512,42,102382
33616,0.0166,172.31.46.0-255,66,96578,42,102382
33617,0.018969,74.125.24.0-255,5738,102316,42,102382
33618,0.018987,172.31.46.0-255,66,102382,42,102382
33619,0.0,74.125.24.0-255,153,153,42,116102
33620,2.2e-05,172.31.46.0-255,66,219,42,116102
33621,3e-05,74.125.24.0-255,1484,1703,42,116102
33622,3.5e-05,172.31.46.0-255,66,1769,42,116102
33623,4.1e-05,74.125.24.0-255,2902,4671,42,116102
33624,5.3e-05,172.31.46.0-255,66,4737,42,116102
33625,6.1e-05,74.125.24.0-255,7156,11893,42,116102
33626,6.4e-05,172.31.46.0-255,66,11959,42,116102
33627,6.9e-05,74.125.24.0-255,2047,14006,42,116102
33628,7.2e-05,172.31.46.0-255,66,14072,42,116102
33629,0.000107,74.125.24.0-255,1484,15556,42,116102
33630,0.000109,172.31.46.0-255,66,15622,42,116102
33631,0.000114,74.125.24.0-255,2902,18524,42,116102
33632,0.000117,172.31.46.0-255,66,18590,42,116102
33633,0.000129,74.125.24.0-255,5738,24328,42,116102
33634,0.000131,172.31.46.0-255,66,24394,42,116102
33635,0.000161,74.125.24.0-255,6797,31191,42,116102
33636,0.000164,172.31.46.0-255,66,31257,42,116102
33637,0.000317,74.125.24.0-255,1484,32741,42,116102
33638,0.000322,172.31.46.0-255,66,32807,42,116102
33639,0.000327,74.125.24.0-255,2902,35709,42,116102
33640,0.00033,172.31.46.0-255,66,35775,42,116102
33641,0.000361,74.125.24.0-255,5738,41513,42,116102
33642,0.000365,172.31.46.0-255,66,41579,42,116102
33643,0.000371,74.125.24.0-255,4320,45899,42,116102
33644,0.000373,172.31.46.0-255,66,45965,42,116102
33645,0.000421,172.31.46.0-255,66,46031,42,116102
33646,0.000428,74.125.24.0-255,6797,52828,42,116102
33647,0.000431,172.31.46.0-255,66,52894,42,116102
33648,0.000439,74.125.24.0-255,397,53291,42,116102
33649,0.000441,172.31.46.0-255,66,53357,42,116102
33650,0.000484,74.125.24.0-255,110,53467,42,116102
33651,0.000523,74.125.24.0-255,333,53800,42,116102
33652,0.001043,74.125.24.0-255,1484,55284,42,116102
33653,0.001049,172.31.46.0-255,66,55350,42,116102
33654,0.001055,74.125.24.0-255,2902,58252,42,116102
33655,0.001058,172.31.46.0-255,66,58318,42,116102
33656,0.001085,74.125.24.0-255,2902,61220,42,116102
33657,0.001087,172.31.46.0-255,66,61286,42,116102
33658,0.001118,74.125.24.0-255,2902,64188,42,116102
33659,0.00112,172.31.46.0-255,66,64254,42,116102
33660,0.001132,172.31.46.0-255,66,64320,42,116102
33661,0.001146,172.31.46.0-255,66,64386,42,116102
33662,0.001148,74.125.24.0-255,766,65152,42,116102
33663,0.0017,172.31.46.0-255,66,65218,42,116102
33664,0.003116,74.125.24.0-255,4320,69538,42,116102
33665,0.003124,172.31.46.0-255,66,69604,42,116102
33666,0.003668,74.125.24.0-255,1484,71088,42,116102
33667,0.005092,74.125.24.0-255,4320,75408,42,116102
33668,0.005095,172.31.46.0-255,66,75474,42,116102
33669,0.007072,74.125.24.0-255,5738,81212,42,116102
33670,0.007078,172.31.46.0-255,66,81278,42,116102
33671,0.009048,74.125.24.0-255,5738,87016,42,116102
33672,0.009056,172.31.46.0-255,66,87082,42,116102
33673,0.011024,74.125.24.0-255,5738,92820,42,116102
33674,0.011031,172.31.46.0-255,66,92886,42,116102
33675,0.013027,74.125.24.0-255,5738,98624,42,116102
33676,0.013037,172.31.46.0-255,66,98690,42,116102
33677,0.015016,74.125.24.0-255,5738,104428,42,116102
33678,0.015027,172.31.46.0-255,66,104494,42,116102
33679,0.017007,74.125.24.0-255,5738,110232,42,116102
33680,0.017015,172.31.46.0-255,66,110298,42,116102
33681,0.018985,74.125.24.0-255,5738,116036,42,116102
33682,0.019001,172.31.46.0-255,66,116102,42,116102
33683,0.0,172.217.194.0-255,152,152,42,253449
33684,2.9e-05,172.31.46.0-255,66,218,42,253449
33685,3.6e-05,172.217.194.0-255,1484,1702,42,253449
33686,4.1e-05,172.31.46.0-255,66,1768,42,253449
33687,4.6e-05,172.217.194.0-255,2902,4670,42,253449
33688,4.9e-05,172.31.46.0-255,66,4736,42,253449
33689,5.7e-05,172.217.194.0-255,7156,11892,42,253449
33690,5.9e-05,172.31.46.0-255,66,11958,42,253449
33691,7.7e-05,172.217.194.0-255,1484,13442,42,253449
33692,8e-05,172.31.46.0-255,66,13508,42,253449
33693,0.000148,172.31.46.0-255,66,13574,42,253449
33694,0.000153,172.217.194.0-255,3961,17535,42,253449
33695,0.000155,172.31.46.0-255,66,17601,42,253449
33696,0.00016,172.217.194.0-255,4320,21921,42,253449
33697,0.000162,172.31.46.0-255,66,21987,42,253449
33698,0.000173,172.31.46.0-255,66,22053,42,253449
33699,0.000176,172.217.194.0-255,1125,23178,42,253449
33700,0.000178,172.31.46.0-255,66,23244,42,253449
33701,0.000182,172.217.194.0-255,1484,24728,42,253449
33702,0.000183,172.31.46.0-255,66,24794,42,253449
33703,0.000188,172.217.194.0-255,4320,29114,42,253449
33704,0.00019,172.31.46.0-255,66,29180,42,253449
33705,0.000212,172.217.194.0-255,5738,34918,42,253449
33706,0.000214,172.31.46.0-255,66,34984,42,253449
33707,0.00024,172.217.194.0-255,4320,39304,42,253449
33708,0.000243,172.31.46.0-255,66,39370,42,253449
33709,0.000257,172.217.194.0-255,1422,40792,42,253449
33710,0.000259,172.31.46.0-255,66,40858,42,253449
33711,0.000313,172.217.194.0-255,1484,42342,42,253449
33712,0.000315,172.31.46.0-255,66,42408,42,253449
33713,0.000336,172.217.194.0-255,2902,45310,42,253449
33714,0.000338,172.31.46.0-255,66,45376,42,253449
33715,0.000343,172.217.194.0-255,5738,51114,42,253449
33716,0.000345,172.31.46.0-255,66,51180,42,253449
33717,0.000373,172.217.194.0-255,7088,58268,42,253449
33718,0.000376,172.31.46.0-255,66,58334,42,253449
33719,0.000434,172.217.194.0-255,1484,59818,42,253449
33720,0.000439,172.217.194.0-255,1484,61302,42,253449
33721,0.000441,172.31.46.0-255,66,61368,42,253449
33722,0.00046,172.217.194.0-255,1484,62852,42,253449
33723,0.000466,172.217.194.0-255,5738,68590,42,253449
33724,0.000468,172.31.46.0-255,66,68656,42,253449
33725,0.000514,172.217.194.0-255,2902,71558,42,253449
33726,0.000517,172.31.46.0-255,66,71624,42,253449
33727,0.00054,172.217.194.0-255,3961,75585,42,253449
33728,0.000542,172.31.46.0-255,66,75651,42,253449
33729,0.000925,172.217.194.0-255,1484,77135,42,253449
33730,0.000931,172.217.194.0-255,2902,80037,42,253449
33731,0.000934,172.31.46.0-255,66,80103,42,253449
33732,0.000937,172.217.194.0-255,1484,81587,42,253449
33733,0.000956,172.217.194.0-255,4320,85907,42,253449
33734,0.000958,172.31.46.0-255,66,85973,42,253449
33735,0.000963,172.217.194.0-255,2902,88875,42,253449
33736,0.000964,172.31.46.0-255,66,88941,42,253449
33737,0.000988,172.31.46.0-255,66,89007,42,253449
33738,0.000994,172.217.194.0-255,5738,94745,42,253449
33739,0.000996,172.31.46.0-255,66,94811,42,253449
33740,0.001023,172.217.194.0-255,5020,99831,42,253449
33741,0.001025,172.31.46.0-255,66,99897,42,253449
33742,0.00112,172.217.194.0-255,1484,101381,42,253449
33743,0.001125,172.217.194.0-255,2902,104283,42,253449
33744,0.001131,172.31.46.0-255,66,104349,42,253449
33745,0.001145,172.217.194.0-255,4320,108669,42,253449
33746,0.001148,172.31.46.0-255,66,108735,42,253449
33747,0.001157,172.31.46.0-255,66,108801,42,253449
33748,0.001204,172.217.194.0-255,7156,115957,42,253449
33749,0.001207,172.31.46.0-255,66,116023,42,253449
33750,0.001235,172.31.46.0-255,66,116089,42,253449
33751,0.001279,172.217.194.0-255,1484,117573,42,253449
33752,0.001284,172.217.194.0-255,2902,120475,42,253449
33753,0.001287,172.31.46.0-255,66,120541,42,253449
33754,0.001293,172.217.194.0-255,2902,123443,42,253449
33755,0.001295,172.31.46.0-255,66,123509,42,253449
33756,0.001314,172.217.194.0-255,4320,127829,42,253449
33757,0.001316,172.31.46.0-255,66,127895,42,253449
33758,0.001352,172.31.46.0-255,66,127961,42,253449
33759,0.001359,172.217.194.0-255,5738,133699,42,253449
33760,0.001362,172.31.46.0-255,66,133765,42,253449
33761,0.001383,172.217.194.0-255,4320,138085,42,253449
33762,0.001385,172.31.46.0-255,66,138151,42,253449
33763,0.001391,172.217.194.0-255,3602,141753,42,253449
33764,0.001393,172.31.46.0-255,66,141819,42,253449
33765,0.001443,172.217.194.0-255,4320,146139,42,253449
33766,0.001446,172.31.46.0-255,66,146205,42,253449
33767,0.001448,172.217.194.0-255,1484,147689,42,253449
33768,0.001467,172.217.194.0-255,7156,154845,42,253449
33769,0.00147,172.31.46.0-255,66,154911,42,253449
33770,0.001473,172.217.194.0-255,1484,156395,42,253449
33771,0.001513,172.31.46.0-255,66,156461,42,253449
33772,0.00152,172.217.194.0-255,5020,161481,42,253449
33773,0.001522,172.31.46.0-255,66,161547,42,253449
33774,0.001873,172.217.194.0-255,1484,163031,42,253449
33775,0.00189,172.217.194.0-255,2902,165933,42,253449
33776,0.001893,172.31.46.0-255,66,165999,42,253449
33777,0.001897,172.217.194.0-255,1484,167483,42,253449
33778,0.001916,172.217.194.0-255,4320,171803,42,253449
33779,0.001918,172.31.46.0-255,66,171869,42,253449
33780,0.001933,172.31.46.0-255,66,171935,42,253449
33781,0.001951,172.217.194.0-255,4320,176255,42,253449
33782,0.001953,172.31.46.0-255,66,176321,42,253449
33783,0.001959,172.217.194.0-255,5738,182059,42,253449
33784,0.001961,172.31.46.0-255,66,182125,42,253449
33785,0.001988,172.217.194.0-255,5020,187145,42,253449
33786,0.001991,172.31.46.0-255,66,187211,42,253449
33787,0.002041,172.217.194.0-255,1484,188695,42,253449
33788,0.002045,172.217.194.0-255,2902,191597,42,253449
33789,0.002048,172.31.46.0-255,66,191663,42,253449
33790,0.002053,172.217.194.0-255,4320,195983,42,253449
33791,0.002054,172.31.46.0-255,66,196049,42,253449
33792,0.002066,172.217.194.0-255,1484,197533,42,253449
33793,0.002078,172.217.194.0-255,4320,201853,42,253449
33794,0.00208,172.31.46.0-255,66,201919,42,253449
33795,0.002106,172.31.46.0-255,66,201985,42,253449
33796,0.002115,172.31.46.0-255,66,202051,42,253449
33797,0.002136,172.217.194.0-255,2184,204235,42,253449
33798,0.002138,172.31.46.0-255,66,204301,42,253449
33799,0.002187,172.31.46.0-255,66,204367,42,253449
33800,0.002223,172.31.46.0-255,66,204433,42,253449
33801,0.002232,172.31.46.0-255,66,204499,42,253449
33802,0.002258,172.217.194.0-255,5738,210237,42,253449
33803,0.00226,172.31.46.0-255,66,210303,42,253449
33804,0.002274,172.217.194.0-255,2902,213205,42,253449
33805,0.002277,172.31.46.0-255,66,213271,42,253449
33806,0.002297,172.217.194.0-255,7156,220427,42,253449
33807,0.0023,172.31.46.0-255,66,220493,42,253449
33808,0.002335,172.217.194.0-255,7156,227649,42,253449
33809,0.002338,172.31.46.0-255,66,227715,42,253449
33810,0.002348,172.31.46.0-255,66,227781,42,253449
33811,0.004753,172.217.194.0-255,5738,233519,42,253449
33812,0.004761,172.31.46.0-255,66,233585,42,253449
33813,0.007141,172.217.194.0-255,4320,237905,42,253449
33814,0.007145,172.31.46.0-255,66,237971,42,253449
33815,0.007162,172.217.194.0-255,1484,239455,42,253449
33816,0.009543,172.217.194.0-255,4320,243775,42,253449
33817,0.009551,172.31.46.0-255,66,243841,42,253449
33818,0.011946,172.217.194.0-255,5738,249579,42,253449
33819,0.011955,172.31.46.0-255,66,249645,42,253449
33820,0.014349,172.217.194.0-255,3567,253212,42,253449
33821,0.014361,172.31.46.0-255,66,253278,42,253449
33822,0.015329,172.31.46.0-255,105,253383,42,253449
33823,0.017688,172.217.194.0-255,66,253449,42,253449
33824,0.0,74.125.68.0-255,150,150,42,214420
33825,3.5e-05,172.31.46.0-255,66,216,42,214420
33826,4.3e-05,74.125.68.0-255,1484,1700,42,214420
33827,4.8e-05,172.31.46.0-255,66,1766,42,214420
33828,5.3e-05,74.125.68.0-255,2902,4668,42,214420
33829,6.4e-05,172.31.46.0-255,66,4734,42,214420
33830,7e-05,74.125.68.0-255,4320,9054,42,214420
33831,7.3e-05,172.31.46.0-255,66,9120,42,214420
33832,7.9e-05,74.125.68.0-255,4776,13896,42,214420
33833,8.2e-05,172.31.46.0-255,66,13962,42,214420
33834,0.000173,74.125.68.0-255,1484,15446,42,214420
33835,0.000178,172.31.46.0-255,66,15512,42,214420
33836,0.000208,74.125.68.0-255,2902,18414,42,214420
33837,0.000211,172.31.46.0-255,66,18480,42,214420
33838,0.000216,74.125.68.0-255,4320,22800,42,214420
33839,0.000219,172.31.46.0-255,66,22866,42,214420
33840,0.00025,74.125.68.0-255,1484,24350,42,214420
33841,0.000252,172.31.46.0-255,66,24416,42,214420
33842,0.00029,172.31.46.0-255,66,24482,42,214420
33843,0.000302,172.31.46.0-255,66,24548,42,214420
33844,0.000312,172.31.46.0-255,66,24614,42,214420
33845,0.000362,172.31.46.0-255,66,24680,42,214420
33846,0.000367,74.125.68.0-255,3602,28282,42,214420
33847,0.000369,172.31.46.0-255,66,28348,42,214420
33848,0.000372,74.125.68.0-255,422,28770,42,214420
33849,0.000374,172.31.46.0-255,66,28836,42,214420
33850,0.000417,74.125.68.0-255,352,29188,42,214420
33851,0.00042,172.31.46.0-255,66,29254,42,214420
33852,0.000626,74.125.68.0-255,1484,30738,42,214420
33853,0.000631,74.125.68.0-255,1484,32222,42,214420
33854,0.000635,172.31.46.0-255,66,32288,42,214420
33855,0.000647,74.125.68.0-255,1484,33772,42,214420
33856,0.000657,74.125.68.0-255,2902,36674,42,214420
33857,0.000659,172.31.46.0-255,66,36740,42,214420
33858,0.000686,74.125.68.0-255,2902,39642,42,214420
33859,0.000689,172.31.46.0-255,66,39708,42,214420
33860,0.000715,74.125.68.0-255,1484,41192,42,214420
33861,0.000727,172.31.46.0-255,66,41258,42,214420
33862,0.000735,74.125.68.0-255,7156,48414,42,214420
33863,0.000737,172.31.46.0-255,66,48480,42,214420
33864,0.000762,74.125.68.0-255,2902,51382,42,214420
33865,0.000765,172.31.46.0-255,66,51448,42,214420
33866,0.000771,74.125.68.0-255,3602,55050,42,214420
33867,0.000772,172.31.46.0-255,66,55116,42,214420
33868,0.001006,74.125.68.0-255,1484,56600,42,214420
33869,0.001011,74.125.68.0-255,1484,58084,42,214420
33870,0.001014,172.31.46.0-255,66,58150,42,214420
33871,0.00103,74.125.68.0-255,1484,59634,42,214420
33872,0.001033,74.125.68.0-255,1484,61118,42,214420
33873,0.001036,172.31.46.0-255,66,61184,42,214420
33874,0.001065,74.125.68.0-255,4320,65504,42,214420
33875,0.001068,172.31.46.0-255,66,65570,42,214420
33876,0.001072,74.125.68.0-255,2902,68472,42,214420
33877,0.001074,172.31.46.0-255,66,68538,42,214420
33878,0.001079,74.125.68.0-255,4320,72858,42,214420
33879,0.001082,172.31.46.0-255,66,72924,42,214420
33880,0.001085,74.125.68.0-255,1484,74408,42,214420
33881,0.001122,74.125.68.0-255,7156,81564,42,214420
33882,0.001126,172.31.46.0-255,66,81630,42,214420
33883,0.001132,74.125.68.0-255,4320,85950,42,214420
33884,0.001134,172.31.46.0-255,66,86016,42,214420
33885,0.001161,74.125.68.0-255,3602,89618,42,214420
33886,0.001165,172.31.46.0-255,66,89684,42,214420
33887,0.001188,74.125.68.0-255,2902,92586,42,214420
33888,0.00119,172.31.46.0-255,66,92652,42,214420
33889,0.001203,74.125.68.0-255,1484,94136,42,214420
33890,0.001211,74.125.68.0-255,1484,95620,42,214420
33891,0.001213,172.31.46.0-255,66,95686,42,214420
33892,0.001245,74.125.68.0-255,7156,102842,42,214420
33893,0.001252,172.31.46.0-255,66,102908,42,214420
33894,0.001264,74.125.68.0-255,5738,108646,42,214420
33895,0.001271,172.31.46.0-255,66,108712,42,214420
33896,0.001302,74.125.68.0-255,4320,113032,42,214420
33897,0.001306,172.31.46.0-255,66,113098,42,214420
33898,0.001313,172.31.46.0-255,66,113164,42,214420
33899,0.001336,74.125.68.0-255,1484,114648,42,214420
33900,0.001358,74.125.68.0-255,2902,117550,42,214420
33901,0.001362,172.31.46.0-255,66,117616,42,214420
33902,0.001391,74.125.68.0-255,5738,123354,42,214420
33903,0.001393,172.31.46.0-255,66,123420,42,214420
33904,0.001426,172.31.46.0-255,66,123486,42,214420
33905,0.001465,172.31.46.0-255,66,123552,42,214420
33906,0.001469,74.125.68.0-255,2184,125736,42,214420
33907,0.001471,172.31.46.0-255,66,125802,42,214420
33908,0.001714,74.125.68.0-255,1484,127286,42,214420
33909,0.001719,74.125.68.0-255,1484,128770,42,214420
33910,0.001722,172.31.46.0-255,66,128836,42,214420
33911,0.001753,74.125.68.0-255,1484,130320,42,214420
33912,0.001759,74.125.68.0-255,5738,136058,42,214420
33913,0.001762,172.31.46.0-255,66,136124,42,214420
33914,0.001766,74.125.68.0-255,1484,137608,42,214420
33915,0.0018,74.125.68.0-255,1484,139092,42,214420
33916,0.001804,172.31.46.0-255,66,139158,42,214420
33917,0.001825,74.125.68.0-255,7156,146314,42,214420
33918,0.001829,172.31.46.0-255,66,146380,42,214420
33919,0.001835,74.125.68.0-255,5738,152118,42,214420
33920,0.001837,172.31.46.0-255,66,152184,42,214420
33921,0.001859,74.125.68.0-255,1484,153668,42,214420
33922,0.001883,74.125.68.0-255,5738,159406,42,214420
33923,0.001887,172.31.46.0-255,66,159472,42,214420
33924,0.00189,74.125.68.0-255,766,160238,42,214420
33925,0.001977,74.125.68.0-255,1484,161722,42,214420
33926,0.00198,172.31.46.0-255,66,161788,42,214420
33927,0.003829,74.125.68.0-255,2902,164690,42,214420
33928,0.003837,172.31.46.0-255,66,164756,42,214420
33929,0.003912,74.125.68.0-255,2902,167658,42,214420
33930,0.003914,172.31.46.0-255,66,167724,42,214420
33931,0.005783,74.125.68.0-255,2902,170626,42,214420
33932,0.005789,172.31.46.0-255,66,170692,42,214420
33933,0.005855,74.125.68.0-255,2902,173594,42,214420
33934,0.005858,172.31.46.0-255,66,173660,42,214420
33935,0.007783,74.125.68.0-255,2902,176562,42,214420
33936,0.007786,172.31.46.0-255,66,176628,42,214420
33937,0.007806,74.125.68.0-255,2902,179530,42,214420
33938,0.007809,172.31.46.0-255,66,179596,42,214420
33939,0.009747,74.125.68.0-255,5738,185334,42,214420
33940,0.009754,172.31.46.0-255,66,185400,42,214420
33941,0.011707,74.125.68.0-255,5738,191138,42,214420
33942,0.011721,172.31.46.0-255,66,191204,42,214420
33943,0.013691,74.125.68.0-255,5738,196942,42,214420
33944,0.013713,172.31.46.0-255,66,197008,42,214420
33945,0.015678,74.125.68.0-255,5738,202746,42,214420
33946,0.015694,172.31.46.0-255,66,202812,42,214420
33947,0.017689,74.125.68.0-255,5738,208550,42,214420
33948,0.017702,172.31.46.0-255,66,208616,42,214420
33949,0.019651,74.125.68.0-255,5738,214354,42,214420
33950,0.019663,172.31.46.0-255,66,214420,42,214420
33951,0.0,74.125.24.0-255,289,289,42,217026
33952,1.4e-05,172.31.46.0-255,66,355,42,217026
33953,1.8e-05,74.125.24.0-255,1484,1839,42,217026
33954,2.3e-05,172.31.46.0-255,66,1905,42,217026
33955,3e-05,74.125.24.0-255,4320,6225,42,217026
33956,3.3e-05,172.31.46.0-255,66,6291,42,217026
33957,4e-05,74.125.24.0-255,5738,12029,42,217026
33958,4.4e-05,172.31.46.0-255,66,12095,42,217026
33959,5.7e-05,172.31.46.0-255,66,12161,42,217026
33960,6.2e-05,74.125.24.0-255,2902,15063,42,217026
33961,6.5e-05,172.31.46.0-255,66,15129,42,217026
33962,8.7e-05,74.125.24.0-255,3961,19090,42,217026
33963,9e-05,172.31.46.0-255,66,19156,42,217026
33964,0.000238,74.125.24.0-255,1484,20640,42,217026
33965,0.000243,172.31.46.0-255,66,20706,42,217026
33966,0.000249,74.125.24.0-255,2902,23608,42,217026
33967,0.000251,172.31.46.0-255,66,23674,42,217026
33968,0.000271,74.125.24.0-255,5738,29412,42,217026
33969,0.000273,172.31.46.0-255,66,29478,42,217026
33970,0.000302,172.31.46.0-255,66,29544,42,217026
33971,0.000325,74.125.24.0-255,3961,33505,42,217026
33972,0.000328,172.31.46.0-255,66,33571,42,217026
33973,0.000345,74.125.24.0-255,4320,37891,42,217026
33974,0.000347,172.31.46.0-255,66,37957,42,217026
33975,0.000371,74.125.24.0-255,5653,43610,42,217026
33976,0.000374,172.31.46.0-255,66,43676,42,217026
33977,0.000377,74.125.24.0-255,131,43807,42,217026
33978,0.000379,172.31.46.0-255,66,43873,42,217026
33979,0.000435,74.125.24.0-255,1484,45357,42,217026
33980,0.000438,172.31.46.0-255,66,45423,42,217026
33981,0.000443,74.125.24.0-255,2902,48325,42,217026
33982,0.000445,172.31.46.0-255,66,48391,42,217026
33983,0.000448,74.125.24.0-255,1484,49875,42,217026
33984,0.000466,74.125.24.0-255,4320,54195,42,217026
33985,0.000468,172.31.46.0-255,66,54261,42,217026
33986,0.000472,74.125.24.0-255,2902,57163,42,217026
33987,0.000474,172.31.46.0-255,66,57229,42,217026
33988,0.000496,74.125.24.0-255,2902,60131,42,217026
33989,0.000498,172.31.46.0-255,66,60197,42,217026
33990,0.000529,74.125.24.0-255,4320,64517,42,217026
33991,0.000532,172.31.46.0-255,66,64583,42,217026
33992,0.000555,172.31.46.0-255,66,64649,42,217026
33993,0.000603,74.125.24.0-255,5379,70028,42,217026
33994,0.000605,172.31.46.0-255,66,70094,42,217026
33995,0.000639,74.125.24.0-255,1484,71578,42,217026
33996,0.000643,74.125.24.0-255,2902,74480,42,217026
33997,0.000646,172.31.46.0-255,66,74546,42,217026
33998,0.000668,74.125.24.0-255,5738,80284,42,217026
33999,0.00067,172.31.46.0-255,66,80350,42,217026
34000,0.000677,74.125.24.0-255,5738,86088,42,217026
34001,0.000679,172.31.46.0-255,66,86154,42,217026
34002,0.000693,74.125.24.0-255,2902,89056,42,217026
34003,0.000695,172.31.46.0-255,66,89122,42,217026
34004,0.000732,172.31.46.0-255,66,89188,42,217026
34005,0.000738,74.125.24.0-255,5020,94208,42,217026
34006,0.00074,172.31.46.0-255,66,94274,42,217026
34007,0.000777,74.125.24.0-255,1484,95758,42,217026
34008,0.000782,74.125.24.0-255,2902,98660,42,217026
34009,0.000785,172.31.46.0-255,66,98726,42,217026
34010,0.00079,74.125.24.0-255,2902,101628,42,217026
34011,0.000791,172.31.46.0-255,66,101694,42,217026
34012,0.000805,74.125.24.0-255,2902,104596,42,217026
34013,0.000808,172.31.46.0-255,66,104662,42,217026
34014,0.00082,74.125.24.0-255,1484,106146,42,217026
34015,0.000856,172.31.46.0-255,66,106212,42,217026
34016,0.000868,172.31.46.0-255,66,106278,42,217026
34017,0.000905,74.125.24.0-255,1484,107762,42,217026
34018,0.000908,74.125.24.0-255,1484,109246,42,217026
34019,0.000911,172.31.46.0-255,66,109312,42,217026
34020,0.000928,74.125.24.0-255,1484,110796,42,217026
34021,0.000954,74.125.24.0-255,2902,113698,42,217026
34022,0.000957,172.31.46.0-255,66,113764,42,217026
34023,0.000977,74.125.24.0-255,2902,116666,42,217026
34024,0.000979,172.31.46.0-255,66,116732,42,217026
34025,0.000987,74.125.24.0-255,7156,123888,42,217026
34026,0.000989,172.31.46.0-255,66,123954,42,217026
34027,0.001006,74.125.24.0-255,5738,129692,42,217026
34028,0.001009,172.31.46.0-255,66,129758,42,217026
34029,0.001014,74.125.24.0-255,4320,134078,42,217026
34030,0.001016,172.31.46.0-255,66,134144,42,217026
34031,0.001053,74.125.24.0-255,6438,140582,42,217026
34032,0.001056,172.31.46.0-255,66,140648,42,217026
34033,0.001068,172.31.46.0-255,66,140714,42,217026
34034,0.00108,172.31.46.0-255,66,140780,42,217026
34035,0.001113,172.31.46.0-255,66,140846,42,217026
34036,0.001133,74.125.24.0-255,2184,143030,42,217026
34037,0.001136,172.31.46.0-255,66,143096,42,217026
34038,0.001181,74.125.24.0-255,1484,144580,42,217026
34039,0.001206,74.125.24.0-255,2902,147482,42,217026
34040,0.001209,172.31.46.0-255,66,147548,42,217026
34041,0.001216,74.125.24.0-255,5738,153286,42,217026
34042,0.001219,172.31.46.0-255,66,153352,42,217026
34043,0.001246,172.31.46.0-255,66,153418,42,217026
34044,0.001256,74.125.24.0-255,2902,156320,42,217026
34045,0.001258,172.31.46.0-255,66,156386,42,217026
34046,0.00127,172.31.46.0-255,66,156452,42,217026
34047,0.001273,74.125.24.0-255,766,157218,42,217026
34048,0.001325,74.125.24.0-255,1484,158702,42,217026
34049,0.001328,172.31.46.0-255,66,158768,42,217026
34050,0.001355,74.125.24.0-255,4320,163088,42,217026
34051,0.001358,172.31.46.0-255,66,163154,42,217026
34052,0.001362,74.125.24.0-255,1484,164638,42,217026
34053,0.001396,74.125.24.0-255,2902,167540,42,217026
34054,0.001399,172.31.46.0-255,66,167606,42,217026
34055,0.001417,74.125.24.0-255,7156,174762,42,217026
34056,0.00142,172.31.46.0-255,66,174828,42,217026
34057,0.001432,172.31.46.0-255,66,174894,42,217026
34058,0.001453,74.125.24.0-255,6438,181332,42,217026
34059,0.001456,172.31.46.0-255,66,181398,42,217026
34060,0.00158,74.125.24.0-255,1484,182882,42,217026
34061,0.001585,74.125.24.0-255,2902,185784,42,217026
34062,0.001588,172.31.46.0-255,66,185850,42,217026
34063,0.001607,74.125.24.0-255,5738,191588,42,217026
34064,0.00161,172.31.46.0-255,66,191654,42,217026
34065,0.001633,74.125.24.0-255,7156,198810,42,217026
34066,0.001635,172.31.46.0-255,66,198876,42,217026
34067,0.00166,74.125.24.0-255,5738,204614,42,217026
34068,0.001662,172.31.46.0-255,66,204680,42,217026
34069,0.001667,74.125.24.0-255,4320,209000,42,217026
34070,0.001669,172.31.46.0-255,66,209066,42,217026
34071,0.001704,172.31.46.0-255,66,209132,42,217026
34072,0.001715,172.31.46.0-255,66,209198,42,217026
34073,0.001748,74.125.24.0-255,5738,214936,42,217026
34074,0.001751,172.31.46.0-255,66,215002,42,217026
34075,0.001763,172.31.46.0-255,66,215068,42,217026
34076,0.001766,74.125.24.0-255,1484,216552,42,217026
34077,0.001786,172.31.46.0-255,66,216618,42,217026
34078,0.001805,172.31.46.0-255,66,216684,42,217026
34079,0.001807,74.125.24.0-255,105,216789,42,217026
34080,0.00694,172.31.46.0-255,66,216855,42,217026
34081,0.006979,172.31.46.0-255,105,216960,42,217026
34082,0.009151,74.125.24.0-255,66,217026,42,217026
34083,0.0,74.125.130.0-255,153,153,42,127859
34084,1.6e-05,172.31.46.0-255,66,219,42,127859
34085,2.3e-05,74.125.130.0-255,1484,1703,42,127859
34086,2.7e-05,172.31.46.0-255,66,1769,42,127859
34087,3.3e-05,74.125.130.0-255,2902,4671,42,127859
34088,3.7e-05,172.31.46.0-255,66,4737,42,127859
34089,4.2e-05,74.125.130.0-255,4320,9057,42,127859
34090,4.5e-05,172.31.46.0-255,66,9123,42,127859
34091,7.3e-05,74.125.130.0-255,1484,10607,42,127859
34092,7.6e-05,172.31.46.0-255,66,10673,42,127859
34093,9.3e-05,74.125.130.0-255,3414,14087,42,127859
34094,9.6e-05,172.31.46.0-255,66,14153,42,127859
34095,0.000168,74.125.130.0-255,1484,15637,42,127859
34096,0.000171,172.31.46.0-255,66,15703,42,127859
34097,0.000176,74.125.130.0-255,2902,18605,42,127859
34098,0.000178,172.31.46.0-255,66,18671,42,127859
34099,0.000211,74.125.130.0-255,5738,24409,42,127859
34100,0.000213,172.31.46.0-255,66,24475,42,127859
34101,0.000241,172.31.46.0-255,66,24541,42,127859
34102,0.000246,74.125.130.0-255,4320,28861,42,127859
34103,0.000249,172.31.46.0-255,66,28927,42,127859
34104,0.000267,74.125.130.0-255,4320,33247,42,127859
34105,0.00027,172.31.46.0-255,66,33313,42,127859
34106,0.000304,74.125.130.0-255,6797,40110,42,127859
34107,0.000306,172.31.46.0-255,66,40176,42,127859
34108,0.000359,74.125.130.0-255,1484,41660,42,127859
34109,0.000362,172.31.46.0-255,66,41726,42,127859
34110,0.000365,74.125.130.0-255,1484,43210,42,127859
34111,0.000367,172.31.46.0-255,66,43276,42,127859
34112,0.000381,74.125.130.0-255,1484,44760,42,127859
34113,0.000384,172.31.46.0-255,66,44826,42,127859
34114,0.000389,74.125.130.0-255,4320,49146,42,127859
34115,0.000391,172.31.46.0-255,66,49212,42,127859
34116,0.000394,74.125.130.0-255,1484,50696,42,127859
34117,0.00042,74.125.130.0-255,7110,57806,42,127859
34118,0.000423,172.31.46.0-255,66,57872,42,127859
34119,0.000427,74.125.130.0-255,100,57972,42,127859
34120,0.001023,172.31.46.0-255,66,58038,42,127859
34121,0.00152,74.125.130.0-255,363,58401,42,127859
34122,0.001768,74.125.130.0-255,1484,59885,42,127859
34123,0.001775,172.31.46.0-255,66,59951,42,127859
34124,0.001781,74.125.130.0-255,2902,62853,42,127859
34125,0.001784,172.31.46.0-255,66,62919,42,127859
34126,0.00179,74.125.130.0-255,5738,68657,42,127859
34127,0.001792,172.31.46.0-255,66,68723,42,127859
34128,0.001798,74.125.130.0-255,4320,73043,42,127859
34129,0.001801,172.31.46.0-255,66,73109,42,127859
34130,0.001866,74.125.130.0-255,2543,75652,42,127859
34131,0.001868,172.31.46.0-255,66,75718,42,127859
34132,0.001884,74.125.130.0-255,1484,77202,42,127859
34133,0.001896,74.125.130.0-255,1484,78686,42,127859
34134,0.001898,172.31.46.0-255,66,78752,42,127859
34135,0.001916,74.125.130.0-255,4320,83072,42,127859
34136,0.001919,172.31.46.0-255,66,83138,42,127859
34137,0.001968,74.125.130.0-255,7156,90294,42,127859
34138,0.00197,172.31.46.0-255,66,90360,42,127859
34139,0.001987,74.125.130.0-255,1484,91844,42,127859
34140,0.00199,74.125.130.0-255,1125,92969,42,127859
34141,0.001992,172.31.46.0-255,66,93035,42,127859
34142,0.004551,74.125.130.0-255,5738,98773,42,127859
34143,0.004559,172.31.46.0-255,66,98839,42,127859
34144,0.007124,74.125.130.0-255,5738,104577,42,127859
34145,0.00713,172.31.46.0-255,66,104643,42,127859
34146,0.009701,74.125.130.0-255,5738,110381,42,127859
34147,0.009709,172.31.46.0-255,66,110447,42,127859
34148,0.012267,74.125.130.0-255,5738,116185,42,127859
34149,0.012276,172.31.46.0-255,66,116251,42,127859
34150,0.014857,74.125.130.0-255,5738,121989,42,127859
34151,0.014864,172.31.46.0-255,66,122055,42,127859
34152,0.017439,74.125.130.0-255,5738,127793,42,127859
34153,0.017446,172.31.46.0-255,66,127859,42,127859
34154,0.0,172.217.194.0-255,156,156,42,136819
34155,1.6e-05,172.31.46.0-255,66,222,42,136819
34156,2.4e-05,172.217.194.0-255,1484,1706,42,136819
34157,2.8e-05,172.31.46.0-255,66,1772,42,136819
34158,3.4e-05,172.217.194.0-255,2902,4674,42,136819
34159,4.4e-05,172.31.46.0-255,66,4740,42,136819
34160,5.3e-05,172.217.194.0-255,7156,11896,42,136819
34161,5.5e-05,172.31.46.0-255,66,11962,42,136819
34162,0.000103,172.31.46.0-255,66,12028,42,136819
34163,0.00013,172.217.194.0-255,7156,19184,42,136819
34164,0.000133,172.31.46.0-255,66,19250,42,136819
34165,0.000158,172.217.194.0-255,2543,21793,42,136819
34166,0.000161,172.31.46.0-255,66,21859,42,136819
34167,0.000173,172.31.46.0-255,66,21925,42,136819
34168,0.000176,172.217.194.0-255,1484,23409,42,136819
34169,0.000178,172.31.46.0-255,66,23475,42,136819
34170,0.000204,172.217.194.0-255,2543,26018,42,136819
34171,0.000206,172.31.46.0-255,66,26084,42,136819
34172,0.000507,172.217.194.0-255,1484,27568,42,136819
34173,0.000514,172.31.46.0-255,66,27634,42,136819
34174,0.00052,172.217.194.0-255,2902,30536,42,136819
34175,0.000524,172.31.46.0-255,66,30602,42,136819
34176,0.000536,172.217.194.0-255,5738,36340,42,136819
34177,0.000538,172.31.46.0-255,66,36406,42,136819
34178,0.000541,172.217.194.0-255,1484,37890,42,136819
34179,0.000543,172.31.46.0-255,66,37956,42,136819
34180,0.000588,172.217.194.0-255,5379,43335,42,136819
34181,0.000591,172.31.46.0-255,66,43401,42,136819
34182,0.000628,172.217.194.0-255,4320,47721,42,136819
34183,0.000631,172.31.46.0-255,66,47787,42,136819
34184,0.000643,172.217.194.0-255,1484,49271,42,136819
34185,0.000655,172.217.194.0-255,5738,55009,42,136819
34186,0.000658,172.31.46.0-255,66,55075,42,136819
34187,0.000703,172.217.194.0-255,5960,61035,42,136819
34188,0.000708,172.31.46.0-255,66,61101,42,136819
34189,0.000715,172.217.194.0-255,7156,68257,42,136819
34190,0.000717,172.31.46.0-255,66,68323,42,136819
34191,0.000751,172.31.46.0-255,66,68389,42,136819
34192,0.000822,172.217.194.0-255,1484,69873,42,136819
34193,0.000827,172.217.194.0-255,1484,71357,42,136819
34194,0.00083,172.31.46.0-255,66,71423,42,136819
34195,0.000857,172.217.194.0-255,1484,72907,42,136819
34196,0.000864,172.217.194.0-255,5738,78645,42,136819
34197,0.000867,172.31.46.0-255,66,78711,42,136819
34198,0.000895,172.217.194.0-255,6683,85394,42,136819
34199,0.000897,172.31.46.0-255,66,85460,42,136819
34200,0.001264,172.217.194.0-255,211,85671,42,136819
34201,0.001831,172.31.46.0-255,66,85737,42,136819
34202,0.001835,172.217.194.0-255,1484,87221,42,136819
34203,0.001839,172.217.194.0-255,1484,88705,42,136819
34204,0.001842,172.31.46.0-255,66,88771,42,136819
34205,0.001859,172.217.194.0-255,1484,90255,42,136819
34206,0.001866,172.217.194.0-255,5738,95993,42,136819
34207,0.001869,172.31.46.0-255,66,96059,42,136819
34208,0.001916,172.31.46.0-255,66,96125,42,136819
34209,0.00193,172.31.46.0-255,66,96191,42,136819
34210,0.004249,172.217.194.0-255,5738,101929,42,136819
34211,0.004256,172.31.46.0-255,66,101995,42,136819
34212,0.006608,172.217.194.0-255,5738,107733,42,136819
34213,0.006613,172.31.46.0-255,66,107799,42,136819
34214,0.008954,172.217.194.0-255,5738,113537,42,136819
34215,0.00896,172.31.46.0-255,66,113603,42,136819
34216,0.011279,172.217.194.0-255,5738,119341,42,136819
34217,0.011288,172.31.46.0-255,66,119407,42,136819
34218,0.01368,172.217.194.0-255,5738,125145,42,136819
34219,0.013686,172.31.46.0-255,66,125211,42,136819
34220,0.016028,172.217.194.0-255,5738,130949,42,136819
34221,0.016038,172.31.46.0-255,66,131015,42,136819
34222,0.018352,172.217.194.0-255,5738,136753,42,136819
34223,0.018361,172.31.46.0-255,66,136819,42,136819
34224,0.0,172.217.160.0-255,150,150,42,121114
34225,1.6e-05,172.31.46.0-255,66,216,42,121114
34226,2.3e-05,172.217.160.0-255,1484,1700,42,121114
34227,2.8e-05,172.31.46.0-255,66,1766,42,121114
34228,4e-05,172.217.160.0-255,2902,4668,42,121114
34229,4.3e-05,172.31.46.0-255,66,4734,42,121114
34230,5e-05,172.217.160.0-255,5738,10472,42,121114
34231,5.3e-05,172.31.46.0-255,66,10538,42,121114
34232,6.8e-05,172.31.46.0-255,66,10604,42,121114
34233,7.5e-05,172.217.160.0-255,6797,17401,42,121114
34234,7.8e-05,172.31.46.0-255,66,17467,42,121114
34235,0.000133,172.217.160.0-255,1484,18951,42,121114
34236,0.000136,172.31.46.0-255,66,19017,42,121114
34237,0.000141,172.217.160.0-255,2902,21919,42,121114
34238,0.000143,172.31.46.0-255,66,21985,42,121114
34239,0.000149,172.217.160.0-255,4320,26305,42,121114
34240,0.000152,172.31.46.0-255,66,26371,42,121114
34241,0.000186,172.217.160.0-255,1484,27855,42,121114
34242,0.000188,172.31.46.0-255,66,27921,42,121114
34243,0.000199,172.31.46.0-255,66,27987,42,121114
34244,0.000209,172.31.46.0-255,66,28053,42,121114
34245,0.000244,172.217.160.0-255,7079,35132,42,121114
34246,0.000247,172.31.46.0-255,66,35198,42,121114
34247,0.000896,172.217.160.0-255,105,35303,42,121114
34248,0.000902,172.31.46.0-255,66,35369,42,121114
34249,0.001051,172.217.160.0-255,1484,36853,42,121114
34250,0.001056,172.31.46.0-255,66,36919,42,121114
34251,0.001061,172.217.160.0-255,2902,39821,42,121114
34252,0.001063,172.31.46.0-255,66,39887,42,121114
34253,0.001071,172.217.160.0-255,1484,41371,42,121114
34254,0.0011,172.217.160.0-255,4320,45691,42,121114
34255,0.001103,172.31.46.0-255,66,45757,42,121114
34256,0.001109,172.217.160.0-255,4320,50077,42,121114
34257,0.001111,172.31.46.0-255,66,50143,42,121114
34258,0.001128,172.31.46.0-255,66,50209,42,121114
34259,0.001132,172.217.160.0-255,2902,53111,42,121114
34260,0.001134,172.31.46.0-255,66,53177,42,121114
34261,0.00116,172.217.160.0-255,3961,57138,42,121114
34262,0.001162,172.31.46.0-255,66,57204,42,121114
34263,0.002801,172.217.160.0-255,1484,58688,42,121114
34264,0.002825,172.217.160.0-255,4320,63008,42,121114
34265,0.00283,172.31.46.0-255,66,63074,42,121114
34266,0.004503,172.217.160.0-255,5738,68812,42,121114
34267,0.004507,172.31.46.0-255,66,68878,42,121114
34268,0.006181,172.217.160.0-255,5738,74616,42,121114
34269,0.006188,172.31.46.0-255,66,74682,42,121114
34270,0.007865,172.217.160.0-255,5738,80420,42,121114
34271,0.007872,172.31.46.0-255,66,80486,42,121114
34272,0.009564,172.217.160.0-255,5738,86224,42,121114
34273,0.009571,172.31.46.0-255,66,86290,42,121114
34274,0.011252,172.217.160.0-255,5738,92028,42,121114
34275,0.01126,172.31.46.0-255,66,92094,42,121114
34276,0.012954,172.217.160.0-255,5738,97832,42,121114
34277,0.012961,172.31.46.0-255,66,97898,42,121114
34278,0.01465,172.217.160.0-255,5738,103636,42,121114
34279,0.014657,172.31.46.0-255,66,103702,42,121114
34280,0.016335,172.217.160.0-255,5738,109440,42,121114
34281,0.016344,172.31.46.0-255,66,109506,42,121114
34282,0.018033,172.217.160.0-255,5738,115244,42,121114
34283,0.018041,172.31.46.0-255,66,115310,42,121114
34284,0.019716,172.217.160.0-255,5738,121048,42,121114
34285,0.019723,172.31.46.0-255,66,121114,42,121114
34286,0.0,74.125.24.0-255,156,156,42,243559
34287,1.6e-05,172.31.46.0-255,66,222,42,243559
34288,2.3e-05,74.125.24.0-255,1484,1706,42,243559
34289,2.7e-05,172.31.46.0-255,66,1772,42,243559
34290,3.3e-05,74.125.24.0-255,2902,4674,42,243559
34291,4.4e-05,172.31.46.0-255,66,4740,42,243559
34292,5.1e-05,74.125.24.0-255,7156,11896,42,243559
34293,5.4e-05,172.31.46.0-255,66,11962,42,243559
34294,5.7e-05,74.125.24.0-255,1484,13446,42,243559
34295,6e-05,172.31.46.0-255,66,13512,42,243559
34296,9.2e-05,74.125.24.0-255,721,14233,42,243559
34297,9.5e-05,172.31.46.0-255,66,14299,42,243559
34298,9.9e-05,74.125.24.0-255,2902,17201,42,243559
34299,0.000101,172.31.46.0-255,66,17267,42,243559
34300,0.000106,74.125.24.0-255,4320,21587,42,243559
34301,0.000109,172.31.46.0-255,66,21653,42,243559
34302,0.000148,74.125.24.0-255,2902,24555,42,243559
34303,0.00015,172.31.46.0-255,66,24621,42,243559
34304,0.000156,74.125.24.0-255,5738,30359,42,243559
34305,0.000158,172.31.46.0-255,66,30425,42,243559
34306,0.000165,74.125.24.0-255,1125,31550,42,243559
34307,0.000168,172.31.46.0-255,66,31616,42,243559
34308,0.000243,74.125.24.0-255,1484,33100,42,243559
34309,0.000246,172.31.46.0-255,66,33166,42,243559
34310,0.000251,74.125.24.0-255,2902,36068,42,243559
34311,0.000253,172.31.46.0-255,66,36134,42,243559
34312,0.00028,74.125.24.0-255,5738,41872,42,243559
34313,0.000283,172.31.46.0-255,66,41938,42,243559
34314,0.000288,74.125.24.0-255,4320,46258,42,243559
34315,0.00029,172.31.46.0-255,66,46324,42,243559
34316,0.000295,74.125.24.0-255,4320,50644,42,243559
34317,0.000298,172.31.46.0-255,66,50710,42,243559
34318,0.000332,172.31.46.0-255,66,50776,42,243559
34319,0.000339,74.125.24.0-255,7069,57845,42,243559
34320,0.000341,172.31.46.0-255,66,57911,42,243559
34321,0.000408,74.125.24.0-255,133,58044,42,243559
34322,0.000561,74.125.24.0-255,347,58391,42,243559
34323,0.000683,74.125.24.0-255,1484,59875,42,243559
34324,0.000688,172.31.46.0-255,66,59941,42,243559
34325,0.000694,74.125.24.0-255,2902,62843,42,243559
34326,0.000696,172.31.46.0-255,66,62909,42,243559
34327,0.000716,74.125.24.0-255,5738,68647,42,243559
34328,0.000723,172.31.46.0-255,66,68713,42,243559
34329,0.000728,74.125.24.0-255,2902,71615,42,243559
34330,0.00073,172.31.46.0-255,66,71681,42,243559
34331,0.000753,74.125.24.0-255,2902,74583,42,243559
34332,0.000756,172.31.46.0-255,66,74649,42,243559
34333,0.000768,172.31.46.0-255,66,74715,42,243559
34334,0.000802,74.125.24.0-255,2902,77617,42,243559
34335,0.000805,172.31.46.0-255,66,77683,42,243559
34336,0.000812,74.125.24.0-255,5020,82703,42,243559
34337,0.000814,172.31.46.0-255,66,82769,42,243559
34338,0.000896,74.125.24.0-255,1484,84253,42,243559
34339,0.000913,74.125.24.0-255,2902,87155,42,243559
34340,0.000916,172.31.46.0-255,66,87221,42,243559
34341,0.000952,74.125.24.0-255,2902,90123,42,243559
34342,0.000955,172.31.46.0-255,66,90189,42,243559
34343,0.000983,74.125.24.0-255,2902,93091,42,243559
34344,0.000985,172.31.46.0-255,66,93157,42,243559
34345,0.000992,74.125.24.0-255,5738,98895,42,243559
34346,0.000994,172.31.46.0-255,66,98961,42,243559
34347,0.001012,172.31.46.0-255,66,99027,42,243559
34348,0.001018,74.125.24.0-255,5020,104047,42,243559
34349,0.001021,172.31.46.0-255,66,104113,42,243559
34350,0.001027,74.125.24.0-255,5738,109851,42,243559
34351,0.001029,172.31.46.0-255,66,109917,42,243559
34352,0.001043,172.31.46.0-255,66,109983,42,243559
34353,0.001066,74.125.24.0-255,5738,115721,42,243559
34354,0.001069,172.31.46.0-255,66,115787,42,243559
34355,0.001107,74.125.24.0-255,766,116553,42,243559
34356,0.001112,172.31.46.0-255,66,116619,42,243559
34357,0.001191,74.125.24.0-255,1484,118103,42,243559
34358,0.001195,172.31.46.0-255,66,118169,42,243559
34359,0.001199,74.125.24.0-255,2902,121071,42,243559
34360,0.001202,172.31.46.0-255,66,121137,42,243559
34361,0.001229,74.125.24.0-255,5738,126875,42,243559
34362,0.001232,172.31.46.0-255,66,126941,42,243559
34363,0.001248,172.31.46.0-255,66,127007,42,243559
34364,0.001277,74.125.24.0-255,2902,129909,42,243559
34365,0.00128,172.31.46.0-255,66,129975,42,243559
34366,0.001296,74.125.24.0-255,4320,134295,42,243559
34367,0.001303,172.31.46.0-255,66,134361,42,243559
34368,0.001335,74.125.24.0-255,6438,140799,42,243559
34369,0.001338,172.31.46.0-255,66,140865,42,243559
34370,0.001361,74.125.24.0-255,1484,142349,42,243559
34371,0.001365,74.125.24.0-255,2902,145251,42,243559
34372,0.001368,172.31.46.0-255,66,145317,42,243559
34373,0.001374,74.125.24.0-255,4320,149637,42,243559
34374,0.001377,172.31.46.0-255,66,149703,42,243559
34375,0.001407,74.125.24.0-255,1484,151187,42,243559
34376,0.001415,74.125.24.0-255,7156,158343,42,243559
34377,0.001418,172.31.46.0-255,66,158409,42,243559
34378,0.001432,172.31.46.0-255,66,158475,42,243559
34379,0.001436,74.125.24.0-255,2184,160659,42,243559
34380,0.001441,172.31.46.0-255,66,160725,42,243559
34381,0.001472,74.125.24.0-255,2902,163627,42,243559
34382,0.001475,172.31.46.0-255,66,163693,42,243559
34383,0.001483,74.125.24.0-255,7156,170849,42,243559
34384,0.001485,172.31.46.0-255,66,170915,42,243559
34385,0.0015,74.125.24.0-255,5738,176653,42,243559
34386,0.001503,172.31.46.0-255,66,176719,42,243559
34387,0.001507,74.125.24.0-255,1484,178203,42,243559
34388,0.001555,172.31.46.0-255,66,178269,42,243559
34389,0.001561,74.125.24.0-255,3602,181871,42,243559
34390,0.001563,172.31.46.0-255,66,181937,42,243559
34391,0.001857,74.125.24.0-255,1484,183421,42,243559
34392,0.001863,74.125.24.0-255,2902,186323,42,243559
34393,0.001867,172.31.46.0-255,66,186389,42,243559
34394,0.001873,74.125.24.0-255,4320,190709,42,243559
34395,0.001876,172.31.46.0-255,66,190775,42,243559
34396,0.001892,74.125.24.0-255,1484,192259,42,243559
34397,0.001899,74.125.24.0-255,5738,197997,42,243559
34398,0.001901,172.31.46.0-255,66,198063,42,243559
34399,0.001934,74.125.24.0-255,5738,203801,42,243559
34400,0.001937,172.31.46.0-255,66,203867,42,243559
34401,0.002005,172.31.46.0-255,66,203933,42,243559
34402,0.002095,74.125.24.0-255,1484,205417,42,243559
34403,0.002111,74.125.24.0-255,2902,208319,42,243559
34404,0.002114,172.31.46.0-255,66,208385,42,243559
34405,0.00212,74.125.24.0-255,4320,212705,42,243559
34406,0.002122,172.31.46.0-255,66,212771,42,243559
34407,0.002142,74.125.24.0-255,1484,214255,42,243559
34408,0.002157,172.31.46.0-255,66,214321,42,243559
34409,0.002164,74.125.24.0-255,7156,221477,42,243559
34410,0.002166,172.31.46.0-255,66,221543,42,243559
34411,0.002192,74.125.24.0-255,3602,225145,42,243559
34412,0.0022,172.31.46.0-255,66,225211,42,243559
34413,0.002316,74.125.24.0-255,1484,226695,42,243559
34414,0.002331,74.125.24.0-255,2902,229597,42,243559
34415,0.002335,172.31.46.0-255,66,229663,42,243559
34416,0.00234,74.125.24.0-255,2902,232565,42,243559
34417,0.002342,172.31.46.0-255,66,232631,42,243559
34418,0.00237,74.125.24.0-255,2902,235533,42,243559
34419,0.002372,172.31.46.0-255,66,235599,42,243559
34420,0.002378,74.125.24.0-255,4320,239919,42,243559
34421,0.002381,172.31.46.0-255,66,239985,42,243559
34422,0.002397,172.31.46.0-255,66,240051,42,243559
34423,0.002402,74.125.24.0-255,2902,242953,42,243559
34424,0.002404,172.31.46.0-255,66,243019,42,243559
34425,0.002454,172.31.46.0-255,66,243085,42,243559
34426,0.002457,172.31.46.0-255,66,243151,42,243559
34427,0.002494,172.31.46.0-255,66,243217,42,243559
34428,0.002498,74.125.24.0-255,105,243322,42,243559
34429,0.0111,172.31.46.0-255,66,243388,42,243559
34430,0.011154,172.31.46.0-255,105,243493,42,243559
34431,0.013698,74.125.24.0-255,66,243559,42,243559
34432,0.0,74.125.68.0-255,152,152,42,181220
34433,2.5e-05,172.31.46.0-255,66,218,42,181220
34434,3.1e-05,74.125.68.0-255,1484,1702,42,181220
34435,3.7e-05,172.31.46.0-255,66,1768,42,181220
34436,4.3e-05,74.125.68.0-255,2902,4670,42,181220
34437,5.3e-05,172.31.46.0-255,66,4736,42,181220
34438,6e-05,74.125.68.0-255,5738,10474,42,181220
34439,6.3e-05,172.31.46.0-255,66,10540,42,181220
34440,8.4e-05,74.125.68.0-255,3499,14039,42,181220
34441,9.1e-05,172.31.46.0-255,66,14105,42,181220
34442,0.000197,74.125.68.0-255,1484,15589,42,181220
34443,0.000201,172.31.46.0-255,66,15655,42,181220
34444,0.000207,74.125.68.0-255,2902,18557,42,181220
34445,0.000209,172.31.46.0-255,66,18623,42,181220
34446,0.000212,74.125.68.0-255,1484,20107,42,181220
34447,0.000214,172.31.46.0-255,66,20173,42,181220
34448,0.000247,74.125.68.0-255,1484,21657,42,181220
34449,0.00025,172.31.46.0-255,66,21723,42,181220
34450,0.000256,74.125.68.0-255,4320,26043,42,181220
34451,0.000259,172.31.46.0-255,66,26109,42,181220
34452,0.000293,172.31.46.0-255,66,26175,42,181220
34453,0.000358,74.125.68.0-255,5738,31913,42,181220
34454,0.000362,172.31.46.0-255,66,31979,42,181220
34455,0.000389,74.125.68.0-255,4320,36299,42,181220
34456,0.000392,172.31.46.0-255,66,36365,42,181220
34457,0.000459,172.31.46.0-255,66,36431,42,181220
34458,0.000489,74.125.68.0-255,2902,39333,42,181220
34459,0.000492,172.31.46.0-255,66,39399,42,181220
34460,0.000546,74.125.68.0-255,4320,43719,42,181220
34461,0.000549,172.31.46.0-255,66,43785,42,181220
34462,0.000575,74.125.68.0-255,3935,47720,42,181220
34463,0.000578,172.31.46.0-255,66,47786,42,181220
34464,0.000614,74.125.68.0-255,1484,49270,42,181220
34465,0.000617,172.31.46.0-255,78,49348,42,181220
34466,0.000621,74.125.68.0-255,376,49724,42,181220
34467,0.000623,172.31.46.0-255,66,49790,42,181220
34468,0.000628,74.125.68.0-255,2902,52692,42,181220
34469,0.00063,172.31.46.0-255,66,52758,42,181220
34470,0.000658,74.125.68.0-255,1484,54242,42,181220
34471,0.000664,74.125.68.0-255,2902,57144,42,181220
34472,0.000667,172.31.46.0-255,66,57210,42,181220
34473,0.000695,74.125.68.0-255,5738,62948,42,181220
34474,0.000698,172.31.46.0-255,66,63014,42,181220
34475,0.000724,74.125.68.0-255,5738,68752,42,181220
34476,0.000727,172.31.46.0-255,66,68818,42,181220
34477,0.000797,74.125.68.0-255,4320,73138,42,181220
34478,0.000801,172.31.46.0-255,66,73204,42,181220
34479,0.000827,74.125.68.0-255,4320,77524,42,181220
34480,0.00083,172.31.46.0-255,66,77590,42,181220
34481,0.000863,74.125.68.0-255,2902,80492,42,181220
34482,0.000876,74.125.68.0-255,2184,82676,42,181220
34483,0.000888,172.31.46.0-255,66,82742,42,181220
34484,0.001148,74.125.68.0-255,1484,84226,42,181220
34485,0.001163,74.125.68.0-255,2902,87128,42,181220
34486,0.001166,172.31.46.0-255,66,87194,42,181220
34487,0.00118,74.125.68.0-255,5738,92932,42,181220
34488,0.001185,172.31.46.0-255,66,92998,42,181220
34489,0.001226,74.125.68.0-255,7156,100154,42,181220
34490,0.001229,172.31.46.0-255,66,100220,42,181220
34491,0.001285,74.125.68.0-255,4320,104540,42,181220
34492,0.001288,172.31.46.0-255,66,104606,42,181220
34493,0.001311,74.125.68.0-255,4320,108926,42,181220
34494,0.001313,172.31.46.0-255,66,108992,42,181220
34495,0.001364,172.31.46.0-255,66,109058,42,181220
34496,0.001729,74.125.68.0-255,1484,110542,42,181220
34497,0.001733,74.125.68.0-255,1484,112026,42,181220
34498,0.001736,172.31.46.0-255,66,112092,42,181220
34499,0.001762,74.125.68.0-255,1484,113576,42,181220
34500,0.001769,74.125.68.0-255,4320,117896,42,181220
34501,0.001771,172.31.46.0-255,66,117962,42,181220
34502,0.001811,172.31.46.0-255,66,118028,42,181220
34503,0.001866,74.125.68.0-255,5738,123766,42,181220
34504,0.00187,172.31.46.0-255,66,123832,42,181220
34505,0.001878,74.125.68.0-255,1484,125316,42,181220
34506,0.001923,74.125.68.0-255,4320,129636,42,181220
34507,0.001926,172.31.46.0-255,66,129702,42,181220
34508,0.001955,74.125.68.0-255,5020,134722,42,181220
34509,0.001957,172.31.46.0-255,66,134788,42,181220
34510,0.003968,74.125.68.0-255,5738,140526,42,181220
34511,0.003976,172.31.46.0-255,66,140592,42,181220
34512,0.00598,74.125.68.0-255,5738,146330,42,181220
34513,0.005983,172.31.46.0-255,66,146396,42,181220
34514,0.007987,74.125.68.0-255,5738,152134,42,181220
34515,0.007994,172.31.46.0-255,66,152200,42,181220
34516,0.010014,74.125.68.0-255,5738,157938,42,181220
34517,0.01002,172.31.46.0-255,66,158004,42,181220
34518,0.012032,74.125.68.0-255,5738,163742,42,181220
34519,0.012044,172.31.46.0-255,66,163808,42,181220
34520,0.014058,74.125.68.0-255,5738,169546,42,181220
34521,0.014067,172.31.46.0-255,66,169612,42,181220
34522,0.016087,74.125.68.0-255,5738,175350,42,181220
34523,0.016099,172.31.46.0-255,66,175416,42,181220
34524,0.018112,74.125.68.0-255,5738,181154,42,181220
34525,0.018122,172.31.46.0-255,66,181220,42,181220
34526,0.0,74.125.200.0-255,147,147,42,174438
34527,2.5e-05,172.31.46.0-255,66,213,42,174438
34528,3.2e-05,74.125.200.0-255,1484,1697,42,174438
34529,3.7e-05,172.31.46.0-255,66,1763,42,174438
34530,4.3e-05,74.125.200.0-255,2902,4665,42,174438
34531,4.7e-05,172.31.46.0-255,66,4731,42,174438
34532,7.1e-05,74.125.200.0-255,4320,9051,42,174438
34533,7.4e-05,172.31.46.0-255,66,9117,42,174438
34534,9.3e-05,74.125.200.0-255,1484,10601,42,174438
34535,9.5e-05,172.31.46.0-255,66,10667,42,174438
34536,0.0001,74.125.200.0-255,2902,13569,42,174438
34537,0.000103,172.31.46.0-255,66,13635,42,174438
34538,0.000106,74.125.200.0-255,519,14154,42,174438
34539,0.000108,172.31.46.0-255,66,14220,42,174438
34540,0.00019,74.125.200.0-255,1484,15704,42,174438
34541,0.000195,172.31.46.0-255,66,15770,42,174438
34542,0.000217,74.125.200.0-255,2902,18672,42,174438
34543,0.000221,172.31.46.0-255,66,18738,42,174438
34544,0.000235,74.125.200.0-255,4320,23058,42,174438
34545,0.000237,172.31.46.0-255,66,23124,42,174438
34546,0.00025,74.125.200.0-255,1484,24608,42,174438
34547,0.000253,172.31.46.0-255,66,24674,42,174438
34548,0.000288,74.125.200.0-255,2902,27576,42,174438
34549,0.000291,172.31.46.0-255,66,27642,42,174438
34550,0.000315,74.125.200.0-255,3961,31603,42,174438
34551,0.000318,172.31.46.0-255,66,31669,42,174438
34552,0.000321,74.125.200.0-255,1484,33153,42,174438
34553,0.000323,172.31.46.0-255,66,33219,42,174438
34554,0.000337,74.125.200.0-255,2902,36121,42,174438
34555,0.00034,172.31.46.0-255,66,36187,42,174438
34556,0.000362,74.125.200.0-255,2902,39089,42,174438
34557,0.000364,172.31.46.0-255,66,39155,42,174438
34558,0.000382,74.125.200.0-255,4320,43475,42,174438
34559,0.000412,74.125.200.0-255,1484,44959,42,174438
34560,0.000438,74.125.200.0-255,3961,48920,42,174438
34561,0.000487,74.125.200.0-255,1484,50404,42,174438
34562,0.0005,74.125.200.0-255,2902,53306,42,174438
34563,0.000508,172.31.46.0-255,66,53372,42,174438
34564,0.000519,74.125.200.0-255,5738,59110,42,174438
34565,0.000529,172.31.46.0-255,66,59176,42,174438
34566,0.000532,74.125.200.0-255,1484,60660,42,174438
34567,0.000546,74.125.200.0-255,1484,62144,42,174438
34568,0.000566,74.125.200.0-255,1484,63628,42,174438
34569,0.000579,74.125.200.0-255,2543,66171,42,174438
34570,0.000612,74.125.200.0-255,2902,69073,42,174438
34571,0.000627,74.125.200.0-255,2065,71138,42,174438
34572,0.000644,74.125.200.0-255,2902,74040,42,174438
34573,0.000671,74.125.200.0-255,2902,76942,42,174438
34574,0.000682,74.125.200.0-255,1484,78426,42,174438
34575,0.000714,74.125.200.0-255,4320,82746,42,174438
34576,0.00073,74.125.200.0-255,1125,83871,42,174438
34577,0.000765,74.125.200.0-255,1484,85355,42,174438
34578,0.000785,74.125.200.0-255,2902,88257,42,174438
34579,0.000805,74.125.200.0-255,4320,92577,42,174438
34580,0.000817,74.125.200.0-255,1484,94061,42,174438
34581,0.000824,74.125.200.0-255,5738,99799,42,174438
34582,0.000841,74.125.200.0-255,1125,100924,42,174438
34583,0.000867,172.31.46.0-255,66,100990,42,174438
34584,0.001695,74.125.200.0-255,1484,102474,42,174438
34585,0.001714,74.125.200.0-255,2902,105376,42,174438
34586,0.001718,172.31.46.0-255,66,105442,42,174438
34587,0.00174,74.125.200.0-255,5738,111180,42,174438
34588,0.001754,74.125.200.0-255,1484,112664,42,174438
34589,0.001766,74.125.200.0-255,2902,115566,42,174438
34590,0.001782,74.125.200.0-255,1484,117050,42,174438
34591,0.001785,74.125.200.0-255,1484,118534,42,174438
34592,0.001809,74.125.200.0-255,5738,124272,42,174438
34593,0.00183,74.125.200.0-255,4320,128592,42,174438
34594,0.001849,74.125.200.0-255,4320,132912,42,174438
34595,0.001894,74.125.200.0-255,2184,135096,42,174438
34596,0.001961,74.125.200.0-255,1484,136580,42,174438
34597,0.001966,74.125.200.0-255,1484,138064,42,174438
34598,0.00198,74.125.200.0-255,1484,139548,42,174438
34599,0.006469,172.31.46.0-255,66,139614,42,174438
34600,0.008461,74.125.200.0-255,5738,145352,42,174438
34601,0.008471,172.31.46.0-255,66,145418,42,174438
34602,0.010453,74.125.200.0-255,5738,151156,42,174438
34603,0.010461,172.31.46.0-255,66,151222,42,174438
34604,0.01244,74.125.200.0-255,5738,156960,42,174438
34605,0.012447,172.31.46.0-255,66,157026,42,174438
34606,0.014417,74.125.200.0-255,5738,162764,42,174438
34607,0.014441,172.31.46.0-255,66,162830,42,174438
34608,0.016405,74.125.200.0-255,5738,168568,42,174438
34609,0.016412,172.31.46.0-255,66,168634,42,174438
34610,0.018392,74.125.200.0-255,5738,174372,42,174438
34611,0.018399,172.31.46.0-255,66,174438,42,174438
34612,0.0,74.125.130.0-255,152,152,42,126715
34613,2.3e-05,172.31.46.0-255,66,218,42,126715
34614,2.9e-05,74.125.130.0-255,1484,1702,42,126715
34615,3.4e-05,172.31.46.0-255,66,1768,42,126715
34616,4.9e-05,74.125.130.0-255,2902,4670,42,126715
34617,5.2e-05,172.31.46.0-255,66,4736,42,126715
34618,5.8e-05,74.125.130.0-255,4320,9056,42,126715
34619,6.2e-05,172.31.46.0-255,66,9122,42,126715
34620,8.4e-05,74.125.130.0-255,1484,10606,42,126715
34621,8.8e-05,172.31.46.0-255,66,10672,42,126715
34622,9.7e-05,74.125.130.0-255,2902,13574,42,126715
34623,9.9e-05,172.31.46.0-255,66,13640,42,126715
34624,0.000103,74.125.130.0-255,482,14122,42,126715
34625,0.000105,172.31.46.0-255,66,14188,42,126715
34626,0.000249,74.125.130.0-255,1484,15672,42,126715
34627,0.000253,172.31.46.0-255,66,15738,42,126715
34628,0.000258,74.125.130.0-255,1484,17222,42,126715
34629,0.000261,172.31.46.0-255,66,17288,42,126715
34630,0.000293,74.125.130.0-255,1484,18772,42,126715
34631,0.000295,172.31.46.0-255,66,18838,42,126715
34632,0.000298,74.125.130.0-255,1484,20322,42,126715
34633,0.0003,172.31.46.0-255,66,20388,42,126715
34634,0.000304,74.125.130.0-255,2902,23290,42,126715
34635,0.000306,172.31.46.0-255,66,23356,42,126715
34636,0.000311,74.125.130.0-255,4320,27676,42,126715
34637,0.000313,172.31.46.0-255,66,27742,42,126715
34638,0.000346,74.125.130.0-255,1484,29226,42,126715
34639,0.000349,172.31.46.0-255,66,29292,42,126715
34640,0.000353,74.125.130.0-255,2543,31835,42,126715
34641,0.000355,172.31.46.0-255,66,31901,42,126715
34642,0.000359,74.125.130.0-255,2902,34803,42,126715
34643,0.000361,172.31.46.0-255,66,34869,42,126715
34644,0.000391,74.125.130.0-255,7156,42025,42,126715
34645,0.000393,172.31.46.0-255,66,42091,42,126715
34646,0.000422,74.125.130.0-255,2902,44993,42,126715
34647,0.000425,172.31.46.0-255,66,45059,42,126715
34648,0.000453,74.125.130.0-255,3961,49020,42,126715
34649,0.000508,172.31.46.0-255,66,49086,42,126715
34650,0.001506,74.125.130.0-255,1484,50570,42,126715
34651,0.001517,74.125.130.0-255,2902,53472,42,126715
34652,0.001523,172.31.46.0-255,66,53538,42,126715
34653,0.001529,74.125.130.0-255,2902,56440,42,126715
34654,0.001531,172.31.46.0-255,66,56506,42,126715
34655,0.001565,74.125.130.0-255,4320,60826,42,126715
34656,0.001567,172.31.46.0-255,66,60892,42,126715
34657,0.001575,74.125.130.0-255,5738,66630,42,126715
34658,0.001577,172.31.46.0-255,66,66696,42,126715
34659,0.001603,74.125.130.0-255,3961,70657,42,126715
34660,0.001609,172.31.46.0-255,66,70723,42,126715
34661,0.00162,172.31.46.0-255,66,70789,42,126715
34662,0.001625,74.125.130.0-255,3125,73914,42,126715
34663,0.001628,172.31.46.0-255,66,73980,42,126715
34664,0.001677,74.125.130.0-255,1484,75464,42,126715
34665,0.001684,74.125.130.0-255,2902,78366,42,126715
34666,0.001686,172.31.46.0-255,66,78432,42,126715
34667,0.001711,74.125.130.0-255,4320,82752,42,126715
34668,0.001713,172.31.46.0-255,66,82818,42,126715
34669,0.001727,74.125.130.0-255,1484,84302,42,126715
34670,0.001736,74.125.130.0-255,2902,87204,42,126715
34671,0.00174,74.125.130.0-255,3961,91165,42,126715
34672,0.006595,172.31.46.0-255,66,91231,42,126715
34673,0.008666,74.125.130.0-255,2902,94133,42,126715
34674,0.008673,172.31.46.0-255,66,94199,42,126715
34675,0.008699,74.125.130.0-255,2902,97101,42,126715
34676,0.008702,172.31.46.0-255,66,97167,42,126715
34677,0.010776,74.125.130.0-255,2902,100069,42,126715
34678,0.010786,172.31.46.0-255,66,100135,42,126715
34679,0.010811,74.125.130.0-255,2902,103037,42,126715
34680,0.010814,172.31.46.0-255,66,103103,42,126715
34681,0.012851,74.125.130.0-255,2902,106005,42,126715
34682,0.012857,172.31.46.0-255,66,106071,42,126715
34683,0.012884,74.125.130.0-255,2902,108973,42,126715
34684,0.012887,172.31.46.0-255,66,109039,42,126715
34685,0.014932,74.125.130.0-255,2902,111941,42,126715
34686,0.014942,172.31.46.0-255,66,112007,42,126715
34687,0.014972,74.125.130.0-255,2902,114909,42,126715
34688,0.014975,172.31.46.0-255,66,114975,42,126715
34689,0.017013,74.125.130.0-255,2902,117877,42,126715
34690,0.017021,172.31.46.0-255,66,117943,42,126715
34691,0.017048,74.125.130.0-255,2902,120845,42,126715
34692,0.017051,172.31.46.0-255,66,120911,42,126715
34693,0.019133,74.125.130.0-255,5738,126649,42,126715
34694,0.01914,172.31.46.0-255,66,126715,42,126715
34695,0.0,74.125.200.0-255,156,156,42,129506
34696,2.6e-05,172.31.46.0-255,66,222,42,129506
34697,3.3e-05,74.125.200.0-255,1484,1706,42,129506
34698,3.7e-05,172.31.46.0-255,66,1772,42,129506
34699,4.3e-05,74.125.200.0-255,2902,4674,42,129506
34700,4.6e-05,172.31.46.0-255,66,4740,42,129506
34701,6.7e-05,74.125.200.0-255,5738,10478,42,129506
34702,7e-05,172.31.46.0-255,66,10544,42,129506
34703,0.000103,74.125.200.0-255,3462,14006,42,129506
34704,0.000106,172.31.46.0-255,66,14072,42,129506
34705,0.00085,74.125.200.0-255,1484,15556,42,129506
34706,0.000857,172.31.46.0-255,66,15622,42,129506
34707,0.000867,74.125.200.0-255,2902,18524,42,129506
34708,0.00087,172.31.46.0-255,66,18590,42,129506
34709,0.000877,74.125.200.0-255,4320,22910,42,129506
34710,0.000879,172.31.46.0-255,66,22976,42,129506
34711,0.000923,74.125.200.0-255,2902,25878,42,129506
34712,0.000926,172.31.46.0-255,66,25944,42,129506
34713,0.000945,74.125.200.0-255,6797,32741,42,129506
34714,0.000948,172.31.46.0-255,66,32807,42,129506
34715,0.000953,74.125.200.0-255,4320,37127,42,129506
34716,0.000955,172.31.46.0-255,66,37193,42,129506
34717,0.000961,74.125.200.0-255,4320,41513,42,129506
34718,0.000964,172.31.46.0-255,66,41579,42,129506
34719,0.000997,172.31.46.0-255,66,41645,42,129506
34720,0.001004,74.125.200.0-255,5738,47383,42,129506
34721,0.001006,172.31.46.0-255,66,47449,42,129506
34722,0.001043,74.125.200.0-255,6733,54182,42,129506
34723,0.001046,172.31.46.0-255,66,54248,42,129506
34724,0.001837,74.125.200.0-255,128,54376,42,129506
34725,0.001845,172.31.46.0-255,66,54442,42,129506
34726,0.002073,74.125.200.0-255,1484,55926,42,129506
34727,0.002094,74.125.200.0-255,2902,58828,42,129506
34728,0.002097,172.31.46.0-255,66,58894,42,129506
34729,0.002101,74.125.200.0-255,1484,60378,42,129506
34730,0.002123,74.125.200.0-255,2902,63280,42,129506
34731,0.002127,172.31.46.0-255,66,63346,42,129506
34732,0.002134,74.125.200.0-255,5738,69084,42,129506
34733,0.002136,172.31.46.0-255,66,69150,42,129506
34734,0.002141,74.125.200.0-255,2902,72052,42,129506
34735,0.002143,172.31.46.0-255,66,72118,42,129506
34736,0.002167,74.125.200.0-255,4320,76438,42,129506
34737,0.002171,172.31.46.0-255,66,76504,42,129506
34738,0.002178,74.125.200.0-255,7156,83660,42,129506
34739,0.00218,172.31.46.0-255,66,83726,42,129506
34740,0.002205,74.125.200.0-255,1484,85210,42,129506
34741,0.002211,74.125.200.0-255,3602,88812,42,129506
34742,0.002214,172.31.46.0-255,66,88878,42,129506
34743,0.004447,74.125.200.0-255,5738,94616,42,129506
34744,0.004454,172.31.46.0-255,66,94682,42,129506
34745,0.006695,74.125.200.0-255,5738,100420,42,129506
34746,0.006706,172.31.46.0-255,66,100486,42,129506
34747,0.008939,74.125.200.0-255,5738,106224,42,129506
34748,0.00895,172.31.46.0-255,66,106290,42,129506
34749,0.011188,74.125.200.0-255,5738,112028,42,129506
34750,0.011198,172.31.46.0-255,66,112094,42,129506
34751,0.013439,74.125.200.0-255,5738,117832,42,129506
34752,0.013451,172.31.46.0-255,66,117898,42,129506
34753,0.015687,74.125.200.0-255,5738,123636,42,129506
34754,0.015699,172.31.46.0-255,66,123702,42,129506
34755,0.017943,74.125.200.0-255,5738,129440,42,129506
34756,0.017953,172.31.46.0-255,66,129506,42,129506
34757,0.0,172.217.194.0-255,150,150,42,258890
34758,2.1e-05,172.31.46.0-255,66,216,42,258890
34759,2.7e-05,172.217.194.0-255,1484,1700,42,258890
34760,3.1e-05,172.31.46.0-255,66,1766,42,258890
34761,3.6e-05,172.217.194.0-255,2902,4668,42,258890
34762,3.9e-05,172.31.46.0-255,66,4734,42,258890
34763,4.6e-05,172.217.194.0-255,7156,11890,42,258890
34764,4.8e-05,172.31.46.0-255,66,11956,42,258890
34765,0.0001,172.217.194.0-255,4320,16276,42,258890
34766,0.000103,172.31.46.0-255,66,16342,42,258890
34767,0.000129,172.31.46.0-255,66,16408,42,258890
34768,0.000133,172.217.194.0-255,2543,18951,42,258890
34769,0.000135,172.31.46.0-255,66,19017,42,258890
34770,0.000137,172.217.194.0-255,1484,20501,42,258890
34771,0.000139,172.31.46.0-255,66,20567,42,258890
34772,0.000143,172.217.194.0-255,2902,23469,42,258890
34773,0.000145,172.31.46.0-255,66,23535,42,258890
34774,0.000167,172.217.194.0-255,5738,29273,42,258890
34775,0.00017,172.31.46.0-255,66,29339,42,258890
34776,0.000191,172.217.194.0-255,2902,32241,42,258890
34777,0.000193,172.31.46.0-255,66,32307,42,258890
34778,0.000225,172.31.46.0-255,66,32373,42,258890
34779,0.000235,172.31.46.0-255,66,32439,42,258890
34780,0.000237,172.217.194.0-255,677,33116,42,258890
34781,0.000239,172.31.46.0-255,66,33182,42,258890
34782,0.000294,172.217.194.0-255,1484,34666,42,258890
34783,0.000296,172.31.46.0-255,66,34732,42,258890
34784,0.000312,172.217.194.0-255,2902,37634,42,258890
34785,0.000314,172.31.46.0-255,66,37700,42,258890
34786,0.000338,172.217.194.0-255,5738,43438,42,258890
34787,0.000358,172.217.194.0-255,6248,49686,42,258890
34788,0.000376,172.217.194.0-255,4320,54006,42,258890
34789,0.000385,172.217.194.0-255,2902,56908,42,258890
34790,0.000495,172.31.46.0-255,66,56974,42,258890
34791,0.000707,172.217.194.0-255,1484,58458,42,258890
34792,0.000713,172.217.194.0-255,2902,61360,42,258890
34793,0.000721,172.31.46.0-255,66,61426,42,258890
34794,0.000731,172.217.194.0-255,5738,67164,42,258890
34795,0.000735,172.31.46.0-255,66,67230,42,258890
34796,0.000745,172.217.194.0-255,5738,72968,42,258890
34797,0.000766,172.217.194.0-255,7156,80124,42,258890
34798,0.000771,172.217.194.0-255,4320,84444,42,258890
34799,0.000785,172.31.46.0-255,66,84510,42,258890
34800,0.000791,172.217.194.0-255,5738,90248,42,258890
34801,0.000793,172.217.194.0-255,766,91014,42,258890
34802,0.000802,172.31.46.0-255,66,91080,42,258890
34803,0.001073,172.217.194.0-255,1484,92564,42,258890
34804,0.001077,172.217.194.0-255,1484,94048,42,258890
34805,0.00108,172.31.46.0-255,66,94114,42,258890
34806,0.001102,172.217.194.0-255,1484,95598,42,258890
34807,0.001108,172.217.194.0-255,5738,101336,42,258890
34808,0.001114,172.217.194.0-255,7156,108492,42,258890
34809,0.00113,172.31.46.0-255,66,108558,42,258890
34810,0.001135,172.217.194.0-255,5738,114296,42,258890
34811,0.001141,172.217.194.0-255,7156,121452,42,258890
34812,0.001145,172.31.46.0-255,66,121518,42,258890
34813,0.001166,172.217.194.0-255,3602,125120,42,258890
34814,0.001169,172.31.46.0-255,66,125186,42,258890
34815,0.001177,172.217.194.0-255,1484,126670,42,258890
34816,0.001189,172.217.194.0-255,4320,130990,42,258890
34817,0.001196,172.31.46.0-255,66,131056,42,258890
34818,0.001218,172.217.194.0-255,4320,135376,42,258890
34819,0.001231,172.31.46.0-255,66,135442,42,258890
34820,0.00127,172.217.194.0-255,2902,138344,42,258890
34821,0.001278,172.31.46.0-255,66,138410,42,258890
34822,0.001325,172.217.194.0-255,5738,144148,42,258890
34823,0.001336,172.31.46.0-255,66,144214,42,258890
34824,0.001341,172.217.194.0-255,3602,147816,42,258890
34825,0.001345,172.31.46.0-255,66,147882,42,258890
34826,0.001454,172.217.194.0-255,1484,149366,42,258890
34827,0.001467,172.217.194.0-255,2902,152268,42,258890
34828,0.001469,172.31.46.0-255,66,152334,42,258890
34829,0.001473,172.217.194.0-255,1484,153818,42,258890
34830,0.001486,172.217.194.0-255,1484,155302,42,258890
34831,0.00149,172.31.46.0-255,66,155368,42,258890
34832,0.001503,172.217.194.0-255,2902,158270,42,258890
34833,0.001506,172.217.194.0-255,1484,159754,42,258890
34834,0.001518,172.217.194.0-255,4320,164074,42,258890
34835,0.001532,172.217.194.0-255,7156,171230,42,258890
34836,0.001534,172.217.194.0-255,1484,172714,42,258890
34837,0.001537,172.31.46.0-255,66,172780,42,258890
34838,0.001554,172.217.194.0-255,5738,178518,42,258890
34839,0.001559,172.31.46.0-255,66,178584,42,258890
34840,0.001589,172.217.194.0-255,5738,184322,42,258890
34841,0.001627,172.31.46.0-255,66,184388,42,258890
34842,0.001664,172.217.194.0-255,1484,185872,42,258890
34843,0.001669,172.217.194.0-255,2902,188774,42,258890
34844,0.00168,172.217.194.0-255,2902,191676,42,258890
34845,0.001684,172.31.46.0-255,66,191742,42,258890
34846,0.001692,172.217.194.0-255,2902,194644,42,258890
34847,0.001696,172.217.194.0-255,4320,198964,42,258890
34848,0.001702,172.31.46.0-255,66,199030,42,258890
34849,0.001709,172.217.194.0-255,2902,201932,42,258890
34850,0.001722,172.217.194.0-255,2902,204834,42,258890
34851,0.001736,172.217.194.0-255,4320,209154,42,258890
34852,0.001739,172.31.46.0-255,66,209220,42,258890
34853,0.001748,172.217.194.0-255,4320,213540,42,258890
34854,0.001752,172.31.46.0-255,66,213606,42,258890
34855,0.001771,172.217.194.0-255,2902,216508,42,258890
34856,0.001774,172.217.194.0-255,2184,218692,42,258890
34857,0.001777,172.217.194.0-255,1484,220176,42,258890
34858,0.001781,172.31.46.0-255,66,220242,42,258890
34859,0.001799,172.217.194.0-255,2902,223144,42,258890
34860,0.001804,172.217.194.0-255,4320,227464,42,258890
34861,0.00181,172.31.46.0-255,66,227530,42,258890
34862,0.001821,172.217.194.0-255,1484,229014,42,258890
34863,0.001842,172.217.194.0-255,2902,231916,42,258890
34864,0.001847,172.217.194.0-255,5738,237654,42,258890
34865,0.001852,172.31.46.0-255,66,237720,42,258890
34866,0.001872,172.217.194.0-255,5020,242740,42,258890
34867,0.001877,172.31.46.0-255,66,242806,42,258890
34868,0.001895,172.217.194.0-255,2902,245708,42,258890
34869,0.001929,172.31.46.0-255,66,245774,42,258890
34870,0.00195,172.217.194.0-255,4320,250094,42,258890
34871,0.001996,172.31.46.0-255,66,250160,42,258890
34872,0.002009,172.217.194.0-255,3602,253762,42,258890
34873,0.002015,172.217.194.0-255,4786,258548,42,258890
34874,0.002017,172.217.194.0-255,105,258653,42,258890
34875,0.002031,172.31.46.0-255,66,258719,42,258890
34876,0.009474,172.31.46.0-255,105,258824,42,258890
34877,0.012047,172.217.194.0-255,66,258890,42,258890
34878,0.0,74.125.24.0-255,146,146,42,173598
34879,2.2e-05,172.31.46.0-255,66,212,42,173598
34880,2.9e-05,74.125.24.0-255,1484,1696,42,173598
34881,3.4e-05,172.31.46.0-255,66,1762,42,173598
34882,3.9e-05,74.125.24.0-255,2902,4664,42,173598
34883,4.9e-05,172.31.46.0-255,66,4730,42,173598
34884,5.7e-05,74.125.24.0-255,7156,11886,42,173598
34885,6.1e-05,172.31.46.0-255,66,11952,42,173598
34886,6.7e-05,74.125.24.0-255,4908,16860,42,173598
34887,7.1e-05,172.31.46.0-255,66,16926,42,173598
34888,7.7e-05,74.125.24.0-255,5738,22664,42,173598
34889,8e-05,172.31.46.0-255,66,22730,42,173598
34890,0.00012,172.31.46.0-255,66,22796,42,173598
34891,0.000132,172.31.46.0-255,66,22862,42,173598
34892,0.000181,74.125.24.0-255,1484,24346,42,173598
34893,0.000184,172.31.46.0-255,66,24412,42,173598
34894,0.000225,172.31.46.0-255,66,24478,42,173598
34895,0.000459,74.125.24.0-255,110,24588,42,173598
34896,0.000465,172.31.46.0-255,66,24654,42,173598
34897,0.000688,74.125.24.0-255,1484,26138,42,173598
34898,0.000692,172.31.46.0-255,66,26204,42,173598
34899,0.000698,74.125.24.0-255,2902,29106,42,173598
34900,0.000699,172.31.46.0-255,66,29172,42,173598
34901,0.000703,74.125.24.0-255,2902,32074,42,173598
34902,0.000709,172.31.46.0-255,66,32140,42,173598
34903,0.000742,74.125.24.0-255,2902,35042,42,173598
34904,0.000747,74.125.24.0-255,5738,40780,42,173598
34905,0.000775,172.31.46.0-255,66,40846,42,173598
34906,0.000778,172.31.46.0-255,66,40912,42,173598
34907,0.000813,172.31.46.0-255,66,40978,42,173598
34908,0.000817,74.125.24.0-255,2902,43880,42,173598
34909,0.000819,172.31.46.0-255,66,43946,42,173598
34910,0.000836,74.125.24.0-255,2184,46130,42,173598
34911,0.000837,172.31.46.0-255,66,46196,42,173598
34912,0.001147,74.125.24.0-255,1484,47680,42,173598
34913,0.001164,74.125.24.0-255,2902,50582,42,173598
34914,0.001167,172.31.46.0-255,66,50648,42,173598
34915,0.001172,74.125.24.0-255,2902,53550,42,173598
34916,0.001174,172.31.46.0-255,66,53616,42,173598
34917,0.001194,74.125.24.0-255,2902,56518,42,173598
34918,0.001196,172.31.46.0-255,66,56584,42,173598
34919,0.001199,74.125.24.0-255,1484,58068,42,173598
34920,0.00124,172.31.46.0-255,66,58134,42,173598
34921,0.00125,172.31.46.0-255,66,58200,42,173598
34922,0.001256,74.125.24.0-255,766,58966,42,173598
34923,0.001304,74.125.24.0-255,1484,60450,42,173598
34924,0.001308,172.31.46.0-255,66,60516,42,173598
34925,0.001317,74.125.24.0-255,4320,64836,42,173598
34926,0.001319,172.31.46.0-255,66,64902,42,173598
34927,0.001325,74.125.24.0-255,1484,66386,42,173598
34928,0.001342,74.125.24.0-255,1484,67870,42,173598
34929,0.001345,172.31.46.0-255,66,67936,42,173598
34930,0.001349,74.125.24.0-255,2902,70838,42,173598
34931,0.001351,172.31.46.0-255,66,70904,42,173598
34932,0.001374,74.125.24.0-255,5738,76642,42,173598
34933,0.001381,172.31.46.0-255,66,76708,42,173598
34934,0.00139,74.125.24.0-255,4320,81028,42,173598
34935,0.001392,172.31.46.0-255,66,81094,42,173598
34936,0.001426,172.31.46.0-255,66,81160,42,173598
34937,0.001429,74.125.24.0-255,2184,83344,42,173598
34938,0.001431,172.31.46.0-255,66,83410,42,173598
34939,0.001472,74.125.24.0-255,2902,86312,42,173598
34940,0.001475,172.31.46.0-255,66,86378,42,173598
34941,0.00148,74.125.24.0-255,4320,90698,42,173598
34942,0.001482,172.31.46.0-255,66,90764,42,173598
34943,0.001497,74.125.24.0-255,2902,93666,42,173598
34944,0.0015,172.31.46.0-255,66,93732,42,173598
34945,0.001523,74.125.24.0-255,5738,99470,42,173598
34946,0.001525,172.31.46.0-255,66,99536,42,173598
34947,0.001529,74.125.24.0-255,2902,102438,42,173598
34948,0.001531,172.31.46.0-255,66,102504,42,173598
34949,0.001577,172.31.46.0-255,66,102570,42,173598
34950,0.001616,74.125.24.0-255,1484,104054,42,173598
34951,0.001627,74.125.24.0-255,2902,106956,42,173598
34952,0.00163,172.31.46.0-255,66,107022,42,173598
34953,0.001665,74.125.24.0-255,5738,112760,42,173598
34954,0.001668,172.31.46.0-255,66,112826,42,173598
34955,0.001696,172.31.46.0-255,66,112892,42,173598
34956,0.001722,74.125.24.0-255,4320,117212,42,173598
34957,0.001725,172.31.46.0-255,66,117278,42,173598
34958,0.001732,74.125.24.0-255,7156,124434,42,173598
34959,0.001734,172.31.46.0-255,66,124500,42,173598
34960,0.001741,74.125.24.0-255,3602,128102,42,173598
34961,0.001743,172.31.46.0-255,66,128168,42,173598
34962,0.001842,74.125.24.0-255,1484,129652,42,173598
34963,0.001856,74.125.24.0-255,1484,131136,42,173598
34964,0.001859,172.31.46.0-255,66,131202,42,173598
34965,0.001873,74.125.24.0-255,1484,132686,42,173598
34966,0.001883,74.125.24.0-255,5738,138424,42,173598
34967,0.001885,172.31.46.0-255,66,138490,42,173598
34968,0.001888,74.125.24.0-255,1484,139974,42,173598
34969,0.001921,74.125.24.0-255,2902,142876,42,173598
34970,0.001924,172.31.46.0-255,66,142942,42,173598
34971,0.001933,74.125.24.0-255,5738,148680,42,173598
34972,0.001939,172.31.46.0-255,66,148746,42,173598
34973,0.001944,74.125.24.0-255,4320,153066,42,173598
34974,0.001946,172.31.46.0-255,66,153132,42,173598
34975,0.001983,172.31.46.0-255,66,153198,42,173598
34976,0.00202,74.125.24.0-255,4320,157518,42,173598
34977,0.002022,172.31.46.0-255,66,157584,42,173598
34978,0.002058,172.31.46.0-255,66,157650,42,173598
34979,0.002075,172.31.46.0-255,66,157716,42,173598
34980,0.002081,74.125.24.0-255,7156,164872,42,173598
34981,0.002083,172.31.46.0-255,66,164938,42,173598
34982,0.002095,172.31.46.0-255,66,165004,42,173598
34983,0.002133,172.31.46.0-255,66,165070,42,173598
34984,0.002136,74.125.24.0-255,766,165836,42,173598
34985,0.002161,74.125.24.0-255,7156,172992,42,173598
34986,0.002163,172.31.46.0-255,66,173058,42,173598
34987,0.002198,172.31.46.0-255,66,173124,42,173598
34988,0.002214,172.31.46.0-255,66,173190,42,173598
34989,0.002255,172.31.46.0-255,66,173256,42,173598
34990,0.002295,74.125.24.0-255,105,173361,42,173598
34991,0.0023,172.31.46.0-255,66,173427,42,173598
34992,0.015031,172.31.46.0-255,105,173532,42,173598
34993,0.017617,74.125.24.0-255,66,173598,42,173598
34994,0.0,172.217.194.0-255,152,152,42,155425
34995,2.6e-05,172.31.46.0-255,66,218,42,155425
34996,3.3e-05,172.217.194.0-255,1484,1702,42,155425
34997,3.7e-05,172.31.46.0-255,66,1768,42,155425
34998,4.3e-05,172.217.194.0-255,2902,4670,42,155425
34999,4.7e-05,172.31.46.0-255,66,4736,42,155425
35000,5.2e-05,172.217.194.0-255,4320,9056,42,155425
35001,5.6e-05,172.31.46.0-255,66,9122,42,155425
35002,8.4e-05,172.217.194.0-255,4911,14033,42,155425
35003,8.7e-05,172.31.46.0-255,66,14099,42,155425
35004,0.000117,172.217.194.0-255,5738,19837,42,155425
35005,0.00012,172.31.46.0-255,66,19903,42,155425
35006,0.000125,172.217.194.0-255,2902,22805,42,155425
35007,0.000127,172.31.46.0-255,66,22871,42,155425
35008,0.000142,172.217.194.0-255,4320,27191,42,155425
35009,0.000145,172.31.46.0-255,66,27257,42,155425
35010,0.000181,172.217.194.0-255,3961,31218,42,155425
35011,0.000184,172.31.46.0-255,66,31284,42,155425
35012,0.000643,172.217.194.0-255,1484,32768,42,155425
35013,0.000649,172.31.46.0-255,66,32834,42,155425
35014,0.000656,172.217.194.0-255,2902,35736,42,155425
35015,0.000659,172.31.46.0-255,66,35802,42,155425
35016,0.000666,172.217.194.0-255,5738,41540,42,155425
35017,0.000668,172.31.46.0-255,66,41606,42,155425
35018,0.000689,172.217.194.0-255,4320,45926,42,155425
35019,0.000692,172.31.46.0-255,66,45992,42,155425
35020,0.000791,172.31.46.0-255,66,46058,42,155425
35021,0.000811,172.217.194.0-255,2543,48601,42,155425
35022,0.000814,172.31.46.0-255,66,48667,42,155425
35023,0.000822,172.217.194.0-255,6797,55464,42,155425
35024,0.000825,172.31.46.0-255,66,55530,42,155425
35025,0.001642,172.217.194.0-255,645,56175,42,155425
35026,0.001662,172.217.194.0-255,1484,57659,42,155425
35027,0.001667,172.31.46.0-255,66,57725,42,155425
35028,0.001675,172.217.194.0-255,4320,62045,42,155425
35029,0.001677,172.31.46.0-255,66,62111,42,155425
35030,0.00168,172.217.194.0-255,1484,63595,42,155425
35031,0.001705,172.217.194.0-255,5738,69333,42,155425
35032,0.001707,172.31.46.0-255,66,69399,42,155425
35033,0.00171,172.217.194.0-255,1484,70883,42,155425
35034,0.001731,172.217.194.0-255,7156,78039,42,155425
35035,0.001733,172.31.46.0-255,66,78105,42,155425
35036,0.00175,172.217.194.0-255,7156,85261,42,155425
35037,0.001752,172.31.46.0-255,66,85327,42,155425
35038,0.001758,172.217.194.0-255,5020,90347,42,155425
35039,0.001761,172.31.46.0-255,66,90413,42,155425
35040,0.001935,172.217.194.0-255,1484,91897,42,155425
35041,0.001941,172.217.194.0-255,1484,93381,42,155425
35042,0.001945,172.31.46.0-255,66,93447,42,155425
35043,0.001964,172.217.194.0-255,1484,94931,42,155425
35044,0.001971,172.217.194.0-255,5738,100669,42,155425
35045,0.001974,172.31.46.0-255,66,100735,42,155425
35046,0.002017,172.31.46.0-255,66,100801,42,155425
35047,0.00203,172.31.46.0-255,66,100867,42,155425
35048,0.002034,172.217.194.0-255,2902,103769,42,155425
35049,0.002036,172.31.46.0-255,66,103835,42,155425
35050,0.002057,172.217.194.0-255,5020,108855,42,155425
35051,0.00206,172.31.46.0-255,66,108921,42,155425
35052,0.002075,172.217.194.0-255,4320,113241,42,155425
35053,0.002078,172.31.46.0-255,66,113307,42,155425
35054,0.002122,172.31.46.0-255,66,113373,42,155425
35055,0.002129,172.217.194.0-255,6438,119811,42,155425
35056,0.002131,172.31.46.0-255,66,119877,42,155425
35057,0.002145,172.217.194.0-255,4320,124197,42,155425
35058,0.002148,172.31.46.0-255,66,124263,42,155425
35059,0.002215,172.217.194.0-255,2902,127165,42,155425
35060,0.00223,172.217.194.0-255,7156,134321,42,155425
35061,0.002389,172.217.194.0-255,5020,139341,42,155425
35062,0.002427,172.217.194.0-255,1484,140825,42,155425
35063,0.002482,172.217.194.0-255,4320,145145,42,155425
35064,0.002523,172.217.194.0-255,4320,149465,42,155425
35065,0.002577,172.217.194.0-255,5618,155083,42,155425
35066,0.00258,172.217.194.0-255,105,155188,42,155425
35067,0.0064,172.31.46.0-255,66,155254,42,155425
35068,0.00906,172.31.46.0-255,105,155359,42,155425
35069,0.011562,172.217.194.0-255,66,155425,42,155425
35070,0.0,172.217.194.0-255,291,291,42,144056
35071,2.1e-05,172.31.46.0-255,66,357,42,144056
35072,2.7e-05,172.217.194.0-255,1484,1841,42,144056
35073,3.1e-05,172.31.46.0-255,66,1907,42,144056
35074,3.9e-05,172.217.194.0-255,4320,6227,42,144056
35075,5.1e-05,172.31.46.0-255,66,6293,42,144056
35076,0.000102,172.31.46.0-255,66,6359,42,144056
35077,0.000108,172.217.194.0-255,4320,10679,42,144056
35078,0.000111,172.31.46.0-255,66,10745,42,144056
35079,0.000154,172.31.46.0-255,66,10811,42,144056
35080,0.000178,172.217.194.0-255,1125,11936,42,144056
35081,0.000181,172.31.46.0-255,66,12002,42,144056
35082,0.000193,172.217.194.0-255,1484,13486,42,144056
35083,0.0002,172.31.46.0-255,66,13552,42,144056
35084,0.00023,172.217.194.0-255,2902,16454,42,144056
35085,0.000234,172.31.46.0-255,66,16520,42,144056
35086,0.000241,172.217.194.0-255,5738,22258,42,144056
35087,0.000243,172.31.46.0-255,66,22324,42,144056
35088,0.000254,172.217.194.0-255,5738,28062,42,144056
35089,0.000257,172.31.46.0-255,66,28128,42,144056
35090,0.000286,172.217.194.0-255,1125,29253,42,144056
35091,0.000289,172.31.46.0-255,66,29319,42,144056
35092,0.001064,172.217.194.0-255,1484,30803,42,144056
35093,0.001072,172.31.46.0-255,66,30869,42,144056
35094,0.001079,172.217.194.0-255,2902,33771,42,144056
35095,0.001081,172.31.46.0-255,66,33837,42,144056
35096,0.001101,172.217.194.0-255,1484,35321,42,144056
35097,0.001108,172.31.46.0-255,66,35387,42,144056
35098,0.001133,172.217.194.0-255,2902,38289,42,144056
35099,0.001136,172.31.46.0-255,66,38355,42,144056
35100,0.00114,172.217.194.0-255,2902,41257,42,144056
35101,0.001142,172.31.46.0-255,66,41323,42,144056
35102,0.001206,172.217.194.0-255,5379,46702,42,144056
35103,0.00121,172.31.46.0-255,66,46768,42,144056
35104,0.001329,172.217.194.0-255,1484,48252,42,144056
35105,0.001336,172.217.194.0-255,2902,51154,42,144056
35106,0.00134,172.31.46.0-255,66,51220,42,144056
35107,0.001347,172.217.194.0-255,5738,56958,42,144056
35108,0.001349,172.31.46.0-255,66,57024,42,144056
35109,0.001387,172.217.194.0-255,4320,61344,42,144056
35110,0.00139,172.31.46.0-255,66,61410,42,144056
35111,0.001441,172.31.46.0-255,66,61476,42,144056
35112,0.001456,172.31.46.0-255,66,61542,42,144056
35113,0.001459,172.217.194.0-255,286,61828,42,144056
35114,0.001463,172.217.194.0-255,1484,63312,42,144056
35115,0.001465,172.31.46.0-255,66,63378,42,144056
35116,0.001471,172.217.194.0-255,4320,67698,42,144056
35117,0.001475,172.217.194.0-255,1484,69182,42,144056
35118,0.00148,172.31.46.0-255,66,69248,42,144056
35119,0.001519,172.217.194.0-255,7156,76404,42,144056
35120,0.001533,172.31.46.0-255,66,76470,42,144056
35121,0.001541,172.31.46.0-255,66,76536,42,144056
35122,0.001562,172.217.194.0-255,4320,80856,42,144056
35123,0.001565,172.31.46.0-255,66,80922,42,144056
35124,0.001596,172.217.194.0-255,5020,85942,42,144056
35125,0.001599,172.31.46.0-255,66,86008,42,144056
35126,0.001808,172.217.194.0-255,1484,87492,42,144056
35127,0.001824,172.217.194.0-255,2902,90394,42,144056
35128,0.001828,172.31.46.0-255,66,90460,42,144056
35129,0.001858,172.217.194.0-255,5738,96198,42,144056
35130,0.001861,172.31.46.0-255,66,96264,42,144056
35131,0.001867,172.217.194.0-255,4320,100584,42,144056
35132,0.00187,172.31.46.0-255,66,100650,42,144056
35133,0.001914,172.31.46.0-255,66,100716,42,144056
35134,0.001925,172.31.46.0-255,66,100782,42,144056
35135,0.001993,172.217.194.0-255,2184,102966,42,144056
35136,0.001996,172.31.46.0-255,66,103032,42,144056
35137,0.004187,172.217.194.0-255,2902,105934,42,144056
35138,0.004195,172.31.46.0-255,66,106000,42,144056
35139,0.004248,172.217.194.0-255,2902,108902,42,144056
35140,0.004251,172.31.46.0-255,66,108968,42,144056
35141,0.006462,172.217.194.0-255,2902,111870,42,144056
35142,0.00647,172.31.46.0-255,66,111936,42,144056
35143,0.00653,172.217.194.0-255,2902,114838,42,144056
35144,0.006533,172.31.46.0-255,66,114904,42,144056
35145,0.008761,172.217.194.0-255,2902,117806,42,144056
35146,0.008768,172.31.46.0-255,66,117872,42,144056
35147,0.008796,172.217.194.0-255,2902,120774,42,144056
35148,0.008798,172.31.46.0-255,66,120840,42,144056
35149,0.011073,172.217.194.0-255,5738,126578,42,144056
35150,0.01109,172.31.46.0-255,66,126644,42,144056
35151,0.013347,172.217.194.0-255,5738,132382,42,144056
35152,0.013362,172.31.46.0-255,66,132448,42,144056
35153,0.015672,172.217.194.0-255,5738,138186,42,144056
35154,0.015688,172.31.46.0-255,66,138252,42,144056
35155,0.017953,172.217.194.0-255,5738,143990,42,144056
35156,0.017964,172.31.46.0-255,66,144056,42,144056
35157,0.0,74.125.24.0-255,152,152,42,170504
35158,2.3e-05,172.31.46.0-255,66,218,42,170504
35159,3.1e-05,74.125.24.0-255,1484,1702,42,170504
35160,3.5e-05,172.31.46.0-255,66,1768,42,170504
35161,4.1e-05,74.125.24.0-255,2902,4670,42,170504
35162,4.4e-05,172.31.46.0-255,66,4736,42,170504
35163,4.9e-05,74.125.24.0-255,2902,7638,42,170504
35164,5.2e-05,172.31.46.0-255,66,7704,42,170504
35165,0.000104,74.125.24.0-255,2902,10606,42,170504
35166,0.000108,172.31.46.0-255,66,10672,42,170504
35167,0.000132,74.125.24.0-255,3473,14145,42,170504
35168,0.000134,172.31.46.0-255,66,14211,42,170504
35169,0.000167,74.125.24.0-255,1484,15695,42,170504
35170,0.00017,172.31.46.0-255,66,15761,42,170504
35171,0.000175,74.125.24.0-255,2902,18663,42,170504
35172,0.000177,172.31.46.0-255,66,18729,42,170504
35173,0.000212,74.125.24.0-255,5738,24467,42,170504
35174,0.000215,172.31.46.0-255,66,24533,42,170504
35175,0.000222,74.125.24.0-255,6797,31330,42,170504
35176,0.000225,172.31.46.0-255,66,31396,42,170504
35177,0.000623,74.125.24.0-255,1484,32880,42,170504
35178,0.000629,172.31.46.0-255,66,32946,42,170504
35179,0.000636,74.125.24.0-255,2902,35848,42,170504
35180,0.000638,172.31.46.0-255,66,35914,42,170504
35181,0.000671,74.125.24.0-255,5738,41652,42,170504
35182,0.000675,172.31.46.0-255,66,41718,42,170504
35183,0.000678,74.125.24.0-255,1484,43202,42,170504
35184,0.00068,172.31.46.0-255,66,43268,42,170504
35185,0.000699,74.125.24.0-255,5379,48647,42,170504
35186,0.000702,172.31.46.0-255,66,48713,42,170504
35187,0.000709,74.125.24.0-255,7156,55869,42,170504
35188,0.000711,172.31.46.0-255,66,55935,42,170504
35189,0.000736,74.125.24.0-255,4320,60255,42,170504
35190,0.000738,172.31.46.0-255,66,60321,42,170504
35191,0.000759,74.125.24.0-255,5379,65700,42,170504
35192,0.000763,172.31.46.0-255,66,65766,42,170504
35193,0.001007,74.125.24.0-255,646,66412,42,170504
35194,0.001139,74.125.24.0-255,1484,67896,42,170504
35195,0.001144,172.31.46.0-255,66,67962,42,170504
35196,0.001149,74.125.24.0-255,2902,70864,42,170504
35197,0.001151,172.31.46.0-255,66,70930,42,170504
35198,0.001155,74.125.24.0-255,1484,72414,42,170504
35199,0.001173,74.125.24.0-255,4320,76734,42,170504
35200,0.001175,172.31.46.0-255,66,76800,42,170504
35201,0.001193,74.125.24.0-255,5738,82538,42,170504
35202,0.001196,172.31.46.0-255,66,82604,42,170504
35203,0.001225,74.125.24.0-255,7156,89760,42,170504
35204,0.001227,172.31.46.0-255,66,89826,42,170504
35205,0.001231,74.125.24.0-255,1484,91310,42,170504
35206,0.001264,172.31.46.0-255,66,91376,42,170504
35207,0.001722,74.125.24.0-255,1484,92860,42,170504
35208,0.001731,74.125.24.0-255,2902,95762,42,170504
35209,0.001735,172.31.46.0-255,66,95828,42,170504
35210,0.001741,74.125.24.0-255,2902,98730,42,170504
35211,0.001743,172.31.46.0-255,66,98796,42,170504
35212,0.001756,74.125.24.0-255,2902,101698,42,170504
35213,0.001759,172.31.46.0-255,66,101764,42,170504
35214,0.001802,172.31.46.0-255,66,101830,42,170504
35215,0.001813,172.31.46.0-255,66,101896,42,170504
35216,0.00186,74.125.24.0-255,2184,104080,42,170504
35217,0.001862,172.31.46.0-255,66,104146,42,170504
35218,0.002135,74.125.24.0-255,1484,105630,42,170504
35219,0.002142,74.125.24.0-255,2902,108532,42,170504
35220,0.002146,172.31.46.0-255,66,108598,42,170504
35221,0.002154,74.125.24.0-255,5738,114336,42,170504
35222,0.002156,172.31.46.0-255,66,114402,42,170504
35223,0.002162,74.125.24.0-255,4320,118722,42,170504
35224,0.002164,172.31.46.0-255,66,118788,42,170504
35225,0.002186,172.31.46.0-255,66,118854,42,170504
35226,0.002189,74.125.24.0-255,1484,120338,42,170504
35227,0.002212,74.125.24.0-255,5738,126076,42,170504
35228,0.002214,172.31.46.0-255,66,126142,42,170504
35229,0.002231,74.125.24.0-255,3602,129744,42,170504
35230,0.002234,172.31.46.0-255,66,129810,42,170504
35231,0.004479,74.125.24.0-255,1484,131294,42,170504
35232,0.004543,74.125.24.0-255,4320,135614,42,170504
35233,0.00455,172.31.46.0-255,66,135680,42,170504
35234,0.006871,74.125.24.0-255,5738,141418,42,170504
35235,0.006884,172.31.46.0-255,66,141484,42,170504
35236,0.009141,74.125.24.0-255,5738,147222,42,170504
35237,0.00915,172.31.46.0-255,66,147288,42,170504
35238,0.011454,74.125.24.0-255,5738,153026,42,170504
35239,0.011471,172.31.46.0-255,66,153092,42,170504
35240,0.013784,74.125.24.0-255,5738,158830,42,170504
35241,0.013801,172.31.46.0-255,66,158896,42,170504
35242,0.016114,74.125.24.0-255,5738,164634,42,170504
35243,0.016132,172.31.46.0-255,66,164700,42,170504
35244,0.018434,74.125.24.0-255,5738,170438,42,170504
35245,0.018449,172.31.46.0-255,66,170504,42,170504
35246,0.0,172.217.194.0-255,153,153,42,151452
35247,2.6e-05,172.31.46.0-255,66,219,42,151452
35248,3.3e-05,172.217.194.0-255,1484,1703,42,151452
35249,3.7e-05,172.31.46.0-255,66,1769,42,151452
35250,4.3e-05,172.217.194.0-255,2902,4671,42,151452
35251,4.6e-05,172.31.46.0-255,66,4737,42,151452
35252,5.4e-05,172.217.194.0-255,7156,11893,42,151452
35253,5.7e-05,172.31.46.0-255,66,11959,42,151452
35254,6.1e-05,172.217.194.0-255,1978,13937,42,151452
35255,6.4e-05,172.31.46.0-255,66,14003,42,151452
35256,7.8e-05,172.31.46.0-255,66,14069,42,151452
35257,0.000118,172.31.46.0-255,66,14135,42,151452
35258,0.000139,172.217.194.0-255,2902,17037,42,151452
35259,0.000142,172.31.46.0-255,66,17103,42,151452
35260,0.000159,172.217.194.0-255,5738,22841,42,151452
35261,0.000162,172.31.46.0-255,66,22907,42,151452
35262,0.000207,172.31.46.0-255,66,22973,42,151452
35263,0.000225,172.217.194.0-255,113,23086,42,151452
35264,0.000227,172.31.46.0-255,66,23152,42,151452
35265,0.000446,172.217.194.0-255,1484,24636,42,151452
35266,0.000451,172.31.46.0-255,66,24702,42,151452
35267,0.000457,172.217.194.0-255,2902,27604,42,151452
35268,0.000459,172.31.46.0-255,66,27670,42,151452
35269,0.000466,172.217.194.0-255,5738,33408,42,151452
35270,0.000468,172.31.46.0-255,66,33474,42,151452
35271,0.000505,172.31.46.0-255,66,33540,42,151452
35272,0.000526,172.217.194.0-255,2902,36442,42,151452
35273,0.000529,172.31.46.0-255,66,36508,42,151452
35274,0.000541,172.31.46.0-255,66,36574,42,151452
35275,0.000543,172.217.194.0-255,766,37340,42,151452
35276,0.001015,172.217.194.0-255,1484,38824,42,151452
35277,0.001021,172.31.46.0-255,66,38890,42,151452
35278,0.001026,172.217.194.0-255,1484,40374,42,151452
35279,0.001042,172.217.194.0-255,1484,41858,42,151452
35280,0.001044,172.31.46.0-255,66,41924,42,151452
35281,0.001051,172.217.194.0-255,5738,47662,42,151452
35282,0.001053,172.31.46.0-255,66,47728,42,151452
35283,0.001056,172.217.194.0-255,1484,49212,42,151452
35284,0.001079,172.217.194.0-255,1484,50696,42,151452
35285,0.001081,172.31.46.0-255,66,50762,42,151452
35286,0.001107,172.217.194.0-255,7156,57918,42,151452
35287,0.001109,172.31.46.0-255,66,57984,42,151452
35288,0.001131,172.217.194.0-255,7156,65140,42,151452
35289,0.001133,172.31.46.0-255,66,65206,42,151452
35290,0.001155,172.217.194.0-255,4320,69526,42,151452
35291,0.001158,172.31.46.0-255,66,69592,42,151452
35292,0.001162,172.217.194.0-255,2184,71776,42,151452
35293,0.001165,172.31.46.0-255,66,71842,42,151452
35294,0.00138,172.217.194.0-255,1484,73326,42,151452
35295,0.001386,172.217.194.0-255,2902,76228,42,151452
35296,0.00139,172.31.46.0-255,66,76294,42,151452
35297,0.001411,172.217.194.0-255,4320,80614,42,151452
35298,0.001413,172.31.46.0-255,66,80680,42,151452
35299,0.001438,172.217.194.0-255,1484,82164,42,151452
35300,0.001449,172.31.46.0-255,66,82230,42,151452
35301,0.00147,172.217.194.0-255,1484,83714,42,151452
35302,0.001494,172.31.46.0-255,66,83780,42,151452
35303,0.001504,172.217.194.0-255,2184,85964,42,151452
35304,0.001508,172.31.46.0-255,66,86030,42,151452
35305,0.001564,172.217.194.0-255,1484,87514,42,151452
35306,0.001586,172.217.194.0-255,2902,90416,42,151452
35307,0.001592,172.217.194.0-255,5738,96154,42,151452
35308,0.001596,172.31.46.0-255,66,96220,42,151452
35309,0.001599,172.31.46.0-255,66,96286,42,151452
35310,0.001628,172.31.46.0-255,66,96352,42,151452
35311,0.001634,172.217.194.0-255,5738,102090,42,151452
35312,0.001637,172.31.46.0-255,66,102156,42,151452
35313,0.001654,172.217.194.0-255,2902,105058,42,151452
35314,0.001656,172.31.46.0-255,66,105124,42,151452
35315,0.001671,172.217.194.0-255,2184,107308,42,151452
35316,0.001674,172.31.46.0-255,66,107374,42,151452
35317,0.001795,172.217.194.0-255,1484,108858,42,151452
35318,0.001801,172.217.194.0-255,2902,111760,42,151452
35319,0.001804,172.31.46.0-255,66,111826,42,151452
35320,0.00181,172.217.194.0-255,5738,117564,42,151452
35321,0.001813,172.31.46.0-255,66,117630,42,151452
35322,0.001829,172.217.194.0-255,5738,123368,42,151452
35323,0.001833,172.31.46.0-255,66,123434,42,151452
35324,0.001866,172.31.46.0-255,66,123500,42,151452
35325,0.001884,172.217.194.0-255,2902,126402,42,151452
35326,0.001887,172.31.46.0-255,66,126468,42,151452
35327,0.001898,172.31.46.0-255,66,126534,42,151452
35328,0.001904,172.217.194.0-255,5738,132272,42,151452
35329,0.001907,172.31.46.0-255,66,132338,42,151452
35330,0.001931,172.217.194.0-255,4320,136658,42,151452
35331,0.001935,172.31.46.0-255,66,136724,42,151452
35332,0.001981,172.217.194.0-255,4320,141044,42,151452
35333,0.001984,172.31.46.0-255,66,141110,42,151452
35334,0.002024,172.31.46.0-255,66,141176,42,151452
35335,0.002043,172.31.46.0-255,66,141242,42,151452
35336,0.002056,172.31.46.0-255,66,141308,42,151452
35337,0.002069,172.31.46.0-255,66,141374,42,151452
35338,0.002104,172.31.46.0-255,66,141440,42,151452
35339,0.00211,172.217.194.0-255,4320,145760,42,151452
35340,0.002113,172.31.46.0-255,66,145826,42,151452
35341,0.002149,172.31.46.0-255,66,145892,42,151452
35342,0.002179,172.217.194.0-255,5020,150912,42,151452
35343,0.002213,172.31.46.0-255,66,150978,42,151452
35344,0.002217,172.31.46.0-255,66,151044,42,151452
35345,0.002224,172.31.46.0-255,66,151110,42,151452
35346,0.002228,172.217.194.0-255,105,151215,42,151452
35347,0.004378,172.31.46.0-255,66,151281,42,151452
35348,0.004424,172.31.46.0-255,105,151386,42,151452
35349,0.006657,172.217.194.0-255,66,151452,42,151452
35350,0.0,172.217.194.0-255,153,153,42,69786
35351,1.6e-05,172.31.46.0-255,66,219,42,69786
35352,2.2e-05,172.217.194.0-255,1484,1703,42,69786
35353,2.6e-05,172.31.46.0-255,66,1769,42,69786
35354,3.2e-05,172.217.194.0-255,2902,4671,42,69786
35355,3.6e-05,172.31.46.0-255,66,4737,42,69786
35356,4.1e-05,172.217.194.0-255,2902,7639,42,69786
35357,4.5e-05,172.31.46.0-255,66,7705,42,69786
35358,7e-05,172.217.194.0-255,2902,10607,42,69786
35359,7.3e-05,172.31.46.0-255,66,10673,42,69786
35360,9.4e-05,172.217.194.0-255,7156,17829,42,69786
35361,9.7e-05,172.31.46.0-255,66,17895,42,69786
35362,0.000121,172.217.194.0-255,3347,21242,42,69786
35363,0.000124,172.31.46.0-255,66,21308,42,69786
35364,0.000137,172.31.46.0-255,66,21374,42,69786
35365,0.000166,172.217.194.0-255,7156,28530,42,69786
35366,0.000169,172.31.46.0-255,66,28596,42,69786
35367,0.000202,172.31.46.0-255,66,28662,42,69786
35368,0.002604,172.217.194.0-255,1484,30146,42,69786
35369,0.00261,172.31.46.0-255,66,30212,42,69786
35370,0.002619,172.217.194.0-255,2902,33114,42,69786
35371,0.002621,172.31.46.0-255,66,33180,42,69786
35372,0.002626,172.217.194.0-255,2902,36082,42,69786
35373,0.002628,172.31.46.0-255,66,36148,42,69786
35374,0.005222,172.217.194.0-255,5738,41886,42,69786
35375,0.005227,172.31.46.0-255,66,41952,42,69786
35376,0.007848,172.217.194.0-255,4552,46504,42,69786
35377,0.007855,172.31.46.0-255,66,46570,42,69786
35378,0.010465,172.217.194.0-255,5738,52308,42,69786
35379,0.010472,172.31.46.0-255,66,52374,42,69786
35380,0.013102,172.217.194.0-255,5738,58112,42,69786
35381,0.013113,172.31.46.0-255,66,58178,42,69786
35382,0.015748,172.217.194.0-255,5738,63916,42,69786
35383,0.015758,172.31.46.0-255,66,63982,42,69786
35384,0.018339,172.217.194.0-255,5738,69720,42,69786
35385,0.018346,172.31.46.0-255,66,69786,42,69786
35386,0.0,172.253.118.0-255,290,290,42,147966
35387,2.8e-05,172.31.46.0-255,66,356,42,147966
35388,3.5e-05,172.253.118.0-255,1484,1840,42,147966
35389,4.1e-05,172.31.46.0-255,66,1906,42,147966
35390,5.8e-05,172.253.118.0-255,4320,6226,42,147966
35391,6.3e-05,172.31.46.0-255,66,6292,42,147966
35392,7.5e-05,172.31.46.0-255,66,6358,42,147966
35393,0.000136,172.253.118.0-255,1484,7842,42,147966
35394,0.000139,172.31.46.0-255,66,7908,42,147966
35395,0.000146,172.253.118.0-255,2902,10810,42,147966
35396,0.000148,172.31.46.0-255,66,10876,42,147966
35397,0.000159,172.253.118.0-255,5738,16614,42,147966
35398,0.000162,172.31.46.0-255,66,16680,42,147966
35399,0.000191,172.253.118.0-255,6797,23477,42,147966
35400,0.000195,172.31.46.0-255,66,23543,42,147966
35401,0.000198,172.253.118.0-255,1484,25027,42,147966
35402,0.0002,172.31.46.0-255,66,25093,42,147966
35403,0.000226,172.253.118.0-255,5738,30831,42,147966
35404,0.000229,172.31.46.0-255,66,30897,42,147966
35405,0.000232,172.253.118.0-255,1484,32381,42,147966
35406,0.000234,172.31.46.0-255,66,32447,42,147966
35407,0.000272,172.31.46.0-255,66,32513,42,147966
35408,0.000746,172.253.118.0-255,1484,33997,42,147966
35409,0.000751,172.31.46.0-255,66,34063,42,147966
35410,0.000758,172.253.118.0-255,2902,36965,42,147966
35411,0.000761,172.31.46.0-255,66,37031,42,147966
35412,0.000764,172.253.118.0-255,1484,38515,42,147966
35413,0.000772,172.31.46.0-255,66,38581,42,147966
35414,0.000801,172.253.118.0-255,4320,42901,42,147966
35415,0.000804,172.31.46.0-255,66,42967,42,147966
35416,0.000811,172.253.118.0-255,5738,48705,42,147966
35417,0.000836,172.253.118.0-255,1707,50412,42,147966
35418,0.00086,172.31.46.0-255,66,50478,42,147966
35419,0.000895,172.253.118.0-255,1484,51962,42,147966
35420,0.00091,172.253.118.0-255,2902,54864,42,147966
35421,0.000913,172.253.118.0-255,1484,56348,42,147966
35422,0.000918,172.31.46.0-255,66,56414,42,147966
35423,0.000937,172.253.118.0-255,4320,60734,42,147966
35424,0.000945,172.253.118.0-255,6797,67531,42,147966
35425,0.000967,172.31.46.0-255,66,67597,42,147966
35426,0.001254,172.253.118.0-255,1484,69081,42,147966
35427,0.001261,172.253.118.0-255,2902,71983,42,147966
35428,0.001264,172.31.46.0-255,66,72049,42,147966
35429,0.001292,172.253.118.0-255,5738,77787,42,147966
35430,0.001299,172.253.118.0-255,5738,83525,42,147966
35431,0.001316,172.253.118.0-255,1484,85009,42,147966
35432,0.001319,172.31.46.0-255,66,85075,42,147966
35433,0.001344,172.31.46.0-255,66,85141,42,147966
35434,0.001352,172.253.118.0-255,1484,86625,42,147966
35435,0.001362,172.253.118.0-255,4455,91080,42,147966
35436,0.001384,172.31.46.0-255,66,91146,42,147966
35437,0.001459,172.253.118.0-255,1484,92630,42,147966
35438,0.001465,172.253.118.0-255,2902,95532,42,147966
35439,0.00147,172.31.46.0-255,66,95598,42,147966
35440,0.001478,172.253.118.0-255,1484,97082,42,147966
35441,0.001507,172.253.118.0-255,4320,101402,42,147966
35442,0.001521,172.31.46.0-255,66,101468,42,147966
35443,0.001576,172.31.46.0-255,66,101534,42,147966
35444,0.003611,172.253.118.0-255,5738,107272,42,147966
35445,0.003619,172.31.46.0-255,66,107338,42,147966
35446,0.00564,172.253.118.0-255,5738,113076,42,147966
35447,0.006795,172.31.46.0-255,66,113142,42,147966
35448,0.008832,172.253.118.0-255,5738,118880,42,147966
35449,0.00884,172.31.46.0-255,66,118946,42,147966
35450,0.01093,172.253.118.0-255,5738,124684,42,147966
35451,0.010939,172.31.46.0-255,66,124750,42,147966
35452,0.012966,172.253.118.0-255,5738,130488,42,147966
35453,0.012974,172.31.46.0-255,66,130554,42,147966
35454,0.014996,172.253.118.0-255,5738,136292,42,147966
35455,0.015004,172.31.46.0-255,66,136358,42,147966
35456,0.017031,172.253.118.0-255,5738,142096,42,147966
35457,0.017042,172.31.46.0-255,66,142162,42,147966
35458,0.019127,172.253.118.0-255,5738,147900,42,147966
35459,0.019137,172.31.46.0-255,66,147966,42,147966
35460,0.0,172.217.194.0-255,153,153,42,211921
35461,2.5e-05,172.31.46.0-255,66,219,42,211921
35462,3.3e-05,172.217.194.0-255,1484,1703,42,211921
35463,3.8e-05,172.31.46.0-255,66,1769,42,211921
35464,4.4e-05,172.217.194.0-255,2902,4671,42,211921
35465,4.7e-05,172.31.46.0-255,66,4737,42,211921
35466,5.4e-05,172.217.194.0-255,7156,11893,42,211921
35467,5.7e-05,172.31.46.0-255,66,11959,42,211921
35468,6.1e-05,172.217.194.0-255,2036,13995,42,211921
35469,6.5e-05,172.31.46.0-255,66,14061,42,211921
35470,0.000142,172.31.46.0-255,66,14127,42,211921
35471,0.000157,172.31.46.0-255,66,14193,42,211921
35472,0.000168,172.31.46.0-255,66,14259,42,211921
35473,0.000219,172.217.194.0-255,1484,15743,42,211921
35474,0.000222,172.31.46.0-255,66,15809,42,211921
35475,0.000238,172.217.194.0-255,2902,18711,42,211921
35476,0.00024,172.31.46.0-255,66,18777,42,211921
35477,0.000245,172.217.194.0-255,2902,21679,42,211921
35478,0.000247,172.31.46.0-255,66,21745,42,211921
35479,0.000268,172.217.194.0-255,2902,24647,42,211921
35480,0.000271,172.31.46.0-255,66,24713,42,211921
35481,0.000309,172.217.194.0-255,4320,29033,42,211921
35482,0.000312,172.31.46.0-255,66,29099,42,211921
35483,0.00033,172.217.194.0-255,2543,31642,42,211921
35484,0.000332,172.31.46.0-255,66,31708,42,211921
35485,0.000506,172.217.194.0-255,380,32088,42,211921
35486,0.000511,172.31.46.0-255,66,32154,42,211921
35487,0.000788,172.217.194.0-255,1484,33638,42,211921
35488,0.000793,172.31.46.0-255,66,33704,42,211921
35489,0.000798,172.217.194.0-255,2902,36606,42,211921
35490,0.0008,172.31.46.0-255,66,36672,42,211921
35491,0.000818,172.217.194.0-255,5738,42410,42,211921
35492,0.000821,172.31.46.0-255,66,42476,42,211921
35493,0.00085,172.217.194.0-255,4320,46796,42,211921
35494,0.000853,172.31.46.0-255,66,46862,42,211921
35495,0.000873,172.217.194.0-255,2902,49764,42,211921
35496,0.000876,172.31.46.0-255,66,49830,42,211921
35497,0.000887,172.31.46.0-255,66,49896,42,211921
35498,0.000919,172.217.194.0-255,4320,54216,42,211921
35499,0.000922,172.31.46.0-255,66,54282,42,211921
35500,0.000943,172.217.194.0-255,3602,57884,42,211921
35501,0.000946,172.31.46.0-255,66,57950,42,211921
35502,0.001128,172.217.194.0-255,1484,59434,42,211921
35503,0.001145,172.217.194.0-255,2902,62336,42,211921
35504,0.001148,172.31.46.0-255,66,62402,42,211921
35505,0.001169,172.217.194.0-255,2902,65304,42,211921
35506,0.001171,172.31.46.0-255,66,65370,42,211921
35507,0.001192,172.217.194.0-255,2902,68272,42,211921
35508,0.001194,172.31.46.0-255,66,68338,42,211921
35509,0.001202,172.217.194.0-255,7156,75494,42,211921
35510,0.001204,172.31.46.0-255,66,75560,42,211921
35511,0.001239,172.217.194.0-255,5738,81298,42,211921
35512,0.001241,172.31.46.0-255,66,81364,42,211921
35513,0.001254,172.31.46.0-255,66,81430,42,211921
35514,0.001257,172.217.194.0-255,766,82196,42,211921
35515,0.001445,172.217.194.0-255,1484,83680,42,211921
35516,0.001449,172.31.46.0-255,66,83746,42,211921
35517,0.001454,172.217.194.0-255,2902,86648,42,211921
35518,0.001456,172.31.46.0-255,66,86714,42,211921
35519,0.001461,172.217.194.0-255,2902,89616,42,211921
35520,0.001463,172.31.46.0-255,66,89682,42,211921
35521,0.001482,172.217.194.0-255,2902,92584,42,211921
35522,0.001484,172.31.46.0-255,66,92650,42,211921
35523,0.001491,172.217.194.0-255,5738,98388,42,211921
35524,0.001493,172.31.46.0-255,66,98454,42,211921
35525,0.001519,172.217.194.0-255,7156,105610,42,211921
35526,0.001522,172.31.46.0-255,66,105676,42,211921
35527,0.001557,172.217.194.0-255,7156,112832,42,211921
35528,0.00156,172.31.46.0-255,66,112898,42,211921
35529,0.001576,172.217.194.0-255,3602,116500,42,211921
35530,0.001578,172.31.46.0-255,66,116566,42,211921
35531,0.001902,172.217.194.0-255,1484,118050,42,211921
35532,0.001909,172.217.194.0-255,2902,120952,42,211921
35533,0.001912,172.31.46.0-255,66,121018,42,211921
35534,0.001919,172.217.194.0-255,4320,125338,42,211921
35535,0.001921,172.31.46.0-255,66,125404,42,211921
35536,0.001942,172.217.194.0-255,1484,126888,42,211921
35537,0.001956,172.31.46.0-255,66,126954,42,211921
35538,0.001993,172.217.194.0-255,4320,131274,42,211921
35539,0.001996,172.31.46.0-255,66,131340,42,211921
35540,0.00202,172.217.194.0-255,6438,137778,42,211921
35541,0.002022,172.31.46.0-255,66,137844,42,211921
35542,0.002158,172.217.194.0-255,1484,139328,42,211921
35543,0.002163,172.217.194.0-255,1484,140812,42,211921
35544,0.002165,172.31.46.0-255,66,140878,42,211921
35545,0.002179,172.217.194.0-255,1484,142362,42,211921
35546,0.002184,172.217.194.0-255,4320,146682,42,211921
35547,0.002186,172.31.46.0-255,66,146748,42,211921
35548,0.002209,172.217.194.0-255,1484,148232,42,211921
35549,0.002215,172.217.194.0-255,5738,153970,42,211921
35550,0.002218,172.31.46.0-255,66,154036,42,211921
35551,0.002223,172.217.194.0-255,4320,158356,42,211921
35552,0.002225,172.31.46.0-255,66,158422,42,211921
35553,0.002251,172.217.194.0-255,7156,165578,42,211921
35554,0.002253,172.31.46.0-255,66,165644,42,211921
35555,0.002266,172.217.194.0-255,1484,167128,42,211921
35556,0.002271,172.217.194.0-255,5020,172148,42,211921
35557,0.002274,172.31.46.0-255,66,172214,42,211921
35558,0.004557,172.217.194.0-255,5738,177952,42,211921
35559,0.004567,172.31.46.0-255,66,178018,42,211921
35560,0.006847,172.217.194.0-255,4320,182338,42,211921
35561,0.006851,172.31.46.0-255,66,182404,42,211921
35562,0.006869,172.217.194.0-255,1484,183888,42,211921
35563,0.009155,172.217.194.0-255,4320,188208,42,211921
35564,0.009164,172.31.46.0-255,66,188274,42,211921
35565,0.011444,172.217.194.0-255,5738,194012,42,211921
35566,0.011456,172.31.46.0-255,66,194078,42,211921
35567,0.013802,172.217.194.0-255,5738,199816,42,211921
35568,0.013818,172.31.46.0-255,66,199882,42,211921
35569,0.015451,172.31.46.0-255,101,199983,42,211921
35570,0.016099,172.217.194.0-255,2902,202885,42,211921
35571,0.016109,172.31.46.0-255,66,202951,42,211921
35572,0.016134,172.217.194.0-255,2902,205853,42,211921
35573,0.016138,172.31.46.0-255,66,205919,42,211921
35574,0.017701,172.217.194.0-255,66,205985,42,211921
35575,0.018398,172.217.194.0-255,2902,208887,42,211921
35576,0.018407,172.31.46.0-255,66,208953,42,211921
35577,0.01843,172.217.194.0-255,2902,211855,42,211921
35578,0.018432,172.31.46.0-255,66,211921,42,211921
35579,0.0,74.125.68.0-255,153,153,42,114667
35580,2.2e-05,172.31.46.0-255,66,219,42,114667
35581,2.9e-05,74.125.68.0-255,1484,1703,42,114667
35582,3.4e-05,172.31.46.0-255,66,1769,42,114667
35583,4.7e-05,74.125.68.0-255,2902,4671,42,114667
35584,5e-05,172.31.46.0-255,66,4737,42,114667
35585,5.6e-05,74.125.68.0-255,4320,9057,42,114667
35586,5.9e-05,172.31.46.0-255,66,9123,42,114667
35587,6.7e-05,74.125.68.0-255,4929,14052,42,114667
35588,7e-05,172.31.46.0-255,66,14118,42,114667
35589,0.00039,74.125.68.0-255,1484,15602,42,114667
35590,0.000396,172.31.46.0-255,66,15668,42,114667
35591,0.000402,74.125.68.0-255,2902,18570,42,114667
35592,0.000404,172.31.46.0-255,66,18636,42,114667
35593,0.000416,74.125.68.0-255,4320,22956,42,114667
35594,0.000419,172.31.46.0-255,66,23022,42,114667
35595,0.000462,74.125.68.0-255,7156,30178,42,114667
35596,0.000465,172.31.46.0-255,66,30244,42,114667
35597,0.000484,74.125.68.0-255,1125,31369,42,114667
35598,0.000487,172.31.46.0-255,66,31435,42,114667
35599,0.000499,172.31.46.0-255,66,31501,42,114667
35600,0.000555,172.31.46.0-255,66,31567,42,114667
35601,0.002063,74.125.68.0-255,1484,33051,42,114667
35602,0.002073,172.31.46.0-255,66,33117,42,114667
35603,0.002083,74.125.68.0-255,1484,34601,42,114667
35604,0.002085,172.31.46.0-255,66,34667,42,114667
35605,0.002096,74.125.68.0-255,2902,37569,42,114667
35606,0.002099,172.31.46.0-255,66,37635,42,114667
35607,0.002106,74.125.68.0-255,5738,43373,42,114667
35608,0.002109,172.31.46.0-255,66,43439,42,114667
35609,0.002116,74.125.68.0-255,5738,49177,42,114667
35610,0.002119,172.31.46.0-255,66,49243,42,114667
35611,0.002147,74.125.68.0-255,286,49529,42,114667
35612,0.002181,74.125.68.0-255,1484,51013,42,114667
35613,0.002184,172.31.46.0-255,66,51079,42,114667
35614,0.002187,74.125.68.0-255,1484,52563,42,114667
35615,0.002212,74.125.68.0-255,1484,54047,42,114667
35616,0.002214,172.31.46.0-255,66,54113,42,114667
35617,0.002219,74.125.68.0-255,2902,57015,42,114667
35618,0.002221,172.31.46.0-255,66,57081,42,114667
35619,0.002251,74.125.68.0-255,2902,59983,42,114667
35620,0.002253,172.31.46.0-255,66,60049,42,114667
35621,0.002261,74.125.68.0-255,6797,66846,42,114667
35622,0.002263,172.31.46.0-255,66,66912,42,114667
35623,0.002306,172.31.46.0-255,66,66978,42,114667
35624,0.002311,74.125.68.0-255,2902,69880,42,114667
35625,0.002313,172.31.46.0-255,66,69946,42,114667
35626,0.002338,74.125.68.0-255,3961,73907,42,114667
35627,0.00234,172.31.46.0-255,66,73973,42,114667
35628,0.004628,74.125.68.0-255,1484,75457,42,114667
35629,0.004653,74.125.68.0-255,4320,79777,42,114667
35630,0.004658,172.31.46.0-255,66,79843,42,114667
35631,0.006976,74.125.68.0-255,5738,85581,42,114667
35632,0.006982,172.31.46.0-255,66,85647,42,114667
35633,0.009314,74.125.68.0-255,5738,91385,42,114667
35634,0.009328,172.31.46.0-255,66,91451,42,114667
35635,0.011674,74.125.68.0-255,5738,97189,42,114667
35636,0.011691,172.31.46.0-255,66,97255,42,114667
35637,0.014025,74.125.68.0-255,5738,102993,42,114667
35638,0.014042,172.31.46.0-255,66,103059,42,114667
35639,0.016377,74.125.68.0-255,5738,108797,42,114667
35640,0.016394,172.31.46.0-255,66,108863,42,114667
35641,0.018717,74.125.68.0-255,5738,114601,42,114667
35642,0.018727,172.31.46.0-255,66,114667,42,114667
35643,0.0,172.217.194.0-255,153,153,42,131315
35644,1.8e-05,172.31.46.0-255,66,219,42,131315
35645,2.6e-05,172.217.194.0-255,1484,1703,42,131315
35646,3.1e-05,172.31.46.0-255,66,1769,42,131315
35647,3.6e-05,172.217.194.0-255,2902,4671,42,131315
35648,3.9e-05,172.31.46.0-255,66,4737,42,131315
35649,8.2e-05,172.217.194.0-255,4320,9057,42,131315
35650,8.5e-05,172.31.46.0-255,66,9123,42,131315
35651,8.9e-05,172.217.194.0-255,2902,12025,42,131315
35652,9.1e-05,172.31.46.0-255,66,12091,42,131315
35653,0.000139,172.217.194.0-255,2115,14206,42,131315
35654,0.000142,172.31.46.0-255,66,14272,42,131315
35655,0.000386,172.217.194.0-255,1484,15756,42,131315
35656,0.000391,172.31.46.0-255,66,15822,42,131315
35657,0.000398,172.217.194.0-255,2902,18724,42,131315
35658,0.0004,172.31.46.0-255,66,18790,42,131315
35659,0.00041,172.217.194.0-255,4320,23110,42,131315
35660,0.000412,172.31.46.0-255,66,23176,42,131315
35661,0.000443,172.217.194.0-255,2902,26078,42,131315
35662,0.000445,172.31.46.0-255,66,26144,42,131315
35663,0.000472,172.217.194.0-255,5379,31523,42,131315
35664,0.000475,172.31.46.0-255,66,31589,42,131315
35665,0.000568,172.217.194.0-255,1484,33073,42,131315
35666,0.000571,172.31.46.0-255,66,33139,42,131315
35667,0.000598,172.217.194.0-255,1484,34623,42,131315
35668,0.000601,172.31.46.0-255,66,34689,42,131315
35669,0.000605,172.217.194.0-255,2902,37591,42,131315
35670,0.000607,172.31.46.0-255,66,37657,42,131315
35671,0.000612,172.217.194.0-255,2902,40559,42,131315
35672,0.000614,172.31.46.0-255,66,40625,42,131315
35673,0.000641,172.217.194.0-255,2902,43527,42,131315
35674,0.000643,172.31.46.0-255,66,43593,42,131315
35675,0.000663,172.217.194.0-255,5379,48972,42,131315
35676,0.000667,172.31.46.0-255,66,49038,42,131315
35677,0.000714,172.217.194.0-255,1484,50522,42,131315
35678,0.00072,172.217.194.0-255,2902,53424,42,131315
35679,0.000723,172.31.46.0-255,66,53490,42,131315
35680,0.000753,172.217.194.0-255,4320,57810,42,131315
35681,0.000759,172.217.194.0-255,4320,62130,42,131315
35682,0.00077,172.217.194.0-255,1484,63614,42,131315
35683,0.000773,172.31.46.0-255,66,63680,42,131315
35684,0.000816,172.217.194.0-255,2543,66223,42,131315
35685,0.000834,172.31.46.0-255,66,66289,42,131315
35686,0.001524,172.217.194.0-255,646,66935,42,131315
35687,0.001788,172.217.194.0-255,1484,68419,42,131315
35688,0.001794,172.31.46.0-255,66,68485,42,131315
35689,0.001801,172.217.194.0-255,2902,71387,42,131315
35690,0.001803,172.31.46.0-255,66,71453,42,131315
35691,0.001813,172.217.194.0-255,2902,74355,42,131315
35692,0.001815,172.31.46.0-255,66,74421,42,131315
35693,0.001841,172.217.194.0-255,2902,77323,42,131315
35694,0.001847,172.31.46.0-255,66,77389,42,131315
35695,0.001855,172.217.194.0-255,7156,84545,42,131315
35696,0.001857,172.31.46.0-255,66,84611,42,131315
35697,0.001868,172.31.46.0-255,66,84677,42,131315
35698,0.001902,172.217.194.0-255,4320,88997,42,131315
35699,0.001904,172.31.46.0-255,66,89063,42,131315
35700,0.001908,172.217.194.0-255,2184,91247,42,131315
35701,0.00191,172.31.46.0-255,66,91313,42,131315
35702,0.004216,172.217.194.0-255,1484,92797,42,131315
35703,0.004233,172.217.194.0-255,1484,94281,42,131315
35704,0.004237,172.31.46.0-255,66,94347,42,131315
35705,0.004291,172.217.194.0-255,2902,97249,42,131315
35706,0.004294,172.31.46.0-255,66,97315,42,131315
35707,0.006558,172.217.194.0-255,2902,100217,42,131315
35708,0.006565,172.31.46.0-255,66,100283,42,131315
35709,0.006644,172.217.194.0-255,2902,103185,42,131315
35710,0.006648,172.31.46.0-255,66,103251,42,131315
35711,0.008918,172.217.194.0-255,2902,106153,42,131315
35712,0.008925,172.31.46.0-255,66,106219,42,131315
35713,0.008949,172.217.194.0-255,1484,107703,42,131315
35714,0.008974,172.217.194.0-255,1484,109187,42,131315
35715,0.008976,172.31.46.0-255,66,109253,42,131315
35716,0.011257,172.217.194.0-255,2902,112155,42,131315
35717,0.011265,172.31.46.0-255,66,112221,42,131315
35718,0.011297,172.217.194.0-255,1484,113705,42,131315
35719,0.011314,172.217.194.0-255,1484,115189,42,131315
35720,0.011317,172.31.46.0-255,66,115255,42,131315
35721,0.013633,172.217.194.0-255,5738,120993,42,131315
35722,0.013641,172.31.46.0-255,66,121059,42,131315
35723,0.016027,172.217.194.0-255,4320,125379,42,131315
35724,0.016036,172.31.46.0-255,66,125445,42,131315
35725,0.016063,172.217.194.0-255,1484,126929,42,131315
35726,0.018419,172.217.194.0-255,4320,131249,42,131315
35727,0.018429,172.31.46.0-255,66,131315,42,131315
35728,0.0,172.217.194.0-255,150,150,42,227889
35729,2.3e-05,172.31.46.0-255,66,216,42,227889
35730,3.1e-05,172.217.194.0-255,1484,1700,42,227889
35731,3.6e-05,172.31.46.0-255,66,1766,42,227889
35732,4.7e-05,172.217.194.0-255,2902,4668,42,227889
35733,5.1e-05,172.31.46.0-255,66,4734,42,227889
35734,5.6e-05,172.217.194.0-255,4320,9054,42,227889
35735,6e-05,172.31.46.0-255,66,9120,42,227889
35736,0.000104,172.217.194.0-255,4883,14003,42,227889
35737,0.000108,172.31.46.0-255,66,14069,42,227889
35738,0.000114,172.217.194.0-255,5738,19807,42,227889
35739,0.000117,172.31.46.0-255,66,19873,42,227889
35740,0.00015,172.31.46.0-255,66,19939,42,227889
35741,0.000175,172.217.194.0-255,1484,21423,42,227889
35742,0.000177,172.31.46.0-255,66,21489,42,227889
35743,0.000207,172.31.46.0-255,66,21555,42,227889
35744,0.00021,172.217.194.0-255,1484,23039,42,227889
35745,0.000211,172.31.46.0-255,66,23105,42,227889
35746,0.000235,172.217.194.0-255,3961,27066,42,227889
35747,0.00024,172.31.46.0-255,66,27132,42,227889
35748,0.000243,172.217.194.0-255,1484,28616,42,227889
35749,0.000245,172.31.46.0-255,66,28682,42,227889
35750,0.000249,172.217.194.0-255,2902,31584,42,227889
35751,0.000251,172.31.46.0-255,66,31650,42,227889
35752,0.000284,172.217.194.0-255,5738,37388,42,227889
35753,0.000287,172.31.46.0-255,66,37454,42,227889
35754,0.000313,172.217.194.0-255,4320,41774,42,227889
35755,0.000315,172.31.46.0-255,66,41840,42,227889
35756,0.00033,172.217.194.0-255,2853,44693,42,227889
35757,0.000333,172.31.46.0-255,66,44759,42,227889
35758,0.000386,172.217.194.0-255,367,45126,42,227889
35759,0.00049,172.217.194.0-255,1484,46610,42,227889
35760,0.000494,172.217.194.0-255,1484,48094,42,227889
35761,0.000505,172.217.194.0-255,1484,49578,42,227889
35762,0.000527,172.217.194.0-255,5738,55316,42,227889
35763,0.000534,172.217.194.0-255,7156,62472,42,227889
35764,0.000559,172.217.194.0-255,6797,69269,42,227889
35765,0.000609,172.217.194.0-255,2902,72171,42,227889
35766,0.000613,172.217.194.0-255,4320,76491,42,227889
35767,0.000629,172.217.194.0-255,1484,77975,42,227889
35768,0.000644,172.217.194.0-255,4320,82295,42,227889
35769,0.000654,172.217.194.0-255,2902,85197,42,227889
35770,0.000659,172.217.194.0-255,4320,89517,42,227889
35771,0.000664,172.31.46.0-255,66,89583,42,227889
35772,0.000718,172.217.194.0-255,5738,95321,42,227889
35773,0.000722,172.217.194.0-255,4320,99641,42,227889
35774,0.000734,172.31.46.0-255,66,99707,42,227889
35775,0.000759,172.217.194.0-255,3602,103309,42,227889
35776,0.000776,172.31.46.0-255,66,103375,42,227889
35777,0.000803,172.217.194.0-255,4320,107695,42,227889
35778,0.000815,172.217.194.0-255,2902,110597,42,227889
35779,0.000824,172.31.46.0-255,66,110663,42,227889
35780,0.000851,172.217.194.0-255,4320,114983,42,227889
35781,0.000863,172.217.194.0-255,2184,117167,42,227889
35782,0.000869,172.31.46.0-255,66,117233,42,227889
35783,0.000896,172.217.194.0-255,7156,124389,42,227889
35784,0.00091,172.31.46.0-255,66,124455,42,227889
35785,0.000934,172.217.194.0-255,5738,130193,42,227889
35786,0.000936,172.217.194.0-255,1484,131677,42,227889
35787,0.000947,172.31.46.0-255,66,131743,42,227889
35788,0.000959,172.217.194.0-255,5738,137481,42,227889
35789,0.000975,172.217.194.0-255,3602,141083,42,227889
35790,0.000988,172.31.46.0-255,66,141149,42,227889
35791,0.001087,172.217.194.0-255,1484,142633,42,227889
35792,0.001091,172.217.194.0-255,1484,144117,42,227889
35793,0.001097,172.31.46.0-255,66,144183,42,227889
35794,0.001104,172.217.194.0-255,1484,145667,42,227889
35795,0.001114,172.217.194.0-255,5738,151405,42,227889
35796,0.001132,172.217.194.0-255,7156,158561,42,227889
35797,0.001159,172.217.194.0-255,5738,164299,42,227889
35798,0.001175,172.31.46.0-255,66,164365,42,227889
35799,0.001184,172.217.194.0-255,2184,166549,42,227889
35800,0.001193,172.31.46.0-255,66,166615,42,227889
35801,0.001203,172.217.194.0-255,1484,168099,42,227889
35802,0.001225,172.217.194.0-255,2902,171001,42,227889
35803,0.001231,172.217.194.0-255,5738,176739,42,227889
35804,0.001242,172.31.46.0-255,66,176805,42,227889
35805,0.001278,172.217.194.0-255,4320,181125,42,227889
35806,0.00129,172.31.46.0-255,66,181191,42,227889
35807,0.001329,172.31.46.0-255,66,181257,42,227889
35808,0.001353,172.217.194.0-255,1484,182741,42,227889
35809,0.001359,172.217.194.0-255,2902,185643,42,227889
35810,0.001375,172.217.194.0-255,4320,189963,42,227889
35811,0.001385,172.31.46.0-255,66,190029,42,227889
35812,0.001392,172.217.194.0-255,1484,191513,42,227889
35813,0.001396,172.217.194.0-255,2902,194415,42,227889
35814,0.001401,172.31.46.0-255,66,194481,42,227889
35815,0.001467,172.217.194.0-255,7156,201637,42,227889
35816,0.001472,172.31.46.0-255,66,201703,42,227889
35817,0.001483,172.217.194.0-255,5738,207441,42,227889
35818,0.001485,172.217.194.0-255,1484,208925,42,227889
35819,0.001494,172.31.46.0-255,66,208991,42,227889
35820,0.001532,172.217.194.0-255,4320,213311,42,227889
35821,0.001543,172.31.46.0-255,66,213377,42,227889
35822,0.001549,172.217.194.0-255,6438,219815,42,227889
35823,0.001554,172.31.46.0-255,66,219881,42,227889
35824,0.001577,172.217.194.0-255,4320,224201,42,227889
35825,0.001602,172.217.194.0-255,3346,227547,42,227889
35826,0.001604,172.217.194.0-255,105,227652,42,227889
35827,0.001618,172.31.46.0-255,66,227718,42,227889
35828,0.008362,172.31.46.0-255,105,227823,42,227889
35829,0.01062,172.217.194.0-255,66,227889,42,227889
35830,0.0,74.125.24.0-255,152,152,42,201390
35831,1.2e-05,172.31.46.0-255,66,218,42,201390
35832,3e-05,74.125.24.0-255,1484,1702,42,201390
35833,3.5e-05,172.31.46.0-255,66,1768,42,201390
35834,9.6e-05,74.125.24.0-255,2902,4670,42,201390
35835,0.000101,172.31.46.0-255,66,4736,42,201390
35836,0.000109,74.125.24.0-255,7156,11892,42,201390
35837,0.000112,172.31.46.0-255,66,11958,42,201390
35838,0.000126,172.31.46.0-255,66,12024,42,201390
35839,0.000134,74.125.24.0-255,6797,18821,42,201390
35840,0.000137,172.31.46.0-255,66,18887,42,201390
35841,0.000175,74.125.24.0-255,2902,21789,42,201390
35842,0.000178,172.31.46.0-255,66,21855,42,201390
35843,0.000196,74.125.24.0-255,4320,26175,42,201390
35844,0.000199,172.31.46.0-255,66,26241,42,201390
35845,0.000209,172.31.46.0-255,66,26307,42,201390
35846,0.000212,74.125.24.0-255,1125,27432,42,201390
35847,0.000215,172.31.46.0-255,66,27498,42,201390
35848,0.00068,74.125.24.0-255,1484,28982,42,201390
35849,0.000687,172.31.46.0-255,66,29048,42,201390
35850,0.000693,74.125.24.0-255,2902,31950,42,201390
35851,0.000696,172.31.46.0-255,66,32016,42,201390
35852,0.0007,74.125.24.0-255,2902,34918,42,201390
35853,0.000702,172.31.46.0-255,66,34984,42,201390
35854,0.000729,74.125.24.0-255,2902,37886,42,201390
35855,0.000733,172.31.46.0-255,66,37952,42,201390
35856,0.000737,74.125.24.0-255,2902,40854,42,201390
35857,0.000739,172.31.46.0-255,66,40920,42,201390
35858,0.00076,74.125.24.0-255,3961,44881,42,201390
35859,0.000763,172.31.46.0-255,66,44947,42,201390
35860,0.000833,74.125.24.0-255,1484,46431,42,201390
35861,0.000851,74.125.24.0-255,2902,49333,42,201390
35862,0.000854,172.31.46.0-255,66,49399,42,201390
35863,0.000862,74.125.24.0-255,5738,55137,42,201390
35864,0.000897,172.31.46.0-255,66,55203,42,201390
35865,0.000906,74.125.24.0-255,4320,59523,42,201390
35866,0.000911,172.31.46.0-255,66,59589,42,201390
35867,0.000925,74.125.24.0-255,1125,60714,42,201390
35868,0.00093,74.125.24.0-255,4320,65034,42,201390
35869,0.00095,172.31.46.0-255,66,65100,42,201390
35870,0.000968,74.125.24.0-255,5379,70479,42,201390
35871,0.000975,74.125.24.0-255,5738,76217,42,201390
35872,0.000985,74.125.24.0-255,1484,77701,42,201390
35873,0.001002,74.125.24.0-255,7156,84857,42,201390
35874,0.001014,172.31.46.0-255,66,84923,42,201390
35875,0.001046,74.125.24.0-255,7156,92079,42,201390
35876,0.001051,172.31.46.0-255,66,92145,42,201390
35877,0.001077,74.125.24.0-255,6683,98828,42,201390
35878,0.001091,172.31.46.0-255,66,98894,42,201390
35879,0.001122,74.125.24.0-255,5502,104396,42,201390
35880,0.001164,74.125.24.0-255,1484,105880,42,201390
35881,0.001178,74.125.24.0-255,2902,108782,42,201390
35882,0.001184,74.125.24.0-255,5738,114520,42,201390
35883,0.001191,172.31.46.0-255,66,114586,42,201390
35884,0.001215,74.125.24.0-255,7156,121742,42,201390
35885,0.001231,172.31.46.0-255,66,121808,42,201390
35886,0.001251,172.31.46.0-255,66,121874,42,201390
35887,0.001261,74.125.24.0-255,4320,126194,42,201390
35888,0.001265,74.125.24.0-255,2184,128378,42,201390
35889,0.001291,172.31.46.0-255,66,128444,42,201390
35890,0.001601,74.125.24.0-255,1484,129928,42,201390
35891,0.001621,74.125.24.0-255,2902,132830,42,201390
35892,0.001625,172.31.46.0-255,66,132896,42,201390
35893,0.001629,74.125.24.0-255,1484,134380,42,201390
35894,0.001655,74.125.24.0-255,4320,138700,42,201390
35895,0.00166,74.125.24.0-255,4320,143020,42,201390
35896,0.001707,172.31.46.0-255,66,143086,42,201390
35897,0.001971,74.125.24.0-255,1484,144570,42,201390
35898,0.001987,74.125.24.0-255,2902,147472,42,201390
35899,0.00199,172.31.46.0-255,66,147538,42,201390
35900,0.001996,74.125.24.0-255,5738,153276,42,201390
35901,0.002011,172.31.46.0-255,66,153342,42,201390
35902,0.002019,74.125.24.0-255,4320,157662,42,201390
35903,0.002023,172.31.46.0-255,66,157728,42,201390
35904,0.00205,172.31.46.0-255,66,157794,42,201390
35905,0.002096,74.125.24.0-255,2902,160696,42,201390
35906,0.00212,172.31.46.0-255,66,160762,42,201390
35907,0.004197,74.125.24.0-255,5738,166500,42,201390
35908,0.004203,172.31.46.0-255,66,166566,42,201390
35909,0.006253,74.125.24.0-255,5738,172304,42,201390
35910,0.008076,172.31.46.0-255,66,172370,42,201390
35911,0.010142,74.125.24.0-255,5738,178108,42,201390
35912,0.010149,172.31.46.0-255,66,178174,42,201390
35913,0.012243,74.125.24.0-255,5738,183912,42,201390
35914,0.01225,172.31.46.0-255,66,183978,42,201390
35915,0.01433,74.125.24.0-255,5738,189716,42,201390
35916,0.01434,172.31.46.0-255,66,189782,42,201390
35917,0.016381,74.125.24.0-255,5738,195520,42,201390
35918,0.016388,172.31.46.0-255,66,195586,42,201390
35919,0.018432,74.125.24.0-255,5738,201324,42,201390
35920,0.018441,172.31.46.0-255,66,201390,42,201390
35921,0.0,74.125.68.0-255,146,146,42,280994
35922,2.3e-05,172.31.46.0-255,66,212,42,280994
35923,3e-05,74.125.68.0-255,1484,1696,42,280994
35924,3.4e-05,172.31.46.0-255,66,1762,42,280994
35925,6e-05,74.125.68.0-255,1484,3246,42,280994
35926,6.2e-05,172.31.46.0-255,66,3312,42,280994
35927,7.3e-05,74.125.68.0-255,2902,6214,42,280994
35928,7.6e-05,172.31.46.0-255,66,6280,42,280994
35929,8.5e-05,74.125.68.0-255,5738,12018,42,280994
35930,8.8e-05,172.31.46.0-255,66,12084,42,280994
35931,0.000119,74.125.68.0-255,2090,14174,42,280994
35932,0.000122,172.31.46.0-255,66,14240,42,280994
35933,0.000145,74.125.68.0-255,1484,15724,42,280994
35934,0.000148,172.31.46.0-255,66,15790,42,280994
35935,0.000192,74.125.68.0-255,1484,17274,42,280994
35936,0.000194,172.31.46.0-255,66,17340,42,280994
35937,0.000218,74.125.68.0-255,2902,20242,42,280994
35938,0.000221,172.31.46.0-255,66,20308,42,280994
35939,0.000226,74.125.68.0-255,2902,23210,42,280994
35940,0.000229,172.31.46.0-255,66,23276,42,280994
35941,0.000249,74.125.68.0-255,2902,26178,42,280994
35942,0.000251,172.31.46.0-255,66,26244,42,280994
35943,0.000261,74.125.68.0-255,2902,29146,42,280994
35944,0.000263,172.31.46.0-255,66,29212,42,280994
35945,0.000297,74.125.68.0-255,2543,31755,42,280994
35946,0.0003,172.31.46.0-255,66,31821,42,280994
35947,0.000348,74.125.68.0-255,1484,33305,42,280994
35948,0.00035,172.31.46.0-255,66,33371,42,280994
35949,0.000355,74.125.68.0-255,2902,36273,42,280994
35950,0.000358,172.31.46.0-255,66,36339,42,280994
35951,0.000388,74.125.68.0-255,5738,42077,42,280994
35952,0.000391,172.31.46.0-255,66,42143,42,280994
35953,0.000397,74.125.68.0-255,4320,46463,42,280994
35954,0.0004,172.31.46.0-255,66,46529,42,280994
35955,0.000438,74.125.68.0-255,4320,50849,42,280994
35956,0.000441,172.31.46.0-255,66,50915,42,280994
35957,0.000476,172.31.46.0-255,66,50981,42,280994
35958,0.000481,74.125.68.0-255,4320,55301,42,280994
35959,0.000484,172.31.46.0-255,66,55367,42,280994
35960,0.00051,74.125.68.0-255,2543,57910,42,280994
35961,0.000512,172.31.46.0-255,66,57976,42,280994
35962,0.000868,74.125.68.0-255,413,58389,42,280994
35963,0.001054,74.125.68.0-255,1484,59873,42,280994
35964,0.00106,172.31.46.0-255,66,59939,42,280994
35965,0.001065,74.125.68.0-255,1484,61423,42,280994
35966,0.001082,74.125.68.0-255,1484,62907,42,280994
35967,0.001085,172.31.46.0-255,66,62973,42,280994
35968,0.001092,74.125.68.0-255,5738,68711,42,280994
35969,0.001095,172.31.46.0-255,66,68777,42,280994
35970,0.001111,74.125.68.0-255,7156,75933,42,280994
35971,0.001113,172.31.46.0-255,66,75999,42,280994
35972,0.001135,74.125.68.0-255,1484,77483,42,280994
35973,0.001153,172.31.46.0-255,66,77549,42,280994
35974,0.001157,74.125.68.0-255,2902,80451,42,280994
35975,0.001159,172.31.46.0-255,66,80517,42,280994
35976,0.001171,74.125.68.0-255,2184,82701,42,280994
35977,0.001174,172.31.46.0-255,66,82767,42,280994
35978,0.001197,74.125.68.0-255,330,83097,42,280994
35979,0.001337,74.125.68.0-255,1484,84581,42,280994
35980,0.001341,172.31.46.0-255,66,84647,42,280994
35981,0.001347,74.125.68.0-255,2902,87549,42,280994
35982,0.001349,172.31.46.0-255,66,87615,42,280994
35983,0.001387,74.125.68.0-255,5738,93353,42,280994
35984,0.00139,172.31.46.0-255,66,93419,42,280994
35985,0.001397,74.125.68.0-255,7156,100575,42,280994
35986,0.001399,172.31.46.0-255,66,100641,42,280994
35987,0.001437,172.31.46.0-255,66,100707,42,280994
35988,0.001468,74.125.68.0-255,3602,104309,42,280994
35989,0.001471,172.31.46.0-255,66,104375,42,280994
35990,0.00156,74.125.68.0-255,1484,105859,42,280994
35991,0.00158,74.125.68.0-255,2902,108761,42,280994
35992,0.001584,172.31.46.0-255,66,108827,42,280994
35993,0.001589,74.125.68.0-255,1484,110311,42,280994
35994,0.001617,74.125.68.0-255,4320,114631,42,280994
35995,0.00162,172.31.46.0-255,66,114697,42,280994
35996,0.001628,74.125.68.0-255,7156,121853,42,280994
35997,0.00163,172.31.46.0-255,66,121919,42,280994
35998,0.001638,74.125.68.0-255,1484,123403,42,280994
35999,0.001666,74.125.68.0-255,7156,130559,42,280994
36000,0.001668,172.31.46.0-255,66,130625,42,280994
36001,0.001672,74.125.68.0-255,1484,132109,42,280994
36002,0.001707,74.125.68.0-255,6438,138547,42,280994
36003,0.00171,172.31.46.0-255,66,138613,42,280994
36004,0.00182,74.125.68.0-255,1484,140097,42,280994
36005,0.001837,74.125.68.0-255,2902,142999,42,280994
36006,0.00184,172.31.46.0-255,66,143065,42,280994
36007,0.001873,74.125.68.0-255,5738,148803,42,280994
36008,0.001876,172.31.46.0-255,66,148869,42,280994
36009,0.001884,74.125.68.0-255,5738,154607,42,280994
36010,0.001886,172.31.46.0-255,66,154673,42,280994
36011,0.001936,74.125.68.0-255,4320,158993,42,280994
36012,0.001938,172.31.46.0-255,66,159059,42,280994
36013,0.001969,74.125.68.0-255,2902,161961,42,280994
36014,0.001971,172.31.46.0-255,66,162027,42,280994
36015,0.001989,172.31.46.0-255,66,162093,42,280994
36016,0.001992,74.125.68.0-255,1484,163577,42,280994
36017,0.002016,74.125.68.0-255,2902,166479,42,280994
36018,0.002018,172.31.46.0-255,66,166545,42,280994
36019,0.002024,74.125.68.0-255,5738,172283,42,280994
36020,0.002027,172.31.46.0-255,66,172349,42,280994
36021,0.002031,74.125.68.0-255,2902,175251,42,280994
36022,0.002038,172.31.46.0-255,66,175317,42,280994
36023,0.002043,74.125.68.0-255,4320,179637,42,280994
36024,0.002045,172.31.46.0-255,66,179703,42,280994
36025,0.002101,172.31.46.0-255,66,179769,42,280994
36026,0.002108,74.125.68.0-255,5738,185507,42,280994
36027,0.00211,172.31.46.0-255,66,185573,42,280994
36028,0.002118,74.125.68.0-255,6438,192011,42,280994
36029,0.002126,172.31.46.0-255,66,192077,42,280994
36030,0.002129,74.125.68.0-255,1484,193561,42,280994
36031,0.002157,74.125.68.0-255,5738,199299,42,280994
36032,0.00216,172.31.46.0-255,66,199365,42,280994
36033,0.002182,172.31.46.0-255,66,199431,42,280994
36034,0.002189,74.125.68.0-255,5738,205169,42,280994
36035,0.002191,172.31.46.0-255,66,205235,42,280994
36036,0.00222,74.125.68.0-255,5738,210973,42,280994
36037,0.002227,172.31.46.0-255,66,211039,42,280994
36038,0.002256,74.125.68.0-255,2184,213223,42,280994
36039,0.002259,172.31.46.0-255,66,213289,42,280994
36040,0.002263,74.125.68.0-255,2902,216191,42,280994
36041,0.002265,172.31.46.0-255,66,216257,42,280994
36042,0.002298,74.125.68.0-255,7156,223413,42,280994
36043,0.002301,172.31.46.0-255,66,223479,42,280994
36044,0.002306,74.125.68.0-255,2902,226381,42,280994
36045,0.002308,172.31.46.0-255,66,226447,42,280994
36046,0.002318,74.125.68.0-255,4320,230767,42,280994
36047,0.00232,172.31.46.0-255,66,230833,42,280994
36048,0.002325,74.125.68.0-255,2902,233735,42,280994
36049,0.002327,172.31.46.0-255,66,233801,42,280994
36050,0.002361,74.125.68.0-255,5738,239539,42,280994
36051,0.002364,172.31.46.0-255,66,239605,42,280994
36052,0.002368,74.125.68.0-255,1484,241089,42,280994
36053,0.00467,74.125.68.0-255,4320,245409,42,280994
36054,0.004679,172.31.46.0-255,66,245475,42,280994
36055,0.006993,74.125.68.0-255,5738,251213,42,280994
36056,0.007002,172.31.46.0-255,66,251279,42,280994
36057,0.009341,74.125.68.0-255,5738,257017,42,280994
36058,0.009349,172.31.46.0-255,66,257083,42,280994
36059,0.010877,172.31.46.0-255,101,257184,42,280994
36060,0.011655,74.125.68.0-255,2902,260086,42,280994
36061,0.011661,172.31.46.0-255,66,260152,42,280994
36062,0.011691,74.125.68.0-255,2902,263054,42,280994
36063,0.011694,172.31.46.0-255,66,263120,42,280994
36064,0.013142,74.125.68.0-255,66,263186,42,280994
36065,0.013971,74.125.68.0-255,2902,266088,42,280994
36066,0.013978,172.31.46.0-255,66,266154,42,280994
36067,0.014012,74.125.68.0-255,2902,269056,42,280994
36068,0.014015,172.31.46.0-255,66,269122,42,280994
36069,0.016272,74.125.68.0-255,2902,272024,42,280994
36070,0.016279,172.31.46.0-255,66,272090,42,280994
36071,0.01631,74.125.68.0-255,2902,274992,42,280994
36072,0.016313,172.31.46.0-255,66,275058,42,280994
36073,0.018583,74.125.68.0-255,2902,277960,42,280994
36074,0.018591,172.31.46.0-255,66,278026,42,280994
36075,0.018625,74.125.68.0-255,2902,280928,42,280994
36076,0.018628,172.31.46.0-255,66,280994,42,280994
36077,0.0,172.217.194.0-255,150,150,42,212684
36078,2.4e-05,172.31.46.0-255,66,216,42,212684
36079,3.1e-05,172.217.194.0-255,1484,1700,42,212684
36080,3.6e-05,172.31.46.0-255,66,1766,42,212684
36081,4.1e-05,172.217.194.0-255,2902,4668,42,212684
36082,5.1e-05,172.31.46.0-255,66,4734,42,212684
36083,5.7e-05,172.217.194.0-255,4320,9054,42,212684
36084,6.1e-05,172.31.46.0-255,66,9120,42,212684
36085,6.7e-05,172.217.194.0-255,4956,14076,42,212684
36086,6.9e-05,172.31.46.0-255,66,14142,42,212684
36087,0.000121,172.31.46.0-255,66,14208,42,212684
36088,0.000127,172.217.194.0-255,5379,19587,42,212684
36089,0.000129,172.31.46.0-255,66,19653,42,212684
36090,0.000163,172.217.194.0-255,1484,21137,42,212684
36091,0.000165,172.31.46.0-255,66,21203,42,212684
36092,0.000169,172.217.194.0-255,2902,24105,42,212684
36093,0.000171,172.31.46.0-255,66,24171,42,212684
36094,0.000175,172.217.194.0-255,2902,27073,42,212684
36095,0.000182,172.31.46.0-255,66,27139,42,212684
36096,0.000211,172.217.194.0-255,2902,30041,42,212684
36097,0.000213,172.31.46.0-255,66,30107,42,212684
36098,0.000225,172.31.46.0-255,66,30173,42,212684
36099,0.000261,172.217.194.0-255,4320,34493,42,212684
36100,0.000265,172.31.46.0-255,66,34559,42,212684
36101,0.000303,172.31.46.0-255,66,34625,42,212684
36102,0.000305,172.217.194.0-255,118,34743,42,212684
36103,0.000307,172.31.46.0-255,66,34809,42,212684
36104,0.000362,172.217.194.0-255,1484,36293,42,212684
36105,0.000364,172.31.46.0-255,66,36359,42,212684
36106,0.000369,172.217.194.0-255,2902,39261,42,212684
36107,0.000394,172.217.194.0-255,5738,44999,42,212684
36108,0.000419,172.217.194.0-255,7156,52155,42,212684
36109,0.000423,172.217.194.0-255,2902,55057,42,212684
36110,0.000434,172.217.194.0-255,2902,57959,42,212684
36111,0.00045,172.217.194.0-255,7156,65115,42,212684
36112,0.000468,172.217.194.0-255,1484,66599,42,212684
36113,0.000473,172.217.194.0-255,2184,68783,42,212684
36114,0.000611,172.31.46.0-255,66,68849,42,212684
36115,0.000666,172.217.194.0-255,1484,70333,42,212684
36116,0.00068,172.217.194.0-255,2902,73235,42,212684
36117,0.000697,172.217.194.0-255,4320,77555,42,212684
36118,0.000706,172.31.46.0-255,66,77621,42,212684
36119,0.000709,172.217.194.0-255,1484,79105,42,212684
36120,0.000714,172.31.46.0-255,66,79171,42,212684
36121,0.000752,172.217.194.0-255,1484,80655,42,212684
36122,0.000803,172.217.194.0-255,1484,82139,42,212684
36123,0.000819,172.31.46.0-255,66,82205,42,212684
36124,0.00086,172.217.194.0-255,5738,87943,42,212684
36125,0.000899,172.31.46.0-255,66,88009,42,212684
36126,0.000924,172.217.194.0-255,1484,89493,42,212684
36127,0.001165,172.31.46.0-255,66,89559,42,212684
36128,0.001341,172.217.194.0-255,1484,91043,42,212684
36129,0.001349,172.217.194.0-255,2902,93945,42,212684
36130,0.001351,172.217.194.0-255,1484,95429,42,212684
36131,0.001368,172.31.46.0-255,66,95495,42,212684
36132,0.001374,172.217.194.0-255,4320,99815,42,212684
36133,0.001379,172.31.46.0-255,66,99881,42,212684
36134,0.001424,172.31.46.0-255,66,99947,42,212684
36135,0.001436,172.217.194.0-255,4320,104267,42,212684
36136,0.001477,172.31.46.0-255,66,104333,42,212684
36137,0.001501,172.217.194.0-255,1484,105817,42,212684
36138,0.001506,172.217.194.0-255,2902,108719,42,212684
36139,0.001513,172.217.194.0-255,5738,114457,42,212684
36140,0.001524,172.31.46.0-255,66,114523,42,212684
36141,0.001542,172.217.194.0-255,7156,121679,42,212684
36142,0.001545,172.217.194.0-255,1484,123163,42,212684
36143,0.001566,172.217.194.0-255,7156,130319,42,212684
36144,0.001586,172.217.194.0-255,5738,136057,42,212684
36145,0.001591,172.217.194.0-255,2184,138241,42,212684
36146,0.001607,172.31.46.0-255,66,138307,42,212684
36147,0.001879,172.217.194.0-255,1484,139791,42,212684
36148,0.001884,172.217.194.0-255,1484,141275,42,212684
36149,0.001897,172.217.194.0-255,1484,142759,42,212684
36150,0.001903,172.217.194.0-255,5738,148497,42,212684
36151,0.001919,172.31.46.0-255,66,148563,42,212684
36152,0.001934,172.31.46.0-255,66,148629,42,212684
36153,0.001965,172.217.194.0-255,2902,151531,42,212684
36154,0.001984,172.31.46.0-255,66,151597,42,212684
36155,0.002017,172.217.194.0-255,1484,153081,42,212684
36156,0.002036,172.217.194.0-255,2902,155983,42,212684
36157,0.002041,172.31.46.0-255,66,156049,42,212684
36158,0.002068,172.217.194.0-255,5738,161787,42,212684
36159,0.002076,172.217.194.0-255,5738,167525,42,212684
36160,0.002085,172.31.46.0-255,66,167591,42,212684
36161,0.002097,172.217.194.0-255,7156,174747,42,212684
36162,0.002108,172.217.194.0-255,7156,181903,42,212684
36163,0.002153,172.31.46.0-255,66,181969,42,212684
36164,0.002172,172.217.194.0-255,3602,185571,42,212684
36165,0.002177,172.217.194.0-255,4320,189891,42,212684
36166,0.002192,172.217.194.0-255,4320,194211,42,212684
36167,0.002213,172.217.194.0-255,7156,201367,42,212684
36168,0.002223,172.31.46.0-255,66,201433,42,212684
36169,0.002262,172.217.194.0-255,4320,205753,42,212684
36170,0.002283,172.217.194.0-255,5738,211491,42,212684
36171,0.002294,172.31.46.0-255,66,211557,42,212684
36172,0.00232,172.31.46.0-255,66,211623,42,212684
36173,0.002331,172.217.194.0-255,719,212342,42,212684
36174,0.002334,172.217.194.0-255,105,212447,42,212684
36175,0.004712,172.31.46.0-255,66,212513,42,212684
36176,0.004752,172.31.46.0-255,105,212618,42,212684
36177,0.007079,172.217.194.0-255,66,212684,42,212684
36178,0.0,172.31.46.0-255,105,105,42,459
36179,0.000257,172.31.46.0-255,90,195,42,459
36180,0.000268,172.31.46.0-255,66,261,42,459
36181,0.002644,172.217.194.0-255,66,327,42,459
36182,0.002676,172.217.194.0-255,66,393,42,459
36183,0.002698,172.31.46.0-255,66,459,42,459
36184,0.0,74.125.68.0-255,150,150,42,364018
36185,2.9e-05,172.31.46.0-255,66,216,42,364018
36186,3.5e-05,74.125.68.0-255,1484,1700,42,364018
36187,4e-05,172.31.46.0-255,66,1766,42,364018
36188,4.4e-05,74.125.68.0-255,2902,4668,42,364018
36189,4.7e-05,172.31.46.0-255,66,4734,42,364018
36190,5.1e-05,74.125.68.0-255,2902,7636,42,364018
36191,5.4e-05,172.31.46.0-255,66,7702,42,364018
36192,8e-05,74.125.68.0-255,1484,9186,42,364018
36193,8.6e-05,74.125.68.0-255,4890,14076,42,364018
36194,8.5e-05,172.31.46.0-255,66,14142,42,364018
36195,8.9e-05,172.31.46.0-255,66,14208,42,364018
36196,0.000108,74.125.68.0-255,1484,15692,42,364018
36197,0.00011,172.31.46.0-255,66,15758,42,364018
36198,0.00013,74.125.68.0-255,2902,18660,42,364018
36199,0.000133,172.31.46.0-255,66,18726,42,364018
36200,0.000139,74.125.68.0-255,5738,24464,42,364018
36201,0.000141,172.31.46.0-255,66,24530,42,364018
36202,0.000168,74.125.68.0-255,5738,30268,42,364018
36203,0.000171,172.31.46.0-255,66,30334,42,364018
36204,0.000189,74.125.68.0-255,1125,31459,42,364018
36205,0.000192,172.31.46.0-255,66,31525,42,364018
36206,0.000289,74.125.68.0-255,1484,33009,42,364018
36207,0.000294,172.31.46.0-255,66,33075,42,364018
36208,0.000306,74.125.68.0-255,1484,34559,42,364018
36209,0.000308,172.31.46.0-255,66,34625,42,364018
36210,0.000321,74.125.68.0-255,2902,37527,42,364018
36211,0.000324,172.31.46.0-255,66,37593,42,364018
36212,0.000348,74.125.68.0-255,5738,43331,42,364018
36213,0.000351,172.31.46.0-255,66,43397,42,364018
36214,0.000354,74.125.68.0-255,1484,44881,42,364018
36215,0.000355,172.31.46.0-255,66,44947,42,364018
36216,0.000376,74.125.68.0-255,3961,48908,42,364018
36217,0.000378,172.31.46.0-255,66,48974,42,364018
36218,0.000384,74.125.68.0-255,5738,54712,42,364018
36219,0.000386,172.31.46.0-255,66,54778,42,364018
36220,0.000414,74.125.68.0-255,4320,59098,42,364018
36221,0.000417,172.31.46.0-255,66,59164,42,364018
36222,0.000438,74.125.68.0-255,5738,64902,42,364018
36223,0.00044,172.31.46.0-255,66,64968,42,364018
36224,0.000443,74.125.68.0-255,1125,66093,42,364018
36225,0.000539,74.125.68.0-255,646,66739,42,364018
36226,0.000542,172.31.46.0-255,66,66805,42,364018
36227,0.000563,74.125.68.0-255,1484,68289,42,364018
36228,0.000588,74.125.68.0-255,4320,72609,42,364018
36229,0.000591,172.31.46.0-255,66,72675,42,364018
36230,0.000632,74.125.68.0-255,5738,78413,42,364018
36231,0.000635,172.31.46.0-255,66,78479,42,364018
36232,0.00065,74.125.68.0-255,2902,81381,42,364018
36233,0.000652,172.31.46.0-255,66,81447,42,364018
36234,0.000654,74.125.68.0-255,1484,82931,42,364018
36235,0.000678,74.125.68.0-255,3961,86892,42,364018
36236,0.000681,172.31.46.0-255,66,86958,42,364018
36237,0.000682,74.125.68.0-255,5738,92696,42,364018
36238,0.000685,172.31.46.0-255,66,92762,42,364018
36239,0.000711,74.125.68.0-255,2902,95664,42,364018
36240,0.000714,172.31.46.0-255,66,95730,42,364018
36241,0.000726,74.125.68.0-255,5379,101109,42,364018
36242,0.000729,172.31.46.0-255,66,101175,42,364018
36243,0.000858,74.125.68.0-255,1484,102659,42,364018
36244,0.000871,74.125.68.0-255,2902,105561,42,364018
36245,0.000874,172.31.46.0-255,66,105627,42,364018
36246,0.000916,74.125.68.0-255,4320,109947,42,364018
36247,0.000919,172.31.46.0-255,66,110013,42,364018
36248,0.000955,74.125.68.0-255,5738,115751,42,364018
36249,0.000958,172.31.46.0-255,66,115817,42,364018
36250,0.000963,74.125.68.0-255,4320,120137,42,364018
36251,0.000965,172.31.46.0-255,66,120203,42,364018
36252,0.000975,74.125.68.0-255,1484,121687,42,364018
36253,0.000979,74.125.68.0-255,2902,124589,42,364018
36254,0.000981,172.31.46.0-255,66,124655,42,364018
36255,0.000998,74.125.68.0-255,4320,128975,42,364018
36256,0.001,172.31.46.0-255,66,129041,42,364018
36257,0.001014,74.125.68.0-255,4320,133361,42,364018
36258,0.001016,172.31.46.0-255,66,133427,42,364018
36259,0.001034,74.125.68.0-255,2184,135611,42,364018
36260,0.001036,172.31.46.0-255,66,135677,42,364018
36261,0.001057,74.125.68.0-255,1484,137161,42,364018
36262,0.001071,74.125.68.0-255,1484,138645,42,364018
36263,0.001074,172.31.46.0-255,66,138711,42,364018
36264,0.001106,74.125.68.0-255,4320,143031,42,364018
36265,0.001109,172.31.46.0-255,66,143097,42,364018
36266,0.001125,74.125.68.0-255,1484,144581,42,364018
36267,0.00113,74.125.68.0-255,2902,147483,42,364018
36268,0.001132,172.31.46.0-255,66,147549,42,364018
36269,0.001142,74.125.68.0-255,1484,149033,42,364018
36270,0.001155,74.125.68.0-255,4320,153353,42,364018
36271,0.001158,172.31.46.0-255,66,153419,42,364018
36272,0.001163,74.125.68.0-255,4320,157739,42,364018
36273,0.001165,172.31.46.0-255,66,157805,42,364018
36274,0.001172,74.125.68.0-255,1484,159289,42,364018
36275,0.001191,74.125.68.0-255,4320,163609,42,364018
36276,0.001193,172.31.46.0-255,66,163675,42,364018
36277,0.001209,74.125.68.0-255,1484,165159,42,364018
36278,0.001232,74.125.68.0-255,5020,170179,42,364018
36279,0.001234,172.31.46.0-255,66,170245,42,364018
36280,0.00129,74.125.68.0-255,1484,171729,42,364018
36281,0.00131,74.125.68.0-255,2902,174631,42,364018
36282,0.001317,172.31.46.0-255,66,174697,42,364018
36283,0.001359,74.125.68.0-255,1484,176181,42,364018
36284,0.001373,74.125.68.0-255,1484,177665,42,364018
36285,0.001376,172.31.46.0-255,66,177731,42,364018
36286,0.001381,74.125.68.0-255,4320,182051,42,364018
36287,0.001383,172.31.46.0-255,66,182117,42,364018
36288,0.001399,74.125.68.0-255,1484,183601,42,364018
36289,0.001421,74.125.68.0-255,7156,190757,42,364018
36290,0.001424,172.31.46.0-255,66,190823,42,364018
36291,0.001429,74.125.68.0-255,4320,195143,42,364018
36292,0.00143,172.31.46.0-255,66,195209,42,364018
36293,0.001436,74.125.68.0-255,5738,200947,42,364018
36294,0.001438,172.31.46.0-255,66,201013,42,364018
36295,0.001469,74.125.68.0-255,3602,204615,42,364018
36296,0.001472,172.31.46.0-255,66,204681,42,364018
36297,0.001744,74.125.68.0-255,1484,206165,42,364018
36298,0.001753,74.125.68.0-255,2902,209067,42,364018
36299,0.001757,172.31.46.0-255,66,209133,42,364018
36300,0.001761,74.125.68.0-255,1484,210617,42,364018
36301,0.001778,74.125.68.0-255,2902,213519,42,364018
36302,0.001781,172.31.46.0-255,66,213585,42,364018
36303,0.001801,74.125.68.0-255,2902,216487,42,364018
36304,0.001803,172.31.46.0-255,66,216553,42,364018
36305,0.001824,74.125.68.0-255,2902,219455,42,364018
36306,0.001826,172.31.46.0-255,66,219521,42,364018
36307,0.001831,74.125.68.0-255,2902,222423,42,364018
36308,0.001833,172.31.46.0-255,66,222489,42,364018
36309,0.001839,74.125.68.0-255,4320,226809,42,364018
36310,0.00184,172.31.46.0-255,66,226875,42,364018
36311,0.001864,74.125.68.0-255,5738,232613,42,364018
36312,0.001867,172.31.46.0-255,66,232679,42,364018
36313,0.001889,74.125.68.0-255,2902,235581,42,364018
36314,0.001892,172.31.46.0-255,66,235647,42,364018
36315,0.001896,74.125.68.0-255,3602,239249,42,364018
36316,0.001898,172.31.46.0-255,66,239315,42,364018
36317,0.001974,74.125.68.0-255,1484,240799,42,364018
36318,0.001998,74.125.68.0-255,2902,243701,42,364018
36319,0.002002,172.31.46.0-255,66,243767,42,364018
36320,0.002008,74.125.68.0-255,5738,249505,42,364018
36321,0.00201,172.31.46.0-255,66,249571,42,364018
36322,0.00203,74.125.68.0-255,2902,252473,42,364018
36323,0.002033,172.31.46.0-255,66,252539,42,364018
36324,0.002051,74.125.68.0-255,2902,255441,42,364018
36325,0.002054,172.31.46.0-255,66,255507,42,364018
36326,0.002061,74.125.68.0-255,7156,262663,42,364018
36327,0.002063,172.31.46.0-255,66,262729,42,364018
36328,0.00209,172.31.46.0-255,66,262795,42,364018
36329,0.002141,74.125.68.0-255,1484,264279,42,364018
36330,0.002146,74.125.68.0-255,2902,267181,42,364018
36331,0.002149,172.31.46.0-255,66,267247,42,364018
36332,0.002154,74.125.68.0-255,5738,272985,42,364018
36333,0.002155,172.31.46.0-255,66,273051,42,364018
36334,0.002167,74.125.68.0-255,2902,275953,42,364018
36335,0.00217,172.31.46.0-255,66,276019,42,364018
36336,0.002188,74.125.68.0-255,4320,280339,42,364018
36337,0.002191,172.31.46.0-255,66,280405,42,364018
36338,0.002196,74.125.68.0-255,5738,286143,42,364018
36339,0.002198,172.31.46.0-255,66,286209,42,364018
36340,0.002217,74.125.68.0-255,2902,289111,42,364018
36341,0.002219,172.31.46.0-255,66,289177,42,364018
36342,0.002227,172.31.46.0-255,66,289243,42,364018
36343,0.002272,172.31.46.0-255,66,289309,42,364018
36344,0.002276,74.125.68.0-255,4320,293629,42,364018
36345,0.002278,172.31.46.0-255,66,293695,42,364018
36346,0.002291,74.125.68.0-255,2902,296597,42,364018
36347,0.002293,172.31.46.0-255,66,296663,42,364018
36348,0.002302,172.31.46.0-255,66,296729,42,364018
36349,0.002328,74.125.68.0-255,7156,303885,42,364018
36350,0.002331,172.31.46.0-255,66,303951,42,364018
36351,0.002348,74.125.68.0-255,2184,306135,42,364018
36352,0.00235,172.31.46.0-255,66,306201,42,364018
36353,0.002374,74.125.68.0-255,1484,307685,42,364018
36354,0.002387,74.125.68.0-255,2902,310587,42,364018
36355,0.002389,172.31.46.0-255,66,310653,42,364018
36356,0.002407,74.125.68.0-255,2902,313555,42,364018
36357,0.002408,172.31.46.0-255,66,313621,42,364018
36358,0.002428,74.125.68.0-255,2902,316523,42,364018
36359,0.00243,172.31.46.0-255,66,316589,42,364018
36360,0.002434,74.125.68.0-255,5738,322327,42,364018
36361,0.002436,172.31.46.0-255,66,322393,42,364018
36362,0.002454,74.125.68.0-255,5738,328131,42,364018
36363,0.002457,172.31.46.0-255,66,328197,42,364018
36364,0.002481,74.125.68.0-255,1484,329681,42,364018
36365,0.002486,74.125.68.0-255,5738,335419,42,364018
36366,0.00249,172.31.46.0-255,66,335485,42,364018
36367,0.002526,74.125.68.0-255,4320,339805,42,364018
36368,0.00253,172.31.46.0-255,66,339871,42,364018
36369,0.002545,74.125.68.0-255,2184,342055,42,364018
36370,0.002547,172.31.46.0-255,66,342121,42,364018
36371,0.002553,74.125.68.0-255,5738,347859,42,364018
36372,0.002555,172.31.46.0-255,66,347925,42,364018
36373,0.005091,74.125.68.0-255,5738,353663,42,364018
36374,0.005095,172.31.46.0-255,66,353729,42,364018
36375,0.007621,74.125.68.0-255,5738,359467,42,364018
36376,0.007627,172.31.46.0-255,66,359533,42,364018
36377,0.010158,74.125.68.0-255,4248,363781,42,364018
36378,0.010166,172.31.46.0-255,66,363847,42,364018
36379,0.010331,172.31.46.0-255,105,363952,42,364018
36380,0.012825,74.125.68.0-255,66,364018,42,364018
36381,0.0,172.217.194.0-255,148,148,42,97210
36382,2.2e-05,172.31.46.0-255,66,214,42,97210
36383,2.8e-05,172.217.194.0-255,1484,1698,42,97210
36384,3.2e-05,172.31.46.0-255,66,1764,42,97210
36385,3.7e-05,172.217.194.0-255,2902,4666,42,97210
36386,4.7e-05,172.31.46.0-255,66,4732,42,97210
36387,5.5e-05,172.217.194.0-255,7156,11888,42,97210
36388,5.8e-05,172.31.46.0-255,66,11954,42,97210
36389,8.6e-05,172.217.194.0-255,1484,13438,42,97210
36390,8.9e-05,172.31.46.0-255,66,13504,42,97210
36391,0.000115,172.217.194.0-255,594,14098,42,97210
36392,0.000118,172.31.46.0-255,66,14164,42,97210
36393,0.000543,172.217.194.0-255,1484,15648,42,97210
36394,0.000548,172.31.46.0-255,66,15714,42,97210
36395,0.000571,172.217.194.0-255,2902,18616,42,97210
36396,0.000574,172.31.46.0-255,66,18682,42,97210
36397,0.000601,172.217.194.0-255,4320,23002,42,97210
36398,0.000604,172.31.46.0-255,66,23068,42,97210
36399,0.000636,172.31.46.0-255,66,23134,42,97210
36400,0.000646,172.31.46.0-255,66,23200,42,97210
36401,0.000694,172.31.46.0-255,66,23266,42,97210
36402,0.000718,172.217.194.0-255,1484,24750,42,97210
36403,0.00072,172.31.46.0-255,66,24816,42,97210
36404,0.000723,172.217.194.0-255,766,25582,42,97210
36405,0.000725,172.31.46.0-255,66,25648,42,97210
36406,0.000727,172.217.194.0-255,340,25988,42,97210
36407,0.000729,172.31.46.0-255,66,26054,42,97210
36408,0.000757,172.217.194.0-255,118,26172,42,97210
36409,0.00076,172.31.46.0-255,66,26238,42,97210
36410,0.001089,172.217.194.0-255,383,26621,42,97210
36411,0.001683,172.217.194.0-255,1484,28105,42,97210
36412,0.00169,172.31.46.0-255,66,28171,42,97210
36413,0.001697,172.217.194.0-255,2902,31073,42,97210
36414,0.001699,172.31.46.0-255,66,31139,42,97210
36415,0.001729,172.217.194.0-255,5738,36877,42,97210
36416,0.001733,172.31.46.0-255,66,36943,42,97210
36417,0.001756,172.217.194.0-255,4320,41263,42,97210
36418,0.001759,172.31.46.0-255,66,41329,42,97210
36419,0.001787,172.217.194.0-255,5738,47067,42,97210
36420,0.00179,172.31.46.0-255,66,47133,42,97210
36421,0.001807,172.31.46.0-255,66,47199,42,97210
36422,0.001811,172.217.194.0-255,2184,49383,42,97210
36423,0.001813,172.31.46.0-255,66,49449,42,97210
36424,0.002213,172.217.194.0-255,1484,50933,42,97210
36425,0.002234,172.217.194.0-255,2902,53835,42,97210
36426,0.002237,172.31.46.0-255,66,53901,42,97210
36427,0.002244,172.217.194.0-255,5738,59639,42,97210
36428,0.002246,172.31.46.0-255,66,59705,42,97210
36429,0.002284,172.31.46.0-255,66,59771,42,97210
36430,0.002301,172.31.46.0-255,66,59837,42,97210
36431,0.002329,172.217.194.0-255,2184,62021,42,97210
36432,0.002331,172.31.46.0-255,66,62087,42,97210
36433,0.004894,172.217.194.0-255,2902,64989,42,97210
36434,0.004901,172.31.46.0-255,66,65055,42,97210
36435,0.004921,172.217.194.0-255,2902,67957,42,97210
36436,0.004924,172.31.46.0-255,66,68023,42,97210
36437,0.005037,172.31.46.0-255,101,68124,42,97210
36438,0.00751,172.217.194.0-255,5738,73862,42,97210
36439,0.007516,172.31.46.0-255,66,73928,42,97210
36440,0.007594,172.217.194.0-255,66,73994,42,97210
36441,0.010111,172.217.194.0-255,5738,79732,42,97210
36442,0.010118,172.31.46.0-255,66,79798,42,97210
36443,0.012747,172.217.194.0-255,5738,85536,42,97210
36444,0.012755,172.31.46.0-255,66,85602,42,97210
36445,0.015363,172.217.194.0-255,5738,91340,42,97210
36446,0.015369,172.31.46.0-255,66,91406,42,97210
36447,0.01797,172.217.194.0-255,5738,97144,42,97210
36448,0.017984,172.31.46.0-255,66,97210,42,97210
36449,0.0,74.125.24.0-255,153,153,42,140372
36450,2.3e-05,172.31.46.0-255,66,219,42,140372
36451,3e-05,74.125.24.0-255,1484,1703,42,140372
36452,3.4e-05,172.31.46.0-255,66,1769,42,140372
36453,4e-05,74.125.24.0-255,2902,4671,42,140372
36454,4.4e-05,172.31.46.0-255,66,4737,42,140372
36455,5e-05,74.125.24.0-255,4320,9057,42,140372
36456,5.5e-05,172.31.46.0-255,66,9123,42,140372
36457,8.4e-05,74.125.24.0-255,2902,12025,42,140372
36458,8.6e-05,172.31.46.0-255,66,12091,42,140372
36459,9.1e-05,74.125.24.0-255,2003,14094,42,140372
36460,9.3e-05,172.31.46.0-255,66,14160,42,140372
36461,0.00021,74.125.24.0-255,1484,15644,42,140372
36462,0.000214,172.31.46.0-255,66,15710,42,140372
36463,0.00024,74.125.24.0-255,2902,18612,42,140372
36464,0.000242,172.31.46.0-255,66,18678,42,140372
36465,0.000274,74.125.24.0-255,5738,24416,42,140372
36466,0.000276,172.31.46.0-255,66,24482,42,140372
36467,0.000311,172.31.46.0-255,66,24548,42,140372
36468,0.000335,74.125.24.0-255,2543,27091,42,140372
36469,0.000337,172.31.46.0-255,66,27157,42,140372
36470,0.000352,172.31.46.0-255,66,27223,42,140372
36471,0.000362,172.31.46.0-255,66,27289,42,140372
36472,0.000418,172.31.46.0-255,66,27355,42,140372
36473,0.000421,74.125.24.0-255,110,27465,42,140372
36474,0.000423,172.31.46.0-255,66,27531,42,140372
36475,0.000584,74.125.24.0-255,1484,29015,42,140372
36476,0.000589,172.31.46.0-255,66,29081,42,140372
36477,0.000604,74.125.24.0-255,2902,31983,42,140372
36478,0.000607,172.31.46.0-255,66,32049,42,140372
36479,0.000613,74.125.24.0-255,5738,37787,42,140372
36480,0.000616,172.31.46.0-255,66,37853,42,140372
36481,0.00062,74.125.24.0-255,2902,40755,42,140372
36482,0.000623,172.31.46.0-255,66,40821,42,140372
36483,0.00067,172.31.46.0-255,66,40887,42,140372
36484,0.000673,172.31.46.0-255,66,40953,42,140372
36485,0.001584,74.125.24.0-255,1484,42437,42,140372
36486,0.001606,74.125.24.0-255,2902,45339,42,140372
36487,0.001611,172.31.46.0-255,66,45405,42,140372
36488,0.001619,74.125.24.0-255,4320,49725,42,140372
36489,0.001621,172.31.46.0-255,66,49791,42,140372
36490,0.001632,74.125.24.0-255,1484,51275,42,140372
36491,0.001636,74.125.24.0-255,1484,52759,42,140372
36492,0.001638,172.31.46.0-255,66,52825,42,140372
36493,0.001651,172.31.46.0-255,66,52891,42,140372
36494,0.001686,74.125.24.0-255,2902,55793,42,140372
36495,0.001689,172.31.46.0-255,66,55859,42,140372
36496,0.001701,172.31.46.0-255,66,55925,42,140372
36497,0.002021,74.125.24.0-255,1484,57409,42,140372
36498,0.002029,74.125.24.0-255,2902,60311,42,140372
36499,0.002034,172.31.46.0-255,66,60377,42,140372
36500,0.002099,74.125.24.0-255,5738,66115,42,140372
36501,0.002102,172.31.46.0-255,66,66181,42,140372
36502,0.002116,172.31.46.0-255,66,66247,42,140372
36503,0.002123,74.125.24.0-255,7156,73403,42,140372
36504,0.002126,172.31.46.0-255,66,73469,42,140372
36505,0.002143,172.31.46.0-255,66,73535,42,140372
36506,0.002172,74.125.24.0-255,5020,78555,42,140372
36507,0.002174,172.31.46.0-255,66,78621,42,140372
36508,0.002189,172.31.46.0-255,66,78687,42,140372
36509,0.002193,74.125.24.0-255,1484,80171,42,140372
36510,0.002227,172.31.46.0-255,66,80237,42,140372
36511,0.002247,74.125.24.0-255,3602,83839,42,140372
36512,0.00225,172.31.46.0-255,66,83905,42,140372
36513,0.002266,74.125.24.0-255,1484,85389,42,140372
36514,0.002304,172.31.46.0-255,66,85455,42,140372
36515,0.002309,74.125.24.0-255,2902,88357,42,140372
36516,0.002311,172.31.46.0-255,66,88423,42,140372
36517,0.00233,172.31.46.0-255,66,88489,42,140372
36518,0.002348,74.125.24.0-255,1484,89973,42,140372
36519,0.002354,74.125.24.0-255,5738,95711,42,140372
36520,0.002357,172.31.46.0-255,66,95777,42,140372
36521,0.002373,172.31.46.0-255,66,95843,42,140372
36522,0.002392,74.125.24.0-255,3602,99445,42,140372
36523,0.002394,172.31.46.0-255,66,99511,42,140372
36524,0.004683,74.125.24.0-255,1484,100995,42,140372
36525,0.004711,74.125.24.0-255,4320,105315,42,140372
36526,0.004716,172.31.46.0-255,66,105381,42,140372
36527,0.006993,74.125.24.0-255,5738,111119,42,140372
36528,0.007009,172.31.46.0-255,66,111185,42,140372
36529,0.009317,74.125.24.0-255,5738,116923,42,140372
36530,0.009327,172.31.46.0-255,66,116989,42,140372
36531,0.0105,172.31.46.0-255,101,117090,42,140372
36532,0.011621,74.125.24.0-255,5738,122828,42,140372
36533,0.011628,172.31.46.0-255,66,122894,42,140372
36534,0.012757,74.125.24.0-255,66,122960,42,140372
36535,0.013873,74.125.24.0-255,5738,128698,42,140372
36536,0.013877,172.31.46.0-255,66,128764,42,140372
36537,0.016149,74.125.24.0-255,5738,134502,42,140372
36538,0.016161,172.31.46.0-255,66,134568,42,140372
36539,0.018459,74.125.24.0-255,5738,140306,42,140372
36540,0.018469,172.31.46.0-255,66,140372,42,140372
36541,0.0,74.125.24.0-255,148,148,42,188199
36542,3.5e-05,172.31.46.0-255,66,214,42,188199
36543,4.3e-05,74.125.24.0-255,1484,1698,42,188199
36544,4.9e-05,172.31.46.0-255,66,1764,42,188199
36545,5.3e-05,74.125.24.0-255,2902,4666,42,188199
36546,6.5e-05,172.31.46.0-255,66,4732,42,188199
36547,7.3e-05,74.125.24.0-255,7156,11888,42,188199
36548,7.6e-05,172.31.46.0-255,66,11954,42,188199
36549,8e-05,74.125.24.0-255,1902,13856,42,188199
36550,8.3e-05,172.31.46.0-255,66,13922,42,188199
36551,0.000195,74.125.24.0-255,1484,15406,42,188199
36552,0.0002,172.31.46.0-255,66,15472,42,188199
36553,0.000204,74.125.24.0-255,1484,16956,42,188199
36554,0.000207,172.31.46.0-255,66,17022,42,188199
36555,0.000243,74.125.24.0-255,1484,18506,42,188199
36556,0.000246,172.31.46.0-255,66,18572,42,188199
36557,0.000253,74.125.24.0-255,5738,24310,42,188199
36558,0.000256,172.31.46.0-255,66,24376,42,188199
36559,0.000262,74.125.24.0-255,4320,28696,42,188199
36560,0.000264,172.31.46.0-255,66,28762,42,188199
36561,0.000286,74.125.24.0-255,2543,31305,42,188199
36562,0.000289,172.31.46.0-255,66,31371,42,188199
36563,0.000297,74.125.24.0-255,7156,38527,42,188199
36564,0.000299,172.31.46.0-255,66,38593,42,188199
36565,0.000336,172.31.46.0-255,66,38659,42,188199
36566,0.00036,74.125.24.0-255,1484,40143,42,188199
36567,0.000363,172.31.46.0-255,66,40209,42,188199
36568,0.000377,74.125.24.0-255,4320,44529,42,188199
36569,0.000385,172.31.46.0-255,66,44595,42,188199
36570,0.000412,74.125.24.0-255,7156,51751,42,188199
36571,0.000415,172.31.46.0-255,66,51817,42,188199
36572,0.000448,74.125.24.0-255,5355,57172,42,188199
36573,0.000452,172.31.46.0-255,66,57238,42,188199
36574,0.000555,74.125.24.0-255,109,57347,42,188199
36575,0.000837,74.125.24.0-255,1484,58831,42,188199
36576,0.000841,172.31.46.0-255,66,58897,42,188199
36577,0.000859,74.125.24.0-255,2902,61799,42,188199
36578,0.000862,172.31.46.0-255,66,61865,42,188199
36579,0.000868,74.125.24.0-255,2902,64767,42,188199
36580,0.00087,172.31.46.0-255,66,64833,42,188199
36581,0.000873,74.125.24.0-255,1484,66317,42,188199
36582,0.000905,74.125.24.0-255,5738,72055,42,188199
36583,0.000909,172.31.46.0-255,66,72121,42,188199
36584,0.000914,74.125.24.0-255,2902,75023,42,188199
36585,0.000916,172.31.46.0-255,66,75089,42,188199
36586,0.000956,172.31.46.0-255,66,75155,42,188199
36587,0.000999,74.125.24.0-255,2902,78057,42,188199
36588,0.001002,172.31.46.0-255,66,78123,42,188199
36589,0.001012,74.125.24.0-255,766,78889,42,188199
36590,0.001154,172.31.46.0-255,66,78955,42,188199
36591,0.001679,74.125.24.0-255,1484,80439,42,188199
36592,0.001691,74.125.24.0-255,2902,83341,42,188199
36593,0.001696,172.31.46.0-255,66,83407,42,188199
36594,0.0017,74.125.24.0-255,1484,84891,42,188199
36595,0.001731,74.125.24.0-255,4320,89211,42,188199
36596,0.001734,172.31.46.0-255,66,89277,42,188199
36597,0.001756,74.125.24.0-255,4320,93597,42,188199
36598,0.001759,172.31.46.0-255,66,93663,42,188199
36599,0.001794,172.31.46.0-255,66,93729,42,188199
36600,0.001799,74.125.24.0-255,4320,98049,42,188199
36601,0.001802,172.31.46.0-255,66,98115,42,188199
36602,0.00183,74.125.24.0-255,5738,103853,42,188199
36603,0.001833,172.31.46.0-255,66,103919,42,188199
36604,0.001836,74.125.24.0-255,766,104685,42,188199
36605,0.00188,74.125.24.0-255,1484,106169,42,188199
36606,0.001883,172.31.46.0-255,66,106235,42,188199
36607,0.00191,74.125.24.0-255,2902,109137,42,188199
36608,0.001912,172.31.46.0-255,66,109203,42,188199
36609,0.001918,74.125.24.0-255,5738,114941,42,188199
36610,0.001919,172.31.46.0-255,66,115007,42,188199
36611,0.001922,74.125.24.0-255,1484,116491,42,188199
36612,0.001964,172.31.46.0-255,66,116557,42,188199
36613,0.001998,74.125.24.0-255,1484,118041,42,188199
36614,0.002015,74.125.24.0-255,5738,123779,42,188199
36615,0.002017,172.31.46.0-255,66,123845,42,188199
36616,0.002042,74.125.24.0-255,1484,125329,42,188199
36617,0.002054,74.125.24.0-255,2184,127513,42,188199
36618,0.002056,172.31.46.0-255,66,127579,42,188199
36619,0.002077,74.125.24.0-255,4320,131899,42,188199
36620,0.002081,172.31.46.0-255,66,131965,42,188199
36621,0.002086,74.125.24.0-255,4320,136285,42,188199
36622,0.002088,172.31.46.0-255,66,136351,42,188199
36623,0.002117,74.125.24.0-255,4320,140671,42,188199
36624,0.002119,172.31.46.0-255,66,140737,42,188199
36625,0.002184,172.31.46.0-255,66,140803,42,188199
36626,0.002217,74.125.24.0-255,4320,145123,42,188199
36627,0.00222,172.31.46.0-255,66,145189,42,188199
36628,0.002231,74.125.24.0-255,2184,147373,42,188199
36629,0.002238,172.31.46.0-255,66,147439,42,188199
36630,0.004547,74.125.24.0-255,2902,150341,42,188199
36631,0.004555,172.31.46.0-255,66,150407,42,188199
36632,0.00458,74.125.24.0-255,2902,153309,42,188199
36633,0.004583,172.31.46.0-255,66,153375,42,188199
36634,0.006892,74.125.24.0-255,5738,159113,42,188199
36635,0.0069,172.31.46.0-255,66,159179,42,188199
36636,0.009202,74.125.24.0-255,5738,164917,42,188199
36637,0.009213,172.31.46.0-255,66,164983,42,188199
36638,0.011519,74.125.24.0-255,5738,170721,42,188199
36639,0.011536,172.31.46.0-255,66,170787,42,188199
36640,0.013845,74.125.24.0-255,5738,176525,42,188199
36641,0.013867,172.31.46.0-255,66,176591,42,188199
36642,0.016226,74.125.24.0-255,5738,182329,42,188199
36643,0.016244,172.31.46.0-255,66,182395,42,188199
36644,0.018563,74.125.24.0-255,5738,188133,42,188199
36645,0.018579,172.31.46.0-255,66,188199,42,188199
36646,0.0,172.217.194.0-255,152,152,42,183778
36647,2.4e-05,172.31.46.0-255,66,218,42,183778
36648,3.2e-05,172.217.194.0-255,1484,1702,42,183778
36649,3.7e-05,172.31.46.0-255,66,1768,42,183778
36650,4.3e-05,172.217.194.0-255,2902,4670,42,183778
36651,4.6e-05,172.31.46.0-255,66,4736,42,183778
36652,5.2e-05,172.217.194.0-255,4320,9056,42,183778
36653,5.5e-05,172.31.46.0-255,66,9122,42,183778
36654,8.2e-05,172.217.194.0-255,4890,14012,42,183778
36655,8.7e-05,172.31.46.0-255,66,14078,42,183778
36656,9.3e-05,172.217.194.0-255,5738,19816,42,183778
36657,9.5e-05,172.31.46.0-255,66,19882,42,183778
36658,0.000137,172.217.194.0-255,5738,25620,42,183778
36659,0.00014,172.31.46.0-255,66,25686,42,183778
36660,0.00016,172.217.194.0-255,5379,31065,42,183778
36661,0.000163,172.31.46.0-255,66,31131,42,183778
36662,0.000209,172.31.46.0-255,66,31197,42,183778
36663,0.000226,172.217.194.0-255,1484,32681,42,183778
36664,0.000228,172.31.46.0-255,66,32747,42,183778
36665,0.000244,172.217.194.0-255,3961,36708,42,183778
36666,0.000247,172.31.46.0-255,66,36774,42,183778
36667,0.000971,172.217.194.0-255,1484,38258,42,183778
36668,0.000978,172.31.46.0-255,66,38324,42,183778
36669,0.000987,172.217.194.0-255,2902,41226,42,183778
36670,0.000989,172.31.46.0-255,66,41292,42,183778
36671,0.000997,172.217.194.0-255,5738,47030,42,183778
36672,0.000999,172.31.46.0-255,66,47096,42,183778
36673,0.001027,172.217.194.0-255,5738,52834,42,183778
36674,0.00103,172.31.46.0-255,66,52900,42,183778
36675,0.001061,172.31.46.0-255,66,52966,42,183778
36676,0.001068,172.217.194.0-255,5738,58704,42,183778
36677,0.00107,172.31.46.0-255,66,58770,42,183778
36678,0.001111,172.31.46.0-255,66,58836,42,183778
36679,0.001138,172.31.46.0-255,66,58902,42,183778
36680,0.001178,172.31.46.0-255,66,58968,42,183778
36681,0.001214,172.31.46.0-255,66,59034,42,183778
36682,0.001217,172.217.194.0-255,402,59436,42,183778
36683,0.001447,172.217.194.0-255,1484,60920,42,183778
36684,0.001453,172.31.46.0-255,66,60986,42,183778
36685,0.001462,172.217.194.0-255,2902,63888,42,183778
36686,0.001465,172.31.46.0-255,66,63954,42,183778
36687,0.001471,172.217.194.0-255,5738,69692,42,183778
36688,0.001473,172.31.46.0-255,66,69758,42,183778
36689,0.001513,172.31.46.0-255,66,69824,42,183778
36690,0.001527,172.31.46.0-255,66,69890,42,183778
36691,0.001679,172.217.194.0-255,1484,71374,42,183778
36692,0.001687,172.217.194.0-255,2902,74276,42,183778
36693,0.001691,172.31.46.0-255,66,74342,42,183778
36694,0.001719,172.217.194.0-255,5738,80080,42,183778
36695,0.001722,172.31.46.0-255,66,80146,42,183778
36696,0.001725,172.217.194.0-255,1484,81630,42,183778
36697,0.001764,172.217.194.0-255,5738,87368,42,183778
36698,0.001767,172.31.46.0-255,66,87434,42,183778
36699,0.001783,172.31.46.0-255,66,87500,42,183778
36700,0.001787,172.217.194.0-255,2184,89684,42,183778
36701,0.001789,172.31.46.0-255,66,89750,42,183778
36702,0.00184,172.217.194.0-255,1484,91234,42,183778
36703,0.001846,172.217.194.0-255,2902,94136,42,183778
36704,0.00185,172.31.46.0-255,66,94202,42,183778
36705,0.001878,172.217.194.0-255,5738,99940,42,183778
36706,0.001881,172.31.46.0-255,66,100006,42,183778
36707,0.001887,172.217.194.0-255,5738,105744,42,183778
36708,0.00189,172.31.46.0-255,66,105810,42,183778
36709,0.001926,172.31.46.0-255,66,105876,42,183778
36710,0.001946,172.217.194.0-255,5020,110896,42,183778
36711,0.001949,172.31.46.0-255,66,110962,42,183778
36712,0.002014,172.217.194.0-255,1484,112446,42,183778
36713,0.00202,172.217.194.0-255,2902,115348,42,183778
36714,0.002023,172.31.46.0-255,66,115414,42,183778
36715,0.002039,172.217.194.0-255,5738,121152,42,183778
36716,0.002043,172.31.46.0-255,66,121218,42,183778
36717,0.002085,172.31.46.0-255,66,121284,42,183778
36718,0.002092,172.217.194.0-255,7156,128440,42,183778
36719,0.002095,172.31.46.0-255,66,128506,42,183778
36720,0.002117,172.217.194.0-255,1484,129990,42,183778
36721,0.002138,172.217.194.0-255,2184,132174,42,183778
36722,0.002141,172.31.46.0-255,66,132240,42,183778
36723,0.002147,172.217.194.0-255,4320,136560,42,183778
36724,0.00215,172.31.46.0-255,66,136626,42,183778
36725,0.002155,172.217.194.0-255,4320,140946,42,183778
36726,0.002158,172.31.46.0-255,66,141012,42,183778
36727,0.002187,172.217.194.0-255,5738,146750,42,183778
36728,0.00219,172.31.46.0-255,66,146816,42,183778
36729,0.002205,172.31.46.0-255,66,146882,42,183778
36730,0.002226,172.217.194.0-255,1484,148366,42,183778
36731,0.002247,172.31.46.0-255,66,148432,42,183778
36732,0.002278,172.31.46.0-255,66,148498,42,183778
36733,0.002281,172.217.194.0-255,1484,149982,42,183778
36734,0.002285,172.217.194.0-255,2902,152884,42,183778
36735,0.002287,172.31.46.0-255,66,152950,42,183778
36736,0.002336,172.31.46.0-255,66,153016,42,183778
36737,0.00234,172.217.194.0-255,1484,154500,42,183778
36738,0.002344,172.31.46.0-255,78,154578,42,183778
36739,0.002394,172.31.46.0-255,78,154656,42,183778
36740,0.00242,172.217.194.0-255,6438,161094,42,183778
36741,0.002424,172.31.46.0-255,66,161160,42,183778
36742,0.004739,172.217.194.0-255,5738,166898,42,183778
36743,0.004745,172.31.46.0-255,66,166964,42,183778
36744,0.007055,172.217.194.0-255,5738,172702,42,183778
36745,0.007062,172.31.46.0-255,66,172768,42,183778
36746,0.009383,172.217.194.0-255,5738,178506,42,183778
36747,0.009387,172.31.46.0-255,66,178572,42,183778
36748,0.011698,172.217.194.0-255,4969,183541,42,183778
36749,0.011705,172.31.46.0-255,66,183607,42,183778
36750,0.011974,172.31.46.0-255,105,183712,42,183778
36751,0.014261,172.217.194.0-255,66,183778,42,183778
36752,0.0,74.125.24.0-255,152,152,42,206188
36753,2.4e-05,172.31.46.0-255,66,218,42,206188
36754,3.1e-05,74.125.24.0-255,1484,1702,42,206188
36755,3.6e-05,172.31.46.0-255,66,1768,42,206188
36756,4.2e-05,74.125.24.0-255,2902,4670,42,206188
36757,5.6e-05,172.31.46.0-255,66,4736,42,206188
36758,6.4e-05,74.125.24.0-255,7156,11892,42,206188
36759,6.6e-05,172.31.46.0-255,66,11958,42,206188
36760,7e-05,74.125.24.0-255,1985,13943,42,206188
36761,7.3e-05,172.31.46.0-255,66,14009,42,206188
36762,9.5e-05,172.31.46.0-255,66,14075,42,206188
36763,0.000101,74.125.24.0-255,5379,19454,42,206188
36764,0.000104,172.31.46.0-255,66,19520,42,206188
36765,0.000149,74.125.24.0-255,5738,25258,42,206188
36766,0.000153,172.31.46.0-255,66,25324,42,206188
36767,0.00016,74.125.24.0-255,7156,32480,42,206188
36768,0.000162,172.31.46.0-255,66,32546,42,206188
36769,0.0002,74.125.24.0-255,3961,36507,42,206188
36770,0.000202,172.31.46.0-255,66,36573,42,206188
36771,0.000506,74.125.24.0-255,1484,38057,42,206188
36772,0.000512,172.31.46.0-255,66,38123,42,206188
36773,0.000518,74.125.24.0-255,2902,41025,42,206188
36774,0.000521,172.31.46.0-255,66,41091,42,206188
36775,0.000533,74.125.24.0-255,5738,46829,42,206188
36776,0.000536,172.31.46.0-255,66,46895,42,206188
36777,0.000539,74.125.24.0-255,1484,48379,42,206188
36778,0.000541,172.31.46.0-255,66,48445,42,206188
36779,0.000583,74.125.24.0-255,5379,53824,42,206188
36780,0.000586,172.31.46.0-255,66,53890,42,206188
36781,0.000611,74.125.24.0-255,678,54568,42,206188
36782,0.000613,172.31.46.0-255,66,54634,42,206188
36783,0.000737,74.125.24.0-255,1484,56118,42,206188
36784,0.000744,74.125.24.0-255,2902,59020,42,206188
36785,0.000747,172.31.46.0-255,66,59086,42,206188
36786,0.000751,74.125.24.0-255,1484,60570,42,206188
36787,0.000778,74.125.24.0-255,4320,64890,42,206188
36788,0.00078,172.31.46.0-255,66,64956,42,206188
36789,0.000799,172.31.46.0-255,66,65022,42,206188
36790,0.000829,74.125.24.0-255,1484,66506,42,206188
36791,0.000842,172.31.46.0-255,66,66572,42,206188
36792,0.001231,74.125.24.0-255,1484,68056,42,206188
36793,0.001236,74.125.24.0-255,1484,69540,42,206188
36794,0.001239,172.31.46.0-255,66,69606,42,206188
36795,0.001267,74.125.24.0-255,1484,71090,42,206188
36796,0.001274,74.125.24.0-255,5738,76828,42,206188
36797,0.001277,172.31.46.0-255,66,76894,42,206188
36798,0.001295,172.31.46.0-255,66,76960,42,206188
36799,0.001329,172.31.46.0-255,66,77026,42,206188
36800,0.001582,74.125.24.0-255,1484,78510,42,206188
36801,0.001588,74.125.24.0-255,2902,81412,42,206188
36802,0.001591,172.31.46.0-255,66,81478,42,206188
36803,0.001598,74.125.24.0-255,5738,87216,42,206188
36804,0.0016,172.31.46.0-255,66,87282,42,206188
36805,0.001611,74.125.24.0-255,5738,93020,42,206188
36806,0.001614,172.31.46.0-255,66,93086,42,206188
36807,0.001617,74.125.24.0-255,1484,94570,42,206188
36808,0.001659,172.31.46.0-255,66,94636,42,206188
36809,0.001665,74.125.24.0-255,5020,99656,42,206188
36810,0.001667,172.31.46.0-255,66,99722,42,206188
36811,0.001843,74.125.24.0-255,1484,101206,42,206188
36812,0.001848,74.125.24.0-255,2902,104108,42,206188
36813,0.001851,172.31.46.0-255,66,104174,42,206188
36814,0.001855,74.125.24.0-255,1484,105658,42,206188
36815,0.001881,74.125.24.0-255,5738,111396,42,206188
36816,0.001884,172.31.46.0-255,66,111462,42,206188
36817,0.001887,74.125.24.0-255,1484,112946,42,206188
36818,0.00191,74.125.24.0-255,4320,117266,42,206188
36819,0.001912,172.31.46.0-255,66,117332,42,206188
36820,0.001945,74.125.24.0-255,7156,124488,42,206188
36821,0.001947,172.31.46.0-255,66,124554,42,206188
36822,0.001963,172.31.46.0-255,66,124620,42,206188
36823,0.001997,74.125.24.0-255,1484,126104,42,206188
36824,0.002008,74.125.24.0-255,1484,127588,42,206188
36825,0.002011,172.31.46.0-255,66,127654,42,206188
36826,0.002035,74.125.24.0-255,1484,129138,42,206188
36827,0.002042,74.125.24.0-255,5738,134876,42,206188
36828,0.002045,172.31.46.0-255,66,134942,42,206188
36829,0.002082,172.31.46.0-255,66,135008,42,206188
36830,0.00211,74.125.24.0-255,5738,140746,42,206188
36831,0.002113,172.31.46.0-255,66,140812,42,206188
36832,0.00215,172.31.46.0-255,66,140878,42,206188
36833,0.002153,74.125.24.0-255,1484,142362,42,206188
36834,0.002157,74.125.24.0-255,2902,145264,42,206188
36835,0.00216,172.31.46.0-255,66,145330,42,206188
36836,0.002171,74.125.24.0-255,5738,151068,42,206188
36837,0.002174,172.31.46.0-255,66,151134,42,206188
36838,0.002187,74.125.24.0-255,7156,158290,42,206188
36839,0.002191,74.125.24.0-255,1484,159774,42,206188
36840,0.002239,74.125.24.0-255,2184,161958,42,206188
36841,0.0024,74.125.24.0-255,1484,163442,42,206188
36842,0.00242,74.125.24.0-255,2902,166344,42,206188
36843,0.002436,74.125.24.0-255,5738,172082,42,206188
36844,0.002482,74.125.24.0-255,2902,174984,42,206188
36845,0.002488,74.125.24.0-255,4320,179304,42,206188
36846,0.002512,74.125.24.0-255,6438,185742,42,206188
36847,0.002564,74.125.24.0-255,4320,190062,42,206188
36848,0.002609,74.125.24.0-255,2902,192964,42,206188
36849,0.002708,74.125.24.0-255,1484,194448,42,206188
36850,0.012173,172.31.46.0-255,66,194514,42,206188
36851,0.013214,74.125.24.0-255,1484,195998,42,206188
36852,0.014773,74.125.24.0-255,4320,200318,42,206188
36853,0.01478,172.31.46.0-255,66,200384,42,206188
36854,0.017394,74.125.24.0-255,5738,206122,42,206188
36855,0.017404,172.31.46.0-255,66,206188,42,206188
