,TIME,SRC,PACKET_SIZE,CUMULATIVE_PACKET_SIZE,PAGE_NUMBER,TOTAL_PACKET_SIZE
0,0.0,74.125.68.0-255,152,152,20,272788
1,3.1e-05,172.31.36.0-255,66,218,20,272788
2,3.7e-05,74.125.68.0-255,1484,1702,20,272788
3,4.1e-05,172.31.36.0-255,66,1768,20,272788
4,4.8e-05,74.125.68.0-255,2902,4670,20,272788
5,5.1e-05,172.31.36.0-255,66,4736,20,272788
6,5.6e-05,74.125.68.0-255,2902,7638,20,272788
7,5.9e-05,172.31.36.0-255,66,7704,20,272788
8,7.2e-05,74.125.68.0-255,1484,9188,20,272788
9,7.5e-05,172.31.36.0-255,66,9254,20,272788
10,9.3e-05,74.125.68.0-255,1484,10738,20,272788
11,9.6e-05,172.31.36.0-255,66,10804,20,272788
12,0.000112,74.125.68.0-255,1484,12288,20,272788
13,0.000114,172.31.36.0-255,66,12354,20,272788
14,0.000146,74.125.68.0-255,6328,18682,20,272788
15,0.000149,172.31.36.0-255,66,18748,20,272788
16,0.000161,172.31.36.0-255,66,18814,20,272788
17,0.000177,74.125.68.0-255,1484,20298,20,272788
18,0.000179,172.31.36.0-255,66,20364,20,272788
19,0.000183,74.125.68.0-255,2543,22907,20,272788
20,0.000185,172.31.36.0-255,66,22973,20,272788
21,0.000314,74.125.68.0-255,1484,24457,20,272788
22,0.000319,172.31.36.0-255,66,24523,20,272788
23,0.000325,74.125.68.0-255,2902,27425,20,272788
24,0.000328,172.31.36.0-255,66,27491,20,272788
25,0.000333,74.125.68.0-255,4320,31811,20,272788
26,0.000335,172.31.36.0-255,66,31877,20,272788
27,0.000384,74.125.68.0-255,7156,39033,20,272788
28,0.000387,172.31.36.0-255,66,39099,20,272788
29,0.000416,74.125.68.0-255,1125,40224,20,272788
30,0.00042,172.31.36.0-255,66,40290,20,272788
31,0.000431,172.31.36.0-255,66,40356,20,272788
32,0.000438,74.125.68.0-255,5738,46094,20,272788
33,0.000441,172.31.36.0-255,66,46160,20,272788
34,0.000471,74.125.68.0-255,1484,47644,20,272788
35,0.000488,74.125.68.0-255,1397,49041,20,272788
36,0.000491,172.31.36.0-255,66,49107,20,272788
37,0.000494,74.125.68.0-255,128,49235,20,272788
38,0.000554,74.125.68.0-255,1484,50719,20,272788
39,0.000558,172.31.36.0-255,66,50785,20,272788
40,0.000571,74.125.68.0-255,1484,52269,20,272788
41,0.000584,74.125.68.0-255,1484,53753,20,272788
42,0.000587,172.31.36.0-255,66,53819,20,272788
43,0.000594,74.125.68.0-255,5738,59557,20,272788
44,0.000596,172.31.36.0-255,66,59623,20,272788
45,0.000611,74.125.68.0-255,4320,63943,20,272788
46,0.000614,172.31.36.0-255,66,64009,20,272788
47,0.000639,74.125.68.0-255,2249,66258,20,272788
48,0.000642,172.31.36.0-255,66,66324,20,272788
49,0.000779,74.125.68.0-255,1484,67808,20,272788
50,0.000783,74.125.68.0-255,1484,69292,20,272788
51,0.000788,172.31.36.0-255,66,69358,20,272788
52,0.0008,74.125.68.0-255,1484,70842,20,272788
53,0.000803,74.125.68.0-255,1484,72326,20,272788
54,0.000805,172.31.36.0-255,66,72392,20,272788
55,0.000829,74.125.68.0-255,2902,75294,20,272788
56,0.000832,172.31.36.0-255,66,75360,20,272788
57,0.000837,74.125.68.0-255,2902,78262,20,272788
58,0.000839,172.31.36.0-255,66,78328,20,272788
59,0.000854,74.125.68.0-255,1484,79812,20,272788
60,0.000867,74.125.68.0-255,1484,81296,20,272788
61,0.00087,172.31.36.0-255,66,81362,20,272788
62,0.000875,74.125.68.0-255,2543,83905,20,272788
63,0.000878,172.31.36.0-255,66,83971,20,272788
64,0.001245,74.125.68.0-255,1484,85455,20,272788
65,0.001255,74.125.68.0-255,2902,88357,20,272788
66,0.00126,172.31.36.0-255,66,88423,20,272788
67,0.001278,74.125.68.0-255,1484,89907,20,272788
68,0.001307,74.125.68.0-255,2902,92809,20,272788
69,0.001311,172.31.36.0-255,66,92875,20,272788
70,0.001315,74.125.68.0-255,1484,94359,20,272788
71,0.001334,74.125.68.0-255,4320,98679,20,272788
72,0.001336,172.31.36.0-255,66,98745,20,272788
73,0.00135,74.125.68.0-255,1484,100229,20,272788
74,0.001374,172.31.36.0-255,66,100295,20,272788
75,0.001395,74.125.68.0-255,2902,103197,20,272788
76,0.001397,172.31.36.0-255,66,103263,20,272788
77,0.00142,74.125.68.0-255,5020,108283,20,272788
78,0.001423,172.31.36.0-255,66,108349,20,272788
79,0.001834,74.125.68.0-255,1484,109833,20,272788
80,0.001839,74.125.68.0-255,1484,111317,20,272788
81,0.001844,172.31.36.0-255,66,111383,20,272788
82,0.001864,74.125.68.0-255,1484,112867,20,272788
83,0.001876,74.125.68.0-255,1484,114351,20,272788
84,0.001879,172.31.36.0-255,66,114417,20,272788
85,0.001898,74.125.68.0-255,4320,118737,20,272788
86,0.001901,172.31.36.0-255,66,118803,20,272788
87,0.001918,74.125.68.0-255,1484,120287,20,272788
88,0.001923,74.125.68.0-255,2902,123189,20,272788
89,0.001925,172.31.36.0-255,66,123255,20,272788
90,0.001967,74.125.68.0-255,7156,130411,20,272788
91,0.001971,172.31.36.0-255,66,130477,20,272788
92,0.001988,74.125.68.0-255,2902,133379,20,272788
93,0.001991,172.31.36.0-255,66,133445,20,272788
94,0.001995,74.125.68.0-255,1484,134929,20,272788
95,0.002015,74.125.68.0-255,2902,137831,20,272788
96,0.002018,172.31.36.0-255,66,137897,20,272788
97,0.002039,74.125.68.0-255,5020,142917,20,272788
98,0.002042,172.31.36.0-255,66,142983,20,272788
99,0.002214,74.125.68.0-255,1484,144467,20,272788
100,0.00223,74.125.68.0-255,2902,147369,20,272788
101,0.002235,172.31.36.0-255,66,147435,20,272788
102,0.002253,74.125.68.0-255,1484,148919,20,272788
103,0.002275,74.125.68.0-255,4320,153239,20,272788
104,0.002278,172.31.36.0-255,66,153305,20,272788
105,0.002281,74.125.68.0-255,1484,154789,20,272788
106,0.002295,74.125.68.0-255,1484,156273,20,272788
107,0.002298,172.31.36.0-255,66,156339,20,272788
108,0.002317,74.125.68.0-255,1484,157823,20,272788
109,0.002322,74.125.68.0-255,2902,160725,20,272788
110,0.002324,172.31.36.0-255,66,160791,20,272788
111,0.002349,74.125.68.0-255,2902,163693,20,272788
112,0.002351,172.31.36.0-255,66,163759,20,272788
113,0.002372,74.125.68.0-255,1484,165243,20,272788
114,0.002375,74.125.68.0-255,1484,166727,20,272788
115,0.002381,172.31.36.0-255,101,166828,20,272788
116,0.002404,74.125.68.0-255,7156,173984,20,272788
117,0.002407,172.31.36.0-255,66,174050,20,272788
118,0.002412,74.125.68.0-255,3602,177652,20,272788
119,0.002414,172.31.36.0-255,66,177718,20,272788
120,0.004801,74.125.68.0-255,66,177784,20,272788
121,0.004884,74.125.68.0-255,1484,179268,20,272788
122,0.004916,74.125.68.0-255,4320,183588,20,272788
123,0.004921,172.31.36.0-255,66,183654,20,272788
124,0.007378,74.125.68.0-255,5738,189392,20,272788
125,0.007382,172.31.36.0-255,66,189458,20,272788
126,0.009842,74.125.68.0-255,5738,195196,20,272788
127,0.009848,172.31.36.0-255,66,195262,20,272788
128,0.012366,74.125.68.0-255,5738,201000,20,272788
129,0.012374,172.31.36.0-255,66,201066,20,272788
130,0.014842,74.125.68.0-255,5738,206804,20,272788
131,0.014851,172.31.36.0-255,66,206870,20,272788
132,0.017319,74.125.68.0-255,4320,211190,20,272788
133,0.017326,172.31.36.0-255,66,211256,20,272788
134,0.017363,74.125.68.0-255,1484,212740,20,272788
135,0.019799,74.125.68.0-255,4320,217060,20,272788
136,0.019808,172.31.36.0-255,66,217126,20,272788
137,0.022327,74.125.68.0-255,5738,222864,20,272788
138,0.022334,172.31.36.0-255,66,222930,20,272788
139,0.024795,74.125.68.0-255,5738,228668,20,272788
140,0.024803,172.31.36.0-255,66,228734,20,272788
141,0.027265,74.125.68.0-255,5738,234472,20,272788
142,0.027272,172.31.36.0-255,66,234538,20,272788
143,0.029729,74.125.68.0-255,5738,240276,20,272788
144,0.029737,172.31.36.0-255,66,240342,20,272788
145,0.032198,74.125.68.0-255,5738,246080,20,272788
146,0.032207,172.31.36.0-255,66,246146,20,272788
147,0.033556,172.31.36.0-255,172,246318,20,272788
148,0.033582,172.31.36.0-255,1111,247429,20,272788
149,0.033632,172.31.36.0-255,1514,248943,20,272788
150,0.033634,172.31.36.0-255,1514,250457,20,272788
151,0.033635,172.31.36.0-255,1514,251971,20,272788
152,0.033636,172.31.36.0-255,1514,253485,20,272788
153,0.033663,172.31.36.0-255,1495,254980,20,272788
154,0.034677,74.125.68.0-255,5738,260718,20,272788
155,0.034684,172.31.36.0-255,66,260784,20,272788
156,0.035208,104.244.42.0-255,66,260850,20,272788
157,0.035243,104.244.42.0-255,66,260916,20,272788
158,0.035331,104.244.42.0-255,66,260982,20,272788
159,0.035375,104.244.42.0-255,66,261048,20,272788
160,0.03714,74.125.68.0-255,1484,262532,20,272788
161,0.03717,74.125.68.0-255,4320,266852,20,272788
162,0.037175,172.31.36.0-255,66,266918,20,272788
163,0.039615,74.125.68.0-255,4320,271238,20,272788
164,0.039621,172.31.36.0-255,66,271304,20,272788
165,0.039654,74.125.68.0-255,1484,272788,20,272788
166,0.0,74.125.24.0-255,153,153,20,280244
167,3e-05,74.125.24.0-255,1484,1637,20,280244
168,4.1e-05,172.31.36.0-255,66,1703,20,280244
169,4.9e-05,74.125.24.0-255,2902,4605,20,280244
170,5.1e-05,172.31.36.0-255,66,4671,20,280244
171,6.8e-05,74.125.24.0-255,4320,8991,20,280244
172,7.1e-05,172.31.36.0-255,66,9057,20,280244
173,9.4e-05,74.125.24.0-255,2902,11959,20,280244
174,9.6e-05,172.31.36.0-255,66,12025,20,280244
175,0.000102,74.125.24.0-255,1991,14016,20,280244
176,0.000104,172.31.36.0-255,66,14082,20,280244
177,0.000107,74.125.24.0-255,1484,15566,20,280244
178,0.000144,172.31.36.0-255,66,15632,20,280244
179,0.000151,74.125.24.0-255,5379,21011,20,280244
180,0.000153,172.31.36.0-255,66,21077,20,280244
181,0.000257,74.125.24.0-255,1484,22561,20,280244
182,0.000262,74.125.24.0-255,2902,25463,20,280244
183,0.000265,172.31.36.0-255,66,25529,20,280244
184,0.000287,74.125.24.0-255,5738,31267,20,280244
185,0.00029,172.31.36.0-255,66,31333,20,280244
186,0.00033,172.31.36.0-255,66,31399,20,280244
187,0.000338,74.125.24.0-255,7156,38555,20,280244
188,0.00034,172.31.36.0-255,66,38621,20,280244
189,0.000363,74.125.24.0-255,2543,41164,20,280244
190,0.000365,172.31.36.0-255,66,41230,20,280244
191,0.000541,74.125.24.0-255,645,41875,20,280244
192,0.000801,74.125.24.0-255,1484,43359,20,280244
193,0.000805,172.31.36.0-255,66,43425,20,280244
194,0.000819,74.125.24.0-255,2902,46327,20,280244
195,0.000822,172.31.36.0-255,66,46393,20,280244
196,0.000825,74.125.24.0-255,1484,47877,20,280244
197,0.000847,74.125.24.0-255,4320,52197,20,280244
198,0.00085,172.31.36.0-255,66,52263,20,280244
199,0.000856,74.125.24.0-255,5738,58001,20,280244
200,0.000858,172.31.36.0-255,66,58067,20,280244
201,0.000898,74.125.24.0-255,4320,62387,20,280244
202,0.000903,172.31.36.0-255,66,62453,20,280244
203,0.000917,74.125.24.0-255,5738,68191,20,280244
204,0.000919,172.31.36.0-255,66,68257,20,280244
205,0.000932,74.125.24.0-255,2902,71159,20,280244
206,0.000935,172.31.36.0-255,66,71225,20,280244
207,0.000938,74.125.24.0-255,1484,72709,20,280244
208,0.000962,74.125.24.0-255,3602,76311,20,280244
209,0.000964,172.31.36.0-255,66,76377,20,280244
210,0.000997,74.125.24.0-255,2902,79279,20,280244
211,0.001001,172.31.36.0-255,66,79345,20,280244
212,0.001019,74.125.24.0-255,2902,82247,20,280244
213,0.001022,172.31.36.0-255,66,82313,20,280244
214,0.00103,74.125.24.0-255,7156,89469,20,280244
215,0.001032,172.31.36.0-255,66,89535,20,280244
216,0.001036,74.125.24.0-255,2902,92437,20,280244
217,0.001038,172.31.36.0-255,66,92503,20,280244
218,0.001076,74.125.24.0-255,5738,98241,20,280244
219,0.001076,172.31.36.0-255,66,98307,20,280244
220,0.001078,74.125.24.0-255,766,99073,20,280244
221,0.00108,172.31.36.0-255,66,99139,20,280244
222,0.001238,74.125.24.0-255,1484,100623,20,280244
223,0.001242,172.31.36.0-255,66,100689,20,280244
224,0.001256,74.125.24.0-255,2902,103591,20,280244
225,0.001259,172.31.36.0-255,66,103657,20,280244
226,0.001263,74.125.24.0-255,2902,106559,20,280244
227,0.001265,172.31.36.0-255,66,106625,20,280244
228,0.001282,74.125.24.0-255,2902,109527,20,280244
229,0.001284,172.31.36.0-255,66,109593,20,280244
230,0.001289,74.125.24.0-255,2902,112495,20,280244
231,0.001291,172.31.36.0-255,66,112561,20,280244
232,0.001328,172.31.36.0-255,66,112627,20,280244
233,0.001333,74.125.24.0-255,4320,116947,20,280244
234,0.001335,172.31.36.0-255,66,117013,20,280244
235,0.001388,74.125.24.0-255,6438,123451,20,280244
236,0.001391,172.31.36.0-255,66,123517,20,280244
237,0.001667,74.125.24.0-255,1484,125001,20,280244
238,0.001673,74.125.24.0-255,2902,127903,20,280244
239,0.001676,172.31.36.0-255,66,127969,20,280244
240,0.001692,74.125.24.0-255,1484,129453,20,280244
241,0.001708,74.125.24.0-255,4320,133773,20,280244
242,0.001711,172.31.36.0-255,66,133839,20,280244
243,0.001715,74.125.24.0-255,2902,136741,20,280244
244,0.001717,172.31.36.0-255,66,136807,20,280244
245,0.001758,172.31.36.0-255,66,136873,20,280244
246,0.001763,74.125.24.0-255,2902,139775,20,280244
247,0.001765,172.31.36.0-255,66,139841,20,280244
248,0.001791,172.31.36.0-255,66,139907,20,280244
249,0.002655,74.125.24.0-255,1484,141391,20,280244
250,0.002667,74.125.24.0-255,2902,144293,20,280244
251,0.002671,172.31.36.0-255,66,144359,20,280244
252,0.002694,74.125.24.0-255,5738,150097,20,280244
253,0.002696,172.31.36.0-255,66,150163,20,280244
254,0.002715,74.125.24.0-255,4320,154483,20,280244
255,0.002718,172.31.36.0-255,66,154549,20,280244
256,0.002743,172.31.36.0-255,66,154615,20,280244
257,0.00275,74.125.24.0-255,5738,160353,20,280244
258,0.002752,172.31.36.0-255,66,160419,20,280244
259,0.002781,74.125.24.0-255,2902,163321,20,280244
260,0.002785,172.31.36.0-255,66,163387,20,280244
261,0.002802,74.125.24.0-255,2184,165571,20,280244
262,0.002805,172.31.36.0-255,66,165637,20,280244
263,0.003336,74.125.24.0-255,1484,167121,20,280244
264,0.003357,74.125.24.0-255,2902,170023,20,280244
265,0.003359,172.31.36.0-255,66,170089,20,280244
266,0.00338,74.125.24.0-255,5738,175827,20,280244
267,0.003382,172.31.36.0-255,66,175893,20,280244
268,0.003398,74.125.24.0-255,2902,178795,20,280244
269,0.0034,172.31.36.0-255,66,178861,20,280244
270,0.00341,74.125.24.0-255,1484,180345,20,280244
271,0.003418,74.125.24.0-255,2902,183247,20,280244
272,0.00342,172.31.36.0-255,66,183313,20,280244
273,0.003433,74.125.24.0-255,1484,184797,20,280244
274,0.003453,74.125.24.0-255,2902,187699,20,280244
275,0.003455,172.31.36.0-255,66,187765,20,280244
276,0.003478,74.125.24.0-255,7156,194921,20,280244
277,0.00348,172.31.36.0-255,66,194987,20,280244
278,0.003485,74.125.24.0-255,5020,200007,20,280244
279,0.003488,172.31.36.0-255,66,200073,20,280244
280,0.003506,74.125.24.0-255,4320,204393,20,280244
281,0.003508,172.31.36.0-255,66,204459,20,280244
282,0.003522,74.125.24.0-255,1484,205943,20,280244
283,0.003532,172.31.36.0-255,66,206009,20,280244
284,0.003536,74.125.24.0-255,4320,210329,20,280244
285,0.003538,172.31.36.0-255,66,210395,20,280244
286,0.003559,74.125.24.0-255,5738,216133,20,280244
287,0.003561,172.31.36.0-255,66,216199,20,280244
288,0.003574,74.125.24.0-255,2902,219101,20,280244
289,0.003576,172.31.36.0-255,66,219167,20,280244
290,0.003595,74.125.24.0-255,6438,225605,20,280244
291,0.003598,172.31.36.0-255,66,225671,20,280244
292,0.003876,74.125.24.0-255,1484,227155,20,280244
293,0.003879,74.125.24.0-255,1484,228639,20,280244
294,0.003881,172.31.36.0-255,66,228705,20,280244
295,0.003899,74.125.24.0-255,1484,230189,20,280244
296,0.003905,74.125.24.0-255,5738,235927,20,280244
297,0.003907,172.31.36.0-255,66,235993,20,280244
298,0.003909,74.125.24.0-255,1484,237477,20,280244
299,0.003934,172.31.36.0-255,66,237543,20,280244
300,0.003949,74.125.24.0-255,1484,239027,20,280244
301,0.003967,74.125.24.0-255,7156,246183,20,280244
302,0.003969,172.31.36.0-255,66,246249,20,280244
303,0.003993,74.125.24.0-255,2184,248433,20,280244
304,0.003995,172.31.36.0-255,66,248499,20,280244
305,0.004007,172.31.36.0-255,66,248565,20,280244
306,0.004055,172.31.36.0-255,66,248631,20,280244
307,0.004087,172.31.36.0-255,66,248697,20,280244
308,0.004105,74.125.24.0-255,5738,254435,20,280244
309,0.00412,74.125.24.0-255,7156,261591,20,280244
310,0.004135,74.125.24.0-255,5738,267329,20,280244
311,0.004139,74.125.24.0-255,2184,269513,20,280244
312,0.004149,74.125.24.0-255,1412,270925,20,280244
313,0.004204,74.125.24.0-255,105,271030,20,280244
314,0.008438,172.31.36.0-255,66,271096,20,280244
315,0.010121,172.31.36.0-255,105,271201,20,280244
316,0.012116,74.125.24.0-255,66,271267,20,280244
317,0.031737,172.31.36.0-255,172,271439,20,280244
318,0.03177,172.31.36.0-255,1110,272549,20,280244
319,0.031819,172.31.36.0-255,1514,274063,20,280244
320,0.031821,172.31.36.0-255,1514,275577,20,280244
321,0.031827,172.31.36.0-255,1514,277091,20,280244
322,0.031828,172.31.36.0-255,1514,278605,20,280244
323,0.031856,172.31.36.0-255,1375,279980,20,280244
324,0.033299,104.244.42.0-255,66,280046,20,280244
325,0.033345,104.244.42.0-255,66,280112,20,280244
326,0.033397,104.244.42.0-255,66,280178,20,280244
327,0.0334,104.244.42.0-255,66,280244,20,280244
328,0.0,172.31.36.0-255,105,105,20,459
329,0.000244,172.31.36.0-255,90,195,20,459
330,0.000255,172.31.36.0-255,66,261,20,459
331,0.002349,172.217.194.0-255,66,327,20,459
332,0.002368,172.217.194.0-255,66,393,20,459
333,0.002383,172.31.36.0-255,66,459,20,459
334,0.0,172.217.24.0-255,153,153,20,178394
335,2.3e-05,172.31.36.0-255,66,219,20,178394
336,3.1e-05,172.217.24.0-255,1484,1703,20,178394
337,3.5e-05,172.31.36.0-255,66,1769,20,178394
338,4.1e-05,172.217.24.0-255,2902,4671,20,178394
339,5.2e-05,172.31.36.0-255,66,4737,20,178394
340,6e-05,172.217.24.0-255,7156,11893,20,178394
341,6.3e-05,172.31.36.0-255,66,11959,20,178394
342,6.7e-05,172.217.24.0-255,2036,13995,20,178394
343,6.9e-05,172.31.36.0-255,66,14061,20,178394
344,9.3e-05,172.217.24.0-255,1484,15545,20,178394
345,0.0001,172.31.36.0-255,66,15611,20,178394
346,0.000104,172.217.24.0-255,1484,17095,20,178394
347,0.000107,172.31.36.0-255,66,17161,20,178394
348,0.000127,172.217.24.0-255,1484,18645,20,178394
349,0.000129,172.31.36.0-255,66,18711,20,178394
350,0.000137,172.217.24.0-255,5738,24449,20,178394
351,0.00014,172.31.36.0-255,66,24515,20,178394
352,0.000181,172.217.24.0-255,6797,31312,20,178394
353,0.000184,172.31.36.0-255,66,31378,20,178394
354,0.000209,172.217.24.0-255,1484,32862,20,178394
355,0.000211,172.31.36.0-255,66,32928,20,178394
356,0.000216,172.217.24.0-255,2902,35830,20,178394
357,0.000219,172.31.36.0-255,66,35896,20,178394
358,0.000222,172.217.24.0-255,1484,37380,20,178394
359,0.000224,172.31.36.0-255,66,37446,20,178394
360,0.000248,172.217.24.0-255,4320,41766,20,178394
361,0.00025,172.31.36.0-255,66,41832,20,178394
362,0.000269,172.217.24.0-255,2902,44734,20,178394
363,0.000271,172.31.36.0-255,66,44800,20,178394
364,0.000296,172.217.24.0-255,3961,48761,20,178394
365,0.000298,172.31.36.0-255,66,48827,20,178394
366,0.00036,172.217.24.0-255,1484,50311,20,178394
367,0.000366,172.217.24.0-255,2902,53213,20,178394
368,0.000369,172.31.36.0-255,66,53279,20,178394
369,0.000393,172.217.24.0-255,5738,59017,20,178394
370,0.000396,172.31.36.0-255,66,59083,20,178394
371,0.0004,172.217.24.0-255,2902,61985,20,178394
372,0.000402,172.31.36.0-255,66,62051,20,178394
373,0.000441,172.217.24.0-255,3961,66012,20,178394
374,0.000444,172.31.36.0-255,66,66078,20,178394
375,0.000468,172.217.24.0-255,395,66473,20,178394
376,0.001107,172.31.36.0-255,66,66539,20,178394
377,0.002435,172.217.24.0-255,4320,70859,20,178394
378,0.002442,172.31.36.0-255,66,70925,20,178394
379,0.003056,172.217.24.0-255,1484,72409,20,178394
380,0.004418,172.217.24.0-255,4320,76729,20,178394
381,0.004422,172.31.36.0-255,66,76795,20,178394
382,0.006398,172.217.24.0-255,5738,82533,20,178394
383,0.006405,172.31.36.0-255,66,82599,20,178394
384,0.008381,172.217.24.0-255,5738,88337,20,178394
385,0.008388,172.31.36.0-255,66,88403,20,178394
386,0.010355,172.217.24.0-255,5738,94141,20,178394
387,0.010364,172.31.36.0-255,66,94207,20,178394
388,0.012354,172.217.24.0-255,5738,99945,20,178394
389,0.012361,172.31.36.0-255,66,100011,20,178394
390,0.014344,172.217.24.0-255,5738,105749,20,178394
391,0.014355,172.31.36.0-255,66,105815,20,178394
392,0.016329,172.217.24.0-255,5738,111553,20,178394
393,0.01634,172.31.36.0-255,66,111619,20,178394
394,0.018309,172.217.24.0-255,5738,117357,20,178394
395,0.018317,172.31.36.0-255,66,117423,20,178394
396,0.020307,172.217.24.0-255,5738,123161,20,178394
397,0.020314,172.31.36.0-255,66,123227,20,178394
398,0.022297,172.217.24.0-255,4320,127547,20,178394
399,0.022305,172.31.36.0-255,66,127613,20,178394
400,0.022341,172.217.24.0-255,1484,129097,20,178394
401,0.024286,172.217.24.0-255,4320,133417,20,178394
402,0.024293,172.31.36.0-255,66,133483,20,178394
403,0.024613,172.31.36.0-255,167,133650,20,178394
404,0.024642,172.31.36.0-255,1111,134761,20,178394
405,0.024707,172.31.36.0-255,1514,136275,20,178394
406,0.02473,172.31.36.0-255,1293,137568,20,178394
407,0.026162,104.244.42.0-255,66,137634,20,178394
408,0.026191,104.244.42.0-255,66,137700,20,178394
409,0.026259,172.217.24.0-255,5738,143438,20,178394
410,0.026265,172.31.36.0-255,66,143504,20,178394
411,0.026292,104.244.42.0-255,66,143570,20,178394
412,0.028246,172.217.24.0-255,5738,149308,20,178394
413,0.028253,172.31.36.0-255,66,149374,20,178394
414,0.03025,172.217.24.0-255,5738,155112,20,178394
415,0.030263,172.31.36.0-255,66,155178,20,178394
416,0.032271,172.217.24.0-255,5738,160916,20,178394
417,0.032278,172.31.36.0-255,66,160982,20,178394
418,0.03425,172.217.24.0-255,5738,166720,20,178394
419,0.034256,172.31.36.0-255,66,166786,20,178394
420,0.036235,172.217.24.0-255,5738,172524,20,178394
421,0.036241,172.31.36.0-255,66,172590,20,178394
422,0.038227,172.217.24.0-255,5738,178328,20,178394
423,0.038234,172.31.36.0-255,66,178394,20,178394
424,0.0,172.217.27.0-255,153,153,20,188878
425,2.5e-05,172.31.36.0-255,66,219,20,188878
426,3.2e-05,172.217.27.0-255,1484,1703,20,188878
427,3.6e-05,172.31.36.0-255,66,1769,20,188878
428,4.2e-05,172.217.27.0-255,2902,4671,20,188878
429,4.7e-05,172.31.36.0-255,66,4737,20,188878
430,5.5e-05,172.217.27.0-255,7156,11893,20,188878
431,5.9e-05,172.31.36.0-255,66,11959,20,188878
432,9e-05,172.217.27.0-255,2902,14861,20,188878
433,9.3e-05,172.31.36.0-255,66,14927,20,188878
434,0.000113,172.217.27.0-255,2047,16974,20,188878
435,0.000116,172.31.36.0-255,66,17040,20,188878
436,0.000122,172.217.27.0-255,5738,22778,20,188878
437,0.000125,172.31.36.0-255,66,22844,20,188878
438,0.000136,172.31.36.0-255,66,22910,20,188878
439,0.000184,172.217.27.0-255,7156,30066,20,188878
440,0.000187,172.31.36.0-255,66,30132,20,188878
441,0.000198,172.31.36.0-255,66,30198,20,188878
442,0.000201,172.217.27.0-255,1125,31323,20,188878
443,0.000203,172.31.36.0-255,66,31389,20,188878
444,0.000329,172.217.27.0-255,1484,32873,20,188878
445,0.000333,172.31.36.0-255,66,32939,20,188878
446,0.000339,172.217.27.0-255,2902,35841,20,188878
447,0.000342,172.31.36.0-255,66,35907,20,188878
448,0.000346,172.217.27.0-255,2902,38809,20,188878
449,0.000349,172.31.36.0-255,66,38875,20,188878
450,0.000377,172.217.27.0-255,2902,41777,20,188878
451,0.00038,172.31.36.0-255,66,41843,20,188878
452,0.000385,172.217.27.0-255,4320,46163,20,188878
453,0.000388,172.31.36.0-255,66,46229,20,188878
454,0.000393,172.217.27.0-255,2543,48772,20,188878
455,0.000395,172.31.36.0-255,66,48838,20,188878
456,0.000432,172.217.27.0-255,392,49230,20,188878
457,0.000722,172.217.27.0-255,115,49345,20,188878
458,0.00075,172.217.27.0-255,332,49677,20,188878
459,0.001107,172.31.36.0-255,66,49743,20,188878
460,0.001442,172.217.27.0-255,1484,51227,20,188878
461,0.001464,172.217.27.0-255,2902,54129,20,188878
462,0.001468,172.31.36.0-255,66,54195,20,188878
463,0.001494,172.217.27.0-255,5738,59933,20,188878
464,0.001497,172.31.36.0-255,66,59999,20,188878
465,0.001509,172.31.36.0-255,66,60065,20,188878
466,0.001538,172.217.27.0-255,2902,62967,20,188878
467,0.001541,172.31.36.0-255,66,63033,20,188878
468,0.001552,172.31.36.0-255,66,63099,20,188878
469,0.001556,172.217.27.0-255,2184,65283,20,188878
470,0.001559,172.31.36.0-255,66,65349,20,188878
471,0.003341,172.217.27.0-255,5738,71087,20,188878
472,0.003349,172.31.36.0-255,66,71153,20,188878
473,0.005124,172.217.27.0-255,5738,76891,20,188878
474,0.005128,172.31.36.0-255,66,76957,20,188878
475,0.006902,172.217.27.0-255,4320,81277,20,188878
476,0.00691,172.31.36.0-255,66,81343,20,188878
477,0.006932,172.217.27.0-255,1484,82827,20,188878
478,0.0087,172.217.27.0-255,4320,87147,20,188878
479,0.008708,172.31.36.0-255,66,87213,20,188878
480,0.010495,172.217.27.0-255,5738,92951,20,188878
481,0.010502,172.31.36.0-255,66,93017,20,188878
482,0.012282,172.217.27.0-255,5738,98755,20,188878
483,0.012289,172.31.36.0-255,66,98821,20,188878
484,0.014069,172.217.27.0-255,5738,104559,20,188878
485,0.014077,172.31.36.0-255,66,104625,20,188878
486,0.015864,172.217.27.0-255,5738,110363,20,188878
487,0.015874,172.31.36.0-255,66,110429,20,188878
488,0.017657,172.217.27.0-255,5738,116167,20,188878
489,0.017665,172.31.36.0-255,66,116233,20,188878
490,0.019445,172.217.27.0-255,5738,121971,20,188878
491,0.019453,172.31.36.0-255,66,122037,20,188878
492,0.021247,172.217.27.0-255,5738,127775,20,188878
493,0.021254,172.31.36.0-255,66,127841,20,188878
494,0.023084,172.217.27.0-255,5738,133579,20,188878
495,0.023091,172.31.36.0-255,66,133645,20,188878
496,0.024876,172.217.27.0-255,5738,139383,20,188878
497,0.024884,172.31.36.0-255,66,139449,20,188878
498,0.026659,172.217.27.0-255,5738,145187,20,188878
499,0.026666,172.31.36.0-255,66,145253,20,188878
500,0.028461,172.217.27.0-255,5738,150991,20,188878
501,0.028468,172.31.36.0-255,66,151057,20,188878
502,0.030247,172.217.27.0-255,5738,156795,20,188878
503,0.030253,172.31.36.0-255,66,156861,20,188878
504,0.032034,172.217.27.0-255,5738,162599,20,188878
505,0.032043,172.31.36.0-255,66,162665,20,188878
506,0.033843,172.217.27.0-255,5738,168403,20,188878
507,0.033851,172.31.36.0-255,66,168469,20,188878
508,0.035636,172.217.27.0-255,4320,172789,20,188878
509,0.035643,172.31.36.0-255,66,172855,20,188878
510,0.035666,172.217.27.0-255,1484,174339,20,188878
511,0.037209,172.31.36.0-255,167,174506,20,188878
512,0.037242,172.31.36.0-255,1111,175617,20,188878
513,0.037332,172.31.36.0-255,1514,177131,20,188878
514,0.037334,172.31.36.0-255,1293,178424,20,188878
515,0.037458,172.217.27.0-255,4320,182744,20,188878
516,0.037464,172.31.36.0-255,66,182810,20,188878
517,0.038858,104.244.42.0-255,66,182876,20,188878
518,0.038884,104.244.42.0-255,66,182942,20,188878
519,0.038989,104.244.42.0-255,66,183008,20,188878
520,0.039234,172.217.27.0-255,1484,184492,20,188878
521,0.039253,172.217.27.0-255,4320,188812,20,188878
522,0.039258,172.31.36.0-255,66,188878,20,188878
523,0.0,18.236.49.0-255,66,66,20,66
524,0.0,172.31.36.0-255,66,66,20,66
525,0.0,74.125.24.0-255,143,143,20,205826
526,1.5e-05,172.31.36.0-255,66,209,20,205826
527,2.2e-05,74.125.24.0-255,1484,1693,20,205826
528,2.5e-05,172.31.36.0-255,66,1759,20,205826
529,3.2e-05,74.125.24.0-255,2902,4661,20,205826
530,3.4e-05,172.31.36.0-255,66,4727,20,205826
531,5e-05,74.125.24.0-255,7156,11883,20,205826
532,5.3e-05,172.31.36.0-255,66,11949,20,205826
533,5.7e-05,74.125.24.0-255,2028,13977,20,205826
534,5.9e-05,172.31.36.0-255,66,14043,20,205826
535,0.000137,74.125.24.0-255,1484,15527,20,205826
536,0.00014,172.31.36.0-255,66,15593,20,205826
537,0.000145,74.125.24.0-255,2902,18495,20,205826
538,0.000148,172.31.36.0-255,66,18561,20,205826
539,0.000151,74.125.24.0-255,1484,20045,20,205826
540,0.000157,172.31.36.0-255,66,20111,20,205826
541,0.000189,74.125.24.0-255,4320,24431,20,205826
542,0.000192,172.31.36.0-255,66,24497,20,205826
543,0.000219,172.31.36.0-255,66,24563,20,205826
544,0.00024,74.125.24.0-255,2543,27106,20,205826
545,0.000242,172.31.36.0-255,66,27172,20,205826
546,0.000249,74.125.24.0-255,5738,32910,20,205826
547,0.000251,172.31.36.0-255,66,32976,20,205826
548,0.000254,74.125.24.0-255,1484,34460,20,205826
549,0.000256,172.31.36.0-255,66,34526,20,205826
550,0.00028,74.125.24.0-255,2543,37069,20,205826
551,0.000283,172.31.36.0-255,66,37135,20,205826
552,0.000473,74.125.24.0-255,1484,38619,20,205826
553,0.000478,172.31.36.0-255,66,38685,20,205826
554,0.000484,74.125.24.0-255,2902,41587,20,205826
555,0.000487,172.31.36.0-255,66,41653,20,205826
556,0.000518,74.125.24.0-255,5738,47391,20,205826
557,0.00052,172.31.36.0-255,66,47457,20,205826
558,0.000524,74.125.24.0-255,2902,50359,20,205826
559,0.000526,172.31.36.0-255,66,50425,20,205826
560,0.000546,74.125.24.0-255,2902,53327,20,205826
561,0.000552,172.31.36.0-255,66,53393,20,205826
562,0.000576,74.125.24.0-255,1472,54865,20,205826
563,0.000736,74.125.24.0-255,330,55195,20,205826
564,0.00074,172.31.36.0-255,66,55261,20,205826
565,0.001398,74.125.24.0-255,1484,56745,20,205826
566,0.001407,74.125.24.0-255,1484,58229,20,205826
567,0.001411,172.31.36.0-255,66,58295,20,205826
568,0.00144,74.125.24.0-255,1484,59779,20,205826
569,0.001447,74.125.24.0-255,5738,65517,20,205826
570,0.001449,172.31.36.0-255,66,65583,20,205826
571,0.001457,74.125.24.0-255,7156,72739,20,205826
572,0.001459,172.31.36.0-255,66,72805,20,205826
573,0.001487,74.125.24.0-255,1484,74289,20,205826
574,0.001508,74.125.24.0-255,5738,80027,20,205826
575,0.00151,172.31.36.0-255,66,80093,20,205826
576,0.001538,172.31.36.0-255,66,80159,20,205826
577,0.002031,74.125.24.0-255,1484,81643,20,205826
578,0.00204,74.125.24.0-255,2902,84545,20,205826
579,0.002044,172.31.36.0-255,66,84611,20,205826
580,0.002074,74.125.24.0-255,5738,90349,20,205826
581,0.002076,172.31.36.0-255,66,90415,20,205826
582,0.00208,74.125.24.0-255,1484,91899,20,205826
583,0.002098,74.125.24.0-255,1484,93383,20,205826
584,0.002101,172.31.36.0-255,66,93449,20,205826
585,0.002136,172.31.36.0-255,66,93515,20,205826
586,0.002143,74.125.24.0-255,4320,97835,20,205826
587,0.002145,172.31.36.0-255,66,97901,20,205826
588,0.002173,74.125.24.0-255,2902,100803,20,205826
589,0.002176,172.31.36.0-255,66,100869,20,205826
590,0.002182,74.125.24.0-255,3602,104471,20,205826
591,0.002183,172.31.36.0-255,66,104537,20,205826
592,0.004355,74.125.24.0-255,4320,108857,20,205826
593,0.004361,172.31.36.0-255,66,108923,20,205826
594,0.004388,74.125.24.0-255,1484,110407,20,205826
595,0.006552,74.125.24.0-255,4320,114727,20,205826
596,0.006555,172.31.36.0-255,66,114793,20,205826
597,0.008757,74.125.24.0-255,5738,120531,20,205826
598,0.008764,172.31.36.0-255,66,120597,20,205826
599,0.010971,74.125.24.0-255,5738,126335,20,205826
600,0.01098,172.31.36.0-255,66,126401,20,205826
601,0.01322,74.125.24.0-255,5738,132139,20,205826
602,0.013228,172.31.36.0-255,66,132205,20,205826
603,0.015467,74.125.24.0-255,5738,137943,20,205826
604,0.015476,172.31.36.0-255,66,138009,20,205826
605,0.017652,74.125.24.0-255,4320,142329,20,205826
606,0.017664,172.31.36.0-255,66,142395,20,205826
607,0.017697,74.125.24.0-255,1484,143879,20,205826
608,0.019826,74.125.24.0-255,4320,148199,20,205826
609,0.019835,172.31.36.0-255,66,148265,20,205826
610,0.022039,74.125.24.0-255,5738,154003,20,205826
611,0.022047,172.31.36.0-255,66,154069,20,205826
612,0.024285,74.125.24.0-255,5738,159807,20,205826
613,0.024297,172.31.36.0-255,66,159873,20,205826
614,0.02648,74.125.24.0-255,5738,165611,20,205826
615,0.026489,172.31.36.0-255,66,165677,20,205826
616,0.028676,74.125.24.0-255,5738,171415,20,205826
617,0.028683,172.31.36.0-255,66,171481,20,205826
618,0.02931,172.31.36.0-255,233,171714,20,205826
619,0.029342,172.31.36.0-255,1111,172825,20,205826
620,0.029402,172.31.36.0-255,1514,174339,20,205826
621,0.029404,172.31.36.0-255,1514,175853,20,205826
622,0.029427,172.31.36.0-255,689,176542,20,205826
623,0.030891,74.125.24.0-255,5738,182280,20,205826
624,0.030898,172.31.36.0-255,66,182346,20,205826
625,0.030951,104.244.42.0-255,66,182412,20,205826
626,0.031012,104.244.42.0-255,66,182478,20,205826
627,0.031106,104.244.42.0-255,66,182544,20,205826
628,0.031111,104.244.42.0-255,66,182610,20,205826
629,0.033113,74.125.24.0-255,5738,188348,20,205826
630,0.033119,172.31.36.0-255,66,188414,20,205826
631,0.035296,74.125.24.0-255,5738,194152,20,205826
632,0.035303,172.31.36.0-255,66,194218,20,205826
633,0.037464,74.125.24.0-255,5738,199956,20,205826
634,0.03747,172.31.36.0-255,66,200022,20,205826
635,0.03965,74.125.24.0-255,5738,205760,20,205826
636,0.039657,172.31.36.0-255,66,205826,20,205826
637,0.0,74.125.24.0-255,153,153,20,214849
638,3.1e-05,172.31.36.0-255,66,219,20,214849
639,3.8e-05,74.125.24.0-255,1484,1703,20,214849
640,4.2e-05,172.31.36.0-255,66,1769,20,214849
641,4.6e-05,74.125.24.0-255,2902,4671,20,214849
642,4.9e-05,172.31.36.0-255,66,4737,20,214849
643,5.6e-05,74.125.24.0-255,7156,11893,20,214849
644,5.9e-05,172.31.36.0-255,66,11959,20,214849
645,0.000103,172.31.36.0-255,66,12025,20,214849
646,0.000137,172.31.36.0-255,66,12091,20,214849
647,0.000209,74.125.24.0-255,1484,13575,20,214849
648,0.000213,172.31.36.0-255,66,13641,20,214849
649,0.000218,74.125.24.0-255,2902,16543,20,214849
650,0.00022,172.31.36.0-255,66,16609,20,214849
651,0.000247,74.125.24.0-255,4320,20929,20,214849
652,0.00025,172.31.36.0-255,66,20995,20,214849
653,0.000282,74.125.24.0-255,7156,28151,20,214849
654,0.000288,172.31.36.0-255,66,28217,20,214849
655,0.000318,172.31.36.0-255,66,28283,20,214849
656,0.000341,172.31.36.0-255,66,28349,20,214849
657,0.000365,74.125.24.0-255,1479,29828,20,214849
658,0.000368,172.31.36.0-255,66,29894,20,214849
659,0.000413,74.125.24.0-255,331,30225,20,214849
660,0.000416,172.31.36.0-255,66,30291,20,214849
661,0.000701,74.125.24.0-255,1484,31775,20,214849
662,0.000706,172.31.36.0-255,66,31841,20,214849
663,0.000725,74.125.24.0-255,2902,34743,20,214849
664,0.000728,172.31.36.0-255,66,34809,20,214849
665,0.000743,74.125.24.0-255,4320,39129,20,214849
666,0.000745,172.31.36.0-255,66,39195,20,214849
667,0.000749,74.125.24.0-255,1484,40679,20,214849
668,0.000775,74.125.24.0-255,7156,47835,20,214849
669,0.000777,172.31.36.0-255,66,47901,20,214849
670,0.000782,74.125.24.0-255,2902,50803,20,214849
671,0.000784,172.31.36.0-255,66,50869,20,214849
672,0.000807,172.31.36.0-255,66,50935,20,214849
673,0.000838,74.125.24.0-255,5020,55955,20,214849
674,0.000842,172.31.36.0-255,66,56021,20,214849
675,0.001083,74.125.24.0-255,1484,57505,20,214849
676,0.00109,74.125.24.0-255,2902,60407,20,214849
677,0.001093,172.31.36.0-255,66,60473,20,214849
678,0.0011,74.125.24.0-255,4320,64793,20,214849
679,0.001102,172.31.36.0-255,66,64859,20,214849
680,0.001131,74.125.24.0-255,1484,66343,20,214849
681,0.001146,172.31.36.0-255,66,66409,20,214849
682,0.001151,74.125.24.0-255,2902,69311,20,214849
683,0.001153,172.31.36.0-255,66,69377,20,214849
684,0.001175,172.31.36.0-255,66,69443,20,214849
685,0.001212,74.125.24.0-255,1484,70927,20,214849
686,0.001217,74.125.24.0-255,2902,73829,20,214849
687,0.001219,172.31.36.0-255,66,73895,20,214849
688,0.001241,74.125.24.0-255,5738,79633,20,214849
689,0.001244,172.31.36.0-255,66,79699,20,214849
690,0.001249,74.125.24.0-255,4320,84019,20,214849
691,0.001252,172.31.36.0-255,66,84085,20,214849
692,0.001264,74.125.24.0-255,2902,86987,20,214849
693,0.001266,172.31.36.0-255,66,87053,20,214849
694,0.001311,172.31.36.0-255,66,87119,20,214849
695,0.00133,74.125.24.0-255,2184,89303,20,214849
696,0.001333,172.31.36.0-255,66,89369,20,214849
697,0.001974,74.125.24.0-255,1484,90853,20,214849
698,0.001985,74.125.24.0-255,2902,93755,20,214849
699,0.001989,172.31.36.0-255,66,93821,20,214849
700,0.001995,74.125.24.0-255,4320,98141,20,214849
701,0.001997,172.31.36.0-255,66,98207,20,214849
702,0.002021,74.125.24.0-255,1484,99691,20,214849
703,0.002028,74.125.24.0-255,5738,105429,20,214849
704,0.002031,172.31.36.0-255,66,105495,20,214849
705,0.002049,74.125.24.0-255,7156,112651,20,214849
706,0.002051,172.31.36.0-255,66,112717,20,214849
707,0.002073,74.125.24.0-255,1484,114201,20,214849
708,0.002097,172.31.36.0-255,66,114267,20,214849
709,0.004196,74.125.24.0-255,5738,120005,20,214849
710,0.004201,172.31.36.0-255,66,120071,20,214849
711,0.006315,74.125.24.0-255,4320,124391,20,214849
712,0.006318,172.31.36.0-255,66,124457,20,214849
713,0.006334,74.125.24.0-255,1484,125941,20,214849
714,0.008419,74.125.24.0-255,4320,130261,20,214849
715,0.008427,172.31.36.0-255,66,130327,20,214849
716,0.010528,74.125.24.0-255,5738,136065,20,214849
717,0.010539,172.31.36.0-255,66,136131,20,214849
718,0.012646,74.125.24.0-255,5738,141869,20,214849
719,0.012654,172.31.36.0-255,66,141935,20,214849
720,0.014777,74.125.24.0-255,5738,147673,20,214849
721,0.01479,172.31.36.0-255,66,147739,20,214849
722,0.016869,74.125.24.0-255,4320,152059,20,214849
723,0.016877,172.31.36.0-255,66,152125,20,214849
724,0.01691,74.125.24.0-255,1484,153609,20,214849
725,0.018957,74.125.24.0-255,4320,157929,20,214849
726,0.018964,172.31.36.0-255,66,157995,20,214849
727,0.021083,74.125.24.0-255,5738,163733,20,214849
728,0.02109,172.31.36.0-255,66,163799,20,214849
729,0.023191,74.125.24.0-255,5738,169537,20,214849
730,0.023198,172.31.36.0-255,66,169603,20,214849
731,0.025302,74.125.24.0-255,5738,175341,20,214849
732,0.02531,172.31.36.0-255,66,175407,20,214849
733,0.02741,74.125.24.0-255,5738,181145,20,214849
734,0.027419,172.31.36.0-255,66,181211,20,214849
735,0.02951,74.125.24.0-255,5738,186949,20,214849
736,0.029518,172.31.36.0-255,66,187015,20,214849
737,0.031638,74.125.24.0-255,5738,192753,20,214849
738,0.031644,172.31.36.0-255,66,192819,20,214849
739,0.031832,172.31.36.0-255,172,192991,20,214849
740,0.031859,172.31.36.0-255,1107,194098,20,214849
741,0.031901,172.31.36.0-255,1514,195612,20,214849
742,0.031904,172.31.36.0-255,1297,196909,20,214849
743,0.03342,104.244.42.0-255,66,196975,20,214849
744,0.033449,104.244.42.0-255,66,197041,20,214849
745,0.033467,104.244.42.0-255,66,197107,20,214849
746,0.033729,74.125.24.0-255,1484,198591,20,214849
747,0.033756,74.125.24.0-255,4320,202911,20,214849
748,0.033761,172.31.36.0-255,66,202977,20,214849
749,0.035851,74.125.24.0-255,2902,205879,20,214849
750,0.035855,172.31.36.0-255,66,205945,20,214849
751,0.035889,74.125.24.0-255,2902,208847,20,214849
752,0.035892,172.31.36.0-255,66,208913,20,214849
753,0.037952,74.125.24.0-255,2902,211815,20,214849
754,0.037957,172.31.36.0-255,66,211881,20,214849
755,0.037994,74.125.24.0-255,2902,214783,20,214849
756,0.037997,172.31.36.0-255,66,214849,20,214849
757,0.0,172.31.36.0-255,105,105,20,214201
758,0.000232,172.31.36.0-255,90,195,20,214201
759,0.000243,172.31.36.0-255,66,261,20,214201
760,0.002317,74.125.68.0-255,66,327,20,214201
761,0.002342,74.125.68.0-255,66,393,20,214201
762,0.002365,172.31.36.0-255,66,459,20,214201
763,0.022339,172.217.194.0-255,153,612,20,214201
764,0.022351,172.31.36.0-255,66,678,20,214201
765,0.022357,172.217.194.0-255,1484,2162,20,214201
766,0.022361,172.31.36.0-255,66,2228,20,214201
767,0.022372,172.217.194.0-255,2902,5130,20,214201
768,0.022376,172.31.36.0-255,66,5196,20,214201
769,0.022384,172.217.194.0-255,7156,12352,20,214201
770,0.022387,172.31.36.0-255,66,12418,20,214201
771,0.022415,172.217.194.0-255,2049,14467,20,214201
772,0.022418,172.31.36.0-255,66,14533,20,214201
773,0.022423,172.217.194.0-255,2902,17435,20,214201
774,0.022426,172.31.36.0-255,66,17501,20,214201
775,0.022429,172.217.194.0-255,1484,18985,20,214201
776,0.022432,172.31.36.0-255,66,19051,20,214201
777,0.022467,172.217.194.0-255,5738,24789,20,214201
778,0.02247,172.31.36.0-255,66,24855,20,214201
779,0.022483,172.217.194.0-255,6797,31652,20,214201
780,0.022485,172.31.36.0-255,66,31718,20,214201
781,0.022569,172.217.194.0-255,1484,33202,20,214201
782,0.022574,172.31.36.0-255,66,33268,20,214201
783,0.022579,172.217.194.0-255,2902,36170,20,214201
784,0.022581,172.31.36.0-255,66,36236,20,214201
785,0.022585,172.217.194.0-255,1484,37720,20,214201
786,0.022587,172.31.36.0-255,66,37786,20,214201
787,0.022621,172.217.194.0-255,4320,42106,20,214201
788,0.022624,172.31.36.0-255,66,42172,20,214201
789,0.022636,172.31.36.0-255,66,42238,20,214201
790,0.022653,172.31.36.0-255,66,42304,20,214201
791,0.022658,172.217.194.0-255,4273,46577,20,214201
792,0.022661,172.31.36.0-255,66,46643,20,214201
793,0.022903,172.217.194.0-255,364,47007,20,214201
794,0.023066,172.217.194.0-255,1484,48491,20,214201
795,0.023071,172.31.36.0-255,66,48557,20,214201
796,0.023078,172.217.194.0-255,2902,51459,20,214201
797,0.02308,172.31.36.0-255,66,51525,20,214201
798,0.023084,172.217.194.0-255,1484,53009,20,214201
799,0.023112,172.217.194.0-255,4320,57329,20,214201
800,0.023114,172.31.36.0-255,66,57395,20,214201
801,0.02312,172.217.194.0-255,4320,61715,20,214201
802,0.023122,172.31.36.0-255,66,61781,20,214201
803,0.023161,172.31.36.0-255,66,61847,20,214201
804,0.023173,172.31.36.0-255,66,61913,20,214201
805,0.023219,172.217.194.0-255,1484,63397,20,214201
806,0.023223,172.217.194.0-255,1484,64881,20,214201
807,0.023226,172.31.36.0-255,66,64947,20,214201
808,0.02325,172.217.194.0-255,1484,66431,20,214201
809,0.023257,172.217.194.0-255,5738,72169,20,214201
810,0.02326,172.31.36.0-255,66,72235,20,214201
811,0.023291,172.31.36.0-255,66,72301,20,214201
812,0.023299,172.217.194.0-255,7156,79457,20,214201
813,0.023301,172.31.36.0-255,66,79523,20,214201
814,0.023333,172.217.194.0-255,3602,83125,20,214201
815,0.023338,172.31.36.0-255,66,83191,20,214201
816,0.023496,172.217.194.0-255,1484,84675,20,214201
817,0.023515,172.217.194.0-255,2902,87577,20,214201
818,0.023519,172.31.36.0-255,66,87643,20,214201
819,0.023526,172.217.194.0-255,5738,93381,20,214201
820,0.023528,172.31.36.0-255,66,93447,20,214201
821,0.023569,172.31.36.0-255,66,93513,20,214201
822,0.023597,172.217.194.0-255,4320,97833,20,214201
823,0.0236,172.31.36.0-255,66,97899,20,214201
824,0.02363,172.217.194.0-255,6438,104337,20,214201
825,0.023633,172.31.36.0-255,66,104403,20,214201
826,0.023639,172.217.194.0-255,4320,108723,20,214201
827,0.023641,172.31.36.0-255,66,108789,20,214201
828,0.023678,172.217.194.0-255,7156,115945,20,214201
829,0.023691,172.31.36.0-255,66,116011,20,214201
830,0.02371,172.217.194.0-255,2902,118913,20,214201
831,0.023754,172.31.36.0-255,66,118979,20,214201
832,0.023776,172.217.194.0-255,5738,124717,20,214201
833,0.023799,172.31.36.0-255,66,124783,20,214201
834,0.023811,172.217.194.0-255,6438,131221,20,214201
835,0.023822,172.31.36.0-255,66,131287,20,214201
836,0.023851,172.217.194.0-255,1484,132771,20,214201
837,0.023856,172.217.194.0-255,2902,135673,20,214201
838,0.023868,172.31.36.0-255,66,135739,20,214201
839,0.023885,172.217.194.0-255,5738,141477,20,214201
840,0.023958,172.217.194.0-255,4320,145797,20,214201
841,0.023971,172.217.194.0-255,2184,147981,20,214201
842,0.023981,172.31.36.0-255,66,148047,20,214201
843,0.024024,172.217.194.0-255,1484,149531,20,214201
844,0.024028,172.217.194.0-255,1484,151015,20,214201
845,0.024042,172.217.194.0-255,1484,152499,20,214201
846,0.024049,172.217.194.0-255,5738,158237,20,214201
847,0.024051,172.217.194.0-255,1484,159721,20,214201
848,0.024054,172.31.36.0-255,66,159787,20,214201
849,0.024061,172.31.36.0-255,66,159853,20,214201
850,0.02409,172.217.194.0-255,5738,165591,20,214201
851,0.024107,172.217.194.0-255,2184,167775,20,214201
852,0.024126,172.31.36.0-255,66,167841,20,214201
853,0.024843,172.217.194.0-255,1484,169325,20,214201
854,0.02485,172.217.194.0-255,2902,172227,20,214201
855,0.024853,172.31.36.0-255,66,172293,20,214201
856,0.02486,172.217.194.0-255,5738,178031,20,214201
857,0.024863,172.217.194.0-255,1484,179515,20,214201
858,0.024879,172.217.194.0-255,1484,180999,20,214201
859,0.024882,172.217.194.0-255,1484,182483,20,214201
860,0.024888,172.31.36.0-255,66,182549,20,214201
861,0.024916,172.217.194.0-255,2902,185451,20,214201
862,0.024919,172.217.194.0-255,1484,186935,20,214201
863,0.02493,172.31.36.0-255,66,187001,20,214201
864,0.024969,172.217.194.0-255,5020,192021,20,214201
865,0.024972,172.217.194.0-255,1484,193505,20,214201
866,0.024976,172.217.194.0-255,2902,196407,20,214201
867,0.02499,172.31.36.0-255,66,196473,20,214201
868,0.024996,172.217.194.0-255,4320,200793,20,214201
869,0.025001,172.31.36.0-255,66,200859,20,214201
870,0.025027,172.217.194.0-255,2902,203761,20,214201
871,0.02507,172.31.36.0-255,66,203827,20,214201
872,0.025079,172.217.194.0-255,1484,205311,20,214201
873,0.025088,172.217.194.0-255,2902,208213,20,214201
874,0.025098,172.31.36.0-255,66,208279,20,214201
875,0.025123,172.217.194.0-255,5514,213793,20,214201
876,0.025138,172.31.36.0-255,66,213859,20,214201
877,0.025148,172.217.194.0-255,105,213964,20,214201
878,0.026806,172.31.36.0-255,66,214030,20,214201
879,0.026842,172.31.36.0-255,105,214135,20,214201
880,0.029085,172.217.194.0-255,66,214201,20,214201
881,0.0,74.125.200.0-255,150,150,20,276100
882,2.4e-05,172.31.36.0-255,66,216,20,276100
883,6.6e-05,74.125.200.0-255,1484,1700,20,276100
884,7.1e-05,172.31.36.0-255,66,1766,20,276100
885,7.5e-05,74.125.200.0-255,1484,3250,20,276100
886,7.8e-05,172.31.36.0-255,66,3316,20,276100
887,0.00011,74.125.200.0-255,2902,6218,20,276100
888,0.000113,172.31.36.0-255,66,6284,20,276100
889,0.00012,74.125.200.0-255,5738,12022,20,276100
890,0.000122,172.31.36.0-255,66,12088,20,276100
891,0.000132,74.125.200.0-255,2036,14124,20,276100
892,0.000134,172.31.36.0-255,66,14190,20,276100
893,0.000139,74.125.200.0-255,2902,17092,20,276100
894,0.000141,172.31.36.0-255,66,17158,20,276100
895,0.000181,74.125.200.0-255,7156,24314,20,276100
896,0.000184,172.31.36.0-255,66,24380,20,276100
897,0.000192,74.125.200.0-255,6797,31177,20,276100
898,0.000194,172.31.36.0-255,66,31243,20,276100
899,0.00045,74.125.200.0-255,1484,32727,20,276100
900,0.000456,172.31.36.0-255,66,32793,20,276100
901,0.000461,74.125.200.0-255,1484,34277,20,276100
902,0.000463,172.31.36.0-255,66,34343,20,276100
903,0.000493,74.125.200.0-255,1484,35827,20,276100
904,0.000496,172.31.36.0-255,66,35893,20,276100
905,0.000503,74.125.200.0-255,4320,40213,20,276100
906,0.000505,172.31.36.0-255,66,40279,20,276100
907,0.000526,74.125.200.0-255,1484,41763,20,276100
908,0.000528,172.31.36.0-255,66,41829,20,276100
909,0.000537,74.125.200.0-255,6797,48626,20,276100
910,0.000545,172.31.36.0-255,66,48692,20,276100
911,0.000552,74.125.200.0-255,7156,55848,20,276100
912,0.000554,172.31.36.0-255,66,55914,20,276100
913,0.000565,172.31.36.0-255,66,55980,20,276100
914,0.000568,74.125.200.0-255,1436,57416,20,276100
915,0.000675,74.125.200.0-255,112,57528,20,276100
916,0.000768,74.125.200.0-255,1484,59012,20,276100
917,0.000772,172.31.36.0-255,66,59078,20,276100
918,0.000776,74.125.200.0-255,1484,60562,20,276100
919,0.000801,74.125.200.0-255,1484,62046,20,276100
920,0.000803,172.31.36.0-255,66,62112,20,276100
921,0.00081,74.125.200.0-255,5738,67850,20,276100
922,0.000813,172.31.36.0-255,66,67916,20,276100
923,0.000851,172.31.36.0-255,66,67982,20,276100
924,0.000904,74.125.200.0-255,4320,72302,20,276100
925,0.000907,172.31.36.0-255,66,72368,20,276100
926,0.000936,74.125.200.0-255,5738,78106,20,276100
927,0.000939,172.31.36.0-255,66,78172,20,276100
928,0.000961,74.125.200.0-255,766,78938,20,276100
929,0.001021,74.125.200.0-255,1484,80422,20,276100
930,0.001024,172.31.36.0-255,66,80488,20,276100
931,0.001029,74.125.200.0-255,2902,83390,20,276100
932,0.001032,172.31.36.0-255,66,83456,20,276100
933,0.001064,74.125.200.0-255,2902,86358,20,276100
934,0.001066,172.31.36.0-255,66,86424,20,276100
935,0.001092,74.125.200.0-255,4320,90744,20,276100
936,0.001094,172.31.36.0-255,66,90810,20,276100
937,0.001098,74.125.200.0-255,1484,92294,20,276100
938,0.0011,74.125.200.0-255,1484,93778,20,276100
939,0.001102,172.31.36.0-255,66,93844,20,276100
940,0.001123,74.125.200.0-255,5738,99582,20,276100
941,0.001126,172.31.36.0-255,66,99648,20,276100
942,0.001159,172.31.36.0-255,66,99714,20,276100
943,0.001169,74.125.200.0-255,3602,103316,20,276100
944,0.001171,172.31.36.0-255,66,103382,20,276100
945,0.001194,74.125.200.0-255,1484,104866,20,276100
946,0.001199,74.125.200.0-255,2902,107768,20,276100
947,0.001201,172.31.36.0-255,66,107834,20,276100
948,0.001227,74.125.200.0-255,4320,112154,20,276100
949,0.00123,172.31.36.0-255,66,112220,20,276100
950,0.001257,74.125.200.0-255,1484,113704,20,276100
951,0.001272,74.125.200.0-255,1484,115188,20,276100
952,0.001274,172.31.36.0-255,66,115254,20,276100
953,0.001309,172.31.36.0-255,66,115320,20,276100
954,0.001328,172.31.36.0-255,66,115386,20,276100
955,0.001565,74.125.200.0-255,1484,116870,20,276100
956,0.001598,74.125.200.0-255,2902,119772,20,276100
957,0.001601,172.31.36.0-255,66,119838,20,276100
958,0.00163,74.125.200.0-255,1484,121322,20,276100
959,0.001635,74.125.200.0-255,2902,124224,20,276100
960,0.001637,172.31.36.0-255,66,124290,20,276100
961,0.001664,74.125.200.0-255,4320,128610,20,276100
962,0.001667,172.31.36.0-255,66,128676,20,276100
963,0.001695,74.125.200.0-255,5738,134414,20,276100
964,0.001698,172.31.36.0-255,66,134480,20,276100
965,0.001736,74.125.200.0-255,1484,135964,20,276100
966,0.001814,74.125.200.0-255,1484,137448,20,276100
967,0.001817,172.31.36.0-255,66,137514,20,276100
968,0.001822,74.125.200.0-255,2902,140416,20,276100
969,0.001824,172.31.36.0-255,66,140482,20,276100
970,0.001862,74.125.200.0-255,5738,146220,20,276100
971,0.001865,172.31.36.0-255,66,146286,20,276100
972,0.001869,74.125.200.0-255,2902,149188,20,276100
973,0.001871,172.31.36.0-255,66,149254,20,276100
974,0.00189,74.125.200.0-255,766,150020,20,276100
975,0.002053,74.125.200.0-255,1484,151504,20,276100
976,0.002057,172.31.36.0-255,66,151570,20,276100
977,0.002062,74.125.200.0-255,2902,154472,20,276100
978,0.002065,172.31.36.0-255,66,154538,20,276100
979,0.002068,74.125.200.0-255,1484,156022,20,276100
980,0.002078,74.125.200.0-255,2902,158924,20,276100
981,0.002081,172.31.36.0-255,66,158990,20,276100
982,0.002087,74.125.200.0-255,5738,164728,20,276100
983,0.002089,172.31.36.0-255,66,164794,20,276100
984,0.002118,74.125.200.0-255,4320,169114,20,276100
985,0.002121,172.31.36.0-255,66,169180,20,276100
986,0.002149,74.125.200.0-255,4320,173500,20,276100
987,0.002152,172.31.36.0-255,66,173566,20,276100
988,0.002157,74.125.200.0-255,4320,177886,20,276100
989,0.00216,172.31.36.0-255,66,177952,20,276100
990,0.002193,74.125.200.0-255,5738,183690,20,276100
991,0.002196,172.31.36.0-255,66,183756,20,276100
992,0.002199,74.125.200.0-255,766,184522,20,276100
993,0.003285,172.31.36.0-255,66,184588,20,276100
994,0.004466,74.125.200.0-255,4320,188908,20,276100
995,0.004474,172.31.36.0-255,66,188974,20,276100
996,0.005522,74.125.200.0-255,1484,190458,20,276100
997,0.006743,74.125.200.0-255,4320,194778,20,276100
998,0.006751,172.31.36.0-255,66,194844,20,276100
999,0.009036,74.125.200.0-255,5738,200582,20,276100
1000,0.009042,172.31.36.0-255,66,200648,20,276100
1001,0.011317,74.125.200.0-255,5738,206386,20,276100
1002,0.011337,172.31.36.0-255,66,206452,20,276100
1003,0.013607,74.125.200.0-255,5738,212190,20,276100
1004,0.013621,172.31.36.0-255,66,212256,20,276100
1005,0.015902,74.125.200.0-255,5738,217994,20,276100
1006,0.015918,172.31.36.0-255,66,218060,20,276100
1007,0.018191,74.125.200.0-255,5738,223798,20,276100
1008,0.018208,172.31.36.0-255,66,223864,20,276100
1009,0.020473,74.125.200.0-255,5738,229602,20,276100
1010,0.020487,172.31.36.0-255,66,229668,20,276100
1011,0.022749,74.125.200.0-255,5738,235406,20,276100
1012,0.022762,172.31.36.0-255,66,235472,20,276100
1013,0.025042,74.125.200.0-255,5738,241210,20,276100
1014,0.025057,172.31.36.0-255,66,241276,20,276100
1015,0.027539,74.125.200.0-255,5738,247014,20,276100
1016,0.027552,172.31.36.0-255,66,247080,20,276100
1017,0.02982,74.125.200.0-255,5738,252818,20,276100
1018,0.029833,172.31.36.0-255,66,252884,20,276100
1019,0.032101,74.125.200.0-255,5738,258622,20,276100
1020,0.032112,172.31.36.0-255,66,258688,20,276100
1021,0.034402,74.125.200.0-255,5738,264426,20,276100
1022,0.034413,172.31.36.0-255,66,264492,20,276100
1023,0.03668,74.125.200.0-255,5738,270230,20,276100
1024,0.036691,172.31.36.0-255,66,270296,20,276100
1025,0.038956,74.125.200.0-255,5738,276034,20,276100
1026,0.038968,172.31.36.0-255,66,276100,20,276100
1027,0.0,74.125.68.0-255,298,298,20,145728
1028,2.1e-05,172.31.36.0-255,66,364,20,145728
1029,2.8e-05,74.125.68.0-255,1484,1848,20,145728
1030,3.2e-05,172.31.36.0-255,66,1914,20,145728
1031,4.8e-05,74.125.68.0-255,4320,6234,20,145728
1032,5.2e-05,172.31.36.0-255,66,6300,20,145728
1033,0.000174,74.125.68.0-255,5738,12038,20,145728
1034,0.000178,172.31.36.0-255,66,12104,20,145728
1035,0.000369,74.125.68.0-255,4320,16424,20,145728
1036,0.000374,172.31.36.0-255,66,16490,20,145728
1037,0.000402,74.125.68.0-255,1837,18327,20,145728
1038,0.000406,172.31.36.0-255,66,18393,20,145728
1039,0.000559,74.125.68.0-255,2902,21295,20,145728
1040,0.000564,172.31.36.0-255,66,21361,20,145728
1041,0.000656,74.125.68.0-255,2902,24263,20,145728
1042,0.00066,172.31.36.0-255,66,24329,20,145728
1043,0.000687,172.31.36.0-255,66,24395,20,145728
1044,0.001033,172.31.36.0-255,66,24461,20,145728
1045,0.001062,74.125.68.0-255,4320,28781,20,145728
1046,0.001066,172.31.36.0-255,66,28847,20,145728
1047,0.001454,74.125.68.0-255,7156,36003,20,145728
1048,0.001461,172.31.36.0-255,66,36069,20,145728
1049,0.001504,172.31.36.0-255,66,36135,20,145728
1050,0.002061,74.125.68.0-255,676,36811,20,145728
1051,0.002067,172.31.36.0-255,66,36877,20,145728
1052,0.0021,74.125.68.0-255,2902,39779,20,145728
1053,0.002102,172.31.36.0-255,66,39845,20,145728
1054,0.002147,172.31.36.0-255,66,39911,20,145728
1055,0.002823,74.125.68.0-255,3602,43513,20,145728
1056,0.003193,74.125.68.0-255,1484,44997,20,145728
1057,0.00324,74.125.68.0-255,7156,52153,20,145728
1058,0.004109,172.31.36.0-255,66,52219,20,145728
1059,0.006068,74.125.68.0-255,5738,57957,20,145728
1060,0.006075,172.31.36.0-255,66,58023,20,145728
1061,0.008026,74.125.68.0-255,5738,63761,20,145728
1062,0.008033,172.31.36.0-255,66,63827,20,145728
1063,0.009983,74.125.68.0-255,5738,69565,20,145728
1064,0.009991,172.31.36.0-255,66,69631,20,145728
1065,0.011952,74.125.68.0-255,5738,75369,20,145728
1066,0.015453,172.31.36.0-255,66,75435,20,145728
1067,0.017414,74.125.68.0-255,5738,81173,20,145728
1068,0.017424,172.31.36.0-255,66,81239,20,145728
1069,0.019409,74.125.68.0-255,5738,86977,20,145728
1070,0.019416,172.31.36.0-255,66,87043,20,145728
1071,0.021372,74.125.68.0-255,5738,92781,20,145728
1072,0.02138,172.31.36.0-255,66,92847,20,145728
1073,0.023351,74.125.68.0-255,5738,98585,20,145728
1074,0.023359,172.31.36.0-255,66,98651,20,145728
1075,0.025317,74.125.68.0-255,5738,104389,20,145728
1076,0.025326,172.31.36.0-255,66,104455,20,145728
1077,0.027293,74.125.68.0-255,5738,110193,20,145728
1078,0.027303,172.31.36.0-255,66,110259,20,145728
1079,0.029295,74.125.68.0-255,5738,115997,20,145728
1080,0.029305,172.31.36.0-255,66,116063,20,145728
1081,0.031266,74.125.68.0-255,5738,121801,20,145728
1082,0.031273,172.31.36.0-255,66,121867,20,145728
1083,0.033234,74.125.68.0-255,5738,127605,20,145728
1084,0.033242,172.31.36.0-255,66,127671,20,145728
1085,0.035201,74.125.68.0-255,5738,133409,20,145728
1086,0.03521,172.31.36.0-255,66,133475,20,145728
1087,0.037181,74.125.68.0-255,5738,139213,20,145728
1088,0.03719,172.31.36.0-255,66,139279,20,145728
1089,0.038081,172.31.36.0-255,181,139460,20,145728
1090,0.03811,172.31.36.0-255,332,139792,20,145728
1091,0.039143,74.125.68.0-255,5738,145530,20,145728
1092,0.039149,172.31.36.0-255,66,145596,20,145728
1093,0.039634,104.244.42.0-255,66,145662,20,145728
1094,0.039669,104.244.42.0-255,66,145728,20,145728
1095,0.0,74.125.200.0-255,145,145,20,215423
1096,2.3e-05,172.31.36.0-255,66,211,20,215423
1097,4.5e-05,74.125.200.0-255,1484,1695,20,215423
1098,4.9e-05,172.31.36.0-255,66,1761,20,215423
1099,5.3e-05,74.125.200.0-255,1484,3245,20,215423
1100,5.5e-05,172.31.36.0-255,66,3311,20,215423
1101,7.7e-05,74.125.200.0-255,2902,6213,20,215423
1102,7.9e-05,172.31.36.0-255,66,6279,20,215423
1103,0.000105,74.125.200.0-255,5738,12017,20,215423
1104,0.000108,172.31.36.0-255,66,12083,20,215423
1105,0.000111,74.125.200.0-255,2076,14159,20,215423
1106,0.000113,172.31.36.0-255,66,14225,20,215423
1107,0.000392,74.125.200.0-255,1484,15709,20,215423
1108,0.000397,172.31.36.0-255,66,15775,20,215423
1109,0.000416,74.125.200.0-255,1484,17259,20,215423
1110,0.000419,172.31.36.0-255,66,17325,20,215423
1111,0.000435,74.125.200.0-255,2902,20227,20,215423
1112,0.000439,172.31.36.0-255,66,20293,20,215423
1113,0.00046,74.125.200.0-255,2902,23195,20,215423
1114,0.000463,172.31.36.0-255,66,23261,20,215423
1115,0.000484,74.125.200.0-255,4320,27581,20,215423
1116,0.000487,172.31.36.0-255,66,27647,20,215423
1117,0.000504,74.125.200.0-255,1484,29131,20,215423
1118,0.000507,172.31.36.0-255,66,29197,20,215423
1119,0.00053,74.125.200.0-255,2543,31740,20,215423
1120,0.000533,172.31.36.0-255,66,31806,20,215423
1121,0.000539,74.125.200.0-255,4320,36126,20,215423
1122,0.000541,172.31.36.0-255,66,36192,20,215423
1123,0.000568,74.125.200.0-255,5738,41930,20,215423
1124,0.000571,172.31.36.0-255,66,41996,20,215423
1125,0.00059,74.125.200.0-255,4320,46316,20,215423
1126,0.000593,172.31.36.0-255,66,46382,20,215423
1127,0.000598,74.125.200.0-255,2543,48925,20,215423
1128,0.000602,172.31.36.0-255,66,48991,20,215423
1129,0.000626,74.125.200.0-255,1484,50475,20,215423
1130,0.00063,74.125.200.0-255,1484,51959,20,215423
1131,0.000632,172.31.36.0-255,66,52025,20,215423
1132,0.000647,74.125.200.0-255,1484,53509,20,215423
1133,0.000652,74.125.200.0-255,2902,56411,20,215423
1134,0.000655,172.31.36.0-255,66,56477,20,215423
1135,0.00068,74.125.200.0-255,2902,59379,20,215423
1136,0.000683,172.31.36.0-255,66,59445,20,215423
1137,0.00069,74.125.200.0-255,5738,65183,20,215423
1138,0.000693,172.31.36.0-255,66,65249,20,215423
1139,0.000706,74.125.200.0-255,1125,66374,20,215423
1140,0.000749,74.125.200.0-255,394,66768,20,215423
1141,0.00079,74.125.200.0-255,1484,68252,20,215423
1142,0.000793,172.31.36.0-255,66,68318,20,215423
1143,0.00081,74.125.200.0-255,4320,72638,20,215423
1144,0.000815,172.31.36.0-255,66,72704,20,215423
1145,0.000818,74.125.200.0-255,1484,74188,20,215423
1146,0.000831,74.125.200.0-255,2902,77090,20,215423
1147,0.000834,172.31.36.0-255,66,77156,20,215423
1148,0.00084,74.125.200.0-255,2902,80058,20,215423
1149,0.000844,172.31.36.0-255,66,80124,20,215423
1150,0.000863,74.125.200.0-255,2902,83026,20,215423
1151,0.000866,172.31.36.0-255,66,83092,20,215423
1152,0.000872,74.125.200.0-255,4320,87412,20,215423
1153,0.000875,172.31.36.0-255,66,87478,20,215423
1154,0.000901,74.125.200.0-255,7156,94634,20,215423
1155,0.000904,172.31.36.0-255,66,94700,20,215423
1156,0.000909,74.125.200.0-255,4320,99020,20,215423
1157,0.000911,172.31.36.0-255,66,99086,20,215423
1158,0.000929,74.125.200.0-255,2184,101270,20,215423
1159,0.000932,172.31.36.0-255,66,101336,20,215423
1160,0.001084,74.125.200.0-255,348,101684,20,215423
1161,0.001176,172.31.36.0-255,66,101750,20,215423
1162,0.001793,74.125.200.0-255,1484,103234,20,215423
1163,0.001803,74.125.200.0-255,2902,106136,20,215423
1164,0.001809,172.31.36.0-255,66,106202,20,215423
1165,0.001815,74.125.200.0-255,2902,109104,20,215423
1166,0.001816,172.31.36.0-255,66,109170,20,215423
1167,0.001833,74.125.200.0-255,2902,112072,20,215423
1168,0.001836,172.31.36.0-255,66,112138,20,215423
1169,0.001851,74.125.200.0-255,2902,115040,20,215423
1170,0.001853,172.31.36.0-255,66,115106,20,215423
1171,0.00189,172.31.36.0-255,66,115172,20,215423
1172,0.001904,74.125.200.0-255,2902,118074,20,215423
1173,0.001907,172.31.36.0-255,66,118140,20,215423
1174,0.001936,172.31.36.0-255,66,118206,20,215423
1175,0.004248,74.125.200.0-255,5738,123944,20,215423
1176,0.004254,172.31.36.0-255,66,124010,20,215423
1177,0.006592,74.125.200.0-255,5738,129748,20,215423
1178,0.006598,172.31.36.0-255,66,129814,20,215423
1179,0.008929,74.125.200.0-255,5738,135552,20,215423
1180,0.008941,172.31.36.0-255,66,135618,20,215423
1181,0.011281,74.125.200.0-255,5738,141356,20,215423
1182,0.011297,172.31.36.0-255,66,141422,20,215423
1183,0.013636,74.125.200.0-255,5738,147160,20,215423
1184,0.013652,172.31.36.0-255,66,147226,20,215423
1185,0.01598,74.125.200.0-255,5738,152964,20,215423
1186,0.015987,172.31.36.0-255,66,153030,20,215423
1187,0.018319,74.125.200.0-255,5738,158768,20,215423
1188,0.018326,172.31.36.0-255,66,158834,20,215423
1189,0.020684,74.125.200.0-255,5738,164572,20,215423
1190,0.020704,172.31.36.0-255,66,164638,20,215423
1191,0.023054,74.125.200.0-255,5738,170376,20,215423
1192,0.023065,172.31.36.0-255,66,170442,20,215423
1193,0.025387,74.125.200.0-255,5738,176180,20,215423
1194,0.025395,172.31.36.0-255,66,176246,20,215423
1195,0.027717,74.125.200.0-255,5738,181984,20,215423
1196,0.027725,172.31.36.0-255,66,182050,20,215423
1197,0.030001,172.31.36.0-255,171,182221,20,215423
1198,0.03004,74.125.200.0-255,1484,183705,20,215423
1199,0.030048,172.31.36.0-255,1136,184841,20,215423
1200,0.030062,74.125.200.0-255,4320,189161,20,215423
1201,0.030067,172.31.36.0-255,66,189227,20,215423
1202,0.030168,172.31.36.0-255,1514,190741,20,215423
1203,0.030171,172.31.36.0-255,1268,192009,20,215423
1204,0.031513,104.244.42.0-255,66,192075,20,215423
1205,0.031579,104.244.42.0-255,66,192141,20,215423
1206,0.031701,104.244.42.0-255,66,192207,20,215423
1207,0.032378,74.125.200.0-255,5738,197945,20,215423
1208,0.032383,172.31.36.0-255,66,198011,20,215423
1209,0.034715,74.125.200.0-255,5738,203749,20,215423
1210,0.034724,172.31.36.0-255,66,203815,20,215423
1211,0.037053,74.125.200.0-255,5738,209553,20,215423
1212,0.037064,172.31.36.0-255,66,209619,20,215423
1213,0.039379,74.125.200.0-255,5738,215357,20,215423
1214,0.039385,172.31.36.0-255,66,215423,20,215423
1215,0.0,172.217.194.0-255,146,146,20,125391
1216,2.8e-05,172.31.36.0-255,66,212,20,125391
1217,3.5e-05,172.217.194.0-255,1484,1696,20,125391
1218,4e-05,172.31.36.0-255,66,1762,20,125391
1219,4.5e-05,172.217.194.0-255,2902,4664,20,125391
1220,4.8e-05,172.31.36.0-255,66,4730,20,125391
1221,9.7e-05,172.217.194.0-255,7156,11886,20,125391
1222,0.0001,172.31.36.0-255,66,11952,20,125391
1223,0.000232,172.31.36.0-255,66,12018,20,125391
1224,0.000411,172.31.36.0-255,66,12084,20,125391
1225,0.000612,172.31.36.0-255,66,12150,20,125391
1226,0.000644,172.31.36.0-255,66,12216,20,125391
1227,0.001038,172.31.36.0-255,66,12282,20,125391
1228,0.001076,172.31.36.0-255,66,12348,20,125391
1229,0.001454,172.217.194.0-255,7156,19504,20,125391
1230,0.001459,172.31.36.0-255,66,19570,20,125391
1231,0.001531,172.31.36.0-255,66,19636,20,125391
1232,0.001552,172.31.36.0-255,66,19702,20,125391
1233,0.002458,172.217.194.0-255,7156,26858,20,125391
1234,0.002462,172.31.36.0-255,66,26924,20,125391
1235,0.00251,172.31.36.0-255,66,26990,20,125391
1236,0.00253,172.217.194.0-255,3321,30311,20,125391
1237,0.002532,172.31.36.0-255,66,30377,20,125391
1238,0.003295,172.217.194.0-255,1484,31861,20,125391
1239,0.003626,172.217.194.0-255,4320,36181,20,125391
1240,0.006125,172.31.36.0-255,66,36247,20,125391
1241,0.008394,172.217.194.0-255,1484,37731,20,125391
1242,0.00843,172.217.194.0-255,4320,42051,20,125391
1243,0.008435,172.31.36.0-255,66,42117,20,125391
1244,0.01072,172.217.194.0-255,5738,47855,20,125391
1245,0.010728,172.31.36.0-255,66,47921,20,125391
1246,0.01302,172.217.194.0-255,5738,53659,20,125391
1247,0.013028,172.31.36.0-255,66,53725,20,125391
1248,0.015294,172.217.194.0-255,5738,59463,20,125391
1249,0.015303,172.31.36.0-255,66,59529,20,125391
1250,0.017585,172.217.194.0-255,5738,65267,20,125391
1251,0.017593,172.31.36.0-255,66,65333,20,125391
1252,0.019889,172.217.194.0-255,5738,71071,20,125391
1253,0.019896,172.31.36.0-255,66,71137,20,125391
1254,0.022193,172.217.194.0-255,5738,76875,20,125391
1255,0.0222,172.31.36.0-255,66,76941,20,125391
1256,0.024461,172.217.194.0-255,5738,82679,20,125391
1257,0.024468,172.31.36.0-255,66,82745,20,125391
1258,0.026735,172.217.194.0-255,5738,88483,20,125391
1259,0.026741,172.31.36.0-255,66,88549,20,125391
1260,0.027305,172.31.36.0-255,172,88721,20,125391
1261,0.027336,172.31.36.0-255,1107,89828,20,125391
1262,0.027374,172.31.36.0-255,1514,91342,20,125391
1263,0.027376,172.31.36.0-255,1514,92856,20,125391
1264,0.027377,172.31.36.0-255,1514,94370,20,125391
1265,0.027378,172.31.36.0-255,1077,95447,20,125391
1266,0.02887,104.244.42.0-255,66,95513,20,125391
1267,0.028909,104.244.42.0-255,66,95579,20,125391
1268,0.028936,104.244.42.0-255,66,95645,20,125391
1269,0.028968,104.244.42.0-255,66,95711,20,125391
1270,0.029013,172.217.194.0-255,2902,98613,20,125391
1271,0.029016,172.31.36.0-255,66,98679,20,125391
1272,0.029051,172.217.194.0-255,2902,101581,20,125391
1273,0.029077,172.31.36.0-255,66,101647,20,125391
1274,0.031276,172.217.194.0-255,2902,104549,20,125391
1275,0.031282,172.31.36.0-255,66,104615,20,125391
1276,0.031339,172.217.194.0-255,2902,107517,20,125391
1277,0.031355,172.31.36.0-255,66,107583,20,125391
1278,0.033559,172.217.194.0-255,2902,110485,20,125391
1279,0.033565,172.31.36.0-255,66,110551,20,125391
1280,0.033607,172.217.194.0-255,2902,113453,20,125391
1281,0.033614,172.31.36.0-255,66,113519,20,125391
1282,0.035837,172.217.194.0-255,2902,116421,20,125391
1283,0.035842,172.31.36.0-255,66,116487,20,125391
1284,0.035883,172.217.194.0-255,2902,119389,20,125391
1285,0.035892,172.31.36.0-255,66,119455,20,125391
1286,0.038093,172.217.194.0-255,2902,122357,20,125391
1287,0.038098,172.31.36.0-255,66,122423,20,125391
1288,0.038173,172.217.194.0-255,2902,125325,20,125391
1289,0.03818,172.31.36.0-255,66,125391,20,125391
1290,0.0,74.125.24.0-255,66,66,20,66
1291,0.0,74.125.68.0-255,153,153,20,197554
1292,2.8e-05,172.31.36.0-255,66,219,20,197554
1293,3.4e-05,74.125.68.0-255,1484,1703,20,197554
1294,3.9e-05,172.31.36.0-255,66,1769,20,197554
1295,4.2e-05,74.125.68.0-255,1484,3253,20,197554
1296,5.4e-05,172.31.36.0-255,66,3319,20,197554
1297,6.7e-05,74.125.68.0-255,1484,4803,20,197554
1298,7e-05,172.31.36.0-255,66,4869,20,197554
1299,8.1e-05,74.125.68.0-255,4320,9189,20,197554
1300,8.4e-05,172.31.36.0-255,66,9255,20,197554
1301,0.000118,74.125.68.0-255,4881,14136,20,197554
1302,0.000121,172.31.36.0-255,66,14202,20,197554
1303,0.00016,74.125.68.0-255,1484,15686,20,197554
1304,0.000163,172.31.36.0-255,66,15752,20,197554
1305,0.000169,74.125.68.0-255,2902,18654,20,197554
1306,0.000171,172.31.36.0-255,66,18720,20,197554
1307,0.000203,74.125.68.0-255,5738,24458,20,197554
1308,0.000206,172.31.36.0-255,66,24524,20,197554
1309,0.000212,74.125.68.0-255,4320,28844,20,197554
1310,0.000214,172.31.36.0-255,66,28910,20,197554
1311,0.000239,74.125.68.0-255,5379,34289,20,197554
1312,0.000242,172.31.36.0-255,66,34355,20,197554
1313,0.000267,74.125.68.0-255,4320,38675,20,197554
1314,0.00027,172.31.36.0-255,66,38741,20,197554
1315,0.000296,74.125.68.0-255,1484,40225,20,197554
1316,0.000299,172.31.36.0-255,66,40291,20,197554
1317,0.000309,74.125.68.0-255,7156,47447,20,197554
1318,0.000311,172.31.36.0-255,66,47513,20,197554
1319,0.00032,74.125.68.0-255,1125,48638,20,197554
1320,0.000322,172.31.36.0-255,66,48704,20,197554
1321,0.000509,74.125.68.0-255,1484,50188,20,197554
1322,0.000515,172.31.36.0-255,66,50254,20,197554
1323,0.000545,74.125.68.0-255,2902,53156,20,197554
1324,0.000549,172.31.36.0-255,66,53222,20,197554
1325,0.00055,74.125.68.0-255,5738,58960,20,197554
1326,0.000553,172.31.36.0-255,66,59026,20,197554
1327,0.000555,74.125.68.0-255,4320,63346,20,197554
1328,0.000557,172.31.36.0-255,66,63412,20,197554
1329,0.00059,74.125.68.0-255,1484,64896,20,197554
1330,0.000616,74.125.68.0-255,1471,66367,20,197554
1331,0.00062,172.31.36.0-255,66,66433,20,197554
1332,0.000799,74.125.68.0-255,331,66764,20,197554
1333,0.000849,172.31.36.0-255,66,66830,20,197554
1334,0.000989,74.125.68.0-255,1484,68314,20,197554
1335,0.001009,74.125.68.0-255,2902,71216,20,197554
1336,0.001014,172.31.36.0-255,66,71282,20,197554
1337,0.00102,74.125.68.0-255,2902,74184,20,197554
1338,0.001021,172.31.36.0-255,66,74250,20,197554
1339,0.001042,74.125.68.0-255,4320,78570,20,197554
1340,0.001049,172.31.36.0-255,66,78636,20,197554
1341,0.001084,172.31.36.0-255,66,78702,20,197554
1342,0.001089,74.125.68.0-255,4320,83022,20,197554
1343,0.001092,172.31.36.0-255,66,83088,20,197554
1344,0.00112,74.125.68.0-255,1484,84572,20,197554
1345,0.001139,74.125.68.0-255,6797,91369,20,197554
1346,0.001143,172.31.36.0-255,66,91435,20,197554
1347,0.003251,74.125.68.0-255,5738,97173,20,197554
1348,0.003259,172.31.36.0-255,66,97239,20,197554
1349,0.005385,74.125.68.0-255,1484,98723,20,197554
1350,0.005414,74.125.68.0-255,4320,103043,20,197554
1351,0.005418,172.31.36.0-255,66,103109,20,197554
1352,0.007521,74.125.68.0-255,4320,107429,20,197554
1353,0.007527,172.31.36.0-255,66,107495,20,197554
1354,0.007551,74.125.68.0-255,1484,108979,20,197554
1355,0.009638,74.125.68.0-255,4320,113299,20,197554
1356,0.009645,172.31.36.0-255,66,113365,20,197554
1357,0.011766,74.125.68.0-255,5738,119103,20,197554
1358,0.011774,172.31.36.0-255,66,119169,20,197554
1359,0.013881,74.125.68.0-255,5738,124907,20,197554
1360,0.013888,172.31.36.0-255,66,124973,20,197554
1361,0.015998,74.125.68.0-255,5738,130711,20,197554
1362,0.016003,172.31.36.0-255,66,130777,20,197554
1363,0.018129,74.125.68.0-255,5738,136515,20,197554
1364,0.018139,172.31.36.0-255,66,136581,20,197554
1365,0.020266,74.125.68.0-255,5738,142319,20,197554
1366,0.020276,172.31.36.0-255,66,142385,20,197554
1367,0.022398,74.125.68.0-255,5738,148123,20,197554
1368,0.022406,172.31.36.0-255,66,148189,20,197554
1369,0.024509,74.125.68.0-255,5738,153927,20,197554
1370,0.024516,172.31.36.0-255,66,153993,20,197554
1371,0.026631,74.125.68.0-255,5738,159731,20,197554
1372,0.026639,172.31.36.0-255,66,159797,20,197554
1373,0.028743,74.125.68.0-255,5738,165535,20,197554
1374,0.02875,172.31.36.0-255,66,165601,20,197554
1375,0.030849,74.125.68.0-255,5738,171339,20,197554
1376,0.030855,172.31.36.0-255,66,171405,20,197554
1377,0.031577,172.31.36.0-255,167,171572,20,197554
1378,0.031607,172.31.36.0-255,1111,172683,20,197554
1379,0.031643,172.31.36.0-255,1514,174197,20,197554
1380,0.031645,172.31.36.0-255,1295,175492,20,197554
1381,0.032974,74.125.68.0-255,5738,181230,20,197554
1382,0.032981,172.31.36.0-255,66,181296,20,197554
1383,0.033222,104.244.42.0-255,66,181362,20,197554
1384,0.033268,104.244.42.0-255,66,181428,20,197554
1385,0.033317,104.244.42.0-255,66,181494,20,197554
1386,0.035083,74.125.68.0-255,5738,187232,20,197554
1387,0.035087,172.31.36.0-255,66,187298,20,197554
1388,0.037194,74.125.68.0-255,4320,191618,20,197554
1389,0.037199,172.31.36.0-255,66,191684,20,197554
1390,0.037232,74.125.68.0-255,1484,193168,20,197554
1391,0.039305,74.125.68.0-255,4320,197488,20,197554
1392,0.03931,172.31.36.0-255,66,197554,20,197554
1393,0.0,74.125.24.0-255,155,155,20,205136
1394,2.3e-05,172.31.36.0-255,66,221,20,205136
1395,3.1e-05,74.125.24.0-255,1484,1705,20,205136
1396,3.6e-05,172.31.36.0-255,66,1771,20,205136
1397,5.1e-05,74.125.24.0-255,2902,4673,20,205136
1398,5.5e-05,172.31.36.0-255,66,4739,20,205136
1399,6.4e-05,74.125.24.0-255,7156,11895,20,205136
1400,6.7e-05,172.31.36.0-255,66,11961,20,205136
1401,7.3e-05,74.125.24.0-255,4912,16873,20,205136
1402,7.6e-05,172.31.36.0-255,66,16939,20,205136
1403,8.2e-05,74.125.24.0-255,5738,22677,20,205136
1404,8.5e-05,172.31.36.0-255,66,22743,20,205136
1405,9.7e-05,172.31.36.0-255,66,22809,20,205136
1406,0.000136,74.125.24.0-255,2902,25711,20,205136
1407,0.000139,172.31.36.0-255,66,25777,20,205136
1408,0.000147,74.125.24.0-255,7156,32933,20,205136
1409,0.000149,172.31.36.0-255,66,32999,20,205136
1410,0.000157,74.125.24.0-255,1484,34483,20,205136
1411,0.000159,172.31.36.0-255,66,34549,20,205136
1412,0.000193,74.125.24.0-255,3602,38151,20,205136
1413,0.000196,172.31.36.0-255,66,38217,20,205136
1414,0.000776,74.125.24.0-255,1484,39701,20,205136
1415,0.000782,74.125.24.0-255,2902,42603,20,205136
1416,0.000808,74.125.24.0-255,1484,44087,20,205136
1417,0.000819,172.31.36.0-255,66,44153,20,205136
1418,0.000823,172.31.36.0-255,66,44219,20,205136
1419,0.000826,172.31.36.0-255,66,44285,20,205136
1420,0.00084,74.125.24.0-255,4320,48605,20,205136
1421,0.000843,172.31.36.0-255,66,48671,20,205136
1422,0.000851,74.125.24.0-255,7068,55739,20,205136
1423,0.000853,172.31.36.0-255,66,55805,20,205136
1424,0.000857,74.125.24.0-255,132,55937,20,205136
1425,0.001056,172.31.36.0-255,66,56003,20,205136
1426,0.001392,74.125.24.0-255,1484,57487,20,205136
1427,0.001403,74.125.24.0-255,2902,60389,20,205136
1428,0.001407,172.31.36.0-255,66,60455,20,205136
1429,0.001414,74.125.24.0-255,5738,66193,20,205136
1430,0.001416,172.31.36.0-255,66,66259,20,205136
1431,0.001427,74.125.24.0-255,4320,70579,20,205136
1432,0.001429,172.31.36.0-255,66,70645,20,205136
1433,0.001476,172.31.36.0-255,66,70711,20,205136
1434,0.001492,172.31.36.0-255,66,70777,20,205136
1435,0.001538,74.125.24.0-255,1484,72261,20,205136
1436,0.001553,74.125.24.0-255,2902,75163,20,205136
1437,0.001556,172.31.36.0-255,66,75229,20,205136
1438,0.001564,74.125.24.0-255,5738,80967,20,205136
1439,0.001566,172.31.36.0-255,66,81033,20,205136
1440,0.001576,74.125.24.0-255,4320,85353,20,205136
1441,0.001578,172.31.36.0-255,66,85419,20,205136
1442,0.001626,74.125.24.0-255,5738,91157,20,205136
1443,0.00163,172.31.36.0-255,66,91223,20,205136
1444,0.00165,74.125.24.0-255,5738,96961,20,205136
1445,0.001652,172.31.36.0-255,66,97027,20,205136
1446,0.001659,74.125.24.0-255,5738,102765,20,205136
1447,0.001662,172.31.36.0-255,66,102831,20,205136
1448,0.001665,74.125.24.0-255,1484,104315,20,205136
1449,0.001719,172.31.36.0-255,66,104381,20,205136
1450,0.00173,172.31.36.0-255,66,104447,20,205136
1451,0.001775,172.31.36.0-255,66,104513,20,205136
1452,0.001815,172.31.36.0-255,66,104579,20,205136
1453,0.001834,172.31.36.0-255,66,104645,20,205136
1454,0.001931,74.125.24.0-255,1484,106129,20,205136
1455,0.001937,74.125.24.0-255,2902,109031,20,205136
1456,0.00194,172.31.36.0-255,66,109097,20,205136
1457,0.001971,74.125.24.0-255,5738,114835,20,205136
1458,0.001975,172.31.36.0-255,66,114901,20,205136
1459,0.001994,172.31.36.0-255,66,114967,20,205136
1460,0.002005,172.31.36.0-255,66,115033,20,205136
1461,0.002036,74.125.24.0-255,1484,116517,20,205136
1462,0.002085,172.31.36.0-255,66,116583,20,205136
1463,0.002089,74.125.24.0-255,1484,118067,20,205136
1464,0.002138,74.125.24.0-255,5738,123805,20,205136
1465,0.002141,172.31.36.0-255,66,123871,20,205136
1466,0.002171,74.125.24.0-255,5020,128891,20,205136
1467,0.002174,172.31.36.0-255,66,128957,20,205136
1468,0.002176,74.125.24.0-255,1484,130441,20,205136
1469,0.002181,74.125.24.0-255,2902,133343,20,205136
1470,0.002184,172.31.36.0-255,66,133409,20,205136
1471,0.002209,74.125.24.0-255,5738,139147,20,205136
1472,0.002213,172.31.36.0-255,66,139213,20,205136
1473,0.002218,74.125.24.0-255,4320,143533,20,205136
1474,0.00222,172.31.36.0-255,66,143599,20,205136
1475,0.002257,172.31.36.0-255,66,143665,20,205136
1476,0.002294,74.125.24.0-255,5738,149403,20,205136
1477,0.002308,74.125.24.0-255,1484,150887,20,205136
1478,0.002366,74.125.24.0-255,7156,158043,20,205136
1479,0.002372,74.125.24.0-255,4320,162363,20,205136
1480,0.0024,74.125.24.0-255,6438,168801,20,205136
1481,0.007767,172.31.36.0-255,66,168867,20,205136
1482,0.010168,74.125.24.0-255,5738,174605,20,205136
1483,0.010179,172.31.36.0-255,66,174671,20,205136
1484,0.012542,74.125.24.0-255,2902,177573,20,205136
1485,0.012549,172.31.36.0-255,66,177639,20,205136
1486,0.012578,74.125.24.0-255,2902,180541,20,205136
1487,0.01258,172.31.36.0-255,66,180607,20,205136
1488,0.014933,74.125.24.0-255,5738,186345,20,205136
1489,0.01494,172.31.36.0-255,66,186411,20,205136
1490,0.017356,74.125.24.0-255,5738,192149,20,205136
1491,0.017363,172.31.36.0-255,66,192215,20,205136
1492,0.019723,74.125.24.0-255,5738,197953,20,205136
1493,0.019737,172.31.36.0-255,66,198019,20,205136
1494,0.022074,74.125.24.0-255,5738,203757,20,205136
1495,0.022087,172.31.36.0-255,66,203823,20,205136
1496,0.024489,74.125.24.0-255,1076,204899,20,205136
1497,0.024654,172.31.36.0-255,66,204965,20,205136
1498,0.024696,172.31.36.0-255,105,205070,20,205136
1499,0.02705,74.125.24.0-255,66,205136,20,205136
1500,0.0,74.125.24.0-255,153,153,20,224555
1501,2.8e-05,172.31.36.0-255,66,219,20,224555
1502,3.4e-05,74.125.24.0-255,1484,1703,20,224555
1503,3.8e-05,172.31.36.0-255,66,1769,20,224555
1504,4.3e-05,74.125.24.0-255,2902,4671,20,224555
1505,4.7e-05,172.31.36.0-255,66,4737,20,224555
1506,5.9e-05,74.125.24.0-255,2902,7639,20,224555
1507,6.2e-05,172.31.36.0-255,66,7705,20,224555
1508,0.000116,172.31.36.0-255,66,7771,20,224555
1509,0.000127,172.31.36.0-255,66,7837,20,224555
1510,0.000163,74.125.24.0-255,6797,14634,20,224555
1511,0.000167,172.31.36.0-255,66,14700,20,224555
1512,0.000235,74.125.24.0-255,1484,16184,20,224555
1513,0.00024,172.31.36.0-255,66,16250,20,224555
1514,0.000266,74.125.24.0-255,2902,19152,20,224555
1515,0.00027,172.31.36.0-255,66,19218,20,224555
1516,0.000299,74.125.24.0-255,5738,24956,20,224555
1517,0.000303,172.31.36.0-255,66,25022,20,224555
1518,0.000309,74.125.24.0-255,4320,29342,20,224555
1519,0.000311,172.31.36.0-255,66,29408,20,224555
1520,0.00035,172.31.36.0-255,66,29474,20,224555
1521,0.000355,74.125.24.0-255,2902,32376,20,224555
1522,0.000358,172.31.36.0-255,66,32442,20,224555
1523,0.0004,172.31.36.0-255,66,32508,20,224555
1524,0.000404,74.125.24.0-255,130,32638,20,224555
1525,0.000408,172.31.36.0-255,66,32704,20,224555
1526,0.000529,74.125.24.0-255,346,33050,20,224555
1527,0.000534,172.31.36.0-255,66,33116,20,224555
1528,0.000797,74.125.24.0-255,1484,34600,20,224555
1529,0.000802,74.125.24.0-255,1484,36084,20,224555
1530,0.000805,172.31.36.0-255,66,36150,20,224555
1531,0.000833,74.125.24.0-255,1484,37634,20,224555
1532,0.00084,74.125.24.0-255,5738,43372,20,224555
1533,0.000843,172.31.36.0-255,66,43438,20,224555
1534,0.000879,172.31.36.0-255,66,43504,20,224555
1535,0.000884,74.125.24.0-255,2902,46406,20,224555
1536,0.000886,172.31.36.0-255,66,46472,20,224555
1537,0.000917,74.125.24.0-255,4320,50792,20,224555
1538,0.000921,172.31.36.0-255,66,50858,20,224555
1539,0.000939,74.125.24.0-255,5379,56237,20,224555
1540,0.000942,172.31.36.0-255,66,56303,20,224555
1541,0.001761,74.125.24.0-255,1484,57787,20,224555
1542,0.001773,74.125.24.0-255,2902,60689,20,224555
1543,0.001778,172.31.36.0-255,66,60755,20,224555
1544,0.001785,74.125.24.0-255,5738,66493,20,224555
1545,0.001787,172.31.36.0-255,66,66559,20,224555
1546,0.001823,74.125.24.0-255,4320,70879,20,224555
1547,0.001825,172.31.36.0-255,66,70945,20,224555
1548,0.001837,172.31.36.0-255,66,71011,20,224555
1549,0.001848,74.125.24.0-255,5738,76749,20,224555
1550,0.00185,172.31.36.0-255,66,76815,20,224555
1551,0.001873,74.125.24.0-255,2184,78999,20,224555
1552,0.001875,172.31.36.0-255,66,79065,20,224555
1553,0.002307,74.125.24.0-255,1484,80549,20,224555
1554,0.002321,74.125.24.0-255,2902,83451,20,224555
1555,0.002323,172.31.36.0-255,66,83517,20,224555
1556,0.002329,74.125.24.0-255,5738,89255,20,224555
1557,0.002331,172.31.36.0-255,66,89321,20,224555
1558,0.002362,74.125.24.0-255,7156,96477,20,224555
1559,0.002364,172.31.36.0-255,66,96543,20,224555
1560,0.002397,74.125.24.0-255,4320,100863,20,224555
1561,0.002399,172.31.36.0-255,66,100929,20,224555
1562,0.00243,172.31.36.0-255,66,100995,20,224555
1563,0.002456,74.125.24.0-255,2184,103179,20,224555
1564,0.002459,172.31.36.0-255,66,103245,20,224555
1565,0.00281,74.125.24.0-255,1484,104729,20,224555
1566,0.002823,74.125.24.0-255,2902,107631,20,224555
1567,0.002826,172.31.36.0-255,66,107697,20,224555
1568,0.00285,74.125.24.0-255,1484,109181,20,224555
1569,0.002861,74.125.24.0-255,2902,112083,20,224555
1570,0.002864,172.31.36.0-255,66,112149,20,224555
1571,0.00289,74.125.24.0-255,1484,113633,20,224555
1572,0.002934,172.31.36.0-255,66,113699,20,224555
1573,0.002955,74.125.24.0-255,1484,115183,20,224555
1574,0.00296,74.125.24.0-255,4320,119503,20,224555
1575,0.002963,172.31.36.0-255,66,119569,20,224555
1576,0.002972,74.125.24.0-255,4320,123889,20,224555
1577,0.002974,172.31.36.0-255,66,123955,20,224555
1578,0.002978,74.125.24.0-255,2184,126139,20,224555
1579,0.00298,172.31.36.0-255,66,126205,20,224555
1580,0.003131,74.125.24.0-255,1484,127689,20,224555
1581,0.003136,74.125.24.0-255,2902,130591,20,224555
1582,0.003138,172.31.36.0-255,66,130657,20,224555
1583,0.003154,74.125.24.0-255,2902,133559,20,224555
1584,0.003157,172.31.36.0-255,66,133625,20,224555
1585,0.003178,74.125.24.0-255,2902,136527,20,224555
1586,0.003184,172.31.36.0-255,66,136593,20,224555
1587,0.003196,172.31.36.0-255,66,136659,20,224555
1588,0.003217,74.125.24.0-255,2902,139561,20,224555
1589,0.00322,172.31.36.0-255,66,139627,20,224555
1590,0.00338,74.125.24.0-255,1484,141111,20,224555
1591,0.003384,74.125.24.0-255,1484,142595,20,224555
1592,0.003397,74.125.24.0-255,1484,144079,20,224555
1593,0.003401,74.125.24.0-255,2902,146981,20,224555
1594,0.003422,74.125.24.0-255,2902,149883,20,224555
1595,0.003434,74.125.24.0-255,7156,157039,20,224555
1596,0.003438,74.125.24.0-255,4320,161359,20,224555
1597,0.00347,74.125.24.0-255,2184,163543,20,224555
1598,0.003485,74.125.24.0-255,1484,165027,20,224555
1599,0.003501,74.125.24.0-255,4320,169347,20,224555
1600,0.003536,74.125.24.0-255,2902,172249,20,224555
1601,0.00356,74.125.24.0-255,1484,173733,20,224555
1602,0.003617,74.125.24.0-255,4320,178053,20,224555
1603,0.003636,74.125.24.0-255,2184,180237,20,224555
1604,0.003669,74.125.24.0-255,766,181003,20,224555
1605,0.003908,74.125.24.0-255,1484,182487,20,224555
1606,0.003915,74.125.24.0-255,2902,185389,20,224555
1607,0.003937,74.125.24.0-255,2902,188291,20,224555
1608,0.003954,74.125.24.0-255,2902,191193,20,224555
1609,0.003982,74.125.24.0-255,1484,192677,20,224555
1610,0.004035,74.125.24.0-255,1484,194161,20,224555
1611,0.00405,74.125.24.0-255,5738,199899,20,224555
1612,0.004065,74.125.24.0-255,5738,205637,20,224555
1613,0.004091,74.125.24.0-255,2902,208539,20,224555
1614,0.004148,74.125.24.0-255,2902,211441,20,224555
1615,0.004199,74.125.24.0-255,3602,215043,20,224555
1616,0.004204,74.125.24.0-255,3886,218929,20,224555
1617,0.004207,74.125.24.0-255,105,219034,20,224555
1618,0.006802,172.31.36.0-255,66,219100,20,224555
1619,0.009805,172.31.36.0-255,105,219205,20,224555
1620,0.012179,74.125.24.0-255,66,219271,20,224555
1621,0.032135,172.31.36.0-255,192,219463,20,224555
1622,0.03217,172.31.36.0-255,1111,220574,20,224555
1623,0.032207,172.31.36.0-255,1514,222088,20,224555
1624,0.032209,172.31.36.0-255,1514,223602,20,224555
1625,0.03224,172.31.36.0-255,689,224291,20,224555
1626,0.033825,104.244.42.0-255,66,224357,20,224555
1627,0.033854,104.244.42.0-255,66,224423,20,224555
1628,0.033908,104.244.42.0-255,66,224489,20,224555
1629,0.033911,104.244.42.0-255,66,224555,20,224555
1630,0.0,74.125.200.0-255,297,297,20,210269
1631,2.4e-05,172.31.36.0-255,66,363,20,210269
1632,3.1e-05,74.125.200.0-255,1484,1847,20,210269
1633,3.5e-05,172.31.36.0-255,66,1913,20,210269
1634,4.2e-05,74.125.200.0-255,4320,6233,20,210269
1635,4.6e-05,172.31.36.0-255,66,6299,20,210269
1636,5.2e-05,74.125.200.0-255,4320,10619,20,210269
1637,5.6e-05,172.31.36.0-255,66,10685,20,210269
1638,8.6e-05,74.125.200.0-255,3290,13975,20,210269
1639,8.8e-05,172.31.36.0-255,66,14041,20,210269
1640,0.000149,74.125.200.0-255,1484,15525,20,210269
1641,0.000153,172.31.36.0-255,66,15591,20,210269
1642,0.000173,74.125.200.0-255,2902,18493,20,210269
1643,0.000175,172.31.36.0-255,66,18559,20,210269
1644,0.000182,74.125.200.0-255,4320,22879,20,210269
1645,0.000184,172.31.36.0-255,66,22945,20,210269
1646,0.000196,74.125.200.0-255,1484,24429,20,210269
1647,0.000198,172.31.36.0-255,66,24495,20,210269
1648,0.000203,74.125.200.0-255,2902,27397,20,210269
1649,0.000205,172.31.36.0-255,66,27463,20,210269
1650,0.000211,74.125.200.0-255,3961,31424,20,210269
1651,0.000214,172.31.36.0-255,66,31490,20,210269
1652,0.000306,74.125.200.0-255,1484,32974,20,210269
1653,0.00031,172.31.36.0-255,66,33040,20,210269
1654,0.000324,74.125.200.0-255,2902,35942,20,210269
1655,0.000327,172.31.36.0-255,66,36008,20,210269
1656,0.000354,74.125.200.0-255,2902,38910,20,210269
1657,0.000356,172.31.36.0-255,66,38976,20,210269
1658,0.000362,74.125.200.0-255,4320,43296,20,210269
1659,0.000364,172.31.36.0-255,66,43362,20,210269
1660,0.000396,74.125.200.0-255,5379,48741,20,210269
1661,0.000399,172.31.36.0-255,66,48807,20,210269
1662,0.00044,74.125.200.0-255,2902,51709,20,210269
1663,0.000442,172.31.36.0-255,66,51775,20,210269
1664,0.000461,74.125.200.0-255,2902,54677,20,210269
1665,0.000463,172.31.36.0-255,66,54743,20,210269
1666,0.000467,74.125.200.0-255,1484,56227,20,210269
1667,0.000484,74.125.200.0-255,5738,61965,20,210269
1668,0.000487,172.31.36.0-255,66,62031,20,210269
1669,0.00049,74.125.200.0-255,1484,63515,20,210269
1670,0.000508,74.125.200.0-255,2543,66058,20,210269
1671,0.00051,172.31.36.0-255,66,66124,20,210269
1672,0.000626,74.125.200.0-255,645,66769,20,210269
1673,0.000758,74.125.200.0-255,1484,68253,20,210269
1674,0.000762,172.31.36.0-255,66,68319,20,210269
1675,0.00078,74.125.200.0-255,2902,71221,20,210269
1676,0.000783,172.31.36.0-255,66,71287,20,210269
1677,0.00079,74.125.200.0-255,5738,77025,20,210269
1678,0.000793,172.31.36.0-255,66,77091,20,210269
1679,0.000797,74.125.200.0-255,2902,79993,20,210269
1680,0.000799,172.31.36.0-255,66,80059,20,210269
1681,0.000828,74.125.200.0-255,4320,84379,20,210269
1682,0.000831,172.31.36.0-255,66,84445,20,210269
1683,0.000835,74.125.200.0-255,2902,87347,20,210269
1684,0.000837,172.31.36.0-255,66,87413,20,210269
1685,0.000855,74.125.200.0-255,5738,93151,20,210269
1686,0.000857,172.31.36.0-255,66,93217,20,210269
1687,0.000863,74.125.200.0-255,5738,98955,20,210269
1688,0.000865,172.31.36.0-255,66,99021,20,210269
1689,0.000897,74.125.200.0-255,2184,101205,20,210269
1690,0.0009,172.31.36.0-255,66,101271,20,210269
1691,0.002574,74.125.200.0-255,1484,102755,20,210269
1692,0.002586,74.125.200.0-255,2902,105657,20,210269
1693,0.002591,172.31.36.0-255,66,105723,20,210269
1694,0.0026,74.125.200.0-255,5738,111461,20,210269
1695,0.002602,172.31.36.0-255,66,111527,20,210269
1696,0.002627,74.125.200.0-255,2902,114429,20,210269
1697,0.00263,172.31.36.0-255,66,114495,20,210269
1698,0.002636,74.125.200.0-255,4320,118815,20,210269
1699,0.002639,172.31.36.0-255,66,118881,20,210269
1700,0.002679,74.125.200.0-255,7156,126037,20,210269
1701,0.002681,172.31.36.0-255,66,126103,20,210269
1702,0.002697,74.125.200.0-255,1484,127587,20,210269
1703,0.002713,74.125.200.0-255,5738,133325,20,210269
1704,0.002716,172.31.36.0-255,66,133391,20,210269
1705,0.002731,74.125.200.0-255,2184,135575,20,210269
1706,0.002733,172.31.36.0-255,66,135641,20,210269
1707,0.005392,74.125.200.0-255,2902,138543,20,210269
1708,0.005399,172.31.36.0-255,66,138609,20,210269
1709,0.005417,74.125.200.0-255,2902,141511,20,210269
1710,0.00542,172.31.36.0-255,66,141577,20,210269
1711,0.008093,74.125.200.0-255,2902,144479,20,210269
1712,0.008096,172.31.36.0-255,66,144545,20,210269
1713,0.008131,74.125.200.0-255,2902,147447,20,210269
1714,0.008134,172.31.36.0-255,66,147513,20,210269
1715,0.010779,74.125.200.0-255,2902,150415,20,210269
1716,0.010786,172.31.36.0-255,66,150481,20,210269
1717,0.010807,74.125.200.0-255,2902,153383,20,210269
1718,0.01081,172.31.36.0-255,66,153449,20,210269
1719,0.013473,74.125.200.0-255,2902,156351,20,210269
1720,0.013481,172.31.36.0-255,66,156417,20,210269
1721,0.013503,74.125.200.0-255,2902,159319,20,210269
1722,0.013506,172.31.36.0-255,66,159385,20,210269
1723,0.016163,74.125.200.0-255,5738,165123,20,210269
1724,0.016171,172.31.36.0-255,66,165189,20,210269
1725,0.018863,74.125.200.0-255,5738,170927,20,210269
1726,0.018871,172.31.36.0-255,66,170993,20,210269
1727,0.021559,74.125.200.0-255,5738,176731,20,210269
1728,0.021567,172.31.36.0-255,66,176797,20,210269
1729,0.024247,74.125.200.0-255,5738,182535,20,210269
1730,0.024254,172.31.36.0-255,66,182601,20,210269
1731,0.026928,74.125.200.0-255,5738,188339,20,210269
1732,0.026935,172.31.36.0-255,66,188405,20,210269
1733,0.029634,74.125.200.0-255,5738,194143,20,210269
1734,0.029642,172.31.36.0-255,66,194209,20,210269
1735,0.032336,74.125.200.0-255,4320,198529,20,210269
1736,0.032348,172.31.36.0-255,66,198595,20,210269
1737,0.032369,74.125.200.0-255,1484,200079,20,210269
1738,0.035057,74.125.200.0-255,4320,204399,20,210269
1739,0.035068,172.31.36.0-255,66,204465,20,210269
1740,0.037747,74.125.200.0-255,5738,210203,20,210269
1741,0.037756,172.31.36.0-255,66,210269,20,210269
1742,0.0,74.125.24.0-255,221,221,20,293899
1743,3.8e-05,172.31.36.0-255,66,287,20,293899
1744,4.6e-05,74.125.24.0-255,1484,1771,20,293899
1745,5.1e-05,172.31.36.0-255,66,1837,20,293899
1746,6.4e-05,74.125.24.0-255,4320,6157,20,293899
1747,6.7e-05,172.31.36.0-255,66,6223,20,293899
1748,7.1e-05,74.125.24.0-255,2902,9125,20,293899
1749,7.3e-05,172.31.36.0-255,66,9191,20,293899
1750,0.000109,74.125.24.0-255,4666,13857,20,293899
1751,0.000112,172.31.36.0-255,66,13923,20,293899
1752,0.000115,74.125.24.0-255,1484,15407,20,293899
1753,0.000118,172.31.36.0-255,66,15473,20,293899
1754,0.000123,74.125.24.0-255,2902,18375,20,293899
1755,0.000125,172.31.36.0-255,66,18441,20,293899
1756,0.000149,74.125.24.0-255,4320,22761,20,293899
1757,0.000152,172.31.36.0-255,66,22827,20,293899
1758,0.000182,74.125.24.0-255,1484,24311,20,293899
1759,0.000184,172.31.36.0-255,66,24377,20,293899
1760,0.000192,74.125.24.0-255,6797,31174,20,293899
1761,0.000196,172.31.36.0-255,66,31240,20,293899
1762,0.000231,74.125.24.0-255,7156,38396,20,293899
1763,0.000235,172.31.36.0-255,66,38462,20,293899
1764,0.000247,172.31.36.0-255,66,38528,20,293899
1765,0.000249,74.125.24.0-255,1125,39653,20,293899
1766,0.000251,172.31.36.0-255,66,39719,20,293899
1767,0.000699,74.125.24.0-255,1484,41203,20,293899
1768,0.000705,172.31.36.0-255,66,41269,20,293899
1769,0.00071,74.125.24.0-255,2902,44171,20,293899
1770,0.000712,172.31.36.0-255,66,44237,20,293899
1771,0.000715,74.125.24.0-255,1484,45721,20,293899
1772,0.000717,172.31.36.0-255,66,45787,20,293899
1773,0.00075,74.125.24.0-255,4320,50107,20,293899
1774,0.000766,172.31.36.0-255,66,50173,20,293899
1775,0.000772,74.125.24.0-255,4320,54493,20,293899
1776,0.000781,172.31.36.0-255,66,54559,20,293899
1777,0.000797,74.125.24.0-255,3123,57682,20,293899
1778,0.000801,74.125.24.0-255,1484,59166,20,293899
1779,0.000808,172.31.36.0-255,66,59232,20,293899
1780,0.000824,74.125.24.0-255,7156,66388,20,293899
1781,0.000833,172.31.36.0-255,66,66454,20,293899
1782,0.000838,172.31.36.0-255,66,66520,20,293899
1783,0.000982,74.125.24.0-255,1484,68004,20,293899
1784,0.000995,74.125.24.0-255,1484,69488,20,293899
1785,0.000999,172.31.36.0-255,66,69554,20,293899
1786,0.00103,74.125.24.0-255,1484,71038,20,293899
1787,0.001037,74.125.24.0-255,5738,76776,20,293899
1788,0.00105,172.31.36.0-255,66,76842,20,293899
1789,0.00105,74.125.24.0-255,2902,79744,20,293899
1790,0.001055,172.31.36.0-255,66,79810,20,293899
1791,0.001093,172.31.36.0-255,66,79876,20,293899
1792,0.001096,74.125.24.0-255,458,80334,20,293899
1793,0.001099,74.125.24.0-255,1484,81818,20,293899
1794,0.001103,74.125.24.0-255,2902,84720,20,293899
1795,0.001106,172.31.36.0-255,66,84786,20,293899
1796,0.001126,74.125.24.0-255,1484,86270,20,293899
1797,0.00114,74.125.24.0-255,1823,88093,20,293899
1798,0.00115,172.31.36.0-255,66,88159,20,293899
1799,0.001243,74.125.24.0-255,1484,89643,20,293899
1800,0.001248,74.125.24.0-255,1484,91127,20,293899
1801,0.001253,172.31.36.0-255,66,91193,20,293899
1802,0.001261,74.125.24.0-255,1484,92677,20,293899
1803,0.001283,74.125.24.0-255,5738,98415,20,293899
1804,0.001285,172.31.36.0-255,66,98481,20,293899
1805,0.001291,74.125.24.0-255,2902,101383,20,293899
1806,0.0013,172.31.36.0-255,66,101449,20,293899
1807,0.001318,74.125.24.0-255,4320,105769,20,293899
1808,0.001324,172.31.36.0-255,66,105835,20,293899
1809,0.001344,74.125.24.0-255,4320,110155,20,293899
1810,0.001349,172.31.36.0-255,66,110221,20,293899
1811,0.00139,74.125.24.0-255,1484,111705,20,293899
1812,0.001393,74.125.24.0-255,766,112471,20,293899
1813,0.001397,172.31.36.0-255,66,112537,20,293899
1814,0.001424,74.125.24.0-255,1484,114021,20,293899
1815,0.00144,74.125.24.0-255,4320,118341,20,293899
1816,0.001443,172.31.36.0-255,66,118407,20,293899
1817,0.001472,74.125.24.0-255,4320,122727,20,293899
1818,0.001478,74.125.24.0-255,4320,127047,20,293899
1819,0.001479,172.31.36.0-255,66,127113,20,293899
1820,0.001484,172.31.36.0-255,66,127179,20,293899
1821,0.001505,74.125.24.0-255,5738,132917,20,293899
1822,0.001515,172.31.36.0-255,66,132983,20,293899
1823,0.001519,172.31.36.0-255,66,133049,20,293899
1824,0.001541,74.125.24.0-255,3602,136651,20,293899
1825,0.001546,172.31.36.0-255,66,136717,20,293899
1826,0.001581,74.125.24.0-255,1484,138201,20,293899
1827,0.001586,74.125.24.0-255,2902,141103,20,293899
1828,0.001593,172.31.36.0-255,66,141169,20,293899
1829,0.00165,74.125.24.0-255,5738,146907,20,293899
1830,0.001654,172.31.36.0-255,66,146973,20,293899
1831,0.00167,172.31.36.0-255,66,147039,20,293899
1832,0.001684,74.125.24.0-255,2902,149941,20,293899
1833,0.001689,172.31.36.0-255,66,150007,20,293899
1834,0.001732,172.31.36.0-255,66,150073,20,293899
1835,0.002077,74.125.24.0-255,1484,151557,20,293899
1836,0.002101,74.125.24.0-255,2902,154459,20,293899
1837,0.002106,172.31.36.0-255,66,154525,20,293899
1838,0.002133,74.125.24.0-255,4320,158845,20,293899
1839,0.00214,74.125.24.0-255,5738,164583,20,293899
1840,0.002143,172.31.36.0-255,66,164649,20,293899
1841,0.00215,172.31.36.0-255,66,164715,20,293899
1842,0.002171,74.125.24.0-255,2902,167617,20,293899
1843,0.002175,172.31.36.0-255,66,167683,20,293899
1844,0.002188,172.31.36.0-255,66,167749,20,293899
1845,0.002217,74.125.24.0-255,3602,171351,20,293899
1846,0.002224,74.125.24.0-255,5738,177089,20,293899
1847,0.002229,172.31.36.0-255,66,177155,20,293899
1848,0.00224,74.125.24.0-255,5738,182893,20,293899
1849,0.002242,74.125.24.0-255,1484,184377,20,293899
1850,0.002244,172.31.36.0-255,66,184443,20,293899
1851,0.002287,74.125.24.0-255,7156,191599,20,293899
1852,0.00229,172.31.36.0-255,66,191665,20,293899
1853,0.002294,172.31.36.0-255,66,191731,20,293899
1854,0.002315,74.125.24.0-255,2184,193915,20,293899
1855,0.002331,172.31.36.0-255,66,193981,20,293899
1856,0.002378,74.125.24.0-255,1484,195465,20,293899
1857,0.002384,74.125.24.0-255,2902,198367,20,293899
1858,0.002387,172.31.36.0-255,66,198433,20,293899
1859,0.002417,74.125.24.0-255,4320,202753,20,293899
1860,0.002426,172.31.36.0-255,66,202819,20,293899
1861,0.002431,74.125.24.0-255,1484,204303,20,293899
1862,0.002438,74.125.24.0-255,7156,211459,20,293899
1863,0.002449,172.31.36.0-255,66,211525,20,293899
1864,0.002455,74.125.24.0-255,4320,215845,20,293899
1865,0.002464,172.31.36.0-255,66,215911,20,293899
1866,0.002487,172.31.36.0-255,66,215977,20,293899
1867,0.002487,74.125.24.0-255,2184,218161,20,293899
1868,0.002492,172.31.36.0-255,66,218227,20,293899
1869,0.004931,74.125.24.0-255,5738,223965,20,293899
1870,0.004939,172.31.36.0-255,66,224031,20,293899
1871,0.00739,74.125.24.0-255,5738,229769,20,293899
1872,0.00862,172.31.36.0-255,66,229835,20,293899
1873,0.011072,74.125.24.0-255,5738,235573,20,293899
1874,0.011085,172.31.36.0-255,66,235639,20,293899
1875,0.013585,74.125.24.0-255,5738,241377,20,293899
1876,0.013601,172.31.36.0-255,66,241443,20,293899
1877,0.01604,74.125.24.0-255,5738,247181,20,293899
1878,0.016054,172.31.36.0-255,66,247247,20,293899
1879,0.0185,74.125.24.0-255,5738,252985,20,293899
1880,0.018515,172.31.36.0-255,66,253051,20,293899
1881,0.020973,74.125.24.0-255,5738,258789,20,293899
1882,0.020987,172.31.36.0-255,66,258855,20,293899
1883,0.023454,74.125.24.0-255,5738,264593,20,293899
1884,0.023465,172.31.36.0-255,66,264659,20,293899
1885,0.025956,74.125.24.0-255,5738,270397,20,293899
1886,0.025962,172.31.36.0-255,66,270463,20,293899
1887,0.028393,74.125.24.0-255,5738,276201,20,293899
1888,0.028401,172.31.36.0-255,66,276267,20,293899
1889,0.030858,74.125.24.0-255,5738,282005,20,293899
1890,0.030865,172.31.36.0-255,66,282071,20,293899
1891,0.033297,74.125.24.0-255,5738,287809,20,293899
1892,0.033304,172.31.36.0-255,66,287875,20,293899
1893,0.034434,172.31.36.0-255,172,288047,20,293899
1894,0.034465,172.31.36.0-255,1111,289158,20,293899
1895,0.034507,172.31.36.0-255,1514,290672,20,293899
1896,0.034509,172.31.36.0-255,1514,292186,20,293899
1897,0.034532,172.31.36.0-255,689,292875,20,293899
1898,0.035733,74.125.24.0-255,523,293398,20,293899
1899,0.035862,172.31.36.0-255,66,293464,20,293899
1900,0.035886,172.31.36.0-255,105,293569,20,293899
1901,0.036112,104.244.42.0-255,66,293635,20,293899
1902,0.036149,104.244.42.0-255,66,293701,20,293899
1903,0.036204,104.244.42.0-255,66,293767,20,293899
1904,0.03621,104.244.42.0-255,66,293833,20,293899
1905,0.038306,74.125.24.0-255,66,293899,20,293899
1906,0.0,172.31.36.0-255,105,105,20,276
1907,0.001534,157.240.13.0-255,105,210,20,276
1908,0.001548,172.31.36.0-255,66,276,20,276
1909,0.0,74.125.24.0-255,66,66,20,66
1910,0.0,74.125.130.0-255,152,152,20,260338
1911,3.4e-05,172.31.36.0-255,66,218,20,260338
1912,4e-05,74.125.130.0-255,1484,1702,20,260338
1913,4.5e-05,172.31.36.0-255,66,1768,20,260338
1914,5.1e-05,74.125.130.0-255,2902,4670,20,260338
1915,5.4e-05,172.31.36.0-255,66,4736,20,260338
1916,6e-05,74.125.130.0-255,4320,9056,20,260338
1917,6.2e-05,172.31.36.0-255,66,9122,20,260338
1918,0.0001,172.31.36.0-255,66,9188,20,260338
1919,0.000105,74.125.130.0-255,2902,12090,20,260338
1920,0.000106,172.31.36.0-255,66,12156,20,260338
1921,0.000155,74.125.130.0-255,2902,15058,20,260338
1922,0.000158,172.31.36.0-255,66,15124,20,260338
1923,0.000182,74.125.130.0-255,6797,21921,20,260338
1924,0.000185,172.31.36.0-255,66,21987,20,260338
1925,0.000326,74.125.130.0-255,1484,23471,20,260338
1926,0.000331,172.31.36.0-255,66,23537,20,260338
1927,0.000337,74.125.130.0-255,2902,26439,20,260338
1928,0.000342,172.31.36.0-255,66,26505,20,260338
1929,0.000351,74.125.130.0-255,1484,27989,20,260338
1930,0.000354,172.31.36.0-255,66,28055,20,260338
1931,0.00036,74.125.130.0-255,2902,30957,20,260338
1932,0.000363,172.31.36.0-255,66,31023,20,260338
1933,0.000389,74.125.130.0-255,5738,36761,20,260338
1934,0.000393,172.31.36.0-255,66,36827,20,260338
1935,0.000418,74.125.130.0-255,3961,40788,20,260338
1936,0.000421,172.31.36.0-255,66,40854,20,260338
1937,0.000427,74.125.130.0-255,4320,45174,20,260338
1938,0.000429,172.31.36.0-255,66,45240,20,260338
1939,0.000444,74.125.130.0-255,2902,48142,20,260338
1940,0.000448,172.31.36.0-255,66,48208,20,260338
1941,0.000478,74.125.130.0-255,7156,55364,20,260338
1942,0.000481,172.31.36.0-255,66,55430,20,260338
1943,0.000485,74.125.130.0-255,1376,56806,20,260338
1944,0.000488,74.125.130.0-255,119,56925,20,260338
1945,0.000661,74.125.130.0-255,1484,58409,20,260338
1946,0.000666,172.31.36.0-255,66,58475,20,260338
1947,0.000685,74.125.130.0-255,2902,61377,20,260338
1948,0.000688,172.31.36.0-255,66,61443,20,260338
1949,0.000704,74.125.130.0-255,5738,67181,20,260338
1950,0.000708,172.31.36.0-255,66,67247,20,260338
1951,0.000712,74.125.130.0-255,2902,70149,20,260338
1952,0.000715,172.31.36.0-255,66,70215,20,260338
1953,0.000719,74.125.130.0-255,2902,73117,20,260338
1954,0.000721,172.31.36.0-255,66,73183,20,260338
1955,0.000743,74.125.130.0-255,1125,74308,20,260338
1956,0.000768,74.125.130.0-255,2902,77210,20,260338
1957,0.000771,172.31.36.0-255,66,77276,20,260338
1958,0.000788,74.125.130.0-255,5738,83014,20,260338
1959,0.000791,172.31.36.0-255,66,83080,20,260338
1960,0.000812,74.125.130.0-255,1484,84564,20,260338
1961,0.000825,74.125.130.0-255,2902,87466,20,260338
1962,0.000828,172.31.36.0-255,66,87532,20,260338
1963,0.000851,74.125.130.0-255,3961,91493,20,260338
1964,0.000853,172.31.36.0-255,66,91559,20,260338
1965,0.001188,74.125.130.0-255,381,91940,20,260338
1966,0.001669,74.125.130.0-255,1484,93424,20,260338
1967,0.001676,172.31.36.0-255,66,93490,20,260338
1968,0.001683,74.125.130.0-255,2902,96392,20,260338
1969,0.001685,172.31.36.0-255,66,96458,20,260338
1970,0.00171,74.125.130.0-255,5738,102196,20,260338
1971,0.001712,172.31.36.0-255,66,102262,20,260338
1972,0.001749,74.125.130.0-255,4320,106582,20,260338
1973,0.001752,172.31.36.0-255,66,106648,20,260338
1974,0.001774,74.125.130.0-255,1484,108132,20,260338
1975,0.001784,74.125.130.0-255,7156,115288,20,260338
1976,0.001787,172.31.36.0-255,66,115354,20,260338
1977,0.001794,74.125.130.0-255,5738,121092,20,260338
1978,0.001796,172.31.36.0-255,66,121158,20,260338
1979,0.001825,74.125.130.0-255,1484,122642,20,260338
1980,0.001841,74.125.130.0-255,3602,126244,20,260338
1981,0.001844,172.31.36.0-255,66,126310,20,260338
1982,0.001893,74.125.130.0-255,1484,127794,20,260338
1983,0.00191,74.125.130.0-255,2902,130696,20,260338
1984,0.001912,172.31.36.0-255,66,130762,20,260338
1985,0.001927,74.125.130.0-255,1484,132246,20,260338
1986,0.00194,74.125.130.0-255,2902,135148,20,260338
1987,0.001941,172.31.36.0-255,66,135214,20,260338
1988,0.001958,74.125.130.0-255,2902,138116,20,260338
1989,0.001961,172.31.36.0-255,66,138182,20,260338
1990,0.001971,74.125.130.0-255,2902,141084,20,260338
1991,0.001973,172.31.36.0-255,66,141150,20,260338
1992,0.001977,74.125.130.0-255,1484,142634,20,260338
1993,0.002003,74.125.130.0-255,1484,144118,20,260338
1994,0.002005,172.31.36.0-255,66,144184,20,260338
1995,0.002021,74.125.130.0-255,7156,151340,20,260338
1996,0.002024,172.31.36.0-255,66,151406,20,260338
1997,0.002028,74.125.130.0-255,2902,154308,20,260338
1998,0.00203,172.31.36.0-255,66,154374,20,260338
1999,0.002051,74.125.130.0-255,4320,158694,20,260338
2000,0.002053,172.31.36.0-255,66,158760,20,260338
2001,0.002078,74.125.130.0-255,2184,160944,20,260338
2002,0.00208,172.31.36.0-255,66,161010,20,260338
2003,0.004205,74.125.130.0-255,2902,163912,20,260338
2004,0.00421,172.31.36.0-255,66,163978,20,260338
2005,0.004227,74.125.130.0-255,2902,166880,20,260338
2006,0.004229,172.31.36.0-255,66,166946,20,260338
2007,0.006348,74.125.130.0-255,2902,169848,20,260338
2008,0.006351,172.31.36.0-255,66,169914,20,260338
2009,0.006371,74.125.130.0-255,2902,172816,20,260338
2010,0.006373,172.31.36.0-255,66,172882,20,260338
2011,0.008517,74.125.130.0-255,5738,178620,20,260338
2012,0.008524,172.31.36.0-255,66,178686,20,260338
2013,0.010689,74.125.130.0-255,5738,184424,20,260338
2014,0.010696,172.31.36.0-255,66,184490,20,260338
2015,0.012848,74.125.130.0-255,5738,190228,20,260338
2016,0.012867,172.31.36.0-255,66,190294,20,260338
2017,0.015033,74.125.130.0-255,5738,196032,20,260338
2018,0.015042,172.31.36.0-255,66,196098,20,260338
2019,0.017206,74.125.130.0-255,5738,201836,20,260338
2020,0.017215,172.31.36.0-255,66,201902,20,260338
2021,0.019385,74.125.130.0-255,5738,207640,20,260338
2022,0.019394,172.31.36.0-255,66,207706,20,260338
2023,0.021552,74.125.130.0-255,5738,213444,20,260338
2024,0.021559,172.31.36.0-255,66,213510,20,260338
2025,0.023713,74.125.130.0-255,5738,219248,20,260338
2026,0.023719,172.31.36.0-255,66,219314,20,260338
2027,0.025872,74.125.130.0-255,2902,222216,20,260338
2028,0.02588,172.31.36.0-255,66,222282,20,260338
2029,0.025901,74.125.130.0-255,2902,225184,20,260338
2030,0.025903,172.31.36.0-255,66,225250,20,260338
2031,0.028042,74.125.130.0-255,2902,228152,20,260338
2032,0.028053,172.31.36.0-255,66,228218,20,260338
2033,0.028078,74.125.130.0-255,2902,231120,20,260338
2034,0.028082,172.31.36.0-255,66,231186,20,260338
2035,0.0302,74.125.130.0-255,2902,234088,20,260338
2036,0.03021,172.31.36.0-255,66,234154,20,260338
2037,0.030232,74.125.130.0-255,2902,237056,20,260338
2038,0.030235,172.31.36.0-255,66,237122,20,260338
2039,0.032399,74.125.130.0-255,5738,242860,20,260338
2040,0.032408,172.31.36.0-255,66,242926,20,260338
2041,0.034561,74.125.130.0-255,5738,248664,20,260338
2042,0.034572,172.31.36.0-255,66,248730,20,260338
2043,0.036721,74.125.130.0-255,5738,254468,20,260338
2044,0.036729,172.31.36.0-255,66,254534,20,260338
2045,0.038878,74.125.130.0-255,5738,260272,20,260338
2046,0.038886,172.31.36.0-255,66,260338,20,260338
2047,0.0,172.217.194.0-255,153,153,20,164317
2048,9e-06,172.31.36.0-255,66,219,20,164317
2049,4.5e-05,172.217.194.0-255,1484,1703,20,164317
2050,4.9e-05,172.31.36.0-255,66,1769,20,164317
2051,5.4e-05,172.217.194.0-255,2902,4671,20,164317
2052,5.7e-05,172.31.36.0-255,66,4737,20,164317
2053,6.8e-05,172.217.194.0-255,7156,11893,20,164317
2054,7.1e-05,172.31.36.0-255,66,11959,20,164317
2055,0.000104,172.217.194.0-255,6267,18226,20,164317
2056,0.000106,172.31.36.0-255,66,18292,20,164317
2057,0.000136,172.217.194.0-255,5738,24030,20,164317
2058,0.000138,172.31.36.0-255,66,24096,20,164317
2059,0.000166,172.217.194.0-255,6797,30893,20,164317
2060,0.000168,172.31.36.0-255,66,30959,20,164317
2061,0.000193,172.217.194.0-255,1484,32443,20,164317
2062,0.000195,172.31.36.0-255,66,32509,20,164317
2063,0.0002,172.217.194.0-255,2902,35411,20,164317
2064,0.000201,172.31.36.0-255,66,35477,20,164317
2065,0.000222,172.217.194.0-255,5738,41215,20,164317
2066,0.000224,172.31.36.0-255,66,41281,20,164317
2067,0.000234,172.217.194.0-255,6797,48078,20,164317
2068,0.000236,172.31.36.0-255,66,48144,20,164317
2069,0.00028,172.31.36.0-255,66,48210,20,164317
2070,0.000284,172.217.194.0-255,2833,51043,20,164317
2071,0.000285,172.31.36.0-255,66,51109,20,164317
2072,0.000424,172.217.194.0-255,365,51474,20,164317
2073,0.000429,172.31.36.0-255,66,51540,20,164317
2074,0.000634,172.217.194.0-255,1484,53024,20,164317
2075,0.00064,172.31.36.0-255,66,53090,20,164317
2076,0.000646,172.217.194.0-255,2902,55992,20,164317
2077,0.00065,172.31.36.0-255,66,56058,20,164317
2078,0.000661,172.217.194.0-255,5738,61796,20,164317
2079,0.000665,172.31.36.0-255,66,61862,20,164317
2080,0.000671,172.217.194.0-255,4320,66182,20,164317
2081,0.000675,172.31.36.0-255,66,66248,20,164317
2082,0.000729,172.31.36.0-255,66,66314,20,164317
2083,0.000746,172.31.36.0-255,66,66380,20,164317
2084,0.000905,172.217.194.0-255,1484,67864,20,164317
2085,0.000912,172.217.194.0-255,2902,70766,20,164317
2086,0.000917,172.31.36.0-255,66,70832,20,164317
2087,0.000923,172.217.194.0-255,4320,75152,20,164317
2088,0.000925,172.31.36.0-255,66,75218,20,164317
2089,0.000946,172.217.194.0-255,1484,76702,20,164317
2090,0.000956,172.217.194.0-255,5738,82440,20,164317
2091,0.000959,172.31.36.0-255,66,82506,20,164317
2092,0.000972,172.31.36.0-255,66,82572,20,164317
2093,0.000998,172.217.194.0-255,5020,87592,20,164317
2094,0.001006,172.31.36.0-255,66,87658,20,164317
2095,0.001034,172.217.194.0-255,5738,93396,20,164317
2096,0.001037,172.31.36.0-255,66,93462,20,164317
2097,0.001043,172.217.194.0-255,5738,99200,20,164317
2098,0.001045,172.31.36.0-255,66,99266,20,164317
2099,0.001084,172.217.194.0-255,1484,100750,20,164317
2100,0.0011,172.31.36.0-255,66,100816,20,164317
2101,0.001108,172.217.194.0-255,6438,107254,20,164317
2102,0.00111,172.31.36.0-255,66,107320,20,164317
2103,0.001143,172.217.194.0-255,7156,114476,20,164317
2104,0.001147,172.31.36.0-255,66,114542,20,164317
2105,0.001153,172.217.194.0-255,5738,120280,20,164317
2106,0.001157,172.31.36.0-255,66,120346,20,164317
2107,0.001167,172.217.194.0-255,1484,121830,20,164317
2108,0.001208,172.31.36.0-255,66,121896,20,164317
2109,0.001215,172.217.194.0-255,6438,128334,20,164317
2110,0.001217,172.31.36.0-255,66,128400,20,164317
2111,0.001345,172.217.194.0-255,1484,129884,20,164317
2112,0.001362,172.217.194.0-255,2902,132786,20,164317
2113,0.001365,172.31.36.0-255,66,132852,20,164317
2114,0.001369,172.217.194.0-255,2902,135754,20,164317
2115,0.001371,172.31.36.0-255,66,135820,20,164317
2116,0.001399,172.217.194.0-255,2902,138722,20,164317
2117,0.001401,172.31.36.0-255,66,138788,20,164317
2118,0.001418,172.31.36.0-255,66,138854,20,164317
2119,0.001427,172.31.36.0-255,66,138920,20,164317
2120,0.001449,172.217.194.0-255,2184,141104,20,164317
2121,0.001452,172.31.36.0-255,66,141170,20,164317
2122,0.001537,172.217.194.0-255,1484,142654,20,164317
2123,0.001542,172.217.194.0-255,2902,145556,20,164317
2124,0.001545,172.31.36.0-255,66,145622,20,164317
2125,0.001576,172.217.194.0-255,5738,151360,20,164317
2126,0.001578,172.31.36.0-255,66,151426,20,164317
2127,0.00161,172.31.36.0-255,66,151492,20,164317
2128,0.001624,172.31.36.0-255,66,151558,20,164317
2129,0.001664,172.217.194.0-255,1484,153042,20,164317
2130,0.001707,172.31.36.0-255,66,153108,20,164317
2131,0.00173,172.31.36.0-255,66,153174,20,164317
2132,0.001746,172.31.36.0-255,66,153240,20,164317
2133,0.001758,172.31.36.0-255,66,153306,20,164317
2134,0.001763,172.217.194.0-255,4320,157626,20,164317
2135,0.001766,172.31.36.0-255,66,157692,20,164317
2136,0.001819,172.31.36.0-255,66,157758,20,164317
2137,0.001833,172.31.36.0-255,66,157824,20,164317
2138,0.001856,172.31.36.0-255,66,157890,20,164317
2139,0.001871,172.31.36.0-255,66,157956,20,164317
2140,0.001886,172.31.36.0-255,66,158022,20,164317
2141,0.001912,172.217.194.0-255,1602,159624,20,164317
2142,0.00192,172.31.36.0-255,66,159690,20,164317
2143,0.001949,172.217.194.0-255,105,159795,20,164317
2144,0.006381,172.31.36.0-255,66,159861,20,164317
2145,0.006421,172.31.36.0-255,105,159966,20,164317
2146,0.008671,172.217.194.0-255,66,160032,20,164317
2147,0.028693,172.31.36.0-255,167,160199,20,164317
2148,0.028783,172.31.36.0-255,1107,161306,20,164317
2149,0.028955,172.31.36.0-255,1514,162820,20,164317
2150,0.028958,172.31.36.0-255,1299,164119,20,164317
2151,0.030204,104.244.42.0-255,66,164185,20,164317
2152,0.030327,104.244.42.0-255,66,164251,20,164317
2153,0.030517,104.244.42.0-255,66,164317,20,164317
2154,0.0,74.125.24.0-255,152,152,20,189436
2155,2.9e-05,74.125.24.0-255,1484,1636,20,189436
2156,3.7e-05,172.31.36.0-255,66,1702,20,189436
2157,4.6e-05,74.125.24.0-255,2902,4604,20,189436
2158,4.9e-05,172.31.36.0-255,66,4670,20,189436
2159,5.5e-05,74.125.24.0-255,7156,11826,20,189436
2160,5.8e-05,172.31.36.0-255,66,11892,20,189436
2161,8e-05,74.125.24.0-255,2000,13892,20,189436
2162,8.2e-05,172.31.36.0-255,66,13958,20,189436
2163,0.000117,74.125.24.0-255,2902,16860,20,189436
2164,0.00012,172.31.36.0-255,66,16926,20,189436
2165,0.000126,74.125.24.0-255,4320,21246,20,189436
2166,0.000128,172.31.36.0-255,66,21312,20,189436
2167,0.000131,74.125.24.0-255,1484,22796,20,189436
2168,0.000152,74.125.24.0-255,7156,29952,20,189436
2169,0.000155,172.31.36.0-255,66,30018,20,189436
2170,0.000175,74.125.24.0-255,1125,31143,20,189436
2171,0.000283,74.125.24.0-255,1484,32627,20,189436
2172,0.000288,172.31.36.0-255,66,32693,20,189436
2173,0.000293,74.125.24.0-255,2902,35595,20,189436
2174,0.000296,172.31.36.0-255,66,35661,20,189436
2175,0.000301,74.125.24.0-255,2902,38563,20,189436
2176,0.000303,172.31.36.0-255,66,38629,20,189436
2177,0.000331,74.125.24.0-255,2902,41531,20,189436
2178,0.000335,172.31.36.0-255,66,41597,20,189436
2179,0.000341,74.125.24.0-255,6797,48394,20,189436
2180,0.000344,172.31.36.0-255,66,48460,20,189436
2181,0.000374,74.125.24.0-255,7156,55616,20,189436
2182,0.000378,172.31.36.0-255,66,55682,20,189436
2183,0.000403,74.125.24.0-255,7156,62838,20,189436
2184,0.000406,172.31.36.0-255,66,62904,20,189436
2185,0.00041,74.125.24.0-255,2543,65447,20,189436
2186,0.000412,74.125.24.0-255,399,65846,20,189436
2187,0.000414,172.31.36.0-255,66,65912,20,189436
2188,0.000695,74.125.24.0-255,110,66022,20,189436
2189,0.0007,74.125.24.0-255,330,66352,20,189436
2190,0.000792,172.31.36.0-255,66,66418,20,189436
2191,0.000986,74.125.24.0-255,1484,67902,20,189436
2192,0.000996,74.125.24.0-255,2902,70804,20,189436
2193,0.001,172.31.36.0-255,66,70870,20,189436
2194,0.001008,74.125.24.0-255,5738,76608,20,189436
2195,0.001011,172.31.36.0-255,66,76674,20,189436
2196,0.00104,172.31.36.0-255,66,76740,20,189436
2197,0.001063,74.125.24.0-255,1484,78224,20,189436
2198,0.001075,172.31.36.0-255,66,78290,20,189436
2199,0.00135,74.125.24.0-255,1484,79774,20,189436
2200,0.001359,74.125.24.0-255,2902,82676,20,189436
2201,0.001363,172.31.36.0-255,66,82742,20,189436
2202,0.001371,74.125.24.0-255,5738,88480,20,189436
2203,0.001373,172.31.36.0-255,66,88546,20,189436
2204,0.001396,74.125.24.0-255,5738,94284,20,189436
2205,0.001399,172.31.36.0-255,66,94350,20,189436
2206,0.001403,74.125.24.0-255,2902,97252,20,189436
2207,0.001405,172.31.36.0-255,66,97318,20,189436
2208,0.001433,172.31.36.0-255,66,97384,20,189436
2209,0.001437,74.125.24.0-255,1484,98868,20,189436
2210,0.001455,74.125.24.0-255,3602,102470,20,189436
2211,0.001458,172.31.36.0-255,66,102536,20,189436
2212,0.00182,74.125.24.0-255,1484,104020,20,189436
2213,0.001838,74.125.24.0-255,2902,106922,20,189436
2214,0.001842,172.31.36.0-255,66,106988,20,189436
2215,0.001848,74.125.24.0-255,5738,112726,20,189436
2216,0.001851,172.31.36.0-255,66,112792,20,189436
2217,0.001875,74.125.24.0-255,4320,117112,20,189436
2218,0.001877,172.31.36.0-255,66,117178,20,189436
2219,0.001906,172.31.36.0-255,66,117244,20,189436
2220,0.001924,74.125.24.0-255,2902,120146,20,189436
2221,0.001926,172.31.36.0-255,66,120212,20,189436
2222,0.001952,172.31.36.0-255,66,120278,20,189436
2223,0.002021,172.31.36.0-255,66,120344,20,189436
2224,0.002032,172.31.36.0-255,66,120410,20,189436
2225,0.002052,74.125.24.0-255,1484,121894,20,189436
2226,0.002084,172.31.36.0-255,66,121960,20,189436
2227,0.002783,74.125.24.0-255,1484,123444,20,189436
2228,0.002786,74.125.24.0-255,1484,124928,20,189436
2229,0.002788,172.31.36.0-255,66,124994,20,189436
2230,0.002806,74.125.24.0-255,1484,126478,20,189436
2231,0.002811,74.125.24.0-255,4320,130798,20,189436
2232,0.002813,172.31.36.0-255,66,130864,20,189436
2233,0.002831,74.125.24.0-255,1484,132348,20,189436
2234,0.002834,74.125.24.0-255,1484,133832,20,189436
2235,0.002836,172.31.36.0-255,66,133898,20,189436
2236,0.002843,74.125.24.0-255,7156,141054,20,189436
2237,0.002845,172.31.36.0-255,66,141120,20,189436
2238,0.00288,74.125.24.0-255,5738,146858,20,189436
2239,0.002882,172.31.36.0-255,66,146924,20,189436
2240,0.002892,172.31.36.0-255,66,146990,20,189436
2241,0.003043,74.125.24.0-255,1484,148474,20,189436
2242,0.00306,74.125.24.0-255,2902,151376,20,189436
2243,0.003062,172.31.36.0-255,66,151442,20,189436
2244,0.003068,74.125.24.0-255,5738,157180,20,189436
2245,0.00307,172.31.36.0-255,66,157246,20,189436
2246,0.003088,74.125.24.0-255,1484,158730,20,189436
2247,0.003114,172.31.36.0-255,66,158796,20,189436
2248,0.003129,74.125.24.0-255,1484,160280,20,189436
2249,0.003141,172.31.36.0-255,66,160346,20,189436
2250,0.003152,172.31.36.0-255,66,160412,20,189436
2251,0.003168,74.125.24.0-255,4320,164732,20,189436
2252,0.003171,172.31.36.0-255,66,164798,20,189436
2253,0.003174,74.125.24.0-255,1484,166282,20,189436
2254,0.003203,172.31.36.0-255,66,166348,20,189436
2255,0.003228,74.125.24.0-255,3602,169950,20,189436
2256,0.003231,172.31.36.0-255,66,170016,20,189436
2257,0.003265,172.31.36.0-255,66,170082,20,189436
2258,0.003295,74.125.24.0-255,1484,171566,20,189436
2259,0.00331,172.31.36.0-255,66,171632,20,189436
2260,0.003321,172.31.36.0-255,66,171698,20,189436
2261,0.003333,172.31.36.0-255,66,171764,20,189436
2262,0.003408,172.31.36.0-255,66,171830,20,189436
2263,0.003425,172.31.36.0-255,66,171896,20,189436
2264,0.003431,74.125.24.0-255,6438,178334,20,189436
2265,0.003433,172.31.36.0-255,66,178400,20,189436
2266,0.003437,74.125.24.0-255,1601,180001,20,189436
2267,0.00344,172.31.36.0-255,66,180067,20,189436
2268,0.003464,74.125.24.0-255,105,180172,20,189436
2269,0.00923,172.31.36.0-255,105,180277,20,189436
2270,0.011569,74.125.24.0-255,66,180343,20,189436
2271,0.032267,172.31.36.0-255,167,180510,20,189436
2272,0.032297,172.31.36.0-255,1110,181620,20,189436
2273,0.032347,172.31.36.0-255,1514,183134,20,189436
2274,0.032349,172.31.36.0-255,1514,184648,20,189436
2275,0.03235,172.31.36.0-255,1514,186162,20,189436
2276,0.032351,172.31.36.0-255,1514,187676,20,189436
2277,0.03238,172.31.36.0-255,1496,189172,20,189436
2278,0.033765,104.244.42.0-255,66,189238,20,189436
2279,0.033808,104.244.42.0-255,66,189304,20,189436
2280,0.033952,104.244.42.0-255,66,189370,20,189436
2281,0.033958,104.244.42.0-255,66,189436,20,189436
2282,0.0,172.217.160.0-255,153,153,20,211305
2283,2.5e-05,172.31.36.0-255,66,219,20,211305
2284,3.3e-05,172.217.160.0-255,1484,1703,20,211305
2285,3.7e-05,172.31.36.0-255,66,1769,20,211305
2286,5.2e-05,172.217.160.0-255,2902,4671,20,211305
2287,5.6e-05,172.31.36.0-255,66,4737,20,211305
2288,6.4e-05,172.217.160.0-255,7156,11893,20,211305
2289,6.8e-05,172.31.36.0-255,66,11959,20,211305
2290,7.3e-05,172.217.160.0-255,2055,14014,20,211305
2291,7.5e-05,172.31.36.0-255,66,14080,20,211305
2292,0.000138,172.217.160.0-255,1484,15564,20,211305
2293,0.000141,172.31.36.0-255,66,15630,20,211305
2294,0.000147,172.217.160.0-255,2902,18532,20,211305
2295,0.00015,172.31.36.0-255,66,18598,20,211305
2296,0.000182,172.217.160.0-255,5738,24336,20,211305
2297,0.000185,172.31.36.0-255,66,24402,20,211305
2298,0.000188,172.217.160.0-255,1484,25886,20,211305
2299,0.000191,172.31.36.0-255,66,25952,20,211305
2300,0.000225,172.217.160.0-255,5379,31331,20,211305
2301,0.000227,172.31.36.0-255,66,31397,20,211305
2302,0.000252,172.217.160.0-255,1484,32881,20,211305
2303,0.000254,172.31.36.0-255,66,32947,20,211305
2304,0.00026,172.217.160.0-255,1484,34431,20,211305
2305,0.000262,172.31.36.0-255,66,34497,20,211305
2306,0.00029,172.217.160.0-255,1484,35981,20,211305
2307,0.000293,172.31.36.0-255,66,36047,20,211305
2308,0.000301,172.217.160.0-255,5738,41785,20,211305
2309,0.000303,172.31.36.0-255,66,41851,20,211305
2310,0.000309,172.217.160.0-255,5738,47589,20,211305
2311,0.000311,172.31.36.0-255,66,47655,20,211305
2312,0.00034,172.217.160.0-255,1125,48780,20,211305
2313,0.000342,172.31.36.0-255,66,48846,20,211305
2314,0.000387,172.217.160.0-255,1484,50330,20,211305
2315,0.000393,172.217.160.0-255,2902,53232,20,211305
2316,0.000396,172.31.36.0-255,66,53298,20,211305
2317,0.000401,172.217.160.0-255,2902,56200,20,211305
2318,0.000403,172.31.36.0-255,66,56266,20,211305
2319,0.000433,172.217.160.0-255,2902,59168,20,211305
2320,0.000435,172.31.36.0-255,66,59234,20,211305
2321,0.000439,172.217.160.0-255,1484,60718,20,211305
2322,0.000466,172.217.160.0-255,5654,66372,20,211305
2323,0.000469,172.31.36.0-255,66,66438,20,211305
2324,0.001315,172.217.160.0-255,121,66559,20,211305
2325,0.001353,172.31.36.0-255,66,66625,20,211305
2326,0.001379,172.217.160.0-255,1484,68109,20,211305
2327,0.001384,172.217.160.0-255,2902,71011,20,211305
2328,0.001387,172.31.36.0-255,66,71077,20,211305
2329,0.001416,172.217.160.0-255,5738,76815,20,211305
2330,0.001419,172.31.36.0-255,66,76881,20,211305
2331,0.001427,172.217.160.0-255,6797,83678,20,211305
2332,0.001429,172.31.36.0-255,66,83744,20,211305
2333,0.001467,172.217.160.0-255,5738,89482,20,211305
2334,0.00147,172.31.36.0-255,66,89548,20,211305
2335,0.001507,172.31.36.0-255,66,89614,20,211305
2336,0.00151,172.217.160.0-255,1484,91098,20,211305
2337,0.001513,172.217.160.0-255,1125,92223,20,211305
2338,0.001515,172.31.36.0-255,66,92289,20,211305
2339,0.003408,172.217.160.0-255,5738,98027,20,211305
2340,0.003416,172.31.36.0-255,66,98093,20,211305
2341,0.005326,172.217.160.0-255,5738,103831,20,211305
2342,0.005329,172.31.36.0-255,66,103897,20,211305
2343,0.007242,172.217.160.0-255,4320,108217,20,211305
2344,0.007245,172.31.36.0-255,66,108283,20,211305
2345,0.00727,172.217.160.0-255,1484,109767,20,211305
2346,0.009144,172.217.160.0-255,4320,114087,20,211305
2347,0.009152,172.31.36.0-255,66,114153,20,211305
2348,0.011056,172.217.160.0-255,5738,119891,20,211305
2349,0.011064,172.31.36.0-255,66,119957,20,211305
2350,0.012967,172.217.160.0-255,5738,125695,20,211305
2351,0.012975,172.31.36.0-255,66,125761,20,211305
2352,0.014884,172.217.160.0-255,5738,131499,20,211305
2353,0.014893,172.31.36.0-255,66,131565,20,211305
2354,0.016789,172.217.160.0-255,5738,137303,20,211305
2355,0.016797,172.31.36.0-255,66,137369,20,211305
2356,0.0187,172.217.160.0-255,5738,143107,20,211305
2357,0.018706,172.31.36.0-255,66,143173,20,211305
2358,0.020595,172.217.160.0-255,5738,148911,20,211305
2359,0.020603,172.31.36.0-255,66,148977,20,211305
2360,0.02249,172.217.160.0-255,5738,154715,20,211305
2361,0.022496,172.31.36.0-255,66,154781,20,211305
2362,0.024395,172.217.160.0-255,5738,160519,20,211305
2363,0.024402,172.31.36.0-255,66,160585,20,211305
2364,0.026297,172.217.160.0-255,5738,166323,20,211305
2365,0.026305,172.31.36.0-255,66,166389,20,211305
2366,0.028203,172.217.160.0-255,5738,172127,20,211305
2367,0.028211,172.31.36.0-255,66,172193,20,211305
2368,0.030104,172.217.160.0-255,5738,177931,20,211305
2369,0.030111,172.31.36.0-255,66,177997,20,211305
2370,0.030892,172.31.36.0-255,172,178169,20,211305
2371,0.030923,172.31.36.0-255,1107,179276,20,211305
2372,0.030985,172.31.36.0-255,1514,180790,20,211305
2373,0.030987,172.31.36.0-255,1297,182087,20,211305
2374,0.032009,172.217.160.0-255,5738,187825,20,211305
2375,0.032017,172.31.36.0-255,66,187891,20,211305
2376,0.032423,104.244.42.0-255,66,187957,20,211305
2377,0.032472,104.244.42.0-255,66,188023,20,211305
2378,0.032568,104.244.42.0-255,66,188089,20,211305
2379,0.033912,172.217.160.0-255,5738,193827,20,211305
2380,0.033919,172.31.36.0-255,66,193893,20,211305
2381,0.035824,172.217.160.0-255,5738,199631,20,211305
2382,0.035836,172.31.36.0-255,66,199697,20,211305
2383,0.03773,172.217.160.0-255,5738,205435,20,211305
2384,0.037737,172.31.36.0-255,66,205501,20,211305
2385,0.03963,172.217.160.0-255,5738,211239,20,211305
2386,0.039638,172.31.36.0-255,66,211305,20,211305
2387,0.0,74.125.24.0-255,146,146,20,192648
2388,2.1e-05,172.31.36.0-255,66,212,20,192648
2389,2.8e-05,74.125.24.0-255,1484,1696,20,192648
2390,3.2e-05,172.31.36.0-255,66,1762,20,192648
2391,4.5e-05,74.125.24.0-255,2902,4664,20,192648
2392,4.8e-05,172.31.36.0-255,66,4730,20,192648
2393,5.2e-05,74.125.24.0-255,2902,7632,20,192648
2394,5.4e-05,172.31.36.0-255,66,7698,20,192648
2395,9.5e-05,74.125.24.0-255,6266,13964,20,192648
2396,9.8e-05,172.31.36.0-255,66,14030,20,192648
2397,0.000124,74.125.24.0-255,4320,18350,20,192648
2398,0.000126,172.31.36.0-255,66,18416,20,192648
2399,0.00013,74.125.24.0-255,1484,19900,20,192648
2400,0.000132,172.31.36.0-255,66,19966,20,192648
2401,0.000159,74.125.24.0-255,4320,24286,20,192648
2402,0.000162,172.31.36.0-255,66,24352,20,192648
2403,0.000189,74.125.24.0-255,6797,31149,20,192648
2404,0.000191,172.31.36.0-255,66,31215,20,192648
2405,0.000413,74.125.24.0-255,1484,32699,20,192648
2406,0.000418,172.31.36.0-255,66,32765,20,192648
2407,0.000438,74.125.24.0-255,2902,35667,20,192648
2408,0.00044,172.31.36.0-255,66,35733,20,192648
2409,0.000448,74.125.24.0-255,5738,41471,20,192648
2410,0.00045,172.31.36.0-255,66,41537,20,192648
2411,0.000483,172.31.36.0-255,66,41603,20,192648
2412,0.000497,74.125.24.0-255,5379,46982,20,192648
2413,0.000499,172.31.36.0-255,66,47048,20,192648
2414,0.000515,172.31.36.0-255,66,47114,20,192648
2415,0.00055,74.125.24.0-255,1437,48551,20,192648
2416,0.000554,172.31.36.0-255,66,48617,20,192648
2417,0.000751,74.125.24.0-255,108,48725,20,192648
2418,0.001052,172.31.36.0-255,66,48791,20,192648
2419,0.001241,74.125.24.0-255,1484,50275,20,192648
2420,0.00125,74.125.24.0-255,2902,53177,20,192648
2421,0.001254,172.31.36.0-255,66,53243,20,192648
2422,0.001285,74.125.24.0-255,5738,58981,20,192648
2423,0.001288,172.31.36.0-255,66,59047,20,192648
2424,0.00135,172.31.36.0-255,66,59113,20,192648
2425,0.001361,172.31.36.0-255,66,59179,20,192648
2426,0.001365,74.125.24.0-255,1125,60304,20,192648
2427,0.001921,74.125.24.0-255,1484,61788,20,192648
2428,0.001928,172.31.36.0-255,66,61854,20,192648
2429,0.001935,74.125.24.0-255,2902,64756,20,192648
2430,0.001937,172.31.36.0-255,66,64822,20,192648
2431,0.001949,74.125.24.0-255,5738,70560,20,192648
2432,0.001951,172.31.36.0-255,66,70626,20,192648
2433,0.001994,172.31.36.0-255,66,70692,20,192648
2434,0.002032,172.31.36.0-255,66,70758,20,192648
2435,0.002044,172.31.36.0-255,66,70824,20,192648
2436,0.002075,74.125.24.0-255,7156,77980,20,192648
2437,0.002078,172.31.36.0-255,66,78046,20,192648
2438,0.002082,74.125.24.0-255,2902,80948,20,192648
2439,0.002084,172.31.36.0-255,66,81014,20,192648
2440,0.004096,74.125.24.0-255,5738,86752,20,192648
2441,0.004102,172.31.36.0-255,66,86818,20,192648
2442,0.006115,74.125.24.0-255,5738,92556,20,192648
2443,0.006122,172.31.36.0-255,66,92622,20,192648
2444,0.008154,74.125.24.0-255,5738,98360,20,192648
2445,0.008161,172.31.36.0-255,66,98426,20,192648
2446,0.010247,74.125.24.0-255,5738,104164,20,192648
2447,0.010256,172.31.36.0-255,66,104230,20,192648
2448,0.01228,74.125.24.0-255,5738,109968,20,192648
2449,0.012287,172.31.36.0-255,66,110034,20,192648
2450,0.014316,74.125.24.0-255,5738,115772,20,192648
2451,0.014324,172.31.36.0-255,66,115838,20,192648
2452,0.016393,74.125.24.0-255,5738,121576,20,192648
2453,0.016403,172.31.36.0-255,66,121642,20,192648
2454,0.018465,74.125.24.0-255,5738,127380,20,192648
2455,0.018473,172.31.36.0-255,66,127446,20,192648
2456,0.020469,74.125.24.0-255,5738,133184,20,192648
2457,0.020476,172.31.36.0-255,66,133250,20,192648
2458,0.022563,74.125.24.0-255,5738,138988,20,192648
2459,0.02257,172.31.36.0-255,66,139054,20,192648
2460,0.024585,74.125.24.0-255,5738,144792,20,192648
2461,0.024593,172.31.36.0-255,66,144858,20,192648
2462,0.026624,74.125.24.0-255,5738,150596,20,192648
2463,0.026631,172.31.36.0-255,66,150662,20,192648
2464,0.028249,172.31.36.0-255,172,150834,20,192648
2465,0.028283,172.31.36.0-255,1107,151941,20,192648
2466,0.02837,172.31.36.0-255,1514,153455,20,192648
2467,0.028372,172.31.36.0-255,1514,154969,20,192648
2468,0.028373,172.31.36.0-255,1514,156483,20,192648
2469,0.028374,172.31.36.0-255,1077,157560,20,192648
2470,0.028664,74.125.24.0-255,5738,163298,20,192648
2471,0.028671,172.31.36.0-255,66,163364,20,192648
2472,0.029828,104.244.42.0-255,66,163430,20,192648
2473,0.029864,104.244.42.0-255,66,163496,20,192648
2474,0.029943,104.244.42.0-255,66,163562,20,192648
2475,0.029947,104.244.42.0-255,66,163628,20,192648
2476,0.030723,74.125.24.0-255,5738,169366,20,192648
2477,0.030729,172.31.36.0-255,66,169432,20,192648
2478,0.032739,74.125.24.0-255,5738,175170,20,192648
2479,0.032746,172.31.36.0-255,66,175236,20,192648
2480,0.034829,74.125.24.0-255,5738,180974,20,192648
2481,0.034836,172.31.36.0-255,66,181040,20,192648
2482,0.036906,74.125.24.0-255,5738,186778,20,192648
2483,0.036912,172.31.36.0-255,66,186844,20,192648
2484,0.038967,74.125.24.0-255,5738,192582,20,192648
2485,0.038974,172.31.36.0-255,66,192648,20,192648
2486,0.0,172.31.36.0-255,66,66,20,66
2487,0.0,172.217.27.0-255,152,152,20,274873
2488,2e-05,172.31.36.0-255,66,218,20,274873
2489,2.7e-05,172.217.27.0-255,1484,1702,20,274873
2490,3.2e-05,172.31.36.0-255,66,1768,20,274873
2491,4.6e-05,172.217.27.0-255,2902,4670,20,274873
2492,4.9e-05,172.31.36.0-255,66,4736,20,274873
2493,5.6e-05,172.217.27.0-255,4320,9056,20,274873
2494,5.9e-05,172.31.36.0-255,66,9122,20,274873
2495,7.1e-05,172.31.36.0-255,66,9188,20,274873
2496,8.6e-05,172.31.36.0-255,66,9254,20,274873
2497,0.000167,172.217.27.0-255,1484,10738,20,274873
2498,0.00017,172.31.36.0-255,66,10804,20,274873
2499,0.000196,172.217.27.0-255,2902,13706,20,274873
2500,0.000202,172.217.27.0-255,5738,19444,20,274873
2501,0.000207,172.31.36.0-255,66,19510,20,274873
2502,0.000211,172.31.36.0-255,66,19576,20,274873
2503,0.000239,172.31.36.0-255,66,19642,20,274873
2504,0.000266,172.217.27.0-255,2543,22185,20,274873
2505,0.000268,172.31.36.0-255,66,22251,20,274873
2506,0.000305,172.31.36.0-255,66,22317,20,274873
2507,0.00067,172.217.27.0-255,136,22453,20,274873
2508,0.000677,172.31.36.0-255,66,22519,20,274873
2509,0.000818,172.217.27.0-255,1484,24003,20,274873
2510,0.000822,172.31.36.0-255,66,24069,20,274873
2511,0.000828,172.217.27.0-255,2902,26971,20,274873
2512,0.00083,172.31.36.0-255,66,27037,20,274873
2513,0.000857,172.217.27.0-255,5738,32775,20,274873
2514,0.00086,172.31.36.0-255,66,32841,20,274873
2515,0.000865,172.217.27.0-255,2902,35743,20,274873
2516,0.000867,172.31.36.0-255,66,35809,20,274873
2517,0.000904,172.31.36.0-255,66,35875,20,274873
2518,0.000911,172.217.27.0-255,5738,41613,20,274873
2519,0.000913,172.31.36.0-255,66,41679,20,274873
2520,0.000943,172.217.27.0-255,3961,45640,20,274873
2521,0.000946,172.31.36.0-255,66,45706,20,274873
2522,0.00095,172.217.27.0-255,1484,47190,20,274873
2523,0.000983,172.217.27.0-255,2902,50092,20,274873
2524,0.000986,172.31.36.0-255,66,50158,20,274873
2525,0.00099,172.217.27.0-255,2902,53060,20,274873
2526,0.000992,172.31.36.0-255,66,53126,20,274873
2527,0.001037,172.217.27.0-255,2902,56028,20,274873
2528,0.001041,172.31.36.0-255,66,56094,20,274873
2529,0.001054,172.217.27.0-255,7156,63250,20,274873
2530,0.001056,172.31.36.0-255,66,63316,20,274873
2531,0.001072,172.31.36.0-255,66,63382,20,274873
2532,0.001076,172.217.27.0-255,2184,65566,20,274873
2533,0.001079,172.31.36.0-255,66,65632,20,274873
2534,0.001083,172.217.27.0-255,1484,67116,20,274873
2535,0.001116,172.217.27.0-255,1484,68600,20,274873
2536,0.001119,172.31.36.0-255,66,68666,20,274873
2537,0.001125,172.217.27.0-255,4320,72986,20,274873
2538,0.001127,172.31.36.0-255,66,73052,20,274873
2539,0.001142,172.31.36.0-255,66,73118,20,274873
2540,0.001183,172.31.36.0-255,66,73184,20,274873
2541,0.001185,172.217.27.0-255,347,73531,20,274873
2542,0.001204,172.217.27.0-255,1484,75015,20,274873
2543,0.001206,172.31.36.0-255,66,75081,20,274873
2544,0.001209,172.217.27.0-255,1484,76565,20,274873
2545,0.001237,172.217.27.0-255,2902,79467,20,274873
2546,0.00124,172.31.36.0-255,66,79533,20,274873
2547,0.001247,172.217.27.0-255,5738,85271,20,274873
2548,0.001249,172.31.36.0-255,66,85337,20,274873
2549,0.001272,172.217.27.0-255,4320,89657,20,274873
2550,0.001276,172.31.36.0-255,66,89723,20,274873
2551,0.001282,172.217.27.0-255,5738,95461,20,274873
2552,0.001284,172.31.36.0-255,66,95527,20,274873
2553,0.001314,172.217.27.0-255,5738,101265,20,274873
2554,0.001316,172.31.36.0-255,66,101331,20,274873
2555,0.001344,172.217.27.0-255,6438,107769,20,274873
2556,0.001346,172.31.36.0-255,66,107835,20,274873
2557,0.001382,172.31.36.0-255,66,107901,20,274873
2558,0.001406,172.217.27.0-255,1484,109385,20,274873
2559,0.001412,172.217.27.0-255,4320,113705,20,274873
2560,0.001414,172.31.36.0-255,66,113771,20,274873
2561,0.001426,172.31.36.0-255,66,113837,20,274873
2562,0.001455,172.217.27.0-255,6438,120275,20,274873
2563,0.001458,172.31.36.0-255,66,120341,20,274873
2564,0.001484,172.217.27.0-255,1484,121825,20,274873
2565,0.00149,172.217.27.0-255,2902,124727,20,274873
2566,0.001492,172.31.36.0-255,66,124793,20,274873
2567,0.001499,172.217.27.0-255,5738,130531,20,274873
2568,0.001501,172.31.36.0-255,66,130597,20,274873
2569,0.001552,172.217.27.0-255,4320,134917,20,274873
2570,0.001554,172.31.36.0-255,66,134983,20,274873
2571,0.001588,172.217.27.0-255,5738,140721,20,274873
2572,0.00159,172.31.36.0-255,66,140787,20,274873
2573,0.001603,172.31.36.0-255,66,140853,20,274873
2574,0.001607,172.217.27.0-255,2184,143037,20,274873
2575,0.001609,172.31.36.0-255,66,143103,20,274873
2576,0.001613,172.217.27.0-255,2902,146005,20,274873
2577,0.001615,172.31.36.0-255,66,146071,20,274873
2578,0.001621,172.217.27.0-255,5738,151809,20,274873
2579,0.001624,172.31.36.0-255,66,151875,20,274873
2580,0.001632,172.217.27.0-255,7156,159031,20,274873
2581,0.001634,172.31.36.0-255,66,159097,20,274873
2582,0.001637,172.217.27.0-255,1484,160581,20,274873
2583,0.001685,172.31.36.0-255,66,160647,20,274873
2584,0.00169,172.217.27.0-255,3602,164249,20,274873
2585,0.001692,172.31.36.0-255,66,164315,20,274873
2586,0.003352,172.217.27.0-255,5738,170053,20,274873
2587,0.00336,172.31.36.0-255,66,170119,20,274873
2588,0.005024,172.217.27.0-255,5738,175857,20,274873
2589,0.005027,172.31.36.0-255,66,175923,20,274873
2590,0.006694,172.217.27.0-255,5738,181661,20,274873
2591,0.006701,172.31.36.0-255,66,181727,20,274873
2592,0.008368,172.217.27.0-255,5738,187465,20,274873
2593,0.008374,172.31.36.0-255,66,187531,20,274873
2594,0.010033,172.217.27.0-255,5738,193269,20,274873
2595,0.010038,172.31.36.0-255,66,193335,20,274873
2596,0.011704,172.217.27.0-255,5738,199073,20,274873
2597,0.011711,172.31.36.0-255,66,199139,20,274873
2598,0.013374,172.217.27.0-255,5738,204877,20,274873
2599,0.013382,172.31.36.0-255,66,204943,20,274873
2600,0.01505,172.217.27.0-255,5738,210681,20,274873
2601,0.015057,172.31.36.0-255,66,210747,20,274873
2602,0.016722,172.217.27.0-255,5738,216485,20,274873
2603,0.016731,172.31.36.0-255,66,216551,20,274873
2604,0.01839,172.217.27.0-255,5738,222289,20,274873
2605,0.018397,172.31.36.0-255,66,222355,20,274873
2606,0.020063,172.217.27.0-255,5738,228093,20,274873
2607,0.020075,172.31.36.0-255,66,228159,20,274873
2608,0.021743,172.217.27.0-255,5738,233897,20,274873
2609,0.02175,172.31.36.0-255,66,233963,20,274873
2610,0.02342,172.217.27.0-255,5738,239701,20,274873
2611,0.023427,172.31.36.0-255,66,239767,20,274873
2612,0.025091,172.217.27.0-255,5738,245505,20,274873
2613,0.025099,172.31.36.0-255,66,245571,20,274873
2614,0.026765,172.217.27.0-255,5738,251309,20,274873
2615,0.026773,172.31.36.0-255,66,251375,20,274873
2616,0.028435,172.217.27.0-255,5738,257113,20,274873
2617,0.028441,172.31.36.0-255,66,257179,20,274873
2618,0.030115,172.217.27.0-255,5738,262917,20,274873
2619,0.030122,172.31.36.0-255,66,262983,20,274873
2620,0.031803,172.217.27.0-255,5738,268721,20,274873
2621,0.03181,172.31.36.0-255,66,268787,20,274873
2622,0.033467,172.217.27.0-255,1561,270348,20,274873
2623,0.033474,172.31.36.0-255,66,270414,20,274873
2624,0.033626,172.31.36.0-255,105,270519,20,274873
2625,0.034303,172.31.36.0-255,172,270691,20,274873
2626,0.034333,172.31.36.0-255,1107,271798,20,274873
2627,0.034394,172.31.36.0-255,1514,273312,20,274873
2628,0.034395,172.31.36.0-255,1297,274609,20,274873
2629,0.035248,172.217.27.0-255,66,274675,20,274873
2630,0.035827,104.244.42.0-255,66,274741,20,274873
2631,0.035863,104.244.42.0-255,66,274807,20,274873
2632,0.035961,104.244.42.0-255,66,274873,20,274873
2633,0.0,74.125.130.0-255,147,147,20,242258
2634,2.8e-05,172.31.36.0-255,66,213,20,242258
2635,3.5e-05,74.125.130.0-255,1484,1697,20,242258
2636,3.9e-05,172.31.36.0-255,66,1763,20,242258
2637,4.2e-05,74.125.130.0-255,1484,3247,20,242258
2638,4.5e-05,172.31.36.0-255,66,3313,20,242258
2639,5e-05,74.125.130.0-255,2902,6215,20,242258
2640,5.3e-05,172.31.36.0-255,66,6281,20,242258
2641,5.6e-05,74.125.130.0-255,1484,7765,20,242258
2642,5.8e-05,172.31.36.0-255,66,7831,20,242258
2643,8.4e-05,74.125.130.0-255,4320,12151,20,242258
2644,8.8e-05,172.31.36.0-255,66,12217,20,242258
2645,9.4e-05,74.125.130.0-255,6334,18551,20,242258
2646,9.6e-05,172.31.36.0-255,66,18617,20,242258
2647,9.9e-05,74.125.130.0-255,1484,20101,20,242258
2648,0.000101,172.31.36.0-255,66,20167,20,242258
2649,0.000116,74.125.130.0-255,5738,25905,20,242258
2650,0.000119,172.31.36.0-255,66,25971,20,242258
2651,0.00015,74.125.130.0-255,5379,31350,20,242258
2652,0.000153,172.31.36.0-255,66,31416,20,242258
2653,0.000308,74.125.130.0-255,1484,32900,20,242258
2654,0.000312,172.31.36.0-255,66,32966,20,242258
2655,0.000316,74.125.130.0-255,1484,34450,20,242258
2656,0.000319,172.31.36.0-255,66,34516,20,242258
2657,0.000334,74.125.130.0-255,1484,36000,20,242258
2658,0.000337,172.31.36.0-255,66,36066,20,242258
2659,0.000343,74.125.130.0-255,4320,40386,20,242258
2660,0.000346,172.31.36.0-255,66,40452,20,242258
2661,0.000367,74.125.130.0-255,1484,41936,20,242258
2662,0.00037,172.31.36.0-255,66,42002,20,242258
2663,0.000379,74.125.130.0-255,6797,48799,20,242258
2664,0.000382,172.31.36.0-255,66,48865,20,242258
2665,0.0004,74.125.130.0-255,1484,50349,20,242258
2666,0.000423,172.31.36.0-255,66,50415,20,242258
2667,0.00044,74.125.130.0-255,1484,51899,20,242258
2668,0.000463,74.125.130.0-255,5633,57532,20,242258
2669,0.000466,172.31.36.0-255,66,57598,20,242258
2670,0.000469,74.125.130.0-255,120,57718,20,242258
2671,0.000579,74.125.130.0-255,1484,59202,20,242258
2672,0.000584,172.31.36.0-255,66,59268,20,242258
2673,0.000589,74.125.130.0-255,2902,62170,20,242258
2674,0.000592,172.31.36.0-255,66,62236,20,242258
2675,0.000606,74.125.130.0-255,4320,66556,20,242258
2676,0.000609,172.31.36.0-255,66,66622,20,242258
2677,0.000634,74.125.130.0-255,5738,72360,20,242258
2678,0.000638,172.31.36.0-255,66,72426,20,242258
2679,0.000658,74.125.130.0-255,3961,76387,20,242258
2680,0.000662,172.31.36.0-255,66,76453,20,242258
2681,0.000666,74.125.130.0-255,2902,79355,20,242258
2682,0.00067,172.31.36.0-255,66,79421,20,242258
2683,0.000704,74.125.130.0-255,5738,85159,20,242258
2684,0.000708,172.31.36.0-255,66,85225,20,242258
2685,0.000732,74.125.130.0-255,6529,91754,20,242258
2686,0.000735,172.31.36.0-255,66,91820,20,242258
2687,0.000914,74.125.130.0-255,1484,93304,20,242258
2688,0.00092,74.125.130.0-255,2902,96206,20,242258
2689,0.000924,172.31.36.0-255,66,96272,20,242258
2690,0.000942,74.125.130.0-255,1484,97756,20,242258
2691,0.000963,74.125.130.0-255,4320,102076,20,242258
2692,0.000966,172.31.36.0-255,66,102142,20,242258
2693,0.000973,74.125.130.0-255,5738,107880,20,242258
2694,0.000975,172.31.36.0-255,66,107946,20,242258
2695,0.000997,74.125.130.0-255,1008,108954,20,242258
2696,0.001166,74.125.130.0-255,1484,110438,20,242258
2697,0.001172,172.31.36.0-255,66,110504,20,242258
2698,0.00119,74.125.130.0-255,2902,113406,20,242258
2699,0.001193,172.31.36.0-255,66,113472,20,242258
2700,0.001196,74.125.130.0-255,1484,114956,20,242258
2701,0.001221,74.125.130.0-255,4320,119276,20,242258
2702,0.001224,172.31.36.0-255,66,119342,20,242258
2703,0.001227,74.125.130.0-255,1484,120826,20,242258
2704,0.001231,74.125.130.0-255,2902,123728,20,242258
2705,0.001233,172.31.36.0-255,66,123794,20,242258
2706,0.001238,74.125.130.0-255,2902,126696,20,242258
2707,0.00124,172.31.36.0-255,66,126762,20,242258
2708,0.001259,74.125.130.0-255,2902,129664,20,242258
2709,0.001262,172.31.36.0-255,66,129730,20,242258
2710,0.00127,74.125.130.0-255,7156,136886,20,242258
2711,0.001272,172.31.36.0-255,66,136952,20,242258
2712,0.001311,74.125.130.0-255,2902,139854,20,242258
2713,0.001314,172.31.36.0-255,66,139920,20,242258
2714,0.001336,74.125.130.0-255,3602,143522,20,242258
2715,0.001338,172.31.36.0-255,66,143588,20,242258
2716,0.003707,74.125.130.0-255,1484,145072,20,242258
2717,0.003732,74.125.130.0-255,4320,149392,20,242258
2718,0.003738,172.31.36.0-255,66,149458,20,242258
2719,0.006126,74.125.130.0-255,5738,155196,20,242258
2720,0.006131,172.31.36.0-255,66,155262,20,242258
2721,0.008535,74.125.130.0-255,5738,161000,20,242258
2722,0.008542,172.31.36.0-255,66,161066,20,242258
2723,0.010951,74.125.130.0-255,5738,166804,20,242258
2724,0.010959,172.31.36.0-255,66,166870,20,242258
2725,0.013352,74.125.130.0-255,5738,172608,20,242258
2726,0.013362,172.31.36.0-255,66,172674,20,242258
2727,0.015755,74.125.130.0-255,5738,178412,20,242258
2728,0.015763,172.31.36.0-255,66,178478,20,242258
2729,0.018165,74.125.130.0-255,2902,181380,20,242258
2730,0.018172,172.31.36.0-255,66,181446,20,242258
2731,0.018196,74.125.130.0-255,2902,184348,20,242258
2732,0.0182,172.31.36.0-255,66,184414,20,242258
2733,0.020569,74.125.130.0-255,2902,187316,20,242258
2734,0.020575,172.31.36.0-255,66,187382,20,242258
2735,0.0206,74.125.130.0-255,2902,190284,20,242258
2736,0.020603,172.31.36.0-255,66,190350,20,242258
2737,0.022975,74.125.130.0-255,2902,193252,20,242258
2738,0.022983,172.31.36.0-255,66,193318,20,242258
2739,0.023006,74.125.130.0-255,2902,196220,20,242258
2740,0.023009,172.31.36.0-255,66,196286,20,242258
2741,0.024733,172.31.36.0-255,172,196458,20,242258
2742,0.024781,172.31.36.0-255,1111,197569,20,242258
2743,0.024856,172.31.36.0-255,1514,199083,20,242258
2744,0.024858,172.31.36.0-255,1293,200376,20,242258
2745,0.025371,74.125.130.0-255,2902,203278,20,242258
2746,0.025377,172.31.36.0-255,66,203344,20,242258
2747,0.0254,74.125.130.0-255,2902,206246,20,242258
2748,0.025403,172.31.36.0-255,66,206312,20,242258
2749,0.026387,104.244.42.0-255,66,206378,20,242258
2750,0.026467,104.244.42.0-255,66,206444,20,242258
2751,0.026513,104.244.42.0-255,66,206510,20,242258
2752,0.027768,74.125.130.0-255,2902,209412,20,242258
2753,0.027772,172.31.36.0-255,66,209478,20,242258
2754,0.027806,74.125.130.0-255,2902,212380,20,242258
2755,0.027809,172.31.36.0-255,66,212446,20,242258
2756,0.030167,74.125.130.0-255,2902,215348,20,242258
2757,0.030173,172.31.36.0-255,66,215414,20,242258
2758,0.030205,74.125.130.0-255,2902,218316,20,242258
2759,0.030208,172.31.36.0-255,66,218382,20,242258
2760,0.032557,74.125.130.0-255,2902,221284,20,242258
2761,0.032563,172.31.36.0-255,66,221350,20,242258
2762,0.032594,74.125.130.0-255,2902,224252,20,242258
2763,0.032597,172.31.36.0-255,66,224318,20,242258
2764,0.034943,74.125.130.0-255,2902,227220,20,242258
2765,0.034948,172.31.36.0-255,66,227286,20,242258
2766,0.035015,74.125.130.0-255,2902,230188,20,242258
2767,0.035019,172.31.36.0-255,66,230254,20,242258
2768,0.037352,74.125.130.0-255,2902,233156,20,242258
2769,0.037358,172.31.36.0-255,66,233222,20,242258
2770,0.037401,74.125.130.0-255,2902,236124,20,242258
2771,0.037404,172.31.36.0-255,66,236190,20,242258
2772,0.039744,74.125.130.0-255,1484,237674,20,242258
2773,0.039772,74.125.130.0-255,1484,239158,20,242258
2774,0.039776,172.31.36.0-255,66,239224,20,242258
2775,0.039791,74.125.130.0-255,1484,240708,20,242258
2776,0.039812,74.125.130.0-255,1484,242192,20,242258
2777,0.039815,172.31.36.0-255,66,242258,20,242258
2778,0.0,31.13.82.0-255,105,105,20,171
2779,6e-06,172.31.36.0-255,66,171,20,171
2780,0.0,172.217.194.0-255,146,146,20,280138
2781,2.7e-05,172.31.36.0-255,66,212,20,280138
2782,3.4e-05,172.217.194.0-255,1484,1696,20,280138
2783,3.9e-05,172.31.36.0-255,66,1762,20,280138
2784,4.4e-05,172.217.194.0-255,2902,4664,20,280138
2785,5.4e-05,172.31.36.0-255,66,4730,20,280138
2786,6e-05,172.217.194.0-255,5738,10468,20,280138
2787,6.3e-05,172.31.36.0-255,66,10534,20,280138
2788,0.000122,172.31.36.0-255,66,10600,20,280138
2789,0.000129,172.217.194.0-255,5738,16338,20,280138
2790,0.000131,172.31.36.0-255,66,16404,20,280138
2791,0.000159,172.217.194.0-255,1125,17529,20,280138
2792,0.000162,172.31.36.0-255,66,17595,20,280138
2793,0.000175,172.217.194.0-255,1484,19079,20,280138
2794,0.000182,172.31.36.0-255,66,19145,20,280138
2795,0.000186,172.217.194.0-255,2902,22047,20,280138
2796,0.000189,172.31.36.0-255,66,22113,20,280138
2797,0.000195,172.217.194.0-255,2902,25015,20,280138
2798,0.000197,172.31.36.0-255,66,25081,20,280138
2799,0.000231,172.217.194.0-255,2902,27983,20,280138
2800,0.000234,172.31.36.0-255,66,28049,20,280138
2801,0.000241,172.217.194.0-255,5738,33787,20,280138
2802,0.000243,172.31.36.0-255,66,33853,20,280138
2803,0.000276,172.31.36.0-255,66,33919,20,280138
2804,0.000332,172.31.36.0-255,66,33985,20,280138
2805,0.000335,172.217.194.0-255,119,34104,20,280138
2806,0.000337,172.31.36.0-255,66,34170,20,280138
2807,0.000372,172.217.194.0-255,1484,35654,20,280138
2808,0.000376,172.31.36.0-255,66,35720,20,280138
2809,0.00038,172.217.194.0-255,2902,38622,20,280138
2810,0.000383,172.31.36.0-255,66,38688,20,280138
2811,0.000395,172.217.194.0-255,5738,44426,20,280138
2812,0.000398,172.31.36.0-255,66,44492,20,280138
2813,0.000436,172.217.194.0-255,2902,47394,20,280138
2814,0.000446,172.31.36.0-255,66,47460,20,280138
2815,0.000479,172.217.194.0-255,3961,51421,20,280138
2816,0.000486,172.217.194.0-255,7156,58577,20,280138
2817,0.000488,172.31.36.0-255,66,58643,20,280138
2818,0.000494,172.31.36.0-255,66,58709,20,280138
2819,0.000513,172.31.36.0-255,66,58775,20,280138
2820,0.000518,172.217.194.0-255,1439,60214,20,280138
2821,0.000787,172.217.194.0-255,1484,61698,20,280138
2822,0.000791,172.31.36.0-255,66,61764,20,280138
2823,0.000797,172.217.194.0-255,2902,64666,20,280138
2824,0.000805,172.31.36.0-255,66,64732,20,280138
2825,0.000826,172.217.194.0-255,5738,70470,20,280138
2826,0.000835,172.31.36.0-255,66,70536,20,280138
2827,0.000846,172.217.194.0-255,4320,74856,20,280138
2828,0.00085,172.31.36.0-255,66,74922,20,280138
2829,0.000864,172.217.194.0-255,5738,80660,20,280138
2830,0.000876,172.217.194.0-255,7156,87816,20,280138
2831,0.000883,172.31.36.0-255,66,87882,20,280138
2832,0.000902,172.217.194.0-255,4320,92202,20,280138
2833,0.000906,172.217.194.0-255,2184,94386,20,280138
2834,0.000908,172.217.194.0-255,1484,95870,20,280138
2835,0.000912,172.31.36.0-255,66,95936,20,280138
2836,0.000925,172.217.194.0-255,1484,97420,20,280138
2837,0.000936,172.217.194.0-255,7156,104576,20,280138
2838,0.000939,172.31.36.0-255,66,104642,20,280138
2839,0.000946,172.217.194.0-255,7156,111798,20,280138
2840,0.00096,172.31.36.0-255,66,111864,20,280138
2841,0.000997,172.31.36.0-255,66,111930,20,280138
2842,0.000999,172.217.194.0-255,2902,114832,20,280138
2843,0.001001,172.217.194.0-255,766,115598,20,280138
2844,0.001012,172.31.36.0-255,66,115664,20,280138
2845,0.001039,172.217.194.0-255,1484,117148,20,280138
2846,0.001054,172.217.194.0-255,2902,120050,20,280138
2847,0.001061,172.31.36.0-255,66,120116,20,280138
2848,0.00108,172.217.194.0-255,5738,125854,20,280138
2849,0.001087,172.217.194.0-255,5738,131592,20,280138
2850,0.001087,172.31.36.0-255,66,131658,20,280138
2851,0.001092,172.31.36.0-255,66,131724,20,280138
2852,0.001124,172.217.194.0-255,7156,138880,20,280138
2853,0.001136,172.31.36.0-255,66,138946,20,280138
2854,0.001155,172.31.36.0-255,66,139012,20,280138
2855,0.001272,172.217.194.0-255,1484,140496,20,280138
2856,0.001277,172.217.194.0-255,2902,143398,20,280138
2857,0.001284,172.31.36.0-255,66,143464,20,280138
2858,0.001314,172.217.194.0-255,5738,149202,20,280138
2859,0.001322,172.31.36.0-255,66,149268,20,280138
2860,0.001366,172.31.36.0-255,66,149334,20,280138
2861,0.001375,172.217.194.0-255,2902,152236,20,280138
2862,0.00138,172.31.36.0-255,66,152302,20,280138
2863,0.001403,172.217.194.0-255,4320,156622,20,280138
2864,0.001412,172.31.36.0-255,66,156688,20,280138
2865,0.001431,172.217.194.0-255,6438,163126,20,280138
2866,0.001438,172.31.36.0-255,66,163192,20,280138
2867,0.001965,172.217.194.0-255,1484,164676,20,280138
2868,0.00197,172.217.194.0-255,2902,167578,20,280138
2869,0.001974,172.31.36.0-255,66,167644,20,280138
2870,0.002034,172.217.194.0-255,5738,173382,20,280138
2871,0.002041,172.217.194.0-255,5738,179120,20,280138
2872,0.00205,172.31.36.0-255,66,179186,20,280138
2873,0.002072,172.217.194.0-255,5020,184206,20,280138
2874,0.002077,172.31.36.0-255,66,184272,20,280138
2875,0.004159,172.217.194.0-255,5738,190010,20,280138
2876,0.004166,172.31.36.0-255,66,190076,20,280138
2877,0.006231,172.217.194.0-255,1484,191560,20,280138
2878,0.006247,172.217.194.0-255,4320,195880,20,280138
2879,0.008808,172.31.36.0-255,66,195946,20,280138
2880,0.010892,172.217.194.0-255,5738,201684,20,280138
2881,0.010904,172.31.36.0-255,66,201750,20,280138
2882,0.01298,172.217.194.0-255,5738,207488,20,280138
2883,0.012988,172.31.36.0-255,66,207554,20,280138
2884,0.01503,172.217.194.0-255,5738,213292,20,280138
2885,0.015039,172.31.36.0-255,66,213358,20,280138
2886,0.017108,172.217.194.0-255,5738,219096,20,280138
2887,0.01712,172.31.36.0-255,66,219162,20,280138
2888,0.019184,172.217.194.0-255,5738,224900,20,280138
2889,0.019733,172.31.36.0-255,66,224966,20,280138
2890,0.021793,172.217.194.0-255,5738,230704,20,280138
2891,0.0218,172.31.36.0-255,66,230770,20,280138
2892,0.023892,172.217.194.0-255,5738,236508,20,280138
2893,0.023898,172.31.36.0-255,66,236574,20,280138
2894,0.024786,172.31.36.0-255,172,236746,20,280138
2895,0.024819,172.31.36.0-255,1111,237857,20,280138
2896,0.02485,172.31.36.0-255,1514,239371,20,280138
2897,0.024852,172.31.36.0-255,1293,240664,20,280138
2898,0.025945,172.217.194.0-255,4320,244984,20,280138
2899,0.02595,172.31.36.0-255,66,245050,20,280138
2900,0.025986,172.217.194.0-255,1484,246534,20,280138
2901,0.026449,104.244.42.0-255,66,246600,20,280138
2902,0.026491,104.244.42.0-255,66,246666,20,280138
2903,0.02655,104.244.42.0-255,66,246732,20,280138
2904,0.028012,172.217.194.0-255,4320,251052,20,280138
2905,0.028017,172.31.36.0-255,66,251118,20,280138
2906,0.030076,172.217.194.0-255,5738,256856,20,280138
2907,0.03013,172.31.36.0-255,66,256922,20,280138
2908,0.032194,172.217.194.0-255,5738,262660,20,280138
2909,0.0322,172.31.36.0-255,66,262726,20,280138
2910,0.034245,172.217.194.0-255,5738,268464,20,280138
2911,0.03425,172.31.36.0-255,66,268530,20,280138
2912,0.036296,172.217.194.0-255,5738,274268,20,280138
2913,0.036302,172.31.36.0-255,66,274334,20,280138
2914,0.038401,172.217.194.0-255,5738,280072,20,280138
2915,0.038406,172.31.36.0-255,66,280138,20,280138
2916,0.0,74.125.68.0-255,150,150,20,239857
2917,1.4e-05,172.31.36.0-255,66,216,20,239857
2918,2.1e-05,74.125.68.0-255,1484,1700,20,239857
2919,2.7e-05,172.31.36.0-255,66,1766,20,239857
2920,5.1e-05,74.125.68.0-255,2902,4668,20,239857
2921,5.4e-05,172.31.36.0-255,66,4734,20,239857
2922,7.2e-05,74.125.68.0-255,1484,6218,20,239857
2923,7.5e-05,172.31.36.0-255,66,6284,20,239857
2924,9.5e-05,74.125.68.0-255,2902,9186,20,239857
2925,9.8e-05,172.31.36.0-255,66,9252,20,239857
2926,0.000102,74.125.68.0-255,1484,10736,20,239857
2927,0.000104,172.31.36.0-255,66,10802,20,239857
2928,0.000108,74.125.68.0-255,1484,12286,20,239857
2929,0.00011,172.31.36.0-255,66,12352,20,239857
2930,0.000131,74.125.68.0-255,1484,13836,20,239857
2931,0.000134,172.31.36.0-255,66,13902,20,239857
2932,0.00016,74.125.68.0-255,4882,18784,20,239857
2933,0.000164,172.31.36.0-255,66,18850,20,239857
2934,0.000207,74.125.68.0-255,5738,24588,20,239857
2935,0.000209,172.31.36.0-255,66,24654,20,239857
2936,0.000247,74.125.68.0-255,6797,31451,20,239857
2937,0.00025,172.31.36.0-255,66,31517,20,239857
2938,0.000335,74.125.68.0-255,1484,33001,20,239857
2939,0.000339,172.31.36.0-255,66,33067,20,239857
2940,0.000344,74.125.68.0-255,2902,35969,20,239857
2941,0.000346,172.31.36.0-255,66,36035,20,239857
2942,0.000366,74.125.68.0-255,4320,40355,20,239857
2943,0.000369,172.31.36.0-255,66,40421,20,239857
2944,0.000405,172.31.36.0-255,66,40487,20,239857
2945,0.000409,74.125.68.0-255,2902,43389,20,239857
2946,0.000411,172.31.36.0-255,66,43455,20,239857
2947,0.00045,74.125.68.0-255,4320,47775,20,239857
2948,0.000454,172.31.36.0-255,66,47841,20,239857
2949,0.000481,172.31.36.0-255,66,47907,20,239857
2950,0.000521,74.125.68.0-255,766,48673,20,239857
2951,0.000541,74.125.68.0-255,364,49037,20,239857
2952,0.000581,74.125.68.0-255,133,49170,20,239857
2953,0.000637,74.125.68.0-255,1484,50654,20,239857
2954,0.000642,172.31.36.0-255,66,50720,20,239857
2955,0.000646,74.125.68.0-255,1484,52204,20,239857
2956,0.000662,74.125.68.0-255,1484,53688,20,239857
2957,0.000664,172.31.36.0-255,66,53754,20,239857
2958,0.000667,74.125.68.0-255,1484,55238,20,239857
2959,0.000672,74.125.68.0-255,2902,58140,20,239857
2960,0.000674,172.31.36.0-255,66,58206,20,239857
2961,0.000703,74.125.68.0-255,5738,63944,20,239857
2962,0.000706,172.31.36.0-255,66,64010,20,239857
2963,0.000711,74.125.68.0-255,2902,66912,20,239857
2964,0.000714,172.31.36.0-255,66,66978,20,239857
2965,0.000734,74.125.68.0-255,7156,74134,20,239857
2966,0.000737,172.31.36.0-255,66,74200,20,239857
2967,0.000775,74.125.68.0-255,7156,81356,20,239857
2968,0.000779,172.31.36.0-255,66,81422,20,239857
2969,0.000794,74.125.68.0-255,1881,83303,20,239857
2970,0.000796,172.31.36.0-255,66,83369,20,239857
2971,0.00096,74.125.68.0-255,1484,84853,20,239857
2972,0.000968,74.125.68.0-255,2902,87755,20,239857
2973,0.000972,172.31.36.0-255,66,87821,20,239857
2974,0.000997,74.125.68.0-255,5738,93559,20,239857
2975,0.001,172.31.36.0-255,66,93625,20,239857
2976,0.001018,74.125.68.0-255,2902,96527,20,239857
2977,0.001021,172.31.36.0-255,66,96593,20,239857
2978,0.001043,172.31.36.0-255,66,96659,20,239857
2979,0.001076,172.31.36.0-255,66,96725,20,239857
2980,0.001624,74.125.68.0-255,1484,98209,20,239857
2981,0.001631,74.125.68.0-255,2902,101111,20,239857
2982,0.001635,172.31.36.0-255,66,101177,20,239857
2983,0.001651,74.125.68.0-255,5738,106915,20,239857
2984,0.001653,172.31.36.0-255,66,106981,20,239857
2985,0.001677,74.125.68.0-255,2902,109883,20,239857
2986,0.001679,172.31.36.0-255,66,109949,20,239857
2987,0.0017,74.125.68.0-255,5738,115687,20,239857
2988,0.001703,172.31.36.0-255,66,115753,20,239857
2989,0.001707,74.125.68.0-255,2902,118655,20,239857
2990,0.001709,172.31.36.0-255,66,118721,20,239857
2991,0.001739,74.125.68.0-255,7156,125877,20,239857
2992,0.001742,172.31.36.0-255,66,125943,20,239857
2993,0.001749,74.125.68.0-255,5020,130963,20,239857
2994,0.001751,172.31.36.0-255,66,131029,20,239857
2995,0.002007,74.125.68.0-255,1484,132513,20,239857
2996,0.003776,74.125.68.0-255,4320,136833,20,239857
2997,0.003784,172.31.36.0-255,66,136899,20,239857
2998,0.005794,74.125.68.0-255,5738,142637,20,239857
2999,0.005799,172.31.36.0-255,66,142703,20,239857
3000,0.007804,74.125.68.0-255,5738,148441,20,239857
3001,0.007809,172.31.36.0-255,66,148507,20,239857
3002,0.00981,74.125.68.0-255,5738,154245,20,239857
3003,0.009819,172.31.36.0-255,66,154311,20,239857
3004,0.01182,74.125.68.0-255,5738,160049,20,239857
3005,0.011828,172.31.36.0-255,66,160115,20,239857
3006,0.013836,74.125.68.0-255,5738,165853,20,239857
3007,0.013844,172.31.36.0-255,66,165919,20,239857
3008,0.015847,74.125.68.0-255,5738,171657,20,239857
3009,0.015856,172.31.36.0-255,66,171723,20,239857
3010,0.017852,74.125.68.0-255,5738,177461,20,239857
3011,0.01786,172.31.36.0-255,66,177527,20,239857
3012,0.019867,74.125.68.0-255,5738,183265,20,239857
3013,0.019874,172.31.36.0-255,66,183331,20,239857
3014,0.021882,74.125.68.0-255,5738,189069,20,239857
3015,0.021889,172.31.36.0-255,66,189135,20,239857
3016,0.023889,74.125.68.0-255,5738,194873,20,239857
3017,0.023897,172.31.36.0-255,66,194939,20,239857
3018,0.025892,74.125.68.0-255,5738,200677,20,239857
3019,0.0259,172.31.36.0-255,66,200743,20,239857
3020,0.027902,74.125.68.0-255,5738,206481,20,239857
3021,0.027909,172.31.36.0-255,66,206547,20,239857
3022,0.028749,172.31.36.0-255,172,206719,20,239857
3023,0.02878,172.31.36.0-255,1107,207826,20,239857
3024,0.028837,172.31.36.0-255,1514,209340,20,239857
3025,0.028839,172.31.36.0-255,1299,210639,20,239857
3026,0.029931,74.125.68.0-255,5738,216377,20,239857
3027,0.029938,172.31.36.0-255,66,216443,20,239857
3028,0.030226,104.244.42.0-255,66,216509,20,239857
3029,0.030258,104.244.42.0-255,66,216575,20,239857
3030,0.030334,104.244.42.0-255,66,216641,20,239857
3031,0.03195,74.125.68.0-255,5738,222379,20,239857
3032,0.031957,172.31.36.0-255,66,222445,20,239857
3033,0.033971,74.125.68.0-255,5738,228183,20,239857
3034,0.033978,172.31.36.0-255,66,228249,20,239857
3035,0.035981,74.125.68.0-255,5738,233987,20,239857
3036,0.035988,172.31.36.0-255,66,234053,20,239857
3037,0.037995,74.125.68.0-255,5738,239791,20,239857
3038,0.038001,172.31.36.0-255,66,239857,20,239857
3039,0.0,74.125.24.0-255,150,150,20,122515
3040,2.3e-05,172.31.36.0-255,66,216,20,122515
3041,3e-05,74.125.24.0-255,1484,1700,20,122515
3042,3.5e-05,172.31.36.0-255,66,1766,20,122515
3043,0.000149,74.125.24.0-255,2902,4668,20,122515
3044,0.000153,172.31.36.0-255,66,4734,20,122515
3045,0.000505,74.125.24.0-255,7156,11890,20,122515
3046,0.000511,172.31.36.0-255,66,11956,20,122515
3047,0.001348,74.125.24.0-255,7156,19112,20,122515
3048,0.001357,172.31.36.0-255,66,19178,20,122515
3049,0.002188,74.125.24.0-255,7156,26334,20,122515
3050,0.002195,172.31.36.0-255,66,26400,20,122515
3051,0.003042,74.125.24.0-255,7156,33556,20,122515
3052,0.003051,172.31.36.0-255,66,33622,20,122515
3053,0.003886,74.125.24.0-255,7156,40778,20,122515
3054,0.003894,172.31.36.0-255,66,40844,20,122515
3055,0.00643,74.125.24.0-255,5738,46582,20,122515
3056,0.006439,172.31.36.0-255,66,46648,20,122515
3057,0.009,74.125.24.0-255,1484,48132,20,122515
3058,0.009009,172.31.36.0-255,66,48198,20,122515
3059,0.009053,74.125.24.0-255,4320,52518,20,122515
3060,0.009056,172.31.36.0-255,66,52584,20,122515
3061,0.011524,74.125.24.0-255,1484,54068,20,122515
3062,0.011532,172.31.36.0-255,66,54134,20,122515
3063,0.011585,74.125.24.0-255,1484,55618,20,122515
3064,0.011589,172.31.36.0-255,66,55684,20,122515
3065,0.011605,74.125.24.0-255,2902,58586,20,122515
3066,0.011608,172.31.36.0-255,66,58652,20,122515
3067,0.014038,74.125.24.0-255,1484,60136,20,122515
3068,0.014047,172.31.36.0-255,66,60202,20,122515
3069,0.014113,74.125.24.0-255,4320,64522,20,122515
3070,0.014117,172.31.36.0-255,66,64588,20,122515
3071,0.016566,74.125.24.0-255,1484,66072,20,122515
3072,0.016613,74.125.24.0-255,2902,68974,20,122515
3073,0.016618,172.31.36.0-255,66,69040,20,122515
3074,0.016635,74.125.24.0-255,1484,70524,20,122515
3075,0.019157,74.125.24.0-255,4320,74844,20,122515
3076,0.019169,172.31.36.0-255,66,74910,20,122515
3077,0.021695,74.125.24.0-255,5738,80648,20,122515
3078,0.021703,172.31.36.0-255,66,80714,20,122515
3079,0.024238,74.125.24.0-255,5738,86452,20,122515
3080,0.024247,172.31.36.0-255,66,86518,20,122515
3081,0.02679,74.125.24.0-255,5738,92256,20,122515
3082,0.026802,172.31.36.0-255,66,92322,20,122515
3083,0.028244,172.31.36.0-255,181,92503,20,122515
3084,0.028274,172.31.36.0-255,332,92835,20,122515
3085,0.029324,74.125.24.0-255,5738,98573,20,122515
3086,0.029332,172.31.36.0-255,66,98639,20,122515
3087,0.029816,104.244.42.0-255,66,98705,20,122515
3088,0.02985,104.244.42.0-255,66,98771,20,122515
3089,0.031841,74.125.24.0-255,2902,101673,20,122515
3090,0.03185,172.31.36.0-255,66,101739,20,122515
3091,0.032,74.125.24.0-255,2902,104641,20,122515
3092,0.032005,172.31.36.0-255,66,104707,20,122515
3093,0.034371,74.125.24.0-255,2902,107609,20,122515
3094,0.034378,172.31.36.0-255,66,107675,20,122515
3095,0.034526,74.125.24.0-255,2902,110577,20,122515
3096,0.03453,172.31.36.0-255,66,110643,20,122515
3097,0.03692,74.125.24.0-255,2902,113545,20,122515
3098,0.036929,172.31.36.0-255,66,113611,20,122515
3099,0.037068,74.125.24.0-255,2902,116513,20,122515
3100,0.037073,172.31.36.0-255,66,116579,20,122515
3101,0.039452,74.125.24.0-255,2902,119481,20,122515
3102,0.039461,172.31.36.0-255,66,119547,20,122515
3103,0.039609,74.125.24.0-255,2902,122449,20,122515
3104,0.039615,172.31.36.0-255,66,122515,20,122515
3105,0.0,74.125.130.0-255,153,153,20,309764
3106,1.6e-05,172.31.36.0-255,66,219,20,309764
3107,2.3e-05,74.125.130.0-255,1484,1703,20,309764
3108,2.6e-05,172.31.36.0-255,66,1769,20,309764
3109,3e-05,74.125.130.0-255,2902,4671,20,309764
3110,3.2e-05,172.31.36.0-255,66,4737,20,309764
3111,6.1e-05,74.125.130.0-255,7156,11893,20,309764
3112,6.3e-05,172.31.36.0-255,66,11959,20,309764
3113,9e-05,172.31.36.0-255,66,12025,20,309764
3114,0.000114,74.125.130.0-255,5738,17763,20,309764
3115,0.000116,172.31.36.0-255,66,17829,20,309764
3116,0.000118,74.125.130.0-255,1484,19313,20,309764
3117,0.00012,172.31.36.0-255,66,19379,20,309764
3118,0.00015,74.125.130.0-255,5738,25117,20,309764
3119,0.000152,172.31.36.0-255,66,25183,20,309764
3120,0.000176,74.125.130.0-255,5738,30921,20,309764
3121,0.000178,172.31.36.0-255,66,30987,20,309764
3122,0.000195,74.125.130.0-255,1484,32471,20,309764
3123,0.000196,172.31.36.0-255,66,32537,20,309764
3124,0.000205,172.31.36.0-255,66,32603,20,309764
3125,0.000407,74.125.130.0-255,1484,34087,20,309764
3126,0.000414,172.31.36.0-255,66,34153,20,309764
3127,0.000421,74.125.130.0-255,2902,37055,20,309764
3128,0.000423,172.31.36.0-255,66,37121,20,309764
3129,0.000465,74.125.130.0-255,5738,42859,20,309764
3130,0.000469,172.31.36.0-255,66,42925,20,309764
3131,0.000474,74.125.130.0-255,4320,47245,20,309764
3132,0.000476,172.31.36.0-255,66,47311,20,309764
3133,0.000496,74.125.130.0-255,1484,48795,20,309764
3134,0.000499,172.31.36.0-255,66,48861,20,309764
3135,0.000524,74.125.130.0-255,1416,50277,20,309764
3136,0.000563,74.125.130.0-255,363,50640,20,309764
3137,0.000567,172.31.36.0-255,66,50706,20,309764
3138,0.000781,74.125.130.0-255,1484,52190,20,309764
3139,0.000789,74.125.130.0-255,2902,55092,20,309764
3140,0.000793,172.31.36.0-255,66,55158,20,309764
3141,0.000825,74.125.130.0-255,4320,59478,20,309764
3142,0.00083,172.31.36.0-255,66,59544,20,309764
3143,0.000847,74.125.130.0-255,1484,61028,20,309764
3144,0.000854,74.125.130.0-255,5738,66766,20,309764
3145,0.000857,172.31.36.0-255,66,66832,20,309764
3146,0.000891,74.125.130.0-255,1484,68316,20,309764
3147,0.000904,172.31.36.0-255,66,68382,20,309764
3148,0.00092,172.31.36.0-255,66,68448,20,309764
3149,0.001218,74.125.130.0-255,1484,69932,20,309764
3150,0.001225,74.125.130.0-255,2902,72834,20,309764
3151,0.001229,172.31.36.0-255,66,72900,20,309764
3152,0.001233,74.125.130.0-255,1484,74384,20,309764
3153,0.001236,74.125.130.0-255,1484,75868,20,309764
3154,0.001237,172.31.36.0-255,66,75934,20,309764
3155,0.001269,74.125.130.0-255,1484,77418,20,309764
3156,0.001275,74.125.130.0-255,5738,83156,20,309764
3157,0.001277,172.31.36.0-255,66,83222,20,309764
3158,0.001311,172.31.36.0-255,66,83288,20,309764
3159,0.001316,74.125.130.0-255,2902,86190,20,309764
3160,0.001317,172.31.36.0-255,66,86256,20,309764
3161,0.001354,74.125.130.0-255,7156,93412,20,309764
3162,0.001356,172.31.36.0-255,66,93478,20,309764
3163,0.001359,74.125.130.0-255,766,94244,20,309764
3164,0.001658,74.125.130.0-255,1484,95728,20,309764
3165,0.001662,172.31.36.0-255,66,95794,20,309764
3166,0.001668,74.125.130.0-255,2902,98696,20,309764
3167,0.001669,172.31.36.0-255,66,98762,20,309764
3168,0.001687,74.125.130.0-255,1484,100246,20,309764
3169,0.001707,74.125.130.0-255,2902,103148,20,309764
3170,0.001709,172.31.36.0-255,66,103214,20,309764
3171,0.001733,74.125.130.0-255,1484,104698,20,309764
3172,0.001741,74.125.130.0-255,7156,111854,20,309764
3173,0.001743,172.31.36.0-255,66,111920,20,309764
3174,0.001748,74.125.130.0-255,2902,114822,20,309764
3175,0.001749,172.31.36.0-255,66,114888,20,309764
3176,0.001786,74.125.130.0-255,1484,116372,20,309764
3177,0.001789,172.31.36.0-255,66,116438,20,309764
3178,0.001812,172.31.36.0-255,66,116504,20,309764
3179,0.001837,74.125.130.0-255,3602,120106,20,309764
3180,0.001839,172.31.36.0-255,66,120172,20,309764
3181,0.001846,74.125.130.0-255,7156,127328,20,309764
3182,0.001848,172.31.36.0-255,66,127394,20,309764
3183,0.001877,74.125.130.0-255,7156,134550,20,309764
3184,0.00188,172.31.36.0-255,66,134616,20,309764
3185,0.001885,74.125.130.0-255,4320,138936,20,309764
3186,0.001887,172.31.36.0-255,66,139002,20,309764
3187,0.00191,74.125.130.0-255,1484,140486,20,309764
3188,0.001936,74.125.130.0-255,3602,144088,20,309764
3189,0.001939,172.31.36.0-255,66,144154,20,309764
3190,0.001965,74.125.130.0-255,1484,145638,20,309764
3191,0.00197,74.125.130.0-255,2902,148540,20,309764
3192,0.001972,172.31.36.0-255,66,148606,20,309764
3193,0.002002,74.125.130.0-255,5738,154344,20,309764
3194,0.002005,172.31.36.0-255,66,154410,20,309764
3195,0.002009,74.125.130.0-255,2902,157312,20,309764
3196,0.002011,172.31.36.0-255,66,157378,20,309764
3197,0.00203,74.125.130.0-255,2902,160280,20,309764
3198,0.002036,172.31.36.0-255,66,160346,20,309764
3199,0.00207,74.125.130.0-255,4320,164666,20,309764
3200,0.002073,172.31.36.0-255,66,164732,20,309764
3201,0.002095,74.125.130.0-255,2902,167634,20,309764
3202,0.002098,172.31.36.0-255,66,167700,20,309764
3203,0.002106,74.125.130.0-255,4320,172020,20,309764
3204,0.002131,74.125.130.0-255,6438,178458,20,309764
3205,0.002146,172.31.36.0-255,66,178524,20,309764
3206,0.002211,74.125.130.0-255,1484,180008,20,309764
3207,0.002215,74.125.130.0-255,1484,181492,20,309764
3208,0.002217,172.31.36.0-255,66,181558,20,309764
3209,0.002244,74.125.130.0-255,1484,183042,20,309764
3210,0.002251,74.125.130.0-255,5738,188780,20,309764
3211,0.002253,172.31.36.0-255,66,188846,20,309764
3212,0.002258,74.125.130.0-255,1484,190330,20,309764
3213,0.00229,74.125.130.0-255,5738,196068,20,309764
3214,0.002326,74.125.130.0-255,1484,197552,20,309764
3215,0.002343,74.125.130.0-255,2902,200454,20,309764
3216,0.002379,74.125.130.0-255,2902,203356,20,309764
3217,0.002382,74.125.130.0-255,1484,204840,20,309764
3218,0.002424,74.125.130.0-255,5738,210578,20,309764
3219,0.002429,74.125.130.0-255,4320,214898,20,309764
3220,0.00247,74.125.130.0-255,5738,220636,20,309764
3221,0.002506,74.125.130.0-255,2902,223538,20,309764
3222,0.00254,74.125.130.0-255,4320,227858,20,309764
3223,0.002561,74.125.130.0-255,2902,230760,20,309764
3224,0.002585,74.125.130.0-255,5020,235780,20,309764
3225,0.002689,74.125.130.0-255,1484,237264,20,309764
3226,0.002884,172.31.36.0-255,66,237330,20,309764
3227,0.005595,74.125.130.0-255,5738,243068,20,309764
3228,0.005601,172.31.36.0-255,66,243134,20,309764
3229,0.008285,74.125.130.0-255,5738,248872,20,309764
3230,0.008292,172.31.36.0-255,66,248938,20,309764
3231,0.01098,74.125.130.0-255,5738,254676,20,309764
3232,0.010988,172.31.36.0-255,66,254742,20,309764
3233,0.013683,74.125.130.0-255,5738,260480,20,309764
3234,0.013692,172.31.36.0-255,66,260546,20,309764
3235,0.016382,74.125.130.0-255,5738,266284,20,309764
3236,0.016389,172.31.36.0-255,66,266350,20,309764
3237,0.019066,74.125.130.0-255,5738,272088,20,309764
3238,0.019074,172.31.36.0-255,66,272154,20,309764
3239,0.021756,74.125.130.0-255,5738,277892,20,309764
3240,0.021762,172.31.36.0-255,66,277958,20,309764
3241,0.024429,74.125.130.0-255,5738,283696,20,309764
3242,0.024438,172.31.36.0-255,66,283762,20,309764
3243,0.026598,172.31.36.0-255,171,283933,20,309764
3244,0.026647,172.31.36.0-255,1111,285044,20,309764
3245,0.026719,172.31.36.0-255,1514,286558,20,309764
3246,0.026721,172.31.36.0-255,1293,287851,20,309764
3247,0.027112,74.125.130.0-255,4320,292171,20,309764
3248,0.02712,172.31.36.0-255,66,292237,20,309764
3249,0.027152,74.125.130.0-255,1484,293721,20,309764
3250,0.028246,104.244.42.0-255,66,293787,20,309764
3251,0.028329,104.244.42.0-255,66,293853,20,309764
3252,0.028454,104.244.42.0-255,66,293919,20,309764
3253,0.029782,74.125.130.0-255,2902,296821,20,309764
3254,0.029786,172.31.36.0-255,66,296887,20,309764
3255,0.029821,74.125.130.0-255,1484,298371,20,309764
3256,0.032496,74.125.130.0-255,4320,302691,20,309764
3257,0.032501,172.31.36.0-255,66,302757,20,309764
3258,0.035171,74.125.130.0-255,4320,307077,20,309764
3259,0.035176,172.31.36.0-255,66,307143,20,309764
3260,0.035209,74.125.130.0-255,1484,308627,20,309764
3261,0.03783,74.125.130.0-255,966,309593,20,309764
3262,0.037838,172.31.36.0-255,66,309659,20,309764
3263,0.03804,172.31.36.0-255,105,309764,20,309764
3264,0.0,172.217.194.0-255,153,153,20,217099
3265,2.7e-05,172.217.194.0-255,1484,1637,20,217099
3266,3.5e-05,172.31.36.0-255,66,1703,20,217099
3267,4.2e-05,172.217.194.0-255,2902,4605,20,217099
3268,4.5e-05,172.31.36.0-255,66,4671,20,217099
3269,5.1e-05,172.217.194.0-255,5738,10409,20,217099
3270,5.5e-05,172.31.36.0-255,66,10475,20,217099
3271,7.5e-05,172.217.194.0-255,3417,13892,20,217099
3272,8e-05,172.31.36.0-255,66,13958,20,217099
3273,8e-05,172.217.194.0-255,4320,18278,20,217099
3274,8.4e-05,172.31.36.0-255,66,18344,20,217099
3275,0.000111,172.31.36.0-255,66,18410,20,217099
3276,0.000126,172.217.194.0-255,2543,20953,20,217099
3277,0.000129,172.31.36.0-255,66,21019,20,217099
3278,0.000189,172.217.194.0-255,1484,22503,20,217099
3279,0.000214,172.217.194.0-255,2902,25405,20,217099
3280,0.000218,172.31.36.0-255,66,25471,20,217099
3281,0.000241,172.217.194.0-255,4320,29791,20,217099
3282,0.000244,172.31.36.0-255,66,29857,20,217099
3283,0.000277,172.217.194.0-255,5738,35595,20,217099
3284,0.000282,172.31.36.0-255,66,35661,20,217099
3285,0.000303,172.217.194.0-255,2543,38204,20,217099
3286,0.000306,172.31.36.0-255,66,38270,20,217099
3287,0.000317,172.31.36.0-255,66,38336,20,217099
3288,0.00035,172.31.36.0-255,66,38402,20,217099
3289,0.000353,172.217.194.0-255,362,38764,20,217099
3290,0.000499,172.217.194.0-255,1484,40248,20,217099
3291,0.000502,172.217.194.0-255,1484,41732,20,217099
3292,0.000505,172.31.36.0-255,66,41798,20,217099
3293,0.000518,172.217.194.0-255,1484,43282,20,217099
3294,0.000521,172.31.36.0-255,66,43348,20,217099
3295,0.000539,172.217.194.0-255,5738,49086,20,217099
3296,0.000542,172.31.36.0-255,66,49152,20,217099
3297,0.000549,172.217.194.0-255,5738,54890,20,217099
3298,0.000551,172.31.36.0-255,66,54956,20,217099
3299,0.000556,172.217.194.0-255,4320,59276,20,217099
3300,0.000559,172.31.36.0-255,66,59342,20,217099
3301,0.000607,172.31.36.0-255,66,59408,20,217099
3302,0.000614,172.217.194.0-255,5020,64428,20,217099
3303,0.000617,172.31.36.0-255,66,64494,20,217099
3304,0.000754,172.217.194.0-255,1484,65978,20,217099
3305,0.000759,172.217.194.0-255,2902,68880,20,217099
3306,0.000762,172.31.36.0-255,66,68946,20,217099
3307,0.000767,172.217.194.0-255,2902,71848,20,217099
3308,0.000769,172.31.36.0-255,66,71914,20,217099
3309,0.000783,172.217.194.0-255,2902,74816,20,217099
3310,0.000786,172.31.36.0-255,66,74882,20,217099
3311,0.000793,172.217.194.0-255,5738,80620,20,217099
3312,0.000794,172.31.36.0-255,66,80686,20,217099
3313,0.000834,172.31.36.0-255,66,80752,20,217099
3314,0.000839,172.217.194.0-255,5020,85772,20,217099
3315,0.000841,172.31.36.0-255,66,85838,20,217099
3316,0.000864,172.217.194.0-255,1484,87322,20,217099
3317,0.000879,172.217.194.0-255,4320,91642,20,217099
3318,0.000882,172.31.36.0-255,66,91708,20,217099
3319,0.000888,172.217.194.0-255,5738,97446,20,217099
3320,0.000891,172.31.36.0-255,66,97512,20,217099
3321,0.00093,172.31.36.0-255,66,97578,20,217099
3322,0.000947,172.217.194.0-255,1484,99062,20,217099
3323,0.000958,172.31.36.0-255,66,99128,20,217099
3324,0.001095,172.217.194.0-255,1484,100612,20,217099
3325,0.001101,172.217.194.0-255,2902,103514,20,217099
3326,0.001112,172.217.194.0-255,4320,107834,20,217099
3327,0.001112,172.31.36.0-255,66,107900,20,217099
3328,0.001116,172.31.36.0-255,66,107966,20,217099
3329,0.001125,172.217.194.0-255,1484,109450,20,217099
3330,0.001129,172.217.194.0-255,2902,112352,20,217099
3331,0.001132,172.31.36.0-255,66,112418,20,217099
3332,0.001158,172.31.36.0-255,66,112484,20,217099
3333,0.001171,172.31.36.0-255,66,112550,20,217099
3334,0.001174,172.217.194.0-255,766,113316,20,217099
3335,0.001467,172.217.194.0-255,1484,114800,20,217099
3336,0.001473,172.31.36.0-255,66,114866,20,217099
3337,0.001478,172.217.194.0-255,2902,117768,20,217099
3338,0.001481,172.31.36.0-255,66,117834,20,217099
3339,0.001497,172.217.194.0-255,5738,123572,20,217099
3340,0.0015,172.31.36.0-255,66,123638,20,217099
3341,0.001506,172.217.194.0-255,5738,129376,20,217099
3342,0.001508,172.31.36.0-255,66,129442,20,217099
3343,0.00153,172.217.194.0-255,4320,133762,20,217099
3344,0.001532,172.31.36.0-255,66,133828,20,217099
3345,0.001563,172.217.194.0-255,5738,139566,20,217099
3346,0.001567,172.31.36.0-255,66,139632,20,217099
3347,0.001589,172.31.36.0-255,66,139698,20,217099
3348,0.001596,172.217.194.0-255,7156,146854,20,217099
3349,0.001598,172.31.36.0-255,66,146920,20,217099
3350,0.001619,172.217.194.0-255,7156,154076,20,217099
3351,0.001629,172.217.194.0-255,4320,158396,20,217099
3352,0.001628,172.31.36.0-255,66,158462,20,217099
3353,0.001632,172.31.36.0-255,66,158528,20,217099
3354,0.001649,172.217.194.0-255,7156,165684,20,217099
3355,0.001652,172.31.36.0-255,66,165750,20,217099
3356,0.001658,172.217.194.0-255,5738,171488,20,217099
3357,0.001662,172.31.36.0-255,66,171554,20,217099
3358,0.001675,172.217.194.0-255,2184,173738,20,217099
3359,0.001678,172.31.36.0-255,66,173804,20,217099
3360,0.001736,172.217.194.0-255,1484,175288,20,217099
3361,0.001742,172.217.194.0-255,2902,178190,20,217099
3362,0.001745,172.31.36.0-255,66,178256,20,217099
3363,0.001748,172.217.194.0-255,1484,179740,20,217099
3364,0.001766,172.217.194.0-255,4320,184060,20,217099
3365,0.00177,172.31.36.0-255,66,184126,20,217099
3366,0.001777,172.217.194.0-255,7156,191282,20,217099
3367,0.00178,172.31.36.0-255,66,191348,20,217099
3368,0.0018,172.217.194.0-255,1484,192832,20,217099
3369,0.001821,172.217.194.0-255,4320,197152,20,217099
3370,0.001824,172.31.36.0-255,66,197218,20,217099
3371,0.001853,172.31.36.0-255,66,197284,20,217099
3372,0.001859,172.217.194.0-255,5738,203022,20,217099
3373,0.001862,172.31.36.0-255,66,203088,20,217099
3374,0.001897,172.31.36.0-255,66,203154,20,217099
3375,0.001905,172.31.36.0-255,66,203220,20,217099
3376,0.001957,172.31.36.0-255,66,203286,20,217099
3377,0.001986,172.31.36.0-255,66,203352,20,217099
3378,0.002038,172.31.36.0-255,66,203418,20,217099
3379,0.002063,172.31.36.0-255,66,203484,20,217099
3380,0.00208,172.31.36.0-255,66,203550,20,217099
3381,0.002085,172.217.194.0-255,3999,207549,20,217099
3382,0.002087,172.217.194.0-255,105,207654,20,217099
3383,0.002088,172.31.36.0-255,66,207720,20,217099
3384,0.007679,172.31.36.0-255,105,207825,20,217099
3385,0.009898,172.217.194.0-255,66,207891,20,217099
3386,0.034182,172.31.36.0-255,172,208063,20,217099
3387,0.034213,172.31.36.0-255,1110,209173,20,217099
3388,0.034273,172.31.36.0-255,1514,210687,20,217099
3389,0.034275,172.31.36.0-255,1514,212201,20,217099
3390,0.034276,172.31.36.0-255,1514,213715,20,217099
3391,0.034282,172.31.36.0-255,1514,215229,20,217099
3392,0.034284,172.31.36.0-255,1498,216727,20,217099
3393,0.035724,104.244.42.0-255,66,216793,20,217099
3394,0.035768,104.244.42.0-255,66,216859,20,217099
3395,0.035865,104.244.42.0-255,66,216925,20,217099
3396,0.036392,104.244.42.0-255,108,217033,20,217099
3397,0.036414,172.31.36.0-255,66,217099,20,217099
3398,0.0,172.253.118.0-255,298,298,20,289039
3399,3.5e-05,172.31.36.0-255,66,364,20,289039
3400,4.2e-05,172.253.118.0-255,1484,1848,20,289039
3401,4.7e-05,172.31.36.0-255,66,1914,20,289039
3402,5.2e-05,172.253.118.0-255,2902,4816,20,289039
3403,5.5e-05,172.31.36.0-255,66,4882,20,289039
3404,6.1e-05,172.253.118.0-255,5738,10620,20,289039
3405,6.4e-05,172.31.36.0-255,66,10686,20,289039
3406,9.3e-05,172.253.118.0-255,5738,16424,20,289039
3407,9.6e-05,172.31.36.0-255,66,16490,20,289039
3408,0.00012,172.253.118.0-255,3301,19791,20,289039
3409,0.000123,172.31.36.0-255,66,19857,20,289039
3410,0.000133,172.31.36.0-255,66,19923,20,289039
3411,0.000137,172.253.118.0-255,1125,21048,20,289039
3412,0.000139,172.31.36.0-255,66,21114,20,289039
3413,0.000845,172.253.118.0-255,1484,22598,20,289039
3414,0.000853,172.31.36.0-255,66,22664,20,289039
3415,0.000874,172.253.118.0-255,2902,25566,20,289039
3416,0.000877,172.31.36.0-255,66,25632,20,289039
3417,0.000883,172.253.118.0-255,4320,29952,20,289039
3418,0.000885,172.31.36.0-255,66,30018,20,289039
3419,0.000919,172.31.36.0-255,66,30084,20,289039
3420,0.000938,172.253.118.0-255,1484,31568,20,289039
3421,0.000941,172.31.36.0-255,66,31634,20,289039
3422,0.000972,172.31.36.0-255,66,31700,20,289039
3423,0.000985,172.253.118.0-255,1403,33103,20,289039
3424,0.000987,172.31.36.0-255,66,33169,20,289039
3425,0.001331,172.253.118.0-255,129,33298,20,289039
3426,0.001338,172.31.36.0-255,66,33364,20,289039
3427,0.001458,172.253.118.0-255,1484,34848,20,289039
3428,0.001483,172.253.118.0-255,2902,37750,20,289039
3429,0.001488,172.31.36.0-255,66,37816,20,289039
3430,0.001495,172.253.118.0-255,5738,43554,20,289039
3431,0.001497,172.31.36.0-255,66,43620,20,289039
3432,0.001503,172.253.118.0-255,5738,49358,20,289039
3433,0.001505,172.31.36.0-255,66,49424,20,289039
3434,0.001534,172.31.36.0-255,66,49490,20,289039
3435,0.001541,172.253.118.0-255,5020,54510,20,289039
3436,0.001543,172.31.36.0-255,66,54576,20,289039
3437,0.00163,172.253.118.0-255,1484,56060,20,289039
3438,0.001635,172.253.118.0-255,1484,57544,20,289039
3439,0.001638,172.31.36.0-255,66,57610,20,289039
3440,0.001654,172.253.118.0-255,1484,59094,20,289039
3441,0.001659,172.253.118.0-255,4320,63414,20,289039
3442,0.001663,172.31.36.0-255,66,63480,20,289039
3443,0.001689,172.253.118.0-255,1484,64964,20,289039
3444,0.001722,172.253.118.0-255,7156,72120,20,289039
3445,0.001722,172.31.36.0-255,66,72186,20,289039
3446,0.001727,172.31.36.0-255,66,72252,20,289039
3447,0.001775,172.253.118.0-255,3602,75854,20,289039
3448,0.00178,172.31.36.0-255,66,75920,20,289039
3449,0.001788,172.253.118.0-255,2902,78822,20,289039
3450,0.001791,172.31.36.0-255,66,78888,20,289039
3451,0.001805,172.253.118.0-255,1484,80372,20,289039
3452,0.001809,172.253.118.0-255,1484,81856,20,289039
3453,0.001815,172.31.36.0-255,66,81922,20,289039
3454,0.001841,172.253.118.0-255,4320,86242,20,289039
3455,0.001844,172.31.36.0-255,66,86308,20,289039
3456,0.001857,172.253.118.0-255,2902,89210,20,289039
3457,0.001859,172.31.36.0-255,66,89276,20,289039
3458,0.00188,172.253.118.0-255,4320,93596,20,289039
3459,0.001884,172.31.36.0-255,66,93662,20,289039
3460,0.001919,172.253.118.0-255,7156,100818,20,289039
3461,0.002008,172.253.118.0-255,1484,102302,20,289039
3462,0.002022,172.253.118.0-255,2902,105204,20,289039
3463,0.002051,172.253.118.0-255,5738,110942,20,289039
3464,0.002057,172.253.118.0-255,2902,113844,20,289039
3465,0.002059,172.253.118.0-255,1484,115328,20,289039
3466,0.002099,172.253.118.0-255,7156,122484,20,289039
3467,0.002119,172.253.118.0-255,3602,126086,20,289039
3468,0.002163,172.253.118.0-255,1484,127570,20,289039
3469,0.002168,172.253.118.0-255,2902,130472,20,289039
3470,0.00219,172.253.118.0-255,5738,136210,20,289039
3471,0.002193,172.253.118.0-255,1484,137694,20,289039
3472,0.002222,172.253.118.0-255,7156,144850,20,289039
3473,0.00229,172.253.118.0-255,6438,151288,20,289039
3474,0.00231,172.253.118.0-255,1484,152772,20,289039
3475,0.002315,172.253.118.0-255,2902,155674,20,289039
3476,0.00232,172.253.118.0-255,5738,161412,20,289039
3477,0.002342,172.253.118.0-255,5738,167150,20,289039
3478,0.002375,172.253.118.0-255,7156,174306,20,289039
3479,0.002382,172.253.118.0-255,5738,180044,20,289039
3480,0.00241,172.253.118.0-255,5020,185064,20,289039
3481,0.002442,172.253.118.0-255,1484,186548,20,289039
3482,0.002459,172.253.118.0-255,2902,189450,20,289039
3483,0.002461,172.253.118.0-255,1484,190934,20,289039
3484,0.002483,172.253.118.0-255,4320,195254,20,289039
3485,0.002505,172.253.118.0-255,4320,199574,20,289039
3486,0.002524,172.253.118.0-255,7156,206730,20,289039
3487,0.002549,172.253.118.0-255,3602,210332,20,289039
3488,0.005782,172.31.36.0-255,66,210398,20,289039
3489,0.008421,172.253.118.0-255,5738,216136,20,289039
3490,0.008436,172.31.36.0-255,66,216202,20,289039
3491,0.011068,172.253.118.0-255,5738,221940,20,289039
3492,0.011073,172.31.36.0-255,66,222006,20,289039
3493,0.013726,172.253.118.0-255,5738,227744,20,289039
3494,0.013734,172.31.36.0-255,66,227810,20,289039
3495,0.016329,172.253.118.0-255,5738,233548,20,289039
3496,0.016338,172.31.36.0-255,66,233614,20,289039
3497,0.018946,172.253.118.0-255,5738,239352,20,289039
3498,0.018956,172.31.36.0-255,66,239418,20,289039
3499,0.021592,172.253.118.0-255,5738,245156,20,289039
3500,0.021603,172.31.36.0-255,66,245222,20,289039
3501,0.024205,172.253.118.0-255,5738,250960,20,289039
3502,0.024211,172.31.36.0-255,66,251026,20,289039
3503,0.026813,172.253.118.0-255,5738,256764,20,289039
3504,0.026821,172.31.36.0-255,66,256830,20,289039
3505,0.028959,172.31.36.0-255,167,256997,20,289039
3506,0.029013,172.31.36.0-255,1109,258106,20,289039
3507,0.029053,172.31.36.0-255,1514,259620,20,289039
3508,0.029055,172.31.36.0-255,333,259953,20,289039
3509,0.029439,172.253.118.0-255,5738,265691,20,289039
3510,0.029446,172.31.36.0-255,66,265757,20,289039
3511,0.030667,104.244.42.0-255,66,265823,20,289039
3512,0.03205,172.253.118.0-255,5738,271561,20,289039
3513,0.032056,172.31.36.0-255,66,271627,20,289039
3514,0.034663,172.253.118.0-255,5738,277365,20,289039
3515,0.034669,172.31.36.0-255,66,277431,20,289039
3516,0.037273,172.253.118.0-255,5738,283169,20,289039
3517,0.03728,172.31.36.0-255,66,283235,20,289039
3518,0.0399,172.253.118.0-255,5738,288973,20,289039
3519,0.039905,172.31.36.0-255,66,289039,20,289039
3520,0.0,74.125.24.0-255,153,153,20,217207
3521,1.6e-05,172.31.36.0-255,66,219,20,217207
3522,2.3e-05,74.125.24.0-255,1484,1703,20,217207
3523,2.8e-05,172.31.36.0-255,66,1769,20,217207
3524,3.4e-05,74.125.24.0-255,2902,4671,20,217207
3525,3.8e-05,172.31.36.0-255,66,4737,20,217207
3526,4.6e-05,74.125.24.0-255,7156,11893,20,217207
3527,4.9e-05,172.31.36.0-255,66,11959,20,217207
3528,8.1e-05,74.125.24.0-255,2035,13994,20,217207
3529,8.4e-05,172.31.36.0-255,66,14060,20,217207
3530,0.000643,74.125.24.0-255,1484,15544,20,217207
3531,0.00065,172.31.36.0-255,66,15610,20,217207
3532,0.00066,74.125.24.0-255,2902,18512,20,217207
3533,0.000662,172.31.36.0-255,66,18578,20,217207
3534,0.000669,74.125.24.0-255,5738,24316,20,217207
3535,0.000672,172.31.36.0-255,66,24382,20,217207
3536,0.000694,74.125.24.0-255,4320,28702,20,217207
3537,0.000696,172.31.36.0-255,66,28768,20,217207
3538,0.000715,74.125.24.0-255,2543,31311,20,217207
3539,0.000719,172.31.36.0-255,66,31377,20,217207
3540,0.000768,74.125.24.0-255,1484,32861,20,217207
3541,0.000771,172.31.36.0-255,66,32927,20,217207
3542,0.000777,74.125.24.0-255,2902,35829,20,217207
3543,0.000781,172.31.36.0-255,66,35895,20,217207
3544,0.00081,74.125.24.0-255,5738,41633,20,217207
3545,0.000813,172.31.36.0-255,66,41699,20,217207
3546,0.000817,74.125.24.0-255,1484,43183,20,217207
3547,0.000819,172.31.36.0-255,66,43249,20,217207
3548,0.000851,172.31.36.0-255,66,43315,20,217207
3549,0.000863,172.31.36.0-255,66,43381,20,217207
3550,0.000933,74.125.24.0-255,109,43490,20,217207
3551,0.001068,74.125.24.0-255,1484,44974,20,217207
3552,0.001073,172.31.36.0-255,66,45040,20,217207
3553,0.00108,74.125.24.0-255,2902,47942,20,217207
3554,0.001082,172.31.36.0-255,66,48008,20,217207
3555,0.001088,74.125.24.0-255,4320,52328,20,217207
3556,0.00109,172.31.36.0-255,66,52394,20,217207
3557,0.001109,74.125.24.0-255,1484,53878,20,217207
3558,0.001113,74.125.24.0-255,1484,55362,20,217207
3559,0.001115,172.31.36.0-255,66,55428,20,217207
3560,0.001131,74.125.24.0-255,5738,61166,20,217207
3561,0.001134,172.31.36.0-255,66,61232,20,217207
3562,0.001164,172.31.36.0-255,66,61298,20,217207
3563,0.001175,172.31.36.0-255,66,61364,20,217207
3564,0.00225,74.125.24.0-255,1484,62848,20,217207
3565,0.002256,74.125.24.0-255,2902,65750,20,217207
3566,0.002269,172.31.36.0-255,66,65816,20,217207
3567,0.002276,74.125.24.0-255,5738,71554,20,217207
3568,0.002279,172.31.36.0-255,66,71620,20,217207
3569,0.002298,74.125.24.0-255,5738,77358,20,217207
3570,0.002301,172.31.36.0-255,66,77424,20,217207
3571,0.002334,74.125.24.0-255,7156,84580,20,217207
3572,0.002338,172.31.36.0-255,66,84646,20,217207
3573,0.002349,172.31.36.0-255,66,84712,20,217207
3574,0.002371,74.125.24.0-255,766,85478,20,217207
3575,0.002726,74.125.24.0-255,1484,86962,20,217207
3576,0.002731,172.31.36.0-255,66,87028,20,217207
3577,0.002737,74.125.24.0-255,2902,89930,20,217207
3578,0.00274,172.31.36.0-255,66,89996,20,217207
3579,0.002745,74.125.24.0-255,2902,92898,20,217207
3580,0.002747,172.31.36.0-255,66,92964,20,217207
3581,0.002767,74.125.24.0-255,2902,95866,20,217207
3582,0.002769,172.31.36.0-255,66,95932,20,217207
3583,0.002772,74.125.24.0-255,1484,97416,20,217207
3584,0.002775,74.125.24.0-255,1484,98900,20,217207
3585,0.002777,172.31.36.0-255,66,98966,20,217207
3586,0.002809,172.31.36.0-255,66,99032,20,217207
3587,0.002826,74.125.24.0-255,1484,100516,20,217207
3588,0.002837,172.31.36.0-255,66,100582,20,217207
3589,0.00284,74.125.24.0-255,766,101348,20,217207
3590,0.003186,172.31.36.0-255,66,101414,20,217207
3591,0.003321,74.125.24.0-255,1484,102898,20,217207
3592,0.00333,74.125.24.0-255,2902,105800,20,217207
3593,0.003333,172.31.36.0-255,66,105866,20,217207
3594,0.003337,74.125.24.0-255,1484,107350,20,217207
3595,0.003357,74.125.24.0-255,4320,111670,20,217207
3596,0.003359,172.31.36.0-255,66,111736,20,217207
3597,0.003362,74.125.24.0-255,1484,113220,20,217207
3598,0.003389,172.31.36.0-255,66,113286,20,217207
3599,0.003393,74.125.24.0-255,1484,114770,20,217207
3600,0.003433,172.31.36.0-255,66,114836,20,217207
3601,0.004294,74.125.24.0-255,1484,116320,20,217207
3602,0.004308,74.125.24.0-255,2902,119222,20,217207
3603,0.00431,172.31.36.0-255,66,119288,20,217207
3604,0.004314,74.125.24.0-255,1484,120772,20,217207
3605,0.004335,74.125.24.0-255,4320,125092,20,217207
3606,0.004338,172.31.36.0-255,66,125158,20,217207
3607,0.004343,74.125.24.0-255,4320,129478,20,217207
3608,0.004345,172.31.36.0-255,66,129544,20,217207
3609,0.00438,172.31.36.0-255,66,129610,20,217207
3610,0.004387,74.125.24.0-255,4320,133930,20,217207
3611,0.004389,172.31.36.0-255,66,133996,20,217207
3612,0.004402,74.125.24.0-255,2902,136898,20,217207
3613,0.004404,172.31.36.0-255,66,136964,20,217207
3614,0.004407,74.125.24.0-255,766,137730,20,217207
3615,0.004424,74.125.24.0-255,5738,143468,20,217207
3616,0.004426,172.31.36.0-255,66,143534,20,217207
3617,0.004443,74.125.24.0-255,4320,147854,20,217207
3618,0.004445,172.31.36.0-255,66,147920,20,217207
3619,0.004456,74.125.24.0-255,5738,153658,20,217207
3620,0.004458,172.31.36.0-255,66,153724,20,217207
3621,0.004461,74.125.24.0-255,1484,155208,20,217207
3622,0.004494,172.31.36.0-255,66,155274,20,217207
3623,0.004498,74.125.24.0-255,2902,158176,20,217207
3624,0.0045,172.31.36.0-255,66,158242,20,217207
3625,0.004516,74.125.24.0-255,3602,161844,20,217207
3626,0.004519,172.31.36.0-255,66,161910,20,217207
3627,0.005234,74.125.24.0-255,1484,163394,20,217207
3628,0.005241,74.125.24.0-255,2902,166296,20,217207
3629,0.005246,172.31.36.0-255,66,166362,20,217207
3630,0.005274,74.125.24.0-255,5738,172100,20,217207
3631,0.005277,172.31.36.0-255,66,172166,20,217207
3632,0.005317,172.31.36.0-255,66,172232,20,217207
3633,0.005338,74.125.24.0-255,2902,175134,20,217207
3634,0.005341,172.31.36.0-255,66,175200,20,217207
3635,0.005347,74.125.24.0-255,5738,180938,20,217207
3636,0.00535,172.31.36.0-255,66,181004,20,217207
3637,0.005353,74.125.24.0-255,1484,182488,20,217207
3638,0.005377,74.125.24.0-255,3602,186090,20,217207
3639,0.00538,172.31.36.0-255,66,186156,20,217207
3640,0.005948,74.125.24.0-255,1484,187640,20,217207
3641,0.005955,74.125.24.0-255,2902,190542,20,217207
3642,0.005958,172.31.36.0-255,66,190608,20,217207
3643,0.005962,74.125.24.0-255,1484,192092,20,217207
3644,0.005998,74.125.24.0-255,5738,197830,20,217207
3645,0.006,172.31.36.0-255,66,197896,20,217207
3646,0.006025,74.125.24.0-255,2902,200798,20,217207
3647,0.006027,172.31.36.0-255,66,200864,20,217207
3648,0.00606,172.31.36.0-255,66,200930,20,217207
3649,0.006071,172.31.36.0-255,66,200996,20,217207
3650,0.0061,172.31.36.0-255,66,201062,20,217207
3651,0.006134,172.31.36.0-255,66,201128,20,217207
3652,0.006144,172.31.36.0-255,66,201194,20,217207
3653,0.006164,74.125.24.0-255,766,201960,20,217207
3654,0.006295,74.125.24.0-255,1484,203444,20,217207
3655,0.006297,172.31.36.0-255,66,203510,20,217207
3656,0.006311,74.125.24.0-255,2902,206412,20,217207
3657,0.006314,172.31.36.0-255,66,206478,20,217207
3658,0.006319,74.125.24.0-255,4320,210798,20,217207
3659,0.006322,172.31.36.0-255,66,210864,20,217207
3660,0.006338,74.125.24.0-255,1484,212348,20,217207
3661,0.006363,172.31.36.0-255,66,212414,20,217207
3662,0.006423,172.31.36.0-255,66,212480,20,217207
3663,0.006426,74.125.24.0-255,97,212577,20,217207
3664,0.006474,74.125.24.0-255,105,212682,20,217207
3665,0.008039,172.31.36.0-255,66,212748,20,217207
3666,0.008078,172.31.36.0-255,105,212853,20,217207
3667,0.010099,74.125.24.0-255,66,212919,20,217207
3668,0.030873,172.31.36.0-255,172,213091,20,217207
3669,0.030905,172.31.36.0-255,1112,214203,20,217207
3670,0.030971,172.31.36.0-255,1514,215717,20,217207
3671,0.030973,172.31.36.0-255,1292,217009,20,217207
3672,0.032443,104.244.42.0-255,66,217075,20,217207
3673,0.032454,104.244.42.0-255,66,217141,20,217207
3674,0.032541,104.244.42.0-255,66,217207,20,217207
3675,0.0,216.58.221.0-255,153,153,20,265840
3676,1.7e-05,216.58.221.0-255,1484,1637,20,265840
3677,2.7e-05,172.31.36.0-255,66,1703,20,265840
3678,3.5e-05,216.58.221.0-255,2902,4605,20,265840
3679,3.8e-05,172.31.36.0-255,66,4671,20,265840
3680,4.2e-05,216.58.221.0-255,2902,7573,20,265840
3681,5.3e-05,172.31.36.0-255,66,7639,20,265840
3682,5.9e-05,216.58.221.0-255,4320,11959,20,265840
3683,6.2e-05,172.31.36.0-255,66,12025,20,265840
3684,9.8e-05,216.58.221.0-255,1992,14017,20,265840
3685,0.000102,172.31.36.0-255,66,14083,20,265840
3686,0.000107,216.58.221.0-255,2902,16985,20,265840
3687,0.000108,172.31.36.0-255,66,17051,20,265840
3688,0.000114,216.58.221.0-255,4320,21371,20,265840
3689,0.000116,172.31.36.0-255,66,21437,20,265840
3690,0.00015,216.58.221.0-255,2902,24339,20,265840
3691,0.000153,172.31.36.0-255,66,24405,20,265840
3692,0.00016,216.58.221.0-255,5738,30143,20,265840
3693,0.000162,172.31.36.0-255,66,30209,20,265840
3694,0.000165,216.58.221.0-255,1125,31334,20,265840
3695,0.0006,216.58.221.0-255,1484,32818,20,265840
3696,0.000606,172.31.36.0-255,66,32884,20,265840
3697,0.000612,216.58.221.0-255,2902,35786,20,265840
3698,0.000614,172.31.36.0-255,66,35852,20,265840
3699,0.000618,216.58.221.0-255,1484,37336,20,265840
3700,0.000652,216.58.221.0-255,4320,41656,20,265840
3701,0.000654,172.31.36.0-255,66,41722,20,265840
3702,0.000662,216.58.221.0-255,6797,48519,20,265840
3703,0.000664,172.31.36.0-255,66,48585,20,265840
3704,0.000729,216.58.221.0-255,1484,50069,20,265840
3705,0.000734,216.58.221.0-255,2902,52971,20,265840
3706,0.000737,172.31.36.0-255,66,53037,20,265840
3707,0.000744,216.58.221.0-255,4320,57357,20,265840
3708,0.000746,172.31.36.0-255,66,57423,20,265840
3709,0.000764,216.58.221.0-255,1484,58907,20,265840
3710,0.000793,216.58.221.0-255,5738,64645,20,265840
3711,0.000797,172.31.36.0-255,66,64711,20,265840
3712,0.000823,216.58.221.0-255,1454,66165,20,265840
3713,0.001459,216.58.221.0-255,115,66280,20,265840
3714,0.001466,172.31.36.0-255,66,66346,20,265840
3715,0.001612,216.58.221.0-255,1484,67830,20,265840
3716,0.001619,216.58.221.0-255,2902,70732,20,265840
3717,0.001622,172.31.36.0-255,66,70798,20,265840
3718,0.001656,216.58.221.0-255,5738,76536,20,265840
3719,0.001659,172.31.36.0-255,66,76602,20,265840
3720,0.001694,172.31.36.0-255,66,76668,20,265840
3721,0.001728,216.58.221.0-255,5379,82047,20,265840
3722,0.001731,172.31.36.0-255,66,82113,20,265840
3723,0.001747,172.31.36.0-255,66,82179,20,265840
3724,0.001905,216.58.221.0-255,1484,83663,20,265840
3725,0.001913,216.58.221.0-255,2902,86565,20,265840
3726,0.001916,172.31.36.0-255,66,86631,20,265840
3727,0.001923,216.58.221.0-255,4320,90951,20,265840
3728,0.001926,172.31.36.0-255,66,91017,20,265840
3729,0.001955,216.58.221.0-255,1484,92501,20,265840
3730,0.001967,172.31.36.0-255,66,92567,20,265840
3731,0.001999,216.58.221.0-255,2902,95469,20,265840
3732,0.002001,172.31.36.0-255,66,95535,20,265840
3733,0.002019,172.31.36.0-255,66,95601,20,265840
3734,0.002022,216.58.221.0-255,1484,97085,20,265840
3735,0.002026,216.58.221.0-255,2902,99987,20,265840
3736,0.002028,172.31.36.0-255,66,100053,20,265840
3737,0.002032,216.58.221.0-255,1484,101537,20,265840
3738,0.002069,216.58.221.0-255,4320,105857,20,265840
3739,0.002072,172.31.36.0-255,66,105923,20,265840
3740,0.002077,216.58.221.0-255,4320,110243,20,265840
3741,0.002079,172.31.36.0-255,66,110309,20,265840
3742,0.002096,172.31.36.0-255,66,110375,20,265840
3743,0.002101,216.58.221.0-255,2902,113277,20,265840
3744,0.002104,172.31.36.0-255,66,113343,20,265840
3745,0.002108,216.58.221.0-255,1484,114827,20,265840
3746,0.002111,216.58.221.0-255,1484,116311,20,265840
3747,0.002114,172.31.36.0-255,66,116377,20,265840
3748,0.002117,216.58.221.0-255,1484,117861,20,265840
3749,0.00212,216.58.221.0-255,766,118627,20,265840
3750,0.002123,172.31.36.0-255,66,118693,20,265840
3751,0.002302,216.58.221.0-255,1484,120177,20,265840
3752,0.002307,216.58.221.0-255,2902,123079,20,265840
3753,0.00231,172.31.36.0-255,66,123145,20,265840
3754,0.002315,216.58.221.0-255,2902,126047,20,265840
3755,0.002317,172.31.36.0-255,66,126113,20,265840
3756,0.002348,216.58.221.0-255,2902,129015,20,265840
3757,0.00235,172.31.36.0-255,66,129081,20,265840
3758,0.002368,172.31.36.0-255,66,129147,20,265840
3759,0.002398,216.58.221.0-255,1484,130631,20,265840
3760,0.002409,172.31.36.0-255,66,130697,20,265840
3761,0.002453,216.58.221.0-255,2184,132881,20,265840
3762,0.002456,172.31.36.0-255,66,132947,20,265840
3763,0.002533,216.58.221.0-255,1484,134431,20,265840
3764,0.002538,216.58.221.0-255,2902,137333,20,265840
3765,0.00254,172.31.36.0-255,66,137399,20,265840
3766,0.002547,216.58.221.0-255,5738,143137,20,265840
3767,0.002549,172.31.36.0-255,66,143203,20,265840
3768,0.002554,216.58.221.0-255,2902,146105,20,265840
3769,0.002555,172.31.36.0-255,66,146171,20,265840
3770,0.002598,172.31.36.0-255,66,146237,20,265840
3771,0.002609,172.31.36.0-255,66,146303,20,265840
3772,0.002614,216.58.221.0-255,2184,148487,20,265840
3773,0.002616,172.31.36.0-255,66,148553,20,265840
3774,0.002648,216.58.221.0-255,2902,151455,20,265840
3775,0.002651,172.31.36.0-255,66,151521,20,265840
3776,0.002657,216.58.221.0-255,5738,157259,20,265840
3777,0.002659,172.31.36.0-255,66,157325,20,265840
3778,0.002663,216.58.221.0-255,2902,160227,20,265840
3779,0.002665,172.31.36.0-255,66,160293,20,265840
3780,0.002673,216.58.221.0-255,1484,161777,20,265840
3781,0.002685,216.58.221.0-255,5738,167515,20,265840
3782,0.002688,172.31.36.0-255,66,167581,20,265840
3783,0.0027,172.31.36.0-255,66,167647,20,265840
3784,0.002706,216.58.221.0-255,5020,172667,20,265840
3785,0.002709,172.31.36.0-255,66,172733,20,265840
3786,0.002864,216.58.221.0-255,1484,174217,20,265840
3787,0.002869,216.58.221.0-255,2902,177119,20,265840
3788,0.002871,172.31.36.0-255,66,177185,20,265840
3789,0.002903,216.58.221.0-255,5738,182923,20,265840
3790,0.002906,172.31.36.0-255,66,182989,20,265840
3791,0.002914,216.58.221.0-255,7156,190145,20,265840
3792,0.002916,172.31.36.0-255,66,190211,20,265840
3793,0.002945,216.58.221.0-255,5738,195949,20,265840
3794,0.002948,172.31.36.0-255,66,196015,20,265840
3795,0.002955,216.58.221.0-255,7156,203171,20,265840
3796,0.002957,172.31.36.0-255,66,203237,20,265840
3797,0.002973,216.58.221.0-255,1484,204721,20,265840
3798,0.003011,172.31.36.0-255,66,204787,20,265840
3799,0.003053,172.31.36.0-255,66,204853,20,265840
3800,0.003071,172.31.36.0-255,66,204919,20,265840
3801,0.003074,216.58.221.0-255,1484,206403,20,265840
3802,0.003078,216.58.221.0-255,2902,209305,20,265840
3803,0.00308,172.31.36.0-255,66,209371,20,265840
3804,0.003083,216.58.221.0-255,1484,210855,20,265840
3805,0.003116,216.58.221.0-255,4320,215175,20,265840
3806,0.003119,172.31.36.0-255,66,215241,20,265840
3807,0.003124,216.58.221.0-255,4320,219561,20,265840
3808,0.003126,172.31.36.0-255,66,219627,20,265840
3809,0.003133,216.58.221.0-255,5738,225365,20,265840
3810,0.003148,216.58.221.0-255,2184,227549,20,265840
3811,0.003167,216.58.221.0-255,1484,229033,20,265840
3812,0.003178,216.58.221.0-255,1484,230517,20,265840
3813,0.003181,216.58.221.0-255,1484,232001,20,265840
3814,0.003201,216.58.221.0-255,4320,236321,20,265840
3815,0.003208,216.58.221.0-255,7156,243477,20,265840
3816,0.003264,216.58.221.0-255,5738,249215,20,265840
3817,0.003269,216.58.221.0-255,3602,252817,20,265840
3818,0.003274,216.58.221.0-255,3605,256422,20,265840
3819,0.003277,216.58.221.0-255,97,256519,20,265840
3820,0.003302,216.58.221.0-255,105,256624,20,265840
3821,0.005035,172.31.36.0-255,66,256690,20,265840
3822,0.007742,172.31.36.0-255,105,256795,20,265840
3823,0.009753,216.58.221.0-255,66,256861,20,265840
3824,0.030731,172.31.36.0-255,172,257033,20,265840
3825,0.030767,172.31.36.0-255,1110,258143,20,265840
3826,0.030833,172.31.36.0-255,1514,259657,20,265840
3827,0.030834,172.31.36.0-255,1514,261171,20,265840
3828,0.030839,172.31.36.0-255,1514,262685,20,265840
3829,0.030841,172.31.36.0-255,1514,264199,20,265840
3830,0.030858,172.31.36.0-255,1377,265576,20,265840
3831,0.032401,104.244.42.0-255,66,265642,20,265840
3832,0.032547,104.244.42.0-255,66,265708,20,265840
3833,0.032576,104.244.42.0-255,66,265774,20,265840
3834,0.032595,104.244.42.0-255,66,265840,20,265840
3835,0.0,172.217.194.0-255,153,153,20,168440
3836,1.7e-05,172.31.36.0-255,66,219,20,168440
3837,2.4e-05,172.217.194.0-255,1484,1703,20,168440
3838,2.8e-05,172.31.36.0-255,66,1769,20,168440
3839,3.4e-05,172.217.194.0-255,2902,4671,20,168440
3840,3.8e-05,172.31.36.0-255,66,4737,20,168440
3841,4.5e-05,172.217.194.0-255,5738,10475,20,168440
3842,4.8e-05,172.31.36.0-255,66,10541,20,168440
3843,5.3e-05,172.217.194.0-255,3553,14094,20,168440
3844,5.6e-05,172.31.36.0-255,66,14160,20,168440
3845,9.1e-05,172.217.194.0-255,2902,17062,20,168440
3846,9.4e-05,172.31.36.0-255,66,17128,20,168440
3847,0.000115,172.217.194.0-255,1484,18612,20,168440
3848,0.000117,172.31.36.0-255,66,18678,20,168440
3849,0.000124,172.217.194.0-255,5738,24416,20,168440
3850,0.000127,172.31.36.0-255,66,24482,20,168440
3851,0.000146,172.217.194.0-255,4320,28802,20,168440
3852,0.000149,172.31.36.0-255,66,28868,20,168440
3853,0.000186,172.31.36.0-255,66,28934,20,168440
3854,0.000198,172.31.36.0-255,66,29000,20,168440
3855,0.000686,172.217.194.0-255,1484,30484,20,168440
3856,0.000692,172.31.36.0-255,66,30550,20,168440
3857,0.000697,172.217.194.0-255,2902,33452,20,168440
3858,0.0007,172.31.36.0-255,66,33518,20,168440
3859,0.000707,172.217.194.0-255,5738,39256,20,168440
3860,0.000709,172.31.36.0-255,66,39322,20,168440
3861,0.000715,172.217.194.0-255,4320,43642,20,168440
3862,0.000717,172.31.36.0-255,66,43708,20,168440
3863,0.000743,172.217.194.0-255,1484,45192,20,168440
3864,0.000746,172.31.36.0-255,66,45258,20,168440
3865,0.00076,172.217.194.0-255,1424,46682,20,168440
3866,0.00096,172.217.194.0-255,379,47061,20,168440
3867,0.000965,172.31.36.0-255,66,47127,20,168440
3868,0.00126,172.217.194.0-255,1484,48611,20,168440
3869,0.001269,172.217.194.0-255,1484,50095,20,168440
3870,0.001273,172.31.36.0-255,66,50161,20,168440
3871,0.001293,172.217.194.0-255,1484,51645,20,168440
3872,0.0013,172.217.194.0-255,5738,57383,20,168440
3873,0.001307,172.217.194.0-255,7156,64539,20,168440
3874,0.001349,172.217.194.0-255,4320,68859,20,168440
3875,0.006174,172.31.36.0-255,66,68925,20,168440
3876,0.008221,172.217.194.0-255,5738,74663,20,168440
3877,0.008235,172.31.36.0-255,66,74729,20,168440
3878,0.010286,172.217.194.0-255,5738,80467,20,168440
3879,0.010296,172.31.36.0-255,66,80533,20,168440
3880,0.012408,172.217.194.0-255,5738,86271,20,168440
3881,0.012418,172.31.36.0-255,66,86337,20,168440
3882,0.014507,172.217.194.0-255,4320,90657,20,168440
3883,0.014526,172.217.194.0-255,1484,92141,20,168440
3884,0.014893,172.31.36.0-255,66,92207,20,168440
3885,0.016928,172.217.194.0-255,5738,97945,20,168440
3886,0.016936,172.31.36.0-255,66,98011,20,168440
3887,0.017266,172.31.36.0-255,172,98183,20,168440
3888,0.017305,172.31.36.0-255,1111,99294,20,168440
3889,0.017381,172.31.36.0-255,1514,100808,20,168440
3890,0.017384,172.31.36.0-255,1514,102322,20,168440
3891,0.017385,172.31.36.0-255,1514,103836,20,168440
3892,0.017386,172.31.36.0-255,1514,105350,20,168440
3893,0.017387,172.31.36.0-255,532,105882,20,168440
3894,0.018972,172.217.194.0-255,5738,111620,20,168440
3895,0.018979,172.31.36.0-255,66,111686,20,168440
3896,0.019501,104.244.42.0-255,66,111752,20,168440
3897,0.021023,172.217.194.0-255,5738,117490,20,168440
3898,0.021028,172.31.36.0-255,66,117556,20,168440
3899,0.023086,172.217.194.0-255,5738,123294,20,168440
3900,0.023092,172.31.36.0-255,66,123360,20,168440
3901,0.025135,172.217.194.0-255,5738,129098,20,168440
3902,0.02514,172.31.36.0-255,66,129164,20,168440
3903,0.02719,172.217.194.0-255,5738,134902,20,168440
3904,0.027197,172.31.36.0-255,66,134968,20,168440
3905,0.029242,172.217.194.0-255,5738,140706,20,168440
3906,0.029247,172.31.36.0-255,66,140772,20,168440
3907,0.031302,172.217.194.0-255,5738,146510,20,168440
3908,0.031309,172.31.36.0-255,66,146576,20,168440
3909,0.033349,172.217.194.0-255,5738,152314,20,168440
3910,0.033354,172.31.36.0-255,66,152380,20,168440
3911,0.035413,172.217.194.0-255,4320,156700,20,168440
3912,0.03542,172.31.36.0-255,66,156766,20,168440
3913,0.035452,172.217.194.0-255,1484,158250,20,168440
3914,0.037466,172.217.194.0-255,4320,162570,20,168440
3915,0.037472,172.31.36.0-255,66,162636,20,168440
3916,0.039519,172.217.194.0-255,5738,168374,20,168440
3917,0.039579,172.31.36.0-255,66,168440,20,168440
3918,0.0,172.217.194.0-255,150,150,20,248300
3919,2.1e-05,172.31.36.0-255,66,216,20,248300
3920,2.8e-05,172.217.194.0-255,1484,1700,20,248300
3921,3.2e-05,172.31.36.0-255,66,1766,20,248300
3922,3.7e-05,172.217.194.0-255,2902,4668,20,248300
3923,4e-05,172.31.36.0-255,66,4734,20,248300
3924,4.9e-05,172.217.194.0-255,7156,11890,20,248300
3925,5.1e-05,172.31.36.0-255,66,11956,20,248300
3926,5.6e-05,172.217.194.0-255,2070,14026,20,248300
3927,5.9e-05,172.31.36.0-255,66,14092,20,248300
3928,8.2e-05,172.217.194.0-255,2902,16994,20,248300
3929,8.6e-05,172.31.36.0-255,66,17060,20,248300
3930,9.3e-05,172.217.194.0-255,7156,24216,20,248300
3931,9.6e-05,172.31.36.0-255,66,24282,20,248300
3932,0.000134,172.217.194.0-255,6797,31079,20,248300
3933,0.000137,172.31.36.0-255,66,31145,20,248300
3934,0.000179,172.217.194.0-255,1484,32629,20,248300
3935,0.000182,172.31.36.0-255,66,32695,20,248300
3936,0.000185,172.217.194.0-255,1484,34179,20,248300
3937,0.000187,172.31.36.0-255,66,34245,20,248300
3938,0.000203,172.217.194.0-255,1484,35729,20,248300
3939,0.000205,172.31.36.0-255,66,35795,20,248300
3940,0.000211,172.217.194.0-255,5738,41533,20,248300
3941,0.000214,172.31.36.0-255,66,41599,20,248300
3942,0.000219,172.217.194.0-255,4320,45919,20,248300
3943,0.000221,172.31.36.0-255,66,45985,20,248300
3944,0.000236,172.217.194.0-255,1484,47469,20,248300
3945,0.000238,172.31.36.0-255,66,47535,20,248300
3946,0.000258,172.217.194.0-255,1125,48660,20,248300
3947,0.00026,172.31.36.0-255,66,48726,20,248300
3948,0.000629,172.217.194.0-255,1484,50210,20,248300
3949,0.000634,172.31.36.0-255,66,50276,20,248300
3950,0.00064,172.217.194.0-255,2902,53178,20,248300
3951,0.000642,172.31.36.0-255,66,53244,20,248300
3952,0.000646,172.217.194.0-255,2902,56146,20,248300
3953,0.000649,172.31.36.0-255,66,56212,20,248300
3954,0.000674,172.217.194.0-255,2902,59114,20,248300
3955,0.000677,172.31.36.0-255,66,59180,20,248300
3956,0.000706,172.217.194.0-255,6797,65977,20,248300
3957,0.000709,172.31.36.0-255,66,66043,20,248300
3958,0.000714,172.217.194.0-255,2902,68945,20,248300
3959,0.000716,172.31.36.0-255,66,69011,20,248300
3960,0.000739,172.217.194.0-255,4320,73331,20,248300
3961,0.000741,172.31.36.0-255,66,73397,20,248300
3962,0.000747,172.217.194.0-255,4320,77717,20,248300
3963,0.000749,172.31.36.0-255,66,77783,20,248300
3964,0.000792,172.217.194.0-255,5958,83741,20,248300
3965,0.000795,172.31.36.0-255,66,83807,20,248300
3966,0.000893,172.217.194.0-255,1484,85291,20,248300
3967,0.000898,172.217.194.0-255,1484,86775,20,248300
3968,0.000901,172.31.36.0-255,66,86841,20,248300
3969,0.000919,172.217.194.0-255,1484,88325,20,248300
3970,0.000926,172.217.194.0-255,5738,94063,20,248300
3971,0.000928,172.31.36.0-255,66,94129,20,248300
3972,0.000936,172.217.194.0-255,5738,99867,20,248300
3973,0.000939,172.31.36.0-255,66,99933,20,248300
3974,0.000958,172.217.194.0-255,1125,101058,20,248300
3975,0.001104,172.217.194.0-255,1484,102542,20,248300
3976,0.001108,172.31.36.0-255,66,102608,20,248300
3977,0.001114,172.217.194.0-255,2902,105510,20,248300
3978,0.001116,172.31.36.0-255,66,105576,20,248300
3979,0.001122,172.217.194.0-255,5738,111314,20,248300
3980,0.001125,172.31.36.0-255,66,111380,20,248300
3981,0.00113,172.217.194.0-255,4320,115700,20,248300
3982,0.001133,172.31.36.0-255,66,115766,20,248300
3983,0.001152,172.217.194.0-255,1484,117250,20,248300
3984,0.001186,172.31.36.0-255,66,117316,20,248300
3985,0.001192,172.217.194.0-255,5020,122336,20,248300
3986,0.001194,172.31.36.0-255,66,122402,20,248300
3987,0.002083,172.217.194.0-255,1484,123886,20,248300
3988,0.002094,172.217.194.0-255,2902,126788,20,248300
3989,0.002099,172.31.36.0-255,66,126854,20,248300
3990,0.002119,172.217.194.0-255,2902,129756,20,248300
3991,0.002121,172.31.36.0-255,66,129822,20,248300
3992,0.002158,172.217.194.0-255,4320,134142,20,248300
3993,0.00216,172.31.36.0-255,66,134208,20,248300
3994,0.002178,172.217.194.0-255,2902,137110,20,248300
3995,0.00218,172.31.36.0-255,66,137176,20,248300
3996,0.002211,172.217.194.0-255,5738,142914,20,248300
3997,0.002213,172.31.36.0-255,66,142980,20,248300
3998,0.002243,172.31.36.0-255,66,143046,20,248300
3999,0.002302,172.217.194.0-255,2902,145948,20,248300
4000,0.002305,172.31.36.0-255,66,146014,20,248300
4001,0.00232,172.217.194.0-255,766,146780,20,248300
4002,0.00244,172.217.194.0-255,1484,148264,20,248300
4003,0.002445,172.31.36.0-255,66,148330,20,248300
4004,0.002464,172.217.194.0-255,1484,149814,20,248300
4005,0.002476,172.217.194.0-255,1484,151298,20,248300
4006,0.002478,172.31.36.0-255,66,151364,20,248300
4007,0.002485,172.217.194.0-255,4320,155684,20,248300
4008,0.002487,172.31.36.0-255,66,155750,20,248300
4009,0.002499,172.217.194.0-255,1484,157234,20,248300
4010,0.002502,172.217.194.0-255,1484,158718,20,248300
4011,0.002504,172.31.36.0-255,66,158784,20,248300
4012,0.002539,172.31.36.0-255,66,158850,20,248300
4013,0.002546,172.217.194.0-255,4320,163170,20,248300
4014,0.002548,172.31.36.0-255,66,163236,20,248300
4015,0.002578,172.31.36.0-255,66,163302,20,248300
4016,0.002613,172.217.194.0-255,1484,164786,20,248300
4017,0.002641,172.217.194.0-255,5738,170524,20,248300
4018,0.002644,172.31.36.0-255,66,170590,20,248300
4019,0.002665,172.31.36.0-255,66,170656,20,248300
4020,0.002668,172.217.194.0-255,766,171422,20,248300
4021,0.002696,172.31.36.0-255,66,171488,20,248300
4022,0.002707,172.31.36.0-255,66,171554,20,248300
4023,0.00272,172.31.36.0-255,66,171620,20,248300
4024,0.002746,172.31.36.0-255,66,171686,20,248300
4025,0.002774,172.31.36.0-255,66,171752,20,248300
4026,0.002779,172.217.194.0-255,3602,175354,20,248300
4027,0.002781,172.31.36.0-255,66,175420,20,248300
4028,0.005455,172.217.194.0-255,2902,178322,20,248300
4029,0.005459,172.31.36.0-255,66,178388,20,248300
4030,0.005477,172.217.194.0-255,2902,181290,20,248300
4031,0.00548,172.31.36.0-255,66,181356,20,248300
4032,0.00815,172.217.194.0-255,5738,187094,20,248300
4033,0.008156,172.31.36.0-255,66,187160,20,248300
4034,0.010876,172.217.194.0-255,5738,192898,20,248300
4035,0.010883,172.31.36.0-255,66,192964,20,248300
4036,0.013584,172.217.194.0-255,5738,198702,20,248300
4037,0.013598,172.31.36.0-255,66,198768,20,248300
4038,0.016331,172.217.194.0-255,5738,204506,20,248300
4039,0.016339,172.31.36.0-255,66,204572,20,248300
4040,0.019042,172.217.194.0-255,4320,208892,20,248300
4041,0.019051,172.31.36.0-255,66,208958,20,248300
4042,0.019071,172.217.194.0-255,1484,210442,20,248300
4043,0.021744,172.217.194.0-255,2902,213344,20,248300
4044,0.021751,172.31.36.0-255,66,213410,20,248300
4045,0.021772,172.217.194.0-255,1484,214894,20,248300
4046,0.024469,172.217.194.0-255,4320,219214,20,248300
4047,0.024478,172.31.36.0-255,66,219280,20,248300
4048,0.027178,172.217.194.0-255,5738,225018,20,248300
4049,0.027188,172.31.36.0-255,66,225084,20,248300
4050,0.029904,172.217.194.0-255,5738,230822,20,248300
4051,0.029913,172.31.36.0-255,66,230888,20,248300
4052,0.032608,172.217.194.0-255,5738,236626,20,248300
4053,0.032619,172.31.36.0-255,66,236692,20,248300
4054,0.035311,172.217.194.0-255,5738,242430,20,248300
4055,0.035319,172.31.36.0-255,66,242496,20,248300
4056,0.038,172.217.194.0-255,5738,248234,20,248300
4057,0.038008,172.31.36.0-255,66,248300,20,248300
4058,0.0,172.31.36.0-255,105,105,20,276
4059,0.002162,157.240.13.0-255,105,210,20,276
4060,0.002176,172.31.36.0-255,66,276,20,276
4061,0.0,74.125.24.0-255,146,146,20,205892
4062,2.3e-05,172.31.36.0-255,66,212,20,205892
4063,3.1e-05,74.125.24.0-255,1484,1696,20,205892
4064,3.6e-05,172.31.36.0-255,66,1762,20,205892
4065,5e-05,74.125.24.0-255,2902,4664,20,205892
4066,5.4e-05,172.31.36.0-255,66,4730,20,205892
4067,6.2e-05,74.125.24.0-255,7156,11886,20,205892
4068,6.5e-05,172.31.36.0-255,66,11952,20,205892
4069,6.9e-05,74.125.24.0-255,2081,14033,20,205892
4070,7.2e-05,172.31.36.0-255,66,14099,20,205892
4071,0.0001,74.125.24.0-255,2902,17001,20,205892
4072,0.000104,172.31.36.0-255,66,17067,20,205892
4073,0.000115,74.125.24.0-255,4320,21387,20,205892
4074,0.000117,172.31.36.0-255,66,21453,20,205892
4075,0.000128,172.31.36.0-255,66,21519,20,205892
4076,0.000182,74.125.24.0-255,1125,22644,20,205892
4077,0.000184,172.31.36.0-255,66,22710,20,205892
4078,0.00025,74.125.24.0-255,1484,24194,20,205892
4079,0.000253,172.31.36.0-255,66,24260,20,205892
4080,0.000258,74.125.24.0-255,2902,27162,20,205892
4081,0.000261,172.31.36.0-255,66,27228,20,205892
4082,0.000265,74.125.24.0-255,2902,30130,20,205892
4083,0.000268,172.31.36.0-255,66,30196,20,205892
4084,0.000302,74.125.24.0-255,2902,33098,20,205892
4085,0.000305,172.31.36.0-255,66,33164,20,205892
4086,0.000309,74.125.24.0-255,2902,36066,20,205892
4087,0.000311,172.31.36.0-255,66,36132,20,205892
4088,0.000336,74.125.24.0-255,3961,40093,20,205892
4089,0.000343,172.31.36.0-255,66,40159,20,205892
4090,0.00037,74.125.24.0-255,1484,41643,20,205892
4091,0.000372,172.31.36.0-255,66,41709,20,205892
4092,0.000377,74.125.24.0-255,2902,44611,20,205892
4093,0.00038,172.31.36.0-255,66,44677,20,205892
4094,0.000392,74.125.24.0-255,5738,50415,20,205892
4095,0.000394,172.31.36.0-255,66,50481,20,205892
4096,0.000397,74.125.24.0-255,1484,51965,20,205892
4097,0.00043,74.125.24.0-255,5676,57641,20,205892
4098,0.000433,172.31.36.0-255,66,57707,20,205892
4099,0.000437,74.125.24.0-255,410,58117,20,205892
4100,0.000555,74.125.24.0-255,1484,59601,20,205892
4101,0.00056,172.31.36.0-255,66,59667,20,205892
4102,0.000565,74.125.24.0-255,2902,62569,20,205892
4103,0.000568,172.31.36.0-255,66,62635,20,205892
4104,0.000572,74.125.24.0-255,2902,65537,20,205892
4105,0.000575,172.31.36.0-255,66,65603,20,205892
4106,0.000608,74.125.24.0-255,2902,68505,20,205892
4107,0.000611,172.31.36.0-255,66,68571,20,205892
4108,0.000619,74.125.24.0-255,6797,75368,20,205892
4109,0.000621,172.31.36.0-255,66,75434,20,205892
4110,0.000648,74.125.24.0-255,1484,76918,20,205892
4111,0.000654,74.125.24.0-255,2902,79820,20,205892
4112,0.000656,172.31.36.0-255,66,79886,20,205892
4113,0.000686,74.125.24.0-255,5738,85624,20,205892
4114,0.000689,172.31.36.0-255,66,85690,20,205892
4115,0.000711,74.125.24.0-255,6797,92487,20,205892
4116,0.000714,172.31.36.0-255,66,92553,20,205892
4117,0.002169,74.125.24.0-255,1484,94037,20,205892
4118,0.002181,74.125.24.0-255,2902,96939,20,205892
4119,0.002186,172.31.36.0-255,66,97005,20,205892
4120,0.002195,74.125.24.0-255,5738,102743,20,205892
4121,0.002197,172.31.36.0-255,66,102809,20,205892
4122,0.002204,74.125.24.0-255,5738,108547,20,205892
4123,0.002206,172.31.36.0-255,66,108613,20,205892
4124,0.002257,74.125.24.0-255,7156,115769,20,205892
4125,0.00226,172.31.36.0-255,66,115835,20,205892
4126,0.002278,172.31.36.0-255,66,115901,20,205892
4127,0.00464,74.125.24.0-255,4320,120221,20,205892
4128,0.004644,172.31.36.0-255,66,120287,20,205892
4129,0.004671,74.125.24.0-255,1484,121771,20,205892
4130,0.007034,74.125.24.0-255,4320,126091,20,205892
4131,0.00704,172.31.36.0-255,66,126157,20,205892
4132,0.009402,74.125.24.0-255,5738,131895,20,205892
4133,0.009409,172.31.36.0-255,66,131961,20,205892
4134,0.011816,74.125.24.0-255,5738,137699,20,205892
4135,0.011831,172.31.36.0-255,66,137765,20,205892
4136,0.014171,74.125.24.0-255,5738,143503,20,205892
4137,0.014182,172.31.36.0-255,66,143569,20,205892
4138,0.016574,74.125.24.0-255,5738,149307,20,205892
4139,0.016583,172.31.36.0-255,66,149373,20,205892
4140,0.018975,74.125.24.0-255,5738,155111,20,205892
4141,0.018986,172.31.36.0-255,66,155177,20,205892
4142,0.021355,74.125.24.0-255,5738,160915,20,205892
4143,0.021365,172.31.36.0-255,66,160981,20,205892
4144,0.023731,74.125.24.0-255,5738,166719,20,205892
4145,0.023739,172.31.36.0-255,66,166785,20,205892
4146,0.026115,74.125.24.0-255,5738,172523,20,205892
4147,0.026123,172.31.36.0-255,66,172589,20,205892
4148,0.027081,172.31.36.0-255,167,172756,20,205892
4149,0.027111,172.31.36.0-255,1111,173867,20,205892
4150,0.027174,172.31.36.0-255,1514,175381,20,205892
4151,0.027176,172.31.36.0-255,1293,176674,20,205892
4152,0.028504,74.125.24.0-255,5738,182412,20,205892
4153,0.028512,172.31.36.0-255,66,182478,20,205892
4154,0.028582,104.244.42.0-255,66,182544,20,205892
4155,0.028645,104.244.42.0-255,66,182610,20,205892
4156,0.028693,104.244.42.0-255,66,182676,20,205892
4157,0.030914,74.125.24.0-255,5738,188414,20,205892
4158,0.030921,172.31.36.0-255,66,188480,20,205892
4159,0.03331,74.125.24.0-255,5738,194218,20,205892
4160,0.033318,172.31.36.0-255,66,194284,20,205892
4161,0.03576,74.125.24.0-255,5738,200022,20,205892
4162,0.035768,172.31.36.0-255,66,200088,20,205892
4163,0.038128,74.125.24.0-255,5738,205826,20,205892
4164,0.038135,172.31.36.0-255,66,205892,20,205892
4165,0.0,74.125.24.0-255,158,158,20,232000
4166,1.4e-05,172.31.36.0-255,66,224,20,232000
4167,2e-05,74.125.24.0-255,1484,1708,20,232000
4168,2.6e-05,172.31.36.0-255,66,1774,20,232000
4169,4.2e-05,74.125.24.0-255,2902,4676,20,232000
4170,4.6e-05,172.31.36.0-255,66,4742,20,232000
4171,5.4e-05,74.125.24.0-255,7156,11898,20,232000
4172,5.7e-05,172.31.36.0-255,66,11964,20,232000
4173,0.000102,172.31.36.0-255,66,12030,20,232000
4174,0.000105,74.125.24.0-255,1484,13514,20,232000
4175,0.000107,172.31.36.0-255,66,13580,20,232000
4176,0.000135,74.125.24.0-255,7156,20736,20,232000
4177,0.000142,172.31.36.0-255,66,20802,20,232000
4178,0.000147,74.125.24.0-255,2543,23345,20,232000
4179,0.000149,172.31.36.0-255,66,23411,20,232000
4180,0.000247,74.125.24.0-255,1484,24895,20,232000
4181,0.00025,172.31.36.0-255,66,24961,20,232000
4182,0.000275,74.125.24.0-255,2902,27863,20,232000
4183,0.000278,172.31.36.0-255,66,27929,20,232000
4184,0.000285,74.125.24.0-255,5738,33667,20,232000
4185,0.000287,172.31.36.0-255,66,33733,20,232000
4186,0.000323,74.125.24.0-255,5738,39471,20,232000
4187,0.000326,172.31.36.0-255,66,39537,20,232000
4188,0.000355,74.125.24.0-255,4320,43857,20,232000
4189,0.000357,172.31.36.0-255,66,43923,20,232000
4190,0.000392,172.31.36.0-255,66,43989,20,232000
4191,0.000395,74.125.24.0-255,1484,45473,20,232000
4192,0.000397,172.31.36.0-255,66,45539,20,232000
4193,0.000429,74.125.24.0-255,4273,49812,20,232000
4194,0.000432,172.31.36.0-255,66,49878,20,232000
4195,0.000555,74.125.24.0-255,109,49987,20,232000
4196,0.000717,74.125.24.0-255,1484,51471,20,232000
4197,0.000722,172.31.36.0-255,66,51537,20,232000
4198,0.000728,74.125.24.0-255,2902,54439,20,232000
4199,0.000731,172.31.36.0-255,66,54505,20,232000
4200,0.000743,74.125.24.0-255,5738,60243,20,232000
4201,0.000746,172.31.36.0-255,66,60309,20,232000
4202,0.000751,74.125.24.0-255,4320,64629,20,232000
4203,0.000757,172.31.36.0-255,66,64695,20,232000
4204,0.000787,172.31.36.0-255,66,64761,20,232000
4205,0.000792,74.125.24.0-255,4320,69081,20,232000
4206,0.000798,172.31.36.0-255,66,69147,20,232000
4207,0.000818,74.125.24.0-255,5379,74526,20,232000
4208,0.000821,172.31.36.0-255,66,74592,20,232000
4209,0.001654,74.125.24.0-255,1484,76076,20,232000
4210,0.001676,74.125.24.0-255,2902,78978,20,232000
4211,0.00168,172.31.36.0-255,66,79044,20,232000
4212,0.001713,74.125.24.0-255,2902,81946,20,232000
4213,0.001715,172.31.36.0-255,66,82012,20,232000
4214,0.001739,74.125.24.0-255,2902,84914,20,232000
4215,0.001741,172.31.36.0-255,66,84980,20,232000
4216,0.001752,172.31.36.0-255,66,85046,20,232000
4217,0.001755,74.125.24.0-255,1484,86530,20,232000
4218,0.001794,172.31.36.0-255,66,86596,20,232000
4219,0.002417,74.125.24.0-255,1484,88080,20,232000
4220,0.002438,74.125.24.0-255,2902,90982,20,232000
4221,0.002442,172.31.36.0-255,66,91048,20,232000
4222,0.002448,74.125.24.0-255,2902,93950,20,232000
4223,0.00245,172.31.36.0-255,66,94016,20,232000
4224,0.002476,74.125.24.0-255,2902,96918,20,232000
4225,0.002483,172.31.36.0-255,66,96984,20,232000
4226,0.002497,172.31.36.0-255,66,97050,20,232000
4227,0.002503,74.125.24.0-255,4320,101370,20,232000
4228,0.002505,172.31.36.0-255,66,101436,20,232000
4229,0.00253,74.125.24.0-255,5738,107174,20,232000
4230,0.002532,172.31.36.0-255,66,107240,20,232000
4231,0.002535,74.125.24.0-255,766,108006,20,232000
4232,0.002621,74.125.24.0-255,1484,109490,20,232000
4233,0.002624,172.31.36.0-255,66,109556,20,232000
4234,0.00263,74.125.24.0-255,2902,112458,20,232000
4235,0.002631,172.31.36.0-255,66,112524,20,232000
4236,0.00266,74.125.24.0-255,5738,118262,20,232000
4237,0.002662,172.31.36.0-255,66,118328,20,232000
4238,0.002665,74.125.24.0-255,1484,119812,20,232000
4239,0.002668,74.125.24.0-255,1484,121296,20,232000
4240,0.00267,172.31.36.0-255,66,121362,20,232000
4241,0.002713,74.125.24.0-255,5738,127100,20,232000
4242,0.002715,172.31.36.0-255,66,127166,20,232000
4243,0.002728,172.31.36.0-255,66,127232,20,232000
4244,0.00274,74.125.24.0-255,3602,130834,20,232000
4245,0.002743,172.31.36.0-255,66,130900,20,232000
4246,0.002746,74.125.24.0-255,1484,132384,20,232000
4247,0.002755,74.125.24.0-255,7156,139540,20,232000
4248,0.002758,172.31.36.0-255,66,139606,20,232000
4249,0.002796,74.125.24.0-255,7156,146762,20,232000
4250,0.002799,172.31.36.0-255,66,146828,20,232000
4251,0.002802,74.125.24.0-255,1484,148312,20,232000
4252,0.002805,74.125.24.0-255,1484,149796,20,232000
4253,0.002807,172.31.36.0-255,66,149862,20,232000
4254,0.002811,74.125.24.0-255,1484,151346,20,232000
4255,0.002833,74.125.24.0-255,5738,157084,20,232000
4256,0.002837,172.31.36.0-255,66,157150,20,232000
4257,0.002869,172.31.36.0-255,66,157216,20,232000
4258,0.002884,172.31.36.0-255,66,157282,20,232000
4259,0.002896,74.125.24.0-255,7156,164438,20,232000
4260,0.002899,172.31.36.0-255,66,164504,20,232000
4261,0.002903,74.125.24.0-255,2902,167406,20,232000
4262,0.002906,172.31.36.0-255,66,167472,20,232000
4263,0.002909,74.125.24.0-255,1484,168956,20,232000
4264,0.002947,172.31.36.0-255,66,169022,20,232000
4265,0.00295,74.125.24.0-255,1484,170506,20,232000
4266,0.002953,74.125.24.0-255,1484,171990,20,232000
4267,0.002955,172.31.36.0-255,66,172056,20,232000
4268,0.002998,172.31.36.0-255,66,172122,20,232000
4269,0.003002,74.125.24.0-255,1484,173606,20,232000
4270,0.003006,74.125.24.0-255,2902,176508,20,232000
4271,0.003008,172.31.36.0-255,66,176574,20,232000
4272,0.003078,172.31.36.0-255,66,176640,20,232000
4273,0.003081,74.125.24.0-255,1484,178124,20,232000
4274,0.003084,74.125.24.0-255,1484,179608,20,232000
4275,0.003086,172.31.36.0-255,66,179674,20,232000
4276,0.0031,172.31.36.0-255,66,179740,20,232000
4277,0.003105,74.125.24.0-255,4320,184060,20,232000
4278,0.003108,172.31.36.0-255,66,184126,20,232000
4279,0.00314,74.125.24.0-255,4320,188446,20,232000
4280,0.003142,172.31.36.0-255,66,188512,20,232000
4281,0.003148,74.125.24.0-255,4320,192832,20,232000
4282,0.00315,172.31.36.0-255,66,192898,20,232000
4283,0.003177,74.125.24.0-255,5020,197918,20,232000
4284,0.00318,172.31.36.0-255,66,197984,20,232000
4285,0.003455,74.125.24.0-255,1484,199468,20,232000
4286,0.003473,74.125.24.0-255,2902,202370,20,232000
4287,0.003476,172.31.36.0-255,66,202436,20,232000
4288,0.003508,74.125.24.0-255,5738,208174,20,232000
4289,0.003511,172.31.36.0-255,66,208240,20,232000
4290,0.003527,172.31.36.0-255,66,208306,20,232000
4291,0.003561,74.125.24.0-255,4320,212626,20,232000
4292,0.003564,172.31.36.0-255,66,212692,20,232000
4293,0.003599,172.31.36.0-255,66,212758,20,232000
4294,0.003667,74.125.24.0-255,1484,214242,20,232000
4295,0.003685,74.125.24.0-255,2902,217144,20,232000
4296,0.003688,172.31.36.0-255,66,217210,20,232000
4297,0.003694,74.125.24.0-255,4320,221530,20,232000
4298,0.003696,172.31.36.0-255,66,221596,20,232000
4299,0.003712,74.125.24.0-255,1484,223080,20,232000
4300,0.003721,74.125.24.0-255,4320,227400,20,232000
4301,0.003723,172.31.36.0-255,66,227466,20,232000
4302,0.003758,172.31.36.0-255,66,227532,20,232000
4303,0.003769,172.31.36.0-255,66,227598,20,232000
4304,0.003809,74.125.24.0-255,3994,231592,20,232000
4305,0.003812,172.31.36.0-255,66,231658,20,232000
4306,0.003854,74.125.24.0-255,105,231763,20,232000
4307,0.009138,172.31.36.0-255,66,231829,20,232000
4308,0.009188,172.31.36.0-255,105,231934,20,232000
4309,0.0118,74.125.24.0-255,66,232000,20,232000
4310,0.0,172.217.194.0-255,152,152,20,269265
4311,1.3e-05,172.31.36.0-255,66,218,20,269265
4312,3.3e-05,172.217.194.0-255,1484,1702,20,269265
4313,3.8e-05,172.31.36.0-255,66,1768,20,269265
4314,4.3e-05,172.217.194.0-255,2902,4670,20,269265
4315,4.6e-05,172.31.36.0-255,66,4736,20,269265
4316,5.1e-05,172.217.194.0-255,4320,9056,20,269265
4317,5.4e-05,172.31.36.0-255,66,9122,20,269265
4318,7e-05,172.217.194.0-255,2902,12024,20,269265
4319,7.2e-05,172.31.36.0-255,66,12090,20,269265
4320,9.8e-05,172.217.194.0-255,2902,14992,20,269265
4321,0.000101,172.31.36.0-255,66,15058,20,269265
4322,0.000133,172.31.36.0-255,66,15124,20,269265
4323,0.000136,172.217.194.0-255,1484,16608,20,269265
4324,0.000138,172.31.36.0-255,66,16674,20,269265
4325,0.000156,172.217.194.0-255,2543,19217,20,269265
4326,0.000158,172.31.36.0-255,66,19283,20,269265
4327,0.004208,172.217.194.0-255,1484,20767,20,269265
4328,0.004217,172.31.36.0-255,66,20833,20,269265
4329,0.004225,172.217.194.0-255,2902,23735,20,269265
4330,0.004227,172.31.36.0-255,66,23801,20,269265
4331,0.004233,172.217.194.0-255,4320,28121,20,269265
4332,0.004236,172.31.36.0-255,66,28187,20,269265
4333,0.004263,172.217.194.0-255,7156,35343,20,269265
4334,0.004265,172.31.36.0-255,66,35409,20,269265
4335,0.004284,172.217.194.0-255,1484,36893,20,269265
4336,0.004286,172.31.36.0-255,66,36959,20,269265
4337,0.004293,172.217.194.0-255,7156,44115,20,269265
4338,0.004295,172.31.36.0-255,66,44181,20,269265
4339,0.004339,172.217.194.0-255,5738,49919,20,269265
4340,0.004343,172.31.36.0-255,66,49985,20,269265
4341,0.004359,172.217.194.0-255,3602,53587,20,269265
4342,0.004362,172.31.36.0-255,66,53653,20,269265
4343,0.006002,172.217.194.0-255,1484,55137,20,269265
4344,0.006013,172.217.194.0-255,2902,58039,20,269265
4345,0.006017,172.31.36.0-255,66,58105,20,269265
4346,0.006025,172.217.194.0-255,5738,63843,20,269265
4347,0.006028,172.31.36.0-255,66,63909,20,269265
4348,0.006096,172.31.36.0-255,66,63975,20,269265
4349,0.00612,172.217.194.0-255,1704,65679,20,269265
4350,0.006125,172.31.36.0-255,66,65745,20,269265
4351,0.00614,172.31.36.0-255,66,65811,20,269265
4352,0.006154,172.31.36.0-255,66,65877,20,269265
4353,0.006183,172.217.194.0-255,3602,69479,20,269265
4354,0.006186,172.31.36.0-255,66,69545,20,269265
4355,0.008291,172.217.194.0-255,1484,71029,20,269265
4356,0.008302,172.217.194.0-255,2902,73931,20,269265
4357,0.008307,172.31.36.0-255,66,73997,20,269265
4358,0.008315,172.217.194.0-255,4320,78317,20,269265
4359,0.008317,172.31.36.0-255,66,78383,20,269265
4360,0.008347,172.217.194.0-255,1484,79867,20,269265
4361,0.008354,172.217.194.0-255,5738,85605,20,269265
4362,0.008357,172.31.36.0-255,66,85671,20,269265
4363,0.008373,172.217.194.0-255,2902,88573,20,269265
4364,0.008376,172.31.36.0-255,66,88639,20,269265
4365,0.0084,172.31.36.0-255,66,88705,20,269265
4366,0.008452,172.217.194.0-255,2902,91607,20,269265
4367,0.008457,172.31.36.0-255,66,91673,20,269265
4368,0.008492,172.31.36.0-255,66,91739,20,269265
4369,0.008507,172.31.36.0-255,66,91805,20,269265
4370,0.008514,172.217.194.0-255,7156,98961,20,269265
4371,0.008517,172.31.36.0-255,66,99027,20,269265
4372,0.008523,172.217.194.0-255,5020,104047,20,269265
4373,0.008526,172.31.36.0-255,66,104113,20,269265
4374,0.009262,172.217.194.0-255,1484,105597,20,269265
4375,0.009281,172.217.194.0-255,2902,108499,20,269265
4376,0.009287,172.31.36.0-255,66,108565,20,269265
4377,0.009309,172.217.194.0-255,4320,112885,20,269265
4378,0.009311,172.31.36.0-255,66,112951,20,269265
4379,0.009316,172.217.194.0-255,2902,115853,20,269265
4380,0.009318,172.31.36.0-255,66,115919,20,269265
4381,0.009335,172.217.194.0-255,5738,121657,20,269265
4382,0.009338,172.31.36.0-255,66,121723,20,269265
4383,0.009349,172.31.36.0-255,66,121789,20,269265
4384,0.009382,172.217.194.0-255,4320,126109,20,269265
4385,0.009386,172.31.36.0-255,66,126175,20,269265
4386,0.0094,172.217.194.0-255,3602,129777,20,269265
4387,0.009403,172.31.36.0-255,66,129843,20,269265
4388,0.010076,172.217.194.0-255,1484,131327,20,269265
4389,0.010083,172.217.194.0-255,1484,132811,20,269265
4390,0.010089,172.31.36.0-255,66,132877,20,269265
4391,0.010106,172.217.194.0-255,1484,134361,20,269265
4392,0.010113,172.217.194.0-255,5738,140099,20,269265
4393,0.010116,172.31.36.0-255,66,140165,20,269265
4394,0.010145,172.31.36.0-255,66,140231,20,269265
4395,0.010167,172.217.194.0-255,2902,143133,20,269265
4396,0.010169,172.31.36.0-255,66,143199,20,269265
4397,0.010176,172.217.194.0-255,7156,150355,20,269265
4398,0.010177,172.31.36.0-255,66,150421,20,269265
4399,0.01021,172.217.194.0-255,2902,153323,20,269265
4400,0.010213,172.31.36.0-255,66,153389,20,269265
4401,0.010253,172.217.194.0-255,5020,158409,20,269265
4402,0.010256,172.31.36.0-255,66,158475,20,269265
4403,0.010267,172.31.36.0-255,66,158541,20,269265
4404,0.010274,172.217.194.0-255,5738,164279,20,269265
4405,0.010276,172.31.36.0-255,66,164345,20,269265
4406,0.010307,172.217.194.0-255,7156,171501,20,269265
4407,0.01031,172.31.36.0-255,66,171567,20,269265
4408,0.010316,172.217.194.0-255,4320,175887,20,269265
4409,0.010318,172.31.36.0-255,66,175953,20,269265
4410,0.010338,172.217.194.0-255,3602,179555,20,269265
4411,0.010342,172.31.36.0-255,66,179621,20,269265
4412,0.010409,172.217.194.0-255,1484,181105,20,269265
4413,0.010413,172.217.194.0-255,1484,182589,20,269265
4414,0.010417,172.31.36.0-255,66,182655,20,269265
4415,0.010439,172.217.194.0-255,1484,184139,20,269265
4416,0.010446,172.217.194.0-255,5738,189877,20,269265
4417,0.01045,172.31.36.0-255,66,189943,20,269265
4418,0.010456,172.217.194.0-255,5738,195681,20,269265
4419,0.010459,172.31.36.0-255,66,195747,20,269265
4420,0.010462,172.217.194.0-255,1484,197231,20,269265
4421,0.01054,172.217.194.0-255,5738,202969,20,269265
4422,0.010545,172.31.36.0-255,66,203035,20,269265
4423,0.010578,172.31.36.0-255,66,203101,20,269265
4424,0.010581,172.217.194.0-255,766,203867,20,269265
4425,0.010612,172.217.194.0-255,1484,205351,20,269265
4426,0.010618,172.31.36.0-255,66,205417,20,269265
4427,0.010635,172.217.194.0-255,2902,208319,20,269265
4428,0.010638,172.31.36.0-255,66,208385,20,269265
4429,0.010656,172.217.194.0-255,5738,214123,20,269265
4430,0.010658,172.31.36.0-255,66,214189,20,269265
4431,0.010691,172.217.194.0-255,5738,219927,20,269265
4432,0.010695,172.31.36.0-255,66,219993,20,269265
4433,0.010701,172.217.194.0-255,7156,227149,20,269265
4434,0.010704,172.31.36.0-255,66,227215,20,269265
4435,0.010771,172.31.36.0-255,66,227281,20,269265
4436,0.010778,172.217.194.0-255,7156,234437,20,269265
4437,0.010781,172.31.36.0-255,66,234503,20,269265
4438,0.010807,172.217.194.0-255,4320,238823,20,269265
4439,0.010812,172.31.36.0-255,66,238889,20,269265
4440,0.010818,172.217.194.0-255,5738,244627,20,269265
4441,0.010821,172.31.36.0-255,66,244693,20,269265
4442,0.01087,172.31.36.0-255,66,244759,20,269265
4443,0.011145,172.217.194.0-255,1484,246243,20,269265
4444,0.011173,172.217.194.0-255,2902,249145,20,269265
4445,0.011179,172.31.36.0-255,66,249211,20,269265
4446,0.011186,172.217.194.0-255,5738,254949,20,269265
4447,0.011188,172.31.36.0-255,66,255015,20,269265
4448,0.011195,172.217.194.0-255,7156,262171,20,269265
4449,0.011198,172.31.36.0-255,66,262237,20,269265
4450,0.011215,172.217.194.0-255,1422,263659,20,269265
4451,0.011279,172.217.194.0-255,105,263764,20,269265
4452,0.012604,172.31.36.0-255,66,263830,20,269265
4453,0.012655,172.31.36.0-255,105,263935,20,269265
4454,0.014765,172.217.194.0-255,66,264001,20,269265
4455,0.026455,172.31.36.0-255,172,264173,20,269265
4456,0.026515,172.31.36.0-255,1111,265284,20,269265
4457,0.026594,172.31.36.0-255,1514,266798,20,269265
4458,0.026596,172.31.36.0-255,1514,268312,20,269265
4459,0.026597,172.31.36.0-255,689,269001,20,269265
4460,0.028117,104.244.42.0-255,66,269067,20,269265
4461,0.028208,104.244.42.0-255,66,269133,20,269265
4462,0.028232,104.244.42.0-255,66,269199,20,269265
4463,0.028234,104.244.42.0-255,66,269265,20,269265
4464,0.0,172.217.27.0-255,152,152,20,215387
4465,3.6e-05,172.31.36.0-255,66,218,20,215387
4466,4.4e-05,172.217.27.0-255,1484,1702,20,215387
4467,4.8e-05,172.31.36.0-255,66,1768,20,215387
4468,5.3e-05,172.217.27.0-255,2902,4670,20,215387
4469,6.4e-05,172.31.36.0-255,66,4736,20,215387
4470,7.2e-05,172.217.27.0-255,7156,11892,20,215387
4471,7.5e-05,172.31.36.0-255,66,11958,20,215387
4472,7.9e-05,172.217.27.0-255,2047,14005,20,215387
4473,8.2e-05,172.31.36.0-255,66,14071,20,215387
4474,8.7e-05,172.217.27.0-255,2902,16973,20,215387
4475,8.9e-05,172.31.36.0-255,66,17039,20,215387
4476,9.6e-05,172.217.27.0-255,7156,24195,20,215387
4477,9.9e-05,172.31.36.0-255,66,24261,20,215387
4478,0.000134,172.217.27.0-255,6797,31058,20,215387
4479,0.000137,172.31.36.0-255,66,31124,20,215387
4480,0.000197,172.217.27.0-255,1484,32608,20,215387
4481,0.0002,172.31.36.0-255,66,32674,20,215387
4482,0.000208,172.217.27.0-255,2902,35576,20,215387
4483,0.00021,172.31.36.0-255,66,35642,20,215387
4484,0.000223,172.217.27.0-255,5738,41380,20,215387
4485,0.000226,172.31.36.0-255,66,41446,20,215387
4486,0.000258,172.217.27.0-255,6797,48243,20,215387
4487,0.000261,172.31.36.0-255,66,48309,20,215387
4488,0.000294,172.217.27.0-255,1484,49793,20,215387
4489,0.000297,172.31.36.0-255,66,49859,20,215387
4490,0.000301,172.217.27.0-255,2902,52761,20,215387
4491,0.000303,172.31.36.0-255,66,52827,20,215387
4492,0.000336,172.217.27.0-255,5738,58565,20,215387
4493,0.000339,172.31.36.0-255,66,58631,20,215387
4494,0.000346,172.217.27.0-255,5738,64369,20,215387
4495,0.000349,172.31.36.0-255,66,64435,20,215387
4496,0.000371,172.217.27.0-255,1422,65857,20,215387
4497,0.000657,172.217.27.0-255,137,65994,20,215387
4498,0.000661,172.31.36.0-255,66,66060,20,215387
4499,0.000933,172.217.27.0-255,1484,67544,20,215387
4500,0.000942,172.217.27.0-255,2902,70446,20,215387
4501,0.000946,172.31.36.0-255,66,70512,20,215387
4502,0.000954,172.217.27.0-255,5738,76250,20,215387
4503,0.000956,172.31.36.0-255,66,76316,20,215387
4504,0.001001,172.31.36.0-255,66,76382,20,215387
4505,0.001012,172.31.36.0-255,66,76448,20,215387
4506,0.001033,172.217.27.0-255,1125,77573,20,215387
4507,0.002667,172.217.27.0-255,4320,81893,20,215387
4508,0.002674,172.31.36.0-255,66,81959,20,215387
4509,0.004306,172.217.27.0-255,5738,87697,20,215387
4510,0.004309,172.31.36.0-255,66,87763,20,215387
4511,0.00594,172.217.27.0-255,5738,93501,20,215387
4512,0.005944,172.31.36.0-255,66,93567,20,215387
4513,0.007577,172.217.27.0-255,5738,99305,20,215387
4514,0.007584,172.31.36.0-255,66,99371,20,215387
4515,0.009221,172.217.27.0-255,5738,105109,20,215387
4516,0.009229,172.31.36.0-255,66,105175,20,215387
4517,0.010858,172.217.27.0-255,5738,110913,20,215387
4518,0.010866,172.31.36.0-255,66,110979,20,215387
4519,0.012502,172.217.27.0-255,5738,116717,20,215387
4520,0.012509,172.31.36.0-255,66,116783,20,215387
4521,0.014146,172.217.27.0-255,5738,122521,20,215387
4522,0.014154,172.31.36.0-255,66,122587,20,215387
4523,0.015791,172.217.27.0-255,5738,128325,20,215387
4524,0.015799,172.31.36.0-255,66,128391,20,215387
4525,0.017426,172.217.27.0-255,5738,134129,20,215387
4526,0.017433,172.31.36.0-255,66,134195,20,215387
4527,0.019063,172.217.27.0-255,5738,139933,20,215387
4528,0.019069,172.31.36.0-255,66,139999,20,215387
4529,0.0207,172.217.27.0-255,5738,145737,20,215387
4530,0.020708,172.31.36.0-255,66,145803,20,215387
4531,0.022349,172.217.27.0-255,2902,148705,20,215387
4532,0.022355,172.31.36.0-255,66,148771,20,215387
4533,0.022387,172.217.27.0-255,2902,151673,20,215387
4534,0.02239,172.31.36.0-255,66,151739,20,215387
4535,0.023986,172.217.27.0-255,2902,154641,20,215387
4536,0.023993,172.31.36.0-255,66,154707,20,215387
4537,0.024032,172.217.27.0-255,2902,157609,20,215387
4538,0.024035,172.31.36.0-255,66,157675,20,215387
4539,0.02564,172.217.27.0-255,2902,160577,20,215387
4540,0.025646,172.31.36.0-255,66,160643,20,215387
4541,0.025685,172.217.27.0-255,2902,163545,20,215387
4542,0.025688,172.31.36.0-255,66,163611,20,215387
4543,0.027276,172.217.27.0-255,2902,166513,20,215387
4544,0.027284,172.31.36.0-255,66,166579,20,215387
4545,0.027314,172.217.27.0-255,2902,169481,20,215387
4546,0.027317,172.31.36.0-255,66,169547,20,215387
4547,0.027457,172.31.36.0-255,172,169719,20,215387
4548,0.027482,172.31.36.0-255,1107,170826,20,215387
4549,0.027524,172.31.36.0-255,1514,172340,20,215387
4550,0.027526,172.31.36.0-255,1297,173637,20,215387
4551,0.028918,172.217.27.0-255,2902,176539,20,215387
4552,0.028924,172.31.36.0-255,66,176605,20,215387
4553,0.028961,172.217.27.0-255,2902,179507,20,215387
4554,0.028964,172.31.36.0-255,66,179573,20,215387
4555,0.028976,104.244.42.0-255,66,179639,20,215387
4556,0.029022,104.244.42.0-255,66,179705,20,215387
4557,0.029074,104.244.42.0-255,66,179771,20,215387
4558,0.030546,172.217.27.0-255,2902,182673,20,215387
4559,0.030552,172.31.36.0-255,66,182739,20,215387
4560,0.030589,172.217.27.0-255,2902,185641,20,215387
4561,0.030593,172.31.36.0-255,66,185707,20,215387
4562,0.032177,172.217.27.0-255,2902,188609,20,215387
4563,0.032182,172.31.36.0-255,66,188675,20,215387
4564,0.032218,172.217.27.0-255,2902,191577,20,215387
4565,0.032222,172.31.36.0-255,66,191643,20,215387
4566,0.033807,172.217.27.0-255,2902,194545,20,215387
4567,0.033814,172.31.36.0-255,66,194611,20,215387
4568,0.033851,172.217.27.0-255,2902,197513,20,215387
4569,0.033854,172.31.36.0-255,66,197579,20,215387
4570,0.035443,172.217.27.0-255,2902,200481,20,215387
4571,0.035449,172.31.36.0-255,66,200547,20,215387
4572,0.035486,172.217.27.0-255,2902,203449,20,215387
4573,0.03549,172.31.36.0-255,66,203515,20,215387
4574,0.037076,172.217.27.0-255,2902,206417,20,215387
4575,0.037085,172.31.36.0-255,66,206483,20,215387
4576,0.037124,172.217.27.0-255,2902,209385,20,215387
4577,0.037127,172.31.36.0-255,66,209451,20,215387
4578,0.038715,172.217.27.0-255,1484,210935,20,215387
4579,0.038755,172.217.27.0-255,2902,213837,20,215387
4580,0.038762,172.31.36.0-255,66,213903,20,215387
4581,0.038792,172.217.27.0-255,1484,215387,20,215387
4582,0.0,74.125.130.0-255,153,153,20,283429
4583,3.1e-05,172.31.36.0-255,66,219,20,283429
4584,3.9e-05,74.125.130.0-255,1484,1703,20,283429
4585,4.2e-05,172.31.36.0-255,66,1769,20,283429
4586,4.8e-05,74.125.130.0-255,2902,4671,20,283429
4587,5e-05,172.31.36.0-255,66,4737,20,283429
4588,5.6e-05,74.125.130.0-255,4320,9057,20,283429
4589,5.8e-05,172.31.36.0-255,66,9123,20,283429
4590,8.2e-05,74.125.130.0-255,1484,10607,20,283429
4591,8.4e-05,172.31.36.0-255,66,10673,20,283429
4592,0.000102,74.125.130.0-255,1484,12157,20,283429
4593,0.000104,172.31.36.0-255,66,12223,20,283429
4594,0.000123,74.125.130.0-255,2071,14294,20,283429
4595,0.000126,172.31.36.0-255,66,14360,20,283429
4596,0.000193,74.125.130.0-255,1484,15844,20,283429
4597,0.000196,172.31.36.0-255,66,15910,20,283429
4598,0.0002,74.125.130.0-255,1484,17394,20,283429
4599,0.000202,172.31.36.0-255,66,17460,20,283429
4600,0.000216,74.125.130.0-255,1484,18944,20,283429
4601,0.000219,172.31.36.0-255,66,19010,20,283429
4602,0.000225,74.125.130.0-255,4320,23330,20,283429
4603,0.000227,172.31.36.0-255,66,23396,20,283429
4604,0.00028,172.31.36.0-255,66,23462,20,283429
4605,0.000312,74.125.130.0-255,1484,24946,20,283429
4606,0.000315,172.31.36.0-255,66,25012,20,283429
4607,0.00033,74.125.130.0-255,2902,27914,20,283429
4608,0.000334,172.31.36.0-255,66,27980,20,283429
4609,0.000348,74.125.130.0-255,1484,29464,20,283429
4610,0.00035,172.31.36.0-255,66,29530,20,283429
4611,0.000365,74.125.130.0-255,4320,33850,20,283429
4612,0.000368,172.31.36.0-255,66,33916,20,283429
4613,0.000371,74.125.130.0-255,1484,35400,20,283429
4614,0.000398,74.125.130.0-255,2902,38302,20,283429
4615,0.000401,172.31.36.0-255,66,38368,20,283429
4616,0.000432,74.125.130.0-255,2543,40911,20,283429
4617,0.000442,172.31.36.0-255,66,40977,20,283429
4618,0.000727,74.125.130.0-255,1484,42461,20,283429
4619,0.00075,74.125.130.0-255,2902,45363,20,283429
4620,0.000755,172.31.36.0-255,66,45429,20,283429
4621,0.000773,74.125.130.0-255,4320,49749,20,283429
4622,0.000777,172.31.36.0-255,66,49815,20,283429
4623,0.000798,74.125.130.0-255,4320,54135,20,283429
4624,0.000802,172.31.36.0-255,66,54201,20,283429
4625,0.000819,74.125.130.0-255,1484,55685,20,283429
4626,0.000843,74.125.130.0-255,2543,58228,20,283429
4627,0.000846,172.31.36.0-255,66,58294,20,283429
4628,0.000872,74.125.130.0-255,2902,61196,20,283429
4629,0.000875,172.31.36.0-255,66,61262,20,283429
4630,0.000882,74.125.130.0-255,4320,65582,20,283429
4631,0.000884,172.31.36.0-255,66,65648,20,283429
4632,0.000913,74.125.130.0-255,5738,71386,20,283429
4633,0.000917,172.31.36.0-255,66,71452,20,283429
4634,0.000922,74.125.130.0-255,3961,75413,20,283429
4635,0.000924,172.31.36.0-255,66,75479,20,283429
4636,0.001206,74.125.130.0-255,1484,76963,20,283429
4637,0.001226,74.125.130.0-255,1484,78447,20,283429
4638,0.001231,172.31.36.0-255,66,78513,20,283429
4639,0.001236,74.125.130.0-255,2902,81415,20,283429
4640,0.001238,172.31.36.0-255,66,81481,20,283429
4641,0.001265,74.125.130.0-255,5738,87219,20,283429
4642,0.001267,172.31.36.0-255,66,87285,20,283429
4643,0.001271,74.125.130.0-255,2902,90187,20,283429
4644,0.001288,74.125.130.0-255,4320,94507,20,283429
4645,0.001307,74.125.130.0-255,2902,97409,20,283429
4646,0.00133,74.125.130.0-255,5738,103147,20,283429
4647,0.001335,74.125.130.0-255,4320,107467,20,283429
4648,0.001368,74.125.130.0-255,2184,109651,20,283429
4649,0.00163,74.125.130.0-255,1484,111135,20,283429
4650,0.001645,74.125.130.0-255,2902,114037,20,283429
4651,0.001678,74.125.130.0-255,4320,118357,20,283429
4652,0.001721,74.125.130.0-255,1484,119841,20,283429
4653,0.00174,74.125.130.0-255,4320,124161,20,283429
4654,0.001762,74.125.130.0-255,7156,131317,20,283429
4655,0.001786,74.125.130.0-255,5738,137055,20,283429
4656,0.001808,74.125.130.0-255,6438,143493,20,283429
4657,0.001848,74.125.130.0-255,1484,144977,20,283429
4658,0.001866,74.125.130.0-255,2902,147879,20,283429
4659,0.001902,74.125.130.0-255,1484,149363,20,283429
4660,0.001919,74.125.130.0-255,2902,152265,20,283429
4661,0.001935,74.125.130.0-255,4320,156585,20,283429
4662,0.001955,74.125.130.0-255,5738,162323,20,283429
4663,0.002018,74.125.130.0-255,1484,163807,20,283429
4664,0.002052,74.125.130.0-255,3602,167409,20,283429
4665,0.002185,74.125.130.0-255,1484,168893,20,283429
4666,0.0022,74.125.130.0-255,2902,171795,20,283429
4667,0.002228,74.125.130.0-255,5738,177533,20,283429
4668,0.002231,74.125.130.0-255,1484,179017,20,283429
4669,0.002255,74.125.130.0-255,4320,183337,20,283429
4670,0.002287,74.125.130.0-255,1484,184821,20,283429
4671,0.002308,74.125.130.0-255,4320,189141,20,283429
4672,0.003887,172.31.36.0-255,66,189207,20,283429
4673,0.006184,74.125.130.0-255,5738,194945,20,283429
4674,0.006189,172.31.36.0-255,66,195011,20,283429
4675,0.00846,74.125.130.0-255,5738,200749,20,283429
4676,0.008466,172.31.36.0-255,66,200815,20,283429
4677,0.010732,74.125.130.0-255,5738,206553,20,283429
4678,0.01074,172.31.36.0-255,66,206619,20,283429
4679,0.013041,74.125.130.0-255,5738,212357,20,283429
4680,0.013048,172.31.36.0-255,66,212423,20,283429
4681,0.015319,74.125.130.0-255,5738,218161,20,283429
4682,0.015327,172.31.36.0-255,66,218227,20,283429
4683,0.017607,74.125.130.0-255,5738,223965,20,283429
4684,0.017614,172.31.36.0-255,66,224031,20,283429
4685,0.019883,74.125.130.0-255,5738,229769,20,283429
4686,0.01989,172.31.36.0-255,66,229835,20,283429
4687,0.022177,74.125.130.0-255,5738,235573,20,283429
4688,0.022184,172.31.36.0-255,66,235639,20,283429
4689,0.024455,74.125.130.0-255,5738,241377,20,283429
4690,0.024461,172.31.36.0-255,66,241443,20,283429
4691,0.02674,74.125.130.0-255,5738,247181,20,283429
4692,0.026747,172.31.36.0-255,66,247247,20,283429
4693,0.029017,74.125.130.0-255,5738,252985,20,283429
4694,0.029024,172.31.36.0-255,66,253051,20,283429
4695,0.031309,74.125.130.0-255,5738,258789,20,283429
4696,0.031314,172.31.36.0-255,66,258855,20,283429
4697,0.032044,172.31.36.0-255,172,259027,20,283429
4698,0.032078,172.31.36.0-255,1112,260139,20,283429
4699,0.032119,172.31.36.0-255,1514,261653,20,283429
4700,0.032121,172.31.36.0-255,1514,263167,20,283429
4701,0.032122,172.31.36.0-255,1514,264681,20,283429
4702,0.032123,172.31.36.0-255,1072,265753,20,283429
4703,0.033587,104.244.42.0-255,66,265819,20,283429
4704,0.033598,74.125.130.0-255,5738,271557,20,283429
4705,0.033603,172.31.36.0-255,66,271623,20,283429
4706,0.03365,104.244.42.0-255,66,271689,20,283429
4707,0.033705,104.244.42.0-255,66,271755,20,283429
4708,0.033709,104.244.42.0-255,66,271821,20,283429
4709,0.035871,74.125.130.0-255,5738,277559,20,283429
4710,0.035876,172.31.36.0-255,66,277625,20,283429
4711,0.038144,74.125.130.0-255,5738,283363,20,283429
4712,0.038149,172.31.36.0-255,66,283429,20,283429
4713,0.0,172.217.194.0-255,143,143,20,297372
4714,1.9e-05,172.217.194.0-255,1484,1627,20,297372
4715,2.8e-05,172.31.36.0-255,66,1693,20,297372
4716,3.7e-05,172.217.194.0-255,2902,4595,20,297372
4717,4e-05,172.31.36.0-255,66,4661,20,297372
4718,4.7e-05,172.217.194.0-255,4320,8981,20,297372
4719,5e-05,172.31.36.0-255,66,9047,20,297372
4720,8.8e-05,172.217.194.0-255,4829,13876,20,297372
4721,9.1e-05,172.31.36.0-255,66,13942,20,297372
4722,0.000125,172.217.194.0-255,1484,15426,20,297372
4723,0.000142,172.217.194.0-255,2902,18328,20,297372
4724,0.000144,172.31.36.0-255,66,18394,20,297372
4725,0.000173,172.217.194.0-255,2902,21296,20,297372
4726,0.000176,172.31.36.0-255,66,21362,20,297372
4727,0.000194,172.217.194.0-255,2902,24264,20,297372
4728,0.000196,172.31.36.0-255,66,24330,20,297372
4729,0.000202,172.217.194.0-255,4320,28650,20,297372
4730,0.000205,172.31.36.0-255,66,28716,20,297372
4731,0.000209,172.217.194.0-255,1484,30200,20,297372
4732,0.000225,172.217.194.0-255,1125,31325,20,297372
4733,0.000228,172.31.36.0-255,66,31391,20,297372
4734,0.000348,172.217.194.0-255,1484,32875,20,297372
4735,0.000354,172.217.194.0-255,2902,35777,20,297372
4736,0.000358,172.31.36.0-255,66,35843,20,297372
4737,0.000364,172.217.194.0-255,4320,40163,20,297372
4738,0.000367,172.31.36.0-255,66,40229,20,297372
4739,0.000392,172.217.194.0-255,1484,41713,20,297372
4740,0.0004,172.217.194.0-255,6797,48510,20,297372
4741,0.000402,172.31.36.0-255,66,48576,20,297372
4742,0.000425,172.217.194.0-255,7156,55732,20,297372
4743,0.000427,172.31.36.0-255,66,55798,20,297372
4744,0.000451,172.217.194.0-255,7156,62954,20,297372
4745,0.000454,172.31.36.0-255,66,63020,20,297372
4746,0.000459,172.217.194.0-255,2543,65563,20,297372
4747,0.000461,172.31.36.0-255,66,65629,20,297372
4748,0.000481,172.217.194.0-255,374,66003,20,297372
4749,0.000553,172.217.194.0-255,102,66105,20,297372
4750,0.000876,172.217.194.0-255,363,66468,20,297372
4751,0.001082,172.217.194.0-255,1484,67952,20,297372
4752,0.001094,172.31.36.0-255,66,68018,20,297372
4753,0.0011,172.217.194.0-255,2902,70920,20,297372
4754,0.001104,172.31.36.0-255,66,70986,20,297372
4755,0.001114,172.217.194.0-255,2902,73888,20,297372
4756,0.001116,172.31.36.0-255,66,73954,20,297372
4757,0.001136,172.217.194.0-255,2902,76856,20,297372
4758,0.001138,172.31.36.0-255,66,76922,20,297372
4759,0.001145,172.217.194.0-255,5738,82660,20,297372
4760,0.001147,172.31.36.0-255,66,82726,20,297372
4761,0.001178,172.217.194.0-255,7156,89882,20,297372
4762,0.001181,172.31.36.0-255,66,89948,20,297372
4763,0.001193,172.31.36.0-255,66,90014,20,297372
4764,0.001483,172.217.194.0-255,1484,91498,20,297372
4765,0.001489,172.217.194.0-255,2902,94400,20,297372
4766,0.001492,172.31.36.0-255,66,94466,20,297372
4767,0.001521,172.217.194.0-255,4320,98786,20,297372
4768,0.001523,172.31.36.0-255,66,98852,20,297372
4769,0.001528,172.217.194.0-255,2902,101754,20,297372
4770,0.00153,172.31.36.0-255,66,101820,20,297372
4771,0.001543,172.217.194.0-255,2902,104722,20,297372
4772,0.001545,172.31.36.0-255,66,104788,20,297372
4773,0.001565,172.217.194.0-255,1484,106272,20,297372
4774,0.001602,172.31.36.0-255,66,106338,20,297372
4775,0.001611,172.217.194.0-255,7156,113494,20,297372
4776,0.001614,172.31.36.0-255,66,113560,20,297372
4777,0.001617,172.217.194.0-255,766,114326,20,297372
4778,0.001648,172.217.194.0-255,1484,115810,20,297372
4779,0.001651,172.31.36.0-255,66,115876,20,297372
4780,0.001671,172.217.194.0-255,4320,120196,20,297372
4781,0.001674,172.31.36.0-255,66,120262,20,297372
4782,0.001677,172.217.194.0-255,1484,121746,20,297372
4783,0.001689,172.217.194.0-255,1484,123230,20,297372
4784,0.001692,172.31.36.0-255,66,123296,20,297372
4785,0.001721,172.217.194.0-255,5738,129034,20,297372
4786,0.001724,172.31.36.0-255,66,129100,20,297372
4787,0.001743,172.217.194.0-255,2902,132002,20,297372
4788,0.001745,172.31.36.0-255,66,132068,20,297372
4789,0.001777,172.31.36.0-255,66,132134,20,297372
4790,0.001809,172.217.194.0-255,3602,135736,20,297372
4791,0.001812,172.31.36.0-255,66,135802,20,297372
4792,0.00245,172.217.194.0-255,1484,137286,20,297372
4793,0.002461,172.217.194.0-255,2902,140188,20,297372
4794,0.002465,172.31.36.0-255,66,140254,20,297372
4795,0.002471,172.217.194.0-255,2902,143156,20,297372
4796,0.002473,172.31.36.0-255,66,143222,20,297372
4797,0.00249,172.217.194.0-255,2902,146124,20,297372
4798,0.002492,172.31.36.0-255,66,146190,20,297372
4799,0.002498,172.217.194.0-255,4320,150510,20,297372
4800,0.002499,172.31.36.0-255,66,150576,20,297372
4801,0.002505,172.217.194.0-255,2902,153478,20,297372
4802,0.002506,172.31.36.0-255,66,153544,20,297372
4803,0.002527,172.217.194.0-255,2902,156446,20,297372
4804,0.00253,172.31.36.0-255,66,156512,20,297372
4805,0.002537,172.217.194.0-255,5738,162250,20,297372
4806,0.002539,172.31.36.0-255,66,162316,20,297372
4807,0.002561,172.217.194.0-255,5738,168054,20,297372
4808,0.002564,172.31.36.0-255,66,168120,20,297372
4809,0.002569,172.217.194.0-255,2184,170304,20,297372
4810,0.00257,172.31.36.0-255,66,170370,20,297372
4811,0.002654,172.217.194.0-255,1484,171854,20,297372
4812,0.002671,172.217.194.0-255,2902,174756,20,297372
4813,0.002674,172.31.36.0-255,66,174822,20,297372
4814,0.002678,172.217.194.0-255,1484,176306,20,297372
4815,0.002699,172.217.194.0-255,4320,180626,20,297372
4816,0.002702,172.31.36.0-255,66,180692,20,297372
4817,0.002709,172.217.194.0-255,5738,186430,20,297372
4818,0.002711,172.31.36.0-255,66,186496,20,297372
4819,0.002717,172.217.194.0-255,4320,190816,20,297372
4820,0.002719,172.31.36.0-255,66,190882,20,297372
4821,0.002754,172.31.36.0-255,66,190948,20,297372
4822,0.00276,172.217.194.0-255,5020,195968,20,297372
4823,0.002762,172.31.36.0-255,66,196034,20,297372
4824,0.002872,172.217.194.0-255,1484,197518,20,297372
4825,0.002879,172.217.194.0-255,2902,200420,20,297372
4826,0.002883,172.31.36.0-255,66,200486,20,297372
4827,0.00289,172.217.194.0-255,5738,206224,20,297372
4828,0.002893,172.31.36.0-255,66,206290,20,297372
4829,0.002897,172.217.194.0-255,2902,209192,20,297372
4830,0.002904,172.31.36.0-255,66,209258,20,297372
4831,0.002927,172.217.194.0-255,2902,212160,20,297372
4832,0.00293,172.31.36.0-255,66,212226,20,297372
4833,0.002942,172.31.36.0-255,66,212292,20,297372
4834,0.002971,172.217.194.0-255,4320,216612,20,297372
4835,0.002974,172.31.36.0-255,66,216678,20,297372
4836,0.00298,172.217.194.0-255,5020,221698,20,297372
4837,0.002982,172.31.36.0-255,66,221764,20,297372
4838,0.002999,172.217.194.0-255,1484,223248,20,297372
4839,0.003013,172.217.194.0-255,2902,226150,20,297372
4840,0.003015,172.31.36.0-255,66,226216,20,297372
4841,0.003019,172.217.194.0-255,1484,227700,20,297372
4842,0.003037,172.217.194.0-255,4320,232020,20,297372
4843,0.00304,172.31.36.0-255,66,232086,20,297372
4844,0.003043,172.217.194.0-255,1484,233570,20,297372
4845,0.003047,172.217.194.0-255,1484,235054,20,297372
4846,0.003049,172.31.36.0-255,66,235120,20,297372
4847,0.003063,172.217.194.0-255,2902,238022,20,297372
4848,0.003067,172.31.36.0-255,66,238088,20,297372
4849,0.003074,172.217.194.0-255,7156,245244,20,297372
4850,0.003076,172.31.36.0-255,66,245310,20,297372
4851,0.003093,172.217.194.0-255,2902,248212,20,297372
4852,0.003096,172.31.36.0-255,66,248278,20,297372
4853,0.003117,172.217.194.0-255,2902,251180,20,297372
4854,0.00312,172.31.36.0-255,66,251246,20,297372
4855,0.003127,172.217.194.0-255,4320,255566,20,297372
4856,0.003129,172.31.36.0-255,66,255632,20,297372
4857,0.003141,172.217.194.0-255,2184,257816,20,297372
4858,0.003144,172.31.36.0-255,66,257882,20,297372
4859,0.003171,172.217.194.0-255,5738,263620,20,297372
4860,0.003174,172.31.36.0-255,66,263686,20,297372
4861,0.003194,172.217.194.0-255,5738,269424,20,297372
4862,0.003197,172.31.36.0-255,66,269490,20,297372
4863,0.003222,172.31.36.0-255,66,269556,20,297372
4864,0.003234,172.31.36.0-255,66,269622,20,297372
4865,0.003262,172.217.194.0-255,4320,273942,20,297372
4866,0.003265,172.31.36.0-255,66,274008,20,297372
4867,0.003286,172.217.194.0-255,5738,279746,20,297372
4868,0.003289,172.31.36.0-255,66,279812,20,297372
4869,0.003315,172.31.36.0-255,66,279878,20,297372
4870,0.003342,172.217.194.0-255,4320,284198,20,297372
4871,0.003344,172.31.36.0-255,66,284264,20,297372
4872,0.003376,172.31.36.0-255,66,284330,20,297372
4873,0.003429,172.31.36.0-255,66,284396,20,297372
4874,0.003445,172.217.194.0-255,2902,287298,20,297372
4875,0.003448,172.31.36.0-255,66,287364,20,297372
4876,0.003459,172.31.36.0-255,66,287430,20,297372
4877,0.003471,172.31.36.0-255,66,287496,20,297372
4878,0.003474,172.217.194.0-255,97,287593,20,297372
4879,0.003477,172.217.194.0-255,105,287698,20,297372
4880,0.009182,172.31.36.0-255,66,287764,20,297372
4881,0.00922,172.31.36.0-255,105,287869,20,297372
4882,0.011794,172.217.194.0-255,66,287935,20,297372
4883,0.02953,172.31.36.0-255,172,288107,20,297372
4884,0.029564,172.31.36.0-255,1110,289217,20,297372
4885,0.029629,172.31.36.0-255,1514,290731,20,297372
4886,0.029631,172.31.36.0-255,1514,292245,20,297372
4887,0.029637,172.31.36.0-255,1514,293759,20,297372
4888,0.029638,172.31.36.0-255,1514,295273,20,297372
4889,0.029659,172.31.36.0-255,1376,296649,20,297372
4890,0.031085,104.244.42.0-255,66,296715,20,297372
4891,0.031115,104.244.42.0-255,66,296781,20,297372
4892,0.031222,104.244.42.0-255,66,296847,20,297372
4893,0.031235,104.244.42.0-255,66,296913,20,297372
4894,0.031455,172.31.36.0-255,105,297018,20,297372
4895,0.031789,172.31.36.0-255,90,297108,20,297372
4896,0.031797,172.31.36.0-255,66,297174,20,297372
4897,0.034329,172.217.194.0-255,66,297240,20,297372
4898,0.034353,172.217.194.0-255,66,297306,20,297372
4899,0.034371,172.31.36.0-255,66,297372,20,297372
4900,0.0,74.125.68.0-255,152,152,20,239217
4901,3e-05,74.125.68.0-255,1484,1636,20,239217
4902,3.7e-05,172.31.36.0-255,66,1702,20,239217
4903,4.4e-05,74.125.68.0-255,2902,4604,20,239217
4904,4.9e-05,172.31.36.0-255,66,4670,20,239217
4905,6.6e-05,74.125.68.0-255,2902,7572,20,239217
4906,6.9e-05,172.31.36.0-255,66,7638,20,239217
4907,9.1e-05,74.125.68.0-255,4320,11958,20,239217
4908,9.4e-05,172.31.36.0-255,66,12024,20,239217
4909,0.000132,172.31.36.0-255,66,12090,20,239217
4910,0.00021,74.125.68.0-255,5738,17828,20,239217
4911,0.000215,172.31.36.0-255,66,17894,20,239217
4912,0.000232,74.125.68.0-255,2902,20796,20,239217
4913,0.000234,172.31.36.0-255,66,20862,20,239217
4914,0.000292,74.125.68.0-255,2543,23405,20,239217
4915,0.000296,172.31.36.0-255,66,23471,20,239217
4916,0.000314,74.125.68.0-255,2902,26373,20,239217
4917,0.000316,172.31.36.0-255,66,26439,20,239217
4918,0.000329,74.125.68.0-255,2902,29341,20,239217
4919,0.000332,172.31.36.0-255,66,29407,20,239217
4920,0.000378,74.125.68.0-255,7156,36563,20,239217
4921,0.000382,172.31.36.0-255,66,36629,20,239217
4922,0.000397,74.125.68.0-255,2902,39531,20,239217
4923,0.000399,172.31.36.0-255,66,39597,20,239217
4924,0.000472,74.125.68.0-255,5379,44976,20,239217
4925,0.000475,172.31.36.0-255,66,45042,20,239217
4926,0.000533,74.125.68.0-255,5738,50780,20,239217
4927,0.000537,172.31.36.0-255,66,50846,20,239217
4928,0.000561,74.125.68.0-255,7074,57920,20,239217
4929,0.000564,172.31.36.0-255,66,57986,20,239217
4930,0.000639,74.125.68.0-255,128,58114,20,239217
4931,0.00067,74.125.68.0-255,4320,62434,20,239217
4932,0.000674,172.31.36.0-255,66,62500,20,239217
4933,0.00071,172.31.36.0-255,66,62566,20,239217
4934,0.000882,172.31.36.0-255,66,62632,20,239217
4935,0.000902,74.125.68.0-255,5379,68011,20,239217
4936,0.000907,172.31.36.0-255,66,68077,20,239217
4937,0.001021,172.31.36.0-255,66,68143,20,239217
4938,0.00117,74.125.68.0-255,5738,73881,20,239217
4939,0.001174,172.31.36.0-255,66,73947,20,239217
4940,0.001205,172.31.36.0-255,66,74013,20,239217
4941,0.001316,74.125.68.0-255,3602,77615,20,239217
4942,0.00132,172.31.36.0-255,66,77681,20,239217
4943,0.001343,74.125.68.0-255,1484,79165,20,239217
4944,0.001405,172.31.36.0-255,66,79231,20,239217
4945,0.001426,74.125.68.0-255,2902,82133,20,239217
4946,0.001428,172.31.36.0-255,66,82199,20,239217
4947,0.001585,172.31.36.0-255,66,82265,20,239217
4948,0.001598,74.125.68.0-255,2184,84449,20,239217
4949,0.001602,172.31.36.0-255,66,84515,20,239217
4950,0.001747,172.31.36.0-255,66,84581,20,239217
4951,0.001788,172.31.36.0-255,66,84647,20,239217
4952,0.002048,172.31.36.0-255,66,84713,20,239217
4953,0.00209,172.31.36.0-255,66,84779,20,239217
4954,0.002334,74.125.68.0-255,5020,89799,20,239217
4955,0.002338,172.31.36.0-255,66,89865,20,239217
4956,0.003482,74.125.68.0-255,1484,91349,20,239217
4957,0.003512,74.125.68.0-255,2902,94251,20,239217
4958,0.003517,172.31.36.0-255,66,94317,20,239217
4959,0.003539,74.125.68.0-255,4320,98637,20,239217
4960,0.003541,172.31.36.0-255,66,98703,20,239217
4961,0.003558,74.125.68.0-255,2902,101605,20,239217
4962,0.00356,172.31.36.0-255,66,101671,20,239217
4963,0.003593,74.125.68.0-255,4320,105991,20,239217
4964,0.003595,172.31.36.0-255,66,106057,20,239217
4965,0.003648,74.125.68.0-255,5738,111795,20,239217
4966,0.003651,172.31.36.0-255,66,111861,20,239217
4967,0.003656,74.125.68.0-255,2902,114763,20,239217
4968,0.003658,172.31.36.0-255,66,114829,20,239217
4969,0.00368,74.125.68.0-255,1484,116313,20,239217
4970,0.003685,74.125.68.0-255,2902,119215,20,239217
4971,0.003687,172.31.36.0-255,66,119281,20,239217
4972,0.00374,74.125.68.0-255,5020,124301,20,239217
4973,0.003742,172.31.36.0-255,66,124367,20,239217
4974,0.003768,74.125.68.0-255,5738,130105,20,239217
4975,0.00377,172.31.36.0-255,66,130171,20,239217
4976,0.003798,74.125.68.0-255,2902,133073,20,239217
4977,0.0038,172.31.36.0-255,66,133139,20,239217
4978,0.00382,74.125.68.0-255,4320,137459,20,239217
4979,0.003822,172.31.36.0-255,66,137525,20,239217
4980,0.003861,74.125.68.0-255,7156,144681,20,239217
4981,0.003864,172.31.36.0-255,66,144747,20,239217
4982,0.003912,74.125.68.0-255,2902,147649,20,239217
4983,0.003915,172.31.36.0-255,66,147715,20,239217
4984,0.003935,74.125.68.0-255,5738,153453,20,239217
4985,0.003938,172.31.36.0-255,66,153519,20,239217
4986,0.003988,74.125.68.0-255,4320,157839,20,239217
4987,0.00399,172.31.36.0-255,66,157905,20,239217
4988,0.004006,74.125.68.0-255,766,158671,20,239217
4989,0.004023,74.125.68.0-255,1484,160155,20,239217
4990,0.004025,172.31.36.0-255,66,160221,20,239217
4991,0.004028,74.125.68.0-255,1484,161705,20,239217
4992,0.004053,74.125.68.0-255,1484,163189,20,239217
4993,0.004055,172.31.36.0-255,66,163255,20,239217
4994,0.004077,74.125.68.0-255,4320,167575,20,239217
4995,0.004079,172.31.36.0-255,66,167641,20,239217
4996,0.004095,74.125.68.0-255,5738,173379,20,239217
4997,0.004097,172.31.36.0-255,66,173445,20,239217
4998,0.004114,74.125.68.0-255,4320,177765,20,239217
4999,0.004116,172.31.36.0-255,66,177831,20,239217
5000,0.004173,74.125.68.0-255,4320,182151,20,239217
5001,0.004175,172.31.36.0-255,66,182217,20,239217
5002,0.004217,74.125.68.0-255,4320,186537,20,239217
5003,0.004219,172.31.36.0-255,66,186603,20,239217
5004,0.00424,74.125.68.0-255,6438,193041,20,239217
5005,0.004242,172.31.36.0-255,66,193107,20,239217
5006,0.004296,74.125.68.0-255,1484,194591,20,239217
5007,0.004311,74.125.68.0-255,2902,197493,20,239217
5008,0.004313,172.31.36.0-255,66,197559,20,239217
5009,0.004343,74.125.68.0-255,5738,203297,20,239217
5010,0.004345,172.31.36.0-255,66,203363,20,239217
5011,0.004383,74.125.68.0-255,7156,210519,20,239217
5012,0.004386,172.31.36.0-255,66,210585,20,239217
5013,0.004445,74.125.68.0-255,2902,213487,20,239217
5014,0.004447,172.31.36.0-255,66,213553,20,239217
5015,0.004466,74.125.68.0-255,2902,216455,20,239217
5016,0.00448,172.31.36.0-255,66,216521,20,239217
5017,0.004488,74.125.68.0-255,5738,222259,20,239217
5018,0.004491,172.31.36.0-255,66,222325,20,239217
5019,0.004536,74.125.68.0-255,4320,226645,20,239217
5020,0.004539,172.31.36.0-255,66,226711,20,239217
5021,0.004559,74.125.68.0-255,2184,228895,20,239217
5022,0.004562,172.31.36.0-255,66,228961,20,239217
5023,0.004589,74.125.68.0-255,2902,231863,20,239217
5024,0.004592,172.31.36.0-255,66,231929,20,239217
5025,0.004621,172.31.36.0-255,66,231995,20,239217
5026,0.00475,74.125.68.0-255,4320,236315,20,239217
5027,0.004753,172.31.36.0-255,66,236381,20,239217
5028,0.00478,172.31.36.0-255,66,236447,20,239217
5029,0.00485,74.125.68.0-255,2428,238875,20,239217
5030,0.004852,172.31.36.0-255,66,238941,20,239217
5031,0.004856,74.125.68.0-255,105,239046,20,239217
5032,0.011008,172.31.36.0-255,105,239151,20,239217
5033,0.013217,74.125.68.0-255,66,239217,20,239217
5034,0.0,172.253.118.0-255,150,150,20,204958
5035,2.5e-05,172.31.36.0-255,66,216,20,204958
5036,3.3e-05,172.253.118.0-255,1484,1700,20,204958
5037,3.7e-05,172.31.36.0-255,66,1766,20,204958
5038,4.3e-05,172.253.118.0-255,2902,4668,20,204958
5039,5.5e-05,172.31.36.0-255,66,4734,20,204958
5040,6.3e-05,172.253.118.0-255,7156,11890,20,204958
5041,6.7e-05,172.31.36.0-255,66,11956,20,204958
5042,7.1e-05,172.253.118.0-255,2056,14012,20,204958
5043,7.4e-05,172.31.36.0-255,66,14078,20,204958
5044,0.000209,172.253.118.0-255,1484,15562,20,204958
5045,0.000214,172.31.36.0-255,66,15628,20,204958
5046,0.00022,172.253.118.0-255,2902,18530,20,204958
5047,0.000223,172.31.36.0-255,66,18596,20,204958
5048,0.000226,172.253.118.0-255,1484,20080,20,204958
5049,0.000227,172.31.36.0-255,66,20146,20,204958
5050,0.000259,172.253.118.0-255,4320,24466,20,204958
5051,0.000262,172.31.36.0-255,66,24532,20,204958
5052,0.000267,172.253.118.0-255,4320,28852,20,204958
5053,0.00027,172.31.36.0-255,66,28918,20,204958
5054,0.000297,172.253.118.0-255,2543,31461,20,204958
5055,0.0003,172.31.36.0-255,66,31527,20,204958
5056,0.000413,172.253.118.0-255,1484,33011,20,204958
5057,0.000418,172.31.36.0-255,66,33077,20,204958
5058,0.000424,172.253.118.0-255,2902,35979,20,204958
5059,0.000426,172.31.36.0-255,66,36045,20,204958
5060,0.000435,172.253.118.0-255,1484,37529,20,204958
5061,0.000437,172.31.36.0-255,66,37595,20,204958
5062,0.000466,172.253.118.0-255,4320,41915,20,204958
5063,0.000469,172.31.36.0-255,66,41981,20,204958
5064,0.000474,172.253.118.0-255,4320,46301,20,204958
5065,0.000477,172.31.36.0-255,66,46367,20,204958
5066,0.0005,172.253.118.0-255,2543,48910,20,204958
5067,0.000503,172.31.36.0-255,66,48976,20,204958
5068,0.000543,172.253.118.0-255,2902,51878,20,204958
5069,0.000546,172.31.36.0-255,66,51944,20,204958
5070,0.000552,172.253.118.0-255,4320,56264,20,204958
5071,0.000555,172.31.36.0-255,66,56330,20,204958
5072,0.000595,172.31.36.0-255,66,56396,20,204958
5073,0.000598,172.253.118.0-255,1417,57813,20,204958
5074,0.000618,172.253.118.0-255,416,58229,20,204958
5075,0.000621,172.31.36.0-255,66,58295,20,204958
5076,0.000953,172.253.118.0-255,1484,59779,20,204958
5077,0.000959,172.253.118.0-255,2902,62681,20,204958
5078,0.000963,172.31.36.0-255,66,62747,20,204958
5079,0.001013,172.253.118.0-255,5738,68485,20,204958
5080,0.001029,172.31.36.0-255,66,68551,20,204958
5081,0.001032,172.31.36.0-255,66,68617,20,204958
5082,0.001048,172.253.118.0-255,2902,71519,20,204958
5083,0.001052,172.31.36.0-255,66,71585,20,204958
5084,0.001055,172.253.118.0-255,1484,73069,20,204958
5085,0.001067,172.31.36.0-255,66,73135,20,204958
5086,0.001211,172.253.118.0-255,1484,74619,20,204958
5087,0.001217,172.253.118.0-255,2902,77521,20,204958
5088,0.001221,172.31.36.0-255,66,77587,20,204958
5089,0.001229,172.253.118.0-255,5738,83325,20,204958
5090,0.001231,172.31.36.0-255,66,83391,20,204958
5091,0.001258,172.31.36.0-255,66,83457,20,204958
5092,0.001314,172.31.36.0-255,66,83523,20,204958
5093,0.001318,172.253.118.0-255,2184,85707,20,204958
5094,0.00132,172.31.36.0-255,66,85773,20,204958
5095,0.002046,172.253.118.0-255,1484,87257,20,204958
5096,0.002055,172.253.118.0-255,2902,90159,20,204958
5097,0.002058,172.31.36.0-255,66,90225,20,204958
5098,0.002066,172.253.118.0-255,5738,95963,20,204958
5099,0.002069,172.31.36.0-255,66,96029,20,204958
5100,0.004109,172.253.118.0-255,5738,101767,20,204958
5101,0.004117,172.31.36.0-255,66,101833,20,204958
5102,0.006159,172.253.118.0-255,5738,107571,20,204958
5103,0.006166,172.31.36.0-255,66,107637,20,204958
5104,0.008227,172.253.118.0-255,5738,113375,20,204958
5105,0.008234,172.31.36.0-255,66,113441,20,204958
5106,0.010291,172.253.118.0-255,5738,119179,20,204958
5107,0.010298,172.31.36.0-255,66,119245,20,204958
5108,0.012346,172.253.118.0-255,5738,124983,20,204958
5109,0.012355,172.31.36.0-255,66,125049,20,204958
5110,0.014413,172.253.118.0-255,5738,130787,20,204958
5111,0.014423,172.31.36.0-255,66,130853,20,204958
5112,0.016499,172.253.118.0-255,5738,136591,20,204958
5113,0.01651,172.31.36.0-255,66,136657,20,204958
5114,0.018558,172.253.118.0-255,5738,142395,20,204958
5115,0.018565,172.31.36.0-255,66,142461,20,204958
5116,0.020625,172.253.118.0-255,5738,148199,20,204958
5117,0.020633,172.31.36.0-255,66,148265,20,204958
5118,0.022704,172.253.118.0-255,5738,154003,20,204958
5119,0.022716,172.31.36.0-255,66,154069,20,204958
5120,0.024765,172.253.118.0-255,5738,159807,20,204958
5121,0.024775,172.31.36.0-255,66,159873,20,204958
5122,0.026829,172.253.118.0-255,5738,165611,20,204958
5123,0.026837,172.31.36.0-255,66,165677,20,204958
5124,0.028926,172.253.118.0-255,5738,171415,20,204958
5125,0.028935,172.31.36.0-255,66,171481,20,204958
5126,0.030969,172.253.118.0-255,5738,177219,20,204958
5127,0.030976,172.31.36.0-255,66,177285,20,204958
5128,0.032527,172.31.36.0-255,167,177452,20,204958
5129,0.032556,172.31.36.0-255,1107,178559,20,204958
5130,0.032615,172.31.36.0-255,1514,180073,20,204958
5131,0.032617,172.31.36.0-255,1297,181370,20,204958
5132,0.03303,172.253.118.0-255,5738,187108,20,204958
5133,0.033038,172.31.36.0-255,66,187174,20,204958
5134,0.034076,104.244.42.0-255,66,187240,20,204958
5135,0.034112,104.244.42.0-255,66,187306,20,204958
5136,0.034159,104.244.42.0-255,66,187372,20,204958
5137,0.034772,104.244.42.0-255,108,187480,20,204958
5138,0.034777,172.31.36.0-255,66,187546,20,204958
5139,0.035083,172.253.118.0-255,5738,193284,20,204958
5140,0.035087,172.31.36.0-255,66,193350,20,204958
5141,0.037183,172.253.118.0-255,5738,199088,20,204958
5142,0.037191,172.31.36.0-255,66,199154,20,204958
5143,0.03926,172.253.118.0-255,5738,204892,20,204958
5144,0.039266,172.31.36.0-255,66,204958,20,204958
5145,0.0,172.217.194.0-255,298,298,20,165403
5146,4.7e-05,172.217.194.0-255,1484,1782,20,165403
5147,5.3e-05,172.31.36.0-255,66,1848,20,165403
5148,6e-05,172.217.194.0-255,4320,6168,20,165403
5149,6.4e-05,172.31.36.0-255,66,6234,20,165403
5150,6.9e-05,172.217.194.0-255,5738,11972,20,165403
5151,7.7e-05,172.31.36.0-255,66,12038,20,165403
5152,8.4e-05,172.217.194.0-255,6050,18088,20,165403
5153,8.7e-05,172.31.36.0-255,66,18154,20,165403
5154,0.000127,172.31.36.0-255,66,18220,20,165403
5155,0.000156,172.217.194.0-255,3961,22181,20,165403
5156,0.000159,172.31.36.0-255,66,22247,20,165403
5157,0.000162,172.217.194.0-255,1484,23731,20,165403
5158,0.000166,172.217.194.0-255,2902,26633,20,165403
5159,0.000168,172.31.36.0-255,66,26699,20,165403
5160,0.000201,172.217.194.0-255,5738,32437,20,165403
5161,0.000205,172.31.36.0-255,66,32503,20,165403
5162,0.000218,172.31.36.0-255,66,32569,20,165403
5163,0.000247,172.217.194.0-255,3961,36530,20,165403
5164,0.00025,172.31.36.0-255,66,36596,20,165403
5165,0.000262,172.31.36.0-255,66,36662,20,165403
5166,0.001132,172.217.194.0-255,100,36762,20,165403
5167,0.001141,172.217.194.0-255,366,37128,20,165403
5168,0.001208,172.31.36.0-255,66,37194,20,165403
5169,0.001468,172.217.194.0-255,1484,38678,20,165403
5170,0.001478,172.217.194.0-255,2902,41580,20,165403
5171,0.001482,172.31.36.0-255,66,41646,20,165403
5172,0.00149,172.217.194.0-255,5738,47384,20,165403
5173,0.001492,172.31.36.0-255,66,47450,20,165403
5174,0.001495,172.217.194.0-255,1484,48934,20,165403
5175,0.00152,172.217.194.0-255,4320,53254,20,165403
5176,0.001523,172.31.36.0-255,66,53320,20,165403
5177,0.001528,172.217.194.0-255,2902,56222,20,165403
5178,0.00153,172.31.36.0-255,66,56288,20,165403
5179,0.001565,172.31.36.0-255,66,56354,20,165403
5180,0.001571,172.217.194.0-255,5020,61374,20,165403
5181,0.001574,172.31.36.0-255,66,61440,20,165403
5182,0.002265,172.217.194.0-255,1484,62924,20,165403
5183,0.002273,172.217.194.0-255,2902,65826,20,165403
5184,0.002277,172.31.36.0-255,66,65892,20,165403
5185,0.002281,172.217.194.0-255,1484,67376,20,165403
5186,0.002309,172.217.194.0-255,4320,71696,20,165403
5187,0.002312,172.31.36.0-255,66,71762,20,165403
5188,0.002317,172.217.194.0-255,4320,76082,20,165403
5189,0.002319,172.31.36.0-255,66,76148,20,165403
5190,0.002357,172.217.194.0-255,1484,77632,20,165403
5191,0.002361,172.31.36.0-255,66,77698,20,165403
5192,0.002375,172.217.194.0-255,7156,84854,20,165403
5193,0.002377,172.31.36.0-255,66,84920,20,165403
5194,0.002403,172.217.194.0-255,2184,87104,20,165403
5195,0.002406,172.31.36.0-255,66,87170,20,165403
5196,0.002408,172.217.194.0-255,1484,88654,20,165403
5197,0.002432,172.217.194.0-255,2902,91556,20,165403
5198,0.002434,172.31.36.0-255,66,91622,20,165403
5199,0.00244,172.217.194.0-255,5738,97360,20,165403
5200,0.002442,172.31.36.0-255,66,97426,20,165403
5201,0.002477,172.31.36.0-255,66,97492,20,165403
5202,0.002487,172.31.36.0-255,66,97558,20,165403
5203,0.002514,172.217.194.0-255,2184,99742,20,165403
5204,0.002517,172.31.36.0-255,66,99808,20,165403
5205,0.00252,172.217.194.0-255,1484,101292,20,165403
5206,0.002592,172.31.36.0-255,66,101358,20,165403
5207,0.002626,172.31.36.0-255,66,101424,20,165403
5208,0.002635,172.31.36.0-255,66,101490,20,165403
5209,0.002644,172.31.36.0-255,66,101556,20,165403
5210,0.002647,172.217.194.0-255,1484,103040,20,165403
5211,0.002652,172.217.194.0-255,2902,105942,20,165403
5212,0.002656,172.31.36.0-255,66,106008,20,165403
5213,0.002691,172.31.36.0-255,66,106074,20,165403
5214,0.002696,172.217.194.0-255,4320,110394,20,165403
5215,0.002698,172.31.36.0-255,66,110460,20,165403
5216,0.002748,172.31.36.0-255,66,110526,20,165403
5217,0.002751,172.217.194.0-255,1484,112010,20,165403
5218,0.002755,172.217.194.0-255,2902,114912,20,165403
5219,0.002757,172.31.36.0-255,66,114978,20,165403
5220,0.002763,172.217.194.0-255,5738,120716,20,165403
5221,0.002765,172.31.36.0-255,66,120782,20,165403
5222,0.002769,172.217.194.0-255,2902,123684,20,165403
5223,0.002771,172.31.36.0-255,66,123750,20,165403
5224,0.002818,172.31.36.0-255,66,123816,20,165403
5225,0.002823,172.217.194.0-255,4320,128136,20,165403
5226,0.002825,172.31.36.0-255,66,128202,20,165403
5227,0.002828,172.217.194.0-255,1484,129686,20,165403
5228,0.002832,172.217.194.0-255,2902,132588,20,165403
5229,0.002833,172.31.36.0-255,66,132654,20,165403
5230,0.002876,172.31.36.0-255,66,132720,20,165403
5231,0.002886,172.31.36.0-255,66,132786,20,165403
5232,0.002911,172.217.194.0-255,2902,135688,20,165403
5233,0.002914,172.31.36.0-255,66,135754,20,165403
5234,0.002926,172.31.36.0-255,66,135820,20,165403
5235,0.002928,172.217.194.0-255,1484,137304,20,165403
5236,0.002975,172.217.194.0-255,5738,143042,20,165403
5237,0.002994,172.217.194.0-255,766,143808,20,165403
5238,0.002999,172.217.194.0-255,4320,148128,20,165403
5239,0.003022,172.31.36.0-255,66,148194,20,165403
5240,0.003044,172.217.194.0-255,5020,153214,20,165403
5241,0.003078,172.217.194.0-255,1484,154698,20,165403
5242,0.003085,172.31.36.0-255,66,154764,20,165403
5243,0.003146,172.217.194.0-255,6130,160894,20,165403
5244,0.003149,172.217.194.0-255,105,160999,20,165403
5245,0.003159,172.31.36.0-255,66,161065,20,165403
5246,0.00568,172.31.36.0-255,105,161170,20,165403
5247,0.008323,172.217.194.0-255,66,161236,20,165403
5248,0.025013,172.31.36.0-255,171,161407,20,165403
5249,0.025055,172.31.36.0-255,1134,162541,20,165403
5250,0.025133,172.31.36.0-255,1514,164055,20,165403
5251,0.025136,172.31.36.0-255,1150,165205,20,165403
5252,0.026693,104.244.42.0-255,66,165271,20,165403
5253,0.0267,104.244.42.0-255,66,165337,20,165403
5254,0.026781,104.244.42.0-255,66,165403,20,165403
5255,0.0,172.217.194.0-255,153,153,20,236795
5256,1.6e-05,172.31.36.0-255,66,219,20,236795
5257,2.3e-05,172.217.194.0-255,1484,1703,20,236795
5258,2.8e-05,172.31.36.0-255,66,1769,20,236795
5259,3.4e-05,172.217.194.0-255,2902,4671,20,236795
5260,3.8e-05,172.31.36.0-255,66,4737,20,236795
5261,4.5e-05,172.217.194.0-255,7156,11893,20,236795
5262,4.9e-05,172.31.36.0-255,66,11959,20,236795
5263,5.3e-05,172.217.194.0-255,2048,14007,20,236795
5264,5.5e-05,172.31.36.0-255,66,14073,20,236795
5265,0.000107,172.217.194.0-255,1484,15557,20,236795
5266,0.00011,172.31.36.0-255,66,15623,20,236795
5267,0.000115,172.217.194.0-255,2902,18525,20,236795
5268,0.000118,172.31.36.0-255,66,18591,20,236795
5269,0.000141,172.217.194.0-255,5738,24329,20,236795
5270,0.000144,172.31.36.0-255,66,24395,20,236795
5271,0.000162,172.217.194.0-255,6797,31192,20,236795
5272,0.000164,172.31.36.0-255,66,31258,20,236795
5273,0.000199,172.217.194.0-255,1484,32742,20,236795
5274,0.000203,172.217.194.0-255,2902,35644,20,236795
5275,0.000207,172.31.36.0-255,66,35710,20,236795
5276,0.000215,172.31.36.0-255,66,35776,20,236795
5277,0.000221,172.217.194.0-255,4320,40096,20,236795
5278,0.000223,172.31.36.0-255,66,40162,20,236795
5279,0.000241,172.217.194.0-255,1484,41646,20,236795
5280,0.000243,172.31.36.0-255,66,41712,20,236795
5281,0.000247,172.217.194.0-255,1484,43196,20,236795
5282,0.000249,172.31.36.0-255,66,43262,20,236795
5283,0.000272,172.217.194.0-255,5379,48641,20,236795
5284,0.000274,172.31.36.0-255,66,48707,20,236795
5285,0.000305,172.217.194.0-255,7156,55863,20,236795
5286,0.000308,172.31.36.0-255,66,55929,20,236795
5287,0.000383,172.217.194.0-255,119,56048,20,236795
5288,0.000399,172.217.194.0-255,379,56427,20,236795
5289,0.0005,172.31.36.0-255,66,56493,20,236795
5290,0.000685,172.217.194.0-255,1484,57977,20,236795
5291,0.00069,172.217.194.0-255,1484,59461,20,236795
5292,0.000704,172.217.194.0-255,1484,60945,20,236795
5293,0.000711,172.217.194.0-255,5738,66683,20,236795
5294,0.000725,172.31.36.0-255,66,66749,20,236795
5295,0.000738,172.217.194.0-255,2902,69651,20,236795
5296,0.000782,172.31.36.0-255,66,69717,20,236795
5297,0.001133,172.217.194.0-255,1484,71201,20,236795
5298,0.001155,172.217.194.0-255,2902,74103,20,236795
5299,0.001158,172.31.36.0-255,66,74169,20,236795
5300,0.001188,172.217.194.0-255,2902,77071,20,236795
5301,0.001204,172.217.194.0-255,1484,78555,20,236795
5302,0.001211,172.217.194.0-255,5738,84293,20,236795
5303,0.001214,172.31.36.0-255,66,84359,20,236795
5304,0.001224,172.31.36.0-255,66,84425,20,236795
5305,0.001262,172.217.194.0-255,5738,90163,20,236795
5306,0.001291,172.31.36.0-255,66,90229,20,236795
5307,0.001327,172.217.194.0-255,2184,92413,20,236795
5308,0.001331,172.31.36.0-255,66,92479,20,236795
5309,0.00137,172.217.194.0-255,1484,93963,20,236795
5310,0.001393,172.217.194.0-255,2902,96865,20,236795
5311,0.001398,172.217.194.0-255,2902,99767,20,236795
5312,0.001403,172.31.36.0-255,66,99833,20,236795
5313,0.001414,172.217.194.0-255,2902,102735,20,236795
5314,0.001419,172.217.194.0-255,4320,107055,20,236795
5315,0.001423,172.31.36.0-255,66,107121,20,236795
5316,0.001432,172.217.194.0-255,2902,110023,20,236795
5317,0.001443,172.217.194.0-255,1484,111507,20,236795
5318,0.001473,172.217.194.0-255,2184,113691,20,236795
5319,0.001512,172.31.36.0-255,66,113757,20,236795
5320,0.001564,172.217.194.0-255,4320,118077,20,236795
5321,0.001568,172.31.36.0-255,66,118143,20,236795
5322,0.001591,172.217.194.0-255,5020,123163,20,236795
5323,0.001596,172.31.36.0-255,66,123229,20,236795
5324,0.001633,172.217.194.0-255,1484,124713,20,236795
5325,0.001667,172.217.194.0-255,2902,127615,20,236795
5326,0.001671,172.217.194.0-255,1484,129099,20,236795
5327,0.001683,172.217.194.0-255,2902,132001,20,236795
5328,0.001697,172.31.36.0-255,66,132067,20,236795
5329,0.00173,172.31.36.0-255,66,132133,20,236795
5330,0.001767,172.217.194.0-255,4320,136453,20,236795
5331,0.00177,172.31.36.0-255,66,136519,20,236795
5332,0.00178,172.217.194.0-255,2184,138703,20,236795
5333,0.001791,172.31.36.0-255,66,138769,20,236795
5334,0.001862,172.217.194.0-255,1484,140253,20,236795
5335,0.00188,172.217.194.0-255,2902,143155,20,236795
5336,0.001894,172.217.194.0-255,4320,147475,20,236795
5337,0.001908,172.217.194.0-255,1484,148959,20,236795
5338,0.001915,172.31.36.0-255,66,149025,20,236795
5339,0.001942,172.217.194.0-255,7156,156181,20,236795
5340,0.001951,172.217.194.0-255,7156,163337,20,236795
5341,0.00196,172.31.36.0-255,66,163403,20,236795
5342,0.001973,172.217.194.0-255,7156,170559,20,236795
5343,0.001988,172.31.36.0-255,66,170625,20,236795
5344,0.00207,172.217.194.0-255,4320,174945,20,236795
5345,0.002074,172.217.194.0-255,2184,177129,20,236795
5346,0.002084,172.31.36.0-255,66,177195,20,236795
5347,0.002092,172.217.194.0-255,2902,180097,20,236795
5348,0.002103,172.31.36.0-255,66,180163,20,236795
5349,0.002125,172.217.194.0-255,7156,187319,20,236795
5350,0.002134,172.217.194.0-255,7156,194475,20,236795
5351,0.002151,172.217.194.0-255,7156,201631,20,236795
5352,0.002154,172.31.36.0-255,66,201697,20,236795
5353,0.002165,172.31.36.0-255,66,201763,20,236795
5354,0.002175,172.217.194.0-255,5738,207501,20,236795
5355,0.00219,172.217.194.0-255,3602,211103,20,236795
5356,0.002196,172.217.194.0-255,4320,215423,20,236795
5357,0.002213,172.217.194.0-255,5738,221161,20,236795
5358,0.002223,172.31.36.0-255,66,221227,20,236795
5359,0.002269,172.217.194.0-255,5738,226965,20,236795
5360,0.002274,172.31.36.0-255,66,227031,20,236795
5361,0.00233,172.217.194.0-255,2093,229124,20,236795
5362,0.002347,172.217.194.0-255,105,229229,20,236795
5363,0.002361,172.31.36.0-255,66,229295,20,236795
5364,0.002932,172.31.36.0-255,101,229396,20,236795
5365,0.004646,172.31.36.0-255,105,229501,20,236795
5366,0.005174,172.217.194.0-255,66,229567,20,236795
5367,0.006902,172.217.194.0-255,66,229633,20,236795
5368,0.032787,172.31.36.0-255,172,229805,20,236795
5369,0.032822,172.31.36.0-255,1107,230912,20,236795
5370,0.032886,172.31.36.0-255,1514,232426,20,236795
5371,0.032889,172.31.36.0-255,1514,233940,20,236795
5372,0.03289,172.31.36.0-255,1514,235454,20,236795
5373,0.032891,172.31.36.0-255,1077,236531,20,236795
5374,0.03433,104.244.42.0-255,66,236597,20,236795
5375,0.034418,104.244.42.0-255,66,236663,20,236795
5376,0.034464,104.244.42.0-255,66,236729,20,236795
5377,0.034477,104.244.42.0-255,66,236795,20,236795
5378,0.0,172.217.27.0-255,226,226,20,167931
5379,1.8e-05,172.31.36.0-255,66,292,20,167931
5380,2.5e-05,172.217.27.0-255,1484,1776,20,167931
5381,3e-05,172.31.36.0-255,66,1842,20,167931
5382,4.3e-05,172.217.27.0-255,2902,4744,20,167931
5383,4.6e-05,172.31.36.0-255,66,4810,20,167931
5384,0.000121,172.217.27.0-255,5738,10548,20,167931
5385,0.000124,172.31.36.0-255,66,10614,20,167931
5386,0.000294,172.217.27.0-255,3438,14052,20,167931
5387,0.000299,172.31.36.0-255,66,14118,20,167931
5388,0.000412,172.31.36.0-255,66,14184,20,167931
5389,0.000752,172.217.27.0-255,5379,19563,20,167931
5390,0.000758,172.31.36.0-255,66,19629,20,167931
5391,0.000905,172.217.27.0-255,1484,21113,20,167931
5392,0.000911,172.31.36.0-255,66,21179,20,167931
5393,0.000941,172.217.27.0-255,2902,24081,20,167931
5394,0.000944,172.31.36.0-255,66,24147,20,167931
5395,0.001687,172.217.27.0-255,2902,27049,20,167931
5396,0.001693,172.31.36.0-255,66,27115,20,167931
5397,0.002584,172.217.27.0-255,2902,30017,20,167931
5398,0.002589,172.31.36.0-255,66,30083,20,167931
5399,0.003338,172.217.27.0-255,2902,32985,20,167931
5400,0.003342,172.31.36.0-255,66,33051,20,167931
5401,0.004239,172.217.27.0-255,2902,35953,20,167931
5402,0.004244,172.31.36.0-255,66,36019,20,167931
5403,0.005013,172.217.27.0-255,2902,38921,20,167931
5404,0.005017,172.31.36.0-255,66,38987,20,167931
5405,0.005893,172.217.27.0-255,2902,41889,20,167931
5406,0.005899,172.31.36.0-255,66,41955,20,167931
5407,0.006668,172.217.27.0-255,2902,44857,20,167931
5408,0.006676,172.31.36.0-255,66,44923,20,167931
5409,0.007547,172.217.27.0-255,2902,47825,20,167931
5410,0.007553,172.31.36.0-255,66,47891,20,167931
5411,0.008326,172.217.27.0-255,2902,50793,20,167931
5412,0.008333,172.31.36.0-255,66,50859,20,167931
5413,0.009197,172.217.27.0-255,2902,53761,20,167931
5414,0.009205,172.31.36.0-255,66,53827,20,167931
5415,0.009975,172.217.27.0-255,2902,56729,20,167931
5416,0.009983,172.31.36.0-255,66,56795,20,167931
5417,0.010852,172.217.27.0-255,2902,59697,20,167931
5418,0.010859,172.31.36.0-255,66,59763,20,167931
5419,0.011627,172.217.27.0-255,2902,62665,20,167931
5420,0.011634,172.31.36.0-255,66,62731,20,167931
5421,0.012504,172.217.27.0-255,2902,65633,20,167931
5422,0.01251,172.31.36.0-255,66,65699,20,167931
5423,0.013281,172.217.27.0-255,2902,68601,20,167931
5424,0.013289,172.31.36.0-255,66,68667,20,167931
5425,0.014168,172.217.27.0-255,2902,71569,20,167931
5426,0.014178,172.31.36.0-255,66,71635,20,167931
5427,0.014939,172.217.27.0-255,2902,74537,20,167931
5428,0.014947,172.31.36.0-255,66,74603,20,167931
5429,0.015822,172.217.27.0-255,2902,77505,20,167931
5430,0.01583,172.31.36.0-255,66,77571,20,167931
5431,0.016594,172.217.27.0-255,2902,80473,20,167931
5432,0.016602,172.31.36.0-255,66,80539,20,167931
5433,0.017481,172.217.27.0-255,2902,83441,20,167931
5434,0.017489,172.31.36.0-255,66,83507,20,167931
5435,0.018251,172.217.27.0-255,2902,86409,20,167931
5436,0.018255,172.31.36.0-255,66,86475,20,167931
5437,0.019144,172.217.27.0-255,2902,89377,20,167931
5438,0.019149,172.31.36.0-255,66,89443,20,167931
5439,0.019912,172.217.27.0-255,2902,92345,20,167931
5440,0.019918,172.31.36.0-255,66,92411,20,167931
5441,0.020793,172.217.27.0-255,2902,95313,20,167931
5442,0.0208,172.31.36.0-255,66,95379,20,167931
5443,0.021558,172.217.27.0-255,2902,98281,20,167931
5444,0.021564,172.31.36.0-255,66,98347,20,167931
5445,0.022444,172.217.27.0-255,2902,101249,20,167931
5446,0.022451,172.31.36.0-255,66,101315,20,167931
5447,0.023206,172.217.27.0-255,2902,104217,20,167931
5448,0.023213,172.31.36.0-255,66,104283,20,167931
5449,0.024109,172.217.27.0-255,2902,107185,20,167931
5450,0.024115,172.31.36.0-255,66,107251,20,167931
5451,0.024867,172.217.27.0-255,2902,110153,20,167931
5452,0.024874,172.31.36.0-255,66,110219,20,167931
5453,0.025764,172.217.27.0-255,2902,113121,20,167931
5454,0.025769,172.31.36.0-255,66,113187,20,167931
5455,0.026527,172.217.27.0-255,2902,116089,20,167931
5456,0.026534,172.31.36.0-255,66,116155,20,167931
5457,0.026858,172.31.36.0-255,172,116327,20,167931
5458,0.026889,172.31.36.0-255,1107,117434,20,167931
5459,0.026944,172.31.36.0-255,1514,118948,20,167931
5460,0.026946,172.31.36.0-255,1297,120245,20,167931
5461,0.027416,172.217.27.0-255,2902,123147,20,167931
5462,0.027422,172.31.36.0-255,66,123213,20,167931
5463,0.028182,172.217.27.0-255,2902,126115,20,167931
5464,0.028189,172.31.36.0-255,66,126181,20,167931
5465,0.028382,104.244.42.0-255,66,126247,20,167931
5466,0.028443,104.244.42.0-255,66,126313,20,167931
5467,0.028533,104.244.42.0-255,66,126379,20,167931
5468,0.029058,172.217.27.0-255,2902,129281,20,167931
5469,0.029063,172.31.36.0-255,66,129347,20,167931
5470,0.029834,172.217.27.0-255,2902,132249,20,167931
5471,0.02984,172.31.36.0-255,66,132315,20,167931
5472,0.030712,172.217.27.0-255,2902,135217,20,167931
5473,0.030719,172.31.36.0-255,66,135283,20,167931
5474,0.031488,172.217.27.0-255,2902,138185,20,167931
5475,0.031494,172.31.36.0-255,66,138251,20,167931
5476,0.032356,172.217.27.0-255,2902,141153,20,167931
5477,0.032362,172.31.36.0-255,66,141219,20,167931
5478,0.033152,172.217.27.0-255,2902,144121,20,167931
5479,0.033159,172.31.36.0-255,66,144187,20,167931
5480,0.034019,172.217.27.0-255,2902,147089,20,167931
5481,0.034025,172.31.36.0-255,66,147155,20,167931
5482,0.034813,172.217.27.0-255,2902,150057,20,167931
5483,0.03482,172.31.36.0-255,66,150123,20,167931
5484,0.035707,172.217.27.0-255,2902,153025,20,167931
5485,0.035713,172.31.36.0-255,66,153091,20,167931
5486,0.036474,172.217.27.0-255,2902,155993,20,167931
5487,0.03648,172.31.36.0-255,66,156059,20,167931
5488,0.037368,172.217.27.0-255,2902,158961,20,167931
5489,0.037374,172.31.36.0-255,66,159027,20,167931
5490,0.038134,172.217.27.0-255,2902,161929,20,167931
5491,0.03814,172.31.36.0-255,66,161995,20,167931
5492,0.039024,172.217.27.0-255,2902,164897,20,167931
5493,0.039031,172.31.36.0-255,66,164963,20,167931
5494,0.039784,172.217.27.0-255,2902,167865,20,167931
5495,0.039791,172.31.36.0-255,66,167931,20,167931
5496,0.0,74.125.68.0-255,153,153,20,300337
5497,3.2e-05,172.31.36.0-255,66,219,20,300337
5498,4e-05,74.125.68.0-255,1484,1703,20,300337
5499,4.5e-05,172.31.36.0-255,66,1769,20,300337
5500,5e-05,74.125.68.0-255,2902,4671,20,300337
5501,5.3e-05,172.31.36.0-255,66,4737,20,300337
5502,6.7e-05,74.125.68.0-255,7156,11893,20,300337
5503,7e-05,172.31.36.0-255,66,11959,20,300337
5504,7.4e-05,74.125.68.0-255,2083,14042,20,300337
5505,7.7e-05,172.31.36.0-255,66,14108,20,300337
5506,0.000116,74.125.68.0-255,1484,15592,20,300337
5507,0.000119,172.31.36.0-255,66,15658,20,300337
5508,0.000147,74.125.68.0-255,2902,18560,20,300337
5509,0.000151,172.31.36.0-255,66,18626,20,300337
5510,0.000157,74.125.68.0-255,5738,24364,20,300337
5511,0.000159,172.31.36.0-255,66,24430,20,300337
5512,0.000188,74.125.68.0-255,6797,31227,20,300337
5513,0.000196,172.31.36.0-255,66,31293,20,300337
5514,0.000269,74.125.68.0-255,1484,32777,20,300337
5515,0.000272,172.31.36.0-255,66,32843,20,300337
5516,0.000284,74.125.68.0-255,1484,34327,20,300337
5517,0.000291,172.31.36.0-255,66,34393,20,300337
5518,0.000316,74.125.68.0-255,1484,35877,20,300337
5519,0.000319,172.31.36.0-255,66,35943,20,300337
5520,0.000326,74.125.68.0-255,5738,41681,20,300337
5521,0.000328,172.31.36.0-255,66,41747,20,300337
5522,0.000339,74.125.68.0-255,2902,44649,20,300337
5523,0.000342,172.31.36.0-255,66,44715,20,300337
5524,0.000347,74.125.68.0-255,3961,48676,20,300337
5525,0.000349,172.31.36.0-255,66,48742,20,300337
5526,0.000409,172.31.36.0-255,66,48808,20,300337
5527,0.000413,74.125.68.0-255,2902,51710,20,300337
5528,0.00043,172.31.36.0-255,66,51776,20,300337
5529,0.000449,74.125.68.0-255,5723,57499,20,300337
5530,0.000453,74.125.68.0-255,344,57843,20,300337
5531,0.000461,172.31.36.0-255,66,57909,20,300337
5532,0.000697,74.125.68.0-255,1484,59393,20,300337
5533,0.000716,74.125.68.0-255,2902,62295,20,300337
5534,0.00072,172.31.36.0-255,66,62361,20,300337
5535,0.00074,74.125.68.0-255,4320,66681,20,300337
5536,0.000745,74.125.68.0-255,2902,69583,20,300337
5537,0.000749,172.31.36.0-255,66,69649,20,300337
5538,0.000757,74.125.68.0-255,2902,72551,20,300337
5539,0.000763,172.31.36.0-255,66,72617,20,300337
5540,0.000776,74.125.68.0-255,5738,78355,20,300337
5541,0.000791,172.31.36.0-255,66,78421,20,300337
5542,0.000799,74.125.68.0-255,5738,84159,20,300337
5543,0.000825,74.125.68.0-255,2902,87061,20,300337
5544,0.000826,172.31.36.0-255,66,87127,20,300337
5545,0.000829,74.125.68.0-255,2902,90029,20,300337
5546,0.000859,74.125.68.0-255,2184,92213,20,300337
5547,0.001006,74.125.68.0-255,1484,93697,20,300337
5548,0.00101,74.125.68.0-255,1484,95181,20,300337
5549,0.001025,74.125.68.0-255,1484,96665,20,300337
5550,0.001027,74.125.68.0-255,1484,98149,20,300337
5551,0.001052,74.125.68.0-255,4320,102469,20,300337
5552,0.001057,74.125.68.0-255,5738,108207,20,300337
5553,0.00107,74.125.68.0-255,1484,109691,20,300337
5554,0.001086,74.125.68.0-255,1484,111175,20,300337
5555,0.001134,74.125.68.0-255,1484,112659,20,300337
5556,0.001151,74.125.68.0-255,2184,114843,20,300337
5557,0.001735,74.125.68.0-255,1484,116327,20,300337
5558,0.001754,74.125.68.0-255,2902,119229,20,300337
5559,0.001769,74.125.68.0-255,4320,123549,20,300337
5560,0.00178,74.125.68.0-255,1484,125033,20,300337
5561,0.001783,74.125.68.0-255,1484,126517,20,300337
5562,0.001803,74.125.68.0-255,2902,129419,20,300337
5563,0.001809,74.125.68.0-255,5738,135157,20,300337
5564,0.001861,74.125.68.0-255,2902,138059,20,300337
5565,0.001864,74.125.68.0-255,2184,140243,20,300337
5566,0.001991,74.125.68.0-255,1484,141727,20,300337
5567,0.002002,74.125.68.0-255,2902,144629,20,300337
5568,0.002034,74.125.68.0-255,5738,150367,20,300337
5569,0.002059,74.125.68.0-255,7156,157523,20,300337
5570,0.002074,74.125.68.0-255,5738,163261,20,300337
5571,0.002086,74.125.68.0-255,2902,166163,20,300337
5572,0.002099,74.125.68.0-255,4320,170483,20,300337
5573,0.002117,74.125.68.0-255,3602,174085,20,300337
5574,0.002178,74.125.68.0-255,1484,175569,20,300337
5575,0.002191,74.125.68.0-255,1484,177053,20,300337
5576,0.002201,74.125.68.0-255,1484,178537,20,300337
5577,0.00221,74.125.68.0-255,1484,180021,20,300337
5578,0.002222,74.125.68.0-255,2902,182923,20,300337
5579,0.002234,74.125.68.0-255,2902,185825,20,300337
5580,0.002254,74.125.68.0-255,5738,191563,20,300337
5581,0.002259,74.125.68.0-255,5738,197301,20,300337
5582,0.002309,74.125.68.0-255,4320,201621,20,300337
5583,0.002331,74.125.68.0-255,6438,208059,20,300337
5584,0.00244,74.125.68.0-255,1484,209543,20,300337
5585,0.002461,74.125.68.0-255,2902,212445,20,300337
5586,0.002474,74.125.68.0-255,2902,215347,20,300337
5587,0.002485,74.125.68.0-255,2902,218249,20,300337
5588,0.002503,74.125.68.0-255,1484,219733,20,300337
5589,0.002572,74.125.68.0-255,2902,222635,20,300337
5590,0.002575,74.125.68.0-255,2184,224819,20,300337
5591,0.003981,172.31.36.0-255,66,224885,20,300337
5592,0.006667,74.125.68.0-255,5738,230623,20,300337
5593,0.006678,172.31.36.0-255,66,230689,20,300337
5594,0.009342,74.125.68.0-255,5738,236427,20,300337
5595,0.009351,172.31.36.0-255,66,236493,20,300337
5596,0.012025,74.125.68.0-255,5738,242231,20,300337
5597,0.012114,172.31.36.0-255,66,242297,20,300337
5598,0.014795,74.125.68.0-255,5738,248035,20,300337
5599,0.014813,172.31.36.0-255,66,248101,20,300337
5600,0.017485,74.125.68.0-255,5738,253839,20,300337
5601,0.017503,172.31.36.0-255,66,253905,20,300337
5602,0.020188,74.125.68.0-255,5738,259643,20,300337
5603,0.020203,172.31.36.0-255,66,259709,20,300337
5604,0.022868,74.125.68.0-255,5738,265447,20,300337
5605,0.022886,172.31.36.0-255,66,265513,20,300337
5606,0.025552,74.125.68.0-255,5738,271251,20,300337
5607,0.02557,172.31.36.0-255,66,271317,20,300337
5608,0.028247,74.125.68.0-255,5738,277055,20,300337
5609,0.028266,172.31.36.0-255,66,277121,20,300337
5610,0.030936,74.125.68.0-255,5738,282859,20,300337
5611,0.030953,172.31.36.0-255,66,282925,20,300337
5612,0.033606,74.125.68.0-255,5738,288663,20,300337
5613,0.033617,172.31.36.0-255,66,288729,20,300337
5614,0.03628,74.125.68.0-255,5738,294467,20,300337
5615,0.036734,172.31.36.0-255,66,294533,20,300337
5616,0.039408,74.125.68.0-255,5738,300271,20,300337
5617,0.039418,172.31.36.0-255,66,300337,20,300337
5618,0.0,74.125.130.0-255,153,153,20,219414
5619,3.4e-05,172.31.36.0-255,66,219,20,219414
5620,4.1e-05,74.125.130.0-255,1484,1703,20,219414
5621,4.7e-05,172.31.36.0-255,66,1769,20,219414
5622,4.9e-05,74.125.130.0-255,1484,3253,20,219414
5623,5.2e-05,172.31.36.0-255,66,3319,20,219414
5624,5.7e-05,74.125.130.0-255,2902,6221,20,219414
5625,6e-05,172.31.36.0-255,66,6287,20,219414
5626,9.1e-05,74.125.130.0-255,5738,12025,20,219414
5627,9.4e-05,74.125.130.0-255,2086,14111,20,219414
5628,9.6e-05,172.31.36.0-255,66,14177,20,219414
5629,9.9e-05,172.31.36.0-255,66,14243,20,219414
5630,0.000311,74.125.130.0-255,1484,15727,20,219414
5631,0.000318,172.31.36.0-255,66,15793,20,219414
5632,0.000322,74.125.130.0-255,1484,17277,20,219414
5633,0.000324,172.31.36.0-255,66,17343,20,219414
5634,0.000329,74.125.130.0-255,2902,20245,20,219414
5635,0.000331,172.31.36.0-255,66,20311,20,219414
5636,0.000337,74.125.130.0-255,5738,26049,20,219414
5637,0.000339,172.31.36.0-255,66,26115,20,219414
5638,0.000378,74.125.130.0-255,5379,31494,20,219414
5639,0.000381,172.31.36.0-255,66,31560,20,219414
5640,0.000387,74.125.130.0-255,5738,37298,20,219414
5641,0.000389,74.125.130.0-255,1484,38782,20,219414
5642,0.000392,172.31.36.0-255,66,38848,20,219414
5643,0.000395,172.31.36.0-255,66,38914,20,219414
5644,0.000403,74.125.130.0-255,1484,40398,20,219414
5645,0.000405,172.31.36.0-255,66,40464,20,219414
5646,0.00041,74.125.130.0-255,4320,44784,20,219414
5647,0.000412,172.31.36.0-255,66,44850,20,219414
5648,0.000435,74.125.130.0-255,5738,50588,20,219414
5649,0.000438,172.31.36.0-255,66,50654,20,219414
5650,0.000462,74.125.130.0-255,2902,53556,20,219414
5651,0.000464,172.31.36.0-255,66,53622,20,219414
5652,0.00047,74.125.130.0-255,4320,57942,20,219414
5653,0.000476,74.125.130.0-255,5738,63680,20,219414
5654,0.00048,172.31.36.0-255,66,63746,20,219414
5655,0.000496,74.125.130.0-255,2458,66204,20,219414
5656,0.000508,172.31.36.0-255,66,66270,20,219414
5657,0.000637,74.125.130.0-255,118,66388,20,219414
5658,0.000641,74.125.130.0-255,382,66770,20,219414
5659,0.000832,172.31.36.0-255,66,66836,20,219414
5660,0.001424,74.125.130.0-255,1484,68320,20,219414
5661,0.00143,172.31.36.0-255,66,68386,20,219414
5662,0.00144,74.125.130.0-255,2902,71288,20,219414
5663,0.001464,74.125.130.0-255,1484,72772,20,219414
5664,0.001468,74.125.130.0-255,2902,75674,20,219414
5665,0.001492,74.125.130.0-255,5738,81412,20,219414
5666,0.001513,74.125.130.0-255,4320,85732,20,219414
5667,0.001515,74.125.130.0-255,1484,87216,20,219414
5668,0.001532,74.125.130.0-255,4320,91536,20,219414
5669,0.001554,74.125.130.0-255,1484,93020,20,219414
5670,0.001574,74.125.130.0-255,5738,98758,20,219414
5671,0.001585,74.125.130.0-255,2184,100942,20,219414
5672,0.002014,74.125.130.0-255,1484,102426,20,219414
5673,0.002026,74.125.130.0-255,2902,105328,20,219414
5674,0.002051,74.125.130.0-255,5738,111066,20,219414
5675,0.002054,74.125.130.0-255,1484,112550,20,219414
5676,0.00207,74.125.130.0-255,1484,114034,20,219414
5677,0.002075,74.125.130.0-255,4320,118354,20,219414
5678,0.002092,74.125.130.0-255,2902,121256,20,219414
5679,0.002115,74.125.130.0-255,5738,126994,20,219414
5680,0.00212,74.125.130.0-255,4320,131314,20,219414
5681,0.002162,74.125.130.0-255,3602,134916,20,219414
5682,0.005055,172.31.36.0-255,66,134982,20,219414
5683,0.007464,74.125.130.0-255,5738,140720,20,219414
5684,0.00747,172.31.36.0-255,66,140786,20,219414
5685,0.009867,74.125.130.0-255,5738,146524,20,219414
5686,0.009876,172.31.36.0-255,66,146590,20,219414
5687,0.012266,74.125.130.0-255,5738,152328,20,219414
5688,0.012275,172.31.36.0-255,66,152394,20,219414
5689,0.014668,74.125.130.0-255,5738,158132,20,219414
5690,0.014678,172.31.36.0-255,66,158198,20,219414
5691,0.017075,74.125.130.0-255,5738,163936,20,219414
5692,0.017082,172.31.36.0-255,66,164002,20,219414
5693,0.019487,74.125.130.0-255,5738,169740,20,219414
5694,0.019494,172.31.36.0-255,66,169806,20,219414
5695,0.021897,74.125.130.0-255,5738,175544,20,219414
5696,0.021905,172.31.36.0-255,66,175610,20,219414
5697,0.024301,74.125.130.0-255,4320,179930,20,219414
5698,0.02431,172.31.36.0-255,66,179996,20,219414
5699,0.024328,74.125.130.0-255,1484,181480,20,219414
5700,0.026702,74.125.130.0-255,4320,185800,20,219414
5701,0.026712,172.31.36.0-255,66,185866,20,219414
5702,0.029129,74.125.130.0-255,5738,191604,20,219414
5703,0.0292,172.31.36.0-255,66,191670,20,219414
5704,0.029668,172.31.36.0-255,172,191842,20,219414
5705,0.02971,172.31.36.0-255,1111,192953,20,219414
5706,0.029782,172.31.36.0-255,1514,194467,20,219414
5707,0.029784,172.31.36.0-255,1293,195760,20,219414
5708,0.031338,104.244.42.0-255,66,195826,20,219414
5709,0.03137,104.244.42.0-255,66,195892,20,219414
5710,0.031477,104.244.42.0-255,66,195958,20,219414
5711,0.031611,74.125.130.0-255,5738,201696,20,219414
5712,0.031616,172.31.36.0-255,66,201762,20,219414
5713,0.032017,104.244.42.0-255,108,201870,20,219414
5714,0.032026,172.31.36.0-255,66,201936,20,219414
5715,0.03403,74.125.130.0-255,1484,203420,20,219414
5716,0.034054,74.125.130.0-255,4320,207740,20,219414
5717,0.034058,172.31.36.0-255,66,207806,20,219414
5718,0.036486,74.125.130.0-255,5738,213544,20,219414
5719,0.036491,172.31.36.0-255,66,213610,20,219414
5720,0.038881,74.125.130.0-255,5738,219348,20,219414
5721,0.038887,172.31.36.0-255,66,219414,20,219414
5722,0.0,172.217.194.0-255,149,149,20,192390
5723,2.2e-05,172.31.36.0-255,66,215,20,192390
5724,2.9e-05,172.217.194.0-255,1484,1699,20,192390
5725,3.2e-05,172.31.36.0-255,66,1765,20,192390
5726,3.6e-05,172.217.194.0-255,1484,3249,20,192390
5727,4.9e-05,172.31.36.0-255,66,3315,20,192390
5728,7.4e-05,172.217.194.0-255,1484,4799,20,192390
5729,7.7e-05,172.31.36.0-255,66,4865,20,192390
5730,8.6e-05,172.217.194.0-255,7156,12021,20,192390
5731,8.9e-05,172.31.36.0-255,66,12087,20,192390
5732,9.3e-05,172.217.194.0-255,2084,14171,20,192390
5733,9.6e-05,172.31.36.0-255,66,14237,20,192390
5734,0.000124,172.217.194.0-255,1484,15721,20,192390
5735,0.000126,172.31.36.0-255,66,15787,20,192390
5736,0.000131,172.217.194.0-255,2902,18689,20,192390
5737,0.000134,172.31.36.0-255,66,18755,20,192390
5738,0.00014,172.217.194.0-255,5738,24493,20,192390
5739,0.000143,172.31.36.0-255,66,24559,20,192390
5740,0.00017,172.217.194.0-255,6797,31356,20,192390
5741,0.000173,172.31.36.0-255,66,31422,20,192390
5742,0.000204,172.217.194.0-255,7156,38578,20,192390
5743,0.000207,172.31.36.0-255,66,38644,20,192390
5744,0.000236,172.31.36.0-255,66,38710,20,192390
5745,0.000265,172.217.194.0-255,1484,40194,20,192390
5746,0.000268,172.31.36.0-255,66,40260,20,192390
5747,0.000272,172.217.194.0-255,2902,43162,20,192390
5748,0.000274,172.31.36.0-255,66,43228,20,192390
5749,0.000277,172.217.194.0-255,1484,44712,20,192390
5750,0.000279,172.31.36.0-255,66,44778,20,192390
5751,0.000307,172.217.194.0-255,4320,49098,20,192390
5752,0.00031,172.31.36.0-255,66,49164,20,192390
5753,0.000314,172.217.194.0-255,1484,50648,20,192390
5754,0.00034,172.217.194.0-255,5654,56302,20,192390
5755,0.000532,172.31.36.0-255,66,56368,20,192390
5756,0.000673,172.217.194.0-255,114,56482,20,192390
5757,0.00072,172.217.194.0-255,1484,57966,20,192390
5758,0.000729,172.31.36.0-255,66,58032,20,192390
5759,0.000739,172.217.194.0-255,2902,60934,20,192390
5760,0.000758,172.31.36.0-255,66,61000,20,192390
5761,0.000766,172.217.194.0-255,5738,66738,20,192390
5762,0.000769,172.217.194.0-255,1484,68222,20,192390
5763,0.000794,172.217.194.0-255,5379,73601,20,192390
5764,0.000801,172.217.194.0-255,7156,80757,20,192390
5765,0.000822,172.31.36.0-255,66,80823,20,192390
5766,0.000835,172.217.194.0-255,5738,86561,20,192390
5767,0.00086,172.217.194.0-255,3961,90522,20,192390
5768,0.000881,172.31.36.0-255,66,90588,20,192390
5769,0.001988,172.217.194.0-255,1484,92072,20,192390
5770,0.001999,172.217.194.0-255,2902,94974,20,192390
5771,0.002004,172.31.36.0-255,66,95040,20,192390
5772,0.002012,172.217.194.0-255,5738,100778,20,192390
5773,0.002016,172.217.194.0-255,2902,103680,20,192390
5774,0.00651,172.31.36.0-255,66,103746,20,192390
5775,0.008647,172.217.194.0-255,5738,109484,20,192390
5776,0.008654,172.31.36.0-255,66,109550,20,192390
5777,0.010801,172.217.194.0-255,5738,115288,20,192390
5778,0.010919,172.31.36.0-255,66,115354,20,192390
5779,0.013135,172.217.194.0-255,5738,121092,20,192390
5780,0.013142,172.31.36.0-255,66,121158,20,192390
5781,0.015299,172.217.194.0-255,5738,126896,20,192390
5782,0.015306,172.31.36.0-255,66,126962,20,192390
5783,0.01746,172.217.194.0-255,5738,132700,20,192390
5784,0.017471,172.31.36.0-255,66,132766,20,192390
5785,0.019635,172.217.194.0-255,5738,138504,20,192390
5786,0.019644,172.31.36.0-255,66,138570,20,192390
5787,0.021787,172.217.194.0-255,5738,144308,20,192390
5788,0.021795,172.31.36.0-255,66,144374,20,192390
5789,0.023965,172.217.194.0-255,5738,150112,20,192390
5790,0.023972,172.31.36.0-255,66,150178,20,192390
5791,0.02612,172.217.194.0-255,5738,155916,20,192390
5792,0.026127,172.31.36.0-255,66,155982,20,192390
5793,0.028275,172.217.194.0-255,4320,160302,20,192390
5794,0.028283,172.31.36.0-255,66,160368,20,192390
5795,0.028311,172.217.194.0-255,1484,161852,20,192390
5796,0.030419,172.217.194.0-255,4320,166172,20,192390
5797,0.030426,172.31.36.0-255,66,166238,20,192390
5798,0.030749,172.31.36.0-255,172,166410,20,192390
5799,0.030824,172.31.36.0-255,1111,167521,20,192390
5800,0.030886,172.31.36.0-255,1514,169035,20,192390
5801,0.030888,172.31.36.0-255,1293,170328,20,192390
5802,0.032392,104.244.42.0-255,66,170394,20,192390
5803,0.032504,104.244.42.0-255,66,170460,20,192390
5804,0.032556,104.244.42.0-255,66,170526,20,192390
5805,0.03258,172.217.194.0-255,5738,176264,20,192390
5806,0.032626,172.31.36.0-255,66,176330,20,192390
5807,0.034774,172.217.194.0-255,4320,180650,20,192390
5808,0.03478,172.31.36.0-255,66,180716,20,192390
5809,0.034808,172.217.194.0-255,1484,182200,20,192390
5810,0.036925,172.217.194.0-255,4320,186520,20,192390
5811,0.036932,172.31.36.0-255,66,186586,20,192390
5812,0.039079,172.217.194.0-255,5738,192324,20,192390
5813,0.039201,172.31.36.0-255,66,192390,20,192390
5814,0.0,104.244.42.0-255,66,66,20,66
5815,0.0,74.125.200.0-255,153,153,20,340782
5816,3.7e-05,172.31.36.0-255,66,219,20,340782
5817,4.4e-05,74.125.200.0-255,1484,1703,20,340782
5818,4.8e-05,172.31.36.0-255,66,1769,20,340782
5819,5.4e-05,74.125.200.0-255,2902,4671,20,340782
5820,5.7e-05,172.31.36.0-255,66,4737,20,340782
5821,6.4e-05,74.125.200.0-255,5738,10475,20,340782
5822,6.6e-05,172.31.36.0-255,66,10541,20,340782
5823,7.3e-05,74.125.200.0-255,6303,16844,20,340782
5824,7.7e-05,172.31.36.0-255,66,16910,20,340782
5825,9.5e-05,74.125.200.0-255,7156,24066,20,340782
5826,9.7e-05,172.31.36.0-255,66,24132,20,340782
5827,0.000142,74.125.200.0-255,6797,30929,20,340782
5828,0.000146,172.31.36.0-255,66,30995,20,340782
5829,0.000217,74.125.200.0-255,1484,32479,20,340782
5830,0.000222,172.31.36.0-255,66,32545,20,340782
5831,0.000228,74.125.200.0-255,2902,35447,20,340782
5832,0.00023,172.31.36.0-255,66,35513,20,340782
5833,0.000233,74.125.200.0-255,1484,36997,20,340782
5834,0.000236,172.31.36.0-255,66,37063,20,340782
5835,0.00024,74.125.200.0-255,1484,38547,20,340782
5836,0.000242,172.31.36.0-255,66,38613,20,340782
5837,0.000266,74.125.200.0-255,1484,40097,20,340782
5838,0.000269,172.31.36.0-255,66,40163,20,340782
5839,0.000275,74.125.200.0-255,5738,45901,20,340782
5840,0.000278,172.31.36.0-255,66,45967,20,340782
5841,0.000303,74.125.200.0-255,3961,49928,20,340782
5842,0.000306,172.31.36.0-255,66,49994,20,340782
5843,0.00031,74.125.200.0-255,2902,52896,20,340782
5844,0.000313,172.31.36.0-255,66,52962,20,340782
5845,0.000334,74.125.200.0-255,1484,54446,20,340782
5846,0.000337,172.31.36.0-255,66,54512,20,340782
5847,0.00036,74.125.200.0-255,7156,61668,20,340782
5848,0.000364,172.31.36.0-255,66,61734,20,340782
5849,0.000384,74.125.200.0-255,1484,63218,20,340782
5850,0.000405,74.125.200.0-255,2816,66034,20,340782
5851,0.000408,172.31.36.0-255,66,66100,20,340782
5852,0.000438,74.125.200.0-255,131,66231,20,340782
5853,0.000626,74.125.200.0-255,1484,67715,20,340782
5854,0.000633,172.31.36.0-255,66,67781,20,340782
5855,0.00064,74.125.200.0-255,2902,70683,20,340782
5856,0.000642,172.31.36.0-255,66,70749,20,340782
5857,0.000661,74.125.200.0-255,4320,75069,20,340782
5858,0.000663,172.31.36.0-255,66,75135,20,340782
5859,0.000676,74.125.200.0-255,1484,76619,20,340782
5860,0.000699,74.125.200.0-255,7156,83775,20,340782
5861,0.000702,172.31.36.0-255,66,83841,20,340782
5862,0.000708,74.125.200.0-255,4320,88161,20,340782
5863,0.000711,172.31.36.0-255,66,88227,20,340782
5864,0.000751,74.125.200.0-255,4320,92547,20,340782
5865,0.000754,172.31.36.0-255,66,92613,20,340782
5866,0.000783,172.31.36.0-255,66,92679,20,340782
5867,0.000835,74.125.200.0-255,347,93026,20,340782
5868,0.000872,74.125.200.0-255,1484,94510,20,340782
5869,0.000876,172.31.36.0-255,66,94576,20,340782
5870,0.000883,74.125.200.0-255,4320,98896,20,340782
5871,0.000886,172.31.36.0-255,66,98962,20,340782
5872,0.000889,74.125.200.0-255,1484,100446,20,340782
5873,0.000903,74.125.200.0-255,2902,103348,20,340782
5874,0.000906,172.31.36.0-255,66,103414,20,340782
5875,0.00091,74.125.200.0-255,1484,104898,20,340782
5876,0.000922,74.125.200.0-255,4320,109218,20,340782
5877,0.000925,172.31.36.0-255,66,109284,20,340782
5878,0.000949,74.125.200.0-255,5738,115022,20,340782
5879,0.000952,172.31.36.0-255,66,115088,20,340782
5880,0.000974,74.125.200.0-255,5738,120826,20,340782
5881,0.000976,172.31.36.0-255,66,120892,20,340782
5882,0.000994,74.125.200.0-255,1484,122376,20,340782
5883,0.001014,74.125.200.0-255,5020,127396,20,340782
5884,0.001017,172.31.36.0-255,66,127462,20,340782
5885,0.001149,74.125.200.0-255,1484,128946,20,340782
5886,0.001163,74.125.200.0-255,2902,131848,20,340782
5887,0.001167,172.31.36.0-255,66,131914,20,340782
5888,0.001193,74.125.200.0-255,5738,137652,20,340782
5889,0.001197,172.31.36.0-255,66,137718,20,340782
5890,0.001205,74.125.200.0-255,7156,144874,20,340782
5891,0.001207,172.31.36.0-255,66,144940,20,340782
5892,0.00122,74.125.200.0-255,1484,146424,20,340782
5893,0.001233,172.31.36.0-255,66,146490,20,340782
5894,0.001246,74.125.200.0-255,1484,147974,20,340782
5895,0.001263,74.125.200.0-255,3602,151576,20,340782
5896,0.001267,172.31.36.0-255,66,151642,20,340782
5897,0.001355,74.125.200.0-255,1484,153126,20,340782
5898,0.001359,74.125.200.0-255,1484,154610,20,340782
5899,0.001362,172.31.36.0-255,66,154676,20,340782
5900,0.001381,74.125.200.0-255,1484,156160,20,340782
5901,0.001387,74.125.200.0-255,5738,161898,20,340782
5902,0.001392,172.31.36.0-255,66,161964,20,340782
5903,0.001416,74.125.200.0-255,5738,167702,20,340782
5904,0.00142,172.31.36.0-255,66,167768,20,340782
5905,0.001427,74.125.200.0-255,7156,174924,20,340782
5906,0.00143,172.31.36.0-255,66,174990,20,340782
5907,0.001452,74.125.200.0-255,4320,179310,20,340782
5908,0.001455,172.31.36.0-255,66,179376,20,340782
5909,0.00148,74.125.200.0-255,6438,185814,20,340782
5910,0.001483,172.31.36.0-255,66,185880,20,340782
5911,0.001497,172.31.36.0-255,66,185946,20,340782
5912,0.0015,74.125.200.0-255,1484,187430,20,340782
5913,0.001519,74.125.200.0-255,4320,191750,20,340782
5914,0.001525,74.125.200.0-255,4320,196070,20,340782
5915,0.001524,172.31.36.0-255,66,196136,20,340782
5916,0.001529,172.31.36.0-255,66,196202,20,340782
5917,0.001553,74.125.200.0-255,2902,199104,20,340782
5918,0.001556,172.31.36.0-255,66,199170,20,340782
5919,0.001563,74.125.200.0-255,7156,206326,20,340782
5920,0.001566,172.31.36.0-255,66,206392,20,340782
5921,0.001579,74.125.200.0-255,2184,208576,20,340782
5922,0.001582,172.31.36.0-255,66,208642,20,340782
5923,0.001601,74.125.200.0-255,1484,210126,20,340782
5924,0.001615,74.125.200.0-255,4320,214446,20,340782
5925,0.001618,172.31.36.0-255,66,214512,20,340782
5926,0.001631,74.125.200.0-255,1484,215996,20,340782
5927,0.00165,74.125.200.0-255,5738,221734,20,340782
5928,0.001653,172.31.36.0-255,66,221800,20,340782
5929,0.001663,74.125.200.0-255,4320,226120,20,340782
5930,0.001666,172.31.36.0-255,66,226186,20,340782
5931,0.001692,74.125.200.0-255,5738,231924,20,340782
5932,0.001696,172.31.36.0-255,66,231990,20,340782
5933,0.0017,74.125.200.0-255,1484,233474,20,340782
5934,0.00172,74.125.200.0-255,4320,237794,20,340782
5935,0.001723,172.31.36.0-255,66,237860,20,340782
5936,0.001761,74.125.200.0-255,5020,242880,20,340782
5937,0.001764,172.31.36.0-255,66,242946,20,340782
5938,0.001789,74.125.200.0-255,5738,248684,20,340782
5939,0.001792,172.31.36.0-255,66,248750,20,340782
5940,0.001814,74.125.200.0-255,4320,253070,20,340782
5941,0.001818,172.31.36.0-255,66,253136,20,340782
5942,0.001842,74.125.200.0-255,5738,258874,20,340782
5943,0.001846,172.31.36.0-255,66,258940,20,340782
5944,0.001902,74.125.200.0-255,7156,266096,20,340782
5945,0.001905,172.31.36.0-255,66,266162,20,340782
5946,0.001916,172.31.36.0-255,66,266228,20,340782
5947,0.00192,74.125.200.0-255,2184,268412,20,340782
5948,0.001923,172.31.36.0-255,66,268478,20,340782
5949,0.00194,74.125.200.0-255,2902,271380,20,340782
5950,0.001944,172.31.36.0-255,66,271446,20,340782
5951,0.001953,74.125.200.0-255,4320,275766,20,340782
5952,0.001956,172.31.36.0-255,66,275832,20,340782
5953,0.00198,74.125.200.0-255,2902,278734,20,340782
5954,0.001984,172.31.36.0-255,66,278800,20,340782
5955,0.00199,74.125.200.0-255,5738,284538,20,340782
5956,0.001993,172.31.36.0-255,66,284604,20,340782
5957,0.002006,74.125.200.0-255,2902,287506,20,340782
5958,0.002009,172.31.36.0-255,66,287572,20,340782
5959,0.002014,74.125.200.0-255,4320,291892,20,340782
5960,0.002017,172.31.36.0-255,66,291958,20,340782
5961,0.002041,74.125.200.0-255,5738,297696,20,340782
5962,0.002045,172.31.36.0-255,66,297762,20,340782
5963,0.002067,74.125.200.0-255,5020,302782,20,340782
5964,0.00207,172.31.36.0-255,66,302848,20,340782
5965,0.002095,74.125.200.0-255,5738,308586,20,340782
5966,0.002098,172.31.36.0-255,66,308652,20,340782
5967,0.002104,74.125.200.0-255,4320,312972,20,340782
5968,0.002106,172.31.36.0-255,66,313038,20,340782
5969,0.002127,74.125.200.0-255,1484,314522,20,340782
5970,0.002135,74.125.200.0-255,7156,321678,20,340782
5971,0.002138,172.31.36.0-255,66,321744,20,340782
5972,0.002173,172.31.36.0-255,66,321810,20,340782
5973,0.002176,74.125.200.0-255,766,322576,20,340782
5974,0.00222,74.125.200.0-255,4320,326896,20,340782
5975,0.002223,172.31.36.0-255,66,326962,20,340782
5976,0.002258,172.31.36.0-255,66,327028,20,340782
5977,0.00228,74.125.200.0-255,7156,334184,20,340782
5978,0.002284,172.31.36.0-255,66,334250,20,340782
5979,0.002306,172.31.36.0-255,66,334316,20,340782
5980,0.002319,74.125.200.0-255,1775,336091,20,340782
5981,0.002323,172.31.36.0-255,66,336157,20,340782
5982,0.002363,74.125.200.0-255,105,336262,20,340782
5983,0.003585,172.31.36.0-255,66,336328,20,340782
5984,0.003613,172.31.36.0-255,105,336433,20,340782
5985,0.006068,74.125.200.0-255,66,336499,20,340782
5986,0.0331,172.31.36.0-255,167,336666,20,340782
5987,0.033134,172.31.36.0-255,1107,337773,20,340782
5988,0.033172,172.31.36.0-255,1514,339287,20,340782
5989,0.033174,172.31.36.0-255,1297,340584,20,340782
5990,0.034629,104.244.42.0-255,66,340650,20,340782
5991,0.03468,104.244.42.0-255,66,340716,20,340782
5992,0.03473,104.244.42.0-255,66,340782,20,340782
5993,0.0,74.125.24.0-255,153,153,20,209376
5994,2.3e-05,172.31.36.0-255,66,219,20,209376
5995,4.7e-05,74.125.24.0-255,1484,1703,20,209376
5996,5.1e-05,172.31.36.0-255,66,1769,20,209376
5997,5.6e-05,74.125.24.0-255,2902,4671,20,209376
5998,5.9e-05,172.31.36.0-255,66,4737,20,209376
5999,0.000104,74.125.24.0-255,7156,11893,20,209376
6000,0.000107,172.31.36.0-255,66,11959,20,209376
6001,0.00011,74.125.24.0-255,1484,13443,20,209376
6002,0.000113,172.31.36.0-255,66,13509,20,209376
6003,0.000117,74.125.24.0-255,665,14174,20,209376
6004,0.000119,172.31.36.0-255,66,14240,20,209376
6005,0.000322,74.125.24.0-255,1484,15724,20,209376
6006,0.000328,172.31.36.0-255,66,15790,20,209376
6007,0.000348,74.125.24.0-255,2902,18692,20,209376
6008,0.000352,172.31.36.0-255,66,18758,20,209376
6009,0.000355,74.125.24.0-255,1484,20242,20,209376
6010,0.000357,172.31.36.0-255,66,20308,20,209376
6011,0.000391,74.125.24.0-255,4320,24628,20,209376
6012,0.000397,172.31.36.0-255,66,24694,20,209376
6013,0.000424,74.125.24.0-255,6797,31491,20,209376
6014,0.000428,172.31.36.0-255,66,31557,20,209376
6015,0.000668,74.125.24.0-255,1484,33041,20,209376
6016,0.000674,172.31.36.0-255,66,33107,20,209376
6017,0.000683,74.125.24.0-255,2902,36009,20,209376
6018,0.000685,172.31.36.0-255,66,36075,20,209376
6019,0.000699,74.125.24.0-255,5738,41813,20,209376
6020,0.000702,172.31.36.0-255,66,41879,20,209376
6021,0.000727,74.125.24.0-255,2902,44781,20,209376
6022,0.00073,172.31.36.0-255,66,44847,20,209376
6023,0.000775,172.31.36.0-255,66,44913,20,209376
6024,0.000782,74.125.24.0-255,4320,49233,20,209376
6025,0.000807,74.125.24.0-255,5651,54884,20,209376
6026,0.00081,74.125.24.0-255,382,55266,20,209376
6027,0.001473,74.125.24.0-255,1484,56750,20,209376
6028,0.001481,74.125.24.0-255,2902,59652,20,209376
6029,0.001484,74.125.24.0-255,1484,61136,20,209376
6030,0.001505,74.125.24.0-255,4320,65456,20,209376
6031,0.00155,74.125.24.0-255,2902,68358,20,209376
6032,0.001567,74.125.24.0-255,5738,74096,20,209376
6033,0.001579,74.125.24.0-255,5379,79475,20,209376
6034,0.001607,74.125.24.0-255,2902,82377,20,209376
6035,0.001653,74.125.24.0-255,1484,83861,20,209376
6036,0.001673,74.125.24.0-255,2902,86763,20,209376
6037,0.001692,74.125.24.0-255,4320,91083,20,209376
6038,0.001707,74.125.24.0-255,1484,92567,20,209376
6039,0.001709,74.125.24.0-255,1484,94051,20,209376
6040,0.001726,74.125.24.0-255,2902,96953,20,209376
6041,0.001789,74.125.24.0-255,2902,99855,20,209376
6042,0.00182,74.125.24.0-255,5020,104875,20,209376
6043,0.002015,74.125.24.0-255,1484,106359,20,209376
6044,0.002018,74.125.24.0-255,1484,107843,20,209376
6045,0.002028,74.125.24.0-255,1484,109327,20,209376
6046,0.00205,74.125.24.0-255,5738,115065,20,209376
6047,0.002055,74.125.24.0-255,2902,117967,20,209376
6048,0.002075,74.125.24.0-255,7156,125123,20,209376
6049,0.002096,74.125.24.0-255,4320,129443,20,209376
6050,0.005827,172.31.36.0-255,66,129509,20,209376
6051,0.008336,74.125.24.0-255,5738,135247,20,209376
6052,0.008343,172.31.36.0-255,66,135313,20,209376
6053,0.010838,74.125.24.0-255,5738,141051,20,209376
6054,0.011313,172.31.36.0-255,66,141117,20,209376
6055,0.013789,74.125.24.0-255,5738,146855,20,209376
6056,0.013797,172.31.36.0-255,66,146921,20,209376
6057,0.016235,74.125.24.0-255,5738,152659,20,209376
6058,0.016245,172.31.36.0-255,66,152725,20,209376
6059,0.018695,74.125.24.0-255,5738,158463,20,209376
6060,0.018706,172.31.36.0-255,66,158529,20,209376
6061,0.02114,74.125.24.0-255,5738,164267,20,209376
6062,0.021148,172.31.36.0-255,66,164333,20,209376
6063,0.023576,74.125.24.0-255,5738,170071,20,209376
6064,0.023583,172.31.36.0-255,66,170137,20,209376
6065,0.026053,74.125.24.0-255,5738,175875,20,209376
6066,0.026063,172.31.36.0-255,66,175941,20,209376
6067,0.028479,74.125.24.0-255,5738,181679,20,209376
6068,0.028486,172.31.36.0-255,66,181745,20,209376
6069,0.03031,172.31.36.0-255,167,181912,20,209376
6070,0.030345,172.31.36.0-255,1111,183023,20,209376
6071,0.03038,172.31.36.0-255,1514,184537,20,209376
6072,0.030382,172.31.36.0-255,1293,185830,20,209376
6073,0.030932,74.125.24.0-255,5738,191568,20,209376
6074,0.030938,172.31.36.0-255,66,191634,20,209376
6075,0.031943,104.244.42.0-255,66,191700,20,209376
6076,0.032007,104.244.42.0-255,66,191766,20,209376
6077,0.032032,104.244.42.0-255,66,191832,20,209376
6078,0.033358,74.125.24.0-255,5738,197570,20,209376
6079,0.033363,172.31.36.0-255,66,197636,20,209376
6080,0.035815,74.125.24.0-255,1484,199120,20,209376
6081,0.035848,74.125.24.0-255,4320,203440,20,209376
6082,0.035853,172.31.36.0-255,66,203506,20,209376
6083,0.038273,74.125.24.0-255,4320,207826,20,209376
6084,0.038279,172.31.36.0-255,66,207892,20,209376
6085,0.03831,74.125.24.0-255,1484,209376,20,209376
6086,0.0,172.217.194.0-255,153,153,20,245017
6087,3.2e-05,172.217.194.0-255,1484,1637,20,245017
6088,4.3e-05,172.31.36.0-255,66,1703,20,245017
6089,5.1e-05,172.217.194.0-255,2902,4605,20,245017
6090,5.5e-05,172.31.36.0-255,66,4671,20,245017
6091,7.1e-05,172.217.194.0-255,7156,11827,20,245017
6092,7.4e-05,172.31.36.0-255,66,11893,20,245017
6093,0.00012,172.217.194.0-255,2037,13930,20,245017
6094,0.000123,172.31.36.0-255,66,13996,20,245017
6095,0.000145,172.217.194.0-255,1484,15480,20,245017
6096,0.000164,172.217.194.0-255,2902,18382,20,245017
6097,0.000167,172.31.36.0-255,66,18448,20,245017
6098,0.000174,172.217.194.0-255,5738,24186,20,245017
6099,0.000178,172.31.36.0-255,66,24252,20,245017
6100,0.000216,172.217.194.0-255,6797,31049,20,245017
6101,0.000219,172.31.36.0-255,66,31115,20,245017
6102,0.001032,172.217.194.0-255,1484,32599,20,245017
6103,0.001044,172.217.194.0-255,2902,35501,20,245017
6104,0.001049,172.31.36.0-255,66,35567,20,245017
6105,0.001057,172.217.194.0-255,5738,41305,20,245017
6106,0.00106,172.31.36.0-255,66,41371,20,245017
6107,0.001075,172.217.194.0-255,4320,45691,20,245017
6108,0.001079,172.31.36.0-255,66,45757,20,245017
6109,0.001108,172.217.194.0-255,2543,48300,20,245017
6110,0.00111,172.31.36.0-255,66,48366,20,245017
6111,0.001133,172.217.194.0-255,2902,51268,20,245017
6112,0.001135,172.31.36.0-255,66,51334,20,245017
6113,0.001164,172.217.194.0-255,7156,58490,20,245017
6114,0.001166,172.31.36.0-255,66,58556,20,245017
6115,0.00117,172.217.194.0-255,1484,60040,20,245017
6116,0.001195,172.217.194.0-255,5654,65694,20,245017
6117,0.001197,172.31.36.0-255,66,65760,20,245017
6118,0.0012,172.217.194.0-255,432,66192,20,245017
6119,0.00138,172.217.194.0-255,1484,67676,20,245017
6120,0.001383,172.31.36.0-255,66,67742,20,245017
6121,0.001387,172.217.194.0-255,2902,70644,20,245017
6122,0.001389,172.31.36.0-255,66,70710,20,245017
6123,0.001418,172.217.194.0-255,5738,76448,20,245017
6124,0.001421,172.31.36.0-255,66,76514,20,245017
6125,0.001426,172.217.194.0-255,5738,82252,20,245017
6126,0.001429,172.31.36.0-255,66,82318,20,245017
6127,0.001466,172.31.36.0-255,66,82384,20,245017
6128,0.00147,172.217.194.0-255,2902,85286,20,245017
6129,0.001472,172.31.36.0-255,66,85352,20,245017
6130,0.001491,172.217.194.0-255,2184,87536,20,245017
6131,0.001494,172.31.36.0-255,66,87602,20,245017
6132,0.001685,172.217.194.0-255,1484,89086,20,245017
6133,0.00169,172.217.194.0-255,2902,91988,20,245017
6134,0.001692,172.31.36.0-255,66,92054,20,245017
6135,0.001717,172.217.194.0-255,5738,97792,20,245017
6136,0.001719,172.31.36.0-255,66,97858,20,245017
6137,0.001748,172.31.36.0-255,66,97924,20,245017
6138,0.001776,172.217.194.0-255,2902,100826,20,245017
6139,0.001778,172.31.36.0-255,66,100892,20,245017
6140,0.001809,172.31.36.0-255,66,100958,20,245017
6141,0.001845,172.31.36.0-255,66,101024,20,245017
6142,0.001861,172.31.36.0-255,66,101090,20,245017
6143,0.001884,172.217.194.0-255,766,101856,20,245017
6144,0.001919,172.217.194.0-255,1484,103340,20,245017
6145,0.001921,172.31.36.0-255,66,103406,20,245017
6146,0.001925,172.217.194.0-255,2902,106308,20,245017
6147,0.001927,172.31.36.0-255,66,106374,20,245017
6148,0.001959,172.217.194.0-255,5738,112112,20,245017
6149,0.001962,172.31.36.0-255,66,112178,20,245017
6150,0.002003,172.217.194.0-255,4320,116498,20,245017
6151,0.002006,172.31.36.0-255,66,116564,20,245017
6152,0.00204,172.31.36.0-255,66,116630,20,245017
6153,0.002052,172.31.36.0-255,66,116696,20,245017
6154,0.002243,172.217.194.0-255,1484,118180,20,245017
6155,0.002259,172.217.194.0-255,2902,121082,20,245017
6156,0.002261,172.31.36.0-255,66,121148,20,245017
6157,0.002265,172.217.194.0-255,2902,124050,20,245017
6158,0.002268,172.31.36.0-255,66,124116,20,245017
6159,0.0023,172.217.194.0-255,2902,127018,20,245017
6160,0.002303,172.31.36.0-255,66,127084,20,245017
6161,0.002315,172.31.36.0-255,66,127150,20,245017
6162,0.00232,172.217.194.0-255,4320,131470,20,245017
6163,0.002322,172.31.36.0-255,66,131536,20,245017
6164,0.002349,172.217.194.0-255,6438,137974,20,245017
6165,0.002352,172.31.36.0-255,66,138040,20,245017
6166,0.00238,172.217.194.0-255,7156,145196,20,245017
6167,0.002383,172.31.36.0-255,66,145262,20,245017
6168,0.002431,172.217.194.0-255,4320,149582,20,245017
6169,0.002437,172.217.194.0-255,5738,155320,20,245017
6170,0.002469,172.217.194.0-255,2902,158222,20,245017
6171,0.002483,172.217.194.0-255,5738,163960,20,245017
6172,0.002505,172.217.194.0-255,7156,171116,20,245017
6173,0.002525,172.217.194.0-255,1484,172600,20,245017
6174,0.002541,172.217.194.0-255,2902,175502,20,245017
6175,0.002559,172.217.194.0-255,2184,177686,20,245017
6176,0.002573,172.217.194.0-255,4320,182006,20,245017
6177,0.002584,172.217.194.0-255,1484,183490,20,245017
6178,0.002587,172.217.194.0-255,1484,184974,20,245017
6179,0.002642,172.217.194.0-255,2902,187876,20,245017
6180,0.002647,172.217.194.0-255,3602,191478,20,245017
6181,0.002769,172.217.194.0-255,1484,192962,20,245017
6182,0.002775,172.217.194.0-255,2902,195864,20,245017
6183,0.002792,172.217.194.0-255,5738,201602,20,245017
6184,0.002804,172.31.36.0-255,66,201668,20,245017
6185,0.002811,172.217.194.0-255,5738,207406,20,245017
6186,0.002838,172.31.36.0-255,66,207472,20,245017
6187,0.002841,172.217.194.0-255,7156,214628,20,245017
6188,0.002857,172.31.36.0-255,66,214694,20,245017
6189,0.002861,172.31.36.0-255,66,214760,20,245017
6190,0.002919,172.217.194.0-255,2184,216944,20,245017
6191,0.002924,172.217.194.0-255,2902,219846,20,245017
6192,0.002925,172.31.36.0-255,66,219912,20,245017
6193,0.00293,172.217.194.0-255,7156,227068,20,245017
6194,0.002931,172.31.36.0-255,66,227134,20,245017
6195,0.002946,172.31.36.0-255,66,227200,20,245017
6196,0.002947,172.217.194.0-255,4320,231520,20,245017
6197,0.002963,172.31.36.0-255,66,231586,20,245017
6198,0.002978,172.217.194.0-255,2184,233770,20,245017
6199,0.002982,172.217.194.0-255,1812,235582,20,245017
6200,0.002987,172.31.36.0-255,66,235648,20,245017
6201,0.003012,172.217.194.0-255,105,235753,20,245017
6202,0.005695,172.31.36.0-255,105,235858,20,245017
6203,0.007988,172.217.194.0-255,66,235924,20,245017
6204,0.036654,172.31.36.0-255,167,236091,20,245017
6205,0.036683,172.31.36.0-255,1110,237201,20,245017
6206,0.036736,172.31.36.0-255,1514,238715,20,245017
6207,0.036738,172.31.36.0-255,1514,240229,20,245017
6208,0.036743,172.31.36.0-255,1514,241743,20,245017
6209,0.036744,172.31.36.0-255,1514,243257,20,245017
6210,0.036763,172.31.36.0-255,1496,244753,20,245017
6211,0.038202,104.244.42.0-255,66,244819,20,245017
6212,0.038212,104.244.42.0-255,66,244885,20,245017
6213,0.038346,104.244.42.0-255,66,244951,20,245017
6214,0.038399,104.244.42.0-255,66,245017,20,245017
6215,0.0,74.125.68.0-255,297,297,20,290645
6216,2.4e-05,74.125.68.0-255,1484,1781,20,290645
6217,3.2e-05,172.31.36.0-255,66,1847,20,290645
6218,3.9e-05,74.125.68.0-255,2902,4749,20,290645
6219,4.2e-05,172.31.36.0-255,66,4815,20,290645
6220,4.8e-05,74.125.68.0-255,5738,10553,20,290645
6221,5.2e-05,172.31.36.0-255,66,10619,20,290645
6222,5.6e-05,74.125.68.0-255,3260,13879,20,290645
6223,5.9e-05,172.31.36.0-255,66,13945,20,290645
6224,6.4e-05,74.125.68.0-255,4320,18265,20,290645
6225,6.6e-05,172.31.36.0-255,66,18331,20,290645
6226,0.000108,74.125.68.0-255,5738,24069,20,290645
6227,0.000111,172.31.36.0-255,66,24135,20,290645
6228,0.000132,74.125.68.0-255,4320,28455,20,290645
6229,0.000135,172.31.36.0-255,66,28521,20,290645
6230,0.000139,74.125.68.0-255,2543,31064,20,290645
6231,0.000141,172.31.36.0-255,66,31130,20,290645
6232,0.000293,74.125.68.0-255,1484,32614,20,290645
6233,0.000308,74.125.68.0-255,2902,35516,20,290645
6234,0.000314,172.31.36.0-255,66,35582,20,290645
6235,0.000338,74.125.68.0-255,5738,41320,20,290645
6236,0.000342,172.31.36.0-255,66,41386,20,290645
6237,0.000365,74.125.68.0-255,5738,47124,20,290645
6238,0.00037,172.31.36.0-255,66,47190,20,290645
6239,0.00038,74.125.68.0-255,4320,51510,20,290645
6240,0.000382,172.31.36.0-255,66,51576,20,290645
6241,0.000405,74.125.68.0-255,2902,54478,20,290645
6242,0.000408,172.31.36.0-255,66,54544,20,290645
6243,0.000415,74.125.68.0-255,5738,60282,20,290645
6244,0.000417,172.31.36.0-255,66,60348,20,290645
6245,0.000449,74.125.68.0-255,5020,65368,20,290645
6246,0.000454,172.31.36.0-255,66,65434,20,290645
6247,0.000468,74.125.68.0-255,424,65858,20,290645
6248,0.000553,74.125.68.0-255,1484,67342,20,290645
6249,0.000557,172.31.36.0-255,66,67408,20,290645
6250,0.000563,74.125.68.0-255,2902,70310,20,290645
6251,0.000565,172.31.36.0-255,66,70376,20,290645
6252,0.000569,74.125.68.0-255,1484,71860,20,290645
6253,0.000592,74.125.68.0-255,4320,76180,20,290645
6254,0.000595,172.31.36.0-255,66,76246,20,290645
6255,0.000599,74.125.68.0-255,1484,77730,20,290645
6256,0.000616,74.125.68.0-255,5738,83468,20,290645
6257,0.000619,172.31.36.0-255,66,83534,20,290645
6258,0.000622,74.125.68.0-255,1484,85018,20,290645
6259,0.000648,74.125.68.0-255,7156,92174,20,290645
6260,0.00065,172.31.36.0-255,66,92240,20,290645
6261,0.000658,74.125.68.0-255,7156,99396,20,290645
6262,0.00066,172.31.36.0-255,66,99462,20,290645
6263,0.000692,74.125.68.0-255,766,100228,20,290645
6264,0.000915,74.125.68.0-255,1484,101712,20,290645
6265,0.000919,172.31.36.0-255,66,101778,20,290645
6266,0.000925,74.125.68.0-255,2902,104680,20,290645
6267,0.000927,172.31.36.0-255,66,104746,20,290645
6268,0.000956,74.125.68.0-255,5738,110484,20,290645
6269,0.000959,172.31.36.0-255,66,110550,20,290645
6270,0.000964,74.125.68.0-255,4320,114870,20,290645
6271,0.000966,172.31.36.0-255,66,114936,20,290645
6272,0.000983,74.125.68.0-255,2902,117838,20,290645
6273,0.000985,172.31.36.0-255,66,117904,20,290645
6274,0.000989,74.125.68.0-255,1484,119388,20,290645
6275,0.001011,74.125.68.0-255,7156,126544,20,290645
6276,0.001014,172.31.36.0-255,66,126610,20,290645
6277,0.001043,74.125.68.0-255,2902,129512,20,290645
6278,0.001046,172.31.36.0-255,66,129578,20,290645
6279,0.001062,74.125.68.0-255,5020,134598,20,290645
6280,0.001065,172.31.36.0-255,66,134664,20,290645
6281,0.001103,74.125.68.0-255,5738,140402,20,290645
6282,0.001106,172.31.36.0-255,66,140468,20,290645
6283,0.001124,74.125.68.0-255,1484,141952,20,290645
6284,0.001134,172.31.36.0-255,66,142018,20,290645
6285,0.00116,172.31.36.0-255,66,142084,20,290645
6286,0.001178,74.125.68.0-255,1484,143568,20,290645
6287,0.001199,74.125.68.0-255,2902,146470,20,290645
6288,0.001203,172.31.36.0-255,66,146536,20,290645
6289,0.001221,74.125.68.0-255,5020,151556,20,290645
6290,0.001224,172.31.36.0-255,66,151622,20,290645
6291,0.001289,74.125.68.0-255,1484,153106,20,290645
6292,0.001314,74.125.68.0-255,1484,154590,20,290645
6293,0.001318,172.31.36.0-255,66,154656,20,290645
6294,0.001332,74.125.68.0-255,1484,156140,20,290645
6295,0.001338,74.125.68.0-255,5738,161878,20,290645
6296,0.001341,172.31.36.0-255,66,161944,20,290645
6297,0.001376,172.31.36.0-255,66,162010,20,290645
6298,0.001387,74.125.68.0-255,1484,163494,20,290645
6299,0.001403,74.125.68.0-255,4320,167814,20,290645
6300,0.001406,172.31.36.0-255,66,167880,20,290645
6301,0.001429,74.125.68.0-255,6438,174318,20,290645
6302,0.001433,172.31.36.0-255,66,174384,20,290645
6303,0.00149,74.125.68.0-255,1484,175868,20,290645
6304,0.001494,74.125.68.0-255,1484,177352,20,290645
6305,0.001496,172.31.36.0-255,66,177418,20,290645
6306,0.001514,74.125.68.0-255,1484,178902,20,290645
6307,0.00152,74.125.68.0-255,4320,183222,20,290645
6308,0.001523,172.31.36.0-255,66,183288,20,290645
6309,0.001539,74.125.68.0-255,1484,184772,20,290645
6310,0.001554,74.125.68.0-255,4320,189092,20,290645
6311,0.001557,172.31.36.0-255,66,189158,20,290645
6312,0.001581,172.31.36.0-255,66,189224,20,290645
6313,0.001648,172.31.36.0-255,66,189290,20,290645
6314,0.001654,74.125.68.0-255,5738,195028,20,290645
6315,0.001657,172.31.36.0-255,66,195094,20,290645
6316,0.001708,172.31.36.0-255,66,195160,20,290645
6317,0.001714,74.125.68.0-255,4320,199480,20,290645
6318,0.001716,172.31.36.0-255,66,199546,20,290645
6319,0.00172,74.125.68.0-255,2902,202448,20,290645
6320,0.001722,172.31.36.0-255,66,202514,20,290645
6321,0.001753,172.31.36.0-255,66,202580,20,290645
6322,0.001764,172.31.36.0-255,66,202646,20,290645
6323,0.001795,74.125.68.0-255,7156,209802,20,290645
6324,0.001798,172.31.36.0-255,66,209868,20,290645
6325,0.001803,74.125.68.0-255,4320,214188,20,290645
6326,0.001805,172.31.36.0-255,66,214254,20,290645
6327,0.00184,172.31.36.0-255,66,214320,20,290645
6328,0.001874,74.125.68.0-255,5738,220058,20,290645
6329,0.001877,172.31.36.0-255,66,220124,20,290645
6330,0.001902,74.125.68.0-255,4320,224444,20,290645
6331,0.001905,172.31.36.0-255,66,224510,20,290645
6332,0.001917,172.31.36.0-255,66,224576,20,290645
6333,0.001924,74.125.68.0-255,7156,231732,20,290645
6334,0.001927,172.31.36.0-255,66,231798,20,290645
6335,0.001963,74.125.68.0-255,2902,234700,20,290645
6336,0.001966,172.31.36.0-255,66,234766,20,290645
6337,0.001991,172.31.36.0-255,66,234832,20,290645
6338,0.002008,74.125.68.0-255,5738,240570,20,290645
6339,0.002011,172.31.36.0-255,66,240636,20,290645
6340,0.002038,74.125.68.0-255,7156,247792,20,290645
6341,0.002041,172.31.36.0-255,66,247858,20,290645
6342,0.002045,74.125.68.0-255,2902,250760,20,290645
6343,0.002047,172.31.36.0-255,66,250826,20,290645
6344,0.002085,74.125.68.0-255,5738,256564,20,290645
6345,0.00209,172.31.36.0-255,66,256630,20,290645
6346,0.002107,74.125.68.0-255,5020,261650,20,290645
6347,0.002109,172.31.36.0-255,66,261716,20,290645
6348,0.002183,74.125.68.0-255,1484,263200,20,290645
6349,0.002187,74.125.68.0-255,1484,264684,20,290645
6350,0.00219,172.31.36.0-255,66,264750,20,290645
6351,0.002208,74.125.68.0-255,1484,266234,20,290645
6352,0.002232,74.125.68.0-255,5738,271972,20,290645
6353,0.002236,172.31.36.0-255,66,272038,20,290645
6354,0.002241,74.125.68.0-255,2902,274940,20,290645
6355,0.002243,172.31.36.0-255,66,275006,20,290645
6356,0.002264,74.125.68.0-255,4320,279326,20,290645
6357,0.002268,172.31.36.0-255,66,279392,20,290645
6358,0.002273,74.125.68.0-255,4320,283712,20,290645
6359,0.002275,172.31.36.0-255,66,283778,20,290645
6360,0.002302,74.125.68.0-255,2902,286680,20,290645
6361,0.002304,172.31.36.0-255,66,286746,20,290645
6362,0.002316,172.31.36.0-255,66,286812,20,290645
6363,0.002319,74.125.68.0-255,2184,288996,20,290645
6364,0.002321,172.31.36.0-255,66,289062,20,290645
6365,0.002364,74.125.68.0-255,1140,290202,20,290645
6366,0.002381,74.125.68.0-255,105,290307,20,290645
6367,0.009716,172.31.36.0-255,101,290408,20,290645
6368,0.0101,172.31.36.0-255,105,290513,20,290645
6369,0.012017,74.125.68.0-255,66,290579,20,290645
6370,0.01238,74.125.68.0-255,66,290645,20,290645
6371,0.0,74.125.68.0-255,153,153,20,164111
6372,3.4e-05,172.31.36.0-255,66,219,20,164111
6373,4.2e-05,74.125.68.0-255,1484,1703,20,164111
6374,4.6e-05,172.31.36.0-255,66,1769,20,164111
6375,5.1e-05,74.125.68.0-255,2902,4671,20,164111
6376,5.3e-05,172.31.36.0-255,66,4737,20,164111
6377,9e-05,74.125.68.0-255,4320,9057,20,164111
6378,9.3e-05,172.31.36.0-255,66,9123,20,164111
6379,0.000153,74.125.68.0-255,4920,14043,20,164111
6380,0.000159,172.31.36.0-255,66,14109,20,164111
6381,0.00024,74.125.68.0-255,4320,18429,20,164111
6382,0.000245,172.31.36.0-255,66,18495,20,164111
6383,0.000312,74.125.68.0-255,2902,21397,20,164111
6384,0.000316,172.31.36.0-255,66,21463,20,164111
6385,0.000331,74.125.68.0-255,2902,24365,20,164111
6386,0.000334,172.31.36.0-255,66,24431,20,164111
6387,0.00036,74.125.68.0-255,5738,30169,20,164111
6388,0.000363,172.31.36.0-255,66,30235,20,164111
6389,0.000489,74.125.68.0-255,1125,31360,20,164111
6390,0.000495,172.31.36.0-255,66,31426,20,164111
6391,0.000517,74.125.68.0-255,2902,34328,20,164111
6392,0.000521,172.31.36.0-255,66,34394,20,164111
6393,0.000543,74.125.68.0-255,4320,38714,20,164111
6394,0.000545,172.31.36.0-255,66,38780,20,164111
6395,0.000659,172.31.36.0-255,66,38846,20,164111
6396,0.000692,172.31.36.0-255,66,38912,20,164111
6397,0.001027,74.125.68.0-255,3898,42810,20,164111
6398,0.001032,172.31.36.0-255,66,42876,20,164111
6399,0.001087,74.125.68.0-255,131,43007,20,164111
6400,0.001092,172.31.36.0-255,66,43073,20,164111
6401,0.001126,74.125.68.0-255,1484,44557,20,164111
6402,0.001142,74.125.68.0-255,4320,48877,20,164111
6403,0.001146,172.31.36.0-255,66,48943,20,164111
6404,0.001165,74.125.68.0-255,4320,53263,20,164111
6405,0.001168,172.31.36.0-255,66,53329,20,164111
6406,0.001192,74.125.68.0-255,7156,60485,20,164111
6407,0.001196,172.31.36.0-255,66,60551,20,164111
6408,0.001392,74.125.68.0-255,5738,66289,20,164111
6409,0.001397,172.31.36.0-255,66,66355,20,164111
6410,0.001431,172.31.36.0-255,66,66421,20,164111
6411,0.001463,172.31.36.0-255,66,66487,20,164111
6412,0.001479,74.125.68.0-255,5020,71507,20,164111
6413,0.001481,172.31.36.0-255,66,71573,20,164111
6414,0.002023,74.125.68.0-255,4320,75893,20,164111
6415,0.002029,172.31.36.0-255,66,75959,20,164111
6416,0.002071,172.31.36.0-255,66,76025,20,164111
6417,0.002105,172.31.36.0-255,66,76091,20,164111
6418,0.002129,172.31.36.0-255,66,76157,20,164111
6419,0.002998,74.125.68.0-255,4320,80477,20,164111
6420,0.003001,172.31.36.0-255,66,80543,20,164111
6421,0.003077,172.31.36.0-255,66,80609,20,164111
6422,0.003115,172.31.36.0-255,66,80675,20,164111
6423,0.003885,74.125.68.0-255,2902,83577,20,164111
6424,0.003888,172.31.36.0-255,66,83643,20,164111
6425,0.003914,172.31.36.0-255,66,83709,20,164111
6426,0.00396,172.31.36.0-255,66,83775,20,164111
6427,0.004452,172.31.36.0-255,66,83841,20,164111
6428,0.007081,74.125.68.0-255,5738,89579,20,164111
6429,0.007087,172.31.36.0-255,66,89645,20,164111
6430,0.00973,74.125.68.0-255,5738,95383,20,164111
6431,0.009737,172.31.36.0-255,66,95449,20,164111
6432,0.012371,74.125.68.0-255,5738,101187,20,164111
6433,0.01238,172.31.36.0-255,66,101253,20,164111
6434,0.015009,74.125.68.0-255,5738,106991,20,164111
6435,0.015017,172.31.36.0-255,66,107057,20,164111
6436,0.017646,74.125.68.0-255,2902,109959,20,164111
6437,0.017654,172.31.36.0-255,66,110025,20,164111
6438,0.017678,74.125.68.0-255,2902,112927,20,164111
6439,0.017681,172.31.36.0-255,66,112993,20,164111
6440,0.020312,74.125.68.0-255,5738,118731,20,164111
6441,0.020323,172.31.36.0-255,66,118797,20,164111
6442,0.022953,74.125.68.0-255,5738,124535,20,164111
6443,0.022963,172.31.36.0-255,66,124601,20,164111
6444,0.025596,74.125.68.0-255,5738,130339,20,164111
6445,0.025604,172.31.36.0-255,66,130405,20,164111
6446,0.028235,74.125.68.0-255,5738,136143,20,164111
6447,0.028243,172.31.36.0-255,66,136209,20,164111
6448,0.030175,172.31.36.0-255,172,136381,20,164111
6449,0.030206,172.31.36.0-255,1111,137492,20,164111
6450,0.030241,172.31.36.0-255,1514,139006,20,164111
6451,0.030243,172.31.36.0-255,1295,140301,20,164111
6452,0.030871,74.125.68.0-255,5738,146039,20,164111
6453,0.030877,172.31.36.0-255,66,146105,20,164111
6454,0.031821,104.244.42.0-255,66,146171,20,164111
6455,0.031861,104.244.42.0-255,66,146237,20,164111
6456,0.031907,104.244.42.0-255,66,146303,20,164111
6457,0.033499,74.125.68.0-255,2902,149205,20,164111
6458,0.033504,172.31.36.0-255,66,149271,20,164111
6459,0.033535,74.125.68.0-255,2902,152173,20,164111
6460,0.033539,172.31.36.0-255,66,152239,20,164111
6461,0.036132,74.125.68.0-255,2902,155141,20,164111
6462,0.036138,172.31.36.0-255,66,155207,20,164111
6463,0.03617,74.125.68.0-255,2902,158109,20,164111
6464,0.036174,172.31.36.0-255,66,158175,20,164111
6465,0.03876,74.125.68.0-255,2902,161077,20,164111
6466,0.038765,172.31.36.0-255,66,161143,20,164111
6467,0.038797,74.125.68.0-255,2902,164045,20,164111
6468,0.0388,172.31.36.0-255,66,164111,20,164111
6469,0.0,74.125.24.0-255,148,148,20,272676
6470,2.4e-05,74.125.24.0-255,1484,1632,20,272676
6471,3.2e-05,172.31.36.0-255,66,1698,20,272676
6472,3.9e-05,74.125.24.0-255,2902,4600,20,272676
6473,4.2e-05,172.31.36.0-255,66,4666,20,272676
6474,4.9e-05,74.125.24.0-255,7156,11822,20,272676
6475,5.2e-05,172.31.36.0-255,66,11888,20,272676
6476,9.3e-05,74.125.24.0-255,7156,19044,20,272676
6477,9.7e-05,172.31.36.0-255,66,19110,20,272676
6478,0.000118,74.125.24.0-255,6254,25364,20,272676
6479,0.000121,172.31.36.0-255,66,25430,20,272676
6480,0.000127,74.125.24.0-255,5379,30809,20,272676
6481,0.000129,172.31.36.0-255,66,30875,20,272676
6482,0.000158,74.125.24.0-255,1484,32359,20,272676
6483,0.000173,74.125.24.0-255,4320,36679,20,272676
6484,0.000176,172.31.36.0-255,66,36745,20,272676
6485,0.000182,74.125.24.0-255,4320,41065,20,272676
6486,0.000184,172.31.36.0-255,66,41131,20,272676
6487,0.000223,172.31.36.0-255,66,41197,20,272676
6488,0.000243,74.125.24.0-255,7156,48353,20,272676
6489,0.000246,172.31.36.0-255,66,48419,20,272676
6490,0.000262,74.125.24.0-255,5020,53439,20,272676
6491,0.000265,172.31.36.0-255,66,53505,20,272676
6492,0.000268,74.125.24.0-255,442,53947,20,272676
6493,0.000436,74.125.24.0-255,1484,55431,20,272676
6494,0.00044,172.31.36.0-255,66,55497,20,272676
6495,0.000461,74.125.24.0-255,2902,58399,20,272676
6496,0.000464,172.31.36.0-255,66,58465,20,272676
6497,0.000481,74.125.24.0-255,5738,64203,20,272676
6498,0.000485,172.31.36.0-255,66,64269,20,272676
6499,0.000515,74.125.24.0-255,5738,70007,20,272676
6500,0.000519,172.31.36.0-255,66,70073,20,272676
6501,0.000534,74.125.24.0-255,1484,71557,20,272676
6502,0.000539,74.125.24.0-255,2902,74459,20,272676
6503,0.000542,172.31.36.0-255,66,74525,20,272676
6504,0.000575,172.31.36.0-255,66,74591,20,272676
6505,0.00058,74.125.24.0-255,3288,77879,20,272676
6506,0.000584,172.31.36.0-255,66,77945,20,272676
6507,0.000635,74.125.24.0-255,2902,80847,20,272676
6508,0.000639,172.31.36.0-255,66,80913,20,272676
6509,0.000644,74.125.24.0-255,4320,85233,20,272676
6510,0.000646,172.31.36.0-255,66,85299,20,272676
6511,0.000683,172.31.36.0-255,66,85365,20,272676
6512,0.000714,172.31.36.0-255,66,85431,20,272676
6513,0.00075,172.31.36.0-255,66,85497,20,272676
6514,0.00078,74.125.24.0-255,1484,86981,20,272676
6515,0.000785,74.125.24.0-255,2902,89883,20,272676
6516,0.000788,172.31.36.0-255,66,89949,20,272676
6517,0.000809,74.125.24.0-255,5738,95687,20,272676
6518,0.000813,172.31.36.0-255,66,95753,20,272676
6519,0.000831,74.125.24.0-255,4320,100073,20,272676
6520,0.000835,172.31.36.0-255,66,100139,20,272676
6521,0.000873,172.31.36.0-255,66,100205,20,272676
6522,0.000884,172.31.36.0-255,66,100271,20,272676
6523,0.000909,74.125.24.0-255,2184,102455,20,272676
6524,0.000912,172.31.36.0-255,66,102521,20,272676
6525,0.001113,74.125.24.0-255,1484,104005,20,272676
6526,0.001119,74.125.24.0-255,2902,106907,20,272676
6527,0.001123,172.31.36.0-255,66,106973,20,272676
6528,0.001181,74.125.24.0-255,2902,109875,20,272676
6529,0.001185,172.31.36.0-255,66,109941,20,272676
6530,0.00119,74.125.24.0-255,4320,114261,20,272676
6531,0.001192,172.31.36.0-255,66,114327,20,272676
6532,0.001203,172.31.36.0-255,66,114393,20,272676
6533,0.001209,74.125.24.0-255,5738,120131,20,272676
6534,0.001213,172.31.36.0-255,66,120197,20,272676
6535,0.00122,74.125.24.0-255,7156,127353,20,272676
6536,0.001223,172.31.36.0-255,66,127419,20,272676
6537,0.001244,74.125.24.0-255,766,128185,20,272676
6538,0.001378,74.125.24.0-255,1484,129669,20,272676
6539,0.001383,172.31.36.0-255,66,129735,20,272676
6540,0.001407,74.125.24.0-255,2902,132637,20,272676
6541,0.00141,172.31.36.0-255,66,132703,20,272676
6542,0.001416,74.125.24.0-255,5738,138441,20,272676
6543,0.001419,172.31.36.0-255,66,138507,20,272676
6544,0.00144,74.125.24.0-255,2902,141409,20,272676
6545,0.001442,172.31.36.0-255,66,141475,20,272676
6546,0.001465,172.31.36.0-255,66,141541,20,272676
6547,0.001472,74.125.24.0-255,7156,148697,20,272676
6548,0.001475,172.31.36.0-255,66,148763,20,272676
6549,0.001505,74.125.24.0-255,3602,152365,20,272676
6550,0.001509,172.31.36.0-255,66,152431,20,272676
6551,0.001636,74.125.24.0-255,1484,153915,20,272676
6552,0.001642,74.125.24.0-255,2902,156817,20,272676
6553,0.001645,172.31.36.0-255,66,156883,20,272676
6554,0.001662,74.125.24.0-255,5738,162621,20,272676
6555,0.001665,172.31.36.0-255,66,162687,20,272676
6556,0.001694,74.125.24.0-255,7156,169843,20,272676
6557,0.001697,172.31.36.0-255,66,169909,20,272676
6558,0.00172,74.125.24.0-255,7156,177065,20,272676
6559,0.001723,172.31.36.0-255,66,177131,20,272676
6560,0.001741,74.125.24.0-255,7156,184287,20,272676
6561,0.001744,172.31.36.0-255,66,184353,20,272676
6562,0.001757,74.125.24.0-255,2184,186537,20,272676
6563,0.00176,172.31.36.0-255,66,186603,20,272676
6564,0.001845,74.125.24.0-255,1484,188087,20,272676
6565,0.00186,74.125.24.0-255,2902,190989,20,272676
6566,0.001863,172.31.36.0-255,66,191055,20,272676
6567,0.001869,74.125.24.0-255,4320,195375,20,272676
6568,0.00187,172.31.36.0-255,66,195441,20,272676
6569,0.001883,74.125.24.0-255,1484,196925,20,272676
6570,0.001888,74.125.24.0-255,2902,199827,20,272676
6571,0.00189,172.31.36.0-255,66,199893,20,272676
6572,0.001924,172.31.36.0-255,66,199959,20,272676
6573,0.001931,74.125.24.0-255,7156,207115,20,272676
6574,0.001934,172.31.36.0-255,66,207181,20,272676
6575,0.001948,74.125.24.0-255,2902,210083,20,272676
6576,0.001951,172.31.36.0-255,66,210149,20,272676
6577,0.00197,74.125.24.0-255,2902,213051,20,272676
6578,0.001974,172.31.36.0-255,66,213117,20,272676
6579,0.002005,172.31.36.0-255,66,213183,20,272676
6580,0.002015,172.31.36.0-255,66,213249,20,272676
6581,0.002039,74.125.24.0-255,4320,217569,20,272676
6582,0.002042,172.31.36.0-255,66,217635,20,272676
6583,0.002048,74.125.24.0-255,5738,223373,20,272676
6584,0.00205,172.31.36.0-255,66,223439,20,272676
6585,0.002071,74.125.24.0-255,3602,227041,20,272676
6586,0.002074,172.31.36.0-255,66,227107,20,272676
6587,0.002077,74.125.24.0-255,1484,228591,20,272676
6588,0.002081,74.125.24.0-255,2902,231493,20,272676
6589,0.002084,172.31.36.0-255,66,231559,20,272676
6590,0.00209,74.125.24.0-255,5738,237297,20,272676
6591,0.002093,172.31.36.0-255,66,237363,20,272676
6592,0.002126,172.31.36.0-255,66,237429,20,272676
6593,0.002136,172.31.36.0-255,66,237495,20,272676
6594,0.002196,74.125.24.0-255,2184,239679,20,272676
6595,0.002201,172.31.36.0-255,66,239745,20,272676
6596,0.002337,74.125.24.0-255,1484,241229,20,272676
6597,0.00235,74.125.24.0-255,2902,244131,20,272676
6598,0.002354,172.31.36.0-255,66,244197,20,272676
6599,0.002359,74.125.24.0-255,2902,247099,20,272676
6600,0.002361,172.31.36.0-255,66,247165,20,272676
6601,0.002376,74.125.24.0-255,2902,250067,20,272676
6602,0.002378,172.31.36.0-255,66,250133,20,272676
6603,0.002384,74.125.24.0-255,5738,255871,20,272676
6604,0.002387,172.31.36.0-255,66,255937,20,272676
6605,0.002389,74.125.24.0-255,1484,257421,20,272676
6606,0.002426,172.31.36.0-255,66,257487,20,272676
6607,0.002429,74.125.24.0-255,1484,258971,20,272676
6608,0.002432,74.125.24.0-255,1484,260455,20,272676
6609,0.002434,172.31.36.0-255,66,260521,20,272676
6610,0.002436,74.125.24.0-255,766,261287,20,272676
6611,0.002474,74.125.24.0-255,2015,263302,20,272676
6612,0.002478,172.31.36.0-255,66,263368,20,272676
6613,0.002497,74.125.24.0-255,105,263473,20,272676
6614,0.00804,172.31.36.0-255,105,263578,20,272676
6615,0.01027,74.125.24.0-255,66,263644,20,272676
6616,0.030608,172.31.36.0-255,172,263816,20,272676
6617,0.030706,172.31.36.0-255,1514,265330,20,272676
6618,0.030708,172.31.36.0-255,1514,266844,20,272676
6619,0.030709,172.31.36.0-255,1514,268358,20,272676
6620,0.030711,172.31.36.0-255,1514,269872,20,272676
6621,0.030712,172.31.36.0-255,1514,271386,20,272676
6622,0.030748,172.31.36.0-255,1092,272478,20,272676
6623,0.032157,104.244.42.0-255,66,272544,20,272676
6624,0.03231,104.244.42.0-255,66,272610,20,272676
6625,0.032312,104.244.42.0-255,66,272676,20,272676
6626,0.0,74.125.24.0-255,146,146,20,164392
6627,2.6e-05,172.31.36.0-255,66,212,20,164392
6628,3.3e-05,74.125.24.0-255,1484,1696,20,164392
6629,3.7e-05,172.31.36.0-255,66,1762,20,164392
6630,4.2e-05,74.125.24.0-255,2902,4664,20,164392
6631,4.5e-05,172.31.36.0-255,66,4730,20,164392
6632,5.9e-05,74.125.24.0-255,7156,11886,20,164392
6633,6.3e-05,172.31.36.0-255,66,11952,20,164392
6634,0.00011,172.31.36.0-255,66,12018,20,164392
6635,0.000113,74.125.24.0-255,1484,13502,20,164392
6636,0.000115,172.31.36.0-255,66,13568,20,164392
6637,0.000136,74.125.24.0-255,1125,14693,20,164392
6638,0.000138,172.31.36.0-255,66,14759,20,164392
6639,0.000284,74.125.24.0-255,1484,16243,20,164392
6640,0.000289,172.31.36.0-255,66,16309,20,164392
6641,0.000294,74.125.24.0-255,2902,19211,20,164392
6642,0.000297,172.31.36.0-255,66,19277,20,164392
6643,0.0003,74.125.24.0-255,1484,20761,20,164392
6644,0.00031,172.31.36.0-255,66,20827,20,164392
6645,0.000344,74.125.24.0-255,4320,25147,20,164392
6646,0.000348,172.31.36.0-255,66,25213,20,164392
6647,0.000355,74.125.24.0-255,6797,32010,20,164392
6648,0.000358,172.31.36.0-255,66,32076,20,164392
6649,0.000362,74.125.24.0-255,2902,34978,20,164392
6650,0.000365,172.31.36.0-255,66,35044,20,164392
6651,0.000379,74.125.24.0-255,4320,39364,20,164392
6652,0.000384,172.31.36.0-255,66,39430,20,164392
6653,0.000385,74.125.24.0-255,7156,46586,20,164392
6654,0.000388,172.31.36.0-255,66,46652,20,164392
6655,0.000412,74.125.24.0-255,2823,49475,20,164392
6656,0.00042,172.31.36.0-255,66,49541,20,164392
6657,0.001986,74.125.24.0-255,126,49667,20,164392
6658,0.001992,172.31.36.0-255,66,49733,20,164392
6659,0.002032,74.125.24.0-255,1484,51217,20,164392
6660,0.002035,172.31.36.0-255,66,51283,20,164392
6661,0.002398,74.125.24.0-255,2902,54185,20,164392
6662,0.002404,172.31.36.0-255,66,54251,20,164392
6663,0.003964,74.125.24.0-255,1484,55735,20,164392
6664,0.00397,172.31.36.0-255,66,55801,20,164392
6665,0.004387,74.125.24.0-255,4320,60121,20,164392
6666,0.004391,172.31.36.0-255,66,60187,20,164392
6667,0.005967,74.125.24.0-255,1484,61671,20,164392
6668,0.005973,172.31.36.0-255,66,61737,20,164392
6669,0.006368,74.125.24.0-255,4320,66057,20,164392
6670,0.006372,172.31.36.0-255,66,66123,20,164392
6671,0.007979,74.125.24.0-255,1484,67607,20,164392
6672,0.007986,172.31.36.0-255,66,67673,20,164392
6673,0.008365,74.125.24.0-255,4320,71993,20,164392
6674,0.008371,172.31.36.0-255,66,72059,20,164392
6675,0.009946,74.125.24.0-255,1484,73543,20,164392
6676,0.009954,172.31.36.0-255,66,73609,20,164392
6677,0.01034,74.125.24.0-255,4320,77929,20,164392
6678,0.010346,172.31.36.0-255,66,77995,20,164392
6679,0.011977,74.125.24.0-255,1484,79479,20,164392
6680,0.011984,172.31.36.0-255,66,79545,20,164392
6681,0.012341,74.125.24.0-255,4320,83865,20,164392
6682,0.012353,172.31.36.0-255,66,83931,20,164392
6683,0.013945,74.125.24.0-255,1484,85415,20,164392
6684,0.013952,172.31.36.0-255,66,85481,20,164392
6685,0.014352,74.125.24.0-255,4320,89801,20,164392
6686,0.014359,172.31.36.0-255,66,89867,20,164392
6687,0.015943,74.125.24.0-255,1484,91351,20,164392
6688,0.015949,172.31.36.0-255,66,91417,20,164392
6689,0.016347,74.125.24.0-255,4320,95737,20,164392
6690,0.016352,172.31.36.0-255,66,95803,20,164392
6691,0.017954,74.125.24.0-255,1484,97287,20,164392
6692,0.01796,172.31.36.0-255,66,97353,20,164392
6693,0.018336,74.125.24.0-255,4320,101673,20,164392
6694,0.018341,172.31.36.0-255,66,101739,20,164392
6695,0.019941,74.125.24.0-255,1484,103223,20,164392
6696,0.019948,172.31.36.0-255,66,103289,20,164392
6697,0.020318,74.125.24.0-255,4320,107609,20,164392
6698,0.020324,172.31.36.0-255,66,107675,20,164392
6699,0.021932,74.125.24.0-255,1484,109159,20,164392
6700,0.021939,172.31.36.0-255,66,109225,20,164392
6701,0.022324,74.125.24.0-255,4320,113545,20,164392
6702,0.022363,172.31.36.0-255,66,113611,20,164392
6703,0.02395,74.125.24.0-255,1484,115095,20,164392
6704,0.024363,74.125.24.0-255,4320,119415,20,164392
6705,0.02437,172.31.36.0-255,66,119481,20,164392
6706,0.026377,74.125.24.0-255,5738,125219,20,164392
6707,0.026444,172.31.36.0-255,167,125386,20,164392
6708,0.026472,172.31.36.0-255,1112,126498,20,164392
6709,0.026533,172.31.36.0-255,1514,128012,20,164392
6710,0.026535,172.31.36.0-255,1292,129304,20,164392
6711,0.026562,172.31.36.0-255,66,129370,20,164392
6712,0.028007,104.244.42.0-255,66,129436,20,164392
6713,0.02821,104.244.42.0-255,66,129502,20,164392
6714,0.028231,104.244.42.0-255,66,129568,20,164392
6715,0.028545,74.125.24.0-255,5738,135306,20,164392
6716,0.02855,172.31.36.0-255,66,135372,20,164392
6717,0.030555,74.125.24.0-255,5738,141110,20,164392
6718,0.030562,172.31.36.0-255,66,141176,20,164392
6719,0.032573,74.125.24.0-255,5738,146914,20,164392
6720,0.03258,172.31.36.0-255,66,146980,20,164392
6721,0.034599,74.125.24.0-255,5738,152718,20,164392
6722,0.034606,172.31.36.0-255,66,152784,20,164392
6723,0.036615,74.125.24.0-255,5738,158522,20,164392
6724,0.036622,172.31.36.0-255,66,158588,20,164392
6725,0.038647,74.125.24.0-255,5738,164326,20,164392
6726,0.038653,172.31.36.0-255,66,164392,20,164392
6727,0.0,74.125.24.0-255,153,153,20,186222
6728,1.2e-05,172.31.36.0-255,66,219,20,186222
6729,1.8e-05,74.125.24.0-255,1484,1703,20,186222
6730,2.2e-05,172.31.36.0-255,66,1769,20,186222
6731,3.9e-05,74.125.24.0-255,2902,4671,20,186222
6732,4.3e-05,172.31.36.0-255,66,4737,20,186222
6733,5.9e-05,74.125.24.0-255,4320,9057,20,186222
6734,6.1e-05,172.31.36.0-255,66,9123,20,186222
6735,7.9e-05,74.125.24.0-255,1484,10607,20,186222
6736,8.1e-05,172.31.36.0-255,66,10673,20,186222
6737,8.8e-05,74.125.24.0-255,4320,14993,20,186222
6738,9e-05,172.31.36.0-255,66,15059,20,186222
6739,0.000113,74.125.24.0-255,6265,21324,20,186222
6740,0.000116,172.31.36.0-255,66,21390,20,186222
6741,0.000122,74.125.24.0-255,4320,25710,20,186222
6742,0.000124,172.31.36.0-255,66,25776,20,186222
6743,0.000156,74.125.24.0-255,4320,30096,20,186222
6744,0.000158,172.31.36.0-255,66,30162,20,186222
6745,0.000176,74.125.24.0-255,1125,31287,20,186222
6746,0.000178,172.31.36.0-255,66,31353,20,186222
6747,0.000533,74.125.24.0-255,1484,32837,20,186222
6748,0.000539,172.31.36.0-255,66,32903,20,186222
6749,0.000545,74.125.24.0-255,2902,35805,20,186222
6750,0.000548,172.31.36.0-255,66,35871,20,186222
6751,0.000554,74.125.24.0-255,4320,40191,20,186222
6752,0.000557,172.31.36.0-255,66,40257,20,186222
6753,0.000576,74.125.24.0-255,1484,41741,20,186222
6754,0.000578,172.31.36.0-255,66,41807,20,186222
6755,0.000584,74.125.24.0-255,4320,46127,20,186222
6756,0.000586,172.31.36.0-255,66,46193,20,186222
6757,0.00059,74.125.24.0-255,1484,47677,20,186222
6758,0.000591,172.31.36.0-255,66,47743,20,186222
6759,0.000632,172.31.36.0-255,66,47809,20,186222
6760,0.00064,74.125.24.0-255,7109,54918,20,186222
6761,0.000642,172.31.36.0-255,66,54984,20,186222
6762,0.00079,74.125.24.0-255,342,55326,20,186222
6763,0.000877,74.125.24.0-255,1484,56810,20,186222
6764,0.000881,172.31.36.0-255,66,56876,20,186222
6765,0.000887,74.125.24.0-255,2902,59778,20,186222
6766,0.000889,172.31.36.0-255,66,59844,20,186222
6767,0.000906,74.125.24.0-255,5738,65582,20,186222
6768,0.000909,172.31.36.0-255,66,65648,20,186222
6769,0.000923,74.125.24.0-255,2902,68550,20,186222
6770,0.000925,172.31.36.0-255,66,68616,20,186222
6771,0.000945,74.125.24.0-255,5738,74354,20,186222
6772,0.000947,172.31.36.0-255,66,74420,20,186222
6773,0.000978,74.125.24.0-255,2902,77322,20,186222
6774,0.000981,172.31.36.0-255,66,77388,20,186222
6775,0.001008,172.31.36.0-255,66,77454,20,186222
6776,0.001585,74.125.24.0-255,1484,78938,20,186222
6777,0.001596,74.125.24.0-255,2902,81840,20,186222
6778,0.0016,172.31.36.0-255,66,81906,20,186222
6779,0.001608,74.125.24.0-255,5738,87644,20,186222
6780,0.00161,172.31.36.0-255,66,87710,20,186222
6781,0.001638,172.31.36.0-255,66,87776,20,186222
6782,0.001664,74.125.24.0-255,1484,89260,20,186222
6783,0.001678,172.31.36.0-255,66,89326,20,186222
6784,0.001682,74.125.24.0-255,2184,91510,20,186222
6785,0.001684,172.31.36.0-255,66,91576,20,186222
6786,0.004204,74.125.24.0-255,2902,94478,20,186222
6787,0.004211,172.31.36.0-255,66,94544,20,186222
6788,0.004231,74.125.24.0-255,2902,97446,20,186222
6789,0.004233,172.31.36.0-255,66,97512,20,186222
6790,0.006727,74.125.24.0-255,2902,100414,20,186222
6791,0.006731,172.31.36.0-255,66,100480,20,186222
6792,0.006759,74.125.24.0-255,2902,103382,20,186222
6793,0.006761,172.31.36.0-255,66,103448,20,186222
6794,0.009275,74.125.24.0-255,2902,106350,20,186222
6795,0.009285,172.31.36.0-255,66,106416,20,186222
6796,0.009311,74.125.24.0-255,2902,109318,20,186222
6797,0.009314,172.31.36.0-255,66,109384,20,186222
6798,0.011847,74.125.24.0-255,5738,115122,20,186222
6799,0.011856,172.31.36.0-255,66,115188,20,186222
6800,0.01441,74.125.24.0-255,5738,120926,20,186222
6801,0.01442,172.31.36.0-255,66,120992,20,186222
6802,0.016936,74.125.24.0-255,5738,126730,20,186222
6803,0.016945,172.31.36.0-255,66,126796,20,186222
6804,0.019515,74.125.24.0-255,5738,132534,20,186222
6805,0.019526,172.31.36.0-255,66,132600,20,186222
6806,0.022056,74.125.24.0-255,5738,138338,20,186222
6807,0.022065,172.31.36.0-255,66,138404,20,186222
6808,0.023939,172.31.36.0-255,200,138604,20,186222
6809,0.023967,172.31.36.0-255,1107,139711,20,186222
6810,0.02403,172.31.36.0-255,1514,141225,20,186222
6811,0.024032,172.31.36.0-255,1514,142739,20,186222
6812,0.024037,172.31.36.0-255,1514,144253,20,186222
6813,0.024038,172.31.36.0-255,1077,145330,20,186222
6814,0.024611,74.125.24.0-255,5738,151068,20,186222
6815,0.024619,172.31.36.0-255,66,151134,20,186222
6816,0.025517,104.244.42.0-255,66,151200,20,186222
6817,0.025544,104.244.42.0-255,66,151266,20,186222
6818,0.025593,104.244.42.0-255,66,151332,20,186222
6819,0.025607,104.244.42.0-255,66,151398,20,186222
6820,0.02713,74.125.24.0-255,5738,157136,20,186222
6821,0.027136,172.31.36.0-255,66,157202,20,186222
6822,0.029691,74.125.24.0-255,5738,162940,20,186222
6823,0.0297,172.31.36.0-255,66,163006,20,186222
6824,0.032226,74.125.24.0-255,5738,168744,20,186222
6825,0.032233,172.31.36.0-255,66,168810,20,186222
6826,0.034778,74.125.24.0-255,5738,174548,20,186222
6827,0.034785,172.31.36.0-255,66,174614,20,186222
6828,0.03733,74.125.24.0-255,5738,180352,20,186222
6829,0.037337,172.31.36.0-255,66,180418,20,186222
6830,0.039869,74.125.24.0-255,5738,186156,20,186222
6831,0.039879,172.31.36.0-255,66,186222,20,186222
6832,0.0,172.217.194.0-255,153,153,20,229512
6833,2.3e-05,172.217.194.0-255,1484,1637,20,229512
6834,3e-05,172.31.36.0-255,66,1703,20,229512
6835,3.6e-05,172.217.194.0-255,2902,4605,20,229512
6836,6.6e-05,172.217.194.0-255,5738,10343,20,229512
6837,7.5e-05,172.31.36.0-255,66,10409,20,229512
6838,7.8e-05,172.217.194.0-255,1484,11893,20,229512
6839,0.000106,172.217.194.0-255,2002,13895,20,229512
6840,0.000145,172.217.194.0-255,2902,16797,20,229512
6841,0.000159,172.217.194.0-255,4320,21117,20,229512
6842,0.000175,172.217.194.0-255,1484,22601,20,229512
6843,0.00021,172.217.194.0-255,2902,25503,20,229512
6844,0.000227,172.217.194.0-255,5379,30882,20,229512
6845,0.000261,172.31.36.0-255,66,30948,20,229512
6846,0.000293,172.217.194.0-255,1484,32432,20,229512
6847,0.000298,172.217.194.0-255,2902,35334,20,229512
6848,0.000305,172.217.194.0-255,5738,41072,20,229512
6849,0.000308,172.217.194.0-255,1484,42556,20,229512
6850,0.000316,172.31.36.0-255,66,42622,20,229512
6851,0.000337,172.217.194.0-255,5379,48001,20,229512
6852,0.000342,172.217.194.0-255,2902,50903,20,229512
6853,0.000345,172.31.36.0-255,66,50969,20,229512
6854,0.00035,172.31.36.0-255,66,51035,20,229512
6855,0.000396,172.217.194.0-255,2543,53578,20,229512
6856,0.000398,172.217.194.0-255,377,53955,20,229512
6857,0.000399,172.31.36.0-255,66,54021,20,229512
6858,0.000405,172.31.36.0-255,66,54087,20,229512
6859,0.000823,172.217.194.0-255,365,54452,20,229512
6860,0.001001,172.217.194.0-255,1484,55936,20,229512
6861,0.001007,172.31.36.0-255,66,56002,20,229512
6862,0.001018,172.217.194.0-255,2902,58904,20,229512
6863,0.001032,172.217.194.0-255,5738,64642,20,229512
6864,0.001037,172.217.194.0-255,2902,67544,20,229512
6865,0.001106,172.31.36.0-255,66,67610,20,229512
6866,0.001712,172.217.194.0-255,1484,69094,20,229512
6867,0.001722,172.217.194.0-255,2902,71996,20,229512
6868,0.001727,172.31.36.0-255,66,72062,20,229512
6869,0.001735,172.217.194.0-255,5738,77800,20,229512
6870,0.001815,172.31.36.0-255,66,77866,20,229512
6871,0.00227,172.217.194.0-255,1484,79350,20,229512
6872,0.002278,172.217.194.0-255,2902,82252,20,229512
6873,0.002282,172.31.36.0-255,66,82318,20,229512
6874,0.002287,172.217.194.0-255,2902,85220,20,229512
6875,0.002309,172.217.194.0-255,1484,86704,20,229512
6876,0.002378,172.217.194.0-255,1484,88188,20,229512
6877,0.002381,172.31.36.0-255,66,88254,20,229512
6878,0.002392,172.217.194.0-255,2902,91156,20,229512
6879,0.002409,172.217.194.0-255,2902,94058,20,229512
6880,0.002413,172.31.36.0-255,66,94124,20,229512
6881,0.002442,172.217.194.0-255,7156,101280,20,229512
6882,0.002458,172.217.194.0-255,2902,104182,20,229512
6883,0.002464,172.217.194.0-255,7156,111338,20,229512
6884,0.002483,172.31.36.0-255,66,111404,20,229512
6885,0.002515,172.217.194.0-255,2902,114306,20,229512
6886,0.002534,172.217.194.0-255,7156,121462,20,229512
6887,0.002545,172.31.36.0-255,66,121528,20,229512
6888,0.002631,172.217.194.0-255,2902,124430,20,229512
6889,0.002635,172.217.194.0-255,4320,128750,20,229512
6890,0.00265,172.31.36.0-255,66,128816,20,229512
6891,0.00268,172.217.194.0-255,3602,132418,20,229512
6892,0.002693,172.31.36.0-255,66,132484,20,229512
6893,0.002806,172.217.194.0-255,1484,133968,20,229512
6894,0.002824,172.217.194.0-255,2902,136870,20,229512
6895,0.002834,172.31.36.0-255,66,136936,20,229512
6896,0.002845,172.217.194.0-255,5738,142674,20,229512
6897,0.002855,172.31.36.0-255,66,142740,20,229512
6898,0.002864,172.217.194.0-255,4320,147060,20,229512
6899,0.002908,172.31.36.0-255,66,147126,20,229512
6900,0.002935,172.217.194.0-255,2184,149310,20,229512
6901,0.00295,172.31.36.0-255,66,149376,20,229512
6902,0.002976,172.217.194.0-255,2902,152278,20,229512
6903,0.002979,172.217.194.0-255,1484,153762,20,229512
6904,0.002995,172.217.194.0-255,2902,156664,20,229512
6905,0.003001,172.217.194.0-255,4320,160984,20,229512
6906,0.003009,172.31.36.0-255,66,161050,20,229512
6907,0.003019,172.217.194.0-255,4320,165370,20,229512
6908,0.00303,172.217.194.0-255,7156,172526,20,229512
6909,0.003041,172.31.36.0-255,66,172592,20,229512
6910,0.003069,172.217.194.0-255,5738,178330,20,229512
6911,0.003085,172.217.194.0-255,5020,183350,20,229512
6912,0.003128,172.31.36.0-255,66,183416,20,229512
6913,0.003136,172.217.194.0-255,1484,184900,20,229512
6914,0.003143,172.217.194.0-255,2902,187802,20,229512
6915,0.003145,172.217.194.0-255,1484,189286,20,229512
6916,0.003161,172.217.194.0-255,4320,193606,20,229512
6917,0.003167,172.217.194.0-255,4320,197926,20,229512
6918,0.003182,172.217.194.0-255,2902,200828,20,229512
6919,0.003193,172.31.36.0-255,66,200894,20,229512
6920,0.003199,172.217.194.0-255,4320,205214,20,229512
6921,0.003203,172.31.36.0-255,66,205280,20,229512
6922,0.003235,172.217.194.0-255,2184,207464,20,229512
6923,0.003259,172.31.36.0-255,66,207530,20,229512
6924,0.00327,172.217.194.0-255,4320,211850,20,229512
6925,0.003276,172.31.36.0-255,66,211916,20,229512
6926,0.003308,172.217.194.0-255,1484,213400,20,229512
6927,0.003339,172.31.36.0-255,66,213466,20,229512
6928,0.00335,172.217.194.0-255,6606,220072,20,229512
6929,0.003359,172.31.36.0-255,66,220138,20,229512
6930,0.003382,172.217.194.0-255,105,220243,20,229512
6931,0.005025,172.31.36.0-255,105,220348,20,229512
6932,0.007337,172.217.194.0-255,66,220414,20,229512
6933,0.03317,172.31.36.0-255,172,220586,20,229512
6934,0.033235,172.31.36.0-255,1110,221696,20,229512
6935,0.033318,172.31.36.0-255,1514,223210,20,229512
6936,0.03332,172.31.36.0-255,1514,224724,20,229512
6937,0.033321,172.31.36.0-255,1514,226238,20,229512
6938,0.033323,172.31.36.0-255,1514,227752,20,229512
6939,0.033355,172.31.36.0-255,1496,229248,20,229512
6940,0.034698,104.244.42.0-255,66,229314,20,229512
6941,0.03478,104.244.42.0-255,66,229380,20,229512
6942,0.034915,104.244.42.0-255,66,229446,20,229512
6943,0.034918,104.244.42.0-255,66,229512,20,229512
6944,0.0,74.125.24.0-255,153,153,20,210732
6945,3.3e-05,172.31.36.0-255,66,219,20,210732
6946,4e-05,74.125.24.0-255,1484,1703,20,210732
6947,4.5e-05,172.31.36.0-255,66,1769,20,210732
6948,5e-05,74.125.24.0-255,2902,4671,20,210732
6949,5.3e-05,172.31.36.0-255,66,4737,20,210732
6950,6.9e-05,74.125.24.0-255,7156,11893,20,210732
6951,7.3e-05,172.31.36.0-255,66,11959,20,210732
6952,8.4e-05,172.31.36.0-255,66,12025,20,210732
6953,0.000116,74.125.24.0-255,2010,14035,20,210732
6954,0.000119,172.31.36.0-255,66,14101,20,210732
6955,0.000123,74.125.24.0-255,2902,17003,20,210732
6956,0.000125,172.31.36.0-255,66,17069,20,210732
6957,0.000152,74.125.24.0-255,3961,21030,20,210732
6958,0.000159,172.31.36.0-255,66,21096,20,210732
6959,0.000163,74.125.24.0-255,1484,22580,20,210732
6960,0.000166,172.31.36.0-255,66,22646,20,210732
6961,0.000192,74.125.24.0-255,1484,24130,20,210732
6962,0.000195,172.31.36.0-255,66,24196,20,210732
6963,0.000201,74.125.24.0-255,4320,28516,20,210732
6964,0.000203,172.31.36.0-255,66,28582,20,210732
6965,0.000213,172.31.36.0-255,66,28648,20,210732
6966,0.000249,172.31.36.0-255,66,28714,20,210732
6967,0.000296,74.125.24.0-255,4320,33034,20,210732
6968,0.000299,172.31.36.0-255,66,33100,20,210732
6969,0.000329,74.125.24.0-255,4273,37373,20,210732
6970,0.000332,172.31.36.0-255,66,37439,20,210732
6971,0.000336,74.125.24.0-255,110,37549,20,210732
6972,0.000338,172.31.36.0-255,66,37615,20,210732
6973,0.000382,74.125.24.0-255,330,37945,20,210732
6974,0.000387,172.31.36.0-255,66,38011,20,210732
6975,0.000989,74.125.24.0-255,1484,39495,20,210732
6976,0.000996,172.31.36.0-255,66,39561,20,210732
6977,0.001006,74.125.24.0-255,2902,42463,20,210732
6978,0.001008,172.31.36.0-255,66,42529,20,210732
6979,0.001022,74.125.24.0-255,5738,48267,20,210732
6980,0.001025,172.31.36.0-255,66,48333,20,210732
6981,0.001063,172.31.36.0-255,66,48399,20,210732
6982,0.001092,74.125.24.0-255,1484,49883,20,210732
6983,0.001096,172.31.36.0-255,66,49949,20,210732
6984,0.001544,74.125.24.0-255,1484,51433,20,210732
6985,0.001552,74.125.24.0-255,2902,54335,20,210732
6986,0.001556,74.125.24.0-255,2902,57237,20,210732
6987,0.001569,74.125.24.0-255,2902,60139,20,210732
6988,0.001606,74.125.24.0-255,1484,61623,20,210732
6989,0.001624,74.125.24.0-255,2184,63807,20,210732
6990,0.001736,74.125.24.0-255,1484,65291,20,210732
6991,0.00174,74.125.24.0-255,1484,66775,20,210732
6992,0.001755,74.125.24.0-255,1484,68259,20,210732
6993,0.001759,74.125.24.0-255,2902,71161,20,210732
6994,0.001778,74.125.24.0-255,2902,74063,20,210732
6995,0.001782,74.125.24.0-255,4320,78383,20,210732
6996,0.001834,74.125.24.0-255,2184,80567,20,210732
6997,0.002088,74.125.24.0-255,1484,82051,20,210732
6998,0.002098,74.125.24.0-255,2902,84953,20,210732
6999,0.002108,74.125.24.0-255,1484,86437,20,210732
7000,0.002124,74.125.24.0-255,4320,90757,20,210732
7001,0.002136,74.125.24.0-255,4320,95077,20,210732
7002,0.002166,74.125.24.0-255,4320,99397,20,210732
7003,0.002188,74.125.24.0-255,6438,105835,20,210732
7004,0.002318,74.125.24.0-255,1484,107319,20,210732
7005,0.002332,74.125.24.0-255,2902,110221,20,210732
7006,0.002335,74.125.24.0-255,1484,111705,20,210732
7007,0.002352,74.125.24.0-255,4320,116025,20,210732
7008,0.002357,74.125.24.0-255,4320,120345,20,210732
7009,0.004136,172.31.36.0-255,66,120411,20,210732
7010,0.00647,74.125.24.0-255,5738,126149,20,210732
7011,0.006476,172.31.36.0-255,66,126215,20,210732
7012,0.008799,74.125.24.0-255,5738,131953,20,210732
7013,0.008806,172.31.36.0-255,66,132019,20,210732
7014,0.011137,74.125.24.0-255,5738,137757,20,210732
7015,0.011747,172.31.36.0-255,66,137823,20,210732
7016,0.014077,74.125.24.0-255,4320,142143,20,210732
7017,0.014089,172.31.36.0-255,66,142209,20,210732
7018,0.014119,74.125.24.0-255,1484,143693,20,210732
7019,0.01643,74.125.24.0-255,4320,148013,20,210732
7020,0.016438,172.31.36.0-255,66,148079,20,210732
7021,0.018758,74.125.24.0-255,5738,153817,20,210732
7022,0.018813,172.31.36.0-255,66,153883,20,210732
7023,0.021166,74.125.24.0-255,5738,159621,20,210732
7024,0.021174,172.31.36.0-255,66,159687,20,210732
7025,0.023494,74.125.24.0-255,5738,165425,20,210732
7026,0.023501,172.31.36.0-255,66,165491,20,210732
7027,0.025833,74.125.24.0-255,5738,171229,20,210732
7028,0.02584,172.31.36.0-255,66,171295,20,210732
7029,0.028191,74.125.24.0-255,5738,177033,20,210732
7030,0.028198,172.31.36.0-255,66,177099,20,210732
7031,0.028353,172.31.36.0-255,167,177266,20,210732
7032,0.028381,172.31.36.0-255,1107,178373,20,210732
7033,0.028421,172.31.36.0-255,1514,179887,20,210732
7034,0.028423,172.31.36.0-255,1297,181184,20,210732
7035,0.029894,104.244.42.0-255,66,181250,20,210732
7036,0.02993,104.244.42.0-255,66,181316,20,210732
7037,0.029978,104.244.42.0-255,66,181382,20,210732
7038,0.030516,74.125.24.0-255,1484,182866,20,210732
7039,0.03052,172.31.36.0-255,66,182932,20,210732
7040,0.03057,74.125.24.0-255,4320,187252,20,210732
7041,0.030577,172.31.36.0-255,66,187318,20,210732
7042,0.03284,74.125.24.0-255,1484,188802,20,210732
7043,0.032847,172.31.36.0-255,66,188868,20,210732
7044,0.032881,74.125.24.0-255,4320,193188,20,210732
7045,0.032906,172.31.36.0-255,66,193254,20,210732
7046,0.035177,74.125.24.0-255,1484,194738,20,210732
7047,0.0352,74.125.24.0-255,4320,199058,20,210732
7048,0.035228,172.31.36.0-255,66,199124,20,210732
7049,0.037576,74.125.24.0-255,5738,204862,20,210732
7050,0.037583,172.31.36.0-255,66,204928,20,210732
7051,0.039909,74.125.24.0-255,5738,210666,20,210732
7052,0.039915,172.31.36.0-255,66,210732,20,210732
7053,0.0,74.125.24.0-255,66,66,20,66
7054,0.0,172.31.36.0-255,180,180,20,695
7055,4.2e-05,172.31.36.0-255,383,563,20,695
7056,0.001661,104.244.42.0-255,66,629,20,695
7057,0.001695,104.244.42.0-255,66,695,20,695
7058,0.0,172.217.194.0-255,288,288,20,316823
7059,3e-05,172.31.36.0-255,66,354,20,316823
7060,3.6e-05,172.217.194.0-255,1484,1838,20,316823
7061,3.9e-05,172.31.36.0-255,66,1904,20,316823
7062,4.5e-05,172.217.194.0-255,4320,6224,20,316823
7063,5.7e-05,172.31.36.0-255,66,6290,20,316823
7064,6.3e-05,172.217.194.0-255,5738,12028,20,316823
7065,6.6e-05,172.31.36.0-255,66,12094,20,316823
7066,7e-05,172.217.194.0-255,2902,14996,20,316823
7067,7.2e-05,172.31.36.0-255,66,15062,20,316823
7068,0.000108,172.217.194.0-255,3241,18303,20,316823
7069,0.000112,172.31.36.0-255,66,18369,20,316823
7070,0.000123,172.31.36.0-255,66,18435,20,316823
7071,0.000155,172.217.194.0-255,2543,20978,20,316823
7072,0.000157,172.31.36.0-255,66,21044,20,316823
7073,0.000227,172.217.194.0-255,1484,22528,20,316823
7074,0.000231,172.31.36.0-255,66,22594,20,316823
7075,0.000234,172.217.194.0-255,1484,24078,20,316823
7076,0.000237,172.31.36.0-255,66,24144,20,316823
7077,0.000268,172.217.194.0-255,1484,25628,20,316823
7078,0.000273,172.31.36.0-255,66,25694,20,316823
7079,0.000274,172.217.194.0-255,5738,31432,20,316823
7080,0.000278,172.31.36.0-255,66,31498,20,316823
7081,0.00032,172.217.194.0-255,7156,38654,20,316823
7082,0.000324,172.31.36.0-255,66,38720,20,316823
7083,0.000352,172.217.194.0-255,6797,45517,20,316823
7084,0.000356,172.31.36.0-255,66,45583,20,316823
7085,0.000385,172.217.194.0-255,5738,51321,20,316823
7086,0.000389,172.31.36.0-255,66,51387,20,316823
7087,0.000416,172.217.194.0-255,4249,55636,20,316823
7088,0.00042,172.31.36.0-255,66,55702,20,316823
7089,0.000488,172.217.194.0-255,366,56068,20,316823
7090,0.000553,172.217.194.0-255,1484,57552,20,316823
7091,0.000558,172.217.194.0-255,1484,59036,20,316823
7092,0.000566,172.31.36.0-255,66,59102,20,316823
7093,0.000571,172.217.194.0-255,1484,60586,20,316823
7094,0.000576,172.217.194.0-255,2902,63488,20,316823
7095,0.000591,172.31.36.0-255,66,63554,20,316823
7096,0.000595,172.217.194.0-255,2902,66456,20,316823
7097,0.000602,172.217.194.0-255,5738,72194,20,316823
7098,0.000608,172.31.36.0-255,66,72260,20,316823
7099,0.00063,172.217.194.0-255,1125,73385,20,316823
7100,0.000672,172.217.194.0-255,1484,74869,20,316823
7101,0.000676,172.31.36.0-255,66,74935,20,316823
7102,0.000698,172.217.194.0-255,2902,77837,20,316823
7103,0.000703,172.217.194.0-255,5738,83575,20,316823
7104,0.000704,172.31.36.0-255,66,83641,20,316823
7105,0.000706,172.217.194.0-255,1484,85125,20,316823
7106,0.00072,172.31.36.0-255,66,85191,20,316823
7107,0.000729,172.217.194.0-255,1484,86675,20,316823
7108,0.000753,172.217.194.0-255,2902,89577,20,316823
7109,0.00076,172.31.36.0-255,66,89643,20,316823
7110,0.000804,172.31.36.0-255,66,89709,20,316823
7111,0.00081,172.217.194.0-255,5738,95447,20,316823
7112,0.00081,172.31.36.0-255,66,95513,20,316823
7113,0.000828,172.31.36.0-255,66,95579,20,316823
7114,0.000837,172.217.194.0-255,4472,100051,20,316823
7115,0.000842,172.31.36.0-255,66,100117,20,316823
7116,0.000884,172.217.194.0-255,5379,105496,20,316823
7117,0.000888,172.31.36.0-255,66,105562,20,316823
7118,0.001153,172.217.194.0-255,1484,107046,20,316823
7119,0.001159,172.217.194.0-255,1484,108530,20,316823
7120,0.001162,172.31.36.0-255,66,108596,20,316823
7121,0.001191,172.217.194.0-255,1484,110080,20,316823
7122,0.001198,172.217.194.0-255,5738,115818,20,316823
7123,0.001207,172.31.36.0-255,66,115884,20,316823
7124,0.001234,172.31.36.0-255,66,115950,20,316823
7125,0.001262,172.217.194.0-255,1484,117434,20,316823
7126,0.00127,172.217.194.0-255,7156,124590,20,316823
7127,0.001276,172.31.36.0-255,66,124656,20,316823
7128,0.001285,172.217.194.0-255,3602,128258,20,316823
7129,0.001293,172.31.36.0-255,66,128324,20,316823
7130,0.001534,172.217.194.0-255,1484,129808,20,316823
7131,0.001541,172.217.194.0-255,2902,132710,20,316823
7132,0.001545,172.31.36.0-255,66,132776,20,316823
7133,0.001551,172.217.194.0-255,4320,137096,20,316823
7134,0.001554,172.31.36.0-255,66,137162,20,316823
7135,0.001579,172.217.194.0-255,1484,138646,20,316823
7136,0.001585,172.217.194.0-255,5738,144384,20,316823
7137,0.001596,172.31.36.0-255,66,144450,20,316823
7138,0.001607,172.217.194.0-255,5738,150188,20,316823
7139,0.001619,172.217.194.0-255,7156,157344,20,316823
7140,0.001621,172.31.36.0-255,66,157410,20,316823
7141,0.001625,172.31.36.0-255,66,157476,20,316823
7142,0.00165,172.217.194.0-255,5020,162496,20,316823
7143,0.001666,172.31.36.0-255,66,162562,20,316823
7144,0.001668,172.217.194.0-255,1484,164046,20,316823
7145,0.001684,172.217.194.0-255,2902,166948,20,316823
7146,0.00169,172.31.36.0-255,66,167014,20,316823
7147,0.0017,172.217.194.0-255,2902,169916,20,316823
7148,0.001712,172.31.36.0-255,66,169982,20,316823
7149,0.001715,172.217.194.0-255,2902,172884,20,316823
7150,0.001718,172.31.36.0-255,66,172950,20,316823
7151,0.001773,172.217.194.0-255,4320,177270,20,316823
7152,0.001786,172.31.36.0-255,66,177336,20,316823
7153,0.001799,172.217.194.0-255,7156,184492,20,316823
7154,0.001814,172.31.36.0-255,66,184558,20,316823
7155,0.001818,172.31.36.0-255,66,184624,20,316823
7156,0.002129,172.217.194.0-255,1484,186108,20,316823
7157,0.002151,172.217.194.0-255,2902,189010,20,316823
7158,0.002155,172.31.36.0-255,66,189076,20,316823
7159,0.002164,172.217.194.0-255,5738,194814,20,316823
7160,0.00217,172.31.36.0-255,66,194880,20,316823
7161,0.00219,172.217.194.0-255,4320,199200,20,316823
7162,0.002203,172.31.36.0-255,66,199266,20,316823
7163,0.002213,172.217.194.0-255,5738,205004,20,316823
7164,0.002219,172.31.36.0-255,66,205070,20,316823
7165,0.002226,172.217.194.0-255,7156,212226,20,316823
7166,0.002231,172.31.36.0-255,66,212292,20,316823
7167,0.002248,172.217.194.0-255,4320,216612,20,316823
7168,0.002256,172.31.36.0-255,66,216678,20,316823
7169,0.002261,172.217.194.0-255,2184,218862,20,316823
7170,0.002264,172.31.36.0-255,66,218928,20,316823
7171,0.002343,172.217.194.0-255,1484,220412,20,316823
7172,0.002348,172.217.194.0-255,1484,221896,20,316823
7173,0.002355,172.31.36.0-255,66,221962,20,316823
7174,0.002363,172.217.194.0-255,1484,223446,20,316823
7175,0.002369,172.217.194.0-255,4320,227766,20,316823
7176,0.002377,172.31.36.0-255,66,227832,20,316823
7177,0.002387,172.217.194.0-255,1484,229316,20,316823
7178,0.002405,172.31.36.0-255,66,229382,20,316823
7179,0.002415,172.217.194.0-255,1484,230866,20,316823
7180,0.002434,172.217.194.0-255,2902,233768,20,316823
7181,0.00244,172.31.36.0-255,66,233834,20,316823
7182,0.002446,172.217.194.0-255,2902,236736,20,316823
7183,0.002451,172.31.36.0-255,66,236802,20,316823
7184,0.002463,172.217.194.0-255,4320,241122,20,316823
7185,0.002473,172.31.36.0-255,66,241188,20,316823
7186,0.002489,172.217.194.0-255,3602,244790,20,316823
7187,0.002498,172.31.36.0-255,66,244856,20,316823
7188,0.002523,172.217.194.0-255,1484,246340,20,316823
7189,0.002528,172.217.194.0-255,2902,249242,20,316823
7190,0.002539,172.31.36.0-255,66,249308,20,316823
7191,0.00255,172.217.194.0-255,5738,255046,20,316823
7192,0.002558,172.31.36.0-255,66,255112,20,316823
7193,0.002565,172.217.194.0-255,2902,258014,20,316823
7194,0.00258,172.31.36.0-255,66,258080,20,316823
7195,0.002605,172.31.36.0-255,66,258146,20,316823
7196,0.00262,172.31.36.0-255,66,258212,20,316823
7197,0.002632,172.217.194.0-255,2902,261114,20,316823
7198,0.002643,172.31.36.0-255,66,261180,20,316823
7199,0.005184,172.217.194.0-255,2902,264082,20,316823
7200,0.005192,172.31.36.0-255,66,264148,20,316823
7201,0.005236,172.217.194.0-255,1484,265632,20,316823
7202,0.005248,172.217.194.0-255,1484,267116,20,316823
7203,0.007825,172.217.194.0-255,2902,270018,20,316823
7204,0.008487,172.31.36.0-255,66,270084,20,316823
7205,0.01112,172.217.194.0-255,5738,275822,20,316823
7206,0.011131,172.31.36.0-255,66,275888,20,316823
7207,0.013731,172.217.194.0-255,5738,281626,20,316823
7208,0.013739,172.31.36.0-255,66,281692,20,316823
7209,0.016383,172.217.194.0-255,5738,287430,20,316823
7210,0.016392,172.31.36.0-255,66,287496,20,316823
7211,0.018981,172.217.194.0-255,5738,293234,20,316823
7212,0.018992,172.31.36.0-255,66,293300,20,316823
7213,0.02156,172.217.194.0-255,5738,299038,20,316823
7214,0.021571,172.31.36.0-255,66,299104,20,316823
7215,0.024217,172.217.194.0-255,5738,304842,20,316823
7216,0.024224,172.31.36.0-255,66,304908,20,316823
7217,0.026794,172.217.194.0-255,5738,310646,20,316823
7218,0.026801,172.31.36.0-255,66,310712,20,316823
7219,0.029404,172.217.194.0-255,1586,312298,20,316823
7220,0.029411,172.31.36.0-255,66,312364,20,316823
7221,0.029603,172.31.36.0-255,105,312469,20,316823
7222,0.032113,172.31.36.0-255,172,312641,20,316823
7223,0.032165,172.31.36.0-255,1107,313748,20,316823
7224,0.032217,172.217.194.0-255,66,313814,20,316823
7225,0.032255,172.31.36.0-255,1514,315328,20,316823
7226,0.032258,172.31.36.0-255,1297,316625,20,316823
7227,0.033648,104.244.42.0-255,66,316691,20,316823
7228,0.033715,104.244.42.0-255,66,316757,20,316823
7229,0.033807,104.244.42.0-255,66,316823,20,316823
7230,0.0,74.125.24.0-255,155,155,20,180444
7231,2.7e-05,172.31.36.0-255,66,221,20,180444
7232,3.4e-05,74.125.24.0-255,1484,1705,20,180444
7233,3.8e-05,172.31.36.0-255,66,1771,20,180444
7234,5e-05,74.125.24.0-255,2902,4673,20,180444
7235,5.4e-05,172.31.36.0-255,66,4739,20,180444
7236,6.1e-05,74.125.24.0-255,5738,10477,20,180444
7237,6.3e-05,172.31.36.0-255,66,10543,20,180444
7238,9.7e-05,74.125.24.0-255,3437,13980,20,180444
7239,0.0001,172.31.36.0-255,66,14046,20,180444
7240,0.000129,74.125.24.0-255,4320,18366,20,180444
7241,0.000132,172.31.36.0-255,66,18432,20,180444
7242,0.000139,74.125.24.0-255,5738,24170,20,180444
7243,0.000141,172.31.36.0-255,66,24236,20,180444
7244,0.000168,74.125.24.0-255,4320,28556,20,180444
7245,0.000173,172.31.36.0-255,66,28622,20,180444
7246,0.000177,74.125.24.0-255,2543,31165,20,180444
7247,0.00018,172.31.36.0-255,66,31231,20,180444
7248,0.000524,74.125.24.0-255,1484,32715,20,180444
7249,0.000529,172.31.36.0-255,66,32781,20,180444
7250,0.000536,74.125.24.0-255,2902,35683,20,180444
7251,0.000538,172.31.36.0-255,66,35749,20,180444
7252,0.000557,74.125.24.0-255,2902,38651,20,180444
7253,0.000561,172.31.36.0-255,66,38717,20,180444
7254,0.000589,74.125.24.0-255,2902,41619,20,180444
7255,0.000592,172.31.36.0-255,66,41685,20,180444
7256,0.000599,74.125.24.0-255,6797,48482,20,180444
7257,0.000602,172.31.36.0-255,66,48548,20,180444
7258,0.000615,74.125.24.0-255,5738,54286,20,180444
7259,0.000618,172.31.36.0-255,66,54352,20,180444
7260,0.00066,172.31.36.0-255,66,54418,20,180444
7261,0.000664,74.125.24.0-255,2543,56961,20,180444
7262,0.000668,172.31.36.0-255,66,57027,20,180444
7263,0.000724,74.125.24.0-255,411,57438,20,180444
7264,0.00075,74.125.24.0-255,331,57769,20,180444
7265,0.000832,172.31.36.0-255,66,57835,20,180444
7266,0.001047,74.125.24.0-255,1484,59319,20,180444
7267,0.001057,74.125.24.0-255,2902,62221,20,180444
7268,0.001061,172.31.36.0-255,66,62287,20,180444
7269,0.001068,74.125.24.0-255,5738,68025,20,180444
7270,0.001071,172.31.36.0-255,66,68091,20,180444
7271,0.001123,172.31.36.0-255,66,68157,20,180444
7272,0.001156,74.125.24.0-255,2902,71059,20,180444
7273,0.00116,172.31.36.0-255,66,71125,20,180444
7274,0.00118,172.31.36.0-255,66,71191,20,180444
7275,0.001623,74.125.24.0-255,1484,72675,20,180444
7276,0.001643,74.125.24.0-255,2902,75577,20,180444
7277,0.001647,172.31.36.0-255,66,75643,20,180444
7278,0.001653,74.125.24.0-255,4320,79963,20,180444
7279,0.001655,172.31.36.0-255,66,80029,20,180444
7280,0.001683,74.125.24.0-255,1484,81513,20,180444
7281,0.001697,172.31.36.0-255,66,81579,20,180444
7282,0.001701,74.125.24.0-255,2902,84481,20,180444
7283,0.001703,172.31.36.0-255,66,84547,20,180444
7284,0.001741,172.31.36.0-255,66,84613,20,180444
7285,0.004053,74.125.24.0-255,4320,88933,20,180444
7286,0.004056,172.31.36.0-255,66,88999,20,180444
7287,0.004083,74.125.24.0-255,1484,90483,20,180444
7288,0.006389,74.125.24.0-255,4320,94803,20,180444
7289,0.006395,172.31.36.0-255,66,94869,20,180444
7290,0.008711,74.125.24.0-255,5738,100607,20,180444
7291,0.008719,172.31.36.0-255,66,100673,20,180444
7292,0.011032,74.125.24.0-255,5738,106411,20,180444
7293,0.011042,172.31.36.0-255,66,106477,20,180444
7294,0.013341,74.125.24.0-255,5738,112215,20,180444
7295,0.01335,172.31.36.0-255,66,112281,20,180444
7296,0.015636,74.125.24.0-255,5738,118019,20,180444
7297,0.015642,172.31.36.0-255,66,118085,20,180444
7298,0.01796,74.125.24.0-255,5738,123823,20,180444
7299,0.017968,172.31.36.0-255,66,123889,20,180444
7300,0.020269,74.125.24.0-255,5738,129627,20,180444
7301,0.020277,172.31.36.0-255,66,129693,20,180444
7302,0.022577,74.125.24.0-255,5738,135431,20,180444
7303,0.022584,172.31.36.0-255,66,135497,20,180444
7304,0.024888,74.125.24.0-255,5738,141235,20,180444
7305,0.024896,172.31.36.0-255,66,141301,20,180444
7306,0.027255,74.125.24.0-255,5738,147039,20,180444
7307,0.027263,172.31.36.0-255,66,147105,20,180444
7308,0.029582,74.125.24.0-255,5738,152843,20,180444
7309,0.02959,172.31.36.0-255,66,152909,20,180444
7310,0.031925,74.125.24.0-255,5738,158647,20,180444
7311,0.031933,172.31.36.0-255,66,158713,20,180444
7312,0.032763,172.31.36.0-255,203,158916,20,180444
7313,0.032793,172.31.36.0-255,1107,160023,20,180444
7314,0.032835,172.31.36.0-255,1514,161537,20,180444
7315,0.032837,172.31.36.0-255,1297,162834,20,180444
7316,0.034229,74.125.24.0-255,5738,168572,20,180444
7317,0.034235,172.31.36.0-255,66,168638,20,180444
7318,0.034298,104.244.42.0-255,66,168704,20,180444
7319,0.034305,104.244.42.0-255,66,168770,20,180444
7320,0.034401,104.244.42.0-255,66,168836,20,180444
7321,0.036534,74.125.24.0-255,5738,174574,20,180444
7322,0.036541,172.31.36.0-255,66,174640,20,180444
7323,0.038826,74.125.24.0-255,5738,180378,20,180444
7324,0.038832,172.31.36.0-255,66,180444,20,180444
7325,0.0,172.217.194.0-255,152,152,20,259987
7326,2.4e-05,172.31.36.0-255,66,218,20,259987
7327,3.1e-05,172.217.194.0-255,1484,1702,20,259987
7328,3.6e-05,172.31.36.0-255,66,1768,20,259987
7329,4.9e-05,172.217.194.0-255,2902,4670,20,259987
7330,5.2e-05,172.31.36.0-255,66,4736,20,259987
7331,6e-05,172.217.194.0-255,7156,11892,20,259987
7332,6.4e-05,172.31.36.0-255,66,11958,20,259987
7333,6.8e-05,172.217.194.0-255,2054,14012,20,259987
7334,7.1e-05,172.31.36.0-255,66,14078,20,259987
7335,0.000122,172.217.194.0-255,1484,15562,20,259987
7336,0.000125,172.31.36.0-255,66,15628,20,259987
7337,0.00013,172.217.194.0-255,2902,18530,20,259987
7338,0.000133,172.31.36.0-255,66,18596,20,259987
7339,0.000135,172.217.194.0-255,1484,20080,20,259987
7340,0.000144,172.31.36.0-255,66,20146,20,259987
7341,0.00018,172.217.194.0-255,4320,24466,20,259987
7342,0.000183,172.31.36.0-255,66,24532,20,259987
7343,0.00019,172.217.194.0-255,6797,31329,20,259987
7344,0.000192,172.31.36.0-255,66,31395,20,259987
7345,0.000227,172.217.194.0-255,1484,32879,20,259987
7346,0.00023,172.31.36.0-255,66,32945,20,259987
7347,0.000235,172.217.194.0-255,2902,35847,20,259987
7348,0.000237,172.31.36.0-255,66,35913,20,259987
7349,0.00024,172.217.194.0-255,1484,37397,20,259987
7350,0.000247,172.31.36.0-255,66,37463,20,259987
7351,0.000278,172.217.194.0-255,4320,41783,20,259987
7352,0.000283,172.31.36.0-255,66,41849,20,259987
7353,0.00029,172.217.194.0-255,6797,48646,20,259987
7354,0.000292,172.31.36.0-255,66,48712,20,259987
7355,0.000511,172.217.194.0-255,1484,50196,20,259987
7356,0.000515,172.31.36.0-255,66,50262,20,259987
7357,0.000521,172.217.194.0-255,2902,53164,20,259987
7358,0.000523,172.31.36.0-255,66,53230,20,259987
7359,0.000554,172.217.194.0-255,5738,58968,20,259987
7360,0.000558,172.31.36.0-255,66,59034,20,259987
7361,0.000561,172.217.194.0-255,1484,60518,20,259987
7362,0.000601,172.31.36.0-255,66,60584,20,259987
7363,0.000619,172.31.36.0-255,66,60650,20,259987
7364,0.000644,172.217.194.0-255,1705,62355,20,259987
7365,0.000649,172.31.36.0-255,66,62421,20,259987
7366,0.000741,172.217.194.0-255,1484,63905,20,259987
7367,0.000757,172.217.194.0-255,2902,66807,20,259987
7368,0.00076,172.31.36.0-255,66,66873,20,259987
7369,0.000764,172.217.194.0-255,1484,68357,20,259987
7370,0.000789,172.217.194.0-255,4320,72677,20,259987
7371,0.000793,172.31.36.0-255,66,72743,20,259987
7372,0.0008,172.217.194.0-255,7156,79899,20,259987
7373,0.000808,172.31.36.0-255,66,79965,20,259987
7374,0.000812,172.217.194.0-255,1484,81449,20,259987
7375,0.000835,172.217.194.0-255,7156,88605,20,259987
7376,0.000838,172.31.36.0-255,66,88671,20,259987
7377,0.00087,172.217.194.0-255,5738,94409,20,259987
7378,0.000873,172.31.36.0-255,66,94475,20,259987
7379,0.000877,172.217.194.0-255,2184,96659,20,259987
7380,0.000879,172.31.36.0-255,66,96725,20,259987
7381,0.000948,172.217.194.0-255,1484,98209,20,259987
7382,0.000952,172.217.194.0-255,2902,101111,20,259987
7383,0.000955,172.31.36.0-255,66,101177,20,259987
7384,0.000982,172.217.194.0-255,5738,106915,20,259987
7385,0.000985,172.31.36.0-255,66,106981,20,259987
7386,0.000991,172.217.194.0-255,6797,113778,20,259987
7387,0.000993,172.31.36.0-255,66,113844,20,259987
7388,0.001033,172.217.194.0-255,4320,118164,20,259987
7389,0.001037,172.31.36.0-255,66,118230,20,259987
7390,0.001079,172.31.36.0-255,66,118296,20,259987
7391,0.001101,172.31.36.0-255,66,118362,20,259987
7392,0.001107,172.217.194.0-255,5020,123382,20,259987
7393,0.001109,172.31.36.0-255,66,123448,20,259987
7394,0.001183,172.217.194.0-255,1484,124932,20,259987
7395,0.001188,172.217.194.0-255,2902,127834,20,259987
7396,0.00119,172.31.36.0-255,66,127900,20,259987
7397,0.001194,172.217.194.0-255,1484,129384,20,259987
7398,0.001218,172.217.194.0-255,4320,133704,20,259987
7399,0.001221,172.31.36.0-255,66,133770,20,259987
7400,0.001227,172.217.194.0-255,5738,139508,20,259987
7401,0.001229,172.31.36.0-255,66,139574,20,259987
7402,0.001257,172.217.194.0-255,7156,146730,20,259987
7403,0.001261,172.31.36.0-255,66,146796,20,259987
7404,0.001272,172.31.36.0-255,66,146862,20,259987
7405,0.001293,172.217.194.0-255,766,147628,20,259987
7406,0.001385,172.217.194.0-255,1484,149112,20,259987
7407,0.001388,172.31.36.0-255,66,149178,20,259987
7408,0.001394,172.217.194.0-255,2902,152080,20,259987
7409,0.001396,172.31.36.0-255,66,152146,20,259987
7410,0.001424,172.217.194.0-255,5738,157884,20,259987
7411,0.001427,172.31.36.0-255,66,157950,20,259987
7412,0.001432,172.217.194.0-255,2902,160852,20,259987
7413,0.001434,172.31.36.0-255,66,160918,20,259987
7414,0.001471,172.31.36.0-255,66,160984,20,259987
7415,0.001485,172.31.36.0-255,66,161050,20,259987
7416,0.001539,172.31.36.0-255,66,161116,20,259987
7417,0.001572,172.31.36.0-255,66,161182,20,259987
7418,0.001582,172.31.36.0-255,66,161248,20,259987
7419,0.001585,172.217.194.0-255,1484,162732,20,259987
7420,0.00159,172.217.194.0-255,2902,165634,20,259987
7421,0.001594,172.31.36.0-255,66,165700,20,259987
7422,0.001652,172.217.194.0-255,5738,171438,20,259987
7423,0.001657,172.31.36.0-255,66,171504,20,259987
7424,0.001663,172.217.194.0-255,7156,178660,20,259987
7425,0.001666,172.31.36.0-255,66,178726,20,259987
7426,0.001673,172.217.194.0-255,7156,185882,20,259987
7427,0.001676,172.31.36.0-255,66,185948,20,259987
7428,0.001709,172.217.194.0-255,7156,193104,20,259987
7429,0.001712,172.31.36.0-255,66,193170,20,259987
7430,0.001717,172.217.194.0-255,1635,194805,20,259987
7431,0.001719,172.31.36.0-255,66,194871,20,259987
7432,0.001766,172.31.36.0-255,66,194937,20,259987
7433,0.001772,172.217.194.0-255,5738,200675,20,259987
7434,0.001775,172.31.36.0-255,66,200741,20,259987
7435,0.001803,172.217.194.0-255,1484,202225,20,259987
7436,0.001814,172.31.36.0-255,66,202291,20,259987
7437,0.001921,172.217.194.0-255,1484,203775,20,259987
7438,0.00194,172.217.194.0-255,2902,206677,20,259987
7439,0.001944,172.31.36.0-255,66,206743,20,259987
7440,0.001972,172.217.194.0-255,5738,212481,20,259987
7441,0.001975,172.31.36.0-255,66,212547,20,259987
7442,0.001999,172.31.36.0-255,66,212613,20,259987
7443,0.002029,172.217.194.0-255,4320,216933,20,259987
7444,0.002032,172.31.36.0-255,66,216999,20,259987
7445,0.00204,172.217.194.0-255,7156,224155,20,259987
7446,0.002043,172.31.36.0-255,66,224221,20,259987
7447,0.002057,172.217.194.0-255,3602,227823,20,259987
7448,0.00206,172.31.36.0-255,66,227889,20,259987
7449,0.002193,172.217.194.0-255,1484,229373,20,259987
7450,0.002197,172.217.194.0-255,1484,230857,20,259987
7451,0.0022,172.31.36.0-255,66,230923,20,259987
7452,0.002224,172.217.194.0-255,1484,232407,20,259987
7453,0.00223,172.217.194.0-255,5738,238145,20,259987
7454,0.002234,172.31.36.0-255,66,238211,20,259987
7455,0.002263,172.217.194.0-255,7156,245367,20,259987
7456,0.002267,172.31.36.0-255,66,245433,20,259987
7457,0.00227,172.217.194.0-255,1484,246917,20,259987
7458,0.0023,172.31.36.0-255,66,246983,20,259987
7459,0.002331,172.217.194.0-255,5256,252239,20,259987
7460,0.002335,172.31.36.0-255,66,252305,20,259987
7461,0.00463,172.217.194.0-255,105,252410,20,259987
7462,0.008875,172.31.36.0-255,66,252476,20,259987
7463,0.008912,172.31.36.0-255,105,252581,20,259987
7464,0.011221,172.217.194.0-255,66,252647,20,259987
7465,0.026109,172.31.36.0-255,172,252819,20,259987
7466,0.02614,172.31.36.0-255,1107,253926,20,259987
7467,0.026187,172.31.36.0-255,1514,255440,20,259987
7468,0.026189,172.31.36.0-255,1514,256954,20,259987
7469,0.02619,172.31.36.0-255,1514,258468,20,259987
7470,0.026191,172.31.36.0-255,1081,259549,20,259987
7471,0.027628,104.244.42.0-255,66,259615,20,259987
7472,0.027697,104.244.42.0-255,66,259681,20,259987
7473,0.027749,104.244.42.0-255,66,259747,20,259987
7474,0.027752,104.244.42.0-255,66,259813,20,259987
7475,0.028291,104.244.42.0-255,108,259921,20,259987
7476,0.028295,172.31.36.0-255,66,259987,20,259987
7477,0.0,74.125.130.0-255,150,150,20,349860
7478,2.2e-05,172.31.36.0-255,66,216,20,349860
7479,3e-05,74.125.130.0-255,1484,1700,20,349860
7480,3.5e-05,172.31.36.0-255,66,1766,20,349860
7481,4.9e-05,74.125.130.0-255,2902,4668,20,349860
7482,5.3e-05,172.31.36.0-255,66,4734,20,349860
7483,9.4e-05,74.125.130.0-255,5738,10472,20,349860
7484,9.7e-05,172.31.36.0-255,66,10538,20,349860
7485,0.00014,74.125.130.0-255,6334,16872,20,349860
7486,0.000143,172.31.36.0-255,66,16938,20,349860
7487,0.000146,74.125.130.0-255,1484,18422,20,349860
7488,0.000148,172.31.36.0-255,66,18488,20,349860
7489,0.000153,74.125.130.0-255,2902,21390,20,349860
7490,0.000163,172.31.36.0-255,66,21456,20,349860
7491,0.000194,74.125.130.0-255,2902,24358,20,349860
7492,0.000197,172.31.36.0-255,66,24424,20,349860
7493,0.000203,74.125.130.0-255,4320,28744,20,349860
7494,0.000205,172.31.36.0-255,66,28810,20,349860
7495,0.000223,74.125.130.0-255,2543,31353,20,349860
7496,0.000229,172.31.36.0-255,66,31419,20,349860
7497,0.000399,74.125.130.0-255,1484,32903,20,349860
7498,0.000404,172.31.36.0-255,66,32969,20,349860
7499,0.000432,74.125.130.0-255,2902,35871,20,349860
7500,0.000435,172.31.36.0-255,66,35937,20,349860
7501,0.000438,74.125.130.0-255,1484,37421,20,349860
7502,0.00044,172.31.36.0-255,66,37487,20,349860
7503,0.000446,74.125.130.0-255,2902,40389,20,349860
7504,0.000452,172.31.36.0-255,66,40455,20,349860
7505,0.000485,74.125.130.0-255,5738,46193,20,349860
7506,0.000488,172.31.36.0-255,66,46259,20,349860
7507,0.00053,74.125.130.0-255,1484,47743,20,349860
7508,0.000533,172.31.36.0-255,66,47809,20,349860
7509,0.000554,74.125.130.0-255,3961,51770,20,349860
7510,0.000557,172.31.36.0-255,66,51836,20,349860
7511,0.000564,74.125.130.0-255,5738,57574,20,349860
7512,0.000567,172.31.36.0-255,66,57640,20,349860
7513,0.000606,172.31.36.0-255,66,57706,20,349860
7514,0.000631,74.125.130.0-255,399,58105,20,349860
7515,0.000769,74.125.130.0-255,1484,59589,20,349860
7516,0.000775,172.31.36.0-255,66,59655,20,349860
7517,0.000781,74.125.130.0-255,2902,62557,20,349860
7518,0.000783,172.31.36.0-255,66,62623,20,349860
7519,0.000805,74.125.130.0-255,4320,66943,20,349860
7520,0.000807,172.31.36.0-255,66,67009,20,349860
7521,0.000826,74.125.130.0-255,1484,68493,20,349860
7522,0.000851,74.125.130.0-255,6797,75290,20,349860
7523,0.000854,172.31.36.0-255,66,75356,20,349860
7524,0.000886,74.125.130.0-255,7156,82512,20,349860
7525,0.000889,172.31.36.0-255,66,82578,20,349860
7526,0.000894,74.125.130.0-255,2902,85480,20,349860
7527,0.000896,172.31.36.0-255,66,85546,20,349860
7528,0.000933,74.125.130.0-255,1484,87030,20,349860
7529,0.000954,74.125.130.0-255,5379,92409,20,349860
7530,0.000957,172.31.36.0-255,66,92475,20,349860
7531,0.001018,74.125.130.0-255,1484,93959,20,349860
7532,0.001035,74.125.130.0-255,2902,96861,20,349860
7533,0.001039,172.31.36.0-255,66,96927,20,349860
7534,0.001068,74.125.130.0-255,5738,102665,20,349860
7535,0.001071,172.31.36.0-255,66,102731,20,349860
7536,0.001107,172.31.36.0-255,66,102797,20,349860
7537,0.001137,74.125.130.0-255,2902,105699,20,349860
7538,0.00114,172.31.36.0-255,66,105765,20,349860
7539,0.001146,74.125.130.0-255,2902,108667,20,349860
7540,0.001148,172.31.36.0-255,66,108733,20,349860
7541,0.001192,172.31.36.0-255,66,108799,20,349860
7542,0.001334,74.125.130.0-255,1484,110283,20,349860
7543,0.001347,74.125.130.0-255,1484,111767,20,349860
7544,0.00135,172.31.36.0-255,66,111833,20,349860
7545,0.001356,74.125.130.0-255,2902,114735,20,349860
7546,0.001359,172.31.36.0-255,66,114801,20,349860
7547,0.0014,74.125.130.0-255,5738,120539,20,349860
7548,0.001404,172.31.36.0-255,66,120605,20,349860
7549,0.001442,74.125.130.0-255,2902,123507,20,349860
7550,0.001445,172.31.36.0-255,66,123573,20,349860
7551,0.001473,74.125.130.0-255,4320,127893,20,349860
7552,0.001476,172.31.36.0-255,66,127959,20,349860
7553,0.0015,74.125.130.0-255,4320,132279,20,349860
7554,0.001503,172.31.36.0-255,66,132345,20,349860
7555,0.001531,74.125.130.0-255,5738,138083,20,349860
7556,0.001534,172.31.36.0-255,66,138149,20,349860
7557,0.001539,74.125.130.0-255,2902,141051,20,349860
7558,0.001542,172.31.36.0-255,66,141117,20,349860
7559,0.001572,74.125.130.0-255,2184,143301,20,349860
7560,0.001575,172.31.36.0-255,66,143367,20,349860
7561,0.001663,74.125.130.0-255,1484,144851,20,349860
7562,0.001691,74.125.130.0-255,2902,147753,20,349860
7563,0.001694,172.31.36.0-255,66,147819,20,349860
7564,0.001725,74.125.130.0-255,4320,152139,20,349860
7565,0.001728,172.31.36.0-255,66,152205,20,349860
7566,0.001747,74.125.130.0-255,7156,159361,20,349860
7567,0.001754,172.31.36.0-255,66,159427,20,349860
7568,0.001785,172.31.36.0-255,66,159493,20,349860
7569,0.001833,74.125.130.0-255,2902,162395,20,349860
7570,0.001835,172.31.36.0-255,66,162461,20,349860
7571,0.001862,74.125.130.0-255,5738,168199,20,349860
7572,0.001864,74.125.130.0-255,766,168965,20,349860
7573,0.001868,172.31.36.0-255,66,169031,20,349860
7574,0.001928,74.125.130.0-255,1484,170515,20,349860
7575,0.001931,172.31.36.0-255,66,170581,20,349860
7576,0.001935,74.125.130.0-255,1484,172065,20,349860
7577,0.00196,74.125.130.0-255,2902,174967,20,349860
7578,0.001963,172.31.36.0-255,66,175033,20,349860
7579,0.001969,74.125.130.0-255,4320,179353,20,349860
7580,0.001971,172.31.36.0-255,66,179419,20,349860
7581,0.001992,74.125.130.0-255,1484,180903,20,349860
7582,0.001998,74.125.130.0-255,5738,186641,20,349860
7583,0.002006,172.31.36.0-255,66,186707,20,349860
7584,0.002023,74.125.130.0-255,2902,189609,20,349860
7585,0.002026,172.31.36.0-255,66,189675,20,349860
7586,0.00203,74.125.130.0-255,2902,192577,20,349860
7587,0.002033,172.31.36.0-255,66,192643,20,349860
7588,0.002072,74.125.130.0-255,7156,199799,20,349860
7589,0.002075,172.31.36.0-255,66,199865,20,349860
7590,0.002081,74.125.130.0-255,3602,203467,20,349860
7591,0.002083,172.31.36.0-255,66,203533,20,349860
7592,0.002406,74.125.130.0-255,1484,205017,20,349860
7593,0.002411,74.125.130.0-255,1484,206501,20,349860
7594,0.002414,172.31.36.0-255,66,206567,20,349860
7595,0.00244,74.125.130.0-255,1484,208051,20,349860
7596,0.002446,74.125.130.0-255,5738,213789,20,349860
7597,0.002449,172.31.36.0-255,66,213855,20,349860
7598,0.002461,74.125.130.0-255,5738,219593,20,349860
7599,0.002468,172.31.36.0-255,66,219659,20,349860
7600,0.002473,74.125.130.0-255,2902,222561,20,349860
7601,0.002476,172.31.36.0-255,66,222627,20,349860
7602,0.002497,74.125.130.0-255,4320,226947,20,349860
7603,0.002499,172.31.36.0-255,66,227013,20,349860
7604,0.002507,74.125.130.0-255,7156,234169,20,349860
7605,0.002509,172.31.36.0-255,66,234235,20,349860
7606,0.002539,74.125.130.0-255,1484,235719,20,349860
7607,0.002542,74.125.130.0-255,1484,237203,20,349860
7608,0.002544,172.31.36.0-255,66,237269,20,349860
7609,0.002577,172.31.36.0-255,66,237335,20,349860
7610,0.002589,172.31.36.0-255,66,237401,20,349860
7611,0.00262,74.125.130.0-255,1484,238885,20,349860
7612,0.002632,172.31.36.0-255,66,238951,20,349860
7613,0.00266,74.125.130.0-255,4320,243271,20,349860
7614,0.002662,172.31.36.0-255,66,243337,20,349860
7615,0.002688,74.125.130.0-255,2184,245521,20,349860
7616,0.00269,172.31.36.0-255,66,245587,20,349860
7617,0.002697,74.125.130.0-255,7156,252743,20,349860
7618,0.0027,172.31.36.0-255,66,252809,20,349860
7619,0.002704,74.125.130.0-255,2902,255711,20,349860
7620,0.00271,172.31.36.0-255,66,255777,20,349860
7621,0.002716,74.125.130.0-255,4320,260097,20,349860
7622,0.002718,172.31.36.0-255,66,260163,20,349860
7623,0.002753,74.125.130.0-255,4320,264483,20,349860
7624,0.002756,172.31.36.0-255,66,264549,20,349860
7625,0.002787,74.125.130.0-255,4320,268869,20,349860
7626,0.00279,172.31.36.0-255,66,268935,20,349860
7627,0.002796,74.125.130.0-255,5738,274673,20,349860
7628,0.002799,172.31.36.0-255,66,274739,20,349860
7629,0.002806,74.125.130.0-255,5020,279759,20,349860
7630,0.002812,172.31.36.0-255,66,279825,20,349860
7631,0.005582,74.125.130.0-255,5738,285563,20,349860
7632,0.0056,172.31.36.0-255,66,285629,20,349860
7633,0.008371,74.125.130.0-255,5738,291367,20,349860
7634,0.008379,172.31.36.0-255,66,291433,20,349860
7635,0.011141,74.125.130.0-255,5738,297171,20,349860
7636,0.011149,172.31.36.0-255,66,297237,20,349860
7637,0.013954,74.125.130.0-255,5738,302975,20,349860
7638,0.013972,172.31.36.0-255,66,303041,20,349860
7639,0.016762,74.125.130.0-255,5738,308779,20,349860
7640,0.016783,172.31.36.0-255,66,308845,20,349860
7641,0.01957,74.125.130.0-255,5738,314583,20,349860
7642,0.019592,172.31.36.0-255,66,314649,20,349860
7643,0.022437,74.125.130.0-255,5738,320387,20,349860
7644,0.022465,172.31.36.0-255,66,320453,20,349860
7645,0.025257,74.125.130.0-255,5738,326191,20,349860
7646,0.025278,172.31.36.0-255,66,326257,20,349860
7647,0.028054,74.125.130.0-255,5738,331995,20,349860
7648,0.028074,172.31.36.0-255,66,332061,20,349860
7649,0.030884,74.125.130.0-255,5738,337799,20,349860
7650,0.030904,172.31.36.0-255,66,337865,20,349860
7651,0.033691,74.125.130.0-255,5738,343603,20,349860
7652,0.033711,172.31.36.0-255,66,343669,20,349860
7653,0.036515,74.125.130.0-255,5738,349407,20,349860
7654,0.036535,172.31.36.0-255,66,349473,20,349860
7655,0.039293,74.125.130.0-255,216,349689,20,349860
7656,0.039661,172.31.36.0-255,66,349755,20,349860
7657,0.039709,172.31.36.0-255,105,349860,20,349860
7658,0.0,172.217.194.0-255,153,153,20,171177
7659,3.5e-05,172.31.36.0-255,66,219,20,171177
7660,4.3e-05,172.217.194.0-255,1484,1703,20,171177
7661,4.8e-05,172.31.36.0-255,66,1769,20,171177
7662,7.1e-05,172.217.194.0-255,1484,3253,20,171177
7663,7.3e-05,172.31.36.0-255,66,3319,20,171177
7664,8.8e-05,172.217.194.0-255,4320,7639,20,171177
7665,9.1e-05,172.31.36.0-255,66,7705,20,171177
7666,0.00011,172.217.194.0-255,1484,9189,20,171177
7667,0.000112,172.31.36.0-255,66,9255,20,171177
7668,0.000139,172.217.194.0-255,6288,15543,20,171177
7669,0.000143,172.31.36.0-255,66,15609,20,171177
7670,0.000146,172.217.194.0-255,1484,17093,20,171177
7671,0.000152,172.31.36.0-255,66,17159,20,171177
7672,0.000181,172.217.194.0-255,7156,24315,20,171177
7673,0.000185,172.31.36.0-255,66,24381,20,171177
7674,0.000192,172.217.194.0-255,6797,31178,20,171177
7675,0.000197,172.31.36.0-255,66,31244,20,171177
7676,0.000274,172.217.194.0-255,1484,32728,20,171177
7677,0.00028,172.31.36.0-255,66,32794,20,171177
7678,0.000285,172.217.194.0-255,2902,35696,20,171177
7679,0.000289,172.31.36.0-255,66,35762,20,171177
7680,0.000295,172.217.194.0-255,5738,41500,20,171177
7681,0.000297,172.31.36.0-255,66,41566,20,171177
7682,0.000305,172.217.194.0-255,6797,48363,20,171177
7683,0.000308,172.31.36.0-255,66,48429,20,171177
7684,0.000351,172.31.36.0-255,66,48495,20,171177
7685,0.000372,172.217.194.0-255,2833,51328,20,171177
7686,0.000376,172.31.36.0-255,66,51394,20,171177
7687,0.000633,172.217.194.0-255,99,51493,20,171177
7688,0.00064,172.31.36.0-255,66,51559,20,171177
7689,0.000772,172.217.194.0-255,1484,53043,20,171177
7690,0.00081,172.217.194.0-255,2902,55945,20,171177
7691,0.000816,172.217.194.0-255,4320,60265,20,171177
7692,0.000819,172.31.36.0-255,66,60331,20,171177
7693,0.000836,172.31.36.0-255,66,60397,20,171177
7694,0.000843,172.217.194.0-255,1484,61881,20,171177
7695,0.000849,172.217.194.0-255,4320,66201,20,171177
7696,0.000854,172.31.36.0-255,66,66267,20,171177
7697,0.000873,172.217.194.0-255,1484,67751,20,171177
7698,0.000911,172.31.36.0-255,66,67817,20,171177
7699,0.000925,172.217.194.0-255,5379,73196,20,171177
7700,0.00093,172.217.194.0-255,2543,75739,20,171177
7701,0.000936,172.31.36.0-255,66,75805,20,171177
7702,0.002184,172.217.194.0-255,1484,77289,20,171177
7703,0.002192,172.217.194.0-255,1484,78773,20,171177
7704,0.002197,172.31.36.0-255,66,78839,20,171177
7705,0.002204,172.217.194.0-255,2902,81741,20,171177
7706,0.002231,172.217.194.0-255,4320,86061,20,171177
7707,0.002241,172.217.194.0-255,1484,87545,20,171177
7708,0.002292,172.217.194.0-255,2902,90447,20,171177
7709,0.006525,172.31.36.0-255,66,90513,20,171177
7710,0.008879,172.217.194.0-255,5738,96251,20,171177
7711,0.008895,172.31.36.0-255,66,96317,20,171177
7712,0.01122,172.217.194.0-255,5738,102055,20,171177
7713,0.01429,172.31.36.0-255,66,102121,20,171177
7714,0.016594,172.217.194.0-255,5738,107859,20,171177
7715,0.016605,172.31.36.0-255,66,107925,20,171177
7716,0.018929,172.217.194.0-255,5738,113663,20,171177
7717,0.01894,172.31.36.0-255,66,113729,20,171177
7718,0.021257,172.217.194.0-255,5738,119467,20,171177
7719,0.021264,172.31.36.0-255,66,119533,20,171177
7720,0.023625,172.217.194.0-255,5738,125271,20,171177
7721,0.023632,172.31.36.0-255,66,125337,20,171177
7722,0.025013,172.31.36.0-255,172,125509,20,171177
7723,0.025057,172.31.36.0-255,1112,126621,20,171177
7724,0.025154,172.31.36.0-255,1514,128135,20,171177
7725,0.025157,172.31.36.0-255,1292,129427,20,171177
7726,0.025947,172.217.194.0-255,2902,132329,20,171177
7727,0.025952,172.31.36.0-255,66,132395,20,171177
7728,0.025983,172.217.194.0-255,2902,135297,20,171177
7729,0.026003,172.31.36.0-255,66,135363,20,171177
7730,0.026596,104.244.42.0-255,66,135429,20,171177
7731,0.026604,104.244.42.0-255,66,135495,20,171177
7732,0.026713,104.244.42.0-255,66,135561,20,171177
7733,0.02826,172.217.194.0-255,2902,138463,20,171177
7734,0.028266,172.31.36.0-255,66,138529,20,171177
7735,0.028315,172.217.194.0-255,2902,141431,20,171177
7736,0.028321,172.31.36.0-255,66,141497,20,171177
7737,0.03056,172.217.194.0-255,2902,144399,20,171177
7738,0.030565,172.31.36.0-255,66,144465,20,171177
7739,0.030635,172.217.194.0-255,2902,147367,20,171177
7740,0.030643,172.31.36.0-255,66,147433,20,171177
7741,0.032867,172.217.194.0-255,2902,150335,20,171177
7742,0.032873,172.31.36.0-255,66,150401,20,171177
7743,0.032945,172.217.194.0-255,2902,153303,20,171177
7744,0.032952,172.31.36.0-255,66,153369,20,171177
7745,0.035175,172.217.194.0-255,2902,156271,20,171177
7746,0.035181,172.31.36.0-255,66,156337,20,171177
7747,0.035242,172.217.194.0-255,2902,159239,20,171177
7748,0.035257,172.31.36.0-255,66,159305,20,171177
7749,0.037482,172.217.194.0-255,2902,162207,20,171177
7750,0.037488,172.31.36.0-255,66,162273,20,171177
7751,0.037578,172.217.194.0-255,2902,165175,20,171177
7752,0.037588,172.31.36.0-255,66,165241,20,171177
7753,0.039813,172.217.194.0-255,2902,168143,20,171177
7754,0.039824,172.31.36.0-255,66,168209,20,171177
7755,0.039891,172.217.194.0-255,2902,171111,20,171177
7756,0.039899,172.31.36.0-255,66,171177,20,171177
7757,0.0,74.125.24.0-255,153,153,20,257072
7758,4e-05,172.31.36.0-255,66,219,20,257072
7759,4.8e-05,74.125.24.0-255,1484,1703,20,257072
7760,5.2e-05,172.31.36.0-255,66,1769,20,257072
7761,5.8e-05,74.125.24.0-255,2902,4671,20,257072
7762,6e-05,172.31.36.0-255,66,4737,20,257072
7763,6.7e-05,74.125.24.0-255,5738,10475,20,257072
7764,6.9e-05,172.31.36.0-255,66,10541,20,257072
7765,9e-05,74.125.24.0-255,3485,14026,20,257072
7766,9.3e-05,172.31.36.0-255,66,14092,20,257072
7767,0.000202,74.125.24.0-255,1484,15576,20,257072
7768,0.000206,172.31.36.0-255,66,15642,20,257072
7769,0.00021,74.125.24.0-255,1484,17126,20,257072
7770,0.000212,172.31.36.0-255,66,17192,20,257072
7771,0.000227,74.125.24.0-255,1484,18676,20,257072
7772,0.00023,172.31.36.0-255,66,18742,20,257072
7773,0.000237,74.125.24.0-255,5738,24480,20,257072
7774,0.000239,172.31.36.0-255,66,24546,20,257072
7775,0.000242,74.125.24.0-255,1484,26030,20,257072
7776,0.000244,172.31.36.0-255,66,26096,20,257072
7777,0.000268,74.125.24.0-255,5379,31475,20,257072
7778,0.000271,172.31.36.0-255,66,31541,20,257072
7779,0.000327,74.125.24.0-255,1484,33025,20,257072
7780,0.000329,172.31.36.0-255,66,33091,20,257072
7781,0.000333,74.125.24.0-255,1484,34575,20,257072
7782,0.000335,172.31.36.0-255,66,34641,20,257072
7783,0.000349,74.125.24.0-255,1484,36125,20,257072
7784,0.000351,172.31.36.0-255,66,36191,20,257072
7785,0.000354,74.125.24.0-255,1484,37675,20,257072
7786,0.000357,172.31.36.0-255,66,37741,20,257072
7787,0.000363,74.125.24.0-255,5738,43479,20,257072
7788,0.000366,172.31.36.0-255,66,43545,20,257072
7789,0.000465,74.125.24.0-255,361,43906,20,257072
7790,0.000619,74.125.24.0-255,131,44037,20,257072
7791,0.00063,74.125.24.0-255,347,44384,20,257072
7792,0.001051,74.125.24.0-255,1484,45868,20,257072
7793,0.001057,74.125.24.0-255,2902,48770,20,257072
7794,0.001079,74.125.24.0-255,5738,54508,20,257072
7795,0.001092,74.125.24.0-255,1484,55992,20,257072
7796,0.001105,74.125.24.0-255,4320,60312,20,257072
7797,0.001121,74.125.24.0-255,7156,67468,20,257072
7798,0.001126,74.125.24.0-255,2902,70370,20,257072
7799,0.001274,74.125.24.0-255,1484,71854,20,257072
7800,0.001279,74.125.24.0-255,2902,74756,20,257072
7801,0.001302,74.125.24.0-255,4320,79076,20,257072
7802,0.001314,74.125.24.0-255,1484,80560,20,257072
7803,0.001327,74.125.24.0-255,2902,83462,20,257072
7804,0.001368,74.125.24.0-255,7156,90618,20,257072
7805,0.001393,74.125.24.0-255,5020,95638,20,257072
7806,0.001397,74.125.24.0-255,4320,99958,20,257072
7807,0.001412,74.125.24.0-255,1484,101442,20,257072
7808,0.001425,74.125.24.0-255,4320,105762,20,257072
7809,0.001463,74.125.24.0-255,7156,112918,20,257072
7810,0.001484,74.125.24.0-255,3602,116520,20,257072
7811,0.001603,74.125.24.0-255,1484,118004,20,257072
7812,0.001607,74.125.24.0-255,1484,119488,20,257072
7813,0.001621,74.125.24.0-255,1484,120972,20,257072
7814,0.001636,74.125.24.0-255,5738,126710,20,257072
7815,0.001655,74.125.24.0-255,7156,133866,20,257072
7816,0.001683,74.125.24.0-255,1484,135350,20,257072
7817,0.001697,74.125.24.0-255,5738,141088,20,257072
7818,0.001724,74.125.24.0-255,7156,148244,20,257072
7819,0.001727,74.125.24.0-255,2184,150428,20,257072
7820,0.00199,74.125.24.0-255,1484,151912,20,257072
7821,0.001997,74.125.24.0-255,2902,154814,20,257072
7822,0.002001,74.125.24.0-255,1484,156298,20,257072
7823,0.002016,74.125.24.0-255,4320,160618,20,257072
7824,0.002034,74.125.24.0-255,1484,162102,20,257072
7825,0.002068,74.125.24.0-255,5738,167840,20,257072
7826,0.002137,74.125.24.0-255,1484,169324,20,257072
7827,0.002185,74.125.24.0-255,4320,173644,20,257072
7828,0.002189,74.125.24.0-255,2184,175828,20,257072
7829,0.002192,172.31.36.0-255,66,175894,20,257072
7830,0.002199,172.31.36.0-255,66,175960,20,257072
7831,0.002227,74.125.24.0-255,1484,177444,20,257072
7832,0.002242,74.125.24.0-255,2902,180346,20,257072
7833,0.002257,74.125.24.0-255,5738,186084,20,257072
7834,0.002272,74.125.24.0-255,1484,187568,20,257072
7835,0.002287,74.125.24.0-255,7156,194724,20,257072
7836,0.002302,74.125.24.0-255,1484,196208,20,257072
7837,0.002307,74.125.24.0-255,2902,199110,20,257072
7838,0.002329,74.125.24.0-255,7156,206266,20,257072
7839,0.002355,74.125.24.0-255,3602,209868,20,257072
7840,0.002373,74.125.24.0-255,5738,215606,20,257072
7841,0.002418,74.125.24.0-255,2902,218508,20,257072
7842,0.002457,74.125.24.0-255,5738,224246,20,257072
7843,0.002487,74.125.24.0-255,2184,226430,20,257072
7844,0.002489,74.125.24.0-255,1484,227914,20,257072
7845,0.002492,74.125.24.0-255,1484,229398,20,257072
7846,0.002503,74.125.24.0-255,1484,230882,20,257072
7847,0.00251,74.125.24.0-255,5738,236620,20,257072
7848,0.002537,74.125.24.0-255,5738,242358,20,257072
7849,0.002553,74.125.24.0-255,7156,249514,20,257072
7850,0.002581,74.125.24.0-255,4320,253834,20,257072
7851,0.002621,74.125.24.0-255,105,253939,20,257072
7852,0.002648,172.31.36.0-255,66,254005,20,257072
7853,0.005664,172.31.36.0-255,105,254110,20,257072
7854,0.007885,74.125.24.0-255,66,254176,20,257072
7855,0.036903,172.31.36.0-255,172,254348,20,257072
7856,0.036935,172.31.36.0-255,1111,255459,20,257072
7857,0.036989,172.31.36.0-255,1415,256874,20,257072
7858,0.038567,104.244.42.0-255,66,256940,20,257072
7859,0.038595,104.244.42.0-255,66,257006,20,257072
7860,0.038719,104.244.42.0-255,66,257072,20,257072
7861,0.0,172.217.194.0-255,150,150,20,273733
7862,1.9e-05,172.217.194.0-255,1484,1634,20,273733
7863,2.9e-05,172.31.36.0-255,66,1700,20,273733
7864,3.7e-05,172.217.194.0-255,2902,4602,20,273733
7865,4e-05,172.31.36.0-255,66,4668,20,273733
7866,4.5e-05,172.217.194.0-255,5738,10406,20,273733
7867,4.8e-05,172.31.36.0-255,66,10472,20,273733
7868,7.4e-05,172.217.194.0-255,3455,13927,20,273733
7869,7.6e-05,172.31.36.0-255,66,13993,20,273733
7870,0.000227,172.217.194.0-255,1484,15477,20,273733
7871,0.000234,172.217.194.0-255,2902,18379,20,273733
7872,0.000238,172.31.36.0-255,66,18445,20,273733
7873,0.000244,172.217.194.0-255,4320,22765,20,273733
7874,0.000246,172.31.36.0-255,66,22831,20,273733
7875,0.00026,172.217.194.0-255,1484,24315,20,273733
7876,0.00031,172.217.194.0-255,5738,30053,20,273733
7877,0.000315,172.31.36.0-255,66,30119,20,273733
7878,0.000341,172.217.194.0-255,1125,31244,20,273733
7879,0.000349,172.217.194.0-255,7156,38400,20,273733
7880,0.000352,172.31.36.0-255,66,38466,20,273733
7881,0.000355,172.217.194.0-255,1484,39950,20,273733
7882,0.000387,172.31.36.0-255,66,40016,20,273733
7883,0.001275,172.217.194.0-255,1484,41500,20,273733
7884,0.001286,172.217.194.0-255,2902,44402,20,273733
7885,0.00129,172.31.36.0-255,66,44468,20,273733
7886,0.001298,172.217.194.0-255,5738,50206,20,273733
7887,0.0013,172.31.36.0-255,66,50272,20,273733
7888,0.001322,172.217.194.0-255,6797,57069,20,273733
7889,0.001325,172.31.36.0-255,66,57135,20,273733
7890,0.001602,172.217.194.0-255,1484,58619,20,273733
7891,0.001608,172.217.194.0-255,1484,60103,20,273733
7892,0.001611,172.31.36.0-255,66,60169,20,273733
7893,0.001641,172.217.194.0-255,2902,63071,20,273733
7894,0.001644,172.31.36.0-255,66,63137,20,273733
7895,0.00165,172.217.194.0-255,5738,68875,20,273733
7896,0.001652,172.31.36.0-255,66,68941,20,273733
7897,0.001698,172.217.194.0-255,5738,74679,20,273733
7898,0.001701,172.31.36.0-255,66,74745,20,273733
7899,0.001724,172.217.194.0-255,5738,80483,20,273733
7900,0.001726,172.31.36.0-255,66,80549,20,273733
7901,0.001764,172.217.194.0-255,4320,84869,20,273733
7902,0.001767,172.31.36.0-255,66,84935,20,273733
7903,0.001787,172.217.194.0-255,2902,87837,20,273733
7904,0.00179,172.31.36.0-255,66,87903,20,273733
7905,0.001819,172.217.194.0-255,3602,91505,20,273733
7906,0.001822,172.31.36.0-255,66,91571,20,273733
7907,0.002151,172.217.194.0-255,1484,93055,20,273733
7908,0.002158,172.217.194.0-255,2902,95957,20,273733
7909,0.002162,172.31.36.0-255,66,96023,20,273733
7910,0.002166,172.217.194.0-255,1484,97507,20,273733
7911,0.002183,172.217.194.0-255,4320,101827,20,273733
7912,0.002185,172.31.36.0-255,66,101893,20,273733
7913,0.002201,172.217.194.0-255,1484,103377,20,273733
7914,0.002206,172.217.194.0-255,4320,107697,20,273733
7915,0.002208,172.31.36.0-255,66,107763,20,273733
7916,0.002249,172.31.36.0-255,66,107829,20,273733
7917,0.002261,172.31.36.0-255,66,107895,20,273733
7918,0.002383,172.217.194.0-255,1484,109379,20,273733
7919,0.002387,172.217.194.0-255,1484,110863,20,273733
7920,0.002389,172.31.36.0-255,66,110929,20,273733
7921,0.00241,172.217.194.0-255,1484,112413,20,273733
7922,0.002416,172.217.194.0-255,5738,118151,20,273733
7923,0.002418,172.31.36.0-255,66,118217,20,273733
7924,0.002422,172.217.194.0-255,1484,119701,20,273733
7925,0.002442,172.217.194.0-255,7156,126857,20,273733
7926,0.002445,172.31.36.0-255,66,126923,20,273733
7927,0.002447,172.217.194.0-255,1484,128407,20,273733
7928,0.002481,172.31.36.0-255,66,128473,20,273733
7929,0.002485,172.217.194.0-255,2184,130657,20,273733
7930,0.002487,172.31.36.0-255,66,130723,20,273733
7931,0.002546,172.217.194.0-255,1484,132207,20,273733
7932,0.002551,172.217.194.0-255,2902,135109,20,273733
7933,0.002554,172.31.36.0-255,66,135175,20,273733
7934,0.002574,172.217.194.0-255,5738,140913,20,273733
7935,0.002577,172.31.36.0-255,66,140979,20,273733
7936,0.002603,172.217.194.0-255,4320,145299,20,273733
7937,0.002606,172.31.36.0-255,66,145365,20,273733
7938,0.002616,172.31.36.0-255,66,145431,20,273733
7939,0.002638,172.217.194.0-255,4320,149751,20,273733
7940,0.002641,172.31.36.0-255,66,149817,20,273733
7941,0.002659,172.217.194.0-255,6438,156255,20,273733
7942,0.002661,172.31.36.0-255,66,156321,20,273733
7943,0.002746,172.217.194.0-255,1484,157805,20,273733
7944,0.002768,172.217.194.0-255,2902,160707,20,273733
7945,0.002771,172.31.36.0-255,66,160773,20,273733
7946,0.002778,172.217.194.0-255,5738,166511,20,273733
7947,0.002781,172.31.36.0-255,66,166577,20,273733
7948,0.002785,172.217.194.0-255,2902,169479,20,273733
7949,0.002787,172.31.36.0-255,66,169545,20,273733
7950,0.002813,172.217.194.0-255,4320,173865,20,273733
7951,0.002816,172.31.36.0-255,66,173931,20,273733
7952,0.002841,172.217.194.0-255,5738,179669,20,273733
7953,0.002843,172.31.36.0-255,66,179735,20,273733
7954,0.002849,172.217.194.0-255,5738,185473,20,273733
7955,0.002851,172.31.36.0-255,66,185539,20,273733
7956,0.00287,172.217.194.0-255,5020,190559,20,273733
7957,0.002872,172.31.36.0-255,66,190625,20,273733
7958,0.003119,172.217.194.0-255,1484,192109,20,273733
7959,0.003125,172.217.194.0-255,2902,195011,20,273733
7960,0.003128,172.31.36.0-255,66,195077,20,273733
7961,0.00315,172.217.194.0-255,4320,199397,20,273733
7962,0.003153,172.31.36.0-255,66,199463,20,273733
7963,0.003211,172.31.36.0-255,66,199529,20,273733
7964,0.003217,172.217.194.0-255,4320,203849,20,273733
7965,0.003219,172.31.36.0-255,66,203915,20,273733
7966,0.003259,172.217.194.0-255,4320,208235,20,273733
7967,0.003264,172.31.36.0-255,66,208301,20,273733
7968,0.003292,172.31.36.0-255,66,208367,20,273733
7969,0.003295,172.217.194.0-255,1484,209851,20,273733
7970,0.003309,172.217.194.0-255,1484,211335,20,273733
7971,0.003311,172.31.36.0-255,66,211401,20,273733
7972,0.003336,172.217.194.0-255,1484,212885,20,273733
7973,0.003342,172.217.194.0-255,5738,218623,20,273733
7974,0.003345,172.31.36.0-255,66,218689,20,273733
7975,0.003397,172.217.194.0-255,7156,225845,20,273733
7976,0.003401,172.31.36.0-255,66,225911,20,273733
7977,0.003409,172.217.194.0-255,7156,233067,20,273733
7978,0.003411,172.31.36.0-255,66,233133,20,273733
7979,0.00343,172.217.194.0-255,7156,240289,20,273733
7980,0.003434,172.31.36.0-255,66,240355,20,273733
7981,0.003477,172.31.36.0-255,66,240421,20,273733
7982,0.003491,172.31.36.0-255,66,240487,20,273733
7983,0.003523,172.217.194.0-255,2902,243389,20,273733
7984,0.003527,172.31.36.0-255,66,243455,20,273733
7985,0.003541,172.31.36.0-255,66,243521,20,273733
7986,0.003581,172.31.36.0-255,66,243587,20,273733
7987,0.003591,172.31.36.0-255,66,243653,20,273733
7988,0.003619,172.217.194.0-255,5738,249391,20,273733
7989,0.003622,172.31.36.0-255,66,249457,20,273733
7990,0.003626,172.217.194.0-255,2902,252359,20,273733
7991,0.003629,172.31.36.0-255,66,252425,20,273733
7992,0.003677,172.31.36.0-255,66,252491,20,273733
7993,0.00368,172.217.194.0-255,1484,253975,20,273733
7994,0.003706,172.31.36.0-255,66,254041,20,273733
7995,0.003732,172.217.194.0-255,5738,259779,20,273733
7996,0.003735,172.31.36.0-255,66,259845,20,273733
7997,0.003744,172.31.36.0-255,66,259911,20,273733
7998,0.003765,172.217.194.0-255,4448,264359,20,273733
7999,0.003768,172.31.36.0-255,66,264425,20,273733
8000,0.00379,172.217.194.0-255,105,264530,20,273733
8001,0.005387,172.31.36.0-255,105,264635,20,273733
8002,0.007714,172.217.194.0-255,66,264701,20,273733
8003,0.035601,172.31.36.0-255,172,264873,20,273733
8004,0.035659,172.31.36.0-255,1110,265983,20,273733
8005,0.035738,172.31.36.0-255,1514,267497,20,273733
8006,0.03574,172.31.36.0-255,1514,269011,20,273733
8007,0.035741,172.31.36.0-255,1514,270525,20,273733
8008,0.035742,172.31.36.0-255,1514,272039,20,273733
8009,0.035771,172.31.36.0-255,1496,273535,20,273733
8010,0.037162,104.244.42.0-255,66,273601,20,273733
8011,0.037207,104.244.42.0-255,66,273667,20,273733
8012,0.037361,104.244.42.0-255,66,273733,20,273733
8013,0.0,74.125.68.0-255,153,153,20,302298
8014,3.4e-05,172.31.36.0-255,66,219,20,302298
8015,4.1e-05,74.125.68.0-255,1484,1703,20,302298
8016,4.5e-05,172.31.36.0-255,66,1769,20,302298
8017,5e-05,74.125.68.0-255,2902,4671,20,302298
8018,5.2e-05,172.31.36.0-255,66,4737,20,302298
8019,5.5e-05,74.125.68.0-255,1484,6221,20,302298
8020,5.8e-05,172.31.36.0-255,66,6287,20,302298
8021,6.3e-05,74.125.68.0-255,2902,9189,20,302298
8022,6.6e-05,172.31.36.0-255,66,9255,20,302298
8023,7.1e-05,74.125.68.0-255,2902,12157,20,302298
8024,7.3e-05,172.31.36.0-255,66,12223,20,302298
8025,0.000103,74.125.68.0-255,3431,15654,20,302298
8026,0.000106,172.31.36.0-255,66,15720,20,302298
8027,0.000111,74.125.68.0-255,4320,20040,20,302298
8028,0.000114,172.31.36.0-255,66,20106,20,302298
8029,0.00012,74.125.68.0-255,5738,25844,20,302298
8030,0.000122,172.31.36.0-255,66,25910,20,302298
8031,0.000138,74.125.68.0-255,5379,31289,20,302298
8032,0.00014,172.31.36.0-255,66,31355,20,302298
8033,0.00025,74.125.68.0-255,1484,32839,20,302298
8034,0.000254,172.31.36.0-255,66,32905,20,302298
8035,0.000259,74.125.68.0-255,2902,35807,20,302298
8036,0.000261,172.31.36.0-255,66,35873,20,302298
8037,0.000289,74.125.68.0-255,1484,37357,20,302298
8038,0.000291,172.31.36.0-255,66,37423,20,302298
8039,0.00031,74.125.68.0-255,2902,40325,20,302298
8040,0.000316,74.125.68.0-255,5738,46063,20,302298
8041,0.000316,172.31.36.0-255,66,46129,20,302298
8042,0.00032,172.31.36.0-255,66,46195,20,302298
8043,0.000345,74.125.68.0-255,2902,49097,20,302298
8044,0.000349,172.31.36.0-255,66,49163,20,302298
8045,0.000369,74.125.68.0-255,3961,53124,20,302298
8046,0.000373,172.31.36.0-255,66,53190,20,302298
8047,0.00038,74.125.68.0-255,7156,60346,20,302298
8048,0.000383,172.31.36.0-255,66,60412,20,302298
8049,0.000387,74.125.68.0-255,2902,63314,20,302298
8050,0.000389,172.31.36.0-255,66,63380,20,302298
8051,0.000407,74.125.68.0-255,2856,66236,20,302298
8052,0.000413,172.31.36.0-255,66,66302,20,302298
8053,0.000548,74.125.68.0-255,110,66412,20,302298
8054,0.000604,74.125.68.0-255,1484,67896,20,302298
8055,0.000607,172.31.36.0-255,66,67962,20,302298
8056,0.000613,74.125.68.0-255,2902,70864,20,302298
8057,0.000616,172.31.36.0-255,66,70930,20,302298
8058,0.000646,74.125.68.0-255,4320,75250,20,302298
8059,0.000649,172.31.36.0-255,66,75316,20,302298
8060,0.000672,74.125.68.0-255,1484,76800,20,302298
8061,0.000698,74.125.68.0-255,6797,83597,20,302298
8062,0.000701,172.31.36.0-255,66,83663,20,302298
8063,0.000733,74.125.68.0-255,2902,86565,20,302298
8064,0.000737,172.31.36.0-255,66,86631,20,302298
8065,0.000773,74.125.68.0-255,2902,89533,20,302298
8066,0.000776,172.31.36.0-255,66,89599,20,302298
8067,0.00078,74.125.68.0-255,1484,91083,20,302298
8068,0.000796,74.125.68.0-255,2902,93985,20,302298
8069,0.0008,172.31.36.0-255,66,94051,20,302298
8070,0.000821,74.125.68.0-255,2902,96953,20,302298
8071,0.000824,172.31.36.0-255,66,97019,20,302298
8072,0.000838,74.125.68.0-255,3961,100980,20,302298
8073,0.000841,172.31.36.0-255,66,101046,20,302298
8074,0.000952,74.125.68.0-255,1484,102530,20,302298
8075,0.000965,74.125.68.0-255,2902,105432,20,302298
8076,0.000968,172.31.36.0-255,66,105498,20,302298
8077,0.000974,74.125.68.0-255,2902,108400,20,302298
8078,0.000975,172.31.36.0-255,66,108466,20,302298
8079,0.000991,74.125.68.0-255,4320,112786,20,302298
8080,0.000995,172.31.36.0-255,66,112852,20,302298
8081,0.001017,74.125.68.0-255,4320,117172,20,302298
8082,0.00102,172.31.36.0-255,66,117238,20,302298
8083,0.001041,74.125.68.0-255,4320,121558,20,302298
8084,0.001044,172.31.36.0-255,66,121624,20,302298
8085,0.001047,74.125.68.0-255,1484,123108,20,302298
8086,0.001062,74.125.68.0-255,2902,126010,20,302298
8087,0.001066,172.31.36.0-255,66,126076,20,302298
8088,0.001072,74.125.68.0-255,5738,131814,20,302298
8089,0.001075,172.31.36.0-255,66,131880,20,302298
8090,0.001079,74.125.68.0-255,3602,135482,20,302298
8091,0.001081,172.31.36.0-255,66,135548,20,302298
8092,0.001188,74.125.68.0-255,1484,137032,20,302298
8093,0.001203,74.125.68.0-255,2902,139934,20,302298
8094,0.001206,172.31.36.0-255,66,140000,20,302298
8095,0.001261,74.125.68.0-255,5738,145738,20,302298
8096,0.001264,172.31.36.0-255,66,145804,20,302298
8097,0.001271,74.125.68.0-255,7156,152960,20,302298
8098,0.001273,172.31.36.0-255,66,153026,20,302298
8099,0.001278,74.125.68.0-255,4320,157346,20,302298
8100,0.001281,172.31.36.0-255,66,157412,20,302298
8101,0.001318,172.31.36.0-255,66,157478,20,302298
8102,0.001335,74.125.68.0-255,3602,161080,20,302298
8103,0.001338,172.31.36.0-255,66,161146,20,302298
8104,0.001363,74.125.68.0-255,4320,165466,20,302298
8105,0.001373,172.31.36.0-255,66,165532,20,302298
8106,0.001376,74.125.68.0-255,1484,167016,20,302298
8107,0.001396,74.125.68.0-255,5738,172754,20,302298
8108,0.001399,172.31.36.0-255,66,172820,20,302298
8109,0.001431,74.125.68.0-255,4320,177140,20,302298
8110,0.001434,172.31.36.0-255,66,177206,20,302298
8111,0.001477,74.125.68.0-255,4320,181526,20,302298
8112,0.001481,172.31.36.0-255,66,181592,20,302298
8113,0.001493,74.125.68.0-255,1484,183076,20,302298
8114,0.00154,74.125.68.0-255,2902,185978,20,302298
8115,0.001543,172.31.36.0-255,66,186044,20,302298
8116,0.001564,74.125.68.0-255,4320,190364,20,302298
8117,0.001566,172.31.36.0-255,66,190430,20,302298
8118,0.001585,74.125.68.0-255,3602,194032,20,302298
8119,0.001588,172.31.36.0-255,66,194098,20,302298
8120,0.001726,74.125.68.0-255,1484,195582,20,302298
8121,0.00173,74.125.68.0-255,1484,197066,20,302298
8122,0.001733,172.31.36.0-255,66,197132,20,302298
8123,0.001752,74.125.68.0-255,1484,198616,20,302298
8124,0.001759,74.125.68.0-255,5738,204354,20,302298
8125,0.001762,172.31.36.0-255,66,204420,20,302298
8126,0.001779,74.125.68.0-255,1484,205904,20,302298
8127,0.001805,172.31.36.0-255,66,205970,20,302298
8128,0.001823,74.125.68.0-255,1484,207454,20,302298
8129,0.001849,172.31.36.0-255,66,207520,20,302298
8130,0.001971,74.125.68.0-255,1484,209004,20,302298
8131,0.001989,74.125.68.0-255,2902,211906,20,302298
8132,0.001992,172.31.36.0-255,66,211972,20,302298
8133,0.001997,74.125.68.0-255,2902,214874,20,302298
8134,0.001999,172.31.36.0-255,66,214940,20,302298
8135,0.002013,74.125.68.0-255,1484,216424,20,302298
8136,0.002038,74.125.68.0-255,5738,222162,20,302298
8137,0.002046,172.31.36.0-255,66,222228,20,302298
8138,0.002057,74.125.68.0-255,2902,225130,20,302298
8139,0.00206,74.125.68.0-255,1484,226614,20,302298
8140,0.002063,74.125.68.0-255,2902,229516,20,302298
8141,0.002083,74.125.68.0-255,2902,232418,20,302298
8142,0.002113,74.125.68.0-255,2902,235320,20,302298
8143,0.002116,74.125.68.0-255,2902,238222,20,302298
8144,0.002153,74.125.68.0-255,3602,241824,20,302298
8145,0.002201,74.125.68.0-255,1484,243308,20,302298
8146,0.002217,74.125.68.0-255,2902,246210,20,302298
8147,0.002233,74.125.68.0-255,5738,251948,20,302298
8148,0.002254,74.125.68.0-255,4320,256268,20,302298
8149,0.002276,74.125.68.0-255,5738,262006,20,302298
8150,0.002319,74.125.68.0-255,1484,263490,20,302298
8151,0.002323,74.125.68.0-255,2184,265674,20,302298
8152,0.002358,74.125.68.0-255,2902,268576,20,302298
8153,0.00244,74.125.68.0-255,4320,272896,20,302298
8154,0.002466,74.125.68.0-255,766,273662,20,302298
8155,0.002519,74.125.68.0-255,2902,276564,20,302298
8156,0.002561,74.125.68.0-255,1484,278048,20,302298
8157,0.002589,74.125.68.0-255,2902,280950,20,302298
8158,0.002612,74.125.68.0-255,4320,285270,20,302298
8159,0.002625,74.125.68.0-255,5738,291008,20,302298
8160,0.002638,74.125.68.0-255,4320,295328,20,302298
8161,0.007534,172.31.36.0-255,66,295394,20,302298
8162,0.007546,172.31.36.0-255,66,295460,20,302298
8163,0.00755,172.31.36.0-255,66,295526,20,302298
8164,0.007553,172.31.36.0-255,66,295592,20,302298
8165,0.007557,172.31.36.0-255,66,295658,20,302298
8166,0.007559,172.31.36.0-255,66,295724,20,302298
8167,0.007563,172.31.36.0-255,66,295790,20,302298
8168,0.007635,172.31.36.0-255,66,295856,20,302298
8169,0.010214,74.125.68.0-255,5738,301594,20,302298
8170,0.010226,172.31.36.0-255,66,301660,20,302298
8171,0.012784,74.125.68.0-255,401,302061,20,302298
8172,0.016672,172.31.36.0-255,66,302127,20,302298
8173,0.016707,172.31.36.0-255,105,302232,20,302298
8174,0.019238,74.125.68.0-255,66,302298,20,302298
8175,0.0,74.125.24.0-255,149,149,20,133965
8176,3.5e-05,172.31.36.0-255,66,215,20,133965
8177,4.2e-05,74.125.24.0-255,1484,1699,20,133965
8178,4.6e-05,172.31.36.0-255,66,1765,20,133965
8179,5.9e-05,74.125.24.0-255,2902,4667,20,133965
8180,6.2e-05,172.31.36.0-255,66,4733,20,133965
8181,6.9e-05,74.125.24.0-255,5738,10471,20,133965
8182,7.2e-05,172.31.36.0-255,66,10537,20,133965
8183,8.3e-05,172.31.36.0-255,66,10603,20,133965
8184,0.00012,74.125.24.0-255,2012,12615,20,133965
8185,0.000122,172.31.36.0-255,66,12681,20,133965
8186,0.000133,172.31.36.0-255,66,12747,20,133965
8187,0.000157,172.31.36.0-255,66,12813,20,133965
8188,0.000224,172.31.36.0-255,66,12879,20,133965
8189,0.000257,172.31.36.0-255,66,12945,20,133965
8190,0.00026,74.125.24.0-255,110,13055,20,133965
8191,0.000263,172.31.36.0-255,66,13121,20,133965
8192,0.000394,74.125.24.0-255,1484,14605,20,133965
8193,0.000398,172.31.36.0-255,66,14671,20,133965
8194,0.000404,74.125.24.0-255,2902,17573,20,133965
8195,0.000407,172.31.36.0-255,66,17639,20,133965
8196,0.000419,74.125.24.0-255,5738,23377,20,133965
8197,0.000422,172.31.36.0-255,66,23443,20,133965
8198,0.000434,172.31.36.0-255,66,23509,20,133965
8199,0.000462,74.125.24.0-255,4320,27829,20,133965
8200,0.000466,172.31.36.0-255,66,27895,20,133965
8201,0.000505,172.31.36.0-255,66,27961,20,133965
8202,0.000777,74.125.24.0-255,1484,29445,20,133965
8203,0.000783,74.125.24.0-255,2902,32347,20,133965
8204,0.000787,172.31.36.0-255,66,32413,20,133965
8205,0.000794,74.125.24.0-255,5738,38151,20,133965
8206,0.000796,172.31.36.0-255,66,38217,20,133965
8207,0.000835,172.31.36.0-255,66,38283,20,133965
8208,0.000859,74.125.24.0-255,1484,39767,20,133965
8209,0.000867,74.125.24.0-255,7156,46923,20,133965
8210,0.00087,172.31.36.0-255,66,46989,20,133965
8211,0.000895,74.125.24.0-255,2902,49891,20,133965
8212,0.000898,172.31.36.0-255,66,49957,20,133965
8213,0.000901,74.125.24.0-255,766,50723,20,133965
8214,0.000905,74.125.24.0-255,1484,52207,20,133965
8215,0.000907,172.31.36.0-255,66,52273,20,133965
8216,0.000939,74.125.24.0-255,4320,56593,20,133965
8217,0.000942,172.31.36.0-255,66,56659,20,133965
8218,0.000956,74.125.24.0-255,7156,63815,20,133965
8219,0.000959,172.31.36.0-255,66,63881,20,133965
8220,0.000969,172.31.36.0-255,66,63947,20,133965
8221,0.001011,172.31.36.0-255,66,64013,20,133965
8222,0.001103,74.125.24.0-255,1484,65497,20,133965
8223,0.001109,74.125.24.0-255,2902,68399,20,133965
8224,0.001112,172.31.36.0-255,66,68465,20,133965
8225,0.001144,74.125.24.0-255,5738,74203,20,133965
8226,0.001148,172.31.36.0-255,66,74269,20,133965
8227,0.001154,74.125.24.0-255,5738,80007,20,133965
8228,0.001156,172.31.36.0-255,66,80073,20,133965
8229,0.001201,172.31.36.0-255,66,80139,20,133965
8230,0.001208,74.125.24.0-255,5020,85159,20,133965
8231,0.001211,172.31.36.0-255,66,85225,20,133965
8232,0.001313,74.125.24.0-255,1484,86709,20,133965
8233,0.001317,74.125.24.0-255,1484,88193,20,133965
8234,0.00132,172.31.36.0-255,66,88259,20,133965
8235,0.001346,74.125.24.0-255,1484,89743,20,133965
8236,0.001349,74.125.24.0-255,1484,91227,20,133965
8237,0.001352,172.31.36.0-255,66,91293,20,133965
8238,0.001356,74.125.24.0-255,2902,94195,20,133965
8239,0.001359,172.31.36.0-255,66,94261,20,133965
8240,0.001366,74.125.24.0-255,5738,99999,20,133965
8241,0.001375,172.31.36.0-255,66,100065,20,133965
8242,0.001379,74.125.24.0-255,1484,101549,20,133965
8243,0.001418,172.31.36.0-255,66,101615,20,133965
8244,0.001424,74.125.24.0-255,5738,107353,20,133965
8245,0.001427,172.31.36.0-255,66,107419,20,133965
8246,0.001493,74.125.24.0-255,5738,113157,20,133965
8247,0.001498,172.31.36.0-255,66,113223,20,133965
8248,0.001545,172.31.36.0-255,66,113289,20,133965
8249,0.001565,172.31.36.0-255,66,113355,20,133965
8250,0.00158,172.31.36.0-255,66,113421,20,133965
8251,0.001597,172.31.36.0-255,66,113487,20,133965
8252,0.001629,74.125.24.0-255,3602,117089,20,133965
8253,0.001633,172.31.36.0-255,66,117155,20,133965
8254,0.001659,74.125.24.0-255,4320,121475,20,133965
8255,0.001663,172.31.36.0-255,66,121541,20,133965
8256,0.001705,172.31.36.0-255,66,121607,20,133965
8257,0.001708,74.125.24.0-255,1484,123091,20,133965
8258,0.001714,74.125.24.0-255,5738,128829,20,133965
8259,0.001717,172.31.36.0-255,66,128895,20,133965
8260,0.001763,172.31.36.0-255,66,128961,20,133965
8261,0.001785,172.31.36.0-255,66,129027,20,133965
8262,0.0018,172.31.36.0-255,66,129093,20,133965
8263,0.001858,172.31.36.0-255,66,129159,20,133965
8264,0.001861,74.125.24.0-255,105,129264,20,133965
8265,0.001863,172.31.36.0-255,66,129330,20,133965
8266,0.003557,172.31.36.0-255,105,129435,20,133965
8267,0.005817,74.125.24.0-255,66,129501,20,133965
8268,0.029821,172.31.36.0-255,172,129673,20,133965
8269,0.029852,172.31.36.0-255,1107,130780,20,133965
8270,0.029892,172.31.36.0-255,1514,132294,20,133965
8271,0.029894,172.31.36.0-255,1299,133593,20,133965
8272,0.03136,104.244.42.0-255,66,133659,20,133965
8273,0.031397,104.244.42.0-255,66,133725,20,133965
8274,0.031449,104.244.42.0-255,66,133791,20,133965
8275,0.032095,104.244.42.0-255,108,133899,20,133965
8276,0.03212,172.31.36.0-255,66,133965,20,133965
8277,0.0,74.125.24.0-255,153,153,20,254339
8278,3.5e-05,172.31.36.0-255,66,219,20,254339
8279,4.3e-05,74.125.24.0-255,1484,1703,20,254339
8280,4.7e-05,172.31.36.0-255,66,1769,20,254339
8281,6.1e-05,74.125.24.0-255,2902,4671,20,254339
8282,6.4e-05,172.31.36.0-255,66,4737,20,254339
8283,7.2e-05,74.125.24.0-255,7156,11893,20,254339
8284,7.4e-05,172.31.36.0-255,66,11959,20,254339
8285,0.000105,172.31.36.0-255,66,12025,20,254339
8286,0.00011,74.125.24.0-255,3961,15986,20,254339
8287,0.000113,172.31.36.0-255,66,16052,20,254339
8288,0.000229,74.125.24.0-255,1484,17536,20,254339
8289,0.000234,172.31.36.0-255,66,17602,20,254339
8290,0.000241,74.125.24.0-255,2902,20504,20,254339
8291,0.000244,172.31.36.0-255,66,20570,20,254339
8292,0.000253,74.125.24.0-255,1484,22054,20,254339
8293,0.000256,172.31.36.0-255,66,22120,20,254339
8294,0.000289,74.125.24.0-255,4320,26440,20,254339
8295,0.000292,172.31.36.0-255,66,26506,20,254339
8296,0.000307,172.31.36.0-255,66,26572,20,254339
8297,0.000313,74.125.24.0-255,5738,32310,20,254339
8298,0.000317,172.31.36.0-255,66,32376,20,254339
8299,0.000362,74.125.24.0-255,3961,36337,20,254339
8300,0.000366,172.31.36.0-255,66,36403,20,254339
8301,0.000378,74.125.24.0-255,411,36814,20,254339
8302,0.000384,172.31.36.0-255,66,36880,20,254339
8303,0.000425,74.125.24.0-255,331,37211,20,254339
8304,0.000429,172.31.36.0-255,66,37277,20,254339
8305,0.000481,74.125.24.0-255,1484,38761,20,254339
8306,0.000484,172.31.36.0-255,66,38827,20,254339
8307,0.000504,74.125.24.0-255,2902,41729,20,254339
8308,0.000507,172.31.36.0-255,66,41795,20,254339
8309,0.000533,74.125.24.0-255,1484,43279,20,254339
8310,0.000542,74.125.24.0-255,7156,50435,20,254339
8311,0.000544,172.31.36.0-255,66,50501,20,254339
8312,0.000565,74.125.24.0-255,3961,54462,20,254339
8313,0.000568,172.31.36.0-255,66,54528,20,254339
8314,0.000601,74.125.24.0-255,4320,58848,20,254339
8315,0.000606,172.31.36.0-255,66,58914,20,254339
8316,0.00062,172.31.36.0-255,66,58980,20,254339
8317,0.000624,74.125.24.0-255,2543,61523,20,254339
8318,0.000627,172.31.36.0-255,66,61589,20,254339
8319,0.001291,74.125.24.0-255,1484,63073,20,254339
8320,0.001301,74.125.24.0-255,1484,64557,20,254339
8321,0.001305,172.31.36.0-255,66,64623,20,254339
8322,0.001333,74.125.24.0-255,1484,66107,20,254339
8323,0.001341,74.125.24.0-255,5738,71845,20,254339
8324,0.001343,172.31.36.0-255,66,71911,20,254339
8325,0.00135,74.125.24.0-255,5738,77649,20,254339
8326,0.001352,172.31.36.0-255,66,77715,20,254339
8327,0.001399,172.31.36.0-255,66,77781,20,254339
8328,0.001407,74.125.24.0-255,4472,82253,20,254339
8329,0.001409,172.31.36.0-255,66,82319,20,254339
8330,0.001484,74.125.24.0-255,1484,83803,20,254339
8331,0.00149,74.125.24.0-255,1484,85287,20,254339
8332,0.001494,172.31.36.0-255,66,85353,20,254339
8333,0.001518,74.125.24.0-255,1484,86837,20,254339
8334,0.001525,74.125.24.0-255,5738,92575,20,254339
8335,0.001528,172.31.36.0-255,66,92641,20,254339
8336,0.001568,172.31.36.0-255,66,92707,20,254339
8337,0.001596,74.125.24.0-255,2902,95609,20,254339
8338,0.0016,172.31.36.0-255,66,95675,20,254339
8339,0.001605,74.125.24.0-255,2902,98577,20,254339
8340,0.001607,172.31.36.0-255,66,98643,20,254339
8341,0.00163,74.125.24.0-255,5738,104381,20,254339
8342,0.001632,172.31.36.0-255,66,104447,20,254339
8343,0.001663,74.125.24.0-255,2184,106631,20,254339
8344,0.001667,172.31.36.0-255,66,106697,20,254339
8345,0.001671,74.125.24.0-255,1484,108181,20,254339
8346,0.001698,74.125.24.0-255,2902,111083,20,254339
8347,0.001701,172.31.36.0-255,66,111149,20,254339
8348,0.001708,74.125.24.0-255,5738,116887,20,254339
8349,0.001711,172.31.36.0-255,66,116953,20,254339
8350,0.001717,74.125.24.0-255,4320,121273,20,254339
8351,0.001719,172.31.36.0-255,66,121339,20,254339
8352,0.001724,74.125.24.0-255,2902,124241,20,254339
8353,0.001726,172.31.36.0-255,66,124307,20,254339
8354,0.001742,74.125.24.0-255,2902,127209,20,254339
8355,0.001744,172.31.36.0-255,66,127275,20,254339
8356,0.001767,74.125.24.0-255,5738,133013,20,254339
8357,0.001769,172.31.36.0-255,66,133079,20,254339
8358,0.001779,172.31.36.0-255,66,133145,20,254339
8359,0.001845,74.125.24.0-255,1484,134629,20,254339
8360,0.001859,74.125.24.0-255,1484,136113,20,254339
8361,0.001861,172.31.36.0-255,66,136179,20,254339
8362,0.001884,74.125.24.0-255,1484,137663,20,254339
8363,0.00189,74.125.24.0-255,5738,143401,20,254339
8364,0.001892,172.31.36.0-255,66,143467,20,254339
8365,0.001896,74.125.24.0-255,2902,146369,20,254339
8366,0.001898,172.31.36.0-255,66,146435,20,254339
8367,0.001921,74.125.24.0-255,5738,152173,20,254339
8368,0.001924,172.31.36.0-255,66,152239,20,254339
8369,0.001953,74.125.24.0-255,4320,156559,20,254339
8370,0.001955,172.31.36.0-255,66,156625,20,254339
8371,0.001966,172.31.36.0-255,66,156691,20,254339
8372,0.001986,74.125.24.0-255,2184,158875,20,254339
8373,0.001989,172.31.36.0-255,66,158941,20,254339
8374,0.002035,74.125.24.0-255,1484,160425,20,254339
8375,0.002039,74.125.24.0-255,2902,163327,20,254339
8376,0.002041,172.31.36.0-255,66,163393,20,254339
8377,0.002082,74.125.24.0-255,4320,167713,20,254339
8378,0.002084,172.31.36.0-255,66,167779,20,254339
8379,0.00211,74.125.24.0-255,1484,169263,20,254339
8380,0.002128,172.31.36.0-255,66,169329,20,254339
8381,0.002135,74.125.24.0-255,7156,176485,20,254339
8382,0.002137,172.31.36.0-255,66,176551,20,254339
8383,0.002156,74.125.24.0-255,3602,180153,20,254339
8384,0.002162,172.31.36.0-255,66,180219,20,254339
8385,0.002166,74.125.24.0-255,1484,181703,20,254339
8386,0.00217,74.125.24.0-255,2902,184605,20,254339
8387,0.002173,172.31.36.0-255,66,184671,20,254339
8388,0.0022,74.125.24.0-255,5738,190409,20,254339
8389,0.002203,172.31.36.0-255,66,190475,20,254339
8390,0.002209,74.125.24.0-255,5738,196213,20,254339
8391,0.00221,172.31.36.0-255,66,196279,20,254339
8392,0.00224,74.125.24.0-255,2902,199181,20,254339
8393,0.002242,172.31.36.0-255,66,199247,20,254339
8394,0.002254,172.31.36.0-255,66,199313,20,254339
8395,0.002286,172.31.36.0-255,66,199379,20,254339
8396,0.002318,74.125.24.0-255,2184,201563,20,254339
8397,0.002319,172.31.36.0-255,66,201629,20,254339
8398,0.002331,172.31.36.0-255,66,201695,20,254339
8399,0.002352,74.125.24.0-255,1484,203179,20,254339
8400,0.002364,172.31.36.0-255,66,203245,20,254339
8401,0.002389,74.125.24.0-255,2184,205429,20,254339
8402,0.00239,172.31.36.0-255,66,205495,20,254339
8403,0.002394,74.125.24.0-255,1484,206979,20,254339
8404,0.002397,74.125.24.0-255,2902,209881,20,254339
8405,0.0024,172.31.36.0-255,66,209947,20,254339
8406,0.002406,74.125.24.0-255,5738,215685,20,254339
8407,0.002408,172.31.36.0-255,66,215751,20,254339
8408,0.002413,74.125.24.0-255,5738,221489,20,254339
8409,0.002416,172.31.36.0-255,66,221555,20,254339
8410,0.002441,74.125.24.0-255,7156,228711,20,254339
8411,0.002443,172.31.36.0-255,66,228777,20,254339
8412,0.002474,74.125.24.0-255,7156,235933,20,254339
8413,0.002476,172.31.36.0-255,66,235999,20,254339
8414,0.002498,74.125.24.0-255,3602,239601,20,254339
8415,0.0025,172.31.36.0-255,66,239667,20,254339
8416,0.002511,172.31.36.0-255,66,239733,20,254339
8417,0.002513,74.125.24.0-255,1484,241217,20,254339
8418,0.002517,74.125.24.0-255,1484,242701,20,254339
8419,0.002518,172.31.36.0-255,66,242767,20,254339
8420,0.002562,172.31.36.0-255,66,242833,20,254339
8421,0.002586,74.125.24.0-255,1484,244317,20,254339
8422,0.002592,74.125.24.0-255,5020,249337,20,254339
8423,0.002594,172.31.36.0-255,66,249403,20,254339
8424,0.002618,74.125.24.0-255,3113,252516,20,254339
8425,0.00262,172.31.36.0-255,66,252582,20,254339
8426,0.002648,74.125.24.0-255,105,252687,20,254339
8427,0.012855,172.31.36.0-255,66,252753,20,254339
8428,0.012884,172.31.36.0-255,105,252858,20,254339
8429,0.015293,74.125.24.0-255,66,252924,20,254339
8430,0.037753,172.31.36.0-255,172,253096,20,254339
8431,0.037802,172.31.36.0-255,1111,254207,20,254339
8432,0.039435,104.244.42.0-255,66,254273,20,254339
8433,0.039641,104.244.42.0-255,66,254339,20,254339
8434,0.0,74.125.24.0-255,153,153,20,205001
8435,2.2e-05,172.31.36.0-255,66,219,20,205001
8436,3e-05,74.125.24.0-255,1484,1703,20,205001
8437,3.4e-05,172.31.36.0-255,66,1769,20,205001
8438,3.7e-05,74.125.24.0-255,1484,3253,20,205001
8439,4.7e-05,172.31.36.0-255,66,3319,20,205001
8440,5.5e-05,74.125.24.0-255,4320,7639,20,205001
8441,5.9e-05,172.31.36.0-255,66,7705,20,205001
8442,8.9e-05,74.125.24.0-255,5738,13443,20,205001
8443,9.3e-05,172.31.36.0-255,66,13509,20,205001
8444,0.00012,74.125.24.0-255,1484,14993,20,205001
8445,0.000123,172.31.36.0-255,66,15059,20,205001
8446,0.000152,74.125.24.0-255,4912,19971,20,205001
8447,0.000155,172.31.36.0-255,66,20037,20,205001
8448,0.000157,74.125.24.0-255,1484,21521,20,205001
8449,0.000159,172.31.36.0-255,66,21587,20,205001
8450,0.000176,172.31.36.0-255,66,21653,20,205001
8451,0.000303,74.125.24.0-255,1484,23137,20,205001
8452,0.000308,172.31.36.0-255,66,23203,20,205001
8453,0.000314,74.125.24.0-255,2902,26105,20,205001
8454,0.000316,172.31.36.0-255,66,26171,20,205001
8455,0.000319,74.125.24.0-255,1484,27655,20,205001
8456,0.000326,172.31.36.0-255,66,27721,20,205001
8457,0.000365,74.125.24.0-255,5738,33459,20,205001
8458,0.000368,172.31.36.0-255,66,33525,20,205001
8459,0.000398,74.125.24.0-255,4320,37845,20,205001
8460,0.000401,172.31.36.0-255,66,37911,20,205001
8461,0.000435,74.125.24.0-255,6797,44708,20,205001
8462,0.000438,172.31.36.0-255,66,44774,20,205001
8463,0.000456,172.31.36.0-255,66,44840,20,205001
8464,0.00046,74.125.24.0-255,127,44967,20,205001
8465,0.000566,74.125.24.0-255,1484,46451,20,205001
8466,0.00057,172.31.36.0-255,66,46517,20,205001
8467,0.000575,74.125.24.0-255,2902,49419,20,205001
8468,0.000578,172.31.36.0-255,66,49485,20,205001
8469,0.000614,74.125.24.0-255,5738,55223,20,205001
8470,0.000617,172.31.36.0-255,66,55289,20,205001
8471,0.000645,74.125.24.0-255,7156,62445,20,205001
8472,0.000648,172.31.36.0-255,66,62511,20,205001
8473,0.000692,74.125.24.0-255,3961,66472,20,205001
8474,0.000696,172.31.36.0-255,66,66538,20,205001
8475,0.000715,172.31.36.0-255,66,66604,20,205001
8476,0.000719,74.125.24.0-255,833,67437,20,205001
8477,0.001478,172.31.36.0-255,66,67503,20,205001
8478,0.001611,74.125.24.0-255,1484,68987,20,205001
8479,0.00162,74.125.24.0-255,2902,71889,20,205001
8480,0.001624,172.31.36.0-255,66,71955,20,205001
8481,0.001628,74.125.24.0-255,1484,73439,20,205001
8482,0.001659,74.125.24.0-255,4320,77759,20,205001
8483,0.001661,172.31.36.0-255,66,77825,20,205001
8484,0.001667,74.125.24.0-255,4320,82145,20,205001
8485,0.001669,172.31.36.0-255,66,82211,20,205001
8486,0.001698,172.31.36.0-255,66,82277,20,205001
8487,0.001726,74.125.24.0-255,5738,88015,20,205001
8488,0.001728,172.31.36.0-255,66,88081,20,205001
8489,0.001732,74.125.24.0-255,1484,89565,20,205001
8490,0.001753,74.125.24.0-255,2184,91749,20,205001
8491,0.001756,172.31.36.0-255,66,91815,20,205001
8492,0.001983,74.125.24.0-255,1484,93299,20,205001
8493,0.00199,74.125.24.0-255,2902,96201,20,205001
8494,0.001995,172.31.36.0-255,66,96267,20,205001
8495,0.002001,74.125.24.0-255,2902,99169,20,205001
8496,0.002003,172.31.36.0-255,66,99235,20,205001
8497,0.002029,74.125.24.0-255,2902,102137,20,205001
8498,0.002031,172.31.36.0-255,66,102203,20,205001
8499,0.002046,172.31.36.0-255,66,102269,20,205001
8500,0.002064,172.31.36.0-255,66,102335,20,205001
8501,0.002228,74.125.24.0-255,1484,103819,20,205001
8502,0.002235,74.125.24.0-255,2902,106721,20,205001
8503,0.002239,172.31.36.0-255,66,106787,20,205001
8504,0.002244,74.125.24.0-255,2902,109689,20,205001
8505,0.002247,172.31.36.0-255,66,109755,20,205001
8506,0.002285,74.125.24.0-255,7156,116911,20,205001
8507,0.002287,172.31.36.0-255,66,116977,20,205001
8508,0.002292,74.125.24.0-255,2902,119879,20,205001
8509,0.002294,172.31.36.0-255,66,119945,20,205001
8510,0.002336,172.31.36.0-255,66,120011,20,205001
8511,0.002341,74.125.24.0-255,3602,123613,20,205001
8512,0.002344,172.31.36.0-255,66,123679,20,205001
8513,0.004924,74.125.24.0-255,1484,125163,20,205001
8514,0.004975,74.125.24.0-255,4320,129483,20,205001
8515,0.00498,172.31.36.0-255,66,129549,20,205001
8516,0.007582,74.125.24.0-255,5738,135287,20,205001
8517,0.007589,172.31.36.0-255,66,135353,20,205001
8518,0.010181,74.125.24.0-255,5738,141091,20,205001
8519,0.010189,172.31.36.0-255,66,141157,20,205001
8520,0.012808,74.125.24.0-255,5738,146895,20,205001
8521,0.012816,172.31.36.0-255,66,146961,20,205001
8522,0.015445,74.125.24.0-255,5738,152699,20,205001
8523,0.015453,172.31.36.0-255,66,152765,20,205001
8524,0.018073,74.125.24.0-255,5738,158503,20,205001
8525,0.01808,172.31.36.0-255,66,158569,20,205001
8526,0.020732,74.125.24.0-255,5738,164307,20,205001
8527,0.02074,172.31.36.0-255,66,164373,20,205001
8528,0.023367,74.125.24.0-255,5738,170111,20,205001
8529,0.023374,172.31.36.0-255,66,170177,20,205001
8530,0.026024,74.125.24.0-255,5738,175915,20,205001
8531,0.026037,172.31.36.0-255,66,175981,20,205001
8532,0.028648,74.125.24.0-255,5738,181719,20,205001
8533,0.028701,172.31.36.0-255,66,181785,20,205001
8534,0.031336,74.125.24.0-255,5738,187523,20,205001
8535,0.031353,172.31.36.0-255,66,187589,20,205001
8536,0.033983,74.125.24.0-255,5738,193327,20,205001
8537,0.034001,172.31.36.0-255,66,193393,20,205001
8538,0.036603,74.125.24.0-255,5738,199131,20,205001
8539,0.03661,172.31.36.0-255,66,199197,20,205001
8540,0.0392,74.125.24.0-255,5738,204935,20,205001
8541,0.039208,172.31.36.0-255,66,205001,20,205001
8542,0.0,74.125.24.0-255,153,153,20,212357
8543,1.7e-05,74.125.24.0-255,1484,1637,20,212357
8544,2.7e-05,172.31.36.0-255,66,1703,20,212357
8545,3.5e-05,74.125.24.0-255,2902,4605,20,212357
8546,3.9e-05,172.31.36.0-255,66,4671,20,212357
8547,4.2e-05,74.125.24.0-255,1484,6155,20,212357
8548,7.2e-05,74.125.24.0-255,4320,10475,20,212357
8549,7.9e-05,172.31.36.0-255,66,10541,20,212357
8550,9.9e-05,74.125.24.0-255,3444,13985,20,212357
8551,0.000102,172.31.36.0-255,66,14051,20,212357
8552,0.000154,74.125.24.0-255,1484,15535,20,212357
8553,0.00016,74.125.24.0-255,2902,18437,20,212357
8554,0.000162,172.31.36.0-255,66,18503,20,212357
8555,0.000183,74.125.24.0-255,5738,24241,20,212357
8556,0.000186,172.31.36.0-255,66,24307,20,212357
8557,0.000228,172.31.36.0-255,66,24373,20,212357
8558,0.000244,172.31.36.0-255,66,24439,20,212357
8559,0.000258,74.125.24.0-255,2902,27341,20,212357
8560,0.000264,172.31.36.0-255,66,27407,20,212357
8561,0.000297,172.31.36.0-255,66,27473,20,212357
8562,0.000301,74.125.24.0-255,2544,30017,20,212357
8563,0.000304,172.31.36.0-255,66,30083,20,212357
8564,0.000435,74.125.24.0-255,1484,31567,20,212357
8565,0.000441,74.125.24.0-255,2902,34469,20,212357
8566,0.000445,172.31.36.0-255,66,34535,20,212357
8567,0.000477,74.125.24.0-255,5738,40273,20,212357
8568,0.00048,172.31.36.0-255,66,40339,20,212357
8569,0.000486,74.125.24.0-255,5738,46077,20,212357
8570,0.000489,172.31.36.0-255,66,46143,20,212357
8571,0.000519,74.125.24.0-255,7156,53299,20,212357
8572,0.000522,172.31.36.0-255,66,53365,20,212357
8573,0.000528,74.125.24.0-255,5738,59103,20,212357
8574,0.000531,172.31.36.0-255,66,59169,20,212357
8575,0.000588,74.125.24.0-255,5301,64470,20,212357
8576,0.000591,172.31.36.0-255,66,64536,20,212357
8577,0.001107,74.125.24.0-255,1484,66020,20,212357
8578,0.001113,74.125.24.0-255,2902,68922,20,212357
8579,0.001117,172.31.36.0-255,66,68988,20,212357
8580,0.001124,74.125.24.0-255,4320,73308,20,212357
8581,0.001126,172.31.36.0-255,66,73374,20,212357
8582,0.00115,74.125.24.0-255,1484,74858,20,212357
8583,0.001162,74.125.24.0-255,7156,82014,20,212357
8584,0.001164,172.31.36.0-255,66,82080,20,212357
8585,0.001192,74.125.24.0-255,5738,87818,20,212357
8586,0.001195,172.31.36.0-255,66,87884,20,212357
8587,0.001202,74.125.24.0-255,7156,95040,20,212357
8588,0.001204,172.31.36.0-255,66,95106,20,212357
8589,0.001212,74.125.24.0-255,1484,96590,20,212357
8590,0.001232,74.125.24.0-255,2184,98774,20,212357
8591,0.001234,172.31.36.0-255,66,98840,20,212357
8592,0.001267,74.125.24.0-255,4320,103160,20,212357
8593,0.00127,172.31.36.0-255,66,103226,20,212357
8594,0.001281,172.31.36.0-255,66,103292,20,212357
8595,0.00129,74.125.24.0-255,2902,106194,20,212357
8596,0.001293,172.31.36.0-255,66,106260,20,212357
8597,0.001323,74.125.24.0-255,2902,109162,20,212357
8598,0.001329,74.125.24.0-255,4320,113482,20,212357
8599,0.001333,172.31.36.0-255,66,113548,20,212357
8600,0.001336,172.31.36.0-255,66,113614,20,212357
8601,0.001364,172.31.36.0-255,66,113680,20,212357
8602,0.001394,74.125.24.0-255,5738,119418,20,212357
8603,0.001397,172.31.36.0-255,66,119484,20,212357
8604,0.001409,74.125.24.0-255,7156,126640,20,212357
8605,0.001411,172.31.36.0-255,66,126706,20,212357
8606,0.001416,74.125.24.0-255,2902,129608,20,212357
8607,0.001418,172.31.36.0-255,66,129674,20,212357
8608,0.001465,172.31.36.0-255,66,129740,20,212357
8609,0.001473,74.125.24.0-255,6438,136178,20,212357
8610,0.001475,172.31.36.0-255,66,136244,20,212357
8611,0.001502,74.125.24.0-255,4320,140564,20,212357
8612,0.001505,172.31.36.0-255,66,140630,20,212357
8613,0.001511,74.125.24.0-255,5738,146368,20,212357
8614,0.001514,172.31.36.0-255,66,146434,20,212357
8615,0.00152,74.125.24.0-255,1484,147918,20,212357
8616,0.001555,172.31.36.0-255,66,147984,20,212357
8617,0.001558,74.125.24.0-255,1484,149468,20,212357
8618,0.001584,74.125.24.0-255,5738,155206,20,212357
8619,0.001588,172.31.36.0-255,66,155272,20,212357
8620,0.001594,74.125.24.0-255,4320,159592,20,212357
8621,0.001596,172.31.36.0-255,66,159658,20,212357
8622,0.001623,74.125.24.0-255,766,160424,20,212357
8623,0.002171,74.125.24.0-255,1484,161908,20,212357
8624,0.002176,172.31.36.0-255,66,161974,20,212357
8625,0.002182,74.125.24.0-255,2902,164876,20,212357
8626,0.002184,172.31.36.0-255,66,164942,20,212357
8627,0.002234,74.125.24.0-255,5738,170680,20,212357
8628,0.002237,172.31.36.0-255,66,170746,20,212357
8629,0.002254,172.31.36.0-255,66,170812,20,212357
8630,0.002257,74.125.24.0-255,1484,172296,20,212357
8631,0.002274,74.125.24.0-255,4320,176616,20,212357
8632,0.002276,172.31.36.0-255,66,176682,20,212357
8633,0.002312,74.125.24.0-255,7156,183838,20,212357
8634,0.002314,172.31.36.0-255,66,183904,20,212357
8635,0.002319,74.125.24.0-255,3602,187506,20,212357
8636,0.002322,172.31.36.0-255,66,187572,20,212357
8637,0.002331,74.125.24.0-255,4320,191892,20,212357
8638,0.002334,172.31.36.0-255,66,191958,20,212357
8639,0.002381,172.31.36.0-255,66,192024,20,212357
8640,0.002407,74.125.24.0-255,1484,193508,20,212357
8641,0.002421,172.31.36.0-255,66,193574,20,212357
8642,0.002443,172.31.36.0-255,66,193640,20,212357
8643,0.00247,74.125.24.0-255,2184,195824,20,212357
8644,0.002472,172.31.36.0-255,66,195890,20,212357
8645,0.002492,172.31.36.0-255,66,195956,20,212357
8646,0.002522,74.125.24.0-255,5020,200976,20,212357
8647,0.002524,172.31.36.0-255,66,201042,20,212357
8648,0.002536,172.31.36.0-255,66,201108,20,212357
8649,0.002556,172.31.36.0-255,66,201174,20,212357
8650,0.002599,172.31.36.0-255,66,201240,20,212357
8651,0.002625,172.31.36.0-255,66,201306,20,212357
8652,0.002629,74.125.24.0-255,1731,203037,20,212357
8653,0.002631,172.31.36.0-255,66,203103,20,212357
8654,0.002634,74.125.24.0-255,105,203208,20,212357
8655,0.00843,172.31.36.0-255,105,203313,20,212357
8656,0.011075,74.125.24.0-255,66,203379,20,212357
8657,0.030048,172.31.36.0-255,172,203551,20,212357
8658,0.030084,172.31.36.0-255,1110,204661,20,212357
8659,0.030151,172.31.36.0-255,1514,206175,20,212357
8660,0.030153,172.31.36.0-255,1514,207689,20,212357
8661,0.030158,172.31.36.0-255,1514,209203,20,212357
8662,0.030159,172.31.36.0-255,1514,210717,20,212357
8663,0.030179,172.31.36.0-255,1376,212093,20,212357
8664,0.031693,104.244.42.0-255,66,212159,20,212357
8665,0.031731,104.244.42.0-255,66,212225,20,212357
8666,0.031831,104.244.42.0-255,66,212291,20,212357
8667,0.031852,104.244.42.0-255,66,212357,20,212357
8668,0.0,74.125.200.0-255,143,143,20,240253
8669,2.4e-05,172.31.36.0-255,66,209,20,240253
8670,3.1e-05,74.125.200.0-255,1484,1693,20,240253
8671,3.6e-05,172.31.36.0-255,66,1759,20,240253
8672,4.2e-05,74.125.200.0-255,2902,4661,20,240253
8673,4.4e-05,172.31.36.0-255,66,4727,20,240253
8674,5e-05,74.125.200.0-255,4320,9047,20,240253
8675,5.4e-05,172.31.36.0-255,66,9113,20,240253
8676,0.000101,172.31.36.0-255,66,9179,20,240253
8677,0.000112,172.31.36.0-255,66,9245,20,240253
8678,0.000136,74.125.200.0-255,5379,14624,20,240253
8679,0.000139,172.31.36.0-255,66,14690,20,240253
8680,0.000214,74.125.200.0-255,1484,16174,20,240253
8681,0.000217,172.31.36.0-255,66,16240,20,240253
8682,0.000221,74.125.200.0-255,1484,17724,20,240253
8683,0.000224,172.31.36.0-255,66,17790,20,240253
8684,0.000227,74.125.200.0-255,1484,19274,20,240253
8685,0.000229,172.31.36.0-255,66,19340,20,240253
8686,0.000253,74.125.200.0-255,1484,20824,20,240253
8687,0.000255,172.31.36.0-255,66,20890,20,240253
8688,0.000261,74.125.200.0-255,5738,26628,20,240253
8689,0.000264,172.31.36.0-255,66,26694,20,240253
8690,0.000282,74.125.200.0-255,5738,32432,20,240253
8691,0.000285,172.31.36.0-255,66,32498,20,240253
8692,0.000305,74.125.200.0-255,2543,35041,20,240253
8693,0.000307,172.31.36.0-255,66,35107,20,240253
8694,0.000321,74.125.200.0-255,2902,38009,20,240253
8695,0.000324,172.31.36.0-255,66,38075,20,240253
8696,0.000341,74.125.200.0-255,5738,43813,20,240253
8697,0.000344,172.31.36.0-255,66,43879,20,240253
8698,0.000368,74.125.200.0-255,5379,49258,20,240253
8699,0.00037,172.31.36.0-255,66,49324,20,240253
8700,0.000763,74.125.200.0-255,645,49969,20,240253
8701,0.001008,172.31.36.0-255,66,50035,20,240253
8702,0.001074,74.125.200.0-255,1484,51519,20,240253
8703,0.001079,74.125.200.0-255,1484,53003,20,240253
8704,0.001081,172.31.36.0-255,66,53069,20,240253
8705,0.001098,74.125.200.0-255,1484,54553,20,240253
8706,0.001105,74.125.200.0-255,5738,60291,20,240253
8707,0.001107,172.31.36.0-255,66,60357,20,240253
8708,0.00112,74.125.200.0-255,1484,61841,20,240253
8709,0.001135,74.125.200.0-255,4320,66161,20,240253
8710,0.001137,172.31.36.0-255,66,66227,20,240253
8711,0.001155,74.125.200.0-255,1484,67711,20,240253
8712,0.001163,74.125.200.0-255,7156,74867,20,240253
8713,0.001165,172.31.36.0-255,66,74933,20,240253
8714,0.001178,74.125.200.0-255,1484,76417,20,240253
8715,0.001208,74.125.200.0-255,5738,82155,20,240253
8716,0.001211,172.31.36.0-255,66,82221,20,240253
8717,0.001229,74.125.200.0-255,2184,84405,20,240253
8718,0.001231,172.31.36.0-255,66,84471,20,240253
8719,0.001568,74.125.200.0-255,1484,85955,20,240253
8720,0.001593,74.125.200.0-255,2902,88857,20,240253
8721,0.001598,172.31.36.0-255,66,88923,20,240253
8722,0.001605,74.125.200.0-255,5738,94661,20,240253
8723,0.001607,172.31.36.0-255,66,94727,20,240253
8724,0.001642,74.125.200.0-255,7156,101883,20,240253
8725,0.001645,172.31.36.0-255,66,101949,20,240253
8726,0.001665,74.125.200.0-255,5738,107687,20,240253
8727,0.001668,172.31.36.0-255,66,107753,20,240253
8728,0.001681,74.125.200.0-255,2902,110655,20,240253
8729,0.001684,172.31.36.0-255,66,110721,20,240253
8730,0.001719,172.31.36.0-255,66,110787,20,240253
8731,0.001736,74.125.200.0-255,4320,115107,20,240253
8732,0.001739,172.31.36.0-255,66,115173,20,240253
8733,0.001766,74.125.200.0-255,7156,122329,20,240253
8734,0.001769,172.31.36.0-255,66,122395,20,240253
8735,0.001788,74.125.200.0-255,2902,125297,20,240253
8736,0.001791,172.31.36.0-255,66,125363,20,240253
8737,0.001808,74.125.200.0-255,2902,128265,20,240253
8738,0.00181,172.31.36.0-255,66,128331,20,240253
8739,0.001825,74.125.200.0-255,2902,131233,20,240253
8740,0.001828,172.31.36.0-255,66,131299,20,240253
8741,0.001863,172.31.36.0-255,66,131365,20,240253
8742,0.001881,74.125.200.0-255,1484,132849,20,240253
8743,0.001914,74.125.200.0-255,2902,135751,20,240253
8744,0.001917,172.31.36.0-255,66,135817,20,240253
8745,0.001947,74.125.200.0-255,766,136583,20,240253
8746,0.003939,74.125.200.0-255,4320,140903,20,240253
8747,0.003947,172.31.36.0-255,66,140969,20,240253
8748,0.005976,74.125.200.0-255,4320,145289,20,240253
8749,0.00598,172.31.36.0-255,66,145355,20,240253
8750,0.005998,74.125.200.0-255,1484,146839,20,240253
8751,0.008003,74.125.200.0-255,4320,151159,20,240253
8752,0.008011,172.31.36.0-255,66,151225,20,240253
8753,0.010081,74.125.200.0-255,5738,156963,20,240253
8754,0.010089,172.31.36.0-255,66,157029,20,240253
8755,0.012102,74.125.200.0-255,5738,162767,20,240253
8756,0.012108,172.31.36.0-255,66,162833,20,240253
8757,0.014129,74.125.200.0-255,5738,168571,20,240253
8758,0.014138,172.31.36.0-255,66,168637,20,240253
8759,0.016173,74.125.200.0-255,5738,174375,20,240253
8760,0.016183,172.31.36.0-255,66,174441,20,240253
8761,0.018202,74.125.200.0-255,5738,180179,20,240253
8762,0.01821,172.31.36.0-255,66,180245,20,240253
8763,0.019597,172.31.36.0-255,167,180412,20,240253
8764,0.019632,172.31.36.0-255,1109,181521,20,240253
8765,0.019702,172.31.36.0-255,1514,183035,20,240253
8766,0.019704,172.31.36.0-255,332,183367,20,240253
8767,0.020264,74.125.200.0-255,4320,187687,20,240253
8768,0.020272,172.31.36.0-255,66,187753,20,240253
8769,0.02029,74.125.200.0-255,1484,189237,20,240253
8770,0.021156,104.244.42.0-255,66,189303,20,240253
8771,0.021202,104.244.42.0-255,66,189369,20,240253
8772,0.021289,104.244.42.0-255,66,189435,20,240253
8773,0.022293,74.125.200.0-255,4320,193755,20,240253
8774,0.022299,172.31.36.0-255,66,193821,20,240253
8775,0.024325,74.125.200.0-255,5738,199559,20,240253
8776,0.024332,172.31.36.0-255,66,199625,20,240253
8777,0.02636,74.125.200.0-255,5738,205363,20,240253
8778,0.026371,172.31.36.0-255,66,205429,20,240253
8779,0.028409,74.125.200.0-255,5738,211167,20,240253
8780,0.02842,172.31.36.0-255,66,211233,20,240253
8781,0.030451,74.125.200.0-255,5738,216971,20,240253
8782,0.030458,172.31.36.0-255,66,217037,20,240253
8783,0.032493,74.125.200.0-255,5738,222775,20,240253
8784,0.0325,172.31.36.0-255,66,222841,20,240253
8785,0.034534,74.125.200.0-255,5738,228579,20,240253
8786,0.03455,172.31.36.0-255,66,228645,20,240253
8787,0.036589,74.125.200.0-255,5738,234383,20,240253
8788,0.036598,172.31.36.0-255,66,234449,20,240253
8789,0.038643,74.125.200.0-255,5738,240187,20,240253
8790,0.03865,172.31.36.0-255,66,240253,20,240253
8791,0.0,172.217.194.0-255,298,298,20,285696
8792,3.3e-05,172.31.36.0-255,66,364,20,285696
8793,4e-05,172.217.194.0-255,1484,1848,20,285696
8794,4.5e-05,172.31.36.0-255,66,1914,20,285696
8795,5.8e-05,172.217.194.0-255,4320,6234,20,285696
8796,6.2e-05,172.31.36.0-255,66,6300,20,285696
8797,6.7e-05,172.217.194.0-255,4320,10620,20,285696
8798,7e-05,172.31.36.0-255,66,10686,20,285696
8799,9.4e-05,172.217.194.0-255,4694,15380,20,285696
8800,9.8e-05,172.31.36.0-255,66,15446,20,285696
8801,0.000106,172.217.194.0-255,7156,22602,20,285696
8802,0.000108,172.31.36.0-255,66,22668,20,285696
8803,0.000133,172.217.194.0-255,4320,26988,20,285696
8804,0.000136,172.31.36.0-255,66,27054,20,285696
8805,0.000159,172.217.194.0-255,3961,31015,20,285696
8806,0.000161,172.31.36.0-255,66,31081,20,285696
8807,0.000198,172.217.194.0-255,1484,32565,20,285696
8808,0.0002,172.31.36.0-255,66,32631,20,285696
8809,0.000219,172.217.194.0-255,2902,35533,20,285696
8810,0.000221,172.31.36.0-255,66,35599,20,285696
8811,0.000253,172.217.194.0-255,2902,38501,20,285696
8812,0.000256,172.31.36.0-255,66,38567,20,285696
8813,0.000261,172.217.194.0-255,4320,42887,20,285696
8814,0.000263,172.31.36.0-255,66,42953,20,285696
8815,0.000291,172.217.194.0-255,5738,48691,20,285696
8816,0.000295,172.31.36.0-255,66,48757,20,285696
8817,0.000326,172.217.194.0-255,3961,52718,20,285696
8818,0.000329,172.31.36.0-255,66,52784,20,285696
8819,0.000332,172.217.194.0-255,1484,54268,20,285696
8820,0.000335,172.31.36.0-255,66,54334,20,285696
8821,0.000378,172.31.36.0-255,66,54400,20,285696
8822,0.0004,172.217.194.0-255,1378,55778,20,285696
8823,0.000406,172.217.194.0-255,119,55897,20,285696
8824,0.000451,172.217.194.0-255,1484,57381,20,285696
8825,0.000456,172.31.36.0-255,66,57447,20,285696
8826,0.000461,172.217.194.0-255,2902,60349,20,285696
8827,0.000464,172.31.36.0-255,66,60415,20,285696
8828,0.000467,172.217.194.0-255,1484,61899,20,285696
8829,0.000502,172.217.194.0-255,4320,66219,20,285696
8830,0.000505,172.31.36.0-255,66,66285,20,285696
8831,0.000513,172.217.194.0-255,5738,72023,20,285696
8832,0.000516,172.31.36.0-255,66,72089,20,285696
8833,0.000524,172.217.194.0-255,1125,73214,20,285696
8834,0.000575,172.217.194.0-255,1484,74698,20,285696
8835,0.000578,172.31.36.0-255,66,74764,20,285696
8836,0.000606,172.217.194.0-255,2902,77666,20,285696
8837,0.000609,172.31.36.0-255,66,77732,20,285696
8838,0.000616,172.217.194.0-255,5738,83470,20,285696
8839,0.000619,172.31.36.0-255,66,83536,20,285696
8840,0.000652,172.217.194.0-255,7111,90647,20,285696
8841,0.000656,172.31.36.0-255,66,90713,20,285696
8842,0.000731,172.217.194.0-255,1484,92197,20,285696
8843,0.000737,172.217.194.0-255,2902,95099,20,285696
8844,0.00074,172.31.36.0-255,66,95165,20,285696
8845,0.000744,172.217.194.0-255,1484,96649,20,285696
8846,0.000765,172.217.194.0-255,4320,100969,20,285696
8847,0.000768,172.31.36.0-255,66,101035,20,285696
8848,0.000775,172.217.194.0-255,7156,108191,20,285696
8849,0.000778,172.31.36.0-255,66,108257,20,285696
8850,0.000811,172.217.194.0-255,5738,113995,20,285696
8851,0.000816,172.31.36.0-255,66,114061,20,285696
8852,0.000829,172.31.36.0-255,66,114127,20,285696
8853,0.001079,172.217.194.0-255,1484,115611,20,285696
8854,0.001085,172.217.194.0-255,2902,118513,20,285696
8855,0.001088,172.31.36.0-255,66,118579,20,285696
8856,0.001122,172.217.194.0-255,5738,124317,20,285696
8857,0.001126,172.31.36.0-255,66,124383,20,285696
8858,0.00114,172.31.36.0-255,66,124449,20,285696
8859,0.001183,172.31.36.0-255,66,124515,20,285696
8860,0.001194,172.31.36.0-255,66,124581,20,285696
8861,0.001231,172.217.194.0-255,2902,127483,20,285696
8862,0.001234,172.31.36.0-255,66,127549,20,285696
8863,0.001247,172.31.36.0-255,66,127615,20,285696
8864,0.001253,172.217.194.0-255,4320,131935,20,285696
8865,0.001256,172.31.36.0-255,66,132001,20,285696
8866,0.001298,172.217.194.0-255,6438,138439,20,285696
8867,0.001303,172.31.36.0-255,66,138505,20,285696
8868,0.001579,172.217.194.0-255,1484,139989,20,285696
8869,0.001584,172.217.194.0-255,1484,141473,20,285696
8870,0.001588,172.31.36.0-255,66,141539,20,285696
8871,0.001617,172.217.194.0-255,1484,143023,20,285696
8872,0.001624,172.217.194.0-255,5738,148761,20,285696
8873,0.001627,172.31.36.0-255,66,148827,20,285696
8874,0.001633,172.217.194.0-255,7156,155983,20,285696
8875,0.001635,172.31.36.0-255,66,156049,20,285696
8876,0.00165,172.217.194.0-255,7156,163205,20,285696
8877,0.001652,172.31.36.0-255,66,163271,20,285696
8878,0.001685,172.217.194.0-255,7156,170427,20,285696
8879,0.001688,172.31.36.0-255,66,170493,20,285696
8880,0.001692,172.217.194.0-255,2184,172677,20,285696
8881,0.001696,172.31.36.0-255,66,172743,20,285696
8882,0.001782,172.217.194.0-255,1484,174227,20,285696
8883,0.001789,172.217.194.0-255,2902,177129,20,285696
8884,0.001792,172.31.36.0-255,66,177195,20,285696
8885,0.001797,172.217.194.0-255,2902,180097,20,285696
8886,0.001799,172.31.36.0-255,66,180163,20,285696
8887,0.001828,172.217.194.0-255,2902,183065,20,285696
8888,0.001831,172.31.36.0-255,66,183131,20,285696
8889,0.001844,172.217.194.0-255,7156,190287,20,285696
8890,0.001848,172.31.36.0-255,66,190353,20,285696
8891,0.001862,172.31.36.0-255,66,190419,20,285696
8892,0.001866,172.217.194.0-255,2184,192603,20,285696
8893,0.001868,172.31.36.0-255,66,192669,20,285696
8894,0.004195,172.217.194.0-255,5738,198407,20,285696
8895,0.004202,172.31.36.0-255,66,198473,20,285696
8896,0.006528,172.217.194.0-255,5738,204211,20,285696
8897,0.006532,172.31.36.0-255,66,204277,20,285696
8898,0.008859,172.217.194.0-255,5738,210015,20,285696
8899,0.008866,172.31.36.0-255,66,210081,20,285696
8900,0.011194,172.217.194.0-255,5738,215819,20,285696
8901,0.011201,172.31.36.0-255,66,215885,20,285696
8902,0.013539,172.217.194.0-255,5738,221623,20,285696
8903,0.013546,172.31.36.0-255,66,221689,20,285696
8904,0.015872,172.217.194.0-255,5738,227427,20,285696
8905,0.015883,172.31.36.0-255,66,227493,20,285696
8906,0.018222,172.217.194.0-255,5738,233231,20,285696
8907,0.018229,172.31.36.0-255,66,233297,20,285696
8908,0.020549,172.217.194.0-255,5738,239035,20,285696
8909,0.020557,172.31.36.0-255,66,239101,20,285696
8910,0.022901,172.217.194.0-255,5738,244839,20,285696
8911,0.022907,172.31.36.0-255,66,244905,20,285696
8912,0.025246,172.217.194.0-255,5738,250643,20,285696
8913,0.025254,172.31.36.0-255,66,250709,20,285696
8914,0.027601,172.217.194.0-255,4320,255029,20,285696
8915,0.027607,172.31.36.0-255,66,255095,20,285696
8916,0.027646,172.217.194.0-255,1484,256579,20,285696
8917,0.029945,172.217.194.0-255,2902,259481,20,285696
8918,0.02995,172.31.36.0-255,66,259547,20,285696
8919,0.030749,172.31.36.0-255,167,259714,20,285696
8920,0.030779,172.31.36.0-255,1107,260821,20,285696
8921,0.030815,172.31.36.0-255,1514,262335,20,285696
8922,0.030816,172.31.36.0-255,1299,263634,20,285696
8923,0.03227,172.217.194.0-255,5738,269372,20,285696
8924,0.032276,172.31.36.0-255,66,269438,20,285696
8925,0.032309,104.244.42.0-255,66,269504,20,285696
8926,0.032315,104.244.42.0-255,66,269570,20,285696
8927,0.032365,104.244.42.0-255,66,269636,20,285696
8928,0.034589,172.217.194.0-255,5738,275374,20,285696
8929,0.034595,172.31.36.0-255,66,275440,20,285696
8930,0.036924,172.217.194.0-255,4320,279760,20,285696
8931,0.036931,172.31.36.0-255,66,279826,20,285696
8932,0.036959,172.217.194.0-255,1484,281310,20,285696
8933,0.039255,172.217.194.0-255,4320,285630,20,285696
8934,0.039262,172.31.36.0-255,66,285696,20,285696
8935,0.0,172.217.194.0-255,151,151,20,187378
8936,2.4e-05,172.31.36.0-255,66,217,20,187378
8937,3e-05,172.217.194.0-255,1484,1701,20,187378
8938,3.4e-05,172.31.36.0-255,66,1767,20,187378
8939,4.5e-05,172.217.194.0-255,2902,4669,20,187378
8940,4.8e-05,172.31.36.0-255,66,4735,20,187378
8941,8.7e-05,172.217.194.0-255,7156,11891,20,187378
8942,9.3e-05,172.31.36.0-255,66,11957,20,187378
8943,9.7e-05,172.217.194.0-255,2020,13977,20,187378
8944,9.9e-05,172.31.36.0-255,66,14043,20,187378
8945,0.000104,172.217.194.0-255,4320,18363,20,187378
8946,0.000107,172.31.36.0-255,66,18429,20,187378
8947,0.000146,172.217.194.0-255,7156,25585,20,187378
8948,0.000149,172.31.36.0-255,66,25651,20,187378
8949,0.000155,172.217.194.0-255,5379,31030,20,187378
8950,0.000159,172.31.36.0-255,66,31096,20,187378
8951,0.00018,172.217.194.0-255,2902,33998,20,187378
8952,0.000183,172.31.36.0-255,66,34064,20,187378
8953,0.000189,172.217.194.0-255,4320,38384,20,187378
8954,0.000191,172.31.36.0-255,66,38450,20,187378
8955,0.000195,172.217.194.0-255,1484,39934,20,187378
8956,0.000197,172.31.36.0-255,66,40000,20,187378
8957,0.000236,172.217.194.0-255,7156,47156,20,187378
8958,0.000239,172.31.36.0-255,66,47222,20,187378
8959,0.000254,172.31.36.0-255,66,47288,20,187378
8960,0.000288,172.217.194.0-255,3946,51234,20,187378
8961,0.000291,172.31.36.0-255,66,51300,20,187378
8962,0.000315,172.217.194.0-255,364,51664,20,187378
8963,0.000319,172.31.36.0-255,66,51730,20,187378
8964,0.000396,172.217.194.0-255,1484,53214,20,187378
8965,0.0004,172.31.36.0-255,66,53280,20,187378
8966,0.000405,172.217.194.0-255,2902,56182,20,187378
8967,0.000411,172.31.36.0-255,66,56248,20,187378
8968,0.00043,172.217.194.0-255,5738,61986,20,187378
8969,0.000437,172.31.36.0-255,66,62052,20,187378
8970,0.000444,172.217.194.0-255,6248,68300,20,187378
8971,0.000452,172.31.36.0-255,66,68366,20,187378
8972,0.000589,172.217.194.0-255,1484,69850,20,187378
8973,0.000595,172.217.194.0-255,2902,72752,20,187378
8974,0.000598,172.31.36.0-255,66,72818,20,187378
8975,0.000623,172.217.194.0-255,5738,78556,20,187378
8976,0.000632,172.31.36.0-255,66,78622,20,187378
8977,0.000659,172.217.194.0-255,1484,80106,20,187378
8978,0.000663,172.31.36.0-255,66,80172,20,187378
8979,0.000718,172.31.36.0-255,66,80238,20,187378
8980,0.001001,172.217.194.0-255,1484,81722,20,187378
8981,0.001006,172.217.194.0-255,2902,84624,20,187378
8982,0.00101,172.31.36.0-255,66,84690,20,187378
8983,0.001014,172.217.194.0-255,1484,86174,20,187378
8984,0.00104,172.217.194.0-255,4320,90494,20,187378
8985,0.001046,172.217.194.0-255,4320,94814,20,187378
8986,0.00105,172.31.36.0-255,66,94880,20,187378
8987,0.001068,172.217.194.0-255,7156,102036,20,187378
8988,0.001073,172.217.194.0-255,2902,104938,20,187378
8989,0.001083,172.31.36.0-255,66,105004,20,187378
8990,0.001104,172.31.36.0-255,66,105070,20,187378
8991,0.00142,172.217.194.0-255,1484,106554,20,187378
8992,0.00144,172.217.194.0-255,2902,109456,20,187378
8993,0.001443,172.31.36.0-255,66,109522,20,187378
8994,0.00145,172.217.194.0-255,5738,115260,20,187378
8995,0.001452,172.217.194.0-255,1484,116744,20,187378
8996,0.001461,172.31.36.0-255,66,116810,20,187378
8997,0.001513,172.31.36.0-255,66,116876,20,187378
8998,0.001526,172.31.36.0-255,66,116942,20,187378
8999,0.001581,172.217.194.0-255,766,117708,20,187378
9000,0.001671,172.217.194.0-255,1484,119192,20,187378
9001,0.001675,172.31.36.0-255,66,119258,20,187378
9002,0.001679,172.217.194.0-255,1484,120742,20,187378
9003,0.001709,172.217.194.0-255,1484,122226,20,187378
9004,0.001714,172.31.36.0-255,66,122292,20,187378
9005,0.001715,172.217.194.0-255,5738,128030,20,187378
9006,0.001719,172.217.194.0-255,4320,132350,20,187378
9007,0.001729,172.31.36.0-255,66,132416,20,187378
9008,0.001755,172.31.36.0-255,66,132482,20,187378
9009,0.001765,172.217.194.0-255,2902,135384,20,187378
9010,0.001769,172.31.36.0-255,66,135450,20,187378
9011,0.001797,172.217.194.0-255,5020,140470,20,187378
9012,0.001805,172.31.36.0-255,66,140536,20,187378
9013,0.00181,172.31.36.0-255,66,140602,20,187378
9014,0.001838,172.31.36.0-255,66,140668,20,187378
9015,0.00187,172.217.194.0-255,4320,144988,20,187378
9016,0.001878,172.31.36.0-255,66,145054,20,187378
9017,0.00189,172.217.194.0-255,6438,151492,20,187378
9018,0.00191,172.31.36.0-255,66,151558,20,187378
9019,0.001915,172.31.36.0-255,66,151624,20,187378
9020,0.001919,172.217.194.0-255,7156,158780,20,187378
9021,0.001928,172.31.36.0-255,66,158846,20,187378
9022,0.001976,172.217.194.0-255,7156,166002,20,187378
9023,0.001983,172.31.36.0-255,66,166068,20,187378
9024,0.00203,172.31.36.0-255,66,166134,20,187378
9025,0.002048,172.31.36.0-255,66,166200,20,187378
9026,0.002052,172.31.36.0-255,66,166266,20,187378
9027,0.002099,172.31.36.0-255,66,166332,20,187378
9028,0.002139,172.31.36.0-255,66,166398,20,187378
9029,0.002143,172.31.36.0-255,66,166464,20,187378
9030,0.00216,172.217.194.0-255,3602,170066,20,187378
9031,0.002165,172.31.36.0-255,66,170132,20,187378
9032,0.002348,172.217.194.0-255,1484,171616,20,187378
9033,0.002355,172.217.194.0-255,2902,174518,20,187378
9034,0.002382,172.217.194.0-255,5738,180256,20,187378
9035,0.0025,172.217.194.0-255,2486,182742,20,187378
9036,0.002515,172.217.194.0-255,105,182847,20,187378
9037,0.008072,172.31.36.0-255,66,182913,20,187378
9038,0.009331,172.31.36.0-255,105,183018,20,187378
9039,0.011844,172.217.194.0-255,66,183084,20,187378
9040,0.032148,172.31.36.0-255,176,183260,20,187378
9041,0.032179,172.31.36.0-255,1107,184367,20,187378
9042,0.03222,172.31.36.0-255,1514,185881,20,187378
9043,0.032222,172.31.36.0-255,1299,187180,20,187378
9044,0.033663,104.244.42.0-255,66,187246,20,187378
9045,0.033739,104.244.42.0-255,66,187312,20,187378
9046,0.033783,104.244.42.0-255,66,187378,20,187378
9047,0.0,74.125.24.0-255,152,152,20,233783
9048,1.3e-05,172.31.36.0-255,66,218,20,233783
9049,2e-05,74.125.24.0-255,1484,1702,20,233783
9050,2.4e-05,172.31.36.0-255,66,1768,20,233783
9051,3.5e-05,74.125.24.0-255,2902,4670,20,233783
9052,3.9e-05,172.31.36.0-255,66,4736,20,233783
9053,4.8e-05,74.125.24.0-255,7156,11892,20,233783
9054,5.1e-05,172.31.36.0-255,66,11958,20,233783
9055,5.5e-05,74.125.24.0-255,2056,14014,20,233783
9056,5.8e-05,172.31.36.0-255,66,14080,20,233783
9057,0.000103,172.31.36.0-255,66,14146,20,233783
9058,0.00011,74.125.24.0-255,5379,19525,20,233783
9059,0.000113,172.31.36.0-255,66,19591,20,233783
9060,0.000185,74.125.24.0-255,1484,21075,20,233783
9061,0.000188,172.31.36.0-255,66,21141,20,233783
9062,0.000193,74.125.24.0-255,2902,24043,20,233783
9063,0.000196,172.31.36.0-255,66,24109,20,233783
9064,0.000224,74.125.24.0-255,5738,29847,20,233783
9065,0.000227,172.31.36.0-255,66,29913,20,233783
9066,0.000265,172.31.36.0-255,66,29979,20,233783
9067,0.000277,172.31.36.0-255,66,30045,20,233783
9068,0.000301,74.125.24.0-255,646,30691,20,233783
9069,0.000303,172.31.36.0-255,66,30757,20,233783
9070,0.000391,74.125.24.0-255,1484,32241,20,233783
9071,0.000395,172.31.36.0-255,66,32307,20,233783
9072,0.000401,74.125.24.0-255,2902,35209,20,233783
9073,0.000404,172.31.36.0-255,66,35275,20,233783
9074,0.000409,74.125.24.0-255,2902,38177,20,233783
9075,0.000416,172.31.36.0-255,66,38243,20,233783
9076,0.000427,74.125.24.0-255,2902,41145,20,233783
9077,0.000429,172.31.36.0-255,66,41211,20,233783
9078,0.000454,74.125.24.0-255,4320,45531,20,233783
9079,0.000457,172.31.36.0-255,66,45597,20,233783
9080,0.000482,74.125.24.0-255,2543,48140,20,233783
9081,0.000485,172.31.36.0-255,66,48206,20,233783
9082,0.000904,74.125.24.0-255,1484,49690,20,233783
9083,0.000912,74.125.24.0-255,2902,52592,20,233783
9084,0.000917,172.31.36.0-255,66,52658,20,233783
9085,0.000925,74.125.24.0-255,5738,58396,20,233783
9086,0.000927,172.31.36.0-255,66,58462,20,233783
9087,0.00097,74.125.24.0-255,5738,64200,20,233783
9088,0.000972,172.31.36.0-255,66,64266,20,233783
9089,0.000995,74.125.24.0-255,1125,65391,20,233783
9090,0.001468,74.125.24.0-255,1484,66875,20,233783
9091,0.001474,172.31.36.0-255,66,66941,20,233783
9092,0.001479,74.125.24.0-255,2902,69843,20,233783
9093,0.001481,172.31.36.0-255,66,69909,20,233783
9094,0.001512,74.125.24.0-255,5738,75647,20,233783
9095,0.001514,172.31.36.0-255,66,75713,20,233783
9096,0.001519,74.125.24.0-255,2902,78615,20,233783
9097,0.001521,172.31.36.0-255,66,78681,20,233783
9098,0.00156,172.31.36.0-255,66,78747,20,233783
9099,0.001573,172.31.36.0-255,66,78813,20,233783
9100,0.001598,74.125.24.0-255,2184,80997,20,233783
9101,0.0016,172.31.36.0-255,66,81063,20,233783
9102,0.001612,172.31.36.0-255,66,81129,20,233783
9103,0.00164,74.125.24.0-255,4320,85449,20,233783
9104,0.001643,172.31.36.0-255,66,85515,20,233783
9105,0.001683,172.31.36.0-255,66,85581,20,233783
9106,0.001734,172.31.36.0-255,66,85647,20,233783
9107,0.001758,74.125.24.0-255,7156,92803,20,233783
9108,0.001761,172.31.36.0-255,66,92869,20,233783
9109,0.001775,172.31.36.0-255,66,92935,20,233783
9110,0.001778,74.125.24.0-255,1484,94419,20,233783
9111,0.001783,74.125.24.0-255,2902,97321,20,233783
9112,0.001785,172.31.36.0-255,66,97387,20,233783
9113,0.00179,74.125.24.0-255,2902,100289,20,233783
9114,0.001793,172.31.36.0-255,66,100355,20,233783
9115,0.001817,74.125.24.0-255,2902,103257,20,233783
9116,0.00182,172.31.36.0-255,66,103323,20,233783
9117,0.001849,172.31.36.0-255,66,103389,20,233783
9118,0.001875,74.125.24.0-255,2902,106291,20,233783
9119,0.001878,172.31.36.0-255,66,106357,20,233783
9120,0.001891,172.31.36.0-255,66,106423,20,233783
9121,0.001933,74.125.24.0-255,1484,107907,20,233783
9122,0.001937,74.125.24.0-255,1484,109391,20,233783
9123,0.00194,172.31.36.0-255,66,109457,20,233783
9124,0.001963,74.125.24.0-255,1484,110941,20,233783
9125,0.001971,74.125.24.0-255,5738,116679,20,233783
9126,0.001974,172.31.36.0-255,66,116745,20,233783
9127,0.00202,172.31.36.0-255,66,116811,20,233783
9128,0.002031,172.31.36.0-255,66,116877,20,233783
9129,0.002062,74.125.24.0-255,1484,118361,20,233783
9130,0.002084,172.31.36.0-255,66,118427,20,233783
9131,0.002123,172.31.36.0-255,66,118493,20,233783
9132,0.00213,74.125.24.0-255,7156,125649,20,233783
9133,0.002133,172.31.36.0-255,66,125715,20,233783
9134,0.004178,74.125.24.0-255,5738,131453,20,233783
9135,0.004186,172.31.36.0-255,66,131519,20,233783
9136,0.006239,74.125.24.0-255,5738,137257,20,233783
9137,0.006247,172.31.36.0-255,66,137323,20,233783
9138,0.008301,74.125.24.0-255,4320,141643,20,233783
9139,0.008304,172.31.36.0-255,66,141709,20,233783
9140,0.00833,74.125.24.0-255,1484,143193,20,233783
9141,0.010375,74.125.24.0-255,4320,147513,20,233783
9142,0.010383,172.31.36.0-255,66,147579,20,233783
9143,0.012433,74.125.24.0-255,5738,153317,20,233783
9144,0.012441,172.31.36.0-255,66,153383,20,233783
9145,0.01452,74.125.24.0-255,5738,159121,20,233783
9146,0.014527,172.31.36.0-255,66,159187,20,233783
9147,0.016603,74.125.24.0-255,5738,164925,20,233783
9148,0.016612,172.31.36.0-255,66,164991,20,233783
9149,0.01866,74.125.24.0-255,5738,170729,20,233783
9150,0.018667,172.31.36.0-255,66,170795,20,233783
9151,0.020716,74.125.24.0-255,5738,176533,20,233783
9152,0.020723,172.31.36.0-255,66,176599,20,233783
9153,0.022756,74.125.24.0-255,5738,182337,20,233783
9154,0.022766,172.31.36.0-255,66,182403,20,233783
9155,0.024817,74.125.24.0-255,5738,188141,20,233783
9156,0.024826,172.31.36.0-255,66,188207,20,233783
9157,0.026901,74.125.24.0-255,5738,193945,20,233783
9158,0.02691,172.31.36.0-255,66,194011,20,233783
9159,0.02899,74.125.24.0-255,5738,199749,20,233783
9160,0.028999,172.31.36.0-255,66,199815,20,233783
9161,0.03105,74.125.24.0-255,2902,202717,20,233783
9162,0.031056,172.31.36.0-255,66,202783,20,233783
9163,0.031098,74.125.24.0-255,2902,205685,20,233783
9164,0.031106,172.31.36.0-255,66,205751,20,233783
9165,0.031923,172.31.36.0-255,172,205923,20,233783
9166,0.031957,172.31.36.0-255,1107,207030,20,233783
9167,0.032014,172.31.36.0-255,1514,208544,20,233783
9168,0.032036,172.31.36.0-255,1297,209841,20,233783
9169,0.033092,74.125.24.0-255,2902,212743,20,233783
9170,0.033099,172.31.36.0-255,66,212809,20,233783
9171,0.03315,74.125.24.0-255,2902,215711,20,233783
9172,0.033153,172.31.36.0-255,66,215777,20,233783
9173,0.033478,104.244.42.0-255,66,215843,20,233783
9174,0.033486,104.244.42.0-255,66,215909,20,233783
9175,0.033599,104.244.42.0-255,66,215975,20,233783
9176,0.035165,74.125.24.0-255,2902,218877,20,233783
9177,0.035172,172.31.36.0-255,66,218943,20,233783
9178,0.035201,74.125.24.0-255,2902,221845,20,233783
9179,0.035204,172.31.36.0-255,66,221911,20,233783
9180,0.037231,74.125.24.0-255,2902,224813,20,233783
9181,0.037238,172.31.36.0-255,66,224879,20,233783
9182,0.037268,74.125.24.0-255,2902,227781,20,233783
9183,0.037271,172.31.36.0-255,66,227847,20,233783
9184,0.039302,74.125.24.0-255,2902,230749,20,233783
9185,0.039309,172.31.36.0-255,66,230815,20,233783
9186,0.039337,74.125.24.0-255,2902,233717,20,233783
9187,0.03934,172.31.36.0-255,66,233783,20,233783
9188,0.0,74.125.130.0-255,303,303,20,222627
9189,3e-05,172.31.36.0-255,66,369,20,222627
9190,3.6e-05,74.125.130.0-255,1484,1853,20,222627
9191,4.1e-05,172.31.36.0-255,66,1919,20,222627
9192,4.4e-05,74.125.130.0-255,1484,3403,20,222627
9193,4.6e-05,172.31.36.0-255,66,3469,20,222627
9194,6.9e-05,74.125.130.0-255,2902,6371,20,222627
9195,7.1e-05,172.31.36.0-255,66,6437,20,222627
9196,7.5e-05,74.125.130.0-255,2902,9339,20,222627
9197,7.8e-05,172.31.36.0-255,66,9405,20,222627
9198,9e-05,74.125.130.0-255,1484,10889,20,222627
9199,9.3e-05,172.31.36.0-255,66,10955,20,222627
9200,0.000112,74.125.130.0-255,3304,14259,20,222627
9201,0.000115,172.31.36.0-255,66,14325,20,222627
9202,0.000224,74.125.130.0-255,1484,15809,20,222627
9203,0.000228,172.31.36.0-255,66,15875,20,222627
9204,0.000232,74.125.130.0-255,1484,17359,20,222627
9205,0.000234,172.31.36.0-255,66,17425,20,222627
9206,0.000247,74.125.130.0-255,1484,18909,20,222627
9207,0.00025,172.31.36.0-255,66,18975,20,222627
9208,0.000255,74.125.130.0-255,2902,21877,20,222627
9209,0.000257,172.31.36.0-255,66,21943,20,222627
9210,0.000278,74.125.130.0-255,2902,24845,20,222627
9211,0.000281,172.31.36.0-255,66,24911,20,222627
9212,0.000287,74.125.130.0-255,6797,31708,20,222627
9213,0.00029,172.31.36.0-255,66,31774,20,222627
9214,0.000305,74.125.130.0-255,1484,33258,20,222627
9215,0.000308,172.31.36.0-255,66,33324,20,222627
9216,0.000331,74.125.130.0-255,2902,36226,20,222627
9217,0.000335,172.31.36.0-255,66,36292,20,222627
9218,0.000337,74.125.130.0-255,1484,37776,20,222627
9219,0.00034,172.31.36.0-255,66,37842,20,222627
9220,0.000353,74.125.130.0-255,4320,42162,20,222627
9221,0.000356,172.31.36.0-255,66,42228,20,222627
9222,0.000375,74.125.130.0-255,6797,49025,20,222627
9223,0.000379,172.31.36.0-255,66,49091,20,222627
9224,0.000431,74.125.130.0-255,1484,50575,20,222627
9225,0.000434,74.125.130.0-255,1484,52059,20,222627
9226,0.000437,172.31.36.0-255,66,52125,20,222627
9227,0.000454,74.125.130.0-255,1484,53609,20,222627
9228,0.000458,74.125.130.0-255,1484,55093,20,222627
9229,0.00046,172.31.36.0-255,66,55159,20,222627
9230,0.000481,74.125.130.0-255,4320,59479,20,222627
9231,0.000484,172.31.36.0-255,66,59545,20,222627
9232,0.000488,74.125.130.0-255,2902,62447,20,222627
9233,0.00049,172.31.36.0-255,66,62513,20,222627
9234,0.000495,74.125.130.0-255,4215,66728,20,222627
9235,0.000498,172.31.36.0-255,66,66794,20,222627
9236,0.000501,74.125.130.0-255,119,66913,20,222627
9237,0.000542,74.125.130.0-255,379,67292,20,222627
9238,0.000819,172.31.36.0-255,66,67358,20,222627
9239,0.000931,74.125.130.0-255,1484,68842,20,222627
9240,0.000979,74.125.130.0-255,2902,71744,20,222627
9241,0.000985,172.31.36.0-255,66,71810,20,222627
9242,0.001009,74.125.130.0-255,1484,73294,20,222627
9243,0.001044,74.125.130.0-255,2902,76196,20,222627
9244,0.001048,172.31.36.0-255,66,76262,20,222627
9245,0.00107,74.125.130.0-255,1484,77746,20,222627
9246,0.001075,74.125.130.0-255,2902,80648,20,222627
9247,0.001078,172.31.36.0-255,66,80714,20,222627
9248,0.001105,74.125.130.0-255,5738,86452,20,222627
9249,0.001109,172.31.36.0-255,66,86518,20,222627
9250,0.001116,74.125.130.0-255,4320,90838,20,222627
9251,0.001118,172.31.36.0-255,66,90904,20,222627
9252,0.001145,74.125.130.0-255,2902,93806,20,222627
9253,0.001148,172.31.36.0-255,66,93872,20,222627
9254,0.001153,74.125.130.0-255,4320,98192,20,222627
9255,0.00116,172.31.36.0-255,66,98258,20,222627
9256,0.001181,74.125.130.0-255,1484,99742,20,222627
9257,0.001196,74.125.130.0-255,2184,101926,20,222627
9258,0.001199,172.31.36.0-255,66,101992,20,222627
9259,0.001955,74.125.130.0-255,1484,103476,20,222627
9260,0.001965,74.125.130.0-255,2902,106378,20,222627
9261,0.001969,172.31.36.0-255,66,106444,20,222627
9262,0.001975,74.125.130.0-255,2902,109346,20,222627
9263,0.001977,172.31.36.0-255,66,109412,20,222627
9264,0.001997,74.125.130.0-255,2902,112314,20,222627
9265,0.001999,172.31.36.0-255,66,112380,20,222627
9266,0.002006,74.125.130.0-255,2902,115282,20,222627
9267,0.002008,172.31.36.0-255,66,115348,20,222627
9268,0.002015,74.125.130.0-255,4320,119668,20,222627
9269,0.002017,172.31.36.0-255,66,119734,20,222627
9270,0.00202,74.125.130.0-255,1484,121218,20,222627
9271,0.002049,74.125.130.0-255,7156,128374,20,222627
9272,0.002052,172.31.36.0-255,66,128440,20,222627
9273,0.002058,74.125.130.0-255,5738,134178,20,222627
9274,0.00206,172.31.36.0-255,66,134244,20,222627
9275,0.002086,74.125.130.0-255,2184,136428,20,222627
9276,0.002089,172.31.36.0-255,66,136494,20,222627
9277,0.00473,74.125.130.0-255,2902,139396,20,222627
9278,0.004735,172.31.36.0-255,66,139462,20,222627
9279,0.004757,74.125.130.0-255,1484,140946,20,222627
9280,0.004774,74.125.130.0-255,1484,142430,20,222627
9281,0.004777,172.31.36.0-255,66,142496,20,222627
9282,0.007424,74.125.130.0-255,2902,145398,20,222627
9283,0.007431,172.31.36.0-255,66,145464,20,222627
9284,0.007454,74.125.130.0-255,2902,148366,20,222627
9285,0.007458,172.31.36.0-255,66,148432,20,222627
9286,0.010122,74.125.130.0-255,5738,154170,20,222627
9287,0.01013,172.31.36.0-255,66,154236,20,222627
9288,0.012836,74.125.130.0-255,5738,159974,20,222627
9289,0.012844,172.31.36.0-255,66,160040,20,222627
9290,0.015549,74.125.130.0-255,5738,165778,20,222627
9291,0.015561,172.31.36.0-255,66,165844,20,222627
9292,0.018249,74.125.130.0-255,5738,171582,20,222627
9293,0.018256,172.31.36.0-255,66,171648,20,222627
9294,0.020945,74.125.130.0-255,5738,177386,20,222627
9295,0.020954,172.31.36.0-255,66,177452,20,222627
9296,0.023644,74.125.130.0-255,5738,183190,20,222627
9297,0.023652,172.31.36.0-255,66,183256,20,222627
9298,0.026345,74.125.130.0-255,5738,188994,20,222627
9299,0.026352,172.31.36.0-255,66,189060,20,222627
9300,0.027793,172.31.36.0-255,167,189227,20,222627
9301,0.027834,172.31.36.0-255,1111,190338,20,222627
9302,0.027903,172.31.36.0-255,1514,191852,20,222627
9303,0.027905,172.31.36.0-255,1293,193145,20,222627
9304,0.029033,74.125.130.0-255,5738,198883,20,222627
9305,0.029039,172.31.36.0-255,66,198949,20,222627
9306,0.029441,104.244.42.0-255,66,199015,20,222627
9307,0.02947,104.244.42.0-255,66,199081,20,222627
9308,0.029548,104.244.42.0-255,66,199147,20,222627
9309,0.031734,74.125.130.0-255,5738,204885,20,222627
9310,0.031739,172.31.36.0-255,66,204951,20,222627
9311,0.034439,74.125.130.0-255,5738,210689,20,222627
9312,0.034444,172.31.36.0-255,66,210755,20,222627
9313,0.037123,74.125.130.0-255,2902,213657,20,222627
9314,0.037129,172.31.36.0-255,66,213723,20,222627
9315,0.037163,74.125.130.0-255,2902,216625,20,222627
9316,0.037166,172.31.36.0-255,66,216691,20,222627
9317,0.039802,74.125.130.0-255,2902,219593,20,222627
9318,0.039807,172.31.36.0-255,66,219659,20,222627
9319,0.039846,74.125.130.0-255,2902,222561,20,222627
9320,0.039851,172.31.36.0-255,66,222627,20,222627
9321,0.0,172.217.194.0-255,146,146,20,240778
9322,3.4e-05,172.31.36.0-255,66,212,20,240778
9323,4.1e-05,172.217.194.0-255,1484,1696,20,240778
9324,4.6e-05,172.31.36.0-255,66,1762,20,240778
9325,5.1e-05,172.217.194.0-255,2902,4664,20,240778
9326,5.4e-05,172.31.36.0-255,66,4730,20,240778
9327,6.2e-05,172.217.194.0-255,7156,11886,20,240778
9328,6.4e-05,172.31.36.0-255,66,11952,20,240778
9329,9.6e-05,172.217.194.0-255,2054,14006,20,240778
9330,0.0001,172.31.36.0-255,66,14072,20,240778
9331,0.000105,172.217.194.0-255,2902,16974,20,240778
9332,0.000107,172.31.36.0-255,66,17040,20,240778
9333,0.000111,172.217.194.0-255,2902,19942,20,240778
9334,0.000113,172.31.36.0-255,66,20008,20,240778
9335,0.000137,172.217.194.0-255,4320,24328,20,240778
9336,0.00014,172.31.36.0-255,66,24394,20,240778
9337,0.000171,172.31.36.0-255,66,24460,20,240778
9338,0.000197,172.217.194.0-255,4320,28780,20,240778
9339,0.0002,172.31.36.0-255,66,28846,20,240778
9340,0.000221,172.31.36.0-255,66,28912,20,240778
9341,0.000258,172.31.36.0-255,66,28978,20,240778
9342,0.000274,172.217.194.0-255,114,29092,20,240778
9343,0.000277,172.31.36.0-255,66,29158,20,240778
9344,0.000326,172.217.194.0-255,380,29538,20,240778
9345,0.000329,172.31.36.0-255,66,29604,20,240778
9346,0.000577,172.217.194.0-255,1484,31088,20,240778
9347,0.000581,172.31.36.0-255,66,31154,20,240778
9348,0.000587,172.217.194.0-255,2902,34056,20,240778
9349,0.000589,172.31.36.0-255,66,34122,20,240778
9350,0.000592,172.217.194.0-255,1484,35606,20,240778
9351,0.000594,172.31.36.0-255,66,35672,20,240778
9352,0.000619,172.217.194.0-255,4320,39992,20,240778
9353,0.000622,172.31.36.0-255,66,40058,20,240778
9354,0.000629,172.217.194.0-255,5738,45796,20,240778
9355,0.000631,172.31.36.0-255,66,45862,20,240778
9356,0.000654,172.217.194.0-255,7156,53018,20,240778
9357,0.000659,172.31.36.0-255,66,53084,20,240778
9358,0.000693,172.217.194.0-255,7156,60240,20,240778
9359,0.000697,172.31.36.0-255,66,60306,20,240778
9360,0.000715,172.217.194.0-255,3602,63908,20,240778
9361,0.000718,172.31.36.0-255,66,63974,20,240778
9362,0.000897,172.217.194.0-255,1484,65458,20,240778
9363,0.000901,172.31.36.0-255,66,65524,20,240778
9364,0.000906,172.217.194.0-255,2902,68426,20,240778
9365,0.000909,172.31.36.0-255,66,68492,20,240778
9366,0.000913,172.217.194.0-255,2902,71394,20,240778
9367,0.000917,172.31.36.0-255,66,71460,20,240778
9368,0.000939,172.217.194.0-255,2902,74362,20,240778
9369,0.000942,172.31.36.0-255,66,74428,20,240778
9370,0.000952,172.31.36.0-255,66,74494,20,240778
9371,0.000997,172.217.194.0-255,7156,81650,20,240778
9372,0.001001,172.31.36.0-255,66,81716,20,240778
9373,0.001023,172.31.36.0-255,66,81782,20,240778
9374,0.001104,172.217.194.0-255,1484,83266,20,240778
9375,0.001108,172.31.36.0-255,66,83332,20,240778
9376,0.001113,172.217.194.0-255,2902,86234,20,240778
9377,0.001116,172.31.36.0-255,66,86300,20,240778
9378,0.001144,172.217.194.0-255,5738,92038,20,240778
9379,0.001148,172.31.36.0-255,66,92104,20,240778
9380,0.001156,172.217.194.0-255,7156,99260,20,240778
9381,0.001158,172.31.36.0-255,66,99326,20,240778
9382,0.001185,172.217.194.0-255,5738,105064,20,240778
9383,0.001188,172.31.36.0-255,66,105130,20,240778
9384,0.001195,172.217.194.0-255,7156,112286,20,240778
9385,0.001197,172.31.36.0-255,66,112352,20,240778
9386,0.001214,172.217.194.0-255,3602,115954,20,240778
9387,0.001217,172.31.36.0-255,66,116020,20,240778
9388,0.001538,172.217.194.0-255,1484,117504,20,240778
9389,0.001543,172.31.36.0-255,66,117570,20,240778
9390,0.001567,172.217.194.0-255,2902,120472,20,240778
9391,0.001571,172.31.36.0-255,66,120538,20,240778
9392,0.001577,172.217.194.0-255,5738,126276,20,240778
9393,0.001579,172.31.36.0-255,66,126342,20,240778
9394,0.001585,172.217.194.0-255,4320,130662,20,240778
9395,0.001587,172.31.36.0-255,66,130728,20,240778
9396,0.001624,172.31.36.0-255,66,130794,20,240778
9397,0.001636,172.31.36.0-255,66,130860,20,240778
9398,0.001697,172.217.194.0-255,1484,132344,20,240778
9399,0.001703,172.217.194.0-255,2902,135246,20,240778
9400,0.001707,172.31.36.0-255,66,135312,20,240778
9401,0.001713,172.217.194.0-255,5738,141050,20,240778
9402,0.001715,172.31.36.0-255,66,141116,20,240778
9403,0.001721,172.217.194.0-255,5738,146854,20,240778
9404,0.001723,172.31.36.0-255,66,146920,20,240778
9405,0.001735,172.31.36.0-255,66,146986,20,240778
9406,0.001758,172.217.194.0-255,2902,149888,20,240778
9407,0.001762,172.31.36.0-255,66,149954,20,240778
9408,0.001768,172.217.194.0-255,5020,154974,20,240778
9409,0.001772,172.31.36.0-255,66,155040,20,240778
9410,0.002003,172.217.194.0-255,1484,156524,20,240778
9411,0.002008,172.217.194.0-255,2902,159426,20,240778
9412,0.002013,172.31.36.0-255,66,159492,20,240778
9413,0.002022,172.217.194.0-255,2902,162394,20,240778
9414,0.002025,172.31.36.0-255,66,162460,20,240778
9415,0.002038,172.217.194.0-255,2902,165362,20,240778
9416,0.002041,172.31.36.0-255,66,165428,20,240778
9417,0.002059,172.31.36.0-255,66,165494,20,240778
9418,0.002078,172.217.194.0-255,1484,166978,20,240778
9419,0.002091,172.31.36.0-255,66,167044,20,240778
9420,0.002148,172.217.194.0-255,1484,168528,20,240778
9421,0.002154,172.217.194.0-255,2902,171430,20,240778
9422,0.002157,172.31.36.0-255,66,171496,20,240778
9423,0.002186,172.217.194.0-255,5738,177234,20,240778
9424,0.002191,172.31.36.0-255,66,177300,20,240778
9425,0.002201,172.31.36.0-255,66,177366,20,240778
9426,0.002224,172.217.194.0-255,4320,181686,20,240778
9427,0.002229,172.31.36.0-255,66,181752,20,240778
9428,0.002234,172.31.36.0-255,66,181818,20,240778
9429,0.002258,172.217.194.0-255,2184,184002,20,240778
9430,0.002261,172.31.36.0-255,66,184068,20,240778
9431,0.002268,172.217.194.0-255,5738,189806,20,240778
9432,0.00227,172.31.36.0-255,66,189872,20,240778
9433,0.002316,172.31.36.0-255,66,189938,20,240778
9434,0.002321,172.217.194.0-255,2902,192840,20,240778
9435,0.002324,172.31.36.0-255,66,192906,20,240778
9436,0.002357,172.217.194.0-255,6438,199344,20,240778
9437,0.00236,172.31.36.0-255,66,199410,20,240778
9438,0.002381,172.31.36.0-255,66,199476,20,240778
9439,0.002417,172.31.36.0-255,66,199542,20,240778
9440,0.002454,172.217.194.0-255,1484,201026,20,240778
9441,0.00475,172.217.194.0-255,4320,205346,20,240778
9442,0.004756,172.31.36.0-255,66,205412,20,240778
9443,0.00711,172.217.194.0-255,5738,211150,20,240778
9444,0.007113,172.31.36.0-255,66,211216,20,240778
9445,0.009457,172.217.194.0-255,5738,216954,20,240778
9446,0.009463,172.31.36.0-255,66,217020,20,240778
9447,0.011772,172.217.194.0-255,5738,222758,20,240778
9448,0.011781,172.31.36.0-255,66,222824,20,240778
9449,0.014103,172.217.194.0-255,5738,228562,20,240778
9450,0.01411,172.31.36.0-255,66,228628,20,240778
9451,0.016426,172.217.194.0-255,5738,234366,20,240778
9452,0.016437,172.31.36.0-255,66,234432,20,240778
9453,0.018749,172.217.194.0-255,1821,236253,20,240778
9454,0.018758,172.31.36.0-255,66,236319,20,240778
9455,0.018972,172.31.36.0-255,105,236424,20,240778
9456,0.021248,172.217.194.0-255,66,236490,20,240778
9457,0.032575,172.31.36.0-255,172,236662,20,240778
9458,0.032606,172.31.36.0-255,1107,237769,20,240778
9459,0.032649,172.31.36.0-255,1514,239283,20,240778
9460,0.032651,172.31.36.0-255,1297,240580,20,240778
9461,0.034086,104.244.42.0-255,66,240646,20,240778
9462,0.034152,104.244.42.0-255,66,240712,20,240778
9463,0.034243,104.244.42.0-255,66,240778,20,240778
9464,0.0,74.125.24.0-255,153,153,20,172540
9465,1.7e-05,172.31.36.0-255,66,219,20,172540
9466,2.4e-05,74.125.24.0-255,1484,1703,20,172540
9467,2.8e-05,172.31.36.0-255,66,1769,20,172540
9468,3.4e-05,74.125.24.0-255,2902,4671,20,172540
9469,3.7e-05,172.31.36.0-255,66,4737,20,172540
9470,5.3e-05,74.125.24.0-255,5738,10475,20,172540
9471,5.5e-05,172.31.36.0-255,66,10541,20,172540
9472,9.4e-05,74.125.24.0-255,3454,13995,20,172540
9473,9.7e-05,172.31.36.0-255,66,14061,20,172540
9474,0.00021,74.125.24.0-255,1484,15545,20,172540
9475,0.000214,172.31.36.0-255,66,15611,20,172540
9476,0.000219,74.125.24.0-255,2902,18513,20,172540
9477,0.000222,172.31.36.0-255,66,18579,20,172540
9478,0.000253,74.125.24.0-255,5738,24317,20,172540
9479,0.000255,172.31.36.0-255,66,24383,20,172540
9480,0.000286,74.125.24.0-255,6797,31180,20,172540
9481,0.000289,172.31.36.0-255,66,31246,20,172540
9482,0.000293,74.125.24.0-255,2902,34148,20,172540
9483,0.000295,172.31.36.0-255,66,34214,20,172540
9484,0.000319,74.125.24.0-255,4320,38534,20,172540
9485,0.000325,172.31.36.0-255,66,38600,20,172540
9486,0.000333,74.125.24.0-255,7156,45756,20,172540
9487,0.000335,172.31.36.0-255,66,45822,20,172540
9488,0.000365,74.125.24.0-255,2543,48365,20,172540
9489,0.000368,172.31.36.0-255,66,48431,20,172540
9490,0.001382,74.125.24.0-255,1484,49915,20,172540
9491,0.001389,172.31.36.0-255,66,49981,20,172540
9492,0.001398,74.125.24.0-255,2902,52883,20,172540
9493,0.001401,172.31.36.0-255,66,52949,20,172540
9494,0.001412,74.125.24.0-255,5738,58687,20,172540
9495,0.001415,172.31.36.0-255,66,58753,20,172540
9496,0.001447,74.125.24.0-255,6797,65550,20,172540
9497,0.001449,172.31.36.0-255,66,65616,20,172540
9498,0.001492,74.125.24.0-255,1484,67100,20,172540
9499,0.001497,74.125.24.0-255,1484,68584,20,172540
9500,0.0015,172.31.36.0-255,66,68650,20,172540
9501,0.001528,74.125.24.0-255,1484,70134,20,172540
9502,0.001535,74.125.24.0-255,5738,75872,20,172540
9503,0.001537,172.31.36.0-255,66,75938,20,172540
9504,0.001565,172.31.36.0-255,66,76004,20,172540
9505,0.001593,74.125.24.0-255,3961,79965,20,172540
9506,0.001595,172.31.36.0-255,66,80031,20,172540
9507,0.001601,74.125.24.0-255,4320,84351,20,172540
9508,0.001603,172.31.36.0-255,66,84417,20,172540
9509,0.001636,74.125.24.0-255,5958,90375,20,172540
9510,0.001639,172.31.36.0-255,66,90441,20,172540
9511,0.004257,74.125.24.0-255,2902,93343,20,172540
9512,0.004262,172.31.36.0-255,66,93409,20,172540
9513,0.004289,74.125.24.0-255,2902,96311,20,172540
9514,0.004291,172.31.36.0-255,66,96377,20,172540
9515,0.006865,74.125.24.0-255,5738,102115,20,172540
9516,0.006872,172.31.36.0-255,66,102181,20,172540
9517,0.009422,74.125.24.0-255,5738,107919,20,172540
9518,0.009429,172.31.36.0-255,66,107985,20,172540
9519,0.011986,74.125.24.0-255,5738,113723,20,172540
9520,0.011995,172.31.36.0-255,66,113789,20,172540
9521,0.014565,74.125.24.0-255,5738,119527,20,172540
9522,0.014572,172.31.36.0-255,66,119593,20,172540
9523,0.017195,74.125.24.0-255,5738,125331,20,172540
9524,0.017203,172.31.36.0-255,66,125397,20,172540
9525,0.019834,74.125.24.0-255,5738,131135,20,172540
9526,0.019842,172.31.36.0-255,66,131201,20,172540
9527,0.02247,74.125.24.0-255,5738,136939,20,172540
9528,0.022478,172.31.36.0-255,66,137005,20,172540
9529,0.025059,74.125.24.0-255,5738,142743,20,172540
9530,0.025071,172.31.36.0-255,66,142809,20,172540
9531,0.027647,74.125.24.0-255,5738,148547,20,172540
9532,0.027656,172.31.36.0-255,66,148613,20,172540
9533,0.030242,74.125.24.0-255,5738,154351,20,172540
9534,0.030251,172.31.36.0-255,66,154417,20,172540
9535,0.032839,74.125.24.0-255,5738,160155,20,172540
9536,0.032848,172.31.36.0-255,66,160221,20,172540
9537,0.0354,74.125.24.0-255,5738,165959,20,172540
9538,0.035409,172.31.36.0-255,66,166025,20,172540
9539,0.037883,172.31.36.0-255,181,166206,20,172540
9540,0.037912,172.31.36.0-255,332,166538,20,172540
9541,0.037954,74.125.24.0-255,4320,170858,20,172540
9542,0.03796,172.31.36.0-255,66,170924,20,172540
9543,0.037987,74.125.24.0-255,1484,172408,20,172540
9544,0.039412,104.244.42.0-255,66,172474,20,172540
9545,0.039459,104.244.42.0-255,66,172540,20,172540
9546,0.0,74.125.200.0-255,143,143,20,255675
9547,2.9e-05,172.31.36.0-255,66,209,20,255675
9548,5.3e-05,74.125.200.0-255,1484,1693,20,255675
9549,5.7e-05,172.31.36.0-255,66,1759,20,255675
9550,8.2e-05,74.125.200.0-255,1484,3243,20,255675
9551,8.4e-05,172.31.36.0-255,66,3309,20,255675
9552,0.000101,74.125.200.0-255,1484,4793,20,255675
9553,0.000104,172.31.36.0-255,66,4859,20,255675
9554,0.000106,74.125.200.0-255,1484,6343,20,255675
9555,0.000108,172.31.36.0-255,66,6409,20,255675
9556,0.000125,74.125.200.0-255,2902,9311,20,255675
9557,0.000128,172.31.36.0-255,66,9377,20,255675
9558,0.000151,74.125.200.0-255,2902,12279,20,255675
9559,0.000154,172.31.36.0-255,66,12345,20,255675
9560,0.000167,74.125.200.0-255,2077,14422,20,255675
9561,0.000171,172.31.36.0-255,66,14488,20,255675
9562,0.000181,74.125.200.0-255,5738,20226,20,255675
9563,0.000183,172.31.36.0-255,66,20292,20,255675
9564,0.000207,74.125.200.0-255,5738,26030,20,255675
9565,0.00021,172.31.36.0-255,66,26096,20,255675
9566,0.000228,74.125.200.0-255,4320,30416,20,255675
9567,0.000231,172.31.36.0-255,66,30482,20,255675
9568,0.000245,74.125.200.0-255,1125,31607,20,255675
9569,0.000247,172.31.36.0-255,66,31673,20,255675
9570,0.000733,74.125.200.0-255,1484,33157,20,255675
9571,0.000739,172.31.36.0-255,66,33223,20,255675
9572,0.000765,74.125.200.0-255,2902,36125,20,255675
9573,0.00077,172.31.36.0-255,66,36191,20,255675
9574,0.000774,74.125.200.0-255,1484,37675,20,255675
9575,0.000776,172.31.36.0-255,66,37741,20,255675
9576,0.00081,74.125.200.0-255,4320,42061,20,255675
9577,0.000814,172.31.36.0-255,66,42127,20,255675
9578,0.000822,74.125.200.0-255,5738,47865,20,255675
9579,0.000824,172.31.36.0-255,66,47931,20,255675
9580,0.000851,74.125.200.0-255,2902,50833,20,255675
9581,0.000854,172.31.36.0-255,66,50899,20,255675
9582,0.000877,74.125.200.0-255,3961,54860,20,255675
9583,0.00088,172.31.36.0-255,66,54926,20,255675
9584,0.000883,74.125.200.0-255,1484,56410,20,255675
9585,0.0009,74.125.200.0-255,2902,59312,20,255675
9586,0.000902,172.31.36.0-255,66,59378,20,255675
9587,0.000906,74.125.200.0-255,1484,60862,20,255675
9588,0.000923,74.125.200.0-255,2902,63764,20,255675
9589,0.000925,172.31.36.0-255,66,63830,20,255675
9590,0.000963,74.125.200.0-255,2816,66646,20,255675
9591,0.000967,172.31.36.0-255,66,66712,20,255675
9592,0.00097,74.125.200.0-255,132,66844,20,255675
9593,0.001045,74.125.200.0-255,1484,68328,20,255675
9594,0.001051,172.31.36.0-255,66,68394,20,255675
9595,0.001056,74.125.200.0-255,2902,71296,20,255675
9596,0.001059,172.31.36.0-255,66,71362,20,255675
9597,0.001063,74.125.200.0-255,2902,74264,20,255675
9598,0.001065,172.31.36.0-255,66,74330,20,255675
9599,0.001086,74.125.200.0-255,1484,75814,20,255675
9600,0.001094,74.125.200.0-255,7156,82970,20,255675
9601,0.001097,172.31.36.0-255,66,83036,20,255675
9602,0.00111,172.31.36.0-255,66,83102,20,255675
9603,0.001156,172.31.36.0-255,66,83168,20,255675
9604,0.001159,74.125.200.0-255,348,83516,20,255675
9605,0.001368,74.125.200.0-255,1484,85000,20,255675
9606,0.001372,172.31.36.0-255,66,85066,20,255675
9607,0.001377,74.125.200.0-255,2902,87968,20,255675
9608,0.001379,172.31.36.0-255,66,88034,20,255675
9609,0.001397,74.125.200.0-255,5738,93772,20,255675
9610,0.001399,172.31.36.0-255,66,93838,20,255675
9611,0.001434,172.31.36.0-255,66,93904,20,255675
9612,0.001439,74.125.200.0-255,4320,98224,20,255675
9613,0.001441,172.31.36.0-255,66,98290,20,255675
9614,0.001457,74.125.200.0-255,5738,104028,20,255675
9615,0.001459,172.31.36.0-255,66,104094,20,255675
9616,0.001484,74.125.200.0-255,5020,109114,20,255675
9617,0.001486,172.31.36.0-255,66,109180,20,255675
9618,0.001511,74.125.200.0-255,5738,114918,20,255675
9619,0.001515,172.31.36.0-255,66,114984,20,255675
9620,0.001539,74.125.200.0-255,2902,117886,20,255675
9621,0.001544,172.31.36.0-255,66,117952,20,255675
9622,0.001557,74.125.200.0-255,4320,122272,20,255675
9623,0.001559,172.31.36.0-255,66,122338,20,255675
9624,0.001578,74.125.200.0-255,5738,128076,20,255675
9625,0.00158,172.31.36.0-255,66,128142,20,255675
9626,0.001583,74.125.200.0-255,1484,129626,20,255675
9627,0.001616,172.31.36.0-255,66,129692,20,255675
9628,0.001618,74.125.200.0-255,766,130458,20,255675
9629,0.001669,74.125.200.0-255,1484,131942,20,255675
9630,0.001672,172.31.36.0-255,66,132008,20,255675
9631,0.001685,74.125.200.0-255,2902,134910,20,255675
9632,0.001688,172.31.36.0-255,66,134976,20,255675
9633,0.00171,74.125.200.0-255,1484,136460,20,255675
9634,0.001729,74.125.200.0-255,4320,140780,20,255675
9635,0.001733,172.31.36.0-255,66,140846,20,255675
9636,0.001738,74.125.200.0-255,4320,145166,20,255675
9637,0.00174,172.31.36.0-255,66,145232,20,255675
9638,0.001746,74.125.200.0-255,5738,150970,20,255675
9639,0.001748,172.31.36.0-255,66,151036,20,255675
9640,0.001777,172.31.36.0-255,66,151102,20,255675
9641,0.001798,74.125.200.0-255,2902,154004,20,255675
9642,0.001801,172.31.36.0-255,66,154070,20,255675
9643,0.001804,74.125.200.0-255,2184,156254,20,255675
9644,0.001806,172.31.36.0-255,66,156320,20,255675
9645,0.003969,74.125.200.0-255,2902,159222,20,255675
9646,0.003972,172.31.36.0-255,66,159288,20,255675
9647,0.003993,74.125.200.0-255,2902,162190,20,255675
9648,0.003996,172.31.36.0-255,66,162256,20,255675
9649,0.006148,74.125.200.0-255,2902,165158,20,255675
9650,0.006154,172.31.36.0-255,66,165224,20,255675
9651,0.006177,74.125.200.0-255,2902,168126,20,255675
9652,0.00618,172.31.36.0-255,66,168192,20,255675
9653,0.008324,74.125.200.0-255,2902,171094,20,255675
9654,0.008331,172.31.36.0-255,66,171160,20,255675
9655,0.008351,74.125.200.0-255,2902,174062,20,255675
9656,0.008354,172.31.36.0-255,66,174128,20,255675
9657,0.01051,74.125.200.0-255,2902,177030,20,255675
9658,0.010517,172.31.36.0-255,66,177096,20,255675
9659,0.01054,74.125.200.0-255,2902,179998,20,255675
9660,0.010543,172.31.36.0-255,66,180064,20,255675
9661,0.012728,74.125.200.0-255,4320,184384,20,255675
9662,0.012735,172.31.36.0-255,66,184450,20,255675
9663,0.012757,74.125.200.0-255,1484,185934,20,255675
9664,0.014917,74.125.200.0-255,4320,190254,20,255675
9665,0.014926,172.31.36.0-255,66,190320,20,255675
9666,0.017112,74.125.200.0-255,5738,196058,20,255675
9667,0.017121,172.31.36.0-255,66,196124,20,255675
9668,0.019313,74.125.200.0-255,5738,201862,20,255675
9669,0.01932,172.31.36.0-255,66,201928,20,255675
9670,0.021528,74.125.200.0-255,5738,207666,20,255675
9671,0.021535,172.31.36.0-255,66,207732,20,255675
9672,0.023711,74.125.200.0-255,5738,213470,20,255675
9673,0.023718,172.31.36.0-255,66,213536,20,255675
9674,0.025901,74.125.200.0-255,5738,219274,20,255675
9675,0.025909,172.31.36.0-255,66,219340,20,255675
9676,0.028098,74.125.200.0-255,5738,225078,20,255675
9677,0.028105,172.31.36.0-255,66,225144,20,255675
9678,0.03032,74.125.200.0-255,5738,230882,20,255675
9679,0.030327,172.31.36.0-255,66,230948,20,255675
9680,0.032019,172.31.36.0-255,172,231120,20,255675
9681,0.032074,172.31.36.0-255,1075,232195,20,255675
9682,0.0325,74.125.200.0-255,5738,237933,20,255675
9683,0.032507,172.31.36.0-255,66,237999,20,255675
9684,0.033839,104.244.42.0-255,66,238065,20,255675
9685,0.033889,104.244.42.0-255,66,238131,20,255675
9686,0.034667,74.125.200.0-255,1484,239615,20,255675
9687,0.034698,74.125.200.0-255,4320,243935,20,255675
9688,0.034703,172.31.36.0-255,66,244001,20,255675
9689,0.036889,74.125.200.0-255,5738,249739,20,255675
9690,0.036895,172.31.36.0-255,66,249805,20,255675
9691,0.039075,74.125.200.0-255,4320,254125,20,255675
9692,0.039081,172.31.36.0-255,66,254191,20,255675
9693,0.039107,74.125.200.0-255,1484,255675,20,255675
9694,0.0,74.125.130.0-255,153,153,20,218297
9695,2.4e-05,172.31.36.0-255,66,219,20,218297
9696,3.1e-05,74.125.130.0-255,1484,1703,20,218297
9697,3.6e-05,172.31.36.0-255,66,1769,20,218297
9698,4e-05,74.125.130.0-255,1484,3253,20,218297
9699,5e-05,172.31.36.0-255,66,3319,20,218297
9700,5.6e-05,74.125.130.0-255,2902,6221,20,218297
9701,6e-05,172.31.36.0-255,66,6287,20,218297
9702,6.6e-05,74.125.130.0-255,5738,12025,20,218297
9703,7e-05,172.31.36.0-255,66,12091,20,218297
9704,7.6e-05,74.125.130.0-255,4892,16983,20,218297
9705,8e-05,172.31.36.0-255,66,17049,20,218297
9706,8.6e-05,74.125.130.0-255,5738,22787,20,218297
9707,8.9e-05,172.31.36.0-255,66,22853,20,218297
9708,0.000109,74.125.130.0-255,2902,25755,20,218297
9709,0.000111,172.31.36.0-255,66,25821,20,218297
9710,0.000146,74.125.130.0-255,5379,31200,20,218297
9711,0.000149,172.31.36.0-255,66,31266,20,218297
9712,0.000241,74.125.130.0-255,1484,32750,20,218297
9713,0.000244,172.31.36.0-255,66,32816,20,218297
9714,0.000263,74.125.130.0-255,2902,35718,20,218297
9715,0.000265,172.31.36.0-255,66,35784,20,218297
9716,0.000269,74.125.130.0-255,1484,37268,20,218297
9717,0.000272,172.31.36.0-255,66,37334,20,218297
9718,0.000295,74.125.130.0-255,2902,40236,20,218297
9719,0.000302,172.31.36.0-255,66,40302,20,218297
9720,0.000326,74.125.130.0-255,5738,46040,20,218297
9721,0.000328,172.31.36.0-255,66,46106,20,218297
9722,0.000357,74.125.130.0-255,3961,50067,20,218297
9723,0.000363,172.31.36.0-255,66,50133,20,218297
9724,0.000376,172.31.36.0-255,66,50199,20,218297
9725,0.000383,74.125.130.0-255,5634,55833,20,218297
9726,0.000385,172.31.36.0-255,66,55899,20,218297
9727,0.000388,74.125.130.0-255,112,56011,20,218297
9728,0.00053,74.125.130.0-255,1484,57495,20,218297
9729,0.000534,172.31.36.0-255,66,57561,20,218297
9730,0.000562,74.125.130.0-255,2902,60463,20,218297
9731,0.000566,172.31.36.0-255,66,60529,20,218297
9732,0.000574,74.125.130.0-255,5738,66267,20,218297
9733,0.000576,172.31.36.0-255,66,66333,20,218297
9734,0.000585,74.125.130.0-255,2902,69235,20,218297
9735,0.000587,172.31.36.0-255,66,69301,20,218297
9736,0.000593,74.125.130.0-255,3961,73262,20,218297
9737,0.000596,172.31.36.0-255,66,73328,20,218297
9738,0.000633,172.31.36.0-255,66,73394,20,218297
9739,0.000638,74.125.130.0-255,2902,76296,20,218297
9740,0.00064,172.31.36.0-255,66,76362,20,218297
9741,0.000683,74.125.130.0-255,5676,82038,20,218297
9742,0.000686,172.31.36.0-255,66,82104,20,218297
9743,0.000949,74.125.130.0-255,1484,83588,20,218297
9744,0.000954,74.125.130.0-255,1484,85072,20,218297
9745,0.000957,172.31.36.0-255,66,85138,20,218297
9746,0.000986,74.125.130.0-255,1484,86622,20,218297
9747,0.00099,74.125.130.0-255,1484,88106,20,218297
9748,0.000993,172.31.36.0-255,66,88172,20,218297
9749,0.000998,74.125.130.0-255,2902,91074,20,218297
9750,0.001,172.31.36.0-255,66,91140,20,218297
9751,0.001011,74.125.130.0-255,5738,96878,20,218297
9752,0.001014,172.31.36.0-255,66,96944,20,218297
9753,0.00106,172.31.36.0-255,66,97010,20,218297
9754,0.001097,172.31.36.0-255,66,97076,20,218297
9755,0.001567,74.125.130.0-255,1484,98560,20,218297
9756,0.001573,74.125.130.0-255,1484,100044,20,218297
9757,0.001577,172.31.36.0-255,66,100110,20,218297
9758,0.001606,74.125.130.0-255,1484,101594,20,218297
9759,0.001614,74.125.130.0-255,5738,107332,20,218297
9760,0.001616,172.31.36.0-255,66,107398,20,218297
9761,0.001654,172.31.36.0-255,66,107464,20,218297
9762,0.001678,74.125.130.0-255,1484,108948,20,218297
9763,0.001704,172.31.36.0-255,66,109014,20,218297
9764,0.003742,74.125.130.0-255,5738,114752,20,218297
9765,0.003749,172.31.36.0-255,66,114818,20,218297
9766,0.005784,74.125.130.0-255,5738,120556,20,218297
9767,0.005789,172.31.36.0-255,66,120622,20,218297
9768,0.007823,74.125.130.0-255,5738,126360,20,218297
9769,0.00783,172.31.36.0-255,66,126426,20,218297
9770,0.009867,74.125.130.0-255,5738,132164,20,218297
9771,0.009874,172.31.36.0-255,66,132230,20,218297
9772,0.011923,74.125.130.0-255,5738,137968,20,218297
9773,0.011932,172.31.36.0-255,66,138034,20,218297
9774,0.013974,74.125.130.0-255,5738,143772,20,218297
9775,0.013982,172.31.36.0-255,66,143838,20,218297
9776,0.01603,74.125.130.0-255,5738,149576,20,218297
9777,0.016038,172.31.36.0-255,66,149642,20,218297
9778,0.018074,74.125.130.0-255,5738,155380,20,218297
9779,0.018082,172.31.36.0-255,66,155446,20,218297
9780,0.020129,74.125.130.0-255,5738,161184,20,218297
9781,0.020137,172.31.36.0-255,66,161250,20,218297
9782,0.022178,74.125.130.0-255,5738,166988,20,218297
9783,0.022184,172.31.36.0-255,66,167054,20,218297
9784,0.024262,74.125.130.0-255,5738,172792,20,218297
9785,0.02427,172.31.36.0-255,66,172858,20,218297
9786,0.026314,74.125.130.0-255,5738,178596,20,218297
9787,0.026325,172.31.36.0-255,66,178662,20,218297
9788,0.028377,74.125.130.0-255,5738,184400,20,218297
9789,0.028385,172.31.36.0-255,66,184466,20,218297
9790,0.030428,74.125.130.0-255,5738,190204,20,218297
9791,0.030435,172.31.36.0-255,66,190270,20,218297
9792,0.030672,172.31.36.0-255,167,190437,20,218297
9793,0.030702,172.31.36.0-255,1107,191544,20,218297
9794,0.030811,172.31.36.0-255,1514,193058,20,218297
9795,0.030813,172.31.36.0-255,1297,194355,20,218297
9796,0.032229,104.244.42.0-255,66,194421,20,218297
9797,0.032271,104.244.42.0-255,66,194487,20,218297
9798,0.032366,104.244.42.0-255,66,194553,20,218297
9799,0.032463,74.125.130.0-255,2902,197455,20,218297
9800,0.032469,172.31.36.0-255,66,197521,20,218297
9801,0.032497,74.125.130.0-255,2902,200423,20,218297
9802,0.0325,172.31.36.0-255,66,200489,20,218297
9803,0.034507,74.125.130.0-255,2902,203391,20,218297
9804,0.034519,172.31.36.0-255,66,203457,20,218297
9805,0.03455,74.125.130.0-255,2902,206359,20,218297
9806,0.034553,172.31.36.0-255,66,206425,20,218297
9807,0.036563,74.125.130.0-255,2902,209327,20,218297
9808,0.03657,172.31.36.0-255,66,209393,20,218297
9809,0.036606,74.125.130.0-255,2902,212295,20,218297
9810,0.036609,172.31.36.0-255,66,212361,20,218297
9811,0.038614,74.125.130.0-255,2902,215263,20,218297
9812,0.03862,172.31.36.0-255,66,215329,20,218297
9813,0.038652,74.125.130.0-255,2902,218231,20,218297
9814,0.038655,172.31.36.0-255,66,218297,20,218297
9815,0.0,74.125.24.0-255,152,152,20,239526
9816,2.3e-05,172.31.36.0-255,66,218,20,239526
9817,3e-05,74.125.24.0-255,1484,1702,20,239526
9818,3.4e-05,172.31.36.0-255,66,1768,20,239526
9819,4e-05,74.125.24.0-255,2902,4670,20,239526
9820,4.4e-05,172.31.36.0-255,66,4736,20,239526
9821,4.7e-05,74.125.24.0-255,1484,6220,20,239526
9822,4.9e-05,172.31.36.0-255,66,6286,20,239526
9823,8.6e-05,172.31.36.0-255,66,6352,20,239526
9824,9.2e-05,74.125.24.0-255,4320,10672,20,239526
9825,9.4e-05,172.31.36.0-255,66,10738,20,239526
9826,0.000115,74.125.24.0-255,1484,12222,20,239526
9827,0.000117,172.31.36.0-255,66,12288,20,239526
9828,0.000136,74.125.24.0-255,5738,18026,20,239526
9829,0.000138,172.31.36.0-255,66,18092,20,239526
9830,0.000176,172.31.36.0-255,66,18158,20,239526
9831,0.000187,172.31.36.0-255,66,18224,20,239526
9832,0.000348,74.125.24.0-255,1484,19708,20,239526
9833,0.000353,172.31.36.0-255,66,19774,20,239526
9834,0.000359,74.125.24.0-255,2902,22676,20,239526
9835,0.000361,172.31.36.0-255,66,22742,20,239526
9836,0.00039,74.125.24.0-255,4320,27062,20,239526
9837,0.000394,172.31.36.0-255,66,27128,20,239526
9838,0.000409,74.125.24.0-255,1484,28612,20,239526
9839,0.000411,172.31.36.0-255,66,28678,20,239526
9840,0.000419,74.125.24.0-255,7150,35828,20,239526
9841,0.000422,172.31.36.0-255,66,35894,20,239526
9842,0.000541,74.125.24.0-255,1484,37378,20,239526
9843,0.000546,172.31.36.0-255,66,37444,20,239526
9844,0.000568,74.125.24.0-255,2902,40346,20,239526
9845,0.000572,172.31.36.0-255,66,40412,20,239526
9846,0.000579,74.125.24.0-255,5738,46150,20,239526
9847,0.000581,172.31.36.0-255,66,46216,20,239526
9848,0.000603,74.125.24.0-255,5738,51954,20,239526
9849,0.000606,172.31.36.0-255,66,52020,20,239526
9850,0.000635,74.125.24.0-255,7156,59176,20,239526
9851,0.000638,172.31.36.0-255,66,59242,20,239526
9852,0.000651,172.31.36.0-255,66,59308,20,239526
9853,0.000729,74.125.24.0-255,332,59640,20,239526
9854,0.000778,74.125.24.0-255,1484,61124,20,239526
9855,0.000782,172.31.36.0-255,66,61190,20,239526
9856,0.000789,74.125.24.0-255,4320,65510,20,239526
9857,0.000791,172.31.36.0-255,66,65576,20,239526
9858,0.000808,74.125.24.0-255,2902,68478,20,239526
9859,0.000811,172.31.36.0-255,66,68544,20,239526
9860,0.000843,74.125.24.0-255,4320,72864,20,239526
9861,0.000846,172.31.36.0-255,66,72930,20,239526
9862,0.00086,172.31.36.0-255,66,72996,20,239526
9863,0.000873,172.31.36.0-255,66,73062,20,239526
9864,0.000978,74.125.24.0-255,1484,74546,20,239526
9865,0.000984,74.125.24.0-255,2902,77448,20,239526
9866,0.000987,172.31.36.0-255,66,77514,20,239526
9867,0.000992,74.125.24.0-255,2902,80416,20,239526
9868,0.000994,172.31.36.0-255,66,80482,20,239526
9869,0.001009,74.125.24.0-255,2902,83384,20,239526
9870,0.001012,172.31.36.0-255,66,83450,20,239526
9871,0.001018,74.125.24.0-255,5738,89188,20,239526
9872,0.00102,172.31.36.0-255,66,89254,20,239526
9873,0.001034,74.125.24.0-255,1484,90738,20,239526
9874,0.001059,172.31.36.0-255,66,90804,20,239526
9875,0.001077,74.125.24.0-255,2902,93706,20,239526
9876,0.001079,172.31.36.0-255,66,93772,20,239526
9877,0.001083,74.125.24.0-255,766,94538,20,239526
9878,0.001321,74.125.24.0-255,1484,96022,20,239526
9879,0.001325,172.31.36.0-255,66,96088,20,239526
9880,0.001332,74.125.24.0-255,2902,98990,20,239526
9881,0.001335,172.31.36.0-255,66,99056,20,239526
9882,0.00136,74.125.24.0-255,5738,104794,20,239526
9883,0.001363,172.31.36.0-255,66,104860,20,239526
9884,0.0014,172.31.36.0-255,66,104926,20,239526
9885,0.001432,74.125.24.0-255,4320,109246,20,239526
9886,0.001435,172.31.36.0-255,66,109312,20,239526
9887,0.001465,172.31.36.0-255,66,109378,20,239526
9888,0.001491,74.125.24.0-255,2184,111562,20,239526
9889,0.001494,172.31.36.0-255,66,111628,20,239526
9890,0.001509,172.31.36.0-255,66,111694,20,239526
9891,0.001525,74.125.24.0-255,7156,118850,20,239526
9892,0.001528,172.31.36.0-255,66,118916,20,239526
9893,0.001532,74.125.24.0-255,2184,121100,20,239526
9894,0.001534,172.31.36.0-255,66,121166,20,239526
9895,0.001583,74.125.24.0-255,1484,122650,20,239526
9896,0.001607,74.125.24.0-255,1484,124134,20,239526
9897,0.00161,172.31.36.0-255,66,124200,20,239526
9898,0.00163,74.125.24.0-255,1484,125684,20,239526
9899,0.001637,74.125.24.0-255,5738,131422,20,239526
9900,0.00164,172.31.36.0-255,66,131488,20,239526
9901,0.001656,172.31.36.0-255,66,131554,20,239526
9902,0.001673,74.125.24.0-255,4320,135874,20,239526
9903,0.001675,172.31.36.0-255,66,135940,20,239526
9904,0.001688,172.31.36.0-255,66,136006,20,239526
9905,0.001908,74.125.24.0-255,1484,137490,20,239526
9906,0.001924,74.125.24.0-255,2902,140392,20,239526
9907,0.001928,172.31.36.0-255,66,140458,20,239526
9908,0.001936,74.125.24.0-255,5738,146196,20,239526
9909,0.001938,172.31.36.0-255,66,146262,20,239526
9910,0.001977,74.125.24.0-255,7156,153418,20,239526
9911,0.001979,172.31.36.0-255,66,153484,20,239526
9912,0.002006,74.125.24.0-255,5738,159222,20,239526
9913,0.002008,172.31.36.0-255,66,159288,20,239526
9914,0.002019,172.31.36.0-255,66,159354,20,239526
9915,0.002025,74.125.24.0-255,4320,163674,20,239526
9916,0.002027,172.31.36.0-255,66,163740,20,239526
9917,0.002076,172.31.36.0-255,66,163806,20,239526
9918,0.00209,172.31.36.0-255,66,163872,20,239526
9919,0.004666,74.125.24.0-255,5738,169610,20,239526
9920,0.004674,172.31.36.0-255,66,169676,20,239526
9921,0.007266,74.125.24.0-255,5738,175414,20,239526
9922,0.00727,172.31.36.0-255,66,175480,20,239526
9923,0.009875,74.125.24.0-255,5738,181218,20,239526
9924,0.009883,172.31.36.0-255,66,181284,20,239526
9925,0.012458,74.125.24.0-255,5738,187022,20,239526
9926,0.012468,172.31.36.0-255,66,187088,20,239526
9927,0.015084,74.125.24.0-255,5738,192826,20,239526
9928,0.015092,172.31.36.0-255,66,192892,20,239526
9929,0.017702,74.125.24.0-255,5738,198630,20,239526
9930,0.01771,172.31.36.0-255,66,198696,20,239526
9931,0.020274,74.125.24.0-255,5738,204434,20,239526
9932,0.020283,172.31.36.0-255,66,204500,20,239526
9933,0.022855,74.125.24.0-255,5738,210238,20,239526
9934,0.022867,172.31.36.0-255,66,210304,20,239526
9935,0.025476,74.125.24.0-255,5738,216042,20,239526
9936,0.025482,172.31.36.0-255,66,216108,20,239526
9937,0.028073,74.125.24.0-255,5738,221846,20,239526
9938,0.02808,172.31.36.0-255,66,221912,20,239526
9939,0.030664,74.125.24.0-255,5738,227650,20,239526
9940,0.030671,172.31.36.0-255,66,227716,20,239526
9941,0.033237,74.125.24.0-255,5738,233454,20,239526
9942,0.033246,172.31.36.0-255,66,233520,20,239526
9943,0.035848,74.125.24.0-255,1684,235204,20,239526
9944,0.035858,172.31.36.0-255,66,235270,20,239526
9945,0.03604,172.31.36.0-255,105,235375,20,239526
9946,0.038605,74.125.24.0-255,66,235441,20,239526
9947,0.038705,172.31.36.0-255,167,235608,20,239526
9948,0.038734,172.31.36.0-255,1107,236715,20,239526
9949,0.038805,172.31.36.0-255,1514,238229,20,239526
9950,0.038807,172.31.36.0-255,1297,239526,20,239526
9951,0.0,172.217.194.0-255,143,143,20,244235
9952,3.3e-05,172.217.194.0-255,1484,1627,20,244235
9953,4.4e-05,172.31.36.0-255,66,1693,20,244235
9954,5.2e-05,172.217.194.0-255,2902,4595,20,244235
9955,5.5e-05,172.31.36.0-255,66,4661,20,244235
9956,7.2e-05,172.217.194.0-255,7156,11817,20,244235
9957,7.6e-05,172.31.36.0-255,66,11883,20,244235
9958,8e-05,172.217.194.0-255,1993,13876,20,244235
9959,8.3e-05,172.31.36.0-255,66,13942,20,244235
9960,0.000162,172.217.194.0-255,1484,15426,20,244235
9961,0.000171,172.217.194.0-255,2902,18328,20,244235
9962,0.000174,172.31.36.0-255,66,18394,20,244235
9963,0.00021,172.217.194.0-255,5738,24132,20,244235
9964,0.000214,172.31.36.0-255,66,24198,20,244235
9965,0.000248,172.217.194.0-255,6797,30995,20,244235
9966,0.000252,172.31.36.0-255,66,31061,20,244235
9967,0.0006,172.217.194.0-255,1484,32545,20,244235
9968,0.000607,172.217.194.0-255,2902,35447,20,244235
9969,0.000611,172.31.36.0-255,66,35513,20,244235
9970,0.000625,172.217.194.0-255,1484,36997,20,244235
9971,0.000634,172.217.194.0-255,2902,39899,20,244235
9972,0.000638,172.31.36.0-255,66,39965,20,244235
9973,0.000644,172.217.194.0-255,4320,44285,20,244235
9974,0.000648,172.31.36.0-255,66,44351,20,244235
9975,0.000668,172.217.194.0-255,1484,45835,20,244235
9976,0.000672,172.217.194.0-255,2543,48378,20,244235
9977,0.000675,172.31.36.0-255,66,48444,20,244235
9978,0.000809,172.217.194.0-255,1484,49928,20,244235
9979,0.000818,172.217.194.0-255,2902,52830,20,244235
9980,0.000821,172.31.36.0-255,66,52896,20,244235
9981,0.000828,172.217.194.0-255,2902,55798,20,244235
9982,0.00083,172.31.36.0-255,66,55864,20,244235
9983,0.000853,172.217.194.0-255,2902,58766,20,244235
9984,0.000856,172.31.36.0-255,66,58832,20,244235
9985,0.000883,172.217.194.0-255,2902,61734,20,244235
9986,0.000886,172.31.36.0-255,66,61800,20,244235
9987,0.000917,172.217.194.0-255,3961,65761,20,244235
9988,0.000921,172.31.36.0-255,66,65827,20,244235
9989,0.000974,172.217.194.0-255,377,66204,20,244235
9990,0.001038,172.217.194.0-255,365,66569,20,244235
9991,0.001062,172.217.194.0-255,1484,68053,20,244235
9992,0.001066,172.31.36.0-255,66,68119,20,244235
9993,0.001096,172.217.194.0-255,4320,72439,20,244235
9994,0.001099,172.31.36.0-255,66,72505,20,244235
9995,0.001103,172.217.194.0-255,1484,73989,20,244235
9996,0.00111,172.217.194.0-255,7156,81145,20,244235
9997,0.001118,172.31.36.0-255,66,81211,20,244235
9998,0.001143,172.217.194.0-255,2543,83754,20,244235
9999,0.001147,172.31.36.0-255,66,83820,20,244235
10000,0.001151,172.217.194.0-255,2902,86722,20,244235
10001,0.001154,172.31.36.0-255,66,86788,20,244235
10002,0.001161,172.217.194.0-255,5738,92526,20,244235
10003,0.001169,172.31.36.0-255,66,92592,20,244235
10004,0.00118,172.217.194.0-255,1484,94076,20,244235
10005,0.00121,172.217.194.0-255,6797,100873,20,244235
10006,0.001214,172.31.36.0-255,66,100939,20,244235
10007,0.00142,172.217.194.0-255,1484,102423,20,244235
10008,0.001428,172.217.194.0-255,2902,105325,20,244235
10009,0.001433,172.31.36.0-255,66,105391,20,244235
10010,0.001439,172.217.194.0-255,5738,111129,20,244235
10011,0.001442,172.31.36.0-255,66,111195,20,244235
10012,0.001484,172.217.194.0-255,4320,115515,20,244235
10013,0.001486,172.31.36.0-255,66,115581,20,244235
10014,0.001518,172.217.194.0-255,1484,117065,20,244235
10015,0.001531,172.31.36.0-255,66,117131,20,244235
10016,0.001537,172.217.194.0-255,5020,122151,20,244235
10017,0.001539,172.31.36.0-255,66,122217,20,244235
10018,0.001542,172.217.194.0-255,1484,123701,20,244235
10019,0.001549,172.217.194.0-255,1484,125185,20,244235
10020,0.001552,172.31.36.0-255,66,125251,20,244235
10021,0.001575,172.217.194.0-255,1484,126735,20,244235
10022,0.001585,172.217.194.0-255,5738,132473,20,244235
10023,0.001587,172.31.36.0-255,66,132539,20,244235
10024,0.001592,172.217.194.0-255,4320,136859,20,244235
10025,0.001595,172.31.36.0-255,66,136925,20,244235
10026,0.001632,172.31.36.0-255,66,136991,20,244235
10027,0.001647,172.31.36.0-255,66,137057,20,244235
10028,0.001651,172.217.194.0-255,2184,139241,20,244235
10029,0.001653,172.31.36.0-255,66,139307,20,244235
10030,0.001846,172.217.194.0-255,1484,140791,20,244235
10031,0.001859,172.217.194.0-255,2902,143693,20,244235
10032,0.001863,172.31.36.0-255,66,143759,20,244235
10033,0.001866,172.217.194.0-255,1484,145243,20,244235
10034,0.001901,172.217.194.0-255,4320,149563,20,244235
10035,0.001903,172.31.36.0-255,66,149629,20,244235
10036,0.001921,172.31.36.0-255,66,149695,20,244235
10037,0.001957,172.31.36.0-255,66,149761,20,244235
10038,0.00196,172.217.194.0-255,1484,151245,20,244235
10039,0.001978,172.217.194.0-255,1484,152729,20,244235
10040,0.001981,172.31.36.0-255,66,152795,20,244235
10041,0.001984,172.217.194.0-255,1484,154279,20,244235
10042,0.002014,172.217.194.0-255,4320,158599,20,244235
10043,0.002017,172.31.36.0-255,66,158665,20,244235
10044,0.002028,172.217.194.0-255,2902,161567,20,244235
10045,0.00203,172.31.36.0-255,66,161633,20,244235
10046,0.002046,172.31.36.0-255,66,161699,20,244235
10047,0.002077,172.217.194.0-255,1484,163183,20,244235
10048,0.002084,172.217.194.0-255,7156,170339,20,244235
10049,0.002086,172.31.36.0-255,66,170405,20,244235
10050,0.002089,172.217.194.0-255,1484,171889,20,244235
10051,0.002091,172.217.194.0-255,766,172655,20,244235
10052,0.002093,172.31.36.0-255,66,172721,20,244235
10053,0.00226,172.217.194.0-255,1484,174205,20,244235
10054,0.002263,172.217.194.0-255,1484,175689,20,244235
10055,0.002265,172.31.36.0-255,66,175755,20,244235
10056,0.002292,172.217.194.0-255,1484,177239,20,244235
10057,0.002298,172.217.194.0-255,5738,182977,20,244235
10058,0.002301,172.31.36.0-255,66,183043,20,244235
10059,0.002313,172.217.194.0-255,7156,190199,20,244235
10060,0.002321,172.31.36.0-255,66,190265,20,244235
10061,0.00235,172.217.194.0-255,5738,196003,20,244235
10062,0.002353,172.31.36.0-255,66,196069,20,244235
10063,0.002369,172.31.36.0-255,66,196135,20,244235
10064,0.002373,172.217.194.0-255,2902,199037,20,244235
10065,0.002376,172.31.36.0-255,66,199103,20,244235
10066,0.002408,172.217.194.0-255,2902,202005,20,244235
10067,0.00241,172.31.36.0-255,66,202071,20,244235
10068,0.002417,172.217.194.0-255,7156,209227,20,244235
10069,0.00242,172.31.36.0-255,66,209293,20,244235
10070,0.002438,172.31.36.0-255,66,209359,20,244235
10071,0.002491,172.217.194.0-255,6438,215797,20,244235
10072,0.002494,172.31.36.0-255,66,215863,20,244235
10073,0.002587,172.217.194.0-255,1484,217347,20,244235
10074,0.0026,172.217.194.0-255,2902,220249,20,244235
10075,0.002603,172.31.36.0-255,66,220315,20,244235
10076,0.002627,172.217.194.0-255,5738,226053,20,244235
10077,0.00263,172.31.36.0-255,66,226119,20,244235
10078,0.00264,172.31.36.0-255,66,226185,20,244235
10079,0.002676,172.217.194.0-255,2902,229087,20,244235
10080,0.002678,172.31.36.0-255,66,229153,20,244235
10081,0.002701,172.31.36.0-255,66,229219,20,244235
10082,0.00273,172.217.194.0-255,3602,232821,20,244235
10083,0.002732,172.31.36.0-255,66,232887,20,244235
10084,0.002746,172.31.36.0-255,66,232953,20,244235
10085,0.002764,172.31.36.0-255,66,233019,20,244235
10086,0.002797,172.31.36.0-255,66,233085,20,244235
10087,0.002822,172.217.194.0-255,1632,234717,20,244235
10088,0.002833,172.31.36.0-255,66,234783,20,244235
10089,0.002847,172.31.36.0-255,66,234849,20,244235
10090,0.002848,172.31.36.0-255,66,234915,20,244235
10091,0.002871,172.217.194.0-255,105,235020,20,244235
10092,0.009618,172.31.36.0-255,105,235125,20,244235
10093,0.011552,172.217.194.0-255,66,235191,20,244235
10094,0.033884,172.31.36.0-255,172,235363,20,244235
10095,0.03392,172.31.36.0-255,1110,236473,20,244235
10096,0.033957,172.31.36.0-255,1514,237987,20,244235
10097,0.033959,172.31.36.0-255,1514,239501,20,244235
10098,0.033985,172.31.36.0-255,1514,241015,20,244235
10099,0.033987,172.31.36.0-255,1514,242529,20,244235
10100,0.034009,172.31.36.0-255,1376,243905,20,244235
10101,0.035428,104.244.42.0-255,66,243971,20,244235
10102,0.035489,104.244.42.0-255,66,244037,20,244235
10103,0.035611,104.244.42.0-255,66,244103,20,244235
10104,0.035652,104.244.42.0-255,66,244169,20,244235
10105,0.035656,104.244.42.0-255,66,244235,20,244235
10106,0.0,74.125.24.0-255,151,151,20,172105
10107,2.1e-05,74.125.24.0-255,1484,1635,20,172105
10108,3.2e-05,172.31.36.0-255,66,1701,20,172105
10109,4.1e-05,74.125.24.0-255,2902,4603,20,172105
10110,4.4e-05,172.31.36.0-255,66,4669,20,172105
10111,6e-05,74.125.24.0-255,7156,11825,20,172105
10112,6.4e-05,172.31.36.0-255,66,11891,20,172105
10113,6.8e-05,74.125.24.0-255,2040,13931,20,172105
10114,7.1e-05,172.31.36.0-255,66,13997,20,172105
10115,0.000114,74.125.24.0-255,1484,15481,20,172105
10116,0.000119,74.125.24.0-255,2902,18383,20,172105
10117,0.000122,172.31.36.0-255,66,18449,20,172105
10118,0.000129,74.125.24.0-255,5738,24187,20,172105
10119,0.000131,172.31.36.0-255,66,24253,20,172105
10120,0.000166,74.125.24.0-255,6797,31050,20,172105
10121,0.000168,172.31.36.0-255,66,31116,20,172105
10122,0.000198,172.31.36.0-255,66,31182,20,172105
10123,0.000202,74.125.24.0-255,2543,33725,20,172105
10124,0.000204,172.31.36.0-255,66,33791,20,172105
10125,0.000248,74.125.24.0-255,4320,38111,20,172105
10126,0.000251,172.31.36.0-255,66,38177,20,172105
10127,0.000313,172.31.36.0-255,66,38243,20,172105
10128,0.000682,74.125.24.0-255,362,38605,20,172105
10129,0.000688,74.125.24.0-255,381,38986,20,172105
10130,0.00082,74.125.24.0-255,1484,40470,20,172105
10131,0.000826,172.31.36.0-255,66,40536,20,172105
10132,0.000832,74.125.24.0-255,2902,43438,20,172105
10133,0.000834,172.31.36.0-255,66,43504,20,172105
10134,0.00084,74.125.24.0-255,5738,49242,20,172105
10135,0.000849,172.31.36.0-255,66,49308,20,172105
10136,0.000879,172.31.36.0-255,66,49374,20,172105
10137,0.000928,74.125.24.0-255,5738,55112,20,172105
10138,0.000943,172.31.36.0-255,66,55178,20,172105
10139,0.000987,172.31.36.0-255,66,55244,20,172105
10140,0.001227,74.125.24.0-255,1484,56728,20,172105
10141,0.001232,74.125.24.0-255,1484,58212,20,172105
10142,0.001236,172.31.36.0-255,66,58278,20,172105
10143,0.001253,74.125.24.0-255,1484,59762,20,172105
10144,0.00126,74.125.24.0-255,5738,65500,20,172105
10145,0.001264,74.125.24.0-255,2902,68402,20,172105
10146,0.001271,172.31.36.0-255,66,68468,20,172105
10147,0.001305,172.31.36.0-255,66,68534,20,172105
10148,0.001316,74.125.24.0-255,766,69300,20,172105
10149,0.001381,74.125.24.0-255,1484,70784,20,172105
10150,0.001393,172.31.36.0-255,66,70850,20,172105
10151,0.001403,74.125.24.0-255,2902,73752,20,172105
10152,0.001408,74.125.24.0-255,4320,78072,20,172105
10153,0.001423,74.125.24.0-255,1484,79556,20,172105
10154,0.001426,74.125.24.0-255,1484,81040,20,172105
10155,0.00143,172.31.36.0-255,66,81106,20,172105
10156,0.001473,74.125.24.0-255,1484,82590,20,172105
10157,0.001475,74.125.24.0-255,1484,84074,20,172105
10158,0.001482,172.31.36.0-255,66,84140,20,172105
10159,0.001527,172.31.36.0-255,66,84206,20,172105
10160,0.001551,74.125.24.0-255,1484,85690,20,172105
10161,0.001556,74.125.24.0-255,2902,88592,20,172105
10162,0.001559,74.125.24.0-255,1484,90076,20,172105
10163,0.001581,74.125.24.0-255,4320,94396,20,172105
10164,0.001604,172.31.36.0-255,66,94462,20,172105
10165,0.001661,74.125.24.0-255,3602,98064,20,172105
10166,0.001663,172.31.36.0-255,66,98130,20,172105
10167,0.001688,74.125.24.0-255,1484,99614,20,172105
10168,0.001693,74.125.24.0-255,2902,102516,20,172105
10169,0.001709,74.125.24.0-255,5738,108254,20,172105
10170,0.001714,172.31.36.0-255,66,108320,20,172105
10171,0.00176,74.125.24.0-255,2902,111222,20,172105
10172,0.001777,172.31.36.0-255,66,111288,20,172105
10173,0.001804,74.125.24.0-255,4320,115608,20,172105
10174,0.001821,74.125.24.0-255,5738,121346,20,172105
10175,0.001828,172.31.36.0-255,66,121412,20,172105
10176,0.00188,74.125.24.0-255,1484,122896,20,172105
10177,0.001885,74.125.24.0-255,2902,125798,20,172105
10178,0.001924,74.125.24.0-255,1484,127282,20,172105
10179,0.001933,172.31.36.0-255,66,127348,20,172105
10180,0.001949,74.125.24.0-255,4320,131668,20,172105
10181,0.001967,74.125.24.0-255,5738,137406,20,172105
10182,0.001973,172.31.36.0-255,66,137472,20,172105
10183,0.002002,74.125.24.0-255,5020,142492,20,172105
10184,0.002021,74.125.24.0-255,7156,149648,20,172105
10185,0.002031,172.31.36.0-255,66,149714,20,172105
10186,0.002084,74.125.24.0-255,1484,151198,20,172105
10187,0.00209,172.31.36.0-255,66,151264,20,172105
10188,0.002102,74.125.24.0-255,7156,158420,20,172105
10189,0.002107,172.31.36.0-255,66,158486,20,172105
10190,0.002134,74.125.24.0-255,4250,162736,20,172105
10191,0.002154,74.125.24.0-255,105,162841,20,172105
10192,0.002178,172.31.36.0-255,66,162907,20,172105
10193,0.009182,172.31.36.0-255,105,163012,20,172105
10194,0.011152,74.125.24.0-255,66,163078,20,172105
10195,0.035767,172.31.36.0-255,167,163245,20,172105
10196,0.0358,172.31.36.0-255,1110,164355,20,172105
10197,0.035886,172.31.36.0-255,1514,165869,20,172105
10198,0.035887,172.31.36.0-255,1514,167383,20,172105
10199,0.035889,172.31.36.0-255,1514,168897,20,172105
10200,0.03589,172.31.36.0-255,1514,170411,20,172105
10201,0.035891,172.31.36.0-255,1496,171907,20,172105
10202,0.037304,104.244.42.0-255,66,171973,20,172105
10203,0.037346,104.244.42.0-255,66,172039,20,172105
10204,0.037531,104.244.42.0-255,66,172105,20,172105
10205,0.0,74.125.24.0-255,152,152,20,133251
10206,2.7e-05,172.31.36.0-255,66,218,20,133251
10207,3.3e-05,74.125.24.0-255,1484,1702,20,133251
10208,3.7e-05,172.31.36.0-255,66,1768,20,133251
10209,6.3e-05,74.125.24.0-255,2902,4670,20,133251
10210,6.7e-05,172.31.36.0-255,66,4736,20,133251
10211,7.4e-05,74.125.24.0-255,5738,10474,20,133251
10212,7.8e-05,172.31.36.0-255,66,10540,20,133251
10213,0.000108,74.125.24.0-255,4320,14860,20,133251
10214,0.000111,172.31.36.0-255,66,14926,20,133251
10215,0.000151,74.125.24.0-255,6337,21263,20,133251
10216,0.000154,172.31.36.0-255,66,21329,20,133251
10217,0.000167,172.31.36.0-255,66,21395,20,133251
10218,0.00019,172.31.36.0-255,66,21461,20,133251
10219,0.000219,74.125.24.0-255,3602,25063,20,133251
10220,0.000222,172.31.36.0-255,66,25129,20,133251
10221,0.000225,74.125.24.0-255,1484,26613,20,133251
10222,0.000227,172.31.36.0-255,66,26679,20,133251
10223,0.000247,74.125.24.0-255,2902,29581,20,133251
10224,0.00025,172.31.36.0-255,66,29647,20,133251
10225,0.000259,74.125.24.0-255,4320,33967,20,133251
10226,0.000265,172.31.36.0-255,66,34033,20,133251
10227,0.000297,74.125.24.0-255,4320,38353,20,133251
10228,0.0003,172.31.36.0-255,66,38419,20,133251
10229,0.000329,74.125.24.0-255,3122,41541,20,133251
10230,0.000333,172.31.36.0-255,66,41607,20,133251
10231,0.000553,74.125.24.0-255,1484,43091,20,133251
10232,0.000557,172.31.36.0-255,66,43157,20,133251
10233,0.000577,74.125.24.0-255,2902,46059,20,133251
10234,0.00058,172.31.36.0-255,66,46125,20,133251
10235,0.000587,74.125.24.0-255,5738,51863,20,133251
10236,0.000592,172.31.36.0-255,66,51929,20,133251
10237,0.00064,172.31.36.0-255,66,51995,20,133251
10238,0.000646,74.125.24.0-255,2902,54897,20,133251
10239,0.000657,172.31.36.0-255,66,54963,20,133251
10240,0.000678,74.125.24.0-255,7156,62119,20,133251
10241,0.000681,172.31.36.0-255,66,62185,20,133251
10242,0.000698,74.125.24.0-255,3602,65787,20,133251
10243,0.000708,172.31.36.0-255,66,65853,20,133251
10244,0.000735,74.125.24.0-255,1484,67337,20,133251
10245,0.000738,74.125.24.0-255,1484,68821,20,133251
10246,0.000747,172.31.36.0-255,66,68887,20,133251
10247,0.000754,74.125.24.0-255,1484,70371,20,133251
10248,0.000757,74.125.24.0-255,1484,71855,20,133251
10249,0.00076,172.31.36.0-255,66,71921,20,133251
10250,0.00078,74.125.24.0-255,4320,76241,20,133251
10251,0.000786,74.125.24.0-255,7156,83397,20,133251
10252,0.000786,172.31.36.0-255,66,83463,20,133251
10253,0.000791,172.31.36.0-255,66,83529,20,133251
10254,0.000837,74.125.24.0-255,5020,88549,20,133251
10255,0.000838,172.31.36.0-255,66,88615,20,133251
10256,0.000842,172.31.36.0-255,66,88681,20,133251
10257,0.000847,74.125.24.0-255,1484,90165,20,133251
10258,0.000901,172.31.36.0-255,66,90231,20,133251
10259,0.000905,172.31.36.0-255,66,90297,20,133251
10260,0.000948,74.125.24.0-255,1484,91781,20,133251
10261,0.000954,74.125.24.0-255,2902,94683,20,133251
10262,0.000962,172.31.36.0-255,66,94749,20,133251
10263,0.000966,74.125.24.0-255,1484,96233,20,133251
10264,0.000992,74.125.24.0-255,4320,100553,20,133251
10265,0.000997,172.31.36.0-255,66,100619,20,133251
10266,0.001065,172.31.36.0-255,66,100685,20,133251
10267,0.00107,172.31.36.0-255,66,100751,20,133251
10268,0.00107,74.125.24.0-255,2184,102935,20,133251
10269,0.001082,172.31.36.0-255,66,103001,20,133251
10270,0.001263,74.125.24.0-255,1484,104485,20,133251
10271,0.001266,74.125.24.0-255,1484,105969,20,133251
10272,0.00127,172.31.36.0-255,66,106035,20,133251
10273,0.001298,74.125.24.0-255,1484,107519,20,133251
10274,0.001305,74.125.24.0-255,5738,113257,20,133251
10275,0.001308,74.125.24.0-255,1484,114741,20,133251
10276,0.001311,172.31.36.0-255,66,114807,20,133251
10277,0.001351,172.31.36.0-255,66,114873,20,133251
10278,0.001366,172.31.36.0-255,66,114939,20,133251
10279,0.001388,74.125.24.0-255,1484,116423,20,133251
10280,0.001423,172.31.36.0-255,66,116489,20,133251
10281,0.001465,172.31.36.0-255,66,116555,20,133251
10282,0.001472,172.31.36.0-255,66,116621,20,133251
10283,0.001487,172.31.36.0-255,66,116687,20,133251
10284,0.001506,74.125.24.0-255,5738,122425,20,133251
10285,0.001527,172.31.36.0-255,66,122491,20,133251
10286,0.001555,74.125.24.0-255,5738,128229,20,133251
10287,0.001563,172.31.36.0-255,66,128295,20,133251
10288,0.001611,172.31.36.0-255,66,128361,20,133251
10289,0.001628,172.31.36.0-255,66,128427,20,133251
10290,0.001678,172.31.36.0-255,66,128493,20,133251
10291,0.001692,172.31.36.0-255,66,128559,20,133251
10292,0.001752,172.31.36.0-255,66,128625,20,133251
10293,0.001782,74.125.24.0-255,105,128730,20,133251
10294,0.00179,172.31.36.0-255,66,128796,20,133251
10295,0.008644,172.31.36.0-255,105,128901,20,133251
10296,0.011073,74.125.24.0-255,66,128967,20,133251
10297,0.032047,172.31.36.0-255,167,129134,20,133251
10298,0.032077,172.31.36.0-255,1111,130245,20,133251
10299,0.032119,172.31.36.0-255,1514,131759,20,133251
10300,0.03212,172.31.36.0-255,1294,133053,20,133251
10301,0.033701,104.244.42.0-255,66,133119,20,133251
10302,0.033855,104.244.42.0-255,66,133185,20,133251
10303,0.033896,104.244.42.0-255,66,133251,20,133251
10304,0.0,74.125.24.0-255,153,153,20,336548
10305,2e-05,74.125.24.0-255,1484,1637,20,336548
10306,3.1e-05,172.31.36.0-255,66,1703,20,336548
10307,4e-05,74.125.24.0-255,2902,4605,20,336548
10308,4.4e-05,172.31.36.0-255,66,4671,20,336548
10309,5.1e-05,74.125.24.0-255,5738,10409,20,336548
10310,5.4e-05,172.31.36.0-255,66,10475,20,336548
10311,8e-05,74.125.24.0-255,1484,11959,20,336548
10312,8.4e-05,74.125.24.0-255,1484,13443,20,336548
10313,8.7e-05,172.31.36.0-255,66,13509,20,336548
10314,9.3e-05,74.125.24.0-255,2026,15535,20,336548
10315,9.5e-05,172.31.36.0-255,66,15601,20,336548
10316,0.0001,74.125.24.0-255,2902,18503,20,336548
10317,0.000101,172.31.36.0-255,66,18569,20,336548
10318,0.000127,74.125.24.0-255,2902,21471,20,336548
10319,0.00013,172.31.36.0-255,66,21537,20,336548
10320,0.000135,74.125.24.0-255,2902,24439,20,336548
10321,0.000137,172.31.36.0-255,66,24505,20,336548
10322,0.00018,74.125.24.0-255,4320,28825,20,336548
10323,0.000183,172.31.36.0-255,66,28891,20,336548
10324,0.000202,74.125.24.0-255,2543,31434,20,336548
10325,0.000204,172.31.36.0-255,66,31500,20,336548
10326,0.000247,74.125.24.0-255,1484,32984,20,336548
10327,0.000267,74.125.24.0-255,2902,35886,20,336548
10328,0.00027,172.31.36.0-255,66,35952,20,336548
10329,0.000274,74.125.24.0-255,1484,37436,20,336548
10330,0.000289,74.125.24.0-255,4320,41756,20,336548
10331,0.000291,172.31.36.0-255,66,41822,20,336548
10332,0.000311,74.125.24.0-255,5738,47560,20,336548
10333,0.000313,172.31.36.0-255,66,47626,20,336548
10334,0.000332,74.125.24.0-255,7156,54782,20,336548
10335,0.000334,172.31.36.0-255,66,54848,20,336548
10336,0.000339,74.125.24.0-255,4320,59168,20,336548
10337,0.000341,172.31.36.0-255,66,59234,20,336548
10338,0.000381,74.125.24.0-255,6738,65972,20,336548
10339,0.000384,172.31.36.0-255,66,66038,20,336548
10340,0.000462,74.125.24.0-255,376,66414,20,336548
10341,0.000632,74.125.24.0-255,1484,67898,20,336548
10342,0.000639,172.31.36.0-255,66,67964,20,336548
10343,0.000644,74.125.24.0-255,2902,70866,20,336548
10344,0.000647,172.31.36.0-255,66,70932,20,336548
10345,0.00065,74.125.24.0-255,1484,72416,20,336548
10346,0.000677,74.125.24.0-255,4320,76736,20,336548
10347,0.00068,172.31.36.0-255,66,76802,20,336548
10348,0.000708,172.31.36.0-255,66,76868,20,336548
10349,0.000744,74.125.24.0-255,2902,79770,20,336548
10350,0.000747,172.31.36.0-255,66,79836,20,336548
10351,0.000763,172.31.36.0-255,66,79902,20,336548
10352,0.000839,74.125.24.0-255,1484,81386,20,336548
10353,0.000854,74.125.24.0-255,2902,84288,20,336548
10354,0.000858,172.31.36.0-255,66,84354,20,336548
10355,0.000865,74.125.24.0-255,5738,90092,20,336548
10356,0.000867,172.31.36.0-255,66,90158,20,336548
10357,0.000899,74.125.24.0-255,7156,97314,20,336548
10358,0.000903,172.31.36.0-255,66,97380,20,336548
10359,0.000917,74.125.24.0-255,1484,98864,20,336548
10360,0.000928,172.31.36.0-255,66,98930,20,336548
10361,0.000942,74.125.24.0-255,1484,100414,20,336548
10362,0.000949,74.125.24.0-255,4472,104886,20,336548
10363,0.000952,172.31.36.0-255,66,104952,20,336548
10364,0.000997,74.125.24.0-255,5738,110690,20,336548
10365,0.001001,172.31.36.0-255,66,110756,20,336548
10366,0.001022,74.125.24.0-255,4320,115076,20,336548
10367,0.001024,172.31.36.0-255,66,115142,20,336548
10368,0.001028,74.125.24.0-255,1484,116626,20,336548
10369,0.001053,172.31.36.0-255,66,116692,20,336548
10370,0.001058,74.125.24.0-255,4320,121012,20,336548
10371,0.001061,172.31.36.0-255,66,121078,20,336548
10372,0.001067,74.125.24.0-255,4320,125398,20,336548
10373,0.00107,172.31.36.0-255,66,125464,20,336548
10374,0.001088,74.125.24.0-255,1484,126948,20,336548
10375,0.001107,74.125.24.0-255,2184,129132,20,336548
10376,0.00111,172.31.36.0-255,66,129198,20,336548
10377,0.001295,74.125.24.0-255,1484,130682,20,336548
10378,0.0013,74.125.24.0-255,1484,132166,20,336548
10379,0.001303,172.31.36.0-255,66,132232,20,336548
10380,0.001322,74.125.24.0-255,1484,133716,20,336548
10381,0.001328,74.125.24.0-255,2902,136618,20,336548
10382,0.00133,172.31.36.0-255,66,136684,20,336548
10383,0.001345,74.125.24.0-255,2902,139586,20,336548
10384,0.001349,74.125.24.0-255,2902,142488,20,336548
10385,0.001353,172.31.36.0-255,66,142554,20,336548
10386,0.001356,172.31.36.0-255,66,142620,20,336548
10387,0.001374,74.125.24.0-255,4320,146940,20,336548
10388,0.001377,172.31.36.0-255,66,147006,20,336548
10389,0.001395,74.125.24.0-255,7156,154162,20,336548
10390,0.001397,172.31.36.0-255,66,154228,20,336548
10391,0.001415,74.125.24.0-255,7156,161384,20,336548
10392,0.001418,172.31.36.0-255,66,161450,20,336548
10393,0.001422,74.125.24.0-255,2184,163634,20,336548
10394,0.001424,172.31.36.0-255,66,163700,20,336548
10395,0.001502,74.125.24.0-255,1484,165184,20,336548
10396,0.00152,74.125.24.0-255,2902,168086,20,336548
10397,0.001523,172.31.36.0-255,66,168152,20,336548
10398,0.001549,74.125.24.0-255,5738,173890,20,336548
10399,0.001552,172.31.36.0-255,66,173956,20,336548
10400,0.001555,74.125.24.0-255,1484,175440,20,336548
10401,0.001572,74.125.24.0-255,5379,180819,20,336548
10402,0.001575,172.31.36.0-255,66,180885,20,336548
10403,0.001628,74.125.24.0-255,5738,186623,20,336548
10404,0.001631,172.31.36.0-255,66,186689,20,336548
10405,0.001655,74.125.24.0-255,5738,192427,20,336548
10406,0.001658,172.31.36.0-255,66,192493,20,336548
10407,0.001672,172.31.36.0-255,66,192559,20,336548
10408,0.001679,74.125.24.0-255,5738,198297,20,336548
10409,0.001682,172.31.36.0-255,66,198363,20,336548
10410,0.001742,74.125.24.0-255,3602,201965,20,336548
10411,0.001745,172.31.36.0-255,66,202031,20,336548
10412,0.001881,74.125.24.0-255,1484,203515,20,336548
10413,0.001894,74.125.24.0-255,1484,204999,20,336548
10414,0.001897,172.31.36.0-255,66,205065,20,336548
10415,0.001915,74.125.24.0-255,1484,206549,20,336548
10416,0.001921,74.125.24.0-255,4320,210869,20,336548
10417,0.001923,172.31.36.0-255,66,210935,20,336548
10418,0.001941,74.125.24.0-255,1484,212419,20,336548
10419,0.00196,74.125.24.0-255,7156,219575,20,336548
10420,0.001963,172.31.36.0-255,66,219641,20,336548
10421,0.001984,74.125.24.0-255,7156,226797,20,336548
10422,0.001986,172.31.36.0-255,66,226863,20,336548
10423,0.002006,74.125.24.0-255,2902,229765,20,336548
10424,0.002009,172.31.36.0-255,66,229831,20,336548
10425,0.002012,74.125.24.0-255,1484,231315,20,336548
10426,0.002037,74.125.24.0-255,5020,236335,20,336548
10427,0.002039,172.31.36.0-255,66,236401,20,336548
10428,0.002166,74.125.24.0-255,1484,237885,20,336548
10429,0.002171,74.125.24.0-255,2902,240787,20,336548
10430,0.002174,172.31.36.0-255,66,240853,20,336548
10431,0.002181,74.125.24.0-255,5738,246591,20,336548
10432,0.002183,172.31.36.0-255,66,246657,20,336548
10433,0.002243,172.31.36.0-255,66,246723,20,336548
10434,0.002266,74.125.24.0-255,2902,249625,20,336548
10435,0.002269,172.31.36.0-255,66,249691,20,336548
10436,0.002276,74.125.24.0-255,5738,255429,20,336548
10437,0.002278,172.31.36.0-255,66,255495,20,336548
10438,0.002285,74.125.24.0-255,5020,260515,20,336548
10439,0.002288,172.31.36.0-255,66,260581,20,336548
10440,0.002377,74.125.24.0-255,1484,262065,20,336548
10441,0.002392,74.125.24.0-255,2902,264967,20,336548
10442,0.002396,172.31.36.0-255,66,265033,20,336548
10443,0.00242,74.125.24.0-255,2902,267935,20,336548
10444,0.002422,172.31.36.0-255,66,268001,20,336548
10445,0.002438,74.125.24.0-255,2902,270903,20,336548
10446,0.002442,74.125.24.0-255,2902,273805,20,336548
10447,0.002446,172.31.36.0-255,66,273871,20,336548
10448,0.002454,172.31.36.0-255,66,273937,20,336548
10449,0.00246,74.125.24.0-255,2902,276839,20,336548
10450,0.002462,172.31.36.0-255,66,276905,20,336548
10451,0.002483,74.125.24.0-255,4320,281225,20,336548
10452,0.002485,172.31.36.0-255,66,281291,20,336548
10453,0.002491,74.125.24.0-255,4320,285611,20,336548
10454,0.002494,172.31.36.0-255,66,285677,20,336548
10455,0.00251,74.125.24.0-255,4320,289997,20,336548
10456,0.002513,172.31.36.0-255,66,290063,20,336548
10457,0.00252,74.125.24.0-255,5020,295083,20,336548
10458,0.002522,172.31.36.0-255,66,295149,20,336548
10459,0.002567,74.125.24.0-255,1484,296633,20,336548
10460,0.002587,74.125.24.0-255,2902,299535,20,336548
10461,0.00259,172.31.36.0-255,66,299601,20,336548
10462,0.002594,74.125.24.0-255,1484,301085,20,336548
10463,0.002612,74.125.24.0-255,2902,303987,20,336548
10464,0.002614,172.31.36.0-255,66,304053,20,336548
10465,0.002617,74.125.24.0-255,1484,305537,20,336548
10466,0.002647,74.125.24.0-255,4320,309857,20,336548
10467,0.00265,172.31.36.0-255,66,309923,20,336548
10468,0.00267,74.125.24.0-255,2902,312825,20,336548
10469,0.002672,172.31.36.0-255,66,312891,20,336548
10470,0.002676,74.125.24.0-255,1484,314375,20,336548
10471,0.002687,172.31.36.0-255,66,314441,20,336548
10472,0.002725,74.125.24.0-255,5020,319461,20,336548
10473,0.002728,172.31.36.0-255,66,319527,20,336548
10474,0.002746,74.125.24.0-255,2902,322429,20,336548
10475,0.002748,172.31.36.0-255,66,322495,20,336548
10476,0.002778,74.125.24.0-255,4320,326815,20,336548
10477,0.002781,172.31.36.0-255,66,326881,20,336548
10478,0.002813,172.31.36.0-255,66,326947,20,336548
10479,0.002817,74.125.24.0-255,97,327044,20,336548
10480,0.002832,74.125.24.0-255,105,327149,20,336548
10481,0.011878,172.31.36.0-255,66,327215,20,336548
10482,0.011923,172.31.36.0-255,105,327320,20,336548
10483,0.013852,74.125.24.0-255,105,327425,20,336548
10484,0.013867,172.31.36.0-255,78,327503,20,336548
10485,0.014177,74.125.24.0-255,66,327569,20,336548
10486,0.030427,172.31.36.0-255,172,327741,20,336548
10487,0.030458,172.31.36.0-255,1110,328851,20,336548
10488,0.030526,172.31.36.0-255,1514,330365,20,336548
10489,0.030528,172.31.36.0-255,1514,331879,20,336548
10490,0.030534,172.31.36.0-255,1514,333393,20,336548
10491,0.030536,172.31.36.0-255,1514,334907,20,336548
10492,0.030565,172.31.36.0-255,1377,336284,20,336548
10493,0.031967,104.244.42.0-255,66,336350,20,336548
10494,0.032076,104.244.42.0-255,66,336416,20,336548
10495,0.032105,104.244.42.0-255,66,336482,20,336548
10496,0.032117,104.244.42.0-255,66,336548,20,336548
10497,0.0,172.217.194.0-255,161,161,20,188506
10498,2.9e-05,172.31.36.0-255,66,227,20,188506
10499,3.6e-05,172.217.194.0-255,1484,1711,20,188506
10500,3.9e-05,172.31.36.0-255,66,1777,20,188506
10501,4.4e-05,172.217.194.0-255,2902,4679,20,188506
10502,4.6e-05,172.31.36.0-255,66,4745,20,188506
10503,7.2e-05,172.217.194.0-255,4320,9065,20,188506
10504,7.4e-05,172.31.36.0-255,66,9131,20,188506
10505,0.000113,172.217.194.0-255,1484,10615,20,188506
10506,0.000115,172.31.36.0-255,66,10681,20,188506
10507,0.000137,172.217.194.0-255,7156,17837,20,188506
10508,0.00014,172.31.36.0-255,66,17903,20,188506
10509,0.000152,172.217.194.0-255,3462,21365,20,188506
10510,0.000155,172.31.36.0-255,66,21431,20,188506
10511,0.000275,172.217.194.0-255,7156,28587,20,188506
10512,0.00028,172.31.36.0-255,66,28653,20,188506
10513,0.000302,172.217.194.0-255,2543,31196,20,188506
10514,0.000305,172.31.36.0-255,66,31262,20,188506
10515,0.000415,172.217.194.0-255,7156,38418,20,188506
10516,0.000419,172.31.36.0-255,66,38484,20,188506
10517,0.000437,172.217.194.0-255,5738,44222,20,188506
10518,0.00044,172.31.36.0-255,66,44288,20,188506
10519,0.000577,172.217.194.0-255,5738,50026,20,188506
10520,0.000581,172.31.36.0-255,66,50092,20,188506
10521,0.000608,172.31.36.0-255,66,50158,20,188506
10522,0.000884,172.217.194.0-255,7156,57314,20,188506
10523,0.000888,172.31.36.0-255,66,57380,20,188506
10524,0.000916,172.31.36.0-255,66,57446,20,188506
10525,0.001095,172.31.36.0-255,66,57512,20,188506
10526,0.00152,172.217.194.0-255,5738,63250,20,188506
10527,0.00195,172.217.194.0-255,4320,67570,20,188506
10528,0.002014,172.217.194.0-255,3602,71172,20,188506
10529,0.002407,172.217.194.0-255,4320,75492,20,188506
10530,0.002481,172.217.194.0-255,7156,82648,20,188506
10531,0.003274,172.217.194.0-255,2902,85550,20,188506
10532,0.003332,172.217.194.0-255,7156,92706,20,188506
10533,0.003406,172.217.194.0-255,7156,99862,20,188506
10534,0.006161,172.31.36.0-255,66,99928,20,188506
10535,0.0083,172.217.194.0-255,5738,105666,20,188506
10536,0.008307,172.31.36.0-255,66,105732,20,188506
10537,0.01048,172.217.194.0-255,2902,108634,20,188506
10538,0.010487,172.31.36.0-255,66,108700,20,188506
10539,0.010506,172.217.194.0-255,2902,111602,20,188506
10540,0.012664,172.217.194.0-255,2902,114504,20,188506
10541,0.013349,172.31.36.0-255,66,114570,20,188506
10542,0.015523,172.217.194.0-255,5738,120308,20,188506
10543,0.015531,172.31.36.0-255,66,120374,20,188506
10544,0.017675,172.217.194.0-255,5738,126112,20,188506
10545,0.017684,172.31.36.0-255,66,126178,20,188506
10546,0.019849,172.217.194.0-255,5738,131916,20,188506
10547,0.019857,172.31.36.0-255,66,131982,20,188506
10548,0.022011,172.217.194.0-255,5738,137720,20,188506
10549,0.022019,172.31.36.0-255,66,137786,20,188506
10550,0.024133,172.217.194.0-255,5738,143524,20,188506
10551,0.024139,172.31.36.0-255,66,143590,20,188506
10552,0.026309,172.217.194.0-255,5738,149328,20,188506
10553,0.026317,172.31.36.0-255,66,149394,20,188506
10554,0.028488,172.217.194.0-255,5738,155132,20,188506
10555,0.028494,172.31.36.0-255,66,155198,20,188506
10556,0.030671,172.217.194.0-255,5738,160936,20,188506
10557,0.030677,172.31.36.0-255,66,161002,20,188506
10558,0.032847,172.217.194.0-255,5738,166740,20,188506
10559,0.032854,172.31.36.0-255,66,166806,20,188506
10560,0.033496,172.31.36.0-255,172,166978,20,188506
10561,0.033526,172.31.36.0-255,1111,168089,20,188506
10562,0.033586,172.31.36.0-255,1514,169603,20,188506
10563,0.033588,172.31.36.0-255,1293,170896,20,188506
10564,0.035005,172.217.194.0-255,5738,176634,20,188506
10565,0.035011,172.31.36.0-255,66,176700,20,188506
10566,0.035147,104.244.42.0-255,66,176766,20,188506
10567,0.035202,104.244.42.0-255,66,176832,20,188506
10568,0.035249,104.244.42.0-255,66,176898,20,188506
10569,0.037168,172.217.194.0-255,5738,182636,20,188506
10570,0.037174,172.31.36.0-255,66,182702,20,188506
10571,0.039301,172.217.194.0-255,5738,188440,20,188506
10572,0.039309,172.31.36.0-255,66,188506,20,188506
10573,0.0,172.31.36.0-255,105,105,20,276
10574,0.001904,157.240.13.0-255,105,210,20,276
10575,0.001912,172.31.36.0-255,66,276,20,276
10576,0.0,74.125.24.0-255,153,153,20,211169
10577,2.1e-05,172.31.36.0-255,66,219,20,211169
10578,2.8e-05,74.125.24.0-255,1484,1703,20,211169
10579,3.2e-05,172.31.36.0-255,66,1769,20,211169
10580,3.7e-05,74.125.24.0-255,2902,4671,20,211169
10581,3.9e-05,172.31.36.0-255,66,4737,20,211169
10582,4.5e-05,74.125.24.0-255,5738,10475,20,211169
10583,4.7e-05,172.31.36.0-255,66,10541,20,211169
10584,6.9e-05,74.125.24.0-255,1484,12025,20,211169
10585,7.1e-05,172.31.36.0-255,66,12091,20,211169
10586,8.5e-05,74.125.24.0-255,2037,14128,20,211169
10587,8.7e-05,172.31.36.0-255,66,14194,20,211169
10588,0.000159,74.125.24.0-255,1484,15678,20,211169
10589,0.000162,172.31.36.0-255,66,15744,20,211169
10590,0.000167,74.125.24.0-255,2902,18646,20,211169
10591,0.000169,172.31.36.0-255,66,18712,20,211169
10592,0.000174,74.125.24.0-255,4320,23032,20,211169
10593,0.000177,172.31.36.0-255,66,23098,20,211169
10594,0.00018,74.125.24.0-255,1484,24582,20,211169
10595,0.000182,172.31.36.0-255,66,24648,20,211169
10596,0.000212,172.31.36.0-255,66,24714,20,211169
10597,0.000228,74.125.24.0-255,5738,30452,20,211169
10598,0.000231,172.31.36.0-255,66,30518,20,211169
10599,0.000261,172.31.36.0-255,66,30584,20,211169
10600,0.000275,74.125.24.0-255,2902,33486,20,211169
10601,0.000277,172.31.36.0-255,66,33552,20,211169
10602,0.00028,74.125.24.0-255,1484,35036,20,211169
10603,0.000282,172.31.36.0-255,66,35102,20,211169
10604,0.000314,172.31.36.0-255,66,35168,20,211169
10605,0.000342,74.125.24.0-255,645,35813,20,211169
10606,0.000449,74.125.24.0-255,1484,37297,20,211169
10607,0.000453,172.31.36.0-255,66,37363,20,211169
10608,0.000459,74.125.24.0-255,2902,40265,20,211169
10609,0.000462,172.31.36.0-255,66,40331,20,211169
10610,0.000466,74.125.24.0-255,2902,43233,20,211169
10611,0.000469,172.31.36.0-255,66,43299,20,211169
10612,0.000488,74.125.24.0-255,2902,46201,20,211169
10613,0.00049,172.31.36.0-255,66,46267,20,211169
10614,0.000497,74.125.24.0-255,5738,52005,20,211169
10615,0.000499,172.31.36.0-255,66,52071,20,211169
10616,0.00055,74.125.24.0-255,5738,57809,20,211169
10617,0.000553,172.31.36.0-255,66,57875,20,211169
10618,0.000579,74.125.24.0-255,6797,64672,20,211169
10619,0.000583,172.31.36.0-255,66,64738,20,211169
10620,0.000606,74.125.24.0-255,5379,70117,20,211169
10621,0.00061,172.31.36.0-255,66,70183,20,211169
10622,0.0012,74.125.24.0-255,1484,71667,20,211169
10623,0.001206,74.125.24.0-255,2902,74569,20,211169
10624,0.00121,172.31.36.0-255,66,74635,20,211169
10625,0.001229,74.125.24.0-255,4320,78955,20,211169
10626,0.001232,172.31.36.0-255,66,79021,20,211169
10627,0.001239,74.125.24.0-255,5738,84759,20,211169
10628,0.001241,172.31.36.0-255,66,84825,20,211169
10629,0.001275,74.125.24.0-255,1484,86309,20,211169
10630,0.001279,172.31.36.0-255,66,86375,20,211169
10631,0.00129,74.125.24.0-255,4320,90695,20,211169
10632,0.001292,172.31.36.0-255,66,90761,20,211169
10633,0.001304,74.125.24.0-255,2184,92945,20,211169
10634,0.001306,172.31.36.0-255,66,93011,20,211169
10635,0.001673,74.125.24.0-255,1484,94495,20,211169
10636,0.001681,74.125.24.0-255,2902,97397,20,211169
10637,0.001686,172.31.36.0-255,66,97463,20,211169
10638,0.001693,74.125.24.0-255,4320,101783,20,211169
10639,0.001695,172.31.36.0-255,66,101849,20,211169
10640,0.001708,74.125.24.0-255,1484,103333,20,211169
10641,0.001757,172.31.36.0-255,66,103399,20,211169
10642,0.001773,74.125.24.0-255,1484,104883,20,211169
10643,0.001786,172.31.36.0-255,66,104949,20,211169
10644,0.001956,74.125.24.0-255,1484,106433,20,211169
10645,0.001961,74.125.24.0-255,2902,109335,20,211169
10646,0.001964,172.31.36.0-255,66,109401,20,211169
10647,0.001971,74.125.24.0-255,5738,115139,20,211169
10648,0.001972,172.31.36.0-255,66,115205,20,211169
10649,0.002003,172.31.36.0-255,66,115271,20,211169
10650,0.002038,74.125.24.0-255,2902,118173,20,211169
10651,0.00204,172.31.36.0-255,66,118239,20,211169
10652,0.002072,172.31.36.0-255,66,118305,20,211169
10653,0.004349,74.125.24.0-255,5738,124043,20,211169
10654,0.004356,172.31.36.0-255,66,124109,20,211169
10655,0.006625,74.125.24.0-255,5738,129847,20,211169
10656,0.006631,172.31.36.0-255,66,129913,20,211169
10657,0.008913,74.125.24.0-255,5738,135651,20,211169
10658,0.00892,172.31.36.0-255,66,135717,20,211169
10659,0.011177,74.125.24.0-255,5738,141455,20,211169
10660,0.011185,172.31.36.0-255,66,141521,20,211169
10661,0.013452,74.125.24.0-255,5738,147259,20,211169
10662,0.013461,172.31.36.0-255,66,147325,20,211169
10663,0.015748,74.125.24.0-255,5738,153063,20,211169
10664,0.015757,172.31.36.0-255,66,153129,20,211169
10665,0.018034,74.125.24.0-255,5738,158867,20,211169
10666,0.018042,172.31.36.0-255,66,158933,20,211169
10667,0.020294,74.125.24.0-255,5738,164671,20,211169
10668,0.020301,172.31.36.0-255,66,164737,20,211169
10669,0.022559,74.125.24.0-255,5738,170475,20,211169
10670,0.022567,172.31.36.0-255,66,170541,20,211169
10671,0.024863,74.125.24.0-255,5738,176279,20,211169
10672,0.02488,172.31.36.0-255,66,176345,20,211169
10673,0.027187,74.125.24.0-255,5738,182083,20,211169
10674,0.027204,172.31.36.0-255,66,182149,20,211169
10675,0.029483,74.125.24.0-255,5738,187887,20,211169
10676,0.0295,172.31.36.0-255,66,187953,20,211169
10677,0.031769,74.125.24.0-255,5738,193691,20,211169
10678,0.031788,172.31.36.0-255,66,193757,20,211169
10679,0.034077,74.125.24.0-255,5738,199495,20,211169
10680,0.034087,172.31.36.0-255,66,199561,20,211169
10681,0.036352,74.125.24.0-255,5738,205299,20,211169
10682,0.03636,172.31.36.0-255,66,205365,20,211169
10683,0.038623,74.125.24.0-255,5738,211103,20,211169
10684,0.03863,172.31.36.0-255,66,211169,20,211169
10685,0.0,172.217.194.0-255,306,306,20,308097
10686,2e-05,172.31.36.0-255,66,372,20,308097
10687,2.7e-05,172.217.194.0-255,1484,1856,20,308097
10688,3.2e-05,172.31.36.0-255,66,1922,20,308097
10689,3.8e-05,172.217.194.0-255,4320,6242,20,308097
10690,4.1e-05,172.31.36.0-255,66,6308,20,308097
10691,4.8e-05,172.217.194.0-255,5738,12046,20,308097
10692,5e-05,172.31.36.0-255,66,12112,20,308097
10693,8e-05,172.217.194.0-255,1838,13950,20,308097
10694,8.3e-05,172.31.36.0-255,66,14016,20,308097
10695,9.8e-05,172.217.194.0-255,2902,16918,20,308097
10696,0.0001,172.31.36.0-255,66,16984,20,308097
10697,0.000104,172.217.194.0-255,1484,18468,20,308097
10698,0.000106,172.31.36.0-255,66,18534,20,308097
10699,0.000141,172.217.194.0-255,5738,24272,20,308097
10700,0.000143,172.31.36.0-255,66,24338,20,308097
10701,0.000151,172.217.194.0-255,6797,31135,20,308097
10702,0.000154,172.31.36.0-255,66,31201,20,308097
10703,0.000183,172.217.194.0-255,4320,35521,20,308097
10704,0.000185,172.31.36.0-255,66,35587,20,308097
10705,0.00021,172.217.194.0-255,7156,42743,20,308097
10706,0.000213,172.31.36.0-255,66,42809,20,308097
10707,0.000231,172.217.194.0-255,5379,48188,20,308097
10708,0.000233,172.31.36.0-255,66,48254,20,308097
10709,0.000802,172.217.194.0-255,1484,49738,20,308097
10710,0.000807,172.217.194.0-255,2902,52640,20,308097
10711,0.000815,172.31.36.0-255,66,52706,20,308097
10712,0.00082,172.31.36.0-255,66,52772,20,308097
10713,0.000833,172.217.194.0-255,5738,58510,20,308097
10714,0.000836,172.31.36.0-255,66,58576,20,308097
10715,0.000843,172.217.194.0-255,6797,65373,20,308097
10716,0.000845,172.31.36.0-255,66,65439,20,308097
10717,0.00089,172.217.194.0-255,4320,69759,20,308097
10718,0.000893,172.31.36.0-255,66,69825,20,308097
10719,0.000917,172.217.194.0-255,7156,76981,20,308097
10720,0.000919,172.31.36.0-255,66,77047,20,308097
10721,0.00094,172.217.194.0-255,2902,79949,20,308097
10722,0.000942,172.31.36.0-255,66,80015,20,308097
10723,0.00096,172.217.194.0-255,3123,83138,20,308097
10724,0.000963,172.31.36.0-255,66,83204,20,308097
10725,0.001008,172.217.194.0-255,1484,84688,20,308097
10726,0.001015,172.217.194.0-255,2902,87590,20,308097
10727,0.001018,172.31.36.0-255,66,87656,20,308097
10728,0.001044,172.217.194.0-255,5738,93394,20,308097
10729,0.001047,172.31.36.0-255,66,93460,20,308097
10730,0.001055,172.217.194.0-255,6797,100257,20,308097
10731,0.001057,172.31.36.0-255,66,100323,20,308097
10732,0.001323,172.217.194.0-255,1484,101807,20,308097
10733,0.00133,172.217.194.0-255,2902,104709,20,308097
10734,0.001334,172.31.36.0-255,66,104775,20,308097
10735,0.001357,172.217.194.0-255,4320,109095,20,308097
10736,0.00136,172.31.36.0-255,66,109161,20,308097
10737,0.001365,172.217.194.0-255,2902,112063,20,308097
10738,0.001367,172.31.36.0-255,66,112129,20,308097
10739,0.001385,172.217.194.0-255,5738,117867,20,308097
10740,0.001387,172.31.36.0-255,66,117933,20,308097
10741,0.001413,172.31.36.0-255,66,117999,20,308097
10742,0.001431,172.217.194.0-255,3602,121601,20,308097
10743,0.001434,172.31.36.0-255,66,121667,20,308097
10744,0.001469,172.217.194.0-255,1484,123151,20,308097
10745,0.001488,172.217.194.0-255,2902,126053,20,308097
10746,0.001494,172.217.194.0-255,5738,131791,20,308097
10747,0.001496,172.217.194.0-255,1484,133275,20,308097
10748,0.0015,172.31.36.0-255,66,133341,20,308097
10749,0.001504,172.31.36.0-255,66,133407,20,308097
10750,0.001518,172.217.194.0-255,5738,139145,20,308097
10751,0.001523,172.31.36.0-255,66,139211,20,308097
10752,0.001556,172.31.36.0-255,66,139277,20,308097
10753,0.001561,172.217.194.0-255,2184,141461,20,308097
10754,0.001563,172.31.36.0-255,66,141527,20,308097
10755,0.001631,172.217.194.0-255,1484,143011,20,308097
10756,0.001635,172.217.194.0-255,1484,144495,20,308097
10757,0.001638,172.31.36.0-255,66,144561,20,308097
10758,0.001656,172.217.194.0-255,1484,146045,20,308097
10759,0.001661,172.217.194.0-255,4320,150365,20,308097
10760,0.001664,172.31.36.0-255,66,150431,20,308097
10761,0.001676,172.217.194.0-255,1484,151915,20,308097
10762,0.001679,172.217.194.0-255,1484,153399,20,308097
10763,0.001683,172.31.36.0-255,66,153465,20,308097
10764,0.001695,172.217.194.0-255,5738,159203,20,308097
10765,0.001698,172.31.36.0-255,66,159269,20,308097
10766,0.001729,172.217.194.0-255,5738,165007,20,308097
10767,0.001733,172.31.36.0-255,66,165073,20,308097
10768,0.001746,172.31.36.0-255,66,165139,20,308097
10769,0.001799,172.217.194.0-255,1484,166623,20,308097
10770,0.001804,172.217.194.0-255,2902,169525,20,308097
10771,0.001806,172.31.36.0-255,66,169591,20,308097
10772,0.001812,172.217.194.0-255,5738,175329,20,308097
10773,0.001815,172.31.36.0-255,66,175395,20,308097
10774,0.001828,172.31.36.0-255,66,175461,20,308097
10775,0.001836,172.217.194.0-255,7156,182617,20,308097
10776,0.001838,172.31.36.0-255,66,182683,20,308097
10777,0.001853,172.217.194.0-255,1484,184167,20,308097
10778,0.001873,172.217.194.0-255,1484,185651,20,308097
10779,0.001876,172.31.36.0-255,66,185717,20,308097
10780,0.001912,172.31.36.0-255,66,185783,20,308097
10781,0.001948,172.31.36.0-255,66,185849,20,308097
10782,0.001961,172.31.36.0-255,66,185915,20,308097
10783,0.002246,172.217.194.0-255,1484,187399,20,308097
10784,0.002251,172.217.194.0-255,1484,188883,20,308097
10785,0.002254,172.31.36.0-255,66,188949,20,308097
10786,0.002279,172.217.194.0-255,1484,190433,20,308097
10787,0.002286,172.217.194.0-255,5738,196171,20,308097
10788,0.002288,172.31.36.0-255,66,196237,20,308097
10789,0.002294,172.217.194.0-255,4320,200557,20,308097
10790,0.002296,172.31.36.0-255,66,200623,20,308097
10791,0.002312,172.217.194.0-255,4320,204943,20,308097
10792,0.002315,172.31.36.0-255,66,205009,20,308097
10793,0.002333,172.217.194.0-255,7156,212165,20,308097
10794,0.002336,172.31.36.0-255,66,212231,20,308097
10795,0.002362,172.31.36.0-255,66,212297,20,308097
10796,0.004631,172.217.194.0-255,5738,218035,20,308097
10797,0.004638,172.31.36.0-255,66,218101,20,308097
10798,0.006907,172.217.194.0-255,4320,222421,20,308097
10799,0.006911,172.31.36.0-255,66,222487,20,308097
10800,0.006929,172.217.194.0-255,1484,223971,20,308097
10801,0.009191,172.217.194.0-255,4320,228291,20,308097
10802,0.009199,172.31.36.0-255,66,228357,20,308097
10803,0.011439,172.217.194.0-255,5738,234095,20,308097
10804,0.011446,172.31.36.0-255,66,234161,20,308097
10805,0.013721,172.217.194.0-255,5738,239899,20,308097
10806,0.01373,172.31.36.0-255,66,239965,20,308097
10807,0.016001,172.217.194.0-255,5738,245703,20,308097
10808,0.01601,172.31.36.0-255,66,245769,20,308097
10809,0.018265,172.217.194.0-255,5738,251507,20,308097
10810,0.018273,172.31.36.0-255,66,251573,20,308097
10811,0.020524,172.217.194.0-255,5738,257311,20,308097
10812,0.020534,172.31.36.0-255,66,257377,20,308097
10813,0.022818,172.217.194.0-255,5738,263115,20,308097
10814,0.022827,172.31.36.0-255,66,263181,20,308097
10815,0.025107,172.217.194.0-255,5738,268919,20,308097
10816,0.025115,172.31.36.0-255,66,268985,20,308097
10817,0.027376,172.217.194.0-255,5738,274723,20,308097
10818,0.027384,172.31.36.0-255,66,274789,20,308097
10819,0.029667,172.217.194.0-255,5738,280527,20,308097
10820,0.029678,172.31.36.0-255,66,280593,20,308097
10821,0.031982,172.217.194.0-255,5738,286331,20,308097
10822,0.03199,172.31.36.0-255,66,286397,20,308097
10823,0.034239,172.217.194.0-255,5738,292135,20,308097
10824,0.034248,172.31.36.0-255,66,292201,20,308097
10825,0.034629,172.31.36.0-255,172,292373,20,308097
10826,0.034661,172.31.36.0-255,1112,293485,20,308097
10827,0.034728,172.31.36.0-255,1514,294999,20,308097
10828,0.03473,172.31.36.0-255,1292,296291,20,308097
10829,0.036182,104.244.42.0-255,66,296357,20,308097
10830,0.036229,104.244.42.0-255,66,296423,20,308097
10831,0.036329,104.244.42.0-255,66,296489,20,308097
10832,0.036543,172.217.194.0-255,5738,302227,20,308097
10833,0.036549,172.31.36.0-255,66,302293,20,308097
10834,0.038837,172.217.194.0-255,5738,308031,20,308097
10835,0.038844,172.31.36.0-255,66,308097,20,308097
10836,0.0,74.125.24.0-255,150,150,20,176635
10837,2e-05,172.31.36.0-255,66,216,20,176635
10838,2.7e-05,74.125.24.0-255,1484,1700,20,176635
10839,3.1e-05,172.31.36.0-255,66,1766,20,176635
10840,3.7e-05,74.125.24.0-255,2902,4668,20,176635
10841,4.7e-05,172.31.36.0-255,66,4734,20,176635
10842,5.5e-05,74.125.24.0-255,7156,11890,20,176635
10843,5.8e-05,172.31.36.0-255,66,11956,20,176635
10844,6.2e-05,74.125.24.0-255,2037,13993,20,176635
10845,6.4e-05,172.31.36.0-255,66,14059,20,176635
10846,0.000108,74.125.24.0-255,1484,15543,20,176635
10847,0.00011,172.31.36.0-255,66,15609,20,176635
10848,0.000115,74.125.24.0-255,2902,18511,20,176635
10849,0.000117,172.31.36.0-255,66,18577,20,176635
10850,0.00012,74.125.24.0-255,1484,20061,20,176635
10851,0.000122,172.31.36.0-255,66,20127,20,176635
10852,0.000154,74.125.24.0-255,4320,24447,20,176635
10853,0.000156,172.31.36.0-255,66,24513,20,176635
10854,0.000163,74.125.24.0-255,6797,31310,20,176635
10855,0.000165,172.31.36.0-255,66,31376,20,176635
10856,0.000996,74.125.24.0-255,1484,32860,20,176635
10857,0.001003,172.31.36.0-255,66,32926,20,176635
10858,0.001012,74.125.24.0-255,2902,35828,20,176635
10859,0.001014,172.31.36.0-255,66,35894,20,176635
10860,0.001024,74.125.24.0-255,5738,41632,20,176635
10861,0.001026,172.31.36.0-255,66,41698,20,176635
10862,0.001057,74.125.24.0-255,5738,47436,20,176635
10863,0.00106,172.31.36.0-255,66,47502,20,176635
10864,0.001094,172.31.36.0-255,66,47568,20,176635
10865,0.00112,74.125.24.0-255,7156,54724,20,176635
10866,0.001123,172.31.36.0-255,66,54790,20,176635
10867,0.00115,74.125.24.0-255,2856,57646,20,176635
10868,0.001253,74.125.24.0-255,110,57756,20,176635
10869,0.001447,74.125.24.0-255,1484,59240,20,176635
10870,0.001467,74.125.24.0-255,1484,60724,20,176635
10871,0.00148,74.125.24.0-255,1484,62208,20,176635
10872,0.001483,74.125.24.0-255,1484,63692,20,176635
10873,0.001503,74.125.24.0-255,4320,68012,20,176635
10874,0.001567,74.125.24.0-255,5738,73750,20,176635
10875,0.002192,74.125.24.0-255,1484,75234,20,176635
10876,0.002208,74.125.24.0-255,2902,78136,20,176635
10877,0.002214,74.125.24.0-255,5738,83874,20,176635
10878,0.002231,74.125.24.0-255,2902,86776,20,176635
10879,0.002263,74.125.24.0-255,4320,91096,20,176635
10880,0.002278,74.125.24.0-255,5738,96834,20,176635
10881,0.003444,172.31.36.0-255,66,96900,20,176635
10882,0.005848,74.125.24.0-255,5738,102638,20,176635
10883,0.005854,172.31.36.0-255,66,102704,20,176635
10884,0.008224,74.125.24.0-255,5738,108442,20,176635
10885,0.008231,172.31.36.0-255,66,108508,20,176635
10886,0.010593,74.125.24.0-255,5738,114246,20,176635
10887,0.013694,172.31.36.0-255,66,114312,20,176635
10888,0.016086,74.125.24.0-255,5738,120050,20,176635
10889,0.016098,172.31.36.0-255,66,120116,20,176635
10890,0.018497,74.125.24.0-255,5738,125854,20,176635
10891,0.018505,172.31.36.0-255,66,125920,20,176635
10892,0.020901,74.125.24.0-255,5738,131658,20,176635
10893,0.020913,172.31.36.0-255,66,131724,20,176635
10894,0.023329,74.125.24.0-255,5738,137462,20,176635
10895,0.023338,172.31.36.0-255,66,137528,20,176635
10896,0.025523,172.31.36.0-255,167,137695,20,176635
10897,0.025554,172.31.36.0-255,1111,138806,20,176635
10898,0.025616,172.31.36.0-255,1514,140320,20,176635
10899,0.025618,172.31.36.0-255,1293,141613,20,176635
10900,0.025728,74.125.24.0-255,5738,147351,20,176635
10901,0.025734,172.31.36.0-255,66,147417,20,176635
10902,0.02707,104.244.42.0-255,66,147483,20,176635
10903,0.027093,104.244.42.0-255,66,147549,20,176635
10904,0.027185,104.244.42.0-255,66,147615,20,176635
10905,0.028114,74.125.24.0-255,5738,153353,20,176635
10906,0.028121,172.31.36.0-255,66,153419,20,176635
10907,0.030496,74.125.24.0-255,5738,159157,20,176635
10908,0.030504,172.31.36.0-255,66,159223,20,176635
10909,0.032888,74.125.24.0-255,5738,164961,20,176635
10910,0.032895,172.31.36.0-255,66,165027,20,176635
10911,0.035285,74.125.24.0-255,5738,170765,20,176635
10912,0.035292,172.31.36.0-255,66,170831,20,176635
10913,0.037686,74.125.24.0-255,5738,176569,20,176635
10914,0.037694,172.31.36.0-255,66,176635,20,176635
10915,0.0,74.125.24.0-255,152,152,20,206274
10916,2.6e-05,172.31.36.0-255,66,218,20,206274
10917,3.3e-05,74.125.24.0-255,1484,1702,20,206274
10918,3.7e-05,172.31.36.0-255,66,1768,20,206274
10919,4.2e-05,74.125.24.0-255,2902,4670,20,206274
10920,4.4e-05,172.31.36.0-255,66,4736,20,206274
10921,6.9e-05,74.125.24.0-255,5738,10474,20,206274
10922,7.2e-05,172.31.36.0-255,66,10540,20,206274
10923,0.000103,74.125.24.0-255,3502,14042,20,206274
10924,0.000105,172.31.36.0-255,66,14108,20,206274
10925,0.00023,74.125.24.0-255,1484,15592,20,206274
10926,0.000235,172.31.36.0-255,66,15658,20,206274
10927,0.00024,74.125.24.0-255,2902,18560,20,206274
10928,0.000242,172.31.36.0-255,66,18626,20,206274
10929,0.000256,74.125.24.0-255,2902,21528,20,206274
10930,0.000258,172.31.36.0-255,66,21594,20,206274
10931,0.000279,74.125.24.0-255,2902,24496,20,206274
10932,0.000282,172.31.36.0-255,66,24562,20,206274
10933,0.000296,74.125.24.0-255,2902,27464,20,206274
10934,0.000299,172.31.36.0-255,66,27530,20,206274
10935,0.000341,172.31.36.0-255,66,27596,20,206274
10936,0.000354,172.31.36.0-255,66,27662,20,206274
10937,0.000383,172.31.36.0-255,66,27728,20,206274
10938,0.000407,74.125.24.0-255,5318,33046,20,206274
10939,0.00041,172.31.36.0-255,66,33112,20,206274
10940,0.000413,74.125.24.0-255,410,33522,20,206274
10941,0.000415,172.31.36.0-255,66,33588,20,206274
10942,0.000667,74.125.24.0-255,1484,35072,20,206274
10943,0.000672,172.31.36.0-255,66,35138,20,206274
10944,0.000696,74.125.24.0-255,2902,38040,20,206274
10945,0.000699,172.31.36.0-255,66,38106,20,206274
10946,0.000706,74.125.24.0-255,5738,43844,20,206274
10947,0.000708,172.31.36.0-255,66,43910,20,206274
10948,0.000714,74.125.24.0-255,4320,48230,20,206274
10949,0.000715,172.31.36.0-255,66,48296,20,206274
10950,0.000737,172.31.36.0-255,66,48362,20,206274
10951,0.000783,172.31.36.0-255,66,48428,20,206274
10952,0.001038,74.125.24.0-255,1484,49912,20,206274
10953,0.001045,74.125.24.0-255,2902,52814,20,206274
10954,0.001049,172.31.36.0-255,66,52880,20,206274
10955,0.001059,74.125.24.0-255,4320,57200,20,206274
10956,0.001062,172.31.36.0-255,66,57266,20,206274
10957,0.00108,74.125.24.0-255,1484,58750,20,206274
10958,0.001088,74.125.24.0-255,7156,65906,20,206274
10959,0.00109,172.31.36.0-255,66,65972,20,206274
10960,0.001104,172.31.36.0-255,66,66038,20,206274
10961,0.001126,74.125.24.0-255,2902,68940,20,206274
10962,0.001129,172.31.36.0-255,66,69006,20,206274
10963,0.001133,74.125.24.0-255,2184,71190,20,206274
10964,0.001135,172.31.36.0-255,66,71256,20,206274
10965,0.001663,74.125.24.0-255,1484,72740,20,206274
10966,0.001674,74.125.24.0-255,2902,75642,20,206274
10967,0.001678,172.31.36.0-255,66,75708,20,206274
10968,0.001685,74.125.24.0-255,5738,81446,20,206274
10969,0.001687,172.31.36.0-255,66,81512,20,206274
10970,0.001754,172.31.36.0-255,66,81578,20,206274
10971,0.001766,172.31.36.0-255,66,81644,20,206274
10972,0.002064,74.125.24.0-255,1484,83128,20,206274
10973,0.002071,74.125.24.0-255,2902,86030,20,206274
10974,0.002074,172.31.36.0-255,66,86096,20,206274
10975,0.002079,74.125.24.0-255,1484,87580,20,206274
10976,0.002083,74.125.24.0-255,2902,90482,20,206274
10977,0.002085,172.31.36.0-255,66,90548,20,206274
10978,0.002107,74.125.24.0-255,2902,93450,20,206274
10979,0.002109,172.31.36.0-255,66,93516,20,206274
10980,0.002128,74.125.24.0-255,2902,96418,20,206274
10981,0.00213,172.31.36.0-255,66,96484,20,206274
10982,0.002158,172.31.36.0-255,66,96550,20,206274
10983,0.002163,74.125.24.0-255,2902,99452,20,206274
10984,0.002165,172.31.36.0-255,66,99518,20,206274
10985,0.002189,74.125.24.0-255,7156,106674,20,206274
10986,0.002192,172.31.36.0-255,66,106740,20,206274
10987,0.002195,74.125.24.0-255,766,107506,20,206274
10988,0.00242,74.125.24.0-255,1484,108990,20,206274
10989,0.002425,74.125.24.0-255,2902,111892,20,206274
10990,0.002433,172.31.36.0-255,66,111958,20,206274
10991,0.002437,74.125.24.0-255,1484,113442,20,206274
10992,0.00244,172.31.36.0-255,66,113508,20,206274
10993,0.002449,74.125.24.0-255,2902,116410,20,206274
10994,0.002451,172.31.36.0-255,66,116476,20,206274
10995,0.004839,74.125.24.0-255,4320,120796,20,206274
10996,0.004846,172.31.36.0-255,66,120862,20,206274
10997,0.004865,74.125.24.0-255,1484,122346,20,206274
10998,0.00726,74.125.24.0-255,4320,126666,20,206274
10999,0.007265,172.31.36.0-255,66,126732,20,206274
11000,0.009695,74.125.24.0-255,5738,132470,20,206274
11001,0.009704,172.31.36.0-255,66,132536,20,206274
11002,0.012133,74.125.24.0-255,5738,138274,20,206274
11003,0.012141,172.31.36.0-255,66,138340,20,206274
11004,0.014568,74.125.24.0-255,5738,144078,20,206274
11005,0.014575,172.31.36.0-255,66,144144,20,206274
11006,0.01702,74.125.24.0-255,5738,149882,20,206274
11007,0.01703,172.31.36.0-255,66,149948,20,206274
11008,0.019431,74.125.24.0-255,5738,155686,20,206274
11009,0.019439,172.31.36.0-255,66,155752,20,206274
11010,0.021843,74.125.24.0-255,5738,161490,20,206274
11011,0.02185,172.31.36.0-255,66,161556,20,206274
11012,0.024263,74.125.24.0-255,5738,167294,20,206274
11013,0.02427,172.31.36.0-255,66,167360,20,206274
11014,0.02667,74.125.24.0-255,5738,173098,20,206274
11015,0.026678,172.31.36.0-255,66,173164,20,206274
11016,0.029106,74.125.24.0-255,5738,178902,20,206274
11017,0.029112,172.31.36.0-255,66,178968,20,206274
11018,0.031524,74.125.24.0-255,5738,184706,20,206274
11019,0.031532,172.31.36.0-255,66,184772,20,206274
11020,0.033984,74.125.24.0-255,5738,190510,20,206274
11021,0.033994,172.31.36.0-255,66,190576,20,206274
11022,0.036401,74.125.24.0-255,5738,196314,20,206274
11023,0.036408,172.31.36.0-255,66,196380,20,206274
11024,0.038849,74.125.24.0-255,5738,202118,20,206274
11025,0.038855,172.31.36.0-255,66,202184,20,206274
11026,0.039221,172.31.36.0-255,172,202356,20,206274
11027,0.039266,172.31.36.0-255,1111,203467,20,206274
11028,0.039433,172.31.36.0-255,1514,204981,20,206274
11029,0.039435,172.31.36.0-255,1293,206274,20,206274
11030,0.0,74.125.24.0-255,153,153,20,238145
11031,2.8e-05,74.125.24.0-255,1484,1637,20,238145
11032,3.6e-05,172.31.36.0-255,66,1703,20,238145
11033,4.2e-05,74.125.24.0-255,2902,4605,20,238145
11034,5.8e-05,74.125.24.0-255,1484,6089,20,238145
11035,7.3e-05,74.125.24.0-255,4320,10409,20,238145
11036,8.3e-05,172.31.36.0-255,66,10475,20,238145
11037,0.000118,74.125.24.0-255,2038,12513,20,238145
11038,0.000123,74.125.24.0-255,4320,16833,20,238145
11039,0.000168,74.125.24.0-255,2902,19735,20,238145
11040,0.000183,74.125.24.0-255,2543,22278,20,238145
11041,0.000244,74.125.24.0-255,1484,23762,20,238145
11042,0.000294,74.125.24.0-255,2902,26664,20,238145
11043,0.000301,74.125.24.0-255,5738,32402,20,238145
11044,0.000307,74.125.24.0-255,5738,38140,20,238145
11045,0.000324,74.125.24.0-255,7156,45296,20,238145
11046,0.000331,74.125.24.0-255,5738,51034,20,238145
11047,0.000377,74.125.24.0-255,5020,56054,20,238145
11048,0.000415,172.31.36.0-255,66,56120,20,238145
11049,0.000791,74.125.24.0-255,358,56478,20,238145
11050,0.000796,74.125.24.0-255,384,56862,20,238145
11051,0.000962,172.31.36.0-255,66,56928,20,238145
11052,0.001024,74.125.24.0-255,1484,58412,20,238145
11053,0.00103,74.125.24.0-255,1484,59896,20,238145
11054,0.001045,74.125.24.0-255,1484,61380,20,238145
11055,0.001065,74.125.24.0-255,4320,65700,20,238145
11056,0.001079,74.125.24.0-255,1484,67184,20,238145
11057,0.001084,74.125.24.0-255,4320,71504,20,238145
11058,0.001106,74.125.24.0-255,7156,78660,20,238145
11059,0.001127,74.125.24.0-255,5738,84398,20,238145
11060,0.001143,74.125.24.0-255,6438,90836,20,238145
11061,0.001258,74.125.24.0-255,1484,92320,20,238145
11062,0.001265,74.125.24.0-255,2902,95222,20,238145
11063,0.001281,74.125.24.0-255,4320,99542,20,238145
11064,0.001302,74.125.24.0-255,5738,105280,20,238145
11065,0.001338,74.125.24.0-255,5738,111018,20,238145
11066,0.001356,74.125.24.0-255,2184,113202,20,238145
11067,0.001385,74.125.24.0-255,5738,118940,20,238145
11068,0.001416,74.125.24.0-255,4320,123260,20,238145
11069,0.001418,74.125.24.0-255,1484,124744,20,238145
11070,0.001451,74.125.24.0-255,766,125510,20,238145
11071,0.001535,74.125.24.0-255,1484,126994,20,238145
11072,0.001541,74.125.24.0-255,2902,129896,20,238145
11073,0.001554,74.125.24.0-255,2902,132798,20,238145
11074,0.001566,74.125.24.0-255,2902,135700,20,238145
11075,0.001569,74.125.24.0-255,1484,137184,20,238145
11076,0.001611,74.125.24.0-255,1484,138668,20,238145
11077,0.001619,74.125.24.0-255,7156,145824,20,238145
11078,0.001632,74.125.24.0-255,1484,147308,20,238145
11079,0.001645,74.125.24.0-255,2184,149492,20,238145
11080,0.001733,74.125.24.0-255,1484,150976,20,238145
11081,0.001745,74.125.24.0-255,2902,153878,20,238145
11082,0.001767,74.125.24.0-255,5738,159616,20,238145
11083,0.001805,74.125.24.0-255,2902,162518,20,238145
11084,0.00186,74.125.24.0-255,7156,169674,20,238145
11085,0.001905,74.125.24.0-255,1484,171158,20,238145
11086,0.001956,74.125.24.0-255,5020,176178,20,238145
11087,0.001959,74.125.24.0-255,2902,179080,20,238145
11088,0.002004,74.125.24.0-255,1484,180564,20,238145
11089,0.002039,74.125.24.0-255,2902,183466,20,238145
11090,0.002045,74.125.24.0-255,7156,190622,20,238145
11091,0.002068,74.125.24.0-255,7156,197778,20,238145
11092,0.002108,74.125.24.0-255,2902,200680,20,238145
11093,0.002148,74.125.24.0-255,1484,202164,20,238145
11094,0.002172,74.125.24.0-255,3602,205766,20,238145
11095,0.002683,74.125.24.0-255,1484,207250,20,238145
11096,0.002688,74.125.24.0-255,2902,210152,20,238145
11097,0.002708,74.125.24.0-255,5738,215890,20,238145
11098,0.002729,74.125.24.0-255,7156,223046,20,238145
11099,0.002769,74.125.24.0-255,2184,225230,20,238145
11100,0.003066,74.125.24.0-255,1484,226714,20,238145
11101,0.003107,74.125.24.0-255,1085,227799,20,238145
11102,0.003153,74.125.24.0-255,105,227904,20,238145
11103,0.00465,172.31.36.0-255,66,227970,20,238145
11104,0.007256,172.31.36.0-255,105,228075,20,238145
11105,0.009771,74.125.24.0-255,66,228141,20,238145
11106,0.035078,172.31.36.0-255,167,228308,20,238145
11107,0.03511,172.31.36.0-255,1110,229418,20,238145
11108,0.03515,172.31.36.0-255,1514,230932,20,238145
11109,0.035151,172.31.36.0-255,1514,232446,20,238145
11110,0.035157,172.31.36.0-255,1514,233960,20,238145
11111,0.035159,172.31.36.0-255,1514,235474,20,238145
11112,0.035178,172.31.36.0-255,1514,236988,20,238145
11113,0.03518,172.31.36.0-255,893,237881,20,238145
11114,0.036655,104.244.42.0-255,66,237947,20,238145
11115,0.036681,104.244.42.0-255,66,238013,20,238145
11116,0.036718,104.244.42.0-255,66,238079,20,238145
11117,0.036723,104.244.42.0-255,66,238145,20,238145
11118,0.0,172.217.194.0-255,153,153,20,125729
11119,2.4e-05,172.31.36.0-255,66,219,20,125729
11120,3.2e-05,172.217.194.0-255,1484,1703,20,125729
11121,3.6e-05,172.31.36.0-255,66,1769,20,125729
11122,4.9e-05,172.217.194.0-255,2902,4671,20,125729
11123,5.4e-05,172.31.36.0-255,66,4737,20,125729
11124,6.3e-05,172.217.194.0-255,7156,11893,20,125729
11125,6.6e-05,172.31.36.0-255,66,11959,20,125729
11126,7.1e-05,172.217.194.0-255,3466,15425,20,125729
11127,7.4e-05,172.31.36.0-255,66,15491,20,125729
11128,8.8e-05,172.31.36.0-255,66,15557,20,125729
11129,9.3e-05,172.217.194.0-255,2543,18100,20,125729
11130,9.6e-05,172.31.36.0-255,66,18166,20,125729
11131,0.000128,172.217.194.0-255,1484,19650,20,125729
11132,0.00013,172.31.36.0-255,66,19716,20,125729
11133,0.000136,172.217.194.0-255,2902,22618,20,125729
11134,0.000139,172.31.36.0-255,66,22684,20,125729
11135,0.000173,172.217.194.0-255,5738,28422,20,125729
11136,0.000176,172.31.36.0-255,66,28488,20,125729
11137,0.000181,172.217.194.0-255,2902,31390,20,125729
11138,0.000183,172.31.36.0-255,66,31456,20,125729
11139,0.000225,172.31.36.0-255,66,31522,20,125729
11140,0.000238,172.31.36.0-255,66,31588,20,125729
11141,0.00024,172.217.194.0-255,378,31966,20,125729
11142,0.000242,172.31.36.0-255,66,32032,20,125729
11143,0.000284,172.217.194.0-255,364,32396,20,125729
11144,0.000287,172.31.36.0-255,66,32462,20,125729
11145,0.000379,172.217.194.0-255,1484,33946,20,125729
11146,0.000384,172.31.36.0-255,66,34012,20,125729
11147,0.000389,172.217.194.0-255,2902,36914,20,125729
11148,0.000391,172.31.36.0-255,66,36980,20,125729
11149,0.000421,172.217.194.0-255,5738,42718,20,125729
11150,0.000424,172.31.36.0-255,66,42784,20,125729
11151,0.000429,172.217.194.0-255,4320,47104,20,125729
11152,0.000431,172.31.36.0-255,66,47170,20,125729
11153,0.000469,172.31.36.0-255,66,47236,20,125729
11154,0.000482,172.31.36.0-255,66,47302,20,125729
11155,0.00052,172.31.36.0-255,66,47368,20,125729
11156,0.000992,172.217.194.0-255,1484,48852,20,125729
11157,0.001002,172.217.194.0-255,2902,51754,20,125729
11158,0.001005,172.31.36.0-255,66,51820,20,125729
11159,0.001042,172.217.194.0-255,5738,57558,20,125729
11160,0.001045,172.31.36.0-255,66,57624,20,125729
11161,0.001064,172.31.36.0-255,66,57690,20,125729
11162,0.001075,172.31.36.0-255,66,57756,20,125729
11163,0.001104,172.217.194.0-255,2184,59940,20,125729
11164,0.001107,172.31.36.0-255,66,60006,20,125729
11165,0.001111,172.217.194.0-255,1484,61490,20,125729
11166,0.001116,172.217.194.0-255,2902,64392,20,125729
11167,0.001119,172.31.36.0-255,66,64458,20,125729
11168,0.00115,172.217.194.0-255,5738,70196,20,125729
11169,0.001154,172.31.36.0-255,66,70262,20,125729
11170,0.001161,172.217.194.0-255,7156,77418,20,125729
11171,0.001175,172.31.36.0-255,66,77484,20,125729
11172,0.001196,172.217.194.0-255,5738,83222,20,125729
11173,0.001232,172.31.36.0-255,66,83288,20,125729
11174,0.001292,172.217.194.0-255,1484,84772,20,125729
11175,0.001306,172.31.36.0-255,66,84838,20,125729
11176,0.001384,172.31.36.0-255,66,84904,20,125729
11177,0.001416,172.217.194.0-255,3602,88506,20,125729
11178,0.001431,172.217.194.0-255,7156,95662,20,125729
11179,0.001456,172.217.194.0-255,766,96428,20,125729
11180,0.001461,172.217.194.0-255,4320,100748,20,125729
11181,0.00147,172.31.36.0-255,66,100814,20,125729
11182,0.001535,172.217.194.0-255,7156,107970,20,125729
11183,0.001541,172.31.36.0-255,66,108036,20,125729
11184,0.00159,172.217.194.0-255,2902,110938,20,125729
11185,0.001605,172.217.194.0-255,7156,118094,20,125729
11186,0.001611,172.31.36.0-255,66,118160,20,125729
11187,0.001675,172.217.194.0-255,105,118265,20,125729
11188,0.001678,172.31.36.0-255,66,118331,20,125729
11189,0.00169,172.31.36.0-255,66,118397,20,125729
11190,0.004287,172.31.36.0-255,105,118502,20,125729
11191,0.006698,172.217.194.0-255,66,118568,20,125729
11192,0.037878,172.31.36.0-255,171,118739,20,125729
11193,0.037913,172.31.36.0-255,1135,119874,20,125729
11194,0.037984,172.31.36.0-255,1514,121388,20,125729
11195,0.037986,172.31.36.0-255,1514,122902,20,125729
11196,0.037987,172.31.36.0-255,1514,124416,20,125729
11197,0.037988,172.31.36.0-255,1049,125465,20,125729
11198,0.039428,104.244.42.0-255,66,125531,20,125729
11199,0.039475,104.244.42.0-255,66,125597,20,125729
11200,0.039535,104.244.42.0-255,66,125663,20,125729
11201,0.039539,104.244.42.0-255,66,125729,20,125729
11202,0.0,172.217.194.0-255,153,153,20,302527
11203,1.8e-05,172.217.194.0-255,1484,1637,20,302527
11204,2.6e-05,172.31.36.0-255,66,1703,20,302527
11205,3.4e-05,172.217.194.0-255,2902,4605,20,302527
11206,4e-05,172.217.194.0-255,4320,8925,20,302527
11207,6.8e-05,172.217.194.0-255,2902,11827,20,302527
11208,7.2e-05,172.217.194.0-255,2030,13857,20,302527
11209,0.000162,172.31.36.0-255,66,13923,20,302527
11210,0.000172,172.217.194.0-255,1484,15407,20,302527
11211,0.000188,172.217.194.0-255,2902,18309,20,302527
11212,0.000201,172.217.194.0-255,4320,22629,20,302527
11213,0.000211,172.217.194.0-255,1484,24113,20,302527
11214,0.000214,172.217.194.0-255,1484,25597,20,302527
11215,0.000232,172.217.194.0-255,7156,32753,20,302527
11216,0.00025,172.217.194.0-255,2543,35296,20,302527
11217,0.000296,172.217.194.0-255,7156,42452,20,302527
11218,0.000313,172.217.194.0-255,5738,48190,20,302527
11219,0.000336,172.217.194.0-255,6438,54628,20,302527
11220,0.000339,172.217.194.0-255,362,54990,20,302527
11221,0.000368,172.217.194.0-255,380,55370,20,302527
11222,0.000488,172.31.36.0-255,66,55436,20,302527
11223,0.000573,172.217.194.0-255,1484,56920,20,302527
11224,0.000589,172.217.194.0-255,2902,59822,20,302527
11225,0.000605,172.217.194.0-255,4320,64142,20,302527
11226,0.000622,172.31.36.0-255,66,64208,20,302527
11227,0.000625,172.217.194.0-255,1484,65692,20,302527
11228,0.000629,172.217.194.0-255,2902,68594,20,302527
11229,0.000634,172.217.194.0-255,2902,71496,20,302527
11230,0.00065,172.31.36.0-255,66,71562,20,302527
11231,0.000658,172.217.194.0-255,7156,78718,20,302527
11232,0.00068,172.217.194.0-255,7156,85874,20,302527
11233,0.000698,172.217.194.0-255,3602,89476,20,302527
11234,0.000707,172.31.36.0-255,66,89542,20,302527
11235,0.001005,172.217.194.0-255,1484,91026,20,302527
11236,0.00101,172.217.194.0-255,1484,92510,20,302527
11237,0.001025,172.217.194.0-255,1484,93994,20,302527
11238,0.001037,172.31.36.0-255,66,94060,20,302527
11239,0.001055,172.217.194.0-255,5738,99798,20,302527
11240,0.001086,172.31.36.0-255,66,99864,20,302527
11241,0.001114,172.31.36.0-255,66,99930,20,302527
11242,0.001124,172.217.194.0-255,4320,104250,20,302527
11243,0.001135,172.31.36.0-255,66,104316,20,302527
11244,0.001146,172.217.194.0-255,6438,110754,20,302527
11245,0.001166,172.31.36.0-255,66,110820,20,302527
11246,0.001283,172.217.194.0-255,1484,112304,20,302527
11247,0.001298,172.217.194.0-255,2902,115206,20,302527
11248,0.001312,172.217.194.0-255,2902,118108,20,302527
11249,0.001315,172.31.36.0-255,66,118174,20,302527
11250,0.001326,172.217.194.0-255,2902,121076,20,302527
11251,0.001335,172.217.194.0-255,4320,125396,20,302527
11252,0.001339,172.31.36.0-255,66,125462,20,302527
11253,0.001387,172.217.194.0-255,2902,128364,20,302527
11254,0.001394,172.217.194.0-255,7156,135520,20,302527
11255,0.001408,172.217.194.0-255,766,136286,20,302527
11256,0.001412,172.31.36.0-255,66,136352,20,302527
11257,0.003271,172.217.194.0-255,1484,137836,20,302527
11258,0.003283,172.217.194.0-255,2902,140738,20,302527
11259,0.003288,172.31.36.0-255,66,140804,20,302527
11260,0.003296,172.217.194.0-255,5738,146542,20,302527
11261,0.003301,172.217.194.0-255,2902,149444,20,302527
11262,0.003326,172.217.194.0-255,2902,152346,20,302527
11263,0.003341,172.217.194.0-255,7156,159502,20,302527
11264,0.003344,172.217.194.0-255,1484,160986,20,302527
11265,0.003347,172.217.194.0-255,1484,162470,20,302527
11266,0.003361,172.217.194.0-255,4320,166790,20,302527
11267,0.003409,172.217.194.0-255,3602,170392,20,302527
11268,0.003702,172.217.194.0-255,1484,171876,20,302527
11269,0.003714,172.217.194.0-255,2902,174778,20,302527
11270,0.003738,172.217.194.0-255,5738,180516,20,302527
11271,0.003797,172.217.194.0-255,4320,184836,20,302527
11272,0.003811,172.217.194.0-255,4320,189156,20,302527
11273,0.003823,172.217.194.0-255,4320,193476,20,302527
11274,0.00384,172.217.194.0-255,5020,198496,20,302527
11275,0.003846,172.217.194.0-255,5738,204234,20,302527
11276,0.003868,172.217.194.0-255,7156,211390,20,302527
11277,0.003888,172.217.194.0-255,5738,217128,20,302527
11278,0.004112,172.217.194.0-255,1484,218612,20,302527
11279,0.004142,172.217.194.0-255,2902,221514,20,302527
11280,0.004162,172.217.194.0-255,4320,225834,20,302527
11281,0.004179,172.217.194.0-255,1484,227318,20,302527
11282,0.004184,172.217.194.0-255,4320,231638,20,302527
11283,0.004197,172.217.194.0-255,1484,233122,20,302527
11284,0.004217,172.217.194.0-255,4320,237442,20,302527
11285,0.004251,172.217.194.0-255,5020,242462,20,302527
11286,0.005256,172.217.194.0-255,1484,243946,20,302527
11287,0.005272,172.217.194.0-255,2902,246848,20,302527
11288,0.005298,172.217.194.0-255,1484,248332,20,302527
11289,0.005315,172.217.194.0-255,4320,252652,20,302527
11290,0.005333,172.217.194.0-255,1484,254136,20,302527
11291,0.005352,172.217.194.0-255,1484,255620,20,302527
11292,0.005382,172.217.194.0-255,2184,257804,20,302527
11293,0.005398,172.217.194.0-255,2902,260706,20,302527
11294,0.005414,172.217.194.0-255,1484,262190,20,302527
11295,0.005428,172.217.194.0-255,5738,267928,20,302527
11296,0.005494,172.217.194.0-255,2902,270830,20,302527
11297,0.005585,172.217.194.0-255,1484,272314,20,302527
11298,0.005598,172.217.194.0-255,2902,275216,20,302527
11299,0.005625,172.217.194.0-255,5738,280954,20,302527
11300,0.005717,172.217.194.0-255,4320,285274,20,302527
11301,0.005739,172.217.194.0-255,6438,291712,20,302527
11302,0.005764,172.217.194.0-255,1495,293207,20,302527
11303,0.005825,172.217.194.0-255,105,293312,20,302527
11304,0.007218,172.31.36.0-255,66,293378,20,302527
11305,0.009072,172.31.36.0-255,105,293483,20,302527
11306,0.011332,172.217.194.0-255,66,293549,20,302527
11307,0.031701,172.31.36.0-255,172,293721,20,302527
11308,0.031737,172.31.36.0-255,1110,294831,20,302527
11309,0.031801,172.31.36.0-255,1514,296345,20,302527
11310,0.031803,172.31.36.0-255,1514,297859,20,302527
11311,0.031809,172.31.36.0-255,1514,299373,20,302527
11312,0.03181,172.31.36.0-255,1514,300887,20,302527
11313,0.031827,172.31.36.0-255,1376,302263,20,302527
11314,0.03329,104.244.42.0-255,66,302329,20,302527
11315,0.033328,104.244.42.0-255,66,302395,20,302527
11316,0.033377,104.244.42.0-255,66,302461,20,302527
11317,0.033398,104.244.42.0-255,66,302527,20,302527
11318,0.0,74.125.24.0-255,153,153,20,306119
11319,3.4e-05,172.31.36.0-255,66,219,20,306119
11320,4.2e-05,74.125.24.0-255,1484,1703,20,306119
11321,4.6e-05,172.31.36.0-255,66,1769,20,306119
11322,5.1e-05,74.125.24.0-255,2902,4671,20,306119
11323,5.4e-05,172.31.36.0-255,66,4737,20,306119
11324,5.6e-05,74.125.24.0-255,1484,6221,20,306119
11325,5.9e-05,172.31.36.0-255,66,6287,20,306119
11326,8.7e-05,74.125.24.0-255,5738,12025,20,306119
11327,9.1e-05,74.125.24.0-255,2019,14044,20,306119
11328,9.2e-05,172.31.36.0-255,66,14110,20,306119
11329,9.6e-05,172.31.36.0-255,66,14176,20,306119
11330,0.000102,74.125.24.0-255,1484,15660,20,306119
11331,0.000105,172.31.36.0-255,66,15726,20,306119
11332,0.000125,74.125.24.0-255,2902,18628,20,306119
11333,0.000127,172.31.36.0-255,66,18694,20,306119
11334,0.000134,74.125.24.0-255,5738,24432,20,306119
11335,0.000136,172.31.36.0-255,66,24498,20,306119
11336,0.000171,74.125.24.0-255,4320,28818,20,306119
11337,0.000174,172.31.36.0-255,66,28884,20,306119
11338,0.000193,74.125.24.0-255,2543,31427,20,306119
11339,0.000196,172.31.36.0-255,66,31493,20,306119
11340,0.000391,74.125.24.0-255,1484,32977,20,306119
11341,0.000395,172.31.36.0-255,66,33043,20,306119
11342,0.000401,74.125.24.0-255,2902,35945,20,306119
11343,0.000404,172.31.36.0-255,66,36011,20,306119
11344,0.000411,74.125.24.0-255,5738,41749,20,306119
11345,0.000413,172.31.36.0-255,66,41815,20,306119
11346,0.000416,74.125.24.0-255,1484,43299,20,306119
11347,0.000418,172.31.36.0-255,66,43365,20,306119
11348,0.000448,74.125.24.0-255,5379,48744,20,306119
11349,0.000451,172.31.36.0-255,66,48810,20,306119
11350,0.000498,172.31.36.0-255,66,48876,20,306119
11351,0.000516,74.125.24.0-255,2902,51778,20,306119
11352,0.000519,172.31.36.0-255,66,51844,20,306119
11353,0.000531,74.125.24.0-255,2853,54697,20,306119
11354,0.000534,172.31.36.0-255,66,54763,20,306119
11355,0.000537,74.125.24.0-255,109,54872,20,306119
11356,0.000641,74.125.24.0-255,1484,56356,20,306119
11357,0.000645,172.31.36.0-255,66,56422,20,306119
11358,0.000663,74.125.24.0-255,2902,59324,20,306119
11359,0.000666,172.31.36.0-255,66,59390,20,306119
11360,0.00067,74.125.24.0-255,2902,62292,20,306119
11361,0.000672,172.31.36.0-255,66,62358,20,306119
11362,0.000688,74.125.24.0-255,2902,65260,20,306119
11363,0.000691,172.31.36.0-255,66,65326,20,306119
11364,0.000707,74.125.24.0-255,4320,69646,20,306119
11365,0.00071,172.31.36.0-255,66,69712,20,306119
11366,0.000772,74.125.24.0-255,2809,72521,20,306119
11367,0.000775,172.31.36.0-255,66,72587,20,306119
11368,0.000857,74.125.24.0-255,1484,74071,20,306119
11369,0.000874,74.125.24.0-255,2902,76973,20,306119
11370,0.000878,172.31.36.0-255,66,77039,20,306119
11371,0.000882,74.125.24.0-255,1484,78523,20,306119
11372,0.000901,74.125.24.0-255,4320,82843,20,306119
11373,0.000904,172.31.36.0-255,66,82909,20,306119
11374,0.000943,74.125.24.0-255,5738,88647,20,306119
11375,0.000947,172.31.36.0-255,66,88713,20,306119
11376,0.000964,74.125.24.0-255,7156,95869,20,306119
11377,0.000968,172.31.36.0-255,66,95935,20,306119
11378,0.000973,74.125.24.0-255,5738,101673,20,306119
11379,0.000975,172.31.36.0-255,66,101739,20,306119
11380,0.000981,74.125.24.0-255,4320,106059,20,306119
11381,0.000983,172.31.36.0-255,66,106125,20,306119
11382,0.000998,74.125.24.0-255,218,106343,20,306119
11383,0.001039,74.125.24.0-255,1484,107827,20,306119
11384,0.001044,172.31.36.0-255,66,107893,20,306119
11385,0.001055,74.125.24.0-255,2902,110795,20,306119
11386,0.001058,172.31.36.0-255,66,110861,20,306119
11387,0.001086,74.125.24.0-255,5738,116599,20,306119
11388,0.001089,172.31.36.0-255,66,116665,20,306119
11389,0.001104,74.125.24.0-255,2902,119567,20,306119
11390,0.001107,172.31.36.0-255,66,119633,20,306119
11391,0.001133,74.125.24.0-255,2902,122535,20,306119
11392,0.001137,172.31.36.0-255,66,122601,20,306119
11393,0.00115,172.31.36.0-255,66,122667,20,306119
11394,0.001155,74.125.24.0-255,5020,127687,20,306119
11395,0.001158,172.31.36.0-255,66,127753,20,306119
11396,0.001203,74.125.24.0-255,1484,129237,20,306119
11397,0.001216,74.125.24.0-255,2902,132139,20,306119
11398,0.00122,172.31.36.0-255,66,132205,20,306119
11399,0.001224,74.125.24.0-255,1484,133689,20,306119
11400,0.001237,74.125.24.0-255,1484,135173,20,306119
11401,0.00124,172.31.36.0-255,66,135239,20,306119
11402,0.001246,74.125.24.0-255,4320,139559,20,306119
11403,0.001248,172.31.36.0-255,66,139625,20,306119
11404,0.001282,172.31.36.0-255,66,139691,20,306119
11405,0.00129,74.125.24.0-255,7156,146847,20,306119
11406,0.0013,74.125.24.0-255,1484,148331,20,306119
11407,0.00131,172.31.36.0-255,66,148397,20,306119
11408,0.001338,74.125.24.0-255,5020,153417,20,306119
11409,0.001341,172.31.36.0-255,66,153483,20,306119
11410,0.001435,74.125.24.0-255,1484,154967,20,306119
11411,0.00146,74.125.24.0-255,2902,157869,20,306119
11412,0.001464,172.31.36.0-255,66,157935,20,306119
11413,0.001487,74.125.24.0-255,5738,163673,20,306119
11414,0.001489,172.31.36.0-255,66,163739,20,306119
11415,0.001494,74.125.24.0-255,2902,166641,20,306119
11416,0.001496,172.31.36.0-255,66,166707,20,306119
11417,0.001517,74.125.24.0-255,1484,168191,20,306119
11418,0.001552,172.31.36.0-255,66,168257,20,306119
11419,0.001558,74.125.24.0-255,5738,173995,20,306119
11420,0.001562,172.31.36.0-255,66,174061,20,306119
11421,0.001594,74.125.24.0-255,5020,179081,20,306119
11422,0.001599,172.31.36.0-255,66,179147,20,306119
11423,0.001741,74.125.24.0-255,1484,180631,20,306119
11424,0.001765,74.125.24.0-255,2902,183533,20,306119
11425,0.001769,172.31.36.0-255,66,183599,20,306119
11426,0.001774,74.125.24.0-255,4320,187919,20,306119
11427,0.00178,172.31.36.0-255,66,187985,20,306119
11428,0.001787,74.125.24.0-255,1484,189469,20,306119
11429,0.001793,74.125.24.0-255,4320,193789,20,306119
11430,0.001796,172.31.36.0-255,66,193855,20,306119
11431,0.001811,74.125.24.0-255,2902,196757,20,306119
11432,0.001814,172.31.36.0-255,66,196823,20,306119
11433,0.001845,172.31.36.0-255,66,196889,20,306119
11434,0.001871,74.125.24.0-255,1484,198373,20,306119
11435,0.001876,74.125.24.0-255,2184,200557,20,306119
11436,0.001879,172.31.36.0-255,66,200623,20,306119
11437,0.003927,74.125.24.0-255,4320,204943,20,306119
11438,0.003933,172.31.36.0-255,66,205009,20,306119
11439,0.003951,74.125.24.0-255,1484,206493,20,306119
11440,0.006,74.125.24.0-255,4320,210813,20,306119
11441,0.006002,172.31.36.0-255,66,210879,20,306119
11442,0.008059,74.125.24.0-255,5738,216617,20,306119
11443,0.008065,172.31.36.0-255,66,216683,20,306119
11444,0.010146,74.125.24.0-255,5738,222421,20,306119
11445,0.010155,172.31.36.0-255,66,222487,20,306119
11446,0.012211,74.125.24.0-255,5738,228225,20,306119
11447,0.012221,172.31.36.0-255,66,228291,20,306119
11448,0.014543,74.125.24.0-255,5738,234029,20,306119
11449,0.014551,172.31.36.0-255,66,234095,20,306119
11450,0.016656,74.125.24.0-255,2902,236997,20,306119
11451,0.016664,172.31.36.0-255,66,237063,20,306119
11452,0.016696,74.125.24.0-255,2902,239965,20,306119
11453,0.016698,172.31.36.0-255,66,240031,20,306119
11454,0.018729,74.125.24.0-255,2902,242933,20,306119
11455,0.018737,172.31.36.0-255,66,242999,20,306119
11456,0.018774,74.125.24.0-255,2902,245901,20,306119
11457,0.018777,172.31.36.0-255,66,245967,20,306119
11458,0.020811,74.125.24.0-255,2902,248869,20,306119
11459,0.020818,172.31.36.0-255,66,248935,20,306119
11460,0.02084,74.125.24.0-255,2902,251837,20,306119
11461,0.020843,172.31.36.0-255,66,251903,20,306119
11462,0.022868,74.125.24.0-255,2902,254805,20,306119
11463,0.022876,172.31.36.0-255,66,254871,20,306119
11464,0.022905,74.125.24.0-255,2902,257773,20,306119
11465,0.022908,172.31.36.0-255,66,257839,20,306119
11466,0.024932,74.125.24.0-255,2902,260741,20,306119
11467,0.024939,172.31.36.0-255,66,260807,20,306119
11468,0.024972,74.125.24.0-255,2902,263709,20,306119
11469,0.024975,172.31.36.0-255,66,263775,20,306119
11470,0.027016,74.125.24.0-255,2902,266677,20,306119
11471,0.027021,172.31.36.0-255,66,266743,20,306119
11472,0.027037,74.125.24.0-255,2902,269645,20,306119
11473,0.027041,172.31.36.0-255,66,269711,20,306119
11474,0.029107,74.125.24.0-255,4320,274031,20,306119
11475,0.029115,172.31.36.0-255,66,274097,20,306119
11476,0.029147,74.125.24.0-255,1484,275581,20,306119
11477,0.031185,74.125.24.0-255,4320,279901,20,306119
11478,0.031192,172.31.36.0-255,66,279967,20,306119
11479,0.033251,74.125.24.0-255,5738,285705,20,306119
11480,0.033257,172.31.36.0-255,66,285771,20,306119
11481,0.033816,172.31.36.0-255,172,285943,20,306119
11482,0.033843,172.31.36.0-255,1107,287050,20,306119
11483,0.033886,172.31.36.0-255,1514,288564,20,306119
11484,0.033888,172.31.36.0-255,1297,289861,20,306119
11485,0.035322,74.125.24.0-255,5738,295599,20,306119
11486,0.035328,172.31.36.0-255,66,295665,20,306119
11487,0.035399,104.244.42.0-255,66,295731,20,306119
11488,0.035406,104.244.42.0-255,66,295797,20,306119
11489,0.035534,104.244.42.0-255,66,295863,20,306119
11490,0.037412,74.125.24.0-255,4320,300183,20,306119
11491,0.037417,172.31.36.0-255,66,300249,20,306119
11492,0.037453,74.125.24.0-255,1484,301733,20,306119
11493,0.039536,74.125.24.0-255,4320,306053,20,306119
11494,0.039541,172.31.36.0-255,66,306119,20,306119
11495,0.0,172.31.36.0-255,105,105,20,276
11496,0.002242,157.240.13.0-255,105,210,20,276
11497,0.002256,172.31.36.0-255,66,276,20,276
11498,0.0,172.217.194.0-255,153,153,20,131631
11499,2.2e-05,172.31.36.0-255,66,219,20,131631
11500,2.9e-05,172.217.194.0-255,1484,1703,20,131631
11501,3.4e-05,172.31.36.0-255,66,1769,20,131631
11502,3.9e-05,172.217.194.0-255,2902,4671,20,131631
11503,5.4e-05,172.31.36.0-255,66,4737,20,131631
11504,6.3e-05,172.217.194.0-255,5738,10475,20,131631
11505,6.6e-05,172.31.36.0-255,66,10541,20,131631
11506,9.6e-05,172.217.194.0-255,3455,13996,20,131631
11507,9.9e-05,172.31.36.0-255,66,14062,20,131631
11508,0.000103,172.217.194.0-255,1484,15546,20,131631
11509,0.00012,172.31.36.0-255,66,15612,20,131631
11510,0.000147,172.217.194.0-255,2902,18514,20,131631
11511,0.000152,172.31.36.0-255,66,18580,20,131631
11512,0.000164,172.31.36.0-255,66,18646,20,131631
11513,0.000195,172.217.194.0-255,3961,22607,20,131631
11514,0.000203,172.31.36.0-255,66,22673,20,131631
11515,0.000324,172.217.194.0-255,1484,24157,20,131631
11516,0.00033,172.31.36.0-255,66,24223,20,131631
11517,0.000335,172.217.194.0-255,2902,27125,20,131631
11518,0.000338,172.31.36.0-255,66,27191,20,131631
11519,0.000389,172.217.194.0-255,1484,28675,20,131631
11520,0.000393,172.31.36.0-255,66,28741,20,131631
11521,0.000412,172.217.194.0-255,2902,31643,20,131631
11522,0.000416,172.31.36.0-255,66,31709,20,131631
11523,0.000449,172.217.194.0-255,1484,33193,20,131631
11524,0.000452,172.31.36.0-255,66,33259,20,131631
11525,0.000458,172.217.194.0-255,4320,37579,20,131631
11526,0.00046,172.31.36.0-255,66,37645,20,131631
11527,0.000479,172.31.36.0-255,66,37711,20,131631
11528,0.000525,172.31.36.0-255,66,37777,20,131631
11529,0.002951,172.217.194.0-255,5738,43515,20,131631
11530,0.00296,172.31.36.0-255,66,43581,20,131631
11531,0.005381,172.217.194.0-255,2902,46483,20,131631
11532,0.005387,172.31.36.0-255,66,46549,20,131631
11533,0.005425,172.217.194.0-255,2902,49451,20,131631
11534,0.005428,172.31.36.0-255,66,49517,20,131631
11535,0.007826,172.217.194.0-255,2902,52419,20,131631
11536,0.007833,172.31.36.0-255,66,52485,20,131631
11537,0.007891,172.217.194.0-255,2902,55387,20,131631
11538,0.007895,172.31.36.0-255,66,55453,20,131631
11539,0.010291,172.217.194.0-255,2902,58355,20,131631
11540,0.010308,172.31.36.0-255,66,58421,20,131631
11541,0.010348,172.217.194.0-255,2902,61323,20,131631
11542,0.010352,172.31.36.0-255,66,61389,20,131631
11543,0.012771,172.217.194.0-255,2902,64291,20,131631
11544,0.012785,172.31.36.0-255,66,64357,20,131631
11545,0.012824,172.217.194.0-255,2902,67259,20,131631
11546,0.012829,172.31.36.0-255,66,67325,20,131631
11547,0.015231,172.217.194.0-255,2902,70227,20,131631
11548,0.015242,172.31.36.0-255,66,70293,20,131631
11549,0.015291,172.217.194.0-255,2902,73195,20,131631
11550,0.015294,172.31.36.0-255,66,73261,20,131631
11551,0.017686,172.217.194.0-255,2902,76163,20,131631
11552,0.017697,172.31.36.0-255,66,76229,20,131631
11553,0.017734,172.217.194.0-255,2902,79131,20,131631
11554,0.017738,172.31.36.0-255,66,79197,20,131631
11555,0.020129,172.217.194.0-255,2902,82099,20,131631
11556,0.020141,172.31.36.0-255,66,82165,20,131631
11557,0.020176,172.217.194.0-255,2902,85067,20,131631
11558,0.020178,172.31.36.0-255,66,85133,20,131631
11559,0.022623,172.217.194.0-255,5738,90871,20,131631
11560,0.022638,172.31.36.0-255,66,90937,20,131631
11561,0.025104,172.217.194.0-255,5738,96675,20,131631
11562,0.025113,172.31.36.0-255,66,96741,20,131631
11563,0.027552,172.217.194.0-255,5738,102479,20,131631
11564,0.027562,172.31.36.0-255,66,102545,20,131631
11565,0.030008,172.217.194.0-255,5738,108283,20,131631
11566,0.030016,172.31.36.0-255,66,108349,20,131631
11567,0.032455,172.217.194.0-255,1484,109833,20,131631
11568,0.032481,172.217.194.0-255,4320,114153,20,131631
11569,0.032487,172.31.36.0-255,66,114219,20,131631
11570,0.034977,172.217.194.0-255,5738,119957,20,131631
11571,0.034985,172.31.36.0-255,66,120023,20,131631
11572,0.037463,172.217.194.0-255,5738,125761,20,131631
11573,0.037474,172.31.36.0-255,66,125827,20,131631
11574,0.039955,172.217.194.0-255,5738,131565,20,131631
11575,0.039963,172.31.36.0-255,66,131631,20,131631
11576,0.0,216.58.221.0-255,146,146,20,229356
11577,1.4e-05,172.31.36.0-255,66,212,20,229356
11578,2.1e-05,216.58.221.0-255,1484,1696,20,229356
11579,2.5e-05,172.31.36.0-255,66,1762,20,229356
11580,3.2e-05,216.58.221.0-255,2902,4664,20,229356
11581,3.6e-05,172.31.36.0-255,66,4730,20,229356
11582,4e-05,216.58.221.0-255,2902,7632,20,229356
11583,4.3e-05,172.31.36.0-255,66,7698,20,229356
11584,4.9e-05,216.58.221.0-255,4320,12018,20,229356
11585,5.3e-05,172.31.36.0-255,66,12084,20,229356
11586,5.9e-05,216.58.221.0-255,4320,16404,20,229356
11587,6.1e-05,172.31.36.0-255,66,16470,20,229356
11588,0.0001,216.58.221.0-255,4892,21362,20,229356
11589,0.000103,172.31.36.0-255,66,21428,20,229356
11590,0.000115,172.31.36.0-255,66,21494,20,229356
11591,0.000229,216.58.221.0-255,1484,22978,20,229356
11592,0.000232,172.31.36.0-255,66,23044,20,229356
11593,0.000238,216.58.221.0-255,2902,25946,20,229356
11594,0.00024,172.31.36.0-255,66,26012,20,229356
11595,0.000247,216.58.221.0-255,5738,31750,20,229356
11596,0.000251,172.31.36.0-255,66,31816,20,229356
11597,0.000273,216.58.221.0-255,1484,33300,20,229356
11598,0.000275,172.31.36.0-255,66,33366,20,229356
11599,0.000293,216.58.221.0-255,5379,38745,20,229356
11600,0.000296,172.31.36.0-255,66,38811,20,229356
11601,0.000602,216.58.221.0-255,1484,40295,20,229356
11602,0.000607,172.31.36.0-255,66,40361,20,229356
11603,0.000613,216.58.221.0-255,2902,43263,20,229356
11604,0.000616,172.31.36.0-255,66,43329,20,229356
11605,0.000622,216.58.221.0-255,5738,49067,20,229356
11606,0.000625,172.31.36.0-255,66,49133,20,229356
11607,0.000631,216.58.221.0-255,5738,54871,20,229356
11608,0.000633,172.31.36.0-255,66,54937,20,229356
11609,0.000681,216.58.221.0-255,1416,56353,20,229356
11610,0.000685,172.31.36.0-255,66,56419,20,229356
11611,0.001034,216.58.221.0-255,132,56551,20,229356
11612,0.001038,172.31.36.0-255,66,56617,20,229356
11613,0.001153,216.58.221.0-255,1484,58101,20,229356
11614,0.001158,172.31.36.0-255,66,58167,20,229356
11615,0.001164,216.58.221.0-255,2902,61069,20,229356
11616,0.001166,172.31.36.0-255,66,61135,20,229356
11617,0.001171,216.58.221.0-255,4320,65455,20,229356
11618,0.001174,172.31.36.0-255,66,65521,20,229356
11619,0.001196,216.58.221.0-255,1484,67005,20,229356
11620,0.001205,216.58.221.0-255,6797,73802,20,229356
11621,0.001208,172.31.36.0-255,66,73868,20,229356
11622,0.00124,216.58.221.0-255,5738,79606,20,229356
11623,0.001243,172.31.36.0-255,66,79672,20,229356
11624,0.001249,216.58.221.0-255,4320,83992,20,229356
11625,0.001251,172.31.36.0-255,66,84058,20,229356
11626,0.001269,216.58.221.0-255,2902,86960,20,229356
11627,0.001271,172.31.36.0-255,66,87026,20,229356
11628,0.001289,216.58.221.0-255,3961,90987,20,229356
11629,0.001292,172.31.36.0-255,66,91053,20,229356
11630,0.001667,216.58.221.0-255,1484,92537,20,229356
11631,0.001675,216.58.221.0-255,2902,95439,20,229356
11632,0.001679,172.31.36.0-255,66,95505,20,229356
11633,0.001687,216.58.221.0-255,4320,99825,20,229356
11634,0.001689,172.31.36.0-255,66,99891,20,229356
11635,0.001718,216.58.221.0-255,1484,101375,20,229356
11636,0.001732,172.31.36.0-255,66,101441,20,229356
11637,0.001746,172.31.36.0-255,66,101507,20,229356
11638,0.001794,216.58.221.0-255,1484,102991,20,229356
11639,0.001799,216.58.221.0-255,2902,105893,20,229356
11640,0.001801,172.31.36.0-255,66,105959,20,229356
11641,0.001806,216.58.221.0-255,2902,108861,20,229356
11642,0.001808,172.31.36.0-255,66,108927,20,229356
11643,0.001813,216.58.221.0-255,4320,113247,20,229356
11644,0.001816,172.31.36.0-255,66,113313,20,229356
11645,0.00182,216.58.221.0-255,2902,116215,20,229356
11646,0.001822,172.31.36.0-255,66,116281,20,229356
11647,0.001842,216.58.221.0-255,5738,122019,20,229356
11648,0.001845,216.58.221.0-255,1484,123503,20,229356
11649,0.001858,216.58.221.0-255,2902,126405,20,229356
11650,0.006891,172.31.36.0-255,66,126471,20,229356
11651,0.008832,216.58.221.0-255,5738,132209,20,229356
11652,0.008839,172.31.36.0-255,66,132275,20,229356
11653,0.010771,216.58.221.0-255,5738,138013,20,229356
11654,0.010779,172.31.36.0-255,66,138079,20,229356
11655,0.012723,216.58.221.0-255,5738,143817,20,229356
11656,0.012731,172.31.36.0-255,66,143883,20,229356
11657,0.014663,216.58.221.0-255,5738,149621,20,229356
11658,0.01467,172.31.36.0-255,66,149687,20,229356
11659,0.016613,216.58.221.0-255,5738,155425,20,229356
11660,0.016619,172.31.36.0-255,66,155491,20,229356
11661,0.018554,216.58.221.0-255,5738,161229,20,229356
11662,0.018562,172.31.36.0-255,66,161295,20,229356
11663,0.020511,216.58.221.0-255,5738,167033,20,229356
11664,0.020519,172.31.36.0-255,66,167099,20,229356
11665,0.022455,216.58.221.0-255,5738,172837,20,229356
11666,0.022462,172.31.36.0-255,66,172903,20,229356
11667,0.024399,216.58.221.0-255,5738,178641,20,229356
11668,0.024406,172.31.36.0-255,66,178707,20,229356
11669,0.026347,216.58.221.0-255,5738,184445,20,229356
11670,0.026355,172.31.36.0-255,66,184511,20,229356
11671,0.0283,216.58.221.0-255,5738,190249,20,229356
11672,0.028308,172.31.36.0-255,66,190315,20,229356
11673,0.030255,216.58.221.0-255,5738,196053,20,229356
11674,0.030264,172.31.36.0-255,66,196119,20,229356
11675,0.032205,216.58.221.0-255,5738,201857,20,229356
11676,0.032213,172.31.36.0-255,66,201923,20,229356
11677,0.034153,216.58.221.0-255,5738,207661,20,229356
11678,0.03416,172.31.36.0-255,66,207727,20,229356
11679,0.035964,172.31.36.0-255,167,207894,20,229356
11680,0.035997,172.31.36.0-255,1107,209001,20,229356
11681,0.036064,172.31.36.0-255,1514,210515,20,229356
11682,0.036065,172.31.36.0-255,1297,211812,20,229356
11683,0.036105,216.58.221.0-255,5738,217550,20,229356
11684,0.03611,172.31.36.0-255,66,217616,20,229356
11685,0.037493,104.244.42.0-255,66,217682,20,229356
11686,0.037537,104.244.42.0-255,66,217748,20,229356
11687,0.037632,104.244.42.0-255,66,217814,20,229356
11688,0.038049,216.58.221.0-255,5738,223552,20,229356
11689,0.038055,172.31.36.0-255,66,223618,20,229356
11690,0.039997,216.58.221.0-255,5738,229356,20,229356
11691,0.0,172.217.194.0-255,298,298,20,190185
11692,1.4e-05,172.31.36.0-255,66,364,20,190185
11693,2.1e-05,172.217.194.0-255,1484,1848,20,190185
11694,2.6e-05,172.31.36.0-255,66,1914,20,190185
11695,3.4e-05,172.217.194.0-255,4320,6234,20,190185
11696,3.8e-05,172.31.36.0-255,66,6300,20,190185
11697,5.1e-05,172.31.36.0-255,66,6366,20,190185
11698,0.000954,172.217.194.0-255,1484,7850,20,190185
11699,0.000963,172.31.36.0-255,66,7916,20,190185
11700,0.000972,172.217.194.0-255,2902,10818,20,190185
11701,0.000975,172.31.36.0-255,66,10884,20,190185
11702,0.000982,172.217.194.0-255,5738,16622,20,190185
11703,0.000984,172.31.36.0-255,66,16688,20,190185
11704,0.000993,172.217.194.0-255,6797,23485,20,190185
11705,0.000995,172.31.36.0-255,66,23551,20,190185
11706,0.001011,172.31.36.0-255,66,23617,20,190185
11707,0.001025,172.31.36.0-255,66,23683,20,190185
11708,0.001073,172.31.36.0-255,66,23749,20,190185
11709,0.001084,172.217.194.0-255,708,24457,20,190185
11710,0.001086,172.31.36.0-255,66,24523,20,190185
11711,0.001348,172.217.194.0-255,1484,26007,20,190185
11712,0.001354,172.31.36.0-255,66,26073,20,190185
11713,0.001361,172.217.194.0-255,2902,28975,20,190185
11714,0.001362,172.31.36.0-255,66,29041,20,190185
11715,0.001369,172.217.194.0-255,5738,34779,20,190185
11716,0.001372,172.31.36.0-255,66,34845,20,190185
11717,0.001386,172.217.194.0-255,1484,36329,20,190185
11718,0.001388,172.31.36.0-255,66,36395,20,190185
11719,0.00141,172.31.36.0-255,66,36461,20,190185
11720,0.001438,172.217.194.0-255,2902,39363,20,190185
11721,0.001441,172.31.36.0-255,66,39429,20,190185
11722,0.001453,172.31.36.0-255,66,39495,20,190185
11723,0.001499,172.217.194.0-255,1484,40979,20,190185
11724,0.001506,172.217.194.0-255,2902,43881,20,190185
11725,0.001508,172.31.36.0-255,66,43947,20,190185
11726,0.001528,172.217.194.0-255,5738,49685,20,190185
11727,0.001532,172.31.36.0-255,66,49751,20,190185
11728,0.001535,172.217.194.0-255,1484,51235,20,190185
11729,0.001558,172.31.36.0-255,66,51301,20,190185
11730,0.001586,172.217.194.0-255,2902,54203,20,190185
11731,0.001589,172.31.36.0-255,66,54269,20,190185
11732,0.001602,172.31.36.0-255,66,54335,20,190185
11733,0.001642,172.217.194.0-255,1484,55819,20,190185
11734,0.001663,172.217.194.0-255,2902,58721,20,190185
11735,0.001666,172.31.36.0-255,66,58787,20,190185
11736,0.001674,172.217.194.0-255,5738,64525,20,190185
11737,0.001676,172.31.36.0-255,66,64591,20,190185
11738,0.001716,172.31.36.0-255,66,64657,20,190185
11739,0.001728,172.31.36.0-255,66,64723,20,190185
11740,0.001762,172.217.194.0-255,2902,67625,20,190185
11741,0.001765,172.31.36.0-255,66,67691,20,190185
11742,0.001793,172.31.36.0-255,66,67757,20,190185
11743,0.001806,172.31.36.0-255,66,67823,20,190185
11744,0.00183,172.217.194.0-255,4320,72143,20,190185
11745,0.001832,172.31.36.0-255,66,72209,20,190185
11746,0.00186,172.31.36.0-255,66,72275,20,190185
11747,0.001878,172.31.36.0-255,66,72341,20,190185
11748,0.001885,172.217.194.0-255,6438,78779,20,190185
11749,0.001887,172.31.36.0-255,66,78845,20,190185
11750,0.002159,172.217.194.0-255,1484,80329,20,190185
11751,0.002207,172.217.194.0-255,2902,83231,20,190185
11752,0.00221,172.31.36.0-255,66,83297,20,190185
11753,0.002258,172.217.194.0-255,4320,87617,20,190185
11754,0.002261,172.31.36.0-255,66,87683,20,190185
11755,0.002272,172.31.36.0-255,66,87749,20,190185
11756,0.002282,172.217.194.0-255,4320,92069,20,190185
11757,0.002284,172.31.36.0-255,66,92135,20,190185
11758,0.002297,172.217.194.0-255,1484,93619,20,190185
11759,0.002328,172.217.194.0-255,2902,96521,20,190185
11760,0.002331,172.31.36.0-255,66,96587,20,190185
11761,0.002348,172.217.194.0-255,5738,102325,20,190185
11762,0.002351,172.31.36.0-255,66,102391,20,190185
11763,0.00237,172.217.194.0-255,2184,104575,20,190185
11764,0.002372,172.31.36.0-255,66,104641,20,190185
11765,0.004928,172.217.194.0-255,5738,110379,20,190185
11766,0.004938,172.31.36.0-255,66,110445,20,190185
11767,0.007501,172.217.194.0-255,5738,116183,20,190185
11768,0.007507,172.31.36.0-255,66,116249,20,190185
11769,0.010072,172.217.194.0-255,5738,121987,20,190185
11770,0.010081,172.31.36.0-255,66,122053,20,190185
11771,0.012652,172.217.194.0-255,5738,127791,20,190185
11772,0.012662,172.31.36.0-255,66,127857,20,190185
11773,0.01525,172.217.194.0-255,5738,133595,20,190185
11774,0.015259,172.31.36.0-255,66,133661,20,190185
11775,0.017831,172.217.194.0-255,5738,139399,20,190185
11776,0.017839,172.31.36.0-255,66,139465,20,190185
11777,0.020391,172.217.194.0-255,5738,145203,20,190185
11778,0.0204,172.31.36.0-255,66,145269,20,190185
11779,0.022964,172.217.194.0-255,5738,151007,20,190185
11780,0.022972,172.31.36.0-255,66,151073,20,190185
11781,0.025532,172.217.194.0-255,5738,156811,20,190185
11782,0.025541,172.31.36.0-255,66,156877,20,190185
11783,0.028115,172.217.194.0-255,5738,162615,20,190185
11784,0.028121,172.31.36.0-255,66,162681,20,190185
11785,0.030683,172.217.194.0-255,5738,168419,20,190185
11786,0.03069,172.31.36.0-255,66,168485,20,190185
11787,0.031059,172.31.36.0-255,172,168657,20,190185
11788,0.031087,172.31.36.0-255,1107,169764,20,190185
11789,0.031144,172.31.36.0-255,1514,171278,20,190185
11790,0.031145,172.31.36.0-255,1297,172575,20,190185
11791,0.0326,104.244.42.0-255,66,172641,20,190185
11792,0.03266,104.244.42.0-255,66,172707,20,190185
11793,0.032705,104.244.42.0-255,66,172773,20,190185
11794,0.033249,172.217.194.0-255,5738,178511,20,190185
11795,0.033256,172.31.36.0-255,66,178577,20,190185
11796,0.035824,172.217.194.0-255,5738,184315,20,190185
11797,0.03583,172.31.36.0-255,66,184381,20,190185
11798,0.038395,172.217.194.0-255,5738,190119,20,190185
11799,0.038402,172.31.36.0-255,66,190185,20,190185
11800,0.0,74.125.24.0-255,152,152,20,193128
11801,3.3e-05,172.31.36.0-255,66,218,20,193128
11802,4e-05,74.125.24.0-255,1484,1702,20,193128
11803,4.4e-05,172.31.36.0-255,66,1768,20,193128
11804,4.9e-05,74.125.24.0-255,2902,4670,20,193128
11805,5.3e-05,172.31.36.0-255,66,4736,20,193128
11806,9.5e-05,74.125.24.0-255,2902,7638,20,193128
11807,9.8e-05,172.31.36.0-255,66,7704,20,193128
11808,0.000125,74.125.24.0-255,2902,10606,20,193128
11809,0.000129,172.31.36.0-255,66,10672,20,193128
11810,0.00015,74.125.24.0-255,3464,14136,20,193128
11811,0.000153,172.31.36.0-255,66,14202,20,193128
11812,0.000242,74.125.24.0-255,5738,19940,20,193128
11813,0.000247,172.31.36.0-255,66,20006,20,193128
11814,0.000257,74.125.24.0-255,1484,21490,20,193128
11815,0.00026,172.31.36.0-255,66,21556,20,193128
11816,0.000372,74.125.24.0-255,2902,24458,20,193128
11817,0.000376,172.31.36.0-255,66,24524,20,193128
11818,0.000424,74.125.24.0-255,5738,30262,20,193128
11819,0.000428,172.31.36.0-255,66,30328,20,193128
11820,0.000446,74.125.24.0-255,6797,37125,20,193128
11821,0.000449,172.31.36.0-255,66,37191,20,193128
11822,0.000646,74.125.24.0-255,2902,40093,20,193128
11823,0.00065,172.31.36.0-255,66,40159,20,193128
11824,0.000673,74.125.24.0-255,7156,47315,20,193128
11825,0.000676,172.31.36.0-255,66,47381,20,193128
11826,0.000819,74.125.24.0-255,1125,48506,20,193128
11827,0.000825,172.31.36.0-255,66,48572,20,193128
11828,0.000849,74.125.24.0-255,7156,55728,20,193128
11829,0.000854,172.31.36.0-255,66,55794,20,193128
11830,0.000978,74.125.24.0-255,4320,60114,20,193128
11831,0.000983,172.31.36.0-255,66,60180,20,193128
11832,0.001004,74.125.24.0-255,5379,65559,20,193128
11833,0.001008,172.31.36.0-255,66,65625,20,193128
11834,0.001163,74.125.24.0-255,5738,71363,20,193128
11835,0.001168,172.31.36.0-255,66,71429,20,193128
11836,0.001206,172.31.36.0-255,66,71495,20,193128
11837,0.00154,74.125.24.0-255,4320,75815,20,193128
11838,0.001545,172.31.36.0-255,66,75881,20,193128
11839,0.001569,74.125.24.0-255,5738,81619,20,193128
11840,0.001571,172.31.36.0-255,66,81685,20,193128
11841,0.001716,74.125.24.0-255,2543,84228,20,193128
11842,0.00172,172.31.36.0-255,66,84294,20,193128
11843,0.001762,74.125.24.0-255,2902,87196,20,193128
11844,0.001765,172.31.36.0-255,66,87262,20,193128
11845,0.001797,172.31.36.0-255,66,87328,20,193128
11846,0.001829,172.31.36.0-255,66,87394,20,193128
11847,0.002732,74.125.24.0-255,1484,88878,20,193128
11848,0.002755,74.125.24.0-255,2902,91780,20,193128
11849,0.002759,172.31.36.0-255,66,91846,20,193128
11850,0.002789,74.125.24.0-255,5738,97584,20,193128
11851,0.002791,172.31.36.0-255,66,97650,20,193128
11852,0.002901,172.31.36.0-255,66,97716,20,193128
11853,0.002921,74.125.24.0-255,4320,102036,20,193128
11854,0.002923,172.31.36.0-255,66,102102,20,193128
11855,0.003125,74.125.24.0-255,5738,107840,20,193128
11856,0.003129,172.31.36.0-255,66,107906,20,193128
11857,0.003154,74.125.24.0-255,5020,112926,20,193128
11858,0.003156,172.31.36.0-255,66,112992,20,193128
11859,0.005896,74.125.24.0-255,5738,118730,20,193128
11860,0.005901,172.31.36.0-255,66,118796,20,193128
11861,0.008616,74.125.24.0-255,5738,124534,20,193128
11862,0.008623,172.31.36.0-255,66,124600,20,193128
11863,0.011348,74.125.24.0-255,5738,130338,20,193128
11864,0.011356,172.31.36.0-255,66,130404,20,193128
11865,0.014064,74.125.24.0-255,5738,136142,20,193128
11866,0.014075,172.31.36.0-255,66,136208,20,193128
11867,0.016849,74.125.24.0-255,5738,141946,20,193128
11868,0.016859,172.31.36.0-255,66,142012,20,193128
11869,0.019597,74.125.24.0-255,5738,147750,20,193128
11870,0.019604,172.31.36.0-255,66,147816,20,193128
11871,0.022312,74.125.24.0-255,5738,153554,20,193128
11872,0.022319,172.31.36.0-255,66,153620,20,193128
11873,0.025064,74.125.24.0-255,5738,159358,20,193128
11874,0.025072,172.31.36.0-255,66,159424,20,193128
11875,0.026141,172.31.36.0-255,172,159596,20,193128
11876,0.026177,172.31.36.0-255,1111,160707,20,193128
11877,0.026237,172.31.36.0-255,1514,162221,20,193128
11878,0.026239,172.31.36.0-255,1293,163514,20,193128
11879,0.027766,104.244.42.0-255,66,163580,20,193128
11880,0.027793,74.125.24.0-255,2902,166482,20,193128
11881,0.027797,172.31.36.0-255,66,166548,20,193128
11882,0.027831,74.125.24.0-255,2902,169450,20,193128
11883,0.027835,172.31.36.0-255,66,169516,20,193128
11884,0.027859,104.244.42.0-255,66,169582,20,193128
11885,0.027909,104.244.42.0-255,66,169648,20,193128
11886,0.03052,74.125.24.0-255,5738,175386,20,193128
11887,0.030525,172.31.36.0-255,66,175452,20,193128
11888,0.033446,74.125.24.0-255,5738,181190,20,193128
11889,0.033451,172.31.36.0-255,66,181256,20,193128
11890,0.036184,74.125.24.0-255,2902,184158,20,193128
11891,0.03619,172.31.36.0-255,66,184224,20,193128
11892,0.036211,74.125.24.0-255,2902,187126,20,193128
11893,0.036214,172.31.36.0-255,66,187192,20,193128
11894,0.038893,74.125.24.0-255,2902,190094,20,193128
11895,0.038899,172.31.36.0-255,66,190160,20,193128
11896,0.038974,74.125.24.0-255,2902,193062,20,193128
11897,0.038978,172.31.36.0-255,66,193128,20,193128
11898,0.0,74.125.200.0-255,143,143,20,318835
11899,2.3e-05,172.31.36.0-255,66,209,20,318835
11900,3e-05,74.125.200.0-255,1484,1693,20,318835
11901,3.4e-05,172.31.36.0-255,66,1759,20,318835
11902,6.2e-05,74.125.200.0-255,2902,4661,20,318835
11903,6.6e-05,172.31.36.0-255,66,4727,20,318835
11904,7.2e-05,74.125.200.0-255,4320,9047,20,318835
11905,7.7e-05,172.31.36.0-255,66,9113,20,318835
11906,8.3e-05,74.125.200.0-255,4884,13997,20,318835
11907,8.7e-05,172.31.36.0-255,66,14063,20,318835
11908,0.000146,74.125.200.0-255,1484,15547,20,318835
11909,0.000149,172.31.36.0-255,66,15613,20,318835
11910,0.000178,74.125.200.0-255,2902,18515,20,318835
11911,0.00018,172.31.36.0-255,66,18581,20,318835
11912,0.000187,74.125.200.0-255,5738,24319,20,318835
11913,0.00019,172.31.36.0-255,66,24385,20,318835
11914,0.000222,74.125.200.0-255,6797,31182,20,318835
11915,0.000225,172.31.36.0-255,66,31248,20,318835
11916,0.000266,74.125.200.0-255,1484,32732,20,318835
11917,0.000268,172.31.36.0-255,66,32798,20,318835
11918,0.000273,74.125.200.0-255,2902,35700,20,318835
11919,0.000276,172.31.36.0-255,66,35766,20,318835
11920,0.000309,74.125.200.0-255,4320,40086,20,318835
11921,0.000312,172.31.36.0-255,66,40152,20,318835
11922,0.00034,74.125.200.0-255,5738,45890,20,318835
11923,0.000343,172.31.36.0-255,66,45956,20,318835
11924,0.000347,74.125.200.0-255,2543,48499,20,318835
11925,0.000349,172.31.36.0-255,66,48565,20,318835
11926,0.000417,74.125.200.0-255,1484,50049,20,318835
11927,0.000421,172.31.36.0-255,66,50115,20,318835
11928,0.000426,74.125.200.0-255,2902,53017,20,318835
11929,0.000428,172.31.36.0-255,66,53083,20,318835
11930,0.000431,74.125.200.0-255,1484,54567,20,318835
11931,0.000466,74.125.200.0-255,2902,57469,20,318835
11932,0.000469,172.31.36.0-255,66,57535,20,318835
11933,0.000475,74.125.200.0-255,5738,63273,20,318835
11934,0.000478,172.31.36.0-255,66,63339,20,318835
11935,0.000498,74.125.200.0-255,2543,65882,20,318835
11936,0.0005,172.31.36.0-255,66,65948,20,318835
11937,0.000565,74.125.200.0-255,645,66593,20,318835
11938,0.000772,74.125.200.0-255,1484,68077,20,318835
11939,0.000778,172.31.36.0-255,66,68143,20,318835
11940,0.000784,74.125.200.0-255,2902,71045,20,318835
11941,0.000787,172.31.36.0-255,66,71111,20,318835
11942,0.000805,74.125.200.0-255,1484,72595,20,318835
11943,0.000829,74.125.200.0-255,4320,76915,20,318835
11944,0.000832,172.31.36.0-255,66,76981,20,318835
11945,0.000834,74.125.200.0-255,1484,78465,20,318835
11946,0.000856,74.125.200.0-255,2902,81367,20,318835
11947,0.000859,172.31.36.0-255,66,81433,20,318835
11948,0.000885,74.125.200.0-255,2543,83976,20,318835
11949,0.000888,172.31.36.0-255,66,84042,20,318835
11950,0.000918,74.125.200.0-255,2902,86944,20,318835
11951,0.000921,172.31.36.0-255,66,87010,20,318835
11952,0.000928,74.125.200.0-255,4320,91330,20,318835
11953,0.00093,172.31.36.0-255,66,91396,20,318835
11954,0.000936,74.125.200.0-255,5738,97134,20,318835
11955,0.000938,172.31.36.0-255,66,97200,20,318835
11956,0.000978,74.125.200.0-255,3961,101161,20,318835
11957,0.000981,172.31.36.0-255,66,101227,20,318835
11958,0.001396,74.125.200.0-255,1484,102711,20,318835
11959,0.001404,74.125.200.0-255,2902,105613,20,318835
11960,0.001409,172.31.36.0-255,66,105679,20,318835
11961,0.001443,74.125.200.0-255,5738,111417,20,318835
11962,0.001446,172.31.36.0-255,66,111483,20,318835
11963,0.00145,74.125.200.0-255,1484,112967,20,318835
11964,0.001469,74.125.200.0-255,5738,118705,20,318835
11965,0.001472,172.31.36.0-255,66,118771,20,318835
11966,0.001475,74.125.200.0-255,1484,120255,20,318835
11967,0.001505,74.125.200.0-255,4320,124575,20,318835
11968,0.001507,172.31.36.0-255,66,124641,20,318835
11969,0.001513,74.125.200.0-255,4320,128961,20,318835
11970,0.001516,172.31.36.0-255,66,129027,20,318835
11971,0.001537,74.125.200.0-255,2902,131929,20,318835
11972,0.00154,172.31.36.0-255,66,131995,20,318835
11973,0.00155,74.125.200.0-255,3602,135597,20,318835
11974,0.001552,172.31.36.0-255,66,135663,20,318835
11975,0.00159,74.125.200.0-255,1484,137147,20,318835
11976,0.001603,74.125.200.0-255,2902,140049,20,318835
11977,0.001606,172.31.36.0-255,66,140115,20,318835
11978,0.001633,74.125.200.0-255,5738,145853,20,318835
11979,0.001635,172.31.36.0-255,66,145919,20,318835
11980,0.001641,74.125.200.0-255,4320,150239,20,318835
11981,0.001643,172.31.36.0-255,66,150305,20,318835
11982,0.001654,74.125.200.0-255,5738,156043,20,318835
11983,0.001657,172.31.36.0-255,66,156109,20,318835
11984,0.001731,172.31.36.0-255,66,156175,20,318835
11985,0.001735,74.125.200.0-255,2184,158359,20,318835
11986,0.001737,172.31.36.0-255,66,158425,20,318835
11987,0.001758,172.31.36.0-255,66,158491,20,318835
11988,0.001764,74.125.200.0-255,5738,164229,20,318835
11989,0.001767,172.31.36.0-255,66,164295,20,318835
11990,0.001799,74.125.200.0-255,5738,170033,20,318835
11991,0.001802,172.31.36.0-255,66,170099,20,318835
11992,0.001823,74.125.200.0-255,6438,176537,20,318835
11993,0.001826,172.31.36.0-255,66,176603,20,318835
11994,0.001855,74.125.200.0-255,7156,183759,20,318835
11995,0.001858,172.31.36.0-255,66,183825,20,318835
11996,0.001861,74.125.200.0-255,1484,185309,20,318835
11997,0.001889,74.125.200.0-255,7156,192465,20,318835
11998,0.001892,172.31.36.0-255,66,192531,20,318835
11999,0.001898,74.125.200.0-255,5738,198269,20,318835
12000,0.0019,172.31.36.0-255,66,198335,20,318835
12001,0.00192,74.125.200.0-255,2902,201237,20,318835
12002,0.001923,172.31.36.0-255,66,201303,20,318835
12003,0.001939,172.31.36.0-255,66,201369,20,318835
12004,0.003902,74.125.200.0-255,5738,207107,20,318835
12005,0.00391,172.31.36.0-255,66,207173,20,318835
12006,0.005904,74.125.200.0-255,5738,212911,20,318835
12007,0.005912,172.31.36.0-255,66,212977,20,318835
12008,0.007897,74.125.200.0-255,5738,218715,20,318835
12009,0.007904,172.31.36.0-255,66,218781,20,318835
12010,0.009914,74.125.200.0-255,5738,224519,20,318835
12011,0.009922,172.31.36.0-255,66,224585,20,318835
12012,0.011906,74.125.200.0-255,5738,230323,20,318835
12013,0.011913,172.31.36.0-255,66,230389,20,318835
12014,0.013894,74.125.200.0-255,5738,236127,20,318835
12015,0.013901,172.31.36.0-255,66,236193,20,318835
12016,0.01588,74.125.200.0-255,5738,241931,20,318835
12017,0.015889,172.31.36.0-255,66,241997,20,318835
12018,0.017881,74.125.200.0-255,5738,247735,20,318835
12019,0.017888,172.31.36.0-255,66,247801,20,318835
12020,0.019865,74.125.200.0-255,5738,253539,20,318835
12021,0.019873,172.31.36.0-255,66,253605,20,318835
12022,0.021879,74.125.200.0-255,5738,259343,20,318835
12023,0.021887,172.31.36.0-255,66,259409,20,318835
12024,0.023866,74.125.200.0-255,5738,265147,20,318835
12025,0.023873,172.31.36.0-255,66,265213,20,318835
12026,0.025849,74.125.200.0-255,5738,270951,20,318835
12027,0.025857,172.31.36.0-255,66,271017,20,318835
12028,0.027334,172.31.36.0-255,200,271217,20,318835
12029,0.027362,172.31.36.0-255,1107,272324,20,318835
12030,0.027424,172.31.36.0-255,1514,273838,20,318835
12031,0.027426,172.31.36.0-255,1514,275352,20,318835
12032,0.027428,172.31.36.0-255,1514,276866,20,318835
12033,0.027429,172.31.36.0-255,1077,277943,20,318835
12034,0.027833,74.125.200.0-255,5738,283681,20,318835
12035,0.02784,172.31.36.0-255,66,283747,20,318835
12036,0.028878,104.244.42.0-255,66,283813,20,318835
12037,0.02894,104.244.42.0-255,66,283879,20,318835
12038,0.028957,104.244.42.0-255,66,283945,20,318835
12039,0.028961,104.244.42.0-255,66,284011,20,318835
12040,0.029841,74.125.200.0-255,5738,289749,20,318835
12041,0.029848,172.31.36.0-255,66,289815,20,318835
12042,0.031829,74.125.200.0-255,5738,295553,20,318835
12043,0.031835,172.31.36.0-255,66,295619,20,318835
12044,0.033819,74.125.200.0-255,5738,301357,20,318835
12045,0.033826,172.31.36.0-255,66,301423,20,318835
12046,0.035811,74.125.200.0-255,5738,307161,20,318835
12047,0.035818,172.31.36.0-255,66,307227,20,318835
12048,0.03785,74.125.200.0-255,5738,312965,20,318835
12049,0.037857,172.31.36.0-255,66,313031,20,318835
12050,0.039831,74.125.200.0-255,5738,318769,20,318835
12051,0.039837,172.31.36.0-255,66,318835,20,318835
12052,0.0,172.217.194.0-255,155,155,20,161718
12053,1.4e-05,172.217.194.0-255,1484,1639,20,161718
12054,2.3e-05,172.31.36.0-255,66,1705,20,161718
12055,3.1e-05,172.217.194.0-255,2902,4607,20,161718
12056,3.4e-05,172.31.36.0-255,66,4673,20,161718
12057,5e-05,172.217.194.0-255,7156,11829,20,161718
12058,5.3e-05,172.31.36.0-255,66,11895,20,161718
12059,6e-05,172.217.194.0-255,5738,17633,20,161718
12060,6.3e-05,172.31.36.0-255,66,17699,20,161718
12061,0.000102,172.217.194.0-255,6253,23952,20,161718
12062,0.000105,172.31.36.0-255,66,24018,20,161718
12063,0.000113,172.217.194.0-255,6797,30815,20,161718
12064,0.000116,172.31.36.0-255,66,30881,20,161718
12065,0.000162,172.217.194.0-255,1484,32365,20,161718
12066,0.000167,172.217.194.0-255,2902,35267,20,161718
12067,0.00017,172.31.36.0-255,66,35333,20,161718
12068,0.000176,172.217.194.0-255,4320,39653,20,161718
12069,0.000178,172.31.36.0-255,66,39719,20,161718
12070,0.000199,172.217.194.0-255,1484,41203,20,161718
12071,0.000215,172.31.36.0-255,66,41269,20,161718
12072,0.000223,172.217.194.0-255,7156,48425,20,161718
12073,0.000225,172.31.36.0-255,66,48491,20,161718
12074,0.000256,172.217.194.0-255,3602,52093,20,161718
12075,0.000259,172.31.36.0-255,66,52159,20,161718
12076,0.000262,172.217.194.0-255,379,52538,20,161718
12077,0.000353,172.217.194.0-255,100,52638,20,161718
12078,0.000507,172.217.194.0-255,1484,54122,20,161718
12079,0.000512,172.31.36.0-255,66,54188,20,161718
12080,0.000552,172.217.194.0-255,2902,57090,20,161718
12081,0.000557,172.31.36.0-255,66,57156,20,161718
12082,0.000564,172.217.194.0-255,5738,62894,20,161718
12083,0.000567,172.31.36.0-255,66,62960,20,161718
12084,0.00058,172.31.36.0-255,66,63026,20,161718
12085,0.000599,172.31.36.0-255,66,63092,20,161718
12086,0.000716,172.217.194.0-255,1484,64576,20,161718
12087,0.000723,172.217.194.0-255,2902,67478,20,161718
12088,0.000726,172.31.36.0-255,66,67544,20,161718
12089,0.000745,172.217.194.0-255,2902,70446,20,161718
12090,0.000748,172.31.36.0-255,66,70512,20,161718
12091,0.000772,172.217.194.0-255,2902,73414,20,161718
12092,0.000776,172.31.36.0-255,66,73480,20,161718
12093,0.000789,172.31.36.0-255,66,73546,20,161718
12094,0.000793,172.217.194.0-255,2902,76448,20,161718
12095,0.000795,172.31.36.0-255,66,76514,20,161718
12096,0.000836,172.31.36.0-255,66,76580,20,161718
12097,0.000846,172.217.194.0-255,5738,82318,20,161718
12098,0.000849,172.31.36.0-255,66,82384,20,161718
12099,0.000881,172.217.194.0-255,5738,88122,20,161718
12100,0.000884,172.31.36.0-255,66,88188,20,161718
12101,0.000895,172.31.36.0-255,66,88254,20,161718
12102,0.000922,172.217.194.0-255,5738,93992,20,161718
12103,0.000925,172.31.36.0-255,66,94058,20,161718
12104,0.00096,172.31.36.0-255,66,94124,20,161718
12105,0.001164,172.217.194.0-255,1484,95608,20,161718
12106,0.001188,172.217.194.0-255,2902,98510,20,161718
12107,0.001192,172.31.36.0-255,66,98576,20,161718
12108,0.001198,172.217.194.0-255,5738,104314,20,161718
12109,0.0012,172.31.36.0-255,66,104380,20,161718
12110,0.001212,172.217.194.0-255,5738,110118,20,161718
12111,0.001214,172.31.36.0-255,66,110184,20,161718
12112,0.001259,172.31.36.0-255,66,110250,20,161718
12113,0.001266,172.217.194.0-255,5020,115270,20,161718
12114,0.001268,172.31.36.0-255,66,115336,20,161718
12115,0.001342,172.217.194.0-255,1484,116820,20,161718
12116,0.001346,172.217.194.0-255,1484,118304,20,161718
12117,0.001349,172.31.36.0-255,66,118370,20,161718
12118,0.00137,172.217.194.0-255,1484,119854,20,161718
12119,0.001377,172.217.194.0-255,5738,125592,20,161718
12120,0.001379,172.31.36.0-255,66,125658,20,161718
12121,0.001422,172.31.36.0-255,66,125724,20,161718
12122,0.001438,172.31.36.0-255,66,125790,20,161718
12123,0.0015,172.217.194.0-255,1484,127274,20,161718
12124,0.001522,172.217.194.0-255,2902,130176,20,161718
12125,0.001526,172.31.36.0-255,66,130242,20,161718
12126,0.001533,172.217.194.0-255,5738,135980,20,161718
12127,0.001535,172.31.36.0-255,66,136046,20,161718
12128,0.00158,172.31.36.0-255,66,136112,20,161718
12129,0.001603,172.31.36.0-255,66,136178,20,161718
12130,0.001625,172.217.194.0-255,1484,137662,20,161718
12131,0.00166,172.31.36.0-255,66,137728,20,161718
12132,0.001713,172.217.194.0-255,7156,144884,20,161718
12133,0.001716,172.31.36.0-255,66,144950,20,161718
12134,0.001749,172.31.36.0-255,66,145016,20,161718
12135,0.001764,172.31.36.0-255,66,145082,20,161718
12136,0.001796,172.31.36.0-255,66,145148,20,161718
12137,0.001818,172.31.36.0-255,66,145214,20,161718
12138,0.001849,172.217.194.0-255,5020,150234,20,161718
12139,0.001856,172.31.36.0-255,66,150300,20,161718
12140,0.001889,172.217.194.0-255,2184,152484,20,161718
12141,0.001896,172.217.194.0-255,935,153419,20,161718
12142,0.001899,172.217.194.0-255,105,153524,20,161718
12143,0.001924,172.31.36.0-255,66,153590,20,161718
12144,0.009846,172.31.36.0-255,105,153695,20,161718
12145,0.01242,172.217.194.0-255,66,153761,20,161718
12146,0.035771,172.31.36.0-255,171,153932,20,161718
12147,0.035805,172.31.36.0-255,1134,155066,20,161718
12148,0.035883,172.31.36.0-255,1514,156580,20,161718
12149,0.035885,172.31.36.0-255,1514,158094,20,161718
12150,0.03589,172.31.36.0-255,1514,159608,20,161718
12151,0.035892,172.31.36.0-255,1514,161122,20,161718
12152,0.035909,172.31.36.0-255,332,161454,20,161718
12153,0.037338,104.244.42.0-255,66,161520,20,161718
12154,0.037385,104.244.42.0-255,66,161586,20,161718
12155,0.037446,104.244.42.0-255,66,161652,20,161718
12156,0.037466,104.244.42.0-255,66,161718,20,161718
12157,0.0,74.125.24.0-255,153,153,20,239490
12158,2.5e-05,172.31.36.0-255,66,219,20,239490
12159,3.2e-05,74.125.24.0-255,1484,1703,20,239490
12160,3.6e-05,172.31.36.0-255,66,1769,20,239490
12161,4.8e-05,74.125.24.0-255,2902,4671,20,239490
12162,6.3e-05,172.31.36.0-255,66,4737,20,239490
12163,6.8e-05,74.125.24.0-255,2902,7639,20,239490
12164,7.1e-05,172.31.36.0-255,66,7705,20,239490
12165,7.6e-05,74.125.24.0-255,4320,12025,20,239490
12166,7.9e-05,172.31.36.0-255,66,12091,20,239490
12167,8.3e-05,74.125.24.0-255,2017,14108,20,239490
12168,8.5e-05,172.31.36.0-255,66,14174,20,239490
12169,0.000225,74.125.24.0-255,1484,15658,20,239490
12170,0.00023,172.31.36.0-255,66,15724,20,239490
12171,0.000235,74.125.24.0-255,2902,18626,20,239490
12172,0.000238,172.31.36.0-255,66,18692,20,239490
12173,0.000266,74.125.24.0-255,5738,24430,20,239490
12174,0.00027,172.31.36.0-255,66,24496,20,239490
12175,0.0003,74.125.24.0-255,6797,31293,20,239490
12176,0.000304,172.31.36.0-255,66,31359,20,239490
12177,0.000307,74.125.24.0-255,1484,32843,20,239490
12178,0.000311,172.31.36.0-255,66,32909,20,239490
12179,0.000337,74.125.24.0-255,5738,38647,20,239490
12180,0.000341,172.31.36.0-255,66,38713,20,239490
12181,0.000354,172.31.36.0-255,66,38779,20,239490
12182,0.000398,74.125.24.0-255,5738,44517,20,239490
12183,0.000402,172.31.36.0-255,66,44583,20,239490
12184,0.000428,74.125.24.0-255,7156,51739,20,239490
12185,0.000432,172.31.36.0-255,66,51805,20,239490
12186,0.000462,74.125.24.0-255,4272,56077,20,239490
12187,0.000483,172.31.36.0-255,66,56143,20,239490
12188,0.000505,74.125.24.0-255,375,56518,20,239490
12189,0.000779,74.125.24.0-255,1484,58002,20,239490
12190,0.000784,172.31.36.0-255,66,58068,20,239490
12191,0.000789,74.125.24.0-255,2902,60970,20,239490
12192,0.000791,172.31.36.0-255,66,61036,20,239490
12193,0.000809,74.125.24.0-255,2902,63938,20,239490
12194,0.000812,172.31.36.0-255,66,64004,20,239490
12195,0.000833,74.125.24.0-255,2902,66906,20,239490
12196,0.000836,172.31.36.0-255,66,66972,20,239490
12197,0.000847,172.31.36.0-255,66,67038,20,239490
12198,0.000882,74.125.24.0-255,2902,69940,20,239490
12199,0.000885,172.31.36.0-255,66,70006,20,239490
12200,0.000896,172.31.36.0-255,66,70072,20,239490
12201,0.0009,74.125.24.0-255,2184,72256,20,239490
12202,0.000902,172.31.36.0-255,66,72322,20,239490
12203,0.001189,74.125.24.0-255,1484,73806,20,239490
12204,0.001199,74.125.24.0-255,2902,76708,20,239490
12205,0.001203,172.31.36.0-255,66,76774,20,239490
12206,0.001211,74.125.24.0-255,5738,82512,20,239490
12207,0.001214,172.31.36.0-255,66,82578,20,239490
12208,0.001245,172.31.36.0-255,66,82644,20,239490
12209,0.001279,74.125.24.0-255,4320,86964,20,239490
12210,0.001283,172.31.36.0-255,66,87030,20,239490
12211,0.001298,172.31.36.0-255,66,87096,20,239490
12212,0.001305,74.125.24.0-255,7156,94252,20,239490
12213,0.001307,172.31.36.0-255,66,94318,20,239490
12214,0.001346,74.125.24.0-255,7156,101474,20,239490
12215,0.00135,172.31.36.0-255,66,101540,20,239490
12216,0.001364,172.31.36.0-255,66,101606,20,239490
12217,0.00137,74.125.24.0-255,3602,105208,20,239490
12218,0.001373,172.31.36.0-255,66,105274,20,239490
12219,0.001577,74.125.24.0-255,1484,106758,20,239490
12220,0.001582,74.125.24.0-255,1484,108242,20,239490
12221,0.001587,172.31.36.0-255,66,108308,20,239490
12222,0.001612,74.125.24.0-255,1484,109792,20,239490
12223,0.001619,74.125.24.0-255,5738,115530,20,239490
12224,0.001623,172.31.36.0-255,66,115596,20,239490
12225,0.001629,74.125.24.0-255,4320,119916,20,239490
12226,0.001632,172.31.36.0-255,66,119982,20,239490
12227,0.001654,74.125.24.0-255,1484,121466,20,239490
12228,0.001695,172.31.36.0-255,66,121532,20,239490
12229,0.001702,74.125.24.0-255,7156,128688,20,239490
12230,0.001704,172.31.36.0-255,66,128754,20,239490
12231,0.001706,74.125.24.0-255,766,129520,20,239490
12232,0.001777,74.125.24.0-255,1484,131004,20,239490
12233,0.001779,172.31.36.0-255,66,131070,20,239490
12234,0.001784,74.125.24.0-255,2902,133972,20,239490
12235,0.001786,172.31.36.0-255,66,134038,20,239490
12236,0.001791,74.125.24.0-255,5738,139776,20,239490
12237,0.001794,172.31.36.0-255,66,139842,20,239490
12238,0.001827,172.31.36.0-255,66,139908,20,239490
12239,0.001864,172.31.36.0-255,66,139974,20,239490
12240,0.001868,74.125.24.0-255,2184,142158,20,239490
12241,0.001871,172.31.36.0-255,66,142224,20,239490
12242,0.001963,74.125.24.0-255,1484,143708,20,239490
12243,0.001991,74.125.24.0-255,2902,146610,20,239490
12244,0.001994,172.31.36.0-255,66,146676,20,239490
12245,0.002023,74.125.24.0-255,5738,152414,20,239490
12246,0.002025,172.31.36.0-255,66,152480,20,239490
12247,0.00203,74.125.24.0-255,4320,156800,20,239490
12248,0.002032,172.31.36.0-255,66,156866,20,239490
12249,0.002075,172.31.36.0-255,66,156932,20,239490
12250,0.002086,172.31.36.0-255,66,156998,20,239490
12251,0.002311,74.125.24.0-255,1484,158482,20,239490
12252,0.002335,74.125.24.0-255,2902,161384,20,239490
12253,0.002339,172.31.36.0-255,66,161450,20,239490
12254,0.002345,74.125.24.0-255,5738,167188,20,239490
12255,0.002348,172.31.36.0-255,66,167254,20,239490
12256,0.002384,172.31.36.0-255,66,167320,20,239490
12257,0.002386,74.125.24.0-255,1484,168804,20,239490
12258,0.002421,172.31.36.0-255,66,168870,20,239490
12259,0.002457,74.125.24.0-255,5020,173890,20,239490
12260,0.002461,172.31.36.0-255,66,173956,20,239490
12261,0.002478,172.31.36.0-255,66,174022,20,239490
12262,0.002483,74.125.24.0-255,5020,179042,20,239490
12263,0.002489,74.125.24.0-255,5738,184780,20,239490
12264,0.002494,74.125.24.0-255,4320,189100,20,239490
12265,0.00252,74.125.24.0-255,2902,192002,20,239490
12266,0.002534,74.125.24.0-255,1484,193486,20,239490
12267,0.006632,172.31.36.0-255,66,193552,20,239490
12268,0.00915,74.125.24.0-255,5738,199290,20,239490
12269,0.009157,172.31.36.0-255,66,199356,20,239490
12270,0.011669,74.125.24.0-255,5738,205094,20,239490
12271,0.011678,172.31.36.0-255,66,205160,20,239490
12272,0.014203,74.125.24.0-255,5738,210898,20,239490
12273,0.014215,172.31.36.0-255,66,210964,20,239490
12274,0.016772,74.125.24.0-255,5738,216702,20,239490
12275,0.016782,172.31.36.0-255,66,216768,20,239490
12276,0.019302,74.125.24.0-255,5738,222506,20,239490
12277,0.01931,172.31.36.0-255,66,222572,20,239490
12278,0.021806,74.125.24.0-255,5738,228310,20,239490
12279,0.021813,172.31.36.0-255,66,228376,20,239490
12280,0.024354,74.125.24.0-255,5738,234114,20,239490
12281,0.024362,172.31.36.0-255,66,234180,20,239490
12282,0.026846,74.125.24.0-255,609,234789,20,239490
12283,0.02698,172.31.36.0-255,66,234855,20,239490
12284,0.027009,172.31.36.0-255,105,234960,20,239490
12285,0.029488,74.125.24.0-255,66,235026,20,239490
12286,0.030978,172.31.36.0-255,172,235198,20,239490
12287,0.031008,172.31.36.0-255,1107,236305,20,239490
12288,0.03105,172.31.36.0-255,1514,237819,20,239490
12289,0.031051,172.31.36.0-255,1299,239118,20,239490
12290,0.032486,104.244.42.0-255,66,239184,20,239490
12291,0.032681,104.244.42.0-255,66,239250,20,239490
12292,0.032683,104.244.42.0-255,66,239316,20,239490
12293,0.033146,104.244.42.0-255,108,239424,20,239490
12294,0.03315,172.31.36.0-255,66,239490,20,239490
12295,0.0,74.125.130.0-255,153,153,20,312324
12296,2.8e-05,74.125.130.0-255,1484,1637,20,312324
12297,3.8e-05,172.31.36.0-255,66,1703,20,312324
12298,4.5e-05,74.125.130.0-255,2902,4605,20,312324
12299,4.8e-05,172.31.36.0-255,66,4671,20,312324
12300,5.3e-05,74.125.130.0-255,2902,7573,20,312324
12301,6.7e-05,172.31.36.0-255,66,7639,20,312324
12302,8.9e-05,74.125.130.0-255,1484,9123,20,312324
12303,9.6e-05,74.125.130.0-255,4836,13959,20,312324
12304,9.9e-05,172.31.36.0-255,66,14025,20,312324
12305,0.000132,172.31.36.0-255,66,14091,20,312324
12306,0.00016,74.125.130.0-255,4320,18411,20,312324
12307,0.000163,172.31.36.0-255,66,18477,20,312324
12308,0.000191,74.125.130.0-255,1125,19602,20,312324
12309,0.000261,74.125.130.0-255,1484,21086,20,312324
12310,0.000265,172.31.36.0-255,66,21152,20,312324
12311,0.000285,74.125.130.0-255,2902,24054,20,312324
12312,0.000288,172.31.36.0-255,66,24120,20,312324
12313,0.000293,74.125.130.0-255,2902,27022,20,312324
12314,0.000296,172.31.36.0-255,66,27088,20,312324
12315,0.000321,74.125.130.0-255,2902,29990,20,312324
12316,0.000327,172.31.36.0-255,66,30056,20,312324
12317,0.000329,74.125.130.0-255,6797,36853,20,312324
12318,0.000332,172.31.36.0-255,66,36919,20,312324
12319,0.000364,74.125.130.0-255,7156,44075,20,312324
12320,0.000368,172.31.36.0-255,66,44141,20,312324
12321,0.00038,172.31.36.0-255,66,44207,20,312324
12322,0.000415,74.125.130.0-255,1415,45622,20,312324
12323,0.000437,74.125.130.0-255,365,45987,20,312324
12324,0.00044,172.31.36.0-255,66,46053,20,312324
12325,0.000521,74.125.130.0-255,1484,47537,20,312324
12326,0.000525,74.125.130.0-255,1484,49021,20,312324
12327,0.000529,172.31.36.0-255,66,49087,20,312324
12328,0.000554,74.125.130.0-255,1484,50571,20,312324
12329,0.00056,74.125.130.0-255,5738,56309,20,312324
12330,0.000563,172.31.36.0-255,66,56375,20,312324
12331,0.000568,74.125.130.0-255,2902,59277,20,312324
12332,0.00057,172.31.36.0-255,66,59343,20,312324
12333,0.000605,74.125.130.0-255,1484,60827,20,312324
12334,0.000625,74.125.130.0-255,5738,66565,20,312324
12335,0.000629,172.31.36.0-255,66,66631,20,312324
12336,0.000642,172.31.36.0-255,66,66697,20,312324
12337,0.000646,74.125.130.0-255,2184,68881,20,312324
12338,0.00065,172.31.36.0-255,66,68947,20,312324
12339,0.001033,74.125.130.0-255,1484,70431,20,312324
12340,0.00104,74.125.130.0-255,1484,71915,20,312324
12341,0.001044,172.31.36.0-255,66,71981,20,312324
12342,0.001071,74.125.130.0-255,1484,73465,20,312324
12343,0.001078,74.125.130.0-255,5738,79203,20,312324
12344,0.001081,172.31.36.0-255,66,79269,20,312324
12345,0.001085,74.125.130.0-255,2902,82171,20,312324
12346,0.001086,172.31.36.0-255,66,82237,20,312324
12347,0.001092,74.125.130.0-255,4320,86557,20,312324
12348,0.0011,172.31.36.0-255,66,86623,20,312324
12349,0.001103,74.125.130.0-255,1484,88107,20,312324
12350,0.001138,74.125.130.0-255,7156,95263,20,312324
12351,0.001143,172.31.36.0-255,66,95329,20,312324
12352,0.00115,74.125.130.0-255,7156,102485,20,312324
12353,0.001152,172.31.36.0-255,66,102551,20,312324
12354,0.001155,74.125.130.0-255,766,103317,20,312324
12355,0.00154,74.125.130.0-255,1484,104801,20,312324
12356,0.001546,172.31.36.0-255,66,104867,20,312324
12357,0.001552,74.125.130.0-255,2902,107769,20,312324
12358,0.001554,172.31.36.0-255,66,107835,20,312324
12359,0.001566,74.125.130.0-255,5738,113573,20,312324
12360,0.001569,172.31.36.0-255,66,113639,20,312324
12361,0.001572,74.125.130.0-255,1484,115123,20,312324
12362,0.001608,74.125.130.0-255,5738,120861,20,312324
12363,0.00161,172.31.36.0-255,66,120927,20,312324
12364,0.001619,172.31.36.0-255,66,120993,20,312324
12365,0.001644,74.125.130.0-255,7156,128149,20,312324
12366,0.001646,172.31.36.0-255,66,128215,20,312324
12367,0.001667,74.125.130.0-255,766,128981,20,312324
12368,0.0017,74.125.130.0-255,1484,130465,20,312324
12369,0.001702,172.31.36.0-255,66,130531,20,312324
12370,0.001705,74.125.130.0-255,1484,132015,20,312324
12371,0.001726,74.125.130.0-255,1484,133499,20,312324
12372,0.001729,172.31.36.0-255,66,133565,20,312324
12373,0.001734,74.125.130.0-255,4320,137885,20,312324
12374,0.001736,172.31.36.0-255,66,137951,20,312324
12375,0.001741,74.125.130.0-255,4320,142271,20,312324
12376,0.001747,172.31.36.0-255,66,142337,20,312324
12377,0.001768,74.125.130.0-255,1484,143821,20,312324
12378,0.001797,172.31.36.0-255,66,143887,20,312324
12379,0.001838,74.125.130.0-255,7156,151043,20,312324
12380,0.001841,172.31.36.0-255,66,151109,20,312324
12381,0.001866,74.125.130.0-255,2184,153293,20,312324
12382,0.001868,172.31.36.0-255,66,153359,20,312324
12383,0.001889,74.125.130.0-255,1484,154843,20,312324
12384,0.001906,74.125.130.0-255,2902,157745,20,312324
12385,0.001909,172.31.36.0-255,66,157811,20,312324
12386,0.001914,74.125.130.0-255,4320,162131,20,312324
12387,0.001916,172.31.36.0-255,66,162197,20,312324
12388,0.00194,74.125.130.0-255,1484,163681,20,312324
12389,0.001945,74.125.130.0-255,4320,168001,20,312324
12390,0.001948,172.31.36.0-255,66,168067,20,312324
12391,0.001953,74.125.130.0-255,5738,173805,20,312324
12392,0.001956,172.31.36.0-255,66,173871,20,312324
12393,0.001996,172.31.36.0-255,66,173937,20,312324
12394,0.002,74.125.130.0-255,2184,176121,20,312324
12395,0.002003,172.31.36.0-255,66,176187,20,312324
12396,0.002115,74.125.130.0-255,1484,177671,20,312324
12397,0.002126,74.125.130.0-255,2902,180573,20,312324
12398,0.002128,172.31.36.0-255,66,180639,20,312324
12399,0.002152,74.125.130.0-255,1484,182123,20,312324
12400,0.002156,74.125.130.0-255,2902,185025,20,312324
12401,0.002158,172.31.36.0-255,66,185091,20,312324
12402,0.002161,74.125.130.0-255,1484,186575,20,312324
12403,0.00219,74.125.130.0-255,4320,190895,20,312324
12404,0.002193,172.31.36.0-255,66,190961,20,312324
12405,0.002202,172.31.36.0-255,66,191027,20,312324
12406,0.002205,74.125.130.0-255,1484,192511,20,312324
12407,0.002236,172.31.36.0-255,66,192577,20,312324
12408,0.002239,74.125.130.0-255,766,193343,20,312324
12409,0.00241,74.125.130.0-255,1484,194827,20,312324
12410,0.002412,172.31.36.0-255,66,194893,20,312324
12411,0.002417,74.125.130.0-255,2902,197795,20,312324
12412,0.002419,172.31.36.0-255,66,197861,20,312324
12413,0.002441,74.125.130.0-255,1484,199345,20,312324
12414,0.002453,74.125.130.0-255,2902,202247,20,312324
12415,0.002455,172.31.36.0-255,66,202313,20,312324
12416,0.002459,74.125.130.0-255,2902,205215,20,312324
12417,0.002461,172.31.36.0-255,66,205281,20,312324
12418,0.002506,172.31.36.0-255,66,205347,20,312324
12419,0.00251,74.125.130.0-255,2902,208249,20,312324
12420,0.002513,172.31.36.0-255,66,208315,20,312324
12421,0.002594,172.31.36.0-255,66,208381,20,312324
12422,0.002597,74.125.130.0-255,1484,209865,20,312324
12423,0.002621,74.125.130.0-255,1484,211349,20,312324
12424,0.002623,172.31.36.0-255,66,211415,20,312324
12425,0.002628,74.125.130.0-255,2902,214317,20,312324
12426,0.00263,172.31.36.0-255,66,214383,20,312324
12427,0.002652,74.125.130.0-255,1484,215867,20,312324
12428,0.002668,74.125.130.0-255,5738,221605,20,312324
12429,0.002671,172.31.36.0-255,66,221671,20,312324
12430,0.002674,74.125.130.0-255,1484,223155,20,312324
12431,0.002697,74.125.130.0-255,5738,228893,20,312324
12432,0.0027,172.31.36.0-255,66,228959,20,312324
12433,0.002728,74.125.130.0-255,2902,231861,20,312324
12434,0.00273,172.31.36.0-255,66,231927,20,312324
12435,0.002734,74.125.130.0-255,2902,234829,20,312324
12436,0.002736,172.31.36.0-255,66,234895,20,312324
12437,0.00274,74.125.130.0-255,4320,239215,20,312324
12438,0.002742,172.31.36.0-255,66,239281,20,312324
12439,0.002766,74.125.130.0-255,7156,246437,20,312324
12440,0.002768,172.31.36.0-255,66,246503,20,312324
12441,0.002795,74.125.130.0-255,2184,248687,20,312324
12442,0.002797,172.31.36.0-255,66,248753,20,312324
12443,0.002808,172.31.36.0-255,66,248819,20,312324
12444,0.002818,74.125.130.0-255,5738,254557,20,312324
12445,0.00282,172.31.36.0-255,66,254623,20,312324
12446,0.002827,74.125.130.0-255,7156,261779,20,312324
12447,0.002829,172.31.36.0-255,66,261845,20,312324
12448,0.002853,74.125.130.0-255,1484,263329,20,312324
12449,0.002869,74.125.130.0-255,3602,266931,20,312324
12450,0.002872,172.31.36.0-255,66,266997,20,312324
12451,0.002876,74.125.130.0-255,2902,269899,20,312324
12452,0.002878,172.31.36.0-255,66,269965,20,312324
12453,0.002896,74.125.130.0-255,2902,272867,20,312324
12454,0.002898,172.31.36.0-255,66,272933,20,312324
12455,0.002905,74.125.130.0-255,1484,274417,20,312324
12456,0.002908,74.125.130.0-255,1484,275901,20,312324
12457,0.00291,172.31.36.0-255,66,275967,20,312324
12458,0.002913,74.125.130.0-255,1484,277451,20,312324
12459,0.002944,74.125.130.0-255,7156,284607,20,312324
12460,0.002946,172.31.36.0-255,66,284673,20,312324
12461,0.00295,74.125.130.0-255,2902,287575,20,312324
12462,0.002952,172.31.36.0-255,66,287641,20,312324
12463,0.002975,74.125.130.0-255,7156,294797,20,312324
12464,0.002977,172.31.36.0-255,66,294863,20,312324
12465,0.002984,74.125.130.0-255,1484,296347,20,312324
12466,0.002986,74.125.130.0-255,1484,297831,20,312324
12467,0.002988,172.31.36.0-255,66,297897,20,312324
12468,0.002991,74.125.130.0-255,1484,299381,20,312324
12469,0.002995,74.125.130.0-255,2184,301565,20,312324
12470,0.003,172.31.36.0-255,66,301631,20,312324
12471,0.003026,74.125.130.0-255,1316,302947,20,312324
12472,0.003061,74.125.130.0-255,105,303052,20,312324
12473,0.010251,172.31.36.0-255,66,303118,20,312324
12474,0.010281,172.31.36.0-255,105,303223,20,312324
12475,0.01205,74.125.130.0-255,105,303328,20,312324
12476,0.012062,172.31.36.0-255,78,303406,20,312324
12477,0.012579,74.125.130.0-255,66,303472,20,312324
12478,0.038763,172.31.36.0-255,190,303662,20,312324
12479,0.038796,172.31.36.0-255,1110,304772,20,312324
12480,0.038837,172.31.36.0-255,1514,306286,20,312324
12481,0.038857,172.31.36.0-255,1514,307800,20,312324
12482,0.038858,172.31.36.0-255,1514,309314,20,312324
12483,0.038878,172.31.36.0-255,1514,310828,20,312324
12484,0.038879,172.31.36.0-255,1496,312324,20,312324
12485,0.0,172.217.194.0-255,153,153,20,162069
12486,2.3e-05,172.31.36.0-255,66,219,20,162069
12487,3.1e-05,172.217.194.0-255,1484,1703,20,162069
12488,3.6e-05,172.31.36.0-255,66,1769,20,162069
12489,4.1e-05,172.217.194.0-255,2902,4671,20,162069
12490,4.4e-05,172.31.36.0-255,66,4737,20,162069
12491,5.2e-05,172.217.194.0-255,7156,11893,20,162069
12492,5.6e-05,172.31.36.0-255,66,11959,20,162069
12493,8e-05,172.217.194.0-255,2048,14007,20,162069
12494,8.3e-05,172.31.36.0-255,66,14073,20,162069
12495,8.9e-05,172.217.194.0-255,2902,16975,20,162069
12496,9.2e-05,172.31.36.0-255,66,17041,20,162069
12497,9.7e-05,172.217.194.0-255,4320,21361,20,162069
12498,9.9e-05,172.31.36.0-255,66,21427,20,162069
12499,0.000131,172.217.194.0-255,2902,24329,20,162069
12500,0.000133,172.31.36.0-255,66,24395,20,162069
12501,0.000149,172.31.36.0-255,66,24461,20,162069
12502,0.00016,172.31.36.0-255,66,24527,20,162069
12503,0.000181,172.217.194.0-255,1484,26011,20,162069
12504,0.000183,172.31.36.0-255,66,26077,20,162069
12505,0.000212,172.31.36.0-255,66,26143,20,162069
12506,0.000217,172.217.194.0-255,3961,30104,20,162069
12507,0.000219,172.31.36.0-255,66,30170,20,162069
12508,0.000875,172.217.194.0-255,645,30815,20,162069
12509,0.000881,172.31.36.0-255,66,30881,20,162069
12510,0.001009,172.217.194.0-255,1484,32365,20,162069
12511,0.001013,172.31.36.0-255,66,32431,20,162069
12512,0.001018,172.217.194.0-255,2902,35333,20,162069
12513,0.00102,172.31.36.0-255,66,35399,20,162069
12514,0.001027,172.217.194.0-255,5738,41137,20,162069
12515,0.00103,172.31.36.0-255,66,41203,20,162069
12516,0.001071,172.31.36.0-255,66,41269,20,162069
12517,0.001074,172.217.194.0-255,1484,42753,20,162069
12518,0.00108,172.217.194.0-255,2902,45655,20,162069
12519,0.001082,172.31.36.0-255,66,45721,20,162069
12520,0.001111,172.217.194.0-255,6438,52159,20,162069
12521,0.001115,172.31.36.0-255,66,52225,20,162069
12522,0.00135,172.217.194.0-255,1484,53709,20,162069
12523,0.001354,172.217.194.0-255,1484,55193,20,162069
12524,0.001357,172.31.36.0-255,66,55259,20,162069
12525,0.001371,172.217.194.0-255,1484,56743,20,162069
12526,0.001376,172.217.194.0-255,2902,59645,20,162069
12527,0.001378,172.31.36.0-255,66,59711,20,162069
12528,0.001406,172.217.194.0-255,2902,62613,20,162069
12529,0.001409,172.31.36.0-255,66,62679,20,162069
12530,0.001431,172.217.194.0-255,7156,69835,20,162069
12531,0.001433,172.31.36.0-255,66,69901,20,162069
12532,0.001447,172.31.36.0-255,66,69967,20,162069
12533,0.001469,172.217.194.0-255,2902,72869,20,162069
12534,0.001471,172.31.36.0-255,66,72935,20,162069
12535,0.001476,172.217.194.0-255,2184,75119,20,162069
12536,0.001478,172.31.36.0-255,66,75185,20,162069
12537,0.001638,172.217.194.0-255,1484,76669,20,162069
12538,0.001654,172.217.194.0-255,2902,79571,20,162069
12539,0.001658,172.31.36.0-255,66,79637,20,162069
12540,0.001678,172.217.194.0-255,2902,82539,20,162069
12541,0.001681,172.31.36.0-255,66,82605,20,162069
12542,0.001702,172.217.194.0-255,2902,85507,20,162069
12543,0.001705,172.31.36.0-255,66,85573,20,162069
12544,0.001708,172.217.194.0-255,1484,87057,20,162069
12545,0.001713,172.217.194.0-255,4320,91377,20,162069
12546,0.001716,172.31.36.0-255,66,91443,20,162069
12547,0.00173,172.217.194.0-255,2902,94345,20,162069
12548,0.001732,172.31.36.0-255,66,94411,20,162069
12549,0.001758,172.217.194.0-255,5738,100149,20,162069
12550,0.001762,172.31.36.0-255,66,100215,20,162069
12551,0.001765,172.217.194.0-255,1484,101699,20,162069
12552,0.001781,172.217.194.0-255,1484,103183,20,162069
12553,0.001783,172.31.36.0-255,66,103249,20,162069
12554,0.001797,172.217.194.0-255,4320,107569,20,162069
12555,0.0018,172.31.36.0-255,66,107635,20,162069
12556,0.001825,172.217.194.0-255,5738,113373,20,162069
12557,0.001828,172.31.36.0-255,66,113439,20,162069
12558,0.001839,172.217.194.0-255,2184,115623,20,162069
12559,0.001842,172.31.36.0-255,66,115689,20,162069
12560,0.001924,172.217.194.0-255,1484,117173,20,162069
12561,0.001948,172.217.194.0-255,5738,122911,20,162069
12562,0.001952,172.31.36.0-255,66,122977,20,162069
12563,0.001971,172.217.194.0-255,4320,127297,20,162069
12564,0.001973,172.31.36.0-255,66,127363,20,162069
12565,0.001991,172.217.194.0-255,4320,131683,20,162069
12566,0.001994,172.31.36.0-255,66,131749,20,162069
12567,0.002029,172.31.36.0-255,66,131815,20,162069
12568,0.002032,172.217.194.0-255,1484,133299,20,162069
12569,0.002036,172.217.194.0-255,2902,136201,20,162069
12570,0.002039,172.31.36.0-255,66,136267,20,162069
12571,0.002044,172.217.194.0-255,4320,140587,20,162069
12572,0.002047,172.31.36.0-255,66,140653,20,162069
12573,0.002062,172.217.194.0-255,1484,142137,20,162069
12574,0.002065,172.217.194.0-255,1484,143621,20,162069
12575,0.002067,172.31.36.0-255,66,143687,20,162069
12576,0.002089,172.217.194.0-255,5738,149425,20,162069
12577,0.002092,172.31.36.0-255,66,149491,20,162069
12578,0.002116,172.217.194.0-255,5738,155229,20,162069
12579,0.002119,172.31.36.0-255,66,155295,20,162069
12580,0.00213,172.31.36.0-255,66,155361,20,162069
12581,0.002165,172.217.194.0-255,1484,156845,20,162069
12582,0.002191,172.31.36.0-255,66,156911,20,162069
12583,0.002207,172.31.36.0-255,66,156977,20,162069
12584,0.002224,172.31.36.0-255,66,157043,20,162069
12585,0.002243,172.31.36.0-255,66,157109,20,162069
12586,0.002257,172.31.36.0-255,66,157175,20,162069
12587,0.002277,172.31.36.0-255,66,157241,20,162069
12588,0.002292,172.31.36.0-255,66,157307,20,162069
12589,0.00232,172.31.36.0-255,66,157373,20,162069
12590,0.002331,172.31.36.0-255,66,157439,20,162069
12591,0.002334,172.217.194.0-255,105,157544,20,162069
12592,0.012254,172.31.36.0-255,66,157610,20,162069
12593,0.012314,172.31.36.0-255,105,157715,20,162069
12594,0.014573,172.217.194.0-255,66,157781,20,162069
12595,0.036384,172.31.36.0-255,172,157953,20,162069
12596,0.036419,172.31.36.0-255,1111,159064,20,162069
12597,0.036477,172.31.36.0-255,1514,160578,20,162069
12598,0.036479,172.31.36.0-255,1293,161871,20,162069
12599,0.037907,104.244.42.0-255,66,161937,20,162069
12600,0.037946,104.244.42.0-255,66,162003,20,162069
12601,0.037995,104.244.42.0-255,66,162069,20,162069
12602,0.0,74.125.68.0-255,153,153,20,370388
12603,2.5e-05,172.31.36.0-255,66,219,20,370388
12604,3.3e-05,74.125.68.0-255,1484,1703,20,370388
12605,3.8e-05,172.31.36.0-255,66,1769,20,370388
12606,5.1e-05,74.125.68.0-255,2902,4671,20,370388
12607,5.5e-05,172.31.36.0-255,66,4737,20,370388
12608,9.2e-05,74.125.68.0-255,4320,9057,20,370388
12609,9.5e-05,172.31.36.0-255,66,9123,20,370388
12610,0.000128,74.125.68.0-255,4882,14005,20,370388
12611,0.000131,172.31.36.0-255,66,14071,20,370388
12612,0.000137,74.125.68.0-255,5738,19809,20,370388
12613,0.00014,172.31.36.0-255,66,19875,20,370388
12614,0.000176,74.125.68.0-255,5738,25613,20,370388
12615,0.000178,172.31.36.0-255,66,25679,20,370388
12616,0.000206,74.125.68.0-255,2902,28581,20,370388
12617,0.000208,172.31.36.0-255,66,28647,20,370388
12618,0.000213,74.125.68.0-255,2543,31190,20,370388
12619,0.000215,172.31.36.0-255,66,31256,20,370388
12620,0.000462,74.125.68.0-255,1484,32740,20,370388
12621,0.000467,172.31.36.0-255,66,32806,20,370388
12622,0.000472,74.125.68.0-255,1484,34290,20,370388
12623,0.000474,172.31.36.0-255,66,34356,20,370388
12624,0.000504,74.125.68.0-255,2902,37258,20,370388
12625,0.000507,172.31.36.0-255,66,37324,20,370388
12626,0.000513,74.125.68.0-255,5738,43062,20,370388
12627,0.000516,172.31.36.0-255,66,43128,20,370388
12628,0.000523,74.125.68.0-255,5379,48507,20,370388
12629,0.000527,172.31.36.0-255,66,48573,20,370388
12630,0.000557,74.125.68.0-255,5738,54311,20,370388
12631,0.000559,172.31.36.0-255,66,54377,20,370388
12632,0.000594,172.31.36.0-255,66,54443,20,370388
12633,0.000618,74.125.68.0-255,1484,55927,20,370388
12634,0.000621,74.125.68.0-255,1401,57328,20,370388
12635,0.000624,172.31.36.0-255,66,57394,20,370388
12636,0.000648,74.125.68.0-255,132,57526,20,370388
12637,0.000769,74.125.68.0-255,1484,59010,20,370388
12638,0.000774,172.31.36.0-255,66,59076,20,370388
12639,0.00078,74.125.68.0-255,2902,61978,20,370388
12640,0.000784,172.31.36.0-255,66,62044,20,370388
12641,0.000796,74.125.68.0-255,5738,67782,20,370388
12642,0.000799,172.31.36.0-255,66,67848,20,370388
12643,0.000805,74.125.68.0-255,5738,73586,20,370388
12644,0.000808,172.31.36.0-255,66,73652,20,370388
12645,0.000854,172.31.36.0-255,66,73718,20,370388
12646,0.00086,74.125.68.0-255,5020,78738,20,370388
12647,0.000862,172.31.36.0-255,66,78804,20,370388
12648,0.000918,74.125.68.0-255,1484,80288,20,370388
12649,0.000923,74.125.68.0-255,2902,83190,20,370388
12650,0.000925,172.31.36.0-255,66,83256,20,370388
12651,0.000931,74.125.68.0-255,4320,87576,20,370388
12652,0.000934,172.31.36.0-255,66,87642,20,370388
12653,0.00096,74.125.68.0-255,2902,90544,20,370388
12654,0.000962,172.31.36.0-255,66,90610,20,370388
12655,0.00099,74.125.68.0-255,2902,93512,20,370388
12656,0.000992,172.31.36.0-255,66,93578,20,370388
12657,0.001,74.125.68.0-255,7156,100734,20,370388
12658,0.001002,172.31.36.0-255,66,100800,20,370388
12659,0.001018,74.125.68.0-255,1484,102284,20,370388
12660,0.001034,172.31.36.0-255,66,102350,20,370388
12661,0.001037,74.125.68.0-255,766,103116,20,370388
12662,0.001136,74.125.68.0-255,1484,104600,20,370388
12663,0.001141,172.31.36.0-255,66,104666,20,370388
12664,0.001145,74.125.68.0-255,1484,106150,20,370388
12665,0.001173,74.125.68.0-255,1484,107634,20,370388
12666,0.001175,172.31.36.0-255,66,107700,20,370388
12667,0.001182,74.125.68.0-255,5738,113438,20,370388
12668,0.001185,172.31.36.0-255,66,113504,20,370388
12669,0.001193,74.125.68.0-255,2902,116406,20,370388
12670,0.001196,172.31.36.0-255,66,116472,20,370388
12671,0.001225,74.125.68.0-255,4320,120792,20,370388
12672,0.001228,172.31.36.0-255,66,120858,20,370388
12673,0.001255,74.125.68.0-255,5738,126596,20,370388
12674,0.001258,172.31.36.0-255,66,126662,20,370388
12675,0.001261,74.125.68.0-255,1484,128146,20,370388
12676,0.001291,74.125.68.0-255,5738,133884,20,370388
12677,0.001296,74.125.68.0-255,2902,136786,20,370388
12678,0.00131,172.31.36.0-255,66,136852,20,370388
12679,0.001318,74.125.68.0-255,766,137618,20,370388
12680,0.001417,74.125.68.0-255,1484,139102,20,370388
12681,0.001421,172.31.36.0-255,66,139168,20,370388
12682,0.001439,74.125.68.0-255,2902,142070,20,370388
12683,0.001442,172.31.36.0-255,66,142136,20,370388
12684,0.001468,74.125.68.0-255,4320,146456,20,370388
12685,0.00147,172.31.36.0-255,66,146522,20,370388
12686,0.001496,74.125.68.0-255,1484,148006,20,370388
12687,0.001512,74.125.68.0-255,5738,153744,20,370388
12688,0.001533,74.125.68.0-255,7156,160900,20,370388
12689,0.001541,172.31.36.0-255,66,160966,20,370388
12690,0.00155,74.125.68.0-255,1484,162450,20,370388
12691,0.001553,74.125.68.0-255,1484,163934,20,370388
12692,0.001562,172.31.36.0-255,66,164000,20,370388
12693,0.00161,74.125.68.0-255,2902,166902,20,370388
12694,0.001627,74.125.68.0-255,5020,171922,20,370388
12695,0.001633,172.31.36.0-255,66,171988,20,370388
12696,0.001801,74.125.68.0-255,1484,173472,20,370388
12697,0.00182,74.125.68.0-255,2902,176374,20,370388
12698,0.001825,172.31.36.0-255,66,176440,20,370388
12699,0.001838,74.125.68.0-255,2902,179342,20,370388
12700,0.00186,74.125.68.0-255,2902,182244,20,370388
12701,0.001864,74.125.68.0-255,2902,185146,20,370388
12702,0.001869,172.31.36.0-255,66,185212,20,370388
12703,0.001909,74.125.68.0-255,5738,190950,20,370388
12704,0.001919,172.31.36.0-255,66,191016,20,370388
12705,0.001954,74.125.68.0-255,5020,196036,20,370388
12706,0.001959,172.31.36.0-255,66,196102,20,370388
12707,0.002066,74.125.68.0-255,1484,197586,20,370388
12708,0.002071,74.125.68.0-255,1484,199070,20,370388
12709,0.002083,74.125.68.0-255,1484,200554,20,370388
12710,0.002097,172.31.36.0-255,66,200620,20,370388
12711,0.002105,74.125.68.0-255,5738,206358,20,370388
12712,0.002107,74.125.68.0-255,1484,207842,20,370388
12713,0.002132,74.125.68.0-255,5738,213580,20,370388
12714,0.002138,172.31.36.0-255,66,213646,20,370388
12715,0.002168,74.125.68.0-255,7156,220802,20,370388
12716,0.002188,74.125.68.0-255,5738,226540,20,370388
12717,0.002191,172.31.36.0-255,66,226606,20,370388
12718,0.002195,172.31.36.0-255,66,226672,20,370388
12719,0.002216,74.125.68.0-255,3602,230274,20,370388
12720,0.002247,172.31.36.0-255,66,230340,20,370388
12721,0.002357,74.125.68.0-255,1484,231824,20,370388
12722,0.002382,74.125.68.0-255,2902,234726,20,370388
12723,0.002385,172.31.36.0-255,66,234792,20,370388
12724,0.002413,74.125.68.0-255,5738,240530,20,370388
12725,0.002429,172.31.36.0-255,66,240596,20,370388
12726,0.002483,74.125.68.0-255,5738,246334,20,370388
12727,0.0025,74.125.68.0-255,1484,247818,20,370388
12728,0.002504,74.125.68.0-255,1484,249302,20,370388
12729,0.002508,74.125.68.0-255,2902,252204,20,370388
12730,0.002514,74.125.68.0-255,5738,257942,20,370388
12731,0.00252,74.125.68.0-255,5738,263680,20,370388
12732,0.002526,172.31.36.0-255,66,263746,20,370388
12733,0.002563,74.125.68.0-255,2902,266648,20,370388
12734,0.002572,172.31.36.0-255,66,266714,20,370388
12735,0.002591,74.125.68.0-255,3602,270316,20,370388
12736,0.0026,74.125.68.0-255,2902,273218,20,370388
12737,0.002606,74.125.68.0-255,4320,277538,20,370388
12738,0.002611,74.125.68.0-255,4320,281858,20,370388
12739,0.002617,172.31.36.0-255,66,281924,20,370388
12740,0.002635,74.125.68.0-255,4320,286244,20,370388
12741,0.002653,172.31.36.0-255,66,286310,20,370388
12742,0.002682,74.125.68.0-255,1484,287794,20,370388
12743,0.002685,172.31.36.0-255,66,287860,20,370388
12744,0.002719,74.125.68.0-255,2184,290044,20,370388
12745,0.00273,172.31.36.0-255,66,290110,20,370388
12746,0.002754,74.125.68.0-255,2902,293012,20,370388
12747,0.002768,172.31.36.0-255,66,293078,20,370388
12748,0.002771,74.125.68.0-255,1484,294562,20,370388
12749,0.002794,74.125.68.0-255,2902,297464,20,370388
12750,0.002797,74.125.68.0-255,1484,298948,20,370388
12751,0.002822,172.31.36.0-255,66,299014,20,370388
12752,0.002829,74.125.68.0-255,4320,303334,20,370388
12753,0.002831,74.125.68.0-255,1484,304818,20,370388
12754,0.002847,172.31.36.0-255,66,304884,20,370388
12755,0.002856,74.125.68.0-255,2902,307786,20,370388
12756,0.002878,74.125.68.0-255,2902,310688,20,370388
12757,0.00289,74.125.68.0-255,1484,312172,20,370388
12758,0.002894,172.31.36.0-255,66,312238,20,370388
12759,0.002915,74.125.68.0-255,5738,317976,20,370388
12760,0.002921,74.125.68.0-255,4320,322296,20,370388
12761,0.002925,74.125.68.0-255,2184,324480,20,370388
12762,0.002944,172.31.36.0-255,66,324546,20,370388
12763,0.002953,74.125.68.0-255,2902,327448,20,370388
12764,0.00297,74.125.68.0-255,2902,330350,20,370388
12765,0.002974,172.31.36.0-255,66,330416,20,370388
12766,0.002997,74.125.68.0-255,1484,331900,20,370388
12767,0.003002,74.125.68.0-255,2902,334802,20,370388
12768,0.003011,172.31.36.0-255,66,334868,20,370388
12769,0.003029,74.125.68.0-255,5738,340606,20,370388
12770,0.003035,74.125.68.0-255,4320,344926,20,370388
12771,0.003054,74.125.68.0-255,2902,347828,20,370388
12772,0.003062,172.31.36.0-255,66,347894,20,370388
12773,0.003073,74.125.68.0-255,2902,350796,20,370388
12774,0.003081,74.125.68.0-255,2902,353698,20,370388
12775,0.003094,74.125.68.0-255,1484,355182,20,370388
12776,0.003097,74.125.68.0-255,1484,356666,20,370388
12777,0.003111,172.31.36.0-255,66,356732,20,370388
12778,0.003114,74.125.68.0-255,1484,358216,20,370388
12779,0.003137,74.125.68.0-255,2184,360400,20,370388
12780,0.003139,74.125.68.0-255,1484,361884,20,370388
12781,0.003142,74.125.68.0-255,833,362717,20,370388
12782,0.003144,74.125.68.0-255,97,362814,20,370388
12783,0.003178,172.31.36.0-255,66,362880,20,370388
12784,0.003226,74.125.68.0-255,105,362985,20,370388
12785,0.012545,172.31.36.0-255,66,363051,20,370388
12786,0.012599,172.31.36.0-255,105,363156,20,370388
12787,0.015201,74.125.68.0-255,66,363222,20,370388
12788,0.03679,172.31.36.0-255,176,363398,20,370388
12789,0.03683,172.31.36.0-255,1107,364505,20,370388
12790,0.036898,172.31.36.0-255,1514,366019,20,370388
12791,0.0369,172.31.36.0-255,1514,367533,20,370388
12792,0.036906,172.31.36.0-255,1514,369047,20,370388
12793,0.036907,172.31.36.0-255,1077,370124,20,370388
12794,0.038362,104.244.42.0-255,66,370190,20,370388
12795,0.038546,104.244.42.0-255,66,370256,20,370388
12796,0.038549,104.244.42.0-255,66,370322,20,370388
12797,0.038553,104.244.42.0-255,66,370388,20,370388
12798,0.0,172.217.194.0-255,153,153,20,197874
12799,4.3e-05,172.217.194.0-255,1484,1637,20,197874
12800,5e-05,172.31.36.0-255,66,1703,20,197874
12801,5.8e-05,172.217.194.0-255,2902,4605,20,197874
12802,6.2e-05,172.31.36.0-255,66,4671,20,197874
12803,7.6e-05,172.217.194.0-255,5738,10409,20,197874
12804,8e-05,172.31.36.0-255,66,10475,20,197874
12805,8.5e-05,172.217.194.0-255,3419,13894,20,197874
12806,8.8e-05,172.31.36.0-255,66,13960,20,197874
12807,0.000125,172.217.194.0-255,4320,18280,20,197874
12808,0.000129,172.31.36.0-255,66,18346,20,197874
12809,0.000147,172.31.36.0-255,66,18412,20,197874
12810,0.000152,172.217.194.0-255,2543,20955,20,197874
12811,0.000154,172.31.36.0-255,66,21021,20,197874
12812,0.000225,172.217.194.0-255,1484,22505,20,197874
12813,0.000231,172.217.194.0-255,2902,25407,20,197874
12814,0.000234,172.31.36.0-255,66,25473,20,197874
12815,0.00027,172.217.194.0-255,5738,31211,20,197874
12816,0.000274,172.31.36.0-255,66,31277,20,197874
12817,0.000279,172.217.194.0-255,4320,35597,20,197874
12818,0.000281,172.31.36.0-255,66,35663,20,197874
12819,0.000324,172.31.36.0-255,66,35729,20,197874
12820,0.000331,172.217.194.0-255,7156,42885,20,197874
12821,0.000334,172.31.36.0-255,66,42951,20,197874
12822,0.000344,172.217.194.0-255,2834,45785,20,197874
12823,0.000347,172.31.36.0-255,66,45851,20,197874
12824,0.00071,172.217.194.0-255,365,46216,20,197874
12825,0.000975,172.217.194.0-255,1484,47700,20,197874
12826,0.000981,172.31.36.0-255,66,47766,20,197874
12827,0.000992,172.217.194.0-255,2902,50668,20,197874
12828,0.000995,172.31.36.0-255,66,50734,20,197874
12829,0.001009,172.217.194.0-255,5738,56472,20,197874
12830,0.001012,172.31.36.0-255,66,56538,20,197874
12831,0.00102,172.217.194.0-255,7156,63694,20,197874
12832,0.001022,172.31.36.0-255,66,63760,20,197874
12833,0.001073,172.31.36.0-255,66,63826,20,197874
12834,0.001078,172.217.194.0-255,2184,66010,20,197874
12835,0.00108,172.31.36.0-255,66,66076,20,197874
12836,0.001311,172.217.194.0-255,1484,67560,20,197874
12837,0.001318,172.217.194.0-255,2902,70462,20,197874
12838,0.001322,172.31.36.0-255,66,70528,20,197874
12839,0.00133,172.217.194.0-255,5738,76266,20,197874
12840,0.001333,172.31.36.0-255,66,76332,20,197874
12841,0.001352,172.31.36.0-255,66,76398,20,197874
12842,0.001398,172.217.194.0-255,4320,80718,20,197874
12843,0.001401,172.31.36.0-255,66,80784,20,197874
12844,0.00142,172.31.36.0-255,66,80850,20,197874
12845,0.001471,172.217.194.0-255,1484,82334,20,197874
12846,0.001475,172.217.194.0-255,1484,83818,20,197874
12847,0.001477,172.31.36.0-255,66,83884,20,197874
12848,0.001502,172.217.194.0-255,1484,85368,20,197874
12849,0.001508,172.217.194.0-255,5738,91106,20,197874
12850,0.00151,172.31.36.0-255,66,91172,20,197874
12851,0.001516,172.217.194.0-255,5738,96910,20,197874
12852,0.001518,172.31.36.0-255,66,96976,20,197874
12853,0.001555,172.31.36.0-255,66,97042,20,197874
12854,0.00158,172.217.194.0-255,5020,102062,20,197874
12855,0.001583,172.31.36.0-255,66,102128,20,197874
12856,0.001606,172.217.194.0-255,5738,107866,20,197874
12857,0.001609,172.31.36.0-255,66,107932,20,197874
12858,0.001657,172.217.194.0-255,4320,112252,20,197874
12859,0.001659,172.31.36.0-255,66,112318,20,197874
12860,0.001678,172.217.194.0-255,4320,116638,20,197874
12861,0.00168,172.31.36.0-255,66,116704,20,197874
12862,0.001694,172.31.36.0-255,66,116770,20,197874
12863,0.001699,172.217.194.0-255,3602,120372,20,197874
12864,0.001702,172.31.36.0-255,66,120438,20,197874
12865,0.001727,172.217.194.0-255,1484,121922,20,197874
12866,0.001742,172.217.194.0-255,2902,124824,20,197874
12867,0.001744,172.31.36.0-255,66,124890,20,197874
12868,0.00175,172.217.194.0-255,5738,130628,20,197874
12869,0.001752,172.31.36.0-255,66,130694,20,197874
12870,0.001767,172.217.194.0-255,2902,133596,20,197874
12871,0.001769,172.31.36.0-255,66,133662,20,197874
12872,0.001774,172.217.194.0-255,4320,137982,20,197874
12873,0.001776,172.31.36.0-255,66,138048,20,197874
12874,0.001812,172.31.36.0-255,66,138114,20,197874
12875,0.001818,172.217.194.0-255,5738,143852,20,197874
12876,0.001821,172.31.36.0-255,66,143918,20,197874
12877,0.001849,172.217.194.0-255,2184,146102,20,197874
12878,0.001851,172.31.36.0-255,66,146168,20,197874
12879,0.001936,172.217.194.0-255,1484,147652,20,197874
12880,0.00194,172.217.194.0-255,2902,150554,20,197874
12881,0.001942,172.31.36.0-255,66,150620,20,197874
12882,0.001965,172.217.194.0-255,5738,156358,20,197874
12883,0.001968,172.31.36.0-255,66,156424,20,197874
12884,0.001974,172.217.194.0-255,5738,162162,20,197874
12885,0.001976,172.31.36.0-255,66,162228,20,197874
12886,0.002036,172.31.36.0-255,66,162294,20,197874
12887,0.002041,172.217.194.0-255,5020,167314,20,197874
12888,0.002044,172.31.36.0-255,66,167380,20,197874
12889,0.002079,172.217.194.0-255,5738,173118,20,197874
12890,0.002083,172.31.36.0-255,66,173184,20,197874
12891,0.002094,172.31.36.0-255,66,173250,20,197874
12892,0.002115,172.31.36.0-255,66,173316,20,197874
12893,0.002119,172.217.194.0-255,1484,174800,20,197874
12894,0.002163,172.31.36.0-255,66,174866,20,197874
12895,0.002184,172.31.36.0-255,66,174932,20,197874
12896,0.002191,172.217.194.0-255,6438,181370,20,197874
12897,0.002194,172.31.36.0-255,66,181436,20,197874
12898,0.002231,172.31.36.0-255,66,181502,20,197874
12899,0.002279,172.217.194.0-255,7156,188658,20,197874
12900,0.002357,172.217.194.0-255,5020,193678,20,197874
12901,0.00236,172.217.194.0-255,1484,195162,20,197874
12902,0.002363,172.217.194.0-255,319,195481,20,197874
12903,0.002366,172.217.194.0-255,105,195586,20,197874
12904,0.002411,172.31.36.0-255,66,195652,20,197874
12905,0.008783,172.31.36.0-255,105,195757,20,197874
12906,0.011009,172.217.194.0-255,66,195823,20,197874
12907,0.033405,172.31.36.0-255,172,195995,20,197874
12908,0.033433,172.31.36.0-255,1110,197105,20,197874
12909,0.033484,172.31.36.0-255,571,197676,20,197874
12910,0.034977,104.244.42.0-255,66,197742,20,197874
12911,0.034999,104.244.42.0-255,66,197808,20,197874
12912,0.035037,104.244.42.0-255,66,197874,20,197874
12913,0.0,74.125.24.0-255,171,171,20,255302
12914,1.6e-05,74.125.24.0-255,1484,1655,20,255302
12915,2.4e-05,172.31.36.0-255,66,1721,20,255302
12916,3.2e-05,74.125.24.0-255,2902,4623,20,255302
12917,3.6e-05,172.31.36.0-255,66,4689,20,255302
12918,5.4e-05,74.125.24.0-255,1484,6173,20,255302
12919,7.4e-05,74.125.24.0-255,5738,11911,20,255302
12920,7.7e-05,172.31.36.0-255,66,11977,20,255302
12921,9.7e-05,74.125.24.0-255,2038,14015,20,255302
12922,0.0001,172.31.36.0-255,66,14081,20,255302
12923,0.000121,74.125.24.0-255,4320,18401,20,255302
12924,0.000124,172.31.36.0-255,66,18467,20,255302
12925,0.000141,74.125.24.0-255,4320,22787,20,255302
12926,0.000143,172.31.36.0-255,66,22853,20,255302
12927,0.000167,74.125.24.0-255,4320,27173,20,255302
12928,0.00017,172.31.36.0-255,66,27239,20,255302
12929,0.000182,74.125.24.0-255,3961,31200,20,255302
12930,0.000186,172.31.36.0-255,66,31266,20,255302
12931,0.000236,74.125.24.0-255,1484,32750,20,255302
12932,0.000241,74.125.24.0-255,2902,35652,20,255302
12933,0.000244,172.31.36.0-255,66,35718,20,255302
12934,0.00027,74.125.24.0-255,5738,41456,20,255302
12935,0.000273,172.31.36.0-255,66,41522,20,255302
12936,0.000279,74.125.24.0-255,5738,47260,20,255302
12937,0.000281,172.31.36.0-255,66,47326,20,255302
12938,0.000329,172.31.36.0-255,66,47392,20,255302
12939,0.000335,74.125.24.0-255,4235,51627,20,255302
12940,0.000337,172.31.36.0-255,66,51693,20,255302
12941,0.000389,74.125.24.0-255,383,52076,20,255302
12942,0.000481,74.125.24.0-255,1484,53560,20,255302
12943,0.000487,172.31.36.0-255,66,53626,20,255302
12944,0.000492,74.125.24.0-255,2902,56528,20,255302
12945,0.000494,172.31.36.0-255,66,56594,20,255302
12946,0.000498,74.125.24.0-255,2902,59496,20,255302
12947,0.000501,172.31.36.0-255,66,59562,20,255302
12948,0.000528,74.125.24.0-255,2902,62464,20,255302
12949,0.000531,172.31.36.0-255,66,62530,20,255302
12950,0.000538,74.125.24.0-255,6797,69327,20,255302
12951,0.00054,172.31.36.0-255,66,69393,20,255302
12952,0.000575,74.125.24.0-255,4320,73713,20,255302
12953,0.000578,172.31.36.0-255,66,73779,20,255302
12954,0.000584,74.125.24.0-255,5738,79517,20,255302
12955,0.000586,172.31.36.0-255,66,79583,20,255302
12956,0.000629,74.125.24.0-255,6797,86380,20,255302
12957,0.000633,172.31.36.0-255,66,86446,20,255302
12958,0.000725,74.125.24.0-255,1484,87930,20,255302
12959,0.00073,74.125.24.0-255,2902,90832,20,255302
12960,0.000736,172.31.36.0-255,66,90898,20,255302
12961,0.000747,74.125.24.0-255,5738,96636,20,255302
12962,0.00075,172.31.36.0-255,66,96702,20,255302
12963,0.00079,172.31.36.0-255,66,96768,20,255302
12964,0.000797,74.125.24.0-255,7156,103924,20,255302
12965,0.000799,172.31.36.0-255,66,103990,20,255302
12966,0.000824,74.125.24.0-255,3602,107592,20,255302
12967,0.000827,172.31.36.0-255,66,107658,20,255302
12968,0.000846,74.125.24.0-255,4320,111978,20,255302
12969,0.000849,172.31.36.0-255,66,112044,20,255302
12970,0.000877,172.31.36.0-255,66,112110,20,255302
12971,0.000881,74.125.24.0-255,2902,115012,20,255302
12972,0.000884,172.31.36.0-255,66,115078,20,255302
12973,0.000909,74.125.24.0-255,7156,122234,20,255302
12974,0.000912,172.31.36.0-255,66,122300,20,255302
12975,0.000966,172.31.36.0-255,66,122366,20,255302
12976,0.000981,74.125.24.0-255,2184,124550,20,255302
12977,0.000994,172.31.36.0-255,66,124616,20,255302
12978,0.001005,172.31.36.0-255,66,124682,20,255302
12979,0.00102,74.125.24.0-255,7156,131838,20,255302
12980,0.001023,172.31.36.0-255,66,131904,20,255302
12981,0.001027,74.125.24.0-255,3602,135506,20,255302
12982,0.001029,172.31.36.0-255,66,135572,20,255302
12983,0.001035,74.125.24.0-255,4320,139892,20,255302
12984,0.001037,172.31.36.0-255,66,139958,20,255302
12985,0.001059,74.125.24.0-255,5738,145696,20,255302
12986,0.00108,74.125.24.0-255,4320,150016,20,255302
12987,0.001096,74.125.24.0-255,5738,155754,20,255302
12988,0.001153,172.31.36.0-255,66,155820,20,255302
12989,0.001159,172.31.36.0-255,66,155886,20,255302
12990,0.001174,74.125.24.0-255,3602,159488,20,255302
12991,0.001178,74.125.24.0-255,1484,160972,20,255302
12992,0.001181,74.125.24.0-255,2902,163874,20,255302
12993,0.001184,74.125.24.0-255,1484,165358,20,255302
12994,0.0012,74.125.24.0-255,4320,169678,20,255302
12995,0.001204,74.125.24.0-255,1484,171162,20,255302
12996,0.001218,74.125.24.0-255,1484,172646,20,255302
12997,0.001253,74.125.24.0-255,2902,175548,20,255302
12998,0.001279,172.31.36.0-255,66,175614,20,255302
12999,0.001341,74.125.24.0-255,1484,177098,20,255302
13000,0.001345,74.125.24.0-255,1484,178582,20,255302
13001,0.001358,74.125.24.0-255,1484,180066,20,255302
13002,0.001363,74.125.24.0-255,2902,182968,20,255302
13003,0.001378,172.31.36.0-255,66,183034,20,255302
13004,0.001384,74.125.24.0-255,2902,185936,20,255302
13005,0.001395,172.31.36.0-255,66,186002,20,255302
13006,0.001402,74.125.24.0-255,5738,191740,20,255302
13007,0.001421,74.125.24.0-255,7156,198896,20,255302
13008,0.001458,172.31.36.0-255,66,198962,20,255302
13009,0.001476,74.125.24.0-255,1484,200446,20,255302
13010,0.001498,74.125.24.0-255,2902,203348,20,255302
13011,0.001515,74.125.24.0-255,2902,206250,20,255302
13012,0.00152,172.31.36.0-255,66,206316,20,255302
13013,0.001526,172.31.36.0-255,66,206382,20,255302
13014,0.001545,74.125.24.0-255,2902,209284,20,255302
13015,0.001553,74.125.24.0-255,7156,216440,20,255302
13016,0.001568,74.125.24.0-255,2184,218624,20,255302
13017,0.001587,172.31.36.0-255,66,218690,20,255302
13018,0.001627,74.125.24.0-255,1484,220174,20,255302
13019,0.001633,74.125.24.0-255,2902,223076,20,255302
13020,0.001639,74.125.24.0-255,5738,228814,20,255302
13021,0.00167,74.125.24.0-255,2902,231716,20,255302
13022,0.001673,172.31.36.0-255,66,231782,20,255302
13023,0.00168,172.31.36.0-255,66,231848,20,255302
13024,0.001693,74.125.24.0-255,7156,239004,20,255302
13025,0.001731,74.125.24.0-255,7156,246160,20,255302
13026,0.001735,172.31.36.0-255,66,246226,20,255302
13027,0.001741,172.31.36.0-255,66,246292,20,255302
13028,0.00176,74.125.24.0-255,3602,249894,20,255302
13029,0.001776,74.125.24.0-255,4320,254214,20,255302
13030,0.001802,74.125.24.0-255,746,254960,20,255302
13031,0.001819,172.31.36.0-255,66,255026,20,255302
13032,0.001854,74.125.24.0-255,105,255131,20,255302
13033,0.004604,172.31.36.0-255,105,255236,20,255302
13034,0.007106,74.125.24.0-255,66,255302,20,255302
13035,0.0,172.217.194.0-255,153,153,20,192837
13036,3.4e-05,172.31.36.0-255,66,219,20,192837
13037,4.2e-05,172.217.194.0-255,1484,1703,20,192837
13038,4.6e-05,172.31.36.0-255,66,1769,20,192837
13039,5e-05,172.217.194.0-255,2902,4671,20,192837
13040,5.3e-05,172.31.36.0-255,66,4737,20,192837
13041,6.7e-05,172.217.194.0-255,5738,10475,20,192837
13042,7e-05,172.31.36.0-255,66,10541,20,192837
13043,7.4e-05,172.217.194.0-255,3465,14006,20,192837
13044,7.7e-05,172.31.36.0-255,66,14072,20,192837
13045,0.000111,172.217.194.0-255,4320,18392,20,192837
13046,0.000113,172.31.36.0-255,66,18458,20,192837
13047,0.000117,172.217.194.0-255,1484,19942,20,192837
13048,0.000119,172.31.36.0-255,66,20008,20,192837
13049,0.000139,172.217.194.0-255,1484,21492,20,192837
13050,0.000142,172.31.36.0-255,66,21558,20,192837
13051,0.00016,172.31.36.0-255,66,21624,20,192837
13052,0.000163,172.217.194.0-255,1125,22749,20,192837
13053,0.000165,172.31.36.0-255,66,22815,20,192837
13054,0.000214,172.217.194.0-255,1484,24299,20,192837
13055,0.000217,172.31.36.0-255,66,24365,20,192837
13056,0.000221,172.217.194.0-255,1484,25849,20,192837
13057,0.000225,172.31.36.0-255,66,25915,20,192837
13058,0.000256,172.217.194.0-255,1484,27399,20,192837
13059,0.00026,172.31.36.0-255,66,27465,20,192837
13060,0.000267,172.217.194.0-255,5738,33203,20,192837
13061,0.000269,172.31.36.0-255,66,33269,20,192837
13062,0.000291,172.217.194.0-255,7156,40425,20,192837
13063,0.000294,172.31.36.0-255,66,40491,20,192837
13064,0.000329,172.217.194.0-255,6797,47288,20,192837
13065,0.000334,172.31.36.0-255,66,47354,20,192837
13066,0.00035,172.31.36.0-255,66,47420,20,192837
13067,0.000353,172.217.194.0-255,379,47799,20,192837
13068,0.000495,172.217.194.0-255,1484,49283,20,192837
13069,0.000499,172.31.36.0-255,66,49349,20,192837
13070,0.000504,172.217.194.0-255,2902,52251,20,192837
13071,0.00051,172.31.36.0-255,66,52317,20,192837
13072,0.000541,172.217.194.0-255,5738,58055,20,192837
13073,0.000545,172.31.36.0-255,66,58121,20,192837
13074,0.000549,172.217.194.0-255,2902,61023,20,192837
13075,0.000551,172.31.36.0-255,66,61089,20,192837
13076,0.000563,172.217.194.0-255,4320,65409,20,192837
13077,0.000566,172.31.36.0-255,66,65475,20,192837
13078,0.000577,172.31.36.0-255,66,65541,20,192837
13079,0.000589,172.31.36.0-255,66,65607,20,192837
13080,0.00064,172.217.194.0-255,1484,67091,20,192837
13081,0.000649,172.217.194.0-255,2902,69993,20,192837
13082,0.000652,172.31.36.0-255,66,70059,20,192837
13083,0.000657,172.217.194.0-255,2902,72961,20,192837
13084,0.000659,172.31.36.0-255,66,73027,20,192837
13085,0.000679,172.217.194.0-255,2902,75929,20,192837
13086,0.000686,172.31.36.0-255,66,75995,20,192837
13087,0.000691,172.217.194.0-255,2902,78897,20,192837
13088,0.000693,172.31.36.0-255,66,78963,20,192837
13089,0.000698,172.217.194.0-255,4320,83283,20,192837
13090,0.000701,172.31.36.0-255,66,83349,20,192837
13091,0.000774,172.31.36.0-255,66,83415,20,192837
13092,0.00078,172.31.36.0-255,66,83481,20,192837
13093,0.000817,172.217.194.0-255,1484,84965,20,192837
13094,0.000828,172.217.194.0-255,1484,86449,20,192837
13095,0.000831,172.31.36.0-255,66,86515,20,192837
13096,0.000844,172.217.194.0-255,1484,87999,20,192837
13097,0.000855,172.217.194.0-255,5738,93737,20,192837
13098,0.000857,172.217.194.0-255,1484,95221,20,192837
13099,0.000859,172.31.36.0-255,66,95287,20,192837
13100,0.000901,172.31.36.0-255,66,95353,20,192837
13101,0.000908,172.217.194.0-255,7156,102509,20,192837
13102,0.000911,172.31.36.0-255,66,102575,20,192837
13103,0.000928,172.217.194.0-255,1484,104059,20,192837
13104,0.000947,172.217.194.0-255,2184,106243,20,192837
13105,0.000951,172.31.36.0-255,66,106309,20,192837
13106,0.001009,172.217.194.0-255,1484,107793,20,192837
13107,0.001015,172.217.194.0-255,2902,110695,20,192837
13108,0.001017,172.31.36.0-255,66,110761,20,192837
13109,0.001022,172.217.194.0-255,2902,113663,20,192837
13110,0.001025,172.31.36.0-255,66,113729,20,192837
13111,0.001054,172.217.194.0-255,2902,116631,20,192837
13112,0.001057,172.31.36.0-255,66,116697,20,192837
13113,0.001063,172.217.194.0-255,4320,121017,20,192837
13114,0.001067,172.31.36.0-255,66,121083,20,192837
13115,0.00108,172.31.36.0-255,66,121149,20,192837
13116,0.001085,172.217.194.0-255,2902,124051,20,192837
13117,0.001087,172.31.36.0-255,66,124117,20,192837
13118,0.001122,172.217.194.0-255,5020,129137,20,192837
13119,0.001126,172.31.36.0-255,66,129203,20,192837
13120,0.00113,172.217.194.0-255,1484,130687,20,192837
13121,0.001155,172.217.194.0-255,2902,133589,20,192837
13122,0.001158,172.31.36.0-255,66,133655,20,192837
13123,0.001164,172.217.194.0-255,5738,139393,20,192837
13124,0.001166,172.31.36.0-255,66,139459,20,192837
13125,0.001176,172.217.194.0-255,1484,140943,20,192837
13126,0.001216,172.31.36.0-255,66,141009,20,192837
13127,0.001221,172.217.194.0-255,4320,145329,20,192837
13128,0.001224,172.31.36.0-255,66,145395,20,192837
13129,0.001238,172.217.194.0-255,5738,151133,20,192837
13130,0.001241,172.31.36.0-255,66,151199,20,192837
13131,0.001248,172.217.194.0-255,5738,156937,20,192837
13132,0.001251,172.31.36.0-255,66,157003,20,192837
13133,0.001279,172.217.194.0-255,2184,159187,20,192837
13134,0.001283,172.31.36.0-255,66,159253,20,192837
13135,0.001299,172.31.36.0-255,66,159319,20,192837
13136,0.001317,172.31.36.0-255,66,159385,20,192837
13137,0.001353,172.217.194.0-255,1484,160869,20,192837
13138,0.001357,172.217.194.0-255,1484,162353,20,192837
13139,0.00136,172.31.36.0-255,66,162419,20,192837
13140,0.001391,172.217.194.0-255,1484,163903,20,192837
13141,0.001398,172.217.194.0-255,5738,169641,20,192837
13142,0.001401,172.31.36.0-255,66,169707,20,192837
13143,0.001405,172.217.194.0-255,2902,172609,20,192837
13144,0.001408,172.31.36.0-255,66,172675,20,192837
13145,0.001446,172.31.36.0-255,66,172741,20,192837
13146,0.00146,172.31.36.0-255,66,172807,20,192837
13147,0.001544,172.31.36.0-255,66,172873,20,192837
13148,0.001565,172.31.36.0-255,66,172939,20,192837
13149,0.001577,172.31.36.0-255,66,173005,20,192837
13150,0.001603,172.217.194.0-255,4320,177325,20,192837
13151,0.001606,172.31.36.0-255,66,177391,20,192837
13152,0.001657,172.31.36.0-255,66,177457,20,192837
13153,0.001662,172.217.194.0-255,2184,179641,20,192837
13154,0.001664,172.31.36.0-255,66,179707,20,192837
13155,0.001668,172.217.194.0-255,2902,182609,20,192837
13156,0.001672,172.31.36.0-255,66,182675,20,192837
13157,0.001729,172.31.36.0-255,66,182741,20,192837
13158,0.001755,172.217.194.0-255,1484,184225,20,192837
13159,0.001761,172.217.194.0-255,3910,188135,20,192837
13160,0.001764,172.31.36.0-255,66,188201,20,192837
13161,0.001767,172.217.194.0-255,105,188306,20,192837
13162,0.003562,172.31.36.0-255,66,188372,20,192837
13163,0.003589,172.31.36.0-255,105,188477,20,192837
13164,0.006126,172.217.194.0-255,66,188543,20,192837
13165,0.032678,172.31.36.0-255,176,188719,20,192837
13166,0.032708,172.31.36.0-255,1107,189826,20,192837
13167,0.032751,172.31.36.0-255,1514,191340,20,192837
13168,0.032753,172.31.36.0-255,1299,192639,20,192837
13169,0.034166,104.244.42.0-255,66,192705,20,192837
13170,0.034186,104.244.42.0-255,66,192771,20,192837
13171,0.034245,104.244.42.0-255,66,192837,20,192837
13172,0.0,172.31.36.0-255,105,105,20,276
13173,0.002151,157.240.13.0-255,105,210,20,276
13174,0.002159,172.31.36.0-255,66,276,20,276
13175,0.0,172.31.36.0-255,105,105,20,459
13176,0.000272,172.31.36.0-255,90,195,20,459
13177,0.000283,172.31.36.0-255,66,261,20,459
13178,0.002228,74.125.130.0-255,66,327,20,459
13179,0.002256,74.125.130.0-255,66,393,20,459
13180,0.002276,172.31.36.0-255,66,459,20,459
13181,0.0,74.125.24.0-255,153,153,20,293259
13182,3.4e-05,172.31.36.0-255,66,219,20,293259
13183,4.1e-05,74.125.24.0-255,1484,1703,20,293259
13184,4.5e-05,172.31.36.0-255,66,1769,20,293259
13185,5.8e-05,74.125.24.0-255,2902,4671,20,293259
13186,6.1e-05,172.31.36.0-255,66,4737,20,293259
13187,6.8e-05,74.125.24.0-255,7156,11893,20,293259
13188,7e-05,172.31.36.0-255,66,11959,20,293259
13189,7.8e-05,74.125.24.0-255,7156,19115,20,293259
13190,8e-05,172.31.36.0-255,66,19181,20,293259
13191,9.6e-05,74.125.24.0-255,4905,24086,20,293259
13192,0.000104,172.31.36.0-255,66,24152,20,293259
13193,0.000108,74.125.24.0-255,1484,25636,20,293259
13194,0.00011,172.31.36.0-255,66,25702,20,293259
13195,0.000141,74.125.24.0-255,5379,31081,20,293259
13196,0.000144,172.31.36.0-255,66,31147,20,293259
13197,0.000169,74.125.24.0-255,1484,32631,20,293259
13198,0.000171,172.31.36.0-255,66,32697,20,293259
13199,0.000177,74.125.24.0-255,2902,35599,20,293259
13200,0.000179,172.31.36.0-255,66,35665,20,293259
13201,0.000193,74.125.24.0-255,5738,41403,20,293259
13202,0.000196,172.31.36.0-255,66,41469,20,293259
13203,0.000224,74.125.24.0-255,1484,42953,20,293259
13204,0.000227,172.31.36.0-255,66,43019,20,293259
13205,0.000264,172.31.36.0-255,66,43085,20,293259
13206,0.000281,172.31.36.0-255,66,43151,20,293259
13207,0.000284,74.125.24.0-255,1400,44551,20,293259
13208,0.000286,172.31.36.0-255,66,44617,20,293259
13209,0.000313,74.125.24.0-255,136,44753,20,293259
13210,0.000321,172.31.36.0-255,66,44819,20,293259
13211,0.000439,74.125.24.0-255,1484,46303,20,293259
13212,0.000459,74.125.24.0-255,2902,49205,20,293259
13213,0.000464,172.31.36.0-255,66,49271,20,293259
13214,0.00047,74.125.24.0-255,5738,55009,20,293259
13215,0.000473,172.31.36.0-255,66,55075,20,293259
13216,0.000485,74.125.24.0-255,5738,60813,20,293259
13217,0.000488,172.31.36.0-255,66,60879,20,293259
13218,0.000531,172.31.36.0-255,66,60945,20,293259
13219,0.000551,74.125.24.0-255,3602,64547,20,293259
13220,0.000554,172.31.36.0-255,66,64613,20,293259
13221,0.000558,74.125.24.0-255,340,64953,20,293259
13222,0.001096,172.31.36.0-255,66,65019,20,293259
13223,0.001359,74.125.24.0-255,1484,66503,20,293259
13224,0.00137,74.125.24.0-255,2902,69405,20,293259
13225,0.001374,172.31.36.0-255,66,69471,20,293259
13226,0.001382,74.125.24.0-255,5738,75209,20,293259
13227,0.001384,172.31.36.0-255,66,75275,20,293259
13228,0.001396,74.125.24.0-255,2902,78177,20,293259
13229,0.001398,172.31.36.0-255,66,78243,20,293259
13230,0.001402,74.125.24.0-255,2902,81145,20,293259
13231,0.001404,172.31.36.0-255,66,81211,20,293259
13232,0.001438,74.125.24.0-255,7156,88367,20,293259
13233,0.001446,172.31.36.0-255,66,88433,20,293259
13234,0.001497,74.125.24.0-255,5738,94171,20,293259
13235,0.001501,172.31.36.0-255,66,94237,20,293259
13236,0.001535,74.125.24.0-255,5020,99257,20,293259
13237,0.001538,172.31.36.0-255,66,99323,20,293259
13238,0.001541,74.125.24.0-255,1484,100807,20,293259
13239,0.001546,74.125.24.0-255,2902,103709,20,293259
13240,0.001548,172.31.36.0-255,66,103775,20,293259
13241,0.001558,74.125.24.0-255,5738,109513,20,293259
13242,0.001561,172.31.36.0-255,66,109579,20,293259
13243,0.001571,172.31.36.0-255,66,109645,20,293259
13244,0.001614,172.31.36.0-255,66,109711,20,293259
13245,0.001649,74.125.24.0-255,5020,114731,20,293259
13246,0.001653,172.31.36.0-255,66,114797,20,293259
13247,0.001668,172.31.36.0-255,66,114863,20,293259
13248,0.001685,172.31.36.0-255,66,114929,20,293259
13249,0.001688,74.125.24.0-255,1484,116413,20,293259
13250,0.001721,74.125.24.0-255,2184,118597,20,293259
13251,0.001725,172.31.36.0-255,66,118663,20,293259
13252,0.001732,74.125.24.0-255,4320,122983,20,293259
13253,0.001735,172.31.36.0-255,66,123049,20,293259
13254,0.00174,74.125.24.0-255,4320,127369,20,293259
13255,0.001742,172.31.36.0-255,66,127435,20,293259
13256,0.001778,74.125.24.0-255,5738,133173,20,293259
13257,0.001783,172.31.36.0-255,66,133239,20,293259
13258,0.001786,74.125.24.0-255,1484,134723,20,293259
13259,0.001796,172.31.36.0-255,66,134789,20,293259
13260,0.001826,74.125.24.0-255,2902,137691,20,293259
13261,0.00183,172.31.36.0-255,66,137757,20,293259
13262,0.001834,74.125.24.0-255,2902,140659,20,293259
13263,0.001836,172.31.36.0-255,66,140725,20,293259
13264,0.001867,74.125.24.0-255,3602,144327,20,293259
13265,0.001871,172.31.36.0-255,66,144393,20,293259
13266,0.001879,74.125.24.0-255,7156,151549,20,293259
13267,0.00189,172.31.36.0-255,66,151615,20,293259
13268,0.001893,74.125.24.0-255,1484,153099,20,293259
13269,0.001897,74.125.24.0-255,2902,156001,20,293259
13270,0.001899,172.31.36.0-255,66,156067,20,293259
13271,0.001959,74.125.24.0-255,5738,161805,20,293259
13272,0.001963,172.31.36.0-255,66,161871,20,293259
13273,0.002004,172.31.36.0-255,66,161937,20,293259
13274,0.00203,74.125.24.0-255,1484,163421,20,293259
13275,0.002035,74.125.24.0-255,3602,167023,20,293259
13276,0.002038,172.31.36.0-255,66,167089,20,293259
13277,0.002052,74.125.24.0-255,1484,168573,20,293259
13278,0.00206,74.125.24.0-255,2902,171475,20,293259
13279,0.002062,172.31.36.0-255,66,171541,20,293259
13280,0.002086,74.125.24.0-255,5738,177279,20,293259
13281,0.002088,172.31.36.0-255,66,177345,20,293259
13282,0.002091,74.125.24.0-255,1484,178829,20,293259
13283,0.002125,172.31.36.0-255,66,178895,20,293259
13284,0.00213,74.125.24.0-255,4320,183215,20,293259
13285,0.002132,172.31.36.0-255,66,183281,20,293259
13286,0.002164,172.31.36.0-255,66,183347,20,293259
13287,0.004249,74.125.24.0-255,5738,189085,20,293259
13288,0.004253,172.31.36.0-255,66,189151,20,293259
13289,0.006337,74.125.24.0-255,5738,194889,20,293259
13290,0.006342,172.31.36.0-255,66,194955,20,293259
13291,0.008425,74.125.24.0-255,5738,200693,20,293259
13292,0.008432,172.31.36.0-255,66,200759,20,293259
13293,0.010516,74.125.24.0-255,5738,206497,20,293259
13294,0.010523,172.31.36.0-255,66,206563,20,293259
13295,0.012572,74.125.24.0-255,5738,212301,20,293259
13296,0.012578,172.31.36.0-255,66,212367,20,293259
13297,0.014647,74.125.24.0-255,5738,218105,20,293259
13298,0.014654,172.31.36.0-255,66,218171,20,293259
13299,0.016738,74.125.24.0-255,5738,223909,20,293259
13300,0.016754,172.31.36.0-255,66,223975,20,293259
13301,0.016903,172.31.36.0-255,101,224076,20,293259
13302,0.018841,74.125.24.0-255,5738,229814,20,293259
13303,0.01885,172.31.36.0-255,66,229880,20,293259
13304,0.018939,74.125.24.0-255,66,229946,20,293259
13305,0.020906,74.125.24.0-255,5738,235684,20,293259
13306,0.020914,172.31.36.0-255,66,235750,20,293259
13307,0.023032,74.125.24.0-255,5738,241488,20,293259
13308,0.023039,172.31.36.0-255,66,241554,20,293259
13309,0.025102,74.125.24.0-255,5738,247292,20,293259
13310,0.025108,172.31.36.0-255,66,247358,20,293259
13311,0.02715,74.125.24.0-255,2902,250260,20,293259
13312,0.027158,172.31.36.0-255,66,250326,20,293259
13313,0.027192,74.125.24.0-255,2902,253228,20,293259
13314,0.027196,172.31.36.0-255,66,253294,20,293259
13315,0.029215,74.125.24.0-255,2902,256196,20,293259
13316,0.029222,172.31.36.0-255,66,256262,20,293259
13317,0.02927,74.125.24.0-255,2902,259164,20,293259
13318,0.029275,172.31.36.0-255,66,259230,20,293259
13319,0.031287,74.125.24.0-255,2902,262132,20,293259
13320,0.031292,172.31.36.0-255,66,262198,20,293259
13321,0.031328,74.125.24.0-255,2902,265100,20,293259
13322,0.031332,172.31.36.0-255,66,265166,20,293259
13323,0.03178,172.31.36.0-255,167,265333,20,293259
13324,0.031821,172.31.36.0-255,1112,266445,20,293259
13325,0.0319,172.31.36.0-255,1514,267959,20,293259
13326,0.031902,172.31.36.0-255,1292,269251,20,293259
13327,0.033372,74.125.24.0-255,2902,272153,20,293259
13328,0.033378,172.31.36.0-255,66,272219,20,293259
13329,0.03341,104.244.42.0-255,66,272285,20,293259
13330,0.033416,104.244.42.0-255,66,272351,20,293259
13331,0.033421,74.125.24.0-255,2902,275253,20,293259
13332,0.033424,172.31.36.0-255,66,275319,20,293259
13333,0.033452,104.244.42.0-255,66,275385,20,293259
13334,0.035454,74.125.24.0-255,2902,278287,20,293259
13335,0.035461,172.31.36.0-255,66,278353,20,293259
13336,0.035499,74.125.24.0-255,2902,281255,20,293259
13337,0.035503,172.31.36.0-255,66,281321,20,293259
13338,0.037533,74.125.24.0-255,2902,284223,20,293259
13339,0.037538,172.31.36.0-255,66,284289,20,293259
13340,0.03758,74.125.24.0-255,2902,287191,20,293259
13341,0.037583,172.31.36.0-255,66,287257,20,293259
13342,0.039583,74.125.24.0-255,2902,290159,20,293259
13343,0.039603,172.31.36.0-255,66,290225,20,293259
13344,0.039618,74.125.24.0-255,1484,291709,20,293259
13345,0.039638,74.125.24.0-255,1484,293193,20,293259
13346,0.039643,172.31.36.0-255,66,293259,20,293259
13347,0.0,172.217.194.0-255,310,310,20,176218
13348,3e-05,172.217.194.0-255,1484,1794,20,176218
13349,3.8e-05,172.31.36.0-255,66,1860,20,176218
13350,4.7e-05,172.217.194.0-255,4320,6180,20,176218
13351,5e-05,172.31.36.0-255,66,6246,20,176218
13352,7.3e-05,172.31.36.0-255,66,6312,20,176218
13353,7.9e-05,172.217.194.0-255,7156,13468,20,176218
13354,8.4e-05,172.31.36.0-255,66,13534,20,176218
13355,0.00012,172.31.36.0-255,66,13600,20,176218
13356,0.000154,172.217.194.0-255,1484,15084,20,176218
13357,0.000169,172.217.194.0-255,2902,17986,20,176218
13358,0.000172,172.31.36.0-255,66,18052,20,176218
13359,0.000178,172.217.194.0-255,5738,23790,20,176218
13360,0.000181,172.31.36.0-255,66,23856,20,176218
13361,0.000223,172.31.36.0-255,66,23922,20,176218
13362,0.000226,172.217.194.0-255,1484,25406,20,176218
13363,0.000273,172.31.36.0-255,66,25472,20,176218
13364,0.000298,172.217.194.0-255,410,25882,20,176218
13365,0.000352,172.217.194.0-255,1484,27366,20,176218
13366,0.000356,172.31.36.0-255,66,27432,20,176218
13367,0.000361,172.217.194.0-255,2902,30334,20,176218
13368,0.000365,172.31.36.0-255,66,30400,20,176218
13369,0.00039,172.217.194.0-255,5738,36138,20,176218
13370,0.000394,172.31.36.0-255,66,36204,20,176218
13371,0.000417,172.217.194.0-255,5738,41942,20,176218
13372,0.000421,172.31.36.0-255,66,42008,20,176218
13373,0.000455,172.217.194.0-255,7156,49164,20,176218
13374,0.000459,172.31.36.0-255,66,49230,20,176218
13375,0.000472,172.31.36.0-255,66,49296,20,176218
13376,0.000475,172.217.194.0-255,484,49780,20,176218
13377,0.000652,172.217.194.0-255,1484,51264,20,176218
13378,0.000656,172.31.36.0-255,66,51330,20,176218
13379,0.000662,172.217.194.0-255,2902,54232,20,176218
13380,0.000664,172.31.36.0-255,66,54298,20,176218
13381,0.000668,172.217.194.0-255,1484,55782,20,176218
13382,0.000685,172.217.194.0-255,4320,60102,20,176218
13383,0.000693,172.31.36.0-255,66,60168,20,176218
13384,0.000702,172.217.194.0-255,5738,65906,20,176218
13385,0.000704,172.31.36.0-255,66,65972,20,176218
13386,0.00074,172.217.194.0-255,7156,73128,20,176218
13387,0.000744,172.31.36.0-255,66,73194,20,176218
13388,0.000757,172.31.36.0-255,66,73260,20,176218
13389,0.001338,172.217.194.0-255,1484,74744,20,176218
13390,0.001345,172.217.194.0-255,2902,77646,20,176218
13391,0.001348,172.31.36.0-255,66,77712,20,176218
13392,0.001391,172.217.194.0-255,1484,79196,20,176218
13393,0.001414,172.217.194.0-255,4320,83516,20,176218
13394,0.001418,172.31.36.0-255,66,83582,20,176218
13395,0.001436,172.31.36.0-255,66,83648,20,176218
13396,0.001449,172.31.36.0-255,66,83714,20,176218
13397,0.00146,172.31.36.0-255,66,83780,20,176218
13398,0.001471,172.31.36.0-255,66,83846,20,176218
13399,0.001497,172.217.194.0-255,5738,89584,20,176218
13400,0.001501,172.31.36.0-255,66,89650,20,176218
13401,0.001535,172.31.36.0-255,66,89716,20,176218
13402,0.001548,172.31.36.0-255,66,89782,20,176218
13403,0.00158,172.217.194.0-255,4320,94102,20,176218
13404,0.001583,172.31.36.0-255,66,94168,20,176218
13405,0.001594,172.31.36.0-255,66,94234,20,176218
13406,0.001598,172.217.194.0-255,2902,97136,20,176218
13407,0.0016,172.31.36.0-255,66,97202,20,176218
13408,0.00163,172.217.194.0-255,5020,102222,20,176218
13409,0.001634,172.31.36.0-255,66,102288,20,176218
13410,0.001673,172.217.194.0-255,1484,103772,20,176218
13411,0.001678,172.217.194.0-255,2902,106674,20,176218
13412,0.001681,172.31.36.0-255,66,106740,20,176218
13413,0.001701,172.217.194.0-255,5738,112478,20,176218
13414,0.001706,172.217.194.0-255,4320,116798,20,176218
13415,0.001706,172.31.36.0-255,66,116864,20,176218
13416,0.001709,172.31.36.0-255,66,116930,20,176218
13417,0.001732,172.217.194.0-255,2902,119832,20,176218
13418,0.001736,172.31.36.0-255,66,119898,20,176218
13419,0.00175,172.31.36.0-255,66,119964,20,176218
13420,0.001779,172.217.194.0-255,2902,122866,20,176218
13421,0.001783,172.31.36.0-255,66,122932,20,176218
13422,0.001787,172.217.194.0-255,2184,125116,20,176218
13423,0.001789,172.31.36.0-255,66,125182,20,176218
13424,0.001816,172.217.194.0-255,1484,126666,20,176218
13425,0.001834,172.217.194.0-255,2902,129568,20,176218
13426,0.001837,172.31.36.0-255,66,129634,20,176218
13427,0.001844,172.217.194.0-255,5738,135372,20,176218
13428,0.001846,172.31.36.0-255,66,135438,20,176218
13429,0.001855,172.217.194.0-255,1484,136922,20,176218
13430,0.001891,172.31.36.0-255,66,136988,20,176218
13431,0.001926,172.217.194.0-255,7156,144144,20,176218
13432,0.001929,172.31.36.0-255,66,144210,20,176218
13433,0.001956,172.217.194.0-255,6438,150648,20,176218
13434,0.001961,172.31.36.0-255,66,150714,20,176218
13435,0.001965,172.217.194.0-255,1484,152198,20,176218
13436,0.001982,172.217.194.0-255,1484,153682,20,176218
13437,0.00199,172.31.36.0-255,66,153748,20,176218
13438,0.002005,172.217.194.0-255,1484,155232,20,176218
13439,0.002011,172.217.194.0-255,5738,160970,20,176218
13440,0.002061,172.217.194.0-255,7156,168126,20,176218
13441,0.002087,172.217.194.0-255,2902,171028,20,176218
13442,0.002118,172.217.194.0-255,4320,175348,20,176218
13443,0.002195,172.217.194.0-255,105,175453,20,176218
13444,0.006766,172.31.36.0-255,66,175519,20,176218
13445,0.006772,172.31.36.0-255,66,175585,20,176218
13446,0.006776,172.31.36.0-255,66,175651,20,176218
13447,0.006778,172.31.36.0-255,66,175717,20,176218
13448,0.006781,172.31.36.0-255,66,175783,20,176218
13449,0.006784,172.31.36.0-255,66,175849,20,176218
13450,0.006789,172.31.36.0-255,66,175915,20,176218
13451,0.006792,172.31.36.0-255,66,175981,20,176218
13452,0.006795,172.31.36.0-255,66,176047,20,176218
13453,0.008405,172.31.36.0-255,105,176152,20,176218
13454,0.010644,172.217.194.0-255,66,176218,20,176218
