,TIME,SRC,PACKET_SIZE,CUMULATIVE_PACKET_SIZE,PAGE_NUMBER,TOTAL_PACKET_SIZE
0,0.0,74.125.24.0-255,150,150,71,179665
1,3.1e-05,172.31.40.0-255,66,216,71,179665
2,3.9e-05,74.125.24.0-255,1484,1700,71,179665
3,4.5e-05,172.31.40.0-255,66,1766,71,179665
4,5.1e-05,74.125.24.0-255,2902,4668,71,179665
5,5.4e-05,172.31.40.0-255,66,4734,71,179665
6,6.2e-05,74.125.24.0-255,7156,11890,71,179665
7,6.5e-05,172.31.40.0-255,66,11956,71,179665
8,7.1e-05,74.125.24.0-255,4320,16276,71,179665
9,7.6e-05,172.31.40.0-255,66,16342,71,179665
10,0.00013,172.31.40.0-255,66,16408,71,179665
11,0.000135,74.125.24.0-255,3961,20369,71,179665
12,0.000138,172.31.40.0-255,66,20435,71,179665
13,0.000143,74.125.24.0-255,4320,24755,71,179665
14,0.000146,172.31.40.0-255,66,24821,71,179665
15,0.000149,74.125.24.0-255,1484,26305,71,179665
16,0.000151,172.31.40.0-255,66,26371,71,179665
17,0.000189,172.31.40.0-255,66,26437,71,179665
18,0.000195,74.125.24.0-255,3961,30398,71,179665
19,0.000197,172.31.40.0-255,66,30464,71,179665
20,0.00021,172.31.40.0-255,66,30530,71,179665
21,0.000233,74.125.24.0-255,4242,34772,71,179665
22,0.000235,172.31.40.0-255,66,34838,71,179665
23,0.000377,74.125.24.0-255,131,34969,71,179665
24,0.000381,172.31.40.0-255,66,35035,71,179665
25,0.000478,74.125.24.0-255,1484,36519,71,179665
26,0.000482,172.31.40.0-255,66,36585,71,179665
27,0.000487,74.125.24.0-255,2902,39487,71,179665
28,0.00049,172.31.40.0-255,66,39553,71,179665
29,0.000497,74.125.24.0-255,5738,45291,71,179665
30,0.000499,172.31.40.0-255,66,45357,71,179665
31,0.000531,172.31.40.0-255,66,45423,71,179665
32,0.000555,74.125.24.0-255,5379,50802,71,179665
33,0.000558,172.31.40.0-255,66,50868,71,179665
34,0.000586,74.125.24.0-255,2902,53770,71,179665
35,0.000588,172.31.40.0-255,66,53836,71,179665
36,0.000614,74.125.24.0-255,6797,60633,71,179665
37,0.000617,172.31.40.0-255,66,60699,71,179665
38,0.000671,74.125.24.0-255,1484,62183,71,179665
39,0.000676,74.125.24.0-255,1484,63667,71,179665
40,0.000679,172.31.40.0-255,66,63733,71,179665
41,0.000693,74.125.24.0-255,1484,65217,71,179665
42,0.0007,74.125.24.0-255,5738,70955,71,179665
43,0.000702,172.31.40.0-255,66,71021,71,179665
44,0.000705,74.125.24.0-255,1484,72505,71,179665
45,0.000729,74.125.24.0-255,4320,76825,71,179665
46,0.000734,172.31.40.0-255,66,76891,71,179665
47,0.000746,74.125.24.0-255,4320,81211,71,179665
48,0.000748,172.31.40.0-255,66,81277,71,179665
49,0.000784,172.31.40.0-255,66,81343,71,179665
50,0.000798,74.125.24.0-255,5020,86363,71,179665
51,0.000801,172.31.40.0-255,66,86429,71,179665
52,0.000839,74.125.24.0-255,1484,87913,71,179665
53,0.000844,74.125.24.0-255,2902,90815,71,179665
54,0.000847,74.125.24.0-255,1484,92299,71,179665
55,0.000855,172.31.40.0-255,66,92365,71,179665
56,0.000869,74.125.24.0-255,4320,96685,71,179665
57,0.000872,74.125.24.0-255,1484,98169,71,179665
58,0.000916,74.125.24.0-255,5738,103907,71,179665
59,0.000936,74.125.24.0-255,2902,106809,71,179665
60,0.000955,172.31.40.0-255,66,106875,71,179665
61,0.000967,74.125.24.0-255,6438,113313,71,179665
62,0.000969,74.125.24.0-255,1484,114797,71,179665
63,0.000975,172.31.40.0-255,66,114863,71,179665
64,0.001005,74.125.24.0-255,1484,116347,71,179665
65,0.001017,172.31.40.0-255,66,116413,71,179665
66,0.001058,172.31.40.0-255,66,116479,71,179665
67,0.001221,74.125.24.0-255,1484,117963,71,179665
68,0.001236,74.125.24.0-255,2902,120865,71,179665
69,0.001259,74.125.24.0-255,5738,126603,71,179665
70,0.001264,74.125.24.0-255,4320,130923,71,179665
71,0.00128,74.125.24.0-255,5738,136661,71,179665
72,0.00131,74.125.24.0-255,2184,138845,71,179665
73,0.001425,74.125.24.0-255,1484,140329,71,179665
74,0.00143,74.125.24.0-255,2902,143231,71,179665
75,0.001453,74.125.24.0-255,5738,148969,71,179665
76,0.00148,74.125.24.0-255,4320,153289,71,179665
77,0.001501,74.125.24.0-255,2902,156191,71,179665
78,0.001535,74.125.24.0-255,5738,161929,71,179665
79,0.001561,74.125.24.0-255,1484,163413,71,179665
80,0.001564,74.125.24.0-255,1484,164897,71,179665
81,0.001609,74.125.24.0-255,766,165663,71,179665
82,0.001615,74.125.24.0-255,4320,169983,71,179665
83,0.001699,74.125.24.0-255,5738,175721,71,179665
84,0.001712,74.125.24.0-255,3602,179323,71,179665
85,0.001797,74.125.24.0-255,105,179428,71,179665
86,0.005572,172.31.40.0-255,66,179494,71,179665
87,0.008117,172.31.40.0-255,105,179599,71,179665
88,0.010665,74.125.24.0-255,66,179665,71,179665
89,0.0,172.217.194.0-255,218,218,71,170015
90,1.5e-05,172.31.40.0-255,66,284,71,170015
91,2.2e-05,172.217.194.0-255,1484,1768,71,170015
92,2.6e-05,172.31.40.0-255,66,1834,71,170015
93,3.4e-05,172.217.194.0-255,4320,6154,71,170015
94,4.5e-05,172.31.40.0-255,66,6220,71,170015
95,5.8e-05,172.31.40.0-255,66,6286,71,170015
96,6.8e-05,172.31.40.0-255,66,6352,71,170015
97,0.000104,172.217.194.0-255,6797,13149,71,170015
98,0.000107,172.31.40.0-255,66,13215,71,170015
99,0.00014,172.217.194.0-255,2902,16117,71,170015
100,0.000143,172.31.40.0-255,66,16183,71,170015
101,0.000172,172.217.194.0-255,1484,17667,71,170015
102,0.000174,172.31.40.0-255,66,17733,71,170015
103,0.000183,172.217.194.0-255,5738,23471,71,170015
104,0.000185,172.31.40.0-255,66,23537,71,170015
105,0.000195,172.217.194.0-255,4320,27857,71,170015
106,0.000198,172.31.40.0-255,66,27923,71,170015
107,0.000235,172.31.40.0-255,66,27989,71,170015
108,0.000248,172.31.40.0-255,66,28055,71,170015
109,0.000251,172.217.194.0-255,119,28174,71,170015
110,0.000253,172.31.40.0-255,66,28240,71,170015
111,0.000337,172.217.194.0-255,379,28619,71,170015
112,0.000341,172.31.40.0-255,66,28685,71,170015
113,0.000654,172.217.194.0-255,1484,30169,71,170015
114,0.00066,172.31.40.0-255,66,30235,71,170015
115,0.000666,172.217.194.0-255,2902,33137,71,170015
116,0.000669,172.31.40.0-255,66,33203,71,170015
117,0.00068,172.217.194.0-255,5738,38941,71,170015
118,0.000682,172.31.40.0-255,66,39007,71,170015
119,0.000714,172.217.194.0-255,4320,43327,71,170015
120,0.000717,172.31.40.0-255,66,43393,71,170015
121,0.000761,172.31.40.0-255,66,43459,71,170015
122,0.000779,172.31.40.0-255,66,43525,71,170015
123,0.001044,172.217.194.0-255,1484,45009,71,170015
124,0.001061,172.217.194.0-255,2902,47911,71,170015
125,0.001064,172.31.40.0-255,66,47977,71,170015
126,0.001071,172.217.194.0-255,4320,52297,71,170015
127,0.001073,172.31.40.0-255,66,52363,71,170015
128,0.001097,172.217.194.0-255,1484,53847,71,170015
129,0.001112,172.31.40.0-255,66,53913,71,170015
130,0.001123,172.31.40.0-255,66,53979,71,170015
131,0.001126,172.217.194.0-255,766,54745,71,170015
132,0.001314,172.217.194.0-255,1484,56229,71,170015
133,0.001319,172.31.40.0-255,66,56295,71,170015
134,0.001324,172.217.194.0-255,2902,59197,71,170015
135,0.001326,172.31.40.0-255,66,59263,71,170015
136,0.001331,172.217.194.0-255,4320,63583,71,170015
137,0.001334,172.31.40.0-255,66,63649,71,170015
138,0.001358,172.217.194.0-255,1484,65133,71,170015
139,0.001366,172.217.194.0-255,5738,70871,71,170015
140,0.001368,172.31.40.0-255,66,70937,71,170015
141,0.001385,172.31.40.0-255,66,71003,71,170015
142,0.001411,172.217.194.0-255,1484,72487,71,170015
143,0.001422,172.217.194.0-255,5020,77507,71,170015
144,0.001424,172.31.40.0-255,66,77573,71,170015
145,0.001511,172.217.194.0-255,1484,79057,71,170015
146,0.001517,172.217.194.0-255,2902,81959,71,170015
147,0.001521,172.31.40.0-255,66,82025,71,170015
148,0.001524,172.217.194.0-255,1484,83509,71,170015
149,0.001554,172.217.194.0-255,4320,87829,71,170015
150,0.001557,172.31.40.0-255,66,87895,71,170015
151,0.00156,172.217.194.0-255,1484,89379,71,170015
152,0.0016,172.217.194.0-255,7156,96535,71,170015
153,0.001609,172.31.40.0-255,66,96601,71,170015
154,0.001613,172.31.40.0-255,66,96667,71,170015
155,0.001617,172.217.194.0-255,2902,99569,71,170015
156,0.00162,172.31.40.0-255,66,99635,71,170015
157,0.001626,172.217.194.0-255,766,100401,71,170015
158,0.00182,172.217.194.0-255,1484,101885,71,170015
159,0.001827,172.31.40.0-255,66,101951,71,170015
160,0.001833,172.217.194.0-255,2902,104853,71,170015
161,0.001836,172.31.40.0-255,66,104919,71,170015
162,0.001848,172.217.194.0-255,5738,110657,71,170015
163,0.00185,172.31.40.0-255,66,110723,71,170015
164,0.001856,172.217.194.0-255,5738,116461,71,170015
165,0.001859,172.31.40.0-255,66,116527,71,170015
166,0.001906,172.217.194.0-255,7156,123683,71,170015
167,0.00191,172.31.40.0-255,66,123749,71,170015
168,0.001922,172.31.40.0-255,66,123815,71,170015
169,0.001933,172.217.194.0-255,5738,129553,71,170015
170,0.001936,172.31.40.0-255,66,129619,71,170015
171,0.001972,172.217.194.0-255,6438,136057,71,170015
172,0.001975,172.31.40.0-255,66,136123,71,170015
173,0.001999,172.31.40.0-255,66,136189,71,170015
174,0.002011,172.31.40.0-255,66,136255,71,170015
175,0.002075,172.31.40.0-255,66,136321,71,170015
176,0.002098,172.31.40.0-255,66,136387,71,170015
177,0.002111,172.31.40.0-255,66,136453,71,170015
178,0.002148,172.31.40.0-255,66,136519,71,170015
179,0.002166,172.31.40.0-255,66,136585,71,170015
180,0.002193,172.217.194.0-255,1484,138069,71,170015
181,0.002196,172.217.194.0-255,766,138835,71,170015
182,0.002199,172.31.40.0-255,66,138901,71,170015
183,0.002207,172.217.194.0-255,7156,146057,71,170015
184,0.002209,172.31.40.0-255,66,146123,71,170015
185,0.002214,172.217.194.0-255,4320,150443,71,170015
186,0.002216,172.31.40.0-255,66,150509,71,170015
187,0.002241,172.217.194.0-255,4320,154829,71,170015
188,0.002244,172.31.40.0-255,66,154895,71,170015
189,0.00226,172.31.40.0-255,66,154961,71,170015
190,0.00229,172.217.194.0-255,7156,162117,71,170015
191,0.002293,172.31.40.0-255,66,162183,71,170015
192,0.002308,172.31.40.0-255,66,162249,71,170015
193,0.002319,172.31.40.0-255,66,162315,71,170015
194,0.002322,172.217.194.0-255,97,162412,71,170015
195,0.002344,172.217.194.0-255,105,162517,71,170015
196,0.007038,172.31.40.0-255,101,162618,71,170015
197,0.009202,172.31.40.0-255,105,162723,71,170015
198,0.009748,172.217.194.0-255,66,162789,71,170015
199,0.011903,172.217.194.0-255,66,162855,71,170015
200,0.030301,172.31.40.0-255,172,163027,71,170015
201,0.030336,172.31.40.0-255,1113,164140,71,170015
202,0.030406,172.31.40.0-255,1514,165654,71,170015
203,0.030408,172.31.40.0-255,1514,167168,71,170015
204,0.030414,172.31.40.0-255,1514,168682,71,170015
205,0.030415,172.31.40.0-255,1069,169751,71,170015
206,0.031969,104.244.42.0-255,66,169817,71,170015
207,0.031999,104.244.42.0-255,66,169883,71,170015
208,0.032085,104.244.42.0-255,66,169949,71,170015
209,0.032099,104.244.42.0-255,66,170015,71,170015
210,0.0,216.58.221.0-255,310,310,71,290869
211,1.1e-05,172.31.40.0-255,66,376,71,290869
212,1.6e-05,216.58.221.0-255,1484,1860,71,290869
213,2e-05,172.31.40.0-255,66,1926,71,290869
214,4.6e-05,216.58.221.0-255,4320,6246,71,290869
215,4.8e-05,172.31.40.0-255,66,6312,71,290869
216,5.6e-05,216.58.221.0-255,2902,9214,71,290869
217,5.8e-05,172.31.40.0-255,66,9280,71,290869
218,6.1e-05,216.58.221.0-255,1484,10764,71,290869
219,6.3e-05,172.31.40.0-255,66,10830,71,290869
220,6.7e-05,216.58.221.0-255,2902,13732,71,290869
221,6.9e-05,172.31.40.0-255,66,13798,71,290869
222,9.6e-05,216.58.221.0-255,2095,15893,71,290869
223,9.8e-05,172.31.40.0-255,66,15959,71,290869
224,0.000125,216.58.221.0-255,2902,18861,71,290869
225,0.000127,172.31.40.0-255,66,18927,71,290869
226,0.000135,216.58.221.0-255,7156,26083,71,290869
227,0.000137,172.31.40.0-255,66,26149,71,290869
228,0.000144,216.58.221.0-255,2902,29051,71,290869
229,0.000146,172.31.40.0-255,66,29117,71,290869
230,0.000173,216.58.221.0-255,2543,31660,71,290869
231,0.000175,172.31.40.0-255,66,31726,71,290869
232,0.000256,216.58.221.0-255,1484,33210,71,290869
233,0.000259,172.31.40.0-255,66,33276,71,290869
234,0.000264,216.58.221.0-255,2902,36178,71,290869
235,0.000266,172.31.40.0-255,66,36244,71,290869
236,0.000285,216.58.221.0-255,1484,37728,71,290869
237,0.000286,172.31.40.0-255,66,37794,71,290869
238,0.000297,216.58.221.0-255,4320,42114,71,290869
239,0.000299,172.31.40.0-255,66,42180,71,290869
240,0.000323,216.58.221.0-255,6797,48977,71,290869
241,0.000326,172.31.40.0-255,66,49043,71,290869
242,0.000359,216.58.221.0-255,7156,56199,71,290869
243,0.000361,172.31.40.0-255,66,56265,71,290869
244,0.000371,172.31.40.0-255,66,56331,71,290869
245,0.001026,216.58.221.0-255,138,56469,71,290869
246,0.001208,216.58.221.0-255,1484,57953,71,290869
247,0.001215,172.31.40.0-255,66,58019,71,290869
248,0.001238,216.58.221.0-255,2902,60921,71,290869
249,0.001241,172.31.40.0-255,66,60987,71,290869
250,0.001262,216.58.221.0-255,5738,66725,71,290869
251,0.001265,172.31.40.0-255,66,66791,71,290869
252,0.00127,216.58.221.0-255,4320,71111,71,290869
253,0.001273,172.31.40.0-255,66,71177,71,290869
254,0.001288,216.58.221.0-255,4320,75497,71,290869
255,0.00129,172.31.40.0-255,66,75563,71,290869
256,0.00131,216.58.221.0-255,1125,76688,71,290869
257,0.001335,216.58.221.0-255,1484,78172,71,290869
258,0.001338,172.31.40.0-255,66,78238,71,290869
259,0.001363,216.58.221.0-255,2902,81140,71,290869
260,0.001365,172.31.40.0-255,66,81206,71,290869
261,0.001389,216.58.221.0-255,4320,85526,71,290869
262,0.001391,172.31.40.0-255,66,85592,71,290869
263,0.001415,216.58.221.0-255,1484,87076,71,290869
264,0.00143,216.58.221.0-255,2902,89978,71,290869
265,0.001432,172.31.40.0-255,66,90044,71,290869
266,0.001471,216.58.221.0-255,1125,91169,71,290869
267,0.001554,216.58.221.0-255,1484,92653,71,290869
268,0.001559,172.31.40.0-255,66,92719,71,290869
269,0.001563,216.58.221.0-255,2902,95621,71,290869
270,0.001565,172.31.40.0-255,66,95687,71,290869
271,0.001568,216.58.221.0-255,1484,97171,71,290869
272,0.001589,216.58.221.0-255,4320,101491,71,290869
273,0.001592,172.31.40.0-255,66,101557,71,290869
274,0.001608,216.58.221.0-255,1484,103041,71,290869
275,0.001628,216.58.221.0-255,5738,108779,71,290869
276,0.00163,172.31.40.0-255,66,108845,71,290869
277,0.001632,216.58.221.0-255,1484,110329,71,290869
278,0.001655,172.31.40.0-255,66,110395,71,290869
279,0.001659,216.58.221.0-255,2902,113297,71,290869
280,0.001661,172.31.40.0-255,66,113363,71,290869
281,0.001681,216.58.221.0-255,2184,115547,71,290869
282,0.001686,172.31.40.0-255,66,115613,71,290869
283,0.001734,216.58.221.0-255,1484,117097,71,290869
284,0.001736,216.58.221.0-255,1484,118581,71,290869
285,0.001738,172.31.40.0-255,66,118647,71,290869
286,0.001765,216.58.221.0-255,1484,120131,71,290869
287,0.001768,216.58.221.0-255,1484,121615,71,290869
288,0.001769,172.31.40.0-255,66,121681,71,290869
289,0.001774,216.58.221.0-255,4320,126001,71,290869
290,0.001776,172.31.40.0-255,66,126067,71,290869
291,0.001787,216.58.221.0-255,7156,133223,71,290869
292,0.001789,172.31.40.0-255,66,133289,71,290869
293,0.001807,216.58.221.0-255,1484,134773,71,290869
294,0.001827,216.58.221.0-255,2902,137675,71,290869
295,0.001829,172.31.40.0-255,66,137741,71,290869
296,0.001835,216.58.221.0-255,5738,143479,71,290869
297,0.001837,172.31.40.0-255,66,143545,71,290869
298,0.001868,216.58.221.0-255,2902,146447,71,290869
299,0.00187,172.31.40.0-255,66,146513,71,290869
300,0.001886,216.58.221.0-255,3602,150115,71,290869
301,0.001888,172.31.40.0-255,66,150181,71,290869
302,0.00191,216.58.221.0-255,1484,151665,71,290869
303,0.001922,216.58.221.0-255,2902,154567,71,290869
304,0.001924,172.31.40.0-255,66,154633,71,290869
305,0.001951,216.58.221.0-255,5738,160371,71,290869
306,0.001953,172.31.40.0-255,66,160437,71,290869
307,0.001975,216.58.221.0-255,1484,161921,71,290869
308,0.001985,216.58.221.0-255,1484,163405,71,290869
309,0.001987,172.31.40.0-255,66,163471,71,290869
310,0.002005,216.58.221.0-255,2902,166373,71,290869
311,0.002007,172.31.40.0-255,66,166439,71,290869
312,0.002011,216.58.221.0-255,2902,169341,71,290869
313,0.002013,172.31.40.0-255,66,169407,71,290869
314,0.002039,216.58.221.0-255,2902,172309,71,290869
315,0.002041,172.31.40.0-255,66,172375,71,290869
316,0.002048,216.58.221.0-255,7156,179531,71,290869
317,0.00205,172.31.40.0-255,66,179597,71,290869
318,0.002077,216.58.221.0-255,5020,184617,71,290869
319,0.002079,172.31.40.0-255,66,184683,71,290869
320,0.004124,216.58.221.0-255,1484,186167,71,290869
321,0.004139,216.58.221.0-255,4320,190487,71,290869
322,0.004141,172.31.40.0-255,66,190553,71,290869
323,0.006195,216.58.221.0-255,4320,194873,71,290869
324,0.006203,172.31.40.0-255,66,194939,71,290869
325,0.00623,216.58.221.0-255,1484,196423,71,290869
326,0.008251,216.58.221.0-255,4320,200743,71,290869
327,0.008258,172.31.40.0-255,66,200809,71,290869
328,0.010338,216.58.221.0-255,5738,206547,71,290869
329,0.010344,172.31.40.0-255,66,206613,71,290869
330,0.012401,216.58.221.0-255,5738,212351,71,290869
331,0.012409,172.31.40.0-255,66,212417,71,290869
332,0.014456,216.58.221.0-255,5738,218155,71,290869
333,0.014462,172.31.40.0-255,66,218221,71,290869
334,0.01651,216.58.221.0-255,5738,223959,71,290869
335,0.016517,172.31.40.0-255,66,224025,71,290869
336,0.018569,216.58.221.0-255,5738,229763,71,290869
337,0.018578,172.31.40.0-255,66,229829,71,290869
338,0.020645,216.58.221.0-255,5738,235567,71,290869
339,0.020653,172.31.40.0-255,66,235633,71,290869
340,0.022705,216.58.221.0-255,5738,241371,71,290869
341,0.022713,172.31.40.0-255,66,241437,71,290869
342,0.024793,216.58.221.0-255,5738,247175,71,290869
343,0.0248,172.31.40.0-255,66,247241,71,290869
344,0.026848,216.58.221.0-255,5738,252979,71,290869
345,0.026855,172.31.40.0-255,66,253045,71,290869
346,0.028911,216.58.221.0-255,5738,258783,71,290869
347,0.028917,172.31.40.0-255,66,258849,71,290869
348,0.030982,216.58.221.0-255,5738,264587,71,290869
349,0.030994,172.31.40.0-255,66,264653,71,290869
350,0.033049,216.58.221.0-255,5738,270391,71,290869
351,0.033057,172.31.40.0-255,66,270457,71,290869
352,0.035112,216.58.221.0-255,5738,276195,71,290869
353,0.035119,172.31.40.0-255,66,276261,71,290869
354,0.035194,172.31.40.0-255,172,276433,71,290869
355,0.035223,172.31.40.0-255,1109,277542,71,290869
356,0.035281,172.31.40.0-255,1514,279056,71,290869
357,0.035283,172.31.40.0-255,1293,280349,71,290869
358,0.036816,104.244.42.0-255,66,280415,71,290869
359,0.036914,104.244.42.0-255,66,280481,71,290869
360,0.036967,104.244.42.0-255,66,280547,71,290869
361,0.037175,216.58.221.0-255,4320,284867,71,290869
362,0.03718,172.31.40.0-255,66,284933,71,290869
363,0.037206,216.58.221.0-255,1484,286417,71,290869
364,0.03923,216.58.221.0-255,2902,289319,71,290869
365,0.039235,172.31.40.0-255,66,289385,71,290869
366,0.039258,216.58.221.0-255,1484,290869,71,290869
367,0.0,172.31.40.0-255,66,66,71,66
368,0.0,172.217.194.0-255,150,150,71,249346
369,2.2e-05,172.31.40.0-255,66,216,71,249346
370,5.9e-05,172.217.194.0-255,1484,1700,71,249346
371,6.3e-05,172.31.40.0-255,66,1766,71,249346
372,6.9e-05,172.217.194.0-255,2902,4668,71,249346
373,7.1e-05,172.31.40.0-255,66,4734,71,249346
374,7.7e-05,172.217.194.0-255,4320,9054,71,249346
375,8e-05,172.31.40.0-255,66,9120,71,249346
376,0.000101,172.217.194.0-255,2902,12022,71,249346
377,0.000104,172.31.40.0-255,66,12088,71,249346
378,0.000107,172.217.194.0-255,1484,13572,71,249346
379,0.000108,172.31.40.0-255,66,13638,71,249346
380,0.000122,172.31.40.0-255,66,13704,71,249346
381,0.000128,172.217.194.0-255,6797,20501,71,249346
382,0.000131,172.31.40.0-255,66,20567,71,249346
383,0.000153,172.217.194.0-255,4320,24887,71,249346
384,0.000155,172.31.40.0-255,66,24953,71,249346
385,0.000178,172.217.194.0-255,5738,30691,71,249346
386,0.00018,172.31.40.0-255,66,30757,71,249346
387,0.000204,172.217.194.0-255,6797,37554,71,249346
388,0.000206,172.31.40.0-255,66,37620,71,249346
389,0.000234,172.217.194.0-255,7156,44776,71,249346
390,0.000237,172.31.40.0-255,66,44842,71,249346
391,0.000251,172.217.194.0-255,2902,47744,71,249346
392,0.000253,172.31.40.0-255,66,47810,71,249346
393,0.000284,172.217.194.0-255,6797,54607,71,249346
394,0.000287,172.31.40.0-255,66,54673,71,249346
395,0.000503,172.217.194.0-255,645,55318,71,249346
396,0.000507,172.31.40.0-255,66,55384,71,249346
397,0.000596,172.217.194.0-255,1484,56868,71,249346
398,0.0006,172.31.40.0-255,66,56934,71,249346
399,0.000605,172.217.194.0-255,2902,59836,71,249346
400,0.000608,172.31.40.0-255,66,59902,71,249346
401,0.000613,172.217.194.0-255,2902,62804,71,249346
402,0.000615,172.31.40.0-255,66,62870,71,249346
403,0.00062,172.217.194.0-255,4320,67190,71,249346
404,0.000623,172.31.40.0-255,66,67256,71,249346
405,0.000626,172.217.194.0-255,1484,68740,71,249346
406,0.000656,172.217.194.0-255,7156,75896,71,249346
407,0.00066,172.31.40.0-255,66,75962,71,249346
408,0.000673,172.31.40.0-255,66,76028,71,249346
409,0.000696,172.217.194.0-255,2184,78212,71,249346
410,0.000699,172.31.40.0-255,66,78278,71,249346
411,0.00075,172.217.194.0-255,1484,79762,71,249346
412,0.00077,172.217.194.0-255,2902,82664,71,249346
413,0.000775,172.217.194.0-255,5738,88402,71,249346
414,0.00078,172.31.40.0-255,66,88468,71,249346
415,0.000783,172.31.40.0-255,66,88534,71,249346
416,0.000792,172.217.194.0-255,2902,91436,71,249346
417,0.000795,172.31.40.0-255,66,91502,71,249346
418,0.000834,172.31.40.0-255,66,91568,71,249346
419,0.000848,172.31.40.0-255,66,91634,71,249346
420,0.001023,172.217.194.0-255,1484,93118,71,249346
421,0.001027,172.217.194.0-255,1484,94602,71,249346
422,0.001031,172.31.40.0-255,66,94668,71,249346
423,0.00105,172.217.194.0-255,1484,96152,71,249346
424,0.001057,172.217.194.0-255,5738,101890,71,249346
425,0.001062,172.217.194.0-255,4320,106210,71,249346
426,0.001071,172.31.40.0-255,66,106276,71,249346
427,0.001074,172.31.40.0-255,66,106342,71,249346
428,0.00108,172.217.194.0-255,5738,112080,71,249346
429,0.001083,172.31.40.0-255,66,112146,71,249346
430,0.00113,172.31.40.0-255,66,112212,71,249346
431,0.001148,172.217.194.0-255,2184,114396,71,249346
432,0.001151,172.31.40.0-255,66,114462,71,249346
433,0.002094,172.217.194.0-255,1484,115946,71,249346
434,0.002115,172.217.194.0-255,2902,118848,71,249346
435,0.002119,172.31.40.0-255,66,118914,71,249346
436,0.002147,172.217.194.0-255,2902,121816,71,249346
437,0.00215,172.31.40.0-255,66,121882,71,249346
438,0.002169,172.217.194.0-255,2902,124784,71,249346
439,0.002171,172.31.40.0-255,66,124850,71,249346
440,0.002205,172.217.194.0-255,4320,129170,71,249346
441,0.002207,172.31.40.0-255,66,129236,71,249346
442,0.002224,172.217.194.0-255,5738,134974,71,249346
443,0.002226,172.31.40.0-255,66,135040,71,249346
444,0.002237,172.31.40.0-255,66,135106,71,249346
445,0.002243,172.217.194.0-255,5020,140126,71,249346
446,0.002245,172.31.40.0-255,66,140192,71,249346
447,0.002345,172.217.194.0-255,1484,141676,71,249346
448,0.002359,172.217.194.0-255,2902,144578,71,249346
449,0.002362,172.31.40.0-255,66,144644,71,249346
450,0.002382,172.217.194.0-255,5738,150382,71,249346
451,0.002385,172.31.40.0-255,66,150448,71,249346
452,0.002417,172.31.40.0-255,66,150514,71,249346
453,0.00244,172.217.194.0-255,4320,154834,71,249346
454,0.002442,172.31.40.0-255,66,154900,71,249346
455,0.00245,172.217.194.0-255,7156,162056,71,249346
456,0.002452,172.31.40.0-255,66,162122,71,249346
457,0.002476,172.217.194.0-255,1484,163606,71,249346
458,0.002497,172.31.40.0-255,66,163672,71,249346
459,0.002539,172.31.40.0-255,66,163738,71,249346
460,0.002555,172.31.40.0-255,66,163804,71,249346
461,0.005188,172.217.194.0-255,5738,169542,71,249346
462,0.005196,172.31.40.0-255,66,169608,71,249346
463,0.007808,172.217.194.0-255,5738,175346,71,249346
464,0.007814,172.31.40.0-255,66,175412,71,249346
465,0.010441,172.217.194.0-255,5738,181150,71,249346
466,0.010447,172.31.40.0-255,66,181216,71,249346
467,0.013108,172.217.194.0-255,5738,186954,71,249346
468,0.013119,172.31.40.0-255,66,187020,71,249346
469,0.015753,172.217.194.0-255,5738,192758,71,249346
470,0.015763,172.31.40.0-255,66,192824,71,249346
471,0.018381,172.217.194.0-255,5738,198562,71,249346
472,0.01839,172.31.40.0-255,66,198628,71,249346
473,0.02105,172.217.194.0-255,5738,204366,71,249346
474,0.021059,172.31.40.0-255,66,204432,71,249346
475,0.023689,172.217.194.0-255,5738,210170,71,249346
476,0.023699,172.31.40.0-255,66,210236,71,249346
477,0.026346,172.217.194.0-255,5738,215974,71,249346
478,0.026357,172.31.40.0-255,66,216040,71,249346
479,0.028992,172.217.194.0-255,5738,221778,71,249346
480,0.028999,172.31.40.0-255,66,221844,71,249346
481,0.031661,172.217.194.0-255,5738,227582,71,249346
482,0.03167,172.31.40.0-255,66,227648,71,249346
483,0.033179,172.31.40.0-255,172,227820,71,249346
484,0.033211,172.31.40.0-255,1113,228933,71,249346
485,0.033263,172.31.40.0-255,1514,230447,71,249346
486,0.033265,172.31.40.0-255,1289,231736,71,249346
487,0.034317,172.217.194.0-255,5738,237474,71,249346
488,0.034325,172.31.40.0-255,66,237540,71,249346
489,0.034871,104.244.42.0-255,66,237606,71,249346
490,0.034906,104.244.42.0-255,66,237672,71,249346
491,0.034965,104.244.42.0-255,66,237738,71,249346
492,0.036983,172.217.194.0-255,5738,243476,71,249346
493,0.036988,172.31.40.0-255,66,243542,71,249346
494,0.039627,172.217.194.0-255,5738,249280,71,249346
495,0.039633,172.31.40.0-255,66,249346,71,249346
496,0.0,74.125.200.0-255,153,153,71,233231
497,2.1e-05,172.31.40.0-255,66,219,71,233231
498,2.8e-05,74.125.200.0-255,1484,1703,71,233231
499,3.3e-05,172.31.40.0-255,66,1769,71,233231
500,3.8e-05,74.125.200.0-255,2902,4671,71,233231
501,4.8e-05,172.31.40.0-255,66,4737,71,233231
502,5.6e-05,74.125.200.0-255,5738,10475,71,233231
503,5.9e-05,172.31.40.0-255,66,10541,71,233231
504,6.5e-05,74.125.200.0-255,4938,15479,71,233231
505,6.8e-05,172.31.40.0-255,66,15545,71,233231
506,7.1e-05,74.125.200.0-255,1484,17029,71,233231
507,7.4e-05,172.31.40.0-255,66,17095,71,233231
508,0.000103,74.125.200.0-255,4320,21415,71,233231
509,0.000106,172.31.40.0-255,66,21481,71,233231
510,0.000111,74.125.200.0-255,2902,24383,71,233231
511,0.000114,172.31.40.0-255,66,24449,71,233231
512,0.000144,74.125.200.0-255,6797,31246,71,233231
513,0.000147,172.31.40.0-255,66,31312,71,233231
514,0.000765,74.125.200.0-255,1484,32796,71,233231
515,0.000772,172.31.40.0-255,66,32862,71,233231
516,0.00078,74.125.200.0-255,2902,35764,71,233231
517,0.000783,172.31.40.0-255,66,35830,71,233231
518,0.000793,74.125.200.0-255,2902,38732,71,233231
519,0.000795,172.31.40.0-255,66,38798,71,233231
520,0.000819,74.125.200.0-255,2902,41700,71,233231
521,0.000822,172.31.40.0-255,66,41766,71,233231
522,0.000829,74.125.200.0-255,4320,46086,71,233231
523,0.00083,172.31.40.0-255,66,46152,71,233231
524,0.000855,74.125.200.0-255,2543,48695,71,233231
525,0.000858,172.31.40.0-255,66,48761,71,233231
526,0.000864,74.125.200.0-255,5738,54499,71,233231
527,0.000866,172.31.40.0-255,66,54565,71,233231
528,0.000892,74.125.200.0-255,1484,56049,71,233231
529,0.000897,74.125.200.0-255,2902,58951,71,233231
530,0.000899,172.31.40.0-255,66,59017,71,233231
531,0.000929,74.125.200.0-255,5738,64755,71,233231
532,0.000931,172.31.40.0-255,66,64821,71,233231
533,0.000956,74.125.200.0-255,1400,66221,71,233231
534,0.001238,74.125.200.0-255,130,66351,71,233231
535,0.001279,74.125.200.0-255,1484,67835,71,233231
536,0.001285,172.31.40.0-255,66,67901,71,233231
537,0.00129,74.125.200.0-255,2902,70803,71,233231
538,0.001293,172.31.40.0-255,66,70869,71,233231
539,0.001325,74.125.200.0-255,7156,78025,71,233231
540,0.001327,172.31.40.0-255,66,78091,71,233231
541,0.001331,74.125.200.0-255,2902,80993,71,233231
542,0.001333,172.31.40.0-255,66,81059,71,233231
543,0.001367,74.125.200.0-255,4320,85379,71,233231
544,0.00137,172.31.40.0-255,66,85445,71,233231
545,0.001375,74.125.200.0-255,4320,89765,71,233231
546,0.001377,172.31.40.0-255,66,89831,71,233231
547,0.001409,74.125.200.0-255,4320,94151,71,233231
548,0.001411,172.31.40.0-255,66,94217,71,233231
549,0.001417,74.125.200.0-255,4320,98537,71,233231
550,0.001418,172.31.40.0-255,66,98603,71,233231
551,0.001423,74.125.200.0-255,2184,100787,71,233231
552,0.00143,172.31.40.0-255,66,100853,71,233231
553,0.001756,74.125.200.0-255,1484,102337,71,233231
554,0.001764,74.125.200.0-255,2902,105239,71,233231
555,0.001769,172.31.40.0-255,66,105305,71,233231
556,0.001801,74.125.200.0-255,5738,111043,71,233231
557,0.001804,172.31.40.0-255,66,111109,71,233231
558,0.001811,74.125.200.0-255,7156,118265,71,233231
559,0.001814,172.31.40.0-255,66,118331,71,233231
560,0.001841,74.125.200.0-255,2902,121233,71,233231
561,0.001843,172.31.40.0-255,66,121299,71,233231
562,0.001871,172.31.40.0-255,66,121365,71,233231
563,0.001874,74.125.200.0-255,1484,122849,71,233231
564,0.001897,74.125.200.0-255,766,123615,71,233231
565,0.001899,172.31.40.0-255,66,123681,71,233231
566,0.003879,74.125.200.0-255,2902,126583,71,233231
567,0.003883,172.31.40.0-255,66,126649,71,233231
568,0.003908,74.125.200.0-255,2902,129551,71,233231
569,0.003912,172.31.40.0-255,66,129617,71,233231
570,0.005908,74.125.200.0-255,2902,132519,71,233231
571,0.005914,172.31.40.0-255,66,132585,71,233231
572,0.005946,74.125.200.0-255,2902,135487,71,233231
573,0.00595,172.31.40.0-255,66,135553,71,233231
574,0.007941,74.125.200.0-255,2902,138455,71,233231
575,0.007948,172.31.40.0-255,66,138521,71,233231
576,0.007978,74.125.200.0-255,2902,141423,71,233231
577,0.007981,172.31.40.0-255,66,141489,71,233231
578,0.00997,74.125.200.0-255,2902,144391,71,233231
579,0.009979,172.31.40.0-255,66,144457,71,233231
580,0.010024,74.125.200.0-255,2902,147359,71,233231
581,0.010028,172.31.40.0-255,66,147425,71,233231
582,0.011995,74.125.200.0-255,2902,150327,71,233231
583,0.012002,172.31.40.0-255,66,150393,71,233231
584,0.012045,74.125.200.0-255,2902,153295,71,233231
585,0.012048,172.31.40.0-255,66,153361,71,233231
586,0.014032,74.125.200.0-255,2902,156263,71,233231
587,0.014038,172.31.40.0-255,66,156329,71,233231
588,0.014065,74.125.200.0-255,2902,159231,71,233231
589,0.014067,172.31.40.0-255,66,159297,71,233231
590,0.016062,74.125.200.0-255,5738,165035,71,233231
591,0.01607,172.31.40.0-255,66,165101,71,233231
592,0.018137,74.125.200.0-255,5738,170839,71,233231
593,0.018146,172.31.40.0-255,66,170905,71,233231
594,0.020175,74.125.200.0-255,5738,176643,71,233231
595,0.020182,172.31.40.0-255,66,176709,71,233231
596,0.022198,74.125.200.0-255,5738,182447,71,233231
597,0.022205,172.31.40.0-255,66,182513,71,233231
598,0.024218,74.125.200.0-255,5738,188251,71,233231
599,0.024224,172.31.40.0-255,66,188317,71,233231
600,0.025677,172.31.40.0-255,172,188489,71,233231
601,0.025709,172.31.40.0-255,1111,189600,71,233231
602,0.02577,172.31.40.0-255,1514,191114,71,233231
603,0.025772,172.31.40.0-255,1291,192405,71,233231
604,0.026251,74.125.200.0-255,5738,198143,71,233231
605,0.026258,172.31.40.0-255,66,198209,71,233231
606,0.027228,104.244.42.0-255,66,198275,71,233231
607,0.027264,104.244.42.0-255,66,198341,71,233231
608,0.027365,104.244.42.0-255,66,198407,71,233231
609,0.028283,74.125.200.0-255,5738,204145,71,233231
610,0.028288,172.31.40.0-255,66,204211,71,233231
611,0.030308,74.125.200.0-255,5738,209949,71,233231
612,0.030314,172.31.40.0-255,66,210015,71,233231
613,0.032341,74.125.200.0-255,5738,215753,71,233231
614,0.032346,172.31.40.0-255,66,215819,71,233231
615,0.034371,74.125.200.0-255,5738,221557,71,233231
616,0.034376,172.31.40.0-255,66,221623,71,233231
617,0.036414,74.125.200.0-255,5738,227361,71,233231
618,0.03642,172.31.40.0-255,66,227427,71,233231
619,0.038432,74.125.200.0-255,5738,233165,71,233231
620,0.038441,172.31.40.0-255,66,233231,71,233231
621,0.0,74.125.24.0-255,146,146,71,191801
622,2.5e-05,172.31.40.0-255,66,212,71,191801
623,3.3e-05,74.125.24.0-255,1484,1696,71,191801
624,3.8e-05,172.31.40.0-255,66,1762,71,191801
625,4.4e-05,74.125.24.0-255,2902,4664,71,191801
626,4.8e-05,172.31.40.0-255,66,4730,71,191801
627,5.6e-05,74.125.24.0-255,7156,11886,71,191801
628,5.9e-05,172.31.40.0-255,66,11952,71,191801
629,8.3e-05,74.125.24.0-255,2057,14009,71,191801
630,8.6e-05,172.31.40.0-255,66,14075,71,191801
631,0.000146,74.125.24.0-255,1484,15559,71,191801
632,0.000148,172.31.40.0-255,66,15625,71,191801
633,0.00017,74.125.24.0-255,2902,18527,71,191801
634,0.000173,172.31.40.0-255,66,18593,71,191801
635,0.00018,74.125.24.0-255,2902,21495,71,191801
636,0.000183,172.31.40.0-255,66,21561,71,191801
637,0.000205,74.125.24.0-255,2902,24463,71,191801
638,0.00022,172.31.40.0-255,66,24529,71,191801
639,0.000253,74.125.24.0-255,4320,28849,71,191801
640,0.000256,172.31.40.0-255,66,28915,71,191801
641,0.000275,74.125.24.0-255,2543,31458,71,191801
642,0.000278,172.31.40.0-255,66,31524,71,191801
643,0.000431,74.125.24.0-255,1484,33008,71,191801
644,0.000436,172.31.40.0-255,66,33074,71,191801
645,0.000441,74.125.24.0-255,2902,35976,71,191801
646,0.000444,172.31.40.0-255,66,36042,71,191801
647,0.00047,74.125.24.0-255,4320,40362,71,191801
648,0.000473,172.31.40.0-255,66,40428,71,191801
649,0.00049,74.125.24.0-255,1484,41912,71,191801
650,0.000492,172.31.40.0-255,66,41978,71,191801
651,0.000498,74.125.24.0-255,4320,46298,71,191801
652,0.000501,172.31.40.0-255,66,46364,71,191801
653,0.00052,74.125.24.0-255,2543,48907,71,191801
654,0.000522,172.31.40.0-255,66,48973,71,191801
655,0.000528,74.125.24.0-255,2902,51875,71,191801
656,0.00053,172.31.40.0-255,66,51941,71,191801
657,0.00055,74.125.24.0-255,5738,57679,71,191801
658,0.000553,172.31.40.0-255,66,57745,71,191801
659,0.000597,74.125.24.0-255,2902,60647,71,191801
660,0.0006,172.31.40.0-255,66,60713,71,191801
661,0.00062,74.125.24.0-255,4320,65033,71,191801
662,0.000624,172.31.40.0-255,66,65099,71,191801
663,0.000643,74.125.24.0-255,1434,66533,71,191801
664,0.000648,74.125.24.0-255,110,66643,71,191801
665,0.000665,74.125.24.0-255,332,66975,71,191801
666,0.000668,172.31.40.0-255,66,67041,71,191801
667,0.001195,74.125.24.0-255,1484,68525,71,191801
668,0.001203,74.125.24.0-255,1484,70009,71,191801
669,0.001207,172.31.40.0-255,66,70075,71,191801
670,0.001227,74.125.24.0-255,1484,71559,71,191801
671,0.001234,74.125.24.0-255,5738,77297,71,191801
672,0.001236,172.31.40.0-255,66,77363,71,191801
673,0.001256,74.125.24.0-255,5738,83101,71,191801
674,0.001258,172.31.40.0-255,66,83167,71,191801
675,0.001287,74.125.24.0-255,4320,87487,71,191801
676,0.00129,172.31.40.0-255,66,87553,71,191801
677,0.001303,172.31.40.0-255,66,87619,71,191801
678,0.001307,74.125.24.0-255,2184,89803,71,191801
679,0.001309,172.31.40.0-255,66,89869,71,191801
680,0.003457,74.125.24.0-255,4320,94189,71,191801
681,0.003464,172.31.40.0-255,66,94255,71,191801
682,0.003485,74.125.24.0-255,1484,95739,71,191801
683,0.005626,74.125.24.0-255,4320,100059,71,191801
684,0.00563,172.31.40.0-255,66,100125,71,191801
685,0.007789,74.125.24.0-255,5738,105863,71,191801
686,0.007797,172.31.40.0-255,66,105929,71,191801
687,0.009924,74.125.24.0-255,5738,111667,71,191801
688,0.009932,172.31.40.0-255,66,111733,71,191801
689,0.012098,74.125.24.0-255,1484,113217,71,191801
690,0.012121,74.125.24.0-255,4320,117537,71,191801
691,0.012126,172.31.40.0-255,66,117603,71,191801
692,0.014252,74.125.24.0-255,5738,123341,71,191801
693,0.014262,172.31.40.0-255,66,123407,71,191801
694,0.016392,74.125.24.0-255,5738,129145,71,191801
695,0.016401,172.31.40.0-255,66,129211,71,191801
696,0.01858,74.125.24.0-255,5738,134949,71,191801
697,0.018588,172.31.40.0-255,66,135015,71,191801
698,0.020733,74.125.24.0-255,2902,137917,71,191801
699,0.02074,172.31.40.0-255,66,137983,71,191801
700,0.020757,74.125.24.0-255,2902,140885,71,191801
701,0.02076,172.31.40.0-255,66,140951,71,191801
702,0.022866,74.125.24.0-255,2902,143853,71,191801
703,0.022874,172.31.40.0-255,66,143919,71,191801
704,0.0229,74.125.24.0-255,2902,146821,71,191801
705,0.022903,172.31.40.0-255,66,146887,71,191801
706,0.022988,172.31.40.0-255,172,147059,71,191801
707,0.023015,172.31.40.0-255,1109,148168,71,191801
708,0.023127,172.31.40.0-255,1514,149682,71,191801
709,0.023129,172.31.40.0-255,1293,150975,71,191801
710,0.024656,104.244.42.0-255,66,151041,71,191801
711,0.02469,104.244.42.0-255,66,151107,71,191801
712,0.024805,104.244.42.0-255,66,151173,71,191801
713,0.025078,74.125.24.0-255,5738,156911,71,191801
714,0.025084,172.31.40.0-255,66,156977,71,191801
715,0.027223,74.125.24.0-255,5738,162715,71,191801
716,0.027229,172.31.40.0-255,66,162781,71,191801
717,0.029513,74.125.24.0-255,5738,168519,71,191801
718,0.02952,172.31.40.0-255,66,168585,71,191801
719,0.031661,74.125.24.0-255,5738,174323,71,191801
720,0.031667,172.31.40.0-255,66,174389,71,191801
721,0.03382,74.125.24.0-255,5738,180127,71,191801
722,0.033827,172.31.40.0-255,66,180193,71,191801
723,0.03599,74.125.24.0-255,5738,185931,71,191801
724,0.035997,172.31.40.0-255,66,185997,71,191801
725,0.038153,74.125.24.0-255,5738,191735,71,191801
726,0.038159,172.31.40.0-255,66,191801,71,191801
727,0.0,172.217.194.0-255,157,157,71,231305
728,1.5e-05,172.31.40.0-255,66,223,71,231305
729,2.1e-05,172.217.194.0-255,1484,1707,71,231305
730,2.6e-05,172.31.40.0-255,66,1773,71,231305
731,3.1e-05,172.217.194.0-255,2902,4675,71,231305
732,4.1e-05,172.31.40.0-255,66,4741,71,231305
733,4.8e-05,172.217.194.0-255,7156,11897,71,231305
734,5.1e-05,172.31.40.0-255,66,11963,71,231305
735,5.5e-05,172.217.194.0-255,2090,14053,71,231305
736,5.8e-05,172.31.40.0-255,66,14119,71,231305
737,0.00011,172.31.40.0-255,66,14185,71,231305
738,0.000141,172.217.194.0-255,7156,21341,71,231305
739,0.000144,172.31.40.0-255,66,21407,71,231305
740,0.000147,172.217.194.0-255,1125,22532,71,231305
741,0.000149,172.31.40.0-255,66,22598,71,231305
742,0.000216,172.217.194.0-255,1484,24082,71,231305
743,0.000219,172.31.40.0-255,66,24148,71,231305
744,0.000224,172.217.194.0-255,2902,27050,71,231305
745,0.000226,172.31.40.0-255,66,27116,71,231305
746,0.00023,172.217.194.0-255,1484,28600,71,231305
747,0.000237,172.31.40.0-255,66,28666,71,231305
748,0.000265,172.217.194.0-255,4320,32986,71,231305
749,0.000268,172.31.40.0-255,66,33052,71,231305
750,0.000279,172.31.40.0-255,66,33118,71,231305
751,0.000316,172.217.194.0-255,4320,37438,71,231305
752,0.000318,172.31.40.0-255,66,37504,71,231305
753,0.000356,172.31.40.0-255,66,37570,71,231305
754,0.000359,172.217.194.0-255,366,37936,71,231305
755,0.000361,172.31.40.0-255,66,38002,71,231305
756,0.001195,172.217.194.0-255,376,38378,71,231305
757,0.00124,172.217.194.0-255,1484,39862,71,231305
758,0.001244,172.31.40.0-255,66,39928,71,231305
759,0.001248,172.217.194.0-255,1484,41412,71,231305
760,0.001274,172.217.194.0-255,2902,44314,71,231305
761,0.001277,172.31.40.0-255,66,44380,71,231305
762,0.001282,172.217.194.0-255,4320,48700,71,231305
763,0.001284,172.31.40.0-255,66,48766,71,231305
764,0.001331,172.31.40.0-255,66,48832,71,231305
765,0.001338,172.217.194.0-255,7156,55988,71,231305
766,0.00134,172.31.40.0-255,66,56054,71,231305
767,0.001366,172.217.194.0-255,1484,57538,71,231305
768,0.001372,172.217.194.0-255,5020,62558,71,231305
769,0.001373,172.31.40.0-255,66,62624,71,231305
770,0.001487,172.217.194.0-255,1484,64108,71,231305
771,0.001491,172.217.194.0-255,1484,65592,71,231305
772,0.001493,172.31.40.0-255,66,65658,71,231305
773,0.001524,172.217.194.0-255,1484,67142,71,231305
774,0.00153,172.217.194.0-255,5738,72880,71,231305
775,0.001532,172.31.40.0-255,66,72946,71,231305
776,0.001538,172.217.194.0-255,7156,80102,71,231305
777,0.00154,172.31.40.0-255,66,80168,71,231305
778,0.001571,172.217.194.0-255,4320,84488,71,231305
779,0.001573,172.31.40.0-255,66,84554,71,231305
780,0.001607,172.31.40.0-255,66,84620,71,231305
781,0.00161,172.217.194.0-255,2184,86804,71,231305
782,0.001613,172.31.40.0-255,66,86870,71,231305
783,0.001616,172.217.194.0-255,2902,89772,71,231305
784,0.001618,172.31.40.0-255,66,89838,71,231305
785,0.001625,172.217.194.0-255,7156,96994,71,231305
786,0.001627,172.31.40.0-255,66,97060,71,231305
787,0.001632,172.217.194.0-255,4320,101380,71,231305
788,0.001636,172.31.40.0-255,66,101446,71,231305
789,0.001671,172.31.40.0-255,66,101512,71,231305
790,0.001677,172.217.194.0-255,7156,108668,71,231305
791,0.001682,172.31.40.0-255,66,108734,71,231305
792,0.001703,172.217.194.0-255,766,109500,71,231305
793,0.00173,172.217.194.0-255,1484,110984,71,231305
794,0.001732,172.31.40.0-255,66,111050,71,231305
795,0.001757,172.217.194.0-255,2902,113952,71,231305
796,0.001759,172.31.40.0-255,66,114018,71,231305
797,0.001765,172.217.194.0-255,5738,119756,71,231305
798,0.001767,172.31.40.0-255,66,119822,71,231305
799,0.001771,172.217.194.0-255,4320,124142,71,231305
800,0.001773,172.31.40.0-255,66,124208,71,231305
801,0.001798,172.217.194.0-255,2902,127110,71,231305
802,0.0018,172.31.40.0-255,66,127176,71,231305
803,0.001808,172.217.194.0-255,7156,134332,71,231305
804,0.00181,172.31.40.0-255,66,134398,71,231305
805,0.001832,172.217.194.0-255,1484,135882,71,231305
806,0.001854,172.217.194.0-255,5738,141620,71,231305
807,0.001856,172.31.40.0-255,66,141686,71,231305
808,0.001885,172.31.40.0-255,66,141752,71,231305
809,0.001899,172.217.194.0-255,2184,143936,71,231305
810,0.001905,172.31.40.0-255,66,144002,71,231305
811,0.001916,172.31.40.0-255,66,144068,71,231305
812,0.001941,172.217.194.0-255,2902,146970,71,231305
813,0.001944,172.31.40.0-255,66,147036,71,231305
814,0.001954,172.31.40.0-255,66,147102,71,231305
815,0.001956,172.217.194.0-255,1484,148586,71,231305
816,0.001961,172.217.194.0-255,2902,151488,71,231305
817,0.001963,172.31.40.0-255,66,151554,71,231305
818,0.001986,172.217.194.0-255,5738,157292,71,231305
819,0.001989,172.31.40.0-255,66,157358,71,231305
820,0.001995,172.217.194.0-255,5738,163096,71,231305
821,0.002001,172.31.40.0-255,66,163162,71,231305
822,0.002024,172.217.194.0-255,4320,167482,71,231305
823,0.002027,172.31.40.0-255,66,167548,71,231305
824,0.002053,172.217.194.0-255,5738,173286,71,231305
825,0.002056,172.31.40.0-255,66,173352,71,231305
826,0.002092,172.31.40.0-255,66,173418,71,231305
827,0.002174,172.217.194.0-255,1484,174902,71,231305
828,0.002179,172.217.194.0-255,2902,177804,71,231305
829,0.002181,172.31.40.0-255,66,177870,71,231305
830,0.002208,172.217.194.0-255,5738,183608,71,231305
831,0.002211,172.31.40.0-255,66,183674,71,231305
832,0.002216,172.217.194.0-255,5738,189412,71,231305
833,0.002219,172.31.40.0-255,66,189478,71,231305
834,0.002253,172.217.194.0-255,7156,196634,71,231305
835,0.002256,172.31.40.0-255,66,196700,71,231305
836,0.002259,172.217.194.0-255,1484,198184,71,231305
837,0.002316,172.31.40.0-255,66,198250,71,231305
838,0.00235,172.31.40.0-255,66,198316,71,231305
839,0.002369,172.31.40.0-255,66,198382,71,231305
840,0.002385,172.31.40.0-255,66,198448,71,231305
841,0.00243,172.217.194.0-255,7156,205604,71,231305
842,0.002433,172.31.40.0-255,66,205670,71,231305
843,0.002444,172.31.40.0-255,66,205736,71,231305
844,0.004877,172.217.194.0-255,5738,211474,71,231305
845,0.004883,172.31.40.0-255,66,211540,71,231305
846,0.007336,172.217.194.0-255,5738,217278,71,231305
847,0.007341,172.31.40.0-255,66,217344,71,231305
848,0.009789,172.217.194.0-255,5738,223082,71,231305
849,0.009795,172.31.40.0-255,66,223148,71,231305
850,0.012209,172.217.194.0-255,760,223908,71,231305
851,0.014757,172.31.40.0-255,66,223974,71,231305
852,0.014797,172.31.40.0-255,105,224079,71,231305
853,0.0173,172.217.194.0-255,66,224145,71,231305
854,0.026315,172.31.40.0-255,172,224317,71,231305
855,0.02635,172.31.40.0-255,1109,225426,71,231305
856,0.026417,172.31.40.0-255,1514,226940,71,231305
857,0.02644,172.31.40.0-255,1514,228454,71,231305
858,0.026441,172.31.40.0-255,1514,229968,71,231305
859,0.026494,172.31.40.0-255,1073,231041,71,231305
860,0.027994,104.244.42.0-255,66,231107,71,231305
861,0.028026,104.244.42.0-255,66,231173,71,231305
862,0.028126,104.244.42.0-255,66,231239,71,231305
863,0.028178,104.244.42.0-255,66,231305,71,231305
864,0.0,74.125.68.0-255,222,222,71,293084
865,2.2e-05,172.31.40.0-255,66,288,71,293084
866,3e-05,74.125.68.0-255,1484,1772,71,293084
867,3.4e-05,172.31.40.0-255,66,1838,71,293084
868,4.1e-05,74.125.68.0-255,4320,6158,71,293084
869,5.2e-05,172.31.40.0-255,66,6224,71,293084
870,5.8e-05,74.125.68.0-255,5738,11962,71,293084
871,6.2e-05,172.31.40.0-255,66,12028,71,293084
872,0.000115,172.31.40.0-255,66,12094,71,293084
873,0.000142,74.125.68.0-255,5738,17832,71,293084
874,0.000145,172.31.40.0-255,66,17898,71,293084
875,0.000174,74.125.68.0-255,2543,20441,71,293084
876,0.000177,172.31.40.0-255,66,20507,71,293084
877,0.00018,74.125.68.0-255,1484,21991,71,293084
878,0.000182,172.31.40.0-255,66,22057,71,293084
879,0.000206,74.125.68.0-255,2902,24959,71,293084
880,0.000208,172.31.40.0-255,66,25025,71,293084
881,0.000214,74.125.68.0-255,4320,29345,71,293084
882,0.000216,172.31.40.0-255,66,29411,71,293084
883,0.000245,74.125.68.0-255,1484,30895,71,293084
884,0.000247,172.31.40.0-255,66,30961,71,293084
885,0.000254,74.125.68.0-255,5738,36699,71,293084
886,0.000256,172.31.40.0-255,66,36765,71,293084
887,0.000268,74.125.68.0-255,7156,43921,71,293084
888,0.000271,172.31.40.0-255,66,43987,71,293084
889,0.000306,172.31.40.0-255,66,44053,71,293084
890,0.000332,74.125.68.0-255,2184,46237,71,293084
891,0.000335,172.31.40.0-255,66,46303,71,293084
892,0.000338,74.125.68.0-255,442,46745,71,293084
893,0.000339,172.31.40.0-255,66,46811,71,293084
894,0.00037,74.125.68.0-255,331,47142,71,293084
895,0.00064,74.125.68.0-255,1484,48626,71,293084
896,0.000646,172.31.40.0-255,66,48692,71,293084
897,0.000652,74.125.68.0-255,2902,51594,71,293084
898,0.000654,172.31.40.0-255,66,51660,71,293084
899,0.000693,74.125.68.0-255,5738,57398,71,293084
900,0.000697,172.31.40.0-255,66,57464,71,293084
901,0.000702,74.125.68.0-255,4320,61784,71,293084
902,0.000704,172.31.40.0-255,66,61850,71,293084
903,0.000729,74.125.68.0-255,5738,67588,71,293084
904,0.000736,172.31.40.0-255,66,67654,71,293084
905,0.000742,74.125.68.0-255,4320,71974,71,293084
906,0.000744,172.31.40.0-255,66,72040,71,293084
907,0.000768,74.125.68.0-255,2902,74942,71,293084
908,0.000771,172.31.40.0-255,66,75008,71,293084
909,0.000802,74.125.68.0-255,6438,81446,71,293084
910,0.000805,172.31.40.0-255,66,81512,71,293084
911,0.001001,74.125.68.0-255,1484,82996,71,293084
912,0.001006,74.125.68.0-255,1484,84480,71,293084
913,0.001009,172.31.40.0-255,66,84546,71,293084
914,0.001033,74.125.68.0-255,1484,86030,71,293084
915,0.001039,74.125.68.0-255,4320,90350,71,293084
916,0.001045,172.31.40.0-255,66,90416,71,293084
917,0.001053,74.125.68.0-255,1484,91900,71,293084
918,0.001056,74.125.68.0-255,1484,93384,71,293084
919,0.001062,172.31.40.0-255,66,93450,71,293084
920,0.001094,172.31.40.0-255,66,93516,71,293084
921,0.001097,74.125.68.0-255,1484,95000,71,293084
922,0.001119,74.125.68.0-255,1484,96484,71,293084
923,0.001124,74.125.68.0-255,4320,100804,71,293084
924,0.001129,172.31.40.0-255,66,100870,71,293084
925,0.001132,172.31.40.0-255,66,100936,71,293084
926,0.00116,74.125.68.0-255,6438,107374,71,293084
927,0.001167,172.31.40.0-255,66,107440,71,293084
928,0.001364,74.125.68.0-255,1484,108924,71,293084
929,0.001389,74.125.68.0-255,2902,111826,71,293084
930,0.001393,172.31.40.0-255,66,111892,71,293084
931,0.001423,74.125.68.0-255,2902,114794,71,293084
932,0.001426,172.31.40.0-255,66,114860,71,293084
933,0.001432,74.125.68.0-255,4320,119180,71,293084
934,0.001434,172.31.40.0-255,66,119246,71,293084
935,0.001454,74.125.68.0-255,4320,123566,71,293084
936,0.001463,172.31.40.0-255,66,123632,71,293084
937,0.001489,74.125.68.0-255,2902,126534,71,293084
938,0.001491,172.31.40.0-255,66,126600,71,293084
939,0.001496,74.125.68.0-255,2902,129502,71,293084
940,0.001498,172.31.40.0-255,66,129568,71,293084
941,0.001535,74.125.68.0-255,5738,135306,71,293084
942,0.001538,172.31.40.0-255,66,135372,71,293084
943,0.001542,74.125.68.0-255,2902,138274,71,293084
944,0.001544,172.31.40.0-255,66,138340,71,293084
945,0.001563,74.125.68.0-255,3602,141942,71,293084
946,0.00157,172.31.40.0-255,66,142008,71,293084
947,0.001766,74.125.68.0-255,1484,143492,71,293084
948,0.001785,74.125.68.0-255,2902,146394,71,293084
949,0.001789,172.31.40.0-255,66,146460,71,293084
950,0.001821,74.125.68.0-255,4320,150780,71,293084
951,0.001824,172.31.40.0-255,66,150846,71,293084
952,0.001848,74.125.68.0-255,1484,152330,71,293084
953,0.001856,74.125.68.0-255,7156,159486,71,293084
954,0.001858,172.31.40.0-255,66,159552,71,293084
955,0.001885,74.125.68.0-255,4320,163872,71,293084
956,0.001889,74.125.68.0-255,2902,166774,71,293084
957,0.001893,172.31.40.0-255,66,166840,71,293084
958,0.001896,172.31.40.0-255,66,166906,71,293084
959,0.001919,74.125.68.0-255,2902,169808,71,293084
960,0.001922,172.31.40.0-255,66,169874,71,293084
961,0.001931,74.125.68.0-255,2902,172776,71,293084
962,0.001934,172.31.40.0-255,66,172842,71,293084
963,0.001966,74.125.68.0-255,2902,175744,71,293084
964,0.001968,172.31.40.0-255,66,175810,71,293084
965,0.001971,74.125.68.0-255,766,176576,71,293084
966,0.002153,74.125.68.0-255,1484,178060,71,293084
967,0.002157,172.31.40.0-255,66,178126,71,293084
968,0.002182,74.125.68.0-255,2902,181028,71,293084
969,0.002185,172.31.40.0-255,66,181094,71,293084
970,0.002215,74.125.68.0-255,4320,185414,71,293084
971,0.002217,172.31.40.0-255,66,185480,71,293084
972,0.002221,74.125.68.0-255,1484,186964,71,293084
973,0.002246,74.125.68.0-255,4320,191284,71,293084
974,0.002249,172.31.40.0-255,66,191350,71,293084
975,0.002252,74.125.68.0-255,1484,192834,71,293084
976,0.002276,74.125.68.0-255,5738,198572,71,293084
977,0.002279,172.31.40.0-255,66,198638,71,293084
978,0.00231,74.125.68.0-255,2902,201540,71,293084
979,0.002313,172.31.40.0-255,66,201606,71,293084
980,0.002347,172.31.40.0-255,66,201672,71,293084
981,0.00235,74.125.68.0-255,1484,203156,71,293084
982,0.004694,74.125.68.0-255,4320,207476,71,293084
983,0.0047,172.31.40.0-255,66,207542,71,293084
984,0.007053,74.125.68.0-255,5738,213280,71,293084
985,0.00706,172.31.40.0-255,66,213346,71,293084
986,0.009413,74.125.68.0-255,5738,219084,71,293084
987,0.009417,172.31.40.0-255,66,219150,71,293084
988,0.011766,74.125.68.0-255,5738,224888,71,293084
989,0.011773,172.31.40.0-255,66,224954,71,293084
990,0.014123,74.125.68.0-255,5738,230692,71,293084
991,0.01413,172.31.40.0-255,66,230758,71,293084
992,0.016476,74.125.68.0-255,5738,236496,71,293084
993,0.016485,172.31.40.0-255,66,236562,71,293084
994,0.018839,74.125.68.0-255,5738,242300,71,293084
995,0.018847,172.31.40.0-255,66,242366,71,293084
996,0.021204,74.125.68.0-255,5738,248104,71,293084
997,0.021211,172.31.40.0-255,66,248170,71,293084
998,0.023558,74.125.68.0-255,5738,253908,71,293084
999,0.023565,172.31.40.0-255,66,253974,71,293084
1000,0.025905,74.125.68.0-255,5738,259712,71,293084
1001,0.02591,172.31.40.0-255,66,259778,71,293084
1002,0.028261,74.125.68.0-255,5738,265516,71,293084
1003,0.028267,172.31.40.0-255,66,265582,71,293084
1004,0.030073,172.31.40.0-255,172,265754,71,293084
1005,0.030104,172.31.40.0-255,1111,266865,71,293084
1006,0.030163,172.31.40.0-255,1514,268379,71,293084
1007,0.030165,172.31.40.0-255,1291,269670,71,293084
1008,0.030601,74.125.68.0-255,5738,275408,71,293084
1009,0.030608,172.31.40.0-255,66,275474,71,293084
1010,0.031624,104.244.42.0-255,66,275540,71,293084
1011,0.031641,104.244.42.0-255,66,275606,71,293084
1012,0.031717,104.244.42.0-255,66,275672,71,293084
1013,0.032978,74.125.68.0-255,5738,281410,71,293084
1014,0.032982,172.31.40.0-255,66,281476,71,293084
1015,0.035324,74.125.68.0-255,5738,287214,71,293084
1016,0.03533,172.31.40.0-255,66,287280,71,293084
1017,0.03767,74.125.68.0-255,5738,293018,71,293084
1018,0.037677,172.31.40.0-255,66,293084,71,293084
1019,0.0,74.125.68.0-255,148,148,71,191995
1020,2.2e-05,172.31.40.0-255,66,214,71,191995
1021,2.9e-05,74.125.68.0-255,1484,1698,71,191995
1022,3.5e-05,172.31.40.0-255,66,1764,71,191995
1023,4.1e-05,74.125.68.0-255,2902,4666,71,191995
1024,4.4e-05,172.31.40.0-255,66,4732,71,191995
1025,4.8e-05,74.125.68.0-255,1484,6216,71,191995
1026,5e-05,172.31.40.0-255,66,6282,71,191995
1027,7.3e-05,74.125.68.0-255,4320,10602,71,191995
1028,7.6e-05,172.31.40.0-255,66,10668,71,191995
1029,8.1e-05,74.125.68.0-255,3543,14211,71,191995
1030,8.3e-05,172.31.40.0-255,66,14277,71,191995
1031,0.000101,74.125.68.0-255,1484,15761,71,191995
1032,0.000103,172.31.40.0-255,66,15827,71,191995
1033,0.000123,74.125.68.0-255,2902,18729,71,191995
1034,0.000126,172.31.40.0-255,66,18795,71,191995
1035,0.000157,74.125.68.0-255,2902,21697,71,191995
1036,0.000159,172.31.40.0-255,66,21763,71,191995
1037,0.000187,74.125.68.0-255,7156,28919,71,191995
1038,0.00019,172.31.40.0-255,66,28985,71,191995
1039,0.000201,172.31.40.0-255,66,29051,71,191995
1040,0.000217,74.125.68.0-255,1484,30535,71,191995
1041,0.000219,172.31.40.0-255,66,30601,71,191995
1042,0.000234,74.125.68.0-255,4320,34921,71,191995
1043,0.000236,172.31.40.0-255,66,34987,71,191995
1044,0.000254,74.125.68.0-255,3602,38589,71,191995
1045,0.000256,172.31.40.0-255,66,38655,71,191995
1046,0.00033,74.125.68.0-255,1484,40139,71,191995
1047,0.000335,172.31.40.0-255,66,40205,71,191995
1048,0.000351,74.125.68.0-255,2902,43107,71,191995
1049,0.000354,172.31.40.0-255,66,43173,71,191995
1050,0.00037,74.125.68.0-255,2902,46075,71,191995
1051,0.000372,172.31.40.0-255,66,46141,71,191995
1052,0.000392,74.125.68.0-255,2902,49043,71,191995
1053,0.000395,172.31.40.0-255,66,49109,71,191995
1054,0.000399,74.125.68.0-255,2902,52011,71,191995
1055,0.000401,172.31.40.0-255,66,52077,71,191995
1056,0.000436,74.125.68.0-255,4571,56648,71,191995
1057,0.000439,172.31.40.0-255,66,56714,71,191995
1058,0.001367,74.125.68.0-255,1484,58198,71,191995
1059,0.001379,74.125.68.0-255,2902,61100,71,191995
1060,0.001384,172.31.40.0-255,66,61166,71,191995
1061,0.001391,74.125.68.0-255,4320,65486,71,191995
1062,0.001392,172.31.40.0-255,66,65552,71,191995
1063,0.001436,172.31.40.0-255,66,65618,71,191995
1064,0.001443,74.125.68.0-255,5738,71356,71,191995
1065,0.001445,172.31.40.0-255,66,71422,71,191995
1066,0.001473,74.125.68.0-255,7156,78578,71,191995
1067,0.001476,172.31.40.0-255,66,78644,71,191995
1068,0.001481,74.125.68.0-255,3602,82246,71,191995
1069,0.001483,172.31.40.0-255,66,82312,71,191995
1070,0.00349,74.125.68.0-255,1484,83796,71,191995
1071,0.003508,74.125.68.0-255,4320,88116,71,191995
1072,0.003513,172.31.40.0-255,66,88182,71,191995
1073,0.005539,74.125.68.0-255,5738,93920,71,191995
1074,0.005543,172.31.40.0-255,66,93986,71,191995
1075,0.0076,74.125.68.0-255,5738,99724,71,191995
1076,0.007607,172.31.40.0-255,66,99790,71,191995
1077,0.009645,74.125.68.0-255,5738,105528,71,191995
1078,0.009653,172.31.40.0-255,66,105594,71,191995
1079,0.011693,74.125.68.0-255,5738,111332,71,191995
1080,0.0117,172.31.40.0-255,66,111398,71,191995
1081,0.013733,74.125.68.0-255,5738,117136,71,191995
1082,0.013741,172.31.40.0-255,66,117202,71,191995
1083,0.015779,74.125.68.0-255,5738,122940,71,191995
1084,0.015788,172.31.40.0-255,66,123006,71,191995
1085,0.017817,74.125.68.0-255,5738,128744,71,191995
1086,0.017824,172.31.40.0-255,66,128810,71,191995
1087,0.019847,74.125.68.0-255,5738,134548,71,191995
1088,0.019853,172.31.40.0-255,66,134614,71,191995
1089,0.020661,172.31.40.0-255,172,134786,71,191995
1090,0.020694,172.31.40.0-255,1108,135894,71,191995
1091,0.020753,172.31.40.0-255,1514,137408,71,191995
1092,0.020755,172.31.40.0-255,1514,138922,71,191995
1093,0.020778,172.31.40.0-255,573,139495,71,191995
1094,0.021893,74.125.68.0-255,5738,145233,71,191995
1095,0.0219,172.31.40.0-255,66,145299,71,191995
1096,0.022214,104.244.42.0-255,66,145365,71,191995
1097,0.022263,104.244.42.0-255,66,145431,71,191995
1098,0.022356,104.244.42.0-255,66,145497,71,191995
1099,0.022373,104.244.42.0-255,66,145563,71,191995
1100,0.02394,74.125.68.0-255,5738,151301,71,191995
1101,0.023946,172.31.40.0-255,66,151367,71,191995
1102,0.025976,74.125.68.0-255,5738,157105,71,191995
1103,0.025982,172.31.40.0-255,66,157171,71,191995
1104,0.028029,74.125.68.0-255,5738,162909,71,191995
1105,0.028035,172.31.40.0-255,66,162975,71,191995
1106,0.030069,74.125.68.0-255,5738,168713,71,191995
1107,0.030075,172.31.40.0-255,66,168779,71,191995
1108,0.032114,74.125.68.0-255,5738,174517,71,191995
1109,0.03212,172.31.40.0-255,66,174583,71,191995
1110,0.034211,74.125.68.0-255,5738,180321,71,191995
1111,0.034217,172.31.40.0-255,66,180387,71,191995
1112,0.036258,74.125.68.0-255,5738,186125,71,191995
1113,0.036264,172.31.40.0-255,66,186191,71,191995
1114,0.038309,74.125.68.0-255,5738,191929,71,191995
1115,0.038317,172.31.40.0-255,66,191995,71,191995
1116,0.0,74.125.68.0-255,152,152,71,200253
1117,2.4e-05,172.31.40.0-255,66,218,71,200253
1118,3.1e-05,74.125.68.0-255,1484,1702,71,200253
1119,3.6e-05,172.31.40.0-255,66,1768,71,200253
1120,6.5e-05,74.125.68.0-255,2902,4670,71,200253
1121,6.9e-05,172.31.40.0-255,66,4736,71,200253
1122,7.3e-05,74.125.68.0-255,2902,7638,71,200253
1123,7.6e-05,172.31.40.0-255,66,7704,71,200253
1124,8.9e-05,74.125.68.0-255,1484,9188,71,200253
1125,9.2e-05,172.31.40.0-255,66,9254,71,200253
1126,0.000116,74.125.68.0-255,1484,10738,71,200253
1127,0.000119,172.31.40.0-255,66,10804,71,200253
1128,0.000141,74.125.68.0-255,3519,14323,71,200253
1129,0.000144,172.31.40.0-255,66,14389,71,200253
1130,0.000336,74.125.68.0-255,1484,15873,71,200253
1131,0.00034,172.31.40.0-255,66,15939,71,200253
1132,0.000371,74.125.68.0-255,1484,17423,71,200253
1133,0.000374,172.31.40.0-255,66,17489,71,200253
1134,0.000391,74.125.68.0-255,2902,20391,71,200253
1135,0.000394,172.31.40.0-255,66,20457,71,200253
1136,0.000436,74.125.68.0-255,4320,24777,71,200253
1137,0.000439,172.31.40.0-255,66,24843,71,200253
1138,0.000443,74.125.68.0-255,2902,27745,71,200253
1139,0.000445,172.31.40.0-255,66,27811,71,200253
1140,0.00046,74.125.68.0-255,2902,30713,71,200253
1141,0.000462,172.31.40.0-255,66,30779,71,200253
1142,0.000476,74.125.68.0-255,1125,31904,71,200253
1143,0.000478,172.31.40.0-255,66,31970,71,200253
1144,0.000543,74.125.68.0-255,1484,33454,71,200253
1145,0.000546,172.31.40.0-255,66,33520,71,200253
1146,0.00055,74.125.68.0-255,1484,35004,71,200253
1147,0.000552,172.31.40.0-255,66,35070,71,200253
1148,0.000583,74.125.68.0-255,2902,37972,71,200253
1149,0.000586,172.31.40.0-255,66,38038,71,200253
1150,0.000593,74.125.68.0-255,5738,43776,71,200253
1151,0.000595,172.31.40.0-255,66,43842,71,200253
1152,0.000598,74.125.68.0-255,1484,45326,71,200253
1153,0.000603,74.125.68.0-255,2902,48228,71,200253
1154,0.000606,172.31.40.0-255,66,48294,71,200253
1155,0.000612,74.125.68.0-255,5738,54032,71,200253
1156,0.000615,172.31.40.0-255,66,54098,71,200253
1157,0.000618,74.125.68.0-255,1484,55582,71,200253
1158,0.000637,74.125.68.0-255,2902,58484,71,200253
1159,0.00064,172.31.40.0-255,66,58550,71,200253
1160,0.000671,74.125.68.0-255,2902,61452,71,200253
1161,0.000673,172.31.40.0-255,66,61518,71,200253
1162,0.000687,74.125.68.0-255,1484,63002,71,200253
1163,0.000728,74.125.68.0-255,3602,66604,71,200253
1164,0.000731,172.31.40.0-255,66,66670,71,200253
1165,0.000865,74.125.68.0-255,392,67062,71,200253
1166,0.001082,74.125.68.0-255,117,67179,71,200253
1167,0.001388,74.125.68.0-255,1484,68663,71,200253
1168,0.001393,172.31.40.0-255,66,68729,71,200253
1169,0.001399,74.125.68.0-255,2902,71631,71,200253
1170,0.001402,172.31.40.0-255,66,71697,71,200253
1171,0.001425,74.125.68.0-255,1484,73181,71,200253
1172,0.001443,74.125.68.0-255,2902,76083,71,200253
1173,0.001445,172.31.40.0-255,66,76149,71,200253
1174,0.00145,74.125.68.0-255,2902,79051,71,200253
1175,0.001452,172.31.40.0-255,66,79117,71,200253
1176,0.001467,74.125.68.0-255,2902,82019,71,200253
1177,0.001469,172.31.40.0-255,66,82085,71,200253
1178,0.001472,74.125.68.0-255,1484,83569,71,200253
1179,0.001496,74.125.68.0-255,4320,87889,71,200253
1180,0.001498,172.31.40.0-255,66,87955,71,200253
1181,0.001514,74.125.68.0-255,4320,92275,71,200253
1182,0.001517,172.31.40.0-255,66,92341,71,200253
1183,0.001544,74.125.68.0-255,2902,95243,71,200253
1184,0.001548,74.125.68.0-255,2902,98145,71,200253
1185,0.001551,172.31.40.0-255,66,98211,71,200253
1186,0.001554,172.31.40.0-255,66,98277,71,200253
1187,0.001594,74.125.68.0-255,1484,99761,71,200253
1188,0.001616,74.125.68.0-255,2184,101945,71,200253
1189,0.001619,172.31.40.0-255,66,102011,71,200253
1190,0.003836,74.125.68.0-255,1484,103495,71,200253
1191,0.003892,74.125.68.0-255,4320,107815,71,200253
1192,0.003897,172.31.40.0-255,66,107881,71,200253
1193,0.006186,74.125.68.0-255,5738,113619,71,200253
1194,0.00619,172.31.40.0-255,66,113685,71,200253
1195,0.008473,74.125.68.0-255,5738,119423,71,200253
1196,0.008479,172.31.40.0-255,66,119489,71,200253
1197,0.008584,172.31.40.0-255,101,119590,71,200253
1198,0.010772,74.125.68.0-255,5738,125328,71,200253
1199,0.01078,172.31.40.0-255,66,125394,71,200253
1200,0.010843,74.125.68.0-255,66,125460,71,200253
1201,0.013072,74.125.68.0-255,5738,131198,71,200253
1202,0.013082,172.31.40.0-255,66,131264,71,200253
1203,0.015375,74.125.68.0-255,5738,137002,71,200253
1204,0.015387,172.31.40.0-255,66,137068,71,200253
1205,0.017689,74.125.68.0-255,5738,142806,71,200253
1206,0.017698,172.31.40.0-255,66,142872,71,200253
1207,0.01999,74.125.68.0-255,5738,148610,71,200253
1208,0.019998,172.31.40.0-255,66,148676,71,200253
1209,0.022323,74.125.68.0-255,5738,154414,71,200253
1210,0.022333,172.31.40.0-255,66,154480,71,200253
1211,0.02464,74.125.68.0-255,5738,160218,71,200253
1212,0.024648,172.31.40.0-255,66,160284,71,200253
1213,0.025956,172.31.40.0-255,172,160456,71,200253
1214,0.025999,172.31.40.0-255,1108,161564,71,200253
1215,0.026067,172.31.40.0-255,1514,163078,71,200253
1216,0.026069,172.31.40.0-255,1514,164592,71,200253
1217,0.026093,172.31.40.0-255,573,165165,71,200253
1218,0.026974,74.125.68.0-255,5738,170903,71,200253
1219,0.026982,172.31.40.0-255,66,170969,71,200253
1220,0.027506,104.244.42.0-255,66,171035,71,200253
1221,0.027601,104.244.42.0-255,66,171101,71,200253
1222,0.027627,104.244.42.0-255,66,171167,71,200253
1223,0.027639,104.244.42.0-255,66,171233,71,200253
1224,0.029418,74.125.68.0-255,5738,176971,71,200253
1225,0.029425,172.31.40.0-255,66,177037,71,200253
1226,0.031752,74.125.68.0-255,5738,182775,71,200253
1227,0.031765,172.31.40.0-255,66,182841,71,200253
1228,0.034093,74.125.68.0-255,5738,188579,71,200253
1229,0.0341,172.31.40.0-255,66,188645,71,200253
1230,0.036437,74.125.68.0-255,5738,194383,71,200253
1231,0.036451,172.31.40.0-255,66,194449,71,200253
1232,0.038806,74.125.68.0-255,5738,200187,71,200253
1233,0.038814,172.31.40.0-255,66,200253,71,200253
1234,0.0,172.253.118.0-255,153,153,71,197224
1235,2.2e-05,172.31.40.0-255,66,219,71,197224
1236,2.9e-05,172.253.118.0-255,1484,1703,71,197224
1237,3.3e-05,172.31.40.0-255,66,1769,71,197224
1238,4.7e-05,172.253.118.0-255,2902,4671,71,197224
1239,5e-05,172.31.40.0-255,66,4737,71,197224
1240,5.8e-05,172.253.118.0-255,7156,11893,71,197224
1241,6.2e-05,172.31.40.0-255,66,11959,71,197224
1242,6.6e-05,172.253.118.0-255,2902,14861,71,197224
1243,6.9e-05,172.31.40.0-255,66,14927,71,197224
1244,9.1e-05,172.253.118.0-255,2139,17066,71,197224
1245,9.4e-05,172.31.40.0-255,66,17132,71,197224
1246,0.000105,172.253.118.0-255,5738,22870,71,197224
1247,0.000108,172.31.40.0-255,66,22936,71,197224
1248,0.000121,172.31.40.0-255,66,23002,71,197224
1249,0.000128,172.253.118.0-255,5738,28740,71,197224
1250,0.00013,172.31.40.0-255,66,28806,71,197224
1251,0.000157,172.253.118.0-255,2902,31708,71,197224
1252,0.000164,172.31.40.0-255,66,31774,71,197224
1253,0.00017,172.253.118.0-255,3602,35376,71,197224
1254,0.000173,172.31.40.0-255,66,35442,71,197224
1255,0.000504,172.253.118.0-255,1484,36926,71,197224
1256,0.00051,172.31.40.0-255,66,36992,71,197224
1257,0.000516,172.253.118.0-255,2902,39894,71,197224
1258,0.000519,172.31.40.0-255,66,39960,71,197224
1259,0.000554,172.253.118.0-255,5738,45698,71,197224
1260,0.000557,172.31.40.0-255,66,45764,71,197224
1261,0.000562,172.253.118.0-255,2902,48666,71,197224
1262,0.000564,172.31.40.0-255,66,48732,71,197224
1263,0.000586,172.253.118.0-255,4255,52987,71,197224
1264,0.000593,172.31.40.0-255,66,53053,71,197224
1265,0.000646,172.253.118.0-255,1484,54537,71,197224
1266,0.00065,172.253.118.0-255,2902,57439,71,197224
1267,0.000678,172.31.40.0-255,66,57505,71,197224
1268,0.000684,172.253.118.0-255,5738,63243,71,197224
1269,0.00069,172.253.118.0-255,4320,67563,71,197224
1270,0.000701,172.31.40.0-255,66,67629,71,197224
1271,0.000737,172.253.118.0-255,383,68012,71,197224
1272,0.000762,172.31.40.0-255,66,68078,71,197224
1273,0.001724,172.253.118.0-255,1484,69562,71,197224
1274,0.001734,172.253.118.0-255,2902,72464,71,197224
1275,0.001739,172.31.40.0-255,66,72530,71,197224
1276,0.001747,172.253.118.0-255,5738,78268,71,197224
1277,0.001761,172.253.118.0-255,7156,85424,71,197224
1278,0.001778,172.253.118.0-255,5738,91162,71,197224
1279,0.001825,172.253.118.0-255,2184,93346,71,197224
1280,0.003854,172.31.40.0-255,66,93412,71,197224
1281,0.005864,172.253.118.0-255,5738,99150,71,197224
1282,0.00587,172.31.40.0-255,66,99216,71,197224
1283,0.007879,172.253.118.0-255,5738,104954,71,197224
1284,0.007885,172.31.40.0-255,66,105020,71,197224
1285,0.009897,172.253.118.0-255,5738,110758,71,197224
1286,0.009905,172.31.40.0-255,66,110824,71,197224
1287,0.01191,172.253.118.0-255,5738,116562,71,197224
1288,0.013126,172.31.40.0-255,66,116628,71,197224
1289,0.015143,172.253.118.0-255,5738,122366,71,197224
1290,0.015151,172.31.40.0-255,66,122432,71,197224
1291,0.017154,172.253.118.0-255,5738,128170,71,197224
1292,0.017161,172.31.40.0-255,66,128236,71,197224
1293,0.019172,172.253.118.0-255,5738,133974,71,197224
1294,0.019178,172.31.40.0-255,66,134040,71,197224
1295,0.021194,172.253.118.0-255,5738,139778,71,197224
1296,0.021201,172.31.40.0-255,66,139844,71,197224
1297,0.023209,172.253.118.0-255,5738,145582,71,197224
1298,0.023217,172.31.40.0-255,66,145648,71,197224
1299,0.023263,172.31.40.0-255,172,145820,71,197224
1300,0.023291,172.31.40.0-255,1108,146928,71,197224
1301,0.023413,172.31.40.0-255,1514,148442,71,197224
1302,0.023415,172.31.40.0-255,1514,149956,71,197224
1303,0.023444,172.31.40.0-255,572,150528,71,197224
1304,0.024829,104.244.42.0-255,66,150594,71,197224
1305,0.024875,104.244.42.0-255,66,150660,71,197224
1306,0.02503,104.244.42.0-255,66,150726,71,197224
1307,0.02505,104.244.42.0-255,66,150792,71,197224
1308,0.025231,172.253.118.0-255,5738,156530,71,197224
1309,0.025236,172.31.40.0-255,66,156596,71,197224
1310,0.027279,172.253.118.0-255,5738,162334,71,197224
1311,0.027285,172.31.40.0-255,66,162400,71,197224
1312,0.029296,172.253.118.0-255,5738,168138,71,197224
1313,0.029301,172.31.40.0-255,66,168204,71,197224
1314,0.031301,172.253.118.0-255,5738,173942,71,197224
1315,0.031308,172.31.40.0-255,66,174008,71,197224
1316,0.033321,172.253.118.0-255,5738,179746,71,197224
1317,0.033327,172.31.40.0-255,66,179812,71,197224
1318,0.03535,172.253.118.0-255,5738,185550,71,197224
1319,0.035356,172.31.40.0-255,66,185616,71,197224
1320,0.037368,172.253.118.0-255,5738,191354,71,197224
1321,0.037373,172.31.40.0-255,66,191420,71,197224
1322,0.0394,172.253.118.0-255,5738,197158,71,197224
1323,0.039406,172.31.40.0-255,66,197224,71,197224
1324,0.0,172.217.194.0-255,152,152,71,245424
1325,2.4e-05,172.31.40.0-255,66,218,71,245424
1326,3.2e-05,172.217.194.0-255,1484,1702,71,245424
1327,3.6e-05,172.31.40.0-255,66,1768,71,245424
1328,4.3e-05,172.217.194.0-255,2902,4670,71,245424
1329,4.7e-05,172.31.40.0-255,66,4736,71,245424
1330,6.2e-05,172.217.194.0-255,7156,11892,71,245424
1331,6.5e-05,172.31.40.0-255,66,11958,71,245424
1332,7.1e-05,172.217.194.0-255,3446,15404,71,245424
1333,7.4e-05,172.31.40.0-255,66,15470,71,245424
1334,8.6e-05,172.31.40.0-255,66,15536,71,245424
1335,0.000122,172.217.194.0-255,4320,19856,71,245424
1336,0.000125,172.31.40.0-255,66,19922,71,245424
1337,0.00013,172.217.194.0-255,2543,22465,71,245424
1338,0.000132,172.31.40.0-255,66,22531,71,245424
1339,0.000231,172.217.194.0-255,1484,24015,71,245424
1340,0.000235,172.31.40.0-255,66,24081,71,245424
1341,0.000267,172.217.194.0-255,2902,26983,71,245424
1342,0.00027,172.31.40.0-255,66,27049,71,245424
1343,0.000276,172.217.194.0-255,5738,32787,71,245424
1344,0.000279,172.31.40.0-255,66,32853,71,245424
1345,0.000282,172.217.194.0-255,1484,34337,71,245424
1346,0.000284,172.31.40.0-255,66,34403,71,245424
1347,0.000314,172.217.194.0-255,5379,39782,71,245424
1348,0.000318,172.31.40.0-255,66,39848,71,245424
1349,0.000722,172.217.194.0-255,1484,41332,71,245424
1350,0.000727,172.31.40.0-255,66,41398,71,245424
1351,0.000733,172.217.194.0-255,2902,44300,71,245424
1352,0.000736,172.31.40.0-255,66,44366,71,245424
1353,0.000747,172.217.194.0-255,5738,50104,71,245424
1354,0.000749,172.31.40.0-255,66,50170,71,245424
1355,0.000752,172.217.194.0-255,1484,51654,71,245424
1356,0.000788,172.217.194.0-255,5379,57033,71,245424
1357,0.000791,172.217.194.0-255,645,57678,71,245424
1358,0.000798,172.31.40.0-255,66,57744,71,245424
1359,0.000926,172.217.194.0-255,1484,59228,71,245424
1360,0.00095,172.217.194.0-255,2902,62130,71,245424
1361,0.000956,172.217.194.0-255,5738,67868,71,245424
1362,0.000961,172.31.40.0-255,66,67934,71,245424
1363,0.001001,172.217.194.0-255,2902,70836,71,245424
1364,0.001013,172.31.40.0-255,66,70902,71,245424
1365,0.001053,172.31.40.0-255,66,70968,71,245424
1366,0.00159,172.217.194.0-255,1484,72452,71,245424
1367,0.0016,172.217.194.0-255,2902,75354,71,245424
1368,0.001604,172.31.40.0-255,66,75420,71,245424
1369,0.001613,172.217.194.0-255,5738,81158,71,245424
1370,0.001637,172.217.194.0-255,5738,86896,71,245424
1371,0.001661,172.217.194.0-255,7156,94052,71,245424
1372,0.002057,172.217.194.0-255,1484,95536,71,245424
1373,0.002066,172.217.194.0-255,2902,98438,71,245424
1374,0.002091,172.217.194.0-255,5738,104176,71,245424
1375,0.002128,172.217.194.0-255,1484,105660,71,245424
1376,0.002173,172.217.194.0-255,2902,108562,71,245424
1377,0.002178,172.217.194.0-255,2184,110746,71,245424
1378,0.002399,172.217.194.0-255,1484,112230,71,245424
1379,0.002406,172.217.194.0-255,2902,115132,71,245424
1380,0.002412,172.217.194.0-255,2902,118034,71,245424
1381,0.002428,172.217.194.0-255,2902,120936,71,245424
1382,0.002431,172.217.194.0-255,1484,122420,71,245424
1383,0.002452,172.217.194.0-255,5738,128158,71,245424
1384,0.002457,172.217.194.0-255,2902,131060,71,245424
1385,0.002483,172.217.194.0-255,2184,133244,71,245424
1386,0.002596,172.217.194.0-255,1484,134728,71,245424
1387,0.002617,172.217.194.0-255,2902,137630,71,245424
1388,0.002623,172.217.194.0-255,4320,141950,71,245424
1389,0.002636,172.217.194.0-255,1484,143434,71,245424
1390,0.002643,172.217.194.0-255,7156,150590,71,245424
1391,0.002681,172.217.194.0-255,2184,152774,71,245424
1392,0.002798,172.217.194.0-255,1484,154258,71,245424
1393,0.002811,172.217.194.0-255,2902,157160,71,245424
1394,0.002814,172.217.194.0-255,1484,158644,71,245424
1395,0.002834,172.217.194.0-255,4320,162964,71,245424
1396,0.002837,172.217.194.0-255,1484,164448,71,245424
1397,0.002863,172.217.194.0-255,7156,171604,71,245424
1398,0.002913,172.217.194.0-255,4320,175924,71,245424
1399,0.003106,172.217.194.0-255,1484,177408,71,245424
1400,0.003119,172.217.194.0-255,2902,180310,71,245424
1401,0.003133,172.217.194.0-255,4320,184630,71,245424
1402,0.003147,172.217.194.0-255,1484,186114,71,245424
1403,0.003154,172.217.194.0-255,5738,191852,71,245424
1404,0.003203,172.217.194.0-255,5738,197590,71,245424
1405,0.003227,172.217.194.0-255,5020,202610,71,245424
1406,0.003905,172.217.194.0-255,1484,204094,71,245424
1407,0.003909,172.217.194.0-255,2902,206996,71,245424
1408,0.003925,172.217.194.0-255,2902,209898,71,245424
1409,0.003937,172.217.194.0-255,2902,212800,71,245424
1410,0.003969,172.217.194.0-255,1484,214284,71,245424
1411,0.003983,172.217.194.0-255,4320,218604,71,245424
1412,0.004001,172.217.194.0-255,5020,223624,71,245424
1413,0.004296,172.217.194.0-255,1484,225108,71,245424
1414,0.004309,172.217.194.0-255,2902,228010,71,245424
1415,0.004332,172.217.194.0-255,5738,233748,71,245424
1416,0.004374,172.217.194.0-255,2902,236650,71,245424
1417,0.004394,172.217.194.0-255,5113,241763,71,245424
1418,0.004397,172.217.194.0-255,105,241868,71,245424
1419,0.005748,172.31.40.0-255,66,241934,71,245424
1420,0.007969,172.31.40.0-255,105,242039,71,245424
1421,0.010606,172.217.194.0-255,66,242105,71,245424
1422,0.028497,172.31.40.0-255,167,242272,71,245424
1423,0.028533,172.31.40.0-255,1113,243385,71,245424
1424,0.028591,172.31.40.0-255,1514,244899,71,245424
1425,0.028593,172.31.40.0-255,327,245226,71,245424
1426,0.030088,104.244.42.0-255,66,245292,71,245424
1427,0.030169,104.244.42.0-255,66,245358,71,245424
1428,0.030197,104.244.42.0-255,66,245424,71,245424
1429,0.0,74.125.24.0-255,150,150,71,209537
1430,2.1e-05,172.31.40.0-255,66,216,71,209537
1431,2.7e-05,74.125.24.0-255,1484,1700,71,209537
1432,3.2e-05,172.31.40.0-255,66,1766,71,209537
1433,3.7e-05,74.125.24.0-255,2902,4668,71,209537
1434,4.8e-05,172.31.40.0-255,66,4734,71,209537
1435,5.3e-05,74.125.24.0-255,2902,7636,71,209537
1436,5.6e-05,172.31.40.0-255,66,7702,71,209537
1437,0.000109,172.31.40.0-255,66,7768,71,209537
1438,0.000115,74.125.24.0-255,4320,12088,71,209537
1439,0.000117,172.31.40.0-255,66,12154,71,209537
1440,0.000145,172.31.40.0-255,66,12220,71,209537
1441,0.000178,74.125.24.0-255,2902,15122,71,209537
1442,0.000181,172.31.40.0-255,66,15188,71,209537
1443,0.00021,74.125.24.0-255,4320,19508,71,209537
1444,0.000212,172.31.40.0-255,66,19574,71,209537
1445,0.000223,172.31.40.0-255,66,19640,71,209537
1446,0.000288,74.125.24.0-255,1125,20765,71,209537
1447,0.000291,172.31.40.0-255,66,20831,71,209537
1448,0.000436,74.125.24.0-255,1484,22315,71,209537
1449,0.00044,172.31.40.0-255,66,22381,71,209537
1450,0.000446,74.125.24.0-255,2902,25283,71,209537
1451,0.000448,172.31.40.0-255,66,25349,71,209537
1452,0.00047,74.125.24.0-255,4320,29669,71,209537
1453,0.000473,172.31.40.0-255,66,29735,71,209537
1454,0.000501,74.125.24.0-255,2902,32637,71,209537
1455,0.000503,172.31.40.0-255,66,32703,71,209537
1456,0.000532,74.125.24.0-255,5707,38410,71,209537
1457,0.000535,172.31.40.0-255,66,38476,71,209537
1458,0.000562,74.125.24.0-255,348,38824,71,209537
1459,0.000778,74.125.24.0-255,1484,40308,71,209537
1460,0.000792,74.125.24.0-255,2902,43210,71,209537
1461,0.000808,74.125.24.0-255,5738,48948,71,209537
1462,0.000812,172.31.40.0-255,66,49014,71,209537
1463,0.000822,172.31.40.0-255,66,49080,71,209537
1464,0.000833,74.125.24.0-255,5738,54818,71,209537
1465,0.000865,172.31.40.0-255,66,54884,71,209537
1466,0.000876,74.125.24.0-255,5738,60622,71,209537
1467,0.00089,172.31.40.0-255,66,60688,71,209537
1468,0.000903,74.125.24.0-255,2902,63590,71,209537
1469,0.000925,74.125.24.0-255,1125,64715,71,209537
1470,0.000935,172.31.40.0-255,66,64781,71,209537
1471,0.001704,74.125.24.0-255,1484,66265,71,209537
1472,0.001715,74.125.24.0-255,2902,69167,71,209537
1473,0.001719,172.31.40.0-255,66,69233,71,209537
1474,0.001751,74.125.24.0-255,5738,74971,71,209537
1475,0.001772,74.125.24.0-255,5738,80709,71,209537
1476,0.001789,74.125.24.0-255,1484,82193,71,209537
1477,0.001792,74.125.24.0-255,1484,83677,71,209537
1478,0.001811,74.125.24.0-255,7156,90833,71,209537
1479,0.001848,74.125.24.0-255,4320,95153,71,209537
1480,0.001865,74.125.24.0-255,3602,98755,71,209537
1481,0.002363,74.125.24.0-255,1484,100239,71,209537
1482,0.002411,74.125.24.0-255,2902,103141,71,209537
1483,0.002418,74.125.24.0-255,5738,108879,71,209537
1484,0.00242,74.125.24.0-255,1484,110363,71,209537
1485,0.002437,74.125.24.0-255,2902,113265,71,209537
1486,0.002454,74.125.24.0-255,4320,117585,71,209537
1487,0.002481,74.125.24.0-255,5738,123323,71,209537
1488,0.002492,74.125.24.0-255,2902,126225,71,209537
1489,0.00251,74.125.24.0-255,6438,132663,71,209537
1490,0.006941,172.31.40.0-255,66,132729,71,209537
1491,0.009516,74.125.24.0-255,5738,138467,71,209537
1492,0.009527,172.31.40.0-255,66,138533,71,209537
1493,0.012074,74.125.24.0-255,5738,144271,71,209537
1494,0.012088,172.31.40.0-255,66,144337,71,209537
1495,0.014707,74.125.24.0-255,5738,150075,71,209537
1496,0.01472,172.31.40.0-255,66,150141,71,209537
1497,0.017272,74.125.24.0-255,5738,155879,71,209537
1498,0.017288,172.31.40.0-255,66,155945,71,209537
1499,0.01985,74.125.24.0-255,5738,161683,71,209537
1500,0.019868,172.31.40.0-255,66,161749,71,209537
1501,0.022444,74.125.24.0-255,5738,167487,71,209537
1502,0.022464,172.31.40.0-255,66,167553,71,209537
1503,0.025063,74.125.24.0-255,5738,173291,71,209537
1504,0.025074,172.31.40.0-255,66,173357,71,209537
1505,0.027645,74.125.24.0-255,5738,179095,71,209537
1506,0.027653,172.31.40.0-255,66,179161,71,209537
1507,0.029592,172.31.40.0-255,172,179333,71,209537
1508,0.029626,172.31.40.0-255,1111,180444,71,209537
1509,0.029694,172.31.40.0-255,1514,181958,71,209537
1510,0.029696,172.31.40.0-255,1514,183472,71,209537
1511,0.029697,172.31.40.0-255,1514,184986,71,209537
1512,0.029698,172.31.40.0-255,1071,186057,71,209537
1513,0.030214,74.125.24.0-255,5738,191795,71,209537
1514,0.030222,172.31.40.0-255,66,191861,71,209537
1515,0.031176,104.244.42.0-255,66,191927,71,209537
1516,0.03121,104.244.42.0-255,66,191993,71,209537
1517,0.031267,104.244.42.0-255,66,192059,71,209537
1518,0.031288,104.244.42.0-255,66,192125,71,209537
1519,0.032761,74.125.24.0-255,5738,197863,71,209537
1520,0.032767,172.31.40.0-255,66,197929,71,209537
1521,0.035315,74.125.24.0-255,5738,203667,71,209537
1522,0.035321,172.31.40.0-255,66,203733,71,209537
1523,0.037884,74.125.24.0-255,5738,209471,71,209537
1524,0.03789,172.31.40.0-255,66,209537,71,209537
1525,0.0,74.125.24.0-255,152,152,71,239052
1526,1.6e-05,172.31.40.0-255,66,218,71,239052
1527,2.3e-05,74.125.24.0-255,1484,1702,71,239052
1528,2.7e-05,172.31.40.0-255,66,1768,71,239052
1529,3.4e-05,74.125.24.0-255,2902,4670,71,239052
1530,3.7e-05,172.31.40.0-255,66,4736,71,239052
1531,4e-05,74.125.24.0-255,1484,6220,71,239052
1532,4.2e-05,172.31.40.0-255,66,6286,71,239052
1533,7.4e-05,74.125.24.0-255,5738,12024,71,239052
1534,7.7e-05,172.31.40.0-255,66,12090,71,239052
1535,8.1e-05,74.125.24.0-255,2038,14128,71,239052
1536,8.3e-05,172.31.40.0-255,66,14194,71,239052
1537,8.7e-05,74.125.24.0-255,2902,17096,71,239052
1538,9e-05,172.31.40.0-255,66,17162,71,239052
1539,0.000116,74.125.24.0-255,7156,24318,71,239052
1540,0.000119,172.31.40.0-255,66,24384,71,239052
1541,0.000133,74.125.24.0-255,4320,28704,71,239052
1542,0.000136,172.31.40.0-255,66,28770,71,239052
1543,0.00017,172.31.40.0-255,66,28836,71,239052
1544,0.00019,74.125.24.0-255,4320,33156,71,239052
1545,0.000193,172.31.40.0-255,66,33222,71,239052
1546,0.000215,74.125.24.0-255,6438,39660,71,239052
1547,0.000218,172.31.40.0-255,66,39726,71,239052
1548,0.000291,74.125.24.0-255,1484,41210,71,239052
1549,0.000295,172.31.40.0-255,66,41276,71,239052
1550,0.0003,74.125.24.0-255,2902,44178,71,239052
1551,0.000303,172.31.40.0-255,66,44244,71,239052
1552,0.000306,74.125.24.0-255,1484,45728,71,239052
1553,0.000308,172.31.40.0-255,66,45794,71,239052
1554,0.000326,74.125.24.0-255,4320,50114,71,239052
1555,0.000329,172.31.40.0-255,66,50180,71,239052
1556,0.000333,74.125.24.0-255,2902,53082,71,239052
1557,0.000356,74.125.24.0-255,4274,57356,71,239052
1558,0.000425,74.125.24.0-255,112,57468,71,239052
1559,0.000449,172.31.40.0-255,66,57534,71,239052
1560,0.000467,74.125.24.0-255,1484,59018,71,239052
1561,0.000471,74.125.24.0-255,1484,60502,71,239052
1562,0.000507,74.125.24.0-255,1484,61986,71,239052
1563,0.000515,74.125.24.0-255,5738,67724,71,239052
1564,0.000517,74.125.24.0-255,1484,69208,71,239052
1565,0.00056,74.125.24.0-255,7156,76364,71,239052
1566,0.000575,74.125.24.0-255,2902,79266,71,239052
1567,0.000578,74.125.24.0-255,766,80032,71,239052
1568,0.000617,74.125.24.0-255,1748,81780,71,239052
1569,0.000645,74.125.24.0-255,1484,83264,71,239052
1570,0.00065,74.125.24.0-255,2902,86166,71,239052
1571,0.000675,74.125.24.0-255,5738,91904,71,239052
1572,0.000678,74.125.24.0-255,1484,93388,71,239052
1573,0.000714,74.125.24.0-255,5738,99126,71,239052
1574,0.00073,74.125.24.0-255,2902,102028,71,239052
1575,0.000748,74.125.24.0-255,5738,107766,71,239052
1576,0.000762,74.125.24.0-255,6438,114204,71,239052
1577,0.00085,74.125.24.0-255,1484,115688,71,239052
1578,0.000856,74.125.24.0-255,2902,118590,71,239052
1579,0.000865,172.31.40.0-255,66,118656,71,239052
1580,0.000875,74.125.24.0-255,4320,122976,71,239052
1581,0.000885,172.31.40.0-255,66,123042,71,239052
1582,0.000889,74.125.24.0-255,1484,124526,71,239052
1583,0.000905,74.125.24.0-255,5738,130264,71,239052
1584,0.000919,74.125.24.0-255,2902,133166,71,239052
1585,0.000948,172.31.40.0-255,66,133232,71,239052
1586,0.000955,74.125.24.0-255,5020,138252,71,239052
1587,0.000965,172.31.40.0-255,66,138318,71,239052
1588,0.001075,74.125.24.0-255,1484,139802,71,239052
1589,0.001081,74.125.24.0-255,2902,142704,71,239052
1590,0.001102,172.31.40.0-255,66,142770,71,239052
1591,0.001112,74.125.24.0-255,2902,145672,71,239052
1592,0.001117,172.31.40.0-255,66,145738,71,239052
1593,0.001129,74.125.24.0-255,2902,148640,71,239052
1594,0.00116,74.125.24.0-255,4320,152960,71,239052
1595,0.001164,74.125.24.0-255,2902,155862,71,239052
1596,0.001173,172.31.40.0-255,66,155928,71,239052
1597,0.001214,74.125.24.0-255,4320,160248,71,239052
1598,0.00122,172.31.40.0-255,66,160314,71,239052
1599,0.00123,74.125.24.0-255,3602,163916,71,239052
1600,0.001239,172.31.40.0-255,66,163982,71,239052
1601,0.001255,74.125.24.0-255,1484,165466,71,239052
1602,0.00126,74.125.24.0-255,2902,168368,71,239052
1603,0.001272,172.31.40.0-255,66,168434,71,239052
1604,0.001291,74.125.24.0-255,2902,171336,71,239052
1605,0.001306,74.125.24.0-255,2902,174238,71,239052
1606,0.001314,74.125.24.0-255,7156,181394,71,239052
1607,0.001318,172.31.40.0-255,66,181460,71,239052
1608,0.001338,74.125.24.0-255,5738,187198,71,239052
1609,0.001363,74.125.24.0-255,2184,189382,71,239052
1610,0.001369,172.31.40.0-255,66,189448,71,239052
1611,0.00149,74.125.24.0-255,1484,190932,71,239052
1612,0.001496,74.125.24.0-255,2902,193834,71,239052
1613,0.001505,74.125.24.0-255,1484,195318,71,239052
1614,0.00152,172.31.40.0-255,66,195384,71,239052
1615,0.001526,74.125.24.0-255,4320,199704,71,239052
1616,0.001531,172.31.40.0-255,66,199770,71,239052
1617,0.00157,74.125.24.0-255,2902,202672,71,239052
1618,0.001592,172.31.40.0-255,66,202738,71,239052
1619,0.001649,74.125.24.0-255,1484,204222,71,239052
1620,0.001653,74.125.24.0-255,1484,205706,71,239052
1621,0.001658,172.31.40.0-255,66,205772,71,239052
1622,0.001675,74.125.24.0-255,1484,207256,71,239052
1623,0.00169,74.125.24.0-255,2902,210158,71,239052
1624,0.0017,74.125.24.0-255,2902,213060,71,239052
1625,0.001738,74.125.24.0-255,1484,214544,71,239052
1626,0.001744,74.125.24.0-255,5738,220282,71,239052
1627,0.001746,172.31.40.0-255,66,220348,71,239052
1628,0.00176,74.125.24.0-255,5738,226086,71,239052
1629,0.001765,74.125.24.0-255,5020,231106,71,239052
1630,0.00177,172.31.40.0-255,66,231172,71,239052
1631,0.001798,172.31.40.0-255,66,231238,71,239052
1632,0.001807,74.125.24.0-255,1484,232722,71,239052
1633,0.001907,172.31.40.0-255,66,232788,71,239052
1634,0.001972,172.31.40.0-255,66,232854,71,239052
1635,0.001979,74.125.24.0-255,1484,234338,71,239052
1636,0.00203,172.31.40.0-255,66,234404,71,239052
1637,0.004075,74.125.24.0-255,105,234509,71,239052
1638,0.010024,172.31.40.0-255,66,234575,71,239052
1639,0.010064,172.31.40.0-255,105,234680,71,239052
1640,0.012073,74.125.24.0-255,66,234746,71,239052
1641,0.02725,172.31.40.0-255,192,234938,71,239052
1642,0.027279,172.31.40.0-255,1113,236051,71,239052
1643,0.027329,172.31.40.0-255,1514,237565,71,239052
1644,0.02733,172.31.40.0-255,1289,238854,71,239052
1645,0.028806,104.244.42.0-255,66,238920,71,239052
1646,0.028842,104.244.42.0-255,66,238986,71,239052
1647,0.028885,104.244.42.0-255,66,239052,71,239052
1648,0.0,74.125.200.0-255,153,153,71,220371
1649,1.7e-05,172.31.40.0-255,66,219,71,220371
1650,2.4e-05,74.125.200.0-255,1484,1703,71,220371
1651,2.8e-05,172.31.40.0-255,66,1769,71,220371
1652,3.4e-05,74.125.200.0-255,2902,4671,71,220371
1653,4.5e-05,172.31.40.0-255,66,4737,71,220371
1654,8.2e-05,74.125.200.0-255,5738,10475,71,220371
1655,8.6e-05,172.31.40.0-255,66,10541,71,220371
1656,9.1e-05,74.125.200.0-255,2902,13443,71,220371
1657,9.3e-05,172.31.40.0-255,66,13509,71,220371
1658,9.6e-05,74.125.200.0-255,621,14130,71,220371
1659,0.000102,172.31.40.0-255,66,14196,71,220371
1660,0.000128,74.125.200.0-255,1484,15680,71,220371
1661,0.00013,172.31.40.0-255,66,15746,71,220371
1662,0.000139,74.125.200.0-255,1484,17230,71,220371
1663,0.000141,172.31.40.0-255,66,17296,71,220371
1664,0.000167,74.125.200.0-255,2902,20198,71,220371
1665,0.00017,172.31.40.0-255,66,20264,71,220371
1666,0.000206,172.31.40.0-255,66,20330,71,220371
1667,0.00021,74.125.200.0-255,2543,22873,71,220371
1668,0.000212,172.31.40.0-255,66,22939,71,220371
1669,0.000258,74.125.200.0-255,2902,25841,71,220371
1670,0.000262,172.31.40.0-255,66,25907,71,220371
1671,0.00029,74.125.200.0-255,7156,33063,71,220371
1672,0.000293,172.31.40.0-255,66,33129,71,220371
1673,0.000319,74.125.200.0-255,2902,36031,71,220371
1674,0.000321,172.31.40.0-255,66,36097,71,220371
1675,0.000325,74.125.200.0-255,1484,37581,71,220371
1676,0.000327,172.31.40.0-255,66,37647,71,220371
1677,0.000352,74.125.200.0-255,2543,40190,71,220371
1678,0.000359,172.31.40.0-255,66,40256,71,220371
1679,0.00112,74.125.200.0-255,1484,41740,71,220371
1680,0.00113,74.125.200.0-255,2902,44642,71,220371
1681,0.001133,172.31.40.0-255,66,44708,71,220371
1682,0.00114,74.125.200.0-255,4320,49028,71,220371
1683,0.001142,172.31.40.0-255,66,49094,71,220371
1684,0.001167,74.125.200.0-255,4320,53414,71,220371
1685,0.001169,172.31.40.0-255,66,53480,71,220371
1686,0.001181,74.125.200.0-255,1484,54964,71,220371
1687,0.001185,74.125.200.0-255,2543,57507,71,220371
1688,0.001187,172.31.40.0-255,66,57573,71,220371
1689,0.001227,74.125.200.0-255,1484,59057,71,220371
1690,0.001232,74.125.200.0-255,2902,61959,71,220371
1691,0.001234,172.31.40.0-255,66,62025,71,220371
1692,0.001263,74.125.200.0-255,5738,67763,71,220371
1693,0.001265,172.31.40.0-255,66,67829,71,220371
1694,0.001297,74.125.200.0-255,6797,74626,71,220371
1695,0.0013,172.31.40.0-255,66,74692,71,220371
1696,0.001326,74.125.200.0-255,5738,80430,71,220371
1697,0.001329,172.31.40.0-255,66,80496,71,220371
1698,0.001356,74.125.200.0-255,1484,81980,71,220371
1699,0.001365,74.125.200.0-255,7156,89136,71,220371
1700,0.001368,172.31.40.0-255,66,89202,71,220371
1701,0.001399,74.125.200.0-255,2543,91745,71,220371
1702,0.001401,172.31.40.0-255,66,91811,71,220371
1703,0.001894,74.125.200.0-255,1484,93295,71,220371
1704,0.001905,74.125.200.0-255,2902,96197,71,220371
1705,0.00191,172.31.40.0-255,66,96263,71,220371
1706,0.001944,74.125.200.0-255,5738,102001,71,220371
1707,0.001947,172.31.40.0-255,66,102067,71,220371
1708,0.00196,172.31.40.0-255,66,102133,71,220371
1709,0.001979,172.31.40.0-255,66,102199,71,220371
1710,0.001983,74.125.200.0-255,2184,104383,71,220371
1711,0.001985,172.31.40.0-255,66,104449,71,220371
1712,0.002307,74.125.200.0-255,1484,105933,71,220371
1713,0.002315,74.125.200.0-255,2902,108835,71,220371
1714,0.00232,172.31.40.0-255,66,108901,71,220371
1715,0.002324,74.125.200.0-255,1484,110385,71,220371
1716,0.002353,74.125.200.0-255,2902,113287,71,220371
1717,0.002356,172.31.40.0-255,66,113353,71,220371
1718,0.002386,74.125.200.0-255,1484,114837,71,220371
1719,0.002391,74.125.200.0-255,2902,117739,71,220371
1720,0.002393,172.31.40.0-255,66,117805,71,220371
1721,0.002419,74.125.200.0-255,2902,120707,71,220371
1722,0.002421,172.31.40.0-255,66,120773,71,220371
1723,0.002448,74.125.200.0-255,1484,122257,71,220371
1724,0.002459,172.31.40.0-255,66,122323,71,220371
1725,0.002463,74.125.200.0-255,2902,125225,71,220371
1726,0.002465,172.31.40.0-255,66,125291,71,220371
1727,0.002493,74.125.200.0-255,5020,130311,71,220371
1728,0.002496,172.31.40.0-255,66,130377,71,220371
1729,0.004946,74.125.200.0-255,4320,134697,71,220371
1730,0.004951,172.31.40.0-255,66,134763,71,220371
1731,0.00498,74.125.200.0-255,1484,136247,71,220371
1732,0.007392,74.125.200.0-255,4320,140567,71,220371
1733,0.007398,172.31.40.0-255,66,140633,71,220371
1734,0.009834,74.125.200.0-255,5738,146371,71,220371
1735,0.009842,172.31.40.0-255,66,146437,71,220371
1736,0.012279,74.125.200.0-255,5738,152175,71,220371
1737,0.012288,172.31.40.0-255,66,152241,71,220371
1738,0.014822,74.125.200.0-255,5738,157979,71,220371
1739,0.014833,172.31.40.0-255,66,158045,71,220371
1740,0.017429,74.125.200.0-255,5738,163783,71,220371
1741,0.017437,172.31.40.0-255,66,163849,71,220371
1742,0.01987,74.125.200.0-255,5738,169587,71,220371
1743,0.019879,172.31.40.0-255,66,169653,71,220371
1744,0.022311,74.125.200.0-255,5738,175391,71,220371
1745,0.022318,172.31.40.0-255,66,175457,71,220371
1746,0.024796,74.125.200.0-255,5738,181195,71,220371
1747,0.024804,172.31.40.0-255,66,181261,71,220371
1748,0.026157,172.31.40.0-255,172,181433,71,220371
1749,0.026186,172.31.40.0-255,1113,182546,71,220371
1750,0.026234,172.31.40.0-255,1514,184060,71,220371
1751,0.026236,172.31.40.0-255,1289,185349,71,220371
1752,0.027239,74.125.200.0-255,5738,191087,71,220371
1753,0.027246,172.31.40.0-255,66,191153,71,220371
1754,0.027841,104.244.42.0-255,66,191219,71,220371
1755,0.027877,104.244.42.0-255,66,191285,71,220371
1756,0.027976,104.244.42.0-255,66,191351,71,220371
1757,0.029672,74.125.200.0-255,5738,197089,71,220371
1758,0.029677,172.31.40.0-255,66,197155,71,220371
1759,0.032101,74.125.200.0-255,5738,202893,71,220371
1760,0.032108,172.31.40.0-255,66,202959,71,220371
1761,0.03456,74.125.200.0-255,5738,208697,71,220371
1762,0.034567,172.31.40.0-255,66,208763,71,220371
1763,0.037025,74.125.200.0-255,5738,214501,71,220371
1764,0.037031,172.31.40.0-255,66,214567,71,220371
1765,0.039477,74.125.200.0-255,5738,220305,71,220371
1766,0.039485,172.31.40.0-255,66,220371,71,220371
1767,0.0,172.217.194.0-255,153,153,71,225220
1768,1.4e-05,172.31.40.0-255,66,219,71,225220
1769,2.1e-05,172.217.194.0-255,1484,1703,71,225220
1770,2.5e-05,172.31.40.0-255,66,1769,71,225220
1771,6.2e-05,172.217.194.0-255,2902,4671,71,225220
1772,6.6e-05,172.31.40.0-255,66,4737,71,225220
1773,7.2e-05,172.217.194.0-255,4320,9057,71,225220
1774,7.5e-05,172.31.40.0-255,66,9123,71,225220
1775,7.7e-05,172.217.194.0-255,1484,10607,71,225220
1776,8.4e-05,172.31.40.0-255,66,10673,71,225220
1777,9e-05,172.217.194.0-255,2902,13575,71,225220
1778,9.1e-05,172.31.40.0-255,66,13641,71,225220
1779,0.000115,172.217.194.0-255,682,14323,71,225220
1780,0.000118,172.31.40.0-255,66,14389,71,225220
1781,0.000184,172.217.194.0-255,1484,15873,71,225220
1782,0.000187,172.31.40.0-255,66,15939,71,225220
1783,0.000214,172.217.194.0-255,2902,18841,71,225220
1784,0.000217,172.31.40.0-255,66,18907,71,225220
1785,0.000237,172.217.194.0-255,4320,23227,71,225220
1786,0.000239,172.31.40.0-255,66,23293,71,225220
1787,0.000263,172.217.194.0-255,2902,26195,71,225220
1788,0.000266,172.31.40.0-255,66,26261,71,225220
1789,0.000301,172.217.194.0-255,6797,33058,71,225220
1790,0.000304,172.31.40.0-255,66,33124,71,225220
1791,0.000311,172.217.194.0-255,7156,40280,71,225220
1792,0.000313,172.31.40.0-255,66,40346,71,225220
1793,0.000353,172.31.40.0-255,66,40412,71,225220
1794,0.000364,172.31.40.0-255,66,40478,71,225220
1795,0.000389,172.217.194.0-255,4320,44798,71,225220
1796,0.000391,172.31.40.0-255,66,44864,71,225220
1797,0.000422,172.217.194.0-255,3961,48825,71,225220
1798,0.000424,172.31.40.0-255,66,48891,71,225220
1799,0.000569,172.217.194.0-255,646,49537,71,225220
1800,0.000667,172.217.194.0-255,1484,51021,71,225220
1801,0.000672,172.31.40.0-255,66,51087,71,225220
1802,0.000678,172.217.194.0-255,2902,53989,71,225220
1803,0.00068,172.31.40.0-255,66,54055,71,225220
1804,0.000683,172.217.194.0-255,1484,55539,71,225220
1805,0.000706,172.217.194.0-255,5738,61277,71,225220
1806,0.000713,172.31.40.0-255,66,61343,71,225220
1807,0.000761,172.31.40.0-255,66,61409,71,225220
1808,0.000774,172.217.194.0-255,4320,65729,71,225220
1809,0.000777,172.31.40.0-255,66,65795,71,225220
1810,0.000787,172.217.194.0-255,5738,71533,71,225220
1811,0.00079,172.31.40.0-255,66,71599,71,225220
1812,0.000824,172.217.194.0-255,3602,75201,71,225220
1813,0.000827,172.31.40.0-255,66,75267,71,225220
1814,0.001977,172.217.194.0-255,1484,76751,71,225220
1815,0.001986,172.217.194.0-255,2902,79653,71,225220
1816,0.001992,172.31.40.0-255,66,79719,71,225220
1817,0.002025,172.217.194.0-255,5738,85457,71,225220
1818,0.002028,172.31.40.0-255,66,85523,71,225220
1819,0.002038,172.31.40.0-255,66,85589,71,225220
1820,0.002065,172.217.194.0-255,1484,87073,71,225220
1821,0.002076,172.31.40.0-255,66,87139,71,225220
1822,0.002102,172.217.194.0-255,1484,88623,71,225220
1823,0.002105,172.217.194.0-255,1484,90107,71,225220
1824,0.002108,172.31.40.0-255,66,90173,71,225220
1825,0.002132,172.217.194.0-255,2184,92357,71,225220
1826,0.002135,172.31.40.0-255,66,92423,71,225220
1827,0.003266,172.217.194.0-255,1484,93907,71,225220
1828,0.003279,172.217.194.0-255,2902,96809,71,225220
1829,0.003282,172.31.40.0-255,66,96875,71,225220
1830,0.003288,172.217.194.0-255,4320,101195,71,225220
1831,0.00329,172.31.40.0-255,66,101261,71,225220
1832,0.003317,172.217.194.0-255,1484,102745,71,225220
1833,0.003331,172.31.40.0-255,66,102811,71,225220
1834,0.003366,172.31.40.0-255,66,102877,71,225220
1835,0.00344,172.31.40.0-255,66,102943,71,225220
1836,0.003458,172.31.40.0-255,66,103009,71,225220
1837,0.003471,172.31.40.0-255,66,103075,71,225220
1838,0.003917,172.217.194.0-255,1484,104559,71,225220
1839,0.003925,172.217.194.0-255,2902,107461,71,225220
1840,0.00393,172.31.40.0-255,66,107527,71,225220
1841,0.003968,172.217.194.0-255,5738,113265,71,225220
1842,0.003971,172.31.40.0-255,66,113331,71,225220
1843,0.003974,172.217.194.0-255,1484,114815,71,225220
1844,0.00399,172.31.40.0-255,66,114881,71,225220
1845,0.004041,172.31.40.0-255,66,114947,71,225220
1846,0.004065,172.217.194.0-255,1484,116431,71,225220
1847,0.00409,172.217.194.0-255,2902,119333,71,225220
1848,0.004093,172.31.40.0-255,66,119399,71,225220
1849,0.0041,172.217.194.0-255,5738,125137,71,225220
1850,0.004103,172.31.40.0-255,66,125203,71,225220
1851,0.004105,172.217.194.0-255,1484,126687,71,225220
1852,0.004138,172.217.194.0-255,7156,133843,71,225220
1853,0.004141,172.31.40.0-255,66,133909,71,225220
1854,0.004153,172.217.194.0-255,1484,135393,71,225220
1855,0.004164,172.217.194.0-255,7156,142549,71,225220
1856,0.004167,172.31.40.0-255,66,142615,71,225220
1857,0.004201,172.217.194.0-255,6438,149053,71,225220
1858,0.004204,172.31.40.0-255,66,149119,71,225220
1859,0.004244,172.217.194.0-255,1484,150603,71,225220
1860,0.004263,172.217.194.0-255,2902,153505,71,225220
1861,0.004267,172.31.40.0-255,66,153571,71,225220
1862,0.004271,172.217.194.0-255,1484,155055,71,225220
1863,0.004294,172.217.194.0-255,4320,159375,71,225220
1864,0.004298,172.31.40.0-255,66,159441,71,225220
1865,0.004319,172.217.194.0-255,4320,163761,71,225220
1866,0.004322,172.31.40.0-255,66,163827,71,225220
1867,0.004362,172.31.40.0-255,66,163893,71,225220
1868,0.004368,172.217.194.0-255,5738,169631,71,225220
1869,0.00437,172.31.40.0-255,66,169697,71,225220
1870,0.00438,172.217.194.0-255,5020,174717,71,225220
1871,0.004383,172.31.40.0-255,66,174783,71,225220
1872,0.004988,172.217.194.0-255,1484,176267,71,225220
1873,0.004996,172.217.194.0-255,2902,179169,71,225220
1874,0.005,172.31.40.0-255,66,179235,71,225220
1875,0.005004,172.217.194.0-255,1484,180719,71,225220
1876,0.005031,172.217.194.0-255,4320,185039,71,225220
1877,0.005034,172.31.40.0-255,66,185105,71,225220
1878,0.005072,172.31.40.0-255,66,185171,71,225220
1879,0.005077,172.217.194.0-255,4320,189491,71,225220
1880,0.005079,172.31.40.0-255,66,189557,71,225220
1881,0.005114,172.217.194.0-255,5738,195295,71,225220
1882,0.005117,172.31.40.0-255,66,195361,71,225220
1883,0.005122,172.217.194.0-255,3602,198963,71,225220
1884,0.005124,172.31.40.0-255,66,199029,71,225220
1885,0.005265,172.217.194.0-255,1484,200513,71,225220
1886,0.005293,172.217.194.0-255,2902,203415,71,225220
1887,0.005296,172.31.40.0-255,66,203481,71,225220
1888,0.0053,172.217.194.0-255,1484,204965,71,225220
1889,0.00533,172.217.194.0-255,4320,209285,71,225220
1890,0.005333,172.31.40.0-255,66,209351,71,225220
1891,0.00538,172.217.194.0-255,5738,215089,71,225220
1892,0.005383,172.31.40.0-255,66,215155,71,225220
1893,0.005412,172.217.194.0-255,4320,219475,71,225220
1894,0.005415,172.31.40.0-255,66,219541,71,225220
1895,0.005429,172.31.40.0-255,66,219607,71,225220
1896,0.005445,172.31.40.0-255,66,219673,71,225220
1897,0.005457,172.31.40.0-255,66,219739,71,225220
1898,0.005461,172.217.194.0-255,105,219844,71,225220
1899,0.01159,172.31.40.0-255,66,219910,71,225220
1900,0.011645,172.31.40.0-255,105,220015,71,225220
1901,0.013898,172.217.194.0-255,66,220081,71,225220
1902,0.033953,172.31.40.0-255,167,220248,71,225220
1903,0.033988,172.31.40.0-255,1108,221356,71,225220
1904,0.034053,172.31.40.0-255,1514,222870,71,225220
1905,0.034055,172.31.40.0-255,1514,224384,71,225220
1906,0.034079,172.31.40.0-255,572,224956,71,225220
1907,0.035511,104.244.42.0-255,66,225022,71,225220
1908,0.035579,104.244.42.0-255,66,225088,71,225220
1909,0.035644,104.244.42.0-255,66,225154,71,225220
1910,0.035665,104.244.42.0-255,66,225220,71,225220
1911,0.0,74.125.24.0-255,152,152,71,179979
1912,1.7e-05,172.31.40.0-255,66,218,71,179979
1913,2.3e-05,74.125.24.0-255,1484,1702,71,179979
1914,2.8e-05,172.31.40.0-255,66,1768,71,179979
1915,3.4e-05,74.125.24.0-255,2902,4670,71,179979
1916,3.7e-05,172.31.40.0-255,66,4736,71,179979
1917,4.7e-05,74.125.24.0-255,7156,11892,71,179979
1918,5e-05,172.31.40.0-255,66,11958,71,179979
1919,5.4e-05,74.125.24.0-255,2056,14014,71,179979
1920,5.7e-05,172.31.40.0-255,66,14080,71,179979
1921,6.9e-05,172.31.40.0-255,66,14146,71,179979
1922,9.3e-05,74.125.24.0-255,2902,17048,71,179979
1923,9.5e-05,172.31.40.0-255,66,17114,71,179979
1924,0.000101,74.125.24.0-255,5379,22493,71,179979
1925,0.000104,172.31.40.0-255,66,22559,71,179979
1926,0.000138,74.125.24.0-255,5738,28297,71,179979
1927,0.000141,172.31.40.0-255,66,28363,71,179979
1928,0.000188,74.125.24.0-255,2902,31265,71,179979
1929,0.000191,172.31.40.0-255,66,31331,71,179979
1930,0.000219,172.31.40.0-255,66,31397,71,179979
1931,0.000237,74.125.24.0-255,1484,32881,71,179979
1932,0.000239,172.31.40.0-255,66,32947,71,179979
1933,0.000244,74.125.24.0-255,2902,35849,71,179979
1934,0.000246,172.31.40.0-255,66,35915,71,179979
1935,0.000259,172.31.40.0-255,66,35981,71,179979
1936,0.000351,74.125.24.0-255,111,36092,71,179979
1937,0.000355,172.31.40.0-255,66,36158,71,179979
1938,0.000526,74.125.24.0-255,1484,37642,71,179979
1939,0.00053,172.31.40.0-255,66,37708,71,179979
1940,0.000536,74.125.24.0-255,2902,40610,71,179979
1941,0.000539,172.31.40.0-255,66,40676,71,179979
1942,0.000542,74.125.24.0-255,1484,42160,71,179979
1943,0.00056,74.125.24.0-255,4320,46480,71,179979
1944,0.000563,172.31.40.0-255,66,46546,71,179979
1945,0.000566,74.125.24.0-255,1484,48030,71,179979
1946,0.00059,172.31.40.0-255,66,48096,71,179979
1947,0.00062,74.125.24.0-255,2902,50998,71,179979
1948,0.000633,74.125.24.0-255,1031,52029,71,179979
1949,0.000637,172.31.40.0-255,66,52095,71,179979
1950,0.000783,74.125.24.0-255,1484,53579,71,179979
1951,0.000787,74.125.24.0-255,1484,55063,71,179979
1952,0.00079,172.31.40.0-255,66,55129,71,179979
1953,0.000807,74.125.24.0-255,1484,56613,71,179979
1954,0.000837,74.125.24.0-255,1484,58097,71,179979
1955,0.00084,172.31.40.0-255,66,58163,71,179979
1956,0.000863,74.125.24.0-255,4320,62483,71,179979
1957,0.000871,74.125.24.0-255,7156,69639,71,179979
1958,0.000874,172.31.40.0-255,66,69705,71,179979
1959,0.000879,172.31.40.0-255,66,69771,71,179979
1960,0.000895,74.125.24.0-255,5738,75509,71,179979
1961,0.000898,74.125.24.0-255,1484,76993,71,179979
1962,0.000917,74.125.24.0-255,5738,82731,71,179979
1963,0.000922,172.31.40.0-255,66,82797,71,179979
1964,0.00096,74.125.24.0-255,3602,86399,71,179979
1965,0.000992,74.125.24.0-255,3602,90001,71,179979
1966,0.000999,172.31.40.0-255,66,90067,71,179979
1967,0.001021,74.125.24.0-255,1484,91551,71,179979
1968,0.001026,74.125.24.0-255,2902,94453,71,179979
1969,0.001032,74.125.24.0-255,4320,98773,71,179979
1970,0.001039,172.31.40.0-255,66,98839,71,179979
1971,0.00106,74.125.24.0-255,1484,100323,71,179979
1972,0.001097,74.125.24.0-255,1484,101807,71,179979
1973,0.001117,172.31.40.0-255,66,101873,71,179979
1974,0.001135,74.125.24.0-255,5738,107611,71,179979
1975,0.00115,74.125.24.0-255,5738,113349,71,179979
1976,0.001175,74.125.24.0-255,766,114115,71,179979
1977,0.001187,172.31.40.0-255,66,114181,71,179979
1978,0.00123,74.125.24.0-255,2902,117083,71,179979
1979,0.001245,74.125.24.0-255,4320,121403,71,179979
1980,0.001248,172.31.40.0-255,66,121469,71,179979
1981,0.001315,74.125.24.0-255,4320,125789,71,179979
1982,0.00132,172.31.40.0-255,66,125855,71,179979
1983,0.00136,172.31.40.0-255,66,125921,71,179979
1984,0.001888,74.125.24.0-255,1484,127405,71,179979
1985,0.001894,74.125.24.0-255,2902,130307,71,179979
1986,0.001898,172.31.40.0-255,66,130373,71,179979
1987,0.001906,74.125.24.0-255,5738,136111,71,179979
1988,0.00191,74.125.24.0-255,2902,139013,71,179979
1989,0.001918,172.31.40.0-255,66,139079,71,179979
1990,0.001948,172.31.40.0-255,66,139145,71,179979
1991,0.002048,74.125.24.0-255,1484,140629,71,179979
1992,0.002053,74.125.24.0-255,1484,142113,71,179979
1993,0.002063,74.125.24.0-255,1484,143597,71,179979
1994,0.002069,74.125.24.0-255,5738,149335,71,179979
1995,0.002084,172.31.40.0-255,66,149401,71,179979
1996,0.0021,74.125.24.0-255,7156,156557,71,179979
1997,0.002116,74.125.24.0-255,5738,162295,71,179979
1998,0.002136,172.31.40.0-255,66,162361,71,179979
1999,0.002138,74.125.24.0-255,766,163127,71,179979
2000,0.002172,74.125.24.0-255,7156,170283,71,179979
2001,0.00218,172.31.40.0-255,66,170349,71,179979
2002,0.002229,172.31.40.0-255,66,170415,71,179979
2003,0.002248,74.125.24.0-255,1484,171899,71,179979
2004,0.002289,172.31.40.0-255,66,171965,71,179979
2005,0.002321,74.125.24.0-255,766,172731,71,179979
2006,0.002326,74.125.24.0-255,2616,175347,71,179979
2007,0.002328,74.125.24.0-255,105,175452,71,179979
2008,0.002336,172.31.40.0-255,66,175518,71,179979
2009,0.010072,172.31.40.0-255,105,175623,71,179979
2010,0.012403,74.125.24.0-255,66,175689,71,179979
2011,0.028222,172.31.40.0-255,176,175865,71,179979
2012,0.028261,172.31.40.0-255,1109,176974,71,179979
2013,0.028324,172.31.40.0-255,1514,178488,71,179979
2014,0.028326,172.31.40.0-255,1293,179781,71,179979
2015,0.029881,104.244.42.0-255,66,179847,71,179979
2016,0.029907,104.244.42.0-255,66,179913,71,179979
2017,0.030014,104.244.42.0-255,66,179979,71,179979
2018,0.0,172.217.194.0-255,153,153,71,228962
2019,2.9e-05,172.31.40.0-255,66,219,71,228962
2020,3.6e-05,172.217.194.0-255,1484,1703,71,228962
2021,4.1e-05,172.31.40.0-255,66,1769,71,228962
2022,4.6e-05,172.217.194.0-255,2902,4671,71,228962
2023,4.8e-05,172.31.40.0-255,66,4737,71,228962
2024,5.5e-05,172.217.194.0-255,7156,11893,71,228962
2025,5.9e-05,172.31.40.0-255,66,11959,71,228962
2026,9.7e-05,172.217.194.0-255,2039,13998,71,228962
2027,0.0001,172.31.40.0-255,66,14064,71,228962
2028,0.000116,172.217.194.0-255,5738,19802,71,228962
2029,0.000119,172.31.40.0-255,66,19868,71,228962
2030,0.000147,172.217.194.0-255,5738,25606,71,228962
2031,0.00015,172.31.40.0-255,66,25672,71,228962
2032,0.000166,172.31.40.0-255,66,25738,71,228962
2033,0.000183,172.217.194.0-255,1484,27222,71,228962
2034,0.000186,172.31.40.0-255,66,27288,71,228962
2035,0.00019,172.217.194.0-255,2902,30190,71,228962
2036,0.000192,172.31.40.0-255,66,30256,71,228962
2037,0.000214,172.217.194.0-255,5020,35276,71,228962
2038,0.000217,172.31.40.0-255,66,35342,71,228962
2039,0.000306,172.217.194.0-255,1484,36826,71,228962
2040,0.00031,172.31.40.0-255,66,36892,71,228962
2041,0.000316,172.217.194.0-255,2902,39794,71,228962
2042,0.000319,172.31.40.0-255,66,39860,71,228962
2043,0.000323,172.217.194.0-255,2902,42762,71,228962
2044,0.000327,172.31.40.0-255,66,42828,71,228962
2045,0.000344,172.217.194.0-255,2902,45730,71,228962
2046,0.000347,172.31.40.0-255,66,45796,71,228962
2047,0.000396,172.217.194.0-255,4320,50116,71,228962
2048,0.000401,172.31.40.0-255,66,50182,71,228962
2049,0.000419,172.217.194.0-255,2864,53046,71,228962
2050,0.000422,172.31.40.0-255,66,53112,71,228962
2051,0.000582,172.217.194.0-255,1484,54596,71,228962
2052,0.000608,172.217.194.0-255,2902,57498,71,228962
2053,0.000611,172.31.40.0-255,66,57564,71,228962
2054,0.000618,172.217.194.0-255,5738,63302,71,228962
2055,0.00062,172.31.40.0-255,66,63368,71,228962
2056,0.000648,172.217.194.0-255,5738,69106,71,228962
2057,0.000651,172.31.40.0-255,66,69172,71,228962
2058,0.000684,172.217.194.0-255,5738,74910,71,228962
2059,0.000687,172.31.40.0-255,66,74976,71,228962
2060,0.0007,172.31.40.0-255,66,75042,71,228962
2061,0.000824,172.217.194.0-255,1484,76526,71,228962
2062,0.000828,172.217.194.0-255,1484,78010,71,228962
2063,0.000832,172.31.40.0-255,66,78076,71,228962
2064,0.000852,172.217.194.0-255,1484,79560,71,228962
2065,0.000858,172.217.194.0-255,5738,85298,71,228962
2066,0.000861,172.31.40.0-255,66,85364,71,228962
2067,0.000865,172.217.194.0-255,2902,88266,71,228962
2068,0.000867,172.31.40.0-255,66,88332,71,228962
2069,0.000902,172.31.40.0-255,66,88398,71,228962
2070,0.00093,172.31.40.0-255,66,88464,71,228962
2071,0.001093,172.217.194.0-255,1484,89948,71,228962
2072,0.001112,172.217.194.0-255,2902,92850,71,228962
2073,0.001116,172.31.40.0-255,66,92916,71,228962
2074,0.001139,172.217.194.0-255,5738,98654,71,228962
2075,0.001149,172.31.40.0-255,66,98720,71,228962
2076,0.001167,172.217.194.0-255,4320,103040,71,228962
2077,0.00117,172.31.40.0-255,66,103106,71,228962
2078,0.0012,172.31.40.0-255,66,103172,71,228962
2079,0.001206,172.217.194.0-255,5738,108910,71,228962
2080,0.001209,172.31.40.0-255,66,108976,71,228962
2081,0.001231,172.217.194.0-255,5020,113996,71,228962
2082,0.001234,172.31.40.0-255,66,114062,71,228962
2083,0.001566,172.217.194.0-255,1484,115546,71,228962
2084,0.00158,172.217.194.0-255,2902,118448,71,228962
2085,0.001583,172.31.40.0-255,66,118514,71,228962
2086,0.001591,172.217.194.0-255,5738,124252,71,228962
2087,0.001594,172.31.40.0-255,66,124318,71,228962
2088,0.00162,172.217.194.0-255,2902,127220,71,228962
2089,0.001623,172.31.40.0-255,66,127286,71,228962
2090,0.001651,172.31.40.0-255,66,127352,71,228962
2091,0.001721,172.217.194.0-255,4320,131672,71,228962
2092,0.001725,172.31.40.0-255,66,131738,71,228962
2093,0.001754,172.31.40.0-255,66,131804,71,228962
2094,0.001768,172.31.40.0-255,66,131870,71,228962
2095,0.001778,172.31.40.0-255,66,131936,71,228962
2096,0.001812,172.31.40.0-255,66,132002,71,228962
2097,0.001848,172.217.194.0-255,7156,139158,71,228962
2098,0.00186,172.31.40.0-255,66,139224,71,228962
2099,0.001864,172.31.40.0-255,66,139290,71,228962
2100,0.001891,172.217.194.0-255,1484,140774,71,228962
2101,0.001922,172.31.40.0-255,66,140840,71,228962
2102,0.00194,172.217.194.0-255,1484,142324,71,228962
2103,0.001943,172.217.194.0-255,766,143090,71,228962
2104,0.001945,172.31.40.0-255,66,143156,71,228962
2105,0.0045,172.217.194.0-255,5738,148894,71,228962
2106,0.004507,172.31.40.0-255,66,148960,71,228962
2107,0.007056,172.217.194.0-255,5738,154698,71,228962
2108,0.007059,172.31.40.0-255,66,154764,71,228962
2109,0.009651,172.217.194.0-255,5738,160502,71,228962
2110,0.00966,172.31.40.0-255,66,160568,71,228962
2111,0.012208,172.217.194.0-255,5738,166306,71,228962
2112,0.012217,172.31.40.0-255,66,166372,71,228962
2113,0.014791,172.217.194.0-255,5738,172110,71,228962
2114,0.014799,172.31.40.0-255,66,172176,71,228962
2115,0.017343,172.217.194.0-255,5738,177914,71,228962
2116,0.017355,172.31.40.0-255,66,177980,71,228962
2117,0.019913,172.217.194.0-255,5738,183718,71,228962
2118,0.019921,172.31.40.0-255,66,183784,71,228962
2119,0.022497,172.217.194.0-255,5738,189522,71,228962
2120,0.022504,172.31.40.0-255,66,189588,71,228962
2121,0.025053,172.217.194.0-255,5738,195326,71,228962
2122,0.025059,172.31.40.0-255,66,195392,71,228962
2123,0.025954,172.31.40.0-255,172,195564,71,228962
2124,0.025983,172.31.40.0-255,1113,196677,71,228962
2125,0.02602,172.31.40.0-255,1514,198191,71,228962
2126,0.026022,172.31.40.0-255,1289,199480,71,228962
2127,0.027533,104.244.42.0-255,66,199546,71,228962
2128,0.027539,104.244.42.0-255,66,199612,71,228962
2129,0.027571,104.244.42.0-255,66,199678,71,228962
2130,0.027606,172.217.194.0-255,2902,202580,71,228962
2131,0.027609,172.31.40.0-255,66,202646,71,228962
2132,0.027638,172.217.194.0-255,2902,205548,71,228962
2133,0.027641,172.31.40.0-255,66,205614,71,228962
2134,0.030164,172.217.194.0-255,2902,208516,71,228962
2135,0.03017,172.31.40.0-255,66,208582,71,228962
2136,0.030211,172.217.194.0-255,2902,211484,71,228962
2137,0.030215,172.31.40.0-255,66,211550,71,228962
2138,0.032762,172.217.194.0-255,5738,217288,71,228962
2139,0.032768,172.31.40.0-255,66,217354,71,228962
2140,0.035359,172.217.194.0-255,5738,223092,71,228962
2141,0.035364,172.31.40.0-255,66,223158,71,228962
2142,0.037928,172.217.194.0-255,5738,228896,71,228962
2143,0.037933,172.31.40.0-255,66,228962,71,228962
2144,0.0,74.125.200.0-255,146,146,71,286490
2145,2.1e-05,172.31.40.0-255,66,212,71,286490
2146,2.8e-05,74.125.200.0-255,1484,1696,71,286490
2147,3.4e-05,172.31.40.0-255,66,1762,71,286490
2148,4e-05,74.125.200.0-255,2902,4664,71,286490
2149,4.4e-05,172.31.40.0-255,66,4730,71,286490
2150,5e-05,74.125.200.0-255,4320,9050,71,286490
2151,5.3e-05,172.31.40.0-255,66,9116,71,286490
2152,5.9e-05,74.125.200.0-255,4927,14043,71,286490
2153,6.1e-05,172.31.40.0-255,66,14109,71,286490
2154,9.2e-05,74.125.200.0-255,4320,18429,71,286490
2155,9.6e-05,172.31.40.0-255,66,18495,71,286490
2156,0.000114,74.125.200.0-255,7156,25651,71,286490
2157,0.000117,172.31.40.0-255,66,25717,71,286490
2158,0.000152,74.125.200.0-255,5379,31096,71,286490
2159,0.000155,172.31.40.0-255,66,31162,71,286490
2160,0.000231,74.125.200.0-255,1484,32646,71,286490
2161,0.000235,172.31.40.0-255,66,32712,71,286490
2162,0.00024,74.125.200.0-255,2902,35614,71,286490
2163,0.000242,172.31.40.0-255,66,35680,71,286490
2164,0.000257,74.125.200.0-255,4320,40000,71,286490
2165,0.00026,172.31.40.0-255,66,40066,71,286490
2166,0.000307,74.125.200.0-255,4320,44386,71,286490
2167,0.00031,172.31.40.0-255,66,44452,71,286490
2168,0.000332,74.125.200.0-255,3961,48413,71,286490
2169,0.000335,172.31.40.0-255,66,48479,71,286490
2170,0.000343,74.125.200.0-255,7156,55635,71,286490
2171,0.000346,172.31.40.0-255,66,55701,71,286490
2172,0.000363,74.125.200.0-255,1484,57185,71,286490
2173,0.000365,172.31.40.0-255,66,57251,71,286490
2174,0.000369,74.125.200.0-255,2902,60153,71,286490
2175,0.000371,172.31.40.0-255,66,60219,71,286490
2176,0.000408,74.125.200.0-255,5655,65874,71,286490
2177,0.000411,172.31.40.0-255,66,65940,71,286490
2178,0.000414,74.125.200.0-255,130,66070,71,286490
2179,0.000416,172.31.40.0-255,66,66136,71,286490
2180,0.000477,74.125.200.0-255,1484,67620,71,286490
2181,0.000481,172.31.40.0-255,66,67686,71,286490
2182,0.000484,74.125.200.0-255,1484,69170,71,286490
2183,0.000486,172.31.40.0-255,66,69236,71,286490
2184,0.0005,74.125.200.0-255,1484,70720,71,286490
2185,0.000508,74.125.200.0-255,5738,76458,71,286490
2186,0.000511,172.31.40.0-255,66,76524,71,286490
2187,0.000517,74.125.200.0-255,4320,80844,71,286490
2188,0.000519,172.31.40.0-255,66,80910,71,286490
2189,0.000536,74.125.200.0-255,2543,83453,71,286490
2190,0.000538,172.31.40.0-255,66,83519,71,286490
2191,0.000555,74.125.200.0-255,4320,87839,71,286490
2192,0.000558,172.31.40.0-255,66,87905,71,286490
2193,0.000582,74.125.200.0-255,7156,95061,71,286490
2194,0.000584,172.31.40.0-255,66,95127,71,286490
2195,0.000608,74.125.200.0-255,5379,100506,71,286490
2196,0.00061,172.31.40.0-255,66,100572,71,286490
2197,0.000727,74.125.200.0-255,1484,102056,71,286490
2198,0.000742,74.125.200.0-255,2902,104958,71,286490
2199,0.000745,172.31.40.0-255,66,105024,71,286490
2200,0.000766,74.125.200.0-255,4320,109344,71,286490
2201,0.000769,172.31.40.0-255,66,109410,71,286490
2202,0.000802,74.125.200.0-255,7156,116566,71,286490
2203,0.000805,172.31.40.0-255,66,116632,71,286490
2204,0.00082,74.125.200.0-255,1484,118116,71,286490
2205,0.000842,74.125.200.0-255,7156,125272,71,286490
2206,0.000846,172.31.40.0-255,66,125338,71,286490
2207,0.000863,74.125.200.0-255,2902,128240,71,286490
2208,0.000866,172.31.40.0-255,66,128306,71,286490
2209,0.000871,74.125.200.0-255,2902,131208,71,286490
2210,0.000873,172.31.40.0-255,66,131274,71,286490
2211,0.000878,74.125.200.0-255,3602,134876,71,286490
2212,0.000881,172.31.40.0-255,66,134942,71,286490
2213,0.00094,74.125.200.0-255,1484,136426,71,286490
2214,0.000958,74.125.200.0-255,2902,139328,71,286490
2215,0.000961,172.31.40.0-255,66,139394,71,286490
2216,0.000984,74.125.200.0-255,5738,145132,71,286490
2217,0.000993,172.31.40.0-255,66,145198,71,286490
2218,0.001005,74.125.200.0-255,1484,146682,71,286490
2219,0.001024,74.125.200.0-255,4320,151002,71,286490
2220,0.001027,172.31.40.0-255,66,151068,71,286490
2221,0.001042,74.125.200.0-255,2902,153970,71,286490
2222,0.001056,74.125.200.0-255,1484,155454,71,286490
2223,0.00106,172.31.40.0-255,66,155520,71,286490
2224,0.001081,74.125.200.0-255,2902,158422,71,286490
2225,0.001083,172.31.40.0-255,66,158488,71,286490
2226,0.001088,74.125.200.0-255,4320,162808,71,286490
2227,0.00109,172.31.40.0-255,66,162874,71,286490
2228,0.001096,74.125.200.0-255,4320,167194,71,286490
2229,0.001098,172.31.40.0-255,66,167260,71,286490
2230,0.001122,74.125.200.0-255,1484,168744,71,286490
2231,0.001125,74.125.200.0-255,766,169510,71,286490
2232,0.001127,172.31.40.0-255,66,169576,71,286490
2233,0.001194,74.125.200.0-255,1484,171060,71,286490
2234,0.001212,74.125.200.0-255,2902,173962,71,286490
2235,0.001216,172.31.40.0-255,66,174028,71,286490
2236,0.001223,74.125.200.0-255,5738,179766,71,286490
2237,0.001226,172.31.40.0-255,66,179832,71,286490
2238,0.00125,74.125.200.0-255,2902,182734,71,286490
2239,0.001253,172.31.40.0-255,66,182800,71,286490
2240,0.001284,172.31.40.0-255,66,182866,71,286490
2241,0.001289,74.125.200.0-255,4320,187186,71,286490
2242,0.001292,172.31.40.0-255,66,187252,71,286490
2243,0.001344,172.31.40.0-255,66,187318,71,286490
2244,0.001387,74.125.200.0-255,7156,194474,71,286490
2245,0.00139,172.31.40.0-255,66,194540,71,286490
2246,0.001404,74.125.200.0-255,2902,197442,71,286490
2247,0.001408,172.31.40.0-255,66,197508,71,286490
2248,0.001421,172.31.40.0-255,66,197574,71,286490
2249,0.001433,172.31.40.0-255,66,197640,71,286490
2250,0.001669,74.125.200.0-255,1484,199124,71,286490
2251,0.001674,74.125.200.0-255,1484,200608,71,286490
2252,0.001678,172.31.40.0-255,66,200674,71,286490
2253,0.0017,74.125.200.0-255,1484,202158,71,286490
2254,0.001707,74.125.200.0-255,5738,207896,71,286490
2255,0.00171,172.31.40.0-255,66,207962,71,286490
2256,0.00174,172.31.40.0-255,66,208028,71,286490
2257,0.001753,172.31.40.0-255,66,208094,71,286490
2258,0.001771,74.125.200.0-255,2902,210996,71,286490
2259,0.001774,172.31.40.0-255,66,211062,71,286490
2260,0.001793,74.125.200.0-255,2184,213246,71,286490
2261,0.001796,172.31.40.0-255,66,213312,71,286490
2262,0.001917,74.125.200.0-255,1484,214796,71,286490
2263,0.001923,74.125.200.0-255,2902,217698,71,286490
2264,0.001926,172.31.40.0-255,66,217764,71,286490
2265,0.001943,74.125.200.0-255,4320,222084,71,286490
2266,0.001945,172.31.40.0-255,66,222150,71,286490
2267,0.00197,74.125.200.0-255,7156,229306,71,286490
2268,0.001973,172.31.40.0-255,66,229372,71,286490
2269,0.001991,74.125.200.0-255,1484,230856,71,286490
2270,0.002002,172.31.40.0-255,66,230922,71,286490
2271,0.002008,74.125.200.0-255,4320,235242,71,286490
2272,0.00201,172.31.40.0-255,66,235308,71,286490
2273,0.002034,74.125.200.0-255,5020,240328,71,286490
2274,0.002038,172.31.40.0-255,66,240394,71,286490
2275,0.002044,74.125.200.0-255,5738,246132,71,286490
2276,0.002046,172.31.40.0-255,66,246198,71,286490
2277,0.002052,74.125.200.0-255,7156,253354,71,286490
2278,0.002055,172.31.40.0-255,66,253420,71,286490
2279,0.002072,74.125.200.0-255,2902,256322,71,286490
2280,0.002074,172.31.40.0-255,66,256388,71,286490
2281,0.002095,172.31.40.0-255,66,256454,71,286490
2282,0.002109,74.125.200.0-255,2902,259356,71,286490
2283,0.002113,172.31.40.0-255,66,259422,71,286490
2284,0.002128,74.125.200.0-255,1484,260906,71,286490
2285,0.002155,172.31.40.0-255,66,260972,71,286490
2286,0.002177,74.125.200.0-255,5738,266710,71,286490
2287,0.00218,172.31.40.0-255,66,266776,71,286490
2288,0.002221,172.31.40.0-255,66,266842,71,286490
2289,0.002228,74.125.200.0-255,7156,273998,71,286490
2290,0.00223,172.31.40.0-255,66,274064,71,286490
2291,0.002248,74.125.200.0-255,5020,279084,71,286490
2292,0.00225,172.31.40.0-255,66,279150,71,286490
2293,0.002289,172.31.40.0-255,66,279216,71,286490
2294,0.002313,74.125.200.0-255,2580,281796,71,286490
2295,0.002316,172.31.40.0-255,66,281862,71,286490
2296,0.002333,74.125.200.0-255,105,281967,71,286490
2297,0.011287,172.31.40.0-255,66,282033,71,286490
2298,0.011328,172.31.40.0-255,105,282138,71,286490
2299,0.013698,74.125.200.0-255,66,282204,71,286490
2300,0.031999,172.31.40.0-255,172,282376,71,286490
2301,0.032028,172.31.40.0-255,1109,283485,71,286490
2302,0.032094,172.31.40.0-255,1514,284999,71,286490
2303,0.032096,172.31.40.0-255,1293,286292,71,286490
2304,0.033662,104.244.42.0-255,66,286358,71,286490
2305,0.0337,104.244.42.0-255,66,286424,71,286490
2306,0.033742,104.244.42.0-255,66,286490,71,286490
2307,0.0,172.31.40.0-255,105,105,71,276
2308,0.001758,157.240.24.0-255,105,210,71,276
2309,0.001771,172.31.40.0-255,66,276,71,276
2310,0.0,74.125.24.0-255,152,152,71,177835
2311,2e-05,172.31.40.0-255,66,218,71,177835
2312,4.3e-05,74.125.24.0-255,1484,1702,71,177835
2313,4.8e-05,172.31.40.0-255,66,1768,71,177835
2314,5.5e-05,74.125.24.0-255,2902,4670,71,177835
2315,5.8e-05,172.31.40.0-255,66,4736,71,177835
2316,0.000143,74.125.24.0-255,1484,6220,71,177835
2317,0.000147,172.31.40.0-255,66,6286,71,177835
2318,0.000164,74.125.24.0-255,2902,9188,71,177835
2319,0.000167,172.31.40.0-255,66,9254,71,177835
2320,0.000193,74.125.24.0-255,2902,12156,71,177835
2321,0.000196,172.31.40.0-255,66,12222,71,177835
2322,0.000376,74.125.24.0-255,5738,17960,71,177835
2323,0.000382,172.31.40.0-255,66,18026,71,177835
2324,0.000399,74.125.24.0-255,620,18646,71,177835
2325,0.000401,172.31.40.0-255,66,18712,71,177835
2326,0.000538,172.31.40.0-255,66,18778,71,177835
2327,0.000568,74.125.24.0-255,3961,22739,71,177835
2328,0.000571,172.31.40.0-255,66,22805,71,177835
2329,0.000954,74.125.24.0-255,7156,29961,71,177835
2330,0.00096,172.31.40.0-255,66,30027,71,177835
2331,0.001003,172.31.40.0-255,66,30093,71,177835
2332,0.001539,74.125.24.0-255,4320,34413,71,177835
2333,0.001547,172.31.40.0-255,66,34479,71,177835
2334,0.001589,172.31.40.0-255,66,34545,71,177835
2335,0.001912,74.125.24.0-255,2902,37447,71,177835
2336,0.001915,172.31.40.0-255,66,37513,71,177835
2337,0.001954,172.31.40.0-255,66,37579,71,177835
2338,0.002404,74.125.24.0-255,4320,41899,71,177835
2339,0.002418,74.125.24.0-255,4320,46219,71,177835
2340,0.002435,74.125.24.0-255,2902,49121,71,177835
2341,0.002468,74.125.24.0-255,4320,53441,71,177835
2342,0.002494,74.125.24.0-255,7156,60597,71,177835
2343,0.003368,74.125.24.0-255,1484,62081,71,177835
2344,0.003418,74.125.24.0-255,7156,69237,71,177835
2345,0.003435,74.125.24.0-255,5738,74975,71,177835
2346,0.003448,74.125.24.0-255,5738,80713,71,177835
2347,0.003469,74.125.24.0-255,4320,85033,71,177835
2348,0.004344,74.125.24.0-255,2902,87935,71,177835
2349,0.004358,74.125.24.0-255,4320,92255,71,177835
2350,0.00437,74.125.24.0-255,4320,96575,71,177835
2351,0.004382,74.125.24.0-255,4320,100895,71,177835
2352,0.004393,74.125.24.0-255,2902,103797,71,177835
2353,0.005071,74.125.24.0-255,2902,106699,71,177835
2354,0.005161,74.125.24.0-255,4320,111019,71,177835
2355,0.005209,74.125.24.0-255,7156,118175,71,177835
2356,0.005262,74.125.24.0-255,2902,121077,71,177835
2357,0.005845,172.31.40.0-255,66,121143,71,177835
2358,0.006198,74.125.24.0-255,2902,124045,71,177835
2359,0.006215,74.125.24.0-255,7156,131201,71,177835
2360,0.006224,172.31.40.0-255,66,131267,71,177835
2361,0.006245,74.125.24.0-255,2902,134169,71,177835
2362,0.006248,172.31.40.0-255,66,134235,71,177835
2363,0.006288,172.31.40.0-255,66,134301,71,177835
2364,0.008269,74.125.24.0-255,1484,135785,71,177835
2365,0.008313,74.125.24.0-255,5738,141523,71,177835
2366,0.008318,172.31.40.0-255,66,141589,71,177835
2367,0.008768,74.125.24.0-255,7156,148745,71,177835
2368,0.009716,74.125.24.0-255,5738,154483,71,177835
2369,0.009861,74.125.24.0-255,5738,160221,71,177835
2370,0.009913,74.125.24.0-255,4320,164541,71,177835
2371,0.009929,74.125.24.0-255,1484,166025,71,177835
2372,0.011462,172.31.40.0-255,66,166091,71,177835
2373,0.011722,74.125.24.0-255,7156,173247,71,177835
2374,0.011734,172.31.40.0-255,66,173313,71,177835
2375,0.011804,172.31.40.0-255,66,173379,71,177835
2376,0.012672,172.31.40.0-255,105,173484,71,177835
2377,0.015033,74.125.24.0-255,66,173550,71,177835
2378,0.027538,172.31.40.0-255,171,173721,71,177835
2379,0.027615,172.31.40.0-255,1137,174858,71,177835
2380,0.027689,172.31.40.0-255,1514,176372,71,177835
2381,0.027691,172.31.40.0-255,1265,177637,71,177835
2382,0.029282,104.244.42.0-255,66,177703,71,177835
2383,0.029327,104.244.42.0-255,66,177769,71,177835
2384,0.029531,104.244.42.0-255,66,177835,71,177835
2385,0.0,172.217.194.0-255,233,233,71,163932
2386,2.2e-05,172.31.40.0-255,66,299,71,163932
2387,3e-05,172.217.194.0-255,1484,1783,71,163932
2388,3.4e-05,172.31.40.0-255,66,1849,71,163932
2389,4e-05,172.217.194.0-255,4320,6169,71,163932
2390,5.1e-05,172.31.40.0-255,66,6235,71,163932
2391,5.6e-05,172.217.194.0-255,4320,10555,71,163932
2392,6e-05,172.31.40.0-255,66,10621,71,163932
2393,8.5e-05,172.217.194.0-255,3260,13881,71,163932
2394,8.8e-05,172.31.40.0-255,66,13947,71,163932
2395,0.000115,172.217.194.0-255,4320,18267,71,163932
2396,0.000118,172.31.40.0-255,66,18333,71,163932
2397,0.000121,172.217.194.0-255,1484,19817,71,163932
2398,0.000123,172.31.40.0-255,66,19883,71,163932
2399,0.00016,172.217.194.0-255,5738,25621,71,163932
2400,0.000162,172.31.40.0-255,66,25687,71,163932
2401,0.000171,172.217.194.0-255,7156,32843,71,163932
2402,0.000173,172.31.40.0-255,66,32909,71,163932
2403,0.000208,172.217.194.0-255,6797,39706,71,163932
2404,0.000211,172.31.40.0-255,66,39772,71,163932
2405,0.00022,172.217.194.0-255,7156,46928,71,163932
2406,0.000222,172.31.40.0-255,66,46994,71,163932
2407,0.000229,172.217.194.0-255,1125,48119,71,163932
2408,0.000232,172.31.40.0-255,66,48185,71,163932
2409,0.00025,172.217.194.0-255,1484,49669,71,163932
2410,0.000252,172.31.40.0-255,66,49735,71,163932
2411,0.000274,172.217.194.0-255,2902,52637,71,163932
2412,0.000276,172.31.40.0-255,66,52703,71,163932
2413,0.000298,172.217.194.0-255,1484,54187,71,163932
2414,0.000304,172.31.40.0-255,66,54253,71,163932
2415,0.000312,172.217.194.0-255,5738,59991,71,163932
2416,0.000314,172.31.40.0-255,66,60057,71,163932
2417,0.00032,172.217.194.0-255,5379,65436,71,163932
2418,0.000322,172.31.40.0-255,66,65502,71,163932
2419,0.000325,172.217.194.0-255,646,66148,71,163932
2420,0.000854,172.217.194.0-255,1484,67632,71,163932
2421,0.00086,172.31.40.0-255,66,67698,71,163932
2422,0.000866,172.217.194.0-255,2902,70600,71,163932
2423,0.000868,172.31.40.0-255,66,70666,71,163932
2424,0.000874,172.217.194.0-255,4320,74986,71,163932
2425,0.000881,172.31.40.0-255,66,75052,71,163932
2426,0.000907,172.217.194.0-255,1484,76536,71,163932
2427,0.000922,172.31.40.0-255,66,76602,71,163932
2428,0.000941,172.31.40.0-255,66,76668,71,163932
2429,0.001021,172.217.194.0-255,1484,78152,71,163932
2430,0.001027,172.217.194.0-255,2902,81054,71,163932
2431,0.00103,172.31.40.0-255,66,81120,71,163932
2432,0.001064,172.217.194.0-255,5738,86858,71,163932
2433,0.001067,172.31.40.0-255,66,86924,71,163932
2434,0.001081,172.31.40.0-255,66,86990,71,163932
2435,0.001098,172.31.40.0-255,66,87056,71,163932
2436,0.001221,172.217.194.0-255,1484,88540,71,163932
2437,0.001228,172.217.194.0-255,2902,91442,71,163932
2438,0.001232,172.31.40.0-255,66,91508,71,163932
2439,0.001265,172.217.194.0-255,5738,97246,71,163932
2440,0.001268,172.31.40.0-255,66,97312,71,163932
2441,0.001275,172.217.194.0-255,5738,103050,71,163932
2442,0.001277,172.31.40.0-255,66,103116,71,163932
2443,0.001302,172.217.194.0-255,7156,110272,71,163932
2444,0.001309,172.31.40.0-255,66,110338,71,163932
2445,0.001316,172.217.194.0-255,5738,116076,71,163932
2446,0.001318,172.31.40.0-255,66,116142,71,163932
2447,0.00134,172.217.194.0-255,2902,119044,71,163932
2448,0.001343,172.31.40.0-255,66,119110,71,163932
2449,0.001396,172.31.40.0-255,66,119176,71,163932
2450,0.001412,172.31.40.0-255,66,119242,71,163932
2451,0.001434,172.217.194.0-255,5020,124262,71,163932
2452,0.001437,172.31.40.0-255,66,124328,71,163932
2453,0.001441,172.217.194.0-255,1484,125812,71,163932
2454,0.001444,172.217.194.0-255,1484,127296,71,163932
2455,0.001446,172.31.40.0-255,66,127362,71,163932
2456,0.001482,172.217.194.0-255,1484,128846,71,163932
2457,0.001489,172.217.194.0-255,5738,134584,71,163932
2458,0.001492,172.31.40.0-255,66,134650,71,163932
2459,0.001497,172.217.194.0-255,4320,138970,71,163932
2460,0.0015,172.31.40.0-255,66,139036,71,163932
2461,0.001504,172.217.194.0-255,2902,141938,71,163932
2462,0.00151,172.31.40.0-255,66,142004,71,163932
2463,0.00155,172.31.40.0-255,66,142070,71,163932
2464,0.00156,172.31.40.0-255,66,142136,71,163932
2465,0.001601,172.31.40.0-255,66,142202,71,163932
2466,0.001606,172.217.194.0-255,4320,146522,71,163932
2467,0.001607,172.31.40.0-255,66,146588,71,163932
2468,0.00165,172.31.40.0-255,66,146654,71,163932
2469,0.001678,172.217.194.0-255,1484,148138,71,163932
2470,0.00169,172.31.40.0-255,66,148204,71,163932
2471,0.001693,172.217.194.0-255,1484,149688,71,163932
2472,0.001738,172.31.40.0-255,66,149754,71,163932
2473,0.001767,172.217.194.0-255,2902,152656,71,163932
2474,0.00177,172.31.40.0-255,66,152722,71,163932
2475,0.00178,172.31.40.0-255,66,152788,71,163932
2476,0.001831,172.31.40.0-255,66,152854,71,163932
2477,0.001881,172.31.40.0-255,66,152920,71,163932
2478,0.001905,172.31.40.0-255,66,152986,71,163932
2479,0.001924,172.31.40.0-255,66,153052,71,163932
2480,0.001931,172.217.194.0-255,6166,159218,71,163932
2481,0.001933,172.31.40.0-255,66,159284,71,163932
2482,0.001964,172.217.194.0-255,105,159389,71,163932
2483,0.008538,172.31.40.0-255,66,159455,71,163932
2484,0.008581,172.31.40.0-255,105,159560,71,163932
2485,0.010806,172.217.194.0-255,66,159626,71,163932
2486,0.033672,172.31.40.0-255,192,159818,71,163932
2487,0.0337,172.31.40.0-255,1113,160931,71,163932
2488,0.033754,172.31.40.0-255,1514,162445,71,163932
2489,0.033773,172.31.40.0-255,1289,163734,71,163932
2490,0.03521,104.244.42.0-255,66,163800,71,163932
2491,0.035235,104.244.42.0-255,66,163866,71,163932
2492,0.035303,104.244.42.0-255,66,163932,71,163932
2493,0.0,74.125.24.0-255,149,149,71,239868
2494,2.4e-05,172.31.40.0-255,66,215,71,239868
2495,3.2e-05,74.125.24.0-255,1484,1699,71,239868
2496,3.6e-05,172.31.40.0-255,66,1765,71,239868
2497,4.3e-05,74.125.24.0-255,2902,4667,71,239868
2498,4.6e-05,172.31.40.0-255,66,4733,71,239868
2499,5.1e-05,74.125.24.0-255,2902,7635,71,239868
2500,5.5e-05,172.31.40.0-255,66,7701,71,239868
2501,7.5e-05,74.125.24.0-255,2902,10603,71,239868
2502,7.8e-05,172.31.40.0-255,66,10669,71,239868
2503,0.000104,74.125.24.0-255,3482,14151,71,239868
2504,0.000107,172.31.40.0-255,66,14217,71,239868
2505,0.000112,74.125.24.0-255,4320,18537,71,239868
2506,0.000115,172.31.40.0-255,66,18603,71,239868
2507,0.000147,74.125.24.0-255,5738,24341,71,239868
2508,0.000149,172.31.40.0-255,66,24407,71,239868
2509,0.000172,74.125.24.0-255,4320,28727,71,239868
2510,0.000174,172.31.40.0-255,66,28793,71,239868
2511,0.000179,74.125.24.0-255,2543,31336,71,239868
2512,0.000181,172.31.40.0-255,66,31402,71,239868
2513,0.000547,74.125.24.0-255,1484,32886,71,239868
2514,0.000553,172.31.40.0-255,66,32952,71,239868
2515,0.000588,74.125.24.0-255,2902,35854,71,239868
2516,0.000593,172.31.40.0-255,66,35920,71,239868
2517,0.000597,74.125.24.0-255,2902,38822,71,239868
2518,0.000599,172.31.40.0-255,66,38888,71,239868
2519,0.000612,74.125.24.0-255,1484,40372,71,239868
2520,0.000615,172.31.40.0-255,66,40438,71,239868
2521,0.000619,74.125.24.0-255,1484,41922,71,239868
2522,0.000621,172.31.40.0-255,66,41988,71,239868
2523,0.00064,74.125.24.0-255,7156,49144,71,239868
2524,0.000643,172.31.40.0-255,66,49210,71,239868
2525,0.000661,74.125.24.0-255,1125,50335,71,239868
2526,0.000675,172.31.40.0-255,66,50401,71,239868
2527,0.0007,74.125.24.0-255,7106,57507,71,239868
2528,0.000703,172.31.40.0-255,66,57573,71,239868
2529,0.000706,74.125.24.0-255,115,57688,71,239868
2530,0.00091,74.125.24.0-255,328,58016,71,239868
2531,0.001137,172.31.40.0-255,66,58082,71,239868
2532,0.0013,74.125.24.0-255,1484,59566,71,239868
2533,0.001308,74.125.24.0-255,1484,61050,71,239868
2534,0.001312,172.31.40.0-255,66,61116,71,239868
2535,0.001328,74.125.24.0-255,1484,62600,71,239868
2536,0.001331,74.125.24.0-255,1484,64084,71,239868
2537,0.001333,172.31.40.0-255,66,64150,71,239868
2538,0.001363,74.125.24.0-255,4320,68470,71,239868
2539,0.001366,172.31.40.0-255,66,68536,71,239868
2540,0.001369,74.125.24.0-255,1484,70020,71,239868
2541,0.001377,74.125.24.0-255,7156,77176,71,239868
2542,0.001379,172.31.40.0-255,66,77242,71,239868
2543,0.001396,74.125.24.0-255,1484,78726,71,239868
2544,0.00141,172.31.40.0-255,66,78792,71,239868
2545,0.001445,74.125.24.0-255,1484,80276,71,239868
2546,0.00146,74.125.24.0-255,2902,83178,71,239868
2547,0.001463,172.31.40.0-255,66,83244,71,239868
2548,0.001467,74.125.24.0-255,1484,84728,71,239868
2549,0.001488,74.125.24.0-255,4320,89048,71,239868
2550,0.001491,172.31.40.0-255,66,89114,71,239868
2551,0.001493,74.125.24.0-255,1484,90598,71,239868
2552,0.001514,74.125.24.0-255,4320,94918,71,239868
2553,0.001516,172.31.40.0-255,66,94984,71,239868
2554,0.001545,74.125.24.0-255,5738,100722,71,239868
2555,0.001548,172.31.40.0-255,66,100788,71,239868
2556,0.00156,74.125.24.0-255,1484,102272,71,239868
2557,0.001585,172.31.40.0-255,66,102338,71,239868
2558,0.001598,172.31.40.0-255,66,102404,71,239868
2559,0.001616,74.125.24.0-255,4320,106724,71,239868
2560,0.001619,172.31.40.0-255,66,106790,71,239868
2561,0.001632,172.31.40.0-255,66,106856,71,239868
2562,0.001659,74.125.24.0-255,7156,114012,71,239868
2563,0.001662,172.31.40.0-255,66,114078,71,239868
2564,0.001666,74.125.24.0-255,2184,116262,71,239868
2565,0.001669,172.31.40.0-255,66,116328,71,239868
2566,0.001964,74.125.24.0-255,1484,117812,71,239868
2567,0.001972,74.125.24.0-255,2902,120714,71,239868
2568,0.001977,172.31.40.0-255,66,120780,71,239868
2569,0.001983,74.125.24.0-255,2902,123682,71,239868
2570,0.001986,172.31.40.0-255,66,123748,71,239868
2571,0.002012,74.125.24.0-255,2902,126650,71,239868
2572,0.002014,172.31.40.0-255,66,126716,71,239868
2573,0.002021,74.125.24.0-255,7156,133872,71,239868
2574,0.002024,172.31.40.0-255,66,133938,71,239868
2575,0.002027,74.125.24.0-255,1484,135422,71,239868
2576,0.002053,172.31.40.0-255,66,135488,71,239868
2577,0.002074,74.125.24.0-255,2902,138390,71,239868
2578,0.002077,172.31.40.0-255,66,138456,71,239868
2579,0.002081,74.125.24.0-255,2184,140640,71,239868
2580,0.002083,172.31.40.0-255,66,140706,71,239868
2581,0.002108,74.125.24.0-255,1484,142190,71,239868
2582,0.002164,74.125.24.0-255,7156,149346,71,239868
2583,0.002167,172.31.40.0-255,66,149412,71,239868
2584,0.002189,74.125.24.0-255,1484,150896,71,239868
2585,0.002203,172.31.40.0-255,66,150962,71,239868
2586,0.002217,172.31.40.0-255,66,151028,71,239868
2587,0.004615,74.125.24.0-255,4320,155348,71,239868
2588,0.004622,172.31.40.0-255,66,155414,71,239868
2589,0.00464,74.125.24.0-255,1484,156898,71,239868
2590,0.007011,74.125.24.0-255,4320,161218,71,239868
2591,0.007017,172.31.40.0-255,66,161284,71,239868
2592,0.009446,74.125.24.0-255,5738,167022,71,239868
2593,0.009453,172.31.40.0-255,66,167088,71,239868
2594,0.011868,74.125.24.0-255,5738,172826,71,239868
2595,0.011876,172.31.40.0-255,66,172892,71,239868
2596,0.014286,74.125.24.0-255,5738,178630,71,239868
2597,0.014294,172.31.40.0-255,66,178696,71,239868
2598,0.016713,74.125.24.0-255,5738,184434,71,239868
2599,0.016723,172.31.40.0-255,66,184500,71,239868
2600,0.019104,74.125.24.0-255,2902,187402,71,239868
2601,0.019112,172.31.40.0-255,66,187468,71,239868
2602,0.019135,74.125.24.0-255,2902,190370,71,239868
2603,0.019139,172.31.40.0-255,66,190436,71,239868
2604,0.021516,74.125.24.0-255,5738,196174,71,239868
2605,0.021524,172.31.40.0-255,66,196240,71,239868
2606,0.023934,74.125.24.0-255,5738,201978,71,239868
2607,0.023942,172.31.40.0-255,66,202044,71,239868
2608,0.026357,74.125.24.0-255,5738,207782,71,239868
2609,0.026364,172.31.40.0-255,66,207848,71,239868
2610,0.028768,74.125.24.0-255,5738,213586,71,239868
2611,0.028776,172.31.40.0-255,66,213652,71,239868
2612,0.031158,74.125.24.0-255,4320,217972,71,239868
2613,0.031165,172.31.40.0-255,66,218038,71,239868
2614,0.031187,74.125.24.0-255,1484,219522,71,239868
2615,0.032291,172.31.40.0-255,172,219694,71,239868
2616,0.032322,172.31.40.0-255,1111,220805,71,239868
2617,0.032397,172.31.40.0-255,1514,222319,71,239868
2618,0.032398,172.31.40.0-255,1291,223610,71,239868
2619,0.033578,74.125.24.0-255,4320,227930,71,239868
2620,0.033585,172.31.40.0-255,66,227996,71,239868
2621,0.033933,104.244.42.0-255,66,228062,71,239868
2622,0.034017,104.244.42.0-255,66,228128,71,239868
2623,0.034097,104.244.42.0-255,66,228194,71,239868
2624,0.035985,74.125.24.0-255,1484,229678,71,239868
2625,0.03601,74.125.24.0-255,4320,233998,71,239868
2626,0.036015,172.31.40.0-255,66,234064,71,239868
2627,0.03841,74.125.24.0-255,5738,239802,71,239868
2628,0.038417,172.31.40.0-255,66,239868,71,239868
2629,0.0,74.125.68.0-255,153,153,71,285094
2630,1.9e-05,172.31.40.0-255,66,219,71,285094
2631,2.7e-05,74.125.68.0-255,1484,1703,71,285094
2632,3.1e-05,172.31.40.0-255,66,1769,71,285094
2633,3.7e-05,74.125.68.0-255,2902,4671,71,285094
2634,4e-05,172.31.40.0-255,66,4737,71,285094
2635,4.3e-05,74.125.68.0-255,1484,6221,71,285094
2636,4.6e-05,172.31.40.0-255,66,6287,71,285094
2637,5.1e-05,74.125.68.0-255,2902,9189,71,285094
2638,5.4e-05,172.31.40.0-255,66,9255,71,285094
2639,9.4e-05,74.125.68.0-255,6356,15611,71,285094
2640,9.8e-05,172.31.40.0-255,66,15677,71,285094
2641,0.000103,74.125.68.0-255,2902,18579,71,285094
2642,0.000104,172.31.40.0-255,66,18645,71,285094
2643,0.000145,74.125.68.0-255,4320,22965,71,285094
2644,0.000147,172.31.40.0-255,66,23031,71,285094
2645,0.000173,74.125.68.0-255,7156,30187,71,285094
2646,0.000176,172.31.40.0-255,66,30253,71,285094
2647,0.000181,74.125.68.0-255,4320,34573,71,285094
2648,0.000183,172.31.40.0-255,66,34639,71,285094
2649,0.00021,74.125.68.0-255,2902,37541,71,285094
2650,0.000213,172.31.40.0-255,66,37607,71,285094
2651,0.000243,172.31.40.0-255,66,37673,71,285094
2652,0.000471,74.125.68.0-255,1484,39157,71,285094
2653,0.000476,172.31.40.0-255,66,39223,71,285094
2654,0.00048,74.125.68.0-255,1484,40707,71,285094
2655,0.000482,172.31.40.0-255,66,40773,71,285094
2656,0.000508,74.125.68.0-255,1484,42257,71,285094
2657,0.000511,172.31.40.0-255,66,42323,71,285094
2658,0.000531,74.125.68.0-255,5738,48061,71,285094
2659,0.000534,172.31.40.0-255,66,48127,71,285094
2660,0.000538,74.125.68.0-255,2902,51029,71,285094
2661,0.00054,172.31.40.0-255,66,51095,71,285094
2662,0.000581,74.125.68.0-255,4299,55394,71,285094
2663,0.000584,172.31.40.0-255,66,55460,71,285094
2664,0.000632,74.125.68.0-255,1484,56944,71,285094
2665,0.000652,74.125.68.0-255,2902,59846,71,285094
2666,0.000655,172.31.40.0-255,66,59912,71,285094
2667,0.000679,74.125.68.0-255,4320,64232,71,285094
2668,0.000706,74.125.68.0-255,4320,68552,71,285094
2669,0.00071,172.31.40.0-255,66,68618,71,285094
2670,0.000713,172.31.40.0-255,66,68684,71,285094
2671,0.000728,74.125.68.0-255,1484,70168,71,285094
2672,0.000753,74.125.68.0-255,4320,74488,71,285094
2673,0.000768,172.31.40.0-255,66,74554,71,285094
2674,0.000782,74.125.68.0-255,1484,76038,71,285094
2675,0.000827,172.31.40.0-255,66,76104,71,285094
2676,0.00084,74.125.68.0-255,5081,81185,71,285094
2677,0.000844,172.31.40.0-255,66,81251,71,285094
2678,0.001374,74.125.68.0-255,1484,82735,71,285094
2679,0.001393,74.125.68.0-255,2902,85637,71,285094
2680,0.001397,172.31.40.0-255,66,85703,71,285094
2681,0.001401,74.125.68.0-255,1484,87187,71,285094
2682,0.001408,74.125.68.0-255,5738,92925,71,285094
2683,0.001409,172.31.40.0-255,66,92991,71,285094
2684,0.001431,74.125.68.0-255,4320,97311,71,285094
2685,0.001433,172.31.40.0-255,66,97377,71,285094
2686,0.001467,172.31.40.0-255,66,97443,71,285094
2687,0.001516,172.31.40.0-255,66,97509,71,285094
2688,0.001539,74.125.68.0-255,2902,100411,71,285094
2689,0.001542,172.31.40.0-255,66,100477,71,285094
2690,0.001556,74.125.68.0-255,2902,103379,71,285094
2691,0.001558,74.125.68.0-255,1484,104863,71,285094
2692,0.001561,172.31.40.0-255,66,104929,71,285094
2693,0.001586,74.125.68.0-255,5738,110667,71,285094
2694,0.001589,172.31.40.0-255,66,110733,71,285094
2695,0.001599,74.125.68.0-255,4320,115053,71,285094
2696,0.001602,74.125.68.0-255,1484,116537,71,285094
2697,0.001618,74.125.68.0-255,4320,120857,71,285094
2698,0.00163,172.31.40.0-255,66,120923,71,285094
2699,0.001672,74.125.68.0-255,4320,125243,71,285094
2700,0.001675,172.31.40.0-255,66,125309,71,285094
2701,0.00169,74.125.68.0-255,6438,131747,71,285094
2702,0.001703,74.125.68.0-255,1484,133231,71,285094
2703,0.001706,74.125.68.0-255,1484,134715,71,285094
2704,0.001711,172.31.40.0-255,66,134781,71,285094
2705,0.001728,74.125.68.0-255,1484,136265,71,285094
2706,0.001734,74.125.68.0-255,5738,142003,71,285094
2707,0.001739,74.125.68.0-255,2902,144905,71,285094
2708,0.001751,74.125.68.0-255,2902,147807,71,285094
2709,0.001754,74.125.68.0-255,1484,149291,71,285094
2710,0.001758,172.31.40.0-255,66,149357,71,285094
2711,0.001775,74.125.68.0-255,5738,155095,71,285094
2712,0.001799,74.125.68.0-255,1484,156579,71,285094
2713,0.001803,172.31.40.0-255,66,156645,71,285094
2714,0.001838,172.31.40.0-255,66,156711,71,285094
2715,0.001894,74.125.68.0-255,1484,158195,71,285094
2716,0.001912,74.125.68.0-255,2902,161097,71,285094
2717,0.001931,74.125.68.0-255,2902,163999,71,285094
2718,0.001936,172.31.40.0-255,66,164065,71,285094
2719,0.001959,74.125.68.0-255,2902,166967,71,285094
2720,0.001964,74.125.68.0-255,4320,171287,71,285094
2721,0.001978,74.125.68.0-255,5738,177025,71,285094
2722,0.001998,172.31.40.0-255,66,177091,71,285094
2723,0.002005,74.125.68.0-255,5738,182829,71,285094
2724,0.00203,172.31.40.0-255,66,182895,71,285094
2725,0.004144,74.125.68.0-255,5738,188633,71,285094
2726,0.004152,172.31.40.0-255,66,188699,71,285094
2727,0.006301,74.125.68.0-255,5738,194437,71,285094
2728,0.006307,172.31.40.0-255,66,194503,71,285094
2729,0.00843,74.125.68.0-255,5738,200241,71,285094
2730,0.008434,172.31.40.0-255,66,200307,71,285094
2731,0.010562,74.125.68.0-255,5738,206045,71,285094
2732,0.010569,172.31.40.0-255,66,206111,71,285094
2733,0.0127,74.125.68.0-255,5738,211849,71,285094
2734,0.01271,172.31.40.0-255,66,211915,71,285094
2735,0.014843,74.125.68.0-255,5738,217653,71,285094
2736,0.014853,172.31.40.0-255,66,217719,71,285094
2737,0.016984,74.125.68.0-255,5738,223457,71,285094
2738,0.016993,172.31.40.0-255,66,223523,71,285094
2739,0.019109,74.125.68.0-255,5738,229261,71,285094
2740,0.019116,172.31.40.0-255,66,229327,71,285094
2741,0.021231,74.125.68.0-255,5738,235065,71,285094
2742,0.021238,172.31.40.0-255,66,235131,71,285094
2743,0.023483,74.125.68.0-255,5738,240869,71,285094
2744,0.023489,172.31.40.0-255,66,240935,71,285094
2745,0.02561,74.125.68.0-255,5738,246673,71,285094
2746,0.025616,172.31.40.0-255,66,246739,71,285094
2747,0.027738,74.125.68.0-255,2902,249641,71,285094
2748,0.027745,172.31.40.0-255,66,249707,71,285094
2749,0.027767,74.125.68.0-255,2902,252609,71,285094
2750,0.027769,172.31.40.0-255,66,252675,71,285094
2751,0.028267,172.31.40.0-255,199,252874,71,285094
2752,0.028299,172.31.40.0-255,1111,253985,71,285094
2753,0.028355,172.31.40.0-255,1514,255499,71,285094
2754,0.028358,172.31.40.0-255,1291,256790,71,285094
2755,0.029849,74.125.68.0-255,2902,259692,71,285094
2756,0.029856,172.31.40.0-255,66,259758,71,285094
2757,0.029876,74.125.68.0-255,2902,262660,71,285094
2758,0.02988,172.31.40.0-255,66,262726,71,285094
2759,0.029913,104.244.42.0-255,66,262792,71,285094
2760,0.029969,104.244.42.0-255,66,262858,71,285094
2761,0.030006,104.244.42.0-255,66,262924,71,285094
2762,0.031976,74.125.68.0-255,2902,265826,71,285094
2763,0.031984,172.31.40.0-255,66,265892,71,285094
2764,0.032004,74.125.68.0-255,2902,268794,71,285094
2765,0.032006,172.31.40.0-255,66,268860,71,285094
2766,0.032065,104.244.42.0-255,108,268968,71,285094
2767,0.032069,172.31.40.0-255,66,269034,71,285094
2768,0.034126,74.125.68.0-255,4320,273354,71,285094
2769,0.034133,172.31.40.0-255,66,273420,71,285094
2770,0.034154,74.125.68.0-255,1484,274904,71,285094
2771,0.036263,74.125.68.0-255,4320,279224,71,285094
2772,0.036268,172.31.40.0-255,66,279290,71,285094
2773,0.038391,74.125.68.0-255,5738,285028,71,285094
2774,0.038396,172.31.40.0-255,66,285094,71,285094
2775,0.0,74.125.68.0-255,153,153,71,285774
2776,2.1e-05,172.31.40.0-255,66,219,71,285774
2777,2.8e-05,74.125.68.0-255,1484,1703,71,285774
2778,3.3e-05,172.31.40.0-255,66,1769,71,285774
2779,5.5e-05,74.125.68.0-255,1484,3253,71,285774
2780,5.8e-05,172.31.40.0-255,66,3319,71,285774
2781,7.5e-05,74.125.68.0-255,2902,6221,71,285774
2782,7.8e-05,172.31.40.0-255,66,6287,71,285774
2783,8.4e-05,74.125.68.0-255,5738,12025,71,285774
2784,8.7e-05,172.31.40.0-255,66,12091,71,285774
2785,0.000103,74.125.68.0-255,2063,14154,71,285774
2786,0.000105,172.31.40.0-255,66,14220,71,285774
2787,0.000124,74.125.68.0-255,2902,17122,71,285774
2788,0.000126,172.31.40.0-255,66,17188,71,285774
2789,0.000153,74.125.68.0-255,7156,24344,71,285774
2790,0.000156,172.31.40.0-255,66,24410,71,285774
2791,0.000162,74.125.68.0-255,4320,28730,71,285774
2792,0.000164,172.31.40.0-255,66,28796,71,285774
2793,0.000203,74.125.68.0-255,2543,31339,71,285774
2794,0.000206,172.31.40.0-255,66,31405,71,285774
2795,0.000277,74.125.68.0-255,1484,32889,71,285774
2796,0.000281,172.31.40.0-255,66,32955,71,285774
2797,0.000294,74.125.68.0-255,2902,35857,71,285774
2798,0.000296,172.31.40.0-255,66,35923,71,285774
2799,0.000326,74.125.68.0-255,4320,40243,71,285774
2800,0.000329,172.31.40.0-255,66,40309,71,285774
2801,0.000333,74.125.68.0-255,2902,43211,71,285774
2802,0.000335,172.31.40.0-255,66,43277,71,285774
2803,0.000354,74.125.68.0-255,5738,49015,71,285774
2804,0.000357,172.31.40.0-255,66,49081,71,285774
2805,0.000362,74.125.68.0-255,4320,53401,71,285774
2806,0.000364,172.31.40.0-255,66,53467,71,285774
2807,0.00037,74.125.68.0-255,5738,59205,71,285774
2808,0.000373,172.31.40.0-255,66,59271,71,285774
2809,0.000405,74.125.68.0-255,5738,65009,71,285774
2810,0.000408,172.31.40.0-255,66,65075,71,285774
2811,0.000424,74.125.68.0-255,766,65841,71,285774
2812,0.000442,74.125.68.0-255,400,66241,71,285774
2813,0.000475,74.125.68.0-255,343,66584,71,285774
2814,0.00068,74.125.68.0-255,1484,68068,71,285774
2815,0.000685,172.31.40.0-255,66,68134,71,285774
2816,0.000689,74.125.68.0-255,1484,69618,71,285774
2817,0.000703,74.125.68.0-255,1484,71102,71,285774
2818,0.000705,172.31.40.0-255,66,71168,71,285774
2819,0.000708,74.125.68.0-255,1484,72652,71,285774
2820,0.000727,74.125.68.0-255,2902,75554,71,285774
2821,0.000729,172.31.40.0-255,66,75620,71,285774
2822,0.000751,74.125.68.0-255,5738,81358,71,285774
2823,0.000754,74.125.68.0-255,1484,82842,71,285774
2824,0.000761,172.31.40.0-255,66,82908,71,285774
2825,0.00078,74.125.68.0-255,2543,85451,71,285774
2826,0.000783,172.31.40.0-255,66,85517,71,285774
2827,0.000822,74.125.68.0-255,4320,89837,71,285774
2828,0.000825,172.31.40.0-255,66,89903,71,285774
2829,0.000856,74.125.68.0-255,5738,95641,71,285774
2830,0.000859,172.31.40.0-255,66,95707,71,285774
2831,0.000862,74.125.68.0-255,1484,97191,71,285774
2832,0.000913,74.125.68.0-255,3961,101152,71,285774
2833,0.000915,172.31.40.0-255,66,101218,71,285774
2834,0.001334,74.125.68.0-255,1484,102702,71,285774
2835,0.001349,74.125.68.0-255,2902,105604,71,285774
2836,0.001352,172.31.40.0-255,66,105670,71,285774
2837,0.001372,74.125.68.0-255,4320,109990,71,285774
2838,0.001373,172.31.40.0-255,66,110056,71,285774
2839,0.001378,74.125.68.0-255,2902,112958,71,285774
2840,0.00138,172.31.40.0-255,66,113024,71,285774
2841,0.001399,74.125.68.0-255,2902,115926,71,285774
2842,0.001401,172.31.40.0-255,66,115992,71,285774
2843,0.001404,74.125.68.0-255,2902,118894,71,285774
2844,0.001406,172.31.40.0-255,66,118960,71,285774
2845,0.001441,172.31.40.0-255,66,119026,71,285774
2846,0.001446,74.125.68.0-255,4320,123346,71,285774
2847,0.001447,172.31.40.0-255,66,123412,71,285774
2848,0.001484,74.125.68.0-255,3602,127014,71,285774
2849,0.001486,172.31.40.0-255,66,127080,71,285774
2850,0.001915,74.125.68.0-255,1484,128564,71,285774
2851,0.001925,74.125.68.0-255,2902,131466,71,285774
2852,0.001928,172.31.40.0-255,66,131532,71,285774
2853,0.001934,74.125.68.0-255,2902,134434,71,285774
2854,0.001937,172.31.40.0-255,66,134500,71,285774
2855,0.001951,74.125.68.0-255,1484,135984,71,285774
2856,0.001972,74.125.68.0-255,7156,143140,71,285774
2857,0.001975,172.31.40.0-255,66,143206,71,285774
2858,0.001995,74.125.68.0-255,1484,144690,71,285774
2859,0.002001,74.125.68.0-255,5738,150428,71,285774
2860,0.002004,172.31.40.0-255,66,150494,71,285774
2861,0.002012,74.125.68.0-255,7156,157650,71,285774
2862,0.002014,172.31.40.0-255,66,157716,71,285774
2863,0.00204,74.125.68.0-255,3602,161318,71,285774
2864,0.002043,172.31.40.0-255,66,161384,71,285774
2865,0.002208,74.125.68.0-255,1484,162868,71,285774
2866,0.002215,74.125.68.0-255,2902,165770,71,285774
2867,0.002219,172.31.40.0-255,66,165836,71,285774
2868,0.00224,74.125.68.0-255,4320,170156,71,285774
2869,0.002242,172.31.40.0-255,66,170222,71,285774
2870,0.002245,74.125.68.0-255,1484,171706,71,285774
2871,0.002264,74.125.68.0-255,4320,176026,71,285774
2872,0.002267,172.31.40.0-255,66,176092,71,285774
2873,0.002284,74.125.68.0-255,1484,177576,71,285774
2874,0.002294,74.125.68.0-255,1484,179060,71,285774
2875,0.002297,172.31.40.0-255,66,179126,71,285774
2876,0.002315,74.125.68.0-255,1484,180610,71,285774
2877,0.002318,74.125.68.0-255,1484,182094,71,285774
2878,0.00232,172.31.40.0-255,66,182160,71,285774
2879,0.002341,74.125.68.0-255,4320,186480,71,285774
2880,0.002344,172.31.40.0-255,66,186546,71,285774
2881,0.002348,74.125.68.0-255,2902,189448,71,285774
2882,0.00235,172.31.40.0-255,66,189514,71,285774
2883,0.004672,74.125.68.0-255,2902,192416,71,285774
2884,0.004678,172.31.40.0-255,66,192482,71,285774
2885,0.004701,74.125.68.0-255,2902,195384,71,285774
2886,0.004703,172.31.40.0-255,66,195450,71,285774
2887,0.007011,74.125.68.0-255,2902,198352,71,285774
2888,0.007017,172.31.40.0-255,66,198418,71,285774
2889,0.007036,74.125.68.0-255,2902,201320,71,285774
2890,0.007039,172.31.40.0-255,66,201386,71,285774
2891,0.009341,74.125.68.0-255,2902,204288,71,285774
2892,0.009347,172.31.40.0-255,66,204354,71,285774
2893,0.009367,74.125.68.0-255,2902,207256,71,285774
2894,0.00937,172.31.40.0-255,66,207322,71,285774
2895,0.011678,74.125.68.0-255,4320,211642,71,285774
2896,0.011685,172.31.40.0-255,66,211708,71,285774
2897,0.011704,74.125.68.0-255,1484,213192,71,285774
2898,0.014022,74.125.68.0-255,4320,217512,71,285774
2899,0.01403,172.31.40.0-255,66,217578,71,285774
2900,0.016365,74.125.68.0-255,5738,223316,71,285774
2901,0.016373,172.31.40.0-255,66,223382,71,285774
2902,0.018691,74.125.68.0-255,5738,229120,71,285774
2903,0.018699,172.31.40.0-255,66,229186,71,285774
2904,0.021043,74.125.68.0-255,5738,234924,71,285774
2905,0.02105,172.31.40.0-255,66,234990,71,285774
2906,0.023414,74.125.68.0-255,5738,240728,71,285774
2907,0.023421,172.31.40.0-255,66,240794,71,285774
2908,0.025778,74.125.68.0-255,5738,246532,71,285774
2909,0.025785,172.31.40.0-255,66,246598,71,285774
2910,0.028123,74.125.68.0-255,5738,252336,71,285774
2911,0.02813,172.31.40.0-255,66,252402,71,285774
2912,0.030477,74.125.68.0-255,5738,258140,71,285774
2913,0.030482,172.31.40.0-255,66,258206,71,285774
2914,0.031047,172.31.40.0-255,172,258378,71,285774
2915,0.031071,172.31.40.0-255,1111,259489,71,285774
2916,0.031122,172.31.40.0-255,1514,261003,71,285774
2917,0.031123,172.31.40.0-255,1291,262294,71,285774
2918,0.032608,104.244.42.0-255,66,262360,71,285774
2919,0.032616,104.244.42.0-255,66,262426,71,285774
2920,0.032678,104.244.42.0-255,66,262492,71,285774
2921,0.032821,74.125.68.0-255,1484,263976,71,285774
2922,0.032845,74.125.68.0-255,4320,268296,71,285774
2923,0.03285,172.31.40.0-255,66,268362,71,285774
2924,0.035196,74.125.68.0-255,5738,274100,71,285774
2925,0.035202,172.31.40.0-255,66,274166,71,285774
2926,0.037581,74.125.68.0-255,5738,279904,71,285774
2927,0.037587,172.31.40.0-255,66,279970,71,285774
2928,0.039912,74.125.68.0-255,5738,285708,71,285774
2929,0.039918,172.31.40.0-255,66,285774,71,285774
2930,0.0,172.217.194.0-255,153,153,71,137761
2931,1.6e-05,172.31.40.0-255,66,219,71,137761
2932,2.3e-05,172.217.194.0-255,1484,1703,71,137761
2933,2.8e-05,172.31.40.0-255,66,1769,71,137761
2934,4.1e-05,172.217.194.0-255,2902,4671,71,137761
2935,4.6e-05,172.31.40.0-255,66,4737,71,137761
2936,5.3e-05,172.217.194.0-255,7156,11893,71,137761
2937,5.7e-05,172.31.40.0-255,66,11959,71,137761
2938,0.000104,172.217.194.0-255,2101,14060,71,137761
2939,0.000112,172.31.40.0-255,66,14126,71,137761
2940,0.000116,172.217.194.0-255,2902,17028,71,137761
2941,0.000119,172.31.40.0-255,66,17094,71,137761
2942,0.000145,172.217.194.0-255,7156,24250,71,137761
2943,0.000148,172.31.40.0-255,66,24316,71,137761
2944,0.000151,172.217.194.0-255,1484,25800,71,137761
2945,0.000153,172.31.40.0-255,66,25866,71,137761
2946,0.000186,172.217.194.0-255,5379,31245,71,137761
2947,0.000188,172.31.40.0-255,66,31311,71,137761
2948,0.000202,172.31.40.0-255,66,31377,71,137761
2949,0.000242,172.217.194.0-255,4320,35697,71,137761
2950,0.000245,172.31.40.0-255,66,35763,71,137761
2951,0.000252,172.217.194.0-255,1125,36888,71,137761
2952,0.000254,172.31.40.0-255,66,36954,71,137761
2953,0.000702,172.217.194.0-255,1484,38438,71,137761
2954,0.00071,172.31.40.0-255,66,38504,71,137761
2955,0.000716,172.217.194.0-255,2902,41406,71,137761
2956,0.000719,172.31.40.0-255,66,41472,71,137761
2957,0.000725,172.217.194.0-255,5738,47210,71,137761
2958,0.000727,172.31.40.0-255,66,47276,71,137761
2959,0.000786,172.31.40.0-255,66,47342,71,137761
2960,0.000789,172.217.194.0-255,1484,48826,71,137761
2961,0.000823,172.217.194.0-255,4320,53146,71,137761
2962,0.000827,172.31.40.0-255,66,53212,71,137761
2963,0.000855,172.217.194.0-255,3961,57173,71,137761
2964,0.000858,172.31.40.0-255,66,57239,71,137761
2965,0.001248,172.217.194.0-255,1484,58723,71,137761
2966,0.001263,172.217.194.0-255,2902,61625,71,137761
2967,0.001267,172.31.40.0-255,66,61691,71,137761
2968,0.001275,172.217.194.0-255,5738,67429,71,137761
2969,0.001277,172.31.40.0-255,66,67495,71,137761
2970,0.001315,172.31.40.0-255,66,67561,71,137761
2971,0.001342,172.217.194.0-255,2902,70463,71,137761
2972,0.001345,172.31.40.0-255,66,70529,71,137761
2973,0.001382,172.31.40.0-255,66,70595,71,137761
2974,0.00142,172.217.194.0-255,1484,72079,71,137761
2975,0.001425,172.217.194.0-255,2902,74981,71,137761
2976,0.001428,172.31.40.0-255,66,75047,71,137761
2977,0.001453,172.217.194.0-255,5738,80785,71,137761
2978,0.001457,172.31.40.0-255,66,80851,71,137761
2979,0.00151,172.31.40.0-255,66,80917,71,137761
2980,0.001547,172.31.40.0-255,66,80983,71,137761
2981,0.001558,172.31.40.0-255,66,81049,71,137761
2982,0.001603,172.217.194.0-255,7156,88205,71,137761
2983,0.001606,172.31.40.0-255,66,88271,71,137761
2984,0.001649,172.31.40.0-255,66,88337,71,137761
2985,0.001721,172.217.194.0-255,1484,89821,71,137761
2986,0.001741,172.217.194.0-255,2902,92723,71,137761
2987,0.001745,172.31.40.0-255,66,92789,71,137761
2988,0.00175,172.217.194.0-255,2902,95691,71,137761
2989,0.001752,172.31.40.0-255,66,95757,71,137761
2990,0.001774,172.217.194.0-255,2902,98659,71,137761
2991,0.001777,172.31.40.0-255,66,98725,71,137761
2992,0.001819,172.217.194.0-255,1484,100209,71,137761
2993,0.001849,172.31.40.0-255,66,100275,71,137761
2994,0.001854,172.217.194.0-255,4320,104595,71,137761
2995,0.001857,172.31.40.0-255,66,104661,71,137761
2996,0.001863,172.217.194.0-255,5738,110399,71,137761
2997,0.001866,172.31.40.0-255,66,110465,71,137761
2998,0.001868,172.217.194.0-255,766,111231,71,137761
2999,0.002065,172.217.194.0-255,1484,112715,71,137761
3000,0.002071,172.31.40.0-255,66,112781,71,137761
3001,0.002077,172.217.194.0-255,2902,115683,71,137761
3002,0.00208,172.31.40.0-255,66,115749,71,137761
3003,0.002111,172.217.194.0-255,5738,121487,71,137761
3004,0.002114,172.31.40.0-255,66,121553,71,137761
3005,0.002132,172.31.40.0-255,66,121619,71,137761
3006,0.002135,172.217.194.0-255,1484,123103,71,137761
3007,0.002171,172.217.194.0-255,5738,128841,71,137761
3008,0.002174,172.31.40.0-255,66,128907,71,137761
3009,0.002213,172.31.40.0-255,66,128973,71,137761
3010,0.002228,172.31.40.0-255,66,129039,71,137761
3011,0.002249,172.217.194.0-255,1484,130523,71,137761
3012,0.002463,172.217.194.0-255,105,130628,71,137761
3013,0.002995,172.31.40.0-255,66,130694,71,137761
3014,0.010136,172.31.40.0-255,105,130799,71,137761
3015,0.012664,172.217.194.0-255,66,130865,71,137761
3016,0.038656,172.31.40.0-255,172,131037,71,137761
3017,0.038704,172.31.40.0-255,1111,132148,71,137761
3018,0.038773,172.31.40.0-255,1514,133662,71,137761
3019,0.038775,172.31.40.0-255,1514,135176,71,137761
3020,0.03878,172.31.40.0-255,1514,136690,71,137761
3021,0.038781,172.31.40.0-255,1071,137761,71,137761
3022,0.0,172.217.194.0-255,150,150,71,124464
3023,1.9e-05,172.31.40.0-255,66,216,71,124464
3024,2.6e-05,172.217.194.0-255,1484,1700,71,124464
3025,3e-05,172.31.40.0-255,66,1766,71,124464
3026,4.4e-05,172.217.194.0-255,2902,4668,71,124464
3027,4.8e-05,172.31.40.0-255,66,4734,71,124464
3028,5.5e-05,172.217.194.0-255,7156,11890,71,124464
3029,5.8e-05,172.31.40.0-255,66,11956,71,124464
3030,0.000116,172.217.194.0-255,2902,14858,71,124464
3031,0.000119,172.31.40.0-255,66,14924,71,124464
3032,0.000156,172.31.40.0-255,66,14990,71,124464
3033,0.000265,172.217.194.0-255,2543,17533,71,124464
3034,0.000269,172.31.40.0-255,66,17599,71,124464
3035,0.000274,172.217.194.0-255,2902,20501,71,124464
3036,0.000276,172.31.40.0-255,66,20567,71,124464
3037,0.000321,172.217.194.0-255,7156,27723,71,124464
3038,0.000324,172.31.40.0-255,66,27789,71,124464
3039,0.000367,172.217.194.0-255,1484,29273,71,124464
3040,0.00037,172.31.40.0-255,66,29339,71,124464
3041,0.000404,172.31.40.0-255,66,29405,71,124464
3042,0.00043,172.217.194.0-255,5379,34784,71,124464
3043,0.000432,172.31.40.0-255,66,34850,71,124464
3044,0.000508,172.217.194.0-255,2902,37752,71,124464
3045,0.000512,172.31.40.0-255,66,37818,71,124464
3046,0.000535,172.217.194.0-255,6021,43839,71,124464
3047,0.000539,172.31.40.0-255,66,43905,71,124464
3048,0.000586,172.217.194.0-255,2902,46807,71,124464
3049,0.000589,172.31.40.0-255,66,46873,71,124464
3050,0.000623,172.217.194.0-255,7156,54029,71,124464
3051,0.000627,172.31.40.0-255,66,54095,71,124464
3052,0.000671,172.217.194.0-255,4320,58415,71,124464
3053,0.000687,172.217.194.0-255,1994,60409,71,124464
3054,0.000692,172.31.40.0-255,66,60475,71,124464
3055,0.000726,172.217.194.0-255,4320,64795,71,124464
3056,0.000739,172.217.194.0-255,2902,67697,71,124464
3057,0.000751,172.31.40.0-255,66,67763,71,124464
3058,0.000788,172.217.194.0-255,2902,70665,71,124464
3059,0.0008,172.31.40.0-255,66,70731,71,124464
3060,0.000831,172.217.194.0-255,1484,72215,71,124464
3061,0.000833,172.31.40.0-255,66,72281,71,124464
3062,0.000932,172.217.194.0-255,2902,75183,71,124464
3063,0.000939,172.31.40.0-255,66,75249,71,124464
3064,0.000996,172.31.40.0-255,66,75315,71,124464
3065,0.001029,172.217.194.0-255,5738,81053,71,124464
3066,0.001049,172.217.194.0-255,5738,86791,71,124464
3067,0.001063,172.31.40.0-255,66,86857,71,124464
3068,0.00113,172.217.194.0-255,4320,91177,71,124464
3069,0.001145,172.217.194.0-255,5738,96915,71,124464
3070,0.001155,172.31.40.0-255,66,96981,71,124464
3071,0.001199,172.31.40.0-255,66,97047,71,124464
3072,0.00135,172.31.40.0-255,66,97113,71,124464
3073,0.001388,172.31.40.0-255,66,97179,71,124464
3074,0.001633,172.217.194.0-255,2902,100081,71,124464
3075,0.001637,172.31.40.0-255,66,100147,71,124464
3076,0.001736,172.31.40.0-255,66,100213,71,124464
3077,0.001878,172.217.194.0-255,1484,101697,71,124464
3078,0.00191,172.31.40.0-255,66,101763,71,124464
3079,0.001955,172.31.40.0-255,66,101829,71,124464
3080,0.001976,172.31.40.0-255,66,101895,71,124464
3081,0.002275,172.217.194.0-255,2902,104797,71,124464
3082,0.002281,172.31.40.0-255,66,104863,71,124464
3083,0.002775,172.217.194.0-255,5020,109883,71,124464
3084,0.003191,172.217.194.0-255,7156,117039,71,124464
3085,0.003223,172.217.194.0-255,2902,119941,71,124464
3086,0.008629,172.31.40.0-255,66,120007,71,124464
3087,0.010348,172.31.40.0-255,105,120112,71,124464
3088,0.012756,172.217.194.0-255,66,120178,71,124464
3089,0.031117,172.31.40.0-255,172,120350,71,124464
3090,0.031152,172.31.40.0-255,1113,121463,71,124464
3091,0.031234,172.31.40.0-255,1514,122977,71,124464
3092,0.031236,172.31.40.0-255,1289,124266,71,124464
3093,0.032832,104.244.42.0-255,66,124332,71,124464
3094,0.032864,104.244.42.0-255,66,124398,71,124464
3095,0.032906,104.244.42.0-255,66,124464,71,124464
3096,0.0,74.125.24.0-255,217,217,71,273713
3097,2.2e-05,172.31.40.0-255,66,283,71,273713
3098,2.9e-05,74.125.24.0-255,1484,1767,71,273713
3099,3.5e-05,172.31.40.0-255,66,1833,71,273713
3100,4.1e-05,74.125.24.0-255,4320,6153,71,273713
3101,4.4e-05,172.31.40.0-255,66,6219,71,273713
3102,4.7e-05,74.125.24.0-255,1484,7703,71,273713
3103,5e-05,172.31.40.0-255,66,7769,71,273713
3104,8.2e-05,172.31.40.0-255,66,7835,71,273713
3105,0.000101,74.125.24.0-255,1867,9702,71,273713
3106,0.000103,172.31.40.0-255,66,9768,71,273713
3107,0.000114,172.31.40.0-255,66,9834,71,273713
3108,0.00014,74.125.24.0-255,3961,13795,71,273713
3109,0.000143,172.31.40.0-255,66,13861,71,273713
3110,0.000242,74.125.24.0-255,1484,15345,71,273713
3111,0.000245,172.31.40.0-255,66,15411,71,273713
3112,0.000261,74.125.24.0-255,2902,18313,71,273713
3113,0.000264,172.31.40.0-255,66,18379,71,273713
3114,0.000266,74.125.24.0-255,1484,19863,71,273713
3115,0.000269,172.31.40.0-255,66,19929,71,273713
3116,0.000295,74.125.24.0-255,4320,24249,71,273713
3117,0.000298,172.31.40.0-255,66,24315,71,273713
3118,0.000305,74.125.24.0-255,5738,30053,71,273713
3119,0.000307,172.31.40.0-255,66,30119,71,273713
3120,0.000325,74.125.24.0-255,1125,31244,71,273713
3121,0.000327,172.31.40.0-255,66,31310,71,273713
3122,0.000364,74.125.24.0-255,1484,32794,71,273713
3123,0.000366,172.31.40.0-255,66,32860,71,273713
3124,0.000371,74.125.24.0-255,2902,35762,71,273713
3125,0.000373,172.31.40.0-255,66,35828,71,273713
3126,0.000376,74.125.24.0-255,1484,37312,71,273713
3127,0.000392,74.125.24.0-255,4320,41632,71,273713
3128,0.000395,172.31.40.0-255,66,41698,71,273713
3129,0.000398,74.125.24.0-255,1484,43182,71,273713
3130,0.000424,74.125.24.0-255,5379,48561,71,273713
3131,0.000426,172.31.40.0-255,66,48627,71,273713
3132,0.000441,74.125.24.0-255,678,49305,71,273713
3133,0.000523,74.125.24.0-255,1484,50789,71,273713
3134,0.000527,172.31.40.0-255,66,50855,71,273713
3135,0.000532,74.125.24.0-255,2902,53757,71,273713
3136,0.000535,172.31.40.0-255,66,53823,71,273713
3137,0.000538,74.125.24.0-255,1484,55307,71,273713
3138,0.000565,74.125.24.0-255,4320,59627,71,273713
3139,0.000568,172.31.40.0-255,66,59693,71,273713
3140,0.000573,74.125.24.0-255,4320,64013,71,273713
3141,0.000575,172.31.40.0-255,66,64079,71,273713
3142,0.000612,74.125.24.0-255,2543,66622,71,273713
3143,0.000614,172.31.40.0-255,66,66688,71,273713
3144,0.000716,74.125.24.0-255,1484,68172,71,273713
3145,0.000722,74.125.24.0-255,1484,69656,71,273713
3146,0.000726,172.31.40.0-255,66,69722,71,273713
3147,0.000738,74.125.24.0-255,1484,71206,71,273713
3148,0.000741,74.125.24.0-255,1484,72690,71,273713
3149,0.000743,172.31.40.0-255,66,72756,71,273713
3150,0.000769,74.125.24.0-255,4320,77076,71,273713
3151,0.000772,172.31.40.0-255,66,77142,71,273713
3152,0.000778,74.125.24.0-255,4320,81462,71,273713
3153,0.00078,172.31.40.0-255,66,81528,71,273713
3154,0.000804,74.125.24.0-255,2543,84071,71,273713
3155,0.000806,172.31.40.0-255,66,84137,71,273713
3156,0.000974,74.125.24.0-255,1484,85621,71,273713
3157,0.00098,74.125.24.0-255,2902,88523,71,273713
3158,0.000984,172.31.40.0-255,66,88589,71,273713
3159,0.000988,74.125.24.0-255,1484,90073,71,273713
3160,0.00101,74.125.24.0-255,4320,94393,71,273713
3161,0.001012,172.31.40.0-255,66,94459,71,273713
3162,0.00102,74.125.24.0-255,7156,101615,71,273713
3163,0.001022,172.31.40.0-255,66,101681,71,273713
3164,0.001036,74.125.24.0-255,2902,104583,71,273713
3165,0.001039,172.31.40.0-255,66,104649,71,273713
3166,0.00107,74.125.24.0-255,5738,110387,71,273713
3167,0.001073,172.31.40.0-255,66,110453,71,273713
3168,0.001102,172.31.40.0-255,66,110519,71,273713
3169,0.001132,74.125.24.0-255,4320,114839,71,273713
3170,0.001135,172.31.40.0-255,66,114905,71,273713
3171,0.001173,172.31.40.0-255,66,114971,71,273713
3172,0.001187,172.31.40.0-255,66,115037,71,273713
3173,0.001194,74.125.24.0-255,6438,121475,71,273713
3174,0.001197,172.31.40.0-255,66,121541,71,273713
3175,0.001264,74.125.24.0-255,1484,123025,71,273713
3176,0.001269,74.125.24.0-255,2902,125927,71,273713
3177,0.001272,172.31.40.0-255,66,125993,71,273713
3178,0.001278,74.125.24.0-255,5738,131731,71,273713
3179,0.00128,172.31.40.0-255,66,131797,71,273713
3180,0.001294,172.31.40.0-255,66,131863,71,273713
3181,0.001304,172.31.40.0-255,66,131929,71,273713
3182,0.00134,74.125.24.0-255,2184,134113,71,273713
3183,0.001343,172.31.40.0-255,66,134179,71,273713
3184,0.002069,74.125.24.0-255,1484,135663,71,273713
3185,0.002075,74.125.24.0-255,2902,138565,71,273713
3186,0.002079,172.31.40.0-255,66,138631,71,273713
3187,0.002086,74.125.24.0-255,5738,144369,71,273713
3188,0.002088,172.31.40.0-255,66,144435,71,273713
3189,0.002105,74.125.24.0-255,4320,148755,71,273713
3190,0.002109,172.31.40.0-255,66,148821,71,273713
3191,0.002129,74.125.24.0-255,4320,153141,71,273713
3192,0.002132,172.31.40.0-255,66,153207,71,273713
3193,0.002157,74.125.24.0-255,1484,154691,71,273713
3194,0.002162,74.125.24.0-255,4320,159011,71,273713
3195,0.002166,172.31.40.0-255,66,159077,71,273713
3196,0.002185,74.125.24.0-255,1484,160561,71,273713
3197,0.002193,74.125.24.0-255,7156,167717,71,273713
3198,0.002196,172.31.40.0-255,66,167783,71,273713
3199,0.002199,74.125.24.0-255,766,168549,71,273713
3200,0.00223,74.125.24.0-255,1484,170033,71,273713
3201,0.002233,172.31.40.0-255,66,170099,71,273713
3202,0.004399,74.125.24.0-255,2902,173001,71,273713
3203,0.004407,172.31.40.0-255,66,173067,71,273713
3204,0.004492,74.125.24.0-255,2902,175969,71,273713
3205,0.004496,172.31.40.0-255,66,176035,71,273713
3206,0.0066,74.125.24.0-255,2902,178937,71,273713
3207,0.006607,172.31.40.0-255,66,179003,71,273713
3208,0.006678,74.125.24.0-255,2902,181905,71,273713
3209,0.00668,172.31.40.0-255,66,181971,71,273713
3210,0.008792,74.125.24.0-255,2902,184873,71,273713
3211,0.008798,172.31.40.0-255,66,184939,71,273713
3212,0.008855,74.125.24.0-255,2902,187841,71,273713
3213,0.008859,172.31.40.0-255,66,187907,71,273713
3214,0.011099,74.125.24.0-255,2902,190809,71,273713
3215,0.011107,172.31.40.0-255,66,190875,71,273713
3216,0.011139,74.125.24.0-255,2902,193777,71,273713
3217,0.011142,172.31.40.0-255,66,193843,71,273713
3218,0.013294,74.125.24.0-255,2902,196745,71,273713
3219,0.013305,172.31.40.0-255,66,196811,71,273713
3220,0.013329,74.125.24.0-255,2902,199713,71,273713
3221,0.013332,172.31.40.0-255,66,199779,71,273713
3222,0.015527,74.125.24.0-255,5738,205517,71,273713
3223,0.01554,172.31.40.0-255,66,205583,71,273713
3224,0.017755,74.125.24.0-255,5738,211321,71,273713
3225,0.017767,172.31.40.0-255,66,211387,71,273713
3226,0.019953,74.125.24.0-255,5738,217125,71,273713
3227,0.019966,172.31.40.0-255,66,217191,71,273713
3228,0.022197,74.125.24.0-255,5738,222929,71,273713
3229,0.022207,172.31.40.0-255,66,222995,71,273713
3230,0.024424,74.125.24.0-255,5738,228733,71,273713
3231,0.024433,172.31.40.0-255,66,228799,71,273713
3232,0.026644,74.125.24.0-255,5738,234537,71,273713
3233,0.026653,172.31.40.0-255,66,234603,71,273713
3234,0.028878,74.125.24.0-255,5738,240341,71,273713
3235,0.028888,172.31.40.0-255,66,240407,71,273713
3236,0.030914,172.31.40.0-255,172,240579,71,273713
3237,0.030946,172.31.40.0-255,1111,241690,71,273713
3238,0.030997,172.31.40.0-255,1514,243204,71,273713
3239,0.030999,172.31.40.0-255,1291,244495,71,273713
3240,0.031104,74.125.24.0-255,5738,250233,71,273713
3241,0.03111,172.31.40.0-255,66,250299,71,273713
3242,0.032606,104.244.42.0-255,66,250365,71,273713
3243,0.032616,104.244.42.0-255,66,250431,71,273713
3244,0.032645,104.244.42.0-255,66,250497,71,273713
3245,0.033282,74.125.24.0-255,5738,256235,71,273713
3246,0.03329,172.31.40.0-255,66,256301,71,273713
3247,0.035472,74.125.24.0-255,5738,262039,71,273713
3248,0.035483,172.31.40.0-255,66,262105,71,273713
3249,0.037696,74.125.24.0-255,5738,267843,71,273713
3250,0.037707,172.31.40.0-255,66,267909,71,273713
3251,0.039932,74.125.24.0-255,5738,273647,71,273713
3252,0.039943,172.31.40.0-255,66,273713,71,273713
3253,0.0,172.217.194.0-255,152,152,71,151955
3254,2.1e-05,172.31.40.0-255,66,218,71,151955
3255,2.7e-05,172.217.194.0-255,1484,1702,71,151955
3256,3.2e-05,172.31.40.0-255,66,1768,71,151955
3257,3.8e-05,172.217.194.0-255,2902,4670,71,151955
3258,4e-05,172.31.40.0-255,66,4736,71,151955
3259,5.3e-05,172.217.194.0-255,7156,11892,71,151955
3260,5.6e-05,172.31.40.0-255,66,11958,71,151955
3261,6.2e-05,172.217.194.0-255,4892,16850,71,151955
3262,6.4e-05,172.31.40.0-255,66,16916,71,151955
3263,6.6e-05,172.217.194.0-255,1484,18400,71,151955
3264,6.9e-05,172.31.40.0-255,66,18466,71,151955
3265,0.000117,172.31.40.0-255,66,18532,71,151955
3266,0.000142,172.217.194.0-255,1484,20016,71,151955
3267,0.000144,172.31.40.0-255,66,20082,71,151955
3268,0.000167,172.217.194.0-255,2902,22984,71,151955
3269,0.000169,172.31.40.0-255,66,23050,71,151955
3270,0.000174,172.217.194.0-255,5738,28788,71,151955
3271,0.000176,172.31.40.0-255,66,28854,71,151955
3272,0.00021,172.31.40.0-255,66,28920,71,151955
3273,0.000223,172.217.194.0-255,3961,32881,71,151955
3274,0.000228,172.217.194.0-255,1484,34365,71,151955
3275,0.000232,172.31.40.0-255,66,34431,71,151955
3276,0.000235,172.31.40.0-255,66,34497,71,151955
3277,0.000269,172.217.194.0-255,2902,37399,71,151955
3278,0.000272,172.31.40.0-255,66,37465,71,151955
3279,0.000302,172.217.194.0-255,5701,43166,71,151955
3280,0.000305,172.31.40.0-255,66,43232,71,151955
3281,0.000307,172.217.194.0-255,365,43597,71,151955
3282,0.000309,172.31.40.0-255,66,43663,71,151955
3283,0.000475,172.217.194.0-255,1484,45147,71,151955
3284,0.000482,172.217.194.0-255,2902,48049,71,151955
3285,0.000486,172.31.40.0-255,66,48115,71,151955
3286,0.000493,172.217.194.0-255,5738,53853,71,151955
3287,0.000495,172.31.40.0-255,66,53919,71,151955
3288,0.000538,172.31.40.0-255,66,53985,71,151955
3289,0.000565,172.217.194.0-255,4320,58305,71,151955
3290,0.000568,172.31.40.0-255,66,58371,71,151955
3291,0.000602,172.31.40.0-255,66,58437,71,151955
3292,0.001111,172.217.194.0-255,1484,59921,71,151955
3293,0.001134,172.217.194.0-255,2902,62823,71,151955
3294,0.001138,172.31.40.0-255,66,62889,71,151955
3295,0.001144,172.217.194.0-255,5738,68627,71,151955
3296,0.001146,172.31.40.0-255,66,68693,71,151955
3297,0.001174,172.217.194.0-255,2902,71595,71,151955
3298,0.001176,172.31.40.0-255,66,71661,71,151955
3299,0.001195,172.31.40.0-255,66,71727,71,151955
3300,0.001222,172.217.194.0-255,2902,74629,71,151955
3301,0.001224,172.31.40.0-255,66,74695,71,151955
3302,0.001263,172.31.40.0-255,66,74761,71,151955
3303,0.001438,172.217.194.0-255,1484,76245,71,151955
3304,0.001459,172.217.194.0-255,2902,79147,71,151955
3305,0.001462,172.31.40.0-255,66,79213,71,151955
3306,0.001468,172.217.194.0-255,5738,84951,71,151955
3307,0.00147,172.31.40.0-255,66,85017,71,151955
3308,0.001513,172.31.40.0-255,66,85083,71,151955
3309,0.001516,172.217.194.0-255,1484,86567,71,151955
3310,0.001545,172.31.40.0-255,66,86633,71,151955
3311,0.001599,172.217.194.0-255,1484,88117,71,151955
3312,0.001602,172.217.194.0-255,1484,89601,71,151955
3313,0.001604,172.31.40.0-255,66,89667,71,151955
3314,0.00163,172.217.194.0-255,1484,91151,71,151955
3315,0.001636,172.217.194.0-255,5738,96889,71,151955
3316,0.001638,172.31.40.0-255,66,96955,71,151955
3317,0.00168,172.31.40.0-255,66,97021,71,151955
3318,0.001686,172.217.194.0-255,5738,102759,71,151955
3319,0.001688,172.31.40.0-255,66,102825,71,151955
3320,0.001716,172.217.194.0-255,5020,107845,71,151955
3321,0.001719,172.31.40.0-255,66,107911,71,151955
3322,0.001752,172.31.40.0-255,66,107977,71,151955
3323,0.001794,172.31.40.0-255,66,108043,71,151955
3324,0.001804,172.31.40.0-255,66,108109,71,151955
3325,0.001819,172.217.194.0-255,1484,109593,71,151955
3326,0.001827,172.217.194.0-255,2902,112495,71,151955
3327,0.001829,172.31.40.0-255,66,112561,71,151955
3328,0.001835,172.217.194.0-255,5738,118299,71,151955
3329,0.001837,172.31.40.0-255,66,118365,71,151955
3330,0.001841,172.217.194.0-255,4320,122685,71,151955
3331,0.001843,172.31.40.0-255,66,122751,71,151955
3332,0.001878,172.217.194.0-255,2902,125653,71,151955
3333,0.001882,172.31.40.0-255,66,125719,71,151955
3334,0.0019,172.31.40.0-255,66,125785,71,151955
3335,0.001903,172.217.194.0-255,2184,127969,71,151955
3336,0.001907,172.31.40.0-255,66,128035,71,151955
3337,0.001938,172.31.40.0-255,66,128101,71,151955
3338,0.001945,172.217.194.0-255,7156,135257,71,151955
3339,0.001948,172.31.40.0-255,66,135323,71,151955
3340,0.001976,172.217.194.0-255,2902,138225,71,151955
3341,0.001979,172.31.40.0-255,66,138291,71,151955
3342,0.002016,172.217.194.0-255,7156,145447,71,151955
3343,0.002019,172.31.40.0-255,66,145513,71,151955
3344,0.002052,172.31.40.0-255,66,145579,71,151955
3345,0.002069,172.31.40.0-255,66,145645,71,151955
3346,0.002081,172.31.40.0-255,66,145711,71,151955
3347,0.002127,172.31.40.0-255,66,145777,71,151955
3348,0.00213,172.217.194.0-255,1484,147261,71,151955
3349,0.002174,172.31.40.0-255,66,147327,71,151955
3350,0.002177,172.217.194.0-255,105,147432,71,151955
3351,0.003849,172.31.40.0-255,66,147498,71,151955
3352,0.003884,172.31.40.0-255,105,147603,71,151955
3353,0.006276,172.217.194.0-255,66,147669,71,151955
3354,0.030554,172.31.40.0-255,172,147841,71,151955
3355,0.030583,172.31.40.0-255,1109,148950,71,151955
3356,0.030646,172.31.40.0-255,1514,150464,71,151955
3357,0.030667,172.31.40.0-255,1293,151757,71,151955
3358,0.032212,104.244.42.0-255,66,151823,71,151955
3359,0.032241,104.244.42.0-255,66,151889,71,151955
3360,0.032312,104.244.42.0-255,66,151955,71,151955
3361,0.0,172.31.40.0-255,105,105,71,276
3362,0.001756,157.240.24.0-255,105,210,71,276
3363,0.001769,172.31.40.0-255,66,276,71,276
3364,0.0,74.125.24.0-255,297,297,71,275164
3365,1.3e-05,172.31.40.0-255,66,363,71,275164
3366,2e-05,74.125.24.0-255,1484,1847,71,275164
3367,2.4e-05,172.31.40.0-255,66,1913,71,275164
3368,3.2e-05,74.125.24.0-255,4320,6233,71,275164
3369,3.5e-05,172.31.40.0-255,66,6299,71,275164
3370,3.8e-05,74.125.24.0-255,1484,7783,71,275164
3371,4e-05,172.31.40.0-255,66,7849,71,275164
3372,6.3e-05,74.125.24.0-255,5738,13587,71,275164
3373,6.6e-05,172.31.40.0-255,66,13653,71,275164
3374,8.4e-05,74.125.24.0-255,1484,15137,71,275164
3375,8.6e-05,172.31.40.0-255,66,15203,71,275164
3376,0.000101,74.125.24.0-255,1484,16687,71,275164
3377,0.000103,172.31.40.0-255,66,16753,71,275164
3378,0.000138,172.31.40.0-255,66,16819,71,275164
3379,0.00014,74.125.24.0-255,1484,18303,71,275164
3380,0.000143,172.31.40.0-255,66,18369,71,275164
3381,0.000163,74.125.24.0-255,5379,23748,71,275164
3382,0.000166,172.31.40.0-255,66,23814,71,275164
3383,0.000197,74.125.24.0-255,1484,25298,71,275164
3384,0.000199,172.31.40.0-255,66,25364,71,275164
3385,0.000203,74.125.24.0-255,2902,28266,71,275164
3386,0.000206,172.31.40.0-255,66,28332,71,275164
3387,0.000229,74.125.24.0-255,4320,32652,71,275164
3388,0.000232,172.31.40.0-255,66,32718,71,275164
3389,0.000254,74.125.24.0-255,4320,37038,71,275164
3390,0.000256,172.31.40.0-255,66,37104,71,275164
3391,0.00028,74.125.24.0-255,1484,38588,71,275164
3392,0.000282,172.31.40.0-255,66,38654,71,275164
3393,0.000295,172.31.40.0-255,66,38720,71,275164
3394,0.000311,74.125.24.0-255,1125,39845,71,275164
3395,0.000325,74.125.24.0-255,2902,42747,71,275164
3396,0.000327,172.31.40.0-255,66,42813,71,275164
3397,0.000343,74.125.24.0-255,4234,47047,71,275164
3398,0.000346,172.31.40.0-255,66,47113,71,275164
3399,0.00042,74.125.24.0-255,381,47494,71,275164
3400,0.00057,74.125.24.0-255,1484,48978,71,275164
3401,0.000574,172.31.40.0-255,66,49044,71,275164
3402,0.000578,74.125.24.0-255,1484,50528,71,275164
3403,0.000594,74.125.24.0-255,1484,52012,71,275164
3404,0.000596,172.31.40.0-255,66,52078,71,275164
3405,0.000602,74.125.24.0-255,4320,56398,71,275164
3406,0.000604,172.31.40.0-255,66,56464,71,275164
3407,0.000615,74.125.24.0-255,1484,57948,71,275164
3408,0.000671,172.31.40.0-255,66,58014,71,275164
3409,0.000683,172.31.40.0-255,66,58080,71,275164
3410,0.000688,74.125.24.0-255,3961,62041,71,275164
3411,0.00069,172.31.40.0-255,66,62107,71,275164
3412,0.00108,74.125.24.0-255,1484,63591,71,275164
3413,0.001095,74.125.24.0-255,1484,65075,71,275164
3414,0.001099,172.31.40.0-255,66,65141,71,275164
3415,0.001121,74.125.24.0-255,1484,66625,71,275164
3416,0.001128,74.125.24.0-255,5738,72363,71,275164
3417,0.001131,172.31.40.0-255,66,72429,71,275164
3418,0.001159,74.125.24.0-255,2902,75331,71,275164
3419,0.001162,172.31.40.0-255,66,75397,71,275164
3420,0.001186,74.125.24.0-255,7156,82553,71,275164
3421,0.001188,172.31.40.0-255,66,82619,71,275164
3422,0.001208,74.125.24.0-255,1484,84103,71,275164
3423,0.001222,172.31.40.0-255,66,84169,71,275164
3424,0.001232,74.125.24.0-255,2184,86353,71,275164
3425,0.001234,172.31.40.0-255,66,86419,71,275164
3426,0.001481,74.125.24.0-255,1484,87903,71,275164
3427,0.001487,74.125.24.0-255,2902,90805,71,275164
3428,0.00149,172.31.40.0-255,66,90871,71,275164
3429,0.001515,74.125.24.0-255,5738,96609,71,275164
3430,0.001518,172.31.40.0-255,66,96675,71,275164
3431,0.001533,74.125.24.0-255,1484,98159,71,275164
3432,0.001553,74.125.24.0-255,7156,105315,71,275164
3433,0.001556,172.31.40.0-255,66,105381,71,275164
3434,0.001571,74.125.24.0-255,1484,106865,71,275164
3435,0.001604,74.125.24.0-255,1484,108349,71,275164
3436,0.001607,172.31.40.0-255,66,108415,71,275164
3437,0.001634,172.31.40.0-255,66,108481,71,275164
3438,0.001639,74.125.24.0-255,2184,110665,71,275164
3439,0.001642,172.31.40.0-255,66,110731,71,275164
3440,0.001645,74.125.24.0-255,1484,112215,71,275164
3441,0.001671,74.125.24.0-255,2902,115117,71,275164
3442,0.001674,172.31.40.0-255,66,115183,71,275164
3443,0.00168,74.125.24.0-255,5738,120921,71,275164
3444,0.001682,172.31.40.0-255,66,120987,71,275164
3445,0.001702,74.125.24.0-255,1484,122471,71,275164
3446,0.001726,74.125.24.0-255,7156,129627,71,275164
3447,0.001729,172.31.40.0-255,66,129693,71,275164
3448,0.00174,172.31.40.0-255,66,129759,71,275164
3449,0.00177,74.125.24.0-255,5020,134779,71,275164
3450,0.001773,172.31.40.0-255,66,134845,71,275164
3451,0.001866,74.125.24.0-255,1484,136329,71,275164
3452,0.0019,74.125.24.0-255,2902,139231,71,275164
3453,0.001904,172.31.40.0-255,66,139297,71,275164
3454,0.001908,74.125.24.0-255,1484,140781,71,275164
3455,0.00193,74.125.24.0-255,4320,145101,71,275164
3456,0.001934,172.31.40.0-255,66,145167,71,275164
3457,0.001938,74.125.24.0-255,2902,148069,71,275164
3458,0.00194,172.31.40.0-255,66,148135,71,275164
3459,0.001953,172.31.40.0-255,66,148201,71,275164
3460,0.001968,74.125.24.0-255,2902,151103,71,275164
3461,0.00197,172.31.40.0-255,66,151169,71,275164
3462,0.001977,74.125.24.0-255,6438,157607,71,275164
3463,0.001979,172.31.40.0-255,66,157673,71,275164
3464,0.0021,74.125.24.0-255,1484,159157,71,275164
3465,0.002115,74.125.24.0-255,2902,162059,71,275164
3466,0.002118,172.31.40.0-255,66,162125,71,275164
3467,0.002123,74.125.24.0-255,2902,165027,71,275164
3468,0.002125,172.31.40.0-255,66,165093,71,275164
3469,0.002142,74.125.24.0-255,2902,167995,71,275164
3470,0.002144,172.31.40.0-255,66,168061,71,275164
3471,0.002249,74.125.24.0-255,7156,175217,71,275164
3472,0.002268,74.125.24.0-255,2902,178119,71,275164
3473,0.002283,74.125.24.0-255,5738,183857,71,275164
3474,0.002325,74.125.24.0-255,5738,189595,71,275164
3475,0.002328,74.125.24.0-255,766,190361,71,275164
3476,0.002357,74.125.24.0-255,5738,196099,71,275164
3477,0.0024,74.125.24.0-255,5738,201837,71,275164
3478,0.002404,74.125.24.0-255,2902,204739,71,275164
3479,0.00242,74.125.24.0-255,7156,211895,71,275164
3480,0.002432,74.125.24.0-255,3602,215497,71,275164
3481,0.002437,74.125.24.0-255,4320,219817,71,275164
3482,0.002457,74.125.24.0-255,7156,226973,71,275164
3483,0.002476,74.125.24.0-255,2902,229875,71,275164
3484,0.002482,74.125.24.0-255,5738,235613,71,275164
3485,0.002497,74.125.24.0-255,2902,238515,71,275164
3486,0.002514,74.125.24.0-255,5738,244253,71,275164
3487,0.00253,74.125.24.0-255,5020,249273,71,275164
3488,0.002533,74.125.24.0-255,1484,250757,71,275164
3489,0.002551,74.125.24.0-255,2902,253659,71,275164
3490,0.002557,74.125.24.0-255,5738,259397,71,275164
3491,0.00258,74.125.24.0-255,5738,265135,71,275164
3492,0.002601,74.125.24.0-255,4320,269455,71,275164
3493,0.002605,74.125.24.0-255,1081,270536,71,275164
3494,0.002607,74.125.24.0-255,105,270641,71,275164
3495,0.003573,172.31.40.0-255,66,270707,71,275164
3496,0.012458,172.31.40.0-255,105,270812,71,275164
3497,0.014828,74.125.24.0-255,66,270878,71,275164
3498,0.036181,172.31.40.0-255,172,271050,71,275164
3499,0.036211,172.31.40.0-255,1113,272163,71,275164
3500,0.036262,172.31.40.0-255,1514,273677,71,275164
3501,0.036263,172.31.40.0-255,1289,274966,71,275164
3502,0.03784,104.244.42.0-255,66,275032,71,275164
3503,0.037915,104.244.42.0-255,66,275098,71,275164
3504,0.037937,104.244.42.0-255,66,275164,71,275164
3505,0.0,172.217.194.0-255,150,150,71,274083
3506,2.2e-05,172.31.40.0-255,66,216,71,274083
3507,2.9e-05,172.217.194.0-255,1484,1700,71,274083
3508,3.3e-05,172.31.40.0-255,66,1766,71,274083
3509,3.8e-05,172.217.194.0-255,2902,4668,71,274083
3510,4.2e-05,172.31.40.0-255,66,4734,71,274083
3511,4.9e-05,172.217.194.0-255,7156,11890,71,274083
3512,5.2e-05,172.31.40.0-255,66,11956,71,274083
3513,5.5e-05,172.217.194.0-255,2065,14021,71,274083
3514,5.8e-05,172.31.40.0-255,66,14087,71,274083
3515,0.000109,172.217.194.0-255,1484,15571,71,274083
3516,0.000111,172.31.40.0-255,66,15637,71,274083
3517,0.000115,172.217.194.0-255,2902,18539,71,274083
3518,0.000117,172.31.40.0-255,66,18605,71,274083
3519,0.000144,172.217.194.0-255,5738,24343,71,274083
3520,0.000147,172.31.40.0-255,66,24409,71,274083
3521,0.000153,172.217.194.0-255,6797,31206,71,274083
3522,0.000155,172.31.40.0-255,66,31272,71,274083
3523,0.000167,172.217.194.0-255,2902,34174,71,274083
3524,0.000168,172.31.40.0-255,66,34240,71,274083
3525,0.000188,172.217.194.0-255,4320,38560,71,274083
3526,0.00019,172.31.40.0-255,66,38626,71,274083
3527,0.000203,172.217.194.0-255,4320,42946,71,274083
3528,0.000205,172.31.40.0-255,66,43012,71,274083
3529,0.000222,172.217.194.0-255,5379,48391,71,274083
3530,0.000225,172.31.40.0-255,66,48457,71,274083
3531,0.000227,172.217.194.0-255,1484,49941,71,274083
3532,0.000229,172.31.40.0-255,66,50007,71,274083
3533,0.000264,172.31.40.0-255,66,50073,71,274083
3534,0.00027,172.217.194.0-255,6797,56870,71,274083
3535,0.000272,172.31.40.0-255,66,56936,71,274083
3536,0.000274,172.217.194.0-255,376,57312,71,274083
3537,0.000326,172.217.194.0-255,367,57679,71,274083
3538,0.000425,172.217.194.0-255,1484,59163,71,274083
3539,0.000429,172.31.40.0-255,66,59229,71,274083
3540,0.000435,172.217.194.0-255,2902,62131,71,274083
3541,0.000437,172.31.40.0-255,66,62197,71,274083
3542,0.000442,172.217.194.0-255,2902,65099,71,274083
3543,0.000444,172.31.40.0-255,66,65165,71,274083
3544,0.000472,172.217.194.0-255,2902,68067,71,274083
3545,0.000474,172.31.40.0-255,66,68133,71,274083
3546,0.000482,172.217.194.0-255,6797,74930,71,274083
3547,0.000484,172.31.40.0-255,66,74996,71,274083
3548,0.000498,172.31.40.0-255,66,75062,71,274083
3549,0.000501,172.217.194.0-255,2543,77605,71,274083
3550,0.000504,172.31.40.0-255,66,77671,71,274083
3551,0.000822,172.217.194.0-255,1484,79155,71,274083
3552,0.000829,172.217.194.0-255,2902,82057,71,274083
3553,0.000833,172.31.40.0-255,66,82123,71,274083
3554,0.00084,172.217.194.0-255,5738,87861,71,274083
3555,0.000842,172.31.40.0-255,66,87927,71,274083
3556,0.000868,172.217.194.0-255,2902,90829,71,274083
3557,0.00087,172.31.40.0-255,66,90895,71,274083
3558,0.000898,172.31.40.0-255,66,90961,71,274083
3559,0.000901,172.217.194.0-255,1484,92445,71,274083
3560,0.000938,172.31.40.0-255,66,92511,71,274083
3561,0.001311,172.217.194.0-255,1484,93995,71,274083
3562,0.001334,172.217.194.0-255,1484,95479,71,274083
3563,0.001338,172.31.40.0-255,66,95545,71,274083
3564,0.001342,172.217.194.0-255,2902,98447,71,274083
3565,0.001344,172.31.40.0-255,66,98513,71,274083
3566,0.00136,172.217.194.0-255,5738,104251,71,274083
3567,0.001362,172.31.40.0-255,66,104317,71,274083
3568,0.001365,172.217.194.0-255,1484,105801,71,274083
3569,0.001388,172.217.194.0-255,4320,110121,71,274083
3570,0.001391,172.31.40.0-255,66,110187,71,274083
3571,0.001407,172.217.194.0-255,5738,115925,71,274083
3572,0.001409,172.31.40.0-255,66,115991,71,274083
3573,0.001438,172.217.194.0-255,7156,123147,71,274083
3574,0.00144,172.31.40.0-255,66,123213,71,274083
3575,0.001445,172.217.194.0-255,3602,126815,71,274083
3576,0.001446,172.31.40.0-255,66,126881,71,274083
3577,0.001548,172.217.194.0-255,1484,128365,71,274083
3578,0.001553,172.217.194.0-255,2902,131267,71,274083
3579,0.001555,172.31.40.0-255,66,131333,71,274083
3580,0.001579,172.217.194.0-255,5738,137071,71,274083
3581,0.001581,172.31.40.0-255,66,137137,71,274083
3582,0.001584,172.217.194.0-255,1484,138621,71,274083
3583,0.001603,172.217.194.0-255,4320,142941,71,274083
3584,0.001605,172.31.40.0-255,66,143007,71,274083
3585,0.001609,172.217.194.0-255,2902,145909,71,274083
3586,0.001611,172.31.40.0-255,66,145975,71,274083
3587,0.001633,172.31.40.0-255,66,146041,71,274083
3588,0.001666,172.217.194.0-255,4320,150361,71,274083
3589,0.001668,172.31.40.0-255,66,150427,71,274083
3590,0.001687,172.217.194.0-255,766,151193,71,274083
3591,0.001841,172.217.194.0-255,1484,152677,71,274083
3592,0.001845,172.31.40.0-255,66,152743,71,274083
3593,0.00185,172.217.194.0-255,2902,155645,71,274083
3594,0.001852,172.31.40.0-255,66,155711,71,274083
3595,0.001855,172.217.194.0-255,1484,157195,71,274083
3596,0.001869,172.217.194.0-255,4320,161515,71,274083
3597,0.001871,172.31.40.0-255,66,161581,71,274083
3598,0.001896,172.217.194.0-255,4320,165901,71,274083
3599,0.001899,172.31.40.0-255,66,165967,71,274083
3600,0.00193,172.31.40.0-255,66,166033,71,274083
3601,0.001934,172.217.194.0-255,4320,170353,71,274083
3602,0.001936,172.31.40.0-255,66,170419,71,274083
3603,0.001953,172.217.194.0-255,6438,176857,71,274083
3604,0.001955,172.31.40.0-255,66,176923,71,274083
3605,0.002661,172.217.194.0-255,1484,178407,71,274083
3606,0.002686,172.217.194.0-255,2902,181309,71,274083
3607,0.002689,172.31.40.0-255,66,181375,71,274083
3608,0.002696,172.217.194.0-255,5738,187113,71,274083
3609,0.002698,172.31.40.0-255,66,187179,71,274083
3610,0.002701,172.217.194.0-255,2902,190081,71,274083
3611,0.002703,172.31.40.0-255,66,190147,71,274083
3612,0.002711,172.217.194.0-255,2902,193049,71,274083
3613,0.002713,172.31.40.0-255,66,193115,71,274083
3614,0.00536,172.217.194.0-255,2902,196017,71,274083
3615,0.005368,172.31.40.0-255,66,196083,71,274083
3616,0.00539,172.217.194.0-255,2902,198985,71,274083
3617,0.005393,172.31.40.0-255,66,199051,71,274083
3618,0.008049,172.217.194.0-255,2902,201953,71,274083
3619,0.008053,172.31.40.0-255,66,202019,71,274083
3620,0.008068,172.217.194.0-255,2902,204921,71,274083
3621,0.00807,172.31.40.0-255,66,204987,71,274083
3622,0.01071,172.217.194.0-255,2902,207889,71,274083
3623,0.010716,172.31.40.0-255,66,207955,71,274083
3624,0.010739,172.217.194.0-255,2902,210857,71,274083
3625,0.010741,172.31.40.0-255,66,210923,71,274083
3626,0.013371,172.217.194.0-255,2902,213825,71,274083
3627,0.01338,172.31.40.0-255,66,213891,71,274083
3628,0.01342,172.217.194.0-255,2902,216793,71,274083
3629,0.013424,172.31.40.0-255,66,216859,71,274083
3630,0.016027,172.217.194.0-255,2902,219761,71,274083
3631,0.016036,172.31.40.0-255,66,219827,71,274083
3632,0.016083,172.217.194.0-255,2902,222729,71,274083
3633,0.016087,172.31.40.0-255,66,222795,71,274083
3634,0.018716,172.217.194.0-255,2902,225697,71,274083
3635,0.018724,172.31.40.0-255,66,225763,71,274083
3636,0.018746,172.217.194.0-255,2902,228665,71,274083
3637,0.018749,172.31.40.0-255,66,228731,71,274083
3638,0.02139,172.217.194.0-255,2902,231633,71,274083
3639,0.021398,172.31.40.0-255,66,231699,71,274083
3640,0.02142,172.217.194.0-255,2902,234601,71,274083
3641,0.021422,172.31.40.0-255,66,234667,71,274083
3642,0.024066,172.217.194.0-255,2902,237569,71,274083
3643,0.024074,172.31.40.0-255,66,237635,71,274083
3644,0.024097,172.217.194.0-255,2902,240537,71,274083
3645,0.0241,172.31.40.0-255,66,240603,71,274083
3646,0.026743,172.217.194.0-255,4320,244923,71,274083
3647,0.026751,172.31.40.0-255,66,244989,71,274083
3648,0.026768,172.217.194.0-255,1484,246473,71,274083
3649,0.029437,172.217.194.0-255,2902,249375,71,274083
3650,0.029445,172.31.40.0-255,66,249441,71,274083
3651,0.029465,172.217.194.0-255,1484,250925,71,274083
3652,0.030676,172.31.40.0-255,172,251097,71,274083
3653,0.030708,172.31.40.0-255,1111,252208,71,274083
3654,0.030771,172.31.40.0-255,1514,253722,71,274083
3655,0.030773,172.31.40.0-255,1514,255236,71,274083
3656,0.030774,172.31.40.0-255,1514,256750,71,274083
3657,0.030801,172.31.40.0-255,1075,257825,71,274083
3658,0.032114,172.217.194.0-255,4320,262145,71,274083
3659,0.032121,172.31.40.0-255,66,262211,71,274083
3660,0.032313,104.244.42.0-255,66,262277,71,274083
3661,0.032345,104.244.42.0-255,66,262343,71,274083
3662,0.032454,104.244.42.0-255,66,262409,71,274083
3663,0.032459,104.244.42.0-255,66,262475,71,274083
3664,0.034791,172.217.194.0-255,5738,268213,71,274083
3665,0.034799,172.31.40.0-255,66,268279,71,274083
3666,0.037486,172.217.194.0-255,5738,274017,71,274083
3667,0.037494,172.31.40.0-255,66,274083,71,274083
3668,0.0,172.217.194.0-255,153,153,71,101120
3669,2.1e-05,172.31.40.0-255,66,219,71,101120
3670,2.7e-05,172.217.194.0-255,1484,1703,71,101120
3671,3.2e-05,172.31.40.0-255,66,1769,71,101120
3672,4.4e-05,172.217.194.0-255,2902,4671,71,101120
3673,4.8e-05,172.31.40.0-255,66,4737,71,101120
3674,8.3e-05,172.217.194.0-255,7156,11893,71,101120
3675,8.6e-05,172.31.40.0-255,66,11959,71,101120
3676,0.0002,172.31.40.0-255,66,12025,71,101120
3677,0.000225,172.31.40.0-255,66,12091,71,101120
3678,0.000477,172.217.194.0-255,2543,14634,71,101120
3679,0.000482,172.31.40.0-255,66,14700,71,101120
3680,0.000518,172.217.194.0-255,4320,19020,71,101120
3681,0.000521,172.31.40.0-255,66,19086,71,101120
3682,0.000547,172.217.194.0-255,2902,21988,71,101120
3683,0.00055,172.31.40.0-255,66,22054,71,101120
3684,0.000646,172.217.194.0-255,5738,27792,71,101120
3685,0.00065,172.31.40.0-255,66,27858,71,101120
3686,0.000702,172.31.40.0-255,66,27924,71,101120
3687,0.001094,172.217.194.0-255,435,28359,71,101120
3688,0.001099,172.31.40.0-255,66,28425,71,101120
3689,0.001106,172.217.194.0-255,1484,29909,71,101120
3690,0.001108,172.31.40.0-255,66,29975,71,101120
3691,0.001144,172.217.194.0-255,7156,37131,71,101120
3692,0.001146,172.31.40.0-255,66,37197,71,101120
3693,0.001266,172.31.40.0-255,66,37263,71,101120
3694,0.001402,172.217.194.0-255,7156,44419,71,101120
3695,0.001406,172.31.40.0-255,66,44485,71,101120
3696,0.001524,172.217.194.0-255,5738,50223,71,101120
3697,0.001539,172.217.194.0-255,2902,53125,71,101120
3698,0.001665,172.217.194.0-255,2902,56027,71,101120
3699,0.001682,172.217.194.0-255,5738,61765,71,101120
3700,0.00195,172.217.194.0-255,766,62531,71,101120
3701,0.001976,172.217.194.0-255,1484,64015,71,101120
3702,0.002003,172.217.194.0-255,4320,68335,71,101120
3703,0.002084,172.217.194.0-255,7156,75491,71,101120
3704,0.002105,172.217.194.0-255,2902,78393,71,101120
3705,0.002281,172.217.194.0-255,7156,85549,71,101120
3706,0.002559,172.217.194.0-255,5738,91287,71,101120
3707,0.002877,172.217.194.0-255,1484,92771,71,101120
3708,0.003532,172.217.194.0-255,2902,95673,71,101120
3709,0.007197,172.31.40.0-255,66,95739,71,101120
3710,0.009613,172.31.40.0-255,66,95805,71,101120
3711,0.018258,172.31.40.0-255,105,95910,71,101120
3712,0.020575,172.217.194.0-255,66,95976,71,101120
3713,0.034329,172.31.40.0-255,172,96148,71,101120
3714,0.034364,172.31.40.0-255,1108,97256,71,101120
3715,0.034429,172.31.40.0-255,1514,98770,71,101120
3716,0.034431,172.31.40.0-255,1514,100284,71,101120
3717,0.034455,172.31.40.0-255,572,100856,71,101120
3718,0.035866,104.244.42.0-255,66,100922,71,101120
3719,0.035924,104.244.42.0-255,66,100988,71,101120
3720,0.035996,104.244.42.0-255,66,101054,71,101120
3721,0.03601,104.244.42.0-255,66,101120,71,101120
3722,0.0,172.217.194.0-255,153,153,71,214880
3723,2.2e-05,172.31.40.0-255,66,219,71,214880
3724,3e-05,172.217.194.0-255,1484,1703,71,214880
3725,3.5e-05,172.31.40.0-255,66,1769,71,214880
3726,6.3e-05,172.217.194.0-255,2902,4671,71,214880
3727,6.6e-05,172.31.40.0-255,66,4737,71,214880
3728,7.4e-05,172.217.194.0-255,7156,11893,71,214880
3729,7.7e-05,172.31.40.0-255,66,11959,71,214880
3730,8.2e-05,172.217.194.0-255,2039,13998,71,214880
3731,8.4e-05,172.31.40.0-255,66,14064,71,214880
3732,0.000213,172.217.194.0-255,1484,15548,71,214880
3733,0.000217,172.31.40.0-255,66,15614,71,214880
3734,0.000251,172.217.194.0-255,1484,17098,71,214880
3735,0.000254,172.31.40.0-255,66,17164,71,214880
3736,0.000282,172.217.194.0-255,1484,18648,71,214880
3737,0.000285,172.31.40.0-255,66,18714,71,214880
3738,0.000292,172.217.194.0-255,5738,24452,71,214880
3739,0.000295,172.31.40.0-255,66,24518,71,214880
3740,0.000301,172.217.194.0-255,6797,31315,71,214880
3741,0.000304,172.31.40.0-255,66,31381,71,214880
3742,0.000538,172.217.194.0-255,1484,32865,71,214880
3743,0.000543,172.31.40.0-255,66,32931,71,214880
3744,0.000549,172.217.194.0-255,2902,35833,71,214880
3745,0.000552,172.31.40.0-255,66,35899,71,214880
3746,0.000561,172.217.194.0-255,2902,38801,71,214880
3747,0.000563,172.31.40.0-255,66,38867,71,214880
3748,0.000591,172.217.194.0-255,2902,41769,71,214880
3749,0.000594,172.31.40.0-255,66,41835,71,214880
3750,0.000606,172.31.40.0-255,66,41901,71,214880
3751,0.000636,172.31.40.0-255,66,41967,71,214880
3752,0.000656,172.217.194.0-255,1413,43380,71,214880
3753,0.00086,172.217.194.0-255,366,43746,71,214880
3754,0.000865,172.31.40.0-255,66,43812,71,214880
3755,0.000926,172.217.194.0-255,1484,45296,71,214880
3756,0.000932,172.217.194.0-255,2902,48198,71,214880
3757,0.000936,172.31.40.0-255,66,48264,71,214880
3758,0.000942,172.217.194.0-255,4320,52584,71,214880
3759,0.000944,172.31.40.0-255,66,52650,71,214880
3760,0.000977,172.217.194.0-255,1484,54134,71,214880
3761,0.000984,172.217.194.0-255,6797,60931,71,214880
3762,0.000987,172.31.40.0-255,66,60997,71,214880
3763,0.00101,172.217.194.0-255,1484,62481,71,214880
3764,0.00104,172.31.40.0-255,66,62547,71,214880
3765,0.001044,172.217.194.0-255,1484,64031,71,214880
3766,0.001046,172.217.194.0-255,1125,65156,71,214880
3767,0.001048,172.31.40.0-255,66,65222,71,214880
3768,0.002081,172.217.194.0-255,1484,66706,71,214880
3769,0.002092,172.217.194.0-255,2902,69608,71,214880
3770,0.002096,172.31.40.0-255,66,69674,71,214880
3771,0.002101,172.217.194.0-255,1484,71158,71,214880
3772,0.002106,172.217.194.0-255,2902,74060,71,214880
3773,0.002108,172.31.40.0-255,66,74126,71,214880
3774,0.002136,172.217.194.0-255,2902,77028,71,214880
3775,0.002138,172.31.40.0-255,66,77094,71,214880
3776,0.002146,172.217.194.0-255,7156,84250,71,214880
3777,0.002149,172.31.40.0-255,66,84316,71,214880
3778,0.002175,172.217.194.0-255,5738,90054,71,214880
3779,0.002177,172.31.40.0-255,66,90120,71,214880
3780,0.002185,172.217.194.0-255,7156,97276,71,214880
3781,0.002187,172.31.40.0-255,66,97342,71,214880
3782,0.002214,172.217.194.0-255,2184,99526,71,214880
3783,0.002217,172.31.40.0-255,66,99592,71,214880
3784,0.002345,172.217.194.0-255,1484,101076,71,214880
3785,0.00235,172.217.194.0-255,2902,103978,71,214880
3786,0.002352,172.31.40.0-255,66,104044,71,214880
3787,0.002358,172.217.194.0-255,5738,109782,71,214880
3788,0.002361,172.31.40.0-255,66,109848,71,214880
3789,0.002396,172.31.40.0-255,66,109914,71,214880
3790,0.002419,172.217.194.0-255,1484,111398,71,214880
3791,0.002424,172.217.194.0-255,2902,114300,71,214880
3792,0.002426,172.31.40.0-255,66,114366,71,214880
3793,0.002459,172.31.40.0-255,66,114432,71,214880
3794,0.002465,172.217.194.0-255,5738,120170,71,214880
3795,0.002467,172.31.40.0-255,66,120236,71,214880
3796,0.002489,172.217.194.0-255,1484,121720,71,214880
3797,0.002516,172.31.40.0-255,66,121786,71,214880
3798,0.002535,172.217.194.0-255,5738,127524,71,214880
3799,0.002539,172.31.40.0-255,66,127590,71,214880
3800,0.004987,172.217.194.0-255,5738,133328,71,214880
3801,0.004995,172.31.40.0-255,66,133394,71,214880
3802,0.007494,172.217.194.0-255,5738,139132,71,214880
3803,0.007499,172.31.40.0-255,66,139198,71,214880
3804,0.009998,172.217.194.0-255,5738,144936,71,214880
3805,0.010004,172.31.40.0-255,66,145002,71,214880
3806,0.012467,172.217.194.0-255,5738,150740,71,214880
3807,0.012477,172.31.40.0-255,66,150806,71,214880
3808,0.014928,172.217.194.0-255,5738,156544,71,214880
3809,0.014937,172.31.40.0-255,66,156610,71,214880
3810,0.017381,172.217.194.0-255,5738,162348,71,214880
3811,0.017388,172.31.40.0-255,66,162414,71,214880
3812,0.019877,172.217.194.0-255,4320,166734,71,214880
3813,0.019886,172.31.40.0-255,66,166800,71,214880
3814,0.019916,172.217.194.0-255,1484,168284,71,214880
3815,0.022438,172.217.194.0-255,4320,172604,71,214880
3816,0.022446,172.31.40.0-255,66,172670,71,214880
3817,0.024896,172.217.194.0-255,5738,178408,71,214880
3818,0.024904,172.31.40.0-255,66,178474,71,214880
3819,0.027358,172.217.194.0-255,4320,182794,71,214880
3820,0.027365,172.31.40.0-255,66,182860,71,214880
3821,0.027394,172.217.194.0-255,1484,184344,71,214880
3822,0.029728,172.31.40.0-255,172,184516,71,214880
3823,0.029761,172.31.40.0-255,1113,185629,71,214880
3824,0.029801,172.217.194.0-255,2902,188531,71,214880
3825,0.029805,172.31.40.0-255,66,188597,71,214880
3826,0.029831,172.217.194.0-255,1484,190081,71,214880
3827,0.029859,172.31.40.0-255,1514,191595,71,214880
3828,0.029861,172.31.40.0-255,1289,192884,71,214880
3829,0.031402,104.244.42.0-255,66,192950,71,214880
3830,0.031459,104.244.42.0-255,66,193016,71,214880
3831,0.031557,104.244.42.0-255,66,193082,71,214880
3832,0.032246,172.217.194.0-255,4320,197402,71,214880
3833,0.032253,172.31.40.0-255,66,197468,71,214880
3834,0.034742,172.217.194.0-255,5738,203206,71,214880
3835,0.034748,172.31.40.0-255,66,203272,71,214880
3836,0.037252,172.217.194.0-255,5738,209010,71,214880
3837,0.037259,172.31.40.0-255,66,209076,71,214880
3838,0.039712,172.217.194.0-255,5738,214814,71,214880
3839,0.03972,172.31.40.0-255,66,214880,71,214880
3840,0.0,74.125.130.0-255,143,143,71,295390
3841,2.4e-05,172.31.40.0-255,66,209,71,295390
3842,3.2e-05,74.125.130.0-255,1484,1693,71,295390
3843,3.7e-05,172.31.40.0-255,66,1759,71,295390
3844,5e-05,74.125.130.0-255,2902,4661,71,295390
3845,5.3e-05,172.31.40.0-255,66,4727,71,295390
3846,5.9e-05,74.125.130.0-255,4320,9047,71,295390
3847,6.2e-05,172.31.40.0-255,66,9113,71,295390
3848,0.000113,74.125.130.0-255,4928,14041,71,295390
3849,0.000117,172.31.40.0-255,66,14107,71,295390
3850,0.00032,74.125.130.0-255,1484,15591,71,295390
3851,0.000324,172.31.40.0-255,66,15657,71,295390
3852,0.00033,74.125.130.0-255,2902,18559,71,295390
3853,0.000332,172.31.40.0-255,66,18625,71,295390
3854,0.000335,74.125.130.0-255,1484,20109,71,295390
3855,0.000342,172.31.40.0-255,66,20175,71,295390
3856,0.000345,74.125.130.0-255,1484,21659,71,295390
3857,0.000348,172.31.40.0-255,66,21725,71,295390
3858,0.000359,74.125.130.0-255,1484,23209,71,295390
3859,0.000361,172.31.40.0-255,66,23275,71,295390
3860,0.000367,74.125.130.0-255,2902,26177,71,295390
3861,0.00037,172.31.40.0-255,66,26243,71,295390
3862,0.000407,74.125.130.0-255,2902,29145,71,295390
3863,0.00041,172.31.40.0-255,66,29211,71,295390
3864,0.000414,74.125.130.0-255,2543,31754,71,295390
3865,0.000416,172.31.40.0-255,66,31820,71,295390
3866,0.000437,74.125.130.0-255,2902,34722,71,295390
3867,0.000439,172.31.40.0-255,66,34788,71,295390
3868,0.000442,74.125.130.0-255,1484,36272,71,295390
3869,0.000444,172.31.40.0-255,66,36338,71,295390
3870,0.000447,74.125.130.0-255,1484,37822,71,295390
3871,0.000449,172.31.40.0-255,66,37888,71,295390
3872,0.000476,74.125.130.0-255,1484,39372,71,295390
3873,0.000484,74.125.130.0-255,5738,45110,71,295390
3874,0.000516,74.125.130.0-255,3961,49071,71,295390
3875,0.000553,74.125.130.0-255,1484,50555,71,295390
3876,0.00057,74.125.130.0-255,2902,53457,71,295390
3877,0.000598,74.125.130.0-255,5738,59195,71,295390
3878,0.00064,172.31.40.0-255,66,59261,71,295390
3879,0.000655,74.125.130.0-255,7050,66311,71,295390
3880,0.000674,172.31.40.0-255,66,66377,71,295390
3881,0.000853,74.125.130.0-255,113,66490,71,295390
3882,0.000895,74.125.130.0-255,1484,67974,71,295390
3883,0.0009,172.31.40.0-255,66,68040,71,295390
3884,0.000914,74.125.130.0-255,2902,70942,71,295390
3885,0.00092,74.125.130.0-255,1484,72426,71,295390
3886,0.000935,74.125.130.0-255,2902,75328,71,295390
3887,0.000937,74.125.130.0-255,1484,76812,71,295390
3888,0.000939,172.31.40.0-255,66,76878,71,295390
3889,0.000944,172.31.40.0-255,66,76944,71,295390
3890,0.000973,74.125.130.0-255,7156,84100,71,295390
3891,0.000982,74.125.130.0-255,5738,89838,71,295390
3892,0.000999,74.125.130.0-255,2902,92740,71,295390
3893,0.001002,172.31.40.0-255,66,92806,71,295390
3894,0.001006,172.31.40.0-255,66,92872,71,295390
3895,0.001026,74.125.130.0-255,4320,97192,71,295390
3896,0.001035,172.31.40.0-255,66,97258,71,295390
3897,0.001047,74.125.130.0-255,3602,100860,71,295390
3898,0.001072,172.31.40.0-255,66,100926,71,295390
3899,0.001121,74.125.130.0-255,1484,102410,71,295390
3900,0.001138,74.125.130.0-255,2902,105312,71,295390
3901,0.001141,74.125.130.0-255,1484,106796,71,295390
3902,0.001146,172.31.40.0-255,66,106862,71,295390
3903,0.001156,74.125.130.0-255,1484,108346,71,295390
3904,0.00117,74.125.130.0-255,2902,111248,71,295390
3905,0.001184,172.31.40.0-255,66,111314,71,295390
3906,0.001187,74.125.130.0-255,1484,112798,71,295390
3907,0.0012,74.125.130.0-255,5738,118536,71,295390
3908,0.001214,74.125.130.0-255,2902,121438,71,295390
3909,0.00123,74.125.130.0-255,1484,122922,71,295390
3910,0.001243,172.31.40.0-255,66,122988,71,295390
3911,0.001276,172.31.40.0-255,66,123054,71,295390
3912,0.001294,74.125.130.0-255,2902,125956,71,295390
3913,0.001297,74.125.130.0-255,766,126722,71,295390
3914,0.001309,172.31.40.0-255,66,126788,71,295390
3915,0.001528,74.125.130.0-255,1484,128272,71,295390
3916,0.001557,74.125.130.0-255,1484,129756,71,295390
3917,0.00156,172.31.40.0-255,66,129822,71,295390
3918,0.00161,74.125.130.0-255,2902,132724,71,295390
3919,0.001616,172.31.40.0-255,66,132790,71,295390
3920,0.001648,74.125.130.0-255,4320,137110,71,295390
3921,0.001656,172.31.40.0-255,66,137176,71,295390
3922,0.001662,74.125.130.0-255,1484,138660,71,295390
3923,0.001687,74.125.130.0-255,2902,141562,71,295390
3924,0.001703,74.125.130.0-255,2902,144464,71,295390
3925,0.001706,172.31.40.0-255,66,144530,71,295390
3926,0.00171,172.31.40.0-255,66,144596,71,295390
3927,0.00174,74.125.130.0-255,4320,148916,71,295390
3928,0.00175,74.125.130.0-255,1484,150400,71,295390
3929,0.001756,172.31.40.0-255,66,150466,71,295390
3930,0.001763,74.125.130.0-255,2902,153368,71,295390
3931,0.001767,172.31.40.0-255,66,153434,71,295390
3932,0.001779,74.125.130.0-255,1484,154918,71,295390
3933,0.001797,74.125.130.0-255,4320,159238,71,295390
3934,0.001801,74.125.130.0-255,2184,161422,71,295390
3935,0.001818,172.31.40.0-255,66,161488,71,295390
3936,0.002339,74.125.130.0-255,1484,162972,71,295390
3937,0.002353,74.125.130.0-255,1484,164456,71,295390
3938,0.002356,172.31.40.0-255,66,164522,71,295390
3939,0.002373,74.125.130.0-255,1484,166006,71,295390
3940,0.002382,74.125.130.0-255,5738,171744,71,295390
3941,0.002386,74.125.130.0-255,4320,176064,71,295390
3942,0.002403,74.125.130.0-255,4320,180384,71,295390
3943,0.002414,74.125.130.0-255,1484,181868,71,295390
3944,0.002422,172.31.40.0-255,66,181934,71,295390
3945,0.002462,74.125.130.0-255,4320,186254,71,295390
3946,0.002476,74.125.130.0-255,7156,193410,71,295390
3947,0.002484,172.31.40.0-255,66,193476,71,295390
3948,0.002511,74.125.130.0-255,2184,195660,71,295390
3949,0.002517,74.125.130.0-255,7156,202816,71,295390
3950,0.002523,172.31.40.0-255,66,202882,71,295390
3951,0.002564,172.31.40.0-255,66,202948,71,295390
3952,0.002607,74.125.130.0-255,4320,207268,71,295390
3953,0.002622,74.125.130.0-255,5738,213006,71,295390
3954,0.002631,172.31.40.0-255,66,213072,71,295390
3955,0.002636,74.125.130.0-255,4320,217392,71,295390
3956,0.00264,172.31.40.0-255,66,217458,71,295390
3957,0.002653,74.125.130.0-255,3602,221060,71,295390
3958,0.002677,172.31.40.0-255,66,221126,71,295390
3959,0.002722,74.125.130.0-255,7156,228282,71,295390
3960,0.002739,172.31.40.0-255,66,228348,71,295390
3961,0.002822,74.125.130.0-255,2902,231250,71,295390
3962,0.009087,172.31.40.0-255,66,231316,71,295390
3963,0.011721,74.125.130.0-255,5738,237054,71,295390
3964,0.01173,172.31.40.0-255,66,237120,71,295390
3965,0.014361,74.125.130.0-255,5738,242858,71,295390
3966,0.014487,172.31.40.0-255,66,242924,71,295390
3967,0.017118,74.125.130.0-255,5738,248662,71,295390
3968,0.017127,172.31.40.0-255,66,248728,71,295390
3969,0.020048,74.125.130.0-255,4320,253048,71,295390
3970,0.020056,172.31.40.0-255,66,253114,71,295390
3971,0.020085,74.125.130.0-255,1484,254598,71,295390
3972,0.02269,74.125.130.0-255,4320,258918,71,295390
3973,0.022698,172.31.40.0-255,66,258984,71,295390
3974,0.02532,74.125.130.0-255,4320,263304,71,295390
3975,0.025326,172.31.40.0-255,66,263370,71,295390
3976,0.025356,74.125.130.0-255,1484,264854,71,295390
3977,0.027929,74.125.130.0-255,4320,269174,71,295390
3978,0.027936,172.31.40.0-255,66,269240,71,295390
3979,0.030553,74.125.130.0-255,5738,274978,71,295390
3980,0.030598,172.31.40.0-255,66,275044,71,295390
3981,0.033202,74.125.130.0-255,5738,280782,71,295390
3982,0.03321,172.31.40.0-255,66,280848,71,295390
3983,0.033864,172.31.40.0-255,172,281020,71,295390
3984,0.033891,172.31.40.0-255,1113,282133,71,295390
3985,0.033944,172.31.40.0-255,1514,283647,71,295390
3986,0.033945,172.31.40.0-255,1289,284936,71,295390
3987,0.035481,104.244.42.0-255,66,285002,71,295390
3988,0.035593,104.244.42.0-255,66,285068,71,295390
3989,0.035636,104.244.42.0-255,66,285134,71,295390
3990,0.035844,74.125.130.0-255,4320,289454,71,295390
3991,0.035849,172.31.40.0-255,66,289520,71,295390
3992,0.035874,74.125.130.0-255,1484,291004,71,295390
3993,0.038464,74.125.130.0-255,4320,295324,71,295390
3994,0.038471,172.31.40.0-255,66,295390,71,295390
3995,0.0,74.125.68.0-255,146,146,71,341657
3996,1.7e-05,172.31.40.0-255,66,212,71,341657
3997,2.4e-05,74.125.68.0-255,1484,1696,71,341657
3998,2.9e-05,172.31.40.0-255,66,1762,71,341657
3999,3.4e-05,74.125.68.0-255,2902,4664,71,341657
4000,3.8e-05,172.31.40.0-255,66,4730,71,341657
4001,4.3e-05,74.125.68.0-255,2902,7632,71,341657
4002,4.5e-05,172.31.40.0-255,66,7698,71,341657
4003,7.4e-05,74.125.68.0-255,4320,12018,71,341657
4004,7.7e-05,172.31.40.0-255,66,12084,71,341657
4005,0.000109,172.31.40.0-255,66,12150,71,341657
4006,0.000115,74.125.68.0-255,5738,17888,71,341657
4007,0.000118,172.31.40.0-255,66,17954,71,341657
4008,0.000133,74.125.68.0-255,3961,21915,71,341657
4009,0.000135,172.31.40.0-255,66,21981,71,341657
4010,0.000509,74.125.68.0-255,1484,23465,71,341657
4011,0.000515,172.31.40.0-255,66,23531,71,341657
4012,0.00052,74.125.68.0-255,2902,26433,71,341657
4013,0.000523,172.31.40.0-255,66,26499,71,341657
4014,0.000546,74.125.68.0-255,5738,32237,71,341657
4015,0.000549,172.31.40.0-255,66,32303,71,341657
4016,0.000554,74.125.68.0-255,4320,36623,71,341657
4017,0.000556,172.31.40.0-255,66,36689,71,341657
4018,0.000594,74.125.68.0-255,5738,42427,71,341657
4019,0.000597,172.31.40.0-255,66,42493,71,341657
4020,0.000624,74.125.68.0-255,6797,49290,71,341657
4021,0.000627,172.31.40.0-255,66,49356,71,341657
4022,0.000633,74.125.68.0-255,5738,55094,71,341657
4023,0.000636,172.31.40.0-255,66,55160,71,341657
4024,0.000649,74.125.68.0-255,1436,56596,71,341657
4025,0.000651,172.31.40.0-255,66,56662,71,341657
4026,0.000667,74.125.68.0-255,112,56774,71,341657
4027,0.000751,74.125.68.0-255,1484,58258,71,341657
4028,0.000756,172.31.40.0-255,66,58324,71,341657
4029,0.000766,74.125.68.0-255,2902,61226,71,341657
4030,0.000769,172.31.40.0-255,66,61292,71,341657
4031,0.000788,74.125.68.0-255,5738,67030,71,341657
4032,0.00079,172.31.40.0-255,66,67096,71,341657
4033,0.000815,74.125.68.0-255,7156,74252,71,341657
4034,0.000818,172.31.40.0-255,66,74318,71,341657
4035,0.000839,74.125.68.0-255,1484,75802,71,341657
4036,0.000852,172.31.40.0-255,66,75868,71,341657
4037,0.000859,74.125.68.0-255,5020,80888,71,341657
4038,0.000861,172.31.40.0-255,66,80954,71,341657
4039,0.000892,74.125.68.0-255,331,81285,71,341657
4040,0.001078,74.125.68.0-255,1484,82769,71,341657
4041,0.001082,172.31.40.0-255,66,82835,71,341657
4042,0.001087,74.125.68.0-255,2902,85737,71,341657
4043,0.001089,172.31.40.0-255,66,85803,71,341657
4044,0.001111,74.125.68.0-255,5738,91541,71,341657
4045,0.001114,172.31.40.0-255,66,91607,71,341657
4046,0.001128,74.125.68.0-255,1484,93091,71,341657
4047,0.001151,74.125.68.0-255,4320,97411,71,341657
4048,0.001154,172.31.40.0-255,66,97477,71,341657
4049,0.001161,74.125.68.0-255,1484,98961,71,341657
4050,0.00119,74.125.68.0-255,2902,101863,71,341657
4051,0.001192,172.31.40.0-255,66,101929,71,341657
4052,0.001221,172.31.40.0-255,66,101995,71,341657
4053,0.001225,74.125.68.0-255,2184,104179,71,341657
4054,0.001227,172.31.40.0-255,66,104245,71,341657
4055,0.001303,74.125.68.0-255,1484,105729,71,341657
4056,0.001328,74.125.68.0-255,2902,108631,71,341657
4057,0.00133,74.125.68.0-255,1484,110115,71,341657
4058,0.001334,172.31.40.0-255,66,110181,71,341657
4059,0.001352,74.125.68.0-255,4320,114501,71,341657
4060,0.001354,172.31.40.0-255,66,114567,71,341657
4061,0.001357,74.125.68.0-255,1484,116051,71,341657
4062,0.001381,74.125.68.0-255,7156,123207,71,341657
4063,0.001384,172.31.40.0-255,66,123273,71,341657
4064,0.001394,172.31.40.0-255,66,123339,71,341657
4065,0.001412,74.125.68.0-255,1484,124823,71,341657
4066,0.001418,74.125.68.0-255,5020,129843,71,341657
4067,0.00142,172.31.40.0-255,66,129909,71,341657
4068,0.001466,74.125.68.0-255,1484,131393,71,341657
4069,0.001469,74.125.68.0-255,1484,132877,71,341657
4070,0.001471,172.31.40.0-255,66,132943,71,341657
4071,0.001489,74.125.68.0-255,1484,134427,71,341657
4072,0.001495,74.125.68.0-255,5738,140165,71,341657
4073,0.001499,172.31.40.0-255,66,140231,71,341657
4074,0.001505,74.125.68.0-255,1484,141715,71,341657
4075,0.001522,74.125.68.0-255,4320,146035,71,341657
4076,0.001525,172.31.40.0-255,66,146101,71,341657
4077,0.001529,74.125.68.0-255,4320,150421,71,341657
4078,0.001531,172.31.40.0-255,66,150487,71,341657
4079,0.001546,74.125.68.0-255,2902,153389,71,341657
4080,0.001548,172.31.40.0-255,66,153455,71,341657
4081,0.00156,74.125.68.0-255,2902,156357,71,341657
4082,0.001562,172.31.40.0-255,66,156423,71,341657
4083,0.00159,172.31.40.0-255,66,156489,71,341657
4084,0.001618,74.125.68.0-255,1484,157973,71,341657
4085,0.001622,74.125.68.0-255,2902,160875,71,341657
4086,0.001625,172.31.40.0-255,66,160941,71,341657
4087,0.00164,74.125.68.0-255,1484,162425,71,341657
4088,0.001656,74.125.68.0-255,4320,166745,71,341657
4089,0.001659,172.31.40.0-255,66,166811,71,341657
4090,0.001665,74.125.68.0-255,5738,172549,71,341657
4091,0.001666,172.31.40.0-255,66,172615,71,341657
4092,0.001685,74.125.68.0-255,7156,179771,71,341657
4093,0.001688,172.31.40.0-255,66,179837,71,341657
4094,0.001717,74.125.68.0-255,4320,184157,71,341657
4095,0.001719,172.31.40.0-255,66,184223,71,341657
4096,0.001741,74.125.68.0-255,6438,190661,71,341657
4097,0.001744,172.31.40.0-255,66,190727,71,341657
4098,0.001837,74.125.68.0-255,1484,192211,71,341657
4099,0.001851,74.125.68.0-255,2902,195113,71,341657
4100,0.001854,172.31.40.0-255,66,195179,71,341657
4101,0.001857,74.125.68.0-255,1484,196663,71,341657
4102,0.001876,74.125.68.0-255,1484,198147,71,341657
4103,0.001878,172.31.40.0-255,66,198213,71,341657
4104,0.001883,74.125.68.0-255,4320,202533,71,341657
4105,0.001885,172.31.40.0-255,66,202599,71,341657
4106,0.001898,74.125.68.0-255,1484,204083,71,341657
4107,0.001926,74.125.68.0-255,7156,211239,71,341657
4108,0.001929,172.31.40.0-255,66,211305,71,341657
4109,0.001936,74.125.68.0-255,5738,217043,71,341657
4110,0.001938,172.31.40.0-255,66,217109,71,341657
4111,0.001944,74.125.68.0-255,7156,224265,71,341657
4112,0.001947,172.31.40.0-255,66,224331,71,341657
4113,0.001971,74.125.68.0-255,766,225097,71,341657
4114,0.002047,74.125.68.0-255,1484,226581,71,341657
4115,0.002051,172.31.40.0-255,66,226647,71,341657
4116,0.002055,74.125.68.0-255,1484,228131,71,341657
4117,0.002071,74.125.68.0-255,1484,229615,71,341657
4118,0.002073,172.31.40.0-255,66,229681,71,341657
4119,0.002076,74.125.68.0-255,1484,231165,71,341657
4120,0.002081,74.125.68.0-255,2902,234067,71,341657
4121,0.002083,172.31.40.0-255,66,234133,71,341657
4122,0.002104,74.125.68.0-255,5738,239871,71,341657
4123,0.002107,172.31.40.0-255,66,239937,71,341657
4124,0.002139,172.31.40.0-255,66,240003,71,341657
4125,0.002184,74.125.68.0-255,7156,247159,71,341657
4126,0.002187,172.31.40.0-255,66,247225,71,341657
4127,0.002199,74.125.68.0-255,2184,249409,71,341657
4128,0.002201,172.31.40.0-255,66,249475,71,341657
4129,0.002223,74.125.68.0-255,1484,250959,71,341657
4130,0.002237,74.125.68.0-255,2902,253861,71,341657
4131,0.002239,172.31.40.0-255,66,253927,71,341657
4132,0.002254,74.125.68.0-255,1484,255411,71,341657
4133,0.002271,74.125.68.0-255,4320,259731,71,341657
4134,0.002274,172.31.40.0-255,66,259797,71,341657
4135,0.002279,74.125.68.0-255,4320,264117,71,341657
4136,0.002281,172.31.40.0-255,66,264183,71,341657
4137,0.002287,74.125.68.0-255,4320,268503,71,341657
4138,0.002289,172.31.40.0-255,66,268569,71,341657
4139,0.002301,74.125.68.0-255,1484,270053,71,341657
4140,0.002318,74.125.68.0-255,5738,275791,71,341657
4141,0.002321,172.31.40.0-255,66,275857,71,341657
4142,0.002333,74.125.68.0-255,2902,278759,71,341657
4143,0.002335,172.31.40.0-255,66,278825,71,341657
4144,0.004615,74.125.68.0-255,2902,281727,71,341657
4145,0.004624,172.31.40.0-255,66,281793,71,341657
4146,0.004641,74.125.68.0-255,2902,284695,71,341657
4147,0.004644,172.31.40.0-255,66,284761,71,341657
4148,0.006944,74.125.68.0-255,5738,290499,71,341657
4149,0.006965,172.31.40.0-255,66,290565,71,341657
4150,0.009285,74.125.68.0-255,5738,296303,71,341657
4151,0.009301,172.31.40.0-255,66,296369,71,341657
4152,0.011645,74.125.68.0-255,5738,302107,71,341657
4153,0.011656,172.31.40.0-255,66,302173,71,341657
4154,0.013966,74.125.68.0-255,5738,307911,71,341657
4155,0.013971,172.31.40.0-255,66,307977,71,341657
4156,0.016281,74.125.68.0-255,5738,313715,71,341657
4157,0.016288,172.31.40.0-255,66,313781,71,341657
4158,0.018604,74.125.68.0-255,5738,319519,71,341657
4159,0.01862,172.31.40.0-255,66,319585,71,341657
4160,0.020944,74.125.68.0-255,5738,325323,71,341657
4161,0.020953,172.31.40.0-255,66,325389,71,341657
4162,0.023263,74.125.68.0-255,5738,331127,71,341657
4163,0.023271,172.31.40.0-255,66,331193,71,341657
4164,0.025583,74.125.68.0-255,5081,336274,71,341657
4165,0.025591,172.31.40.0-255,66,336340,71,341657
4166,0.025828,172.31.40.0-255,105,336445,71,341657
4167,0.028092,74.125.68.0-255,66,336511,71,341657
4168,0.035311,172.31.40.0-255,172,336683,71,341657
4169,0.035345,172.31.40.0-255,1108,337791,71,341657
4170,0.035405,172.31.40.0-255,1514,339305,71,341657
4171,0.035406,172.31.40.0-255,1514,340819,71,341657
4172,0.03543,172.31.40.0-255,574,341393,71,341657
4173,0.036816,104.244.42.0-255,66,341459,71,341657
4174,0.036847,104.244.42.0-255,66,341525,71,341657
4175,0.036914,104.244.42.0-255,66,341591,71,341657
4176,0.036937,104.244.42.0-255,66,341657,71,341657
4177,0.0,172.31.40.0-255,105,105,71,459
4178,0.000284,172.31.40.0-255,90,195,71,459
4179,0.000293,172.31.40.0-255,66,261,71,459
4180,0.002658,74.125.24.0-255,66,327,71,459
4181,0.002676,74.125.24.0-255,66,393,71,459
4182,0.002689,172.31.40.0-255,66,459,71,459
4183,0.0,172.217.160.0-255,153,153,71,291389
4184,1.9e-05,172.31.40.0-255,66,219,71,291389
4185,2.5e-05,172.217.160.0-255,1484,1703,71,291389
4186,3e-05,172.31.40.0-255,66,1769,71,291389
4187,3.5e-05,172.217.160.0-255,2902,4671,71,291389
4188,3.8e-05,172.31.40.0-255,66,4737,71,291389
4189,4.4e-05,172.217.160.0-255,7156,11893,71,291389
4190,4.7e-05,172.31.40.0-255,66,11959,71,291389
4191,5.1e-05,172.217.160.0-255,2073,14032,71,291389
4192,5.4e-05,172.31.40.0-255,66,14098,71,291389
4193,0.000113,172.217.160.0-255,2902,17000,71,291389
4194,0.000116,172.31.40.0-255,66,17066,71,291389
4195,0.000142,172.31.40.0-255,66,17132,71,291389
4196,0.000145,172.217.160.0-255,2902,20034,71,291389
4197,0.000147,172.31.40.0-255,66,20100,71,291389
4198,0.000162,172.217.160.0-255,2543,22643,71,291389
4199,0.000164,172.31.40.0-255,66,22709,71,291389
4200,0.00034,172.217.160.0-255,1484,24193,71,291389
4201,0.000345,172.31.40.0-255,66,24259,71,291389
4202,0.000384,172.217.160.0-255,1484,25743,71,291389
4203,0.000387,172.31.40.0-255,66,25809,71,291389
4204,0.000392,172.217.160.0-255,2902,28711,71,291389
4205,0.000395,172.31.40.0-255,66,28777,71,291389
4206,0.000414,172.217.160.0-255,2902,31679,71,291389
4207,0.000417,172.31.40.0-255,66,31745,71,291389
4208,0.000464,172.217.160.0-255,1484,33229,71,291389
4209,0.000466,172.31.40.0-255,66,33295,71,291389
4210,0.000503,172.217.160.0-255,2902,36197,71,291389
4211,0.000506,172.31.40.0-255,66,36263,71,291389
4212,0.000529,172.217.160.0-255,3961,40224,71,291389
4213,0.000532,172.31.40.0-255,66,40290,71,291389
4214,0.000544,172.217.160.0-255,2902,43192,71,291389
4215,0.000546,172.31.40.0-255,66,43258,71,291389
4216,0.000565,172.217.160.0-255,5738,48996,71,291389
4217,0.000568,172.31.40.0-255,66,49062,71,291389
4218,0.000584,172.217.160.0-255,2902,51964,71,291389
4219,0.000586,172.31.40.0-255,66,52030,71,291389
4220,0.000613,172.217.160.0-255,4320,56350,71,291389
4221,0.000615,172.31.40.0-255,66,56416,71,291389
4222,0.000618,172.217.160.0-255,1125,57541,71,291389
4223,0.000796,172.217.160.0-255,645,58186,71,291389
4224,0.000801,172.31.40.0-255,66,58252,71,291389
4225,0.000938,172.217.160.0-255,1484,59736,71,291389
4226,0.000943,172.217.160.0-255,2902,62638,71,291389
4227,0.000946,172.31.40.0-255,66,62704,71,291389
4228,0.000952,172.217.160.0-255,5738,68442,71,291389
4229,0.000954,172.31.40.0-255,66,68508,71,291389
4230,0.000973,172.217.160.0-255,4320,72828,71,291389
4231,0.000976,172.31.40.0-255,66,72894,71,291389
4232,0.000989,172.217.160.0-255,3961,76855,71,291389
4233,0.000991,172.217.160.0-255,1484,78339,71,291389
4234,0.000993,172.31.40.0-255,66,78405,71,291389
4235,0.001014,172.31.40.0-255,66,78471,71,291389
4236,0.001027,172.217.160.0-255,3961,82432,71,291389
4237,0.001029,172.31.40.0-255,66,82498,71,291389
4238,0.001666,172.217.160.0-255,1484,83982,71,291389
4239,0.001676,172.217.160.0-255,2902,86884,71,291389
4240,0.001681,172.31.40.0-255,66,86950,71,291389
4241,0.00169,172.217.160.0-255,5738,92688,71,291389
4242,0.001692,172.31.40.0-255,66,92754,71,291389
4243,0.001719,172.217.160.0-255,4320,97074,71,291389
4244,0.001721,172.31.40.0-255,66,97140,71,291389
4245,0.001752,172.217.160.0-255,5738,102878,71,291389
4246,0.001754,172.31.40.0-255,66,102944,71,291389
4247,0.001769,172.31.40.0-255,66,103010,71,291389
4248,0.001966,172.217.160.0-255,1484,104494,71,291389
4249,0.001986,172.217.160.0-255,2902,107396,71,291389
4250,0.00199,172.31.40.0-255,66,107462,71,291389
4251,0.001994,172.217.160.0-255,1484,108946,71,291389
4252,0.002011,172.217.160.0-255,4320,113266,71,291389
4253,0.002013,172.31.40.0-255,66,113332,71,291389
4254,0.002035,172.217.160.0-255,5738,119070,71,291389
4255,0.002037,172.31.40.0-255,66,119136,71,291389
4256,0.002062,172.217.160.0-255,7156,126292,71,291389
4257,0.002064,172.31.40.0-255,66,126358,71,291389
4258,0.002076,172.31.40.0-255,66,126424,71,291389
4259,0.002093,172.217.160.0-255,2902,129326,71,291389
4260,0.002095,172.31.40.0-255,66,129392,71,291389
4261,0.002122,172.217.160.0-255,3602,132994,71,291389
4262,0.002125,172.31.40.0-255,66,133060,71,291389
4263,0.002132,172.217.160.0-255,7156,140216,71,291389
4264,0.002134,172.31.40.0-255,66,140282,71,291389
4265,0.002137,172.217.160.0-255,1484,141766,71,291389
4266,0.002161,172.31.40.0-255,66,141832,71,291389
4267,0.002184,172.217.160.0-255,1484,143316,71,291389
4268,0.002191,172.217.160.0-255,6438,149754,71,291389
4269,0.002194,172.31.40.0-255,66,149820,71,291389
4270,0.002405,172.217.160.0-255,1484,151304,71,291389
4271,0.002423,172.217.160.0-255,2902,154206,71,291389
4272,0.002426,172.31.40.0-255,66,154272,71,291389
4273,0.002432,172.217.160.0-255,4320,158592,71,291389
4274,0.002435,172.31.40.0-255,66,158658,71,291389
4275,0.002447,172.217.160.0-255,1484,160142,71,291389
4276,0.002454,172.217.160.0-255,7156,167298,71,291389
4277,0.002456,172.31.40.0-255,66,167364,71,291389
4278,0.002505,172.31.40.0-255,66,167430,71,291389
4279,0.002508,172.217.160.0-255,2184,169614,71,291389
4280,0.002512,172.31.40.0-255,66,169680,71,291389
4281,0.002528,172.217.160.0-255,1484,171164,71,291389
4282,0.00255,172.217.160.0-255,2902,174066,71,291389
4283,0.002553,172.31.40.0-255,66,174132,71,291389
4284,0.002569,172.217.160.0-255,5738,179870,71,291389
4285,0.002572,172.31.40.0-255,66,179936,71,291389
4286,0.002575,172.217.160.0-255,1484,181420,71,291389
4287,0.002584,172.217.160.0-255,4320,185740,71,291389
4288,0.002587,172.31.40.0-255,66,185806,71,291389
4289,0.00261,172.31.40.0-255,66,185872,71,291389
4290,0.002636,172.217.160.0-255,2902,188774,71,291389
4291,0.002639,172.31.40.0-255,66,188840,71,291389
4292,0.002647,172.217.160.0-255,6438,195278,71,291389
4293,0.002649,172.31.40.0-255,66,195344,71,291389
4294,0.002662,172.31.40.0-255,66,195410,71,291389
4295,0.002693,172.31.40.0-255,66,195476,71,291389
4296,0.002732,172.217.160.0-255,5738,201214,71,291389
4297,0.002735,172.31.40.0-255,66,201280,71,291389
4298,0.002756,172.217.160.0-255,2902,204182,71,291389
4299,0.002758,172.31.40.0-255,66,204248,71,291389
4300,0.002764,172.217.160.0-255,5020,209268,71,291389
4301,0.002767,172.31.40.0-255,66,209334,71,291389
4302,0.002773,172.217.160.0-255,5738,215072,71,291389
4303,0.002776,172.31.40.0-255,66,215138,71,291389
4304,0.002782,172.217.160.0-255,5738,220876,71,291389
4305,0.002785,172.31.40.0-255,66,220942,71,291389
4306,0.002813,172.217.160.0-255,2902,223844,71,291389
4307,0.002815,172.31.40.0-255,66,223910,71,291389
4308,0.002819,172.217.160.0-255,1484,225394,71,291389
4309,0.002822,172.217.160.0-255,1484,226878,71,291389
4310,0.002823,172.31.40.0-255,66,226944,71,291389
4311,0.00283,172.217.160.0-255,5738,232682,71,291389
4312,0.002832,172.31.40.0-255,66,232748,71,291389
4313,0.002839,172.217.160.0-255,6438,239186,71,291389
4314,0.002842,172.31.40.0-255,66,239252,71,291389
4315,0.002844,172.217.160.0-255,1484,240736,71,291389
4316,0.002874,172.217.160.0-255,2902,243638,71,291389
4317,0.002877,172.31.40.0-255,66,243704,71,291389
4318,0.002884,172.217.160.0-255,5738,249442,71,291389
4319,0.002886,172.31.40.0-255,66,249508,71,291389
4320,0.002912,172.217.160.0-255,5738,255246,71,291389
4321,0.002916,172.31.40.0-255,66,255312,71,291389
4322,0.002934,172.217.160.0-255,2902,258214,71,291389
4323,0.002937,172.31.40.0-255,66,258280,71,291389
4324,0.002962,172.217.160.0-255,1484,259764,71,291389
4325,0.002992,172.31.40.0-255,66,259830,71,291389
4326,0.002996,172.217.160.0-255,1484,261314,71,291389
4327,0.003011,172.217.160.0-255,1484,262798,71,291389
4328,0.003014,172.31.40.0-255,66,262864,71,291389
4329,0.003033,172.217.160.0-255,2184,265048,71,291389
4330,0.003036,172.31.40.0-255,66,265114,71,291389
4331,0.003039,172.217.160.0-255,1484,266598,71,291389
4332,0.003056,172.217.160.0-255,4320,270918,71,291389
4333,0.00306,172.31.40.0-255,66,270984,71,291389
4334,0.003083,172.217.160.0-255,4320,275304,71,291389
4335,0.003087,172.31.40.0-255,66,275370,71,291389
4336,0.00311,172.217.160.0-255,7156,282526,71,291389
4337,0.003113,172.31.40.0-255,66,282592,71,291389
4338,0.003129,172.217.160.0-255,1015,283607,71,291389
4339,0.003133,172.217.160.0-255,97,283704,71,291389
4340,0.003144,172.217.160.0-255,105,283809,71,291389
4341,0.010226,172.31.40.0-255,66,283875,71,291389
4342,0.010261,172.31.40.0-255,105,283980,71,291389
4343,0.010638,172.217.160.0-255,105,284085,71,291389
4344,0.010646,172.31.40.0-255,78,284163,71,291389
4345,0.012017,172.217.160.0-255,66,284229,71,291389
4346,0.02836,172.31.40.0-255,172,284401,71,291389
4347,0.028396,172.31.40.0-255,1109,285510,71,291389
4348,0.028457,172.31.40.0-255,1514,287024,71,291389
4349,0.028459,172.31.40.0-255,1514,288538,71,291389
4350,0.028464,172.31.40.0-255,1514,290052,71,291389
4351,0.028465,172.31.40.0-255,1073,291125,71,291389
4352,0.030033,104.244.42.0-255,66,291191,71,291389
4353,0.030063,104.244.42.0-255,66,291257,71,291389
4354,0.030169,104.244.42.0-255,66,291323,71,291389
4355,0.03019,104.244.42.0-255,66,291389,71,291389
4356,0.0,172.31.40.0-255,105,105,71,276
4357,0.001805,157.240.24.0-255,105,210,71,276
4358,0.001816,172.31.40.0-255,66,276,71,276
4359,0.0,74.125.68.0-255,146,146,71,299340
4360,2e-05,172.31.40.0-255,66,212,71,299340
4361,2.6e-05,74.125.68.0-255,1484,1696,71,299340
4362,3.1e-05,172.31.40.0-255,66,1762,71,299340
4363,5.5e-05,74.125.68.0-255,2902,4664,71,299340
4364,5.8e-05,172.31.40.0-255,66,4730,71,299340
4365,6.4e-05,74.125.68.0-255,5738,10468,71,299340
4366,6.7e-05,172.31.40.0-255,66,10534,71,299340
4367,7.2e-05,74.125.68.0-255,3495,14029,71,299340
4368,7.4e-05,172.31.40.0-255,66,14095,71,299340
4369,9.8e-05,74.125.68.0-255,4320,18415,71,299340
4370,0.000101,172.31.40.0-255,66,18481,71,299340
4371,0.000144,172.31.40.0-255,66,18547,71,299340
4372,0.000148,74.125.68.0-255,2543,21090,71,299340
4373,0.00015,172.31.40.0-255,66,21156,71,299340
4374,0.000236,74.125.68.0-255,1484,22640,71,299340
4375,0.00024,172.31.40.0-255,66,22706,71,299340
4376,0.000244,74.125.68.0-255,1484,24190,71,299340
4377,0.000246,172.31.40.0-255,66,24256,71,299340
4378,0.000268,74.125.68.0-255,1484,25740,71,299340
4379,0.000271,172.31.40.0-255,66,25806,71,299340
4380,0.000278,74.125.68.0-255,5738,31544,71,299340
4381,0.00028,172.31.40.0-255,66,31610,71,299340
4382,0.000285,74.125.68.0-255,2902,34512,71,299340
4383,0.000288,172.31.40.0-255,66,34578,71,299340
4384,0.000293,74.125.68.0-255,3961,38539,71,299340
4385,0.000296,172.31.40.0-255,66,38605,71,299340
4386,0.00032,74.125.68.0-255,4320,42925,71,299340
4387,0.000326,172.31.40.0-255,66,42991,71,299340
4388,0.000351,74.125.68.0-255,4320,47311,71,299340
4389,0.000354,172.31.40.0-255,66,47377,71,299340
4390,0.000358,74.125.68.0-255,2902,50279,71,299340
4391,0.000382,74.125.68.0-255,5655,55934,71,299340
4392,0.000413,74.125.68.0-255,382,56316,71,299340
4393,0.000467,74.125.68.0-255,1484,57800,71,299340
4394,0.000508,74.125.68.0-255,4320,62120,71,299340
4395,0.000515,74.125.68.0-255,5738,67858,71,299340
4396,0.000531,74.125.68.0-255,5738,73596,71,299340
4397,0.000552,74.125.68.0-255,5738,79334,71,299340
4398,0.000557,74.125.68.0-255,4320,83654,71,299340
4399,0.000592,74.125.68.0-255,2902,86556,71,299340
4400,0.00061,74.125.68.0-255,3602,90158,71,299340
4401,0.000629,172.31.40.0-255,66,90224,71,299340
4402,0.00066,74.125.68.0-255,7156,97380,71,299340
4403,0.00068,74.125.68.0-255,7156,104536,71,299340
4404,0.000696,74.125.68.0-255,1484,106020,71,299340
4405,0.0007,74.125.68.0-255,2902,108922,71,299340
4406,0.000706,74.125.68.0-255,4320,113242,71,299340
4407,0.000719,172.31.40.0-255,66,113308,71,299340
4408,0.000729,74.125.68.0-255,4320,117628,71,299340
4409,0.000746,74.125.68.0-255,4320,121948,71,299340
4410,0.000749,74.125.68.0-255,2184,124132,71,299340
4411,0.000751,172.31.40.0-255,66,124198,71,299340
4412,0.000777,172.31.40.0-255,66,124264,71,299340
4413,0.000863,74.125.68.0-255,1484,125748,71,299340
4414,0.00087,74.125.68.0-255,2902,128650,71,299340
4415,0.000885,172.31.40.0-255,66,128716,71,299340
4416,0.000911,74.125.68.0-255,5738,134454,71,299340
4417,0.000916,74.125.68.0-255,2902,137356,71,299340
4418,0.00092,74.125.68.0-255,4320,141676,71,299340
4419,0.000924,74.125.68.0-255,2902,144578,71,299340
4420,0.000943,74.125.68.0-255,5738,150316,71,299340
4421,0.000951,74.125.68.0-255,7156,157472,71,299340
4422,0.000964,172.31.40.0-255,66,157538,71,299340
4423,0.000987,74.125.68.0-255,766,158304,71,299340
4424,0.001004,74.125.68.0-255,1484,159788,71,299340
4425,0.00101,172.31.40.0-255,66,159854,71,299340
4426,0.001029,74.125.68.0-255,4320,164174,71,299340
4427,0.001044,74.125.68.0-255,1484,165658,71,299340
4428,0.001058,172.31.40.0-255,66,165724,71,299340
4429,0.001066,74.125.68.0-255,5738,171462,71,299340
4430,0.001071,172.31.40.0-255,66,171528,71,299340
4431,0.00113,172.31.40.0-255,66,171594,71,299340
4432,0.001155,74.125.68.0-255,2184,173778,71,299340
4433,0.001181,172.31.40.0-255,66,173844,71,299340
4434,0.001239,74.125.68.0-255,1484,175328,71,299340
4435,0.001255,74.125.68.0-255,2902,178230,71,299340
4436,0.001265,74.125.68.0-255,1484,179714,71,299340
4437,0.001271,172.31.40.0-255,66,179780,71,299340
4438,0.00128,74.125.68.0-255,4320,184100,71,299340
4439,0.001287,172.31.40.0-255,66,184166,71,299340
4440,0.001326,74.125.68.0-255,1484,185650,71,299340
4441,0.00133,172.31.40.0-255,66,185716,71,299340
4442,0.001363,74.125.68.0-255,7156,192872,71,299340
4443,0.001374,172.31.40.0-255,66,192938,71,299340
4444,0.001386,74.125.68.0-255,6438,199376,71,299340
4445,0.001393,74.125.68.0-255,7156,206532,71,299340
4446,0.001404,172.31.40.0-255,66,206598,71,299340
4447,0.001424,74.125.68.0-255,7156,213754,71,299340
4448,0.001436,74.125.68.0-255,7156,220910,71,299340
4449,0.001508,74.125.68.0-255,1484,222394,71,299340
4450,0.001514,172.31.40.0-255,66,222460,71,299340
4451,0.001523,74.125.68.0-255,2902,225362,71,299340
4452,0.001544,74.125.68.0-255,5738,231100,71,299340
4453,0.001548,172.31.40.0-255,66,231166,71,299340
4454,0.001574,74.125.68.0-255,4320,235486,71,299340
4455,0.001581,74.125.68.0-255,5738,241224,71,299340
4456,0.001612,172.31.40.0-255,66,241290,71,299340
4457,0.00162,74.125.68.0-255,1484,242774,71,299340
4458,0.001624,74.125.68.0-255,2184,244958,71,299340
4459,0.001634,172.31.40.0-255,66,245024,71,299340
4460,0.001672,74.125.68.0-255,1484,246508,71,299340
4461,0.001678,74.125.68.0-255,2902,249410,71,299340
4462,0.001698,172.31.40.0-255,66,249476,71,299340
4463,0.001705,74.125.68.0-255,5738,255214,71,299340
4464,0.001709,74.125.68.0-255,2902,258116,71,299340
4465,0.00172,172.31.40.0-255,66,258182,71,299340
4466,0.001728,74.125.68.0-255,1484,259666,71,299340
4467,0.001738,74.125.68.0-255,5738,265404,71,299340
4468,0.001751,74.125.68.0-255,4320,269724,71,299340
4469,0.001769,74.125.68.0-255,7156,276880,71,299340
4470,0.001773,74.125.68.0-255,2184,279064,71,299340
4471,0.001787,172.31.40.0-255,66,279130,71,299340
4472,0.001844,172.31.40.0-255,66,279196,71,299340
4473,0.001851,74.125.68.0-255,5738,284934,71,299340
4474,0.001857,74.125.68.0-255,4320,289254,71,299340
4475,0.001882,74.125.68.0-255,766,290020,71,299340
4476,0.001896,172.31.40.0-255,66,290086,71,299340
4477,0.001928,74.125.68.0-255,4320,294406,71,299340
4478,0.001951,172.31.40.0-255,66,294472,71,299340
4479,0.001963,172.31.40.0-255,66,294538,71,299340
4480,0.001989,74.125.68.0-255,105,294643,71,299340
4481,0.004259,172.31.40.0-255,66,294709,71,299340
4482,0.004292,172.31.40.0-255,105,294814,71,299340
4483,0.006578,74.125.68.0-255,66,294880,71,299340
4484,0.03321,172.31.40.0-255,172,295052,71,299340
4485,0.033242,172.31.40.0-255,1113,296165,71,299340
4486,0.033298,172.31.40.0-255,1514,297679,71,299340
4487,0.0333,172.31.40.0-255,1289,298968,71,299340
4488,0.034771,104.244.42.0-255,66,299034,71,299340
4489,0.034809,104.244.42.0-255,66,299100,71,299340
4490,0.034859,104.244.42.0-255,66,299166,71,299340
4491,0.036138,104.244.42.0-255,108,299274,71,299340
4492,0.036146,172.31.40.0-255,66,299340,71,299340
4493,0.0,172.31.40.0-255,105,105,71,276
4494,0.001918,157.240.24.0-255,105,210,71,276
4495,0.001932,172.31.40.0-255,66,276,71,276
4496,0.0,172.217.194.0-255,152,152,71,216157
4497,2.2e-05,172.31.40.0-255,66,218,71,216157
4498,2.9e-05,172.217.194.0-255,1484,1702,71,216157
4499,3.4e-05,172.31.40.0-255,66,1768,71,216157
4500,3.9e-05,172.217.194.0-255,2902,4670,71,216157
4501,4.2e-05,172.31.40.0-255,66,4736,71,216157
4502,5e-05,172.217.194.0-255,7156,11892,71,216157
4503,5.3e-05,172.31.40.0-255,66,11958,71,216157
4504,5.9e-05,172.217.194.0-255,3519,15477,71,216157
4505,6.2e-05,172.31.40.0-255,66,15543,71,216157
4506,7.7e-05,172.31.40.0-255,66,15609,71,216157
4507,0.000107,172.217.194.0-255,2543,18152,71,216157
4508,0.00011,172.31.40.0-255,66,18218,71,216157
4509,0.000114,172.217.194.0-255,2902,21120,71,216157
4510,0.000116,172.31.40.0-255,66,21186,71,216157
4511,0.000124,172.217.194.0-255,7156,28342,71,216157
4512,0.000126,172.31.40.0-255,66,28408,71,216157
4513,0.000131,172.217.194.0-255,4320,32728,71,216157
4514,0.000133,172.31.40.0-255,66,32794,71,216157
4515,0.000155,172.217.194.0-255,2543,35337,71,216157
4516,0.000157,172.31.40.0-255,66,35403,71,216157
4517,0.000227,172.217.194.0-255,1484,36887,71,216157
4518,0.00023,172.31.40.0-255,66,36953,71,216157
4519,0.000234,172.217.194.0-255,2902,39855,71,216157
4520,0.000236,172.31.40.0-255,66,39921,71,216157
4521,0.000248,172.217.194.0-255,2902,42823,71,216157
4522,0.00025,172.31.40.0-255,66,42889,71,216157
4523,0.000275,172.217.194.0-255,2902,45791,71,216157
4524,0.000278,172.31.40.0-255,66,45857,71,216157
4525,0.000281,172.217.194.0-255,1484,47341,71,216157
4526,0.000283,172.31.40.0-255,66,47407,71,216157
4527,0.000305,172.217.194.0-255,5961,53368,71,216157
4528,0.000308,172.31.40.0-255,66,53434,71,216157
4529,0.000418,172.217.194.0-255,1484,54918,71,216157
4530,0.000425,172.217.194.0-255,1484,56402,71,216157
4531,0.000427,172.31.40.0-255,66,56468,71,216157
4532,0.000449,172.217.194.0-255,1484,57952,71,216157
4533,0.000458,172.217.194.0-255,5738,63690,71,216157
4534,0.00046,172.31.40.0-255,66,63756,71,216157
4535,0.000473,172.31.40.0-255,66,63822,71,216157
4536,0.000489,172.217.194.0-255,1484,65306,71,216157
4537,0.000502,172.31.40.0-255,66,65372,71,216157
4538,0.000557,172.217.194.0-255,1484,66856,71,216157
4539,0.000562,172.217.194.0-255,2902,69758,71,216157
4540,0.000564,172.31.40.0-255,66,69824,71,216157
4541,0.000599,172.217.194.0-255,5738,75562,71,216157
4542,0.000603,172.31.40.0-255,66,75628,71,216157
4543,0.00061,172.217.194.0-255,6232,81860,71,216157
4544,0.000613,172.31.40.0-255,66,81926,71,216157
4545,0.000672,172.31.40.0-255,66,81992,71,216157
4546,0.000676,172.217.194.0-255,1533,83525,71,216157
4547,0.000679,172.31.40.0-255,66,83591,71,216157
4548,0.000723,172.217.194.0-255,1484,85075,71,216157
4549,0.000728,172.217.194.0-255,2902,87977,71,216157
4550,0.000731,172.31.40.0-255,66,88043,71,216157
4551,0.000737,172.217.194.0-255,4320,92363,71,216157
4552,0.000739,172.31.40.0-255,66,92429,71,216157
4553,0.000752,172.217.194.0-255,1484,93913,71,216157
4554,0.00076,172.217.194.0-255,7156,101069,71,216157
4555,0.000762,172.31.40.0-255,66,101135,71,216157
4556,0.000801,172.31.40.0-255,66,101201,71,216157
4557,0.000806,172.217.194.0-255,2184,103385,71,216157
4558,0.000808,172.31.40.0-255,66,103451,71,216157
4559,0.001002,172.217.194.0-255,1484,104935,71,216157
4560,0.001007,172.217.194.0-255,2902,107837,71,216157
4561,0.001013,172.31.40.0-255,66,107903,71,216157
4562,0.001039,172.217.194.0-255,5738,113641,71,216157
4563,0.001042,172.31.40.0-255,66,113707,71,216157
4564,0.001075,172.31.40.0-255,66,113773,71,216157
4565,0.001086,172.31.40.0-255,66,113839,71,216157
4566,0.001111,172.217.194.0-255,2184,116023,71,216157
4567,0.001114,172.31.40.0-255,66,116089,71,216157
4568,0.001252,172.217.194.0-255,1484,117573,71,216157
4569,0.001257,172.217.194.0-255,1484,119057,71,216157
4570,0.001259,172.31.40.0-255,66,119123,71,216157
4571,0.00128,172.217.194.0-255,1484,120607,71,216157
4572,0.001287,172.217.194.0-255,5738,126345,71,216157
4573,0.001289,172.31.40.0-255,66,126411,71,216157
4574,0.001296,172.217.194.0-255,5738,132149,71,216157
4575,0.001298,172.31.40.0-255,66,132215,71,216157
4576,0.001315,172.217.194.0-255,7156,139371,71,216157
4577,0.001318,172.31.40.0-255,66,139437,71,216157
4578,0.001325,172.217.194.0-255,7156,146593,71,216157
4579,0.001327,172.31.40.0-255,66,146659,71,216157
4580,0.001346,172.217.194.0-255,3602,150261,71,216157
4581,0.001348,172.31.40.0-255,66,150327,71,216157
4582,0.001387,172.217.194.0-255,1484,151811,71,216157
4583,0.001392,172.217.194.0-255,2902,154713,71,216157
4584,0.001396,172.31.40.0-255,66,154779,71,216157
4585,0.001417,172.217.194.0-255,5738,160517,71,216157
4586,0.00142,172.31.40.0-255,66,160583,71,216157
4587,0.001437,172.217.194.0-255,4320,164903,71,216157
4588,0.00144,172.31.40.0-255,66,164969,71,216157
4589,0.00148,172.31.40.0-255,66,165035,71,216157
4590,0.001492,172.31.40.0-255,66,165101,71,216157
4591,0.001517,172.217.194.0-255,1484,166585,71,216157
4592,0.001533,172.217.194.0-255,2902,169487,71,216157
4593,0.001536,172.31.40.0-255,66,169553,71,216157
4594,0.001556,172.217.194.0-255,5738,175291,71,216157
4595,0.001558,172.31.40.0-255,66,175357,71,216157
4596,0.00159,172.217.194.0-255,7156,182513,71,216157
4597,0.001592,172.31.40.0-255,66,182579,71,216157
4598,0.001608,172.31.40.0-255,66,182645,71,216157
4599,0.001612,172.217.194.0-255,2184,184829,71,216157
4600,0.001614,172.31.40.0-255,66,184895,71,216157
4601,0.001668,172.217.194.0-255,2902,187797,71,216157
4602,0.001671,172.31.40.0-255,66,187863,71,216157
4603,0.001676,172.217.194.0-255,4320,192183,71,216157
4604,0.001678,172.31.40.0-255,66,192249,71,216157
4605,0.001705,172.31.40.0-255,66,192315,71,216157
4606,0.001736,172.31.40.0-255,66,192381,71,216157
4607,0.001765,172.31.40.0-255,66,192447,71,216157
4608,0.00177,172.217.194.0-255,4320,196767,71,216157
4609,0.001772,172.31.40.0-255,66,196833,71,216157
4610,0.001793,172.31.40.0-255,66,196899,71,216157
4611,0.001809,172.217.194.0-255,5738,202637,71,216157
4612,0.001812,172.31.40.0-255,66,202703,71,216157
4613,0.001818,172.217.194.0-255,5738,208441,71,216157
4614,0.00182,172.31.40.0-255,66,208507,71,216157
4615,0.001865,172.31.40.0-255,66,208573,71,216157
4616,0.001879,172.31.40.0-255,66,208639,71,216157
4617,0.001882,172.217.194.0-255,1800,210439,71,216157
4618,0.001884,172.31.40.0-255,66,210505,71,216157
4619,0.001901,172.217.194.0-255,105,210610,71,216157
4620,0.005809,172.31.40.0-255,101,210711,71,216157
4621,0.007825,172.31.40.0-255,105,210816,71,216157
4622,0.008029,172.217.194.0-255,66,210882,71,216157
4623,0.010067,172.217.194.0-255,66,210948,71,216157
4624,0.033957,172.31.40.0-255,235,211183,71,216157
4625,0.033995,172.31.40.0-255,1108,212291,71,216157
4626,0.034057,172.31.40.0-255,1514,213805,71,216157
4627,0.034059,172.31.40.0-255,1514,215319,71,216157
4628,0.034088,172.31.40.0-255,574,215893,71,216157
4629,0.03547,104.244.42.0-255,66,215959,71,216157
4630,0.035498,104.244.42.0-255,66,216025,71,216157
4631,0.035569,104.244.42.0-255,66,216091,71,216157
4632,0.035583,104.244.42.0-255,66,216157,71,216157
4633,0.0,74.125.24.0-255,146,146,71,223184
4634,1.4e-05,172.31.40.0-255,66,212,71,223184
4635,2.2e-05,74.125.24.0-255,1484,1696,71,223184
4636,2.6e-05,172.31.40.0-255,66,1762,71,223184
4637,4.1e-05,74.125.24.0-255,2902,4664,71,223184
4638,4.5e-05,172.31.40.0-255,66,4730,71,223184
4639,5.4e-05,74.125.24.0-255,7156,11886,71,223184
4640,5.7e-05,172.31.40.0-255,66,11952,71,223184
4641,9.3e-05,74.125.24.0-255,2063,14015,71,223184
4642,9.6e-05,172.31.40.0-255,66,14081,71,223184
4643,0.000307,74.125.24.0-255,1484,15565,71,223184
4644,0.000313,172.31.40.0-255,66,15631,71,223184
4645,0.00032,74.125.24.0-255,2902,18533,71,223184
4646,0.000323,172.31.40.0-255,66,18599,71,223184
4647,0.000332,74.125.24.0-255,2902,21501,71,223184
4648,0.000334,172.31.40.0-255,66,21567,71,223184
4649,0.000376,74.125.24.0-255,7156,28723,71,223184
4650,0.000379,172.31.40.0-255,66,28789,71,223184
4651,0.000383,74.125.24.0-255,2543,31332,71,223184
4652,0.000386,172.31.40.0-255,66,31398,71,223184
4653,0.000584,74.125.24.0-255,1484,32882,71,223184
4654,0.000589,172.31.40.0-255,66,32948,71,223184
4655,0.000595,74.125.24.0-255,2902,35850,71,223184
4656,0.000598,172.31.40.0-255,66,35916,71,223184
4657,0.000601,74.125.24.0-255,1484,37400,71,223184
4658,0.000603,172.31.40.0-255,66,37466,71,223184
4659,0.000636,74.125.24.0-255,4320,41786,71,223184
4660,0.000639,172.31.40.0-255,66,41852,71,223184
4661,0.000647,74.125.24.0-255,6797,48649,71,223184
4662,0.000649,172.31.40.0-255,66,48715,71,223184
4663,0.000656,74.125.24.0-255,7156,55871,71,223184
4664,0.000659,172.31.40.0-255,66,55937,71,223184
4665,0.000683,74.125.24.0-255,4320,60257,71,223184
4666,0.000685,172.31.40.0-255,66,60323,71,223184
4667,0.000712,74.125.24.0-255,5692,66015,71,223184
4668,0.000715,172.31.40.0-255,66,66081,71,223184
4669,0.000718,74.125.24.0-255,373,66454,71,223184
4670,0.00072,172.31.40.0-255,66,66520,71,223184
4671,0.001098,74.125.24.0-255,1484,68004,71,223184
4672,0.001103,172.31.40.0-255,66,68070,71,223184
4673,0.001109,74.125.24.0-255,2902,70972,71,223184
4674,0.001111,172.31.40.0-255,66,71038,71,223184
4675,0.001114,74.125.24.0-255,1484,72522,71,223184
4676,0.001116,172.31.40.0-255,66,72588,71,223184
4677,0.001141,74.125.24.0-255,4320,76908,71,223184
4678,0.00115,74.125.24.0-255,2902,79810,71,223184
4679,0.001163,172.31.40.0-255,66,79876,71,223184
4680,0.001175,74.125.24.0-255,1484,81360,71,223184
4681,0.001181,172.31.40.0-255,66,81426,71,223184
4682,0.001226,172.31.40.0-255,66,81492,71,223184
4683,0.001253,74.125.24.0-255,2902,84394,71,223184
4684,0.001637,74.125.24.0-255,1484,85878,71,223184
4685,0.001646,74.125.24.0-255,2902,88780,71,223184
4686,0.001648,74.125.24.0-255,1484,90264,71,223184
4687,0.001664,74.125.24.0-255,4320,94584,71,223184
4688,0.001705,74.125.24.0-255,766,95350,71,223184
4689,0.002086,74.125.24.0-255,1484,96834,71,223184
4690,0.002101,74.125.24.0-255,2902,99736,71,223184
4691,0.002105,74.125.24.0-255,1484,101220,71,223184
4692,0.002127,74.125.24.0-255,4320,105540,71,223184
4693,0.002131,74.125.24.0-255,2902,108442,71,223184
4694,0.002157,74.125.24.0-255,2902,111344,71,223184
4695,0.002164,74.125.24.0-255,7156,118500,71,223184
4696,0.002185,74.125.24.0-255,4320,122820,71,223184
4697,0.002202,74.125.24.0-255,2902,125722,71,223184
4698,0.002217,74.125.24.0-255,3602,129324,71,223184
4699,0.00223,74.125.24.0-255,2902,132226,71,223184
4700,0.002315,74.125.24.0-255,2902,135128,71,223184
4701,0.002324,74.125.24.0-255,1484,136612,71,223184
4702,0.002341,74.125.24.0-255,5020,141632,71,223184
4703,0.005239,172.31.40.0-255,66,141698,71,223184
4704,0.007662,74.125.24.0-255,5738,147436,71,223184
4705,0.007667,172.31.40.0-255,66,147502,71,223184
4706,0.010033,74.125.24.0-255,5738,153240,71,223184
4707,0.01004,172.31.40.0-255,66,153306,71,223184
4708,0.012463,74.125.24.0-255,5738,159044,71,223184
4709,0.012473,172.31.40.0-255,66,159110,71,223184
4710,0.014861,74.125.24.0-255,5738,164848,71,223184
4711,0.014869,172.31.40.0-255,66,164914,71,223184
4712,0.017265,74.125.24.0-255,4320,169234,71,223184
4713,0.017272,172.31.40.0-255,66,169300,71,223184
4714,0.01729,74.125.24.0-255,1484,170784,71,223184
4715,0.019656,74.125.24.0-255,4320,175104,71,223184
4716,0.019664,172.31.40.0-255,66,175170,71,223184
4717,0.022072,74.125.24.0-255,4320,179490,71,223184
4718,0.022081,172.31.40.0-255,66,179556,71,223184
4719,0.022107,74.125.24.0-255,1484,181040,71,223184
4720,0.02444,74.125.24.0-255,4320,185360,71,223184
4721,0.024446,172.31.40.0-255,66,185426,71,223184
4722,0.026843,74.125.24.0-255,5738,191164,71,223184
4723,0.026884,172.31.40.0-255,66,191230,71,223184
4724,0.02927,74.125.24.0-255,5738,196968,71,223184
4725,0.029278,172.31.40.0-255,66,197034,71,223184
4726,0.031698,74.125.24.0-255,4320,201354,71,223184
4727,0.031704,172.31.40.0-255,66,201420,71,223184
4728,0.031728,74.125.24.0-255,1484,202904,71,223184
4729,0.033514,172.31.40.0-255,172,203076,71,223184
4730,0.03354,172.31.40.0-255,1111,204187,71,223184
4731,0.033588,172.31.40.0-255,1514,205701,71,223184
4732,0.03359,172.31.40.0-255,1291,206992,71,223184
4733,0.034095,74.125.24.0-255,4320,211312,71,223184
4734,0.034101,172.31.40.0-255,66,211378,71,223184
4735,0.035176,104.244.42.0-255,66,211444,71,223184
4736,0.035213,104.244.42.0-255,66,211510,71,223184
4737,0.035259,104.244.42.0-255,66,211576,71,223184
4738,0.036477,74.125.24.0-255,5738,217314,71,223184
4739,0.037234,172.31.40.0-255,66,217380,71,223184
4740,0.039608,74.125.24.0-255,5738,223118,71,223184
4741,0.039623,172.31.40.0-255,66,223184,71,223184
4742,0.0,172.217.194.0-255,155,155,71,186809
4743,2.4e-05,172.31.40.0-255,66,221,71,186809
4744,3.1e-05,172.217.194.0-255,1484,1705,71,186809
4745,3.6e-05,172.31.40.0-255,66,1771,71,186809
4746,4.2e-05,172.217.194.0-255,2902,4673,71,186809
4747,5.3e-05,172.31.40.0-255,66,4739,71,186809
4748,6.1e-05,172.217.194.0-255,7156,11895,71,186809
4749,6.5e-05,172.31.40.0-255,66,11961,71,186809
4750,6.9e-05,172.217.194.0-255,2056,14017,71,186809
4751,7.1e-05,172.31.40.0-255,66,14083,71,186809
4752,7.5e-05,172.217.194.0-255,1484,15567,71,186809
4753,7.7e-05,172.31.40.0-255,66,15633,71,186809
4754,0.000128,172.31.40.0-255,66,15699,71,186809
4755,0.000135,172.217.194.0-255,5379,21078,71,186809
4756,0.000137,172.31.40.0-255,66,21144,71,186809
4757,0.000157,172.217.194.0-255,2902,24046,71,186809
4758,0.00016,172.31.40.0-255,66,24112,71,186809
4759,0.000188,172.217.194.0-255,2902,27014,71,186809
4760,0.00019,172.31.40.0-255,66,27080,71,186809
4761,0.0002,172.217.194.0-255,5738,32818,71,186809
4762,0.000203,172.31.40.0-255,66,32884,71,186809
4763,0.000217,172.31.40.0-255,66,32950,71,186809
4764,0.000221,172.217.194.0-255,2902,35852,71,186809
4765,0.000223,172.31.40.0-255,66,35918,71,186809
4766,0.000252,172.217.194.0-255,6747,42665,71,186809
4767,0.00026,172.31.40.0-255,66,42731,71,186809
4768,0.000288,172.217.194.0-255,367,43098,71,186809
4769,0.00029,172.31.40.0-255,66,43164,71,186809
4770,0.00037,172.217.194.0-255,1484,44648,71,186809
4771,0.000374,172.31.40.0-255,66,44714,71,186809
4772,0.000379,172.217.194.0-255,2902,47616,71,186809
4773,0.000382,172.31.40.0-255,66,47682,71,186809
4774,0.000386,172.217.194.0-255,2902,50584,71,186809
4775,0.000388,172.31.40.0-255,66,50650,71,186809
4776,0.000417,172.217.194.0-255,2902,53552,71,186809
4777,0.00042,172.31.40.0-255,66,53618,71,186809
4778,0.000432,172.217.194.0-255,7156,60774,71,186809
4779,0.000434,172.31.40.0-255,66,60840,71,186809
4780,0.000493,172.31.40.0-255,66,60906,71,186809
4781,0.00052,172.217.194.0-255,2902,63808,71,186809
4782,0.000522,172.31.40.0-255,66,63874,71,186809
4783,0.000527,172.217.194.0-255,2184,66058,71,186809
4784,0.000529,172.31.40.0-255,66,66124,71,186809
4785,0.001047,172.217.194.0-255,1484,67608,71,186809
4786,0.001054,172.217.194.0-255,2902,70510,71,186809
4787,0.001058,172.31.40.0-255,66,70576,71,186809
4788,0.00109,172.217.194.0-255,5738,76314,71,186809
4789,0.001093,172.31.40.0-255,66,76380,71,186809
4790,0.001098,172.217.194.0-255,2902,79282,71,186809
4791,0.0011,172.31.40.0-255,66,79348,71,186809
4792,0.001142,172.31.40.0-255,66,79414,71,186809
4793,0.001154,172.31.40.0-255,66,79480,71,186809
4794,0.00154,172.217.194.0-255,1484,80964,71,186809
4795,0.001544,172.217.194.0-255,1484,82448,71,186809
4796,0.00155,172.31.40.0-255,66,82514,71,186809
4797,0.001562,172.217.194.0-255,1484,83998,71,186809
4798,0.001573,172.217.194.0-255,5738,89736,71,186809
4799,0.001576,172.31.40.0-255,66,89802,71,186809
4800,0.001587,172.31.40.0-255,66,89868,71,186809
4801,0.00163,172.31.40.0-255,66,89934,71,186809
4802,0.001635,172.217.194.0-255,2184,92118,71,186809
4803,0.001637,172.31.40.0-255,66,92184,71,186809
4804,0.002152,172.217.194.0-255,1484,93668,71,186809
4805,0.002159,172.217.194.0-255,1484,95152,71,186809
4806,0.002162,172.31.40.0-255,66,95218,71,186809
4807,0.002188,172.217.194.0-255,1484,96702,71,186809
4808,0.002194,172.217.194.0-255,5738,102440,71,186809
4809,0.002196,172.31.40.0-255,66,102506,71,186809
4810,0.002206,172.31.40.0-255,66,102572,71,186809
4811,0.002236,172.217.194.0-255,4320,106892,71,186809
4812,0.002238,172.31.40.0-255,66,106958,71,186809
4813,0.002251,172.31.40.0-255,66,107024,71,186809
4814,0.002259,172.217.194.0-255,2902,109926,71,186809
4815,0.002261,172.31.40.0-255,66,109992,71,186809
4816,0.002282,172.217.194.0-255,2902,112894,71,186809
4817,0.002284,172.31.40.0-255,66,112960,71,186809
4818,0.002314,172.31.40.0-255,66,113026,71,186809
4819,0.002333,172.31.40.0-255,66,113092,71,186809
4820,0.002342,172.31.40.0-255,66,113158,71,186809
4821,0.002382,172.217.194.0-255,7156,120314,71,186809
4822,0.002384,172.31.40.0-255,66,120380,71,186809
4823,0.00241,172.31.40.0-255,66,120446,71,186809
4824,0.002413,172.217.194.0-255,766,121212,71,186809
4825,0.002458,172.217.194.0-255,1484,122696,71,186809
4826,0.00246,172.31.40.0-255,66,122762,71,186809
4827,0.002489,172.31.40.0-255,66,122828,71,186809
4828,0.002524,172.217.194.0-255,7156,129984,71,186809
4829,0.002527,172.31.40.0-255,66,130050,71,186809
4830,0.002541,172.31.40.0-255,66,130116,71,186809
4831,0.002555,172.31.40.0-255,66,130182,71,186809
4832,0.002568,172.217.194.0-255,5738,135920,71,186809
4833,0.00257,172.31.40.0-255,66,135986,71,186809
4834,0.002591,172.217.194.0-255,5738,141724,71,186809
4835,0.002593,172.31.40.0-255,66,141790,71,186809
4836,0.002622,172.217.194.0-255,4320,146110,71,186809
4837,0.002625,172.31.40.0-255,66,146176,71,186809
4838,0.002629,172.217.194.0-255,1484,147660,71,186809
4839,0.002631,172.217.194.0-255,1484,149144,71,186809
4840,0.002633,172.31.40.0-255,78,149222,71,186809
4841,0.002654,172.31.40.0-255,78,149300,71,186809
4842,0.002674,172.217.194.0-255,766,150066,71,186809
4843,0.002677,172.31.40.0-255,66,150132,71,186809
4844,0.00515,172.217.194.0-255,5738,155870,71,186809
4845,0.005159,172.31.40.0-255,66,155936,71,186809
4846,0.007725,172.217.194.0-255,5738,161674,71,186809
4847,0.007731,172.31.40.0-255,66,161740,71,186809
4848,0.010191,172.217.194.0-255,5738,167478,71,186809
4849,0.010198,172.31.40.0-255,66,167544,71,186809
4850,0.012693,172.217.194.0-255,5738,173282,71,186809
4851,0.012706,172.31.40.0-255,66,173348,71,186809
4852,0.015203,172.217.194.0-255,5738,179086,71,186809
4853,0.015213,172.31.40.0-255,66,179152,71,186809
4854,0.017703,172.217.194.0-255,3134,182286,71,186809
4855,0.017713,172.31.40.0-255,66,182352,71,186809
4856,0.02035,172.31.40.0-255,105,182457,71,186809
4857,0.022776,172.217.194.0-255,66,182523,71,186809
4858,0.030937,172.31.40.0-255,172,182695,71,186809
4859,0.030965,172.31.40.0-255,1109,183804,71,186809
4860,0.031018,172.31.40.0-255,1514,185318,71,186809
4861,0.031019,172.31.40.0-255,1293,186611,71,186809
4862,0.032611,104.244.42.0-255,66,186677,71,186809
4863,0.032636,104.244.42.0-255,66,186743,71,186809
4864,0.032707,104.244.42.0-255,66,186809,71,186809
4865,0.0,172.217.194.0-255,153,153,71,201344
4866,2.3e-05,172.31.40.0-255,66,219,71,201344
4867,3e-05,172.217.194.0-255,1484,1703,71,201344
4868,3.6e-05,172.31.40.0-255,66,1769,71,201344
4869,4.2e-05,172.217.194.0-255,2902,4671,71,201344
4870,4.7e-05,172.31.40.0-255,66,4737,71,201344
4871,5.3e-05,172.217.194.0-255,4320,9057,71,201344
4872,5.6e-05,172.31.40.0-255,66,9123,71,201344
4873,6.3e-05,172.217.194.0-255,4901,14024,71,201344
4874,6.5e-05,172.31.40.0-255,66,14090,71,201344
4875,7e-05,172.217.194.0-255,2902,16992,71,201344
4876,7.3e-05,172.31.40.0-255,66,17058,71,201344
4877,0.000113,172.31.40.0-255,66,17124,71,201344
4878,0.000119,172.217.194.0-255,5379,22503,71,201344
4879,0.000122,172.31.40.0-255,66,22569,71,201344
4880,0.000148,172.217.194.0-255,1484,24053,71,201344
4881,0.00015,172.31.40.0-255,66,24119,71,201344
4882,0.000171,172.217.194.0-255,2902,27021,71,201344
4883,0.000173,172.31.40.0-255,66,27087,71,201344
4884,0.000197,172.217.194.0-255,5738,32825,71,201344
4885,0.0002,172.31.40.0-255,66,32891,71,201344
4886,0.000215,172.217.194.0-255,2902,35793,71,201344
4887,0.000217,172.31.40.0-255,66,35859,71,201344
4888,0.000244,172.217.194.0-255,5738,41597,71,201344
4889,0.000247,172.31.40.0-255,66,41663,71,201344
4890,0.000268,172.217.194.0-255,5379,47042,71,201344
4891,0.000271,172.31.40.0-255,66,47108,71,201344
4892,0.000283,172.31.40.0-255,66,47174,71,201344
4893,0.000286,172.217.194.0-255,98,47272,71,201344
4894,0.000288,172.31.40.0-255,66,47338,71,201344
4895,0.000307,172.217.194.0-255,1484,48822,71,201344
4896,0.000313,172.217.194.0-255,2902,51724,71,201344
4897,0.000315,172.31.40.0-255,66,51790,71,201344
4898,0.00035,172.217.194.0-255,7156,58946,71,201344
4899,0.000354,172.31.40.0-255,66,59012,71,201344
4900,0.00036,172.217.194.0-255,5379,64391,71,201344
4901,0.000362,172.31.40.0-255,66,64457,71,201344
4902,0.000373,172.31.40.0-255,66,64523,71,201344
4903,0.000397,172.217.194.0-255,5738,70261,71,201344
4904,0.000399,172.31.40.0-255,66,70327,71,201344
4905,0.000404,172.217.194.0-255,2841,73168,71,201344
4906,0.000406,172.31.40.0-255,66,73234,71,201344
4907,0.000502,172.217.194.0-255,1484,74718,71,201344
4908,0.000508,172.217.194.0-255,2902,77620,71,201344
4909,0.000512,172.31.40.0-255,66,77686,71,201344
4910,0.000517,172.217.194.0-255,2902,80588,71,201344
4911,0.000519,172.31.40.0-255,66,80654,71,201344
4912,0.000535,172.217.194.0-255,2902,83556,71,201344
4913,0.000537,172.31.40.0-255,66,83622,71,201344
4914,0.000542,172.217.194.0-255,2902,86524,71,201344
4915,0.000544,172.31.40.0-255,66,86590,71,201344
4916,0.000573,172.31.40.0-255,66,86656,71,201344
4917,0.000586,172.31.40.0-255,66,86722,71,201344
4918,0.000612,172.217.194.0-255,1484,88206,71,201344
4919,0.000617,172.217.194.0-255,2902,91108,71,201344
4920,0.000619,172.31.40.0-255,66,91174,71,201344
4921,0.000622,172.217.194.0-255,1484,92658,71,201344
4922,0.000642,172.217.194.0-255,4320,96978,71,201344
4923,0.000645,172.31.40.0-255,66,97044,71,201344
4924,0.000659,172.31.40.0-255,66,97110,71,201344
4925,0.000695,172.217.194.0-255,1484,98594,71,201344
4926,0.000724,172.217.194.0-255,5738,104332,71,201344
4927,0.000727,172.31.40.0-255,66,104398,71,201344
4928,0.000732,172.217.194.0-255,3602,108000,71,201344
4929,0.000734,172.31.40.0-255,66,108066,71,201344
4930,0.000738,172.217.194.0-255,1484,109550,71,201344
4931,0.000766,172.217.194.0-255,2902,112452,71,201344
4932,0.000769,172.31.40.0-255,66,112518,71,201344
4933,0.000777,172.217.194.0-255,7156,119674,71,201344
4934,0.00078,172.31.40.0-255,66,119740,71,201344
4935,0.000785,172.217.194.0-255,4320,124060,71,201344
4936,0.000788,172.31.40.0-255,66,124126,71,201344
4937,0.000816,172.31.40.0-255,66,124192,71,201344
4938,0.000822,172.217.194.0-255,5738,129930,71,201344
4939,0.000824,172.31.40.0-255,66,129996,71,201344
4940,0.000849,172.217.194.0-255,3602,133598,71,201344
4941,0.000852,172.31.40.0-255,66,133664,71,201344
4942,0.000855,172.217.194.0-255,1484,135148,71,201344
4943,0.000876,172.217.194.0-255,5738,140886,71,201344
4944,0.000879,172.31.40.0-255,66,140952,71,201344
4945,0.0009,172.217.194.0-255,2902,143854,71,201344
4946,0.000903,172.31.40.0-255,66,143920,71,201344
4947,0.000915,172.31.40.0-255,66,143986,71,201344
4948,0.000939,172.31.40.0-255,66,144052,71,201344
4949,0.000946,172.217.194.0-255,5020,149072,71,201344
4950,0.000948,172.31.40.0-255,66,149138,71,201344
4951,0.001002,172.217.194.0-255,1484,150622,71,201344
4952,0.001005,172.217.194.0-255,1484,152106,71,201344
4953,0.001008,172.31.40.0-255,66,152172,71,201344
4954,0.001028,172.217.194.0-255,1484,153656,71,201344
4955,0.001034,172.217.194.0-255,5738,159394,71,201344
4956,0.001037,172.31.40.0-255,66,159460,71,201344
4957,0.001089,172.31.40.0-255,66,159526,71,201344
4958,0.00111,172.217.194.0-255,7156,166682,71,201344
4959,0.001113,172.31.40.0-255,66,166748,71,201344
4960,0.001118,172.217.194.0-255,3602,170350,71,201344
4961,0.00112,172.31.40.0-255,66,170416,71,201344
4962,0.001216,172.217.194.0-255,1484,171900,71,201344
4963,0.001221,172.217.194.0-255,2902,174802,71,201344
4964,0.001223,172.31.40.0-255,66,174868,71,201344
4965,0.001228,172.217.194.0-255,4320,179188,71,201344
4966,0.001231,172.31.40.0-255,66,179254,71,201344
4967,0.001242,172.217.194.0-255,1484,180738,71,201344
4968,0.001245,172.217.194.0-255,1484,182222,71,201344
4969,0.001247,172.31.40.0-255,66,182288,71,201344
4970,0.001277,172.217.194.0-255,5738,188026,71,201344
4971,0.001303,172.217.194.0-255,6438,194464,71,201344
4972,0.001334,172.217.194.0-255,1484,195948,71,201344
4973,0.001372,172.217.194.0-255,766,196714,71,201344
4974,0.001479,172.217.194.0-255,105,196819,71,201344
4975,0.002826,172.31.40.0-255,66,196885,71,201344
4976,0.005718,172.31.40.0-255,105,196990,71,201344
4977,0.008103,172.217.194.0-255,66,197056,71,201344
4978,0.033229,172.31.40.0-255,172,197228,71,201344
4979,0.033264,172.31.40.0-255,1111,198339,71,201344
4980,0.033323,172.31.40.0-255,1514,199853,71,201344
4981,0.033325,172.31.40.0-255,1293,201146,71,201344
4982,0.034833,104.244.42.0-255,66,201212,71,201344
4983,0.034869,104.244.42.0-255,66,201278,71,201344
4984,0.03494,104.244.42.0-255,66,201344,71,201344
4985,0.0,172.31.40.0-255,105,105,71,459
4986,0.000132,172.31.40.0-255,90,195,71,459
4987,0.000141,172.31.40.0-255,66,261,71,459
4988,0.002096,74.125.68.0-255,66,327,71,459
4989,0.002124,74.125.68.0-255,66,393,71,459
4990,0.002144,172.31.40.0-255,66,459,71,459
4991,0.0,172.217.194.0-255,152,152,71,160601
4992,2e-05,172.31.40.0-255,66,218,71,160601
4993,2.8e-05,172.217.194.0-255,1484,1702,71,160601
4994,3.3e-05,172.31.40.0-255,66,1768,71,160601
4995,4.6e-05,172.217.194.0-255,2902,4670,71,160601
4996,5e-05,172.31.40.0-255,66,4736,71,160601
4997,5.8e-05,172.217.194.0-255,7156,11892,71,160601
4998,6.1e-05,172.31.40.0-255,66,11958,71,160601
4999,6.4e-05,172.217.194.0-255,1484,13442,71,160601
5000,6.6e-05,172.31.40.0-255,66,13508,71,160601
5001,7e-05,172.217.194.0-255,677,14185,71,160601
5002,7.2e-05,172.31.40.0-255,66,14251,71,160601
5003,7.5e-05,172.217.194.0-255,1484,15735,71,160601
5004,7.7e-05,172.31.40.0-255,66,15801,71,160601
5005,8.3e-05,172.217.194.0-255,4320,20121,71,160601
5006,8.5e-05,172.31.40.0-255,66,20187,71,160601
5007,0.000115,172.217.194.0-255,1484,21671,71,160601
5008,0.000117,172.31.40.0-255,66,21737,71,160601
5009,0.000154,172.31.40.0-255,66,21803,71,160601
5010,0.000157,172.217.194.0-255,1125,22928,71,160601
5011,0.000159,172.31.40.0-255,66,22994,71,160601
5012,0.000175,172.31.40.0-255,66,23060,71,160601
5013,0.00018,172.217.194.0-255,3961,27021,71,160601
5014,0.000182,172.31.40.0-255,66,27087,71,160601
5015,0.000246,172.217.194.0-255,1484,28571,71,160601
5016,0.000248,172.31.40.0-255,66,28637,71,160601
5017,0.000253,172.217.194.0-255,2902,31539,71,160601
5018,0.000255,172.31.40.0-255,66,31605,71,160601
5019,0.000258,172.217.194.0-255,1484,33089,71,160601
5020,0.00026,172.31.40.0-255,66,33155,71,160601
5021,0.000299,172.217.194.0-255,4320,37475,71,160601
5022,0.000302,172.31.40.0-255,66,37541,71,160601
5023,0.000308,172.217.194.0-255,5738,43279,71,160601
5024,0.00031,172.31.40.0-255,66,43345,71,160601
5025,0.000313,172.217.194.0-255,1125,44470,71,160601
5026,0.000463,172.217.194.0-255,362,44832,71,160601
5027,0.000791,172.217.194.0-255,380,45212,71,160601
5028,0.000795,172.31.40.0-255,66,45278,71,160601
5029,0.001604,172.217.194.0-255,1484,46762,71,160601
5030,0.001613,172.217.194.0-255,1484,48246,71,160601
5031,0.001618,172.31.40.0-255,66,48312,71,160601
5032,0.001646,172.217.194.0-255,1484,49796,71,160601
5033,0.001654,172.217.194.0-255,5738,55534,71,160601
5034,0.001656,172.31.40.0-255,66,55600,71,160601
5035,0.001663,172.217.194.0-255,4320,59920,71,160601
5036,0.001665,172.31.40.0-255,66,59986,71,160601
5037,0.00167,172.217.194.0-255,4320,64306,71,160601
5038,0.001672,172.31.40.0-255,66,64372,71,160601
5039,0.001705,172.217.194.0-255,7156,71528,71,160601
5040,0.001708,172.31.40.0-255,66,71594,71,160601
5041,0.001719,172.31.40.0-255,66,71660,71,160601
5042,0.004181,172.217.194.0-255,5738,77398,71,160601
5043,0.004187,172.31.40.0-255,66,77464,71,160601
5044,0.006641,172.217.194.0-255,5738,83202,71,160601
5045,0.006648,172.31.40.0-255,66,83268,71,160601
5046,0.006895,172.31.40.0-255,101,83369,71,160601
5047,0.009093,172.217.194.0-255,4320,87689,71,160601
5048,0.009099,172.31.40.0-255,66,87755,71,160601
5049,0.009117,172.217.194.0-255,1484,89239,71,160601
5050,0.009278,172.217.194.0-255,66,89305,71,160601
5051,0.01153,172.217.194.0-255,4320,93625,71,160601
5052,0.011538,172.31.40.0-255,66,93691,71,160601
5053,0.013991,172.217.194.0-255,5738,99429,71,160601
5054,0.013999,172.31.40.0-255,66,99495,71,160601
5055,0.01644,172.217.194.0-255,5738,105233,71,160601
5056,0.01645,172.31.40.0-255,66,105299,71,160601
5057,0.018901,172.217.194.0-255,5738,111037,71,160601
5058,0.018912,172.31.40.0-255,66,111103,71,160601
5059,0.021351,172.217.194.0-255,5738,116841,71,160601
5060,0.021358,172.31.40.0-255,66,116907,71,160601
5061,0.023772,172.217.194.0-255,5738,122645,71,160601
5062,0.02378,172.31.40.0-255,66,122711,71,160601
5063,0.026201,172.217.194.0-255,5738,128449,71,160601
5064,0.026209,172.31.40.0-255,66,128515,71,160601
5065,0.028639,172.217.194.0-255,5738,134253,71,160601
5066,0.028646,172.31.40.0-255,66,134319,71,160601
5067,0.031067,172.217.194.0-255,2902,137221,71,160601
5068,0.031073,172.31.40.0-255,66,137287,71,160601
5069,0.031092,172.217.194.0-255,2902,140189,71,160601
5070,0.031096,172.31.40.0-255,66,140255,71,160601
5071,0.0311,172.31.40.0-255,172,140427,71,160601
5072,0.031129,172.31.40.0-255,1113,141540,71,160601
5073,0.031232,172.31.40.0-255,1514,143054,71,160601
5074,0.031234,172.31.40.0-255,1289,144343,71,160601
5075,0.032771,104.244.42.0-255,66,144409,71,160601
5076,0.032779,104.244.42.0-255,66,144475,71,160601
5077,0.032926,104.244.42.0-255,66,144541,71,160601
5078,0.033519,172.217.194.0-255,4320,148861,71,160601
5079,0.033523,172.31.40.0-255,66,148927,71,160601
5080,0.033549,172.217.194.0-255,1484,150411,71,160601
5081,0.036004,172.217.194.0-255,4320,154731,71,160601
5082,0.036011,172.31.40.0-255,66,154797,71,160601
5083,0.038443,172.217.194.0-255,5738,160535,71,160601
5084,0.03845,172.31.40.0-255,66,160601,71,160601
5085,0.0,74.125.24.0-255,153,153,71,152645
5086,2.3e-05,172.31.40.0-255,66,219,71,152645
5087,2.9e-05,74.125.24.0-255,1484,1703,71,152645
5088,3.3e-05,172.31.40.0-255,66,1769,71,152645
5089,4e-05,74.125.24.0-255,2902,4671,71,152645
5090,4.4e-05,172.31.40.0-255,66,4737,71,152645
5091,4.9e-05,74.125.24.0-255,2902,7639,71,152645
5092,5.1e-05,172.31.40.0-255,66,7705,71,152645
5093,7.4e-05,74.125.24.0-255,4320,12025,71,152645
5094,7.8e-05,172.31.40.0-255,66,12091,71,152645
5095,8.2e-05,74.125.24.0-255,2092,14183,71,152645
5096,8.5e-05,172.31.40.0-255,66,14249,71,152645
5097,0.000201,74.125.24.0-255,1484,15733,71,152645
5098,0.000205,172.31.40.0-255,66,15799,71,152645
5099,0.00021,74.125.24.0-255,2902,18701,71,152645
5100,0.000213,172.31.40.0-255,66,18767,71,152645
5101,0.000215,74.125.24.0-255,1484,20251,71,152645
5102,0.000217,172.31.40.0-255,66,20317,71,152645
5103,0.000244,74.125.24.0-255,2902,23219,71,152645
5104,0.000247,172.31.40.0-255,66,23285,71,152645
5105,0.000265,74.125.24.0-255,1484,24769,71,152645
5106,0.000267,172.31.40.0-255,66,24835,71,152645
5107,0.000294,172.31.40.0-255,66,24901,71,152645
5108,0.000322,74.125.24.0-255,1484,26385,71,152645
5109,0.000324,172.31.40.0-255,66,26451,71,152645
5110,0.000339,74.125.24.0-255,5738,32189,71,152645
5111,0.000342,172.31.40.0-255,66,32255,71,152645
5112,0.000352,172.31.40.0-255,66,32321,71,152645
5113,0.000499,74.125.24.0-255,1484,33805,71,152645
5114,0.000503,172.31.40.0-255,66,33871,71,152645
5115,0.000516,74.125.24.0-255,1484,35355,71,152645
5116,0.000529,74.125.24.0-255,1484,36839,71,152645
5117,0.000531,172.31.40.0-255,66,36905,71,152645
5118,0.000539,74.125.24.0-255,5738,42643,71,152645
5119,0.000541,172.31.40.0-255,66,42709,71,152645
5120,0.000573,74.125.24.0-255,6797,49506,71,152645
5121,0.000578,172.31.40.0-255,66,49572,71,152645
5122,0.003218,74.125.24.0-255,645,50217,71,152645
5123,0.003259,74.125.24.0-255,1484,51701,71,152645
5124,0.003264,172.31.40.0-255,66,51767,71,152645
5125,0.003269,74.125.24.0-255,1484,53251,71,152645
5126,0.003286,74.125.24.0-255,1484,54735,71,152645
5127,0.003288,172.31.40.0-255,66,54801,71,152645
5128,0.005369,74.125.24.0-255,2902,57703,71,152645
5129,0.005372,172.31.40.0-255,66,57769,71,152645
5130,0.005392,74.125.24.0-255,2902,60671,71,152645
5131,0.005394,172.31.40.0-255,66,60737,71,152645
5132,0.00746,74.125.24.0-255,2902,63639,71,152645
5133,0.007465,172.31.40.0-255,66,63705,71,152645
5134,0.007503,74.125.24.0-255,2902,66607,71,152645
5135,0.007506,172.31.40.0-255,66,66673,71,152645
5136,0.009624,74.125.24.0-255,4320,70993,71,152645
5137,0.009631,172.31.40.0-255,66,71059,71,152645
5138,0.009654,74.125.24.0-255,1484,72543,71,152645
5139,0.011734,74.125.24.0-255,4320,76863,71,152645
5140,0.01174,172.31.40.0-255,66,76929,71,152645
5141,0.01384,74.125.24.0-255,5738,82667,71,152645
5142,0.013846,172.31.40.0-255,66,82733,71,152645
5143,0.015947,74.125.24.0-255,2902,85635,71,152645
5144,0.015953,172.31.40.0-255,66,85701,71,152645
5145,0.015977,74.125.24.0-255,2902,88603,71,152645
5146,0.01598,172.31.40.0-255,66,88669,71,152645
5147,0.018067,74.125.24.0-255,5738,94407,71,152645
5148,0.018075,172.31.40.0-255,66,94473,71,152645
5149,0.020179,74.125.24.0-255,5738,100211,71,152645
5150,0.020186,172.31.40.0-255,66,100277,71,152645
5151,0.022303,74.125.24.0-255,5738,106015,71,152645
5152,0.022311,172.31.40.0-255,66,106081,71,152645
5153,0.024411,74.125.24.0-255,5738,111819,71,152645
5154,0.024418,172.31.40.0-255,66,111885,71,152645
5155,0.026519,74.125.24.0-255,5738,117623,71,152645
5156,0.026526,172.31.40.0-255,66,117689,71,152645
5157,0.028612,74.125.24.0-255,5738,123427,71,152645
5158,0.028618,172.31.40.0-255,66,123493,71,152645
5159,0.030729,74.125.24.0-255,5738,129231,71,152645
5160,0.030736,172.31.40.0-255,66,129297,71,152645
5161,0.03285,74.125.24.0-255,5738,135035,71,152645
5162,0.032858,172.31.40.0-255,66,135101,71,152645
5163,0.034943,74.125.24.0-255,5738,140839,71,152645
5164,0.034952,172.31.40.0-255,66,140905,71,152645
5165,0.037064,74.125.24.0-255,5738,146643,71,152645
5166,0.037072,172.31.40.0-255,66,146709,71,152645
5167,0.039156,74.125.24.0-255,2902,149611,71,152645
5168,0.039164,172.31.40.0-255,66,149677,71,152645
5169,0.039187,74.125.24.0-255,2902,152579,71,152645
5170,0.039191,172.31.40.0-255,66,152645,71,152645
5171,0.0,74.125.68.0-255,153,153,71,346264
5172,1.6e-05,172.31.40.0-255,66,219,71,346264
5173,4.9e-05,74.125.68.0-255,1484,1703,71,346264
5174,5.4e-05,172.31.40.0-255,66,1769,71,346264
5175,5.9e-05,74.125.68.0-255,2902,4671,71,346264
5176,6.2e-05,172.31.40.0-255,66,4737,71,346264
5177,9.5e-05,74.125.68.0-255,2902,7639,71,346264
5178,9.8e-05,172.31.40.0-255,66,7705,71,346264
5179,0.000103,74.125.68.0-255,4320,12025,71,346264
5180,0.000105,172.31.40.0-255,66,12091,71,346264
5181,0.000133,74.125.68.0-255,4938,17029,71,346264
5182,0.000135,172.31.40.0-255,66,17095,71,346264
5183,0.000168,74.125.68.0-255,5738,22833,71,346264
5184,0.000171,172.31.40.0-255,66,22899,71,346264
5185,0.000177,74.125.68.0-255,7156,30055,71,346264
5186,0.000179,172.31.40.0-255,66,30121,71,346264
5187,0.000216,74.125.68.0-255,1125,31246,71,346264
5188,0.000218,172.31.40.0-255,66,31312,71,346264
5189,0.000381,74.125.68.0-255,1484,32796,71,346264
5190,0.000385,172.31.40.0-255,66,32862,71,346264
5191,0.000389,74.125.68.0-255,1484,34346,71,346264
5192,0.000391,172.31.40.0-255,66,34412,71,346264
5193,0.000422,74.125.68.0-255,1484,35896,71,346264
5194,0.000424,172.31.40.0-255,66,35962,71,346264
5195,0.00043,74.125.68.0-255,5738,41700,71,346264
5196,0.000433,172.31.40.0-255,66,41766,71,346264
5197,0.000438,74.125.68.0-255,4320,46086,71,346264
5198,0.00044,172.31.40.0-255,66,46152,71,346264
5199,0.000444,74.125.68.0-255,2902,49054,71,346264
5200,0.000447,172.31.40.0-255,66,49120,71,346264
5201,0.000472,74.125.68.0-255,2902,52022,71,346264
5202,0.000474,172.31.40.0-255,66,52088,71,346264
5203,0.000479,74.125.68.0-255,4320,56408,71,346264
5204,0.000481,172.31.40.0-255,66,56474,71,346264
5205,0.000504,74.125.68.0-255,7156,63630,71,346264
5206,0.000507,172.31.40.0-255,66,63696,71,346264
5207,0.000511,74.125.68.0-255,2184,65880,71,346264
5208,0.000512,172.31.40.0-255,66,65946,71,346264
5209,0.000644,74.125.68.0-255,363,66309,71,346264
5210,0.000648,74.125.68.0-255,126,66435,71,346264
5211,0.000767,74.125.68.0-255,1484,67919,71,346264
5212,0.000771,172.31.40.0-255,66,67985,71,346264
5213,0.000797,74.125.68.0-255,2902,70887,71,346264
5214,0.000799,172.31.40.0-255,66,70953,71,346264
5215,0.000804,74.125.68.0-255,4320,75273,71,346264
5216,0.000806,172.31.40.0-255,66,75339,71,346264
5217,0.000867,172.31.40.0-255,66,75405,71,346264
5218,0.000874,74.125.68.0-255,7156,82561,71,346264
5219,0.000876,172.31.40.0-255,66,82627,71,346264
5220,0.000885,172.31.40.0-255,66,82693,71,346264
5221,0.000888,74.125.68.0-255,766,83459,71,346264
5222,0.001003,74.125.68.0-255,1484,84943,71,346264
5223,0.001007,172.31.40.0-255,66,85009,71,346264
5224,0.001011,74.125.68.0-255,1484,86493,71,346264
5225,0.001032,74.125.68.0-255,1484,87977,71,346264
5226,0.001034,172.31.40.0-255,66,88043,71,346264
5227,0.00104,74.125.68.0-255,4320,92363,71,346264
5228,0.001042,172.31.40.0-255,66,92429,71,346264
5229,0.001067,74.125.68.0-255,1484,93913,71,346264
5230,0.001071,74.125.68.0-255,2902,96815,71,346264
5231,0.001073,172.31.40.0-255,66,96881,71,346264
5232,0.001105,74.125.68.0-255,4320,101201,71,346264
5233,0.001107,172.31.40.0-255,66,101267,71,346264
5234,0.00111,74.125.68.0-255,1484,102751,71,346264
5235,0.001114,74.125.68.0-255,2902,105653,71,346264
5236,0.001116,172.31.40.0-255,66,105719,71,346264
5237,0.00112,74.125.68.0-255,2902,108621,71,346264
5238,0.001121,172.31.40.0-255,66,108687,71,346264
5239,0.001142,74.125.68.0-255,2902,111589,71,346264
5240,0.001144,172.31.40.0-255,66,111655,71,346264
5241,0.001148,74.125.68.0-255,2902,114557,71,346264
5242,0.00115,172.31.40.0-255,66,114623,71,346264
5243,0.001175,74.125.68.0-255,3602,118225,71,346264
5244,0.001178,172.31.40.0-255,66,118291,71,346264
5245,0.001208,74.125.68.0-255,1484,119775,71,346264
5246,0.001213,74.125.68.0-255,2902,122677,71,346264
5247,0.001215,172.31.40.0-255,66,122743,71,346264
5248,0.001241,74.125.68.0-255,5738,128481,71,346264
5249,0.001244,172.31.40.0-255,66,128547,71,346264
5250,0.001248,74.125.68.0-255,2902,131449,71,346264
5251,0.00125,172.31.40.0-255,66,131515,71,346264
5252,0.001289,172.31.40.0-255,66,131581,71,346264
5253,0.001293,74.125.68.0-255,2902,134483,71,346264
5254,0.001295,172.31.40.0-255,66,134549,71,346264
5255,0.001324,74.125.68.0-255,7156,141705,71,346264
5256,0.001333,172.31.40.0-255,66,141771,71,346264
5257,0.001335,74.125.68.0-255,766,142537,71,346264
5258,0.001412,74.125.68.0-255,1484,144021,71,346264
5259,0.001416,172.31.40.0-255,66,144087,71,346264
5260,0.001442,74.125.68.0-255,2902,146989,71,346264
5261,0.001445,172.31.40.0-255,66,147055,71,346264
5262,0.00145,74.125.68.0-255,4320,151375,71,346264
5263,0.001451,172.31.40.0-255,66,151441,71,346264
5264,0.001482,74.125.68.0-255,1484,152925,71,346264
5265,0.001487,74.125.68.0-255,2902,155827,71,346264
5266,0.001489,172.31.40.0-255,66,155893,71,346264
5267,0.001494,74.125.68.0-255,4320,160213,71,346264
5268,0.001496,172.31.40.0-255,66,160279,71,346264
5269,0.001501,74.125.68.0-255,5738,166017,71,346264
5270,0.001503,172.31.40.0-255,66,166083,71,346264
5271,0.00153,74.125.68.0-255,2902,168985,71,346264
5272,0.001533,172.31.40.0-255,66,169051,71,346264
5273,0.001538,74.125.68.0-255,4320,173371,71,346264
5274,0.001542,172.31.40.0-255,66,173437,71,346264
5275,0.001556,74.125.68.0-255,3602,177039,71,346264
5276,0.00156,172.31.40.0-255,66,177105,71,346264
5277,0.001792,74.125.68.0-255,1484,178589,71,346264
5278,0.001806,74.125.68.0-255,2902,181491,71,346264
5279,0.00181,172.31.40.0-255,66,181557,71,346264
5280,0.001813,74.125.68.0-255,1484,183041,71,346264
5281,0.001839,74.125.68.0-255,2902,185943,71,346264
5282,0.001841,172.31.40.0-255,66,186009,71,346264
5283,0.001848,74.125.68.0-255,7156,193165,71,346264
5284,0.00185,172.31.40.0-255,66,193231,71,346264
5285,0.001881,74.125.68.0-255,1484,194715,71,346264
5286,0.001887,74.125.68.0-255,4320,199035,71,346264
5287,0.001889,172.31.40.0-255,66,199101,71,346264
5288,0.001894,74.125.68.0-255,5738,204839,71,346264
5289,0.001896,172.31.40.0-255,66,204905,71,346264
5290,0.001927,74.125.68.0-255,6438,211343,71,346264
5291,0.00193,172.31.40.0-255,66,211409,71,346264
5292,0.002012,74.125.68.0-255,1484,212893,71,346264
5293,0.002028,74.125.68.0-255,2902,215795,71,346264
5294,0.002031,172.31.40.0-255,66,215861,71,346264
5295,0.002064,74.125.68.0-255,5738,221599,71,346264
5296,0.002067,172.31.40.0-255,66,221665,71,346264
5297,0.002078,74.125.68.0-255,4320,225985,71,346264
5298,0.002085,172.31.40.0-255,66,226051,71,346264
5299,0.002092,74.125.68.0-255,5738,231789,71,346264
5300,0.002094,172.31.40.0-255,66,231855,71,346264
5301,0.002122,74.125.68.0-255,7156,239011,71,346264
5302,0.002124,172.31.40.0-255,66,239077,71,346264
5303,0.002185,172.31.40.0-255,66,239143,71,346264
5304,0.002189,74.125.68.0-255,2902,242045,71,346264
5305,0.002191,172.31.40.0-255,66,242111,71,346264
5306,0.002203,172.31.40.0-255,66,242177,71,346264
5307,0.00224,74.125.68.0-255,4320,246497,71,346264
5308,0.002243,172.31.40.0-255,66,246563,71,346264
5309,0.00225,74.125.68.0-255,7156,253719,71,346264
5310,0.002252,172.31.40.0-255,66,253785,71,346264
5311,0.002269,74.125.68.0-255,2184,255969,71,346264
5312,0.002273,74.125.68.0-255,2902,258871,71,346264
5313,0.002303,74.125.68.0-255,7156,266027,71,346264
5314,0.002306,74.125.68.0-255,1484,267511,71,346264
5315,0.002309,74.125.68.0-255,1484,268995,71,346264
5316,0.002312,74.125.68.0-255,1484,270479,71,346264
5317,0.002326,74.125.68.0-255,1484,271963,71,346264
5318,0.007463,172.31.40.0-255,66,272029,71,346264
5319,0.009771,74.125.68.0-255,5738,277767,71,346264
5320,0.009778,172.31.40.0-255,66,277833,71,346264
5321,0.012074,74.125.68.0-255,5738,283571,71,346264
5322,0.012083,172.31.40.0-255,66,283637,71,346264
5323,0.014391,74.125.68.0-255,5738,289375,71,346264
5324,0.014398,172.31.40.0-255,66,289441,71,346264
5325,0.01669,74.125.68.0-255,4320,293761,71,346264
5326,0.016696,172.31.40.0-255,66,293827,71,346264
5327,0.016719,74.125.68.0-255,1484,295311,71,346264
5328,0.018996,74.125.68.0-255,4320,299631,71,346264
5329,0.019004,172.31.40.0-255,66,299697,71,346264
5330,0.021295,74.125.68.0-255,4320,304017,71,346264
5331,0.021302,172.31.40.0-255,66,304083,71,346264
5332,0.02133,74.125.68.0-255,1484,305567,71,346264
5333,0.023606,74.125.68.0-255,4320,309887,71,346264
5334,0.023615,172.31.40.0-255,66,309953,71,346264
5335,0.025908,74.125.68.0-255,4320,314273,71,346264
5336,0.025914,172.31.40.0-255,66,314339,71,346264
5337,0.025931,74.125.68.0-255,1484,315823,71,346264
5338,0.028212,74.125.68.0-255,4320,320143,71,346264
5339,0.028219,172.31.40.0-255,66,320209,71,346264
5340,0.030516,74.125.68.0-255,5738,325947,71,346264
5341,0.030524,172.31.40.0-255,66,326013,71,346264
5342,0.032822,74.125.68.0-255,5738,331751,71,346264
5343,0.03283,172.31.40.0-255,66,331817,71,346264
5344,0.035129,74.125.68.0-255,5738,337555,71,346264
5345,0.035137,172.31.40.0-255,66,337621,71,346264
5346,0.037021,172.31.40.0-255,172,337793,71,346264
5347,0.037053,172.31.40.0-255,1111,338904,71,346264
5348,0.037114,172.31.40.0-255,1514,340418,71,346264
5349,0.037137,172.31.40.0-255,1291,341709,71,346264
5350,0.03742,74.125.68.0-255,4120,345829,71,346264
5351,0.037427,172.31.40.0-255,66,345895,71,346264
5352,0.037606,172.31.40.0-255,105,346000,71,346264
5353,0.038527,104.244.42.0-255,66,346066,71,346264
5354,0.038618,104.244.42.0-255,66,346132,71,346264
5355,0.038776,104.244.42.0-255,66,346198,71,346264
5356,0.039865,74.125.68.0-255,66,346264,71,346264
5357,0.0,74.125.24.0-255,153,153,71,266593
5358,2.5e-05,172.31.40.0-255,66,219,71,266593
5359,3.2e-05,74.125.24.0-255,1484,1703,71,266593
5360,3.7e-05,172.31.40.0-255,66,1769,71,266593
5361,4.3e-05,74.125.24.0-255,2902,4671,71,266593
5362,5.4e-05,172.31.40.0-255,66,4737,71,266593
5363,6.2e-05,74.125.24.0-255,7156,11893,71,266593
5364,6.6e-05,172.31.40.0-255,66,11959,71,266593
5365,7.2e-05,74.125.24.0-255,4929,16888,71,266593
5366,7.5e-05,172.31.40.0-255,66,16954,71,266593
5367,0.000144,172.31.40.0-255,66,17020,71,266593
5368,0.000168,74.125.24.0-255,1484,18504,71,266593
5369,0.000171,172.31.40.0-255,66,18570,71,266593
5370,0.000196,74.125.24.0-255,2902,21472,71,266593
5371,0.000199,172.31.40.0-255,66,21538,71,266593
5372,0.000206,74.125.24.0-255,5738,27276,71,266593
5373,0.000209,172.31.40.0-255,66,27342,71,266593
5374,0.000233,74.125.24.0-255,4320,31662,71,266593
5375,0.000235,172.31.40.0-255,66,31728,71,266593
5376,0.000256,74.125.24.0-255,2543,34271,71,266593
5377,0.000259,172.31.40.0-255,66,34337,71,266593
5378,0.000379,74.125.24.0-255,1484,35821,71,266593
5379,0.000384,172.31.40.0-255,66,35887,71,266593
5380,0.00039,74.125.24.0-255,2902,38789,71,266593
5381,0.000392,172.31.40.0-255,66,38855,71,266593
5382,0.000422,74.125.24.0-255,5738,44593,71,266593
5383,0.000425,172.31.40.0-255,66,44659,71,266593
5384,0.000433,74.125.24.0-255,6797,51456,71,266593
5385,0.000435,172.31.40.0-255,66,51522,71,266593
5386,0.00061,74.125.24.0-255,1484,53006,71,266593
5387,0.000615,172.31.40.0-255,66,53072,71,266593
5388,0.000635,74.125.24.0-255,2902,55974,71,266593
5389,0.000638,172.31.40.0-255,66,56040,71,266593
5390,0.000645,74.125.24.0-255,5738,61778,71,266593
5391,0.000648,172.31.40.0-255,66,61844,71,266593
5392,0.000681,74.125.24.0-255,5738,67582,71,266593
5393,0.000685,172.31.40.0-255,66,67648,71,266593
5394,0.000722,172.31.40.0-255,66,67714,71,266593
5395,0.00074,172.31.40.0-255,66,67780,71,266593
5396,0.001101,74.125.24.0-255,1484,69264,71,266593
5397,0.001109,74.125.24.0-255,2902,72166,71,266593
5398,0.001112,172.31.40.0-255,66,72232,71,266593
5399,0.001116,74.125.24.0-255,1484,73716,71,266593
5400,0.001142,74.125.24.0-255,4320,78036,71,266593
5401,0.001145,172.31.40.0-255,66,78102,71,266593
5402,0.00116,172.31.40.0-255,66,78168,71,266593
5403,0.001167,74.125.24.0-255,7156,85324,71,266593
5404,0.001169,172.31.40.0-255,66,85390,71,266593
5405,0.001198,74.125.24.0-255,1484,86874,71,266593
5406,0.001203,74.125.24.0-255,2184,89058,71,266593
5407,0.001205,172.31.40.0-255,66,89124,71,266593
5408,0.001247,74.125.24.0-255,2902,92026,71,266593
5409,0.001253,74.125.24.0-255,4320,96346,71,266593
5410,0.001257,172.31.40.0-255,66,96412,71,266593
5411,0.001264,172.31.40.0-255,66,96478,71,266593
5412,0.001268,74.125.24.0-255,1484,97962,71,266593
5413,0.001297,74.125.24.0-255,7156,105118,71,266593
5414,0.0013,172.31.40.0-255,66,105184,71,266593
5415,0.001328,74.125.24.0-255,5738,110922,71,266593
5416,0.001332,172.31.40.0-255,66,110988,71,266593
5417,0.001368,172.31.40.0-255,66,111054,71,266593
5418,0.001482,74.125.24.0-255,1484,112538,71,266593
5419,0.001488,74.125.24.0-255,2902,115440,71,266593
5420,0.001492,172.31.40.0-255,66,115506,71,266593
5421,0.001512,74.125.24.0-255,5738,121244,71,266593
5422,0.001516,172.31.40.0-255,66,121310,71,266593
5423,0.001554,172.31.40.0-255,66,121376,71,266593
5424,0.001583,74.125.24.0-255,7156,128532,71,266593
5425,0.001588,172.31.40.0-255,66,128598,71,266593
5426,0.001622,74.125.24.0-255,6438,135036,71,266593
5427,0.001625,172.31.40.0-255,66,135102,71,266593
5428,0.00169,74.125.24.0-255,1484,136586,71,266593
5429,0.001696,74.125.24.0-255,2902,139488,71,266593
5430,0.001699,172.31.40.0-255,66,139554,71,266593
5431,0.001705,74.125.24.0-255,5738,145292,71,266593
5432,0.001707,172.31.40.0-255,66,145358,71,266593
5433,0.001742,74.125.24.0-255,4320,149678,71,266593
5434,0.001744,172.31.40.0-255,66,149744,71,266593
5435,0.001781,172.31.40.0-255,66,149810,71,266593
5436,0.001785,74.125.24.0-255,2902,152712,71,266593
5437,0.001787,172.31.40.0-255,66,152778,71,266593
5438,0.001808,74.125.24.0-255,2902,155680,71,266593
5439,0.001814,172.31.40.0-255,66,155746,71,266593
5440,0.001819,74.125.24.0-255,2902,158648,71,266593
5441,0.001822,172.31.40.0-255,66,158714,71,266593
5442,0.001852,74.125.24.0-255,2184,160898,71,266593
5443,0.001855,172.31.40.0-255,66,160964,71,266593
5444,0.00188,74.125.24.0-255,1484,162448,71,266593
5445,0.001885,74.125.24.0-255,2902,165350,71,266593
5446,0.001888,172.31.40.0-255,66,165416,71,266593
5447,0.001894,74.125.24.0-255,5738,171154,71,266593
5448,0.001896,172.31.40.0-255,66,171220,71,266593
5449,0.001939,172.31.40.0-255,66,171286,71,266593
5450,0.001945,74.125.24.0-255,5738,177024,71,266593
5451,0.001948,172.31.40.0-255,66,177090,71,266593
5452,0.001977,74.125.24.0-255,5020,182110,71,266593
5453,0.00198,172.31.40.0-255,66,182176,71,266593
5454,0.002048,74.125.24.0-255,1484,183660,71,266593
5455,0.002068,74.125.24.0-255,2902,186562,71,266593
5456,0.002072,172.31.40.0-255,66,186628,71,266593
5457,0.002094,74.125.24.0-255,5738,192366,71,266593
5458,0.002097,172.31.40.0-255,66,192432,71,266593
5459,0.002102,74.125.24.0-255,4320,196752,71,266593
5460,0.002104,172.31.40.0-255,66,196818,71,266593
5461,0.002152,172.31.40.0-255,66,196884,71,266593
5462,0.002164,172.31.40.0-255,66,196950,71,266593
5463,0.00229,74.125.24.0-255,1484,198434,71,266593
5464,0.002295,74.125.24.0-255,1484,199918,71,266593
5465,0.002298,172.31.40.0-255,66,199984,71,266593
5466,0.002316,74.125.24.0-255,1484,201468,71,266593
5467,0.002319,74.125.24.0-255,1484,202952,71,266593
5468,0.002322,172.31.40.0-255,66,203018,71,266593
5469,0.002333,74.125.24.0-255,2902,205920,71,266593
5470,0.00234,172.31.40.0-255,66,205986,71,266593
5471,0.002363,74.125.24.0-255,1484,207470,71,266593
5472,0.00237,74.125.24.0-255,5738,213208,71,266593
5473,0.002373,172.31.40.0-255,66,213274,71,266593
5474,0.002378,74.125.24.0-255,4320,217594,71,266593
5475,0.002381,172.31.40.0-255,66,217660,71,266593
5476,0.002414,172.31.40.0-255,66,217726,71,266593
5477,0.00242,74.125.24.0-255,4320,222046,71,266593
5478,0.002423,172.31.40.0-255,66,222112,71,266593
5479,0.002427,74.125.24.0-255,2902,225014,71,266593
5480,0.002432,172.31.40.0-255,66,225080,71,266593
5481,0.002452,172.31.40.0-255,66,225146,71,266593
5482,0.002474,74.125.24.0-255,3602,228748,71,266593
5483,0.002477,172.31.40.0-255,66,228814,71,266593
5484,0.004882,74.125.24.0-255,5738,234552,71,266593
5485,0.004888,172.31.40.0-255,66,234618,71,266593
5486,0.00732,74.125.24.0-255,4320,238938,71,266593
5487,0.007324,172.31.40.0-255,66,239004,71,266593
5488,0.007349,74.125.24.0-255,1484,240488,71,266593
5489,0.009729,74.125.24.0-255,4320,244808,71,266593
5490,0.009736,172.31.40.0-255,66,244874,71,266593
5491,0.012162,74.125.24.0-255,5738,250612,71,266593
5492,0.01217,172.31.40.0-255,66,250678,71,266593
5493,0.014633,74.125.24.0-255,5738,256416,71,266593
5494,0.014648,172.31.40.0-255,66,256482,71,266593
5495,0.017051,74.125.24.0-255,5588,262070,71,266593
5496,0.01706,172.31.40.0-255,66,262136,71,266593
5497,0.017741,172.31.40.0-255,105,262241,71,266593
5498,0.02015,74.125.24.0-255,66,262307,71,266593
5499,0.037067,172.31.40.0-255,172,262479,71,266593
5500,0.037097,172.31.40.0-255,1113,263592,71,266593
5501,0.037154,172.31.40.0-255,1514,265106,71,266593
5502,0.037156,172.31.40.0-255,1289,266395,71,266593
5503,0.038739,104.244.42.0-255,66,266461,71,266593
5504,0.038749,104.244.42.0-255,66,266527,71,266593
5505,0.038853,104.244.42.0-255,66,266593,71,266593
5506,0.0,74.125.24.0-255,296,296,71,179838
5507,2.3e-05,172.31.40.0-255,66,362,71,179838
5508,2.9e-05,74.125.24.0-255,1484,1846,71,179838
5509,3.3e-05,172.31.40.0-255,66,1912,71,179838
5510,4e-05,74.125.24.0-255,4320,6232,71,179838
5511,4.3e-05,172.31.40.0-255,66,6298,71,179838
5512,4.9e-05,74.125.24.0-255,4320,10618,71,179838
5513,5.2e-05,172.31.40.0-255,66,10684,71,179838
5514,6.5e-05,172.31.40.0-255,66,10750,71,179838
5515,7.8e-05,172.31.40.0-255,66,10816,71,179838
5516,0.000101,74.125.24.0-255,1484,12300,71,179838
5517,0.000104,172.31.40.0-255,66,12366,71,179838
5518,0.000109,74.125.24.0-255,2902,15268,71,179838
5519,0.000111,172.31.40.0-255,66,15334,71,179838
5520,0.000117,74.125.24.0-255,5738,21072,71,179838
5521,0.00012,172.31.40.0-255,66,21138,71,179838
5522,0.000145,74.125.24.0-255,1484,22622,71,179838
5523,0.000147,172.31.40.0-255,66,22688,71,179838
5524,0.00018,172.31.40.0-255,66,22754,71,179838
5525,0.000196,74.125.24.0-255,5738,28492,71,179838
5526,0.000199,172.31.40.0-255,66,28558,71,179838
5527,0.00021,74.125.24.0-255,2902,31460,71,179838
5528,0.000213,172.31.40.0-255,66,31526,71,179838
5529,0.000232,74.125.24.0-255,1401,32927,71,179838
5530,0.000234,172.31.40.0-255,66,32993,71,179838
5531,0.000237,74.125.24.0-255,411,33404,71,179838
5532,0.000239,172.31.40.0-255,66,33470,71,179838
5533,0.000581,74.125.24.0-255,1484,34954,71,179838
5534,0.000587,172.31.40.0-255,66,35020,71,179838
5535,0.000593,74.125.24.0-255,2902,37922,71,179838
5536,0.000599,74.125.24.0-255,2902,40824,71,179838
5537,0.000609,172.31.40.0-255,66,40890,71,179838
5538,0.000618,74.125.24.0-255,1484,42374,71,179838
5539,0.000632,74.125.24.0-255,1484,43858,71,179838
5540,0.000643,74.125.24.0-255,1484,45342,71,179838
5541,0.00067,74.125.24.0-255,4320,49662,71,179838
5542,0.00068,172.31.40.0-255,66,49728,71,179838
5543,0.000695,74.125.24.0-255,1484,51212,71,179838
5544,0.000716,74.125.24.0-255,5020,56232,71,179838
5545,0.00073,172.31.40.0-255,66,56298,71,179838
5546,0.001581,74.125.24.0-255,1484,57782,71,179838
5547,0.001602,74.125.24.0-255,1484,59266,71,179838
5548,0.001607,172.31.40.0-255,66,59332,71,179838
5549,0.00162,74.125.24.0-255,1484,60816,71,179838
5550,0.001624,74.125.24.0-255,2902,63718,71,179838
5551,0.001627,172.31.40.0-255,66,63784,71,179838
5552,0.001641,74.125.24.0-255,1484,65268,71,179838
5553,0.001663,74.125.24.0-255,5738,71006,71,179838
5554,0.001666,172.31.40.0-255,66,71072,71,179838
5555,0.001689,74.125.24.0-255,2902,73974,71,179838
5556,0.001692,172.31.40.0-255,66,74040,71,179838
5557,0.001697,74.125.24.0-255,4320,78360,71,179838
5558,0.001699,172.31.40.0-255,66,78426,71,179838
5559,0.00174,172.31.40.0-255,66,78492,71,179838
5560,0.002153,74.125.24.0-255,1484,79976,71,179838
5561,0.002178,74.125.24.0-255,2902,82878,71,179838
5562,0.002183,172.31.40.0-255,66,82944,71,179838
5563,0.002212,74.125.24.0-255,1484,84428,71,179838
5564,0.002227,74.125.24.0-255,1484,85912,71,179838
5565,0.002229,172.31.40.0-255,66,85978,71,179838
5566,0.002237,74.125.24.0-255,7156,93134,71,179838
5567,0.002239,172.31.40.0-255,66,93200,71,179838
5568,0.002242,74.125.24.0-255,1484,94684,71,179838
5569,0.002264,74.125.24.0-255,7156,101840,71,179838
5570,0.002267,172.31.40.0-255,66,101906,71,179838
5571,0.002285,74.125.24.0-255,5738,107644,71,179838
5572,0.002288,172.31.40.0-255,66,107710,71,179838
5573,0.002304,74.125.24.0-255,1484,109194,71,179838
5574,0.002325,74.125.24.0-255,3602,112796,71,179838
5575,0.010991,172.31.40.0-255,66,112862,71,179838
5576,0.013434,74.125.24.0-255,5738,118600,71,179838
5577,0.013446,172.31.40.0-255,66,118666,71,179838
5578,0.015973,74.125.24.0-255,5738,124404,71,179838
5579,0.015981,172.31.40.0-255,66,124470,71,179838
5580,0.018449,74.125.24.0-255,5738,130208,71,179838
5581,0.018457,172.31.40.0-255,66,130274,71,179838
5582,0.020907,74.125.24.0-255,5738,136012,71,179838
5583,0.020915,172.31.40.0-255,66,136078,71,179838
5584,0.023372,74.125.24.0-255,5738,141816,71,179838
5585,0.02338,172.31.40.0-255,66,141882,71,179838
5586,0.025919,74.125.24.0-255,4320,146202,71,179838
5587,0.025926,172.31.40.0-255,66,146268,71,179838
5588,0.025945,74.125.24.0-255,1484,147752,71,179838
5589,0.028394,74.125.24.0-255,4320,152072,71,179838
5590,0.028401,172.31.40.0-255,66,152138,71,179838
5591,0.03085,74.125.24.0-255,5738,157876,71,179838
5592,0.030857,172.31.40.0-255,66,157942,71,179838
5593,0.033289,74.125.24.0-255,1484,159426,71,179838
5594,0.033311,74.125.24.0-255,4320,163746,71,179838
5595,0.033316,172.31.40.0-255,66,163812,71,179838
5596,0.034788,172.31.40.0-255,172,163984,71,179838
5597,0.034817,172.31.40.0-255,1111,165095,71,179838
5598,0.034885,172.31.40.0-255,1514,166609,71,179838
5599,0.034887,172.31.40.0-255,1291,167900,71,179838
5600,0.035747,74.125.24.0-255,5738,173638,71,179838
5601,0.035754,172.31.40.0-255,66,173704,71,179838
5602,0.036417,104.244.42.0-255,66,173770,71,179838
5603,0.036475,104.244.42.0-255,66,173836,71,179838
5604,0.036574,104.244.42.0-255,66,173902,71,179838
5605,0.03819,74.125.24.0-255,2902,176804,71,179838
5606,0.038195,172.31.40.0-255,66,176870,71,179838
5607,0.038217,74.125.24.0-255,2902,179772,71,179838
5608,0.03822,172.31.40.0-255,66,179838,71,179838
5609,0.0,74.125.68.0-255,146,146,71,333489
5610,2.2e-05,172.31.40.0-255,66,212,71,333489
5611,3e-05,74.125.68.0-255,1484,1696,71,333489
5612,3.5e-05,172.31.40.0-255,66,1762,71,333489
5613,4.2e-05,74.125.68.0-255,2902,4664,71,333489
5614,4.5e-05,172.31.40.0-255,66,4730,71,333489
5615,5.2e-05,74.125.68.0-255,5738,10468,71,333489
5616,5.5e-05,172.31.40.0-255,66,10534,71,333489
5617,5.8e-05,74.125.68.0-255,1484,12018,71,333489
5618,6.1e-05,172.31.40.0-255,66,12084,71,333489
5619,9.4e-05,74.125.68.0-255,3516,15600,71,333489
5620,9.7e-05,172.31.40.0-255,66,15666,71,333489
5621,0.000104,74.125.68.0-255,5738,21404,71,333489
5622,0.000106,172.31.40.0-255,66,21470,71,333489
5623,0.000137,172.31.40.0-255,66,21536,71,333489
5624,0.000194,74.125.68.0-255,1484,23020,71,333489
5625,0.000197,172.31.40.0-255,66,23086,71,333489
5626,0.000214,74.125.68.0-255,2902,25988,71,333489
5627,0.000216,172.31.40.0-255,66,26054,71,333489
5628,0.000244,74.125.68.0-255,4320,30374,71,333489
5629,0.000247,172.31.40.0-255,66,30440,71,333489
5630,0.000273,172.31.40.0-255,66,30506,71,333489
5631,0.000313,172.31.40.0-255,66,30572,71,333489
5632,0.000317,74.125.68.0-255,2902,33474,71,333489
5633,0.000319,172.31.40.0-255,66,33540,71,333489
5634,0.000337,74.125.68.0-255,3602,37142,71,333489
5635,0.000339,172.31.40.0-255,66,37208,71,333489
5636,0.000341,74.125.68.0-255,361,37569,71,333489
5637,0.000343,172.31.40.0-255,66,37635,71,333489
5638,0.00039,74.125.68.0-255,135,37770,71,333489
5639,0.000522,74.125.68.0-255,1484,39254,71,333489
5640,0.000527,74.125.68.0-255,2902,42156,71,333489
5641,0.000533,172.31.40.0-255,66,42222,71,333489
5642,0.000541,172.31.40.0-255,66,42288,71,333489
5643,0.000547,74.125.68.0-255,2902,45190,71,333489
5644,0.000549,172.31.40.0-255,66,45256,71,333489
5645,0.000566,74.125.68.0-255,2902,48158,71,333489
5646,0.000569,172.31.40.0-255,66,48224,71,333489
5647,0.000586,74.125.68.0-255,4320,52544,71,333489
5648,0.000589,172.31.40.0-255,66,52610,71,333489
5649,0.000602,74.125.68.0-255,2902,55512,71,333489
5650,0.000604,172.31.40.0-255,66,55578,71,333489
5651,0.000613,74.125.68.0-255,7156,62734,71,333489
5652,0.000615,172.31.40.0-255,66,62800,71,333489
5653,0.000642,74.125.68.0-255,1484,64284,71,333489
5654,0.000648,74.125.68.0-255,2902,67186,71,333489
5655,0.00065,172.31.40.0-255,66,67252,71,333489
5656,0.000656,74.125.68.0-255,4320,71572,71,333489
5657,0.000658,172.31.40.0-255,66,71638,71,333489
5658,0.000661,74.125.68.0-255,766,72404,71,333489
5659,0.001237,74.125.68.0-255,1484,73888,71,333489
5660,0.001244,172.31.40.0-255,66,73954,71,333489
5661,0.001259,74.125.68.0-255,1484,75438,71,333489
5662,0.001293,74.125.68.0-255,2902,78340,71,333489
5663,0.001297,172.31.40.0-255,66,78406,71,333489
5664,0.001338,74.125.68.0-255,4320,82726,71,333489
5665,0.001342,172.31.40.0-255,66,82792,71,333489
5666,0.001362,74.125.68.0-255,1484,84276,71,333489
5667,0.001398,74.125.68.0-255,2902,87178,71,333489
5668,0.001401,172.31.40.0-255,66,87244,71,333489
5669,0.001404,74.125.68.0-255,1484,88728,71,333489
5670,0.001423,74.125.68.0-255,2902,91630,71,333489
5671,0.001426,172.31.40.0-255,66,91696,71,333489
5672,0.001451,74.125.68.0-255,5738,97434,71,333489
5673,0.001454,172.31.40.0-255,66,97500,71,333489
5674,0.001459,74.125.68.0-255,2902,100402,71,333489
5675,0.001461,172.31.40.0-255,66,100468,71,333489
5676,0.001478,74.125.68.0-255,5738,106206,71,333489
5677,0.00148,172.31.40.0-255,66,106272,71,333489
5678,0.001498,74.125.68.0-255,766,107038,71,333489
5679,0.001707,74.125.68.0-255,1484,108522,71,333489
5680,0.001712,172.31.40.0-255,66,108588,71,333489
5681,0.001718,74.125.68.0-255,2902,111490,71,333489
5682,0.00172,172.31.40.0-255,66,111556,71,333489
5683,0.001739,74.125.68.0-255,4320,115876,71,333489
5684,0.001742,172.31.40.0-255,66,115942,71,333489
5685,0.001758,74.125.68.0-255,1484,117426,71,333489
5686,0.001777,74.125.68.0-255,7156,124582,71,333489
5687,0.001779,172.31.40.0-255,66,124648,71,333489
5688,0.001797,74.125.68.0-255,5738,130386,71,333489
5689,0.0018,172.31.40.0-255,66,130452,71,333489
5690,0.001826,74.125.68.0-255,4320,134772,71,333489
5691,0.001829,172.31.40.0-255,66,134838,71,333489
5692,0.001836,74.125.68.0-255,6438,141276,71,333489
5693,0.001838,172.31.40.0-255,66,141342,71,333489
5694,0.001866,74.125.68.0-255,7156,148498,71,333489
5695,0.001869,172.31.40.0-255,66,148564,71,333489
5696,0.001895,74.125.68.0-255,5738,154302,71,333489
5697,0.001898,172.31.40.0-255,66,154368,71,333489
5698,0.001905,74.125.68.0-255,7156,161524,71,333489
5699,0.001908,172.31.40.0-255,66,161590,71,333489
5700,0.001934,74.125.68.0-255,1484,163074,71,333489
5701,0.001939,74.125.68.0-255,2902,165976,71,333489
5702,0.001942,172.31.40.0-255,66,166042,71,333489
5703,0.001948,74.125.68.0-255,4320,170362,71,333489
5704,0.00195,172.31.40.0-255,66,170428,71,333489
5705,0.001964,74.125.68.0-255,1484,171912,71,333489
5706,0.001977,74.125.68.0-255,3602,175514,71,333489
5707,0.00198,172.31.40.0-255,66,175580,71,333489
5708,0.001997,74.125.68.0-255,1484,177064,71,333489
5709,0.002009,74.125.68.0-255,2902,179966,71,333489
5710,0.002011,172.31.40.0-255,66,180032,71,333489
5711,0.002034,74.125.68.0-255,4320,184352,71,333489
5712,0.002037,172.31.40.0-255,66,184418,71,333489
5713,0.002042,74.125.68.0-255,2902,187320,71,333489
5714,0.002044,172.31.40.0-255,66,187386,71,333489
5715,0.002062,74.125.68.0-255,2902,190288,71,333489
5716,0.002065,172.31.40.0-255,66,190354,71,333489
5717,0.0021,74.125.68.0-255,2902,193256,71,333489
5718,0.002103,172.31.40.0-255,66,193322,71,333489
5719,0.002129,172.31.40.0-255,66,193388,71,333489
5720,0.002148,74.125.68.0-255,2902,196290,71,333489
5721,0.00215,172.31.40.0-255,66,196356,71,333489
5722,0.002157,74.125.68.0-255,5020,201376,71,333489
5723,0.002159,172.31.40.0-255,66,201442,71,333489
5724,0.002204,74.125.68.0-255,1484,202926,71,333489
5725,0.002219,74.125.68.0-255,2902,205828,71,333489
5726,0.002222,172.31.40.0-255,66,205894,71,333489
5727,0.002226,74.125.68.0-255,1484,207378,71,333489
5728,0.002241,74.125.68.0-255,2902,210280,71,333489
5729,0.002244,172.31.40.0-255,66,210346,71,333489
5730,0.002267,74.125.68.0-255,5738,216084,71,333489
5731,0.00227,172.31.40.0-255,66,216150,71,333489
5732,0.002294,74.125.68.0-255,7156,223306,71,333489
5733,0.002297,172.31.40.0-255,66,223372,71,333489
5734,0.002302,74.125.68.0-255,2902,226274,71,333489
5735,0.002304,172.31.40.0-255,66,226340,71,333489
5736,0.00234,74.125.68.0-255,5738,232078,71,333489
5737,0.002343,172.31.40.0-255,66,232144,71,333489
5738,0.002348,74.125.68.0-255,3602,235746,71,333489
5739,0.00235,172.31.40.0-255,66,235812,71,333489
5740,0.004642,74.125.68.0-255,1484,237296,71,333489
5741,0.004667,74.125.68.0-255,4320,241616,71,333489
5742,0.004671,172.31.40.0-255,66,241682,71,333489
5743,0.006981,74.125.68.0-255,5738,247420,71,333489
5744,0.006986,172.31.40.0-255,66,247486,71,333489
5745,0.009298,74.125.68.0-255,5738,253224,71,333489
5746,0.009305,172.31.40.0-255,66,253290,71,333489
5747,0.011613,74.125.68.0-255,5738,259028,71,333489
5748,0.01162,172.31.40.0-255,66,259094,71,333489
5749,0.013938,74.125.68.0-255,5738,264832,71,333489
5750,0.013948,172.31.40.0-255,66,264898,71,333489
5751,0.016264,74.125.68.0-255,5738,270636,71,333489
5752,0.016271,172.31.40.0-255,66,270702,71,333489
5753,0.018589,74.125.68.0-255,5738,276440,71,333489
5754,0.018596,172.31.40.0-255,66,276506,71,333489
5755,0.020906,74.125.68.0-255,5738,282244,71,333489
5756,0.020913,172.31.40.0-255,66,282310,71,333489
5757,0.02322,74.125.68.0-255,2902,285212,71,333489
5758,0.023229,172.31.40.0-255,66,285278,71,333489
5759,0.023251,74.125.68.0-255,2902,288180,71,333489
5760,0.023253,172.31.40.0-255,66,288246,71,333489
5761,0.025533,74.125.68.0-255,2902,291148,71,333489
5762,0.02554,172.31.40.0-255,66,291214,71,333489
5763,0.025562,74.125.68.0-255,2902,294116,71,333489
5764,0.025565,172.31.40.0-255,66,294182,71,333489
5765,0.027856,74.125.68.0-255,2902,297084,71,333489
5766,0.027863,172.31.40.0-255,66,297150,71,333489
5767,0.027888,74.125.68.0-255,2902,300052,71,333489
5768,0.027891,172.31.40.0-255,66,300118,71,333489
5769,0.030167,74.125.68.0-255,2902,303020,71,333489
5770,0.030174,172.31.40.0-255,66,303086,71,333489
5771,0.030197,74.125.68.0-255,2902,305988,71,333489
5772,0.0302,172.31.40.0-255,66,306054,71,333489
5773,0.032485,74.125.68.0-255,2902,308956,71,333489
5774,0.032494,172.31.40.0-255,66,309022,71,333489
5775,0.032517,74.125.68.0-255,2902,311924,71,333489
5776,0.03252,172.31.40.0-255,66,311990,71,333489
5777,0.034823,74.125.68.0-255,5738,317728,71,333489
5778,0.034831,172.31.40.0-255,66,317794,71,333489
5779,0.037147,74.125.68.0-255,5738,323532,71,333489
5780,0.037154,172.31.40.0-255,66,323598,71,333489
5781,0.03872,172.31.40.0-255,171,323769,71,333489
5782,0.038748,172.31.40.0-255,1135,324904,71,333489
5783,0.03881,172.31.40.0-255,1514,326418,71,333489
5784,0.038812,172.31.40.0-255,1267,327685,71,333489
5785,0.039475,74.125.68.0-255,5738,333423,71,333489
5786,0.039482,172.31.40.0-255,66,333489,71,333489
5787,0.0,74.125.68.0-255,150,150,71,175351
5788,2e-05,172.31.40.0-255,66,216,71,175351
5789,2.7e-05,74.125.68.0-255,1484,1700,71,175351
5790,3e-05,172.31.40.0-255,66,1766,71,175351
5791,3.5e-05,74.125.68.0-255,2902,4668,71,175351
5792,4.4e-05,172.31.40.0-255,66,4734,71,175351
5793,7.7e-05,74.125.68.0-255,5738,10472,71,175351
5794,8e-05,172.31.40.0-255,66,10538,71,175351
5795,0.000103,74.125.68.0-255,1484,12022,71,175351
5796,0.000105,172.31.40.0-255,66,12088,71,175351
5797,0.000208,74.125.68.0-255,2076,14164,71,175351
5798,0.000212,172.31.40.0-255,66,14230,71,175351
5799,0.00024,74.125.68.0-255,2902,17132,71,175351
5800,0.000243,172.31.40.0-255,66,17198,71,175351
5801,0.0003,74.125.68.0-255,5738,22936,71,175351
5802,0.000304,172.31.40.0-255,66,23002,71,175351
5803,0.00042,74.125.68.0-255,2902,25904,71,175351
5804,0.000424,172.31.40.0-255,66,25970,71,175351
5805,0.00045,74.125.68.0-255,4320,30290,71,175351
5806,0.000453,172.31.40.0-255,66,30356,71,175351
5807,0.000541,74.125.68.0-255,2543,32899,71,175351
5808,0.000545,172.31.40.0-255,66,32965,71,175351
5809,0.000622,74.125.68.0-255,2902,35867,71,175351
5810,0.000625,172.31.40.0-255,66,35933,71,175351
5811,0.000661,172.31.40.0-255,66,35999,71,175351
5812,0.000806,74.125.68.0-255,7156,43155,71,175351
5813,0.000809,172.31.40.0-255,66,43221,71,175351
5814,0.000848,172.31.40.0-255,66,43287,71,175351
5815,0.001209,74.125.68.0-255,7156,50443,71,175351
5816,0.001214,172.31.40.0-255,66,50509,71,175351
5817,0.00125,172.31.40.0-255,66,50575,71,175351
5818,0.001582,74.125.68.0-255,4320,54895,71,175351
5819,0.001588,172.31.40.0-255,66,54961,71,175351
5820,0.001846,74.125.68.0-255,7156,62117,71,175351
5821,0.00189,74.125.68.0-255,3602,65719,71,175351
5822,0.002487,74.125.68.0-255,4320,70039,71,175351
5823,0.002539,74.125.68.0-255,5020,75059,71,175351
5824,0.003093,74.125.68.0-255,5738,80797,71,175351
5825,0.003179,74.125.68.0-255,4320,85117,71,175351
5826,0.004529,172.31.40.0-255,66,85183,71,175351
5827,0.006894,74.125.68.0-255,5738,90921,71,175351
5828,0.0069,172.31.40.0-255,66,90987,71,175351
5829,0.009293,74.125.68.0-255,5738,96725,71,175351
5830,0.009299,172.31.40.0-255,66,96791,71,175351
5831,0.011578,74.125.68.0-255,5738,102529,71,175351
5832,0.011587,172.31.40.0-255,66,102595,71,175351
5833,0.013854,74.125.68.0-255,5738,108333,71,175351
5834,0.013863,172.31.40.0-255,66,108399,71,175351
5835,0.016133,74.125.68.0-255,4320,112719,71,175351
5836,0.016142,172.31.40.0-255,66,112785,71,175351
5837,0.016174,74.125.68.0-255,1484,114269,71,175351
5838,0.018412,74.125.68.0-255,4320,118589,71,175351
5839,0.018419,172.31.40.0-255,66,118655,71,175351
5840,0.020688,74.125.68.0-255,5738,124393,71,175351
5841,0.020695,172.31.40.0-255,66,124459,71,175351
5842,0.022997,74.125.68.0-255,5738,130197,71,175351
5843,0.023005,172.31.40.0-255,66,130263,71,175351
5844,0.025265,74.125.68.0-255,5738,136001,71,175351
5845,0.025272,172.31.40.0-255,66,136067,71,175351
5846,0.027557,74.125.68.0-255,5738,141805,71,175351
5847,0.027565,172.31.40.0-255,66,141871,71,175351
5848,0.029843,74.125.68.0-255,5738,147609,71,175351
5849,0.02985,172.31.40.0-255,66,147675,71,175351
5850,0.029917,172.31.40.0-255,172,147847,71,175351
5851,0.029943,172.31.40.0-255,1113,148960,71,175351
5852,0.030002,172.31.40.0-255,1514,150474,71,175351
5853,0.030004,172.31.40.0-255,1289,151763,71,175351
5854,0.031498,104.244.42.0-255,66,151829,71,175351
5855,0.031527,104.244.42.0-255,66,151895,71,175351
5856,0.031587,104.244.42.0-255,66,151961,71,175351
5857,0.032118,74.125.68.0-255,5738,157699,71,175351
5858,0.032123,172.31.40.0-255,66,157765,71,175351
5859,0.032206,104.244.42.0-255,108,157873,71,175351
5860,0.032211,172.31.40.0-255,66,157939,71,175351
5861,0.034395,74.125.68.0-255,5738,163677,71,175351
5862,0.034402,172.31.40.0-255,66,163743,71,175351
5863,0.036676,74.125.68.0-255,5738,169481,71,175351
5864,0.036682,172.31.40.0-255,66,169547,71,175351
5865,0.038948,74.125.68.0-255,5738,175285,71,175351
5866,0.038955,172.31.40.0-255,66,175351,71,175351
5867,0.0,74.125.24.0-255,153,153,71,144561
5868,2.4e-05,172.31.40.0-255,66,219,71,144561
5869,3.1e-05,74.125.24.0-255,1484,1703,71,144561
5870,3.6e-05,172.31.40.0-255,66,1769,71,144561
5871,4.1e-05,74.125.24.0-255,2902,4671,71,144561
5872,4.5e-05,172.31.40.0-255,66,4737,71,144561
5873,5.1e-05,74.125.24.0-255,2902,7639,71,144561
5874,5.5e-05,172.31.40.0-255,66,7705,71,144561
5875,7.4e-05,74.125.24.0-255,2902,10607,71,144561
5876,7.7e-05,172.31.40.0-255,66,10673,71,144561
5877,0.000107,74.125.24.0-255,3490,14163,71,144561
5878,0.00011,172.31.40.0-255,66,14229,71,144561
5879,0.00017,74.125.24.0-255,1484,15713,71,144561
5880,0.000172,172.31.40.0-255,66,15779,71,144561
5881,0.000176,74.125.24.0-255,1484,17263,71,144561
5882,0.000178,172.31.40.0-255,66,17329,71,144561
5883,0.000195,74.125.24.0-255,1484,18813,71,144561
5884,0.000197,172.31.40.0-255,66,18879,71,144561
5885,0.000204,74.125.24.0-255,5738,24617,71,144561
5886,0.000206,172.31.40.0-255,66,24683,71,144561
5887,0.000241,74.125.24.0-255,2902,27585,71,144561
5888,0.000244,172.31.40.0-255,66,27651,71,144561
5889,0.00027,172.31.40.0-255,66,27717,71,144561
5890,0.000281,172.31.40.0-255,66,27783,71,144561
5891,0.000317,74.125.24.0-255,3961,31744,71,144561
5892,0.00032,172.31.40.0-255,66,31810,71,144561
5893,0.000326,74.125.24.0-255,4320,36130,71,144561
5894,0.000328,172.31.40.0-255,66,36196,71,144561
5895,0.000335,74.125.24.0-255,7156,43352,71,144561
5896,0.000338,172.31.40.0-255,66,43418,71,144561
5897,0.000352,74.125.24.0-255,2817,46235,71,144561
5898,0.000355,172.31.40.0-255,66,46301,71,144561
5899,0.000357,74.125.24.0-255,136,46437,71,144561
5900,0.000389,74.125.24.0-255,342,46779,71,144561
5901,0.000563,74.125.24.0-255,1484,48263,71,144561
5902,0.000568,172.31.40.0-255,66,48329,71,144561
5903,0.000574,74.125.24.0-255,2902,51231,71,144561
5904,0.000576,172.31.40.0-255,66,51297,71,144561
5905,0.000582,74.125.24.0-255,4320,55617,71,144561
5906,0.000585,172.31.40.0-255,66,55683,71,144561
5907,0.000603,74.125.24.0-255,1484,57167,71,144561
5908,0.000607,74.125.24.0-255,1484,58651,71,144561
5909,0.00061,172.31.40.0-255,66,58717,71,144561
5910,0.000648,172.31.40.0-255,66,58783,71,144561
5911,0.00068,172.31.40.0-255,66,58849,71,144561
5912,0.000872,74.125.24.0-255,1484,60333,71,144561
5913,0.000878,74.125.24.0-255,2902,63235,71,144561
5914,0.000881,172.31.40.0-255,66,63301,71,144561
5915,0.000885,74.125.24.0-255,1484,64785,71,144561
5916,0.000907,74.125.24.0-255,4320,69105,71,144561
5917,0.000909,172.31.40.0-255,66,69171,71,144561
5918,0.000941,74.125.24.0-255,4320,73491,71,144561
5919,0.000943,172.31.40.0-255,66,73557,71,144561
5920,0.000969,74.125.24.0-255,4320,77877,71,144561
5921,0.000972,172.31.40.0-255,66,77943,71,144561
5922,0.000987,172.31.40.0-255,66,78009,71,144561
5923,0.001038,74.125.24.0-255,1484,79493,71,144561
5924,0.001043,74.125.24.0-255,2902,82395,71,144561
5925,0.001047,172.31.40.0-255,66,82461,71,144561
5926,0.00107,74.125.24.0-255,5738,88199,71,144561
5927,0.001073,172.31.40.0-255,66,88265,71,144561
5928,0.001078,74.125.24.0-255,4320,92585,71,144561
5929,0.00108,172.31.40.0-255,66,92651,71,144561
5930,0.001099,172.31.40.0-255,66,92717,71,144561
5931,0.001137,172.31.40.0-255,66,92783,71,144561
5932,0.001189,74.125.24.0-255,1484,94267,71,144561
5933,0.001194,74.125.24.0-255,1484,95751,71,144561
5934,0.001196,172.31.40.0-255,66,95817,71,144561
5935,0.001214,74.125.24.0-255,1484,97301,71,144561
5936,0.00122,74.125.24.0-255,4320,101621,71,144561
5937,0.001222,172.31.40.0-255,66,101687,71,144561
5938,0.001234,74.125.24.0-255,1484,103171,71,144561
5939,0.001257,172.31.40.0-255,66,103237,71,144561
5940,0.001261,74.125.24.0-255,2902,106139,71,144561
5941,0.001263,172.31.40.0-255,66,106205,71,144561
5942,0.001287,172.31.40.0-255,66,106271,71,144561
5943,0.001486,74.125.24.0-255,1484,107755,71,144561
5944,0.001491,74.125.24.0-255,2902,110657,71,144561
5945,0.001494,172.31.40.0-255,66,110723,71,144561
5946,0.001511,74.125.24.0-255,2902,113625,71,144561
5947,0.001513,172.31.40.0-255,66,113691,71,144561
5948,0.001528,74.125.24.0-255,2902,116593,71,144561
5949,0.001531,172.31.40.0-255,66,116659,71,144561
5950,0.001538,74.125.24.0-255,7156,123815,71,144561
5951,0.001539,172.31.40.0-255,66,123881,71,144561
5952,0.001576,172.31.40.0-255,66,123947,71,144561
5953,0.001579,74.125.24.0-255,2184,126131,71,144561
5954,0.001581,172.31.40.0-255,66,126197,71,144561
5955,0.001625,172.31.40.0-255,66,126263,71,144561
5956,0.001632,74.125.24.0-255,7156,133419,71,144561
5957,0.001634,172.31.40.0-255,66,133485,71,144561
5958,0.001653,172.31.40.0-255,66,133551,71,144561
5959,0.001689,172.31.40.0-255,66,133617,71,144561
5960,0.001725,172.31.40.0-255,66,133683,71,144561
5961,0.001765,172.31.40.0-255,66,133749,71,144561
5962,0.001799,172.31.40.0-255,66,133815,71,144561
5963,0.001823,172.31.40.0-255,66,133881,71,144561
5964,0.001834,172.31.40.0-255,66,133947,71,144561
5965,0.00186,74.125.24.0-255,2184,136131,71,144561
5966,0.001862,172.31.40.0-255,66,136197,71,144561
5967,0.001876,172.31.40.0-255,66,136263,71,144561
5968,0.00188,74.125.24.0-255,3602,139865,71,144561
5969,0.001882,172.31.40.0-255,66,139931,71,144561
5970,0.001905,74.125.24.0-255,105,140036,71,144561
5971,0.003837,172.31.40.0-255,66,140102,71,144561
5972,0.003875,172.31.40.0-255,105,140207,71,144561
5973,0.006165,74.125.24.0-255,66,140273,71,144561
5974,0.033709,172.31.40.0-255,172,140445,71,144561
5975,0.033745,172.31.40.0-255,1113,141558,71,144561
5976,0.033809,172.31.40.0-255,1514,143072,71,144561
5977,0.033811,172.31.40.0-255,1291,144363,71,144561
5978,0.035257,104.244.42.0-255,66,144429,71,144561
5979,0.035314,104.244.42.0-255,66,144495,71,144561
5980,0.03533,104.244.42.0-255,66,144561,71,144561
5981,0.0,172.217.194.0-255,146,146,71,176099
5982,3.2e-05,172.31.40.0-255,66,212,71,176099
5983,3.9e-05,172.217.194.0-255,1484,1696,71,176099
5984,4.4e-05,172.31.40.0-255,66,1762,71,176099
5985,4.9e-05,172.217.194.0-255,2902,4664,71,176099
5986,5.1e-05,172.31.40.0-255,66,4730,71,176099
5987,6.6e-05,172.217.194.0-255,7156,11886,71,176099
5988,7e-05,172.31.40.0-255,66,11952,71,176099
5989,7.7e-05,172.217.194.0-255,7156,19108,71,176099
5990,8e-05,172.31.40.0-255,66,19174,71,176099
5991,0.000119,172.217.194.0-255,3474,22648,71,176099
5992,0.000122,172.31.40.0-255,66,22714,71,176099
5993,0.000133,172.31.40.0-255,66,22780,71,176099
5994,0.00048,172.217.194.0-255,1484,24264,71,176099
5995,0.000485,172.31.40.0-255,66,24330,71,176099
5996,0.000491,172.217.194.0-255,2902,27232,71,176099
5997,0.000494,172.31.40.0-255,66,27298,71,176099
5998,0.0005,172.217.194.0-255,4320,31618,71,176099
5999,0.000504,172.31.40.0-255,66,31684,71,176099
6000,0.000529,172.217.194.0-255,1484,33168,71,176099
6001,0.000533,172.31.40.0-255,66,33234,71,176099
6002,0.000544,172.31.40.0-255,66,33300,71,176099
6003,0.00058,172.217.194.0-255,1125,34425,71,176099
6004,0.000583,172.31.40.0-255,66,34491,71,176099
6005,0.0006,172.31.40.0-255,66,34557,71,176099
6006,0.000606,172.217.194.0-255,4251,38808,71,176099
6007,0.000608,172.31.40.0-255,66,38874,71,176099
6008,0.000654,172.217.194.0-255,98,38972,71,176099
6009,0.000661,172.31.40.0-255,66,39038,71,176099
6010,0.000785,172.217.194.0-255,1484,40522,71,176099
6011,0.000807,172.217.194.0-255,2902,43424,71,176099
6012,0.00081,172.31.40.0-255,66,43490,71,176099
6013,0.000816,172.217.194.0-255,5738,49228,71,176099
6014,0.000818,172.31.40.0-255,66,49294,71,176099
6015,0.000824,172.217.194.0-255,5738,55032,71,176099
6016,0.000827,172.31.40.0-255,66,55098,71,176099
6017,0.000852,172.217.194.0-255,1125,56223,71,176099
6018,0.000873,172.31.40.0-255,66,56289,71,176099
6019,0.0009,172.217.194.0-255,1484,57773,71,176099
6020,0.000905,172.217.194.0-255,2543,60316,71,176099
6021,0.000908,172.31.40.0-255,66,60382,71,176099
6022,0.001633,172.217.194.0-255,1484,61866,71,176099
6023,0.001644,172.217.194.0-255,2902,64768,71,176099
6024,0.001649,172.31.40.0-255,66,64834,71,176099
6025,0.001656,172.217.194.0-255,5738,70572,71,176099
6026,0.001659,172.31.40.0-255,66,70638,71,176099
6027,0.001679,172.31.40.0-255,66,70704,71,176099
6028,0.001712,172.217.194.0-255,4320,75024,71,176099
6029,0.001715,172.31.40.0-255,66,75090,71,176099
6030,0.001733,172.31.40.0-255,66,75156,71,176099
6031,0.001757,172.217.194.0-255,1484,76640,71,176099
6032,0.001778,172.217.194.0-255,2902,79542,71,176099
6033,0.001781,172.31.40.0-255,66,79608,71,176099
6034,0.001788,172.217.194.0-255,5738,85346,71,176099
6035,0.00179,172.31.40.0-255,66,85412,71,176099
6036,0.001795,172.217.194.0-255,2902,88314,71,176099
6037,0.001797,172.31.40.0-255,66,88380,71,176099
6038,0.001831,172.217.194.0-255,5738,94118,71,176099
6039,0.001834,172.31.40.0-255,66,94184,71,176099
6040,0.001861,172.217.194.0-255,7156,101340,71,176099
6041,0.001865,172.31.40.0-255,66,101406,71,176099
6042,0.001903,172.31.40.0-255,66,101472,71,176099
6043,0.001908,172.217.194.0-255,2902,104374,71,176099
6044,0.00191,172.31.40.0-255,66,104440,71,176099
6045,0.001951,172.31.40.0-255,66,104506,71,176099
6046,0.001969,172.31.40.0-255,66,104572,71,176099
6047,0.001976,172.217.194.0-255,6438,111010,71,176099
6048,0.001978,172.31.40.0-255,66,111076,71,176099
6049,0.002059,172.217.194.0-255,1484,112560,71,176099
6050,0.002066,172.217.194.0-255,2902,115462,71,176099
6051,0.00207,172.31.40.0-255,66,115528,71,176099
6052,0.002073,172.217.194.0-255,1484,117012,71,176099
6053,0.002099,172.217.194.0-255,4320,121332,71,176099
6054,0.002101,172.31.40.0-255,66,121398,71,176099
6055,0.002107,172.217.194.0-255,2902,124300,71,176099
6056,0.002109,172.31.40.0-255,66,124366,71,176099
6057,0.002131,172.217.194.0-255,7156,131522,71,176099
6058,0.002133,172.31.40.0-255,66,131588,71,176099
6059,0.002139,172.217.194.0-255,5738,137326,71,176099
6060,0.002141,172.31.40.0-255,66,137392,71,176099
6061,0.002179,172.31.40.0-255,66,137458,71,176099
6062,0.002189,172.31.40.0-255,66,137524,71,176099
6063,0.002269,172.31.40.0-255,66,137590,71,176099
6064,0.00229,172.31.40.0-255,66,137656,71,176099
6065,0.002301,172.31.40.0-255,66,137722,71,176099
6066,0.002306,172.217.194.0-255,5020,142742,71,176099
6067,0.002308,172.31.40.0-255,66,142808,71,176099
6068,0.002313,172.217.194.0-255,4320,147128,71,176099
6069,0.002315,172.31.40.0-255,66,147194,71,176099
6070,0.002336,172.217.194.0-255,1484,148678,71,176099
6071,0.002343,172.217.194.0-255,7156,155834,71,176099
6072,0.002345,172.31.40.0-255,66,155900,71,176099
6073,0.002368,172.217.194.0-255,5738,161638,71,176099
6074,0.002378,172.31.40.0-255,66,161704,71,176099
6075,0.002389,172.31.40.0-255,66,161770,71,176099
6076,0.002424,172.31.40.0-255,66,161836,71,176099
6077,0.002453,172.31.40.0-255,66,161902,71,176099
6078,0.002486,172.31.40.0-255,66,161968,71,176099
6079,0.002492,172.217.194.0-255,6438,168406,71,176099
6080,0.002495,172.31.40.0-255,66,168472,71,176099
6081,0.002509,172.31.40.0-255,66,168538,71,176099
6082,0.002536,172.217.194.0-255,2843,171381,71,176099
6083,0.002538,172.31.40.0-255,66,171447,71,176099
6084,0.004971,172.217.194.0-255,105,171552,71,176099
6085,0.00596,172.31.40.0-255,66,171618,71,176099
6086,0.00599,172.31.40.0-255,105,171723,71,176099
6087,0.008446,172.217.194.0-255,66,171789,71,176099
6088,0.034731,172.31.40.0-255,194,171983,71,176099
6089,0.03476,172.31.40.0-255,1109,173092,71,176099
6090,0.034805,172.31.40.0-255,1514,174606,71,176099
6091,0.034806,172.31.40.0-255,1295,175901,71,176099
6092,0.03637,104.244.42.0-255,66,175967,71,176099
6093,0.036412,104.244.42.0-255,66,176033,71,176099
6094,0.036457,104.244.42.0-255,66,176099,71,176099
6095,0.0,74.125.68.0-255,152,152,71,267402
6096,1.9e-05,172.31.40.0-255,66,218,71,267402
6097,2.6e-05,74.125.68.0-255,1484,1702,71,267402
6098,3.1e-05,172.31.40.0-255,66,1768,71,267402
6099,3.4e-05,74.125.68.0-255,1484,3252,71,267402
6100,3.7e-05,172.31.40.0-255,66,3318,71,267402
6101,6.8e-05,74.125.68.0-255,2902,6220,71,267402
6102,7.1e-05,172.31.40.0-255,66,6286,71,267402
6103,8.5e-05,74.125.68.0-255,5738,12024,71,267402
6104,8.7e-05,172.31.40.0-255,66,12090,71,267402
6105,0.000109,74.125.68.0-255,1484,13574,71,267402
6106,0.000111,172.31.40.0-255,66,13640,71,267402
6107,0.000131,74.125.68.0-255,2055,15695,71,267402
6108,0.000133,172.31.40.0-255,66,15761,71,267402
6109,0.000149,74.125.68.0-255,2902,18663,71,267402
6110,0.000151,172.31.40.0-255,66,18729,71,267402
6111,0.000164,74.125.68.0-255,1484,20213,71,267402
6112,0.000166,172.31.40.0-255,66,20279,71,267402
6113,0.000179,74.125.68.0-255,2902,23181,71,267402
6114,0.000181,172.31.40.0-255,66,23247,71,267402
6115,0.0002,74.125.68.0-255,1484,24731,71,267402
6116,0.000202,172.31.40.0-255,66,24797,71,267402
6117,0.000225,74.125.68.0-255,5738,30535,71,267402
6118,0.000227,172.31.40.0-255,66,30601,71,267402
6119,0.000252,74.125.68.0-255,1125,31726,71,267402
6120,0.000254,172.31.40.0-255,66,31792,71,267402
6121,0.000348,74.125.68.0-255,1484,33276,71,267402
6122,0.000351,172.31.40.0-255,66,33342,71,267402
6123,0.000365,74.125.68.0-255,2902,36244,71,267402
6124,0.000368,172.31.40.0-255,66,36310,71,267402
6125,0.000399,74.125.68.0-255,5738,42048,71,267402
6126,0.000401,172.31.40.0-255,66,42114,71,267402
6127,0.000419,74.125.68.0-255,1484,43598,71,267402
6128,0.000436,74.125.68.0-255,2902,46500,71,267402
6129,0.00045,172.31.40.0-255,66,46566,71,267402
6130,0.000461,74.125.68.0-255,5738,52304,71,267402
6131,0.000466,172.31.40.0-255,66,52370,71,267402
6132,0.000502,74.125.68.0-255,2902,55272,71,267402
6133,0.000521,172.31.40.0-255,66,55338,71,267402
6134,0.000527,74.125.68.0-255,4320,59658,71,267402
6135,0.000537,172.31.40.0-255,66,59724,71,267402
6136,0.000556,74.125.68.0-255,1484,61208,71,267402
6137,0.000573,74.125.68.0-255,5020,66228,71,267402
6138,0.000579,172.31.40.0-255,66,66294,71,267402
6139,0.00059,74.125.68.0-255,443,66737,71,267402
6140,0.000685,74.125.68.0-255,1484,68221,71,267402
6141,0.000705,74.125.68.0-255,2902,71123,71,267402
6142,0.000708,74.125.68.0-255,1484,72607,71,267402
6143,0.000711,74.125.68.0-255,1484,74091,71,267402
6144,0.000721,74.125.68.0-255,1484,75575,71,267402
6145,0.000727,172.31.40.0-255,66,75641,71,267402
6146,0.000736,74.125.68.0-255,1484,77125,71,267402
6147,0.000749,74.125.68.0-255,4320,81445,71,267402
6148,0.000771,172.31.40.0-255,66,81511,71,267402
6149,0.000785,74.125.68.0-255,2902,84413,71,267402
6150,0.000805,172.31.40.0-255,66,84479,71,267402
6151,0.000818,74.125.68.0-255,4320,88799,71,267402
6152,0.000842,74.125.68.0-255,4320,93119,71,267402
6153,0.000845,172.31.40.0-255,66,93185,71,267402
6154,0.000855,74.125.68.0-255,2902,96087,71,267402
6155,0.000867,172.31.40.0-255,66,96153,71,267402
6156,0.000904,74.125.68.0-255,2902,99055,71,267402
6157,0.00091,172.31.40.0-255,66,99121,71,267402
6158,0.000929,74.125.68.0-255,2184,101305,71,267402
6159,0.000944,172.31.40.0-255,66,101371,71,267402
6160,0.000971,74.125.68.0-255,331,101702,71,267402
6161,0.000988,74.125.68.0-255,1484,103186,71,267402
6162,0.001004,74.125.68.0-255,4320,107506,71,267402
6163,0.001048,172.31.40.0-255,66,107572,71,267402
6164,0.001054,74.125.68.0-255,5738,113310,71,267402
6165,0.001059,172.31.40.0-255,66,113376,71,267402
6166,0.001068,74.125.68.0-255,2902,116278,71,267402
6167,0.001083,74.125.68.0-255,5738,122016,71,267402
6168,0.00111,172.31.40.0-255,66,122082,71,267402
6169,0.001146,74.125.68.0-255,5738,127820,71,267402
6170,0.001152,172.31.40.0-255,66,127886,71,267402
6171,0.001166,74.125.68.0-255,4320,132206,71,267402
6172,0.001188,172.31.40.0-255,66,132272,71,267402
6173,0.001226,74.125.68.0-255,3602,135874,71,267402
6174,0.001244,172.31.40.0-255,66,135940,71,267402
6175,0.00126,74.125.68.0-255,4320,140260,71,267402
6176,0.001288,74.125.68.0-255,2902,143162,71,267402
6177,0.001291,172.31.40.0-255,66,143228,71,267402
6178,0.001295,172.31.40.0-255,66,143294,71,267402
6179,0.001315,74.125.68.0-255,7156,150450,71,267402
6180,0.001321,172.31.40.0-255,66,150516,71,267402
6181,0.001368,74.125.68.0-255,2902,153418,71,267402
6182,0.001373,172.31.40.0-255,66,153484,71,267402
6183,0.001395,172.31.40.0-255,66,153550,71,267402
6184,0.0014,74.125.68.0-255,5020,158570,71,267402
6185,0.001418,172.31.40.0-255,66,158636,71,267402
6186,0.001541,74.125.68.0-255,5738,164374,71,267402
6187,0.001549,172.31.40.0-255,66,164440,71,267402
6188,0.00159,172.31.40.0-255,66,164506,71,267402
6189,0.001704,74.125.68.0-255,2902,167408,71,267402
6190,0.001708,172.31.40.0-255,66,167474,71,267402
6191,0.001749,172.31.40.0-255,66,167540,71,267402
6192,0.001817,74.125.68.0-255,4320,171860,71,267402
6193,0.001822,172.31.40.0-255,66,171926,71,267402
6194,0.001832,74.125.68.0-255,5738,177664,71,267402
6195,0.001836,172.31.40.0-255,66,177730,71,267402
6196,0.00187,172.31.40.0-255,66,177796,71,267402
6197,0.001887,74.125.68.0-255,2184,179980,71,267402
6198,0.001891,172.31.40.0-255,66,180046,71,267402
6199,0.002671,74.125.68.0-255,1484,181530,71,267402
6200,0.002689,74.125.68.0-255,2902,184432,71,267402
6201,0.002692,172.31.40.0-255,66,184498,71,267402
6202,0.002698,74.125.68.0-255,4320,188818,71,267402
6203,0.002723,172.31.40.0-255,66,188884,71,267402
6204,0.00537,74.125.68.0-255,1484,190368,71,267402
6205,0.005402,74.125.68.0-255,4320,194688,71,267402
6206,0.005407,172.31.40.0-255,66,194754,71,267402
6207,0.008078,74.125.68.0-255,4320,199074,71,267402
6208,0.008083,172.31.40.0-255,66,199140,71,267402
6209,0.008099,74.125.68.0-255,1484,200624,71,267402
6210,0.010763,74.125.68.0-255,4320,204944,71,267402
6211,0.010769,172.31.40.0-255,66,205010,71,267402
6212,0.013443,74.125.68.0-255,4320,209330,71,267402
6213,0.013463,74.125.68.0-255,1484,210814,71,267402
6214,0.013724,172.31.40.0-255,66,210880,71,267402
6215,0.016407,74.125.68.0-255,5738,216618,71,267402
6216,0.016418,172.31.40.0-255,66,216684,71,267402
6217,0.019111,74.125.68.0-255,5738,222422,71,267402
6218,0.019119,172.31.40.0-255,66,222488,71,267402
6219,0.021873,74.125.68.0-255,5738,228226,71,267402
6220,0.021881,172.31.40.0-255,66,228292,71,267402
6221,0.024595,74.125.68.0-255,5738,234030,71,267402
6222,0.024604,172.31.40.0-255,66,234096,71,267402
6223,0.027329,74.125.68.0-255,5738,239834,71,267402
6224,0.027337,172.31.40.0-255,66,239900,71,267402
6225,0.028613,172.31.40.0-255,172,240072,71,267402
6226,0.028639,172.31.40.0-255,1113,241185,71,267402
6227,0.02869,172.31.40.0-255,1514,242699,71,267402
6228,0.028691,172.31.40.0-255,1289,243988,71,267402
6229,0.03003,74.125.68.0-255,5738,249726,71,267402
6230,0.030036,172.31.40.0-255,66,249792,71,267402
6231,0.03029,104.244.42.0-255,66,249858,71,267402
6232,0.030297,104.244.42.0-255,66,249924,71,267402
6233,0.030386,104.244.42.0-255,66,249990,71,267402
6234,0.032717,74.125.68.0-255,5738,255728,71,267402
6235,0.032722,172.31.40.0-255,66,255794,71,267402
6236,0.035417,74.125.68.0-255,5738,261532,71,267402
6237,0.035424,172.31.40.0-255,66,261598,71,267402
6238,0.038114,74.125.68.0-255,5738,267336,71,267402
6239,0.03812,172.31.40.0-255,66,267402,71,267402
6240,0.0,74.125.24.0-255,152,152,71,322759
6241,1.4e-05,172.31.40.0-255,66,218,71,322759
6242,2.1e-05,74.125.24.0-255,1484,1702,71,322759
6243,2.5e-05,172.31.40.0-255,66,1768,71,322759
6244,3.1e-05,74.125.24.0-255,2902,4670,71,322759
6245,3.5e-05,172.31.40.0-255,66,4736,71,322759
6246,4.2e-05,74.125.24.0-255,5738,10474,71,322759
6247,4.5e-05,172.31.40.0-255,66,10540,71,322759
6248,7.6e-05,74.125.24.0-255,4320,14860,71,322759
6249,7.9e-05,172.31.40.0-255,66,14926,71,322759
6250,9.8e-05,172.31.40.0-255,66,14992,71,322759
6251,0.000115,74.125.24.0-255,644,15636,71,322759
6252,0.000117,172.31.40.0-255,66,15702,71,322759
6253,0.000122,74.125.24.0-255,4320,20022,71,322759
6254,0.000125,172.31.40.0-255,66,20088,71,322759
6255,0.000129,74.125.24.0-255,2543,22631,71,322759
6256,0.000131,172.31.40.0-255,66,22697,71,322759
6257,0.000182,74.125.24.0-255,1484,24181,71,322759
6258,0.000185,172.31.40.0-255,66,24247,71,322759
6259,0.000197,74.125.24.0-255,2902,27149,71,322759
6260,0.0002,172.31.40.0-255,66,27215,71,322759
6261,0.000206,74.125.24.0-255,4320,31535,71,322759
6262,0.000209,172.31.40.0-255,66,31601,71,322759
6263,0.000229,74.125.24.0-255,1484,33085,71,322759
6264,0.000232,172.31.40.0-255,66,33151,71,322759
6265,0.000237,74.125.24.0-255,4320,37471,71,322759
6266,0.000239,172.31.40.0-255,66,37537,71,322759
6267,0.000281,172.31.40.0-255,66,37603,71,322759
6268,0.000288,74.125.24.0-255,6797,44400,71,322759
6269,0.00029,172.31.40.0-255,66,44466,71,322759
6270,0.000318,74.125.24.0-255,645,45111,71,322759
6271,0.000535,74.125.24.0-255,1484,46595,71,322759
6272,0.00054,172.31.40.0-255,66,46661,71,322759
6273,0.000546,74.125.24.0-255,2902,49563,71,322759
6274,0.000549,172.31.40.0-255,66,49629,71,322759
6275,0.000552,74.125.24.0-255,1484,51113,71,322759
6276,0.000581,74.125.24.0-255,4320,55433,71,322759
6277,0.000584,172.31.40.0-255,66,55499,71,322759
6278,0.000591,74.125.24.0-255,6797,62296,71,322759
6279,0.000593,172.31.40.0-255,66,62362,71,322759
6280,0.000618,74.125.24.0-255,1484,63846,71,322759
6281,0.000622,74.125.24.0-255,1484,65330,71,322759
6282,0.000624,172.31.40.0-255,66,65396,71,322759
6283,0.000641,74.125.24.0-255,1484,66880,71,322759
6284,0.000655,74.125.24.0-255,4320,71200,71,322759
6285,0.00066,172.31.40.0-255,66,71266,71,322759
6286,0.000671,74.125.24.0-255,1484,72750,71,322759
6287,0.000679,74.125.24.0-255,6249,78999,71,322759
6288,0.000682,172.31.40.0-255,66,79065,71,322759
6289,0.001917,74.125.24.0-255,1484,80549,71,322759
6290,0.001941,74.125.24.0-255,2902,83451,71,322759
6291,0.001946,172.31.40.0-255,66,83517,71,322759
6292,0.001954,74.125.24.0-255,5738,89255,71,322759
6293,0.001957,172.31.40.0-255,66,89321,71,322759
6294,0.001977,74.125.24.0-255,4320,93641,71,322759
6295,0.001979,172.31.40.0-255,66,93707,71,322759
6296,0.002015,172.31.40.0-255,66,93773,71,322759
6297,0.002022,74.125.24.0-255,5738,99511,71,322759
6298,0.002024,172.31.40.0-255,66,99577,71,322759
6299,0.002047,74.125.24.0-255,2902,102479,71,322759
6300,0.00205,172.31.40.0-255,66,102545,71,322759
6301,0.002068,74.125.24.0-255,2184,104729,71,322759
6302,0.00207,172.31.40.0-255,66,104795,71,322759
6303,0.002358,74.125.24.0-255,1484,106279,71,322759
6304,0.0024,74.125.24.0-255,2902,109181,71,322759
6305,0.002403,172.31.40.0-255,66,109247,71,322759
6306,0.002411,74.125.24.0-255,5738,114985,71,322759
6307,0.002413,172.31.40.0-255,66,115051,71,322759
6308,0.002436,74.125.24.0-255,4320,119371,71,322759
6309,0.002439,172.31.40.0-255,66,119437,71,322759
6310,0.002455,74.125.24.0-255,4320,123757,71,322759
6311,0.002457,172.31.40.0-255,66,123823,71,322759
6312,0.002487,74.125.24.0-255,2902,126725,71,322759
6313,0.00249,172.31.40.0-255,66,126791,71,322759
6314,0.002497,74.125.24.0-255,7156,133947,71,322759
6315,0.002499,172.31.40.0-255,66,134013,71,322759
6316,0.002502,74.125.24.0-255,1484,135497,71,322759
6317,0.002505,74.125.24.0-255,1484,136981,71,322759
6318,0.002507,172.31.40.0-255,66,137047,71,322759
6319,0.002511,74.125.24.0-255,1484,138531,71,322759
6320,0.002533,74.125.24.0-255,766,139297,71,322759
6321,0.002536,172.31.40.0-255,66,139363,71,322759
6322,0.002569,74.125.24.0-255,1484,140847,71,322759
6323,0.002593,74.125.24.0-255,4320,145167,71,322759
6324,0.002596,172.31.40.0-255,66,145233,71,322759
6325,0.002599,74.125.24.0-255,1484,146717,71,322759
6326,0.002651,74.125.24.0-255,7156,153873,71,322759
6327,0.002653,172.31.40.0-255,66,153939,71,322759
6328,0.00266,74.125.24.0-255,5738,159677,71,322759
6329,0.002662,172.31.40.0-255,66,159743,71,322759
6330,0.002669,74.125.24.0-255,5738,165481,71,322759
6331,0.002671,172.31.40.0-255,66,165547,71,322759
6332,0.002687,74.125.24.0-255,1484,167031,71,322759
6333,0.002703,74.125.24.0-255,4320,171351,71,322759
6334,0.002705,172.31.40.0-255,66,171417,71,322759
6335,0.002724,74.125.24.0-255,2184,173601,71,322759
6336,0.002725,172.31.40.0-255,66,173667,71,322759
6337,0.002731,74.125.24.0-255,5738,179405,71,322759
6338,0.002734,172.31.40.0-255,66,179471,71,322759
6339,0.002745,74.125.24.0-255,1484,180955,71,322759
6340,0.00276,74.125.24.0-255,7156,188111,71,322759
6341,0.002763,172.31.40.0-255,66,188177,71,322759
6342,0.002766,74.125.24.0-255,2902,191079,71,322759
6343,0.002768,172.31.40.0-255,66,191145,71,322759
6344,0.002788,74.125.24.0-255,5738,196883,71,322759
6345,0.00279,172.31.40.0-255,66,196949,71,322759
6346,0.002802,74.125.24.0-255,2902,199851,71,322759
6347,0.002804,172.31.40.0-255,66,199917,71,322759
6348,0.002863,74.125.24.0-255,1484,201401,71,322759
6349,0.00289,74.125.24.0-255,4320,205721,71,322759
6350,0.002912,74.125.24.0-255,7156,212877,71,322759
6351,0.002916,74.125.24.0-255,2902,215779,71,322759
6352,0.002919,74.125.24.0-255,2902,218681,71,322759
6353,0.002946,74.125.24.0-255,2902,221583,71,322759
6354,0.002962,74.125.24.0-255,3602,225185,71,322759
6355,0.002965,74.125.24.0-255,1484,226669,71,322759
6356,0.002977,74.125.24.0-255,4320,230989,71,322759
6357,0.002994,74.125.24.0-255,5738,236727,71,322759
6358,0.002999,74.125.24.0-255,4320,241047,71,322759
6359,0.003017,74.125.24.0-255,2902,243949,71,322759
6360,0.003054,74.125.24.0-255,7156,251105,71,322759
6361,0.003366,74.125.24.0-255,1484,252589,71,322759
6362,0.003381,74.125.24.0-255,2902,255491,71,322759
6363,0.003389,74.125.24.0-255,1484,256975,71,322759
6364,0.003409,74.125.24.0-255,4320,261295,71,322759
6365,0.003422,74.125.24.0-255,2902,264197,71,322759
6366,0.003443,74.125.24.0-255,4320,268517,71,322759
6367,0.003488,74.125.24.0-255,2902,271419,71,322759
6368,0.003493,74.125.24.0-255,2184,273603,71,322759
6369,0.003781,74.125.24.0-255,1484,275087,71,322759
6370,0.003788,74.125.24.0-255,2902,277989,71,322759
6371,0.0038,74.125.24.0-255,1484,279473,71,322759
6372,0.003819,74.125.24.0-255,4320,283793,71,322759
6373,0.003837,74.125.24.0-255,7156,290949,71,322759
6374,0.00384,74.125.24.0-255,1484,292433,71,322759
6375,0.003893,74.125.24.0-255,5738,298171,71,322759
6376,0.003906,74.125.24.0-255,1484,299655,71,322759
6377,0.003916,74.125.24.0-255,1484,301139,71,322759
6378,0.003939,74.125.24.0-255,7156,308295,71,322759
6379,0.003944,74.125.24.0-255,4320,312615,71,322759
6380,0.003978,74.125.24.0-255,2902,315517,71,322759
6381,0.003989,74.125.24.0-255,2812,318329,71,322759
6382,0.004011,74.125.24.0-255,105,318434,71,322759
6383,0.006423,172.31.40.0-255,66,318500,71,322759
6384,0.00823,172.31.40.0-255,105,318605,71,322759
6385,0.010534,74.125.24.0-255,66,318671,71,322759
6386,0.03931,172.31.40.0-255,172,318843,71,322759
6387,0.039342,172.31.40.0-255,1111,319954,71,322759
6388,0.039403,172.31.40.0-255,1514,321468,71,322759
6389,0.039405,172.31.40.0-255,1291,322759,71,322759
6390,0.0,74.125.200.0-255,150,150,71,257963
6391,1.5e-05,172.31.40.0-255,66,216,71,257963
6392,3.7e-05,74.125.200.0-255,1484,1700,71,257963
6393,4.2e-05,172.31.40.0-255,66,1766,71,257963
6394,4.5e-05,74.125.200.0-255,1484,3250,71,257963
6395,4.8e-05,172.31.40.0-255,66,3316,71,257963
6396,6.7e-05,74.125.200.0-255,1484,4800,71,257963
6397,6.9e-05,172.31.40.0-255,66,4866,71,257963
6398,7.4e-05,74.125.200.0-255,2902,7768,71,257963
6399,7.7e-05,172.31.40.0-255,66,7834,71,257963
6400,0.000113,74.125.200.0-255,4320,12154,71,257963
6401,0.000116,172.31.40.0-255,66,12220,71,257963
6402,0.00013,74.125.200.0-255,2040,14260,71,257963
6403,0.000132,172.31.40.0-255,66,14326,71,257963
6404,0.000383,74.125.200.0-255,1484,15810,71,257963
6405,0.000387,172.31.40.0-255,66,15876,71,257963
6406,0.000392,74.125.200.0-255,2902,18778,71,257963
6407,0.000395,172.31.40.0-255,66,18844,71,257963
6408,0.000415,74.125.200.0-255,1484,20328,71,257963
6409,0.000417,172.31.40.0-255,66,20394,71,257963
6410,0.000446,74.125.200.0-255,2902,23296,71,257963
6411,0.000449,172.31.40.0-255,66,23362,71,257963
6412,0.000452,74.125.200.0-255,1484,24846,71,257963
6413,0.000453,172.31.40.0-255,66,24912,71,257963
6414,0.00048,74.125.200.0-255,2902,27814,71,257963
6415,0.000483,172.31.40.0-255,66,27880,71,257963
6416,0.000535,74.125.200.0-255,3961,31841,71,257963
6417,0.000538,172.31.40.0-255,66,31907,71,257963
6418,0.00084,74.125.200.0-255,1484,33391,71,257963
6419,0.000845,172.31.40.0-255,66,33457,71,257963
6420,0.000853,74.125.200.0-255,2902,36359,71,257963
6421,0.000855,172.31.40.0-255,66,36425,71,257963
6422,0.00086,74.125.200.0-255,4320,40745,71,257963
6423,0.000866,74.125.200.0-255,5738,46483,71,257963
6424,0.000883,74.125.200.0-255,2543,49026,71,257963
6425,0.000929,74.125.200.0-255,4320,53346,71,257963
6426,0.000946,74.125.200.0-255,2902,56248,71,257963
6427,0.000963,74.125.200.0-255,4320,60568,71,257963
6428,0.000976,74.125.200.0-255,4320,64888,71,257963
6429,0.001035,74.125.200.0-255,1431,66319,71,257963
6430,0.001038,74.125.200.0-255,114,66433,71,257963
6431,0.001334,74.125.200.0-255,332,66765,71,257963
6432,0.001538,74.125.200.0-255,1484,68249,71,257963
6433,0.001553,74.125.200.0-255,2902,71151,71,257963
6434,0.001604,74.125.200.0-255,2902,74053,71,257963
6435,0.001624,74.125.200.0-255,1484,75537,71,257963
6436,0.00163,74.125.200.0-255,5738,81275,71,257963
6437,0.001644,74.125.200.0-255,5738,87013,71,257963
6438,0.001659,74.125.200.0-255,5738,92751,71,257963
6439,0.001717,74.125.200.0-255,2902,95653,71,257963
6440,0.001741,74.125.200.0-255,2902,98555,71,257963
6441,0.001758,74.125.200.0-255,2184,100739,71,257963
6442,0.00189,74.125.200.0-255,1484,102223,71,257963
6443,0.001894,74.125.200.0-255,2902,105125,71,257963
6444,0.001941,74.125.200.0-255,2902,108027,71,257963
6445,0.001957,74.125.200.0-255,2902,110929,71,257963
6446,0.001962,74.125.200.0-255,4320,115249,71,257963
6447,0.001988,74.125.200.0-255,4320,119569,71,257963
6448,0.002004,74.125.200.0-255,1484,121053,71,257963
6449,0.002038,74.125.200.0-255,4320,125373,71,257963
6450,0.002058,74.125.200.0-255,5738,131111,71,257963
6451,0.002113,74.125.200.0-255,3602,134713,71,257963
6452,0.002204,74.125.200.0-255,1484,136197,71,257963
6453,0.002216,74.125.200.0-255,2902,139099,71,257963
6454,0.002232,74.125.200.0-255,1484,140583,71,257963
6455,0.002245,74.125.200.0-255,4320,144903,71,257963
6456,0.002287,74.125.200.0-255,2902,147805,71,257963
6457,0.002308,74.125.200.0-255,4320,152125,71,257963
6458,0.002335,74.125.200.0-255,1484,153609,71,257963
6459,0.002353,74.125.200.0-255,7156,160765,71,257963
6460,0.002432,74.125.200.0-255,4320,165085,71,257963
6461,0.002456,74.125.200.0-255,3602,168687,71,257963
6462,0.002531,74.125.200.0-255,1484,170171,71,257963
6463,0.002569,74.125.200.0-255,4320,174491,71,257963
6464,0.002622,74.125.200.0-255,1484,175975,71,257963
6465,0.002631,74.125.200.0-255,1484,177459,71,257963
6466,0.002643,74.125.200.0-255,1484,178943,71,257963
6467,0.00266,74.125.200.0-255,5020,183963,71,257963
6468,0.005516,172.31.40.0-255,66,184029,71,257963
6469,0.008267,74.125.200.0-255,5738,189767,71,257963
6470,0.008276,172.31.40.0-255,66,189833,71,257963
6471,0.011041,74.125.200.0-255,5738,195571,71,257963
6472,0.011052,172.31.40.0-255,66,195637,71,257963
6473,0.013788,74.125.200.0-255,5738,201375,71,257963
6474,0.013799,172.31.40.0-255,66,201441,71,257963
6475,0.016537,74.125.200.0-255,5738,207179,71,257963
6476,0.016546,172.31.40.0-255,66,207245,71,257963
6477,0.019273,74.125.200.0-255,5738,212983,71,257963
6478,0.019284,172.31.40.0-255,66,213049,71,257963
6479,0.022063,74.125.200.0-255,5738,218787,71,257963
6480,0.022076,172.31.40.0-255,66,218853,71,257963
6481,0.024833,74.125.200.0-255,5738,224591,71,257963
6482,0.02484,172.31.40.0-255,66,224657,71,257963
6483,0.026,172.31.40.0-255,172,224829,71,257963
6484,0.026032,172.31.40.0-255,1113,225942,71,257963
6485,0.02609,172.31.40.0-255,1514,227456,71,257963
6486,0.026091,172.31.40.0-255,1289,228745,71,257963
6487,0.027606,74.125.200.0-255,5738,234483,71,257963
6488,0.027612,172.31.40.0-255,66,234549,71,257963
6489,0.02767,104.244.42.0-255,66,234615,71,257963
6490,0.027715,104.244.42.0-255,66,234681,71,257963
6491,0.027763,104.244.42.0-255,66,234747,71,257963
6492,0.030339,74.125.200.0-255,5738,240485,71,257963
6493,0.030344,172.31.40.0-255,66,240551,71,257963
6494,0.033119,74.125.200.0-255,5738,246289,71,257963
6495,0.033125,172.31.40.0-255,66,246355,71,257963
6496,0.035848,74.125.200.0-255,5738,252093,71,257963
6497,0.035854,172.31.40.0-255,66,252159,71,257963
6498,0.03859,74.125.200.0-255,5738,257897,71,257963
6499,0.038599,172.31.40.0-255,66,257963,71,257963
6500,0.0,74.125.68.0-255,150,150,71,314612
6501,3e-05,172.31.40.0-255,66,216,71,314612
6502,3.7e-05,74.125.68.0-255,1484,1700,71,314612
6503,4.2e-05,172.31.40.0-255,66,1766,71,314612
6504,4.5e-05,74.125.68.0-255,1484,3250,71,314612
6505,5.4e-05,172.31.40.0-255,66,3316,71,314612
6506,8.3e-05,74.125.68.0-255,1484,4800,71,314612
6507,8.6e-05,172.31.40.0-255,66,4866,71,314612
6508,9.1e-05,74.125.68.0-255,4320,9186,71,314612
6509,9.4e-05,172.31.40.0-255,66,9252,71,314612
6510,9.9e-05,74.125.68.0-255,4934,14186,71,314612
6511,0.000102,172.31.40.0-255,66,14252,71,314612
6512,0.000502,74.125.68.0-255,1484,15736,71,314612
6513,0.000507,172.31.40.0-255,66,15802,71,314612
6514,0.000516,74.125.68.0-255,2902,18704,71,314612
6515,0.000519,172.31.40.0-255,66,18770,71,314612
6516,0.000551,74.125.68.0-255,5738,24508,71,314612
6517,0.000555,172.31.40.0-255,66,24574,71,314612
6518,0.000561,74.125.68.0-255,4320,28894,71,314612
6519,0.000563,172.31.40.0-255,66,28960,71,314612
6520,0.000584,74.125.68.0-255,5379,34339,71,314612
6521,0.000594,172.31.40.0-255,66,34405,71,314612
6522,0.000598,74.125.68.0-255,1484,35889,71,314612
6523,0.0006,172.31.40.0-255,66,35955,71,314612
6524,0.000633,74.125.68.0-255,5738,41693,71,314612
6525,0.000642,172.31.40.0-255,66,41759,71,314612
6526,0.000655,172.31.40.0-255,66,41825,71,314612
6527,0.00069,172.31.40.0-255,66,41891,71,314612
6528,0.000713,74.125.68.0-255,1484,43375,71,314612
6529,0.000717,172.31.40.0-255,66,43441,71,314612
6530,0.000738,74.125.68.0-255,3602,47043,71,314612
6531,0.000741,172.31.40.0-255,66,47109,71,314612
6532,0.000744,74.125.68.0-255,429,47538,71,314612
6533,0.000778,74.125.68.0-255,1484,49022,71,314612
6534,0.00078,172.31.40.0-255,66,49088,71,314612
6535,0.000784,74.125.68.0-255,1484,50572,71,314612
6536,0.000805,74.125.68.0-255,2902,53474,71,314612
6537,0.000808,172.31.40.0-255,66,53540,71,314612
6538,0.000813,74.125.68.0-255,2902,56442,71,314612
6539,0.000815,172.31.40.0-255,66,56508,71,314612
6540,0.000841,74.125.68.0-255,2902,59410,71,314612
6541,0.000844,172.31.40.0-255,66,59476,71,314612
6542,0.000863,172.31.40.0-255,66,59542,71,314612
6543,0.000868,74.125.68.0-255,4320,63862,71,314612
6544,0.000871,172.31.40.0-255,66,63928,71,314612
6545,0.000933,74.125.68.0-255,6716,70644,71,314612
6546,0.000938,172.31.40.0-255,66,70710,71,314612
6547,0.001086,74.125.68.0-255,1484,72194,71,314612
6548,0.001102,74.125.68.0-255,2902,75096,71,314612
6549,0.001105,172.31.40.0-255,66,75162,71,314612
6550,0.001108,74.125.68.0-255,1484,76646,71,314612
6551,0.001133,74.125.68.0-255,2902,79548,71,314612
6552,0.001135,172.31.40.0-255,66,79614,71,314612
6553,0.001142,74.125.68.0-255,7156,86770,71,314612
6554,0.001144,172.31.40.0-255,66,86836,71,314612
6555,0.001172,74.125.68.0-255,1484,88320,71,314612
6556,0.001179,74.125.68.0-255,7156,95476,71,314612
6557,0.001181,172.31.40.0-255,66,95542,71,314612
6558,0.00119,172.31.40.0-255,66,95608,71,314612
6559,0.001193,74.125.68.0-255,766,96374,71,314612
6560,0.001234,74.125.68.0-255,1484,97858,71,314612
6561,0.001236,172.31.40.0-255,66,97924,71,314612
6562,0.001247,74.125.68.0-255,1484,99408,71,314612
6563,0.001265,74.125.68.0-255,1484,100892,71,314612
6564,0.001267,172.31.40.0-255,66,100958,71,314612
6565,0.001273,74.125.68.0-255,4320,105278,71,314612
6566,0.001275,172.31.40.0-255,66,105344,71,314612
6567,0.001299,74.125.68.0-255,7156,112500,71,314612
6568,0.001305,172.31.40.0-255,66,112566,71,314612
6569,0.001319,74.125.68.0-255,1484,114050,71,314612
6570,0.001329,74.125.68.0-255,5738,119788,71,314612
6571,0.001331,172.31.40.0-255,66,119854,71,314612
6572,0.001336,74.125.68.0-255,4320,124174,71,314612
6573,0.001338,172.31.40.0-255,66,124240,71,314612
6574,0.001368,74.125.68.0-255,2902,127142,71,314612
6575,0.00137,172.31.40.0-255,66,127208,71,314612
6576,0.001395,74.125.68.0-255,3602,130810,71,314612
6577,0.001398,172.31.40.0-255,66,130876,71,314612
6578,0.001544,74.125.68.0-255,1484,132360,71,314612
6579,0.001548,74.125.68.0-255,2902,135262,71,314612
6580,0.00155,172.31.40.0-255,66,135328,71,314612
6581,0.001575,74.125.68.0-255,4320,139648,71,314612
6582,0.001578,172.31.40.0-255,66,139714,71,314612
6583,0.001589,74.125.68.0-255,1484,141198,71,314612
6584,0.001606,74.125.68.0-255,7156,148354,71,314612
6585,0.001608,172.31.40.0-255,66,148420,71,314612
6586,0.001614,74.125.68.0-255,5738,154158,71,314612
6587,0.001616,172.31.40.0-255,66,154224,71,314612
6588,0.001643,74.125.68.0-255,7156,161380,71,314612
6589,0.001645,172.31.40.0-255,66,161446,71,314612
6590,0.001668,74.125.68.0-255,3602,165048,71,314612
6591,0.00167,172.31.40.0-255,66,165114,71,314612
6592,0.001813,74.125.68.0-255,1484,166598,71,314612
6593,0.001829,74.125.68.0-255,2902,169500,71,314612
6594,0.001831,172.31.40.0-255,66,169566,71,314612
6595,0.001857,74.125.68.0-255,5738,175304,71,314612
6596,0.001859,172.31.40.0-255,66,175370,71,314612
6597,0.001863,74.125.68.0-255,2902,178272,71,314612
6598,0.001865,172.31.40.0-255,66,178338,71,314612
6599,0.001884,74.125.68.0-255,4320,182658,71,314612
6600,0.001891,172.31.40.0-255,66,182724,71,314612
6601,0.001894,74.125.68.0-255,1484,184208,71,314612
6602,0.001913,74.125.68.0-255,7156,191364,71,314612
6603,0.001915,172.31.40.0-255,66,191430,71,314612
6604,0.001919,74.125.68.0-255,2902,194332,71,314612
6605,0.001921,172.31.40.0-255,66,194398,71,314612
6606,0.001941,74.125.68.0-255,1484,195882,71,314612
6607,0.001971,74.125.68.0-255,3602,199484,71,314612
6608,0.001974,172.31.40.0-255,66,199550,71,314612
6609,0.002109,74.125.68.0-255,1484,201034,71,314612
6610,0.002128,74.125.68.0-255,2902,203936,71,314612
6611,0.00213,172.31.40.0-255,66,204002,71,314612
6612,0.002158,74.125.68.0-255,5738,209740,71,314612
6613,0.00216,172.31.40.0-255,66,209806,71,314612
6614,0.002164,74.125.68.0-255,2902,212708,71,314612
6615,0.002166,172.31.40.0-255,66,212774,71,314612
6616,0.004301,74.125.68.0-255,5738,218512,71,314612
6617,0.004307,172.31.40.0-255,66,218578,71,314612
6618,0.006438,74.125.68.0-255,5738,224316,71,314612
6619,0.006444,172.31.40.0-255,66,224382,71,314612
6620,0.008561,74.125.68.0-255,5738,230120,71,314612
6621,0.008569,172.31.40.0-255,66,230186,71,314612
6622,0.010672,74.125.68.0-255,5738,235924,71,314612
6623,0.010679,172.31.40.0-255,66,235990,71,314612
6624,0.01282,74.125.68.0-255,5738,241728,71,314612
6625,0.012826,172.31.40.0-255,66,241794,71,314612
6626,0.014955,74.125.68.0-255,5738,247532,71,314612
6627,0.014964,172.31.40.0-255,66,247598,71,314612
6628,0.017088,74.125.68.0-255,5738,253336,71,314612
6629,0.017095,172.31.40.0-255,66,253402,71,314612
6630,0.019215,74.125.68.0-255,5738,259140,71,314612
6631,0.019223,172.31.40.0-255,66,259206,71,314612
6632,0.021331,74.125.68.0-255,5738,264944,71,314612
6633,0.021338,172.31.40.0-255,66,265010,71,314612
6634,0.022363,172.31.40.0-255,172,265182,71,314612
6635,0.022392,172.31.40.0-255,1111,266293,71,314612
6636,0.02243,172.31.40.0-255,1514,267807,71,314612
6637,0.022431,172.31.40.0-255,1514,269321,71,314612
6638,0.022433,172.31.40.0-255,1514,270835,71,314612
6639,0.022434,172.31.40.0-255,1071,271906,71,314612
6640,0.023463,74.125.68.0-255,5738,277644,71,314612
6641,0.02347,172.31.40.0-255,66,277710,71,314612
6642,0.024019,104.244.42.0-255,66,277776,71,314612
6643,0.024059,104.244.42.0-255,66,277842,71,314612
6644,0.024101,104.244.42.0-255,66,277908,71,314612
6645,0.024105,104.244.42.0-255,66,277974,71,314612
6646,0.025587,74.125.68.0-255,4320,282294,71,314612
6647,0.025593,172.31.40.0-255,66,282360,71,314612
6648,0.025625,74.125.68.0-255,1484,283844,71,314612
6649,0.02771,74.125.68.0-255,2902,286746,71,314612
6650,0.027715,172.31.40.0-255,66,286812,71,314612
6651,0.027753,74.125.68.0-255,1484,288296,71,314612
6652,0.029844,74.125.68.0-255,4320,292616,71,314612
6653,0.02985,172.31.40.0-255,66,292682,71,314612
6654,0.031963,74.125.68.0-255,4320,297002,71,314612
6655,0.031968,172.31.40.0-255,66,297068,71,314612
6656,0.032005,74.125.68.0-255,1484,298552,71,314612
6657,0.034083,74.125.68.0-255,4320,302872,71,314612
6658,0.034089,172.31.40.0-255,66,302938,71,314612
6659,0.036195,74.125.68.0-255,5738,308676,71,314612
6660,0.036199,172.31.40.0-255,66,308742,71,314612
6661,0.038322,74.125.68.0-255,4320,313062,71,314612
6662,0.038328,172.31.40.0-255,66,313128,71,314612
6663,0.038363,74.125.68.0-255,1484,314612,71,314612
6664,0.0,74.125.200.0-255,153,153,71,226495
6665,3.1e-05,172.31.40.0-255,66,219,71,226495
6666,3.9e-05,74.125.200.0-255,1484,1703,71,226495
6667,4.3e-05,172.31.40.0-255,66,1769,71,226495
6668,4.9e-05,74.125.200.0-255,2902,4671,71,226495
6669,5.2e-05,172.31.40.0-255,66,4737,71,226495
6670,6e-05,74.125.200.0-255,7156,11893,71,226495
6671,6.4e-05,172.31.40.0-255,66,11959,71,226495
6672,6.8e-05,74.125.200.0-255,2089,14048,71,226495
6673,7.1e-05,172.31.40.0-255,66,14114,71,226495
6674,7.6e-05,74.125.200.0-255,2902,17016,71,226495
6675,7.9e-05,172.31.40.0-255,66,17082,71,226495
6676,8.3e-05,74.125.200.0-255,1484,18566,71,226495
6677,8.5e-05,172.31.40.0-255,66,18632,71,226495
6678,0.000109,74.125.200.0-255,5738,24370,71,226495
6679,0.000112,172.31.40.0-255,66,24436,71,226495
6680,0.00012,74.125.200.0-255,6797,31233,71,226495
6681,0.000122,172.31.40.0-255,66,31299,71,226495
6682,0.000272,74.125.200.0-255,1484,32783,71,226495
6683,0.000276,172.31.40.0-255,66,32849,71,226495
6684,0.000281,74.125.200.0-255,2902,35751,71,226495
6685,0.000283,172.31.40.0-255,66,35817,71,226495
6686,0.00031,74.125.200.0-255,2902,38719,71,226495
6687,0.000313,172.31.40.0-255,66,38785,71,226495
6688,0.000317,74.125.200.0-255,2902,41687,71,226495
6689,0.000319,172.31.40.0-255,66,41753,71,226495
6690,0.00034,74.125.200.0-255,1484,43237,71,226495
6691,0.000342,172.31.40.0-255,66,43303,71,226495
6692,0.000348,74.125.200.0-255,4320,47623,71,226495
6693,0.00035,172.31.40.0-255,66,47689,71,226495
6694,0.000366,74.125.200.0-255,5379,53068,71,226495
6695,0.000369,172.31.40.0-255,66,53134,71,226495
6696,0.000374,74.125.200.0-255,4320,57454,71,226495
6697,0.000376,172.31.40.0-255,66,57520,71,226495
6698,0.000421,172.31.40.0-255,66,57586,71,226495
6699,0.000477,74.125.200.0-255,412,57998,71,226495
6700,0.0006,74.125.200.0-255,1484,59482,71,226495
6701,0.000627,172.31.40.0-255,66,59548,71,226495
6702,0.000633,74.125.200.0-255,2902,62450,71,226495
6703,0.000636,172.31.40.0-255,66,62516,71,226495
6704,0.000667,74.125.200.0-255,5738,68254,71,226495
6705,0.00067,172.31.40.0-255,66,68320,71,226495
6706,0.000675,74.125.200.0-255,2902,71222,71,226495
6707,0.000677,172.31.40.0-255,66,71288,71,226495
6708,0.0007,172.31.40.0-255,66,71354,71,226495
6709,0.000723,74.125.200.0-255,7156,78510,71,226495
6710,0.000726,172.31.40.0-255,66,78576,71,226495
6711,0.000748,74.125.200.0-255,3602,82178,71,226495
6712,0.000751,172.31.40.0-255,66,82244,71,226495
6713,0.000754,74.125.200.0-255,1484,83728,71,226495
6714,0.00078,172.31.40.0-255,66,83794,71,226495
6715,0.00081,74.125.200.0-255,1484,85278,71,226495
6716,0.000814,172.31.40.0-255,66,85344,71,226495
6717,0.000844,172.31.40.0-255,66,85410,71,226495
6718,0.000877,74.125.200.0-255,2184,87594,71,226495
6719,0.000881,172.31.40.0-255,66,87660,71,226495
6720,0.000914,74.125.200.0-255,1484,89144,71,226495
6721,0.000937,74.125.200.0-255,2902,92046,71,226495
6722,0.00094,172.31.40.0-255,66,92112,71,226495
6723,0.000943,74.125.200.0-255,1484,93596,71,226495
6724,0.000961,74.125.200.0-255,4320,97916,71,226495
6725,0.000964,172.31.40.0-255,66,97982,71,226495
6726,0.000968,74.125.200.0-255,2902,100884,71,226495
6727,0.000981,74.125.200.0-255,1484,102368,71,226495
6728,0.001005,74.125.200.0-255,1484,103852,71,226495
6729,0.001009,172.31.40.0-255,66,103918,71,226495
6730,0.001021,74.125.200.0-255,5738,109656,71,226495
6731,0.001047,172.31.40.0-255,66,109722,71,226495
6732,0.001066,74.125.200.0-255,1484,111206,71,226495
6733,0.001082,74.125.200.0-255,2184,113390,71,226495
6734,0.001086,172.31.40.0-255,66,113456,71,226495
6735,0.001106,74.125.200.0-255,2902,116358,71,226495
6736,0.001117,74.125.200.0-255,1484,117842,71,226495
6737,0.001124,74.125.200.0-255,5738,123580,71,226495
6738,0.001129,172.31.40.0-255,66,123646,71,226495
6739,0.001162,74.125.200.0-255,5738,129384,71,226495
6740,0.001172,172.31.40.0-255,66,129450,71,226495
6741,0.001187,74.125.200.0-255,7156,136606,71,226495
6742,0.001207,172.31.40.0-255,66,136672,71,226495
6743,0.001244,74.125.200.0-255,5738,142410,71,226495
6744,0.00126,74.125.200.0-255,5020,147430,71,226495
6745,0.001265,172.31.40.0-255,66,147496,71,226495
6746,0.001398,74.125.200.0-255,1484,148980,71,226495
6747,0.001435,74.125.200.0-255,1484,150464,71,226495
6748,0.001439,172.31.40.0-255,66,150530,71,226495
6749,0.001458,74.125.200.0-255,2902,153432,71,226495
6750,0.001465,74.125.200.0-255,5738,159170,71,226495
6751,0.001469,74.125.200.0-255,2902,162072,71,226495
6752,0.001507,74.125.200.0-255,1484,163556,71,226495
6753,0.001512,172.31.40.0-255,66,163622,71,226495
6754,0.001524,74.125.200.0-255,2902,166524,71,226495
6755,0.001537,74.125.200.0-255,2902,169426,71,226495
6756,0.001541,172.31.40.0-255,66,169492,71,226495
6757,0.001557,74.125.200.0-255,1484,170976,71,226495
6758,0.001583,172.31.40.0-255,66,171042,71,226495
6759,0.001602,74.125.200.0-255,2184,173226,71,226495
6760,0.001607,74.125.200.0-255,4320,177546,71,226495
6761,0.001615,172.31.40.0-255,66,177612,71,226495
6762,0.001654,74.125.200.0-255,2902,180514,71,226495
6763,0.00166,172.31.40.0-255,66,180580,71,226495
6764,0.001689,172.31.40.0-255,66,180646,71,226495
6765,0.001707,74.125.200.0-255,2902,183548,71,226495
6766,0.001715,172.31.40.0-255,66,183614,71,226495
6767,0.001757,74.125.200.0-255,4320,187934,71,226495
6768,0.001774,172.31.40.0-255,66,188000,71,226495
6769,0.00179,172.31.40.0-255,66,188066,71,226495
6770,0.001831,74.125.200.0-255,1484,189550,71,226495
6771,0.001855,74.125.200.0-255,2902,192452,71,226495
6772,0.001862,74.125.200.0-255,5738,198190,71,226495
6773,0.001867,74.125.200.0-255,2902,201092,71,226495
6774,0.001874,172.31.40.0-255,66,201158,71,226495
6775,0.001886,74.125.200.0-255,1484,202642,71,226495
6776,0.001894,74.125.200.0-255,5738,208380,71,226495
6777,0.001916,74.125.200.0-255,1484,209864,71,226495
6778,0.00192,74.125.200.0-255,2184,212048,71,226495
6779,0.001932,172.31.40.0-255,66,212114,71,226495
6780,0.001955,74.125.200.0-255,4320,216434,71,226495
6781,0.001969,172.31.40.0-255,66,216500,71,226495
6782,0.001989,74.125.200.0-255,2902,219402,71,226495
6783,0.001993,172.31.40.0-255,66,219468,71,226495
6784,0.002037,74.125.200.0-255,4320,223788,71,226495
6785,0.002067,172.31.40.0-255,66,223854,71,226495
6786,0.002123,74.125.200.0-255,2233,226087,71,226495
6787,0.002129,172.31.40.0-255,66,226153,71,226495
6788,0.002167,74.125.200.0-255,105,226258,71,226495
6789,0.004583,172.31.40.0-255,66,226324,71,226495
6790,0.008474,172.31.40.0-255,105,226429,71,226495
6791,0.010852,74.125.200.0-255,66,226495,71,226495
6792,0.0,74.125.24.0-255,151,151,71,216409
6793,2.2e-05,172.31.40.0-255,66,217,71,216409
6794,3e-05,74.125.24.0-255,1484,1701,71,216409
6795,3.4e-05,172.31.40.0-255,66,1767,71,216409
6796,4.1e-05,74.125.24.0-255,2902,4669,71,216409
6797,4.4e-05,172.31.40.0-255,66,4735,71,216409
6798,5.2e-05,74.125.24.0-255,7156,11891,71,216409
6799,5.5e-05,172.31.40.0-255,66,11957,71,216409
6800,6e-05,74.125.24.0-255,3493,15450,71,216409
6801,6.3e-05,172.31.40.0-255,66,15516,71,216409
6802,7.8e-05,172.31.40.0-255,66,15582,71,216409
6803,8.1e-05,74.125.24.0-255,1484,17066,71,216409
6804,8.3e-05,172.31.40.0-255,66,17132,71,216409
6805,0.000102,74.125.24.0-255,1125,18257,71,216409
6806,0.000105,172.31.40.0-255,66,18323,71,216409
6807,0.000154,74.125.24.0-255,1484,19807,71,216409
6808,0.000157,172.31.40.0-255,66,19873,71,216409
6809,0.000161,74.125.24.0-255,1484,21357,71,216409
6810,0.000163,172.31.40.0-255,66,21423,71,216409
6811,0.000177,74.125.24.0-255,1484,22907,71,216409
6812,0.000179,172.31.40.0-255,66,22973,71,216409
6813,0.000185,74.125.24.0-255,5738,28711,71,216409
6814,0.000188,172.31.40.0-255,66,28777,71,216409
6815,0.000195,74.125.24.0-255,6797,35574,71,216409
6816,0.000198,172.31.40.0-255,66,35640,71,216409
6817,0.000229,172.31.40.0-255,66,35706,71,216409
6818,0.000252,74.125.24.0-255,4320,40026,71,216409
6819,0.000255,172.31.40.0-255,66,40092,71,216409
6820,0.000259,74.125.24.0-255,2816,42908,71,216409
6821,0.000261,172.31.40.0-255,66,42974,71,216409
6822,0.000264,74.125.24.0-255,129,43103,71,216409
6823,0.000288,74.125.24.0-255,350,43453,71,216409
6824,0.000622,74.125.24.0-255,1484,44937,71,216409
6825,0.000628,172.31.40.0-255,66,45003,71,216409
6826,0.000635,74.125.24.0-255,2902,47905,71,216409
6827,0.000637,172.31.40.0-255,66,47971,71,216409
6828,0.000643,74.125.24.0-255,4320,52291,71,216409
6829,0.000645,172.31.40.0-255,66,52357,71,216409
6830,0.000673,172.31.40.0-255,66,52423,71,216409
6831,0.000736,172.31.40.0-255,66,52489,71,216409
6832,0.000739,74.125.24.0-255,766,53255,71,216409
6833,0.000787,74.125.24.0-255,1484,54739,71,216409
6834,0.00079,172.31.40.0-255,66,54805,71,216409
6835,0.000796,74.125.24.0-255,2902,57707,71,216409
6836,0.000798,172.31.40.0-255,66,57773,71,216409
6837,0.00083,74.125.24.0-255,5738,63511,71,216409
6838,0.000833,172.31.40.0-255,66,63577,71,216409
6839,0.00085,74.125.24.0-255,5738,69315,71,216409
6840,0.000853,172.31.40.0-255,66,69381,71,216409
6841,0.000869,74.125.24.0-255,7156,76537,71,216409
6842,0.000872,172.31.40.0-255,66,76603,71,216409
6843,0.000879,74.125.24.0-255,7156,83759,71,216409
6844,0.000881,172.31.40.0-255,66,83825,71,216409
6845,0.000905,74.125.24.0-255,3602,87427,71,216409
6846,0.000908,172.31.40.0-255,66,87493,71,216409
6847,0.000968,74.125.24.0-255,1484,88977,71,216409
6848,0.000983,74.125.24.0-255,2902,91879,71,216409
6849,0.000986,172.31.40.0-255,66,91945,71,216409
6850,0.001008,74.125.24.0-255,5738,97683,71,216409
6851,0.001012,172.31.40.0-255,66,97749,71,216409
6852,0.001017,74.125.24.0-255,4320,102069,71,216409
6853,0.001019,172.31.40.0-255,66,102135,71,216409
6854,0.001044,172.31.40.0-255,66,102201,71,216409
6855,0.001057,74.125.24.0-255,2902,105103,71,216409
6856,0.001059,172.31.40.0-255,66,105169,71,216409
6857,0.00107,172.31.40.0-255,66,105235,71,216409
6858,0.001236,74.125.24.0-255,1484,106719,71,216409
6859,0.001254,74.125.24.0-255,2902,109621,71,216409
6860,0.001258,172.31.40.0-255,66,109687,71,216409
6861,0.001266,74.125.24.0-255,5738,115425,71,216409
6862,0.001267,172.31.40.0-255,66,115491,71,216409
6863,0.001273,74.125.24.0-255,5738,121229,71,216409
6864,0.001276,172.31.40.0-255,66,121295,71,216409
6865,0.001312,172.31.40.0-255,66,121361,71,216409
6866,0.001337,74.125.24.0-255,5020,126381,71,216409
6867,0.00134,172.31.40.0-255,66,126447,71,216409
6868,0.001434,74.125.24.0-255,1484,127931,71,216409
6869,0.00144,74.125.24.0-255,2902,130833,71,216409
6870,0.001442,172.31.40.0-255,66,130899,71,216409
6871,0.001446,74.125.24.0-255,1484,132383,71,216409
6872,0.001467,74.125.24.0-255,4320,136703,71,216409
6873,0.00147,172.31.40.0-255,66,136769,71,216409
6874,0.001497,172.31.40.0-255,66,136835,71,216409
6875,0.001526,74.125.24.0-255,5738,142573,71,216409
6876,0.001529,172.31.40.0-255,66,142639,71,216409
6877,0.00155,74.125.24.0-255,5020,147659,71,216409
6878,0.001554,172.31.40.0-255,66,147725,71,216409
6879,0.001576,74.125.24.0-255,5738,153463,71,216409
6880,0.001579,172.31.40.0-255,66,153529,71,216409
6881,0.00161,74.125.24.0-255,5738,159267,71,216409
6882,0.001613,172.31.40.0-255,66,159333,71,216409
6883,0.001632,172.31.40.0-255,66,159399,71,216409
6884,0.001693,172.31.40.0-255,66,159465,71,216409
6885,0.001822,74.125.24.0-255,1484,160949,71,216409
6886,0.001826,74.125.24.0-255,1484,162433,71,216409
6887,0.001829,172.31.40.0-255,66,162499,71,216409
6888,0.001849,74.125.24.0-255,1484,163983,71,216409
6889,0.001855,74.125.24.0-255,5738,169721,71,216409
6890,0.001857,172.31.40.0-255,66,169787,71,216409
6891,0.001889,172.31.40.0-255,66,169853,71,216409
6892,0.001895,74.125.24.0-255,5738,175591,71,216409
6893,0.001896,172.31.40.0-255,66,175657,71,216409
6894,0.001912,74.125.24.0-255,5020,180677,71,216409
6895,0.001914,172.31.40.0-255,66,180743,71,216409
6896,0.001952,74.125.24.0-255,1484,182227,71,216409
6897,0.001966,74.125.24.0-255,2902,185129,71,216409
6898,0.001968,172.31.40.0-255,66,185195,71,216409
6899,0.001989,74.125.24.0-255,5738,190933,71,216409
6900,0.001992,172.31.40.0-255,66,190999,71,216409
6901,0.001999,74.125.24.0-255,7156,198155,71,216409
6902,0.002,172.31.40.0-255,66,198221,71,216409
6903,0.002034,172.31.40.0-255,66,198287,71,216409
6904,0.002052,74.125.24.0-255,4320,202607,71,216409
6905,0.002054,172.31.40.0-255,66,202673,71,216409
6906,0.002077,172.31.40.0-255,66,202739,71,216409
6907,0.002105,172.31.40.0-255,66,202805,71,216409
6908,0.002119,172.31.40.0-255,66,202871,71,216409
6909,0.002131,172.31.40.0-255,66,202937,71,216409
6910,0.002156,74.125.24.0-255,766,203703,71,216409
6911,0.002162,74.125.24.0-255,5738,209441,71,216409
6912,0.002164,172.31.40.0-255,66,209507,71,216409
6913,0.00218,74.125.24.0-255,2208,211715,71,216409
6914,0.002182,172.31.40.0-255,66,211781,71,216409
6915,0.002185,74.125.24.0-255,105,211886,71,216409
6916,0.003932,172.31.40.0-255,66,211952,71,216409
6917,0.003969,172.31.40.0-255,105,212057,71,216409
6918,0.006212,74.125.24.0-255,66,212123,71,216409
6919,0.027152,172.31.40.0-255,172,212295,71,216409
6920,0.027182,172.31.40.0-255,1113,213408,71,216409
6921,0.027232,172.31.40.0-255,1514,214922,71,216409
6922,0.027234,172.31.40.0-255,1289,216211,71,216409
6923,0.028727,104.244.42.0-255,66,216277,71,216409
6924,0.028764,104.244.42.0-255,66,216343,71,216409
6925,0.028806,104.244.42.0-255,66,216409,71,216409
6926,0.0,74.125.24.0-255,153,153,71,230279
6927,1e-05,172.31.40.0-255,66,219,71,230279
6928,2.7e-05,74.125.24.0-255,1484,1703,71,230279
6929,3.1e-05,172.31.40.0-255,66,1769,71,230279
6930,5.2e-05,74.125.24.0-255,2902,4671,71,230279
6931,5.5e-05,172.31.40.0-255,66,4737,71,230279
6932,6.2e-05,74.125.24.0-255,7156,11893,71,230279
6933,6.6e-05,172.31.40.0-255,66,11959,71,230279
6934,7e-05,74.125.24.0-255,2054,14013,71,230279
6935,7.3e-05,172.31.40.0-255,66,14079,71,230279
6936,0.000121,74.125.24.0-255,5738,19817,71,230279
6937,0.000124,172.31.40.0-255,66,19883,71,230279
6938,0.000139,74.125.24.0-255,5738,25621,71,230279
6939,0.000142,172.31.40.0-255,66,25687,71,230279
6940,0.000175,172.31.40.0-255,66,25753,71,230279
6941,0.0002,74.125.24.0-255,4320,30073,71,230279
6942,0.000202,172.31.40.0-255,66,30139,71,230279
6943,0.000229,74.125.24.0-255,5738,35877,71,230279
6944,0.000232,172.31.40.0-255,66,35943,71,230279
6945,0.000255,74.125.24.0-255,3602,39545,71,230279
6946,0.000258,172.31.40.0-255,66,39611,71,230279
6947,0.000737,74.125.24.0-255,1484,41095,71,230279
6948,0.000743,74.125.24.0-255,2902,43997,71,230279
6949,0.000746,74.125.24.0-255,1484,45481,71,230279
6950,0.000751,172.31.40.0-255,66,45547,71,230279
6951,0.000755,172.31.40.0-255,66,45613,71,230279
6952,0.000763,172.31.40.0-255,66,45679,71,230279
6953,0.00077,74.125.24.0-255,4320,49999,71,230279
6954,0.000773,172.31.40.0-255,66,50065,71,230279
6955,0.000802,74.125.24.0-255,2902,52967,71,230279
6956,0.000805,172.31.40.0-255,66,53033,71,230279
6957,0.000831,74.125.24.0-255,3961,56994,71,230279
6958,0.000833,172.31.40.0-255,66,57060,71,230279
6959,0.000841,74.125.24.0-255,7156,64216,71,230279
6960,0.000843,172.31.40.0-255,66,64282,71,230279
6961,0.000869,74.125.24.0-255,2902,67184,71,230279
6962,0.000872,172.31.40.0-255,66,67250,71,230279
6963,0.0009,172.31.40.0-255,66,67316,71,230279
6964,0.001087,74.125.24.0-255,1484,68800,71,230279
6965,0.001092,74.125.24.0-255,1484,70284,71,230279
6966,0.001096,172.31.40.0-255,66,70350,71,230279
6967,0.001114,74.125.24.0-255,1484,71834,71,230279
6968,0.00112,74.125.24.0-255,5738,77572,71,230279
6969,0.001123,172.31.40.0-255,66,77638,71,230279
6970,0.001158,74.125.24.0-255,2902,80540,71,230279
6971,0.001161,172.31.40.0-255,66,80606,71,230279
6972,0.001183,74.125.24.0-255,3961,84567,71,230279
6973,0.001187,172.31.40.0-255,66,84633,71,230279
6974,0.001243,74.125.24.0-255,1484,86117,71,230279
6975,0.001263,74.125.24.0-255,2902,89019,71,230279
6976,0.001266,172.31.40.0-255,66,89085,71,230279
6977,0.001273,74.125.24.0-255,4320,93405,71,230279
6978,0.001275,172.31.40.0-255,66,93471,71,230279
6979,0.001286,172.31.40.0-255,66,93537,71,230279
6980,0.001351,172.31.40.0-255,66,93603,71,230279
6981,0.001824,74.125.24.0-255,1484,95087,71,230279
6982,0.00185,74.125.24.0-255,2902,97989,71,230279
6983,0.001853,74.125.24.0-255,1484,99473,71,230279
6984,0.001857,172.31.40.0-255,66,99539,71,230279
6985,0.00188,74.125.24.0-255,4320,103859,71,230279
6986,0.001882,172.31.40.0-255,66,103925,71,230279
6987,0.001889,74.125.24.0-255,5738,109663,71,230279
6988,0.001891,172.31.40.0-255,66,109729,71,230279
6989,0.001894,74.125.24.0-255,1484,111213,71,230279
6990,0.001931,172.31.40.0-255,66,111279,71,230279
6991,0.001938,74.125.24.0-255,5020,116299,71,230279
6992,0.001941,172.31.40.0-255,66,116365,71,230279
6993,0.001965,74.125.24.0-255,4320,120685,71,230279
6994,0.001969,172.31.40.0-255,66,120751,71,230279
6995,0.001989,74.125.24.0-255,1484,122235,71,230279
6996,0.001994,74.125.24.0-255,4320,126555,71,230279
6997,0.001997,172.31.40.0-255,66,126621,71,230279
6998,0.002026,74.125.24.0-255,7156,133777,71,230279
6999,0.002029,172.31.40.0-255,66,133843,71,230279
7000,0.002059,74.125.24.0-255,4320,138163,71,230279
7001,0.002062,172.31.40.0-255,66,138229,71,230279
7002,0.00207,74.125.24.0-255,7156,145385,71,230279
7003,0.002071,172.31.40.0-255,66,145451,71,230279
7004,0.002078,74.125.24.0-255,5020,150471,71,230279
7005,0.002081,172.31.40.0-255,66,150537,71,230279
7006,0.004782,74.125.24.0-255,5738,156275,71,230279
7007,0.00479,172.31.40.0-255,66,156341,71,230279
7008,0.007483,74.125.24.0-255,5738,162079,71,230279
7009,0.007489,172.31.40.0-255,66,162145,71,230279
7010,0.010219,74.125.24.0-255,5738,167883,71,230279
7011,0.010227,172.31.40.0-255,66,167949,71,230279
7012,0.012956,74.125.24.0-255,5738,173687,71,230279
7013,0.012964,172.31.40.0-255,66,173753,71,230279
7014,0.015669,74.125.24.0-255,5738,179491,71,230279
7015,0.015677,172.31.40.0-255,66,179557,71,230279
7016,0.018418,74.125.24.0-255,5738,185295,71,230279
7017,0.018429,172.31.40.0-255,66,185361,71,230279
7018,0.021126,74.125.24.0-255,5738,191099,71,230279
7019,0.021134,172.31.40.0-255,66,191165,71,230279
7020,0.023844,74.125.24.0-255,5738,196903,71,230279
7021,0.023852,172.31.40.0-255,66,196969,71,230279
7022,0.026584,74.125.24.0-255,5738,202707,71,230279
7023,0.026592,172.31.40.0-255,66,202773,71,230279
7024,0.026623,172.31.40.0-255,176,202949,71,230279
7025,0.026652,172.31.40.0-255,1113,204062,71,230279
7026,0.026774,172.31.40.0-255,1514,205576,71,230279
7027,0.026776,172.31.40.0-255,1289,206865,71,230279
7028,0.028295,104.244.42.0-255,66,206931,71,230279
7029,0.028331,104.244.42.0-255,66,206997,71,230279
7030,0.028484,104.244.42.0-255,66,207063,71,230279
7031,0.029298,74.125.24.0-255,5738,212801,71,230279
7032,0.029304,172.31.40.0-255,66,212867,71,230279
7033,0.032001,74.125.24.0-255,5738,218605,71,230279
7034,0.032007,172.31.40.0-255,66,218671,71,230279
7035,0.034724,74.125.24.0-255,5738,224409,71,230279
7036,0.03473,172.31.40.0-255,66,224475,71,230279
7037,0.037448,74.125.24.0-255,5738,230213,71,230279
7038,0.037455,172.31.40.0-255,66,230279,71,230279
7039,0.0,172.31.40.0-255,105,105,71,459
7040,0.00016,172.31.40.0-255,90,195,71,459
7041,0.000172,172.31.40.0-255,66,261,71,459
7042,0.002781,74.125.24.0-255,66,327,71,459
7043,0.002798,74.125.24.0-255,66,393,71,459
7044,0.00281,172.31.40.0-255,66,459,71,459
7045,0.0,172.253.118.0-255,150,150,71,243857
7046,2.3e-05,172.31.40.0-255,66,216,71,243857
7047,3e-05,172.253.118.0-255,1484,1700,71,243857
7048,3.5e-05,172.31.40.0-255,66,1766,71,243857
7049,4.1e-05,172.253.118.0-255,2902,4668,71,243857
7050,5.1e-05,172.31.40.0-255,66,4734,71,243857
7051,5.6e-05,172.253.118.0-255,2902,7636,71,243857
7052,6.4e-05,172.31.40.0-255,66,7702,71,243857
7053,6.9e-05,172.253.118.0-255,4320,12022,71,243857
7054,7.2e-05,172.31.40.0-255,66,12088,71,243857
7055,0.000132,172.253.118.0-255,6318,18406,71,243857
7056,0.000135,172.31.40.0-255,66,18472,71,243857
7057,0.000153,172.31.40.0-255,66,18538,71,243857
7058,0.000181,172.253.118.0-255,1484,20022,71,243857
7059,0.000183,172.31.40.0-255,66,20088,71,243857
7060,0.000188,172.253.118.0-255,2902,22990,71,243857
7061,0.00019,172.31.40.0-255,66,23056,71,243857
7062,0.000193,172.253.118.0-255,1484,24540,71,243857
7063,0.000195,172.31.40.0-255,66,24606,71,243857
7064,0.000224,172.253.118.0-255,4320,28926,71,243857
7065,0.000228,172.31.40.0-255,66,28992,71,243857
7066,0.000245,172.31.40.0-255,66,29058,71,243857
7067,0.000282,172.253.118.0-255,5738,34796,71,243857
7068,0.000285,172.31.40.0-255,66,34862,71,243857
7069,0.000321,172.253.118.0-255,2902,37764,71,243857
7070,0.000324,172.31.40.0-255,66,37830,71,243857
7071,0.000329,172.253.118.0-255,2518,40348,71,243857
7072,0.000331,172.31.40.0-255,66,40414,71,243857
7073,0.000334,172.253.118.0-255,109,40523,71,243857
7074,0.000336,172.31.40.0-255,66,40589,71,243857
7075,0.00068,172.253.118.0-255,1484,42073,71,243857
7076,0.000688,172.253.118.0-255,2902,44975,71,243857
7077,0.000692,172.31.40.0-255,66,45041,71,243857
7078,0.000735,172.253.118.0-255,5738,50779,71,243857
7079,0.000738,172.31.40.0-255,66,50845,71,243857
7080,0.000757,172.31.40.0-255,66,50911,71,243857
7081,0.000789,172.253.118.0-255,7156,58067,71,243857
7082,0.000792,172.31.40.0-255,66,58133,71,243857
7083,0.000817,172.253.118.0-255,3602,61735,71,243857
7084,0.00082,172.31.40.0-255,66,61801,71,243857
7085,0.000973,172.253.118.0-255,330,62131,71,243857
7086,0.001141,172.253.118.0-255,1484,63615,71,243857
7087,0.001146,172.31.40.0-255,66,63681,71,243857
7088,0.00115,172.253.118.0-255,1484,65165,71,243857
7089,0.001177,172.253.118.0-255,1484,66649,71,243857
7090,0.00118,172.31.40.0-255,66,66715,71,243857
7091,0.001187,172.253.118.0-255,5738,72453,71,243857
7092,0.001189,172.31.40.0-255,66,72519,71,243857
7093,0.001199,172.253.118.0-255,5738,78257,71,243857
7094,0.001201,172.31.40.0-255,66,78323,71,243857
7095,0.001208,172.253.118.0-255,5738,84061,71,243857
7096,0.001211,172.31.40.0-255,66,84127,71,243857
7097,0.001246,172.253.118.0-255,7156,91283,71,243857
7098,0.001254,172.31.40.0-255,66,91349,71,243857
7099,0.001258,172.253.118.0-255,1484,92833,71,243857
7100,0.001288,172.253.118.0-255,2008,94841,71,243857
7101,0.001291,172.31.40.0-255,66,94907,71,243857
7102,0.001312,172.253.118.0-255,4320,99227,71,243857
7103,0.001315,172.31.40.0-255,66,99293,71,243857
7104,0.001358,172.31.40.0-255,66,99359,71,243857
7105,0.001363,172.253.118.0-255,4320,103679,71,243857
7106,0.001365,172.31.40.0-255,66,103745,71,243857
7107,0.001445,172.31.40.0-255,66,103811,71,243857
7108,0.001503,172.253.118.0-255,1484,105295,71,243857
7109,0.001517,172.253.118.0-255,2902,108197,71,243857
7110,0.00152,172.31.40.0-255,66,108263,71,243857
7111,0.001526,172.253.118.0-255,4320,112583,71,243857
7112,0.001528,172.31.40.0-255,66,112649,71,243857
7113,0.001554,172.253.118.0-255,1484,114133,71,243857
7114,0.00156,172.253.118.0-255,4320,118453,71,243857
7115,0.001563,172.31.40.0-255,66,118519,71,243857
7116,0.001574,172.31.40.0-255,66,118585,71,243857
7117,0.001597,172.253.118.0-255,1484,120069,71,243857
7118,0.001624,172.253.118.0-255,4320,124389,71,243857
7119,0.001627,172.31.40.0-255,66,124455,71,243857
7120,0.001647,172.253.118.0-255,3602,128057,71,243857
7121,0.00165,172.31.40.0-255,66,128123,71,243857
7122,0.001695,172.253.118.0-255,5738,133861,71,243857
7123,0.001698,172.31.40.0-255,66,133927,71,243857
7124,0.001729,172.253.118.0-255,1484,135411,71,243857
7125,0.001741,172.31.40.0-255,66,135477,71,243857
7126,0.001745,172.253.118.0-255,2902,138379,71,243857
7127,0.001747,172.31.40.0-255,66,138445,71,243857
7128,0.001785,172.31.40.0-255,66,138511,71,243857
7129,0.001812,172.253.118.0-255,2902,141413,71,243857
7130,0.001815,172.31.40.0-255,66,141479,71,243857
7131,0.001847,172.253.118.0-255,3602,145081,71,243857
7132,0.00185,172.31.40.0-255,66,145147,71,243857
7133,0.004065,172.253.118.0-255,1484,146631,71,243857
7134,0.004091,172.253.118.0-255,4320,150951,71,243857
7135,0.004096,172.31.40.0-255,66,151017,71,243857
7136,0.006362,172.253.118.0-255,5738,156755,71,243857
7137,0.006368,172.31.40.0-255,66,156821,71,243857
7138,0.008624,172.253.118.0-255,5738,162559,71,243857
7139,0.008628,172.31.40.0-255,66,162625,71,243857
7140,0.010881,172.253.118.0-255,5738,168363,71,243857
7141,0.010887,172.31.40.0-255,66,168429,71,243857
7142,0.01313,172.253.118.0-255,5738,174167,71,243857
7143,0.013137,172.31.40.0-255,66,174233,71,243857
7144,0.015397,172.253.118.0-255,5738,179971,71,243857
7145,0.015405,172.31.40.0-255,66,180037,71,243857
7146,0.01766,172.253.118.0-255,2902,182939,71,243857
7147,0.017667,172.31.40.0-255,66,183005,71,243857
7148,0.017689,172.253.118.0-255,2902,185907,71,243857
7149,0.017692,172.31.40.0-255,66,185973,71,243857
7150,0.019916,172.253.118.0-255,2902,188875,71,243857
7151,0.019924,172.31.40.0-255,66,188941,71,243857
7152,0.019956,172.253.118.0-255,2902,191843,71,243857
7153,0.019958,172.31.40.0-255,66,191909,71,243857
7154,0.022174,172.253.118.0-255,2902,194811,71,243857
7155,0.022182,172.31.40.0-255,66,194877,71,243857
7156,0.022218,172.253.118.0-255,2902,197779,71,243857
7157,0.02222,172.31.40.0-255,66,197845,71,243857
7158,0.024446,172.253.118.0-255,2902,200747,71,243857
7159,0.024453,172.31.40.0-255,66,200813,71,243857
7160,0.024485,172.253.118.0-255,2902,203715,71,243857
7161,0.024488,172.31.40.0-255,66,203781,71,243857
7162,0.026704,172.253.118.0-255,2902,206683,71,243857
7163,0.02671,172.31.40.0-255,66,206749,71,243857
7164,0.026737,172.253.118.0-255,2902,209651,71,243857
7165,0.02674,172.31.40.0-255,66,209717,71,243857
7166,0.028969,172.253.118.0-255,2902,212619,71,243857
7167,0.028979,172.31.40.0-255,66,212685,71,243857
7168,0.029014,172.253.118.0-255,2902,215587,71,243857
7169,0.029017,172.31.40.0-255,66,215653,71,243857
7170,0.031235,172.253.118.0-255,2902,218555,71,243857
7171,0.031243,172.31.40.0-255,66,218621,71,243857
7172,0.031275,172.253.118.0-255,2902,221523,71,243857
7173,0.031278,172.31.40.0-255,66,221589,71,243857
7174,0.033498,172.253.118.0-255,2902,224491,71,243857
7175,0.033505,172.31.40.0-255,66,224557,71,243857
7176,0.033536,172.253.118.0-255,2902,227459,71,243857
7177,0.033539,172.31.40.0-255,66,227525,71,243857
7178,0.035759,172.253.118.0-255,2902,230427,71,243857
7179,0.035766,172.31.40.0-255,66,230493,71,243857
7180,0.035798,172.253.118.0-255,2902,233395,71,243857
7181,0.035801,172.31.40.0-255,66,233461,71,243857
7182,0.036285,172.31.40.0-255,172,233633,71,243857
7183,0.036317,172.31.40.0-255,1111,234744,71,243857
7184,0.036377,172.31.40.0-255,1514,236258,71,243857
7185,0.036378,172.31.40.0-255,1291,237549,71,243857
7186,0.03788,104.244.42.0-255,66,237615,71,243857
7187,0.037905,104.244.42.0-255,66,237681,71,243857
7188,0.037921,104.244.42.0-255,66,237747,71,243857
7189,0.038023,172.253.118.0-255,2902,240649,71,243857
7190,0.038028,172.31.40.0-255,66,240715,71,243857
7191,0.038057,172.253.118.0-255,2902,243617,71,243857
7192,0.03806,172.31.40.0-255,66,243683,71,243857
7193,0.038676,104.244.42.0-255,108,243791,71,243857
7194,0.038684,172.31.40.0-255,66,243857,71,243857
7195,0.0,172.217.194.0-255,152,152,71,132672
7196,1.3e-05,172.31.40.0-255,66,218,71,132672
7197,4.5e-05,172.217.194.0-255,1484,1702,71,132672
7198,5.1e-05,172.31.40.0-255,66,1768,71,132672
7199,5.6e-05,172.217.194.0-255,2902,4670,71,132672
7200,5.9e-05,172.31.40.0-255,66,4736,71,132672
7201,8.8e-05,172.217.194.0-255,5738,10474,71,132672
7202,9.1e-05,172.31.40.0-255,66,10540,71,132672
7203,0.000109,172.217.194.0-255,5738,16278,71,132672
7204,0.00011,172.31.40.0-255,66,16344,71,132672
7205,0.000129,172.31.40.0-255,66,16410,71,132672
7206,0.00015,172.217.194.0-255,4320,20730,71,132672
7207,0.000152,172.31.40.0-255,66,20796,71,132672
7208,0.000174,172.217.194.0-255,2543,23339,71,132672
7209,0.000176,172.31.40.0-255,66,23405,71,132672
7210,0.000247,172.217.194.0-255,1484,24889,71,132672
7211,0.000252,172.31.40.0-255,66,24955,71,132672
7212,0.000257,172.217.194.0-255,2902,27857,71,132672
7213,0.000259,172.31.40.0-255,66,27923,71,132672
7214,0.000266,172.217.194.0-255,5738,33661,71,132672
7215,0.000275,172.31.40.0-255,66,33727,71,132672
7216,0.000277,172.217.194.0-255,1484,35211,71,132672
7217,0.000279,172.31.40.0-255,66,35277,71,132672
7218,0.00033,172.31.40.0-255,66,35343,71,132672
7219,0.000343,172.31.40.0-255,66,35409,71,132672
7220,0.000346,172.217.194.0-255,397,35806,71,132672
7221,0.000348,172.31.40.0-255,66,35872,71,132672
7222,0.000624,172.217.194.0-255,1484,37356,71,132672
7223,0.00063,172.31.40.0-255,66,37422,71,132672
7224,0.000636,172.217.194.0-255,2902,40324,71,132672
7225,0.00064,172.31.40.0-255,66,40390,71,132672
7226,0.000645,172.217.194.0-255,5738,46128,71,132672
7227,0.000655,172.31.40.0-255,66,46194,71,132672
7228,0.000662,172.217.194.0-255,5738,51932,71,132672
7229,0.000664,172.31.40.0-255,66,51998,71,132672
7230,0.000729,172.31.40.0-255,66,52064,71,132672
7231,0.000736,172.217.194.0-255,5020,57084,71,132672
7232,0.000739,172.31.40.0-255,66,57150,71,132672
7233,0.000978,172.217.194.0-255,1484,58634,71,132672
7234,0.000987,172.217.194.0-255,2902,61536,71,132672
7235,0.000991,172.31.40.0-255,66,61602,71,132672
7236,0.000998,172.217.194.0-255,2902,64504,71,132672
7237,0.001,172.31.40.0-255,66,64570,71,132672
7238,0.001038,172.217.194.0-255,2902,67472,71,132672
7239,0.001041,172.31.40.0-255,66,67538,71,132672
7240,0.001048,172.217.194.0-255,5738,73276,71,132672
7241,0.00105,172.31.40.0-255,66,73342,71,132672
7242,0.001063,172.31.40.0-255,66,73408,71,132672
7243,0.001103,172.217.194.0-255,5020,78428,71,132672
7244,0.001107,172.31.40.0-255,66,78494,71,132672
7245,0.001115,172.217.194.0-255,5738,84232,71,132672
7246,0.001118,172.31.40.0-255,66,84298,71,132672
7247,0.001122,172.217.194.0-255,1484,85782,71,132672
7248,0.001167,172.31.40.0-255,66,85848,71,132672
7249,0.00118,172.31.40.0-255,66,85914,71,132672
7250,0.001192,172.31.40.0-255,66,85980,71,132672
7251,0.001202,172.31.40.0-255,66,86046,71,132672
7252,0.001258,172.31.40.0-255,66,86112,71,132672
7253,0.00156,172.217.194.0-255,1484,87596,71,132672
7254,0.001567,172.217.194.0-255,2902,90498,71,132672
7255,0.00157,172.31.40.0-255,66,90564,71,132672
7256,0.001576,172.217.194.0-255,2902,93466,71,132672
7257,0.001578,172.31.40.0-255,66,93532,71,132672
7258,0.001611,172.217.194.0-255,2902,96434,71,132672
7259,0.001614,172.31.40.0-255,66,96500,71,132672
7260,0.001626,172.31.40.0-255,66,96566,71,132672
7261,0.001637,172.31.40.0-255,66,96632,71,132672
7262,0.001666,172.217.194.0-255,766,97398,71,132672
7263,0.001757,172.217.194.0-255,1484,98882,71,132672
7264,0.001761,172.31.40.0-255,66,98948,71,132672
7265,0.001765,172.217.194.0-255,2902,101850,71,132672
7266,0.001767,172.31.40.0-255,66,101916,71,132672
7267,0.00177,172.217.194.0-255,1484,103400,71,132672
7268,0.0018,172.217.194.0-255,4320,107720,71,132672
7269,0.001804,172.31.40.0-255,66,107786,71,132672
7270,0.001825,172.31.40.0-255,66,107852,71,132672
7271,0.001881,172.217.194.0-255,5738,113590,71,132672
7272,0.001884,172.31.40.0-255,66,113656,71,132672
7273,0.001919,172.31.40.0-255,66,113722,71,132672
7274,0.001932,172.31.40.0-255,66,113788,71,132672
7275,0.001943,172.31.40.0-255,66,113854,71,132672
7276,0.001948,172.217.194.0-255,4320,118174,71,132672
7277,0.00195,172.31.40.0-255,66,118240,71,132672
7278,0.001984,172.217.194.0-255,7156,125396,71,132672
7279,0.001988,172.31.40.0-255,66,125462,71,132672
7280,0.001997,172.31.40.0-255,66,125528,71,132672
7281,0.002053,172.31.40.0-255,66,125594,71,132672
7282,0.002068,172.31.40.0-255,66,125660,71,132672
7283,0.002082,172.31.40.0-255,66,125726,71,132672
7284,0.00211,172.217.194.0-255,2184,127910,71,132672
7285,0.002113,172.31.40.0-255,66,127976,71,132672
7286,0.002126,172.31.40.0-255,66,128042,71,132672
7287,0.002129,172.217.194.0-255,105,128147,71,132672
7288,0.004358,172.31.40.0-255,66,128213,71,132672
7289,0.004403,172.31.40.0-255,105,128318,71,132672
7290,0.007142,172.217.194.0-255,66,128384,71,132672
7291,0.023657,172.31.40.0-255,172,128556,71,132672
7292,0.023713,172.31.40.0-255,1113,129669,71,132672
7293,0.023812,172.31.40.0-255,1514,131183,71,132672
7294,0.023814,172.31.40.0-255,1291,132474,71,132672
7295,0.025294,104.244.42.0-255,66,132540,71,132672
7296,0.025339,104.244.42.0-255,66,132606,71,132672
7297,0.025425,104.244.42.0-255,66,132672,71,132672
7298,0.0,172.217.194.0-255,153,153,71,212443
7299,1.2e-05,172.31.40.0-255,66,219,71,212443
7300,1.7e-05,172.217.194.0-255,1484,1703,71,212443
7301,2.2e-05,172.31.40.0-255,66,1769,71,212443
7302,2.7e-05,172.217.194.0-255,2902,4671,71,212443
7303,3.6e-05,172.31.40.0-255,66,4737,71,212443
7304,3.9e-05,172.217.194.0-255,1484,6221,71,212443
7305,4.1e-05,172.31.40.0-255,66,6287,71,212443
7306,6.2e-05,172.217.194.0-255,5738,12025,71,212443
7307,6.8e-05,172.31.40.0-255,66,12091,71,212443
7308,7.8e-05,172.31.40.0-255,66,12157,71,212443
7309,0.00011,172.217.194.0-255,5738,17895,71,212443
7310,0.000113,172.31.40.0-255,66,17961,71,212443
7311,0.000146,172.217.194.0-255,2902,20863,71,212443
7312,0.000148,172.31.40.0-255,66,20929,71,212443
7313,0.000173,172.217.194.0-255,2543,23472,71,212443
7314,0.000175,172.31.40.0-255,66,23538,71,212443
7315,0.000197,172.217.194.0-255,2902,26440,71,212443
7316,0.000199,172.31.40.0-255,66,26506,71,212443
7317,0.000226,172.217.194.0-255,4320,30826,71,212443
7318,0.000229,172.31.40.0-255,66,30892,71,212443
7319,0.000234,172.217.194.0-255,4320,35212,71,212443
7320,0.000235,172.31.40.0-255,66,35278,71,212443
7321,0.000255,172.217.194.0-255,4320,39598,71,212443
7322,0.000257,172.31.40.0-255,66,39664,71,212443
7323,0.000264,172.217.194.0-255,6797,46461,71,212443
7324,0.000266,172.31.40.0-255,66,46527,71,212443
7325,0.000315,172.217.194.0-255,5738,52265,71,212443
7326,0.000318,172.31.40.0-255,66,52331,71,212443
7327,0.000346,172.217.194.0-255,5666,57997,71,212443
7328,0.000348,172.31.40.0-255,66,58063,71,212443
7329,0.000351,172.217.194.0-255,367,58430,71,212443
7330,0.000381,172.217.194.0-255,1484,59914,71,212443
7331,0.000383,172.31.40.0-255,66,59980,71,212443
7332,0.000402,172.217.194.0-255,4320,64300,71,212443
7333,0.000404,172.31.40.0-255,66,64366,71,212443
7334,0.000423,172.217.194.0-255,5738,70104,71,212443
7335,0.000426,172.31.40.0-255,66,70170,71,212443
7336,0.000451,172.217.194.0-255,1484,71654,71,212443
7337,0.000465,172.31.40.0-255,66,71720,71,212443
7338,0.00047,172.217.194.0-255,5020,76740,71,212443
7339,0.000472,172.31.40.0-255,66,76806,71,212443
7340,0.000547,172.217.194.0-255,1484,78290,71,212443
7341,0.000569,172.217.194.0-255,2902,81192,71,212443
7342,0.000571,172.31.40.0-255,66,81258,71,212443
7343,0.000576,172.217.194.0-255,5738,86996,71,212443
7344,0.000578,172.31.40.0-255,66,87062,71,212443
7345,0.000581,172.217.194.0-255,1484,88546,71,212443
7346,0.00062,172.31.40.0-255,66,88612,71,212443
7347,0.000623,172.217.194.0-255,1484,90096,71,212443
7348,0.000648,172.31.40.0-255,66,90162,71,212443
7349,0.0007,172.217.194.0-255,1484,91646,71,212443
7350,0.000705,172.217.194.0-255,2902,94548,71,212443
7351,0.000707,172.31.40.0-255,66,94614,71,212443
7352,0.000732,172.217.194.0-255,4320,98934,71,212443
7353,0.000735,172.31.40.0-255,66,99000,71,212443
7354,0.000755,172.217.194.0-255,1484,100484,71,212443
7355,0.000765,172.31.40.0-255,66,100550,71,212443
7356,0.000784,172.217.194.0-255,4320,104870,71,212443
7357,0.000789,172.31.40.0-255,66,104936,71,212443
7358,0.000819,172.217.194.0-255,7156,112092,71,212443
7359,0.000822,172.31.40.0-255,66,112158,71,212443
7360,0.000848,172.217.194.0-255,3602,115760,71,212443
7361,0.000851,172.31.40.0-255,66,115826,71,212443
7362,0.000854,172.217.194.0-255,1484,117310,71,212443
7363,0.000875,172.217.194.0-255,1484,118794,71,212443
7364,0.000877,172.31.40.0-255,66,118860,71,212443
7365,0.000882,172.217.194.0-255,4320,123180,71,212443
7366,0.000884,172.31.40.0-255,66,123246,71,212443
7367,0.000897,172.31.40.0-255,66,123312,71,212443
7368,0.000939,172.31.40.0-255,66,123378,71,212443
7369,0.000951,172.217.194.0-255,3602,126980,71,212443
7370,0.000957,172.31.40.0-255,66,127046,71,212443
7371,0.00096,172.217.194.0-255,1484,128530,71,212443
7372,0.000964,172.217.194.0-255,2902,131432,71,212443
7373,0.000966,172.31.40.0-255,66,131498,71,212443
7374,0.000968,172.217.194.0-255,1484,132982,71,212443
7375,0.000994,172.217.194.0-255,4320,137302,71,212443
7376,0.000997,172.31.40.0-255,66,137368,71,212443
7377,0.001001,172.217.194.0-255,4320,141688,71,212443
7378,0.001003,172.31.40.0-255,66,141754,71,212443
7379,0.001031,172.31.40.0-255,66,141820,71,212443
7380,0.001041,172.31.40.0-255,66,141886,71,212443
7381,0.001071,172.217.194.0-255,4320,146206,71,212443
7382,0.001073,172.31.40.0-255,66,146272,71,212443
7383,0.001116,172.31.40.0-255,66,146338,71,212443
7384,0.00115,172.31.40.0-255,66,146404,71,212443
7385,0.001358,172.217.194.0-255,1484,147888,71,212443
7386,0.00137,172.217.194.0-255,2902,150790,71,212443
7387,0.001373,172.31.40.0-255,66,150856,71,212443
7388,0.0014,172.217.194.0-255,5738,156594,71,212443
7389,0.001403,172.217.194.0-255,1484,158078,71,212443
7390,0.001407,172.31.40.0-255,66,158144,71,212443
7391,0.001419,172.217.194.0-255,7156,165300,71,212443
7392,0.001421,172.31.40.0-255,66,165366,71,212443
7393,0.00145,172.217.194.0-255,4320,169686,71,212443
7394,0.001452,172.31.40.0-255,66,169752,71,212443
7395,0.001458,172.217.194.0-255,5738,175490,71,212443
7396,0.001459,172.31.40.0-255,66,175556,71,212443
7397,0.001485,172.217.194.0-255,5020,180576,71,212443
7398,0.001487,172.31.40.0-255,66,180642,71,212443
7399,0.00159,172.217.194.0-255,1484,182126,71,212443
7400,0.001595,172.217.194.0-255,2902,185028,71,212443
7401,0.001598,172.31.40.0-255,66,185094,71,212443
7402,0.001603,172.217.194.0-255,2902,187996,71,212443
7403,0.001604,172.31.40.0-255,66,188062,71,212443
7404,0.001634,172.217.194.0-255,2902,190964,71,212443
7405,0.001636,172.31.40.0-255,66,191030,71,212443
7406,0.001647,172.31.40.0-255,66,191096,71,212443
7407,0.001701,172.217.194.0-255,4320,195416,71,212443
7408,0.001706,172.31.40.0-255,66,195482,71,212443
7409,0.00174,172.31.40.0-255,66,195548,71,212443
7410,0.001752,172.31.40.0-255,66,195614,71,212443
7411,0.00178,172.217.194.0-255,2902,198516,71,212443
7412,0.001782,172.31.40.0-255,66,198582,71,212443
7413,0.001798,172.31.40.0-255,66,198648,71,212443
7414,0.001802,172.217.194.0-255,4320,202968,71,212443
7415,0.001805,172.31.40.0-255,66,203034,71,212443
7416,0.001837,172.31.40.0-255,66,203100,71,212443
7417,0.001863,172.217.194.0-255,4236,207336,71,212443
7418,0.001866,172.31.40.0-255,66,207402,71,212443
7419,0.001869,172.217.194.0-255,97,207499,71,212443
7420,0.001872,172.217.194.0-255,105,207604,71,212443
7421,0.007382,172.31.40.0-255,66,207670,71,212443
7422,0.007421,172.31.40.0-255,105,207775,71,212443
7423,0.00938,172.217.194.0-255,66,207841,71,212443
7424,0.029357,172.31.40.0-255,488,208329,71,212443
7425,0.029386,172.31.40.0-255,1111,209440,71,212443
7426,0.029441,172.31.40.0-255,1514,210954,71,212443
7427,0.029443,172.31.40.0-255,1291,212245,71,212443
7428,0.030897,104.244.42.0-255,66,212311,71,212443
7429,0.030943,104.244.42.0-255,66,212377,71,212443
7430,0.030994,104.244.42.0-255,66,212443,71,212443
7431,0.0,74.125.68.0-255,152,152,71,225391
7432,2.1e-05,172.31.40.0-255,66,218,71,225391
7433,2.8e-05,74.125.68.0-255,1484,1702,71,225391
7434,3.2e-05,172.31.40.0-255,66,1768,71,225391
7435,3.4e-05,74.125.68.0-255,1484,3252,71,225391
7436,3.7e-05,172.31.40.0-255,66,3318,71,225391
7437,4.2e-05,74.125.68.0-255,2902,6220,71,225391
7438,4.5e-05,172.31.40.0-255,66,6286,71,225391
7439,5.1e-05,74.125.68.0-255,5738,12024,71,225391
7440,5.4e-05,172.31.40.0-255,66,12090,71,225391
7441,7.5e-05,74.125.68.0-255,2063,14153,71,225391
7442,7.7e-05,172.31.40.0-255,66,14219,71,225391
7443,0.000342,74.125.68.0-255,1484,15703,71,225391
7444,0.000349,172.31.40.0-255,66,15769,71,225391
7445,0.000355,74.125.68.0-255,2902,18671,71,225391
7446,0.000358,172.31.40.0-255,66,18737,71,225391
7447,0.000409,74.125.68.0-255,1484,20221,71,225391
7448,0.000412,172.31.40.0-255,66,20287,71,225391
7449,0.000432,74.125.68.0-255,4320,24607,71,225391
7450,0.000435,172.31.40.0-255,66,24673,71,225391
7451,0.000448,74.125.68.0-255,1484,26157,71,225391
7452,0.000451,172.31.40.0-255,66,26223,71,225391
7453,0.000476,74.125.68.0-255,1484,27707,71,225391
7454,0.000479,172.31.40.0-255,66,27773,71,225391
7455,0.000485,74.125.68.0-255,3961,31734,71,225391
7456,0.000487,172.31.40.0-255,66,31800,71,225391
7457,0.000551,74.125.68.0-255,1484,33284,71,225391
7458,0.000556,172.31.40.0-255,66,33350,71,225391
7459,0.000575,74.125.68.0-255,2902,36252,71,225391
7460,0.000578,172.31.40.0-255,66,36318,71,225391
7461,0.000607,74.125.68.0-255,4320,40638,71,225391
7462,0.00061,172.31.40.0-255,66,40704,71,225391
7463,0.000656,74.125.68.0-255,5738,46442,71,225391
7464,0.00067,74.125.68.0-255,2543,48985,71,225391
7465,0.000675,74.125.68.0-255,4320,53305,71,225391
7466,0.000681,172.31.40.0-255,66,53371,71,225391
7467,0.000703,74.125.68.0-255,4320,57691,71,225391
7468,0.000712,74.125.68.0-255,7156,64847,71,225391
7469,0.000721,74.125.68.0-255,1437,66284,71,225391
7470,0.000724,172.31.40.0-255,66,66350,71,225391
7471,0.000741,74.125.68.0-255,109,66459,71,225391
7472,0.000772,74.125.68.0-255,330,66789,71,225391
7473,0.000775,172.31.40.0-255,66,66855,71,225391
7474,0.001412,74.125.68.0-255,1484,68339,71,225391
7475,0.001422,74.125.68.0-255,2902,71241,71,225391
7476,0.001427,172.31.40.0-255,66,71307,71,225391
7477,0.001448,74.125.68.0-255,2902,74209,71,225391
7478,0.001451,172.31.40.0-255,66,74275,71,225391
7479,0.001456,74.125.68.0-255,4320,78595,71,225391
7480,0.001458,172.31.40.0-255,66,78661,71,225391
7481,0.001477,74.125.68.0-255,4320,82981,71,225391
7482,0.001479,172.31.40.0-255,66,83047,71,225391
7483,0.001515,74.125.68.0-255,4320,87367,71,225391
7484,0.001518,172.31.40.0-255,66,87433,71,225391
7485,0.001523,74.125.68.0-255,4320,91753,71,225391
7486,0.001524,172.31.40.0-255,66,91819,71,225391
7487,0.001531,74.125.68.0-255,5738,97557,71,225391
7488,0.001535,74.125.68.0-255,1484,99041,71,225391
7489,0.001554,74.125.68.0-255,2184,101225,71,225391
7490,0.001946,74.125.68.0-255,1484,102709,71,225391
7491,0.001954,74.125.68.0-255,2902,105611,71,225391
7492,0.001959,74.125.68.0-255,4320,109931,71,225391
7493,0.001991,74.125.68.0-255,2902,112833,71,225391
7494,0.002008,74.125.68.0-255,2902,115735,71,225391
7495,0.002024,74.125.68.0-255,1484,117219,71,225391
7496,0.002038,74.125.68.0-255,5738,122957,71,225391
7497,0.002043,74.125.68.0-255,4320,127277,71,225391
7498,0.002069,74.125.68.0-255,4320,131597,71,225391
7499,0.00208,74.125.68.0-255,1484,133081,71,225391
7500,0.002093,74.125.68.0-255,2184,135265,71,225391
7501,0.005951,172.31.40.0-255,66,135331,71,225391
7502,0.008095,74.125.68.0-255,5738,141069,71,225391
7503,0.008101,172.31.40.0-255,66,141135,71,225391
7504,0.010271,74.125.68.0-255,5738,146873,71,225391
7505,0.010277,172.31.40.0-255,66,146939,71,225391
7506,0.012399,74.125.68.0-255,4320,151259,71,225391
7507,0.012406,172.31.40.0-255,66,151325,71,225391
7508,0.012424,74.125.68.0-255,1484,152809,71,225391
7509,0.014518,74.125.68.0-255,4320,157129,71,225391
7510,0.014525,172.31.40.0-255,66,157195,71,225391
7511,0.01665,74.125.68.0-255,5738,162933,71,225391
7512,0.016657,172.31.40.0-255,66,162999,71,225391
7513,0.01878,74.125.68.0-255,5738,168737,71,225391
7514,0.018786,172.31.40.0-255,66,168803,71,225391
7515,0.020907,74.125.68.0-255,5738,174541,71,225391
7516,0.020915,172.31.40.0-255,66,174607,71,225391
7517,0.023053,74.125.68.0-255,5738,180345,71,225391
7518,0.02306,172.31.40.0-255,66,180411,71,225391
7519,0.025189,74.125.68.0-255,5738,186149,71,225391
7520,0.025195,172.31.40.0-255,66,186215,71,225391
7521,0.026103,172.31.40.0-255,172,186387,71,225391
7522,0.026137,172.31.40.0-255,1111,187498,71,225391
7523,0.026193,172.31.40.0-255,1514,189012,71,225391
7524,0.026195,172.31.40.0-255,1291,190303,71,225391
7525,0.027333,74.125.68.0-255,5738,196041,71,225391
7526,0.027339,172.31.40.0-255,66,196107,71,225391
7527,0.027772,104.244.42.0-255,66,196173,71,225391
7528,0.027806,104.244.42.0-255,66,196239,71,225391
7529,0.02786,104.244.42.0-255,66,196305,71,225391
7530,0.029461,74.125.68.0-255,5738,202043,71,225391
7531,0.029465,172.31.40.0-255,66,202109,71,225391
7532,0.031593,74.125.68.0-255,1484,203593,71,225391
7533,0.031619,74.125.68.0-255,4320,207913,71,225391
7534,0.031624,172.31.40.0-255,66,207979,71,225391
7535,0.033767,74.125.68.0-255,5738,213717,71,225391
7536,0.033775,172.31.40.0-255,66,213783,71,225391
7537,0.035903,74.125.68.0-255,5738,219521,71,225391
7538,0.03591,172.31.40.0-255,66,219587,71,225391
7539,0.038044,74.125.68.0-255,5738,225325,71,225391
7540,0.03805,172.31.40.0-255,66,225391,71,225391
7541,0.0,74.125.24.0-255,153,153,71,185514
7542,2.1e-05,172.31.40.0-255,66,219,71,185514
7543,2.7e-05,74.125.24.0-255,1484,1703,71,185514
7544,3.2e-05,172.31.40.0-255,66,1769,71,185514
7545,3.9e-05,74.125.24.0-255,2902,4671,71,185514
7546,4.2e-05,172.31.40.0-255,66,4737,71,185514
7547,5e-05,74.125.24.0-255,7156,11893,71,185514
7548,5.3e-05,172.31.40.0-255,66,11959,71,185514
7549,7.4e-05,74.125.24.0-255,1484,13443,71,185514
7550,7.6e-05,172.31.40.0-255,66,13509,71,185514
7551,0.000109,74.125.24.0-255,4874,18383,71,185514
7552,0.000112,172.31.40.0-255,66,18449,71,185514
7553,0.00012,74.125.24.0-255,7156,25605,71,185514
7554,0.000122,172.31.40.0-255,66,25671,71,185514
7555,0.000142,74.125.24.0-255,1484,27155,71,185514
7556,0.000145,172.31.40.0-255,66,27221,71,185514
7557,0.00017,74.125.24.0-255,3961,31182,71,185514
7558,0.000172,172.31.40.0-255,66,31248,71,185514
7559,0.000219,74.125.24.0-255,1484,32732,71,185514
7560,0.000222,172.31.40.0-255,66,32798,71,185514
7561,0.000257,74.125.24.0-255,2902,35700,71,185514
7562,0.00026,172.31.40.0-255,66,35766,71,185514
7563,0.000266,74.125.24.0-255,4320,40086,71,185514
7564,0.000268,172.31.40.0-255,66,40152,71,185514
7565,0.000282,74.125.24.0-255,1484,41636,71,185514
7566,0.000284,172.31.40.0-255,66,41702,71,185514
7567,0.000298,74.125.24.0-255,1484,43186,71,185514
7568,0.0003,172.31.40.0-255,66,43252,71,185514
7569,0.000348,172.31.40.0-255,66,43318,71,185514
7570,0.000367,74.125.24.0-255,3961,47279,71,185514
7571,0.000369,172.31.40.0-255,66,47345,71,185514
7572,0.000381,172.31.40.0-255,66,47411,71,185514
7573,0.000383,74.125.24.0-255,112,47523,71,185514
7574,0.000768,74.125.24.0-255,329,47852,71,185514
7575,0.001005,172.31.40.0-255,66,47918,71,185514
7576,0.001102,74.125.24.0-255,1484,49402,71,185514
7577,0.001125,74.125.24.0-255,2902,52304,71,185514
7578,0.001129,172.31.40.0-255,66,52370,71,185514
7579,0.001136,74.125.24.0-255,4320,56690,71,185514
7580,0.001138,172.31.40.0-255,66,56756,71,185514
7581,0.001158,74.125.24.0-255,1484,58240,71,185514
7582,0.001161,74.125.24.0-255,1484,59724,71,185514
7583,0.001163,172.31.40.0-255,66,59790,71,185514
7584,0.001191,172.31.40.0-255,66,59856,71,185514
7585,0.001219,172.31.40.0-255,66,59922,71,185514
7586,0.001254,74.125.24.0-255,2184,62106,71,185514
7587,0.001257,172.31.40.0-255,66,62172,71,185514
7588,0.001983,74.125.24.0-255,1484,63656,71,185514
7589,0.001992,74.125.24.0-255,2902,66558,71,185514
7590,0.001996,172.31.40.0-255,66,66624,71,185514
7591,0.002004,74.125.24.0-255,5738,72362,71,185514
7592,0.002006,172.31.40.0-255,66,72428,71,185514
7593,0.002011,74.125.24.0-255,2902,75330,71,185514
7594,0.002014,172.31.40.0-255,66,75396,71,185514
7595,0.002059,74.125.24.0-255,4320,79716,71,185514
7596,0.002062,172.31.40.0-255,66,79782,71,185514
7597,0.002076,172.31.40.0-255,66,79848,71,185514
7598,0.002081,74.125.24.0-255,2184,82032,71,185514
7599,0.002083,172.31.40.0-255,66,82098,71,185514
7600,0.00573,74.125.24.0-255,1484,83582,71,185514
7601,0.005739,74.125.24.0-255,1484,85066,71,185514
7602,0.005744,172.31.40.0-255,66,85132,71,185514
7603,0.005763,74.125.24.0-255,1484,86616,71,185514
7604,0.005767,74.125.24.0-255,1484,88100,71,185514
7605,0.005769,172.31.40.0-255,66,88166,71,185514
7606,0.007804,74.125.24.0-255,2902,91068,71,185514
7607,0.007811,172.31.40.0-255,66,91134,71,185514
7608,0.007828,74.125.24.0-255,1484,92618,71,185514
7609,0.007846,74.125.24.0-255,1484,94102,71,185514
7610,0.007848,172.31.40.0-255,66,94168,71,185514
7611,0.009908,74.125.24.0-255,5738,99906,71,185514
7612,0.009917,172.31.40.0-255,66,99972,71,185514
7613,0.011993,74.125.24.0-255,5738,105710,71,185514
7614,0.012001,172.31.40.0-255,66,105776,71,185514
7615,0.014064,74.125.24.0-255,5738,111514,71,185514
7616,0.014073,172.31.40.0-255,66,111580,71,185514
7617,0.016112,74.125.24.0-255,5738,117318,71,185514
7618,0.01612,172.31.40.0-255,66,117384,71,185514
7619,0.018179,74.125.24.0-255,5738,123122,71,185514
7620,0.018185,172.31.40.0-255,66,123188,71,185514
7621,0.020243,74.125.24.0-255,5738,128926,71,185514
7622,0.020249,172.31.40.0-255,66,128992,71,185514
7623,0.022299,74.125.24.0-255,5738,134730,71,185514
7624,0.022307,172.31.40.0-255,66,134796,71,185514
7625,0.024392,74.125.24.0-255,5738,140534,71,185514
7626,0.024401,172.31.40.0-255,66,140600,71,185514
7627,0.026505,74.125.24.0-255,5738,146338,71,185514
7628,0.026512,172.31.40.0-255,66,146404,71,185514
7629,0.028296,172.31.40.0-255,172,146576,71,185514
7630,0.02833,172.31.40.0-255,1113,147689,71,185514
7631,0.028387,172.31.40.0-255,1514,149203,71,185514
7632,0.028389,172.31.40.0-255,1289,150492,71,185514
7633,0.028548,74.125.24.0-255,5738,156230,71,185514
7634,0.028554,172.31.40.0-255,66,156296,71,185514
7635,0.029885,104.244.42.0-255,66,156362,71,185514
7636,0.029894,104.244.42.0-255,66,156428,71,185514
7637,0.029937,104.244.42.0-255,66,156494,71,185514
7638,0.030624,74.125.24.0-255,5738,162232,71,185514
7639,0.030631,172.31.40.0-255,66,162298,71,185514
7640,0.032696,74.125.24.0-255,5738,168036,71,185514
7641,0.032703,172.31.40.0-255,66,168102,71,185514
7642,0.034762,74.125.24.0-255,5738,173840,71,185514
7643,0.034769,172.31.40.0-255,66,173906,71,185514
7644,0.036834,74.125.24.0-255,5738,179644,71,185514
7645,0.036841,172.31.40.0-255,66,179710,71,185514
7646,0.038968,74.125.24.0-255,5738,185448,71,185514
7647,0.038976,172.31.40.0-255,66,185514,71,185514
7648,0.0,74.125.200.0-255,152,152,71,246843
7649,2.3e-05,172.31.40.0-255,66,218,71,246843
7650,3e-05,74.125.200.0-255,1484,1702,71,246843
7651,3.6e-05,172.31.40.0-255,66,1768,71,246843
7652,4.2e-05,74.125.200.0-255,2902,4670,71,246843
7653,5.3e-05,172.31.40.0-255,66,4736,71,246843
7654,6.1e-05,74.125.200.0-255,7156,11892,71,246843
7655,6.5e-05,172.31.40.0-255,66,11958,71,246843
7656,9.7e-05,74.125.200.0-255,2066,14024,71,246843
7657,9.9e-05,172.31.40.0-255,66,14090,71,246843
7658,0.000129,74.125.200.0-255,2902,16992,71,246843
7659,0.000132,172.31.40.0-255,66,17058,71,246843
7660,0.000157,74.125.200.0-255,1484,18542,71,246843
7661,0.000159,172.31.40.0-255,66,18608,71,246843
7662,0.000164,74.125.200.0-255,2902,21510,71,246843
7663,0.000167,172.31.40.0-255,66,21576,71,246843
7664,0.00017,74.125.200.0-255,1484,23060,71,246843
7665,0.000172,172.31.40.0-255,66,23126,71,246843
7666,0.000203,74.125.200.0-255,4320,27446,71,246843
7667,0.000206,172.31.40.0-255,66,27512,71,246843
7668,0.000216,74.125.200.0-255,3961,31473,71,246843
7669,0.000219,172.31.40.0-255,66,31539,71,246843
7670,0.000277,74.125.200.0-255,1484,33023,71,246843
7671,0.000279,172.31.40.0-255,66,33089,71,246843
7672,0.000305,74.125.200.0-255,2902,35991,71,246843
7673,0.000308,172.31.40.0-255,66,36057,71,246843
7674,0.000312,74.125.200.0-255,2902,38959,71,246843
7675,0.000315,172.31.40.0-255,66,39025,71,246843
7676,0.000356,74.125.200.0-255,7156,46181,71,246843
7677,0.000359,172.31.40.0-255,66,46247,71,246843
7678,0.000378,172.31.40.0-255,66,46313,71,246843
7679,0.000403,74.125.200.0-255,2543,48856,71,246843
7680,0.000405,172.31.40.0-255,66,48922,71,246843
7681,0.000409,74.125.200.0-255,1484,50406,71,246843
7682,0.000435,74.125.200.0-255,7107,57513,71,246843
7683,0.000438,172.31.40.0-255,66,57579,71,246843
7684,0.000441,74.125.200.0-255,109,57688,71,246843
7685,0.00048,74.125.200.0-255,332,58020,71,246843
7686,0.000799,74.125.200.0-255,1484,59504,71,246843
7687,0.000805,172.31.40.0-255,66,59570,71,246843
7688,0.000812,74.125.200.0-255,2902,62472,71,246843
7689,0.000814,172.31.40.0-255,66,62538,71,246843
7690,0.000853,74.125.200.0-255,5738,68276,71,246843
7691,0.000856,172.31.40.0-255,66,68342,71,246843
7692,0.000861,74.125.200.0-255,2902,71244,71,246843
7693,0.000863,172.31.40.0-255,66,71310,71,246843
7694,0.000868,74.125.200.0-255,4320,75630,71,246843
7695,0.000875,172.31.40.0-255,66,75696,71,246843
7696,0.000907,74.125.200.0-255,4320,80016,71,246843
7697,0.00091,172.31.40.0-255,66,80082,71,246843
7698,0.000916,74.125.200.0-255,4320,84402,71,246843
7699,0.000919,172.31.40.0-255,66,84468,71,246843
7700,0.000943,74.125.200.0-255,1484,85952,71,246843
7701,0.000951,74.125.200.0-255,6438,92390,71,246843
7702,0.000953,172.31.40.0-255,66,92456,71,246843
7703,0.001179,172.31.40.0-255,101,92557,71,246843
7704,0.001488,74.125.200.0-255,1484,94041,71,246843
7705,0.001497,74.125.200.0-255,2902,96943,71,246843
7706,0.001501,172.31.40.0-255,66,97009,71,246843
7707,0.001506,74.125.200.0-255,2902,99911,71,246843
7708,0.001508,172.31.40.0-255,66,99977,71,246843
7709,0.001513,74.125.200.0-255,4320,104297,71,246843
7710,0.001522,172.31.40.0-255,66,104363,71,246843
7711,0.00153,74.125.200.0-255,7156,111519,71,246843
7712,0.001532,172.31.40.0-255,66,111585,71,246843
7713,0.001561,74.125.200.0-255,1484,113069,71,246843
7714,0.001573,74.125.200.0-255,7156,120225,71,246843
7715,0.001575,172.31.40.0-255,66,120291,71,246843
7716,0.001635,74.125.200.0-255,6438,126729,71,246843
7717,0.00164,172.31.40.0-255,66,126795,71,246843
7718,0.001925,74.125.200.0-255,1484,128279,71,246843
7719,0.001963,74.125.200.0-255,2902,131181,71,246843
7720,0.001969,172.31.40.0-255,66,131247,71,246843
7721,0.001975,74.125.200.0-255,4320,135567,71,246843
7722,0.001978,172.31.40.0-255,66,135633,71,246843
7723,0.001983,74.125.200.0-255,2902,138535,71,246843
7724,0.00199,172.31.40.0-255,66,138601,71,246843
7725,0.00203,74.125.200.0-255,5738,144339,71,246843
7726,0.002034,172.31.40.0-255,66,144405,71,246843
7727,0.00205,172.31.40.0-255,66,144471,71,246843
7728,0.00208,74.125.200.0-255,6438,150909,71,246843
7729,0.002083,172.31.40.0-255,66,150975,71,246843
7730,0.003545,74.125.200.0-255,66,151041,71,246843
7731,0.004368,74.125.200.0-255,4320,155361,71,246843
7732,0.004373,172.31.40.0-255,66,155427,71,246843
7733,0.004402,74.125.200.0-255,1484,156911,71,246843
7734,0.00666,74.125.200.0-255,4320,161231,71,246843
7735,0.006665,172.31.40.0-255,66,161297,71,246843
7736,0.00897,74.125.200.0-255,5738,167035,71,246843
7737,0.008976,172.31.40.0-255,66,167101,71,246843
7738,0.01128,74.125.200.0-255,5738,172839,71,246843
7739,0.011288,172.31.40.0-255,66,172905,71,246843
7740,0.013593,74.125.200.0-255,5738,178643,71,246843
7741,0.013601,172.31.40.0-255,66,178709,71,246843
7742,0.015899,74.125.200.0-255,5738,184447,71,246843
7743,0.015907,172.31.40.0-255,66,184513,71,246843
7744,0.018221,74.125.200.0-255,5738,190251,71,246843
7745,0.018228,172.31.40.0-255,66,190317,71,246843
7746,0.020527,74.125.200.0-255,5738,196055,71,246843
7747,0.020533,172.31.40.0-255,66,196121,71,246843
7748,0.022857,74.125.200.0-255,5738,201859,71,246843
7749,0.022865,172.31.40.0-255,66,201925,71,246843
7750,0.025172,74.125.200.0-255,5738,207663,71,246843
7751,0.02518,172.31.40.0-255,66,207729,71,246843
7752,0.026467,172.31.40.0-255,176,207905,71,246843
7753,0.026498,172.31.40.0-255,1111,209016,71,246843
7754,0.026558,172.31.40.0-255,1514,210530,71,246843
7755,0.026559,172.31.40.0-255,1291,211821,71,246843
7756,0.027483,74.125.200.0-255,5738,217559,71,246843
7757,0.02749,172.31.40.0-255,66,217625,71,246843
7758,0.028003,104.244.42.0-255,66,217691,71,246843
7759,0.028056,104.244.42.0-255,66,217757,71,246843
7760,0.028111,104.244.42.0-255,66,217823,71,246843
7761,0.029804,74.125.200.0-255,5738,223561,71,246843
7762,0.029812,172.31.40.0-255,66,223627,71,246843
7763,0.032138,74.125.200.0-255,5738,229365,71,246843
7764,0.032145,172.31.40.0-255,66,229431,71,246843
7765,0.034453,74.125.200.0-255,5738,235169,71,246843
7766,0.03446,172.31.40.0-255,66,235235,71,246843
7767,0.036757,74.125.200.0-255,5738,240973,71,246843
7768,0.036764,172.31.40.0-255,66,241039,71,246843
7769,0.03906,74.125.200.0-255,5738,246777,71,246843
7770,0.039067,172.31.40.0-255,66,246843,71,246843
7771,0.0,74.125.24.0-255,150,150,71,180389
7772,2.4e-05,172.31.40.0-255,66,216,71,180389
7773,3e-05,74.125.24.0-255,1484,1700,71,180389
7774,3.5e-05,172.31.40.0-255,66,1766,71,180389
7775,4.8e-05,74.125.24.0-255,2902,4668,71,180389
7776,5.2e-05,172.31.40.0-255,66,4734,71,180389
7777,5.9e-05,74.125.24.0-255,7156,11890,71,180389
7778,6.3e-05,172.31.40.0-255,66,11956,71,180389
7779,6.8e-05,74.125.24.0-255,2099,14055,71,180389
7780,7.1e-05,172.31.40.0-255,66,14121,71,180389
7781,0.000113,74.125.24.0-255,1484,15605,71,180389
7782,0.000116,172.31.40.0-255,66,15671,71,180389
7783,0.000121,74.125.24.0-255,2902,18573,71,180389
7784,0.000123,172.31.40.0-255,66,18639,71,180389
7785,0.00013,74.125.24.0-255,5738,24377,71,180389
7786,0.000132,172.31.40.0-255,66,24443,71,180389
7787,0.000164,74.125.24.0-255,5738,30181,71,180389
7788,0.000167,172.31.40.0-255,66,30247,71,180389
7789,0.000172,74.125.24.0-255,4320,34567,71,180389
7790,0.000174,172.31.40.0-255,66,34633,71,180389
7791,0.000196,74.125.24.0-255,2543,37176,71,180389
7792,0.000198,172.31.40.0-255,66,37242,71,180389
7793,0.00021,172.31.40.0-255,66,37308,71,180389
7794,0.000238,74.125.24.0-255,2543,39851,71,180389
7795,0.000241,172.31.40.0-255,66,39917,71,180389
7796,0.000622,74.125.24.0-255,1484,41401,71,180389
7797,0.000629,172.31.40.0-255,66,41467,71,180389
7798,0.000634,74.125.24.0-255,2902,44369,71,180389
7799,0.000637,172.31.40.0-255,66,44435,71,180389
7800,0.000644,74.125.24.0-255,5738,50173,71,180389
7801,0.000651,172.31.40.0-255,66,50239,71,180389
7802,0.000684,74.125.24.0-255,6797,57036,71,180389
7803,0.000687,172.31.40.0-255,66,57102,71,180389
7804,0.00069,74.125.24.0-255,646,57748,71,180389
7805,0.000834,74.125.24.0-255,1484,59232,71,180389
7806,0.000838,172.31.40.0-255,66,59298,71,180389
7807,0.000844,74.125.24.0-255,2902,62200,71,180389
7808,0.000847,172.31.40.0-255,66,62266,71,180389
7809,0.000858,74.125.24.0-255,5738,68004,71,180389
7810,0.00086,172.31.40.0-255,66,68070,71,180389
7811,0.000863,74.125.24.0-255,1484,69554,71,180389
7812,0.000896,74.125.24.0-255,4320,73874,71,180389
7813,0.000899,172.31.40.0-255,66,73940,71,180389
7814,0.000914,172.31.40.0-255,66,74006,71,180389
7815,0.000919,74.125.24.0-255,3961,77967,71,180389
7816,0.000921,172.31.40.0-255,66,78033,71,180389
7817,0.002287,74.125.24.0-255,1484,79517,71,180389
7818,0.002299,74.125.24.0-255,2902,82419,71,180389
7819,0.002304,172.31.40.0-255,66,82485,71,180389
7820,0.002312,74.125.24.0-255,5738,88223,71,180389
7821,0.002314,172.31.40.0-255,66,88289,71,180389
7822,0.002317,74.125.24.0-255,1484,89773,71,180389
7823,0.002356,172.31.40.0-255,66,89839,71,180389
7824,0.002363,74.125.24.0-255,4320,94159,71,180389
7825,0.002365,172.31.40.0-255,66,94225,71,180389
7826,0.002367,74.125.24.0-255,1484,95709,71,180389
7827,0.002374,74.125.24.0-255,5020,100729,71,180389
7828,0.002376,172.31.40.0-255,66,100795,71,180389
7829,0.002592,74.125.24.0-255,1484,102279,71,180389
7830,0.002607,74.125.24.0-255,2902,105181,71,180389
7831,0.00261,172.31.40.0-255,66,105247,71,180389
7832,0.002613,74.125.24.0-255,1484,106731,71,180389
7833,0.002638,74.125.24.0-255,4320,111051,71,180389
7834,0.00264,172.31.40.0-255,66,111117,71,180389
7835,0.002649,74.125.24.0-255,7156,118273,71,180389
7836,0.00265,172.31.40.0-255,66,118339,71,180389
7837,0.002682,74.125.24.0-255,5738,124077,71,180389
7838,0.002685,172.31.40.0-255,66,124143,71,180389
7839,0.0027,172.31.40.0-255,66,124209,71,180389
7840,0.002955,74.125.24.0-255,1484,125693,71,180389
7841,0.002977,74.125.24.0-255,2902,128595,71,180389
7842,0.002979,172.31.40.0-255,66,128661,71,180389
7843,0.002986,74.125.24.0-255,5738,134399,71,180389
7844,0.002988,172.31.40.0-255,66,134465,71,180389
7845,0.003025,172.31.40.0-255,66,134531,71,180389
7846,0.003036,172.31.40.0-255,66,134597,71,180389
7847,0.00309,172.31.40.0-255,66,134663,71,180389
7848,0.003114,172.31.40.0-255,66,134729,71,180389
7849,0.003146,74.125.24.0-255,5738,140467,71,180389
7850,0.003149,172.31.40.0-255,66,140533,71,180389
7851,0.003159,172.31.40.0-255,66,140599,71,180389
7852,0.003227,74.125.24.0-255,1484,142083,71,180389
7853,0.003232,74.125.24.0-255,2902,144985,71,180389
7854,0.003234,172.31.40.0-255,66,145051,71,180389
7855,0.003237,74.125.24.0-255,1484,146535,71,180389
7856,0.00327,74.125.24.0-255,4320,150855,71,180389
7857,0.003272,172.31.40.0-255,66,150921,71,180389
7858,0.003292,172.31.40.0-255,66,150987,71,180389
7859,0.003305,172.31.40.0-255,66,151053,71,180389
7860,0.003387,74.125.24.0-255,1484,152537,71,180389
7861,0.0034,74.125.24.0-255,2902,155439,71,180389
7862,0.003402,172.31.40.0-255,66,155505,71,180389
7863,0.003406,74.125.24.0-255,2902,158407,71,180389
7864,0.003409,172.31.40.0-255,66,158473,71,180389
7865,0.003431,74.125.24.0-255,2902,161375,71,180389
7866,0.003433,172.31.40.0-255,66,161441,71,180389
7867,0.003446,172.31.40.0-255,66,161507,71,180389
7868,0.003489,74.125.24.0-255,7156,168663,71,180389
7869,0.003492,172.31.40.0-255,66,168729,71,180389
7870,0.003518,74.125.24.0-255,3602,172331,71,180389
7871,0.00352,172.31.40.0-255,66,172397,71,180389
7872,0.003531,172.31.40.0-255,66,172463,71,180389
7873,0.003561,74.125.24.0-255,1484,173947,71,180389
7874,0.003575,172.31.40.0-255,66,174013,71,180389
7875,0.003612,172.31.40.0-255,66,174079,71,180389
7876,0.003653,172.31.40.0-255,66,174145,71,180389
7877,0.003656,74.125.24.0-255,1484,175629,71,180389
7878,0.003675,172.31.40.0-255,66,175695,71,180389
7879,0.003756,172.31.40.0-255,66,175761,71,180389
7880,0.003759,74.125.24.0-255,105,175866,71,180389
7881,0.010653,172.31.40.0-255,66,175932,71,180389
7882,0.010691,172.31.40.0-255,105,176037,71,180389
7883,0.012948,74.125.24.0-255,66,176103,71,180389
7884,0.030987,172.31.40.0-255,172,176275,71,180389
7885,0.031017,172.31.40.0-255,1111,177386,71,180389
7886,0.03107,172.31.40.0-255,1514,178900,71,180389
7887,0.03109,172.31.40.0-255,1291,180191,71,180389
7888,0.032534,104.244.42.0-255,66,180257,71,180389
7889,0.032573,104.244.42.0-255,66,180323,71,180389
7890,0.032624,104.244.42.0-255,66,180389,71,180389
7891,0.0,74.125.24.0-255,226,226,71,130518
7892,1.6e-05,172.31.40.0-255,66,292,71,130518
7893,2.2e-05,74.125.24.0-255,1484,1776,71,130518
7894,2.6e-05,172.31.40.0-255,66,1842,71,130518
7895,5.1e-05,74.125.24.0-255,4320,6162,71,130518
7896,6.2e-05,172.31.40.0-255,66,6228,71,130518
7897,0.000221,74.125.24.0-255,1484,7712,71,130518
7898,0.000226,172.31.40.0-255,66,7778,71,130518
7899,0.000279,74.125.24.0-255,4320,12098,71,130518
7900,0.000283,172.31.40.0-255,66,12164,71,130518
7901,0.000315,74.125.24.0-255,2105,14269,71,130518
7902,0.000318,172.31.40.0-255,66,14335,71,130518
7903,0.000538,74.125.24.0-255,5738,20073,71,130518
7904,0.000543,172.31.40.0-255,66,20139,71,130518
7905,0.000567,74.125.24.0-255,4320,24459,71,130518
7906,0.000571,172.31.40.0-255,66,24525,71,130518
7907,0.000932,74.125.24.0-255,6797,31322,71,130518
7908,0.000938,172.31.40.0-255,66,31388,71,130518
7909,0.001216,74.125.24.0-255,5738,37126,71,130518
7910,0.001223,172.31.40.0-255,66,37192,71,130518
7911,0.002522,74.125.24.0-255,2902,40094,71,130518
7912,0.002528,172.31.40.0-255,66,40160,71,130518
7913,0.00373,74.125.24.0-255,2902,43062,71,130518
7914,0.003733,172.31.40.0-255,66,43128,71,130518
7915,0.00506,74.125.24.0-255,2902,46030,71,130518
7916,0.005069,172.31.40.0-255,66,46096,71,130518
7917,0.006279,74.125.24.0-255,2902,48998,71,130518
7918,0.006285,172.31.40.0-255,66,49064,71,130518
7919,0.00762,74.125.24.0-255,2902,51966,71,130518
7920,0.007627,172.31.40.0-255,66,52032,71,130518
7921,0.008814,74.125.24.0-255,2902,54934,71,130518
7922,0.008821,172.31.40.0-255,66,55000,71,130518
7923,0.01014,74.125.24.0-255,2902,57902,71,130518
7924,0.010146,172.31.40.0-255,66,57968,71,130518
7925,0.011391,74.125.24.0-255,2902,60870,71,130518
7926,0.011397,172.31.40.0-255,66,60936,71,130518
7927,0.012677,74.125.24.0-255,2902,63838,71,130518
7928,0.012684,172.31.40.0-255,66,63904,71,130518
7929,0.01391,74.125.24.0-255,2902,66806,71,130518
7930,0.013915,172.31.40.0-255,66,66872,71,130518
7931,0.015206,74.125.24.0-255,2902,69774,71,130518
7932,0.015213,172.31.40.0-255,66,69840,71,130518
7933,0.016438,74.125.24.0-255,2902,72742,71,130518
7934,0.016445,172.31.40.0-255,66,72808,71,130518
7935,0.017758,74.125.24.0-255,2902,75710,71,130518
7936,0.017765,172.31.40.0-255,66,75776,71,130518
7937,0.018981,74.125.24.0-255,2902,78678,71,130518
7938,0.018987,172.31.40.0-255,66,78744,71,130518
7939,0.020314,74.125.24.0-255,2902,81646,71,130518
7940,0.020322,172.31.40.0-255,66,81712,71,130518
7941,0.021543,74.125.24.0-255,2902,84614,71,130518
7942,0.02155,172.31.40.0-255,66,84680,71,130518
7943,0.022858,74.125.24.0-255,2902,87582,71,130518
7944,0.022865,172.31.40.0-255,66,87648,71,130518
7945,0.024064,74.125.24.0-255,2902,90550,71,130518
7946,0.024071,172.31.40.0-255,66,90616,71,130518
7947,0.025412,74.125.24.0-255,2902,93518,71,130518
7948,0.025419,172.31.40.0-255,66,93584,71,130518
7949,0.026629,74.125.24.0-255,2902,96486,71,130518
7950,0.026636,172.31.40.0-255,66,96552,71,130518
7951,0.02795,74.125.24.0-255,2902,99454,71,130518
7952,0.027957,172.31.40.0-255,66,99520,71,130518
7953,0.029169,74.125.24.0-255,2902,102422,71,130518
7954,0.029176,172.31.40.0-255,66,102488,71,130518
7955,0.029899,172.31.40.0-255,172,102660,71,130518
7956,0.029931,172.31.40.0-255,1111,103771,71,130518
7957,0.029988,172.31.40.0-255,1514,105285,71,130518
7958,0.02999,172.31.40.0-255,1291,106576,71,130518
7959,0.030516,74.125.24.0-255,2902,109478,71,130518
7960,0.030523,172.31.40.0-255,66,109544,71,130518
7961,0.031433,104.244.42.0-255,66,109610,71,130518
7962,0.031475,104.244.42.0-255,66,109676,71,130518
7963,0.031539,104.244.42.0-255,66,109742,71,130518
7964,0.03173,74.125.24.0-255,2902,112644,71,130518
7965,0.031736,172.31.40.0-255,66,112710,71,130518
7966,0.033038,74.125.24.0-255,2902,115612,71,130518
7967,0.033045,172.31.40.0-255,66,115678,71,130518
7968,0.034298,74.125.24.0-255,2902,118580,71,130518
7969,0.034306,172.31.40.0-255,66,118646,71,130518
7970,0.035586,74.125.24.0-255,2902,121548,71,130518
7971,0.035593,172.31.40.0-255,66,121614,71,130518
7972,0.036841,74.125.24.0-255,2902,124516,71,130518
7973,0.036847,172.31.40.0-255,66,124582,71,130518
7974,0.038124,74.125.24.0-255,2902,127484,71,130518
7975,0.03813,172.31.40.0-255,66,127550,71,130518
7976,0.039401,74.125.24.0-255,2902,130452,71,130518
7977,0.039408,172.31.40.0-255,66,130518,71,130518
7978,0.0,142.250.4.0-255,148,148,71,210395
7979,2.4e-05,172.31.40.0-255,66,214,71,210395
7980,3e-05,142.250.4.0-255,1484,1698,71,210395
7981,3.5e-05,172.31.40.0-255,66,1764,71,210395
7982,4.9e-05,142.250.4.0-255,2902,4666,71,210395
7983,5.3e-05,172.31.40.0-255,66,4732,71,210395
7984,5.6e-05,142.250.4.0-255,1484,6216,71,210395
7985,5.8e-05,172.31.40.0-255,66,6282,71,210395
7986,7.2e-05,142.250.4.0-255,1484,7766,71,210395
7987,7.4e-05,172.31.40.0-255,66,7832,71,210395
7988,9.9e-05,142.250.4.0-255,1484,9316,71,210395
7989,0.000102,172.31.40.0-255,66,9382,71,210395
7990,0.000114,142.250.4.0-255,6348,15730,71,210395
7991,0.000117,172.31.40.0-255,66,15796,71,210395
7992,0.000123,142.250.4.0-255,5738,21534,71,210395
7993,0.000125,172.31.40.0-255,66,21600,71,210395
7994,0.000155,142.250.4.0-255,2902,24502,71,210395
7995,0.000157,172.31.40.0-255,66,24568,71,210395
7996,0.000161,142.250.4.0-255,1484,26052,71,210395
7997,0.000163,172.31.40.0-255,66,26118,71,210395
7998,0.000183,142.250.4.0-255,5379,31497,71,210395
7999,0.000186,172.31.40.0-255,66,31563,71,210395
8000,0.000245,142.250.4.0-255,1484,33047,71,210395
8001,0.000249,172.31.40.0-255,66,33113,71,210395
8002,0.000254,142.250.4.0-255,2902,36015,71,210395
8003,0.000257,172.31.40.0-255,66,36081,71,210395
8004,0.000291,142.250.4.0-255,5738,41819,71,210395
8005,0.000294,172.31.40.0-255,66,41885,71,210395
8006,0.000331,172.31.40.0-255,66,41951,71,210395
8007,0.000356,142.250.4.0-255,3961,45912,71,210395
8008,0.000359,172.31.40.0-255,66,45978,71,210395
8009,0.000365,142.250.4.0-255,5738,51716,71,210395
8010,0.000389,142.250.4.0-255,4238,55954,71,210395
8011,0.000436,142.250.4.0-255,379,56333,71,210395
8012,0.000649,142.250.4.0-255,1484,57817,71,210395
8013,0.000657,142.250.4.0-255,2902,60719,71,210395
8014,0.000662,142.250.4.0-255,2902,63621,71,210395
8015,0.000697,142.250.4.0-255,2902,66523,71,210395
8016,0.000703,142.250.4.0-255,5738,72261,71,210395
8017,0.000706,142.250.4.0-255,1484,73745,71,210395
8018,0.000719,142.250.4.0-255,4320,78065,71,210395
8019,0.000725,172.31.40.0-255,66,78131,71,210395
8020,0.000731,172.31.40.0-255,66,78197,71,210395
8021,0.00078,142.250.4.0-255,3961,82158,71,210395
8022,0.000936,172.31.40.0-255,66,82224,71,210395
8023,0.001227,142.250.4.0-255,1484,83708,71,210395
8024,0.001232,142.250.4.0-255,2902,86610,71,210395
8025,0.001235,172.31.40.0-255,66,86676,71,210395
8026,0.001269,142.250.4.0-255,5738,92414,71,210395
8027,0.001275,142.250.4.0-255,5738,98152,71,210395
8028,0.001285,172.31.40.0-255,66,98218,71,210395
8029,0.001308,142.250.4.0-255,7156,105374,71,210395
8030,0.001314,142.250.4.0-255,7156,112530,71,210395
8031,0.001363,142.250.4.0-255,3602,116132,71,210395
8032,0.001599,142.250.4.0-255,1484,117616,71,210395
8033,0.001606,142.250.4.0-255,2902,120518,71,210395
8034,0.001621,142.250.4.0-255,5738,126256,71,210395
8035,0.001645,142.250.4.0-255,5738,131994,71,210395
8036,0.001648,142.250.4.0-255,1484,133478,71,210395
8037,0.001683,142.250.4.0-255,1484,134962,71,210395
8038,0.001714,142.250.4.0-255,6438,141400,71,210395
8039,0.001722,142.250.4.0-255,7156,148556,71,210395
8040,0.001726,142.250.4.0-255,4320,152876,71,210395
8041,0.001755,142.250.4.0-255,2902,155778,71,210395
8042,0.001761,142.250.4.0-255,7156,162934,71,210395
8043,0.001781,142.250.4.0-255,2184,165118,71,210395
8044,0.001833,142.250.4.0-255,5738,170856,71,210395
8045,0.001876,142.250.4.0-255,4320,175176,71,210395
8046,0.001914,142.250.4.0-255,5020,180196,71,210395
8047,0.001985,142.250.4.0-255,2902,183098,71,210395
8048,0.001996,142.250.4.0-255,2902,186000,71,210395
8049,0.00202,142.250.4.0-255,1484,187484,71,210395
8050,0.00206,142.250.4.0-255,1484,188968,71,210395
8051,0.002091,142.250.4.0-255,766,189734,71,210395
8052,0.002117,142.250.4.0-255,7156,196890,71,210395
8053,0.002143,142.250.4.0-255,2902,199792,71,210395
8054,0.002165,142.250.4.0-255,4320,204112,71,210395
8055,0.002204,142.250.4.0-255,1587,205699,71,210395
8056,0.005713,172.31.40.0-255,66,205765,71,210395
8057,0.007805,142.250.4.0-255,105,205870,71,210395
8058,0.00865,172.31.40.0-255,66,205936,71,210395
8059,0.008688,172.31.40.0-255,105,206041,71,210395
8060,0.010814,142.250.4.0-255,66,206107,71,210395
8061,0.03145,172.31.40.0-255,172,206279,71,210395
8062,0.031481,172.31.40.0-255,1109,207388,71,210395
8063,0.031534,172.31.40.0-255,1514,208902,71,210395
8064,0.031535,172.31.40.0-255,1295,210197,71,210395
8065,0.033116,104.244.42.0-255,66,210263,71,210395
8066,0.033147,104.244.42.0-255,66,210329,71,210395
8067,0.033199,104.244.42.0-255,66,210395,71,210395
8068,0.0,172.217.194.0-255,153,153,71,181844
8069,2.1e-05,172.31.40.0-255,66,219,71,181844
8070,2.8e-05,172.217.194.0-255,1484,1703,71,181844
8071,3.2e-05,172.31.40.0-255,66,1769,71,181844
8072,4.5e-05,172.217.194.0-255,2902,4671,71,181844
8073,5e-05,172.31.40.0-255,66,4737,71,181844
8074,5.6e-05,172.217.194.0-255,5738,10475,71,181844
8075,5.9e-05,172.31.40.0-255,66,10541,71,181844
8076,0.0001,172.217.194.0-255,3409,13950,71,181844
8077,0.000103,172.31.40.0-255,66,14016,71,181844
8078,0.00015,172.217.194.0-255,1484,15500,71,181844
8079,0.000152,172.31.40.0-255,66,15566,71,181844
8080,0.000157,172.217.194.0-255,2902,18468,71,181844
8081,0.00016,172.31.40.0-255,66,18534,71,181844
8082,0.000166,172.217.194.0-255,5738,24272,71,181844
8083,0.000173,172.31.40.0-255,66,24338,71,181844
8084,0.000178,172.217.194.0-255,4320,28658,71,181844
8085,0.00018,172.31.40.0-255,66,28724,71,181844
8086,0.00021,172.217.194.0-255,2543,31267,71,181844
8087,0.000213,172.31.40.0-255,66,31333,71,181844
8088,0.000232,172.31.40.0-255,66,31399,71,181844
8089,0.000246,172.31.40.0-255,66,31465,71,181844
8090,0.000304,172.217.194.0-255,6751,38216,71,181844
8091,0.000308,172.31.40.0-255,66,38282,71,181844
8092,0.00031,172.217.194.0-255,99,38381,71,181844
8093,0.000312,172.31.40.0-255,66,38447,71,181844
8094,0.000589,172.217.194.0-255,362,38809,71,181844
8095,0.000594,172.31.40.0-255,66,38875,71,181844
8096,0.000794,172.217.194.0-255,1484,40359,71,181844
8097,0.000798,172.31.40.0-255,66,40425,71,181844
8098,0.000803,172.217.194.0-255,2902,43327,71,181844
8099,0.000804,172.31.40.0-255,66,43393,71,181844
8100,0.000825,172.217.194.0-255,1484,44877,71,181844
8101,0.000852,172.217.194.0-255,4320,49197,71,181844
8102,0.000854,172.31.40.0-255,66,49263,71,181844
8103,0.000862,172.217.194.0-255,7156,56419,71,181844
8104,0.000864,172.31.40.0-255,66,56485,71,181844
8105,0.000883,172.31.40.0-255,66,56551,71,181844
8106,0.000917,172.217.194.0-255,2902,59453,71,181844
8107,0.000921,172.217.194.0-255,2184,61637,71,181844
8108,0.000929,172.31.40.0-255,66,61703,71,181844
8109,0.000933,172.31.40.0-255,66,61769,71,181844
8110,0.000938,172.217.194.0-255,4320,66089,71,181844
8111,0.000941,172.31.40.0-255,66,66155,71,181844
8112,0.000946,172.217.194.0-255,4320,70475,71,181844
8113,0.000949,172.31.40.0-255,66,70541,71,181844
8114,0.000965,172.217.194.0-255,1484,72025,71,181844
8115,0.000976,172.217.194.0-255,5738,77763,71,181844
8116,0.000979,172.31.40.0-255,66,77829,71,181844
8117,0.001001,172.217.194.0-255,5738,83567,71,181844
8118,0.001008,172.31.40.0-255,66,83633,71,181844
8119,0.001022,172.31.40.0-255,66,83699,71,181844
8120,0.001057,172.217.194.0-255,7156,90855,71,181844
8121,0.00106,172.31.40.0-255,66,90921,71,181844
8122,0.001071,172.31.40.0-255,66,90987,71,181844
8123,0.001074,172.217.194.0-255,1484,92471,71,181844
8124,0.001139,172.31.40.0-255,66,92537,71,181844
8125,0.001142,172.217.194.0-255,766,93303,71,181844
8126,0.001193,172.217.194.0-255,7156,100459,71,181844
8127,0.001196,172.31.40.0-255,66,100525,71,181844
8128,0.001242,172.31.40.0-255,66,100591,71,181844
8129,0.001262,172.31.40.0-255,66,100657,71,181844
8130,0.001311,172.217.194.0-255,1484,102141,71,181844
8131,0.001315,172.217.194.0-255,1484,103625,71,181844
8132,0.001323,172.31.40.0-255,66,103691,71,181844
8133,0.001336,172.217.194.0-255,1484,105175,71,181844
8134,0.001347,172.217.194.0-255,5738,110913,71,181844
8135,0.001351,172.217.194.0-255,2902,113815,71,181844
8136,0.001377,172.217.194.0-255,7156,120971,71,181844
8137,0.001394,172.31.40.0-255,66,121037,71,181844
8138,0.001397,172.217.194.0-255,1484,122521,71,181844
8139,0.001443,172.31.40.0-255,66,122587,71,181844
8140,0.001504,172.217.194.0-255,1484,124071,71,181844
8141,0.00153,172.217.194.0-255,2902,126973,71,181844
8142,0.001537,172.217.194.0-255,5738,132711,71,181844
8143,0.001544,172.217.194.0-255,7156,139867,71,181844
8144,0.00155,172.31.40.0-255,66,139933,71,181844
8145,0.001574,172.217.194.0-255,5738,145671,71,181844
8146,0.001609,172.31.40.0-255,66,145737,71,181844
8147,0.001634,172.217.194.0-255,1484,147221,71,181844
8148,0.001639,172.217.194.0-255,2902,150123,71,181844
8149,0.001645,172.31.40.0-255,66,150189,71,181844
8150,0.001668,172.217.194.0-255,5738,155927,71,181844
8151,0.001672,172.217.194.0-255,1484,157411,71,181844
8152,0.001678,172.31.40.0-255,66,157477,71,181844
8153,0.001721,172.217.194.0-255,2902,160379,71,181844
8154,0.001745,172.217.194.0-255,5738,166117,71,181844
8155,0.001762,172.31.40.0-255,66,166183,71,181844
8156,0.001769,172.217.194.0-255,5738,171921,71,181844
8157,0.001835,172.217.194.0-255,2902,174823,71,181844
8158,0.001855,172.31.40.0-255,66,174889,71,181844
8159,0.001883,172.217.194.0-255,3127,178016,71,181844
8160,0.001886,172.217.194.0-255,105,178121,71,181844
8161,0.001896,172.31.40.0-255,66,178187,71,181844
8162,0.003466,172.31.40.0-255,101,178288,71,181844
8163,0.004334,172.31.40.0-255,105,178393,71,181844
8164,0.005964,172.217.194.0-255,66,178459,71,181844
8165,0.006821,172.217.194.0-255,66,178525,71,181844
8166,0.025863,172.31.40.0-255,167,178692,71,181844
8167,0.025896,172.31.40.0-255,1113,179805,71,181844
8168,0.02596,172.31.40.0-255,1514,181319,71,181844
8169,0.025962,172.31.40.0-255,327,181646,71,181844
8170,0.027457,104.244.42.0-255,66,181712,71,181844
8171,0.027488,104.244.42.0-255,66,181778,71,181844
8172,0.027546,104.244.42.0-255,66,181844,71,181844
8173,0.0,172.217.194.0-255,218,218,71,188060
8174,1.7e-05,172.31.40.0-255,66,284,71,188060
8175,2.3e-05,172.217.194.0-255,1484,1768,71,188060
8176,2.7e-05,172.31.40.0-255,66,1834,71,188060
8177,4.2e-05,172.217.194.0-255,4320,6154,71,188060
8178,4.6e-05,172.31.40.0-255,66,6220,71,188060
8179,5.8e-05,172.31.40.0-255,66,6286,71,188060
8180,6.1e-05,172.217.194.0-255,1484,7770,71,188060
8181,6.4e-05,172.31.40.0-255,66,7836,71,188060
8182,0.000113,172.31.40.0-255,66,7902,71,188060
8183,0.000118,172.217.194.0-255,2543,10445,71,188060
8184,0.00012,172.31.40.0-255,66,10511,71,188060
8185,0.000167,172.217.194.0-255,1484,11995,71,188060
8186,0.00017,172.31.40.0-255,66,12061,71,188060
8187,0.000188,172.217.194.0-255,2902,14963,71,188060
8188,0.000191,172.31.40.0-255,66,15029,71,188060
8189,0.000197,172.217.194.0-255,5738,20767,71,188060
8190,0.000199,172.31.40.0-255,66,20833,71,188060
8191,0.000202,172.217.194.0-255,1484,22317,71,188060
8192,0.000203,172.31.40.0-255,66,22383,71,188060
8193,0.000243,172.31.40.0-255,66,22449,71,188060
8194,0.000253,172.31.40.0-255,66,22515,71,188060
8195,0.000256,172.217.194.0-255,1108,23623,71,188060
8196,0.000257,172.31.40.0-255,66,23689,71,188060
8197,0.00033,172.217.194.0-255,365,24054,71,188060
8198,0.000334,172.31.40.0-255,66,24120,71,188060
8199,0.000525,172.217.194.0-255,1484,25604,71,188060
8200,0.00053,172.31.40.0-255,66,25670,71,188060
8201,0.000535,172.217.194.0-255,2902,28572,71,188060
8202,0.000536,172.31.40.0-255,66,28638,71,188060
8203,0.000555,172.217.194.0-255,2902,31540,71,188060
8204,0.000558,172.31.40.0-255,66,31606,71,188060
8205,0.000584,172.217.194.0-255,2902,34508,71,188060
8206,0.000587,172.31.40.0-255,66,34574,71,188060
8207,0.000594,172.217.194.0-255,6797,41371,71,188060
8208,0.000596,172.31.40.0-255,66,41437,71,188060
8209,0.000698,172.217.194.0-255,1484,42921,71,188060
8210,0.000714,172.217.194.0-255,2902,45823,71,188060
8211,0.000716,172.31.40.0-255,66,45889,71,188060
8212,0.000743,172.217.194.0-255,5738,51627,71,188060
8213,0.000745,172.31.40.0-255,66,51693,71,188060
8214,0.000751,172.217.194.0-255,5738,57431,71,188060
8215,0.000753,172.31.40.0-255,66,57497,71,188060
8216,0.000779,172.217.194.0-255,1125,58622,71,188060
8217,0.000876,172.217.194.0-255,1484,60106,71,188060
8218,0.000879,172.31.40.0-255,66,60172,71,188060
8219,0.000883,172.217.194.0-255,1484,61656,71,188060
8220,0.000901,172.217.194.0-255,1484,63140,71,188060
8221,0.000904,172.31.40.0-255,66,63206,71,188060
8222,0.000908,172.217.194.0-255,2902,66108,71,188060
8223,0.00091,172.31.40.0-255,66,66174,71,188060
8224,0.000928,172.217.194.0-255,2902,69076,71,188060
8225,0.00093,172.31.40.0-255,66,69142,71,188060
8226,0.000936,172.217.194.0-255,5738,74880,71,188060
8227,0.000938,172.31.40.0-255,66,74946,71,188060
8228,0.000977,172.217.194.0-255,7156,82102,71,188060
8229,0.00098,172.31.40.0-255,66,82168,71,188060
8230,0.000992,172.31.40.0-255,66,82234,71,188060
8231,0.001026,172.217.194.0-255,7156,89390,71,188060
8232,0.001028,172.31.40.0-255,66,89456,71,188060
8233,0.001038,172.217.194.0-255,1484,90940,71,188060
8234,0.001052,172.31.40.0-255,66,91006,71,188060
8235,0.001055,172.217.194.0-255,1484,92490,71,188060
8236,0.001089,172.31.40.0-255,66,92556,71,188060
8237,0.001095,172.217.194.0-255,5738,98294,71,188060
8238,0.001097,172.31.40.0-255,66,98360,71,188060
8239,0.001125,172.31.40.0-255,66,98426,71,188060
8240,0.001129,172.217.194.0-255,2902,101328,71,188060
8241,0.00113,172.31.40.0-255,66,101394,71,188060
8242,0.00116,172.31.40.0-255,66,101460,71,188060
8243,0.001185,172.217.194.0-255,2902,104362,71,188060
8244,0.001187,172.31.40.0-255,66,104428,71,188060
8245,0.001214,172.217.194.0-255,3602,108030,71,188060
8246,0.001217,172.31.40.0-255,66,108096,71,188060
8247,0.00122,172.217.194.0-255,1484,109580,71,188060
8248,0.001223,172.217.194.0-255,2902,112482,71,188060
8249,0.001225,172.31.40.0-255,66,112548,71,188060
8250,0.00123,172.217.194.0-255,5738,118286,71,188060
8251,0.001236,172.31.40.0-255,66,118352,71,188060
8252,0.001273,172.31.40.0-255,66,118418,71,188060
8253,0.001283,172.217.194.0-255,1484,119902,71,188060
8254,0.001294,172.217.194.0-255,7156,127058,71,188060
8255,0.001296,172.31.40.0-255,66,127124,71,188060
8256,0.001323,172.217.194.0-255,3602,130726,71,188060
8257,0.001326,172.31.40.0-255,66,130792,71,188060
8258,0.001333,172.217.194.0-255,4320,135112,71,188060
8259,0.001335,172.31.40.0-255,66,135178,71,188060
8260,0.001354,172.217.194.0-255,4320,139498,71,188060
8261,0.001357,172.31.40.0-255,66,139564,71,188060
8262,0.00138,172.31.40.0-255,66,139630,71,188060
8263,0.001413,172.217.194.0-255,1484,141114,71,188060
8264,0.001433,172.31.40.0-255,66,141180,71,188060
8265,0.00145,172.31.40.0-255,66,141246,71,188060
8266,0.001464,172.31.40.0-255,66,141312,71,188060
8267,0.001544,172.217.194.0-255,1484,142796,71,188060
8268,0.00155,172.217.194.0-255,2902,145698,71,188060
8269,0.001553,172.31.40.0-255,66,145764,71,188060
8270,0.00156,172.217.194.0-255,5738,151502,71,188060
8271,0.001563,172.31.40.0-255,66,151568,71,188060
8272,0.001567,172.217.194.0-255,2902,154470,71,188060
8273,0.001573,172.31.40.0-255,66,154536,71,188060
8274,0.001607,172.217.194.0-255,2902,157438,71,188060
8275,0.00161,172.31.40.0-255,66,157504,71,188060
8276,0.001624,172.31.40.0-255,66,157570,71,188060
8277,0.00163,172.217.194.0-255,5020,162590,71,188060
8278,0.001633,172.31.40.0-255,66,162656,71,188060
8279,0.001725,172.217.194.0-255,1484,164140,71,188060
8280,0.001732,172.217.194.0-255,2902,167042,71,188060
8281,0.001734,172.31.40.0-255,66,167108,71,188060
8282,0.001739,172.217.194.0-255,2902,170010,71,188060
8283,0.001742,172.31.40.0-255,66,170076,71,188060
8284,0.001774,172.217.194.0-255,2902,172978,71,188060
8285,0.001777,172.31.40.0-255,66,173044,71,188060
8286,0.001788,172.31.40.0-255,66,173110,71,188060
8287,0.001815,172.217.194.0-255,2902,176012,71,188060
8288,0.001817,172.31.40.0-255,66,176078,71,188060
8289,0.00182,172.217.194.0-255,1484,177562,71,188060
8290,0.001826,172.217.194.0-255,4320,181882,71,188060
8291,0.001862,172.31.40.0-255,66,181948,71,188060
8292,0.001869,172.217.194.0-255,1484,183432,71,188060
8293,0.001904,172.217.194.0-255,105,183537,71,188060
8294,0.00192,172.31.40.0-255,66,183603,71,188060
8295,0.011504,172.31.40.0-255,105,183708,71,188060
8296,0.014139,172.217.194.0-255,66,183774,71,188060
8297,0.032653,172.31.40.0-255,172,183946,71,188060
8298,0.032684,172.31.40.0-255,1109,185055,71,188060
8299,0.032748,172.31.40.0-255,1514,186569,71,188060
8300,0.03275,172.31.40.0-255,1293,187862,71,188060
8301,0.034367,104.244.42.0-255,66,187928,71,188060
8302,0.0344,104.244.42.0-255,66,187994,71,188060
8303,0.034446,104.244.42.0-255,66,188060,71,188060
8304,0.0,74.125.24.0-255,150,150,71,203182
8305,1.9e-05,172.31.40.0-255,66,216,71,203182
8306,2.7e-05,74.125.24.0-255,1484,1700,71,203182
8307,3.2e-05,172.31.40.0-255,66,1766,71,203182
8308,3.9e-05,74.125.24.0-255,2902,4668,71,203182
8309,4.2e-05,172.31.40.0-255,66,4734,71,203182
8310,4.8e-05,74.125.24.0-255,2902,7636,71,203182
8311,5.1e-05,172.31.40.0-255,66,7702,71,203182
8312,7.5e-05,74.125.24.0-255,4320,12022,71,203182
8313,7.8e-05,172.31.40.0-255,66,12088,71,203182
8314,8.2e-05,74.125.24.0-255,2089,14177,71,203182
8315,8.5e-05,172.31.40.0-255,66,14243,71,203182
8316,0.000117,172.31.40.0-255,66,14309,71,203182
8317,0.000137,74.125.24.0-255,1484,15793,71,203182
8318,0.000139,172.31.40.0-255,66,15859,71,203182
8319,0.000146,74.125.24.0-255,5379,21238,71,203182
8320,0.000149,172.31.40.0-255,66,21304,71,203182
8321,0.000209,74.125.24.0-255,1484,22788,71,203182
8322,0.000212,172.31.40.0-255,66,22854,71,203182
8323,0.000215,74.125.24.0-255,1484,24338,71,203182
8324,0.000217,172.31.40.0-255,66,24404,71,203182
8325,0.000231,74.125.24.0-255,1484,25888,71,203182
8326,0.000233,172.31.40.0-255,66,25954,71,203182
8327,0.000241,74.125.24.0-255,5738,31692,71,203182
8328,0.000243,172.31.40.0-255,66,31758,71,203182
8329,0.000261,74.125.24.0-255,2902,34660,71,203182
8330,0.000265,172.31.40.0-255,66,34726,71,203182
8331,0.000289,172.31.40.0-255,66,34792,71,203182
8332,0.000302,74.125.24.0-255,2543,37335,71,203182
8333,0.000305,172.31.40.0-255,66,37401,71,203182
8334,0.000324,74.125.24.0-255,5738,43139,71,203182
8335,0.000327,172.31.40.0-255,66,43205,71,203182
8336,0.000345,74.125.24.0-255,4239,47444,71,203182
8337,0.000348,172.31.40.0-255,66,47510,71,203182
8338,0.00036,74.125.24.0-255,131,47641,71,203182
8339,0.000485,74.125.24.0-255,1484,49125,71,203182
8340,0.000488,172.31.40.0-255,66,49191,71,203182
8341,0.000494,74.125.24.0-255,2902,52093,71,203182
8342,0.000497,172.31.40.0-255,66,52159,71,203182
8343,0.000503,74.125.24.0-255,5738,57897,71,203182
8344,0.000505,172.31.40.0-255,66,57963,71,203182
8345,0.00051,74.125.24.0-255,2902,60865,71,203182
8346,0.000512,172.31.40.0-255,66,60931,71,203182
8347,0.000524,74.125.24.0-255,1484,62415,71,203182
8348,0.000566,74.125.24.0-255,4320,66735,71,203182
8349,0.000569,172.31.40.0-255,66,66801,71,203182
8350,0.00059,172.31.40.0-255,66,66867,71,203182
8351,0.000597,74.125.24.0-255,6797,73664,71,203182
8352,0.0006,172.31.40.0-255,66,73730,71,203182
8353,0.000705,74.125.24.0-255,1484,75214,71,203182
8354,0.000719,74.125.24.0-255,2902,78116,71,203182
8355,0.000722,172.31.40.0-255,66,78182,71,203182
8356,0.000729,74.125.24.0-255,5738,83920,71,203182
8357,0.000732,172.31.40.0-255,66,83986,71,203182
8358,0.000787,74.125.24.0-255,1484,85470,71,203182
8359,0.000815,172.31.40.0-255,66,85536,71,203182
8360,0.000823,74.125.24.0-255,7156,92692,71,203182
8361,0.000825,172.31.40.0-255,66,92758,71,203182
8362,0.00083,74.125.24.0-255,3602,96360,71,203182
8363,0.000832,172.31.40.0-255,66,96426,71,203182
8364,0.000855,74.125.24.0-255,343,96769,71,203182
8365,0.000892,74.125.24.0-255,1484,98253,71,203182
8366,0.000895,172.31.40.0-255,66,98319,71,203182
8367,0.000923,74.125.24.0-255,4320,102639,71,203182
8368,0.000926,172.31.40.0-255,66,102705,71,203182
8369,0.000933,74.125.24.0-255,4320,107025,71,203182
8370,0.000935,172.31.40.0-255,66,107091,71,203182
8371,0.000965,172.31.40.0-255,66,107157,71,203182
8372,0.001005,172.31.40.0-255,66,107223,71,203182
8373,0.001024,74.125.24.0-255,2184,109407,71,203182
8374,0.001026,172.31.40.0-255,66,109473,71,203182
8375,0.001183,74.125.24.0-255,1484,110957,71,203182
8376,0.001203,74.125.24.0-255,2902,113859,71,203182
8377,0.001207,172.31.40.0-255,66,113925,71,203182
8378,0.001215,74.125.24.0-255,5738,119663,71,203182
8379,0.001217,172.31.40.0-255,66,119729,71,203182
8380,0.001248,74.125.24.0-255,2902,122631,71,203182
8381,0.001251,172.31.40.0-255,66,122697,71,203182
8382,0.00128,172.31.40.0-255,66,122763,71,203182
8383,0.001287,74.125.24.0-255,5738,128501,71,203182
8384,0.00129,172.31.40.0-255,66,128567,71,203182
8385,0.001313,74.125.24.0-255,6438,135005,71,203182
8386,0.001316,172.31.40.0-255,66,135071,71,203182
8387,0.00132,74.125.24.0-255,2902,137973,71,203182
8388,0.001322,172.31.40.0-255,66,138039,71,203182
8389,0.001359,172.31.40.0-255,66,138105,71,203182
8390,0.001376,172.31.40.0-255,66,138171,71,203182
8391,0.001392,74.125.24.0-255,2184,140355,71,203182
8392,0.001394,172.31.40.0-255,66,140421,71,203182
8393,0.001423,74.125.24.0-255,2902,143323,71,203182
8394,0.001426,172.31.40.0-255,66,143389,71,203182
8395,0.001445,74.125.24.0-255,5738,149127,71,203182
8396,0.001448,172.31.40.0-255,66,149193,71,203182
8397,0.001465,74.125.24.0-255,1484,150677,71,203182
8398,0.001469,74.125.24.0-255,1484,152161,71,203182
8399,0.001471,172.31.40.0-255,66,152227,71,203182
8400,0.001487,172.31.40.0-255,66,152293,71,203182
8401,0.001503,74.125.24.0-255,1484,153777,71,203182
8402,0.00151,74.125.24.0-255,4320,158097,71,203182
8403,0.001512,172.31.40.0-255,66,158163,71,203182
8404,0.001542,172.31.40.0-255,66,158229,71,203182
8405,0.00155,74.125.24.0-255,7156,165385,71,203182
8406,0.001552,172.31.40.0-255,66,165451,71,203182
8407,0.001576,74.125.24.0-255,1484,166935,71,203182
8408,0.001589,172.31.40.0-255,66,167001,71,203182
8409,0.001647,172.31.40.0-255,66,167067,71,203182
8410,0.001675,74.125.24.0-255,6438,173505,71,203182
8411,0.001677,172.31.40.0-255,66,173571,71,203182
8412,0.001694,172.31.40.0-255,66,173637,71,203182
8413,0.001707,172.31.40.0-255,66,173703,71,203182
8414,0.00172,172.31.40.0-255,66,173769,71,203182
8415,0.001726,74.125.24.0-255,5738,179507,71,203182
8416,0.001729,172.31.40.0-255,66,179573,71,203182
8417,0.001747,74.125.24.0-255,5738,185311,71,203182
8418,0.00175,172.31.40.0-255,66,185377,71,203182
8419,0.001764,172.31.40.0-255,66,185443,71,203182
8420,0.001787,74.125.24.0-255,1484,186927,71,203182
8421,0.001806,74.125.24.0-255,3602,190529,71,203182
8422,0.001809,172.31.40.0-255,66,190595,71,203182
8423,0.001816,74.125.24.0-255,5738,196333,71,203182
8424,0.001819,172.31.40.0-255,66,196399,71,203182
8425,0.001822,74.125.24.0-255,1484,197883,71,203182
8426,0.00186,172.31.40.0-255,66,197949,71,203182
8427,0.001863,74.125.24.0-255,605,198554,71,203182
8428,0.001882,74.125.24.0-255,105,198659,71,203182
8429,0.009618,172.31.40.0-255,66,198725,71,203182
8430,0.009668,172.31.40.0-255,105,198830,71,203182
8431,0.012084,74.125.24.0-255,66,198896,71,203182
8432,0.031969,172.31.40.0-255,172,199068,71,203182
8433,0.032001,172.31.40.0-255,1113,200181,71,203182
8434,0.032063,172.31.40.0-255,1514,201695,71,203182
8435,0.032065,172.31.40.0-255,1289,202984,71,203182
8436,0.033603,104.244.42.0-255,66,203050,71,203182
8437,0.033634,104.244.42.0-255,66,203116,71,203182
8438,0.033732,104.244.42.0-255,66,203182,71,203182
8439,0.0,74.125.200.0-255,153,153,71,327668
8440,2.3e-05,172.31.40.0-255,66,219,71,327668
8441,3e-05,74.125.200.0-255,1484,1703,71,327668
8442,3.4e-05,172.31.40.0-255,66,1769,71,327668
8443,4e-05,74.125.200.0-255,2902,4671,71,327668
8444,4.3e-05,172.31.40.0-255,66,4737,71,327668
8445,4.9e-05,74.125.200.0-255,5738,10475,71,327668
8446,5.1e-05,172.31.40.0-255,66,10541,71,327668
8447,9.1e-05,74.125.200.0-255,3481,14022,71,327668
8448,9.3e-05,172.31.40.0-255,66,14088,71,327668
8449,0.00012,74.125.200.0-255,1484,15572,71,327668
8450,0.000123,172.31.40.0-255,66,15638,71,327668
8451,0.000126,74.125.200.0-255,1484,17122,71,327668
8452,0.000128,172.31.40.0-255,66,17188,71,327668
8453,0.000144,74.125.200.0-255,1484,18672,71,327668
8454,0.000147,172.31.40.0-255,66,18738,71,327668
8455,0.000151,74.125.200.0-255,2902,21640,71,327668
8456,0.000154,172.31.40.0-255,66,21706,71,327668
8457,0.000168,74.125.200.0-255,2902,24608,71,327668
8458,0.00017,172.31.40.0-255,66,24674,71,327668
8459,0.000177,74.125.200.0-255,5738,30412,71,327668
8460,0.000179,172.31.40.0-255,66,30478,71,327668
8461,0.000217,74.125.200.0-255,1125,31603,71,327668
8462,0.000219,172.31.40.0-255,66,31669,71,327668
8463,0.000405,74.125.200.0-255,1484,33153,71,327668
8464,0.00041,172.31.40.0-255,66,33219,71,327668
8465,0.000416,74.125.200.0-255,2902,36121,71,327668
8466,0.000418,172.31.40.0-255,66,36187,71,327668
8467,0.000423,74.125.200.0-255,2902,39089,71,327668
8468,0.000425,172.31.40.0-255,66,39155,71,327668
8469,0.000443,74.125.200.0-255,2902,42057,71,327668
8470,0.000446,172.31.40.0-255,66,42123,71,327668
8471,0.000451,74.125.200.0-255,4320,46443,71,327668
8472,0.000454,172.31.40.0-255,66,46509,71,327668
8473,0.000483,74.125.200.0-255,5379,51888,71,327668
8474,0.000486,172.31.40.0-255,66,51954,71,327668
8475,0.000514,172.31.40.0-255,66,52020,71,327668
8476,0.000547,74.125.200.0-255,5687,57707,71,327668
8477,0.000549,172.31.40.0-255,66,57773,71,327668
8478,0.000612,74.125.200.0-255,113,57886,71,327668
8479,0.000775,74.125.200.0-255,1484,59370,71,327668
8480,0.00078,172.31.40.0-255,66,59436,71,327668
8481,0.000785,74.125.200.0-255,2902,62338,71,327668
8482,0.000787,172.31.40.0-255,66,62404,71,327668
8483,0.000799,74.125.200.0-255,1484,63888,71,327668
8484,0.000823,74.125.200.0-255,2902,66790,71,327668
8485,0.000826,172.31.40.0-255,66,66856,71,327668
8486,0.000833,74.125.200.0-255,5738,72594,71,327668
8487,0.000835,172.31.40.0-255,66,72660,71,327668
8488,0.000852,74.125.200.0-255,3961,76621,71,327668
8489,0.000854,172.31.40.0-255,66,76687,71,327668
8490,0.000858,74.125.200.0-255,2902,79589,71,327668
8491,0.00086,172.31.40.0-255,66,79655,71,327668
8492,0.000903,74.125.200.0-255,4320,83975,71,327668
8493,0.000906,172.31.40.0-255,66,84041,71,327668
8494,0.000927,172.31.40.0-255,66,84107,71,327668
8495,0.001389,74.125.200.0-255,1484,85591,71,327668
8496,0.001408,74.125.200.0-255,2902,88493,71,327668
8497,0.001412,172.31.40.0-255,66,88559,71,327668
8498,0.001416,74.125.200.0-255,2902,91461,71,327668
8499,0.001418,172.31.40.0-255,66,91527,71,327668
8500,0.001435,74.125.200.0-255,2902,94429,71,327668
8501,0.001437,172.31.40.0-255,66,94495,71,327668
8502,0.001443,74.125.200.0-255,5738,100233,71,327668
8503,0.001444,172.31.40.0-255,66,100299,71,327668
8504,0.001452,74.125.200.0-255,7156,107455,71,327668
8505,0.001453,172.31.40.0-255,66,107521,71,327668
8506,0.001478,74.125.200.0-255,2902,110423,71,327668
8507,0.001481,172.31.40.0-255,66,110489,71,327668
8508,0.00151,172.31.40.0-255,66,110555,71,327668
8509,0.001528,74.125.200.0-255,1484,112039,71,327668
8510,0.00155,74.125.200.0-255,2902,114941,71,327668
8511,0.001553,172.31.40.0-255,66,115007,71,327668
8512,0.001567,74.125.200.0-255,2902,117909,71,327668
8513,0.001571,172.31.40.0-255,66,117975,71,327668
8514,0.001583,74.125.200.0-255,2902,120877,71,327668
8515,0.001585,172.31.40.0-255,66,120943,71,327668
8516,0.001589,74.125.200.0-255,2902,123845,71,327668
8517,0.001591,172.31.40.0-255,66,123911,71,327668
8518,0.001623,172.31.40.0-255,66,123977,71,327668
8519,0.001655,172.31.40.0-255,66,124043,71,327668
8520,0.001696,74.125.200.0-255,1484,125527,71,327668
8521,0.001701,74.125.200.0-255,2902,128429,71,327668
8522,0.001703,172.31.40.0-255,66,128495,71,327668
8523,0.001726,74.125.200.0-255,5738,134233,71,327668
8524,0.001729,172.31.40.0-255,66,134299,71,327668
8525,0.001735,74.125.200.0-255,4320,138619,71,327668
8526,0.001736,172.31.40.0-255,66,138685,71,327668
8527,0.001751,74.125.200.0-255,4320,143005,71,327668
8528,0.001753,172.31.40.0-255,66,143071,71,327668
8529,0.001768,74.125.200.0-255,1484,144555,71,327668
8530,0.001774,74.125.200.0-255,4320,148875,71,327668
8531,0.001776,172.31.40.0-255,66,148941,71,327668
8532,0.001806,74.125.200.0-255,7156,156097,71,327668
8533,0.001809,172.31.40.0-255,66,156163,71,327668
8534,0.001813,74.125.200.0-255,2184,158347,71,327668
8535,0.001815,172.31.40.0-255,66,158413,71,327668
8536,0.001863,74.125.200.0-255,1484,159897,71,327668
8537,0.001876,74.125.200.0-255,2902,162799,71,327668
8538,0.001879,172.31.40.0-255,66,162865,71,327668
8539,0.001882,74.125.200.0-255,1484,164349,71,327668
8540,0.001885,74.125.200.0-255,1484,165833,71,327668
8541,0.001887,172.31.40.0-255,66,165899,71,327668
8542,0.001899,74.125.200.0-255,1484,167383,71,327668
8543,0.001902,74.125.200.0-255,1484,168867,71,327668
8544,0.001904,172.31.40.0-255,66,168933,71,327668
8545,0.001918,74.125.200.0-255,4320,173253,71,327668
8546,0.00192,172.31.40.0-255,66,173319,71,327668
8547,0.001963,172.31.40.0-255,66,173385,71,327668
8548,0.002005,74.125.200.0-255,4320,177705,71,327668
8549,0.002008,172.31.40.0-255,66,177771,71,327668
8550,0.002021,74.125.200.0-255,2184,179955,71,327668
8551,0.002023,172.31.40.0-255,66,180021,71,327668
8552,0.002056,74.125.200.0-255,1484,181505,71,327668
8553,0.002079,74.125.200.0-255,2902,184407,71,327668
8554,0.002083,172.31.40.0-255,66,184473,71,327668
8555,0.002088,74.125.200.0-255,2902,187375,71,327668
8556,0.00209,172.31.40.0-255,66,187441,71,327668
8557,0.002105,74.125.200.0-255,2902,190343,71,327668
8558,0.002107,172.31.40.0-255,66,190409,71,327668
8559,0.002117,74.125.200.0-255,2902,193311,71,327668
8560,0.00212,172.31.40.0-255,66,193377,71,327668
8561,0.002126,74.125.200.0-255,4320,197697,71,327668
8562,0.002128,172.31.40.0-255,66,197763,71,327668
8563,0.002133,74.125.200.0-255,2902,200665,71,327668
8564,0.002135,172.31.40.0-255,66,200731,71,327668
8565,0.002164,74.125.200.0-255,5738,206469,71,327668
8566,0.002167,172.31.40.0-255,66,206535,71,327668
8567,0.002175,74.125.200.0-255,7156,213691,71,327668
8568,0.002177,172.31.40.0-255,66,213757,71,327668
8569,0.002179,74.125.200.0-255,766,214523,71,327668
8570,0.00226,74.125.200.0-255,1484,216007,71,327668
8571,0.002263,172.31.40.0-255,66,216073,71,327668
8572,0.002268,74.125.200.0-255,2902,218975,71,327668
8573,0.002284,74.125.200.0-255,4320,223295,71,327668
8574,0.002298,74.125.200.0-255,1484,224779,71,327668
8575,0.002302,74.125.200.0-255,2902,227681,71,327668
8576,0.002319,74.125.200.0-255,4320,232001,71,327668
8577,0.002339,74.125.200.0-255,5738,237739,71,327668
8578,0.002344,74.125.200.0-255,2902,240641,71,327668
8579,0.00238,74.125.200.0-255,4320,244961,71,327668
8580,0.002398,74.125.200.0-255,2902,247863,71,327668
8581,0.007743,172.31.40.0-255,66,247929,71,327668
8582,0.010105,74.125.200.0-255,5738,253667,71,327668
8583,0.010112,172.31.40.0-255,66,253733,71,327668
8584,0.012473,74.125.200.0-255,5738,259471,71,327668
8585,0.012482,172.31.40.0-255,66,259537,71,327668
8586,0.014847,74.125.200.0-255,5738,265275,71,327668
8587,0.014856,172.31.40.0-255,66,265341,71,327668
8588,0.017208,74.125.200.0-255,5738,271079,71,327668
8589,0.017216,172.31.40.0-255,66,271145,71,327668
8590,0.019582,74.125.200.0-255,5738,276883,71,327668
8591,0.01959,172.31.40.0-255,66,276949,71,327668
8592,0.021974,74.125.200.0-255,5738,282687,71,327668
8593,0.021983,172.31.40.0-255,66,282753,71,327668
8594,0.024345,74.125.200.0-255,5738,288491,71,327668
8595,0.024353,172.31.40.0-255,66,288557,71,327668
8596,0.026716,74.125.200.0-255,5738,294295,71,327668
8597,0.026723,172.31.40.0-255,66,294361,71,327668
8598,0.029105,74.125.200.0-255,5738,300099,71,327668
8599,0.029112,172.31.40.0-255,66,300165,71,327668
8600,0.031478,74.125.200.0-255,5738,305903,71,327668
8601,0.031486,172.31.40.0-255,66,305969,71,327668
8602,0.033837,74.125.200.0-255,5738,311707,71,327668
8603,0.033844,172.31.40.0-255,66,311773,71,327668
8604,0.03493,172.31.40.0-255,172,311945,71,327668
8605,0.034957,172.31.40.0-255,1111,313056,71,327668
8606,0.035005,172.31.40.0-255,1514,314570,71,327668
8607,0.035007,172.31.40.0-255,1292,315862,71,327668
8608,0.036246,74.125.200.0-255,5738,321600,71,327668
8609,0.036253,172.31.40.0-255,66,321666,71,327668
8610,0.036535,104.244.42.0-255,66,321732,71,327668
8611,0.036559,104.244.42.0-255,66,321798,71,327668
8612,0.036623,104.244.42.0-255,66,321864,71,327668
8613,0.038668,74.125.200.0-255,5738,327602,71,327668
8614,0.038676,172.31.40.0-255,66,327668,71,327668
8615,0.0,74.125.200.0-255,150,150,71,190532
8616,2e-05,172.31.40.0-255,66,216,71,190532
8617,2.7e-05,74.125.200.0-255,1484,1700,71,190532
8618,3.3e-05,172.31.40.0-255,66,1766,71,190532
8619,3.9e-05,74.125.200.0-255,2902,4668,71,190532
8620,4.3e-05,172.31.40.0-255,66,4734,71,190532
8621,4.7e-05,74.125.200.0-255,2902,7636,71,190532
8622,5e-05,172.31.40.0-255,66,7702,71,190532
8623,7.6e-05,74.125.200.0-255,2902,10604,71,190532
8624,7.9e-05,172.31.40.0-255,66,10670,71,190532
8625,9.9e-05,74.125.200.0-255,2902,13572,71,190532
8626,0.000102,172.31.40.0-255,66,13638,71,190532
8627,0.000124,74.125.200.0-255,2062,15700,71,190532
8628,0.000127,172.31.40.0-255,66,15766,71,190532
8629,0.000133,74.125.200.0-255,5738,21504,71,190532
8630,0.000136,172.31.40.0-255,66,21570,71,190532
8631,0.000185,74.125.200.0-255,5738,27308,71,190532
8632,0.000188,172.31.40.0-255,66,27374,71,190532
8633,0.000203,74.125.200.0-255,3961,31335,71,190532
8634,0.000206,172.31.40.0-255,66,31401,71,190532
8635,0.000267,74.125.200.0-255,1484,32885,71,190532
8636,0.00027,172.31.40.0-255,66,32951,71,190532
8637,0.000276,74.125.200.0-255,2902,35853,71,190532
8638,0.000278,172.31.40.0-255,66,35919,71,190532
8639,0.000311,74.125.200.0-255,5738,41657,71,190532
8640,0.000315,172.31.40.0-255,66,41723,71,190532
8641,0.000351,74.125.200.0-255,5738,47461,71,190532
8642,0.000354,172.31.40.0-255,66,47527,71,190532
8643,0.000382,172.31.40.0-255,66,47593,71,190532
8644,0.000471,74.125.200.0-255,4320,51913,71,190532
8645,0.000474,172.31.40.0-255,66,51979,71,190532
8646,0.000494,74.125.200.0-255,5693,57672,71,190532
8647,0.000519,74.125.200.0-255,372,58044,71,190532
8648,0.000549,172.31.40.0-255,66,58110,71,190532
8649,0.000652,74.125.200.0-255,1484,59594,71,190532
8650,0.000657,74.125.200.0-255,1484,61078,71,190532
8651,0.000669,172.31.40.0-255,66,61144,71,190532
8652,0.000672,74.125.200.0-255,1484,62628,71,190532
8653,0.000676,74.125.200.0-255,2902,65530,71,190532
8654,0.000686,172.31.40.0-255,66,65596,71,190532
8655,0.000704,74.125.200.0-255,4320,69916,71,190532
8656,0.000724,172.31.40.0-255,66,69982,71,190532
8657,0.000727,74.125.200.0-255,1484,71466,71,190532
8658,0.000746,74.125.200.0-255,7156,78622,71,190532
8659,0.000767,172.31.40.0-255,66,78688,71,190532
8660,0.000803,74.125.200.0-255,1484,80172,71,190532
8661,0.000826,74.125.200.0-255,5738,85910,71,190532
8662,0.000832,172.31.40.0-255,66,85976,71,190532
8663,0.000885,74.125.200.0-255,1484,87460,71,190532
8664,0.000909,74.125.200.0-255,5020,92480,71,190532
8665,0.000916,172.31.40.0-255,66,92546,71,190532
8666,0.001146,74.125.200.0-255,1484,94030,71,190532
8667,0.001151,74.125.200.0-255,2902,96932,71,190532
8668,0.001155,172.31.40.0-255,66,96998,71,190532
8669,0.001179,74.125.200.0-255,5738,102736,71,190532
8670,0.001225,74.125.200.0-255,4320,107056,71,190532
8671,0.00123,172.31.40.0-255,66,107122,71,190532
8672,0.001252,74.125.200.0-255,5738,112860,71,190532
8673,0.001262,172.31.40.0-255,66,112926,71,190532
8674,0.001319,172.31.40.0-255,66,112992,71,190532
8675,0.001324,74.125.200.0-255,2902,115894,71,190532
8676,0.001329,172.31.40.0-255,66,115960,71,190532
8677,0.001395,74.125.200.0-255,2184,118144,71,190532
8678,0.001407,172.31.40.0-255,66,118210,71,190532
8679,0.001444,74.125.200.0-255,1484,119694,71,190532
8680,0.001454,172.31.40.0-255,66,119760,71,190532
8681,0.001552,74.125.200.0-255,5738,125498,71,190532
8682,0.001556,172.31.40.0-255,66,125564,71,190532
8683,0.001602,172.31.40.0-255,66,125630,71,190532
8684,0.001669,74.125.200.0-255,766,126396,71,190532
8685,0.001697,74.125.200.0-255,1484,127880,71,190532
8686,0.001701,74.125.200.0-255,1484,129364,71,190532
8687,0.001715,172.31.40.0-255,66,129430,71,190532
8688,0.001724,74.125.200.0-255,2902,132332,71,190532
8689,0.001729,172.31.40.0-255,66,132398,71,190532
8690,0.001775,74.125.200.0-255,5738,138136,71,190532
8691,0.001781,172.31.40.0-255,66,138202,71,190532
8692,0.001804,74.125.200.0-255,4320,142522,71,190532
8693,0.001821,172.31.40.0-255,66,142588,71,190532
8694,0.001848,74.125.200.0-255,2902,145490,71,190532
8695,0.00189,74.125.200.0-255,5020,150510,71,190532
8696,0.001894,172.31.40.0-255,66,150576,71,190532
8697,0.001905,172.31.40.0-255,66,150642,71,190532
8698,0.001976,74.125.200.0-255,2902,153544,71,190532
8699,0.001982,172.31.40.0-255,66,153610,71,190532
8700,0.002019,172.31.40.0-255,66,153676,71,190532
8701,0.002155,74.125.200.0-255,5738,159414,71,190532
8702,0.00216,172.31.40.0-255,66,159480,71,190532
8703,0.002214,172.31.40.0-255,66,159546,71,190532
8704,0.002416,74.125.200.0-255,4320,163866,71,190532
8705,0.002554,74.125.200.0-255,5738,169604,71,190532
8706,0.002717,172.31.40.0-255,66,169670,71,190532
8707,0.002844,74.125.200.0-255,5738,175408,71,190532
8708,0.00286,172.31.40.0-255,66,175474,71,190532
8709,0.002896,172.31.40.0-255,66,175540,71,190532
8710,0.002934,172.31.40.0-255,66,175606,71,190532
8711,0.003295,172.31.40.0-255,66,175672,71,190532
8712,0.003305,74.125.200.0-255,2902,178574,71,190532
8713,0.003327,172.31.40.0-255,66,178640,71,190532
8714,0.003391,74.125.200.0-255,4320,182960,71,190532
8715,0.003428,172.31.40.0-255,66,183026,71,190532
8716,0.006106,74.125.200.0-255,105,183131,71,190532
8717,0.010439,172.31.40.0-255,66,183197,71,190532
8718,0.010488,172.31.40.0-255,105,183302,71,190532
8719,0.013168,74.125.200.0-255,66,183368,71,190532
8720,0.02921,172.31.40.0-255,172,183540,71,190532
8721,0.029244,172.31.40.0-255,1111,184651,71,190532
8722,0.02931,172.31.40.0-255,1514,186165,71,190532
8723,0.029311,172.31.40.0-255,1514,187679,71,190532
8724,0.029317,172.31.40.0-255,1514,189193,71,190532
8725,0.029318,172.31.40.0-255,1075,190268,71,190532
8726,0.030868,104.244.42.0-255,66,190334,71,190532
8727,0.03091,104.244.42.0-255,66,190400,71,190532
8728,0.030955,104.244.42.0-255,66,190466,71,190532
8729,0.03096,104.244.42.0-255,66,190532,71,190532
8730,0.0,74.125.68.0-255,153,153,71,291583
8731,1.7e-05,172.31.40.0-255,66,219,71,291583
8732,2.4e-05,74.125.68.0-255,1484,1703,71,291583
8733,2.8e-05,172.31.40.0-255,66,1769,71,291583
8734,3.4e-05,74.125.68.0-255,2902,4671,71,291583
8735,3.6e-05,172.31.40.0-255,66,4737,71,291583
8736,6.4e-05,74.125.68.0-255,5738,10475,71,291583
8737,6.8e-05,172.31.40.0-255,66,10541,71,291583
8738,9.8e-05,74.125.68.0-255,3494,14035,71,291583
8739,0.0001,172.31.40.0-255,66,14101,71,291583
8740,0.000145,74.125.68.0-255,4320,18421,71,291583
8741,0.000147,172.31.40.0-255,66,18487,71,291583
8742,0.000153,74.125.68.0-255,5738,24225,71,291583
8743,0.000155,172.31.40.0-255,66,24291,71,291583
8744,0.000178,74.125.68.0-255,6797,31088,71,291583
8745,0.00018,172.31.40.0-255,66,31154,71,291583
8746,0.000298,74.125.68.0-255,1484,32638,71,291583
8747,0.000302,172.31.40.0-255,66,32704,71,291583
8748,0.000321,74.125.68.0-255,2902,35606,71,291583
8749,0.000323,172.31.40.0-255,66,35672,71,291583
8750,0.000331,74.125.68.0-255,5738,41410,71,291583
8751,0.000334,172.31.40.0-255,66,41476,71,291583
8752,0.000365,172.31.40.0-255,66,41542,71,291583
8753,0.000393,172.31.40.0-255,66,41608,71,291583
8754,0.000415,74.125.68.0-255,6797,48405,71,291583
8755,0.000418,172.31.40.0-255,66,48471,71,291583
8756,0.000436,74.125.68.0-255,677,49148,71,291583
8757,0.000438,172.31.40.0-255,66,49214,71,291583
8758,0.000561,74.125.68.0-255,1484,50698,71,291583
8759,0.000567,74.125.68.0-255,2902,53600,71,291583
8760,0.000572,172.31.40.0-255,66,53666,71,291583
8761,0.000581,172.31.40.0-255,66,53732,71,291583
8762,0.000588,74.125.68.0-255,5738,59470,71,291583
8763,0.000591,172.31.40.0-255,66,59536,71,291583
8764,0.000623,74.125.68.0-255,6797,66333,71,291583
8765,0.000626,172.31.40.0-255,66,66399,71,291583
8766,0.000632,74.125.68.0-255,4320,70719,71,291583
8767,0.000634,172.31.40.0-255,66,70785,71,291583
8768,0.00065,74.125.68.0-255,2902,73687,71,291583
8769,0.000653,172.31.40.0-255,66,73753,71,291583
8770,0.000656,74.125.68.0-255,1484,75237,71,291583
8771,0.000685,172.31.40.0-255,66,75303,71,291583
8772,0.000846,74.125.68.0-255,1484,76787,71,291583
8773,0.00086,74.125.68.0-255,2902,79689,71,291583
8774,0.000864,172.31.40.0-255,66,79755,71,291583
8775,0.000869,74.125.68.0-255,2902,82657,71,291583
8776,0.000871,172.31.40.0-255,66,82723,71,291583
8777,0.000885,74.125.68.0-255,2902,85625,71,291583
8778,0.000887,172.31.40.0-255,66,85691,71,291583
8779,0.000902,74.125.68.0-255,1484,87175,71,291583
8780,0.000919,74.125.68.0-255,4320,91495,71,291583
8781,0.000922,172.31.40.0-255,66,91561,71,291583
8782,0.00094,74.125.68.0-255,7156,98717,71,291583
8783,0.000942,172.31.40.0-255,66,98783,71,291583
8784,0.000978,172.31.40.0-255,66,98849,71,291583
8785,0.001597,74.125.68.0-255,1484,100333,71,291583
8786,0.001606,74.125.68.0-255,2902,103235,71,291583
8787,0.00161,172.31.40.0-255,66,103301,71,291583
8788,0.001614,74.125.68.0-255,1484,104785,71,291583
8789,0.00163,74.125.68.0-255,1484,106269,71,291583
8790,0.001633,172.31.40.0-255,66,106335,71,291583
8791,0.001658,74.125.68.0-255,4320,110655,71,291583
8792,0.001661,172.31.40.0-255,66,110721,71,291583
8793,0.001667,74.125.68.0-255,5738,116459,71,291583
8794,0.001669,172.31.40.0-255,66,116525,71,291583
8795,0.001686,74.125.68.0-255,2902,119427,71,291583
8796,0.001689,172.31.40.0-255,66,119493,71,291583
8797,0.001695,74.125.68.0-255,5738,125231,71,291583
8798,0.001697,172.31.40.0-255,66,125297,71,291583
8799,0.001704,74.125.68.0-255,7156,132453,71,291583
8800,0.001706,172.31.40.0-255,66,132519,71,291583
8801,0.001709,74.125.68.0-255,766,133285,71,291583
8802,0.001962,74.125.68.0-255,1484,134769,71,291583
8803,0.001968,74.125.68.0-255,2902,137671,71,291583
8804,0.00197,74.125.68.0-255,1484,139155,71,291583
8805,0.001975,172.31.40.0-255,66,139221,71,291583
8806,0.001979,172.31.40.0-255,66,139287,71,291583
8807,0.001988,74.125.68.0-255,2902,142189,71,291583
8808,0.00199,172.31.40.0-255,66,142255,71,291583
8809,0.001995,74.125.68.0-255,2902,145157,71,291583
8810,0.001997,172.31.40.0-255,66,145223,71,291583
8811,0.002032,74.125.68.0-255,2902,148125,71,291583
8812,0.002036,172.31.40.0-255,66,148191,71,291583
8813,0.002044,74.125.68.0-255,7156,155347,71,291583
8814,0.002046,172.31.40.0-255,66,155413,71,291583
8815,0.002062,74.125.68.0-255,2902,158315,71,291583
8816,0.002064,172.31.40.0-255,66,158381,71,291583
8817,0.00207,74.125.68.0-255,2902,161283,71,291583
8818,0.002071,172.31.40.0-255,66,161349,71,291583
8819,0.002106,172.31.40.0-255,66,161415,71,291583
8820,0.00211,74.125.68.0-255,2902,164317,71,291583
8821,0.002112,172.31.40.0-255,66,164383,71,291583
8822,0.002176,74.125.68.0-255,5738,170121,71,291583
8823,0.002184,172.31.40.0-255,66,170187,71,291583
8824,0.002187,172.31.40.0-255,66,170253,71,291583
8825,0.002191,74.125.68.0-255,2902,173155,71,291583
8826,0.002194,172.31.40.0-255,66,173221,71,291583
8827,0.002214,172.31.40.0-255,66,173287,71,291583
8828,0.00222,74.125.68.0-255,5738,179025,71,291583
8829,0.002222,172.31.40.0-255,66,179091,71,291583
8830,0.002268,74.125.68.0-255,5738,184829,71,291583
8831,0.002272,172.31.40.0-255,66,184895,71,291583
8832,0.002289,172.31.40.0-255,66,184961,71,291583
8833,0.002293,74.125.68.0-255,2902,187863,71,291583
8834,0.002296,172.31.40.0-255,66,187929,71,291583
8835,0.002323,74.125.68.0-255,6438,194367,71,291583
8836,0.002326,172.31.40.0-255,66,194433,71,291583
8837,0.00462,74.125.68.0-255,5738,200171,71,291583
8838,0.004629,172.31.40.0-255,66,200237,71,291583
8839,0.006912,74.125.68.0-255,5738,205975,71,291583
8840,0.006917,172.31.40.0-255,66,206041,71,291583
8841,0.0092,74.125.68.0-255,5738,211779,71,291583
8842,0.009208,172.31.40.0-255,66,211845,71,291583
8843,0.011516,74.125.68.0-255,5738,217583,71,291583
8844,0.011527,172.31.40.0-255,66,217649,71,291583
8845,0.013817,74.125.68.0-255,5738,223387,71,291583
8846,0.013826,172.31.40.0-255,66,223453,71,291583
8847,0.01612,74.125.68.0-255,5738,229191,71,291583
8848,0.01613,172.31.40.0-255,66,229257,71,291583
8849,0.018419,74.125.68.0-255,5738,234995,71,291583
8850,0.01843,172.31.40.0-255,66,235061,71,291583
8851,0.020713,74.125.68.0-255,5738,240799,71,291583
8852,0.020719,172.31.40.0-255,66,240865,71,291583
8853,0.023016,74.125.68.0-255,5738,246603,71,291583
8854,0.023023,172.31.40.0-255,66,246669,71,291583
8855,0.025338,74.125.68.0-255,5738,252407,71,291583
8856,0.025346,172.31.40.0-255,66,252473,71,291583
8857,0.027643,74.125.68.0-255,5738,258211,71,291583
8858,0.02765,172.31.40.0-255,66,258277,71,291583
8859,0.027751,172.31.40.0-255,172,258449,71,291583
8860,0.027778,172.31.40.0-255,1113,259562,71,291583
8861,0.027833,172.31.40.0-255,1514,261076,71,291583
8862,0.027835,172.31.40.0-255,1289,262365,71,291583
8863,0.02932,104.244.42.0-255,66,262431,71,291583
8864,0.029356,104.244.42.0-255,66,262497,71,291583
8865,0.029422,104.244.42.0-255,66,262563,71,291583
8866,0.029954,74.125.68.0-255,5738,268301,71,291583
8867,0.029959,172.31.40.0-255,66,268367,71,291583
8868,0.032265,74.125.68.0-255,5738,274105,71,291583
8869,0.032271,172.31.40.0-255,66,274171,71,291583
8870,0.034591,74.125.68.0-255,5738,279909,71,291583
8871,0.034598,172.31.40.0-255,66,279975,71,291583
8872,0.036888,74.125.68.0-255,5738,285713,71,291583
8873,0.036895,172.31.40.0-255,66,285779,71,291583
8874,0.03919,74.125.68.0-255,5738,291517,71,291583
8875,0.039197,172.31.40.0-255,66,291583,71,291583
8876,0.0,172.217.194.0-255,146,146,71,176488
8877,1.5e-05,172.31.40.0-255,66,212,71,176488
8878,2.2e-05,172.217.194.0-255,1484,1696,71,176488
8879,2.8e-05,172.31.40.0-255,66,1762,71,176488
8880,3.3e-05,172.217.194.0-255,2902,4664,71,176488
8881,3.7e-05,172.31.40.0-255,66,4730,71,176488
8882,4.4e-05,172.217.194.0-255,7156,11886,71,176488
8883,4.7e-05,172.31.40.0-255,66,11952,71,176488
8884,5.1e-05,172.217.194.0-255,2138,14090,71,176488
8885,5.4e-05,172.31.40.0-255,66,14156,71,176488
8886,0.000302,172.217.194.0-255,1484,15640,71,176488
8887,0.000309,172.31.40.0-255,66,15706,71,176488
8888,0.000315,172.217.194.0-255,2902,18608,71,176488
8889,0.000318,172.31.40.0-255,66,18674,71,176488
8890,0.000325,172.217.194.0-255,5738,24412,71,176488
8891,0.000327,172.31.40.0-255,66,24478,71,176488
8892,0.000362,172.217.194.0-255,1484,25962,71,176488
8893,0.000364,172.31.40.0-255,66,26028,71,176488
8894,0.000388,172.217.194.0-255,5379,31407,71,176488
8895,0.00039,172.31.40.0-255,66,31473,71,176488
8896,0.000523,172.217.194.0-255,1484,32957,71,176488
8897,0.000527,172.31.40.0-255,66,33023,71,176488
8898,0.000533,172.217.194.0-255,2902,35925,71,176488
8899,0.000536,172.31.40.0-255,66,35991,71,176488
8900,0.000555,172.217.194.0-255,5738,41729,71,176488
8901,0.000558,172.31.40.0-255,66,41795,71,176488
8902,0.000563,172.217.194.0-255,2902,44697,71,176488
8903,0.000565,172.31.40.0-255,66,44763,71,176488
8904,0.000579,172.217.194.0-255,3961,48724,71,176488
8905,0.000582,172.31.40.0-255,66,48790,71,176488
8906,0.000609,172.217.194.0-255,4320,53110,71,176488
8907,0.000612,172.31.40.0-255,66,53176,71,176488
8908,0.000643,172.217.194.0-255,2543,55719,71,176488
8909,0.000659,172.31.40.0-255,66,55785,71,176488
8910,0.000837,172.217.194.0-255,646,56431,71,176488
8911,0.000971,172.217.194.0-255,1484,57915,71,176488
8912,0.000976,172.217.194.0-255,2902,60817,71,176488
8913,0.000983,172.31.40.0-255,66,60883,71,176488
8914,0.001003,172.217.194.0-255,5738,66621,71,176488
8915,0.001007,172.31.40.0-255,66,66687,71,176488
8916,0.00104,172.217.194.0-255,1484,68171,71,176488
8917,0.001056,172.217.194.0-255,7156,75327,71,176488
8918,0.00106,172.31.40.0-255,66,75393,71,176488
8919,0.001075,172.217.194.0-255,2184,77577,71,176488
8920,0.001094,172.31.40.0-255,66,77643,71,176488
8921,0.001308,172.217.194.0-255,1484,79127,71,176488
8922,0.001312,172.217.194.0-255,1484,80611,71,176488
8923,0.001315,172.31.40.0-255,66,80677,71,176488
8924,0.001335,172.217.194.0-255,1484,82161,71,176488
8925,0.001341,172.217.194.0-255,5738,87899,71,176488
8926,0.001344,172.217.194.0-255,1484,89383,71,176488
8927,0.001355,172.31.40.0-255,66,89449,71,176488
8928,0.001397,172.31.40.0-255,66,89515,71,176488
8929,0.001431,172.31.40.0-255,66,89581,71,176488
8930,0.001694,172.217.194.0-255,1484,91065,71,176488
8931,0.001699,172.217.194.0-255,1484,92549,71,176488
8932,0.001702,172.31.40.0-255,66,92615,71,176488
8933,0.001718,172.217.194.0-255,1484,94099,71,176488
8934,0.001725,172.217.194.0-255,5738,99837,71,176488
8935,0.001729,172.31.40.0-255,66,99903,71,176488
8936,0.001763,172.31.40.0-255,66,99969,71,176488
8937,0.001774,172.217.194.0-255,4320,104289,71,176488
8938,0.001808,172.217.194.0-255,2184,106473,71,176488
8939,0.001822,172.31.40.0-255,66,106539,71,176488
8940,0.001853,172.217.194.0-255,2902,109441,71,176488
8941,0.001856,172.217.194.0-255,1484,110925,71,176488
8942,0.001862,172.31.40.0-255,66,110991,71,176488
8943,0.001887,172.217.194.0-255,2902,113893,71,176488
8944,0.001907,172.31.40.0-255,66,113959,71,176488
8945,0.00192,172.217.194.0-255,2902,116861,71,176488
8946,0.001935,172.31.40.0-255,66,116927,71,176488
8947,0.001958,172.31.40.0-255,66,116993,71,176488
8948,0.001999,172.217.194.0-255,1484,118477,71,176488
8949,0.002002,172.217.194.0-255,1484,119961,71,176488
8950,0.002007,172.31.40.0-255,66,120027,71,176488
8951,0.002031,172.217.194.0-255,7156,127183,71,176488
8952,0.00204,172.31.40.0-255,66,127249,71,176488
8953,0.002051,172.217.194.0-255,7156,134405,71,176488
8954,0.002056,172.31.40.0-255,66,134471,71,176488
8955,0.002066,172.217.194.0-255,4320,138791,71,176488
8956,0.002085,172.217.194.0-255,2184,140975,71,176488
8957,0.002117,172.31.40.0-255,66,141041,71,176488
8958,0.002125,172.217.194.0-255,766,141807,71,176488
8959,0.002183,172.217.194.0-255,1484,143291,71,176488
8960,0.002189,172.217.194.0-255,2902,146193,71,176488
8961,0.002191,172.217.194.0-255,1484,147677,71,176488
8962,0.002209,172.217.194.0-255,4320,151997,71,176488
8963,0.002241,172.217.194.0-255,4320,156317,71,176488
8964,0.002244,172.217.194.0-255,1484,157801,71,176488
8965,0.002249,172.31.40.0-255,66,157867,71,176488
8966,0.002275,172.217.194.0-255,7156,165023,71,176488
8967,0.002325,172.217.194.0-255,5738,170761,71,176488
8968,0.01048,172.31.40.0-255,66,170827,71,176488
8969,0.011997,172.217.194.0-255,105,170932,71,176488
8970,0.014652,172.31.40.0-255,66,170998,71,176488
8971,0.014694,172.31.40.0-255,105,171103,71,176488
8972,0.017086,172.217.194.0-255,66,171169,71,176488
8973,0.035851,172.31.40.0-255,172,171341,71,176488
8974,0.035885,172.31.40.0-255,1108,172449,71,176488
8975,0.035951,172.31.40.0-255,1514,173963,71,176488
8976,0.035953,172.31.40.0-255,1514,175477,71,176488
8977,0.035976,172.31.40.0-255,573,176050,71,176488
8978,0.037424,104.244.42.0-255,66,176116,71,176488
8979,0.037613,104.244.42.0-255,66,176182,71,176488
8980,0.037633,104.244.42.0-255,66,176248,71,176488
8981,0.037667,104.244.42.0-255,66,176314,71,176488
8982,0.038391,104.244.42.0-255,108,176422,71,176488
8983,0.038397,172.31.40.0-255,66,176488,71,176488
8984,0.0,172.217.24.0-255,150,150,71,259088
8985,1.8e-05,172.31.40.0-255,66,216,71,259088
8986,2.5e-05,172.217.24.0-255,1484,1700,71,259088
8987,2.9e-05,172.31.40.0-255,66,1766,71,259088
8988,3.4e-05,172.217.24.0-255,2902,4668,71,259088
8989,4.5e-05,172.31.40.0-255,66,4734,71,259088
8990,5.1e-05,172.217.24.0-255,5738,10472,71,259088
8991,5.4e-05,172.31.40.0-255,66,10538,71,259088
8992,8.3e-05,172.217.24.0-255,3513,14051,71,259088
8993,8.7e-05,172.31.40.0-255,66,14117,71,259088
8994,9.1e-05,172.217.24.0-255,1484,15601,71,259088
8995,9.4e-05,172.31.40.0-255,66,15667,71,259088
8996,0.000124,172.217.24.0-255,2902,18569,71,259088
8997,0.000127,172.31.40.0-255,66,18635,71,259088
8998,0.000134,172.217.24.0-255,7156,25791,71,259088
8999,0.000136,172.31.40.0-255,66,25857,71,259088
9000,0.000163,172.217.24.0-255,2902,28759,71,259088
9001,0.000165,172.31.40.0-255,66,28825,71,259088
9002,0.000193,172.217.24.0-255,2543,31368,71,259088
9003,0.000196,172.31.40.0-255,66,31434,71,259088
9004,0.000321,172.217.24.0-255,1484,32918,71,259088
9005,0.000326,172.31.40.0-255,66,32984,71,259088
9006,0.000331,172.217.24.0-255,2902,35886,71,259088
9007,0.000334,172.31.40.0-255,66,35952,71,259088
9008,0.000338,172.217.24.0-255,2902,38854,71,259088
9009,0.000344,172.31.40.0-255,66,38920,71,259088
9010,0.000371,172.217.24.0-255,2902,41822,71,259088
9011,0.000374,172.31.40.0-255,66,41888,71,259088
9012,0.000382,172.217.24.0-255,6797,48685,71,259088
9013,0.000384,172.31.40.0-255,66,48751,71,259088
9014,0.000719,172.217.24.0-255,1484,50235,71,259088
9015,0.000725,172.31.40.0-255,66,50301,71,259088
9016,0.00073,172.217.24.0-255,2902,53203,71,259088
9017,0.000732,172.31.40.0-255,66,53269,71,259088
9018,0.000737,172.217.24.0-255,2902,56171,71,259088
9019,0.000743,172.31.40.0-255,66,56237,71,259088
9020,0.000751,172.217.24.0-255,4320,60557,71,259088
9021,0.000753,172.31.40.0-255,66,60623,71,259088
9022,0.00078,172.217.24.0-255,1484,62107,71,259088
9023,0.0008,172.217.24.0-255,4251,66358,71,259088
9024,0.000803,172.31.40.0-255,66,66424,71,259088
9025,0.001271,172.217.24.0-255,387,66811,71,259088
9026,0.001501,172.217.24.0-255,1484,68295,71,259088
9027,0.001507,172.31.40.0-255,66,68361,71,259088
9028,0.001513,172.217.24.0-255,2902,71263,71,259088
9029,0.001515,172.31.40.0-255,66,71329,71,259088
9030,0.001519,172.217.24.0-255,2902,74231,71,259088
9031,0.001521,172.31.40.0-255,66,74297,71,259088
9032,0.001546,172.217.24.0-255,2902,77199,71,259088
9033,0.001548,172.31.40.0-255,66,77265,71,259088
9034,0.001558,172.31.40.0-255,66,77331,71,259088
9035,0.00159,172.217.24.0-255,3961,81292,71,259088
9036,0.001592,172.31.40.0-255,66,81358,71,259088
9037,0.001625,172.31.40.0-255,66,81424,71,259088
9038,0.00166,172.217.24.0-255,1484,82908,71,259088
9039,0.001672,172.217.24.0-255,2902,85810,71,259088
9040,0.001674,172.31.40.0-255,66,85876,71,259088
9041,0.001677,172.217.24.0-255,1484,87360,71,259088
9042,0.001694,172.217.24.0-255,4320,91680,71,259088
9043,0.001695,172.31.40.0-255,66,91746,71,259088
9044,0.001698,172.217.24.0-255,1484,93230,71,259088
9045,0.001725,172.217.24.0-255,2902,96132,71,259088
9046,0.001727,172.31.40.0-255,66,96198,71,259088
9047,0.001733,172.217.24.0-255,5738,101936,71,259088
9048,0.001735,172.31.40.0-255,66,102002,71,259088
9049,0.001746,172.217.24.0-255,7156,109158,71,259088
9050,0.001748,172.31.40.0-255,66,109224,71,259088
9051,0.001767,172.217.24.0-255,4320,113544,71,259088
9052,0.001772,172.31.40.0-255,66,113610,71,259088
9053,0.001775,172.217.24.0-255,2184,115794,71,259088
9054,0.001777,172.31.40.0-255,66,115860,71,259088
9055,0.001797,172.217.24.0-255,1484,117344,71,259088
9056,0.0018,172.217.24.0-255,2902,120246,71,259088
9057,0.001802,172.31.40.0-255,66,120312,71,259088
9058,0.001828,172.217.24.0-255,5738,126050,71,259088
9059,0.001831,172.31.40.0-255,66,126116,71,259088
9060,0.001835,172.217.24.0-255,4320,130436,71,259088
9061,0.001837,172.31.40.0-255,66,130502,71,259088
9062,0.001876,172.31.40.0-255,66,130568,71,259088
9063,0.001883,172.217.24.0-255,7156,137724,71,259088
9064,0.001885,172.31.40.0-255,66,137790,71,259088
9065,0.001914,172.217.24.0-255,1484,139274,71,259088
9066,0.001935,172.217.24.0-255,2184,141458,71,259088
9067,0.001937,172.31.40.0-255,66,141524,71,259088
9068,0.002074,172.217.24.0-255,1484,143008,71,259088
9069,0.002093,172.217.24.0-255,2902,145910,71,259088
9070,0.002095,172.31.40.0-255,66,145976,71,259088
9071,0.002099,172.217.24.0-255,4320,150296,71,259088
9072,0.002101,172.31.40.0-255,66,150362,71,259088
9073,0.004175,172.217.24.0-255,5738,156100,71,259088
9074,0.00418,172.31.40.0-255,66,156166,71,259088
9075,0.006261,172.217.24.0-255,5738,161904,71,259088
9076,0.006264,172.31.40.0-255,66,161970,71,259088
9077,0.008353,172.217.24.0-255,5738,167708,71,259088
9078,0.00836,172.31.40.0-255,66,167774,71,259088
9079,0.010454,172.217.24.0-255,5738,173512,71,259088
9080,0.010462,172.31.40.0-255,66,173578,71,259088
9081,0.012557,172.217.24.0-255,2902,176480,71,259088
9082,0.012565,172.31.40.0-255,66,176546,71,259088
9083,0.012598,172.217.24.0-255,2902,179448,71,259088
9084,0.012601,172.31.40.0-255,66,179514,71,259088
9085,0.014656,172.217.24.0-255,2902,182416,71,259088
9086,0.014665,172.31.40.0-255,66,182482,71,259088
9087,0.014696,172.217.24.0-255,2902,185384,71,259088
9088,0.014699,172.31.40.0-255,66,185450,71,259088
9089,0.016757,172.217.24.0-255,2902,188352,71,259088
9090,0.016766,172.31.40.0-255,66,188418,71,259088
9091,0.016796,172.217.24.0-255,2902,191320,71,259088
9092,0.016798,172.31.40.0-255,66,191386,71,259088
9093,0.018866,172.217.24.0-255,2902,194288,71,259088
9094,0.018874,172.31.40.0-255,66,194354,71,259088
9095,0.018905,172.217.24.0-255,2902,197256,71,259088
9096,0.018908,172.31.40.0-255,66,197322,71,259088
9097,0.020963,172.217.24.0-255,2902,200224,71,259088
9098,0.02097,172.31.40.0-255,66,200290,71,259088
9099,0.021002,172.217.24.0-255,2902,203192,71,259088
9100,0.021004,172.31.40.0-255,66,203258,71,259088
9101,0.023069,172.217.24.0-255,2902,206160,71,259088
9102,0.023076,172.31.40.0-255,66,206226,71,259088
9103,0.023107,172.217.24.0-255,2902,209128,71,259088
9104,0.023109,172.31.40.0-255,66,209194,71,259088
9105,0.025159,172.217.24.0-255,2902,212096,71,259088
9106,0.025166,172.31.40.0-255,66,212162,71,259088
9107,0.025197,172.217.24.0-255,2902,215064,71,259088
9108,0.025199,172.31.40.0-255,66,215130,71,259088
9109,0.027257,172.217.24.0-255,2902,218032,71,259088
9110,0.027263,172.31.40.0-255,66,218098,71,259088
9111,0.027293,172.217.24.0-255,2902,221000,71,259088
9112,0.027296,172.31.40.0-255,66,221066,71,259088
9113,0.028169,172.31.40.0-255,172,221238,71,259088
9114,0.028204,172.31.40.0-255,1113,222351,71,259088
9115,0.028264,172.31.40.0-255,1514,223865,71,259088
9116,0.028266,172.31.40.0-255,1289,225154,71,259088
9117,0.029356,172.217.24.0-255,2902,228056,71,259088
9118,0.029362,172.31.40.0-255,66,228122,71,259088
9119,0.029396,172.217.24.0-255,2902,231024,71,259088
9120,0.029399,172.31.40.0-255,66,231090,71,259088
9121,0.03001,104.244.42.0-255,66,231156,71,259088
9122,0.030112,104.244.42.0-255,66,231222,71,259088
9123,0.03018,104.244.42.0-255,66,231288,71,259088
9124,0.031448,172.217.24.0-255,2902,234190,71,259088
9125,0.031453,172.31.40.0-255,66,234256,71,259088
9126,0.031486,172.217.24.0-255,2902,237158,71,259088
9127,0.031489,172.31.40.0-255,66,237224,71,259088
9128,0.033564,172.217.24.0-255,4320,241544,71,259088
9129,0.03357,172.31.40.0-255,66,241610,71,259088
9130,0.033598,172.217.24.0-255,1484,243094,71,259088
9131,0.035683,172.217.24.0-255,4320,247414,71,259088
9132,0.035689,172.31.40.0-255,66,247480,71,259088
9133,0.03779,172.217.24.0-255,5738,253218,71,259088
9134,0.037797,172.31.40.0-255,66,253284,71,259088
9135,0.03989,172.217.24.0-255,5738,259022,71,259088
9136,0.039898,172.31.40.0-255,66,259088,71,259088
9137,0.0,172.217.194.0-255,153,153,71,208256
9138,2.3e-05,172.31.40.0-255,66,219,71,208256
9139,3e-05,172.217.194.0-255,1484,1703,71,208256
9140,3.4e-05,172.31.40.0-255,66,1769,71,208256
9141,4.6e-05,172.217.194.0-255,2902,4671,71,208256
9142,5.1e-05,172.31.40.0-255,66,4737,71,208256
9143,5.8e-05,172.217.194.0-255,5738,10475,71,208256
9144,6.1e-05,172.31.40.0-255,66,10541,71,208256
9145,9.5e-05,172.31.40.0-255,66,10607,71,208256
9146,0.000131,172.217.194.0-255,3578,14185,71,208256
9147,0.000134,172.31.40.0-255,66,14251,71,208256
9148,0.000141,172.217.194.0-255,6797,21048,71,208256
9149,0.000153,172.31.40.0-255,66,21114,71,208256
9150,0.000316,172.217.194.0-255,1484,22598,71,208256
9151,0.000321,172.31.40.0-255,66,22664,71,208256
9152,0.000327,172.217.194.0-255,2902,25566,71,208256
9153,0.00033,172.31.40.0-255,66,25632,71,208256
9154,0.000362,172.217.194.0-255,5738,31370,71,208256
9155,0.000366,172.31.40.0-255,66,31436,71,208256
9156,0.000372,172.217.194.0-255,6797,38233,71,208256
9157,0.000375,172.31.40.0-255,66,38299,71,208256
9158,0.000411,172.31.40.0-255,66,38365,71,208256
9159,0.000415,172.217.194.0-255,2798,41163,71,208256
9160,0.000417,172.31.40.0-255,66,41229,71,208256
9161,0.00042,172.217.194.0-255,432,41661,71,208256
9162,0.000422,172.31.40.0-255,66,41727,71,208256
9163,0.000911,172.217.194.0-255,1484,43211,71,208256
9164,0.000917,172.31.40.0-255,66,43277,71,208256
9165,0.000923,172.217.194.0-255,2902,46179,71,208256
9166,0.000926,172.31.40.0-255,66,46245,71,208256
9167,0.000938,172.217.194.0-255,5738,51983,71,208256
9168,0.00094,172.31.40.0-255,66,52049,71,208256
9169,0.000964,172.217.194.0-255,2902,54951,71,208256
9170,0.000967,172.31.40.0-255,66,55017,71,208256
9171,0.000979,172.217.194.0-255,3961,58978,71,208256
9172,0.000988,172.31.40.0-255,66,59044,71,208256
9173,0.001181,172.217.194.0-255,1484,60528,71,208256
9174,0.001186,172.217.194.0-255,2902,63430,71,208256
9175,0.001193,172.31.40.0-255,66,63496,71,208256
9176,0.001202,172.217.194.0-255,1484,64980,71,208256
9177,0.001221,172.217.194.0-255,4320,69300,71,208256
9178,0.001224,172.31.40.0-255,66,69366,71,208256
9179,0.001231,172.217.194.0-255,5738,75104,71,208256
9180,0.001232,172.31.40.0-255,66,75170,71,208256
9181,0.001271,172.31.40.0-255,66,75236,71,208256
9182,0.001277,172.217.194.0-255,5020,80256,71,208256
9183,0.001279,172.31.40.0-255,66,80322,71,208256
9184,0.001682,172.217.194.0-255,1484,81806,71,208256
9185,0.001712,172.217.194.0-255,2902,84708,71,208256
9186,0.001717,172.31.40.0-255,66,84774,71,208256
9187,0.001723,172.217.194.0-255,5738,90512,71,208256
9188,0.001725,172.31.40.0-255,66,90578,71,208256
9189,0.001728,172.217.194.0-255,1484,92062,71,208256
9190,0.001759,172.217.194.0-255,5738,97800,71,208256
9191,0.001762,172.31.40.0-255,66,97866,71,208256
9192,0.001777,172.31.40.0-255,66,97932,71,208256
9193,0.001785,172.217.194.0-255,2184,100116,71,208256
9194,0.001787,172.31.40.0-255,66,100182,71,208256
9195,0.001839,172.217.194.0-255,1484,101666,71,208256
9196,0.001855,172.217.194.0-255,2902,104568,71,208256
9197,0.001858,172.31.40.0-255,66,104634,71,208256
9198,0.001889,172.217.194.0-255,5738,110372,71,208256
9199,0.001891,172.31.40.0-255,66,110438,71,208256
9200,0.001935,172.31.40.0-255,66,110504,71,208256
9201,0.001955,172.31.40.0-255,66,110570,71,208256
9202,0.001959,172.217.194.0-255,2902,113472,71,208256
9203,0.001962,172.31.40.0-255,66,113538,71,208256
9204,0.001997,172.31.40.0-255,66,113604,71,208256
9205,0.002009,172.31.40.0-255,66,113670,71,208256
9206,0.00204,172.217.194.0-255,6438,120108,71,208256
9207,0.002044,172.31.40.0-255,66,120174,71,208256
9208,0.002079,172.217.194.0-255,2902,123076,71,208256
9209,0.002082,172.31.40.0-255,66,123142,71,208256
9210,0.00213,172.217.194.0-255,4320,127462,71,208256
9211,0.002134,172.31.40.0-255,66,127528,71,208256
9212,0.00215,172.31.40.0-255,66,127594,71,208256
9213,0.002169,172.31.40.0-255,66,127660,71,208256
9214,0.002323,172.217.194.0-255,1484,129144,71,208256
9215,0.00234,172.217.194.0-255,2902,132046,71,208256
9216,0.002366,172.217.194.0-255,5738,137784,71,208256
9217,0.002393,172.217.194.0-255,7156,144940,71,208256
9218,0.002416,172.217.194.0-255,5738,150678,71,208256
9219,0.013292,172.217.194.0-255,1484,152162,71,208256
9220,0.014734,172.31.40.0-255,66,152228,71,208256
9221,0.017429,172.217.194.0-255,5738,157966,71,208256
9222,0.017443,172.31.40.0-255,66,158032,71,208256
9223,0.020093,172.217.194.0-255,5738,163770,71,208256
9224,0.020108,172.31.40.0-255,66,163836,71,208256
9225,0.022772,172.217.194.0-255,4320,168156,71,208256
9226,0.022783,172.31.40.0-255,66,168222,71,208256
9227,0.022813,172.217.194.0-255,1484,169706,71,208256
9228,0.025461,172.217.194.0-255,4320,174026,71,208256
9229,0.025475,172.31.40.0-255,66,174092,71,208256
9230,0.028112,172.217.194.0-255,5738,179830,71,208256
9231,0.028123,172.31.40.0-255,66,179896,71,208256
9232,0.030775,172.217.194.0-255,5738,185634,71,208256
9233,0.030783,172.31.40.0-255,66,185700,71,208256
9234,0.033431,172.217.194.0-255,5738,191438,71,208256
9235,0.033439,172.31.40.0-255,66,191504,71,208256
9236,0.035615,172.31.40.0-255,172,191676,71,208256
9237,0.03565,172.31.40.0-255,1108,192784,71,208256
9238,0.035711,172.31.40.0-255,1514,194298,71,208256
9239,0.035732,172.31.40.0-255,1514,195812,71,208256
9240,0.035735,172.31.40.0-255,572,196384,71,208256
9241,0.036127,172.217.194.0-255,5738,202122,71,208256
9242,0.036134,172.31.40.0-255,66,202188,71,208256
9243,0.037158,104.244.42.0-255,66,202254,71,208256
9244,0.037208,104.244.42.0-255,66,202320,71,208256
9245,0.037254,104.244.42.0-255,66,202386,71,208256
9246,0.03731,104.244.42.0-255,66,202452,71,208256
9247,0.038773,172.217.194.0-255,5738,208190,71,208256
9248,0.03878,172.31.40.0-255,66,208256,71,208256
9249,0.0,74.125.24.0-255,153,153,71,216770
9250,1.8e-05,172.31.40.0-255,66,219,71,216770
9251,2.5e-05,74.125.24.0-255,1484,1703,71,216770
9252,2.9e-05,172.31.40.0-255,66,1769,71,216770
9253,3.5e-05,74.125.24.0-255,2902,4671,71,216770
9254,3.8e-05,172.31.40.0-255,66,4737,71,216770
9255,4.3e-05,74.125.24.0-255,2902,7639,71,216770
9256,4.6e-05,172.31.40.0-255,66,7705,71,216770
9257,7e-05,74.125.24.0-255,2902,10607,71,216770
9258,7.3e-05,172.31.40.0-255,66,10673,71,216770
9259,9.5e-05,74.125.24.0-255,7156,17829,71,216770
9260,9.8e-05,172.31.40.0-255,66,17895,71,216770
9261,0.000121,74.125.24.0-255,3484,21379,71,216770
9262,0.000124,172.31.40.0-255,66,21445,71,216770
9263,0.000129,74.125.24.0-255,4320,25765,71,216770
9264,0.000131,172.31.40.0-255,66,25831,71,216770
9265,0.000157,74.125.24.0-255,5379,31210,71,216770
9266,0.000159,172.31.40.0-255,66,31276,71,216770
9267,0.000263,74.125.24.0-255,1484,32760,71,216770
9268,0.000266,172.31.40.0-255,66,32826,71,216770
9269,0.000272,74.125.24.0-255,2902,35728,71,216770
9270,0.000275,172.31.40.0-255,66,35794,71,216770
9271,0.000305,74.125.24.0-255,5738,41532,71,216770
9272,0.000308,172.31.40.0-255,66,41598,71,216770
9273,0.000313,74.125.24.0-255,4320,45918,71,216770
9274,0.000316,172.31.40.0-255,66,45984,71,216770
9275,0.00036,172.31.40.0-255,66,46050,71,216770
9276,0.00038,74.125.24.0-255,2543,48593,71,216770
9277,0.000382,172.31.40.0-255,66,48659,71,216770
9278,0.000389,74.125.24.0-255,5738,54397,71,216770
9279,0.000391,172.31.40.0-255,66,54463,71,216770
9280,0.000409,74.125.24.0-255,1438,55901,71,216770
9281,0.000439,74.125.24.0-255,110,56011,71,216770
9282,0.000571,74.125.24.0-255,1484,57495,71,216770
9283,0.000576,172.31.40.0-255,66,57561,71,216770
9284,0.000598,74.125.24.0-255,2902,60463,71,216770
9285,0.000602,172.31.40.0-255,66,60529,71,216770
9286,0.000605,74.125.24.0-255,1484,62013,71,216770
9287,0.000624,74.125.24.0-255,4320,66333,71,216770
9288,0.000628,172.31.40.0-255,66,66399,71,216770
9289,0.000647,74.125.24.0-255,1484,67883,71,216770
9290,0.000674,172.31.40.0-255,66,67949,71,216770
9291,0.000681,74.125.24.0-255,5738,73687,71,216770
9292,0.000683,172.31.40.0-255,66,73753,71,216770
9293,0.000715,74.125.24.0-255,4320,78073,71,216770
9294,0.000718,172.31.40.0-255,66,78139,71,216770
9295,0.000738,74.125.24.0-255,2785,80924,71,216770
9296,0.00074,172.31.40.0-255,66,80990,71,216770
9297,0.001147,74.125.24.0-255,1484,82474,71,216770
9298,0.001152,74.125.24.0-255,1484,83958,71,216770
9299,0.001155,172.31.40.0-255,66,84024,71,216770
9300,0.001177,74.125.24.0-255,1484,85508,71,216770
9301,0.001184,74.125.24.0-255,5738,91246,71,216770
9302,0.001187,172.31.40.0-255,66,91312,71,216770
9303,0.00121,74.125.24.0-255,7156,98468,71,216770
9304,0.001212,172.31.40.0-255,66,98534,71,216770
9305,0.001235,74.125.24.0-255,2902,101436,71,216770
9306,0.001238,172.31.40.0-255,66,101502,71,216770
9307,0.001251,172.31.40.0-255,66,101568,71,216770
9308,0.001277,74.125.24.0-255,2184,103752,71,216770
9309,0.001279,172.31.40.0-255,66,103818,71,216770
9310,0.001325,74.125.24.0-255,2902,106720,71,216770
9311,0.001329,172.31.40.0-255,66,106786,71,216770
9312,0.001335,74.125.24.0-255,4320,111106,71,216770
9313,0.001337,172.31.40.0-255,66,111172,71,216770
9314,0.001365,74.125.24.0-255,2902,114074,71,216770
9315,0.001368,172.31.40.0-255,66,114140,71,216770
9316,0.001394,74.125.24.0-255,5738,119878,71,216770
9317,0.001397,172.31.40.0-255,66,119944,71,216770
9318,0.001404,74.125.24.0-255,5738,125682,71,216770
9319,0.001406,172.31.40.0-255,66,125748,71,216770
9320,0.001432,74.125.24.0-255,4320,130068,71,216770
9321,0.001435,172.31.40.0-255,66,130134,71,216770
9322,0.001459,172.31.40.0-255,66,130200,71,216770
9323,0.00153,74.125.24.0-255,1484,131684,71,216770
9324,0.001548,74.125.24.0-255,2902,134586,71,216770
9325,0.001552,172.31.40.0-255,66,134652,71,216770
9326,0.001556,74.125.24.0-255,2902,137554,71,216770
9327,0.001558,172.31.40.0-255,66,137620,71,216770
9328,0.001572,74.125.24.0-255,2902,140522,71,216770
9329,0.001575,172.31.40.0-255,66,140588,71,216770
9330,0.001579,74.125.24.0-255,2902,143490,71,216770
9331,0.001582,172.31.40.0-255,66,143556,71,216770
9332,0.001606,74.125.24.0-255,1484,145040,71,216770
9333,0.001614,74.125.24.0-255,5738,150778,71,216770
9334,0.001617,172.31.40.0-255,66,150844,71,216770
9335,0.001621,74.125.24.0-255,2902,153746,71,216770
9336,0.001623,172.31.40.0-255,66,153812,71,216770
9337,0.001644,172.31.40.0-255,66,153878,71,216770
9338,0.001648,74.125.24.0-255,2184,156062,71,216770
9339,0.00165,172.31.40.0-255,66,156128,71,216770
9340,0.001749,74.125.24.0-255,1484,157612,71,216770
9341,0.001755,74.125.24.0-255,2902,160514,71,216770
9342,0.001757,172.31.40.0-255,66,160580,71,216770
9343,0.001762,74.125.24.0-255,2902,163482,71,216770
9344,0.001764,172.31.40.0-255,66,163548,71,216770
9345,0.001777,74.125.24.0-255,2902,166450,71,216770
9346,0.00178,172.31.40.0-255,66,166516,71,216770
9347,0.001783,74.125.24.0-255,1484,168000,71,216770
9348,0.001821,172.31.40.0-255,66,168066,71,216770
9349,0.001872,74.125.24.0-255,2902,170968,71,216770
9350,0.001876,172.31.40.0-255,66,171034,71,216770
9351,0.001902,172.31.40.0-255,66,171100,71,216770
9352,0.001945,74.125.24.0-255,1484,172584,71,216770
9353,0.001962,74.125.24.0-255,2902,175486,71,216770
9354,0.001965,172.31.40.0-255,66,175552,71,216770
9355,0.001971,74.125.24.0-255,5738,181290,71,216770
9356,0.001973,172.31.40.0-255,66,181356,71,216770
9357,0.002004,74.125.24.0-255,5738,187094,71,216770
9358,0.002006,172.31.40.0-255,66,187160,71,216770
9359,0.002025,74.125.24.0-255,5738,192898,71,216770
9360,0.002028,172.31.40.0-255,66,192964,71,216770
9361,0.002051,172.31.40.0-255,66,193030,71,216770
9362,0.002089,172.31.40.0-255,66,193096,71,216770
9363,0.0021,172.31.40.0-255,66,193162,71,216770
9364,0.002111,74.125.24.0-255,1484,194646,71,216770
9365,0.002123,74.125.24.0-255,1484,196130,71,216770
9366,0.002125,172.31.40.0-255,66,196196,71,216770
9367,0.002155,172.31.40.0-255,66,196262,71,216770
9368,0.002178,172.31.40.0-255,66,196328,71,216770
9369,0.002185,74.125.24.0-255,4320,200648,71,216770
9370,0.002188,172.31.40.0-255,66,200714,71,216770
9371,0.002218,172.31.40.0-255,66,200780,71,216770
9372,0.002253,74.125.24.0-255,7156,207936,71,216770
9373,0.002257,172.31.40.0-255,66,208002,71,216770
9374,0.002268,172.31.40.0-255,66,208068,71,216770
9375,0.002287,172.31.40.0-255,66,208134,71,216770
9376,0.002291,74.125.24.0-255,2902,211036,71,216770
9377,0.002293,172.31.40.0-255,66,211102,71,216770
9378,0.00233,172.31.40.0-255,66,211168,71,216770
9379,0.002342,172.31.40.0-255,66,211234,71,216770
9380,0.002345,74.125.24.0-255,908,212142,71,216770
9381,0.002348,74.125.24.0-255,105,212247,71,216770
9382,0.004419,172.31.40.0-255,66,212313,71,216770
9383,0.004456,172.31.40.0-255,105,212418,71,216770
9384,0.007058,74.125.24.0-255,66,212484,71,216770
9385,0.028936,172.31.40.0-255,172,212656,71,216770
9386,0.028966,172.31.40.0-255,1111,213767,71,216770
9387,0.029028,172.31.40.0-255,1514,215281,71,216770
9388,0.029029,172.31.40.0-255,1291,216572,71,216770
9389,0.030525,104.244.42.0-255,66,216638,71,216770
9390,0.030562,104.244.42.0-255,66,216704,71,216770
9391,0.030589,104.244.42.0-255,66,216770,71,216770
9392,0.0,74.125.68.0-255,146,146,71,237392
9393,2.1e-05,172.31.40.0-255,66,212,71,237392
9394,5.3e-05,74.125.68.0-255,1484,1696,71,237392
9395,5.8e-05,172.31.40.0-255,66,1762,71,237392
9396,6.4e-05,74.125.68.0-255,2902,4664,71,237392
9397,6.7e-05,172.31.40.0-255,66,4730,71,237392
9398,0.000102,74.125.68.0-255,5738,10468,71,237392
9399,0.000105,172.31.40.0-255,66,10534,71,237392
9400,0.000132,74.125.68.0-255,3518,14052,71,237392
9401,0.000134,172.31.40.0-255,66,14118,71,237392
9402,0.000238,74.125.68.0-255,1484,15602,71,237392
9403,0.000242,172.31.40.0-255,66,15668,71,237392
9404,0.000247,74.125.68.0-255,2902,18570,71,237392
9405,0.00025,172.31.40.0-255,66,18636,71,237392
9406,0.000288,74.125.68.0-255,5738,24374,71,237392
9407,0.000291,172.31.40.0-255,66,24440,71,237392
9408,0.000295,74.125.68.0-255,2902,27342,71,237392
9409,0.000297,172.31.40.0-255,66,27408,71,237392
9410,0.000344,172.31.40.0-255,66,27474,71,237392
9411,0.000371,74.125.68.0-255,1125,28599,71,237392
9412,0.000373,172.31.40.0-255,66,28665,71,237392
9413,0.000385,172.31.40.0-255,66,28731,71,237392
9414,0.000401,172.31.40.0-255,66,28797,71,237392
9415,0.000404,74.125.68.0-255,1484,30281,71,237392
9416,0.000406,172.31.40.0-255,66,30347,71,237392
9417,0.000447,172.31.40.0-255,66,30413,71,237392
9418,0.000593,74.125.68.0-255,360,30773,71,237392
9419,0.000598,172.31.40.0-255,66,30839,71,237392
9420,0.000715,74.125.68.0-255,383,31222,71,237392
9421,0.000757,74.125.68.0-255,1484,32706,71,237392
9422,0.000769,172.31.40.0-255,66,32772,71,237392
9423,0.000775,74.125.68.0-255,4320,37092,71,237392
9424,0.00078,172.31.40.0-255,66,37158,71,237392
9425,0.0008,74.125.68.0-255,4320,41478,71,237392
9426,0.000806,74.125.68.0-255,4320,45798,71,237392
9427,0.000818,74.125.68.0-255,1484,47282,71,237392
9428,0.000824,172.31.40.0-255,66,47348,71,237392
9429,0.000835,74.125.68.0-255,7156,54504,71,237392
9430,0.000839,172.31.40.0-255,66,54570,71,237392
9431,0.000867,74.125.68.0-255,4320,58890,71,237392
9432,0.000874,74.125.68.0-255,5738,64628,71,237392
9433,0.000876,74.125.68.0-255,766,65394,71,237392
9434,0.00088,172.31.40.0-255,66,65460,71,237392
9435,0.001541,74.125.68.0-255,1484,66944,71,237392
9436,0.001548,74.125.68.0-255,1484,68428,71,237392
9437,0.001552,172.31.40.0-255,66,68494,71,237392
9438,0.001558,74.125.68.0-255,2902,71396,71,237392
9439,0.001583,74.125.68.0-255,5738,77134,71,237392
9440,0.001645,74.125.68.0-255,766,77900,71,237392
9441,0.0017,74.125.68.0-255,1484,79384,71,237392
9442,0.001704,74.125.68.0-255,1484,80868,71,237392
9443,0.001716,74.125.68.0-255,1484,82352,71,237392
9444,0.001733,74.125.68.0-255,4320,86672,71,237392
9445,0.001743,74.125.68.0-255,1484,88156,71,237392
9446,0.001747,74.125.68.0-255,2902,91058,71,237392
9447,0.001767,74.125.68.0-255,4320,95378,71,237392
9448,0.001806,74.125.68.0-255,4320,99698,71,237392
9449,0.001817,74.125.68.0-255,1484,101182,71,237392
9450,0.001833,74.125.68.0-255,4320,105502,71,237392
9451,0.00186,74.125.68.0-255,4320,109822,71,237392
9452,0.001874,74.125.68.0-255,2184,112006,71,237392
9453,0.00197,74.125.68.0-255,1484,113490,71,237392
9454,0.002008,74.125.68.0-255,1484,114974,71,237392
9455,0.002024,74.125.68.0-255,2902,117876,71,237392
9456,0.00205,74.125.68.0-255,4320,122196,71,237392
9457,0.002063,74.125.68.0-255,1484,123680,71,237392
9458,0.002068,74.125.68.0-255,2902,126582,71,237392
9459,0.002073,74.125.68.0-255,4320,130902,71,237392
9460,0.002114,74.125.68.0-255,4320,135222,71,237392
9461,0.002128,74.125.68.0-255,4320,139542,71,237392
9462,0.002181,74.125.68.0-255,6438,145980,71,237392
9463,0.003621,172.31.40.0-255,66,146046,71,237392
9464,0.005969,74.125.68.0-255,5738,151784,71,237392
9465,0.005975,172.31.40.0-255,66,151850,71,237392
9466,0.008306,74.125.68.0-255,5738,157588,71,237392
9467,0.008463,172.31.40.0-255,66,157654,71,237392
9468,0.010799,74.125.68.0-255,5738,163392,71,237392
9469,0.010807,172.31.40.0-255,66,163458,71,237392
9470,0.013132,74.125.68.0-255,5738,169196,71,237392
9471,0.013142,172.31.40.0-255,66,169262,71,237392
9472,0.015469,74.125.68.0-255,5738,175000,71,237392
9473,0.015477,172.31.40.0-255,66,175066,71,237392
9474,0.017798,74.125.68.0-255,5738,180804,71,237392
9475,0.017806,172.31.40.0-255,66,180870,71,237392
9476,0.020137,74.125.68.0-255,5738,186608,71,237392
9477,0.020144,172.31.40.0-255,66,186674,71,237392
9478,0.02247,74.125.68.0-255,5738,192412,71,237392
9479,0.022477,172.31.40.0-255,66,192478,71,237392
9480,0.024816,74.125.68.0-255,5738,198216,71,237392
9481,0.024824,172.31.40.0-255,66,198282,71,237392
9482,0.027168,74.125.68.0-255,5738,204020,71,237392
9483,0.027178,172.31.40.0-255,66,204086,71,237392
9484,0.029507,74.125.68.0-255,5738,209824,71,237392
9485,0.029512,172.31.40.0-255,66,209890,71,237392
9486,0.030441,172.31.40.0-255,172,210062,71,237392
9487,0.030471,172.31.40.0-255,1111,211173,71,237392
9488,0.030534,172.31.40.0-255,1514,212687,71,237392
9489,0.030535,172.31.40.0-255,1291,213978,71,237392
9490,0.031842,74.125.68.0-255,5738,219716,71,237392
9491,0.031849,172.31.40.0-255,66,219782,71,237392
9492,0.031974,104.244.42.0-255,66,219848,71,237392
9493,0.032021,104.244.42.0-255,66,219914,71,237392
9494,0.032074,104.244.42.0-255,66,219980,71,237392
9495,0.034189,74.125.68.0-255,5738,225718,71,237392
9496,0.034196,172.31.40.0-255,66,225784,71,237392
9497,0.036537,74.125.68.0-255,5738,231522,71,237392
9498,0.036546,172.31.40.0-255,66,231588,71,237392
9499,0.038881,74.125.68.0-255,5738,237326,71,237392
9500,0.038887,172.31.40.0-255,66,237392,71,237392
9501,0.0,74.125.24.0-255,150,150,71,181753
9502,1.4e-05,172.31.40.0-255,66,216,71,181753
9503,4.4e-05,74.125.24.0-255,1484,1700,71,181753
9504,4.8e-05,172.31.40.0-255,66,1766,71,181753
9505,5.4e-05,74.125.24.0-255,2902,4668,71,181753
9506,5.7e-05,172.31.40.0-255,66,4734,71,181753
9507,6.6e-05,74.125.24.0-255,4320,9054,71,181753
9508,7e-05,172.31.40.0-255,66,9120,71,181753
9509,0.000118,74.125.24.0-255,4937,14057,71,181753
9510,0.000121,172.31.40.0-255,66,14123,71,181753
9511,0.000165,74.125.24.0-255,1484,15607,71,181753
9512,0.000168,172.31.40.0-255,66,15673,71,181753
9513,0.000173,74.125.24.0-255,2902,18575,71,181753
9514,0.000175,172.31.40.0-255,66,18641,71,181753
9515,0.000185,74.125.24.0-255,2902,21543,71,181753
9516,0.000188,172.31.40.0-255,66,21609,71,181753
9517,0.000213,74.125.24.0-255,2902,24511,71,181753
9518,0.00022,172.31.40.0-255,66,24577,71,181753
9519,0.000228,74.125.24.0-255,6797,31374,71,181753
9520,0.000231,172.31.40.0-255,66,31440,71,181753
9521,0.000347,74.125.24.0-255,1484,32924,71,181753
9522,0.00035,172.31.40.0-255,66,32990,71,181753
9523,0.000371,74.125.24.0-255,2902,35892,71,181753
9524,0.000374,172.31.40.0-255,66,35958,71,181753
9525,0.000379,74.125.24.0-255,4320,40278,71,181753
9526,0.000382,172.31.40.0-255,66,40344,71,181753
9527,0.000429,172.31.40.0-255,66,40410,71,181753
9528,0.000593,74.125.24.0-255,1484,41894,71,181753
9529,0.000597,172.31.40.0-255,66,41960,71,181753
9530,0.000601,74.125.24.0-255,1484,43444,71,181753
9531,0.000603,172.31.40.0-255,66,43510,71,181753
9532,0.000637,74.125.24.0-255,1484,44994,71,181753
9533,0.000646,74.125.24.0-255,5738,50732,71,181753
9534,0.000649,172.31.40.0-255,66,50798,71,181753
9535,0.000657,74.125.24.0-255,7095,57893,71,181753
9536,0.000659,172.31.40.0-255,66,57959,71,181753
9537,0.000722,74.125.24.0-255,380,58339,71,181753
9538,0.000884,74.125.24.0-255,1484,59823,71,181753
9539,0.000888,172.31.40.0-255,66,59889,71,181753
9540,0.000893,74.125.24.0-255,2902,62791,71,181753
9541,0.000896,172.31.40.0-255,66,62857,71,181753
9542,0.000907,74.125.24.0-255,5738,68595,71,181753
9543,0.00091,172.31.40.0-255,66,68661,71,181753
9544,0.000959,74.125.24.0-255,6797,75458,71,181753
9545,0.000962,172.31.40.0-255,66,75524,71,181753
9546,0.000995,74.125.24.0-255,7156,82680,71,181753
9547,0.000998,172.31.40.0-255,66,82746,71,181753
9548,0.001044,172.31.40.0-255,66,82812,71,181753
9549,0.001068,74.125.24.0-255,1125,83937,71,181753
9550,0.001486,74.125.24.0-255,1484,85421,71,181753
9551,0.001492,172.31.40.0-255,66,85487,71,181753
9552,0.0015,74.125.24.0-255,2902,88389,71,181753
9553,0.001502,172.31.40.0-255,66,88455,71,181753
9554,0.001513,74.125.24.0-255,5738,94193,71,181753
9555,0.001516,172.31.40.0-255,66,94259,71,181753
9556,0.001557,172.31.40.0-255,66,94325,71,181753
9557,0.00157,172.31.40.0-255,66,94391,71,181753
9558,0.001601,74.125.24.0-255,2184,96575,71,181753
9559,0.001603,172.31.40.0-255,66,96641,71,181753
9560,0.00167,74.125.24.0-255,1484,98125,71,181753
9561,0.001674,74.125.24.0-255,1484,99609,71,181753
9562,0.001677,172.31.40.0-255,66,99675,71,181753
9563,0.001709,74.125.24.0-255,1484,101159,71,181753
9564,0.001716,74.125.24.0-255,5738,106897,71,181753
9565,0.001719,172.31.40.0-255,66,106963,71,181753
9566,0.001737,172.31.40.0-255,66,107029,71,181753
9567,0.001775,172.31.40.0-255,66,107095,71,181753
9568,0.001786,172.31.40.0-255,66,107161,71,181753
9569,0.001828,74.125.24.0-255,5738,112899,71,181753
9570,0.001832,172.31.40.0-255,66,112965,71,181753
9571,0.001849,172.31.40.0-255,66,113031,71,181753
9572,0.001852,74.125.24.0-255,766,113797,71,181753
9573,0.001887,74.125.24.0-255,1484,115281,71,181753
9574,0.001889,172.31.40.0-255,66,115347,71,181753
9575,0.001895,74.125.24.0-255,4320,119667,71,181753
9576,0.001898,172.31.40.0-255,66,119733,71,181753
9577,0.001906,74.125.24.0-255,1484,121217,71,181753
9578,0.001932,74.125.24.0-255,5738,126955,71,181753
9579,0.001945,172.31.40.0-255,66,127021,71,181753
9580,0.001949,172.31.40.0-255,66,127087,71,181753
9581,0.001985,74.125.24.0-255,5738,132825,71,181753
9582,0.001989,172.31.40.0-255,66,132891,71,181753
9583,0.001995,74.125.24.0-255,5020,137911,71,181753
9584,0.001997,172.31.40.0-255,66,137977,71,181753
9585,0.002029,74.125.24.0-255,1484,139461,71,181753
9586,0.002034,74.125.24.0-255,2902,142363,71,181753
9587,0.002037,172.31.40.0-255,66,142429,71,181753
9588,0.002068,74.125.24.0-255,5738,148167,71,181753
9589,0.002071,172.31.40.0-255,66,148233,71,181753
9590,0.002075,74.125.24.0-255,1484,149717,71,181753
9591,0.002115,172.31.40.0-255,66,149783,71,181753
9592,0.002136,172.31.40.0-255,66,149849,71,181753
9593,0.00221,172.31.40.0-255,66,149915,71,181753
9594,0.002235,172.31.40.0-255,66,149981,71,181753
9595,0.002248,172.31.40.0-255,66,150047,71,181753
9596,0.002263,172.31.40.0-255,66,150113,71,181753
9597,0.00227,74.125.24.0-255,6438,156551,71,181753
9598,0.002273,172.31.40.0-255,66,156617,71,181753
9599,0.00228,74.125.24.0-255,7156,163773,71,181753
9600,0.002283,172.31.40.0-255,66,163839,71,181753
9601,0.002335,172.31.40.0-255,66,163905,71,181753
9602,0.002352,172.31.40.0-255,66,163971,71,181753
9603,0.002355,74.125.24.0-255,1484,165455,71,181753
9604,0.002405,74.125.24.0-255,6438,171893,71,181753
9605,0.002411,74.125.24.0-255,5078,176971,71,181753
9606,0.002416,172.31.40.0-255,66,177037,71,181753
9607,0.002441,74.125.24.0-255,105,177142,71,181753
9608,0.01138,172.31.40.0-255,66,177208,71,181753
9609,0.011424,172.31.40.0-255,105,177313,71,181753
9610,0.013932,74.125.24.0-255,66,177379,71,181753
9611,0.036593,172.31.40.0-255,192,177571,71,181753
9612,0.03663,172.31.40.0-255,1111,178682,71,181753
9613,0.036698,172.31.40.0-255,1514,180196,71,181753
9614,0.036701,172.31.40.0-255,1293,181489,71,181753
9615,0.03812,104.244.42.0-255,66,181555,71,181753
9616,0.038149,104.244.42.0-255,66,181621,71,181753
9617,0.038211,104.244.42.0-255,66,181687,71,181753
9618,0.03831,104.244.42.0-255,66,181753,71,181753
9619,0.0,74.125.200.0-255,153,153,71,328896
9620,2.2e-05,172.31.40.0-255,66,219,71,328896
9621,3e-05,74.125.200.0-255,1484,1703,71,328896
9622,3.5e-05,172.31.40.0-255,66,1769,71,328896
9623,4e-05,74.125.200.0-255,2902,4671,71,328896
9624,5e-05,172.31.40.0-255,66,4737,71,328896
9625,5.4e-05,74.125.200.0-255,1484,6221,71,328896
9626,5.7e-05,172.31.40.0-255,66,6287,71,328896
9627,6.2e-05,74.125.200.0-255,2902,9189,71,328896
9628,6.6e-05,172.31.40.0-255,66,9255,71,328896
9629,7.2e-05,74.125.200.0-255,4877,14132,71,328896
9630,7.5e-05,172.31.40.0-255,66,14198,71,328896
9631,0.000182,74.125.200.0-255,1484,15682,71,328896
9632,0.000186,172.31.40.0-255,66,15748,71,328896
9633,0.000208,74.125.200.0-255,2902,18650,71,328896
9634,0.000211,172.31.40.0-255,66,18716,71,328896
9635,0.000218,74.125.200.0-255,5738,24454,71,328896
9636,0.000221,172.31.40.0-255,66,24520,71,328896
9637,0.00023,74.125.200.0-255,6797,31317,71,328896
9638,0.000232,172.31.40.0-255,66,31383,71,328896
9639,0.000303,74.125.200.0-255,1484,32867,71,328896
9640,0.000307,172.31.40.0-255,66,32933,71,328896
9641,0.000311,74.125.200.0-255,1484,34417,71,328896
9642,0.000313,172.31.40.0-255,66,34483,71,328896
9643,0.000332,74.125.200.0-255,1484,35967,71,328896
9644,0.000338,172.31.40.0-255,66,36033,71,328896
9645,0.000353,74.125.200.0-255,1484,37517,71,328896
9646,0.000355,172.31.40.0-255,66,37583,71,328896
9647,0.000367,74.125.200.0-255,5738,43321,71,328896
9648,0.000369,172.31.40.0-255,66,43387,71,328896
9649,0.000423,74.125.200.0-255,5379,48766,71,328896
9650,0.000427,172.31.40.0-255,66,48832,71,328896
9651,0.000916,74.125.200.0-255,1484,50316,71,328896
9652,0.000922,74.125.200.0-255,1484,51800,71,328896
9653,0.000926,172.31.40.0-255,66,51866,71,328896
9654,0.000932,74.125.200.0-255,2902,54768,71,328896
9655,0.000935,172.31.40.0-255,66,54834,71,328896
9656,0.000973,74.125.200.0-255,5738,60572,71,328896
9657,0.000976,172.31.40.0-255,66,60638,71,328896
9658,0.000998,74.125.200.0-255,1484,62122,71,328896
9659,0.00102,74.125.200.0-255,2902,65024,71,328896
9660,0.001023,172.31.40.0-255,66,65090,71,328896
9661,0.00105,74.125.200.0-255,2543,67633,71,328896
9662,0.001053,172.31.40.0-255,66,67699,71,328896
9663,0.00106,74.125.200.0-255,7156,74855,71,328896
9664,0.001062,172.31.40.0-255,66,74921,71,328896
9665,0.001072,172.31.40.0-255,66,74987,71,328896
9666,0.001123,74.125.200.0-255,1484,76471,71,328896
9667,0.001139,74.125.200.0-255,1484,77955,71,328896
9668,0.001142,172.31.40.0-255,66,78021,71,328896
9669,0.001147,74.125.200.0-255,2902,80923,71,328896
9670,0.00115,172.31.40.0-255,66,80989,71,328896
9671,0.001154,74.125.200.0-255,2902,83891,71,328896
9672,0.001156,172.31.40.0-255,66,83957,71,328896
9673,0.001174,74.125.200.0-255,2902,86859,71,328896
9674,0.001177,172.31.40.0-255,66,86925,71,328896
9675,0.001186,74.125.200.0-255,5379,92304,71,328896
9676,0.001189,172.31.40.0-255,66,92370,71,328896
9677,0.001244,74.125.200.0-255,1484,93854,71,328896
9678,0.001271,74.125.200.0-255,2902,96756,71,328896
9679,0.001275,172.31.40.0-255,66,96822,71,328896
9680,0.001278,74.125.200.0-255,1484,98306,71,328896
9681,0.001308,74.125.200.0-255,1484,99790,71,328896
9682,0.00131,172.31.40.0-255,66,99856,71,328896
9683,0.00133,74.125.200.0-255,1484,101340,71,328896
9684,0.001336,74.125.200.0-255,5738,107078,71,328896
9685,0.001339,74.125.200.0-255,2543,109621,71,328896
9686,0.001344,172.31.40.0-255,66,109687,71,328896
9687,0.001347,172.31.40.0-255,66,109753,71,328896
9688,0.001401,74.125.200.0-255,1484,111237,71,328896
9689,0.001405,74.125.200.0-255,1484,112721,71,328896
9690,0.001416,172.31.40.0-255,66,112787,71,328896
9691,0.001419,74.125.200.0-255,1484,114271,71,328896
9692,0.00145,74.125.200.0-255,4320,118591,71,328896
9693,0.001453,172.31.40.0-255,66,118657,71,328896
9694,0.001491,74.125.200.0-255,2902,121559,71,328896
9695,0.001494,172.31.40.0-255,66,121625,71,328896
9696,0.001525,74.125.200.0-255,4320,125945,71,328896
9697,0.001529,172.31.40.0-255,66,126011,71,328896
9698,0.001532,74.125.200.0-255,1125,127136,71,328896
9699,0.001688,74.125.200.0-255,1484,128620,71,328896
9700,0.001692,172.31.40.0-255,66,128686,71,328896
9701,0.001698,74.125.200.0-255,2902,131588,71,328896
9702,0.0017,172.31.40.0-255,66,131654,71,328896
9703,0.001727,74.125.200.0-255,1484,133138,71,328896
9704,0.001749,74.125.200.0-255,2902,136040,71,328896
9705,0.001752,172.31.40.0-255,66,136106,71,328896
9706,0.001757,74.125.200.0-255,2902,139008,71,328896
9707,0.001759,172.31.40.0-255,66,139074,71,328896
9708,0.001791,74.125.200.0-255,2902,141976,71,328896
9709,0.001794,172.31.40.0-255,66,142042,71,328896
9710,0.001811,172.31.40.0-255,66,142108,71,328896
9711,0.001852,74.125.200.0-255,7156,149264,71,328896
9712,0.001856,172.31.40.0-255,66,149330,71,328896
9713,0.001883,74.125.200.0-255,2184,151514,71,328896
9714,0.001886,172.31.40.0-255,66,151580,71,328896
9715,0.001944,74.125.200.0-255,1484,153064,71,328896
9716,0.00195,74.125.200.0-255,2902,155966,71,328896
9717,0.001953,172.31.40.0-255,66,156032,71,328896
9718,0.001983,74.125.200.0-255,5738,161770,71,328896
9719,0.001986,172.31.40.0-255,66,161836,71,328896
9720,0.001991,74.125.200.0-255,2902,164738,71,328896
9721,0.001993,172.31.40.0-255,66,164804,71,328896
9722,0.002022,74.125.200.0-255,2902,167706,71,328896
9723,0.002024,172.31.40.0-255,66,167772,71,328896
9724,0.002036,74.125.200.0-255,7156,174928,71,328896
9725,0.002039,172.31.40.0-255,66,174994,71,328896
9726,0.002046,74.125.200.0-255,7156,182150,71,328896
9727,0.002048,172.31.40.0-255,66,182216,71,328896
9728,0.002076,74.125.200.0-255,1484,183700,71,328896
9729,0.002097,74.125.200.0-255,2184,185884,71,328896
9730,0.0021,172.31.40.0-255,66,185950,71,328896
9731,0.002105,74.125.200.0-255,2902,188852,71,328896
9732,0.002107,172.31.40.0-255,66,188918,71,328896
9733,0.002114,74.125.200.0-255,5738,194656,71,328896
9734,0.002116,172.31.40.0-255,66,194722,71,328896
9735,0.002133,74.125.200.0-255,1484,196206,71,328896
9736,0.002137,74.125.200.0-255,2902,199108,71,328896
9737,0.002144,172.31.40.0-255,66,199174,71,328896
9738,0.002168,74.125.200.0-255,7156,206330,71,328896
9739,0.002171,172.31.40.0-255,66,206396,71,328896
9740,0.002185,172.31.40.0-255,66,206462,71,328896
9741,0.002212,74.125.200.0-255,2184,208646,71,328896
9742,0.002219,172.31.40.0-255,66,208712,71,328896
9743,0.00223,74.125.200.0-255,1484,210196,71,328896
9744,0.002244,74.125.200.0-255,2902,213098,71,328896
9745,0.002246,172.31.40.0-255,66,213164,71,328896
9746,0.002271,74.125.200.0-255,5738,218902,71,328896
9747,0.002274,172.31.40.0-255,66,218968,71,328896
9748,0.00232,172.31.40.0-255,66,219034,71,328896
9749,0.002356,172.31.40.0-255,66,219100,71,328896
9750,0.002399,74.125.200.0-255,3602,222702,71,328896
9751,0.002401,172.31.40.0-255,66,222768,71,328896
9752,0.00248,74.125.200.0-255,1484,224252,71,328896
9753,0.002496,74.125.200.0-255,1484,225736,71,328896
9754,0.0025,172.31.40.0-255,66,225802,71,328896
9755,0.002505,74.125.200.0-255,2902,228704,71,328896
9756,0.002507,172.31.40.0-255,66,228770,71,328896
9757,0.002548,74.125.200.0-255,1484,230254,71,328896
9758,0.002561,74.125.200.0-255,2902,233156,71,328896
9759,0.002564,172.31.40.0-255,66,233222,71,328896
9760,0.0026,74.125.200.0-255,2902,236124,71,328896
9761,0.002603,172.31.40.0-255,66,236190,71,328896
9762,0.002628,74.125.200.0-255,3961,240151,71,328896
9763,0.002631,172.31.40.0-255,66,240217,71,328896
9764,0.005247,74.125.200.0-255,1484,241701,71,328896
9765,0.00531,74.125.200.0-255,4320,246021,71,328896
9766,0.005316,172.31.40.0-255,66,246087,71,328896
9767,0.007954,74.125.200.0-255,1484,247571,71,328896
9768,0.007969,74.125.200.0-255,4320,251891,71,328896
9769,0.007972,172.31.40.0-255,66,251957,71,328896
9770,0.01063,74.125.200.0-255,2902,254859,71,328896
9771,0.010637,172.31.40.0-255,66,254925,71,328896
9772,0.010665,74.125.200.0-255,2902,257827,71,328896
9773,0.010668,172.31.40.0-255,66,257893,71,328896
9774,0.013305,74.125.200.0-255,5738,263631,71,328896
9775,0.013317,172.31.40.0-255,66,263697,71,328896
9776,0.015971,74.125.200.0-255,5738,269435,71,328896
9777,0.015979,172.31.40.0-255,66,269501,71,328896
9778,0.018615,74.125.200.0-255,5738,275239,71,328896
9779,0.018623,172.31.40.0-255,66,275305,71,328896
9780,0.021265,74.125.200.0-255,5738,281043,71,328896
9781,0.021275,172.31.40.0-255,66,281109,71,328896
9782,0.023944,74.125.200.0-255,5738,286847,71,328896
9783,0.023953,172.31.40.0-255,66,286913,71,328896
9784,0.026589,74.125.200.0-255,5738,292651,71,328896
9785,0.026594,172.31.40.0-255,66,292717,71,328896
9786,0.029256,74.125.200.0-255,5738,298455,71,328896
9787,0.029263,172.31.40.0-255,66,298521,71,328896
9788,0.031916,74.125.200.0-255,5738,304259,71,328896
9789,0.031924,172.31.40.0-255,66,304325,71,328896
9790,0.032873,172.31.40.0-255,171,304496,71,328896
9791,0.032899,172.31.40.0-255,1137,305633,71,328896
9792,0.032949,172.31.40.0-255,1514,307147,71,328896
9793,0.03295,172.31.40.0-255,1514,308661,71,328896
9794,0.032954,172.31.40.0-255,1514,310175,71,328896
9795,0.032955,172.31.40.0-255,1045,311220,71,328896
9796,0.034568,104.244.42.0-255,66,311286,71,328896
9797,0.0346,74.125.200.0-255,5738,317024,71,328896
9798,0.034606,172.31.40.0-255,66,317090,71,328896
9799,0.034757,104.244.42.0-255,66,317156,71,328896
9800,0.034763,104.244.42.0-255,66,317222,71,328896
9801,0.034767,104.244.42.0-255,66,317288,71,328896
9802,0.037266,74.125.200.0-255,5738,323026,71,328896
9803,0.037273,172.31.40.0-255,66,323092,71,328896
9804,0.039915,74.125.200.0-255,5738,328830,71,328896
9805,0.039921,172.31.40.0-255,66,328896,71,328896
9806,0.0,74.125.24.0-255,153,153,71,179209
9807,1.7e-05,172.31.40.0-255,66,219,71,179209
9808,2.4e-05,74.125.24.0-255,1484,1703,71,179209
9809,2.9e-05,172.31.40.0-255,66,1769,71,179209
9810,3.5e-05,74.125.24.0-255,2902,4671,71,179209
9811,3.8e-05,172.31.40.0-255,66,4737,71,179209
9812,6.5e-05,74.125.24.0-255,7156,11893,71,179209
9813,6.8e-05,172.31.40.0-255,66,11959,71,179209
9814,7.2e-05,74.125.24.0-255,2099,14058,71,179209
9815,7.4e-05,172.31.40.0-255,66,14124,71,179209
9816,0.000114,172.31.40.0-255,66,14190,71,179209
9817,0.00012,74.125.24.0-255,5379,19569,71,179209
9818,0.000123,172.31.40.0-255,66,19635,71,179209
9819,0.000177,74.125.24.0-255,1484,21119,71,179209
9820,0.00018,172.31.40.0-255,66,21185,71,179209
9821,0.000185,74.125.24.0-255,2902,24087,71,179209
9822,0.000187,172.31.40.0-255,66,24153,71,179209
9823,0.000199,74.125.24.0-255,1484,25637,71,179209
9824,0.000202,172.31.40.0-255,66,25703,71,179209
9825,0.00022,74.125.24.0-255,4320,30023,71,179209
9826,0.000223,172.31.40.0-255,66,30089,71,179209
9827,0.00023,74.125.24.0-255,6797,36886,71,179209
9828,0.000232,172.31.40.0-255,66,36952,71,179209
9829,0.000256,74.125.24.0-255,4320,41272,71,179209
9830,0.000258,172.31.40.0-255,66,41338,71,179209
9831,0.000293,172.31.40.0-255,66,41404,71,179209
9832,0.000297,74.125.24.0-255,2822,44226,71,179209
9833,0.0003,172.31.40.0-255,66,44292,71,179209
9834,0.000302,74.125.24.0-255,132,44424,71,179209
9835,0.000305,172.31.40.0-255,66,44490,71,179209
9836,0.000308,74.125.24.0-255,343,44833,71,179209
9837,0.000558,74.125.24.0-255,1484,46317,71,179209
9838,0.000564,172.31.40.0-255,66,46383,71,179209
9839,0.000569,74.125.24.0-255,2902,49285,71,179209
9840,0.000572,172.31.40.0-255,66,49351,71,179209
9841,0.000578,74.125.24.0-255,5738,55089,71,179209
9842,0.000581,172.31.40.0-255,66,55155,71,179209
9843,0.000615,172.31.40.0-255,66,55221,71,179209
9844,0.00064,74.125.24.0-255,2902,58123,71,179209
9845,0.000643,172.31.40.0-255,66,58189,71,179209
9846,0.000655,172.31.40.0-255,66,58255,71,179209
9847,0.000711,74.125.24.0-255,1484,59739,71,179209
9848,0.000715,74.125.24.0-255,1484,61223,71,179209
9849,0.000717,172.31.40.0-255,66,61289,71,179209
9850,0.000736,74.125.24.0-255,1484,62773,71,179209
9851,0.000743,74.125.24.0-255,5738,68511,71,179209
9852,0.000746,172.31.40.0-255,66,68577,71,179209
9853,0.000799,172.31.40.0-255,66,68643,71,179209
9854,0.000811,172.31.40.0-255,66,68709,71,179209
9855,0.00084,172.31.40.0-255,66,68775,71,179209
9856,0.000859,74.125.24.0-255,7156,75931,71,179209
9857,0.000862,172.31.40.0-255,66,75997,71,179209
9858,0.000879,172.31.40.0-255,66,76063,71,179209
9859,0.000891,74.125.24.0-255,1484,77547,71,179209
9860,0.000894,74.125.24.0-255,766,78313,71,179209
9861,0.000896,172.31.40.0-255,66,78379,71,179209
9862,0.001067,74.125.24.0-255,1484,79863,71,179209
9863,0.001071,74.125.24.0-255,2902,82765,71,179209
9864,0.001078,172.31.40.0-255,66,82831,71,179209
9865,0.0011,74.125.24.0-255,5738,88569,71,179209
9866,0.001103,172.31.40.0-255,66,88635,71,179209
9867,0.001113,172.31.40.0-255,66,88701,71,179209
9868,0.001131,74.125.24.0-255,4320,93021,71,179209
9869,0.001134,172.31.40.0-255,66,93087,71,179209
9870,0.001145,172.31.40.0-255,66,93153,71,179209
9871,0.001163,74.125.24.0-255,2184,95337,71,179209
9872,0.001166,172.31.40.0-255,66,95403,71,179209
9873,0.001197,74.125.24.0-255,1484,96887,71,179209
9874,0.001202,74.125.24.0-255,2902,99789,71,179209
9875,0.001205,172.31.40.0-255,66,99855,71,179209
9876,0.00123,74.125.24.0-255,5738,105593,71,179209
9877,0.001233,172.31.40.0-255,66,105659,71,179209
9878,0.00124,74.125.24.0-255,7156,112815,71,179209
9879,0.001243,172.31.40.0-255,66,112881,71,179209
9880,0.001289,172.31.40.0-255,66,112947,71,179209
9881,0.001293,74.125.24.0-255,2184,115131,71,179209
9882,0.001295,172.31.40.0-255,66,115197,71,179209
9883,0.001344,74.125.24.0-255,5738,120935,71,179209
9884,0.001363,172.31.40.0-255,66,121001,71,179209
9885,0.001394,74.125.24.0-255,7156,128157,71,179209
9886,0.001397,172.31.40.0-255,66,128223,71,179209
9887,0.001415,172.31.40.0-255,66,128289,71,179209
9888,0.001422,74.125.24.0-255,6438,134727,71,179209
9889,0.001425,172.31.40.0-255,66,134793,71,179209
9890,0.001442,74.125.24.0-255,1484,136277,71,179209
9891,0.001447,74.125.24.0-255,2902,139179,71,179209
9892,0.00145,172.31.40.0-255,66,139245,71,179209
9893,0.001456,74.125.24.0-255,4320,143565,71,179209
9894,0.001458,172.31.40.0-255,66,143631,71,179209
9895,0.001472,74.125.24.0-255,1484,145115,71,179209
9896,0.001492,172.31.40.0-255,66,145181,71,179209
9897,0.001518,74.125.24.0-255,4320,149501,71,179209
9898,0.001587,172.31.40.0-255,66,149567,71,179209
9899,0.001591,172.31.40.0-255,66,149633,71,179209
9900,0.001595,74.125.24.0-255,2184,151817,71,179209
9901,0.001597,172.31.40.0-255,66,151883,71,179209
9902,0.001602,74.125.24.0-255,2902,154785,71,179209
9903,0.001604,172.31.40.0-255,66,154851,71,179209
9904,0.001611,74.125.24.0-255,7156,162007,71,179209
9905,0.001613,172.31.40.0-255,66,162073,71,179209
9906,0.001629,172.31.40.0-255,66,162139,71,179209
9907,0.00166,74.125.24.0-255,7156,169295,71,179209
9908,0.001664,172.31.40.0-255,66,169361,71,179209
9909,0.001697,74.125.24.0-255,5020,174381,71,179209
9910,0.001701,172.31.40.0-255,66,174447,71,179209
9911,0.00173,172.31.40.0-255,66,174513,71,179209
9912,0.001752,172.31.40.0-255,66,174579,71,179209
9913,0.001792,74.125.24.0-255,105,174684,71,179209
9914,0.001811,172.31.40.0-255,66,174750,71,179209
9915,0.004125,172.31.40.0-255,105,174855,71,179209
9916,0.006678,74.125.24.0-255,66,174921,71,179209
9917,0.029499,172.31.40.0-255,172,175093,71,179209
9918,0.02953,172.31.40.0-255,1111,176204,71,179209
9919,0.029826,172.31.40.0-255,1514,177718,71,179209
9920,0.029828,172.31.40.0-255,1293,179011,71,179209
9921,0.030977,104.244.42.0-255,66,179077,71,179209
9922,0.031009,104.244.42.0-255,66,179143,71,179209
9923,0.031366,104.244.42.0-255,66,179209,71,179209
9924,0.0,172.217.194.0-255,153,153,71,232059
9925,1.5e-05,172.31.40.0-255,66,219,71,232059
9926,2.1e-05,172.217.194.0-255,1484,1703,71,232059
9927,2.5e-05,172.31.40.0-255,66,1769,71,232059
9928,5.4e-05,172.217.194.0-255,2902,4671,71,232059
9929,5.8e-05,172.31.40.0-255,66,4737,71,232059
9930,6.6e-05,172.217.194.0-255,7156,11893,71,232059
9931,6.9e-05,172.31.40.0-255,66,11959,71,232059
9932,7.3e-05,172.217.194.0-255,2101,14060,71,232059
9933,7.6e-05,172.31.40.0-255,66,14126,71,232059
9934,0.000235,172.217.194.0-255,1484,15610,71,232059
9935,0.00024,172.31.40.0-255,66,15676,71,232059
9936,0.000271,172.217.194.0-255,2902,18578,71,232059
9937,0.000274,172.31.40.0-255,66,18644,71,232059
9938,0.000279,172.217.194.0-255,2902,21546,71,232059
9939,0.000281,172.31.40.0-255,66,21612,71,232059
9940,0.000294,172.217.194.0-255,1484,23096,71,232059
9941,0.000296,172.31.40.0-255,66,23162,71,232059
9942,0.00033,172.217.194.0-255,4320,27482,71,232059
9943,0.000333,172.31.40.0-255,66,27548,71,232059
9944,0.000349,172.217.194.0-255,5379,32927,71,232059
9945,0.000352,172.31.40.0-255,66,32993,71,232059
9946,0.000392,172.217.194.0-255,1484,34477,71,232059
9947,0.000395,172.31.40.0-255,66,34543,71,232059
9948,0.0004,172.217.194.0-255,2902,37445,71,232059
9949,0.000402,172.31.40.0-255,66,37511,71,232059
9950,0.000415,172.217.194.0-255,2902,40413,71,232059
9951,0.000417,172.31.40.0-255,66,40479,71,232059
9952,0.00044,172.217.194.0-255,2902,43381,71,232059
9953,0.000443,172.31.40.0-255,66,43447,71,232059
9954,0.000477,172.217.194.0-255,4320,47767,71,232059
9955,0.000482,172.31.40.0-255,66,47833,71,232059
9956,0.000501,172.217.194.0-255,5738,53571,71,232059
9957,0.000534,172.217.194.0-255,7156,60727,71,232059
9958,0.000537,172.31.40.0-255,66,60793,71,232059
9959,0.000542,172.31.40.0-255,66,60859,71,232059
9960,0.000556,172.217.194.0-255,2902,63761,71,232059
9961,0.000574,172.31.40.0-255,66,63827,71,232059
9962,0.000581,172.217.194.0-255,2184,66011,71,232059
9963,0.000586,172.31.40.0-255,66,66077,71,232059
9964,0.000616,172.217.194.0-255,377,66454,71,232059
9965,0.00073,172.217.194.0-255,1484,67938,71,232059
9966,0.000736,172.217.194.0-255,2902,70840,71,232059
9967,0.000745,172.217.194.0-255,1484,72324,71,232059
9968,0.000762,172.217.194.0-255,4320,76644,71,232059
9969,0.000765,172.31.40.0-255,66,76710,71,232059
9970,0.00077,172.31.40.0-255,66,76776,71,232059
9971,0.000779,172.217.194.0-255,2902,79678,71,232059
9972,0.000799,172.31.40.0-255,66,79744,71,232059
9973,0.000814,172.31.40.0-255,66,79810,71,232059
9974,0.000835,172.217.194.0-255,1484,81294,71,232059
9975,0.000877,172.31.40.0-255,66,81360,71,232059
9976,0.000884,172.217.194.0-255,367,81727,71,232059
9977,0.00093,172.217.194.0-255,1484,83211,71,232059
9978,0.000936,172.31.40.0-255,66,83277,71,232059
9979,0.000945,172.217.194.0-255,2902,86179,71,232059
9980,0.000954,172.31.40.0-255,66,86245,71,232059
9981,0.000958,172.217.194.0-255,2902,89147,71,232059
9982,0.000974,172.217.194.0-255,2902,92049,71,232059
9983,0.000983,172.31.40.0-255,66,92115,71,232059
9984,0.00099,172.217.194.0-255,1484,93599,71,232059
9985,0.001026,172.31.40.0-255,66,93665,71,232059
9986,0.001042,172.217.194.0-255,5738,99403,71,232059
9987,0.001064,172.217.194.0-255,6438,105841,71,232059
9988,0.001068,172.31.40.0-255,66,105907,71,232059
9989,0.001136,172.217.194.0-255,1484,107391,71,232059
9990,0.001161,172.217.194.0-255,2902,110293,71,232059
9991,0.001169,172.31.40.0-255,66,110359,71,232059
9992,0.001182,172.217.194.0-255,5738,116097,71,232059
9993,0.001188,172.217.194.0-255,4320,120417,71,232059
9994,0.001208,172.217.194.0-255,4320,124737,71,232059
9995,0.001217,172.31.40.0-255,66,124803,71,232059
9996,0.001228,172.217.194.0-255,4320,129123,71,232059
9997,0.001242,172.217.194.0-255,2902,132025,71,232059
9998,0.001247,172.217.194.0-255,2902,134927,71,232059
9999,0.001268,172.217.194.0-255,5020,139947,71,232059
10000,0.00127,172.31.40.0-255,66,140013,71,232059
10001,0.001275,172.31.40.0-255,66,140079,71,232059
10002,0.001355,172.217.194.0-255,1484,141563,71,232059
10003,0.00137,172.217.194.0-255,1484,143047,71,232059
10004,0.001377,172.31.40.0-255,66,143113,71,232059
10005,0.001384,172.217.194.0-255,1484,144597,71,232059
10006,0.001387,172.217.194.0-255,1484,146081,71,232059
10007,0.001398,172.217.194.0-255,2902,148983,71,232059
10008,0.001401,172.217.194.0-255,1484,150467,71,232059
10009,0.001404,172.31.40.0-255,66,150533,71,232059
10010,0.001413,172.217.194.0-255,2902,153435,71,232059
10011,0.001428,172.217.194.0-255,4320,157755,71,232059
10012,0.001499,172.31.40.0-255,66,157821,71,232059
10013,0.00157,172.217.194.0-255,1484,159305,71,232059
10014,0.001575,172.217.194.0-255,2902,162207,71,232059
10015,0.001586,172.31.40.0-255,66,162273,71,232059
10016,0.001598,172.217.194.0-255,5738,168011,71,232059
10017,0.001603,172.31.40.0-255,66,168077,71,232059
10018,0.00164,172.217.194.0-255,1484,169561,71,232059
10019,0.001646,172.31.40.0-255,66,169627,71,232059
10020,0.001688,172.217.194.0-255,1484,171111,71,232059
10021,0.0017,172.217.194.0-255,2902,174013,71,232059
10022,0.001705,172.31.40.0-255,66,174079,71,232059
10023,0.001727,172.217.194.0-255,5738,179817,71,232059
10024,0.001735,172.31.40.0-255,66,179883,71,232059
10025,0.001769,172.217.194.0-255,5738,185621,71,232059
10026,0.001786,172.31.40.0-255,66,185687,71,232059
10027,0.001823,172.31.40.0-255,66,185753,71,232059
10028,0.001849,172.31.40.0-255,66,185819,71,232059
10029,0.001867,172.217.194.0-255,4320,190139,71,232059
10030,0.001877,172.31.40.0-255,66,190205,71,232059
10031,0.001901,172.217.194.0-255,2902,193107,71,232059
10032,0.001937,172.217.194.0-255,1484,194591,71,232059
10033,0.001942,172.31.40.0-255,66,194657,71,232059
10034,0.001954,172.217.194.0-255,2902,197559,71,232059
10035,0.00202,172.31.40.0-255,66,197625,71,232059
10036,0.002028,172.217.194.0-255,1484,199109,71,232059
10037,0.002035,172.217.194.0-255,7156,206265,71,232059
10038,0.002072,172.31.40.0-255,66,206331,71,232059
10039,0.004093,172.217.194.0-255,5738,212069,71,232059
10040,0.0041,172.31.40.0-255,66,212135,71,232059
10041,0.006083,172.217.194.0-255,1484,213619,71,232059
10042,0.006101,172.217.194.0-255,4320,217939,71,232059
10043,0.011248,172.31.40.0-255,66,218005,71,232059
10044,0.013182,172.217.194.0-255,1484,219489,71,232059
10045,0.013222,172.217.194.0-255,4320,223809,71,232059
10046,0.013226,172.31.40.0-255,66,223875,71,232059
10047,0.015213,172.217.194.0-255,2802,226677,71,232059
10048,0.016598,172.31.40.0-255,66,226743,71,232059
10049,0.016848,172.31.40.0-255,105,226848,71,232059
10050,0.018815,172.217.194.0-255,66,226914,71,232059
10051,0.03725,172.31.40.0-255,172,227086,71,232059
10052,0.037282,172.31.40.0-255,1108,228194,71,232059
10053,0.037349,172.31.40.0-255,1514,229708,71,232059
10054,0.037351,172.31.40.0-255,1514,231222,71,232059
10055,0.037374,172.31.40.0-255,573,231795,71,232059
10056,0.038801,104.244.42.0-255,66,231861,71,232059
10057,0.038848,104.244.42.0-255,66,231927,71,232059
10058,0.038941,104.244.42.0-255,66,231993,71,232059
10059,0.038962,104.244.42.0-255,66,232059,71,232059
10060,0.0,74.125.68.0-255,152,152,71,284429
10061,1.2e-05,172.31.40.0-255,66,218,71,284429
10062,5.3e-05,74.125.68.0-255,1484,1702,71,284429
10063,5.7e-05,172.31.40.0-255,66,1768,71,284429
10064,8e-05,74.125.68.0-255,1484,3252,71,284429
10065,8.2e-05,172.31.40.0-255,66,3318,71,284429
10066,0.0001,74.125.68.0-255,2902,6220,71,284429
10067,0.000104,172.31.40.0-255,66,6286,71,284429
10068,0.00013,74.125.68.0-255,5738,12024,71,284429
10069,0.000132,172.31.40.0-255,66,12090,71,284429
10070,0.000136,74.125.68.0-255,2074,14164,71,284429
10071,0.000138,172.31.40.0-255,66,14230,71,284429
10072,0.000257,74.125.68.0-255,1484,15714,71,284429
10073,0.000261,172.31.40.0-255,66,15780,71,284429
10074,0.000274,74.125.68.0-255,2902,18682,71,284429
10075,0.000277,172.31.40.0-255,66,18748,71,284429
10076,0.000293,74.125.68.0-255,5738,24486,71,284429
10077,0.000298,172.31.40.0-255,66,24552,71,284429
10078,0.000333,74.125.68.0-255,6797,31349,71,284429
10079,0.000336,172.31.40.0-255,66,31415,71,284429
10080,0.000346,74.125.68.0-255,1484,32899,71,284429
10081,0.000348,172.31.40.0-255,66,32965,71,284429
10082,0.000378,74.125.68.0-255,2902,35867,71,284429
10083,0.00038,172.31.40.0-255,66,35933,71,284429
10084,0.000404,74.125.68.0-255,2902,38835,71,284429
10085,0.000406,172.31.40.0-255,66,38901,71,284429
10086,0.000446,74.125.68.0-255,4320,43221,71,284429
10087,0.000448,172.31.40.0-255,66,43287,71,284429
10088,0.000453,74.125.68.0-255,2902,46189,71,284429
10089,0.000454,172.31.40.0-255,66,46255,71,284429
10090,0.00047,74.125.68.0-255,1484,47739,71,284429
10091,0.000472,172.31.40.0-255,66,47805,71,284429
10092,0.000495,74.125.68.0-255,2902,50707,71,284429
10093,0.000504,74.125.68.0-255,4320,55027,71,284429
10094,0.000519,74.125.68.0-255,4320,59347,71,284429
10095,0.00055,74.125.68.0-255,2902,62249,71,284429
10096,0.000574,74.125.68.0-255,3602,65851,71,284429
10097,0.000577,74.125.68.0-255,359,66210,71,284429
10098,0.000583,172.31.40.0-255,66,66276,71,284429
10099,0.000617,74.125.68.0-255,135,66411,71,284429
10100,0.000824,74.125.68.0-255,1484,67895,71,284429
10101,0.000829,74.125.68.0-255,2902,70797,71,284429
10102,0.000846,172.31.40.0-255,66,70863,71,284429
10103,0.000875,74.125.68.0-255,5738,76601,71,284429
10104,0.000911,172.31.40.0-255,66,76667,71,284429
10105,0.000943,74.125.68.0-255,1484,78151,71,284429
10106,0.000957,74.125.68.0-255,5738,83889,71,284429
10107,0.000969,74.125.68.0-255,3602,87491,71,284429
10108,0.000974,74.125.68.0-255,4320,91811,71,284429
10109,0.000984,172.31.40.0-255,66,91877,71,284429
10110,0.000995,74.125.68.0-255,7156,99033,71,284429
10111,0.001003,74.125.68.0-255,2902,101935,71,284429
10112,0.001008,172.31.40.0-255,66,102001,71,284429
10113,0.00103,74.125.68.0-255,1484,103485,71,284429
10114,0.001054,74.125.68.0-255,4320,107805,71,284429
10115,0.001072,74.125.68.0-255,2902,110707,71,284429
10116,0.001078,172.31.40.0-255,66,110773,71,284429
10117,0.001085,74.125.68.0-255,1484,112257,71,284429
10118,0.001116,172.31.40.0-255,66,112323,71,284429
10119,0.001145,74.125.68.0-255,1484,113807,71,284429
10120,0.001148,74.125.68.0-255,1484,115291,71,284429
10121,0.001152,172.31.40.0-255,66,115357,71,284429
10122,0.001181,74.125.68.0-255,1484,116841,71,284429
10123,0.001187,74.125.68.0-255,5738,122579,71,284429
10124,0.001202,172.31.40.0-255,66,122645,71,284429
10125,0.001249,74.125.68.0-255,2902,125547,71,284429
10126,0.001263,74.125.68.0-255,2902,128449,71,284429
10127,0.001265,74.125.68.0-255,1484,129933,71,284429
10128,0.00127,74.125.68.0-255,2902,132835,71,284429
10129,0.00128,74.125.68.0-255,1484,134319,71,284429
10130,0.001283,172.31.40.0-255,66,134385,71,284429
10131,0.001301,74.125.68.0-255,4320,138705,71,284429
10132,0.00132,172.31.40.0-255,66,138771,71,284429
10133,0.001323,74.125.68.0-255,1484,140255,71,284429
10134,0.001346,74.125.68.0-255,4320,144575,71,284429
10135,0.001351,172.31.40.0-255,66,144641,71,284429
10136,0.00136,74.125.68.0-255,2184,146825,71,284429
10137,0.001383,172.31.40.0-255,66,146891,71,284429
10138,0.001581,74.125.68.0-255,346,147237,71,284429
10139,0.001627,74.125.68.0-255,1484,148721,71,284429
10140,0.00163,172.31.40.0-255,66,148787,71,284429
10141,0.001658,74.125.68.0-255,4320,153107,71,284429
10142,0.001662,74.125.68.0-255,2902,156009,71,284429
10143,0.001671,172.31.40.0-255,66,156075,71,284429
10144,0.001681,74.125.68.0-255,2902,158977,71,284429
10145,0.001697,74.125.68.0-255,4320,163297,71,284429
10146,0.001705,172.31.40.0-255,66,163363,71,284429
10147,0.001723,74.125.68.0-255,4320,167683,71,284429
10148,0.001757,74.125.68.0-255,5738,173421,71,284429
10149,0.001773,74.125.68.0-255,4320,177741,71,284429
10150,0.001776,74.125.68.0-255,3602,181343,71,284429
10151,0.001779,172.31.40.0-255,66,181409,71,284429
10152,0.001783,172.31.40.0-255,66,181475,71,284429
10153,0.0038,74.125.68.0-255,5738,187213,71,284429
10154,0.003807,172.31.40.0-255,66,187279,71,284429
10155,0.00583,74.125.68.0-255,5738,193017,71,284429
10156,0.006537,172.31.40.0-255,66,193083,71,284429
10157,0.008559,74.125.68.0-255,5738,198821,71,284429
10158,0.008566,172.31.40.0-255,66,198887,71,284429
10159,0.010585,74.125.68.0-255,5738,204625,71,284429
10160,0.010592,172.31.40.0-255,66,204691,71,284429
10161,0.012608,74.125.68.0-255,5738,210429,71,284429
10162,0.014493,172.31.40.0-255,66,210495,71,284429
10163,0.016525,74.125.68.0-255,5738,216233,71,284429
10164,0.016534,172.31.40.0-255,66,216299,71,284429
10165,0.018557,74.125.68.0-255,5738,222037,71,284429
10166,0.018564,172.31.40.0-255,66,222103,71,284429
10167,0.020585,74.125.68.0-255,5738,227841,71,284429
10168,0.020591,172.31.40.0-255,66,227907,71,284429
10169,0.022615,74.125.68.0-255,5738,233645,71,284429
10170,0.022621,172.31.40.0-255,66,233711,71,284429
10171,0.024638,74.125.68.0-255,5738,239449,71,284429
10172,0.024643,172.31.40.0-255,66,239515,71,284429
10173,0.025628,172.31.40.0-255,172,239687,71,284429
10174,0.02566,172.31.40.0-255,1113,240800,71,284429
10175,0.02572,172.31.40.0-255,1514,242314,71,284429
10176,0.025722,172.31.40.0-255,1289,243603,71,284429
10177,0.026683,74.125.68.0-255,5738,249341,71,284429
10178,0.02669,172.31.40.0-255,66,249407,71,284429
10179,0.027207,104.244.42.0-255,66,249473,71,284429
10180,0.027261,104.244.42.0-255,66,249539,71,284429
10181,0.02729,104.244.42.0-255,66,249605,71,284429
10182,0.028716,74.125.68.0-255,5738,255343,71,284429
10183,0.028723,172.31.40.0-255,66,255409,71,284429
10184,0.030752,74.125.68.0-255,5738,261147,71,284429
10185,0.030758,172.31.40.0-255,66,261213,71,284429
10186,0.032782,74.125.68.0-255,5738,266951,71,284429
10187,0.032788,172.31.40.0-255,66,267017,71,284429
10188,0.034812,74.125.68.0-255,5738,272755,71,284429
10189,0.034817,172.31.40.0-255,66,272821,71,284429
10190,0.036835,74.125.68.0-255,5738,278559,71,284429
10191,0.036842,172.31.40.0-255,66,278625,71,284429
10192,0.038861,74.125.68.0-255,5738,284363,71,284429
10193,0.038867,172.31.40.0-255,66,284429,71,284429
10194,0.0,172.31.40.0-255,105,105,71,276
10195,0.001763,157.240.24.0-255,105,210,71,276
10196,0.001784,172.31.40.0-255,66,276,71,276
10197,0.0,74.125.130.0-255,153,153,71,275247
10198,2.3e-05,172.31.40.0-255,66,219,71,275247
10199,3e-05,74.125.130.0-255,1484,1703,71,275247
10200,3.5e-05,172.31.40.0-255,66,1769,71,275247
10201,4.1e-05,74.125.130.0-255,2902,4671,71,275247
10202,4.5e-05,172.31.40.0-255,66,4737,71,275247
10203,5.1e-05,74.125.130.0-255,5738,10475,71,275247
10204,5.4e-05,172.31.40.0-255,66,10541,71,275247
10205,5.8e-05,74.125.130.0-255,2902,13443,71,275247
10206,6.1e-05,172.31.40.0-255,66,13509,71,275247
10207,9e-05,172.31.40.0-255,66,13575,71,275247
10208,0.000117,74.125.130.0-255,6797,20372,71,275247
10209,0.00012,172.31.40.0-255,66,20438,71,275247
10210,0.000145,74.125.130.0-255,1484,21922,71,275247
10211,0.000148,172.31.40.0-255,66,21988,71,275247
10212,0.000171,74.125.130.0-255,5738,27726,71,275247
10213,0.000174,172.31.40.0-255,66,27792,71,275247
10214,0.000179,74.125.130.0-255,4320,32112,71,275247
10215,0.000181,172.31.40.0-255,66,32178,71,275247
10216,0.000187,74.125.130.0-255,5379,37557,71,275247
10217,0.000189,172.31.40.0-255,66,37623,71,275247
10218,0.000233,74.125.130.0-255,1484,39107,71,275247
10219,0.000235,172.31.40.0-255,66,39173,71,275247
10220,0.000239,74.125.130.0-255,1484,40657,71,275247
10221,0.000241,172.31.40.0-255,66,40723,71,275247
10222,0.000253,74.125.130.0-255,1484,42207,71,275247
10223,0.000255,172.31.40.0-255,66,42273,71,275247
10224,0.000271,74.125.130.0-255,2902,45175,71,275247
10225,0.000274,172.31.40.0-255,66,45241,71,275247
10226,0.000293,74.125.130.0-255,2902,48143,71,275247
10227,0.000296,172.31.40.0-255,66,48209,71,275247
10228,0.000304,74.125.130.0-255,6797,55006,71,275247
10229,0.000306,172.31.40.0-255,66,55072,71,275247
10230,0.000309,74.125.130.0-255,393,55465,71,275247
10231,0.000395,74.125.130.0-255,1484,56949,71,275247
10232,0.000399,172.31.40.0-255,66,57015,71,275247
10233,0.000405,74.125.130.0-255,2902,59917,71,275247
10234,0.000407,172.31.40.0-255,66,59983,71,275247
10235,0.000412,74.125.130.0-255,2902,62885,71,275247
10236,0.000413,172.31.40.0-255,66,62951,71,275247
10237,0.00044,74.125.130.0-255,2902,65853,71,275247
10238,0.000443,172.31.40.0-255,66,65919,71,275247
10239,0.00045,74.125.130.0-255,6797,72716,71,275247
10240,0.000453,172.31.40.0-255,66,72782,71,275247
10241,0.000508,172.31.40.0-255,66,72848,71,275247
10242,0.000512,74.125.130.0-255,2543,75391,71,275247
10243,0.000514,172.31.40.0-255,66,75457,71,275247
10244,0.000517,74.125.130.0-255,380,75837,71,275247
10245,0.000641,74.125.130.0-255,1484,77321,71,275247
10246,0.000644,172.31.40.0-255,66,77387,71,275247
10247,0.00065,74.125.130.0-255,2902,80289,71,275247
10248,0.000651,172.31.40.0-255,66,80355,71,275247
10249,0.000675,74.125.130.0-255,4320,84675,71,275247
10250,0.000677,172.31.40.0-255,66,84741,71,275247
10251,0.000696,74.125.130.0-255,1484,86225,71,275247
10252,0.000698,74.125.130.0-255,1484,87709,71,275247
10253,0.0007,172.31.40.0-255,66,87775,71,275247
10254,0.00071,172.31.40.0-255,66,87841,71,275247
10255,0.000757,172.31.40.0-255,66,87907,71,275247
10256,0.000813,74.125.130.0-255,1484,89391,71,275247
10257,0.000836,74.125.130.0-255,1484,90875,71,275247
10258,0.000839,172.31.40.0-255,66,90941,71,275247
10259,0.000858,74.125.130.0-255,1484,92425,71,275247
10260,0.000865,74.125.130.0-255,5738,98163,71,275247
10261,0.000867,172.31.40.0-255,66,98229,71,275247
10262,0.000877,172.31.40.0-255,66,98295,71,275247
10263,0.00089,74.125.130.0-255,2902,101197,71,275247
10264,0.000892,172.31.40.0-255,66,101263,71,275247
10265,0.000903,172.31.40.0-255,66,101329,71,275247
10266,0.000932,74.125.130.0-255,4320,105649,71,275247
10267,0.000934,172.31.40.0-255,66,105715,71,275247
10268,0.000956,74.125.130.0-255,7156,112871,71,275247
10269,0.000959,172.31.40.0-255,66,112937,71,275247
10270,0.000963,74.125.130.0-255,4320,117257,71,275247
10271,0.000965,172.31.40.0-255,66,117323,71,275247
10272,0.000992,172.31.40.0-255,66,117389,71,275247
10273,0.00103,172.31.40.0-255,66,117455,71,275247
10274,0.001068,74.125.130.0-255,1484,118939,71,275247
10275,0.001085,74.125.130.0-255,2902,121841,71,275247
10276,0.001088,172.31.40.0-255,66,121907,71,275247
10277,0.001092,74.125.130.0-255,2902,124809,71,275247
10278,0.001094,172.31.40.0-255,66,124875,71,275247
10279,0.001108,74.125.130.0-255,2902,127777,71,275247
10280,0.00111,172.31.40.0-255,66,127843,71,275247
10281,0.001113,74.125.130.0-255,1484,129327,71,275247
10282,0.001136,172.31.40.0-255,66,129393,71,275247
10283,0.00116,74.125.130.0-255,1484,130877,71,275247
10284,0.001172,74.125.130.0-255,766,131643,71,275247
10285,0.001181,172.31.40.0-255,66,131709,71,275247
10286,0.001212,74.125.130.0-255,1484,133193,71,275247
10287,0.001215,172.31.40.0-255,66,133259,71,275247
10288,0.001235,74.125.130.0-255,4320,137579,71,275247
10289,0.001238,172.31.40.0-255,66,137645,71,275247
10290,0.001241,74.125.130.0-255,1484,139129,71,275247
10291,0.001261,74.125.130.0-255,4320,143449,71,275247
10292,0.001264,172.31.40.0-255,66,143515,71,275247
10293,0.001276,74.125.130.0-255,7156,150671,71,275247
10294,0.001279,172.31.40.0-255,66,150737,71,275247
10295,0.001285,74.125.130.0-255,5738,156475,71,275247
10296,0.001287,172.31.40.0-255,66,156541,71,275247
10297,0.001324,172.31.40.0-255,66,156607,71,275247
10298,0.001326,74.125.130.0-255,766,157373,71,275247
10299,0.001794,74.125.130.0-255,1484,158857,71,275247
10300,0.001799,74.125.130.0-255,2902,161759,71,275247
10301,0.001804,74.125.130.0-255,4320,166079,71,275247
10302,0.001814,172.31.40.0-255,66,166145,71,275247
10303,0.001818,172.31.40.0-255,66,166211,71,275247
10304,0.00182,172.31.40.0-255,66,166277,71,275247
10305,0.001854,172.31.40.0-255,66,166343,71,275247
10306,0.001858,74.125.130.0-255,2902,169245,71,275247
10307,0.00186,172.31.40.0-255,66,169311,71,275247
10308,0.001881,74.125.130.0-255,7156,176467,71,275247
10309,0.001883,172.31.40.0-255,66,176533,71,275247
10310,0.001909,74.125.130.0-255,2902,179435,71,275247
10311,0.001912,172.31.40.0-255,66,179501,71,275247
10312,0.001932,74.125.130.0-255,3602,183103,71,275247
10313,0.001935,172.31.40.0-255,66,183169,71,275247
10314,0.003991,74.125.130.0-255,1484,184653,71,275247
10315,0.004019,74.125.130.0-255,1484,186137,71,275247
10316,0.004023,172.31.40.0-255,66,186203,71,275247
10317,0.004047,74.125.130.0-255,2902,189105,71,275247
10318,0.00405,172.31.40.0-255,66,189171,71,275247
10319,0.006125,74.125.130.0-255,4320,193491,71,275247
10320,0.006132,172.31.40.0-255,66,193557,71,275247
10321,0.006152,74.125.130.0-255,1484,195041,71,275247
10322,0.008223,74.125.130.0-255,4320,199361,71,275247
10323,0.008227,172.31.40.0-255,66,199427,71,275247
10324,0.010314,74.125.130.0-255,5738,205165,71,275247
10325,0.010321,172.31.40.0-255,66,205231,71,275247
10326,0.012415,74.125.130.0-255,5738,210969,71,275247
10327,0.012422,172.31.40.0-255,66,211035,71,275247
10328,0.014523,74.125.130.0-255,5738,216773,71,275247
10329,0.014531,172.31.40.0-255,66,216839,71,275247
10330,0.016634,74.125.130.0-255,5738,222577,71,275247
10331,0.016641,172.31.40.0-255,66,222643,71,275247
10332,0.018731,74.125.130.0-255,5738,228381,71,275247
10333,0.018738,172.31.40.0-255,66,228447,71,275247
10334,0.02084,74.125.130.0-255,4320,232767,71,275247
10335,0.020847,172.31.40.0-255,66,232833,71,275247
10336,0.020866,74.125.130.0-255,1484,234317,71,275247
10337,0.02293,74.125.130.0-255,4320,238637,71,275247
10338,0.022937,172.31.40.0-255,66,238703,71,275247
10339,0.02503,74.125.130.0-255,5738,244441,71,275247
10340,0.025037,172.31.40.0-255,66,244507,71,275247
10341,0.02713,74.125.130.0-255,2902,247409,71,275247
10342,0.027137,172.31.40.0-255,66,247475,71,275247
10343,0.027157,74.125.130.0-255,2902,250377,71,275247
10344,0.02716,172.31.40.0-255,66,250443,71,275247
10345,0.028836,172.31.40.0-255,172,250615,71,275247
10346,0.028865,172.31.40.0-255,1111,251726,71,275247
10347,0.028927,172.31.40.0-255,1514,253240,71,275247
10348,0.028929,172.31.40.0-255,1291,254531,71,275247
10349,0.029221,74.125.130.0-255,2902,257433,71,275247
10350,0.029227,172.31.40.0-255,66,257499,71,275247
10351,0.029247,74.125.130.0-255,2902,260401,71,275247
10352,0.02925,172.31.40.0-255,66,260467,71,275247
10353,0.030383,104.244.42.0-255,66,260533,71,275247
10354,0.030412,104.244.42.0-255,66,260599,71,275247
10355,0.030474,104.244.42.0-255,66,260665,71,275247
10356,0.031325,74.125.130.0-255,2902,263567,71,275247
10357,0.031331,172.31.40.0-255,66,263633,71,275247
10358,0.031355,74.125.130.0-255,2902,266535,71,275247
10359,0.031358,172.31.40.0-255,66,266601,71,275247
10360,0.03344,74.125.130.0-255,5738,272339,71,275247
10361,0.033446,172.31.40.0-255,66,272405,71,275247
10362,0.035536,74.125.130.0-255,2605,275010,71,275247
10363,0.035542,172.31.40.0-255,66,275076,71,275247
10364,0.035702,172.31.40.0-255,105,275181,71,275247
10365,0.037766,74.125.130.0-255,66,275247,71,275247
10366,0.0,74.125.24.0-255,153,153,71,179675
10367,1.2e-05,172.31.40.0-255,66,219,71,179675
10368,2.7e-05,74.125.24.0-255,1484,1703,71,179675
10369,3.7e-05,172.31.40.0-255,66,1769,71,179675
10370,4.4e-05,74.125.24.0-255,2902,4671,71,179675
10371,4.8e-05,172.31.40.0-255,66,4737,71,179675
10372,5.4e-05,74.125.24.0-255,4320,9057,71,179675
10373,5.7e-05,172.31.40.0-255,66,9123,71,179675
10374,9.1e-05,74.125.24.0-255,2902,12025,71,179675
10375,9.3e-05,172.31.40.0-255,66,12091,71,179675
10376,0.00011,172.31.40.0-255,66,12157,71,179675
10377,0.000144,74.125.24.0-255,3961,16118,71,179675
10378,0.000147,172.31.40.0-255,66,16184,71,179675
10379,0.00015,74.125.24.0-255,1484,17668,71,179675
10380,0.000152,172.31.40.0-255,66,17734,71,179675
10381,0.000174,74.125.24.0-255,2902,20636,71,179675
10382,0.000176,172.31.40.0-255,66,20702,71,179675
10383,0.000184,74.125.24.0-255,7156,27858,71,179675
10384,0.000186,172.31.40.0-255,66,27924,71,179675
10385,0.000222,74.125.24.0-255,2902,30826,71,179675
10386,0.000225,172.31.40.0-255,66,30892,71,179675
10387,0.000237,172.31.40.0-255,66,30958,71,179675
10388,0.000261,74.125.24.0-255,4320,35278,71,179675
10389,0.000263,172.31.40.0-255,66,35344,71,179675
10390,0.000291,74.125.24.0-255,6771,42115,71,179675
10391,0.000293,172.31.40.0-255,66,42181,71,179675
10392,0.000296,74.125.24.0-255,110,42291,71,179675
10393,0.000299,172.31.40.0-255,66,42357,71,179675
10394,0.000448,74.125.24.0-255,1484,43841,71,179675
10395,0.000454,172.31.40.0-255,66,43907,71,179675
10396,0.00046,74.125.24.0-255,2902,46809,71,179675
10397,0.000462,172.31.40.0-255,66,46875,71,179675
10398,0.000497,74.125.24.0-255,5738,52613,71,179675
10399,0.0005,172.31.40.0-255,66,52679,71,179675
10400,0.000506,74.125.24.0-255,5738,58417,71,179675
10401,0.000509,172.31.40.0-255,66,58483,71,179675
10402,0.000512,74.125.24.0-255,1484,59967,71,179675
10403,0.000557,172.31.40.0-255,66,60033,71,179675
10404,0.000564,74.125.24.0-255,5020,65053,71,179675
10405,0.000567,172.31.40.0-255,66,65119,71,179675
10406,0.00059,74.125.24.0-255,1484,66603,71,179675
10407,0.000594,74.125.24.0-255,1484,68087,71,179675
10408,0.000597,172.31.40.0-255,66,68153,71,179675
10409,0.000625,74.125.24.0-255,1484,69637,71,179675
10410,0.000631,74.125.24.0-255,5738,75375,71,179675
10411,0.000633,172.31.40.0-255,66,75441,71,179675
10412,0.000639,74.125.24.0-255,4320,79761,71,179675
10413,0.000642,172.31.40.0-255,66,79827,71,179675
10414,0.000662,74.125.24.0-255,1484,81311,71,179675
10415,0.000674,172.31.40.0-255,66,81377,71,179675
10416,0.000709,74.125.24.0-255,2902,84279,71,179675
10417,0.000711,172.31.40.0-255,66,84345,71,179675
10418,0.000718,74.125.24.0-255,5020,89365,71,179675
10419,0.00072,172.31.40.0-255,66,89431,71,179675
10420,0.000742,74.125.24.0-255,1484,90915,71,179675
10421,0.000747,74.125.24.0-255,2902,93817,71,179675
10422,0.00075,172.31.40.0-255,66,93883,71,179675
10423,0.000783,74.125.24.0-255,5738,99621,71,179675
10424,0.000787,172.31.40.0-255,66,99687,71,179675
10425,0.000798,74.125.24.0-255,1484,101171,71,179675
10426,0.000846,172.31.40.0-255,66,101237,71,179675
10427,0.000859,172.31.40.0-255,66,101303,71,179675
10428,0.000862,74.125.24.0-255,1484,102787,71,179675
10429,0.000865,74.125.24.0-255,1484,104271,71,179675
10430,0.000867,172.31.40.0-255,66,104337,71,179675
10431,0.000892,74.125.24.0-255,1484,105821,71,179675
10432,0.000899,74.125.24.0-255,5738,111559,71,179675
10433,0.000902,172.31.40.0-255,66,111625,71,179675
10434,0.000915,172.31.40.0-255,66,111691,71,179675
10435,0.000959,172.31.40.0-255,66,111757,71,179675
10436,0.000988,74.125.24.0-255,2184,113941,71,179675
10437,0.000991,172.31.40.0-255,66,114007,71,179675
10438,0.001004,172.31.40.0-255,66,114073,71,179675
10439,0.00101,74.125.24.0-255,4320,118393,71,179675
10440,0.001012,172.31.40.0-255,66,118459,71,179675
10441,0.001054,172.31.40.0-255,66,118525,71,179675
10442,0.001103,172.31.40.0-255,66,118591,71,179675
10443,0.001128,74.125.24.0-255,2902,121493,71,179675
10444,0.00113,172.31.40.0-255,66,121559,71,179675
10445,0.001152,172.31.40.0-255,66,121625,71,179675
10446,0.001155,74.125.24.0-255,766,122391,71,179675
10447,0.00143,74.125.24.0-255,1484,123875,71,179675
10448,0.001435,172.31.40.0-255,66,123941,71,179675
10449,0.00144,74.125.24.0-255,2902,126843,71,179675
10450,0.001443,172.31.40.0-255,66,126909,71,179675
10451,0.001449,74.125.24.0-255,5738,132647,71,179675
10452,0.001456,172.31.40.0-255,66,132713,71,179675
10453,0.001505,172.31.40.0-255,66,132779,71,179675
10454,0.001545,172.31.40.0-255,66,132845,71,179675
10455,0.001584,74.125.24.0-255,1484,134329,71,179675
10456,0.001616,74.125.24.0-255,2902,137231,71,179675
10457,0.001619,172.31.40.0-255,66,137297,71,179675
10458,0.001625,74.125.24.0-255,2902,140199,71,179675
10459,0.001627,172.31.40.0-255,66,140265,71,179675
10460,0.001646,74.125.24.0-255,1484,141749,71,179675
10461,0.00167,74.125.24.0-255,5738,147487,71,179675
10462,0.001673,172.31.40.0-255,66,147553,71,179675
10463,0.001678,74.125.24.0-255,2902,150455,71,179675
10464,0.00168,172.31.40.0-255,66,150521,71,179675
10465,0.001709,172.31.40.0-255,66,150587,71,179675
10466,0.001754,74.125.24.0-255,6438,157025,71,179675
10467,0.001758,172.31.40.0-255,66,157091,71,179675
10468,0.001765,74.125.24.0-255,7156,164247,71,179675
10469,0.001768,172.31.40.0-255,66,164313,71,179675
10470,0.001771,74.125.24.0-255,1484,165797,71,179675
10471,0.001801,172.31.40.0-255,66,165863,71,179675
10472,0.001827,74.125.24.0-255,5738,171601,71,179675
10473,0.00183,172.31.40.0-255,66,171667,71,179675
10474,0.001841,172.31.40.0-255,66,171733,71,179675
10475,0.001846,74.125.24.0-255,2902,174635,71,179675
10476,0.001849,172.31.40.0-255,66,174701,71,179675
10477,0.001886,172.31.40.0-255,66,174767,71,179675
10478,0.001889,74.125.24.0-255,97,174864,71,179675
10479,0.001926,74.125.24.0-255,105,174969,71,179675
10480,0.012058,172.31.40.0-255,66,175035,71,179675
10481,0.012108,172.31.40.0-255,105,175140,71,179675
10482,0.014164,74.125.24.0-255,105,175245,71,179675
10483,0.014181,172.31.40.0-255,78,175323,71,179675
10484,0.014789,74.125.24.0-255,66,175389,71,179675
10485,0.032353,172.31.40.0-255,172,175561,71,179675
10486,0.032388,172.31.40.0-255,1113,176674,71,179675
10487,0.032452,172.31.40.0-255,1514,178188,71,179675
10488,0.032454,172.31.40.0-255,1289,179477,71,179675
10489,0.033994,104.244.42.0-255,66,179543,71,179675
10490,0.034066,104.244.42.0-255,66,179609,71,179675
10491,0.034123,104.244.42.0-255,66,179675,71,179675
10492,0.0,74.125.24.0-255,153,153,71,194699
10493,1.7e-05,172.31.40.0-255,66,219,71,194699
10494,2.5e-05,74.125.24.0-255,1484,1703,71,194699
10495,3e-05,172.31.40.0-255,66,1769,71,194699
10496,3.7e-05,74.125.24.0-255,2902,4671,71,194699
10497,4e-05,172.31.40.0-255,66,4737,71,194699
10498,4.8e-05,74.125.24.0-255,7156,11893,71,194699
10499,5.1e-05,172.31.40.0-255,66,11959,71,194699
10500,5.6e-05,74.125.24.0-255,2055,14014,71,194699
10501,5.8e-05,172.31.40.0-255,66,14080,71,194699
10502,0.000107,74.125.24.0-255,4320,18400,71,194699
10503,0.000111,172.31.40.0-255,66,18466,71,194699
10504,0.000132,74.125.24.0-255,1484,19950,71,194699
10505,0.000134,172.31.40.0-255,66,20016,71,194699
10506,0.000142,74.125.24.0-255,7156,27172,71,194699
10507,0.000145,172.31.40.0-255,66,27238,71,194699
10508,0.000149,74.125.24.0-255,1484,28722,71,194699
10509,0.000151,172.31.40.0-255,66,28788,71,194699
10510,0.000177,74.125.24.0-255,2543,31331,71,194699
10511,0.00018,172.31.40.0-255,66,31397,71,194699
10512,0.000197,74.125.24.0-255,2902,34299,71,194699
10513,0.0002,172.31.40.0-255,66,34365,71,194699
10514,0.000219,74.125.24.0-255,1484,35849,71,194699
10515,0.000222,172.31.40.0-255,66,35915,71,194699
10516,0.000228,74.125.24.0-255,4320,40235,71,194699
10517,0.00023,172.31.40.0-255,66,40301,71,194699
10518,0.00028,172.31.40.0-255,66,40367,71,194699
10519,0.000296,74.125.24.0-255,1484,41851,71,194699
10520,0.000299,172.31.40.0-255,66,41917,71,194699
10521,0.000328,74.125.24.0-255,7156,49073,71,194699
10522,0.000332,172.31.40.0-255,66,49139,71,194699
10523,0.000342,172.31.40.0-255,66,49205,71,194699
10524,0.000367,74.125.24.0-255,708,49913,71,194699
10525,0.000953,74.125.24.0-255,1484,51397,71,194699
10526,0.000959,172.31.40.0-255,66,51463,71,194699
10527,0.000966,74.125.24.0-255,2902,54365,71,194699
10528,0.000968,172.31.40.0-255,66,54431,71,194699
10529,0.000998,74.125.24.0-255,5738,60169,71,194699
10530,0.001001,172.31.40.0-255,66,60235,71,194699
10531,0.001004,74.125.24.0-255,1484,61719,71,194699
10532,0.001034,172.31.40.0-255,66,61785,71,194699
10533,0.00104,74.125.24.0-255,5738,67523,71,194699
10534,0.001042,172.31.40.0-255,66,67589,71,194699
10535,0.001095,74.125.24.0-255,2902,70491,71,194699
10536,0.001098,172.31.40.0-255,66,70557,71,194699
10537,0.001117,74.125.24.0-255,2184,72741,71,194699
10538,0.00112,172.31.40.0-255,66,72807,71,194699
10539,0.001342,74.125.24.0-255,1484,74291,71,194699
10540,0.001348,74.125.24.0-255,1484,75775,71,194699
10541,0.001351,172.31.40.0-255,66,75841,71,194699
10542,0.001372,74.125.24.0-255,1484,77325,71,194699
10543,0.001375,74.125.24.0-255,1484,78809,71,194699
10544,0.001377,172.31.40.0-255,66,78875,71,194699
10545,0.001396,74.125.24.0-255,4320,83195,71,194699
10546,0.001399,172.31.40.0-255,66,83261,71,194699
10547,0.001404,74.125.24.0-255,4320,87581,71,194699
10548,0.001407,172.31.40.0-255,66,87647,71,194699
10549,0.001434,172.31.40.0-255,66,87713,71,194699
10550,0.001438,74.125.24.0-255,2902,90615,71,194699
10551,0.00144,172.31.40.0-255,66,90681,71,194699
10552,0.001468,74.125.24.0-255,5020,95701,71,194699
10553,0.001471,172.31.40.0-255,66,95767,71,194699
10554,0.001813,74.125.24.0-255,1484,97251,71,194699
10555,0.001822,74.125.24.0-255,2902,100153,71,194699
10556,0.001827,172.31.40.0-255,66,100219,71,194699
10557,0.001835,74.125.24.0-255,5738,105957,71,194699
10558,0.001837,172.31.40.0-255,66,106023,71,194699
10559,0.001851,172.31.40.0-255,66,106089,71,194699
10560,0.001854,74.125.24.0-255,1484,107573,71,194699
10561,0.001882,172.31.40.0-255,66,107639,71,194699
10562,0.004272,74.125.24.0-255,5738,113377,71,194699
10563,0.00428,172.31.40.0-255,66,113443,71,194699
10564,0.006682,74.125.24.0-255,5738,119181,71,194699
10565,0.006691,172.31.40.0-255,66,119247,71,194699
10566,0.009051,74.125.24.0-255,5738,124985,71,194699
10567,0.009058,172.31.40.0-255,66,125051,71,194699
10568,0.01146,74.125.24.0-255,5738,130789,71,194699
10569,0.011468,172.31.40.0-255,66,130855,71,194699
10570,0.013871,74.125.24.0-255,5738,136593,71,194699
10571,0.013879,172.31.40.0-255,66,136659,71,194699
10572,0.016273,74.125.24.0-255,5738,142397,71,194699
10573,0.01628,172.31.40.0-255,66,142463,71,194699
10574,0.018703,74.125.24.0-255,5738,148201,71,194699
10575,0.018714,172.31.40.0-255,66,148267,71,194699
10576,0.021115,74.125.24.0-255,5738,154005,71,194699
10577,0.021132,172.31.40.0-255,66,154071,71,194699
10578,0.023526,74.125.24.0-255,5738,159809,71,194699
10579,0.023541,172.31.40.0-255,66,159875,71,194699
10580,0.025929,74.125.24.0-255,5738,165613,71,194699
10581,0.025943,172.31.40.0-255,66,165679,71,194699
10582,0.028336,74.125.24.0-255,5738,171417,71,194699
10583,0.028353,172.31.40.0-255,66,171483,71,194699
10584,0.030753,74.125.24.0-255,5738,177221,71,194699
10585,0.030767,172.31.40.0-255,66,177287,71,194699
10586,0.033176,74.125.24.0-255,5738,183025,71,194699
10587,0.033195,172.31.40.0-255,66,183091,71,194699
10588,0.035577,74.125.24.0-255,5738,188829,71,194699
10589,0.035596,172.31.40.0-255,66,188895,71,194699
10590,0.038,74.125.24.0-255,5738,194633,71,194699
10591,0.038012,172.31.40.0-255,66,194699,71,194699
10592,0.0,172.217.194.0-255,220,220,71,228775
10593,1.5e-05,172.31.40.0-255,66,286,71,228775
10594,2e-05,172.217.194.0-255,1484,1770,71,228775
10595,2.4e-05,172.31.40.0-255,66,1836,71,228775
10596,4.2e-05,172.217.194.0-255,4320,6156,71,228775
10597,4.5e-05,172.31.40.0-255,66,6222,71,228775
10598,7.4e-05,172.31.40.0-255,66,6288,71,228775
10599,7.7e-05,172.217.194.0-255,1484,7772,71,228775
10600,7.9e-05,172.31.40.0-255,66,7838,71,228775
10601,0.000112,172.31.40.0-255,66,7904,71,228775
10602,0.00013,172.217.194.0-255,1484,9388,71,228775
10603,0.000134,172.217.194.0-255,2543,11931,71,228775
10604,0.000138,172.31.40.0-255,66,11997,71,228775
10605,0.000141,172.31.40.0-255,66,12063,71,228775
10606,0.000178,172.217.194.0-255,1484,13547,71,228775
10607,0.00018,172.31.40.0-255,66,13613,71,228775
10608,0.000196,172.217.194.0-255,1484,15097,71,228775
10609,0.000198,172.31.40.0-255,66,15163,71,228775
10610,0.00023,172.217.194.0-255,1484,16647,71,228775
10611,0.000233,172.31.40.0-255,66,16713,71,228775
10612,0.000238,172.217.194.0-255,4320,21033,71,228775
10613,0.00024,172.31.40.0-255,66,21099,71,228775
10614,0.000245,172.217.194.0-255,5738,26837,71,228775
10615,0.000247,172.31.40.0-255,66,26903,71,228775
10616,0.000258,172.31.40.0-255,66,26969,71,228775
10617,0.000282,172.217.194.0-255,2543,29512,71,228775
10618,0.000284,172.31.40.0-255,66,29578,71,228775
10619,0.000292,172.217.194.0-255,7049,36627,71,228775
10620,0.000294,172.31.40.0-255,66,36693,71,228775
10621,0.000296,172.217.194.0-255,434,37127,71,228775
10622,0.000482,172.217.194.0-255,1484,38611,71,228775
10623,0.000488,172.31.40.0-255,66,38677,71,228775
10624,0.000494,172.217.194.0-255,2902,41579,71,228775
10625,0.000497,172.31.40.0-255,66,41645,71,228775
10626,0.0005,172.217.194.0-255,1484,43129,71,228775
10627,0.000529,172.217.194.0-255,4320,47449,71,228775
10628,0.000533,172.31.40.0-255,66,47515,71,228775
10629,0.000536,172.217.194.0-255,1484,48999,71,228775
10630,0.000544,172.217.194.0-255,7156,56155,71,228775
10631,0.000546,172.31.40.0-255,66,56221,71,228775
10632,0.000567,172.217.194.0-255,1484,57705,71,228775
10633,0.000582,172.31.40.0-255,66,57771,71,228775
10634,0.000595,172.217.194.0-255,2184,59955,71,228775
10635,0.000598,172.31.40.0-255,66,60021,71,228775
10636,0.00088,172.217.194.0-255,1484,61505,71,228775
10637,0.000886,172.217.194.0-255,2902,64407,71,228775
10638,0.00089,172.31.40.0-255,66,64473,71,228775
10639,0.000897,172.217.194.0-255,5738,70211,71,228775
10640,0.000899,172.31.40.0-255,66,70277,71,228775
10641,0.000916,172.217.194.0-255,4320,74597,71,228775
10642,0.000919,172.31.40.0-255,66,74663,71,228775
10643,0.000942,172.217.194.0-255,7156,81819,71,228775
10644,0.000945,172.31.40.0-255,66,81885,71,228775
10645,0.00097,172.217.194.0-255,5738,87623,71,228775
10646,0.000973,172.31.40.0-255,66,87689,71,228775
10647,0.000997,172.217.194.0-255,6438,94127,71,228775
10648,0.001,172.31.40.0-255,66,94193,71,228775
10649,0.001449,172.217.194.0-255,1484,95677,71,228775
10650,0.001455,172.217.194.0-255,2902,98579,71,228775
10651,0.001458,172.31.40.0-255,66,98645,71,228775
10652,0.001484,172.217.194.0-255,5738,104383,71,228775
10653,0.001486,172.31.40.0-255,66,104449,71,228775
10654,0.001493,172.217.194.0-255,5738,110187,71,228775
10655,0.001495,172.31.40.0-255,66,110253,71,228775
10656,0.001516,172.217.194.0-255,7156,117409,71,228775
10657,0.001519,172.31.40.0-255,66,117475,71,228775
10658,0.001523,172.217.194.0-255,4320,121795,71,228775
10659,0.001525,172.31.40.0-255,66,121861,71,228775
10660,0.001548,172.217.194.0-255,6438,128299,71,228775
10661,0.001551,172.31.40.0-255,66,128365,71,228775
10662,0.001662,172.217.194.0-255,1484,129849,71,228775
10663,0.001673,172.217.194.0-255,1484,131333,71,228775
10664,0.001675,172.31.40.0-255,66,131399,71,228775
10665,0.001694,172.217.194.0-255,1484,132883,71,228775
10666,0.0017,172.217.194.0-255,5738,138621,71,228775
10667,0.001702,172.31.40.0-255,66,138687,71,228775
10668,0.001722,172.217.194.0-255,1484,140171,71,228775
10669,0.001749,172.217.194.0-255,4320,144491,71,228775
10670,0.001752,172.31.40.0-255,66,144557,71,228775
10671,0.001755,172.31.40.0-255,66,144623,71,228775
10672,0.001776,172.217.194.0-255,4320,148943,71,228775
10673,0.001779,172.31.40.0-255,66,149009,71,228775
10674,0.001788,172.31.40.0-255,66,149075,71,228775
10675,0.00181,172.31.40.0-255,66,149141,71,228775
10676,0.001842,172.217.194.0-255,4320,153461,71,228775
10677,0.001845,172.31.40.0-255,66,153527,71,228775
10678,0.001861,172.31.40.0-255,66,153593,71,228775
10679,0.002125,172.217.194.0-255,1484,155077,71,228775
10680,0.00213,172.217.194.0-255,2902,157979,71,228775
10681,0.002133,172.31.40.0-255,66,158045,71,228775
10682,0.002148,172.217.194.0-255,4320,162365,71,228775
10683,0.00215,172.31.40.0-255,66,162431,71,228775
10684,0.002169,172.217.194.0-255,1484,163915,71,228775
10685,0.00218,172.217.194.0-255,7156,171071,71,228775
10686,0.002183,172.31.40.0-255,66,171137,71,228775
10687,0.002185,172.217.194.0-255,1484,172621,71,228775
10688,0.002192,172.217.194.0-255,7156,179777,71,228775
10689,0.002193,172.31.40.0-255,66,179843,71,228775
10690,0.00221,172.217.194.0-255,2902,182745,71,228775
10691,0.002212,172.31.40.0-255,66,182811,71,228775
10692,0.002217,172.217.194.0-255,5020,187831,71,228775
10693,0.002218,172.31.40.0-255,66,187897,71,228775
10694,0.002271,172.217.194.0-255,1484,189381,71,228775
10695,0.002285,172.217.194.0-255,2902,192283,71,228775
10696,0.002287,172.31.40.0-255,66,192349,71,228775
10697,0.002314,172.217.194.0-255,5738,198087,71,228775
10698,0.002316,172.31.40.0-255,66,198153,71,228775
10699,0.00232,172.217.194.0-255,2902,201055,71,228775
10700,0.002322,172.31.40.0-255,66,201121,71,228775
10701,0.002325,172.217.194.0-255,1484,202605,71,228775
10702,0.002357,172.31.40.0-255,66,202671,71,228775
10703,0.002362,172.217.194.0-255,4320,206991,71,228775
10704,0.002365,172.31.40.0-255,66,207057,71,228775
10705,0.002379,172.217.194.0-255,5020,212077,71,228775
10706,0.002382,172.31.40.0-255,66,212143,71,228775
10707,0.002392,172.31.40.0-255,66,212209,71,228775
10708,0.002424,172.31.40.0-255,66,212275,71,228775
10709,0.00245,172.31.40.0-255,66,212341,71,228775
10710,0.002462,172.217.194.0-255,2902,215243,71,228775
10711,0.002465,172.31.40.0-255,66,215309,71,228775
10712,0.002504,172.31.40.0-255,66,215375,71,228775
10713,0.002515,172.31.40.0-255,66,215441,71,228775
10714,0.00254,172.217.194.0-255,1484,216925,71,228775
10715,0.002559,172.217.194.0-255,5738,222663,71,228775
10716,0.002562,172.31.40.0-255,66,222729,71,228775
10717,0.002595,172.31.40.0-255,66,222795,71,228775
10718,0.002598,172.217.194.0-255,1362,224157,71,228775
10719,0.0026,172.217.194.0-255,105,224262,71,228775
10720,0.009674,172.31.40.0-255,66,224328,71,228775
10721,0.009717,172.31.40.0-255,105,224433,71,228775
10722,0.011675,172.217.194.0-255,105,224538,71,228775
10723,0.011684,172.31.40.0-255,78,224616,71,228775
10724,0.011758,172.217.194.0-255,66,224682,71,228775
10725,0.030445,172.31.40.0-255,176,224858,71,228775
10726,0.030473,172.31.40.0-255,1109,225967,71,228775
10727,0.030524,172.31.40.0-255,1514,227481,71,228775
10728,0.030526,172.31.40.0-255,1294,228775,71,228775
10729,0.0,172.217.194.0-255,150,150,71,173251
10730,2.6e-05,172.31.40.0-255,66,216,71,173251
10731,3.3e-05,172.217.194.0-255,1484,1700,71,173251
10732,3.8e-05,172.31.40.0-255,66,1766,71,173251
10733,4.4e-05,172.217.194.0-255,2902,4668,71,173251
10734,4.7e-05,172.31.40.0-255,66,4734,71,173251
10735,5.2e-05,172.217.194.0-255,2902,7636,71,173251
10736,5.6e-05,172.31.40.0-255,66,7702,71,173251
10737,7.6e-05,172.217.194.0-255,2902,10604,71,173251
10738,7.9e-05,172.31.40.0-255,66,10670,71,173251
10739,8.5e-05,172.217.194.0-255,3473,14143,71,173251
10740,8.7e-05,172.31.40.0-255,66,14209,71,173251
10741,0.000191,172.217.194.0-255,1484,15693,71,173251
10742,0.000194,172.31.40.0-255,66,15759,71,173251
10743,0.000199,172.217.194.0-255,2902,18661,71,173251
10744,0.000202,172.31.40.0-255,66,18727,71,173251
10745,0.000209,172.217.194.0-255,5738,24465,71,173251
10746,0.000211,172.31.40.0-255,66,24531,71,173251
10747,0.000229,172.217.194.0-255,1484,26015,71,173251
10748,0.000231,172.31.40.0-255,66,26081,71,173251
10749,0.000263,172.217.194.0-255,5379,31460,71,173251
10750,0.000266,172.31.40.0-255,66,31526,71,173251
10751,0.000274,172.217.194.0-255,7156,38682,71,173251
10752,0.000276,172.31.40.0-255,66,38748,71,173251
10753,0.000288,172.31.40.0-255,66,38814,71,173251
10754,0.00031,172.217.194.0-255,4320,43134,71,173251
10755,0.000312,172.31.40.0-255,66,43200,71,173251
10756,0.000325,172.31.40.0-255,66,43266,71,173251
10757,0.000327,172.217.194.0-255,378,43644,71,173251
10758,0.00033,172.31.40.0-255,66,43710,71,173251
10759,0.000366,172.217.194.0-255,1484,45194,71,173251
10760,0.00037,172.217.194.0-255,1484,46678,71,173251
10761,0.000372,172.31.40.0-255,66,46744,71,173251
10762,0.000388,172.217.194.0-255,2902,49646,71,173251
10763,0.000391,172.31.40.0-255,66,49712,71,173251
10764,0.000397,172.217.194.0-255,4320,54032,71,173251
10765,0.000399,172.31.40.0-255,66,54098,71,173251
10766,0.000431,172.31.40.0-255,66,54164,71,173251
10767,0.000457,172.31.40.0-255,66,54230,71,173251
10768,0.000482,172.217.194.0-255,5319,59549,71,173251
10769,0.000484,172.31.40.0-255,66,59615,71,173251
10770,0.000936,172.217.194.0-255,1484,61099,71,173251
10771,0.000943,172.217.194.0-255,2902,64001,71,173251
10772,0.000949,172.31.40.0-255,66,64067,71,173251
10773,0.000954,172.217.194.0-255,2902,66969,71,173251
10774,0.000957,172.31.40.0-255,66,67035,71,173251
10775,0.00097,172.217.194.0-255,1484,68519,71,173251
10776,0.000977,172.217.194.0-255,5738,74257,71,173251
10777,0.000979,172.31.40.0-255,66,74323,71,173251
10778,0.001014,172.217.194.0-255,2902,77225,71,173251
10779,0.001016,172.31.40.0-255,66,77291,71,173251
10780,0.001047,172.31.40.0-255,66,77357,71,173251
10781,0.001077,172.31.40.0-255,66,77423,71,173251
10782,0.00124,172.217.194.0-255,1484,78907,71,173251
10783,0.001247,172.217.194.0-255,2902,81809,71,173251
10784,0.001251,172.31.40.0-255,66,81875,71,173251
10785,0.001257,172.217.194.0-255,4320,86195,71,173251
10786,0.00126,172.31.40.0-255,66,86261,71,173251
10787,0.001272,172.217.194.0-255,1484,87745,71,173251
10788,0.001307,172.31.40.0-255,66,87811,71,173251
10789,0.001312,172.217.194.0-255,2902,90713,71,173251
10790,0.001314,172.31.40.0-255,66,90779,71,173251
10791,0.001335,172.31.40.0-255,66,90845,71,173251
10792,0.001354,172.217.194.0-255,1484,92329,71,173251
10793,0.001385,172.31.40.0-255,66,92395,71,173251
10794,0.001396,172.31.40.0-255,66,92461,71,173251
10795,0.001417,172.217.194.0-255,4320,96781,71,173251
10796,0.00142,172.31.40.0-255,66,96847,71,173251
10797,0.001427,172.217.194.0-255,7156,104003,71,173251
10798,0.001429,172.31.40.0-255,66,104069,71,173251
10799,0.00146,172.217.194.0-255,2184,106253,71,173251
10800,0.001464,172.31.40.0-255,66,106319,71,173251
10801,0.001476,172.217.194.0-255,1484,107803,71,173251
10802,0.001481,172.217.194.0-255,2902,110705,71,173251
10803,0.001484,172.31.40.0-255,66,110771,71,173251
10804,0.001511,172.217.194.0-255,5738,116509,71,173251
10805,0.001515,172.31.40.0-255,66,116575,71,173251
10806,0.001522,172.217.194.0-255,5738,122313,71,173251
10807,0.001524,172.31.40.0-255,66,122379,71,173251
10808,0.001557,172.217.194.0-255,2902,125281,71,173251
10809,0.00156,172.31.40.0-255,66,125347,71,173251
10810,0.001586,172.217.194.0-255,5738,131085,71,173251
10811,0.001589,172.31.40.0-255,66,131151,71,173251
10812,0.00162,172.31.40.0-255,66,131217,71,173251
10813,0.001628,172.217.194.0-255,7156,138373,71,173251
10814,0.00163,172.31.40.0-255,66,138439,71,173251
10815,0.00165,172.31.40.0-255,66,138505,71,173251
10816,0.001658,172.217.194.0-255,1484,139989,71,173251
10817,0.001697,172.31.40.0-255,66,140055,71,173251
10818,0.001717,172.217.194.0-255,2902,142957,71,173251
10819,0.00172,172.31.40.0-255,66,143023,71,173251
10820,0.001726,172.217.194.0-255,4320,147343,71,173251
10821,0.001728,172.31.40.0-255,66,147409,71,173251
10822,0.001746,172.217.194.0-255,4320,151729,71,173251
10823,0.001749,172.31.40.0-255,66,151795,71,173251
10824,0.001769,172.217.194.0-255,4320,156115,71,173251
10825,0.001772,172.31.40.0-255,66,156181,71,173251
10826,0.001775,172.217.194.0-255,1484,157665,71,173251
10827,0.001822,172.31.40.0-255,66,157731,71,173251
10828,0.001825,172.217.194.0-255,1484,159215,71,173251
10829,0.00183,172.217.194.0-255,2902,162117,71,173251
10830,0.001833,172.31.40.0-255,66,162183,71,173251
10831,0.001876,172.217.194.0-255,4320,166503,71,173251
10832,0.001879,172.31.40.0-255,66,166569,71,173251
10833,0.001911,172.217.194.0-255,1484,168053,71,173251
10834,0.001927,172.31.40.0-255,66,168119,71,173251
10835,0.001939,172.31.40.0-255,66,168185,71,173251
10836,0.001951,172.31.40.0-255,66,168251,71,173251
10837,0.001993,172.31.40.0-255,66,168317,71,173251
10838,0.002009,172.31.40.0-255,66,168383,71,173251
10839,0.002022,172.31.40.0-255,66,168449,71,173251
10840,0.002025,172.217.194.0-255,105,168554,71,173251
10841,0.008053,172.31.40.0-255,66,168620,71,173251
10842,0.008096,172.31.40.0-255,105,168725,71,173251
10843,0.010198,172.217.194.0-255,66,168791,71,173251
10844,0.02797,172.31.40.0-255,172,168963,71,173251
10845,0.028003,172.31.40.0-255,1113,170076,71,173251
10846,0.028068,172.31.40.0-255,1514,171590,71,173251
10847,0.028069,172.31.40.0-255,1289,172879,71,173251
10848,0.029655,104.244.42.0-255,66,172945,71,173251
10849,0.029754,104.244.42.0-255,66,173011,71,173251
10850,0.029798,104.244.42.0-255,66,173077,71,173251
10851,0.030474,104.244.42.0-255,108,173185,71,173251
10852,0.03048,172.31.40.0-255,66,173251,71,173251
10853,0.0,74.125.68.0-255,66,66,71,66
10854,0.0,74.125.200.0-255,153,153,71,317415
10855,1.6e-05,172.31.40.0-255,66,219,71,317415
10856,2.3e-05,74.125.200.0-255,1484,1703,71,317415
10857,2.7e-05,172.31.40.0-255,66,1769,71,317415
10858,3e-05,74.125.200.0-255,1484,3253,71,317415
10859,3.3e-05,172.31.40.0-255,66,3319,71,317415
10860,7.2e-05,74.125.200.0-255,1484,4803,71,317415
10861,7.6e-05,172.31.40.0-255,66,4869,71,317415
10862,8.3e-05,74.125.200.0-255,4320,9189,71,317415
10863,8.6e-05,172.31.40.0-255,66,9255,71,317415
10864,0.000103,172.31.40.0-255,66,9321,71,317415
10865,0.000108,74.125.200.0-255,2902,12223,71,317415
10866,0.00011,172.31.40.0-255,66,12289,71,317415
10867,0.000163,74.125.200.0-255,5738,18027,71,317415
10868,0.000166,172.31.40.0-255,66,18093,71,317415
10869,0.000193,74.125.200.0-255,3961,22054,71,317415
10870,0.000195,172.31.40.0-255,66,22120,71,317415
10871,0.000273,74.125.200.0-255,1484,23604,71,317415
10872,0.000276,172.31.40.0-255,66,23670,71,317415
10873,0.000307,74.125.200.0-255,1484,25154,71,317415
10874,0.000309,172.31.40.0-255,66,25220,71,317415
10875,0.000314,74.125.200.0-255,2902,28122,71,317415
10876,0.000316,172.31.40.0-255,66,28188,71,317415
10877,0.000353,74.125.200.0-255,5738,33926,71,317415
10878,0.000356,172.31.40.0-255,66,33992,71,317415
10879,0.000362,74.125.200.0-255,5379,39371,71,317415
10880,0.000364,172.31.40.0-255,66,39437,71,317415
10881,0.000367,74.125.200.0-255,1484,40921,71,317415
10882,0.000375,172.31.40.0-255,66,40987,71,317415
10883,0.000407,74.125.200.0-255,4320,45307,71,317415
10884,0.000409,172.31.40.0-255,66,45373,71,317415
10885,0.000435,74.125.200.0-255,1432,46805,71,317415
10886,0.000438,74.125.200.0-255,117,46922,71,317415
10887,0.000533,74.125.200.0-255,1484,48406,71,317415
10888,0.000539,74.125.200.0-255,2902,51308,71,317415
10889,0.000556,74.125.200.0-255,2902,54210,71,317415
10890,0.000562,74.125.200.0-255,4320,58530,71,317415
10891,0.000594,74.125.200.0-255,5738,64268,71,317415
10892,0.000609,74.125.200.0-255,3961,68229,71,317415
10893,0.000614,74.125.200.0-255,4320,72549,71,317415
10894,0.000654,74.125.200.0-255,2902,75451,71,317415
10895,0.000672,74.125.200.0-255,5643,81094,71,317415
10896,0.000749,172.31.40.0-255,66,81160,71,317415
10897,0.000767,74.125.200.0-255,1484,82644,71,317415
10898,0.000773,74.125.200.0-255,2902,85546,71,317415
10899,0.000776,74.125.200.0-255,1484,87030,71,317415
10900,0.000797,74.125.200.0-255,4320,91350,71,317415
10901,0.000813,74.125.200.0-255,4320,95670,71,317415
10902,0.000825,172.31.40.0-255,66,95736,71,317415
10903,0.000836,74.125.200.0-255,7156,102892,71,317415
10904,0.000862,74.125.200.0-255,2184,105076,71,317415
10905,0.000867,172.31.40.0-255,66,105142,71,317415
10906,0.000927,74.125.200.0-255,1484,106626,71,317415
10907,0.000933,74.125.200.0-255,2902,109528,71,317415
10908,0.000946,74.125.200.0-255,4320,113848,71,317415
10909,0.000951,172.31.40.0-255,66,113914,71,317415
10910,0.000959,74.125.200.0-255,1484,115398,71,317415
10911,0.000964,74.125.200.0-255,2902,118300,71,317415
10912,0.000996,74.125.200.0-255,5738,124038,71,317415
10913,0.001011,172.31.40.0-255,66,124104,71,317415
10914,0.00102,74.125.200.0-255,4320,128424,71,317415
10915,0.001041,172.31.40.0-255,66,128490,71,317415
10916,0.001126,74.125.200.0-255,1484,129974,71,317415
10917,0.00113,74.125.200.0-255,1484,131458,71,317415
10918,0.001141,74.125.200.0-255,1484,132942,71,317415
10919,0.001144,74.125.200.0-255,1484,134426,71,317415
10920,0.001152,172.31.40.0-255,66,134492,71,317415
10921,0.001165,74.125.200.0-255,4320,138812,71,317415
10922,0.001173,74.125.200.0-255,2902,141714,71,317415
10923,0.001194,74.125.200.0-255,5738,147452,71,317415
10924,0.001202,172.31.40.0-255,66,147518,71,317415
10925,0.001227,74.125.200.0-255,4320,151838,71,317415
10926,0.001252,172.31.40.0-255,66,151904,71,317415
10927,0.001314,74.125.200.0-255,1484,153388,71,317415
10928,0.001367,74.125.200.0-255,2902,156290,71,317415
10929,0.001374,74.125.200.0-255,5738,162028,71,317415
10930,0.001387,74.125.200.0-255,2902,164930,71,317415
10931,0.001399,172.31.40.0-255,66,164996,71,317415
10932,0.001424,74.125.200.0-255,7156,172152,71,317415
10933,0.001431,74.125.200.0-255,5020,177172,71,317415
10934,0.001437,74.125.200.0-255,5738,182910,71,317415
10935,0.001462,74.125.200.0-255,5738,188648,71,317415
10936,0.001471,172.31.40.0-255,66,188714,71,317415
10937,0.001509,74.125.200.0-255,7156,195870,71,317415
10938,0.001516,74.125.200.0-255,5738,201608,71,317415
10939,0.001519,74.125.200.0-255,1484,203092,71,317415
10940,0.001543,172.31.40.0-255,66,203158,71,317415
10941,0.001617,74.125.200.0-255,1484,204642,71,317415
10942,0.001623,74.125.200.0-255,2902,207544,71,317415
10943,0.001651,74.125.200.0-255,4320,211864,71,317415
10944,0.001654,172.31.40.0-255,66,211930,71,317415
10945,0.001665,74.125.200.0-255,1484,213414,71,317415
10946,0.001677,74.125.200.0-255,7156,220570,71,317415
10947,0.00168,172.31.40.0-255,66,220636,71,317415
10948,0.001711,74.125.200.0-255,5738,226374,71,317415
10949,0.001717,172.31.40.0-255,66,226440,71,317415
10950,0.001731,74.125.200.0-255,7156,233596,71,317415
10951,0.00175,74.125.200.0-255,3602,237198,71,317415
10952,0.001764,172.31.40.0-255,66,237264,71,317415
10953,0.001802,74.125.200.0-255,4320,241584,71,317415
10954,0.001806,74.125.200.0-255,1484,243068,71,317415
10955,0.001812,172.31.40.0-255,66,243134,71,317415
10956,0.001827,74.125.200.0-255,4320,247454,71,317415
10957,0.001857,74.125.200.0-255,7156,254610,71,317415
10958,0.001889,74.125.200.0-255,5020,259630,71,317415
10959,0.001892,74.125.200.0-255,1484,261114,71,317415
10960,0.001896,74.125.200.0-255,2902,264016,71,317415
10961,0.001903,172.31.40.0-255,66,264082,71,317415
10962,0.001927,74.125.200.0-255,5738,269820,71,317415
10963,0.001935,74.125.200.0-255,7156,276976,71,317415
10964,0.00195,172.31.40.0-255,66,277042,71,317415
10965,0.001957,74.125.200.0-255,5738,282780,71,317415
10966,0.001973,172.31.40.0-255,66,282846,71,317415
10967,0.001979,74.125.200.0-255,2902,285748,71,317415
10968,0.001985,74.125.200.0-255,5738,291486,71,317415
10969,0.002013,172.31.40.0-255,66,291552,71,317415
10970,0.002041,74.125.200.0-255,6438,297990,71,317415
10971,0.002049,74.125.200.0-255,7156,305146,71,317415
10972,0.002058,172.31.40.0-255,66,305212,71,317415
10973,0.002115,74.125.200.0-255,2902,308114,71,317415
10974,0.002133,74.125.200.0-255,3814,311928,71,317415
10975,0.002136,74.125.200.0-255,105,312033,71,317415
10976,0.002145,172.31.40.0-255,66,312099,71,317415
10977,0.016844,172.31.40.0-255,105,312204,71,317415
10978,0.019139,74.125.200.0-255,66,312270,71,317415
10979,0.037154,172.31.40.0-255,172,312442,71,317415
10980,0.037187,172.31.40.0-255,1108,313550,71,317415
10981,0.037252,172.31.40.0-255,1514,315064,71,317415
10982,0.037254,172.31.40.0-255,1514,316578,71,317415
10983,0.037278,172.31.40.0-255,573,317151,71,317415
10984,0.038697,104.244.42.0-255,66,317217,71,317415
10985,0.038749,104.244.42.0-255,66,317283,71,317415
10986,0.038832,104.244.42.0-255,66,317349,71,317415
10987,0.038853,104.244.42.0-255,66,317415,71,317415
10988,0.0,74.125.24.0-255,146,146,71,226137
10989,1.8e-05,172.31.40.0-255,66,212,71,226137
10990,2.4e-05,74.125.24.0-255,1484,1696,71,226137
10991,2.9e-05,172.31.40.0-255,66,1762,71,226137
10992,3.4e-05,74.125.24.0-255,2902,4664,71,226137
10993,3.8e-05,172.31.40.0-255,66,4730,71,226137
10994,5.3e-05,74.125.24.0-255,1484,6214,71,226137
10995,5.6e-05,172.31.40.0-255,66,6280,71,226137
10996,7.5e-05,74.125.24.0-255,4320,10600,71,226137
10997,7.8e-05,172.31.40.0-255,66,10666,71,226137
10998,9.8e-05,74.125.24.0-255,1484,12150,71,226137
10999,0.0001,172.31.40.0-255,66,12216,71,226137
11000,0.000111,74.125.24.0-255,2099,14315,71,226137
11001,0.000114,172.31.40.0-255,66,14381,71,226137
11002,0.000184,74.125.24.0-255,1484,15865,71,226137
11003,0.000186,172.31.40.0-255,66,15931,71,226137
11004,0.000191,74.125.24.0-255,2902,18833,71,226137
11005,0.000194,172.31.40.0-255,66,18899,71,226137
11006,0.000196,74.125.24.0-255,1484,20383,71,226137
11007,0.000198,172.31.40.0-255,66,20449,71,226137
11008,0.000202,74.125.24.0-255,1484,21933,71,226137
11009,0.000204,172.31.40.0-255,66,21999,71,226137
11010,0.000233,74.125.24.0-255,1484,23483,71,226137
11011,0.000236,172.31.40.0-255,66,23549,71,226137
11012,0.000243,74.125.24.0-255,5738,29287,71,226137
11013,0.000245,172.31.40.0-255,66,29353,71,226137
11014,0.000281,172.31.40.0-255,66,29419,71,226137
11015,0.000294,172.31.40.0-255,66,29485,71,226137
11016,0.000326,172.31.40.0-255,66,29551,71,226137
11017,0.000344,74.125.24.0-255,2184,31735,71,226137
11018,0.000346,172.31.40.0-255,66,31801,71,226137
11019,0.000348,74.125.24.0-255,418,32219,71,226137
11020,0.00038,74.125.24.0-255,326,32545,71,226137
11021,0.001012,172.31.40.0-255,66,32611,71,226137
11022,0.001073,74.125.24.0-255,1484,34095,71,226137
11023,0.001078,74.125.24.0-255,1484,35579,71,226137
11024,0.001081,172.31.40.0-255,66,35645,71,226137
11025,0.001098,74.125.24.0-255,1484,37129,71,226137
11026,0.001104,74.125.24.0-255,4320,41449,71,226137
11027,0.001107,172.31.40.0-255,66,41515,71,226137
11028,0.001125,74.125.24.0-255,1484,42999,71,226137
11029,0.001129,74.125.24.0-255,2902,45901,71,226137
11030,0.001131,74.125.24.0-255,1484,47385,71,226137
11031,0.001136,172.31.40.0-255,66,47451,71,226137
11032,0.001157,172.31.40.0-255,66,47517,71,226137
11033,0.001161,74.125.24.0-255,2902,50419,71,226137
11034,0.001164,172.31.40.0-255,66,50485,71,226137
11035,0.001181,74.125.24.0-255,7156,57641,71,226137
11036,0.001183,172.31.40.0-255,66,57707,71,226137
11037,0.001208,74.125.24.0-255,766,58473,71,226137
11038,0.001391,74.125.24.0-255,1484,59957,71,226137
11039,0.001395,172.31.40.0-255,66,60023,71,226137
11040,0.001401,74.125.24.0-255,2902,62925,71,226137
11041,0.001403,172.31.40.0-255,66,62991,71,226137
11042,0.001444,74.125.24.0-255,5738,68729,71,226137
11043,0.001447,172.31.40.0-255,66,68795,71,226137
11044,0.001453,74.125.24.0-255,4320,73115,71,226137
11045,0.001455,172.31.40.0-255,66,73181,71,226137
11046,0.001475,74.125.24.0-255,5738,78919,71,226137
11047,0.001478,172.31.40.0-255,66,78985,71,226137
11048,0.001486,74.125.24.0-255,7156,86141,71,226137
11049,0.001488,172.31.40.0-255,66,86207,71,226137
11050,0.001519,74.125.24.0-255,6438,92645,71,226137
11051,0.001522,172.31.40.0-255,66,92711,71,226137
11052,0.001789,74.125.24.0-255,1484,94195,71,226137
11053,0.001805,74.125.24.0-255,2902,97097,71,226137
11054,0.001808,172.31.40.0-255,66,97163,71,226137
11055,0.001815,74.125.24.0-255,4320,101483,71,226137
11056,0.001817,172.31.40.0-255,66,101549,71,226137
11057,0.001839,74.125.24.0-255,2902,104451,71,226137
11058,0.001841,172.31.40.0-255,66,104517,71,226137
11059,0.001859,74.125.24.0-255,5738,110255,71,226137
11060,0.001862,172.31.40.0-255,66,110321,71,226137
11061,0.001879,74.125.24.0-255,7156,117477,71,226137
11062,0.001881,172.31.40.0-255,66,117543,71,226137
11063,0.001908,74.125.24.0-255,4320,121863,71,226137
11064,0.001911,172.31.40.0-255,66,121929,71,226137
11065,0.001942,172.31.40.0-255,66,121995,71,226137
11066,0.001961,74.125.24.0-255,2902,124897,71,226137
11067,0.001963,172.31.40.0-255,66,124963,71,226137
11068,0.001996,172.31.40.0-255,66,125029,71,226137
11069,0.002002,74.125.24.0-255,4320,129349,71,226137
11070,0.002004,172.31.40.0-255,66,129415,71,226137
11071,0.002057,172.31.40.0-255,66,129481,71,226137
11072,0.004408,74.125.24.0-255,5738,135219,71,226137
11073,0.004416,172.31.40.0-255,66,135285,71,226137
11074,0.006786,74.125.24.0-255,5738,141023,71,226137
11075,0.00679,172.31.40.0-255,66,141089,71,226137
11076,0.009117,74.125.24.0-255,5738,146827,71,226137
11077,0.009125,172.31.40.0-255,66,146893,71,226137
11078,0.011439,74.125.24.0-255,5738,152631,71,226137
11079,0.011446,172.31.40.0-255,66,152697,71,226137
11080,0.013762,74.125.24.0-255,4320,157017,71,226137
11081,0.013769,172.31.40.0-255,66,157083,71,226137
11082,0.013796,74.125.24.0-255,1484,158567,71,226137
11083,0.016116,74.125.24.0-255,4320,162887,71,226137
11084,0.016125,172.31.40.0-255,66,162953,71,226137
11085,0.018433,74.125.24.0-255,5738,168691,71,226137
11086,0.01844,172.31.40.0-255,66,168757,71,226137
11087,0.020793,74.125.24.0-255,5738,174495,71,226137
11088,0.0208,172.31.40.0-255,66,174561,71,226137
11089,0.023161,74.125.24.0-255,5738,180299,71,226137
11090,0.023168,172.31.40.0-255,66,180365,71,226137
11091,0.025525,74.125.24.0-255,5738,186103,71,226137
11092,0.025542,172.31.40.0-255,66,186169,71,226137
11093,0.027891,74.125.24.0-255,5738,191907,71,226137
11094,0.027906,172.31.40.0-255,66,191973,71,226137
11095,0.029958,172.31.40.0-255,172,192145,71,226137
11096,0.029992,172.31.40.0-255,1108,193253,71,226137
11097,0.030059,172.31.40.0-255,1514,194767,71,226137
11098,0.030062,172.31.40.0-255,1514,196281,71,226137
11099,0.030089,172.31.40.0-255,572,196853,71,226137
11100,0.030233,74.125.24.0-255,5738,202591,71,226137
11101,0.03024,172.31.40.0-255,66,202657,71,226137
11102,0.031538,104.244.42.0-255,66,202723,71,226137
11103,0.031579,104.244.42.0-255,66,202789,71,226137
11104,0.031621,104.244.42.0-255,66,202855,71,226137
11105,0.031625,104.244.42.0-255,66,202921,71,226137
11106,0.032549,74.125.24.0-255,5738,208659,71,226137
11107,0.032557,172.31.40.0-255,66,208725,71,226137
11108,0.034906,74.125.24.0-255,5738,214463,71,226137
11109,0.034913,172.31.40.0-255,66,214529,71,226137
11110,0.037301,74.125.24.0-255,5738,220267,71,226137
11111,0.037308,172.31.40.0-255,66,220333,71,226137
11112,0.039643,74.125.24.0-255,5738,226071,71,226137
11113,0.03965,172.31.40.0-255,66,226137,71,226137
11114,0.0,74.125.130.0-255,146,146,71,189188
11115,1.8e-05,172.31.40.0-255,66,212,71,189188
11116,2.6e-05,74.125.130.0-255,1484,1696,71,189188
11117,3.1e-05,172.31.40.0-255,66,1762,71,189188
11118,3.4e-05,74.125.130.0-255,1484,3246,71,189188
11119,3.7e-05,172.31.40.0-255,66,3312,71,189188
11120,4.1e-05,74.125.130.0-255,1484,4796,71,189188
11121,4.3e-05,172.31.40.0-255,66,4862,71,189188
11122,6.9e-05,74.125.130.0-255,1484,6346,71,189188
11123,7.2e-05,172.31.40.0-255,66,6412,71,189188
11124,8e-05,74.125.130.0-255,5738,12150,71,189188
11125,8.4e-05,172.31.40.0-255,66,12216,71,189188
11126,8.8e-05,74.125.130.0-255,1995,14211,71,189188
11127,0.000101,172.31.40.0-255,66,14277,71,189188
11128,0.000475,74.125.130.0-255,1484,15761,71,189188
11129,0.000481,172.31.40.0-255,66,15827,71,189188
11130,0.000488,74.125.130.0-255,2902,18729,71,189188
11131,0.00049,172.31.40.0-255,66,18795,71,189188
11132,0.000494,74.125.130.0-255,1484,20279,71,189188
11133,0.000495,172.31.40.0-255,66,20345,71,189188
11134,0.000515,74.125.130.0-255,2902,23247,71,189188
11135,0.000517,172.31.40.0-255,66,23313,71,189188
11136,0.000571,172.31.40.0-255,66,23379,71,189188
11137,0.00059,74.125.130.0-255,1484,24863,71,189188
11138,0.000593,172.31.40.0-255,66,24929,71,189188
11139,0.000616,74.125.130.0-255,4320,29249,71,189188
11140,0.000619,172.31.40.0-255,66,29315,71,189188
11141,0.000627,74.125.130.0-255,7156,36471,71,189188
11142,0.000629,172.31.40.0-255,66,36537,71,189188
11143,0.000658,74.125.130.0-255,3961,40498,71,189188
11144,0.000661,172.31.40.0-255,66,40564,71,189188
11145,0.000855,74.125.130.0-255,1484,42048,71,189188
11146,0.000873,74.125.130.0-255,2902,44950,71,189188
11147,0.000877,172.31.40.0-255,66,45016,71,189188
11148,0.000901,74.125.130.0-255,5738,50754,71,189188
11149,0.000904,172.31.40.0-255,66,50820,71,189188
11150,0.000909,74.125.130.0-255,2902,53722,71,189188
11151,0.00091,172.31.40.0-255,66,53788,71,189188
11152,0.000915,74.125.130.0-255,3961,57749,71,189188
11153,0.000918,172.31.40.0-255,66,57815,71,189188
11154,0.001897,74.125.130.0-255,646,58461,71,189188
11155,0.001931,74.125.130.0-255,1484,59945,71,189188
11156,0.001935,172.31.40.0-255,66,60011,71,189188
11157,0.001943,74.125.130.0-255,4320,64331,71,189188
11158,0.001946,172.31.40.0-255,66,64397,71,189188
11159,0.00197,74.125.130.0-255,2902,67299,71,189188
11160,0.001972,172.31.40.0-255,66,67365,71,189188
11161,0.002016,74.125.130.0-255,1484,68849,71,189188
11162,0.002029,74.125.130.0-255,2902,71751,71,189188
11163,0.002032,172.31.40.0-255,66,71817,71,189188
11164,0.002055,74.125.130.0-255,5738,77555,71,189188
11165,0.002058,172.31.40.0-255,66,77621,71,189188
11166,0.002076,74.125.130.0-255,4320,81941,71,189188
11167,0.002078,172.31.40.0-255,66,82007,71,189188
11168,0.002101,74.125.130.0-255,7156,89163,71,189188
11169,0.002103,172.31.40.0-255,66,89229,71,189188
11170,0.002108,74.125.130.0-255,3602,92831,71,189188
11171,0.002111,172.31.40.0-255,66,92897,71,189188
11172,0.004328,74.125.130.0-255,1484,94381,71,189188
11173,0.004344,74.125.130.0-255,4320,98701,71,189188
11174,0.004348,172.31.40.0-255,66,98767,71,189188
11175,0.006587,74.125.130.0-255,5738,104505,71,189188
11176,0.006593,172.31.40.0-255,66,104571,71,189188
11177,0.008859,74.125.130.0-255,5738,110309,71,189188
11178,0.008866,172.31.40.0-255,66,110375,71,189188
11179,0.011114,74.125.130.0-255,5738,116113,71,189188
11180,0.011123,172.31.40.0-255,66,116179,71,189188
11181,0.013374,74.125.130.0-255,5738,121917,71,189188
11182,0.013382,172.31.40.0-255,66,121983,71,189188
11183,0.015632,74.125.130.0-255,5738,127721,71,189188
11184,0.01564,172.31.40.0-255,66,127787,71,189188
11185,0.017892,74.125.130.0-255,5738,133525,71,189188
11186,0.017899,172.31.40.0-255,66,133591,71,189188
11187,0.020152,74.125.130.0-255,5738,139329,71,189188
11188,0.02016,172.31.40.0-255,66,139395,71,189188
11189,0.021318,172.31.40.0-255,167,139562,71,189188
11190,0.021349,172.31.40.0-255,1113,140675,71,189188
11191,0.021407,172.31.40.0-255,1514,142189,71,189188
11192,0.021409,172.31.40.0-255,327,142516,71,189188
11193,0.022413,74.125.130.0-255,5738,148254,71,189188
11194,0.022419,172.31.40.0-255,66,148320,71,189188
11195,0.023853,104.244.42.0-255,66,148386,71,189188
11196,0.023953,104.244.42.0-255,108,148494,71,189188
11197,0.023957,172.31.40.0-255,66,148560,71,189188
11198,0.024677,74.125.130.0-255,5738,154298,71,189188
11199,0.024682,172.31.40.0-255,66,154364,71,189188
11200,0.026934,74.125.130.0-255,5738,160102,71,189188
11201,0.02694,172.31.40.0-255,66,160168,71,189188
11202,0.029199,74.125.130.0-255,5738,165906,71,189188
11203,0.029206,172.31.40.0-255,66,165972,71,189188
11204,0.031473,74.125.130.0-255,5738,171710,71,189188
11205,0.031481,172.31.40.0-255,66,171776,71,189188
11206,0.033728,74.125.130.0-255,5738,177514,71,189188
11207,0.033736,172.31.40.0-255,66,177580,71,189188
11208,0.036002,74.125.130.0-255,5738,183318,71,189188
11209,0.036009,172.31.40.0-255,66,183384,71,189188
11210,0.038313,74.125.130.0-255,5738,189122,71,189188
11211,0.03832,172.31.40.0-255,66,189188,71,189188
11212,0.0,172.217.194.0-255,297,297,71,165840
11213,2e-05,172.31.40.0-255,66,363,71,165840
11214,2.7e-05,172.217.194.0-255,1484,1847,71,165840
11215,3.1e-05,172.31.40.0-255,66,1913,71,165840
11216,4.6e-05,172.217.194.0-255,4320,6233,71,165840
11217,4.9e-05,172.31.40.0-255,66,6299,71,165840
11218,6e-05,172.31.40.0-255,66,6365,71,165840
11219,7.3e-05,172.31.40.0-255,66,6431,71,165840
11220,0.000133,172.31.40.0-255,66,6497,71,165840
11221,0.00015,172.217.194.0-255,1484,7981,71,165840
11222,0.000153,172.31.40.0-255,66,8047,71,165840
11223,0.000157,172.217.194.0-255,2902,10949,71,165840
11224,0.000159,172.31.40.0-255,66,11015,71,165840
11225,0.000166,172.217.194.0-255,5738,16753,71,165840
11226,0.000169,172.31.40.0-255,66,16819,71,165840
11227,0.000219,172.31.40.0-255,66,16885,71,165840
11228,0.000237,172.31.40.0-255,66,16951,71,165840
11229,0.00024,172.217.194.0-255,677,17628,71,165840
11230,0.000242,172.31.40.0-255,66,17694,71,165840
11231,0.000619,172.217.194.0-255,1484,19178,71,165840
11232,0.000625,172.31.40.0-255,66,19244,71,165840
11233,0.00063,172.217.194.0-255,2902,22146,71,165840
11234,0.000633,172.31.40.0-255,66,22212,71,165840
11235,0.000644,172.217.194.0-255,5738,27950,71,165840
11236,0.000648,172.31.40.0-255,66,28016,71,165840
11237,0.000653,172.217.194.0-255,4320,32336,71,165840
11238,0.000656,172.31.40.0-255,66,32402,71,165840
11239,0.000695,172.217.194.0-255,5738,38140,71,165840
11240,0.000698,172.31.40.0-255,66,38206,71,165840
11241,0.000739,172.31.40.0-255,66,38272,71,165840
11242,0.001242,172.217.194.0-255,1484,39756,71,165840
11243,0.001249,172.217.194.0-255,2902,42658,71,165840
11244,0.001253,172.31.40.0-255,66,42724,71,165840
11245,0.001285,172.217.194.0-255,5738,48462,71,165840
11246,0.001287,172.31.40.0-255,66,48528,71,165840
11247,0.001301,172.31.40.0-255,66,48594,71,165840
11248,0.001325,172.217.194.0-255,1484,50078,71,165840
11249,0.001354,172.217.194.0-255,4320,54398,71,165840
11250,0.001357,172.31.40.0-255,66,54464,71,165840
11251,0.001387,172.217.194.0-255,6438,60902,71,165840
11252,0.00139,172.31.40.0-255,66,60968,71,165840
11253,0.001564,172.217.194.0-255,1484,62452,71,165840
11254,0.001568,172.217.194.0-255,1484,63936,71,165840
11255,0.001571,172.31.40.0-255,66,64002,71,165840
11256,0.001597,172.217.194.0-255,1484,65486,71,165840
11257,0.001603,172.217.194.0-255,5738,71224,71,165840
11258,0.001606,172.31.40.0-255,66,71290,71,165840
11259,0.001617,172.31.40.0-255,66,71356,71,165840
11260,0.001639,172.217.194.0-255,2902,74258,71,165840
11261,0.001641,172.31.40.0-255,66,74324,71,165840
11262,0.001658,172.31.40.0-255,66,74390,71,165840
11263,0.001702,172.31.40.0-255,66,74456,71,165840
11264,0.001714,172.31.40.0-255,66,74522,71,165840
11265,0.001744,172.217.194.0-255,4320,78842,71,165840
11266,0.001751,172.31.40.0-255,66,78908,71,165840
11267,0.001763,172.31.40.0-255,66,78974,71,165840
11268,0.001797,172.217.194.0-255,1484,80458,71,165840
11269,0.001802,172.217.194.0-255,2902,83360,71,165840
11270,0.001804,172.31.40.0-255,66,83426,71,165840
11271,0.00181,172.217.194.0-255,5738,89164,71,165840
11272,0.001812,172.31.40.0-255,66,89230,71,165840
11273,0.001884,172.31.40.0-255,66,89296,71,165840
11274,0.0019,172.31.40.0-255,66,89362,71,165840
11275,0.001993,172.217.194.0-255,1484,90846,71,165840
11276,0.001999,172.217.194.0-255,2902,93748,71,165840
11277,0.002002,172.31.40.0-255,66,93814,71,165840
11278,0.002007,172.217.194.0-255,2902,96716,71,165840
11279,0.002008,172.31.40.0-255,66,96782,71,165840
11280,0.002031,172.217.194.0-255,2902,99684,71,165840
11281,0.002038,172.31.40.0-255,66,99750,71,165840
11282,0.002043,172.217.194.0-255,4320,104070,71,165840
11283,0.002045,172.31.40.0-255,66,104136,71,165840
11284,0.002055,172.217.194.0-255,4320,108456,71,165840
11285,0.002058,172.31.40.0-255,66,108522,71,165840
11286,0.002099,172.217.194.0-255,7156,115678,71,165840
11287,0.002101,172.31.40.0-255,66,115744,71,165840
11288,0.002117,172.31.40.0-255,66,115810,71,165840
11289,0.002141,172.217.194.0-255,1484,117294,71,165840
11290,0.002146,172.217.194.0-255,2902,120196,71,165840
11291,0.002148,172.31.40.0-255,66,120262,71,165840
11292,0.00215,172.217.194.0-255,1484,121746,71,165840
11293,0.002176,172.31.40.0-255,66,121812,71,165840
11294,0.002182,172.217.194.0-255,5738,127550,71,165840
11295,0.002184,172.31.40.0-255,66,127616,71,165840
11296,0.002187,172.217.194.0-255,1484,129100,71,165840
11297,0.002224,172.217.194.0-255,1484,130584,71,165840
11298,0.002227,172.31.40.0-255,66,130650,71,165840
11299,0.002272,172.31.40.0-255,66,130716,71,165840
11300,0.0023,172.217.194.0-255,5020,135736,71,165840
11301,0.002307,172.31.40.0-255,66,135802,71,165840
11302,0.002314,172.217.194.0-255,5738,141540,71,165840
11303,0.002317,172.31.40.0-255,66,141606,71,165840
11304,0.002321,172.217.194.0-255,4320,145926,71,165840
11305,0.002324,172.31.40.0-255,66,145992,71,165840
11306,0.002336,172.31.40.0-255,66,146058,71,165840
11307,0.00234,172.217.194.0-255,4320,150378,71,165840
11308,0.002343,172.31.40.0-255,78,150456,71,165840
11309,0.00236,172.31.40.0-255,66,150522,71,165840
11310,0.002412,172.217.194.0-255,5020,155542,71,165840
11311,0.002416,172.217.194.0-255,2902,158444,71,165840
11312,0.002432,172.217.194.0-255,2023,160467,71,165840
11313,0.002435,172.217.194.0-255,105,160572,71,165840
11314,0.009108,172.31.40.0-255,66,160638,71,165840
11315,0.011823,172.31.40.0-255,105,160743,71,165840
11316,0.013785,172.217.194.0-255,66,160809,71,165840
11317,0.038311,172.31.40.0-255,190,160999,71,165840
11318,0.038347,172.31.40.0-255,1108,162107,71,165840
11319,0.038414,172.31.40.0-255,1514,163621,71,165840
11320,0.038416,172.31.40.0-255,1514,165135,71,165840
11321,0.038442,172.31.40.0-255,573,165708,71,165840
11322,0.039888,104.244.42.0-255,66,165774,71,165840
11323,0.039947,104.244.42.0-255,66,165840,71,165840
11324,0.0,172.217.194.0-255,146,146,71,267564
11325,2.3e-05,172.31.40.0-255,66,212,71,267564
11326,3.1e-05,172.217.194.0-255,1484,1696,71,267564
11327,3.5e-05,172.31.40.0-255,66,1762,71,267564
11328,4e-05,172.217.194.0-255,2902,4664,71,267564
11329,4.4e-05,172.31.40.0-255,66,4730,71,267564
11330,5.2e-05,172.217.194.0-255,7156,11886,71,267564
11331,5.5e-05,172.31.40.0-255,66,11952,71,267564
11332,8.5e-05,172.217.194.0-255,2072,14024,71,267564
11333,8.7e-05,172.31.40.0-255,66,14090,71,267564
11334,0.000206,172.217.194.0-255,1484,15574,71,267564
11335,0.00021,172.31.40.0-255,66,15640,71,267564
11336,0.000216,172.217.194.0-255,2902,18542,71,267564
11337,0.000219,172.31.40.0-255,66,18608,71,267564
11338,0.000237,172.217.194.0-255,5738,24346,71,267564
11339,0.00024,172.31.40.0-255,66,24412,71,267564
11340,0.000285,172.217.194.0-255,4320,28732,71,267564
11341,0.000288,172.31.40.0-255,66,28798,71,267564
11342,0.0003,172.217.194.0-255,2543,31341,71,267564
11343,0.000303,172.31.40.0-255,66,31407,71,267564
11344,0.000319,172.217.194.0-255,2902,34309,71,267564
11345,0.000322,172.31.40.0-255,66,34375,71,267564
11346,0.000353,172.217.194.0-255,4320,38695,71,267564
11347,0.000356,172.31.40.0-255,66,38761,71,267564
11348,0.000362,172.217.194.0-255,4320,43081,71,267564
11349,0.000364,172.31.40.0-255,66,43147,71,267564
11350,0.000379,172.217.194.0-255,2902,46049,71,267564
11351,0.000381,172.31.40.0-255,66,46115,71,267564
11352,0.000404,172.217.194.0-255,2543,48658,71,267564
11353,0.000407,172.31.40.0-255,66,48724,71,267564
11354,0.00138,172.217.194.0-255,1484,50208,71,267564
11355,0.001386,172.31.40.0-255,66,50274,71,267564
11356,0.001393,172.217.194.0-255,2902,53176,71,267564
11357,0.001396,172.31.40.0-255,66,53242,71,267564
11358,0.001401,172.217.194.0-255,2902,56144,71,267564
11359,0.001402,172.31.40.0-255,66,56210,71,267564
11360,0.001426,172.217.194.0-255,5738,61948,71,267564
11361,0.001428,172.31.40.0-255,66,62014,71,267564
11362,0.001449,172.217.194.0-255,1484,63498,71,267564
11363,0.001451,172.31.40.0-255,66,63564,71,267564
11364,0.001455,172.217.194.0-255,2543,66107,71,267564
11365,0.001456,172.31.40.0-255,66,66173,71,267564
11366,0.001468,172.217.194.0-255,1484,67657,71,267564
11367,0.00147,172.31.40.0-255,66,67723,71,267564
11368,0.001481,172.217.194.0-255,1484,69207,71,267564
11369,0.001482,172.31.40.0-255,66,69273,71,267564
11370,0.001499,172.217.194.0-255,4320,73593,71,267564
11371,0.001501,172.31.40.0-255,66,73659,71,267564
11372,0.001524,172.217.194.0-255,2902,76561,71,267564
11373,0.001526,172.31.40.0-255,66,76627,71,267564
11374,0.001556,172.217.194.0-255,2902,79529,71,267564
11375,0.001558,172.31.40.0-255,66,79595,71,267564
11376,0.001581,172.217.194.0-255,4540,84135,71,267564
11377,0.001583,172.31.40.0-255,66,84201,71,267564
11378,0.001585,172.217.194.0-255,1484,85685,71,267564
11379,0.001587,172.31.40.0-255,66,85751,71,267564
11380,0.001606,172.217.194.0-255,5738,91489,71,267564
11381,0.001608,172.31.40.0-255,66,91555,71,267564
11382,0.001628,172.217.194.0-255,1484,93039,71,267564
11383,0.001629,172.31.40.0-255,66,93105,71,267564
11384,0.001651,172.217.194.0-255,5738,98843,71,267564
11385,0.001653,172.31.40.0-255,66,98909,71,267564
11386,0.001673,172.217.194.0-255,2543,101452,71,267564
11387,0.001675,172.31.40.0-255,66,101518,71,267564
11388,0.00291,172.217.194.0-255,1484,103002,71,267564
11389,0.002913,172.31.40.0-255,66,103068,71,267564
11390,0.002933,172.217.194.0-255,2902,105970,71,267564
11391,0.002936,172.31.40.0-255,66,106036,71,267564
11392,0.002952,172.217.194.0-255,5738,111774,71,267564
11393,0.002954,172.31.40.0-255,66,111840,71,267564
11394,0.002957,172.217.194.0-255,1484,113324,71,267564
11395,0.002959,172.31.40.0-255,66,113390,71,267564
11396,0.002997,172.31.40.0-255,66,113456,71,267564
11397,0.003007,172.31.40.0-255,66,113522,71,267564
11398,0.003056,172.217.194.0-255,1484,115006,71,267564
11399,0.00306,172.217.194.0-255,766,115772,71,267564
11400,0.003203,172.217.194.0-255,1484,117256,71,267564
11401,0.003207,172.217.194.0-255,2902,120158,71,267564
11402,0.00321,172.217.194.0-255,1484,121642,71,267564
11403,0.003232,172.217.194.0-255,4320,125962,71,267564
11404,0.003238,172.217.194.0-255,5738,131700,71,267564
11405,0.003251,172.217.194.0-255,1484,133184,71,267564
11406,0.003256,172.217.194.0-255,4320,137504,71,267564
11407,0.003301,172.217.194.0-255,2184,139688,71,267564
11408,0.003843,172.217.194.0-255,1484,141172,71,267564
11409,0.003849,172.217.194.0-255,2902,144074,71,267564
11410,0.003872,172.217.194.0-255,5738,149812,71,267564
11411,0.003875,172.217.194.0-255,1484,151296,71,267564
11412,0.003889,172.217.194.0-255,4320,155616,71,267564
11413,0.003913,172.217.194.0-255,7156,162772,71,267564
11414,0.003926,172.217.194.0-255,2902,165674,71,267564
11415,0.003958,172.217.194.0-255,2902,168576,71,267564
11416,0.003962,172.217.194.0-255,2902,171478,71,267564
11417,0.003977,172.217.194.0-255,1484,172962,71,267564
11418,0.003983,172.217.194.0-255,4320,177282,71,267564
11419,0.004003,172.217.194.0-255,4320,181602,71,267564
11420,0.004018,172.217.194.0-255,1484,183086,71,267564
11421,0.004088,172.217.194.0-255,4320,187406,71,267564
11422,0.004125,172.31.40.0-255,66,187472,71,267564
11423,0.004137,172.217.194.0-255,2902,190374,71,267564
11424,0.004143,172.31.40.0-255,66,190440,71,267564
11425,0.004204,172.217.194.0-255,1484,191924,71,267564
11426,0.004211,172.31.40.0-255,66,191990,71,267564
11427,0.004221,172.217.194.0-255,2184,194174,71,267564
11428,0.004243,172.217.194.0-255,7156,201330,71,267564
11429,0.004257,172.217.194.0-255,5738,207068,71,267564
11430,0.004277,172.31.40.0-255,66,207134,71,267564
11431,0.004295,172.217.194.0-255,1484,208618,71,267564
11432,0.004323,172.217.194.0-255,7156,215774,71,267564
11433,0.00434,172.217.194.0-255,2184,217958,71,267564
11434,0.004343,172.217.194.0-255,1484,219442,71,267564
11435,0.004393,172.31.40.0-255,66,219508,71,267564
11436,0.004406,172.217.194.0-255,5738,225246,71,267564
11437,0.004412,172.217.194.0-255,5738,230984,71,267564
11438,0.004428,172.217.194.0-255,2902,233886,71,267564
11439,0.004441,172.217.194.0-255,4320,238206,71,267564
11440,0.004456,172.217.194.0-255,5020,243226,71,267564
11441,0.004459,172.31.40.0-255,66,243292,71,267564
11442,0.004464,172.31.40.0-255,66,243358,71,267564
11443,0.004478,172.217.194.0-255,1484,244842,71,267564
11444,0.004524,172.217.194.0-255,1484,246326,71,267564
11445,0.004536,172.31.40.0-255,66,246392,71,267564
11446,0.004571,172.217.194.0-255,5738,252130,71,267564
11447,0.004586,172.31.40.0-255,66,252196,71,267564
11448,0.00459,172.217.194.0-255,2184,254380,71,267564
11449,0.004595,172.31.40.0-255,66,254446,71,267564
11450,0.004604,172.217.194.0-255,1484,255930,71,267564
11451,0.004649,172.217.194.0-255,4320,260250,71,267564
11452,0.004655,172.31.40.0-255,66,260316,71,267564
11453,0.004666,172.217.194.0-255,2616,262932,71,267564
11454,0.004669,172.217.194.0-255,105,263037,71,267564
11455,0.004692,172.31.40.0-255,66,263103,71,267564
11456,0.006847,172.31.40.0-255,105,263208,71,267564
11457,0.009494,172.217.194.0-255,66,263274,71,267564
11458,0.031081,172.31.40.0-255,176,263450,71,267564
11459,0.031116,172.31.40.0-255,1113,264563,71,267564
11460,0.031176,172.31.40.0-255,1514,266077,71,267564
11461,0.031178,172.31.40.0-255,1289,267366,71,267564
11462,0.032742,104.244.42.0-255,66,267432,71,267564
11463,0.032777,104.244.42.0-255,66,267498,71,267564
11464,0.032903,104.244.42.0-255,66,267564,71,267564
11465,0.0,172.217.194.0-255,150,150,71,200618
11466,2.4e-05,172.31.40.0-255,66,216,71,200618
11467,4.2e-05,172.217.194.0-255,1484,1700,71,200618
11468,4.8e-05,172.31.40.0-255,66,1766,71,200618
11469,5.1e-05,172.217.194.0-255,1484,3250,71,200618
11470,5.5e-05,172.31.40.0-255,66,3316,71,200618
11471,5.9e-05,172.217.194.0-255,1484,4800,71,200618
11472,6.2e-05,172.31.40.0-255,66,4866,71,200618
11473,8.8e-05,172.217.194.0-255,2902,7768,71,200618
11474,9.1e-05,172.31.40.0-255,66,7834,71,200618
11475,0.000112,172.217.194.0-255,2902,10736,71,200618
11476,0.000114,172.31.40.0-255,66,10802,71,200618
11477,0.000138,172.217.194.0-255,7156,17958,71,200618
11478,0.000141,172.31.40.0-255,66,18024,71,200618
11479,0.000156,172.217.194.0-255,635,18659,71,200618
11480,0.000158,172.31.40.0-255,66,18725,71,200618
11481,0.000166,172.217.194.0-255,7156,25881,71,200618
11482,0.000169,172.31.40.0-255,66,25947,71,200618
11483,0.000173,172.217.194.0-255,2902,28849,71,200618
11484,0.000176,172.31.40.0-255,66,28915,71,200618
11485,0.000197,172.217.194.0-255,2543,31458,71,200618
11486,0.0002,172.31.40.0-255,66,31524,71,200618
11487,0.000235,172.217.194.0-255,1484,33008,71,200618
11488,0.000238,172.31.40.0-255,66,33074,71,200618
11489,0.000242,172.217.194.0-255,2902,35976,71,200618
11490,0.000244,172.31.40.0-255,66,36042,71,200618
11491,0.000263,172.217.194.0-255,5738,41780,71,200618
11492,0.000265,172.31.40.0-255,66,41846,71,200618
11493,0.00027,172.217.194.0-255,2902,44748,71,200618
11494,0.000272,172.31.40.0-255,66,44814,71,200618
11495,0.000307,172.217.194.0-255,2902,47716,71,200618
11496,0.00031,172.31.40.0-255,66,47782,71,200618
11497,0.000324,172.31.40.0-255,66,47848,71,200618
11498,0.00033,172.217.194.0-255,5020,52868,71,200618
11499,0.000333,172.31.40.0-255,66,52934,71,200618
11500,0.000336,172.217.194.0-255,416,53350,71,200618
11501,0.000436,172.217.194.0-255,1484,54834,71,200618
11502,0.000441,172.31.40.0-255,66,54900,71,200618
11503,0.000447,172.217.194.0-255,2902,57802,71,200618
11504,0.00045,172.31.40.0-255,66,57868,71,200618
11505,0.000454,172.217.194.0-255,2902,60770,71,200618
11506,0.000456,172.31.40.0-255,66,60836,71,200618
11507,0.000481,172.217.194.0-255,2902,63738,71,200618
11508,0.000484,172.31.40.0-255,66,63804,71,200618
11509,0.000492,172.217.194.0-255,7067,70871,71,200618
11510,0.000494,172.31.40.0-255,66,70937,71,200618
11511,0.0005,172.217.194.0-255,5738,76675,71,200618
11512,0.000502,172.31.40.0-255,66,76741,71,200618
11513,0.000534,172.217.194.0-255,2543,79284,71,200618
11514,0.000632,172.31.40.0-255,66,79350,71,200618
11515,0.000754,172.217.194.0-255,1484,80834,71,200618
11516,0.00076,172.217.194.0-255,2902,83736,71,200618
11517,0.000767,172.217.194.0-255,4320,88056,71,200618
11518,0.000799,172.217.194.0-255,7156,95212,71,200618
11519,0.000803,172.31.40.0-255,66,95278,71,200618
11520,0.000812,172.31.40.0-255,66,95344,71,200618
11521,0.000816,172.217.194.0-255,1484,96828,71,200618
11522,0.00083,172.217.194.0-255,2902,99730,71,200618
11523,0.000844,172.217.194.0-255,5738,105468,71,200618
11524,0.000902,172.31.40.0-255,66,105534,71,200618
11525,0.000908,172.31.40.0-255,66,105600,71,200618
11526,0.000933,172.217.194.0-255,4320,109920,71,200618
11527,0.000936,172.217.194.0-255,1484,111404,71,200618
11528,0.000951,172.217.194.0-255,4320,115724,71,200618
11529,0.00096,172.31.40.0-255,66,115790,71,200618
11530,0.000975,172.217.194.0-255,4320,120110,71,200618
11531,0.001011,172.217.194.0-255,4320,124430,71,200618
11532,0.001019,172.31.40.0-255,66,124496,71,200618
11533,0.001064,172.31.40.0-255,66,124562,71,200618
11534,0.001086,172.217.194.0-255,2902,127464,71,200618
11535,0.001092,172.31.40.0-255,66,127530,71,200618
11536,0.001111,172.217.194.0-255,2184,129714,71,200618
11537,0.001118,172.31.40.0-255,66,129780,71,200618
11538,0.001284,172.217.194.0-255,1484,131264,71,200618
11539,0.001307,172.217.194.0-255,2902,134166,71,200618
11540,0.001314,172.217.194.0-255,5738,139904,71,200618
11541,0.001332,172.31.40.0-255,66,139970,71,200618
11542,0.001368,172.31.40.0-255,66,140036,71,200618
11543,0.001383,172.217.194.0-255,2184,142220,71,200618
11544,0.001401,172.31.40.0-255,66,142286,71,200618
11545,0.00145,172.217.194.0-255,1484,143770,71,200618
11546,0.001471,172.217.194.0-255,2902,146672,71,200618
11547,0.001479,172.217.194.0-255,5738,152410,71,200618
11548,0.001483,172.31.40.0-255,66,152476,71,200618
11549,0.001506,172.217.194.0-255,5738,158214,71,200618
11550,0.001512,172.217.194.0-255,4320,162534,71,200618
11551,0.001551,172.217.194.0-255,4320,166854,71,200618
11552,0.001556,172.31.40.0-255,66,166920,71,200618
11553,0.001573,172.217.194.0-255,5738,172658,71,200618
11554,0.001588,172.217.194.0-255,3602,176260,71,200618
11555,0.001592,172.217.194.0-255,2902,179162,71,200618
11556,0.001605,172.31.40.0-255,66,179228,71,200618
11557,0.001637,172.31.40.0-255,66,179294,71,200618
11558,0.001647,172.217.194.0-255,2184,181478,71,200618
11559,0.001693,172.217.194.0-255,2902,184380,71,200618
11560,0.001763,172.31.40.0-255,66,184446,71,200618
11561,0.001769,172.217.194.0-255,5738,190184,71,200618
11562,0.001814,172.217.194.0-255,5738,195922,71,200618
11563,0.001821,172.31.40.0-255,66,195988,71,200618
11564,0.001841,172.217.194.0-255,105,196093,71,200618
11565,0.001868,172.31.40.0-255,66,196159,71,200618
11566,0.004417,172.31.40.0-255,105,196264,71,200618
11567,0.006992,172.217.194.0-255,66,196330,71,200618
11568,0.030867,172.31.40.0-255,172,196502,71,200618
11569,0.030901,172.31.40.0-255,1113,197615,71,200618
11570,0.030968,172.31.40.0-255,1514,199129,71,200618
11571,0.030971,172.31.40.0-255,1291,200420,71,200618
11572,0.032519,104.244.42.0-255,66,200486,71,200618
11573,0.03253,104.244.42.0-255,66,200552,71,200618
11574,0.032624,104.244.42.0-255,66,200618,71,200618
11575,0.0,74.125.24.0-255,291,291,71,195620
11576,2.2e-05,172.31.40.0-255,66,357,71,195620
11577,2.9e-05,74.125.24.0-255,1484,1841,71,195620
11578,3.4e-05,172.31.40.0-255,66,1907,71,195620
11579,4e-05,74.125.24.0-255,4320,6227,71,195620
11580,4.3e-05,172.31.40.0-255,66,6293,71,195620
11581,5.6e-05,172.31.40.0-255,66,6359,71,195620
11582,5.8e-05,74.125.24.0-255,1484,7843,71,195620
11583,6.1e-05,172.31.40.0-255,66,7909,71,195620
11584,8.7e-05,74.125.24.0-255,7156,15065,71,195620
11585,9e-05,172.31.40.0-255,66,15131,71,195620
11586,0.000105,74.125.24.0-255,1484,16615,71,195620
11587,0.000108,172.31.40.0-255,66,16681,71,195620
11588,0.000132,74.125.24.0-255,5379,22060,71,195620
11589,0.000135,172.31.40.0-255,66,22126,71,195620
11590,0.000169,74.125.24.0-255,7156,29282,71,195620
11591,0.000172,172.31.40.0-255,66,29348,71,195620
11592,0.000177,74.125.24.0-255,5738,35086,71,195620
11593,0.000179,172.31.40.0-255,66,35152,71,195620
11594,0.000194,74.125.24.0-255,2902,38054,71,195620
11595,0.000197,172.31.40.0-255,66,38120,71,195620
11596,0.0002,74.125.24.0-255,1484,39604,71,195620
11597,0.000201,172.31.40.0-255,66,39670,71,195620
11598,0.000232,172.31.40.0-255,66,39736,71,195620
11599,0.000248,74.125.24.0-255,113,39849,71,195620
11600,0.000251,172.31.40.0-255,66,39915,71,195620
11601,0.000265,74.125.24.0-255,334,40249,71,195620
11602,0.000268,172.31.40.0-255,66,40315,71,195620
11603,0.000513,74.125.24.0-255,1484,41799,71,195620
11604,0.000518,172.31.40.0-255,66,41865,71,195620
11605,0.000525,74.125.24.0-255,2902,44767,71,195620
11606,0.000527,172.31.40.0-255,66,44833,71,195620
11607,0.000533,74.125.24.0-255,5738,50571,71,195620
11608,0.000536,172.31.40.0-255,66,50637,71,195620
11609,0.000582,172.31.40.0-255,66,50703,71,195620
11610,0.000596,172.31.40.0-255,66,50769,71,195620
11611,0.00083,74.125.24.0-255,1484,52253,71,195620
11612,0.000838,74.125.24.0-255,2902,55155,71,195620
11613,0.000841,172.31.40.0-255,66,55221,71,195620
11614,0.000866,74.125.24.0-255,5738,60959,71,195620
11615,0.000868,172.31.40.0-255,66,61025,71,195620
11616,0.000903,74.125.24.0-255,5738,66763,71,195620
11617,0.000905,172.31.40.0-255,66,66829,71,195620
11618,0.000926,74.125.24.0-255,2902,69731,71,195620
11619,0.000928,172.31.40.0-255,66,69797,71,195620
11620,0.000933,74.125.24.0-255,4320,74117,71,195620
11621,0.000935,172.31.40.0-255,66,74183,71,195620
11622,0.000967,172.31.40.0-255,66,74249,71,195620
11623,0.001072,74.125.24.0-255,1484,75733,71,195620
11624,0.001078,74.125.24.0-255,2902,78635,71,195620
11625,0.001081,172.31.40.0-255,66,78701,71,195620
11626,0.001086,74.125.24.0-255,2902,81603,71,195620
11627,0.001088,172.31.40.0-255,66,81669,71,195620
11628,0.001102,74.125.24.0-255,2902,84571,71,195620
11629,0.001105,172.31.40.0-255,66,84637,71,195620
11630,0.001108,74.125.24.0-255,1484,86121,71,195620
11631,0.001134,172.31.40.0-255,66,86187,71,195620
11632,0.001146,172.31.40.0-255,66,86253,71,195620
11633,0.001317,74.125.24.0-255,1484,87737,71,195620
11634,0.001323,74.125.24.0-255,2902,90639,71,195620
11635,0.001326,172.31.40.0-255,66,90705,71,195620
11636,0.00133,74.125.24.0-255,1484,92189,71,195620
11637,0.00135,74.125.24.0-255,4320,96509,71,195620
11638,0.001354,74.125.24.0-255,2902,99411,71,195620
11639,0.001362,172.31.40.0-255,66,99477,71,195620
11640,0.001366,172.31.40.0-255,66,99543,71,195620
11641,0.001393,172.31.40.0-255,66,99609,71,195620
11642,0.001407,172.31.40.0-255,66,99675,71,195620
11643,0.001857,74.125.24.0-255,1484,101159,71,195620
11644,0.001877,74.125.24.0-255,2902,104061,71,195620
11645,0.001896,172.31.40.0-255,66,104127,71,195620
11646,0.001904,74.125.24.0-255,5738,109865,71,195620
11647,0.001907,172.31.40.0-255,66,109931,71,195620
11648,0.001918,172.31.40.0-255,66,109997,71,195620
11649,0.001937,74.125.24.0-255,1484,111481,71,195620
11650,0.001953,172.31.40.0-255,66,111547,71,195620
11651,0.002083,74.125.24.0-255,1484,113031,71,195620
11652,0.002098,74.125.24.0-255,2902,115933,71,195620
11653,0.0021,172.31.40.0-255,66,115999,71,195620
11654,0.002107,74.125.24.0-255,5738,121737,71,195620
11655,0.002109,172.31.40.0-255,66,121803,71,195620
11656,0.002337,74.125.24.0-255,1484,123287,71,195620
11657,0.002342,74.125.24.0-255,2902,126189,71,195620
11658,0.002348,74.125.24.0-255,5738,131927,71,195620
11659,0.002364,74.125.24.0-255,2902,134829,71,195620
11660,0.002367,74.125.24.0-255,1484,136313,71,195620
11661,0.012333,74.125.24.0-255,1484,137797,71,195620
11662,0.014155,172.31.40.0-255,66,137863,71,195620
11663,0.016535,74.125.24.0-255,5738,143601,71,195620
11664,0.016548,172.31.40.0-255,66,143667,71,195620
11665,0.018923,74.125.24.0-255,5738,149405,71,195620
11666,0.018938,172.31.40.0-255,66,149471,71,195620
11667,0.02131,74.125.24.0-255,5738,155209,71,195620
11668,0.021326,172.31.40.0-255,66,155275,71,195620
11669,0.023713,74.125.24.0-255,5738,161013,71,195620
11670,0.023721,172.31.40.0-255,66,161079,71,195620
11671,0.026059,74.125.24.0-255,5738,166817,71,195620
11672,0.026066,172.31.40.0-255,66,166883,71,195620
11673,0.02842,74.125.24.0-255,5738,172621,71,195620
11674,0.028427,172.31.40.0-255,66,172687,71,195620
11675,0.030768,74.125.24.0-255,1484,174171,71,195620
11676,0.030793,74.125.24.0-255,4320,178491,71,195620
11677,0.030799,172.31.40.0-255,66,178557,71,195620
11678,0.033149,74.125.24.0-255,5738,184295,71,195620
11679,0.033157,172.31.40.0-255,66,184361,71,195620
11680,0.035508,74.125.24.0-255,5738,190099,71,195620
11681,0.035516,172.31.40.0-255,66,190165,71,195620
11682,0.037874,74.125.24.0-255,5284,195449,71,195620
11683,0.037882,172.31.40.0-255,66,195515,71,195620
11684,0.038115,172.31.40.0-255,105,195620,71,195620
11685,0.0,74.125.24.0-255,146,146,71,161784
11686,2.2e-05,172.31.40.0-255,66,212,71,161784
11687,6.3e-05,74.125.24.0-255,1484,1696,71,161784
11688,6.8e-05,172.31.40.0-255,66,1762,71,161784
11689,7.4e-05,74.125.24.0-255,2902,4664,71,161784
11690,7.7e-05,172.31.40.0-255,66,4730,71,161784
11691,8.3e-05,74.125.24.0-255,4320,9050,71,161784
11692,8.5e-05,172.31.40.0-255,66,9116,71,161784
11693,0.000123,172.31.40.0-255,66,9182,71,161784
11694,0.00013,74.125.24.0-255,5738,14920,71,161784
11695,0.000133,172.31.40.0-255,66,14986,71,161784
11696,0.000174,74.125.24.0-255,6797,21783,71,161784
11697,0.000177,172.31.40.0-255,66,21849,71,161784
11698,0.000719,74.125.24.0-255,1484,23333,71,161784
11699,0.000726,172.31.40.0-255,66,23399,71,161784
11700,0.000733,74.125.24.0-255,2902,26301,71,161784
11701,0.000737,172.31.40.0-255,66,26367,71,161784
11702,0.000748,74.125.24.0-255,5738,32105,71,161784
11703,0.000751,172.31.40.0-255,66,32171,71,161784
11704,0.000788,172.31.40.0-255,66,32237,71,161784
11705,0.000795,74.125.24.0-255,5738,37975,71,161784
11706,0.000798,172.31.40.0-255,66,38041,71,161784
11707,0.000819,74.125.24.0-255,2902,40943,71,161784
11708,0.000821,172.31.40.0-255,66,41009,71,161784
11709,0.000825,74.125.24.0-255,2184,43193,71,161784
11710,0.000829,172.31.40.0-255,66,43259,71,161784
11711,0.000911,74.125.24.0-255,1484,44743,71,161784
11712,0.000915,172.31.40.0-255,66,44809,71,161784
11713,0.00092,74.125.24.0-255,2902,47711,71,161784
11714,0.000923,172.31.40.0-255,66,47777,71,161784
11715,0.00096,74.125.24.0-255,5738,53515,71,161784
11716,0.000963,172.31.40.0-255,66,53581,71,161784
11717,0.000977,172.31.40.0-255,66,53647,71,161784
11718,0.000983,74.125.24.0-255,5738,59385,71,161784
11719,0.000985,172.31.40.0-255,66,59451,71,161784
11720,0.001026,74.125.24.0-255,5020,64471,71,161784
11721,0.00103,172.31.40.0-255,66,64537,71,161784
11722,0.001044,172.31.40.0-255,66,64603,71,161784
11723,0.00105,74.125.24.0-255,5738,70341,71,161784
11724,0.001053,172.31.40.0-255,66,70407,71,161784
11725,0.0011,172.31.40.0-255,66,70473,71,161784
11726,0.001106,74.125.24.0-255,5020,75493,71,161784
11727,0.001108,172.31.40.0-255,66,75559,71,161784
11728,0.001115,74.125.24.0-255,5738,81297,71,161784
11729,0.001117,172.31.40.0-255,66,81363,71,161784
11730,0.001123,74.125.24.0-255,4320,85683,71,161784
11731,0.001125,172.31.40.0-255,66,85749,71,161784
11732,0.001181,172.31.40.0-255,66,85815,71,161784
11733,0.001191,172.31.40.0-255,66,85881,71,161784
11734,0.001198,74.125.24.0-255,6438,92319,71,161784
11735,0.0012,172.31.40.0-255,66,92385,71,161784
11736,0.00124,74.125.24.0-255,7156,99541,71,161784
11737,0.001243,172.31.40.0-255,66,99607,71,161784
11738,0.001258,172.31.40.0-255,66,99673,71,161784
11739,0.001338,172.31.40.0-255,66,99739,71,161784
11740,0.001388,74.125.24.0-255,1484,101223,71,161784
11741,0.001433,74.125.24.0-255,5020,106243,71,161784
11742,0.001454,74.125.24.0-255,2902,109145,71,161784
11743,0.0015,74.125.24.0-255,7156,116301,71,161784
11744,0.001543,74.125.24.0-255,2902,119203,71,161784
11745,0.001623,74.125.24.0-255,5738,124941,71,161784
11746,0.001643,74.125.24.0-255,3602,128543,71,161784
11747,0.00168,74.125.24.0-255,4320,132863,71,161784
11748,0.001684,74.125.24.0-255,1484,134347,71,161784
11749,0.001703,74.125.24.0-255,2902,137249,71,161784
11750,0.001706,74.125.24.0-255,1484,138733,71,161784
11751,0.001725,74.125.24.0-255,7156,145889,71,161784
11752,0.001739,74.125.24.0-255,1484,147373,71,161784
11753,0.00177,74.125.24.0-255,5020,152393,71,161784
11754,0.001839,74.125.24.0-255,2902,155295,71,161784
11755,0.001854,74.125.24.0-255,1861,157156,71,161784
11756,0.001889,74.125.24.0-255,105,157261,71,161784
11757,0.004594,172.31.40.0-255,66,157327,71,161784
11758,0.013846,172.31.40.0-255,105,157432,71,161784
11759,0.016331,74.125.24.0-255,66,157498,71,161784
11760,0.036172,172.31.40.0-255,172,157670,71,161784
11761,0.036207,172.31.40.0-255,1113,158783,71,161784
11762,0.036274,172.31.40.0-255,1514,160297,71,161784
11763,0.036275,172.31.40.0-255,1289,161586,71,161784
11764,0.037802,104.244.42.0-255,66,161652,71,161784
11765,0.037881,104.244.42.0-255,66,161718,71,161784
11766,0.037923,104.244.42.0-255,66,161784,71,161784
11767,0.0,74.125.130.0-255,146,146,71,258017
11768,1.6e-05,172.31.40.0-255,66,212,71,258017
11769,2.2e-05,74.125.130.0-255,1484,1696,71,258017
11770,2.7e-05,172.31.40.0-255,66,1762,71,258017
11771,3.3e-05,74.125.130.0-255,2902,4664,71,258017
11772,3.6e-05,172.31.40.0-255,66,4730,71,258017
11773,6.3e-05,74.125.130.0-255,7156,11886,71,258017
11774,6.6e-05,172.31.40.0-255,66,11952,71,258017
11775,9.7e-05,172.31.40.0-255,66,12018,71,258017
11776,0.000104,74.125.130.0-255,7156,19174,71,258017
11777,0.000108,172.31.40.0-255,66,19240,71,258017
11778,0.000121,74.125.130.0-255,1484,20724,71,258017
11779,0.000123,172.31.40.0-255,66,20790,71,258017
11780,0.000128,74.125.130.0-255,2543,23333,71,258017
11781,0.00013,172.31.40.0-255,66,23399,71,258017
11782,0.000218,74.125.130.0-255,1484,24883,71,258017
11783,0.000222,172.31.40.0-255,66,24949,71,258017
11784,0.000228,74.125.130.0-255,2902,27851,71,258017
11785,0.00023,172.31.40.0-255,66,27917,71,258017
11786,0.000255,74.125.130.0-255,5738,33655,71,258017
11787,0.000258,172.31.40.0-255,66,33721,71,258017
11788,0.00029,74.125.130.0-255,2902,36623,71,258017
11789,0.000293,172.31.40.0-255,66,36689,71,258017
11790,0.000323,172.31.40.0-255,66,36755,71,258017
11791,0.000334,172.31.40.0-255,66,36821,71,258017
11792,0.000337,74.125.130.0-255,1079,37900,71,258017
11793,0.000339,172.31.40.0-255,66,37966,71,258017
11794,0.000361,74.125.130.0-255,364,38330,71,258017
11795,0.000363,172.31.40.0-255,66,38396,71,258017
11796,0.000816,74.125.130.0-255,1484,39880,71,258017
11797,0.000859,74.125.130.0-255,1484,41364,71,258017
11798,0.000863,172.31.40.0-255,66,41430,71,258017
11799,0.000928,74.125.130.0-255,2902,44332,71,258017
11800,0.000932,172.31.40.0-255,66,44398,71,258017
11801,0.000976,74.125.130.0-255,2902,47300,71,258017
11802,0.00098,172.31.40.0-255,66,47366,71,258017
11803,0.000995,74.125.130.0-255,2902,50268,71,258017
11804,0.000998,172.31.40.0-255,66,50334,71,258017
11805,0.001021,74.125.130.0-255,1484,51818,71,258017
11806,0.001028,74.125.130.0-255,5738,57556,71,258017
11807,0.001031,172.31.40.0-255,66,57622,71,258017
11808,0.001063,74.125.130.0-255,2902,60524,71,258017
11809,0.001066,172.31.40.0-255,66,60590,71,258017
11810,0.001072,74.125.130.0-255,5738,66328,71,258017
11811,0.001075,172.31.40.0-255,66,66394,71,258017
11812,0.001082,74.125.130.0-255,6438,72832,71,258017
11813,0.001084,172.31.40.0-255,66,72898,71,258017
11814,0.001582,74.125.130.0-255,1484,74382,71,258017
11815,0.001591,74.125.130.0-255,2902,77284,71,258017
11816,0.001594,172.31.40.0-255,66,77350,71,258017
11817,0.001608,74.125.130.0-255,1484,78834,71,258017
11818,0.001625,74.125.130.0-255,4320,83154,71,258017
11819,0.001628,172.31.40.0-255,66,83220,71,258017
11820,0.001631,74.125.130.0-255,1484,84704,71,258017
11821,0.001658,172.31.40.0-255,66,84770,71,258017
11822,0.001663,74.125.130.0-255,4320,89090,71,258017
11823,0.001664,172.31.40.0-255,66,89156,71,258017
11824,0.001685,74.125.130.0-255,2902,92058,71,258017
11825,0.001687,172.31.40.0-255,66,92124,71,258017
11826,0.001709,172.31.40.0-255,66,92190,71,258017
11827,0.001712,74.125.130.0-255,1484,93674,71,258017
11828,0.001747,172.31.40.0-255,66,93740,71,258017
11829,0.001805,172.31.40.0-255,66,93806,71,258017
11830,0.001823,74.125.130.0-255,5020,98826,71,258017
11831,0.001825,172.31.40.0-255,66,98892,71,258017
11832,0.001831,74.125.130.0-255,5738,104630,71,258017
11833,0.001834,172.31.40.0-255,66,104696,71,258017
11834,0.001851,74.125.130.0-255,2902,107598,71,258017
11835,0.001854,172.31.40.0-255,66,107664,71,258017
11836,0.001871,74.125.130.0-255,4320,111984,71,258017
11837,0.001874,172.31.40.0-255,66,112050,71,258017
11838,0.00189,74.125.130.0-255,5738,117788,71,258017
11839,0.001892,172.31.40.0-255,66,117854,71,258017
11840,0.001897,74.125.130.0-255,4320,122174,71,258017
11841,0.001898,172.31.40.0-255,66,122240,71,258017
11842,0.001926,74.125.130.0-255,7156,129396,71,258017
11843,0.001928,172.31.40.0-255,66,129462,71,258017
11844,0.001933,74.125.130.0-255,3602,133064,71,258017
11845,0.001935,172.31.40.0-255,66,133130,71,258017
11846,0.001996,74.125.130.0-255,4320,137450,71,258017
11847,0.002001,172.31.40.0-255,66,137516,71,258017
11848,0.00201,172.31.40.0-255,66,137582,71,258017
11849,0.002019,172.31.40.0-255,66,137648,71,258017
11850,0.002037,74.125.130.0-255,2902,140550,71,258017
11851,0.002039,172.31.40.0-255,66,140616,71,258017
11852,0.002062,74.125.130.0-255,5020,145636,71,258017
11853,0.002065,172.31.40.0-255,66,145702,71,258017
11854,0.002076,74.125.130.0-255,1484,147186,71,258017
11855,0.002097,74.125.130.0-255,7156,154342,71,258017
11856,0.002099,172.31.40.0-255,66,154408,71,258017
11857,0.002105,74.125.130.0-255,7156,161564,71,258017
11858,0.002108,172.31.40.0-255,66,161630,71,258017
11859,0.002125,74.125.130.0-255,2902,164532,71,258017
11860,0.002128,172.31.40.0-255,66,164598,71,258017
11861,0.002134,74.125.130.0-255,7156,171754,71,258017
11862,0.002136,172.31.40.0-255,66,171820,71,258017
11863,0.002163,74.125.130.0-255,4320,176140,71,258017
11864,0.002165,172.31.40.0-255,66,176206,71,258017
11865,0.00217,74.125.130.0-255,3602,179808,71,258017
11866,0.002172,172.31.40.0-255,66,179874,71,258017
11867,0.002176,74.125.130.0-255,4320,184194,71,258017
11868,0.002178,172.31.40.0-255,66,184260,71,258017
11869,0.002189,172.31.40.0-255,66,184326,71,258017
11870,0.002194,74.125.130.0-255,4320,188646,71,258017
11871,0.002196,172.31.40.0-255,66,188712,71,258017
11872,0.002248,74.125.130.0-255,4320,193032,71,258017
11873,0.002251,172.31.40.0-255,66,193098,71,258017
11874,0.002277,172.31.40.0-255,66,193164,71,258017
11875,0.002292,74.125.130.0-255,766,193930,71,258017
11876,0.002311,172.31.40.0-255,66,193996,71,258017
11877,0.002327,74.125.130.0-255,1484,195480,71,258017
11878,0.002337,172.31.40.0-255,66,195546,71,258017
11879,0.002365,74.125.130.0-255,4320,199866,71,258017
11880,0.002368,172.31.40.0-255,66,199932,71,258017
11881,0.002377,172.31.40.0-255,66,199998,71,258017
11882,0.00474,74.125.130.0-255,5738,205736,71,258017
11883,0.004747,172.31.40.0-255,66,205802,71,258017
11884,0.007088,74.125.130.0-255,5738,211540,71,258017
11885,0.007093,172.31.40.0-255,66,211606,71,258017
11886,0.009447,74.125.130.0-255,5738,217344,71,258017
11887,0.009453,172.31.40.0-255,66,217410,71,258017
11888,0.011794,74.125.130.0-255,5738,223148,71,258017
11889,0.011801,172.31.40.0-255,66,223214,71,258017
11890,0.014149,74.125.130.0-255,5738,228952,71,258017
11891,0.014156,172.31.40.0-255,66,229018,71,258017
11892,0.016506,74.125.130.0-255,5738,234756,71,258017
11893,0.016513,172.31.40.0-255,66,234822,71,258017
11894,0.018865,74.125.130.0-255,5738,240560,71,258017
11895,0.018872,172.31.40.0-255,66,240626,71,258017
11896,0.021225,74.125.130.0-255,5738,246364,71,258017
11897,0.021234,172.31.40.0-255,66,246430,71,258017
11898,0.023575,74.125.130.0-255,5738,252168,71,258017
11899,0.023582,172.31.40.0-255,66,252234,71,258017
11900,0.025909,74.125.130.0-255,1260,253494,71,258017
11901,0.026165,172.31.40.0-255,66,253560,71,258017
11902,0.026204,172.31.40.0-255,105,253665,71,258017
11903,0.028507,74.125.130.0-255,66,253731,71,258017
11904,0.036797,172.31.40.0-255,172,253903,71,258017
11905,0.036828,172.31.40.0-255,1111,255014,71,258017
11906,0.036888,172.31.40.0-255,1514,256528,71,258017
11907,0.03689,172.31.40.0-255,1291,257819,71,258017
11908,0.038315,104.244.42.0-255,66,257885,71,258017
11909,0.038366,104.244.42.0-255,66,257951,71,258017
11910,0.038448,104.244.42.0-255,66,258017,71,258017
11911,0.0,74.125.24.0-255,167,167,71,170122
11912,1.8e-05,172.31.40.0-255,66,233,71,170122
11913,2.6e-05,74.125.24.0-255,1484,1717,71,170122
11914,3e-05,172.31.40.0-255,66,1783,71,170122
11915,3.5e-05,74.125.24.0-255,2902,4685,71,170122
11916,4.6e-05,172.31.40.0-255,66,4751,71,170122
11917,5.4e-05,74.125.24.0-255,7156,11907,71,170122
11918,5.7e-05,172.31.40.0-255,66,11973,71,170122
11919,6.1e-05,74.125.24.0-255,2117,14090,71,170122
11920,6.3e-05,172.31.40.0-255,66,14156,71,170122
11921,0.000106,172.31.40.0-255,66,14222,71,170122
11922,0.00013,74.125.24.0-255,1484,15706,71,170122
11923,0.000132,172.31.40.0-255,66,15772,71,170122
11924,0.000157,74.125.24.0-255,3961,19733,71,170122
11925,0.00016,172.31.40.0-255,66,19799,71,170122
11926,0.000187,74.125.24.0-255,5738,25537,71,170122
11927,0.000189,172.31.40.0-255,66,25603,71,170122
11928,0.000195,74.125.24.0-255,4320,29923,71,170122
11929,0.000197,172.31.40.0-255,66,29989,71,170122
11930,0.000243,172.31.40.0-255,66,30055,71,170122
11931,0.000275,74.125.24.0-255,1125,31180,71,170122
11932,0.000277,172.31.40.0-255,66,31246,71,170122
11933,0.000293,172.31.40.0-255,66,31312,71,170122
11934,0.000296,74.125.24.0-255,1438,32750,71,170122
11935,0.000298,172.31.40.0-255,66,32816,71,170122
11936,0.000477,74.125.24.0-255,112,32928,71,170122
11937,0.000482,172.31.40.0-255,66,32994,71,170122
11938,0.000486,74.125.24.0-255,330,33324,71,170122
11939,0.000488,172.31.40.0-255,66,33390,71,170122
11940,0.000571,74.125.24.0-255,1484,34874,71,170122
11941,0.000585,74.125.24.0-255,2902,37776,71,170122
11942,0.000588,172.31.40.0-255,66,37842,71,170122
11943,0.000593,74.125.24.0-255,2902,40744,71,170122
11944,0.000595,172.31.40.0-255,66,40810,71,170122
11945,0.000615,74.125.24.0-255,2902,43712,71,170122
11946,0.000618,172.31.40.0-255,66,43778,71,170122
11947,0.000627,74.125.24.0-255,2902,46680,71,170122
11948,0.00063,172.31.40.0-255,66,46746,71,170122
11949,0.000667,172.31.40.0-255,66,46812,71,170122
11950,0.00068,172.31.40.0-255,66,46878,71,170122
11951,0.001022,74.125.24.0-255,1484,48362,71,170122
11952,0.001028,74.125.24.0-255,2902,51264,71,170122
11953,0.001032,172.31.40.0-255,66,51330,71,170122
11954,0.001039,74.125.24.0-255,5738,57068,71,170122
11955,0.001041,172.31.40.0-255,66,57134,71,170122
11956,0.001107,172.31.40.0-255,66,57200,71,170122
11957,0.00112,172.31.40.0-255,66,57266,71,170122
11958,0.002041,74.125.24.0-255,1484,58750,71,170122
11959,0.002051,74.125.24.0-255,2902,61652,71,170122
11960,0.002055,172.31.40.0-255,66,61718,71,170122
11961,0.002062,74.125.24.0-255,5738,67456,71,170122
11962,0.002064,172.31.40.0-255,66,67522,71,170122
11963,0.002084,74.125.24.0-255,1484,69006,71,170122
11964,0.002119,172.31.40.0-255,66,69072,71,170122
11965,0.002129,172.31.40.0-255,66,69138,71,170122
11966,0.002159,74.125.24.0-255,2184,71322,71,170122
11967,0.002162,172.31.40.0-255,66,71388,71,170122
11968,0.004392,74.125.24.0-255,2902,74290,71,170122
11969,0.004398,172.31.40.0-255,66,74356,71,170122
11970,0.004429,74.125.24.0-255,2902,77258,71,170122
11971,0.004431,172.31.40.0-255,66,77324,71,170122
11972,0.006646,74.125.24.0-255,2902,80226,71,170122
11973,0.00665,172.31.40.0-255,66,80292,71,170122
11974,0.006674,74.125.24.0-255,1484,81776,71,170122
11975,0.006692,74.125.24.0-255,1484,83260,71,170122
11976,0.006695,172.31.40.0-255,66,83326,71,170122
11977,0.008888,74.125.24.0-255,2902,86228,71,170122
11978,0.008895,172.31.40.0-255,66,86294,71,170122
11979,0.008948,74.125.24.0-255,2902,89196,71,170122
11980,0.008951,172.31.40.0-255,66,89262,71,170122
11981,0.011165,74.125.24.0-255,2902,92164,71,170122
11982,0.011173,172.31.40.0-255,66,92230,71,170122
11983,0.011216,74.125.24.0-255,2902,95132,71,170122
11984,0.011219,172.31.40.0-255,66,95198,71,170122
11985,0.013433,74.125.24.0-255,2902,98100,71,170122
11986,0.01344,172.31.40.0-255,66,98166,71,170122
11987,0.013472,74.125.24.0-255,2902,101068,71,170122
11988,0.013475,172.31.40.0-255,66,101134,71,170122
11989,0.015717,74.125.24.0-255,5738,106872,71,170122
11990,0.015724,172.31.40.0-255,66,106938,71,170122
11991,0.018011,74.125.24.0-255,5738,112676,71,170122
11992,0.018019,172.31.40.0-255,66,112742,71,170122
11993,0.020285,74.125.24.0-255,5738,118480,71,170122
11994,0.020293,172.31.40.0-255,66,118546,71,170122
11995,0.022567,74.125.24.0-255,5738,124284,71,170122
11996,0.022574,172.31.40.0-255,66,124350,71,170122
11997,0.024848,74.125.24.0-255,5738,130088,71,170122
11998,0.024855,172.31.40.0-255,66,130154,71,170122
11999,0.026718,172.31.40.0-255,172,130326,71,170122
12000,0.026751,172.31.40.0-255,1108,131434,71,170122
12001,0.026811,172.31.40.0-255,1514,132948,71,170122
12002,0.026833,172.31.40.0-255,1514,134462,71,170122
12003,0.026837,172.31.40.0-255,572,135034,71,170122
12004,0.027126,74.125.24.0-255,5738,140772,71,170122
12005,0.027132,172.31.40.0-255,66,140838,71,170122
12006,0.028254,104.244.42.0-255,66,140904,71,170122
12007,0.028283,104.244.42.0-255,66,140970,71,170122
12008,0.028389,104.244.42.0-255,66,141036,71,170122
12009,0.028403,104.244.42.0-255,66,141102,71,170122
12010,0.029395,74.125.24.0-255,5738,146840,71,170122
12011,0.029401,172.31.40.0-255,66,146906,71,170122
12012,0.031699,74.125.24.0-255,5738,152644,71,170122
12013,0.031706,172.31.40.0-255,66,152710,71,170122
12014,0.033968,74.125.24.0-255,5738,158448,71,170122
12015,0.033975,172.31.40.0-255,66,158514,71,170122
12016,0.036299,74.125.24.0-255,5738,164252,71,170122
12017,0.036316,172.31.40.0-255,66,164318,71,170122
12018,0.038582,74.125.24.0-255,5738,170056,71,170122
12019,0.038598,172.31.40.0-255,66,170122,71,170122
12020,0.0,74.125.130.0-255,152,152,71,250933
12021,2e-05,172.31.40.0-255,66,218,71,250933
12022,2.6e-05,74.125.130.0-255,1484,1702,71,250933
12023,3e-05,172.31.40.0-255,66,1768,71,250933
12024,3.5e-05,74.125.130.0-255,2902,4670,71,250933
12025,3.7e-05,172.31.40.0-255,66,4736,71,250933
12026,4.8e-05,74.125.130.0-255,4320,9056,71,250933
12027,5.1e-05,172.31.40.0-255,66,9122,71,250933
12028,9.8e-05,74.125.130.0-255,5738,14860,71,250933
12029,0.000101,172.31.40.0-255,66,14926,71,250933
12030,0.000121,74.125.130.0-255,3456,18382,71,250933
12031,0.000123,172.31.40.0-255,66,18448,71,250933
12032,0.000137,172.31.40.0-255,66,18514,71,250933
12033,0.00014,74.125.130.0-255,2543,21057,71,250933
12034,0.000142,172.31.40.0-255,66,21123,71,250933
12035,0.000254,74.125.130.0-255,1484,22607,71,250933
12036,0.000258,172.31.40.0-255,66,22673,71,250933
12037,0.000298,74.125.130.0-255,2902,25575,71,250933
12038,0.000301,172.31.40.0-255,66,25641,71,250933
12039,0.000306,74.125.130.0-255,5738,31379,71,250933
12040,0.000308,172.31.40.0-255,66,31445,71,250933
12041,0.000311,74.125.130.0-255,1484,32929,71,250933
12042,0.000312,172.31.40.0-255,66,32995,71,250933
12043,0.000351,172.31.40.0-255,66,33061,71,250933
12044,0.000357,74.125.130.0-255,5738,38799,71,250933
12045,0.000359,172.31.40.0-255,66,38865,71,250933
12046,0.000386,74.125.130.0-255,1484,40349,71,250933
12047,0.000388,172.31.40.0-255,66,40415,71,250933
12048,0.000413,74.125.130.0-255,5668,46083,71,250933
12049,0.000415,172.31.40.0-255,66,46149,71,250933
12050,0.000417,74.125.130.0-255,98,46247,71,250933
12051,0.000441,74.125.130.0-255,365,46612,71,250933
12052,0.000646,172.31.40.0-255,101,46713,71,250933
12053,0.000732,74.125.130.0-255,1484,48197,71,250933
12054,0.000751,74.125.130.0-255,2902,51099,71,250933
12055,0.000755,172.31.40.0-255,66,51165,71,250933
12056,0.000761,74.125.130.0-255,4320,55485,71,250933
12057,0.000764,172.31.40.0-255,66,55551,71,250933
12058,0.000799,172.31.40.0-255,66,55617,71,250933
12059,0.000829,74.125.130.0-255,2902,58519,71,250933
12060,0.000831,172.31.40.0-255,66,58585,71,250933
12061,0.000838,74.125.130.0-255,4320,62905,71,250933
12062,0.000842,172.31.40.0-255,66,62971,71,250933
12063,0.000854,74.125.130.0-255,7156,70127,71,250933
12064,0.000857,172.31.40.0-255,66,70193,71,250933
12065,0.00088,74.125.130.0-255,1484,71677,71,250933
12066,0.000883,74.125.130.0-255,766,72443,71,250933
12067,0.000885,172.31.40.0-255,66,72509,71,250933
12068,0.000962,74.125.130.0-255,1484,73993,71,250933
12069,0.000968,74.125.130.0-255,2902,76895,71,250933
12070,0.000971,172.31.40.0-255,66,76961,71,250933
12071,0.001006,74.125.130.0-255,5738,82699,71,250933
12072,0.00101,172.31.40.0-255,66,82765,71,250933
12073,0.001016,74.125.130.0-255,4320,87085,71,250933
12074,0.001018,172.31.40.0-255,66,87151,71,250933
12075,0.001029,74.125.130.0-255,5738,92889,71,250933
12076,0.001031,172.31.40.0-255,66,92955,71,250933
12077,0.001084,172.31.40.0-255,66,93021,71,250933
12078,0.001109,74.125.130.0-255,2184,95205,71,250933
12079,0.001112,172.31.40.0-255,66,95271,71,250933
12080,0.001297,74.125.130.0-255,1484,96755,71,250933
12081,0.001313,74.125.130.0-255,2902,99657,71,250933
12082,0.001316,172.31.40.0-255,66,99723,71,250933
12083,0.001336,74.125.130.0-255,2902,102625,71,250933
12084,0.001339,172.31.40.0-255,66,102691,71,250933
12085,0.001367,74.125.130.0-255,2902,105593,71,250933
12086,0.00137,172.31.40.0-255,66,105659,71,250933
12087,0.001383,172.31.40.0-255,66,105725,71,250933
12088,0.00141,74.125.130.0-255,1484,107209,71,250933
12089,0.001413,74.125.130.0-255,1484,108693,71,250933
12090,0.001415,172.31.40.0-255,66,108759,71,250933
12091,0.001457,172.31.40.0-255,66,108825,71,250933
12092,0.001814,74.125.130.0-255,1484,110309,71,250933
12093,0.001833,74.125.130.0-255,2902,113211,71,250933
12094,0.001836,172.31.40.0-255,66,113277,71,250933
12095,0.001853,74.125.130.0-255,4320,117597,71,250933
12096,0.00186,172.31.40.0-255,66,117663,71,250933
12097,0.001887,74.125.130.0-255,1484,119147,71,250933
12098,0.001893,74.125.130.0-255,5738,124885,71,250933
12099,0.001896,172.31.40.0-255,66,124951,71,250933
12100,0.001903,74.125.130.0-255,7156,132107,71,250933
12101,0.001905,172.31.40.0-255,66,132173,71,250933
12102,0.001947,172.31.40.0-255,66,132239,71,250933
12103,0.001972,74.125.130.0-255,2902,135141,71,250933
12104,0.001975,172.31.40.0-255,66,135207,71,250933
12105,0.002047,172.31.40.0-255,66,135273,71,250933
12106,0.002069,74.125.130.0-255,2902,138175,71,250933
12107,0.002076,172.31.40.0-255,66,138241,71,250933
12108,0.002091,172.31.40.0-255,66,138307,71,250933
12109,0.002137,74.125.130.0-255,3602,141909,71,250933
12110,0.00214,172.31.40.0-255,66,141975,71,250933
12111,0.002682,74.125.130.0-255,66,142041,71,250933
12112,0.004161,74.125.130.0-255,1484,143525,71,250933
12113,0.004207,74.125.130.0-255,4320,147845,71,250933
12114,0.004212,172.31.40.0-255,66,147911,71,250933
12115,0.006276,74.125.130.0-255,1484,149395,71,250933
12116,0.006296,74.125.130.0-255,4320,153715,71,250933
12117,0.0063,172.31.40.0-255,66,153781,71,250933
12118,0.008386,74.125.130.0-255,5738,159519,71,250933
12119,0.008392,172.31.40.0-255,66,159585,71,250933
12120,0.010469,74.125.130.0-255,5738,165323,71,250933
12121,0.010475,172.31.40.0-255,66,165389,71,250933
12122,0.012552,74.125.130.0-255,5738,171127,71,250933
12123,0.012561,172.31.40.0-255,66,171193,71,250933
12124,0.014639,74.125.130.0-255,5738,176931,71,250933
12125,0.014647,172.31.40.0-255,66,176997,71,250933
12126,0.016743,74.125.130.0-255,5738,182735,71,250933
12127,0.016754,172.31.40.0-255,66,182801,71,250933
12128,0.018836,74.125.130.0-255,5738,188539,71,250933
12129,0.018843,172.31.40.0-255,66,188605,71,250933
12130,0.020913,74.125.130.0-255,5738,194343,71,250933
12131,0.02092,172.31.40.0-255,66,194409,71,250933
12132,0.022999,74.125.130.0-255,5738,200147,71,250933
12133,0.023007,172.31.40.0-255,66,200213,71,250933
12134,0.025084,74.125.130.0-255,5738,205951,71,250933
12135,0.025091,172.31.40.0-255,66,206017,71,250933
12136,0.027176,74.125.130.0-255,5738,211755,71,250933
12137,0.027183,172.31.40.0-255,66,211821,71,250933
12138,0.029262,74.125.130.0-255,5738,217559,71,250933
12139,0.029269,172.31.40.0-255,66,217625,71,250933
12140,0.031347,74.125.130.0-255,5738,223363,71,250933
12141,0.031355,172.31.40.0-255,66,223429,71,250933
12142,0.033437,74.125.130.0-255,5738,229167,71,250933
12143,0.033444,172.31.40.0-255,66,229233,71,250933
12144,0.033659,172.31.40.0-255,172,229405,71,250933
12145,0.033689,172.31.40.0-255,1113,230518,71,250933
12146,0.033741,172.31.40.0-255,1514,232032,71,250933
12147,0.033743,172.31.40.0-255,1291,233323,71,250933
12148,0.035207,104.244.42.0-255,66,233389,71,250933
12149,0.035241,104.244.42.0-255,66,233455,71,250933
12150,0.035291,104.244.42.0-255,66,233521,71,250933
12151,0.035513,74.125.130.0-255,5738,239259,71,250933
12152,0.035518,172.31.40.0-255,66,239325,71,250933
12153,0.0376,74.125.130.0-255,5738,245063,71,250933
12154,0.037606,172.31.40.0-255,66,245129,71,250933
12155,0.039688,74.125.130.0-255,5738,250867,71,250933
12156,0.039694,172.31.40.0-255,66,250933,71,250933
12157,0.0,74.125.68.0-255,292,292,71,293136
12158,3.1e-05,172.31.40.0-255,66,358,71,293136
12159,3.6e-05,74.125.68.0-255,1484,1842,71,293136
12160,3.9e-05,172.31.40.0-255,66,1908,71,293136
12161,4.4e-05,74.125.68.0-255,4320,6228,71,293136
12162,4.7e-05,172.31.40.0-255,66,6294,71,293136
12163,5e-05,74.125.68.0-255,1484,7778,71,293136
12164,5.2e-05,172.31.40.0-255,66,7844,71,293136
12165,8e-05,74.125.68.0-255,5738,13582,71,293136
12166,8.2e-05,172.31.40.0-255,66,13648,71,293136
12167,9.8e-05,172.31.40.0-255,66,13714,71,293136
12168,0.000101,74.125.68.0-255,1484,15198,71,293136
12169,0.000102,172.31.40.0-255,66,15264,71,293136
12170,0.00013,74.125.68.0-255,5738,21002,71,293136
12171,0.000133,172.31.40.0-255,66,21068,71,293136
12172,0.00016,74.125.68.0-255,2543,23611,71,293136
12173,0.000162,172.31.40.0-255,66,23677,71,293136
12174,0.000295,74.125.68.0-255,1484,25161,71,293136
12175,0.000299,172.31.40.0-255,66,25227,71,293136
12176,0.000303,74.125.68.0-255,1484,26711,71,293136
12177,0.000305,172.31.40.0-255,66,26777,71,293136
12178,0.000325,74.125.68.0-255,1484,28261,71,293136
12179,0.000327,172.31.40.0-255,66,28327,71,293136
12180,0.000331,74.125.68.0-255,2902,31229,71,293136
12181,0.000333,172.31.40.0-255,66,31295,71,293136
12182,0.000351,74.125.68.0-255,1484,32779,71,293136
12183,0.000356,172.31.40.0-255,66,32845,71,293136
12184,0.000361,74.125.68.0-255,4320,37165,71,293136
12185,0.000363,172.31.40.0-255,66,37231,71,293136
12186,0.000383,74.125.68.0-255,1484,38715,71,293136
12187,0.000385,172.31.40.0-255,66,38781,71,293136
12188,0.000388,74.125.68.0-255,1484,40265,71,293136
12189,0.000416,74.125.68.0-255,5379,45644,71,293136
12190,0.000419,172.31.40.0-255,66,45710,71,293136
12191,0.000429,74.125.68.0-255,4320,50030,71,293136
12192,0.000432,172.31.40.0-255,66,50096,71,293136
12193,0.000453,74.125.68.0-255,1484,51580,71,293136
12194,0.000464,74.125.68.0-255,7071,58651,71,293136
12195,0.000467,172.31.40.0-255,66,58717,71,293136
12196,0.00047,74.125.68.0-255,125,58842,71,293136
12197,0.000579,74.125.68.0-255,1484,60326,71,293136
12198,0.000582,172.31.40.0-255,66,60392,71,293136
12199,0.000587,74.125.68.0-255,2902,63294,71,293136
12200,0.000596,172.31.40.0-255,66,63360,71,293136
12201,0.000621,74.125.68.0-255,4320,67680,71,293136
12202,0.000624,172.31.40.0-255,66,67746,71,293136
12203,0.000651,74.125.68.0-255,5738,73484,71,293136
12204,0.000655,172.31.40.0-255,66,73550,71,293136
12205,0.000681,74.125.68.0-255,4320,77870,71,293136
12206,0.000684,74.125.68.0-255,2902,80772,71,293136
12207,0.000684,172.31.40.0-255,66,80838,71,293136
12208,0.000687,172.31.40.0-255,66,80904,71,293136
12209,0.000714,74.125.68.0-255,2902,83806,71,293136
12210,0.000717,74.125.68.0-255,1484,85290,71,293136
12211,0.000718,172.31.40.0-255,66,85356,71,293136
12212,0.00075,172.31.40.0-255,66,85422,71,293136
12213,0.000753,74.125.68.0-255,1484,86906,71,293136
12214,0.000772,74.125.68.0-255,5738,92644,71,293136
12215,0.000775,172.31.40.0-255,66,92710,71,293136
12216,0.000793,74.125.68.0-255,2902,95612,71,293136
12217,0.000796,172.31.40.0-255,66,95678,71,293136
12218,0.0008,74.125.68.0-255,2902,98580,71,293136
12219,0.000802,172.31.40.0-255,66,98646,71,293136
12220,0.000834,74.125.68.0-255,3668,102314,71,293136
12221,0.000837,172.31.40.0-255,66,102380,71,293136
12222,0.000993,74.125.68.0-255,1484,103864,71,293136
12223,0.001019,74.125.68.0-255,2902,106766,71,293136
12224,0.001022,172.31.40.0-255,66,106832,71,293136
12225,0.001052,74.125.68.0-255,2902,109734,71,293136
12226,0.001055,172.31.40.0-255,66,109800,71,293136
12227,0.00106,74.125.68.0-255,4320,114120,71,293136
12228,0.001062,172.31.40.0-255,66,114186,71,293136
12229,0.001079,74.125.68.0-255,1484,115670,71,293136
12230,0.0011,74.125.68.0-255,4320,119990,71,293136
12231,0.001104,172.31.40.0-255,66,120056,71,293136
12232,0.001108,74.125.68.0-255,2902,122958,71,293136
12233,0.00111,172.31.40.0-255,66,123024,71,293136
12234,0.001144,74.125.68.0-255,4320,127344,71,293136
12235,0.001146,172.31.40.0-255,66,127410,71,293136
12236,0.001161,172.31.40.0-255,66,127476,71,293136
12237,0.00167,74.125.68.0-255,1484,128960,71,293136
12238,0.001679,74.125.68.0-255,2902,131862,71,293136
12239,0.001683,172.31.40.0-255,66,131928,71,293136
12240,0.001687,74.125.68.0-255,2902,134830,71,293136
12241,0.001689,172.31.40.0-255,66,134896,71,293136
12242,0.001712,74.125.68.0-255,4320,139216,71,293136
12243,0.001714,172.31.40.0-255,66,139282,71,293136
12244,0.001742,74.125.68.0-255,2902,142184,71,293136
12245,0.001745,172.31.40.0-255,66,142250,71,293136
12246,0.001756,74.125.68.0-255,2902,145152,71,293136
12247,0.001758,172.31.40.0-255,66,145218,71,293136
12248,0.001766,74.125.68.0-255,4320,149538,71,293136
12249,0.001767,172.31.40.0-255,66,149604,71,293136
12250,0.001795,74.125.68.0-255,2902,152506,71,293136
12251,0.001797,172.31.40.0-255,66,152572,71,293136
12252,0.001836,172.31.40.0-255,66,152638,71,293136
12253,0.001983,74.125.68.0-255,1484,154122,71,293136
12254,0.001999,74.125.68.0-255,1484,155606,71,293136
12255,0.002002,172.31.40.0-255,66,155672,71,293136
12256,0.002024,74.125.68.0-255,1484,157156,71,293136
12257,0.002033,74.125.68.0-255,5738,162894,71,293136
12258,0.002035,172.31.40.0-255,66,162960,71,293136
12259,0.002039,74.125.68.0-255,4320,167280,71,293136
12260,0.00204,172.31.40.0-255,66,167346,71,293136
12261,0.002068,74.125.68.0-255,5738,173084,71,293136
12262,0.00207,172.31.40.0-255,66,173150,71,293136
12263,0.002099,172.31.40.0-255,66,173216,71,293136
12264,0.002127,74.125.68.0-255,2902,176118,71,293136
12265,0.002128,172.31.40.0-255,66,176184,71,293136
12266,0.002131,74.125.68.0-255,2184,178368,71,293136
12267,0.002133,172.31.40.0-255,66,178434,71,293136
12268,0.002178,74.125.68.0-255,1484,179918,71,293136
12269,0.002203,172.31.40.0-255,66,179984,71,293136
12270,0.002211,172.31.40.0-255,66,180050,71,293136
12271,0.002234,74.125.68.0-255,2902,182952,71,293136
12272,0.002236,172.31.40.0-255,66,183018,71,293136
12273,0.002249,172.31.40.0-255,66,183084,71,293136
12274,0.002253,74.125.68.0-255,3602,186686,71,293136
12275,0.002255,172.31.40.0-255,66,186752,71,293136
12276,0.002328,74.125.68.0-255,1484,188236,71,293136
12277,0.002342,74.125.68.0-255,2902,191138,71,293136
12278,0.002344,172.31.40.0-255,66,191204,71,293136
12279,0.002364,74.125.68.0-255,1484,192688,71,293136
12280,0.002376,74.125.68.0-255,4320,197008,71,293136
12281,0.002378,172.31.40.0-255,66,197074,71,293136
12282,0.004661,74.125.68.0-255,5738,202812,71,293136
12283,0.004667,172.31.40.0-255,66,202878,71,293136
12284,0.006946,74.125.68.0-255,5738,208616,71,293136
12285,0.006952,172.31.40.0-255,66,208682,71,293136
12286,0.00924,74.125.68.0-255,5738,214420,71,293136
12287,0.009247,172.31.40.0-255,66,214486,71,293136
12288,0.011535,74.125.68.0-255,5738,220224,71,293136
12289,0.011542,172.31.40.0-255,66,220290,71,293136
12290,0.013845,74.125.68.0-255,5738,226028,71,293136
12291,0.013852,172.31.40.0-255,66,226094,71,293136
12292,0.016152,74.125.68.0-255,5738,231832,71,293136
12293,0.016161,172.31.40.0-255,66,231898,71,293136
12294,0.018447,74.125.68.0-255,5738,237636,71,293136
12295,0.018453,172.31.40.0-255,66,237702,71,293136
12296,0.020749,74.125.68.0-255,5738,243440,71,293136
12297,0.020757,172.31.40.0-255,66,243506,71,293136
12298,0.023058,74.125.68.0-255,5738,249244,71,293136
12299,0.023064,172.31.40.0-255,66,249310,71,293136
12300,0.025362,74.125.68.0-255,5738,255048,71,293136
12301,0.02537,172.31.40.0-255,66,255114,71,293136
12302,0.027655,74.125.68.0-255,5738,260852,71,293136
12303,0.027661,172.31.40.0-255,66,260918,71,293136
12304,0.029954,74.125.68.0-255,5738,266656,71,293136
12305,0.029964,172.31.40.0-255,66,266722,71,293136
12306,0.032252,74.125.68.0-255,5738,272460,71,293136
12307,0.032259,172.31.40.0-255,66,272526,71,293136
12308,0.034559,74.125.68.0-255,4320,276846,71,293136
12309,0.034566,172.31.40.0-255,66,276912,71,293136
12310,0.034599,74.125.68.0-255,1484,278396,71,293136
12311,0.035051,172.31.40.0-255,172,278568,71,293136
12312,0.035079,172.31.40.0-255,1111,279679,71,293136
12313,0.035117,172.31.40.0-255,1514,281193,71,293136
12314,0.035118,172.31.40.0-255,1291,282484,71,293136
12315,0.03659,104.244.42.0-255,66,282550,71,293136
12316,0.036605,104.244.42.0-255,66,282616,71,293136
12317,0.036668,104.244.42.0-255,66,282682,71,293136
12318,0.036838,74.125.68.0-255,1484,284166,71,293136
12319,0.036842,172.31.40.0-255,66,284232,71,293136
12320,0.036871,74.125.68.0-255,2902,287134,71,293136
12321,0.036875,172.31.40.0-255,66,287200,71,293136
12322,0.039114,74.125.68.0-255,2902,290102,71,293136
12323,0.03912,172.31.40.0-255,66,290168,71,293136
12324,0.039152,74.125.68.0-255,2902,293070,71,293136
12325,0.039155,172.31.40.0-255,66,293136,71,293136
12326,0.0,74.125.68.0-255,150,150,71,325587
12327,1.2e-05,172.31.40.0-255,66,216,71,325587
12328,3.1e-05,74.125.68.0-255,1484,1700,71,325587
12329,3.6e-05,172.31.40.0-255,66,1766,71,325587
12330,4.3e-05,74.125.68.0-255,2902,4668,71,325587
12331,4.6e-05,172.31.40.0-255,66,4734,71,325587
12332,6.6e-05,74.125.68.0-255,4320,9054,71,325587
12333,6.9e-05,172.31.40.0-255,66,9120,71,325587
12334,9e-05,74.125.68.0-255,1484,10604,71,325587
12335,9.3e-05,172.31.40.0-255,66,10670,71,325587
12336,9.6e-05,74.125.68.0-255,1484,12154,71,325587
12337,9.8e-05,172.31.40.0-255,66,12220,71,325587
12338,0.000102,74.125.68.0-255,2103,14323,71,325587
12339,0.000105,172.31.40.0-255,66,14389,71,325587
12340,0.000108,74.125.68.0-255,1484,15873,71,325587
12341,0.00011,172.31.40.0-255,66,15939,71,325587
12342,0.000133,74.125.68.0-255,4320,20259,71,325587
12343,0.000136,172.31.40.0-255,66,20325,71,325587
12344,0.000141,74.125.68.0-255,4320,24645,71,325587
12345,0.000143,172.31.40.0-255,66,24711,71,325587
12346,0.00015,74.125.68.0-255,5738,30449,71,325587
12347,0.000153,172.31.40.0-255,66,30515,71,325587
12348,0.000173,74.125.68.0-255,1125,31640,71,325587
12349,0.000175,172.31.40.0-255,66,31706,71,325587
12350,0.000276,74.125.68.0-255,1484,33190,71,325587
12351,0.00028,172.31.40.0-255,66,33256,71,325587
12352,0.000298,74.125.68.0-255,2902,36158,71,325587
12353,0.000301,172.31.40.0-255,66,36224,71,325587
12354,0.000326,74.125.68.0-255,5738,41962,71,325587
12355,0.00033,172.31.40.0-255,66,42028,71,325587
12356,0.000334,74.125.68.0-255,2902,44930,71,325587
12357,0.000337,172.31.40.0-255,66,44996,71,325587
12358,0.000368,74.125.68.0-255,4320,49316,71,325587
12359,0.000371,172.31.40.0-255,66,49382,71,325587
12360,0.000382,172.31.40.0-255,66,49448,71,325587
12361,0.000386,74.125.68.0-255,2902,52350,71,325587
12362,0.000389,172.31.40.0-255,66,52416,71,325587
12363,0.000428,74.125.68.0-255,2902,55318,71,325587
12364,0.000431,172.31.40.0-255,66,55384,71,325587
12365,0.000452,74.125.68.0-255,2184,57568,71,325587
12366,0.000455,172.31.40.0-255,66,57634,71,325587
12367,0.000457,74.125.68.0-255,426,58060,71,325587
12368,0.000712,74.125.68.0-255,1484,59544,71,325587
12369,0.00072,172.31.40.0-255,66,59610,71,325587
12370,0.000726,74.125.68.0-255,2902,62512,71,325587
12371,0.000728,172.31.40.0-255,66,62578,71,325587
12372,0.000733,74.125.68.0-255,2902,65480,71,325587
12373,0.000735,172.31.40.0-255,66,65546,71,325587
12374,0.000777,74.125.68.0-255,4320,69866,71,325587
12375,0.000781,172.31.40.0-255,66,69932,71,325587
12376,0.000788,74.125.68.0-255,5081,75013,71,325587
12377,0.00079,172.31.40.0-255,66,75079,71,325587
12378,0.000829,74.125.68.0-255,2902,77981,71,325587
12379,0.000832,172.31.40.0-255,66,78047,71,325587
12380,0.000855,74.125.68.0-255,2902,80949,71,325587
12381,0.000858,172.31.40.0-255,66,81015,71,325587
12382,0.000863,74.125.68.0-255,2902,83917,71,325587
12383,0.000866,172.31.40.0-255,66,83983,71,325587
12384,0.000871,74.125.68.0-255,4320,88303,71,325587
12385,0.000873,172.31.40.0-255,66,88369,71,325587
12386,0.000883,172.31.40.0-255,66,88435,71,325587
12387,0.000889,74.125.68.0-255,4320,92755,71,325587
12388,0.000891,172.31.40.0-255,66,92821,71,325587
12389,0.000911,74.125.68.0-255,1484,94305,71,325587
12390,0.00092,74.125.68.0-255,6438,100743,71,325587
12391,0.000923,172.31.40.0-255,66,100809,71,325587
12392,0.001453,74.125.68.0-255,1484,102293,71,325587
12393,0.001458,74.125.68.0-255,1484,103777,71,325587
12394,0.001462,172.31.40.0-255,66,103843,71,325587
12395,0.001479,74.125.68.0-255,1484,105327,71,325587
12396,0.001523,74.125.68.0-255,1484,106811,71,325587
12397,0.001526,172.31.40.0-255,66,106877,71,325587
12398,0.00153,74.125.68.0-255,1484,108361,71,325587
12399,0.001548,74.125.68.0-255,1484,109845,71,325587
12400,0.001552,74.125.68.0-255,2902,112747,71,325587
12401,0.00156,172.31.40.0-255,66,112813,71,325587
12402,0.001563,172.31.40.0-255,66,112879,71,325587
12403,0.001569,74.125.68.0-255,4320,117199,71,325587
12404,0.001572,172.31.40.0-255,66,117265,71,325587
12405,0.001585,74.125.68.0-255,2902,120167,71,325587
12406,0.001588,172.31.40.0-255,66,120233,71,325587
12407,0.001612,74.125.68.0-255,5738,125971,71,325587
12408,0.001617,74.125.68.0-255,5738,131709,71,325587
12409,0.001621,172.31.40.0-255,66,131775,71,325587
12410,0.001623,172.31.40.0-255,66,131841,71,325587
12411,0.001647,74.125.68.0-255,1484,133325,71,325587
12412,0.00166,74.125.68.0-255,2184,135509,71,325587
12413,0.001662,172.31.40.0-255,66,135575,71,325587
12414,0.001795,74.125.68.0-255,1484,137059,71,325587
12415,0.001812,74.125.68.0-255,2902,139961,71,325587
12416,0.001815,172.31.40.0-255,66,140027,71,325587
12417,0.001819,74.125.68.0-255,1484,141511,71,325587
12418,0.001842,74.125.68.0-255,4320,145831,71,325587
12419,0.001845,172.31.40.0-255,66,145897,71,325587
12420,0.001852,74.125.68.0-255,7156,153053,71,325587
12421,0.001855,172.31.40.0-255,66,153119,71,325587
12422,0.001858,74.125.68.0-255,1484,154603,71,325587
12423,0.001871,74.125.68.0-255,1484,156087,71,325587
12424,0.001873,172.31.40.0-255,66,156153,71,325587
12425,0.001892,74.125.68.0-255,5738,161891,71,325587
12426,0.001895,172.31.40.0-255,66,161957,71,325587
12427,0.0019,74.125.68.0-255,2902,164859,71,325587
12428,0.001902,172.31.40.0-255,66,164925,71,325587
12429,0.001919,74.125.68.0-255,5020,169945,71,325587
12430,0.001922,172.31.40.0-255,66,170011,71,325587
12431,0.002017,74.125.68.0-255,1484,171495,71,325587
12432,0.002022,74.125.68.0-255,1484,172979,71,325587
12433,0.002025,172.31.40.0-255,66,173045,71,325587
12434,0.002043,74.125.68.0-255,1484,174529,71,325587
12435,0.002047,74.125.68.0-255,2902,177431,71,325587
12436,0.002051,172.31.40.0-255,66,177497,71,325587
12437,0.002062,74.125.68.0-255,2902,180399,71,325587
12438,0.002064,172.31.40.0-255,66,180465,71,325587
12439,0.002094,74.125.68.0-255,2902,183367,71,325587
12440,0.002097,172.31.40.0-255,66,183433,71,325587
12441,0.002114,74.125.68.0-255,4320,187753,71,325587
12442,0.002117,172.31.40.0-255,66,187819,71,325587
12443,0.002121,74.125.68.0-255,2902,190721,71,325587
12444,0.002123,172.31.40.0-255,66,190787,71,325587
12445,0.00216,172.31.40.0-255,66,190853,71,325587
12446,0.002165,74.125.68.0-255,3602,194455,71,325587
12447,0.002167,172.31.40.0-255,66,194521,71,325587
12448,0.002213,74.125.68.0-255,1484,196005,71,325587
12449,0.002235,74.125.68.0-255,2902,198907,71,325587
12450,0.002238,172.31.40.0-255,66,198973,71,325587
12451,0.002245,74.125.68.0-255,5738,204711,71,325587
12452,0.002247,172.31.40.0-255,66,204777,71,325587
12453,0.002251,74.125.68.0-255,2902,207679,71,325587
12454,0.002254,172.31.40.0-255,66,207745,71,325587
12455,0.002302,74.125.68.0-255,4320,212065,71,325587
12456,0.002304,172.31.40.0-255,66,212131,71,325587
12457,0.002316,172.31.40.0-255,66,212197,71,325587
12458,0.002325,74.125.68.0-255,4320,216517,71,325587
12459,0.002328,172.31.40.0-255,66,216583,71,325587
12460,0.002349,74.125.68.0-255,3602,220185,71,325587
12461,0.002352,172.31.40.0-255,66,220251,71,325587
12462,0.002381,172.31.40.0-255,66,220317,71,325587
12463,0.002393,74.125.68.0-255,2902,223219,71,325587
12464,0.002395,172.31.40.0-255,66,223285,71,325587
12465,0.002431,172.31.40.0-255,66,223351,71,325587
12466,0.002459,74.125.68.0-255,7156,230507,71,325587
12467,0.002462,172.31.40.0-255,66,230573,71,325587
12468,0.002467,74.125.68.0-255,3602,234175,71,325587
12469,0.002469,172.31.40.0-255,66,234241,71,325587
12470,0.004879,74.125.68.0-255,1484,235725,71,325587
12471,0.004899,74.125.68.0-255,4320,240045,71,325587
12472,0.004904,172.31.40.0-255,66,240111,71,325587
12473,0.007324,74.125.68.0-255,5738,245849,71,325587
12474,0.007332,172.31.40.0-255,66,245915,71,325587
12475,0.009765,74.125.68.0-255,5738,251653,71,325587
12476,0.009774,172.31.40.0-255,66,251719,71,325587
12477,0.012227,74.125.68.0-255,5738,257457,71,325587
12478,0.012234,172.31.40.0-255,66,257523,71,325587
12479,0.014658,74.125.68.0-255,5738,263261,71,325587
12480,0.014666,172.31.40.0-255,66,263327,71,325587
12481,0.017088,74.125.68.0-255,5738,269065,71,325587
12482,0.017095,172.31.40.0-255,66,269131,71,325587
12483,0.019524,74.125.68.0-255,5738,274869,71,325587
12484,0.019533,172.31.40.0-255,66,274935,71,325587
12485,0.021967,74.125.68.0-255,5738,280673,71,325587
12486,0.021976,172.31.40.0-255,66,280739,71,325587
12487,0.024413,74.125.68.0-255,5738,286477,71,325587
12488,0.024421,172.31.40.0-255,66,286543,71,325587
12489,0.026862,74.125.68.0-255,5738,292281,71,325587
12490,0.026871,172.31.40.0-255,66,292347,71,325587
12491,0.029295,74.125.68.0-255,5738,298085,71,325587
12492,0.029303,172.31.40.0-255,66,298151,71,325587
12493,0.031728,74.125.68.0-255,5738,303889,71,325587
12494,0.031735,172.31.40.0-255,66,303955,71,325587
12495,0.034162,74.125.68.0-255,5738,309693,71,325587
12496,0.03417,172.31.40.0-255,66,309759,71,325587
12497,0.036596,74.125.68.0-255,5738,315497,71,325587
12498,0.036604,172.31.40.0-255,66,315563,71,325587
12499,0.038237,172.31.40.0-255,172,315735,71,325587
12500,0.038269,172.31.40.0-255,1111,316846,71,325587
12501,0.038326,172.31.40.0-255,1514,318360,71,325587
12502,0.038327,172.31.40.0-255,1291,319651,71,325587
12503,0.039026,74.125.68.0-255,5738,325389,71,325587
12504,0.039033,172.31.40.0-255,66,325455,71,325587
12505,0.039907,104.244.42.0-255,66,325521,71,325587
12506,0.039954,104.244.42.0-255,66,325587,71,325587
12507,0.0,172.253.118.0-255,153,153,71,255968
12508,2.4e-05,172.31.40.0-255,66,219,71,255968
12509,3.1e-05,172.253.118.0-255,1484,1703,71,255968
12510,3.6e-05,172.31.40.0-255,66,1769,71,255968
12511,4.2e-05,172.253.118.0-255,2902,4671,71,255968
12512,4.5e-05,172.31.40.0-255,66,4737,71,255968
12513,5e-05,172.253.118.0-255,2902,7639,71,255968
12514,5.3e-05,172.31.40.0-255,66,7705,71,255968
12515,5.8e-05,172.253.118.0-255,4320,12025,71,255968
12516,6.1e-05,172.31.40.0-255,66,12091,71,255968
12517,8.5e-05,172.253.118.0-255,2055,14146,71,255968
12518,8.8e-05,172.31.40.0-255,66,14212,71,255968
12519,9.2e-05,172.253.118.0-255,2902,17114,71,255968
12520,9.3e-05,172.31.40.0-255,66,17180,71,255968
12521,9.7e-05,172.253.118.0-255,1484,18664,71,255968
12522,9.9e-05,172.31.40.0-255,66,18730,71,255968
12523,0.000148,172.253.118.0-255,5738,24468,71,255968
12524,0.000151,172.31.40.0-255,66,24534,71,255968
12525,0.000156,172.253.118.0-255,4320,28854,71,255968
12526,0.000158,172.31.40.0-255,66,28920,71,255968
12527,0.000162,172.253.118.0-255,2543,31463,71,255968
12528,0.000164,172.31.40.0-255,66,31529,71,255968
12529,0.000232,172.253.118.0-255,1484,33013,71,255968
12530,0.000235,172.31.40.0-255,66,33079,71,255968
12531,0.00024,172.253.118.0-255,2902,35981,71,255968
12532,0.000242,172.31.40.0-255,66,36047,71,255968
12533,0.000275,172.253.118.0-255,5738,41785,71,255968
12534,0.000278,172.31.40.0-255,66,41851,71,255968
12535,0.000283,172.253.118.0-255,4320,46171,71,255968
12536,0.000286,172.31.40.0-255,66,46237,71,255968
12537,0.000312,172.253.118.0-255,2902,49139,71,255968
12538,0.000314,172.31.40.0-255,66,49205,71,255968
12539,0.000348,172.31.40.0-255,66,49271,71,255968
12540,0.000355,172.253.118.0-255,6797,56068,71,255968
12541,0.000357,172.31.40.0-255,66,56134,71,255968
12542,0.00036,172.253.118.0-255,677,56811,71,255968
12543,0.000682,172.253.118.0-255,1484,58295,71,255968
12544,0.000687,172.31.40.0-255,66,58361,71,255968
12545,0.000692,172.253.118.0-255,2902,61263,71,255968
12546,0.000693,172.31.40.0-255,66,61329,71,255968
12547,0.000699,172.253.118.0-255,5738,67067,71,255968
12548,0.000701,172.31.40.0-255,66,67133,71,255968
12549,0.00074,172.253.118.0-255,4320,71453,71,255968
12550,0.000744,172.31.40.0-255,66,71519,71,255968
12551,0.000746,172.31.40.0-255,66,71585,71,255968
12552,0.000774,172.31.40.0-255,66,71651,71,255968
12553,0.001032,172.253.118.0-255,1484,73135,71,255968
12554,0.001038,172.253.118.0-255,2902,76037,71,255968
12555,0.001041,172.31.40.0-255,66,76103,71,255968
12556,0.001054,172.253.118.0-255,1484,77587,71,255968
12557,0.001074,172.253.118.0-255,4320,81907,71,255968
12558,0.001076,172.31.40.0-255,66,81973,71,255968
12559,0.001082,172.253.118.0-255,7156,89129,71,255968
12560,0.001084,172.31.40.0-255,66,89195,71,255968
12561,0.001121,172.31.40.0-255,66,89261,71,255968
12562,0.001125,172.253.118.0-255,2184,91445,71,255968
12563,0.001126,172.31.40.0-255,66,91511,71,255968
12564,0.001297,172.253.118.0-255,1484,92995,71,255968
12565,0.00132,172.253.118.0-255,2902,95897,71,255968
12566,0.001323,172.31.40.0-255,66,95963,71,255968
12567,0.001326,172.253.118.0-255,1484,97447,71,255968
12568,0.001351,172.253.118.0-255,5738,103185,71,255968
12569,0.001353,172.31.40.0-255,66,103251,71,255968
12570,0.001372,172.253.118.0-255,5738,108989,71,255968
12571,0.001374,172.31.40.0-255,66,109055,71,255968
12572,0.001407,172.253.118.0-255,7156,116211,71,255968
12573,0.001418,172.31.40.0-255,66,116277,71,255968
12574,0.001423,172.31.40.0-255,66,116343,71,255968
12575,0.001556,172.253.118.0-255,1484,117827,71,255968
12576,0.001561,172.253.118.0-255,1484,119311,71,255968
12577,0.001563,172.31.40.0-255,66,119377,71,255968
12578,0.001581,172.253.118.0-255,1484,120861,71,255968
12579,0.001586,172.253.118.0-255,5738,126599,71,255968
12580,0.001588,172.31.40.0-255,66,126665,71,255968
12581,0.001594,172.253.118.0-255,5738,132403,71,255968
12582,0.001595,172.31.40.0-255,66,132469,71,255968
12583,0.001623,172.31.40.0-255,66,132535,71,255968
12584,0.001643,172.253.118.0-255,2902,135437,71,255968
12585,0.001645,172.31.40.0-255,66,135503,71,255968
12586,0.001651,172.253.118.0-255,6438,141941,71,255968
12587,0.001653,172.31.40.0-255,66,142007,71,255968
12588,0.001659,172.253.118.0-255,7156,149163,71,255968
12589,0.001661,172.31.40.0-255,66,149229,71,255968
12590,0.001686,172.253.118.0-255,5738,154967,71,255968
12591,0.001689,172.31.40.0-255,66,155033,71,255968
12592,0.00172,172.31.40.0-255,66,155099,71,255968
12593,0.001725,172.253.118.0-255,5738,160837,71,255968
12594,0.001727,172.31.40.0-255,66,160903,71,255968
12595,0.001769,172.253.118.0-255,3602,164505,71,255968
12596,0.001771,172.31.40.0-255,66,164571,71,255968
12597,0.00187,172.253.118.0-255,1484,166055,71,255968
12598,0.001875,172.253.118.0-255,1484,167539,71,255968
12599,0.001877,172.31.40.0-255,66,167605,71,255968
12600,0.001897,172.253.118.0-255,1484,169089,71,255968
12601,0.001903,172.253.118.0-255,5738,174827,71,255968
12602,0.001905,172.31.40.0-255,66,174893,71,255968
12603,0.001909,172.253.118.0-255,2902,177795,71,255968
12604,0.001911,172.31.40.0-255,66,177861,71,255968
12605,0.00193,172.253.118.0-255,4320,182181,71,255968
12606,0.001932,172.31.40.0-255,66,182247,71,255968
12607,0.001936,172.253.118.0-255,2902,185149,71,255968
12608,0.001938,172.31.40.0-255,66,185215,71,255968
12609,0.001977,172.31.40.0-255,66,185281,71,255968
12610,0.001981,172.253.118.0-255,2184,187465,71,255968
12611,0.001983,172.31.40.0-255,66,187531,71,255968
12612,0.002044,172.253.118.0-255,1484,189015,71,255968
12613,0.002058,172.253.118.0-255,2902,191917,71,255968
12614,0.002062,172.31.40.0-255,66,191983,71,255968
12615,0.002067,172.253.118.0-255,2902,194885,71,255968
12616,0.002068,172.31.40.0-255,66,194951,71,255968
12617,0.002082,172.253.118.0-255,2902,197853,71,255968
12618,0.002084,172.31.40.0-255,66,197919,71,255968
12619,0.002088,172.253.118.0-255,2902,200821,71,255968
12620,0.00209,172.31.40.0-255,66,200887,71,255968
12621,0.002126,172.31.40.0-255,66,200953,71,255968
12622,0.002133,172.253.118.0-255,7156,208109,71,255968
12623,0.002135,172.31.40.0-255,66,208175,71,255968
12624,0.002154,172.253.118.0-255,2902,211077,71,255968
12625,0.002159,172.31.40.0-255,66,211143,71,255968
12626,0.002179,172.31.40.0-255,66,211209,71,255968
12627,0.002201,172.253.118.0-255,5020,216229,71,255968
12628,0.002203,172.31.40.0-255,66,216295,71,255968
12629,0.002214,172.31.40.0-255,66,216361,71,255968
12630,0.002219,172.253.118.0-255,3602,219963,71,255968
12631,0.00222,172.31.40.0-255,66,220029,71,255968
12632,0.002243,172.253.118.0-255,4320,224349,71,255968
12633,0.002246,172.31.40.0-255,66,224415,71,255968
12634,0.002251,172.253.118.0-255,4320,228735,71,255968
12635,0.002253,172.31.40.0-255,66,228801,71,255968
12636,0.002282,172.253.118.0-255,5738,234539,71,255968
12637,0.002284,172.31.40.0-255,66,234605,71,255968
12638,0.002293,172.31.40.0-255,66,234671,71,255968
12639,0.002335,172.253.118.0-255,4320,238991,71,255968
12640,0.002338,172.31.40.0-255,66,239057,71,255968
12641,0.002352,172.253.118.0-255,4320,243377,71,255968
12642,0.002354,172.31.40.0-255,66,243443,71,255968
12643,0.002386,172.253.118.0-255,6438,249881,71,255968
12644,0.002389,172.31.40.0-255,66,249947,71,255968
12645,0.002402,172.31.40.0-255,66,250013,71,255968
12646,0.002405,172.253.118.0-255,1224,251237,71,255968
12647,0.002407,172.253.118.0-255,105,251342,71,255968
12648,0.002725,172.31.40.0-255,101,251443,71,255968
12649,0.003832,172.31.40.0-255,105,251548,71,255968
12650,0.005436,172.253.118.0-255,66,251614,71,255968
12651,0.006551,172.253.118.0-255,66,251680,71,255968
12652,0.032121,172.31.40.0-255,172,251852,71,255968
12653,0.032187,172.31.40.0-255,1109,252961,71,255968
12654,0.03225,172.31.40.0-255,1514,254475,71,255968
12655,0.032252,172.31.40.0-255,1295,255770,71,255968
12656,0.033751,104.244.42.0-255,66,255836,71,255968
12657,0.03384,104.244.42.0-255,66,255902,71,255968
12658,0.033927,104.244.42.0-255,66,255968,71,255968
12659,0.0,74.125.130.0-255,152,152,71,302481
12660,2.2e-05,172.31.40.0-255,66,218,71,302481
12661,3e-05,74.125.130.0-255,1484,1702,71,302481
12662,3.6e-05,172.31.40.0-255,66,1768,71,302481
12663,4.3e-05,74.125.130.0-255,2902,4670,71,302481
12664,4.6e-05,172.31.40.0-255,66,4736,71,302481
12665,5.3e-05,74.125.130.0-255,5738,10474,71,302481
12666,5.7e-05,172.31.40.0-255,66,10540,71,302481
12667,8.6e-05,74.125.130.0-255,3519,14059,71,302481
12668,8.9e-05,172.31.40.0-255,66,14125,71,302481
12669,0.000151,74.125.130.0-255,1484,15609,71,302481
12670,0.000154,172.31.40.0-255,66,15675,71,302481
12671,0.00016,74.125.130.0-255,2902,18577,71,302481
12672,0.000162,172.31.40.0-255,66,18643,71,302481
12673,0.000176,74.125.130.0-255,1484,20127,71,302481
12674,0.000178,172.31.40.0-255,66,20193,71,302481
12675,0.000191,74.125.130.0-255,2902,23095,71,302481
12676,0.000194,172.31.40.0-255,66,23161,71,302481
12677,0.000201,74.125.130.0-255,4320,27481,71,302481
12678,0.000203,172.31.40.0-255,66,27547,71,302481
12679,0.000225,74.125.130.0-255,1484,29031,71,302481
12680,0.000228,172.31.40.0-255,66,29097,71,302481
12681,0.000232,74.125.130.0-255,2543,31640,71,302481
12682,0.000234,172.31.40.0-255,66,31706,71,302481
12683,0.000474,74.125.130.0-255,1484,33190,71,302481
12684,0.000481,172.31.40.0-255,66,33256,71,302481
12685,0.000488,74.125.130.0-255,2902,36158,71,302481
12686,0.00049,172.31.40.0-255,66,36224,71,302481
12687,0.000523,74.125.130.0-255,2902,39126,71,302481
12688,0.000526,172.31.40.0-255,66,39192,71,302481
12689,0.00054,74.125.130.0-255,2902,42094,71,302481
12690,0.000543,172.31.40.0-255,66,42160,71,302481
12691,0.000546,74.125.130.0-255,1484,43644,71,302481
12692,0.000568,74.125.130.0-255,5379,49023,71,302481
12693,0.000571,172.31.40.0-255,66,49089,71,302481
12694,0.000761,74.125.130.0-255,1484,50573,71,302481
12695,0.000777,74.125.130.0-255,1484,52057,71,302481
12696,0.00078,172.31.40.0-255,66,52123,71,302481
12697,0.000786,74.125.130.0-255,2902,55025,71,302481
12698,0.000789,172.31.40.0-255,66,55091,71,302481
12699,0.000827,74.125.130.0-255,5738,60829,71,302481
12700,0.00083,172.31.40.0-255,66,60895,71,302481
12701,0.000836,74.125.130.0-255,5379,66274,71,302481
12702,0.000838,172.31.40.0-255,66,66340,71,302481
12703,0.000983,74.125.130.0-255,1484,67824,71,302481
12704,0.001017,74.125.130.0-255,2902,70726,71,302481
12705,0.001023,74.125.130.0-255,5738,76464,71,302481
12706,0.001028,172.31.40.0-255,66,76530,71,302481
12707,0.001031,172.31.40.0-255,66,76596,71,302481
12708,0.001054,74.125.130.0-255,5738,82334,71,302481
12709,0.001056,172.31.40.0-255,66,82400,71,302481
12710,0.00108,74.125.130.0-255,6797,89197,71,302481
12711,0.001083,172.31.40.0-255,66,89263,71,302481
12712,0.001131,74.125.130.0-255,1484,90747,71,302481
12713,0.001146,74.125.130.0-255,2902,93649,71,302481
12714,0.001151,172.31.40.0-255,66,93715,71,302481
12715,0.001171,74.125.130.0-255,2902,96617,71,302481
12716,0.001175,172.31.40.0-255,66,96683,71,302481
12717,0.001192,74.125.130.0-255,2902,99585,71,302481
12718,0.001209,172.31.40.0-255,66,99651,71,302481
12719,0.001212,74.125.130.0-255,1484,101135,71,302481
12720,0.001215,74.125.130.0-255,286,101421,71,302481
12721,0.001217,172.31.40.0-255,66,101487,71,302481
12722,0.001366,74.125.130.0-255,1484,102971,71,302481
12723,0.001373,74.125.130.0-255,2902,105873,71,302481
12724,0.001377,172.31.40.0-255,66,105939,71,302481
12725,0.001382,74.125.130.0-255,2902,108841,71,302481
12726,0.001384,172.31.40.0-255,66,108907,71,302481
12727,0.001398,74.125.130.0-255,2902,111809,71,302481
12728,0.001401,172.31.40.0-255,66,111875,71,302481
12729,0.001407,74.125.130.0-255,5738,117613,71,302481
12730,0.00141,172.31.40.0-255,66,117679,71,302481
12731,0.001428,74.125.130.0-255,1484,119163,71,302481
12732,0.001451,74.125.130.0-255,5738,124901,71,302481
12733,0.001455,172.31.40.0-255,66,124967,71,302481
12734,0.00148,172.31.40.0-255,66,125033,71,302481
12735,0.001484,74.125.130.0-255,2184,127217,71,302481
12736,0.001487,172.31.40.0-255,66,127283,71,302481
12737,0.001547,74.125.130.0-255,1484,128767,71,302481
12738,0.001567,74.125.130.0-255,2902,131669,71,302481
12739,0.001571,172.31.40.0-255,66,131735,71,302481
12740,0.001576,74.125.130.0-255,2902,134637,71,302481
12741,0.001578,172.31.40.0-255,66,134703,71,302481
12742,0.001596,74.125.130.0-255,2902,137605,71,302481
12743,0.001598,172.31.40.0-255,66,137671,71,302481
12744,0.001601,74.125.130.0-255,1484,139155,71,302481
12745,0.001606,74.125.130.0-255,2902,142057,71,302481
12746,0.001608,172.31.40.0-255,66,142123,71,302481
12747,0.001611,74.125.130.0-255,1484,143607,71,302481
12748,0.001633,74.125.130.0-255,4320,147927,71,302481
12749,0.001636,172.31.40.0-255,66,147993,71,302481
12750,0.001639,74.125.130.0-255,1484,149477,71,302481
12751,0.001658,74.125.130.0-255,4320,153797,71,302481
12752,0.001661,172.31.40.0-255,66,153863,71,302481
12753,0.001675,74.125.130.0-255,4320,158183,71,302481
12754,0.001678,172.31.40.0-255,66,158249,71,302481
12755,0.001697,74.125.130.0-255,3602,161851,71,302481
12756,0.0017,172.31.40.0-255,66,161917,71,302481
12757,0.001857,74.125.130.0-255,1484,163401,71,302481
12758,0.001875,74.125.130.0-255,2902,166303,71,302481
12759,0.00188,172.31.40.0-255,66,166369,71,302481
12760,0.001885,74.125.130.0-255,2902,169271,71,302481
12761,0.001888,172.31.40.0-255,66,169337,71,302481
12762,0.001891,74.125.130.0-255,1484,170821,71,302481
12763,0.001905,74.125.130.0-255,2902,173723,71,302481
12764,0.001907,172.31.40.0-255,66,173789,71,302481
12765,0.00193,74.125.130.0-255,1484,175273,71,302481
12766,0.001949,74.125.130.0-255,7156,182429,71,302481
12767,0.001952,172.31.40.0-255,66,182495,71,302481
12768,0.001955,74.125.130.0-255,1484,183979,71,302481
12769,0.001999,74.125.130.0-255,7156,191135,71,302481
12770,0.002002,172.31.40.0-255,66,191201,71,302481
12771,0.002024,74.125.130.0-255,4320,195521,71,302481
12772,0.002026,172.31.40.0-255,66,195587,71,302481
12773,0.002029,74.125.130.0-255,766,196353,71,302481
12774,0.004078,74.125.130.0-255,4320,200673,71,302481
12775,0.004086,172.31.40.0-255,66,200739,71,302481
12776,0.006138,74.125.130.0-255,4320,205059,71,302481
12777,0.006145,172.31.40.0-255,66,205125,71,302481
12778,0.006164,74.125.130.0-255,1484,206609,71,302481
12779,0.008198,74.125.130.0-255,4320,210929,71,302481
12780,0.008203,172.31.40.0-255,66,210995,71,302481
12781,0.010259,74.125.130.0-255,5738,216733,71,302481
12782,0.010266,172.31.40.0-255,66,216799,71,302481
12783,0.012343,74.125.130.0-255,5738,222537,71,302481
12784,0.012349,172.31.40.0-255,66,222603,71,302481
12785,0.014435,74.125.130.0-255,5738,228341,71,302481
12786,0.014442,172.31.40.0-255,66,228407,71,302481
12787,0.016532,74.125.130.0-255,5738,234145,71,302481
12788,0.016541,172.31.40.0-255,66,234211,71,302481
12789,0.018603,74.125.130.0-255,5738,239949,71,302481
12790,0.018611,172.31.40.0-255,66,240015,71,302481
12791,0.020688,74.125.130.0-255,5738,245753,71,302481
12792,0.020696,172.31.40.0-255,66,245819,71,302481
12793,0.02276,74.125.130.0-255,5738,251557,71,302481
12794,0.022767,172.31.40.0-255,66,251623,71,302481
12795,0.024823,74.125.130.0-255,5738,257361,71,302481
12796,0.024829,172.31.40.0-255,66,257427,71,302481
12797,0.026876,74.125.130.0-255,5738,263165,71,302481
12798,0.026881,172.31.40.0-255,66,263231,71,302481
12799,0.028941,74.125.130.0-255,5738,268969,71,302481
12800,0.028949,172.31.40.0-255,66,269035,71,302481
12801,0.031016,74.125.130.0-255,5738,274773,71,302481
12802,0.031023,172.31.40.0-255,66,274839,71,302481
12803,0.033103,74.125.130.0-255,5738,280577,71,302481
12804,0.033114,172.31.40.0-255,66,280643,71,302481
12805,0.033719,172.31.40.0-255,246,280889,71,302481
12806,0.033752,172.31.40.0-255,1135,282024,71,302481
12807,0.033813,172.31.40.0-255,1514,283538,71,302481
12808,0.033814,172.31.40.0-255,1267,284805,71,302481
12809,0.035174,74.125.130.0-255,5738,290543,71,302481
12810,0.035181,172.31.40.0-255,66,290609,71,302481
12811,0.03526,104.244.42.0-255,66,290675,71,302481
12812,0.035307,104.244.42.0-255,66,290741,71,302481
12813,0.035359,104.244.42.0-255,66,290807,71,302481
12814,0.037228,74.125.130.0-255,1484,292291,71,302481
12815,0.037252,74.125.130.0-255,4320,296611,71,302481
12816,0.037257,172.31.40.0-255,66,296677,71,302481
12817,0.039325,74.125.130.0-255,5738,302415,71,302481
12818,0.039331,172.31.40.0-255,66,302481,71,302481
12819,0.0,74.125.24.0-255,146,146,71,237804
12820,2.3e-05,172.31.40.0-255,66,212,71,237804
12821,3e-05,74.125.24.0-255,1484,1696,71,237804
12822,3.4e-05,172.31.40.0-255,66,1762,71,237804
12823,3.9e-05,74.125.24.0-255,2902,4664,71,237804
12824,4.1e-05,172.31.40.0-255,66,4730,71,237804
12825,4.7e-05,74.125.24.0-255,4320,9050,71,237804
12826,4.9e-05,172.31.40.0-255,66,9116,71,237804
12827,0.00011,74.125.24.0-255,4901,14017,71,237804
12828,0.000112,172.31.40.0-255,66,14083,71,237804
12829,0.000216,74.125.24.0-255,1484,15567,71,237804
12830,0.00022,172.31.40.0-255,66,15633,71,237804
12831,0.000233,74.125.24.0-255,2902,18535,71,237804
12832,0.000235,172.31.40.0-255,66,18601,71,237804
12833,0.000257,74.125.24.0-255,5738,24339,71,237804
12834,0.00026,172.31.40.0-255,66,24405,71,237804
12835,0.000303,74.125.24.0-255,5738,30143,71,237804
12836,0.000305,172.31.40.0-255,66,30209,71,237804
12837,0.000317,74.125.24.0-255,1125,31334,71,237804
12838,0.000319,172.31.40.0-255,66,31400,71,237804
12839,0.000351,74.125.24.0-255,4320,35720,71,237804
12840,0.000354,172.31.40.0-255,66,35786,71,237804
12841,0.000358,74.125.24.0-255,2902,38688,71,237804
12842,0.000359,172.31.40.0-255,66,38754,71,237804
12843,0.000374,74.125.24.0-255,2902,41656,71,237804
12844,0.000376,172.31.40.0-255,66,41722,71,237804
12845,0.000404,74.125.24.0-255,4320,46042,71,237804
12846,0.000406,172.31.40.0-255,66,46108,71,237804
12847,0.000423,74.125.24.0-255,2543,48651,71,237804
12848,0.000425,172.31.40.0-255,66,48717,71,237804
12849,0.00058,74.125.24.0-255,1484,50201,71,237804
12850,0.000584,172.31.40.0-255,66,50267,71,237804
12851,0.000598,74.125.24.0-255,1484,51751,71,237804
12852,0.000628,74.125.24.0-255,1484,53235,71,237804
12853,0.00063,172.31.40.0-255,66,53301,71,237804
12854,0.000636,74.125.24.0-255,4320,57621,71,237804
12855,0.000638,172.31.40.0-255,66,57687,71,237804
12856,0.000642,74.125.24.0-255,2902,60589,71,237804
12857,0.000644,172.31.40.0-255,66,60655,71,237804
12858,0.000676,74.125.24.0-255,4320,64975,71,237804
12859,0.000678,172.31.40.0-255,66,65041,71,237804
12860,0.000692,74.125.24.0-255,1704,66745,71,237804
12861,0.000694,172.31.40.0-255,66,66811,71,237804
12862,0.000732,74.125.24.0-255,1484,68295,71,237804
12863,0.000746,74.125.24.0-255,2902,71197,71,237804
12864,0.000749,172.31.40.0-255,66,71263,71,237804
12865,0.000774,74.125.24.0-255,5738,77001,71,237804
12866,0.000777,172.31.40.0-255,66,77067,71,237804
12867,0.000825,74.125.24.0-255,2902,79969,71,237804
12868,0.000828,172.31.40.0-255,66,80035,71,237804
12869,0.000849,74.125.24.0-255,2902,82937,71,237804
12870,0.000851,172.31.40.0-255,66,83003,71,237804
12871,0.000882,172.31.40.0-255,66,83069,71,237804
12872,0.000892,172.31.40.0-255,66,83135,71,237804
12873,0.000906,74.125.24.0-255,1484,84619,71,237804
12874,0.000924,74.125.24.0-255,2902,87521,71,237804
12875,0.000926,172.31.40.0-255,66,87587,71,237804
12876,0.000948,74.125.24.0-255,5738,93325,71,237804
12877,0.000951,172.31.40.0-255,66,93391,71,237804
12878,0.000992,74.125.24.0-255,5738,99129,71,237804
12879,0.000999,172.31.40.0-255,66,99195,71,237804
12880,0.001002,74.125.24.0-255,459,99654,71,237804
12881,0.001433,172.31.40.0-255,66,99720,71,237804
12882,0.001797,74.125.24.0-255,1484,101204,71,237804
12883,0.001808,74.125.24.0-255,2902,104106,71,237804
12884,0.001812,172.31.40.0-255,66,104172,71,237804
12885,0.00182,74.125.24.0-255,4320,108492,71,237804
12886,0.001821,172.31.40.0-255,66,108558,71,237804
12887,0.001837,74.125.24.0-255,1484,110042,71,237804
12888,0.001839,74.125.24.0-255,1484,111526,71,237804
12889,0.001842,172.31.40.0-255,66,111592,71,237804
12890,0.001877,74.125.24.0-255,4320,115912,71,237804
12891,0.00188,172.31.40.0-255,66,115978,71,237804
12892,0.001897,74.125.24.0-255,1822,117800,71,237804
12893,0.001899,172.31.40.0-255,66,117866,71,237804
12894,0.001932,74.125.24.0-255,1484,119350,71,237804
12895,0.001946,74.125.24.0-255,2902,122252,71,237804
12896,0.001948,172.31.40.0-255,66,122318,71,237804
12897,0.00197,74.125.24.0-255,5738,128056,71,237804
12898,0.001972,172.31.40.0-255,66,128122,71,237804
12899,0.001976,74.125.24.0-255,2902,131024,71,237804
12900,0.001978,172.31.40.0-255,66,131090,71,237804
12901,0.001995,74.125.24.0-255,1484,132574,71,237804
12902,0.002,74.125.24.0-255,2902,135476,71,237804
12903,0.002001,172.31.40.0-255,66,135542,71,237804
12904,0.002031,172.31.40.0-255,66,135608,71,237804
12905,0.002041,172.31.40.0-255,66,135674,71,237804
12906,0.004169,74.125.24.0-255,2902,138576,71,237804
12907,0.004174,172.31.40.0-255,66,138642,71,237804
12908,0.004192,74.125.24.0-255,2902,141544,71,237804
12909,0.004194,172.31.40.0-255,66,141610,71,237804
12910,0.006301,74.125.24.0-255,1484,143094,71,237804
12911,0.006319,74.125.24.0-255,4320,147414,71,237804
12912,0.006322,172.31.40.0-255,66,147480,71,237804
12913,0.008468,74.125.24.0-255,5738,153218,71,237804
12914,0.008475,172.31.40.0-255,66,153284,71,237804
12915,0.01071,74.125.24.0-255,4320,157604,71,237804
12916,0.010718,172.31.40.0-255,66,157670,71,237804
12917,0.010735,74.125.24.0-255,1484,159154,71,237804
12918,0.01283,74.125.24.0-255,4320,163474,71,237804
12919,0.012836,172.31.40.0-255,66,163540,71,237804
12920,0.014948,74.125.24.0-255,5738,169278,71,237804
12921,0.014955,172.31.40.0-255,66,169344,71,237804
12922,0.017076,74.125.24.0-255,5738,175082,71,237804
12923,0.017082,172.31.40.0-255,66,175148,71,237804
12924,0.019243,74.125.24.0-255,5738,180886,71,237804
12925,0.019252,172.31.40.0-255,66,180952,71,237804
12926,0.021459,74.125.24.0-255,5738,186690,71,237804
12927,0.021467,172.31.40.0-255,66,186756,71,237804
12928,0.023612,74.125.24.0-255,5738,192494,71,237804
12929,0.023618,172.31.40.0-255,66,192560,71,237804
12930,0.025783,74.125.24.0-255,5738,198298,71,237804
12931,0.025794,172.31.40.0-255,66,198364,71,237804
12932,0.027923,74.125.24.0-255,5738,204102,71,237804
12933,0.027931,172.31.40.0-255,66,204168,71,237804
12934,0.030064,74.125.24.0-255,5738,209906,71,237804
12935,0.030073,172.31.40.0-255,66,209972,71,237804
12936,0.032221,74.125.24.0-255,1484,211456,71,237804
12937,0.032239,74.125.24.0-255,1484,212940,71,237804
12938,0.032244,172.31.40.0-255,66,213006,71,237804
12939,0.032296,74.125.24.0-255,2902,215908,71,237804
12940,0.032298,172.31.40.0-255,66,215974,71,237804
12941,0.034318,172.31.40.0-255,172,216146,71,237804
12942,0.034353,172.31.40.0-255,1111,217257,71,237804
12943,0.034368,74.125.24.0-255,2902,220159,71,237804
12944,0.034372,172.31.40.0-255,66,220225,71,237804
12945,0.034399,74.125.24.0-255,2902,223127,71,237804
12946,0.034401,172.31.40.0-255,66,223193,71,237804
12947,0.034441,172.31.40.0-255,1514,224707,71,237804
12948,0.034443,172.31.40.0-255,1291,225998,71,237804
12949,0.036017,104.244.42.0-255,66,226064,71,237804
12950,0.036052,104.244.42.0-255,66,226130,71,237804
12951,0.036161,104.244.42.0-255,66,226196,71,237804
12952,0.036534,74.125.24.0-255,5738,231934,71,237804
12953,0.03654,172.31.40.0-255,66,232000,71,237804
12954,0.038697,74.125.24.0-255,5738,237738,71,237804
12955,0.038705,172.31.40.0-255,66,237804,71,237804
12956,0.0,172.217.194.0-255,301,301,71,190985
12957,1.5e-05,172.31.40.0-255,66,367,71,190985
12958,2.1e-05,172.217.194.0-255,1484,1851,71,190985
12959,2.7e-05,172.31.40.0-255,66,1917,71,190985
12960,3.3e-05,172.217.194.0-255,4320,6237,71,190985
12961,3.6e-05,172.31.40.0-255,66,6303,71,190985
12962,4.8e-05,172.31.40.0-255,66,6369,71,190985
12963,5.3e-05,172.217.194.0-255,2902,9271,71,190985
12964,5.7e-05,172.31.40.0-255,66,9337,71,190985
12965,9.8e-05,172.31.40.0-255,66,9403,71,190985
12966,0.000116,172.217.194.0-255,1484,10887,71,190985
12967,0.000118,172.31.40.0-255,66,10953,71,190985
12968,0.000123,172.217.194.0-255,2902,13855,71,190985
12969,0.000125,172.31.40.0-255,66,13921,71,190985
12970,0.000129,172.217.194.0-255,1484,15405,71,190985
12971,0.000131,172.31.40.0-255,66,15471,71,190985
12972,0.000156,172.217.194.0-255,4320,19791,71,190985
12973,0.000158,172.31.40.0-255,66,19857,71,190985
12974,0.000164,172.217.194.0-255,5738,25595,71,190985
12975,0.000166,172.31.40.0-255,66,25661,71,190985
12976,0.000169,172.217.194.0-255,1484,27145,71,190985
12977,0.000171,172.31.40.0-255,66,27211,71,190985
12978,0.000215,172.31.40.0-255,66,27277,71,190985
12979,0.00022,172.217.194.0-255,3961,31238,71,190985
12980,0.000222,172.31.40.0-255,66,31304,71,190985
12981,0.000225,172.217.194.0-255,379,31683,71,190985
12982,0.000228,172.31.40.0-255,66,31749,71,190985
12983,0.000274,172.217.194.0-255,99,31848,71,190985
12984,0.000278,172.31.40.0-255,66,31914,71,190985
12985,0.000334,172.217.194.0-255,1484,33398,71,190985
12986,0.000349,172.217.194.0-255,2902,36300,71,190985
12987,0.000353,172.31.40.0-255,66,36366,71,190985
12988,0.000358,172.217.194.0-255,4320,40686,71,190985
12989,0.000361,172.31.40.0-255,66,40752,71,190985
12990,0.000394,172.217.194.0-255,4320,45072,71,190985
12991,0.000397,172.31.40.0-255,66,45138,71,190985
12992,0.000421,172.217.194.0-255,5379,50517,71,190985
12993,0.000424,172.31.40.0-255,66,50583,71,190985
12994,0.000435,172.31.40.0-255,66,50649,71,190985
12995,0.000455,172.217.194.0-255,5379,56028,71,190985
12996,0.000459,172.31.40.0-255,66,56094,71,190985
12997,0.000607,172.217.194.0-255,362,56456,71,190985
12998,0.000711,172.217.194.0-255,1484,57940,71,190985
12999,0.000715,172.31.40.0-255,66,58006,71,190985
13000,0.000731,172.217.194.0-255,2902,60908,71,190985
13001,0.000734,172.31.40.0-255,66,60974,71,190985
13002,0.00074,172.217.194.0-255,4320,65294,71,190985
13003,0.000745,172.31.40.0-255,66,65360,71,190985
13004,0.000761,172.217.194.0-255,1484,66844,71,190985
13005,0.000767,172.217.194.0-255,4320,71164,71,190985
13006,0.000769,172.31.40.0-255,66,71230,71,190985
13007,0.000806,172.31.40.0-255,66,71296,71,190985
13008,0.000809,172.217.194.0-255,1484,72780,71,190985
13009,0.000849,172.31.40.0-255,66,72846,71,190985
13010,0.00087,172.217.194.0-255,1484,74330,71,190985
13011,0.000875,172.217.194.0-255,2902,77232,71,190985
13012,0.000894,172.217.194.0-255,5738,82970,71,190985
13013,0.000899,172.31.40.0-255,66,83036,71,190985
13014,0.000918,172.217.194.0-255,7156,90192,71,190985
13015,0.000932,172.217.194.0-255,4320,94512,71,190985
13016,0.00094,172.31.40.0-255,66,94578,71,190985
13017,0.000953,172.217.194.0-255,4320,98898,71,190985
13018,0.001029,172.31.40.0-255,66,98964,71,190985
13019,0.001042,172.217.194.0-255,2902,101866,71,190985
13020,0.001084,172.217.194.0-255,4661,106527,71,190985
13021,0.001088,172.217.194.0-255,1484,108011,71,190985
13022,0.001099,172.31.40.0-255,66,108077,71,190985
13023,0.001114,172.217.194.0-255,2902,110979,71,190985
13024,0.001121,172.217.194.0-255,5738,116717,71,190985
13025,0.001123,172.217.194.0-255,1484,118201,71,190985
13026,0.001126,172.217.194.0-255,1484,119685,71,190985
13027,0.001146,172.217.194.0-255,7156,126841,71,190985
13028,0.001161,172.31.40.0-255,66,126907,71,190985
13029,0.001173,172.217.194.0-255,4320,131227,71,190985
13030,0.001203,172.31.40.0-255,66,131293,71,190985
13031,0.001309,172.217.194.0-255,1484,132777,71,190985
13032,0.001317,172.217.194.0-255,1484,134261,71,190985
13033,0.00133,172.217.194.0-255,1484,135745,71,190985
13034,0.001336,172.217.194.0-255,5738,141483,71,190985
13035,0.001367,172.31.40.0-255,66,141549,71,190985
13036,0.001386,172.217.194.0-255,4320,145869,71,190985
13037,0.001399,172.31.40.0-255,66,145935,71,190985
13038,0.001411,172.217.194.0-255,6438,152373,71,190985
13039,0.001415,172.217.194.0-255,1484,153857,71,190985
13040,0.001419,172.31.40.0-255,66,153923,71,190985
13041,0.001428,172.217.194.0-255,1484,155407,71,190985
13042,0.001439,172.217.194.0-255,1484,156891,71,190985
13043,0.001442,172.217.194.0-255,1484,158375,71,190985
13044,0.001456,172.217.194.0-255,4320,162695,71,190985
13045,0.001468,172.31.40.0-255,66,162761,71,190985
13046,0.001515,172.31.40.0-255,66,162827,71,190985
13047,0.001525,172.217.194.0-255,2184,165011,71,190985
13048,0.001536,172.217.194.0-255,1484,166495,71,190985
13049,0.00155,172.217.194.0-255,1484,167979,71,190985
13050,0.001556,172.217.194.0-255,4320,172299,71,190985
13051,0.001564,172.31.40.0-255,66,172365,71,190985
13052,0.001573,172.217.194.0-255,2902,175267,71,190985
13053,0.001579,172.217.194.0-255,2902,178169,71,190985
13054,0.001603,172.31.40.0-255,66,178235,71,190985
13055,0.001621,172.31.40.0-255,66,178301,71,190985
13056,0.001633,172.217.194.0-255,1484,179785,71,190985
13057,0.001665,172.217.194.0-255,3602,183387,71,190985
13058,0.001669,172.217.194.0-255,2902,186289,71,190985
13059,0.001681,172.31.40.0-255,66,186355,71,190985
13060,0.001721,172.217.194.0-255,105,186460,71,190985
13061,0.001769,172.31.40.0-255,66,186526,71,190985
13062,0.009986,172.31.40.0-255,105,186631,71,190985
13063,0.012282,172.217.194.0-255,66,186697,71,190985
13064,0.032619,172.31.40.0-255,172,186869,71,190985
13065,0.032653,172.31.40.0-255,1111,187980,71,190985
13066,0.032716,172.31.40.0-255,1514,189494,71,190985
13067,0.032718,172.31.40.0-255,1293,190787,71,190985
13068,0.034118,104.244.42.0-255,66,190853,71,190985
13069,0.034178,104.244.42.0-255,66,190919,71,190985
13070,0.034276,104.244.42.0-255,66,190985,71,190985
13071,0.0,172.217.194.0-255,66,66,71,66
13072,0.0,172.31.40.0-255,105,105,71,276
13073,0.002027,157.240.24.0-255,105,210,71,276
13074,0.002043,172.31.40.0-255,66,276,71,276
13075,0.0,74.125.24.0-255,153,153,71,217831
13076,2.3e-05,172.31.40.0-255,66,219,71,217831
13077,3e-05,74.125.24.0-255,1484,1703,71,217831
13078,3.5e-05,172.31.40.0-255,66,1769,71,217831
13079,4e-05,74.125.24.0-255,2902,4671,71,217831
13080,4.4e-05,172.31.40.0-255,66,4737,71,217831
13081,5.1e-05,74.125.24.0-255,7156,11893,71,217831
13082,5.4e-05,172.31.40.0-255,66,11959,71,217831
13083,0.0001,172.31.40.0-255,66,12025,71,217831
13084,0.000108,74.125.24.0-255,6797,18822,71,217831
13085,0.000111,172.31.40.0-255,66,18888,71,217831
13086,0.000188,74.125.24.0-255,1484,20372,71,217831
13087,0.000191,172.31.40.0-255,66,20438,71,217831
13088,0.000196,74.125.24.0-255,2902,23340,71,217831
13089,0.000198,172.31.40.0-255,66,23406,71,217831
13090,0.000202,74.125.24.0-255,1484,24890,71,217831
13091,0.000203,172.31.40.0-255,66,24956,71,217831
13092,0.00022,74.125.24.0-255,4320,29276,71,217831
13093,0.000223,172.31.40.0-255,66,29342,71,217831
13094,0.000241,74.125.24.0-255,4320,33662,71,217831
13095,0.000244,172.31.40.0-255,66,33728,71,217831
13096,0.000272,172.31.40.0-255,66,33794,71,217831
13097,0.00032,172.31.40.0-255,66,33860,71,217831
13098,0.000385,74.125.24.0-255,1484,35344,71,217831
13099,0.000388,172.31.40.0-255,66,35410,71,217831
13100,0.000392,74.125.24.0-255,1484,36894,71,217831
13101,0.000394,172.31.40.0-255,66,36960,71,217831
13102,0.000409,74.125.24.0-255,1484,38444,71,217831
13103,0.000411,172.31.40.0-255,66,38510,71,217831
13104,0.000419,74.125.24.0-255,5738,44248,71,217831
13105,0.000422,172.31.40.0-255,66,44314,71,217831
13106,0.000432,74.125.24.0-255,1484,45798,71,217831
13107,0.000459,172.31.40.0-255,66,45864,71,217831
13108,0.000472,172.31.40.0-255,66,45930,71,217831
13109,0.000474,74.125.24.0-255,332,46262,71,217831
13110,0.000826,74.125.24.0-255,1484,47746,71,217831
13111,0.000831,172.31.40.0-255,66,47812,71,217831
13112,0.000836,74.125.24.0-255,2902,50714,71,217831
13113,0.000838,172.31.40.0-255,66,50780,71,217831
13114,0.000845,74.125.24.0-255,5738,56518,71,217831
13115,0.000847,172.31.40.0-255,66,56584,71,217831
13116,0.000853,74.125.24.0-255,4320,60904,71,217831
13117,0.000855,172.31.40.0-255,66,60970,71,217831
13118,0.000873,74.125.24.0-255,2902,63872,71,217831
13119,0.000875,172.31.40.0-255,66,63938,71,217831
13120,0.000879,74.125.24.0-255,2902,66840,71,217831
13121,0.000881,172.31.40.0-255,66,66906,71,217831
13122,0.000916,172.31.40.0-255,66,66972,71,217831
13123,0.000921,74.125.24.0-255,1635,68607,71,217831
13124,0.000923,172.31.40.0-255,66,68673,71,217831
13125,0.000955,74.125.24.0-255,1484,70157,71,217831
13126,0.000967,74.125.24.0-255,2902,73059,71,217831
13127,0.00097,172.31.40.0-255,66,73125,71,217831
13128,0.000976,74.125.24.0-255,5738,78863,71,217831
13129,0.000979,172.31.40.0-255,66,78929,71,217831
13130,0.000998,74.125.24.0-255,4320,83249,71,217831
13131,0.001,172.31.40.0-255,66,83315,71,217831
13132,0.001034,74.125.24.0-255,7156,90471,71,217831
13133,0.001038,172.31.40.0-255,66,90537,71,217831
13134,0.001048,172.31.40.0-255,66,90603,71,217831
13135,0.001072,74.125.24.0-255,3602,94205,71,217831
13136,0.001074,172.31.40.0-255,66,94271,71,217831
13137,0.001145,74.125.24.0-255,1484,95755,71,217831
13138,0.001149,74.125.24.0-255,2902,98657,71,217831
13139,0.001155,172.31.40.0-255,66,98723,71,217831
13140,0.001171,74.125.24.0-255,5738,104461,71,217831
13141,0.001174,172.31.40.0-255,66,104527,71,217831
13142,0.001194,74.125.24.0-255,2902,107429,71,217831
13143,0.001196,172.31.40.0-255,66,107495,71,217831
13144,0.001284,172.31.40.0-255,66,107561,71,217831
13145,0.001287,172.31.40.0-255,66,107627,71,217831
13146,0.001467,74.125.24.0-255,1484,109111,71,217831
13147,0.001473,74.125.24.0-255,2902,112013,71,217831
13148,0.001476,172.31.40.0-255,66,112079,71,217831
13149,0.001483,74.125.24.0-255,5738,117817,71,217831
13150,0.001486,172.31.40.0-255,66,117883,71,217831
13151,0.001508,74.125.24.0-255,1484,119367,71,217831
13152,0.001545,172.31.40.0-255,66,119433,71,217831
13153,0.001548,74.125.24.0-255,1484,120917,71,217831
13154,0.001552,74.125.24.0-255,2902,123819,71,217831
13155,0.001555,172.31.40.0-255,66,123885,71,217831
13156,0.00156,74.125.24.0-255,5738,129623,71,217831
13157,0.001563,172.31.40.0-255,66,129689,71,217831
13158,0.001565,74.125.24.0-255,766,130455,71,217831
13159,0.001594,74.125.24.0-255,1484,131939,71,217831
13160,0.001597,172.31.40.0-255,66,132005,71,217831
13161,0.001624,74.125.24.0-255,4320,136325,71,217831
13162,0.001626,172.31.40.0-255,66,136391,71,217831
13163,0.00163,74.125.24.0-255,2902,139293,71,217831
13164,0.001632,172.31.40.0-255,66,139359,71,217831
13165,0.001638,74.125.24.0-255,4320,143679,71,217831
13166,0.00164,172.31.40.0-255,66,143745,71,217831
13167,0.001684,74.125.24.0-255,4320,148065,71,217831
13168,0.001688,172.31.40.0-255,66,148131,71,217831
13169,0.001693,74.125.24.0-255,4320,152451,71,217831
13170,0.001696,172.31.40.0-255,66,152517,71,217831
13171,0.001732,172.31.40.0-255,66,152583,71,217831
13172,0.001735,74.125.24.0-255,766,153349,71,217831
13173,0.001785,74.125.24.0-255,1484,154833,71,217831
13174,0.001788,172.31.40.0-255,66,154899,71,217831
13175,0.001793,74.125.24.0-255,2902,157801,71,217831
13176,0.001796,172.31.40.0-255,66,157867,71,217831
13177,0.0018,74.125.24.0-255,4320,162187,71,217831
13178,0.001803,172.31.40.0-255,66,162253,71,217831
13179,0.001815,74.125.24.0-255,1484,163737,71,217831
13180,0.001819,74.125.24.0-255,2902,166639,71,217831
13181,0.001822,172.31.40.0-255,66,166705,71,217831
13182,0.001861,172.31.40.0-255,66,166771,71,217831
13183,0.001871,172.31.40.0-255,66,166837,71,217831
13184,0.001876,74.125.24.0-255,2184,169021,71,217831
13185,0.001878,172.31.40.0-255,66,169087,71,217831
13186,0.001932,74.125.24.0-255,2902,171989,71,217831
13187,0.001935,172.31.40.0-255,66,172055,71,217831
13188,0.001963,74.125.24.0-255,7156,179211,71,217831
13189,0.001966,172.31.40.0-255,66,179277,71,217831
13190,0.001978,172.31.40.0-255,66,179343,71,217831
13191,0.002003,74.125.24.0-255,1484,180827,71,217831
13192,0.002024,172.31.40.0-255,66,180893,71,217831
13193,0.002043,74.125.24.0-255,2902,183795,71,217831
13194,0.002046,172.31.40.0-255,66,183861,71,217831
13195,0.002082,172.31.40.0-255,66,183927,71,217831
13196,0.002089,74.125.24.0-255,7156,191083,71,217831
13197,0.002091,172.31.40.0-255,66,191149,71,217831
13198,0.002112,74.125.24.0-255,5738,196887,71,217831
13199,0.002115,172.31.40.0-255,66,196953,71,217831
13200,0.002118,74.125.24.0-255,1484,198437,71,217831
13201,0.00214,74.125.24.0-255,4320,202757,71,217831
13202,0.002143,172.31.40.0-255,66,202823,71,217831
13203,0.002146,74.125.24.0-255,1484,204307,71,217831
13204,0.002149,74.125.24.0-255,1484,205791,71,217831
13205,0.002151,172.31.40.0-255,66,205857,71,217831
13206,0.002165,172.31.40.0-255,66,205923,71,217831
13207,0.002171,74.125.24.0-255,4320,210243,71,217831
13208,0.002174,172.31.40.0-255,66,210309,71,217831
13209,0.002177,74.125.24.0-255,1484,211793,71,217831
13210,0.002229,74.125.24.0-255,1342,213135,71,217831
13211,0.002232,172.31.40.0-255,66,213201,71,217831
13212,0.002235,74.125.24.0-255,105,213306,71,217831
13213,0.004469,172.31.40.0-255,66,213372,71,217831
13214,0.004504,172.31.40.0-255,105,213477,71,217831
13215,0.0065,74.125.24.0-255,66,213543,71,217831
13216,0.036614,172.31.40.0-255,172,213715,71,217831
13217,0.03665,172.31.40.0-255,1111,214826,71,217831
13218,0.036709,172.31.40.0-255,1514,216340,71,217831
13219,0.036711,172.31.40.0-255,1293,217633,71,217831
13220,0.038282,104.244.42.0-255,66,217699,71,217831
13221,0.03832,104.244.42.0-255,66,217765,71,217831
13222,0.038362,104.244.42.0-255,66,217831,71,217831
13223,0.0,74.125.200.0-255,218,218,71,284426
13224,2e-05,172.31.40.0-255,66,284,71,284426
13225,2.7e-05,74.125.200.0-255,1484,1768,71,284426
13226,3.1e-05,172.31.40.0-255,66,1834,71,284426
13227,3.4e-05,74.125.200.0-255,1484,3318,71,284426
13228,3.8e-05,172.31.40.0-255,66,3384,71,284426
13229,4.4e-05,74.125.200.0-255,2902,6286,71,284426
13230,4.7e-05,172.31.40.0-255,66,6352,71,284426
13231,5e-05,74.125.200.0-255,1484,7836,71,284426
13232,5.3e-05,172.31.40.0-255,66,7902,71,284426
13233,7.4e-05,74.125.200.0-255,4320,12222,71,284426
13234,7.8e-05,172.31.40.0-255,66,12288,71,284426
13235,8.3e-05,74.125.200.0-255,1856,14144,71,284426
13236,8.5e-05,172.31.40.0-255,66,14210,71,284426
13237,9e-05,74.125.200.0-255,2902,17112,71,284426
13238,9.2e-05,172.31.40.0-255,66,17178,71,284426
13239,0.000116,74.125.200.0-255,7156,24334,71,284426
13240,0.000119,172.31.40.0-255,66,24400,71,284426
13241,0.000122,74.125.200.0-255,1484,25884,71,284426
13242,0.000124,172.31.40.0-255,66,25950,71,284426
13243,0.000155,74.125.200.0-255,5379,31329,71,284426
13244,0.000157,172.31.40.0-255,66,31395,71,284426
13245,0.000361,74.125.200.0-255,1484,32879,71,284426
13246,0.000365,172.31.40.0-255,66,32945,71,284426
13247,0.00037,74.125.200.0-255,1484,34429,71,284426
13248,0.000372,172.31.40.0-255,66,34495,71,284426
13249,0.000396,74.125.200.0-255,2902,37397,71,284426
13250,0.000399,172.31.40.0-255,66,37463,71,284426
13251,0.000447,74.125.200.0-255,5738,43201,71,284426
13252,0.00045,172.31.40.0-255,66,43267,71,284426
13253,0.000452,74.125.200.0-255,1484,44751,71,284426
13254,0.000454,172.31.40.0-255,66,44817,71,284426
13255,0.000458,74.125.200.0-255,1484,46301,71,284426
13256,0.000471,74.125.200.0-255,1484,47785,71,284426
13257,0.000474,172.31.40.0-255,66,47851,71,284426
13258,0.000477,74.125.200.0-255,1125,48976,71,284426
13259,0.000659,74.125.200.0-255,1484,50460,71,284426
13260,0.000664,172.31.40.0-255,66,50526,71,284426
13261,0.000694,74.125.200.0-255,1484,52010,71,284426
13262,0.00071,74.125.200.0-255,1484,53494,71,284426
13263,0.000713,172.31.40.0-255,66,53560,71,284426
13264,0.00072,74.125.200.0-255,4320,57880,71,284426
13265,0.000721,172.31.40.0-255,66,57946,71,284426
13266,0.000751,74.125.200.0-255,7156,65102,71,284426
13267,0.000754,172.31.40.0-255,66,65168,71,284426
13268,0.000785,74.125.200.0-255,1704,66872,71,284426
13269,0.000788,172.31.40.0-255,66,66938,71,284426
13270,0.001202,74.125.200.0-255,1484,68422,71,284426
13271,0.001211,74.125.200.0-255,2902,71324,71,284426
13272,0.001214,172.31.40.0-255,66,71390,71,284426
13273,0.001252,74.125.200.0-255,4320,75710,71,284426
13274,0.001255,172.31.40.0-255,66,75776,71,284426
13275,0.001258,74.125.200.0-255,1484,77260,71,284426
13276,0.001277,74.125.200.0-255,4320,81580,71,284426
13277,0.001279,172.31.40.0-255,66,81646,71,284426
13278,0.001284,74.125.200.0-255,2543,84189,71,284426
13279,0.001286,172.31.40.0-255,66,84255,71,284426
13280,0.001335,74.125.200.0-255,2902,87157,71,284426
13281,0.001338,172.31.40.0-255,66,87223,71,284426
13282,0.001342,74.125.200.0-255,1484,88707,71,284426
13283,0.00136,74.125.200.0-255,2902,91609,71,284426
13284,0.001362,172.31.40.0-255,66,91675,71,284426
13285,0.001397,74.125.200.0-255,4320,95995,71,284426
13286,0.0014,172.31.40.0-255,66,96061,71,284426
13287,0.001421,74.125.200.0-255,4320,100381,71,284426
13288,0.001423,172.31.40.0-255,66,100447,71,284426
13289,0.001426,74.125.200.0-255,1125,101572,71,284426
13290,0.001606,74.125.200.0-255,1484,103056,71,284426
13291,0.001612,172.31.40.0-255,66,103122,71,284426
13292,0.001617,74.125.200.0-255,2902,106024,71,284426
13293,0.001619,172.31.40.0-255,66,106090,71,284426
13294,0.001625,74.125.200.0-255,4320,110410,71,284426
13295,0.001627,172.31.40.0-255,66,110476,71,284426
13296,0.001655,74.125.200.0-255,1484,111960,71,284426
13297,0.001661,74.125.200.0-255,4320,116280,71,284426
13298,0.001663,172.31.40.0-255,66,116346,71,284426
13299,0.001669,74.125.200.0-255,5738,122084,71,284426
13300,0.001672,172.31.40.0-255,66,122150,71,284426
13301,0.001675,74.125.200.0-255,1484,123634,71,284426
13302,0.001709,172.31.40.0-255,66,123700,71,284426
13303,0.001714,74.125.200.0-255,2184,125884,71,284426
13304,0.001716,172.31.40.0-255,66,125950,71,284426
13305,0.001841,74.125.200.0-255,1484,127434,71,284426
13306,0.001847,74.125.200.0-255,2902,130336,71,284426
13307,0.00185,172.31.40.0-255,66,130402,71,284426
13308,0.00188,74.125.200.0-255,4320,134722,71,284426
13309,0.001884,172.31.40.0-255,66,134788,71,284426
13310,0.001923,74.125.200.0-255,1484,136272,71,284426
13311,0.001977,74.125.200.0-255,2902,139174,71,284426
13312,0.001982,172.31.40.0-255,66,139240,71,284426
13313,0.001987,74.125.200.0-255,4320,143560,71,284426
13314,0.00199,172.31.40.0-255,66,143626,71,284426
13315,0.002001,172.31.40.0-255,66,143692,71,284426
13316,0.002004,74.125.200.0-255,1484,145176,71,284426
13317,0.002028,74.125.200.0-255,4320,149496,71,284426
13318,0.00203,172.31.40.0-255,66,149562,71,284426
13319,0.00205,74.125.200.0-255,2184,151746,71,284426
13320,0.002054,172.31.40.0-255,66,151812,71,284426
13321,0.002104,74.125.200.0-255,2902,154714,71,284426
13322,0.002108,172.31.40.0-255,66,154780,71,284426
13323,0.002111,74.125.200.0-255,1484,156264,71,284426
13324,0.002131,74.125.200.0-255,2902,159166,71,284426
13325,0.002134,172.31.40.0-255,66,159232,71,284426
13326,0.002169,74.125.200.0-255,1484,160716,71,284426
13327,0.002174,74.125.200.0-255,2902,163618,71,284426
13328,0.002177,172.31.40.0-255,66,163684,71,284426
13329,0.002199,74.125.200.0-255,5738,169422,71,284426
13330,0.002202,172.31.40.0-255,66,169488,71,284426
13331,0.002205,74.125.200.0-255,1484,170972,71,284426
13332,0.002225,74.125.200.0-255,5738,176710,71,284426
13333,0.002228,172.31.40.0-255,66,176776,71,284426
13334,0.002234,74.125.200.0-255,5738,182514,71,284426
13335,0.002236,172.31.40.0-255,66,182580,71,284426
13336,0.002255,74.125.200.0-255,2902,185482,71,284426
13337,0.002257,172.31.40.0-255,66,185548,71,284426
13338,0.00226,74.125.200.0-255,766,186314,71,284426
13339,0.002328,74.125.200.0-255,1484,187798,71,284426
13340,0.002332,172.31.40.0-255,66,187864,71,284426
13341,0.002337,74.125.200.0-255,2902,190766,71,284426
13342,0.00234,172.31.40.0-255,66,190832,71,284426
13343,0.002361,74.125.200.0-255,1484,192316,71,284426
13344,0.004683,74.125.200.0-255,4320,196636,71,284426
13345,0.004691,172.31.40.0-255,66,196702,71,284426
13346,0.007036,74.125.200.0-255,5738,202440,71,284426
13347,0.007042,172.31.40.0-255,66,202506,71,284426
13348,0.009415,74.125.200.0-255,2902,205408,71,284426
13349,0.009419,172.31.40.0-255,66,205474,71,284426
13350,0.009434,74.125.200.0-255,2902,208376,71,284426
13351,0.009436,172.31.40.0-255,66,208442,71,284426
13352,0.011761,74.125.200.0-255,2902,211344,71,284426
13353,0.011767,172.31.40.0-255,66,211410,71,284426
13354,0.011788,74.125.200.0-255,2902,214312,71,284426
13355,0.01179,172.31.40.0-255,66,214378,71,284426
13356,0.014127,74.125.200.0-255,2902,217280,71,284426
13357,0.014135,172.31.40.0-255,66,217346,71,284426
13358,0.014159,74.125.200.0-255,2902,220248,71,284426
13359,0.014162,172.31.40.0-255,66,220314,71,284426
13360,0.016482,74.125.200.0-255,2902,223216,71,284426
13361,0.01649,172.31.40.0-255,66,223282,71,284426
13362,0.016511,74.125.200.0-255,2902,226184,71,284426
13363,0.016513,172.31.40.0-255,66,226250,71,284426
13364,0.018856,74.125.200.0-255,2902,229152,71,284426
13365,0.018862,172.31.40.0-255,66,229218,71,284426
13366,0.018883,74.125.200.0-255,2902,232120,71,284426
13367,0.018887,172.31.40.0-255,66,232186,71,284426
13368,0.021204,74.125.200.0-255,2902,235088,71,284426
13369,0.021212,172.31.40.0-255,66,235154,71,284426
13370,0.021233,74.125.200.0-255,2902,238056,71,284426
13371,0.021235,172.31.40.0-255,66,238122,71,284426
13372,0.023564,74.125.200.0-255,4320,242442,71,284426
13373,0.023574,172.31.40.0-255,66,242508,71,284426
13374,0.023596,74.125.200.0-255,1484,243992,71,284426
13375,0.025971,74.125.200.0-255,4320,248312,71,284426
13376,0.02598,172.31.40.0-255,66,248378,71,284426
13377,0.028334,74.125.200.0-255,2902,251280,71,284426
13378,0.028342,172.31.40.0-255,66,251346,71,284426
13379,0.028361,74.125.200.0-255,2902,254248,71,284426
13380,0.028364,172.31.40.0-255,66,254314,71,284426
13381,0.030706,74.125.200.0-255,5738,260052,71,284426
13382,0.030713,172.31.40.0-255,66,260118,71,284426
13383,0.033062,74.125.200.0-255,5738,265856,71,284426
13384,0.033071,172.31.40.0-255,66,265922,71,284426
13385,0.035417,74.125.200.0-255,5738,271660,71,284426
13386,0.035425,172.31.40.0-255,66,271726,71,284426
13387,0.037771,74.125.200.0-255,5738,277464,71,284426
13388,0.037778,172.31.40.0-255,66,277530,71,284426
13389,0.039601,172.31.40.0-255,172,277702,71,284426
13390,0.039634,172.31.40.0-255,1113,278815,71,284426
13391,0.0397,172.31.40.0-255,1514,280329,71,284426
13392,0.039701,172.31.40.0-255,1514,281843,71,284426
13393,0.039703,172.31.40.0-255,1514,283357,71,284426
13394,0.039704,172.31.40.0-255,1069,284426,71,284426
13395,0.0,74.125.24.0-255,146,146,71,257498
13396,2.1e-05,172.31.40.0-255,66,212,71,257498
13397,2.7e-05,74.125.24.0-255,1484,1696,71,257498
13398,3.1e-05,172.31.40.0-255,66,1762,71,257498
13399,3.8e-05,74.125.24.0-255,2902,4664,71,257498
13400,4.8e-05,172.31.40.0-255,66,4730,71,257498
13401,5.3e-05,74.125.24.0-255,2902,7632,71,257498
13402,5.5e-05,172.31.40.0-255,66,7698,71,257498
13403,8.5e-05,74.125.24.0-255,4320,12018,71,257498
13404,8.8e-05,172.31.40.0-255,66,12084,71,257498
13405,9.4e-05,74.125.24.0-255,4320,16404,71,257498
13406,9.6e-05,172.31.40.0-255,66,16470,71,257498
13407,0.000126,74.125.24.0-255,3511,19981,71,257498
13408,0.000128,172.31.40.0-255,66,20047,71,257498
13409,0.000137,172.31.40.0-255,66,20113,71,257498
13410,0.00014,74.125.24.0-255,1484,21597,71,257498
13411,0.000142,172.31.40.0-255,66,21663,71,257498
13412,0.00017,74.125.24.0-255,1125,22788,71,257498
13413,0.000172,172.31.40.0-255,66,22854,71,257498
13414,0.000512,74.125.24.0-255,1484,24338,71,257498
13415,0.000517,172.31.40.0-255,66,24404,71,257498
13416,0.000545,74.125.24.0-255,2902,27306,71,257498
13417,0.000547,172.31.40.0-255,66,27372,71,257498
13418,0.000551,74.125.24.0-255,2902,30274,71,257498
13419,0.000553,172.31.40.0-255,66,30340,71,257498
13420,0.000556,74.125.24.0-255,1484,31824,71,257498
13421,0.000557,172.31.40.0-255,66,31890,71,257498
13422,0.000586,74.125.24.0-255,5738,37628,71,257498
13423,0.000588,172.31.40.0-255,66,37694,71,257498
13424,0.000615,74.125.24.0-255,2543,40237,71,257498
13425,0.000617,172.31.40.0-255,66,40303,71,257498
13426,0.001072,74.125.24.0-255,1484,41787,71,257498
13427,0.001093,74.125.24.0-255,2902,44689,71,257498
13428,0.001097,172.31.40.0-255,66,44755,71,257498
13429,0.001109,74.125.24.0-255,1484,46239,71,257498
13430,0.001126,74.125.24.0-255,2902,49141,71,257498
13431,0.001128,172.31.40.0-255,66,49207,71,257498
13432,0.001151,74.125.24.0-255,2902,52109,71,257498
13433,0.001153,172.31.40.0-255,66,52175,71,257498
13434,0.001158,74.125.24.0-255,5379,57554,71,257498
13435,0.00116,172.31.40.0-255,66,57620,71,257498
13436,0.001188,74.125.24.0-255,5738,63358,71,257498
13437,0.00119,172.31.40.0-255,66,63424,71,257498
13438,0.001225,172.31.40.0-255,66,63490,71,257498
13439,0.001251,74.125.24.0-255,7156,70646,71,257498
13440,0.001254,172.31.40.0-255,66,70712,71,257498
13441,0.001263,74.125.24.0-255,1484,72196,71,257498
13442,0.001281,74.125.24.0-255,2902,75098,71,257498
13443,0.001283,172.31.40.0-255,66,75164,71,257498
13444,0.001286,74.125.24.0-255,1484,76648,71,257498
13445,0.001308,74.125.24.0-255,5020,81668,71,257498
13446,0.00131,172.31.40.0-255,66,81734,71,257498
13447,0.001328,74.125.24.0-255,1484,83218,71,257498
13448,0.001332,74.125.24.0-255,2902,86120,71,257498
13449,0.001334,172.31.40.0-255,66,86186,71,257498
13450,0.001338,74.125.24.0-255,2902,89088,71,257498
13451,0.00134,172.31.40.0-255,66,89154,71,257498
13452,0.001362,74.125.24.0-255,2902,92056,71,257498
13453,0.001364,172.31.40.0-255,66,92122,71,257498
13454,0.001385,74.125.24.0-255,6682,98804,71,257498
13455,0.00139,172.31.40.0-255,66,98870,71,257498
13456,0.001451,74.125.24.0-255,198,99068,71,257498
13457,0.00162,74.125.24.0-255,1484,100552,71,257498
13458,0.001625,172.31.40.0-255,66,100618,71,257498
13459,0.001629,74.125.24.0-255,1484,102102,71,257498
13460,0.00165,74.125.24.0-255,1484,103586,71,257498
13461,0.001652,172.31.40.0-255,66,103652,71,257498
13462,0.001658,74.125.24.0-255,5738,109390,71,257498
13463,0.00166,172.31.40.0-255,66,109456,71,257498
13464,0.001688,74.125.24.0-255,5738,115194,71,257498
13465,0.001691,172.31.40.0-255,66,115260,71,257498
13466,0.001718,74.125.24.0-255,7156,122416,71,257498
13467,0.001721,172.31.40.0-255,66,122482,71,257498
13468,0.001748,74.125.24.0-255,2902,125384,71,257498
13469,0.00175,172.31.40.0-255,66,125450,71,257498
13470,0.00178,172.31.40.0-255,66,125516,71,257498
13471,0.001998,74.125.24.0-255,1484,127000,71,257498
13472,0.00201,74.125.24.0-255,1484,128484,71,257498
13473,0.002012,172.31.40.0-255,66,128550,71,257498
13474,0.002023,74.125.24.0-255,1484,130034,71,257498
13475,0.002029,74.125.24.0-255,1484,131518,71,257498
13476,0.00203,172.31.40.0-255,66,131584,71,257498
13477,0.002055,74.125.24.0-255,2902,134486,71,257498
13478,0.002057,172.31.40.0-255,66,134552,71,257498
13479,0.002097,74.125.24.0-255,1484,136036,71,257498
13480,0.002115,74.125.24.0-255,4320,140356,71,257498
13481,0.002117,172.31.40.0-255,66,140422,71,257498
13482,0.002125,74.125.24.0-255,7156,147578,71,257498
13483,0.002127,172.31.40.0-255,66,147644,71,257498
13484,0.002155,74.125.24.0-255,4320,151964,71,257498
13485,0.002158,172.31.40.0-255,66,152030,71,257498
13486,0.002166,74.125.24.0-255,7156,159186,71,257498
13487,0.002168,172.31.40.0-255,66,159252,71,257498
13488,0.002192,74.125.24.0-255,766,160018,71,257498
13489,0.004315,74.125.24.0-255,4320,164338,71,257498
13490,0.004318,172.31.40.0-255,66,164404,71,257498
13491,0.00645,74.125.24.0-255,4320,168724,71,257498
13492,0.006455,172.31.40.0-255,66,168790,71,257498
13493,0.006473,74.125.24.0-255,1484,170274,71,257498
13494,0.008594,74.125.24.0-255,4320,174594,71,257498
13495,0.008601,172.31.40.0-255,66,174660,71,257498
13496,0.010725,74.125.24.0-255,5738,180398,71,257498
13497,0.010733,172.31.40.0-255,66,180464,71,257498
13498,0.012865,74.125.24.0-255,5738,186202,71,257498
13499,0.012874,172.31.40.0-255,66,186268,71,257498
13500,0.015039,74.125.24.0-255,5738,192006,71,257498
13501,0.015046,172.31.40.0-255,66,192072,71,257498
13502,0.017206,74.125.24.0-255,5738,197810,71,257498
13503,0.017215,172.31.40.0-255,66,197876,71,257498
13504,0.019357,74.125.24.0-255,5738,203614,71,257498
13505,0.019365,172.31.40.0-255,66,203680,71,257498
13506,0.021492,74.125.24.0-255,5738,209418,71,257498
13507,0.021498,172.31.40.0-255,66,209484,71,257498
13508,0.023633,74.125.24.0-255,4320,213804,71,257498
13509,0.023641,172.31.40.0-255,66,213870,71,257498
13510,0.023673,74.125.24.0-255,1484,215354,71,257498
13511,0.02576,74.125.24.0-255,4320,219674,71,257498
13512,0.025768,172.31.40.0-255,66,219740,71,257498
13513,0.027934,74.125.24.0-255,5738,225478,71,257498
13514,0.027941,172.31.40.0-255,66,225544,71,257498
13515,0.029098,172.31.40.0-255,172,225716,71,257498
13516,0.029131,172.31.40.0-255,1113,226829,71,257498
13517,0.029194,172.31.40.0-255,1514,228343,71,257498
13518,0.029196,172.31.40.0-255,1289,229632,71,257498
13519,0.030122,74.125.24.0-255,5738,235370,71,257498
13520,0.030128,172.31.40.0-255,66,235436,71,257498
13521,0.030837,104.244.42.0-255,66,235502,71,257498
13522,0.030873,104.244.42.0-255,66,235568,71,257498
13523,0.0309,104.244.42.0-255,66,235634,71,257498
13524,0.032249,74.125.24.0-255,5738,241372,71,257498
13525,0.032253,172.31.40.0-255,66,241438,71,257498
13526,0.03438,74.125.24.0-255,4320,245758,71,257498
13527,0.034386,172.31.40.0-255,66,245824,71,257498
13528,0.03441,74.125.24.0-255,1484,247308,71,257498
13529,0.036514,74.125.24.0-255,4320,251628,71,257498
13530,0.036518,172.31.40.0-255,66,251694,71,257498
13531,0.038692,74.125.24.0-255,5738,257432,71,257498
13532,0.038697,172.31.40.0-255,66,257498,71,257498
13533,0.0,74.125.24.0-255,152,152,71,254841
13534,2.2e-05,172.31.40.0-255,66,218,71,254841
13535,4.8e-05,74.125.24.0-255,1484,1702,71,254841
13536,5.4e-05,172.31.40.0-255,66,1768,71,254841
13537,5.9e-05,74.125.24.0-255,2902,4670,71,254841
13538,6.2e-05,172.31.40.0-255,66,4736,71,254841
13539,7e-05,74.125.24.0-255,7156,11892,71,254841
13540,7.3e-05,172.31.40.0-255,66,11958,71,254841
13541,7.7e-05,74.125.24.0-255,2065,14023,71,254841
13542,8e-05,172.31.40.0-255,66,14089,71,254841
13543,0.000113,74.125.24.0-255,1484,15573,71,254841
13544,0.000116,172.31.40.0-255,66,15639,71,254841
13545,0.000135,74.125.24.0-255,2902,18541,71,254841
13546,0.000138,172.31.40.0-255,66,18607,71,254841
13547,0.000144,74.125.24.0-255,5738,24345,71,254841
13548,0.000146,172.31.40.0-255,66,24411,71,254841
13549,0.00015,74.125.24.0-255,2902,27313,71,254841
13550,0.000152,172.31.40.0-255,66,27379,71,254841
13551,0.000172,74.125.24.0-255,2902,30281,71,254841
13552,0.000175,172.31.40.0-255,66,30347,71,254841
13553,0.000198,74.125.24.0-255,1484,31831,71,254841
13554,0.0002,172.31.40.0-255,66,31897,71,254841
13555,0.000231,172.31.40.0-255,66,31963,71,254841
13556,0.000236,74.125.24.0-255,3961,35924,71,254841
13557,0.000238,172.31.40.0-255,66,35990,71,254841
13558,0.000274,74.125.24.0-255,1484,37474,71,254841
13559,0.000276,172.31.40.0-255,66,37540,71,254841
13560,0.000299,74.125.24.0-255,2902,40442,71,254841
13561,0.000302,172.31.40.0-255,66,40508,71,254841
13562,0.000309,74.125.24.0-255,5738,46246,71,254841
13563,0.000311,172.31.40.0-255,66,46312,71,254841
13564,0.000314,74.125.24.0-255,1484,47796,71,254841
13565,0.000339,74.125.24.0-255,5379,53175,71,254841
13566,0.000342,172.31.40.0-255,66,53241,71,254841
13567,0.000469,74.125.24.0-255,404,53645,71,254841
13568,0.000627,74.125.24.0-255,109,53754,71,254841
13569,0.000663,74.125.24.0-255,1484,55238,71,254841
13570,0.000667,172.31.40.0-255,66,55304,71,254841
13571,0.000689,74.125.24.0-255,2902,58206,71,254841
13572,0.000692,172.31.40.0-255,66,58272,71,254841
13573,0.000708,74.125.24.0-255,2902,61174,71,254841
13574,0.000711,172.31.40.0-255,66,61240,71,254841
13575,0.000729,74.125.24.0-255,1484,62724,71,254841
13576,0.000765,74.125.24.0-255,4320,67044,71,254841
13577,0.000769,172.31.40.0-255,66,67110,71,254841
13578,0.000789,74.125.24.0-255,3961,71071,71,254841
13579,0.000802,74.125.24.0-255,4320,75391,71,254841
13580,0.000808,172.31.40.0-255,66,75457,71,254841
13581,0.000815,172.31.40.0-255,66,75523,71,254841
13582,0.000818,172.31.40.0-255,66,75589,71,254841
13583,0.000823,74.125.24.0-255,3961,79550,71,254841
13584,0.000826,172.31.40.0-255,66,79616,71,254841
13585,0.001341,172.31.40.0-255,101,79717,71,254841
13586,0.001377,74.125.24.0-255,1484,81201,71,254841
13587,0.001395,74.125.24.0-255,2902,84103,71,254841
13588,0.001398,172.31.40.0-255,66,84169,71,254841
13589,0.001402,74.125.24.0-255,1484,85653,71,254841
13590,0.001424,74.125.24.0-255,4320,89973,71,254841
13591,0.001427,172.31.40.0-255,66,90039,71,254841
13592,0.00143,74.125.24.0-255,1484,91523,71,254841
13593,0.001444,172.31.40.0-255,66,91589,71,254841
13594,0.001478,172.31.40.0-255,66,91655,71,254841
13595,0.001532,74.125.24.0-255,1484,93139,71,254841
13596,0.001537,74.125.24.0-255,2902,96041,71,254841
13597,0.001541,172.31.40.0-255,66,96107,71,254841
13598,0.001549,74.125.24.0-255,1484,97591,71,254841
13599,0.001565,74.125.24.0-255,4320,101911,71,254841
13600,0.001567,172.31.40.0-255,66,101977,71,254841
13601,0.001591,74.125.24.0-255,7156,109133,71,254841
13602,0.001594,172.31.40.0-255,66,109199,71,254841
13603,0.001651,172.31.40.0-255,66,109265,71,254841
13604,0.001667,74.125.24.0-255,1484,110749,71,254841
13605,0.00167,74.125.24.0-255,2184,112933,71,254841
13606,0.001674,172.31.40.0-255,66,112999,71,254841
13607,0.00187,74.125.24.0-255,1484,114483,71,254841
13608,0.001887,74.125.24.0-255,2902,117385,71,254841
13609,0.00189,172.31.40.0-255,66,117451,71,254841
13610,0.001911,74.125.24.0-255,5738,123189,71,254841
13611,0.001914,172.31.40.0-255,66,123255,71,254841
13612,0.001934,74.125.24.0-255,4320,127575,71,254841
13613,0.001937,172.31.40.0-255,66,127641,71,254841
13614,0.001957,74.125.24.0-255,5738,133379,71,254841
13615,0.001959,172.31.40.0-255,66,133445,71,254841
13616,0.001966,74.125.24.0-255,5738,139183,71,254841
13617,0.001968,172.31.40.0-255,66,139249,71,254841
13618,0.001999,74.125.24.0-255,5738,144987,71,254841
13619,0.002003,172.31.40.0-255,66,145053,71,254841
13620,0.002008,74.125.24.0-255,2184,147237,71,254841
13621,0.00201,172.31.40.0-255,66,147303,71,254841
13622,0.003393,74.125.24.0-255,66,147369,71,254841
13623,0.004086,74.125.24.0-255,5738,153107,71,254841
13624,0.004091,172.31.40.0-255,66,153173,71,254841
13625,0.006164,74.125.24.0-255,1484,154657,71,254841
13626,0.006183,74.125.24.0-255,4320,158977,71,254841
13627,0.006187,172.31.40.0-255,66,159043,71,254841
13628,0.008252,74.125.24.0-255,5738,164781,71,254841
13629,0.008257,172.31.40.0-255,66,164847,71,254841
13630,0.010348,74.125.24.0-255,5738,170585,71,254841
13631,0.010355,172.31.40.0-255,66,170651,71,254841
13632,0.012428,74.125.24.0-255,5738,176389,71,254841
13633,0.012437,172.31.40.0-255,66,176455,71,254841
13634,0.014534,74.125.24.0-255,5738,182193,71,254841
13635,0.014541,172.31.40.0-255,66,182259,71,254841
13636,0.016606,74.125.24.0-255,4320,186579,71,254841
13637,0.016612,172.31.40.0-255,66,186645,71,254841
13638,0.016632,74.125.24.0-255,1484,188129,71,254841
13639,0.018696,74.125.24.0-255,4320,192449,71,254841
13640,0.018703,172.31.40.0-255,66,192515,71,254841
13641,0.020801,74.125.24.0-255,5738,198253,71,254841
13642,0.02081,172.31.40.0-255,66,198319,71,254841
13643,0.022892,74.125.24.0-255,5738,204057,71,254841
13644,0.022904,172.31.40.0-255,66,204123,71,254841
13645,0.024999,74.125.24.0-255,5738,209861,71,254841
13646,0.025007,172.31.40.0-255,66,209927,71,254841
13647,0.027075,74.125.24.0-255,5738,215665,71,254841
13648,0.027082,172.31.40.0-255,66,215731,71,254841
13649,0.02922,74.125.24.0-255,5738,221469,71,254841
13650,0.029228,172.31.40.0-255,66,221535,71,254841
13651,0.031319,74.125.24.0-255,5738,227273,71,254841
13652,0.031326,172.31.40.0-255,66,227339,71,254841
13653,0.033414,74.125.24.0-255,5738,233077,71,254841
13654,0.033421,172.31.40.0-255,66,233143,71,254841
13655,0.035354,172.31.40.0-255,172,233315,71,254841
13656,0.035385,172.31.40.0-255,1111,234426,71,254841
13657,0.035446,172.31.40.0-255,1514,235940,71,254841
13658,0.035448,172.31.40.0-255,1291,237231,71,254841
13659,0.035506,74.125.24.0-255,5738,242969,71,254841
13660,0.035511,172.31.40.0-255,66,243035,71,254841
13661,0.037076,104.244.42.0-255,66,243101,71,254841
13662,0.037105,104.244.42.0-255,66,243167,71,254841
13663,0.037124,104.244.42.0-255,66,243233,71,254841
13664,0.037614,74.125.24.0-255,5738,248971,71,254841
13665,0.037619,172.31.40.0-255,66,249037,71,254841
13666,0.039684,74.125.24.0-255,5738,254775,71,254841
13667,0.039689,172.31.40.0-255,66,254841,71,254841
13668,0.0,74.125.200.0-255,150,150,71,190537
13669,2.9e-05,172.31.40.0-255,66,216,71,190537
13670,3.7e-05,74.125.200.0-255,1484,1700,71,190537
13671,4.2e-05,172.31.40.0-255,66,1766,71,190537
13672,4.8e-05,74.125.200.0-255,2902,4668,71,190537
13673,5.2e-05,172.31.40.0-255,66,4734,71,190537
13674,5.9e-05,74.125.200.0-255,5738,10472,71,190537
13675,6.2e-05,172.31.40.0-255,66,10538,71,190537
13676,6.7e-05,74.125.200.0-255,3475,14013,71,190537
13677,6.9e-05,172.31.40.0-255,66,14079,71,190537
13678,0.000319,74.125.200.0-255,1484,15563,71,190537
13679,0.000326,172.31.40.0-255,66,15629,71,190537
13680,0.00033,74.125.200.0-255,1484,17113,71,190537
13681,0.000332,172.31.40.0-255,66,17179,71,190537
13682,0.000337,74.125.200.0-255,2902,20081,71,190537
13683,0.00034,172.31.40.0-255,66,20147,71,190537
13684,0.000343,74.125.200.0-255,1484,21631,71,190537
13685,0.000345,172.31.40.0-255,66,21697,71,190537
13686,0.000376,74.125.200.0-255,4320,26017,71,190537
13687,0.000378,172.31.40.0-255,66,26083,71,190537
13688,0.000385,74.125.200.0-255,5379,31462,71,190537
13689,0.000387,172.31.40.0-255,66,31528,71,190537
13690,0.000394,74.125.200.0-255,5738,37266,71,190537
13691,0.000396,172.31.40.0-255,66,37332,71,190537
13692,0.000417,74.125.200.0-255,2902,40234,71,190537
13693,0.000419,172.31.40.0-255,66,40300,71,190537
13694,0.000452,172.31.40.0-255,66,40366,71,190537
13695,0.000458,74.125.200.0-255,4320,44686,71,190537
13696,0.00046,172.31.40.0-255,66,44752,71,190537
13697,0.000486,74.125.200.0-255,2902,47654,71,190537
13698,0.000488,172.31.40.0-255,66,47720,71,190537
13699,0.000508,172.31.40.0-255,66,47786,71,190537
13700,0.001342,74.125.200.0-255,645,48431,71,190537
13701,0.001483,74.125.200.0-255,1484,49915,71,190537
13702,0.00149,172.31.40.0-255,66,49981,71,190537
13703,0.001497,74.125.200.0-255,2902,52883,71,190537
13704,0.001499,172.31.40.0-255,66,52949,71,190537
13705,0.001507,74.125.200.0-255,5738,58687,71,190537
13706,0.001509,172.31.40.0-255,66,58753,71,190537
13707,0.00154,74.125.200.0-255,7156,65909,71,190537
13708,0.001542,172.31.40.0-255,66,65975,71,190537
13709,0.001577,172.31.40.0-255,66,66041,71,190537
13710,0.001589,172.31.40.0-255,66,66107,71,190537
13711,0.00221,74.125.200.0-255,1484,67591,71,190537
13712,0.002256,74.125.200.0-255,2902,70493,71,190537
13713,0.002261,172.31.40.0-255,66,70559,71,190537
13714,0.002268,74.125.200.0-255,4320,74879,71,190537
13715,0.00227,172.31.40.0-255,66,74945,71,190537
13716,0.002274,74.125.200.0-255,2902,77847,71,190537
13717,0.002276,172.31.40.0-255,66,77913,71,190537
13718,0.002303,74.125.200.0-255,5738,83651,71,190537
13719,0.002305,172.31.40.0-255,66,83717,71,190537
13720,0.002312,74.125.200.0-255,7156,90873,71,190537
13721,0.002314,172.31.40.0-255,66,90939,71,190537
13722,0.00232,74.125.200.0-255,5738,96677,71,190537
13723,0.002322,172.31.40.0-255,66,96743,71,190537
13724,0.002347,74.125.200.0-255,2902,99645,71,190537
13725,0.00235,172.31.40.0-255,66,99711,71,190537
13726,0.002352,74.125.200.0-255,766,100477,71,190537
13727,0.00472,74.125.200.0-255,1484,101961,71,190537
13728,0.004724,172.31.40.0-255,66,102027,71,190537
13729,0.004744,74.125.200.0-255,2902,104929,71,190537
13730,0.004747,172.31.40.0-255,66,104995,71,190537
13731,0.00714,74.125.200.0-255,5738,110733,71,190537
13732,0.00715,172.31.40.0-255,66,110799,71,190537
13733,0.009584,74.125.200.0-255,5738,116537,71,190537
13734,0.009594,172.31.40.0-255,66,116603,71,190537
13735,0.012025,74.125.200.0-255,5738,122341,71,190537
13736,0.01204,172.31.40.0-255,66,122407,71,190537
13737,0.014475,74.125.200.0-255,5738,128145,71,190537
13738,0.014492,172.31.40.0-255,66,128211,71,190537
13739,0.01693,74.125.200.0-255,5738,133949,71,190537
13740,0.016949,172.31.40.0-255,66,134015,71,190537
13741,0.019385,74.125.200.0-255,5738,139753,71,190537
13742,0.019402,172.31.40.0-255,66,139819,71,190537
13743,0.021825,74.125.200.0-255,5738,145557,71,190537
13744,0.021841,172.31.40.0-255,66,145623,71,190537
13745,0.024263,74.125.200.0-255,5738,151361,71,190537
13746,0.024277,172.31.40.0-255,66,151427,71,190537
13747,0.026704,74.125.200.0-255,5738,157165,71,190537
13748,0.026719,172.31.40.0-255,66,157231,71,190537
13749,0.029186,74.125.200.0-255,5738,162969,71,190537
13750,0.029202,172.31.40.0-255,66,163035,71,190537
13751,0.031621,74.125.200.0-255,5738,168773,71,190537
13752,0.031631,172.31.40.0-255,66,168839,71,190537
13753,0.032338,172.31.40.0-255,172,169011,71,190537
13754,0.03237,172.31.40.0-255,1109,170120,71,190537
13755,0.032428,172.31.40.0-255,1514,171634,71,190537
13756,0.032429,172.31.40.0-255,1293,172927,71,190537
13757,0.034031,104.244.42.0-255,66,172993,71,190537
13758,0.034071,104.244.42.0-255,66,173059,71,190537
13759,0.034104,74.125.200.0-255,5738,178797,71,190537
13760,0.034115,172.31.40.0-255,66,178863,71,190537
13761,0.034156,104.244.42.0-255,66,178929,71,190537
13762,0.036546,74.125.200.0-255,5738,184667,71,190537
13763,0.036559,172.31.40.0-255,66,184733,71,190537
13764,0.03899,74.125.200.0-255,5738,190471,71,190537
13765,0.039001,172.31.40.0-255,66,190537,71,190537
13766,0.0,74.125.24.0-255,298,298,71,197617
13767,1.7e-05,172.31.40.0-255,66,364,71,197617
13768,2.3e-05,74.125.24.0-255,1484,1848,71,197617
13769,2.7e-05,172.31.40.0-255,66,1914,71,197617
13770,4.3e-05,74.125.24.0-255,4320,6234,71,197617
13771,4.7e-05,172.31.40.0-255,66,6300,71,197617
13772,5.2e-05,74.125.24.0-255,2902,9202,71,197617
13773,5.4e-05,172.31.40.0-255,66,9268,71,197617
13774,9e-05,74.125.24.0-255,4764,14032,71,197617
13775,9.4e-05,172.31.40.0-255,66,14098,71,197617
13776,0.000116,74.125.24.0-255,1484,15582,71,197617
13777,0.000118,172.31.40.0-255,66,15648,71,197617
13778,0.000124,74.125.24.0-255,2902,18550,71,197617
13779,0.000127,172.31.40.0-255,66,18616,71,197617
13780,0.000133,74.125.24.0-255,5738,24354,71,197617
13781,0.000139,172.31.40.0-255,66,24420,71,197617
13782,0.000179,74.125.24.0-255,6797,31217,71,197617
13783,0.000182,172.31.40.0-255,66,31283,71,197617
13784,0.000328,74.125.24.0-255,1484,32767,71,197617
13785,0.000333,172.31.40.0-255,66,32833,71,197617
13786,0.00034,74.125.24.0-255,2902,35735,71,197617
13787,0.000342,172.31.40.0-255,66,35801,71,197617
13788,0.000348,74.125.24.0-255,5738,41539,71,197617
13789,0.000356,172.31.40.0-255,66,41605,71,197617
13790,0.000364,74.125.24.0-255,6797,48402,71,197617
13791,0.000366,172.31.40.0-255,66,48468,71,197617
13792,0.000373,74.125.24.0-255,7156,55624,71,197617
13793,0.000376,172.31.40.0-255,66,55690,71,197617
13794,0.000432,172.31.40.0-255,66,55756,71,197617
13795,0.001101,74.125.24.0-255,645,56401,71,197617
13796,0.001108,172.31.40.0-255,66,56467,71,197617
13797,0.001315,74.125.24.0-255,1484,57951,71,197617
13798,0.001336,74.125.24.0-255,2902,60853,71,197617
13799,0.001341,172.31.40.0-255,66,60919,71,197617
13800,0.001349,74.125.24.0-255,5738,66657,71,197617
13801,0.001351,172.31.40.0-255,66,66723,71,197617
13802,0.001362,74.125.24.0-255,5738,72461,71,197617
13803,0.001364,172.31.40.0-255,66,72527,71,197617
13804,0.001404,172.31.40.0-255,66,72593,71,197617
13805,0.001432,74.125.24.0-255,4320,76913,71,197617
13806,0.001434,172.31.40.0-255,66,76979,71,197617
13807,0.00144,74.125.24.0-255,5020,81999,71,197617
13808,0.001442,172.31.40.0-255,66,82065,71,197617
13809,0.003406,74.125.24.0-255,5738,87803,71,197617
13810,0.003414,172.31.40.0-255,66,87869,71,197617
13811,0.00536,74.125.24.0-255,5738,93607,71,197617
13812,0.005366,172.31.40.0-255,66,93673,71,197617
13813,0.007321,74.125.24.0-255,5738,99411,71,197617
13814,0.007327,172.31.40.0-255,66,99477,71,197617
13815,0.009277,74.125.24.0-255,5738,105215,71,197617
13816,0.009284,172.31.40.0-255,66,105281,71,197617
13817,0.011266,74.125.24.0-255,5738,111019,71,197617
13818,0.011276,172.31.40.0-255,66,111085,71,197617
13819,0.01322,74.125.24.0-255,5738,116823,71,197617
13820,0.013229,172.31.40.0-255,66,116889,71,197617
13821,0.01525,74.125.24.0-255,5738,122627,71,197617
13822,0.015258,172.31.40.0-255,66,122693,71,197617
13823,0.017231,74.125.24.0-255,2902,125595,71,197617
13824,0.017239,172.31.40.0-255,66,125661,71,197617
13825,0.017269,74.125.24.0-255,2902,128563,71,197617
13826,0.017273,172.31.40.0-255,66,128629,71,197617
13827,0.019206,74.125.24.0-255,5738,134367,71,197617
13828,0.019213,172.31.40.0-255,66,134433,71,197617
13829,0.021192,74.125.24.0-255,5738,140171,71,197617
13830,0.021199,172.31.40.0-255,66,140237,71,197617
13831,0.023169,74.125.24.0-255,5738,145975,71,197617
13832,0.023176,172.31.40.0-255,66,146041,71,197617
13833,0.0244,172.31.40.0-255,172,146213,71,197617
13834,0.024433,172.31.40.0-255,1108,147321,71,197617
13835,0.024497,172.31.40.0-255,1514,148835,71,197617
13836,0.024499,172.31.40.0-255,1514,150349,71,197617
13837,0.024523,172.31.40.0-255,572,150921,71,197617
13838,0.025137,74.125.24.0-255,5738,156659,71,197617
13839,0.025144,172.31.40.0-255,66,156725,71,197617
13840,0.025928,104.244.42.0-255,66,156791,71,197617
13841,0.025976,104.244.42.0-255,66,156857,71,197617
13842,0.026071,104.244.42.0-255,66,156923,71,197617
13843,0.026077,104.244.42.0-255,66,156989,71,197617
13844,0.027129,74.125.24.0-255,5738,162727,71,197617
13845,0.027135,172.31.40.0-255,66,162793,71,197617
13846,0.029179,74.125.24.0-255,5738,168531,71,197617
13847,0.029186,172.31.40.0-255,66,168597,71,197617
13848,0.031154,74.125.24.0-255,5738,174335,71,197617
13849,0.031161,172.31.40.0-255,66,174401,71,197617
13850,0.03311,74.125.24.0-255,5738,180139,71,197617
13851,0.033116,172.31.40.0-255,66,180205,71,197617
13852,0.035085,74.125.24.0-255,5738,185943,71,197617
13853,0.035092,172.31.40.0-255,66,186009,71,197617
13854,0.037038,74.125.24.0-255,5738,191747,71,197617
13855,0.037045,172.31.40.0-255,66,191813,71,197617
13856,0.039005,74.125.24.0-255,5738,197551,71,197617
13857,0.039011,172.31.40.0-255,66,197617,71,197617
13858,0.0,172.31.40.0-255,105,105,71,276
13859,0.001752,157.240.24.0-255,105,210,71,276
13860,0.001766,172.31.40.0-255,66,276,71,276
13861,0.0,74.125.68.0-255,150,150,71,296668
13862,2.8e-05,172.31.40.0-255,66,216,71,296668
13863,6.4e-05,74.125.68.0-255,1484,1700,71,296668
13864,6.9e-05,172.31.40.0-255,66,1766,71,296668
13865,7.6e-05,74.125.68.0-255,2902,4668,71,296668
13866,7.8e-05,172.31.40.0-255,66,4734,71,296668
13867,8.8e-05,74.125.68.0-255,2902,7636,71,296668
13868,9.1e-05,172.31.40.0-255,66,7702,71,296668
13869,9.8e-05,74.125.68.0-255,4320,12022,71,296668
13870,0.000102,172.31.40.0-255,66,12088,71,296668
13871,0.000145,74.125.68.0-255,2056,14144,71,296668
13872,0.000148,172.31.40.0-255,66,14210,71,296668
13873,0.000274,74.125.68.0-255,1484,15694,71,296668
13874,0.000278,172.31.40.0-255,66,15760,71,296668
13875,0.000284,74.125.68.0-255,2902,18662,71,296668
13876,0.000286,172.31.40.0-255,66,18728,71,296668
13877,0.000319,74.125.68.0-255,5738,24466,71,296668
13878,0.000322,172.31.40.0-255,66,24532,71,296668
13879,0.00035,74.125.68.0-255,6797,31329,71,296668
13880,0.000353,172.31.40.0-255,66,31395,71,296668
13881,0.000358,74.125.68.0-255,2902,34297,71,296668
13882,0.00036,172.31.40.0-255,66,34363,71,296668
13883,0.000387,74.125.68.0-255,4320,38683,71,296668
13884,0.00039,172.31.40.0-255,66,38749,71,296668
13885,0.000402,74.125.68.0-255,7156,45905,71,296668
13886,0.000404,172.31.40.0-255,66,45971,71,296668
13887,0.000445,74.125.68.0-255,2543,48514,71,296668
13888,0.000448,172.31.40.0-255,66,48580,71,296668
13889,0.000485,74.125.68.0-255,1484,50064,71,296668
13890,0.000487,172.31.40.0-255,66,50130,71,296668
13891,0.000492,74.125.68.0-255,2902,53032,71,296668
13892,0.000495,172.31.40.0-255,66,53098,71,296668
13893,0.000509,74.125.68.0-255,1484,54582,71,296668
13894,0.000536,74.125.68.0-255,4320,58902,71,296668
13895,0.000543,74.125.68.0-255,5738,64640,71,296668
13896,0.000583,74.125.68.0-255,1435,66075,71,296668
13897,0.000665,172.31.40.0-255,66,66141,71,296668
13898,0.000752,74.125.68.0-255,109,66250,71,296668
13899,0.00081,74.125.68.0-255,1484,67734,71,296668
13900,0.000814,74.125.68.0-255,1484,69218,71,296668
13901,0.000829,74.125.68.0-255,1484,70702,71,296668
13902,0.000832,74.125.68.0-255,1484,72186,71,296668
13903,0.00084,172.31.40.0-255,66,72252,71,296668
13904,0.00085,74.125.68.0-255,2902,75154,71,296668
13905,0.000861,74.125.68.0-255,5738,80892,71,296668
13906,0.000873,172.31.40.0-255,66,80958,71,296668
13907,0.000917,74.125.68.0-255,2902,83860,71,296668
13908,0.000922,74.125.68.0-255,4320,88180,71,296668
13909,0.000938,172.31.40.0-255,66,88246,71,296668
13910,0.000956,74.125.68.0-255,3868,92114,71,296668
13911,0.000978,172.31.40.0-255,66,92180,71,296668
13912,0.001061,74.125.68.0-255,1484,93664,71,296668
13913,0.001067,74.125.68.0-255,2902,96566,71,296668
13914,0.001085,74.125.68.0-255,2902,99468,71,296668
13915,0.0011,74.125.68.0-255,2902,102370,71,296668
13916,0.001105,74.125.68.0-255,4320,106690,71,296668
13917,0.001107,74.125.68.0-255,1484,108174,71,296668
13918,0.001123,74.125.68.0-255,4320,112494,71,296668
13919,0.001129,172.31.40.0-255,66,112560,71,296668
13920,0.001141,74.125.68.0-255,2902,115462,71,296668
13921,0.001166,172.31.40.0-255,66,115528,71,296668
13922,0.001183,74.125.68.0-255,2184,117712,71,296668
13923,0.001191,172.31.40.0-255,66,117778,71,296668
13924,0.00212,74.125.68.0-255,1484,119262,71,296668
13925,0.00213,74.125.68.0-255,2902,122164,71,296668
13926,0.002135,172.31.40.0-255,66,122230,71,296668
13927,0.002165,74.125.68.0-255,5738,127968,71,296668
13928,0.002193,74.125.68.0-255,7156,135124,71,296668
13929,0.002218,74.125.68.0-255,4320,139444,71,296668
13930,0.002267,74.125.68.0-255,3602,143046,71,296668
13931,0.002335,74.125.68.0-255,1484,144530,71,296668
13932,0.002353,74.125.68.0-255,2902,147432,71,296668
13933,0.002365,74.125.68.0-255,1484,148916,71,296668
13934,0.002385,74.125.68.0-255,2902,151818,71,296668
13935,0.002403,74.125.68.0-255,5738,157556,71,296668
13936,0.002428,74.125.68.0-255,5738,163294,71,296668
13937,0.002434,74.125.68.0-255,4320,167614,71,296668
13938,0.002448,74.125.68.0-255,2902,170516,71,296668
13939,0.002472,74.125.68.0-255,2902,173418,71,296668
13940,0.002488,74.125.68.0-255,3602,177020,71,296668
13941,0.002511,74.125.68.0-255,7156,184176,71,296668
13942,0.002515,74.125.68.0-255,1484,185660,71,296668
13943,0.002538,74.125.68.0-255,2902,188562,71,296668
13944,0.002553,74.125.68.0-255,4320,192882,71,296668
13945,0.002565,74.125.68.0-255,1484,194366,71,296668
13946,0.002568,74.125.68.0-255,1484,195850,71,296668
13947,0.002582,74.125.68.0-255,2902,198752,71,296668
13948,0.002641,74.125.68.0-255,4320,203072,71,296668
13949,0.002657,74.125.68.0-255,1484,204556,71,296668
13950,0.002662,74.125.68.0-255,4320,208876,71,296668
13951,0.002667,74.125.68.0-255,2902,211778,71,296668
13952,0.002682,74.125.68.0-255,766,212544,71,296668
13953,0.002695,74.125.68.0-255,4320,216864,71,296668
13954,0.002719,74.125.68.0-255,1484,218348,71,296668
13955,0.002761,74.125.68.0-255,5738,224086,71,296668
13956,0.002776,74.125.68.0-255,5738,229824,71,296668
13957,0.008073,172.31.40.0-255,66,229890,71,296668
13958,0.010814,74.125.68.0-255,5738,235628,71,296668
13959,0.010824,172.31.40.0-255,66,235694,71,296668
13960,0.013528,74.125.68.0-255,5738,241432,71,296668
13961,0.013539,172.31.40.0-255,66,241498,71,296668
13962,0.016253,74.125.68.0-255,5738,247236,71,296668
13963,0.017008,172.31.40.0-255,66,247302,71,296668
13964,0.019717,74.125.68.0-255,4320,251622,71,296668
13965,0.019731,172.31.40.0-255,66,251688,71,296668
13966,0.01976,74.125.68.0-255,1484,253172,71,296668
13967,0.022434,74.125.68.0-255,4320,257492,71,296668
13968,0.022442,172.31.40.0-255,66,257558,71,296668
13969,0.025149,74.125.68.0-255,5738,263296,71,296668
13970,0.025217,172.31.40.0-255,66,263362,71,296668
13971,0.02792,74.125.68.0-255,5738,269100,71,296668
13972,0.027933,172.31.40.0-255,66,269166,71,296668
13973,0.030651,74.125.68.0-255,5738,274904,71,296668
13974,0.030659,172.31.40.0-255,66,274970,71,296668
13975,0.033372,74.125.68.0-255,5738,280708,71,296668
13976,0.033385,172.31.40.0-255,66,280774,71,296668
13977,0.034981,172.31.40.0-255,172,280946,71,296668
13978,0.03501,172.31.40.0-255,1113,282059,71,296668
13979,0.035062,172.31.40.0-255,1514,283573,71,296668
13980,0.035064,172.31.40.0-255,1289,284862,71,296668
13981,0.03611,74.125.68.0-255,5738,290600,71,296668
13982,0.036119,172.31.40.0-255,66,290666,71,296668
13983,0.036614,104.244.42.0-255,66,290732,71,296668
13984,0.036645,104.244.42.0-255,66,290798,71,296668
13985,0.03677,104.244.42.0-255,66,290864,71,296668
13986,0.038828,74.125.68.0-255,5738,296602,71,296668
13987,0.038843,172.31.40.0-255,66,296668,71,296668
