,TIME,SRC,PACKET_SIZE,CUMULATIVE_PACKET_SIZE,PAGE_NUMBER,TOTAL_PACKET_SIZE
0,0.0,74.125.24.0-255,153,153,69,226549
1,2.3e-05,172.31.40.0-255,66,219,69,226549
2,3e-05,74.125.24.0-255,1484,1703,69,226549
3,3.5e-05,172.31.40.0-255,66,1769,69,226549
4,4.1e-05,74.125.24.0-255,2902,4671,69,226549
5,4.5e-05,172.31.40.0-255,66,4737,69,226549
6,5.3e-05,74.125.24.0-255,7156,11893,69,226549
7,5.6e-05,172.31.40.0-255,66,11959,69,226549
8,6.1e-05,74.125.24.0-255,2902,14861,69,226549
9,6.4e-05,172.31.40.0-255,66,14927,69,226549
10,9.4e-05,74.125.24.0-255,657,15584,69,226549
11,9.7e-05,172.31.40.0-255,66,15650,69,226549
12,0.000103,74.125.24.0-255,4320,19970,69,226549
13,0.000106,172.31.40.0-255,66,20036,69,226549
14,0.000117,172.31.40.0-255,66,20102,69,226549
15,0.000128,172.31.40.0-255,66,20168,69,226549
16,0.000152,74.125.24.0-255,4320,24488,69,226549
17,0.000154,172.31.40.0-255,66,24554,69,226549
18,0.000161,74.125.24.0-255,5020,29574,69,226549
19,0.000163,172.31.40.0-255,66,29640,69,226549
20,0.000168,74.125.24.0-255,4320,33960,69,226549
21,0.00017,172.31.40.0-255,66,34026,69,226549
22,0.000183,74.125.24.0-255,1484,35510,69,226549
23,0.000185,172.31.40.0-255,66,35576,69,226549
24,0.000216,74.125.24.0-255,4320,39896,69,226549
25,0.000219,172.31.40.0-255,66,39962,69,226549
26,0.000244,74.125.24.0-255,7137,47099,69,226549
27,0.000247,172.31.40.0-255,66,47165,69,226549
28,0.000249,74.125.24.0-255,347,47512,69,226549
29,0.000251,172.31.40.0-255,66,47578,69,226549
30,0.000386,74.125.24.0-255,1484,49062,69,226549
31,0.000402,74.125.24.0-255,2902,51964,69,226549
32,0.000406,172.31.40.0-255,66,52030,69,226549
33,0.000413,74.125.24.0-255,4320,56350,69,226549
34,0.000415,172.31.40.0-255,66,56416,69,226549
35,0.000431,74.125.24.0-255,1484,57900,69,226549
36,0.000469,74.125.24.0-255,4320,62220,69,226549
37,0.000472,172.31.40.0-255,66,62286,69,226549
38,0.000497,74.125.24.0-255,6797,69083,69,226549
39,0.0005,172.31.40.0-255,66,69149,69,226549
40,0.000511,172.31.40.0-255,66,69215,69,226549
41,0.000525,74.125.24.0-255,1125,70340,69,226549
42,0.001219,74.125.24.0-255,1484,71824,69,226549
43,0.001224,172.31.40.0-255,66,71890,69,226549
44,0.00123,74.125.24.0-255,2902,74792,69,226549
45,0.001232,172.31.40.0-255,66,74858,69,226549
46,0.001236,74.125.24.0-255,2902,77760,69,226549
47,0.001252,172.31.40.0-255,66,77826,69,226549
48,0.001281,74.125.24.0-255,2902,80728,69,226549
49,0.001284,172.31.40.0-255,66,80794,69,226549
50,0.001297,172.31.40.0-255,66,80860,69,226549
51,0.001304,74.125.24.0-255,7156,88016,69,226549
52,0.001306,172.31.40.0-255,66,88082,69,226549
53,0.001331,74.125.24.0-255,3602,91684,69,226549
54,0.001334,172.31.40.0-255,66,91750,69,226549
55,0.001704,74.125.24.0-255,1484,93234,69,226549
56,0.001727,74.125.24.0-255,2902,96136,69,226549
57,0.001732,172.31.40.0-255,66,96202,69,226549
58,0.00174,74.125.24.0-255,5738,101940,69,226549
59,0.001742,172.31.40.0-255,66,102006,69,226549
60,0.001775,74.125.24.0-255,2902,104908,69,226549
61,0.001777,172.31.40.0-255,66,104974,69,226549
62,0.001816,172.31.40.0-255,66,105040,69,226549
63,0.001828,172.31.40.0-255,66,105106,69,226549
64,0.002081,74.125.24.0-255,1484,106590,69,226549
65,0.002087,74.125.24.0-255,1484,108074,69,226549
66,0.002091,172.31.40.0-255,66,108140,69,226549
67,0.002112,74.125.24.0-255,1484,109624,69,226549
68,0.002118,74.125.24.0-255,5738,115362,69,226549
69,0.002121,172.31.40.0-255,66,115428,69,226549
70,0.002132,172.31.40.0-255,66,115494,69,226549
71,0.002157,74.125.24.0-255,4320,119814,69,226549
72,0.002159,172.31.40.0-255,66,119880,69,226549
73,0.002171,172.31.40.0-255,66,119946,69,226549
74,0.002185,74.125.24.0-255,2184,122130,69,226549
75,0.002187,172.31.40.0-255,66,122196,69,226549
76,0.002484,74.125.24.0-255,1484,123680,69,226549
77,0.002497,74.125.24.0-255,2902,126582,69,226549
78,0.0025,172.31.40.0-255,66,126648,69,226549
79,0.002503,74.125.24.0-255,1484,128132,69,226549
80,0.002525,74.125.24.0-255,4320,132452,69,226549
81,0.002527,172.31.40.0-255,66,132518,69,226549
82,0.002562,74.125.24.0-255,4320,136838,69,226549
83,0.002583,74.125.24.0-255,6438,143276,69,226549
84,0.004246,172.31.40.0-255,66,143342,69,226549
85,0.006882,74.125.24.0-255,5738,149080,69,226549
86,0.006888,172.31.40.0-255,66,149146,69,226549
87,0.009496,74.125.24.0-255,5738,154884,69,226549
88,0.009504,172.31.40.0-255,66,154950,69,226549
89,0.012146,74.125.24.0-255,5738,160688,69,226549
90,0.012155,172.31.40.0-255,66,160754,69,226549
91,0.014749,74.125.24.0-255,5738,166492,69,226549
92,0.014757,172.31.40.0-255,66,166558,69,226549
93,0.017417,74.125.24.0-255,5738,172296,69,226549
94,0.017428,172.31.40.0-255,66,172362,69,226549
95,0.020063,74.125.24.0-255,5738,178100,69,226549
96,0.020072,172.31.40.0-255,66,178166,69,226549
97,0.02269,74.125.24.0-255,5738,183904,69,226549
98,0.022697,172.31.40.0-255,66,183970,69,226549
99,0.025325,74.125.24.0-255,4320,188290,69,226549
100,0.025332,172.31.40.0-255,66,188356,69,226549
101,0.025354,74.125.24.0-255,1484,189840,69,226549
102,0.027947,74.125.24.0-255,4320,194160,69,226549
103,0.027957,172.31.40.0-255,66,194226,69,226549
104,0.030569,74.125.24.0-255,5738,199964,69,226549
105,0.030578,172.31.40.0-255,66,200030,69,226549
106,0.033231,74.125.24.0-255,5738,205768,69,226549
107,0.033258,172.31.40.0-255,66,205834,69,226549
108,0.034666,172.31.40.0-255,172,206006,69,226549
109,0.034699,172.31.40.0-255,1116,207122,69,226549
110,0.034767,172.31.40.0-255,1514,208636,69,226549
111,0.03477,172.31.40.0-255,1514,210150,69,226549
112,0.034771,172.31.40.0-255,1514,211664,69,226549
113,0.034785,172.31.40.0-255,1514,213178,69,226549
114,0.034786,172.31.40.0-255,1499,214677,69,226549
115,0.03589,74.125.24.0-255,5738,220415,69,226549
116,0.035898,172.31.40.0-255,66,220481,69,226549
117,0.03623,104.244.42.0-255,66,220547,69,226549
118,0.036266,104.244.42.0-255,66,220613,69,226549
119,0.036388,104.244.42.0-255,66,220679,69,226549
120,0.038517,74.125.24.0-255,4320,224999,69,226549
121,0.038524,172.31.40.0-255,66,225065,69,226549
122,0.038543,74.125.24.0-255,1484,226549,69,226549
123,0.0,172.217.194.0-255,152,152,69,191792
124,2.2e-05,172.31.40.0-255,66,218,69,191792
125,2.9e-05,172.217.194.0-255,1484,1702,69,191792
126,3.3e-05,172.31.40.0-255,66,1768,69,191792
127,4.6e-05,172.217.194.0-255,2902,4670,69,191792
128,4.9e-05,172.31.40.0-255,66,4736,69,191792
129,5.4e-05,172.217.194.0-255,4320,9056,69,191792
130,5.7e-05,172.31.40.0-255,66,9122,69,191792
131,6.9e-05,172.31.40.0-255,66,9188,69,191792
132,0.000103,172.217.194.0-255,671,9859,69,191792
133,0.000106,172.31.40.0-255,66,9925,69,191792
134,0.000114,172.217.194.0-255,7156,17081,69,191792
135,0.000117,172.31.40.0-255,66,17147,69,191792
136,0.000127,172.217.194.0-255,5379,22526,69,191792
137,0.000129,172.31.40.0-255,66,22592,69,191792
138,0.000156,172.217.194.0-255,5738,28330,69,191792
139,0.00016,172.31.40.0-255,66,28396,69,191792
140,0.000163,172.217.194.0-255,1484,29880,69,191792
141,0.000165,172.31.40.0-255,66,29946,69,191792
142,0.000201,172.31.40.0-255,66,30012,69,191792
143,0.000871,172.217.194.0-255,1484,31496,69,191792
144,0.000877,172.31.40.0-255,66,31562,69,191792
145,0.000882,172.217.194.0-255,2902,34464,69,191792
146,0.000885,172.31.40.0-255,66,34530,69,191792
147,0.000891,172.217.194.0-255,5738,40268,69,191792
148,0.000894,172.31.40.0-255,66,40334,69,191792
149,0.000941,172.217.194.0-255,6797,47131,69,191792
150,0.000944,172.31.40.0-255,66,47197,69,191792
151,0.000968,172.217.194.0-255,2902,50099,69,191792
152,0.00097,172.31.40.0-255,66,50165,69,191792
153,0.000986,172.217.194.0-255,4320,54485,69,191792
154,0.000992,172.31.40.0-255,66,54551,69,191792
155,0.000998,172.217.194.0-255,5738,60289,69,191792
156,0.001,172.31.40.0-255,66,60355,69,191792
157,0.001029,172.217.194.0-255,1484,61839,69,191792
158,0.001058,172.217.194.0-255,4541,66380,69,191792
159,0.001062,172.31.40.0-255,66,66446,69,191792
160,0.001069,172.217.194.0-255,7156,73602,69,191792
161,0.001071,172.31.40.0-255,66,73668,69,191792
162,0.00108,172.217.194.0-255,2902,76570,69,191792
163,0.001082,172.31.40.0-255,66,76636,69,191792
164,0.001118,172.217.194.0-255,5379,82015,69,191792
165,0.001123,172.31.40.0-255,66,82081,69,191792
166,0.001249,172.217.194.0-255,1484,83565,69,191792
167,0.001254,172.217.194.0-255,1484,85049,69,191792
168,0.001257,172.31.40.0-255,66,85115,69,191792
169,0.001288,172.217.194.0-255,1484,86599,69,191792
170,0.001295,172.217.194.0-255,5738,92337,69,191792
171,0.001298,172.31.40.0-255,66,92403,69,191792
172,0.001334,172.31.40.0-255,66,92469,69,191792
173,0.001361,172.217.194.0-255,4320,96789,69,191792
174,0.001364,172.31.40.0-255,66,96855,69,191792
175,0.001367,172.217.194.0-255,2902,99757,69,191792
176,0.001369,172.31.40.0-255,66,99823,69,191792
177,0.001378,172.31.40.0-255,66,99889,69,191792
178,0.001473,172.217.194.0-255,1484,101373,69,191792
179,0.001487,172.217.194.0-255,2902,104275,69,191792
180,0.00149,172.31.40.0-255,66,104341,69,191792
181,0.001497,172.217.194.0-255,5738,110079,69,191792
182,0.001498,172.31.40.0-255,66,110145,69,191792
183,0.00154,172.217.194.0-255,1484,111629,69,191792
184,0.001591,172.31.40.0-255,66,111695,69,191792
185,0.001595,172.31.40.0-255,66,111761,69,191792
186,0.001634,172.217.194.0-255,1484,113245,69,191792
187,0.001638,172.217.194.0-255,2902,116147,69,191792
188,0.001642,172.31.40.0-255,66,116213,69,191792
189,0.001647,172.217.194.0-255,2902,119115,69,191792
190,0.001649,172.31.40.0-255,66,119181,69,191792
191,0.001671,172.217.194.0-255,2902,122083,69,191792
192,0.001674,172.31.40.0-255,66,122149,69,191792
193,0.001681,172.217.194.0-255,7156,129305,69,191792
194,0.001687,172.31.40.0-255,66,129371,69,191792
195,0.00172,172.217.194.0-255,5738,135109,69,191792
196,0.001724,172.31.40.0-255,66,135175,69,191792
197,0.001736,172.31.40.0-255,66,135241,69,191792
198,0.001791,172.31.40.0-255,66,135307,69,191792
199,0.001796,172.217.194.0-255,2902,138209,69,191792
200,0.001798,172.31.40.0-255,66,138275,69,191792
201,0.001838,172.31.40.0-255,66,138341,69,191792
202,0.001874,172.217.194.0-255,766,139107,69,191792
203,0.001909,172.217.194.0-255,2184,141291,69,191792
204,0.001913,172.217.194.0-255,2902,144193,69,191792
205,0.001918,172.31.40.0-255,66,144259,69,191792
206,0.001921,172.31.40.0-255,66,144325,69,191792
207,0.001924,172.31.40.0-255,66,144391,69,191792
208,0.001927,172.31.40.0-255,66,144457,69,191792
209,0.001955,172.217.194.0-255,7156,151613,69,191792
210,0.001958,172.31.40.0-255,66,151679,69,191792
211,0.001975,172.31.40.0-255,66,151745,69,191792
212,0.001982,172.217.194.0-255,6438,158183,69,191792
213,0.001985,172.31.40.0-255,66,158249,69,191792
214,0.002026,172.31.40.0-255,66,158315,69,191792
215,0.002066,172.31.40.0-255,66,158381,69,191792
216,0.002121,172.31.40.0-255,66,158447,69,191792
217,0.002153,172.217.194.0-255,6438,164885,69,191792
218,0.002156,172.31.40.0-255,66,164951,69,191792
219,0.002175,172.31.40.0-255,66,165017,69,191792
220,0.002186,172.31.40.0-255,66,165083,69,191792
221,0.00219,172.217.194.0-255,2184,167267,69,191792
222,0.002192,172.31.40.0-255,66,167333,69,191792
223,0.002195,172.217.194.0-255,2902,170235,69,191792
224,0.002198,172.31.40.0-255,66,170301,69,191792
225,0.002204,172.217.194.0-255,7156,177457,69,191792
226,0.002206,172.31.40.0-255,66,177523,69,191792
227,0.002211,172.217.194.0-255,2902,180425,69,191792
228,0.002213,172.31.40.0-255,66,180491,69,191792
229,0.002259,172.31.40.0-255,66,180557,69,191792
230,0.002266,172.217.194.0-255,5738,186295,69,191792
231,0.002268,172.31.40.0-255,66,186361,69,191792
232,0.002323,172.31.40.0-255,66,186427,69,191792
233,0.00233,172.217.194.0-255,4957,191384,69,191792
234,0.002332,172.31.40.0-255,66,191450,69,191792
235,0.002335,172.217.194.0-255,105,191555,69,191792
236,0.004558,172.31.40.0-255,66,191621,69,191792
237,0.004594,172.31.40.0-255,105,191726,69,191792
238,0.007277,172.217.194.0-255,66,191792,69,191792
239,0.0,216.58.221.0-255,153,153,69,284622
240,2.1e-05,172.31.40.0-255,66,219,69,284622
241,2.8e-05,216.58.221.0-255,1484,1703,69,284622
242,3.2e-05,172.31.40.0-255,66,1769,69,284622
243,3.7e-05,216.58.221.0-255,2902,4671,69,284622
244,4.7e-05,172.31.40.0-255,66,4737,69,284622
245,5.5e-05,216.58.221.0-255,7156,11893,69,284622
246,5.8e-05,172.31.40.0-255,66,11959,69,284622
247,6.1e-05,216.58.221.0-255,2091,14050,69,284622
248,6.4e-05,172.31.40.0-255,66,14116,69,284622
249,0.000155,216.58.221.0-255,1484,15600,69,284622
250,0.000158,172.31.40.0-255,66,15666,69,284622
251,0.000173,216.58.221.0-255,1484,17150,69,284622
252,0.000175,172.31.40.0-255,66,17216,69,284622
253,0.000204,216.58.221.0-255,1484,18700,69,284622
254,0.000206,172.31.40.0-255,66,18766,69,284622
255,0.000212,216.58.221.0-255,5738,24504,69,284622
256,0.000214,172.31.40.0-255,66,24570,69,284622
257,0.00022,216.58.221.0-255,6797,31367,69,284622
258,0.000226,172.31.40.0-255,66,31433,69,284622
259,0.000259,216.58.221.0-255,7156,38589,69,284622
260,0.000262,172.31.40.0-255,66,38655,69,284622
261,0.000287,216.58.221.0-255,5738,44393,69,284622
262,0.00029,172.31.40.0-255,66,44459,69,284622
263,0.000308,216.58.221.0-255,3961,48420,69,284622
264,0.00031,172.31.40.0-255,66,48486,69,284622
265,0.000636,216.58.221.0-255,1484,49970,69,284622
266,0.000642,172.31.40.0-255,66,50036,69,284622
267,0.00065,216.58.221.0-255,1484,51520,69,284622
268,0.000652,172.31.40.0-255,66,51586,69,284622
269,0.000676,216.58.221.0-255,1484,53070,69,284622
270,0.000678,172.31.40.0-255,66,53136,69,284622
271,0.000683,216.58.221.0-255,4320,57456,69,284622
272,0.000685,172.31.40.0-255,66,57522,69,284622
273,0.000709,216.58.221.0-255,2902,60424,69,284622
274,0.000711,172.31.40.0-255,66,60490,69,284622
275,0.000736,216.58.221.0-255,5379,65869,69,284622
276,0.000738,172.31.40.0-255,66,65935,69,284622
277,0.000741,216.58.221.0-255,362,66297,69,284622
278,0.000945,172.31.40.0-255,66,66363,69,284622
279,0.001097,216.58.221.0-255,382,66745,69,284622
280,0.001196,216.58.221.0-255,1484,68229,69,284622
281,0.0012,172.31.40.0-255,66,68295,69,284622
282,0.001204,216.58.221.0-255,1484,69779,69,284622
283,0.001236,216.58.221.0-255,1484,71263,69,284622
284,0.001238,172.31.40.0-255,66,71329,69,284622
285,0.001244,216.58.221.0-255,4320,75649,69,284622
286,0.001245,172.31.40.0-255,66,75715,69,284622
287,0.00125,216.58.221.0-255,5738,81453,69,284622
288,0.001256,172.31.40.0-255,66,81519,69,284622
289,0.00126,216.58.221.0-255,2543,84062,69,284622
290,0.001262,172.31.40.0-255,66,84128,69,284622
291,0.001322,216.58.221.0-255,1484,85612,69,284622
292,0.001326,216.58.221.0-255,1484,87096,69,284622
293,0.001328,172.31.40.0-255,66,87162,69,284622
294,0.001333,216.58.221.0-255,2902,90064,69,284622
295,0.001334,172.31.40.0-255,66,90130,69,284622
296,0.001339,216.58.221.0-255,4320,94450,69,284622
297,0.001341,172.31.40.0-255,66,94516,69,284622
298,0.001362,216.58.221.0-255,1484,96000,69,284622
299,0.001365,216.58.221.0-255,1484,97484,69,284622
300,0.001367,172.31.40.0-255,66,97550,69,284622
301,0.001399,216.58.221.0-255,3961,101511,69,284622
302,0.001401,172.31.40.0-255,66,101577,69,284622
303,0.001615,216.58.221.0-255,1484,103061,69,284622
304,0.001621,216.58.221.0-255,2902,105963,69,284622
305,0.001625,172.31.40.0-255,66,106029,69,284622
306,0.001631,216.58.221.0-255,5738,111767,69,284622
307,0.001633,172.31.40.0-255,66,111833,69,284622
308,0.001685,172.31.40.0-255,66,111899,69,284622
309,0.001691,216.58.221.0-255,7156,119055,69,284622
310,0.001693,172.31.40.0-255,66,119121,69,284622
311,0.00173,216.58.221.0-255,3602,122723,69,284622
312,0.001732,172.31.40.0-255,66,122789,69,284622
313,0.001764,216.58.221.0-255,2902,125691,69,284622
314,0.001766,172.31.40.0-255,66,125757,69,284622
315,0.001791,216.58.221.0-255,1484,127241,69,284622
316,0.001797,216.58.221.0-255,5738,132979,69,284622
317,0.001799,172.31.40.0-255,66,133045,69,284622
318,0.001842,172.31.40.0-255,66,133111,69,284622
319,0.001856,172.31.40.0-255,66,133177,69,284622
320,0.001886,216.58.221.0-255,3602,136779,69,284622
321,0.001888,172.31.40.0-255,66,136845,69,284622
322,0.001915,216.58.221.0-255,4320,141165,69,284622
323,0.001917,172.31.40.0-255,66,141231,69,284622
324,0.001921,216.58.221.0-255,2902,144133,69,284622
325,0.001923,172.31.40.0-255,66,144199,69,284622
326,0.001968,216.58.221.0-255,7156,151355,69,284622
327,0.00197,172.31.40.0-255,66,151421,69,284622
328,0.001982,172.31.40.0-255,66,151487,69,284622
329,0.001991,172.31.40.0-255,66,151553,69,284622
330,0.002041,216.58.221.0-255,1484,153037,69,284622
331,0.002056,216.58.221.0-255,2902,155939,69,284622
332,0.002058,172.31.40.0-255,66,156005,69,284622
333,0.002061,216.58.221.0-255,1484,157489,69,284622
334,0.002073,216.58.221.0-255,2902,160391,69,284622
335,0.002078,172.31.40.0-255,66,160457,69,284622
336,0.002106,216.58.221.0-255,1484,161941,69,284622
337,0.002112,216.58.221.0-255,4320,166261,69,284622
338,0.002114,172.31.40.0-255,66,166327,69,284622
339,0.002119,216.58.221.0-255,5738,172065,69,284622
340,0.002121,172.31.40.0-255,66,172131,69,284622
341,0.002124,216.58.221.0-255,2902,175033,69,284622
342,0.002127,172.31.40.0-255,66,175099,69,284622
343,0.002168,172.31.40.0-255,66,175165,69,284622
344,0.00421,216.58.221.0-255,5738,180903,69,284622
345,0.004217,172.31.40.0-255,66,180969,69,284622
346,0.006257,216.58.221.0-255,5738,186707,69,284622
347,0.006263,172.31.40.0-255,66,186773,69,284622
348,0.008351,216.58.221.0-255,4320,191093,69,284622
349,0.008363,172.31.40.0-255,66,191159,69,284622
350,0.008392,216.58.221.0-255,1484,192643,69,284622
351,0.010428,216.58.221.0-255,4320,196963,69,284622
352,0.010435,172.31.40.0-255,66,197029,69,284622
353,0.012485,216.58.221.0-255,5738,202767,69,284622
354,0.012492,172.31.40.0-255,66,202833,69,284622
355,0.014557,216.58.221.0-255,5738,208571,69,284622
356,0.014564,172.31.40.0-255,66,208637,69,284622
357,0.016632,216.58.221.0-255,5738,214375,69,284622
358,0.016642,172.31.40.0-255,66,214441,69,284622
359,0.018703,216.58.221.0-255,5738,220179,69,284622
360,0.018712,172.31.40.0-255,66,220245,69,284622
361,0.020775,216.58.221.0-255,4320,224565,69,284622
362,0.020781,172.31.40.0-255,66,224631,69,284622
363,0.020801,216.58.221.0-255,1484,226115,69,284622
364,0.022846,216.58.221.0-255,4320,230435,69,284622
365,0.022853,172.31.40.0-255,66,230501,69,284622
366,0.024924,216.58.221.0-255,5738,236239,69,284622
367,0.024931,172.31.40.0-255,66,236305,69,284622
368,0.026985,216.58.221.0-255,4320,240625,69,284622
369,0.026992,172.31.40.0-255,66,240691,69,284622
370,0.027021,216.58.221.0-255,1484,242175,69,284622
371,0.02904,216.58.221.0-255,4320,246495,69,284622
372,0.029048,172.31.40.0-255,66,246561,69,284622
373,0.031105,216.58.221.0-255,5738,252299,69,284622
374,0.031112,172.31.40.0-255,66,252365,69,284622
375,0.031983,172.31.40.0-255,172,252537,69,284622
376,0.032022,172.31.40.0-255,1112,253649,69,284622
377,0.032085,172.31.40.0-255,1514,255163,69,284622
378,0.032087,172.31.40.0-255,1514,256677,69,284622
379,0.032088,172.31.40.0-255,1514,258191,69,284622
380,0.032093,172.31.40.0-255,1514,259705,69,284622
381,0.032094,172.31.40.0-255,1503,261208,69,284622
382,0.033171,216.58.221.0-255,5738,266946,69,284622
383,0.033177,172.31.40.0-255,66,267012,69,284622
384,0.033674,104.244.42.0-255,66,267078,69,284622
385,0.033712,104.244.42.0-255,66,267144,69,284622
386,0.033795,104.244.42.0-255,66,267210,69,284622
387,0.035234,216.58.221.0-255,5738,272948,69,284622
388,0.035241,172.31.40.0-255,66,273014,69,284622
389,0.037309,216.58.221.0-255,5738,278752,69,284622
390,0.037316,172.31.40.0-255,66,278818,69,284622
391,0.039366,216.58.221.0-255,5738,284556,69,284622
392,0.039372,172.31.40.0-255,66,284622,69,284622
393,0.0,172.31.40.0-255,105,105,69,276
394,0.00178,157.240.13.0-255,105,210,69,276
395,0.001795,172.31.40.0-255,66,276,69,276
396,0.0,172.217.194.0-255,150,150,69,254564
397,2.1e-05,172.31.40.0-255,66,216,69,254564
398,2.9e-05,172.217.194.0-255,1484,1700,69,254564
399,3.4e-05,172.31.40.0-255,66,1766,69,254564
400,4e-05,172.217.194.0-255,2902,4668,69,254564
401,4.3e-05,172.31.40.0-255,66,4734,69,254564
402,5.1e-05,172.217.194.0-255,7156,11890,69,254564
403,5.4e-05,172.31.40.0-255,66,11956,69,254564
404,9.9e-05,172.31.40.0-255,66,12022,69,254564
405,0.000122,172.217.194.0-255,4876,16898,69,254564
406,0.000125,172.31.40.0-255,66,16964,69,254564
407,0.000129,172.217.194.0-255,2543,19507,69,254564
408,0.000131,172.31.40.0-255,66,19573,69,254564
409,0.000167,172.217.194.0-255,1484,21057,69,254564
410,0.000169,172.31.40.0-255,66,21123,69,254564
411,0.000199,172.217.194.0-255,2902,24025,69,254564
412,0.000202,172.31.40.0-255,66,24091,69,254564
413,0.000208,172.217.194.0-255,5738,29829,69,254564
414,0.000211,172.31.40.0-255,66,29895,69,254564
415,0.000216,172.217.194.0-255,4320,34215,69,254564
416,0.000218,172.31.40.0-255,66,34281,69,254564
417,0.000241,172.217.194.0-255,2543,36824,69,254564
418,0.000243,172.31.40.0-255,66,36890,69,254564
419,0.000276,172.217.194.0-255,2902,39792,69,254564
420,0.000279,172.31.40.0-255,66,39858,69,254564
421,0.000285,172.217.194.0-255,5738,45596,69,254564
422,0.000287,172.31.40.0-255,66,45662,69,254564
423,0.000332,172.217.194.0-255,2902,48564,69,254564
424,0.000336,172.31.40.0-255,66,48630,69,254564
425,0.000356,172.217.194.0-255,5723,54353,69,254564
426,0.000359,172.31.40.0-255,66,54419,69,254564
427,0.000459,172.217.194.0-255,363,54782,69,254564
428,0.000564,172.217.194.0-255,1484,56266,69,254564
429,0.000569,172.31.40.0-255,66,56332,69,254564
430,0.000575,172.217.194.0-255,2902,59234,69,254564
431,0.000578,172.31.40.0-255,66,59300,69,254564
432,0.000604,172.217.194.0-255,5738,65038,69,254564
433,0.000607,172.31.40.0-255,66,65104,69,254564
434,0.00061,172.217.194.0-255,1484,66588,69,254564
435,0.00065,172.31.40.0-255,66,66654,69,254564
436,0.000674,172.217.194.0-255,5379,72033,69,254564
437,0.000677,172.31.40.0-255,66,72099,69,254564
438,0.000702,172.31.40.0-255,66,72165,69,254564
439,0.000993,172.217.194.0-255,1484,73649,69,254564
440,0.001001,172.217.194.0-255,2902,76551,69,254564
441,0.001004,172.31.40.0-255,66,76617,69,254564
442,0.001011,172.217.194.0-255,5738,82355,69,254564
443,0.001013,172.31.40.0-255,66,82421,69,254564
444,0.001036,172.217.194.0-255,5738,88159,69,254564
445,0.001039,172.31.40.0-255,66,88225,69,254564
446,0.001065,172.217.194.0-255,7156,95381,69,254564
447,0.001067,172.31.40.0-255,66,95447,69,254564
448,0.001075,172.217.194.0-255,7156,102603,69,254564
449,0.001077,172.31.40.0-255,66,102669,69,254564
450,0.001094,172.217.194.0-255,3602,106271,69,254564
451,0.001098,172.31.40.0-255,66,106337,69,254564
452,0.001209,172.217.194.0-255,1484,107821,69,254564
453,0.001213,172.217.194.0-255,1484,109305,69,254564
454,0.001216,172.31.40.0-255,66,109371,69,254564
455,0.00124,172.217.194.0-255,1484,110855,69,254564
456,0.001246,172.217.194.0-255,5738,116593,69,254564
457,0.001249,172.31.40.0-255,66,116659,69,254564
458,0.001253,172.217.194.0-255,2902,119561,69,254564
459,0.001256,172.31.40.0-255,66,119627,69,254564
460,0.001272,172.217.194.0-255,4320,123947,69,254564
461,0.001275,172.31.40.0-255,66,124013,69,254564
462,0.001303,172.217.194.0-255,2902,126915,69,254564
463,0.001307,172.31.40.0-255,66,126981,69,254564
464,0.001319,172.31.40.0-255,66,127047,69,254564
465,0.001323,172.217.194.0-255,2184,129231,69,254564
466,0.001326,172.31.40.0-255,66,129297,69,254564
467,0.001386,172.217.194.0-255,1484,130781,69,254564
468,0.0014,172.217.194.0-255,2902,133683,69,254564
469,0.001403,172.31.40.0-255,66,133749,69,254564
470,0.001418,172.217.194.0-255,2902,136651,69,254564
471,0.00142,172.31.40.0-255,66,136717,69,254564
472,0.001432,172.217.194.0-255,2902,139619,69,254564
473,0.001435,172.31.40.0-255,66,139685,69,254564
474,0.001441,172.217.194.0-255,5738,145423,69,254564
475,0.001443,172.31.40.0-255,66,145489,69,254564
476,0.001477,172.217.194.0-255,7156,152645,69,254564
477,0.00148,172.31.40.0-255,66,152711,69,254564
478,0.001493,172.31.40.0-255,66,152777,69,254564
479,0.001979,172.217.194.0-255,1484,154261,69,254564
480,0.001985,172.217.194.0-255,2902,157163,69,254564
481,0.001989,172.31.40.0-255,66,157229,69,254564
482,0.002023,172.217.194.0-255,1484,158713,69,254564
483,0.002039,172.217.194.0-255,4320,163033,69,254564
484,0.002041,172.31.40.0-255,66,163099,69,254564
485,0.002053,172.31.40.0-255,66,163165,69,254564
486,0.00207,172.217.194.0-255,2902,166067,69,254564
487,0.002073,172.31.40.0-255,66,166133,69,254564
488,0.002105,172.31.40.0-255,66,166199,69,254564
489,0.002122,172.217.194.0-255,1484,167683,69,254564
490,0.002126,172.217.194.0-255,1484,169167,69,254564
491,0.002128,172.31.40.0-255,66,169233,69,254564
492,0.002148,172.217.194.0-255,1484,170717,69,254564
493,0.002154,172.217.194.0-255,5738,176455,69,254564
494,0.002156,172.31.40.0-255,66,176521,69,254564
495,0.002161,172.217.194.0-255,2902,179423,69,254564
496,0.002163,172.31.40.0-255,66,179489,69,254564
497,0.002186,172.217.194.0-255,7156,186645,69,254564
498,0.002188,172.31.40.0-255,66,186711,69,254564
499,0.002211,172.217.194.0-255,2902,189613,69,254564
500,0.002213,172.31.40.0-255,66,189679,69,254564
501,0.002225,172.31.40.0-255,66,189745,69,254564
502,0.002228,172.217.194.0-255,766,190511,69,254564
503,0.002313,172.217.194.0-255,1484,191995,69,254564
504,0.002317,172.31.40.0-255,66,192061,69,254564
505,0.002322,172.217.194.0-255,2902,194963,69,254564
506,0.002324,172.31.40.0-255,66,195029,69,254564
507,0.002326,172.217.194.0-255,1484,196513,69,254564
508,0.002359,172.217.194.0-255,2902,199415,69,254564
509,0.002362,172.31.40.0-255,66,199481,69,254564
510,0.002368,172.217.194.0-255,5738,205219,69,254564
511,0.002371,172.31.40.0-255,66,205285,69,254564
512,0.002374,172.217.194.0-255,1484,206769,69,254564
513,0.002406,172.31.40.0-255,66,206835,69,254564
514,0.002419,172.217.194.0-255,2902,209737,69,254564
515,0.002421,172.31.40.0-255,66,209803,69,254564
516,0.002424,172.217.194.0-255,1484,211287,69,254564
517,0.00245,172.217.194.0-255,5020,216307,69,254564
518,0.002453,172.31.40.0-255,66,216373,69,254564
519,0.002467,172.217.194.0-255,2902,219275,69,254564
520,0.002469,172.31.40.0-255,66,219341,69,254564
521,0.002495,172.217.194.0-255,4320,223661,69,254564
522,0.002498,172.31.40.0-255,66,223727,69,254564
523,0.002505,172.217.194.0-255,5738,229465,69,254564
524,0.002507,172.31.40.0-255,66,229531,69,254564
525,0.002513,172.217.194.0-255,5738,235269,69,254564
526,0.002515,172.31.40.0-255,66,235335,69,254564
527,0.002548,172.31.40.0-255,66,235401,69,254564
528,0.002553,172.217.194.0-255,4320,239721,69,254564
529,0.002555,172.31.40.0-255,66,239787,69,254564
530,0.00258,172.217.194.0-255,7156,246943,69,254564
531,0.002583,172.31.40.0-255,66,247009,69,254564
532,0.002634,172.31.40.0-255,66,247075,69,254564
533,0.002652,172.31.40.0-255,66,247141,69,254564
534,0.002664,172.31.40.0-255,66,247207,69,254564
535,0.002748,172.217.194.0-255,4903,252110,69,254564
536,0.00302,172.31.40.0-255,66,252176,69,254564
537,0.005602,172.217.194.0-255,105,252281,69,254564
538,0.00873,172.31.40.0-255,66,252347,69,254564
539,0.008768,172.31.40.0-255,105,252452,69,254564
540,0.011542,172.217.194.0-255,66,252518,69,254564
541,0.034237,172.31.40.0-255,172,252690,69,254564
542,0.034269,172.31.40.0-255,1116,253806,69,254564
543,0.034334,172.31.40.0-255,560,254366,69,254564
544,0.03591,104.244.42.0-255,66,254432,69,254564
545,0.035944,104.244.42.0-255,66,254498,69,254564
546,0.035946,104.244.42.0-255,66,254564,69,254564
547,0.0,74.125.200.0-255,152,152,69,236501
548,2.2e-05,172.31.40.0-255,66,218,69,236501
549,2.9e-05,74.125.200.0-255,1484,1702,69,236501
550,3.3e-05,172.31.40.0-255,66,1768,69,236501
551,3.9e-05,74.125.200.0-255,2902,4670,69,236501
552,5e-05,172.31.40.0-255,66,4736,69,236501
553,7.1e-05,74.125.200.0-255,2902,7638,69,236501
554,7.4e-05,172.31.40.0-255,66,7704,69,236501
555,9.1e-05,74.125.200.0-255,2902,10606,69,236501
556,9.5e-05,172.31.40.0-255,66,10672,69,236501
557,0.000107,74.125.200.0-255,6317,16989,69,236501
558,0.000109,172.31.40.0-255,66,17055,69,236501
559,0.000113,74.125.200.0-255,2902,19957,69,236501
560,0.000115,172.31.40.0-255,66,20023,69,236501
561,0.000121,74.125.200.0-255,4320,24343,69,236501
562,0.000124,172.31.40.0-255,66,24409,69,236501
563,0.000128,74.125.200.0-255,2902,27311,69,236501
564,0.000131,172.31.40.0-255,66,27377,69,236501
565,0.000162,74.125.200.0-255,5738,33115,69,236501
566,0.000165,172.31.40.0-255,66,33181,69,236501
567,0.000172,74.125.200.0-255,7156,40337,69,236501
568,0.000175,172.31.40.0-255,66,40403,69,236501
569,0.00018,74.125.200.0-255,4320,44723,69,236501
570,0.000182,172.31.40.0-255,66,44789,69,236501
571,0.000214,74.125.200.0-255,3602,48391,69,236501
572,0.000217,172.31.40.0-255,66,48457,69,236501
573,0.000506,74.125.200.0-255,1484,49941,69,236501
574,0.000511,172.31.40.0-255,66,50007,69,236501
575,0.000517,74.125.200.0-255,2902,52909,69,236501
576,0.00052,172.31.40.0-255,66,52975,69,236501
577,0.000525,74.125.200.0-255,2902,55877,69,236501
578,0.000532,172.31.40.0-255,66,55943,69,236501
579,0.000566,74.125.200.0-255,2902,58845,69,236501
580,0.00057,74.125.200.0-255,1484,60329,69,236501
581,0.000574,74.125.200.0-255,2902,63231,69,236501
582,0.000594,74.125.200.0-255,2876,66107,69,236501
583,0.000612,172.31.40.0-255,66,66173,69,236501
584,0.0007,74.125.200.0-255,1484,67657,69,236501
585,0.000719,74.125.200.0-255,2902,70559,69,236501
586,0.000728,172.31.40.0-255,66,70625,69,236501
587,0.000738,74.125.200.0-255,4320,74945,69,236501
588,0.00076,74.125.200.0-255,1484,76429,69,236501
589,0.000782,74.125.200.0-255,7156,83585,69,236501
590,0.000789,172.31.40.0-255,66,83651,69,236501
591,0.000799,74.125.200.0-255,2902,86553,69,236501
592,0.000818,74.125.200.0-255,4320,90873,69,236501
593,0.000838,172.31.40.0-255,66,90939,69,236501
594,0.000847,74.125.200.0-255,4320,95259,69,236501
595,0.000852,172.31.40.0-255,66,95325,69,236501
596,0.000879,74.125.200.0-255,4320,99645,69,236501
597,0.000894,74.125.200.0-255,1043,100688,69,236501
598,0.000904,172.31.40.0-255,66,100754,69,236501
599,0.001637,74.125.200.0-255,1484,102238,69,236501
600,0.001646,74.125.200.0-255,2902,105140,69,236501
601,0.001651,172.31.40.0-255,66,105206,69,236501
602,0.001678,74.125.200.0-255,4320,109526,69,236501
603,0.001715,74.125.200.0-255,2902,112428,69,236501
604,0.001729,74.125.200.0-255,5738,118166,69,236501
605,0.001768,74.125.200.0-255,5738,123904,69,236501
606,0.001782,74.125.200.0-255,4320,128224,69,236501
607,0.001816,74.125.200.0-255,4320,132544,69,236501
608,0.001828,74.125.200.0-255,2184,134728,69,236501
609,0.006942,172.31.40.0-255,66,134794,69,236501
610,0.008973,74.125.200.0-255,5738,140532,69,236501
611,0.008983,172.31.40.0-255,66,140598,69,236501
612,0.011008,74.125.200.0-255,5738,146336,69,236501
613,0.011209,172.31.40.0-255,66,146402,69,236501
614,0.013229,74.125.200.0-255,5738,152140,69,236501
615,0.013237,172.31.40.0-255,66,152206,69,236501
616,0.015263,74.125.200.0-255,5738,157944,69,236501
617,0.015273,172.31.40.0-255,66,158010,69,236501
618,0.017295,74.125.200.0-255,5738,163748,69,236501
619,0.017302,172.31.40.0-255,66,163814,69,236501
620,0.019332,74.125.200.0-255,5738,169552,69,236501
621,0.019342,172.31.40.0-255,66,169618,69,236501
622,0.021378,74.125.200.0-255,5738,175356,69,236501
623,0.021385,172.31.40.0-255,66,175422,69,236501
624,0.023411,74.125.200.0-255,5738,181160,69,236501
625,0.02342,172.31.40.0-255,66,181226,69,236501
626,0.025457,74.125.200.0-255,5738,186964,69,236501
627,0.025464,172.31.40.0-255,66,187030,69,236501
628,0.027568,74.125.200.0-255,5738,192768,69,236501
629,0.027577,172.31.40.0-255,66,192834,69,236501
630,0.029613,74.125.200.0-255,5738,198572,69,236501
631,0.02962,172.31.40.0-255,66,198638,69,236501
632,0.031645,74.125.200.0-255,5738,204376,69,236501
633,0.031654,172.31.40.0-255,66,204442,69,236501
634,0.033683,74.125.200.0-255,5738,210180,69,236501
635,0.033691,172.31.40.0-255,66,210246,69,236501
636,0.035712,74.125.200.0-255,5738,215984,69,236501
637,0.035719,172.31.40.0-255,66,216050,69,236501
638,0.037759,74.125.200.0-255,5738,221788,69,236501
639,0.037767,172.31.40.0-255,66,221854,69,236501
640,0.038596,172.31.40.0-255,172,222026,69,236501
641,0.038627,172.31.40.0-255,1114,223140,69,236501
642,0.0387,172.31.40.0-255,1514,224654,69,236501
643,0.038702,172.31.40.0-255,1514,226168,69,236501
644,0.038707,172.31.40.0-255,1514,227682,69,236501
645,0.038708,172.31.40.0-255,1514,229196,69,236501
646,0.038728,172.31.40.0-255,1501,230697,69,236501
647,0.039786,74.125.200.0-255,5738,236435,69,236501
648,0.039793,172.31.40.0-255,66,236501,69,236501
649,0.0,74.125.24.0-255,152,152,69,201136
650,2.3e-05,172.31.40.0-255,66,218,69,201136
651,3.1e-05,74.125.24.0-255,1484,1702,69,201136
652,3.7e-05,172.31.40.0-255,66,1768,69,201136
653,4.2e-05,74.125.24.0-255,2902,4670,69,201136
654,4.5e-05,172.31.40.0-255,66,4736,69,201136
655,5e-05,74.125.24.0-255,4320,9056,69,201136
656,5.3e-05,172.31.40.0-255,66,9122,69,201136
657,7.6e-05,74.125.24.0-255,1484,10606,69,201136
658,7.9e-05,172.31.40.0-255,66,10672,69,201136
659,9.8e-05,74.125.24.0-255,3514,14186,69,201136
660,0.000101,172.31.40.0-255,66,14252,69,201136
661,0.000134,74.125.24.0-255,2902,17154,69,201136
662,0.000136,172.31.40.0-255,66,17220,69,201136
663,0.00014,74.125.24.0-255,2902,20122,69,201136
664,0.000143,172.31.40.0-255,66,20188,69,201136
665,0.000157,74.125.24.0-255,1484,21672,69,201136
666,0.000159,172.31.40.0-255,66,21738,69,201136
667,0.000163,74.125.24.0-255,2902,24640,69,201136
668,0.000165,172.31.40.0-255,66,24706,69,201136
669,0.000186,74.125.24.0-255,5738,30444,69,201136
670,0.000189,172.31.40.0-255,66,30510,69,201136
671,0.000192,74.125.24.0-255,1125,31635,69,201136
672,0.000194,172.31.40.0-255,66,31701,69,201136
673,0.000303,74.125.24.0-255,1484,33185,69,201136
674,0.000307,172.31.40.0-255,66,33251,69,201136
675,0.000311,74.125.24.0-255,1484,34735,69,201136
676,0.000312,172.31.40.0-255,66,34801,69,201136
677,0.000328,74.125.24.0-255,1484,36285,69,201136
678,0.000331,172.31.40.0-255,66,36351,69,201136
679,0.000338,74.125.24.0-255,5738,42089,69,201136
680,0.00034,172.31.40.0-255,66,42155,69,201136
681,0.000375,74.125.24.0-255,1484,43639,69,201136
682,0.000406,172.31.40.0-255,66,43705,69,201136
683,0.00042,172.31.40.0-255,66,43771,69,201136
684,0.000453,74.125.24.0-255,1419,45190,69,201136
685,0.000465,74.125.24.0-255,382,45572,69,201136
686,0.000468,172.31.40.0-255,66,45638,69,201136
687,0.000848,74.125.24.0-255,1484,47122,69,201136
688,0.000852,74.125.24.0-255,1484,48606,69,201136
689,0.000856,172.31.40.0-255,66,48672,69,201136
690,0.000878,74.125.24.0-255,1484,50156,69,201136
691,0.000885,74.125.24.0-255,5738,55894,69,201136
692,0.000888,172.31.40.0-255,66,55960,69,201136
693,0.000896,74.125.24.0-255,5738,61698,69,201136
694,0.000898,172.31.40.0-255,66,61764,69,201136
695,0.000924,172.31.40.0-255,66,61830,69,201136
696,0.000931,74.125.24.0-255,5738,67568,69,201136
697,0.000933,172.31.40.0-255,66,67634,69,201136
698,0.000952,74.125.24.0-255,3961,71595,69,201136
699,0.000955,172.31.40.0-255,66,71661,69,201136
700,0.00161,74.125.24.0-255,1484,73145,69,201136
701,0.00162,74.125.24.0-255,2902,76047,69,201136
702,0.001625,172.31.40.0-255,66,76113,69,201136
703,0.001633,74.125.24.0-255,5738,81851,69,201136
704,0.001635,172.31.40.0-255,66,81917,69,201136
705,0.001638,74.125.24.0-255,1484,83401,69,201136
706,0.001642,74.125.24.0-255,2902,86303,69,201136
707,0.001644,172.31.40.0-255,66,86369,69,201136
708,0.001663,74.125.24.0-255,5738,92107,69,201136
709,0.001665,172.31.40.0-255,66,92173,69,201136
710,0.00169,74.125.24.0-255,4320,96493,69,201136
711,0.001693,172.31.40.0-255,66,96559,69,201136
712,0.001717,172.31.40.0-255,66,96625,69,201136
713,0.003888,74.125.24.0-255,4320,100945,69,201136
714,0.003895,172.31.40.0-255,66,101011,69,201136
715,0.003915,74.125.24.0-255,1484,102495,69,201136
716,0.006055,74.125.24.0-255,4320,106815,69,201136
717,0.006062,172.31.40.0-255,66,106881,69,201136
718,0.008207,74.125.24.0-255,2902,109783,69,201136
719,0.008214,172.31.40.0-255,66,109849,69,201136
720,0.008234,74.125.24.0-255,2902,112751,69,201136
721,0.008236,172.31.40.0-255,66,112817,69,201136
722,0.010356,74.125.24.0-255,2902,115719,69,201136
723,0.010363,172.31.40.0-255,66,115785,69,201136
724,0.010391,74.125.24.0-255,2902,118687,69,201136
725,0.010393,172.31.40.0-255,66,118753,69,201136
726,0.012522,74.125.24.0-255,2902,121655,69,201136
727,0.012529,172.31.40.0-255,66,121721,69,201136
728,0.012575,74.125.24.0-255,1484,123205,69,201136
729,0.012587,74.125.24.0-255,1484,124689,69,201136
730,0.01259,172.31.40.0-255,66,124755,69,201136
731,0.014706,74.125.24.0-255,2902,127657,69,201136
732,0.014715,172.31.40.0-255,66,127723,69,201136
733,0.014792,74.125.24.0-255,2902,130625,69,201136
734,0.014796,172.31.40.0-255,66,130691,69,201136
735,0.016948,74.125.24.0-255,5738,136429,69,201136
736,0.016955,172.31.40.0-255,66,136495,69,201136
737,0.019153,74.125.24.0-255,4320,140815,69,201136
738,0.01916,172.31.40.0-255,66,140881,69,201136
739,0.01918,74.125.24.0-255,1484,142365,69,201136
740,0.021348,74.125.24.0-255,4320,146685,69,201136
741,0.021354,172.31.40.0-255,66,146751,69,201136
742,0.023534,74.125.24.0-255,5738,152489,69,201136
743,0.023543,172.31.40.0-255,66,152555,69,201136
744,0.025684,74.125.24.0-255,5738,158293,69,201136
745,0.025691,172.31.40.0-255,66,158359,69,201136
746,0.027902,74.125.24.0-255,5738,164097,69,201136
747,0.02791,172.31.40.0-255,66,164163,69,201136
748,0.029656,172.31.40.0-255,172,164335,69,201136
749,0.029683,172.31.40.0-255,1112,165447,69,201136
750,0.029763,172.31.40.0-255,1514,166961,69,201136
751,0.029765,172.31.40.0-255,1514,168475,69,201136
752,0.029771,172.31.40.0-255,1514,169989,69,201136
753,0.029773,172.31.40.0-255,1514,171503,69,201136
754,0.029804,172.31.40.0-255,1503,173006,69,201136
755,0.03005,74.125.24.0-255,5738,178744,69,201136
756,0.030056,172.31.40.0-255,66,178810,69,201136
757,0.031301,104.244.42.0-255,66,178876,69,201136
758,0.031327,104.244.42.0-255,66,178942,69,201136
759,0.031458,104.244.42.0-255,66,179008,69,201136
760,0.031509,104.244.42.0-255,66,179074,69,201136
761,0.032189,74.125.24.0-255,1484,180558,69,201136
762,0.032209,74.125.24.0-255,4320,184878,69,201136
763,0.032214,172.31.40.0-255,66,184944,69,201136
764,0.03441,74.125.24.0-255,4320,189264,69,201136
765,0.034435,172.31.40.0-255,66,189330,69,201136
766,0.034458,74.125.24.0-255,1484,190814,69,201136
767,0.036593,74.125.24.0-255,4320,195134,69,201136
768,0.0366,172.31.40.0-255,66,195200,69,201136
769,0.038794,74.125.24.0-255,2902,198102,69,201136
770,0.038802,172.31.40.0-255,66,198168,69,201136
771,0.038821,74.125.24.0-255,2902,201070,69,201136
772,0.038824,172.31.40.0-255,66,201136,69,201136
773,0.0,172.217.194.0-255,298,298,69,262956
774,2.2e-05,172.31.40.0-255,66,364,69,262956
775,2.8e-05,172.217.194.0-255,1484,1848,69,262956
776,3.3e-05,172.31.40.0-255,66,1914,69,262956
777,4.5e-05,172.217.194.0-255,4320,6234,69,262956
778,4.9e-05,172.31.40.0-255,66,6300,69,262956
779,7.9e-05,172.31.40.0-255,66,6366,69,262956
780,0.000103,172.217.194.0-255,1484,7850,69,262956
781,0.000105,172.31.40.0-255,66,7916,69,262956
782,0.000109,172.217.194.0-255,2902,10818,69,262956
783,0.000111,172.31.40.0-255,66,10884,69,262956
784,0.000114,172.217.194.0-255,1484,12368,69,262956
785,0.000116,172.31.40.0-255,66,12434,69,262956
786,0.000143,172.217.194.0-255,4320,16754,69,262956
787,0.000145,172.31.40.0-255,66,16820,69,262956
788,0.000151,172.217.194.0-255,1484,18304,69,262956
789,0.000153,172.31.40.0-255,66,18370,69,262956
790,0.000174,172.217.194.0-255,5379,23749,69,262956
791,0.000179,172.31.40.0-255,66,23815,69,262956
792,0.000196,172.217.194.0-255,1484,25299,69,262956
793,0.000198,172.31.40.0-255,66,25365,69,262956
794,0.000218,172.217.194.0-255,1484,26849,69,262956
795,0.00022,172.31.40.0-255,66,26915,69,262956
796,0.000226,172.217.194.0-255,4320,31235,69,262956
797,0.000228,172.31.40.0-255,66,31301,69,262956
798,0.000234,172.217.194.0-255,7156,38457,69,262956
799,0.000237,172.31.40.0-255,66,38523,69,262956
800,0.000262,172.217.194.0-255,1484,40007,69,262956
801,0.000264,172.31.40.0-255,66,40073,69,262956
802,0.000267,172.217.194.0-255,1125,41198,69,262956
803,0.000269,172.31.40.0-255,66,41264,69,262956
804,0.000271,172.217.194.0-255,1484,42748,69,262956
805,0.000277,172.217.194.0-255,4320,47068,69,262956
806,0.000279,172.31.40.0-255,66,47134,69,262956
807,0.000285,172.217.194.0-255,5738,52872,69,262956
808,0.000287,172.31.40.0-255,66,52938,69,262956
809,0.000317,172.217.194.0-255,4320,57258,69,262956
810,0.00032,172.31.40.0-255,66,57324,69,262956
811,0.000323,172.217.194.0-255,1125,58449,69,262956
812,0.000717,172.217.194.0-255,645,59094,69,262956
813,0.000723,172.31.40.0-255,66,59160,69,262956
814,0.000802,172.217.194.0-255,1484,60644,69,262956
815,0.000806,172.217.194.0-255,1484,62128,69,262956
816,0.000808,172.31.40.0-255,66,62194,69,262956
817,0.000835,172.217.194.0-255,1484,63678,69,262956
818,0.000842,172.217.194.0-255,5738,69416,69,262956
819,0.000845,172.31.40.0-255,66,69482,69,262956
820,0.000852,172.217.194.0-255,7156,76638,69,262956
821,0.000854,172.31.40.0-255,66,76704,69,262956
822,0.000878,172.217.194.0-255,5738,82442,69,262956
823,0.00088,172.31.40.0-255,66,82508,69,262956
824,0.000891,172.31.40.0-255,66,82574,69,262956
825,0.001095,172.217.194.0-255,1484,84058,69,262956
826,0.001101,172.217.194.0-255,2902,86960,69,262956
827,0.001103,172.31.40.0-255,66,87026,69,262956
828,0.001138,172.217.194.0-255,1484,88510,69,262956
829,0.001155,172.217.194.0-255,4320,92830,69,262956
830,0.001158,172.31.40.0-255,66,92896,69,262956
831,0.001176,172.31.40.0-255,66,92962,69,262956
832,0.001187,172.31.40.0-255,66,93028,69,262956
833,0.001216,172.217.194.0-255,766,93794,69,262956
834,0.001768,172.31.40.0-255,66,93860,69,262956
835,0.001794,172.217.194.0-255,1484,95344,69,262956
836,0.0018,172.217.194.0-255,2902,98246,69,262956
837,0.001802,172.31.40.0-255,66,98312,69,262956
838,0.001808,172.217.194.0-255,4320,102632,69,262956
839,0.00181,172.31.40.0-255,66,102698,69,262956
840,0.001837,172.217.194.0-255,1484,104182,69,262956
841,0.001851,172.31.40.0-255,66,104248,69,262956
842,0.001892,172.217.194.0-255,5738,109986,69,262956
843,0.001896,172.31.40.0-255,66,110052,69,262956
844,0.001926,172.217.194.0-255,6438,116490,69,262956
845,0.001929,172.31.40.0-255,66,116556,69,262956
846,0.001932,172.217.194.0-255,1484,118040,69,262956
847,0.001955,172.217.194.0-255,2902,120942,69,262956
848,0.001957,172.31.40.0-255,66,121008,69,262956
849,0.001964,172.217.194.0-255,5738,126746,69,262956
850,0.001966,172.31.40.0-255,66,126812,69,262956
851,0.001994,172.217.194.0-255,7156,133968,69,262956
852,0.001996,172.31.40.0-255,66,134034,69,262956
853,0.002027,172.217.194.0-255,5738,139772,69,262956
854,0.00203,172.31.40.0-255,66,139838,69,262956
855,0.002041,172.31.40.0-255,66,139904,69,262956
856,0.002058,172.31.40.0-255,66,139970,69,262956
857,0.002102,172.31.40.0-255,66,140036,69,262956
858,0.002114,172.31.40.0-255,66,140102,69,262956
859,0.002117,172.217.194.0-255,1484,141586,69,262956
860,0.002121,172.217.194.0-255,2902,144488,69,262956
861,0.002124,172.31.40.0-255,66,144554,69,262956
862,0.00213,172.217.194.0-255,5738,150292,69,262956
863,0.002136,172.31.40.0-255,66,150358,69,262956
864,0.002186,172.31.40.0-255,66,150424,69,262956
865,0.002196,172.31.40.0-255,66,150490,69,262956
866,0.002234,172.31.40.0-255,66,150556,69,262956
867,0.002238,172.217.194.0-255,2902,153458,69,262956
868,0.00224,172.31.40.0-255,66,153524,69,262956
869,0.002281,172.217.194.0-255,7156,160680,69,262956
870,0.002284,172.31.40.0-255,66,160746,69,262956
871,0.002301,172.31.40.0-255,66,160812,69,262956
872,0.002339,172.217.194.0-255,2902,163714,69,262956
873,0.002342,172.31.40.0-255,66,163780,69,262956
874,0.002398,172.31.40.0-255,66,163846,69,262956
875,0.002405,172.217.194.0-255,5020,168866,69,262956
876,0.002407,172.31.40.0-255,66,168932,69,262956
877,0.002428,172.217.194.0-255,1484,170416,69,262956
878,0.002433,172.217.194.0-255,2902,173318,69,262956
879,0.002436,172.31.40.0-255,66,173384,69,262956
880,0.002441,172.217.194.0-255,2902,176286,69,262956
881,0.002443,172.31.40.0-255,66,176352,69,262956
882,0.002468,172.217.194.0-255,2902,179254,69,262956
883,0.002474,172.217.194.0-255,5738,184992,69,262956
884,0.002498,172.217.194.0-255,4320,189312,69,262956
885,0.002509,172.217.194.0-255,2902,192214,69,262956
886,0.002515,172.31.40.0-255,66,192280,69,262956
887,0.00494,172.217.194.0-255,5738,198018,69,262956
888,0.004948,172.31.40.0-255,66,198084,69,262956
889,0.007409,172.217.194.0-255,4320,202404,69,262956
890,0.007415,172.31.40.0-255,66,202470,69,262956
891,0.00744,172.217.194.0-255,1484,203954,69,262956
892,0.009858,172.217.194.0-255,2902,206856,69,262956
893,0.009864,172.31.40.0-255,66,206922,69,262956
894,0.009888,172.217.194.0-255,1484,208406,69,262956
895,0.012324,172.217.194.0-255,4320,212726,69,262956
896,0.01233,172.31.40.0-255,66,212792,69,262956
897,0.014766,172.217.194.0-255,5738,218530,69,262956
898,0.014775,172.31.40.0-255,66,218596,69,262956
899,0.017258,172.217.194.0-255,5738,224334,69,262956
900,0.017266,172.31.40.0-255,66,224400,69,262956
901,0.01973,172.217.194.0-255,5738,230138,69,262956
902,0.019738,172.31.40.0-255,66,230204,69,262956
903,0.022191,172.217.194.0-255,4320,234524,69,262956
904,0.022198,172.31.40.0-255,66,234590,69,262956
905,0.022218,172.217.194.0-255,1484,236074,69,262956
906,0.024712,172.217.194.0-255,4320,240394,69,262956
907,0.024727,172.31.40.0-255,66,240460,69,262956
908,0.027227,172.217.194.0-255,4320,244780,69,262956
909,0.027235,172.31.40.0-255,66,244846,69,262956
910,0.027268,172.217.194.0-255,1484,246330,69,262956
911,0.029682,172.217.194.0-255,4320,250650,69,262956
912,0.029689,172.31.40.0-255,66,250716,69,262956
913,0.032147,172.217.194.0-255,2896,253612,69,262956
914,0.032157,172.31.40.0-255,66,253678,69,262956
915,0.032352,172.31.40.0-255,105,253783,69,262956
916,0.034736,172.217.194.0-255,66,253849,69,262956
917,0.036323,172.31.40.0-255,172,254021,69,262956
918,0.036348,172.31.40.0-255,1112,255133,69,262956
919,0.036422,172.31.40.0-255,1514,256647,69,262956
920,0.036445,172.31.40.0-255,1514,258161,69,262956
921,0.036446,172.31.40.0-255,1514,259675,69,262956
922,0.036468,172.31.40.0-255,1514,261189,69,262956
923,0.03647,172.31.40.0-255,1503,262692,69,262956
924,0.037992,104.244.42.0-255,66,262758,69,262956
925,0.038028,104.244.42.0-255,66,262824,69,262956
926,0.038145,104.244.42.0-255,66,262890,69,262956
927,0.038205,104.244.42.0-255,66,262956,69,262956
928,0.0,74.125.68.0-255,152,152,69,357906
929,1.8e-05,172.31.40.0-255,66,218,69,357906
930,2.6e-05,74.125.68.0-255,1484,1702,69,357906
931,3.1e-05,172.31.40.0-255,66,1768,69,357906
932,3.6e-05,74.125.68.0-255,2902,4670,69,357906
933,4.6e-05,172.31.40.0-255,66,4736,69,357906
934,5.2e-05,74.125.68.0-255,4320,9056,69,357906
935,5.6e-05,172.31.40.0-255,66,9122,69,357906
936,7.5e-05,74.125.68.0-255,2902,12024,69,357906
937,7.8e-05,172.31.40.0-255,66,12090,69,357906
938,0.0001,74.125.68.0-255,1484,13574,69,357906
939,0.000102,172.31.40.0-255,66,13640,69,357906
940,0.000113,74.125.68.0-255,4899,18539,69,357906
941,0.000116,172.31.40.0-255,66,18605,69,357906
942,0.000151,74.125.68.0-255,4320,22925,69,357906
943,0.000154,172.31.40.0-255,66,22991,69,357906
944,0.00016,74.125.68.0-255,5738,28729,69,357906
945,0.000163,172.31.40.0-255,66,28795,69,357906
946,0.000188,74.125.68.0-255,2543,31338,69,357906
947,0.00019,172.31.40.0-255,66,31404,69,357906
948,0.000334,74.125.68.0-255,1484,32888,69,357906
949,0.000338,172.31.40.0-255,66,32954,69,357906
950,0.000358,74.125.68.0-255,2902,35856,69,357906
951,0.000361,172.31.40.0-255,66,35922,69,357906
952,0.000368,74.125.68.0-255,5738,41660,69,357906
953,0.00037,172.31.40.0-255,66,41726,69,357906
954,0.000406,74.125.68.0-255,5738,47464,69,357906
955,0.000409,172.31.40.0-255,66,47530,69,357906
956,0.000414,74.125.68.0-255,2902,50432,69,357906
957,0.000415,172.31.40.0-255,66,50498,69,357906
958,0.000449,74.125.68.0-255,3961,54459,69,357906
959,0.000452,172.31.40.0-255,66,54525,69,357906
960,0.000459,74.125.68.0-255,5738,60263,69,357906
961,0.000461,172.31.40.0-255,66,60329,69,357906
962,0.00049,74.125.68.0-255,5691,66020,69,357906
963,0.000493,172.31.40.0-255,66,66086,69,357906
964,0.000504,74.125.68.0-255,343,66429,69,357906
965,0.000567,74.125.68.0-255,1484,67913,69,357906
966,0.000571,172.31.40.0-255,66,67979,69,357906
967,0.000579,74.125.68.0-255,1484,69463,69,357906
968,0.000582,74.125.68.0-255,1484,70947,69,357906
969,0.000588,172.31.40.0-255,66,71013,69,357906
970,0.000611,74.125.68.0-255,1484,72497,69,357906
971,0.000619,74.125.68.0-255,5738,78235,69,357906
972,0.000621,172.31.40.0-255,66,78301,69,357906
973,0.000657,172.31.40.0-255,66,78367,69,357906
974,0.000696,172.31.40.0-255,66,78433,69,357906
975,0.000699,74.125.68.0-255,766,79199,69,357906
976,0.000789,74.125.68.0-255,1484,80683,69,357906
977,0.000792,172.31.40.0-255,66,80749,69,357906
978,0.00082,74.125.68.0-255,2902,83651,69,357906
979,0.000823,172.31.40.0-255,66,83717,69,357906
980,0.000853,74.125.68.0-255,5738,89455,69,357906
981,0.000856,172.31.40.0-255,66,89521,69,357906
982,0.000859,74.125.68.0-255,1484,91005,69,357906
983,0.000894,172.31.40.0-255,66,91071,69,357906
984,0.000925,74.125.68.0-255,5738,96809,69,357906
985,0.000929,172.31.40.0-255,66,96875,69,357906
986,0.000937,74.125.68.0-255,7156,104031,69,357906
987,0.000939,172.31.40.0-255,66,104097,69,357906
988,0.000947,74.125.68.0-255,766,104863,69,357906
989,0.001002,74.125.68.0-255,1484,106347,69,357906
990,0.001005,172.31.40.0-255,66,106413,69,357906
991,0.001025,74.125.68.0-255,2902,109315,69,357906
992,0.001027,172.31.40.0-255,66,109381,69,357906
993,0.001031,74.125.68.0-255,2902,112283,69,357906
994,0.001034,172.31.40.0-255,66,112349,69,357906
995,0.001057,74.125.68.0-255,2902,115251,69,357906
996,0.001059,172.31.40.0-255,66,115317,69,357906
997,0.001069,74.125.68.0-255,4320,119637,69,357906
998,0.001071,172.31.40.0-255,66,119703,69,357906
999,0.001078,74.125.68.0-255,5738,125441,69,357906
1000,0.00108,172.31.40.0-255,66,125507,69,357906
1001,0.001106,74.125.68.0-255,5738,131245,69,357906
1002,0.001109,172.31.40.0-255,66,131311,69,357906
1003,0.00114,74.125.68.0-255,5738,137049,69,357906
1004,0.001142,172.31.40.0-255,66,137115,69,357906
1005,0.001147,74.125.68.0-255,2184,139299,69,357906
1006,0.001149,172.31.40.0-255,66,139365,69,357906
1007,0.001248,74.125.68.0-255,1484,140849,69,357906
1008,0.001268,74.125.68.0-255,2902,143751,69,357906
1009,0.001271,172.31.40.0-255,66,143817,69,357906
1010,0.001303,74.125.68.0-255,5738,149555,69,357906
1011,0.001306,172.31.40.0-255,66,149621,69,357906
1012,0.001333,74.125.68.0-255,5738,155359,69,357906
1013,0.001336,172.31.40.0-255,66,155425,69,357906
1014,0.001359,74.125.68.0-255,1484,156909,69,357906
1015,0.001364,74.125.68.0-255,4320,161229,69,357906
1016,0.001367,172.31.40.0-255,66,161295,69,357906
1017,0.001393,74.125.68.0-255,5738,167033,69,357906
1018,0.001396,172.31.40.0-255,66,167099,69,357906
1019,0.001423,74.125.68.0-255,6438,173537,69,357906
1020,0.001426,172.31.40.0-255,66,173603,69,357906
1021,0.001507,74.125.68.0-255,1484,175087,69,357906
1022,0.001525,74.125.68.0-255,2902,177989,69,357906
1023,0.001528,172.31.40.0-255,66,178055,69,357906
1024,0.001563,74.125.68.0-255,5738,183793,69,357906
1025,0.001566,172.31.40.0-255,66,183859,69,357906
1026,0.001571,74.125.68.0-255,2902,186761,69,357906
1027,0.001573,172.31.40.0-255,66,186827,69,357906
1028,0.001583,74.125.68.0-255,4320,191147,69,357906
1029,0.001586,172.31.40.0-255,66,191213,69,357906
1030,0.001617,172.31.40.0-255,66,191279,69,357906
1031,0.001624,74.125.68.0-255,5738,197017,69,357906
1032,0.001626,172.31.40.0-255,66,197083,69,357906
1033,0.00167,74.125.68.0-255,2184,199267,69,357906
1034,0.001672,172.31.40.0-255,66,199333,69,357906
1035,0.001733,74.125.68.0-255,1484,200817,69,357906
1036,0.001739,74.125.68.0-255,2902,203719,69,357906
1037,0.001742,172.31.40.0-255,66,203785,69,357906
1038,0.00176,74.125.68.0-255,2902,206687,69,357906
1039,0.001765,172.31.40.0-255,66,206753,69,357906
1040,0.001798,74.125.68.0-255,4320,211073,69,357906
1041,0.001802,172.31.40.0-255,66,211139,69,357906
1042,0.001805,74.125.68.0-255,1484,212623,69,357906
1043,0.001837,74.125.68.0-255,2902,215525,69,357906
1044,0.001841,172.31.40.0-255,66,215591,69,357906
1045,0.00185,74.125.68.0-255,2902,218493,69,357906
1046,0.001853,172.31.40.0-255,66,218559,69,357906
1047,0.001883,74.125.68.0-255,2902,221461,69,357906
1048,0.001887,172.31.40.0-255,66,221527,69,357906
1049,0.00189,74.125.68.0-255,1484,223011,69,357906
1050,0.001895,74.125.68.0-255,2902,225913,69,357906
1051,0.001897,172.31.40.0-255,66,225979,69,357906
1052,0.001901,74.125.68.0-255,2902,228881,69,357906
1053,0.001905,172.31.40.0-255,66,228947,69,357906
1054,0.001918,74.125.68.0-255,2902,231849,69,357906
1055,0.001921,172.31.40.0-255,66,231915,69,357906
1056,0.001924,74.125.68.0-255,2184,234099,69,357906
1057,0.001931,172.31.40.0-255,66,234165,69,357906
1058,0.002122,74.125.68.0-255,1484,235649,69,357906
1059,0.002144,74.125.68.0-255,2902,238551,69,357906
1060,0.002147,172.31.40.0-255,66,238617,69,357906
1061,0.002174,74.125.68.0-255,4320,242937,69,357906
1062,0.002176,172.31.40.0-255,66,243003,69,357906
1063,0.002182,74.125.68.0-255,2902,245905,69,357906
1064,0.002184,172.31.40.0-255,66,245971,69,357906
1065,0.002207,74.125.68.0-255,2902,248873,69,357906
1066,0.002209,172.31.40.0-255,66,248939,69,357906
1067,0.002251,74.125.68.0-255,2902,251841,69,357906
1068,0.002253,172.31.40.0-255,66,251907,69,357906
1069,0.002275,172.31.40.0-255,66,251973,69,357906
1070,0.002279,74.125.68.0-255,2902,254875,69,357906
1071,0.002282,172.31.40.0-255,66,254941,69,357906
1072,0.002288,74.125.68.0-255,5738,260679,69,357906
1073,0.002291,172.31.40.0-255,66,260745,69,357906
1074,0.002313,74.125.68.0-255,766,261511,69,357906
1075,0.002339,74.125.68.0-255,7156,268667,69,357906
1076,0.002341,172.31.40.0-255,66,268733,69,357906
1077,0.002344,74.125.68.0-255,1484,270217,69,357906
1078,0.002365,74.125.68.0-255,2902,273119,69,357906
1079,0.002368,172.31.40.0-255,66,273185,69,357906
1080,0.004672,74.125.68.0-255,1484,274669,69,357906
1081,0.00469,74.125.68.0-255,4320,278989,69,357906
1082,0.004695,172.31.40.0-255,66,279055,69,357906
1083,0.007036,74.125.68.0-255,2902,281957,69,357906
1084,0.007039,172.31.40.0-255,66,282023,69,357906
1085,0.007064,74.125.68.0-255,2902,284925,69,357906
1086,0.007067,172.31.40.0-255,66,284991,69,357906
1087,0.007641,172.31.40.0-255,101,285092,69,357906
1088,0.009391,74.125.68.0-255,4320,289412,69,357906
1089,0.009397,172.31.40.0-255,66,289478,69,357906
1090,0.009427,74.125.68.0-255,1484,290962,69,357906
1091,0.009928,74.125.68.0-255,66,291028,69,357906
1092,0.011743,74.125.68.0-255,4320,295348,69,357906
1093,0.01175,172.31.40.0-255,66,295414,69,357906
1094,0.0141,74.125.68.0-255,5738,301152,69,357906
1095,0.014108,172.31.40.0-255,66,301218,69,357906
1096,0.016445,74.125.68.0-255,5738,306956,69,357906
1097,0.016453,172.31.40.0-255,66,307022,69,357906
1098,0.018795,74.125.68.0-255,5738,312760,69,357906
1099,0.018803,172.31.40.0-255,66,312826,69,357906
1100,0.021145,74.125.68.0-255,5738,318564,69,357906
1101,0.021153,172.31.40.0-255,66,318630,69,357906
1102,0.023521,74.125.68.0-255,5738,324368,69,357906
1103,0.023529,172.31.40.0-255,66,324434,69,357906
1104,0.025876,74.125.68.0-255,4320,328754,69,357906
1105,0.025883,172.31.40.0-255,66,328820,69,357906
1106,0.025912,74.125.68.0-255,1484,330304,69,357906
1107,0.028273,74.125.68.0-255,4320,334624,69,357906
1108,0.028282,172.31.40.0-255,66,334690,69,357906
1109,0.030643,74.125.68.0-255,5738,340428,69,357906
1110,0.030651,172.31.40.0-255,66,340494,69,357906
1111,0.032999,74.125.68.0-255,5738,346232,69,357906
1112,0.033006,172.31.40.0-255,66,346298,69,357906
1113,0.035342,74.125.68.0-255,5738,352036,69,357906
1114,0.035349,172.31.40.0-255,66,352102,69,357906
1115,0.037708,74.125.68.0-255,5738,357840,69,357906
1116,0.037716,172.31.40.0-255,66,357906,69,357906
1117,0.0,74.125.68.0-255,296,296,69,183778
1118,1.5e-05,172.31.40.0-255,66,362,69,183778
1119,3.9e-05,74.125.68.0-255,1484,1846,69,183778
1120,4.4e-05,172.31.40.0-255,66,1912,69,183778
1121,4.7e-05,74.125.68.0-255,1484,3396,69,183778
1122,4.9e-05,172.31.40.0-255,66,3462,69,183778
1123,7.3e-05,74.125.68.0-255,2902,6364,69,183778
1124,7.6e-05,172.31.40.0-255,66,6430,69,183778
1125,9.4e-05,74.125.68.0-255,2902,9332,69,183778
1126,9.6e-05,172.31.40.0-255,66,9398,69,183778
1127,0.000119,74.125.68.0-255,2902,12300,69,183778
1128,0.000121,172.31.40.0-255,66,12366,69,183778
1129,0.000138,74.125.68.0-255,1484,13850,69,183778
1130,0.00014,172.31.40.0-255,66,13916,69,183778
1131,0.000158,74.125.68.0-255,1926,15842,69,183778
1132,0.000161,172.31.40.0-255,66,15908,69,183778
1133,0.000166,74.125.68.0-255,4320,20228,69,183778
1134,0.000168,172.31.40.0-255,66,20294,69,183778
1135,0.000216,74.125.68.0-255,2902,23196,69,183778
1136,0.000219,172.31.40.0-255,66,23262,69,183778
1137,0.000237,74.125.68.0-255,4320,27582,69,183778
1138,0.00024,172.31.40.0-255,66,27648,69,183778
1139,0.000242,74.125.68.0-255,1484,29132,69,183778
1140,0.000245,172.31.40.0-255,66,29198,69,183778
1141,0.000266,74.125.68.0-255,2902,32100,69,183778
1142,0.000268,172.31.40.0-255,66,32166,69,183778
1143,0.000287,74.125.68.0-255,5738,37904,69,183778
1144,0.00029,172.31.40.0-255,66,37970,69,183778
1145,0.000324,74.125.68.0-255,1484,39454,69,183778
1146,0.000327,172.31.40.0-255,66,39520,69,183778
1147,0.000346,74.125.68.0-255,2902,42422,69,183778
1148,0.000348,172.31.40.0-255,66,42488,69,183778
1149,0.000351,74.125.68.0-255,1484,43972,69,183778
1150,0.000372,74.125.68.0-255,4320,48292,69,183778
1151,0.000375,172.31.40.0-255,66,48358,69,183778
1152,0.000378,74.125.68.0-255,766,49124,69,183778
1153,0.000626,74.125.68.0-255,1484,50608,69,183778
1154,0.000632,172.31.40.0-255,66,50674,69,183778
1155,0.000649,74.125.68.0-255,2902,53576,69,183778
1156,0.000652,172.31.40.0-255,66,53642,69,183778
1157,0.000655,74.125.68.0-255,1484,55126,69,183778
1158,0.000677,74.125.68.0-255,2902,58028,69,183778
1159,0.00068,172.31.40.0-255,66,58094,69,183778
1160,0.000707,74.125.68.0-255,4320,62414,69,183778
1161,0.00071,172.31.40.0-255,66,62480,69,183778
1162,0.000728,74.125.68.0-255,1484,63964,69,183778
1163,0.000758,74.125.68.0-255,2543,66507,69,183778
1164,0.000768,172.31.40.0-255,66,66573,69,183778
1165,0.002942,74.125.68.0-255,1484,68057,69,183778
1166,0.002952,74.125.68.0-255,2902,70959,69,183778
1167,0.002958,172.31.40.0-255,66,71025,69,183778
1168,0.002963,74.125.68.0-255,1484,72509,69,183778
1169,0.004981,74.125.68.0-255,4320,76829,69,183778
1170,0.004985,172.31.40.0-255,66,76895,69,183778
1171,0.007009,74.125.68.0-255,5738,82633,69,183778
1172,0.007015,172.31.40.0-255,66,82699,69,183778
1173,0.009042,74.125.68.0-255,5738,88437,69,183778
1174,0.009051,172.31.40.0-255,66,88503,69,183778
1175,0.011085,74.125.68.0-255,5738,94241,69,183778
1176,0.011095,172.31.40.0-255,66,94307,69,183778
1177,0.013129,74.125.68.0-255,5738,100045,69,183778
1178,0.013137,172.31.40.0-255,66,100111,69,183778
1179,0.015187,74.125.68.0-255,5738,105849,69,183778
1180,0.015194,172.31.40.0-255,66,105915,69,183778
1181,0.01726,74.125.68.0-255,5738,111653,69,183778
1182,0.017269,172.31.40.0-255,66,111719,69,183778
1183,0.019298,74.125.68.0-255,5738,117457,69,183778
1184,0.019305,172.31.40.0-255,66,117523,69,183778
1185,0.021341,74.125.68.0-255,1484,119007,69,183778
1186,0.021365,74.125.68.0-255,4320,123327,69,183778
1187,0.02137,172.31.40.0-255,66,123393,69,183778
1188,0.022787,172.31.40.0-255,172,123565,69,183778
1189,0.022832,172.31.40.0-255,1111,124676,69,183778
1190,0.022899,172.31.40.0-255,1514,126190,69,183778
1191,0.022901,172.31.40.0-255,1514,127704,69,183778
1192,0.022902,172.31.40.0-255,1514,129218,69,183778
1193,0.022903,172.31.40.0-255,1514,130732,69,183778
1194,0.022904,172.31.40.0-255,546,131278,69,183778
1195,0.023423,74.125.68.0-255,5738,137016,69,183778
1196,0.02343,172.31.40.0-255,66,137082,69,183778
1197,0.024382,104.244.42.0-255,66,137148,69,183778
1198,0.024419,104.244.42.0-255,66,137214,69,183778
1199,0.024454,104.244.42.0-255,66,137280,69,183778
1200,0.024467,104.244.42.0-255,66,137346,69,183778
1201,0.025469,74.125.68.0-255,5738,143084,69,183778
1202,0.025474,172.31.40.0-255,66,143150,69,183778
1203,0.027515,74.125.68.0-255,5738,148888,69,183778
1204,0.027523,172.31.40.0-255,66,148954,69,183778
1205,0.029575,74.125.68.0-255,5738,154692,69,183778
1206,0.029583,172.31.40.0-255,66,154758,69,183778
1207,0.03167,74.125.68.0-255,5738,160496,69,183778
1208,0.031677,172.31.40.0-255,66,160562,69,183778
1209,0.033716,74.125.68.0-255,5738,166300,69,183778
1210,0.033724,172.31.40.0-255,66,166366,69,183778
1211,0.035786,74.125.68.0-255,5738,172104,69,183778
1212,0.035794,172.31.40.0-255,66,172170,69,183778
1213,0.037827,74.125.68.0-255,5738,177908,69,183778
1214,0.037832,172.31.40.0-255,66,177974,69,183778
1215,0.039902,74.125.68.0-255,5738,183712,69,183778
1216,0.03991,172.31.40.0-255,66,183778,69,183778
1217,0.0,74.125.68.0-255,145,145,69,238748
1218,2.7e-05,172.31.40.0-255,66,211,69,238748
1219,3.3e-05,74.125.68.0-255,1484,1695,69,238748
1220,3.7e-05,172.31.40.0-255,66,1761,69,238748
1221,6.2e-05,74.125.68.0-255,2902,4663,69,238748
1222,6.5e-05,172.31.40.0-255,66,4729,69,238748
1223,7e-05,74.125.68.0-255,4320,9049,69,238748
1224,7.4e-05,172.31.40.0-255,66,9115,69,238748
1225,8.4e-05,74.125.68.0-255,1484,10599,69,238748
1226,8.7e-05,172.31.40.0-255,66,10665,69,238748
1227,9.2e-05,74.125.68.0-255,2902,13567,69,238748
1228,9.4e-05,172.31.40.0-255,66,13633,69,238748
1229,0.000111,74.125.68.0-255,681,14314,69,238748
1230,0.000113,172.31.40.0-255,66,14380,69,238748
1231,0.000252,74.125.68.0-255,1484,15864,69,238748
1232,0.000256,172.31.40.0-255,66,15930,69,238748
1233,0.000261,74.125.68.0-255,2902,18832,69,238748
1234,0.000263,172.31.40.0-255,66,18898,69,238748
1235,0.000282,74.125.68.0-255,2902,21800,69,238748
1236,0.000285,172.31.40.0-255,66,21866,69,238748
1237,0.000317,74.125.68.0-255,2902,24768,69,238748
1238,0.00032,172.31.40.0-255,66,24834,69,238748
1239,0.000331,74.125.68.0-255,1484,26318,69,238748
1240,0.000334,172.31.40.0-255,66,26384,69,238748
1241,0.000337,74.125.68.0-255,1484,27868,69,238748
1242,0.000339,172.31.40.0-255,66,27934,69,238748
1243,0.000344,74.125.68.0-255,2902,30836,69,238748
1244,0.000346,172.31.40.0-255,66,30902,69,238748
1245,0.00038,74.125.68.0-255,2543,33445,69,238748
1246,0.000384,172.31.40.0-255,66,33511,69,238748
1247,0.0004,74.125.68.0-255,2902,36413,69,238748
1248,0.000403,172.31.40.0-255,66,36479,69,238748
1249,0.00043,74.125.68.0-255,4320,40799,69,238748
1250,0.000434,172.31.40.0-255,66,40865,69,238748
1251,0.000454,74.125.68.0-255,2902,43767,69,238748
1252,0.000457,172.31.40.0-255,66,43833,69,238748
1253,0.000474,74.125.68.0-255,1484,45317,69,238748
1254,0.000492,74.125.68.0-255,3961,49278,69,238748
1255,0.000495,172.31.40.0-255,66,49344,69,238748
1256,0.000555,74.125.68.0-255,1484,50828,69,238748
1257,0.000561,74.125.68.0-255,2902,53730,69,238748
1258,0.000564,172.31.40.0-255,66,53796,69,238748
1259,0.000569,74.125.68.0-255,2902,56698,69,238748
1260,0.000571,172.31.40.0-255,66,56764,69,238748
1261,0.000588,74.125.68.0-255,2902,59666,69,238748
1262,0.00059,172.31.40.0-255,66,59732,69,238748
1263,0.000596,74.125.68.0-255,5738,65470,69,238748
1264,0.000598,172.31.40.0-255,66,65536,69,238748
1265,0.000632,74.125.68.0-255,1706,67242,69,238748
1266,0.000635,172.31.40.0-255,66,67308,69,238748
1267,0.000882,74.125.68.0-255,1484,68792,69,238748
1268,0.000899,74.125.68.0-255,2902,71694,69,238748
1269,0.000904,172.31.40.0-255,66,71760,69,238748
1270,0.000923,74.125.68.0-255,5738,77498,69,238748
1271,0.000926,172.31.40.0-255,66,77564,69,238748
1272,0.000944,74.125.68.0-255,4320,81884,69,238748
1273,0.000947,172.31.40.0-255,66,81950,69,238748
1274,0.000963,74.125.68.0-255,2902,84852,69,238748
1275,0.000967,172.31.40.0-255,66,84918,69,238748
1276,0.000978,172.31.40.0-255,66,84984,69,238748
1277,0.000992,74.125.68.0-255,2902,87886,69,238748
1278,0.000995,172.31.40.0-255,66,87952,69,238748
1279,0.001015,74.125.68.0-255,5020,92972,69,238748
1280,0.001018,172.31.40.0-255,66,93038,69,238748
1281,0.001224,74.125.68.0-255,1484,94522,69,238748
1282,0.001236,74.125.68.0-255,1484,96006,69,238748
1283,0.001239,172.31.40.0-255,66,96072,69,238748
1284,0.001254,74.125.68.0-255,1484,97556,69,238748
1285,0.001259,74.125.68.0-255,2902,100458,69,238748
1286,0.001261,172.31.40.0-255,66,100524,69,238748
1287,0.001281,74.125.68.0-255,1484,102008,69,238748
1288,0.001291,172.31.40.0-255,66,102074,69,238748
1289,0.001293,74.125.68.0-255,1484,103558,69,238748
1290,0.001309,74.125.68.0-255,5738,109296,69,238748
1291,0.001312,172.31.40.0-255,66,109362,69,238748
1292,0.001346,74.125.68.0-255,2902,112264,69,238748
1293,0.001348,172.31.40.0-255,66,112330,69,238748
1294,0.001362,74.125.68.0-255,5738,118068,69,238748
1295,0.001364,172.31.40.0-255,66,118134,69,238748
1296,0.001366,74.125.68.0-255,766,118900,69,238748
1297,0.002238,74.125.68.0-255,1484,120384,69,238748
1298,0.002241,172.31.40.0-255,66,120450,69,238748
1299,0.002255,74.125.68.0-255,2902,123352,69,238748
1300,0.002257,172.31.40.0-255,66,123418,69,238748
1301,0.002261,74.125.68.0-255,2902,126320,69,238748
1302,0.002263,172.31.40.0-255,66,126386,69,238748
1303,0.002288,74.125.68.0-255,4320,130706,69,238748
1304,0.002293,74.125.68.0-255,4320,135026,69,238748
1305,0.002312,74.125.68.0-255,4320,139346,69,238748
1306,0.002315,74.125.68.0-255,2902,142248,69,238748
1307,0.003347,172.31.40.0-255,66,142314,69,238748
1308,0.005629,74.125.68.0-255,5738,148052,69,238748
1309,0.005635,172.31.40.0-255,66,148118,69,238748
1310,0.007927,74.125.68.0-255,5738,153856,69,238748
1311,0.007934,172.31.40.0-255,66,153922,69,238748
1312,0.010228,74.125.68.0-255,5738,159660,69,238748
1313,0.010235,172.31.40.0-255,66,159726,69,238748
1314,0.012519,74.125.68.0-255,5738,165464,69,238748
1315,0.012544,172.31.40.0-255,66,165530,69,238748
1316,0.014838,74.125.68.0-255,5738,171268,69,238748
1317,0.014846,172.31.40.0-255,66,171334,69,238748
1318,0.01715,74.125.68.0-255,5738,177072,69,238748
1319,0.017162,172.31.40.0-255,66,177138,69,238748
1320,0.018439,172.31.40.0-255,167,177305,69,238748
1321,0.018479,172.31.40.0-255,1111,178416,69,238748
1322,0.018561,172.31.40.0-255,1514,179930,69,238748
1323,0.018563,172.31.40.0-255,1514,181444,69,238748
1324,0.018564,172.31.40.0-255,1514,182958,69,238748
1325,0.018565,172.31.40.0-255,1514,184472,69,238748
1326,0.018566,172.31.40.0-255,546,185018,69,238748
1327,0.019457,74.125.68.0-255,5738,190756,69,238748
1328,0.019462,172.31.40.0-255,66,190822,69,238748
1329,0.01997,104.244.42.0-255,66,190888,69,238748
1330,0.020062,104.244.42.0-255,66,190954,69,238748
1331,0.020148,104.244.42.0-255,66,191020,69,238748
1332,0.02015,104.244.42.0-255,66,191086,69,238748
1333,0.021628,104.244.42.0-255,108,191194,69,238748
1334,0.021647,172.31.40.0-255,66,191260,69,238748
1335,0.02175,74.125.68.0-255,2902,194162,69,238748
1336,0.021754,172.31.40.0-255,66,194228,69,238748
1337,0.021783,74.125.68.0-255,2902,197130,69,238748
1338,0.021786,172.31.40.0-255,66,197196,69,238748
1339,0.024029,74.125.68.0-255,2902,200098,69,238748
1340,0.024034,172.31.40.0-255,66,200164,69,238748
1341,0.024065,74.125.68.0-255,2902,203066,69,238748
1342,0.024068,172.31.40.0-255,66,203132,69,238748
1343,0.02632,74.125.68.0-255,2902,206034,69,238748
1344,0.026326,172.31.40.0-255,66,206100,69,238748
1345,0.026354,74.125.68.0-255,2902,209002,69,238748
1346,0.026356,172.31.40.0-255,66,209068,69,238748
1347,0.028609,74.125.68.0-255,2902,211970,69,238748
1348,0.028614,172.31.40.0-255,66,212036,69,238748
1349,0.028641,74.125.68.0-255,2902,214938,69,238748
1350,0.028644,172.31.40.0-255,66,215004,69,238748
1351,0.030897,74.125.68.0-255,2902,217906,69,238748
1352,0.030902,172.31.40.0-255,66,217972,69,238748
1353,0.030934,74.125.68.0-255,2902,220874,69,238748
1354,0.030937,172.31.40.0-255,66,220940,69,238748
1355,0.033183,74.125.68.0-255,2902,223842,69,238748
1356,0.033188,172.31.40.0-255,66,223908,69,238748
1357,0.033221,74.125.68.0-255,2902,226810,69,238748
1358,0.033224,172.31.40.0-255,66,226876,69,238748
1359,0.035472,74.125.68.0-255,2902,229778,69,238748
1360,0.035478,172.31.40.0-255,66,229844,69,238748
1361,0.035524,74.125.68.0-255,2902,232746,69,238748
1362,0.035528,172.31.40.0-255,66,232812,69,238748
1363,0.037769,74.125.68.0-255,2902,235714,69,238748
1364,0.037787,172.31.40.0-255,66,235780,69,238748
1365,0.037824,74.125.68.0-255,2902,238682,69,238748
1366,0.037827,172.31.40.0-255,66,238748,69,238748
1367,0.0,172.253.118.0-255,152,152,69,225525
1368,1.6e-05,172.31.40.0-255,66,218,69,225525
1369,2.3e-05,172.253.118.0-255,1484,1702,69,225525
1370,2.7e-05,172.31.40.0-255,66,1768,69,225525
1371,3.2e-05,172.253.118.0-255,2902,4670,69,225525
1372,4.4e-05,172.31.40.0-255,66,4736,69,225525
1373,5e-05,172.253.118.0-255,4320,9056,69,225525
1374,5.3e-05,172.31.40.0-255,66,9122,69,225525
1375,8.6e-05,172.253.118.0-255,2902,12024,69,225525
1376,8.8e-05,172.31.40.0-255,66,12090,69,225525
1377,9.3e-05,172.253.118.0-255,2141,14231,69,225525
1378,9.6e-05,172.31.40.0-255,66,14297,69,225525
1379,0.000205,172.253.118.0-255,1484,15781,69,225525
1380,0.000209,172.31.40.0-255,66,15847,69,225525
1381,0.000215,172.253.118.0-255,2902,18749,69,225525
1382,0.000217,172.31.40.0-255,66,18815,69,225525
1383,0.000228,172.253.118.0-255,4320,23135,69,225525
1384,0.000231,172.31.40.0-255,66,23201,69,225525
1385,0.000266,172.253.118.0-255,7156,30357,69,225525
1386,0.000269,172.31.40.0-255,66,30423,69,225525
1387,0.000297,172.253.118.0-255,2543,32966,69,225525
1388,0.000299,172.31.40.0-255,66,33032,69,225525
1389,0.000303,172.253.118.0-255,2902,35934,69,225525
1390,0.000305,172.31.40.0-255,66,36000,69,225525
1391,0.000324,172.31.40.0-255,66,36066,69,225525
1392,0.000337,172.31.40.0-255,66,36132,69,225525
1393,0.000388,172.253.118.0-255,3892,40024,69,225525
1394,0.000391,172.31.40.0-255,66,40090,69,225525
1395,0.00045,172.253.118.0-255,1484,41574,69,225525
1396,0.000453,172.31.40.0-255,66,41640,69,225525
1397,0.00048,172.253.118.0-255,2902,44542,69,225525
1398,0.000487,172.253.118.0-255,5738,50280,69,225525
1399,0.000534,172.253.118.0-255,5120,55400,69,225525
1400,0.000586,172.31.40.0-255,66,55466,69,225525
1401,0.000819,172.253.118.0-255,1484,56950,69,225525
1402,0.000846,172.253.118.0-255,2902,59852,69,225525
1403,0.000853,172.253.118.0-255,5738,65590,69,225525
1404,0.000859,172.31.40.0-255,66,65656,69,225525
1405,0.000892,172.253.118.0-255,2902,68558,69,225525
1406,0.000898,172.253.118.0-255,5738,74296,69,225525
1407,0.000916,172.31.40.0-255,66,74362,69,225525
1408,0.000935,172.253.118.0-255,2902,77264,69,225525
1409,0.000949,172.253.118.0-255,2184,79448,69,225525
1410,0.000958,172.31.40.0-255,66,79514,69,225525
1411,0.001634,172.253.118.0-255,1484,80998,69,225525
1412,0.001647,172.253.118.0-255,1484,82482,69,225525
1413,0.001651,172.31.40.0-255,66,82548,69,225525
1414,0.001684,172.253.118.0-255,1484,84032,69,225525
1415,0.001691,172.253.118.0-255,5738,89770,69,225525
1416,0.001704,172.253.118.0-255,1484,91254,69,225525
1417,0.001716,172.31.40.0-255,66,91320,69,225525
1418,0.001748,172.253.118.0-255,1484,92804,69,225525
1419,0.001783,172.31.40.0-255,66,92870,69,225525
1420,0.001842,172.253.118.0-255,1484,94354,69,225525
1421,0.001847,172.253.118.0-255,2902,97256,69,225525
1422,0.00186,172.31.40.0-255,66,97322,69,225525
1423,0.001865,172.253.118.0-255,2902,100224,69,225525
1424,0.001869,172.31.40.0-255,66,100290,69,225525
1425,0.001889,172.253.118.0-255,2902,103192,69,225525
1426,0.001906,172.253.118.0-255,5738,108930,69,225525
1427,0.001933,172.31.40.0-255,66,108996,69,225525
1428,0.001943,172.253.118.0-255,1484,110480,69,225525
1429,0.001965,172.253.118.0-255,3602,114082,69,225525
1430,0.001971,172.253.118.0-255,5738,119820,69,225525
1431,0.001987,172.31.40.0-255,66,119886,69,225525
1432,0.001992,172.253.118.0-255,2902,122788,69,225525
1433,0.001998,172.31.40.0-255,66,122854,69,225525
1434,0.002042,172.253.118.0-255,4320,127174,69,225525
1435,0.002046,172.253.118.0-255,2902,130076,69,225525
1436,0.002052,172.31.40.0-255,66,130142,69,225525
1437,0.00407,172.253.118.0-255,5738,135880,69,225525
1438,0.004077,172.31.40.0-255,66,135946,69,225525
1439,0.006083,172.253.118.0-255,5738,141684,69,225525
1440,0.008335,172.31.40.0-255,66,141750,69,225525
1441,0.010369,172.253.118.0-255,5738,147488,69,225525
1442,0.010376,172.31.40.0-255,66,147554,69,225525
1443,0.012392,172.253.118.0-255,5738,153292,69,225525
1444,0.013184,172.31.40.0-255,66,153358,69,225525
1445,0.015186,172.253.118.0-255,5738,159096,69,225525
1446,0.015194,172.31.40.0-255,66,159162,69,225525
1447,0.017226,172.253.118.0-255,5738,164900,69,225525
1448,0.02085,172.31.40.0-255,66,164966,69,225525
1449,0.022881,172.253.118.0-255,5738,170704,69,225525
1450,0.022899,172.31.40.0-255,66,170770,69,225525
1451,0.024932,172.253.118.0-255,5738,176508,69,225525
1452,0.024939,172.31.40.0-255,66,176574,69,225525
1453,0.026978,172.253.118.0-255,5738,182312,69,225525
1454,0.026986,172.31.40.0-255,66,182378,69,225525
1455,0.028999,172.253.118.0-255,5738,188116,69,225525
1456,0.029006,172.31.40.0-255,66,188182,69,225525
1457,0.031011,172.253.118.0-255,5738,193920,69,225525
1458,0.031019,172.31.40.0-255,66,193986,69,225525
1459,0.033029,172.253.118.0-255,5738,199724,69,225525
1460,0.033036,172.31.40.0-255,66,199790,69,225525
1461,0.034448,172.31.40.0-255,172,199962,69,225525
1462,0.034482,172.31.40.0-255,1111,201073,69,225525
1463,0.034547,172.31.40.0-255,1514,202587,69,225525
1464,0.034549,172.31.40.0-255,1514,204101,69,225525
1465,0.03455,172.31.40.0-255,1514,205615,69,225525
1466,0.034551,172.31.40.0-255,1514,207129,69,225525
1467,0.034552,172.31.40.0-255,546,207675,69,225525
1468,0.035054,172.253.118.0-255,5738,213413,69,225525
1469,0.035061,172.31.40.0-255,66,213479,69,225525
1470,0.036058,104.244.42.0-255,66,213545,69,225525
1471,0.036086,104.244.42.0-255,66,213611,69,225525
1472,0.036139,104.244.42.0-255,66,213677,69,225525
1473,0.036152,104.244.42.0-255,66,213743,69,225525
1474,0.036758,104.244.42.0-255,108,213851,69,225525
1475,0.036765,172.31.40.0-255,66,213917,69,225525
1476,0.037068,172.253.118.0-255,5738,219655,69,225525
1477,0.037072,172.31.40.0-255,66,219721,69,225525
1478,0.039105,172.253.118.0-255,5738,225459,69,225525
1479,0.039111,172.31.40.0-255,66,225525,69,225525
1480,0.0,172.217.194.0-255,146,146,69,264727
1481,1.6e-05,172.31.40.0-255,66,212,69,264727
1482,2.2e-05,172.217.194.0-255,1484,1696,69,264727
1483,2.6e-05,172.31.40.0-255,66,1762,69,264727
1484,3.1e-05,172.217.194.0-255,2902,4664,69,264727
1485,3.3e-05,172.31.40.0-255,66,4730,69,264727
1486,4.7e-05,172.217.194.0-255,5738,10468,69,264727
1487,5e-05,172.31.40.0-255,66,10534,69,264727
1488,8.2e-05,172.217.194.0-255,3449,13983,69,264727
1489,8.5e-05,172.31.40.0-255,66,14049,69,264727
1490,0.000286,172.217.194.0-255,1484,15533,69,264727
1491,0.000291,172.31.40.0-255,66,15599,69,264727
1492,0.000296,172.217.194.0-255,2902,18501,69,264727
1493,0.000298,172.31.40.0-255,66,18567,69,264727
1494,0.000339,172.217.194.0-255,5738,24305,69,264727
1495,0.000342,172.31.40.0-255,66,24371,69,264727
1496,0.000348,172.217.194.0-255,6797,31168,69,264727
1497,0.00035,172.31.40.0-255,66,31234,69,264727
1498,0.000422,172.217.194.0-255,1484,32718,69,264727
1499,0.000425,172.31.40.0-255,66,32784,69,264727
1500,0.00043,172.217.194.0-255,2902,35686,69,264727
1501,0.000431,172.31.40.0-255,66,35752,69,264727
1502,0.00046,172.217.194.0-255,5738,41490,69,264727
1503,0.000463,172.31.40.0-255,66,41556,69,264727
1504,0.000466,172.217.194.0-255,1484,43040,69,264727
1505,0.000467,172.31.40.0-255,66,43106,69,264727
1506,0.0005,172.31.40.0-255,66,43172,69,264727
1507,0.000525,172.217.194.0-255,4320,47492,69,264727
1508,0.000528,172.31.40.0-255,66,47558,69,264727
1509,0.000551,172.217.194.0-255,2902,50460,69,264727
1510,0.000553,172.31.40.0-255,66,50526,69,264727
1511,0.000557,172.217.194.0-255,2817,53343,69,264727
1512,0.000559,172.31.40.0-255,66,53409,69,264727
1513,0.000584,172.217.194.0-255,118,53527,69,264727
1514,0.000586,172.31.40.0-255,66,53593,69,264727
1515,0.00066,172.217.194.0-255,381,53974,69,264727
1516,0.000663,172.31.40.0-255,66,54040,69,264727
1517,0.000996,172.217.194.0-255,1484,55524,69,264727
1518,0.001,172.31.40.0-255,66,55590,69,264727
1519,0.001005,172.217.194.0-255,2902,58492,69,264727
1520,0.001007,172.31.40.0-255,66,58558,69,264727
1521,0.001012,172.217.194.0-255,4320,62878,69,264727
1522,0.001013,172.31.40.0-255,66,62944,69,264727
1523,0.00105,172.217.194.0-255,1484,64428,69,264727
1524,0.001052,172.31.40.0-255,66,64494,69,264727
1525,0.001066,172.31.40.0-255,66,64560,69,264727
1526,0.001097,172.217.194.0-255,7156,71716,69,264727
1527,0.001099,172.31.40.0-255,66,71782,69,264727
1528,0.001122,172.217.194.0-255,2902,74684,69,264727
1529,0.001124,172.31.40.0-255,66,74750,69,264727
1530,0.001126,172.217.194.0-255,766,75516,69,264727
1531,0.001128,172.31.40.0-255,66,75582,69,264727
1532,0.001343,172.217.194.0-255,1484,77066,69,264727
1533,0.001346,172.31.40.0-255,66,77132,69,264727
1534,0.001351,172.217.194.0-255,2902,80034,69,264727
1535,0.001353,172.31.40.0-255,66,80100,69,264727
1536,0.001372,172.217.194.0-255,4320,84420,69,264727
1537,0.001373,172.31.40.0-255,66,84486,69,264727
1538,0.001391,172.217.194.0-255,1484,85970,69,264727
1539,0.001393,172.31.40.0-255,66,86036,69,264727
1540,0.001399,172.217.194.0-255,5738,91774,69,264727
1541,0.001401,172.31.40.0-255,66,91840,69,264727
1542,0.001427,172.217.194.0-255,7156,98996,69,264727
1543,0.001429,172.31.40.0-255,66,99062,69,264727
1544,0.001448,172.217.194.0-255,4320,103382,69,264727
1545,0.001474,172.217.194.0-255,6438,109820,69,264727
1546,0.001477,172.31.40.0-255,66,109886,69,264727
1547,0.001481,172.31.40.0-255,66,109952,69,264727
1548,0.001973,172.217.194.0-255,1484,111436,69,264727
1549,0.001978,172.31.40.0-255,66,111502,69,264727
1550,0.001986,172.217.194.0-255,2902,114404,69,264727
1551,0.001988,172.31.40.0-255,66,114470,69,264727
1552,0.001998,172.217.194.0-255,5738,120208,69,264727
1553,0.002041,172.217.194.0-255,1484,121692,69,264727
1554,0.002086,172.217.194.0-255,7156,128848,69,264727
1555,0.002106,172.217.194.0-255,3602,132450,69,264727
1556,0.002143,172.217.194.0-255,1484,133934,69,264727
1557,0.002147,172.217.194.0-255,2902,136836,69,264727
1558,0.002163,172.217.194.0-255,1484,138320,69,264727
1559,0.002178,172.217.194.0-255,2902,141222,69,264727
1560,0.00218,172.217.194.0-255,1484,142706,69,264727
1561,0.002201,172.217.194.0-255,4320,147026,69,264727
1562,0.002215,172.217.194.0-255,4320,151346,69,264727
1563,0.002233,172.217.194.0-255,7156,158502,69,264727
1564,0.002266,172.217.194.0-255,5738,164240,69,264727
1565,0.002276,172.217.194.0-255,2184,166424,69,264727
1566,0.002634,172.217.194.0-255,1484,167908,69,264727
1567,0.002641,172.217.194.0-255,2902,170810,69,264727
1568,0.002644,172.217.194.0-255,1484,172294,69,264727
1569,0.002662,172.217.194.0-255,4320,176614,69,264727
1570,0.002673,172.217.194.0-255,2902,179516,69,264727
1571,0.002689,172.217.194.0-255,5738,185254,69,264727
1572,0.002698,172.217.194.0-255,1484,186738,69,264727
1573,0.002708,172.217.194.0-255,1484,188222,69,264727
1574,0.00272,172.217.194.0-255,2902,191124,69,264727
1575,0.002731,172.217.194.0-255,2902,194026,69,264727
1576,0.006397,172.31.40.0-255,66,194092,69,264727
1577,0.009078,172.217.194.0-255,4320,198412,69,264727
1578,0.009084,172.31.40.0-255,66,198478,69,264727
1579,0.009111,172.217.194.0-255,1484,199962,69,264727
1580,0.011777,172.217.194.0-255,4320,204282,69,264727
1581,0.015296,172.31.40.0-255,66,204348,69,264727
1582,0.017966,172.217.194.0-255,5738,210086,69,264727
1583,0.017978,172.31.40.0-255,66,210152,69,264727
1584,0.020679,172.217.194.0-255,5738,215890,69,264727
1585,0.020687,172.31.40.0-255,66,215956,69,264727
1586,0.023352,172.217.194.0-255,5738,221694,69,264727
1587,0.023359,172.31.40.0-255,66,221760,69,264727
1588,0.024875,172.31.40.0-255,167,221927,69,264727
1589,0.024903,172.31.40.0-255,1116,223043,69,264727
1590,0.024955,172.31.40.0-255,1514,224557,69,264727
1591,0.024957,172.31.40.0-255,1514,226071,69,264727
1592,0.024958,172.31.40.0-255,1514,227585,69,264727
1593,0.024959,172.31.40.0-255,1514,229099,69,264727
1594,0.02496,172.31.40.0-255,540,229639,69,264727
1595,0.026035,172.217.194.0-255,5738,235377,69,264727
1596,0.026042,172.31.40.0-255,66,235443,69,264727
1597,0.026434,104.244.42.0-255,66,235509,69,264727
1598,0.026477,104.244.42.0-255,66,235575,69,264727
1599,0.026531,104.244.42.0-255,66,235641,69,264727
1600,0.026544,104.244.42.0-255,66,235707,69,264727
1601,0.0287,172.217.194.0-255,5738,241445,69,264727
1602,0.028705,172.31.40.0-255,66,241511,69,264727
1603,0.031364,172.217.194.0-255,5738,247249,69,264727
1604,0.031369,172.31.40.0-255,66,247315,69,264727
1605,0.034032,172.217.194.0-255,5738,253053,69,264727
1606,0.034039,172.31.40.0-255,66,253119,69,264727
1607,0.036693,172.217.194.0-255,5738,258857,69,264727
1608,0.0367,172.31.40.0-255,66,258923,69,264727
1609,0.039357,172.217.194.0-255,5738,264661,69,264727
1610,0.039363,172.31.40.0-255,66,264727,69,264727
1611,0.0,74.125.24.0-255,153,153,69,233257
1612,1.8e-05,172.31.40.0-255,66,219,69,233257
1613,2.5e-05,74.125.24.0-255,1484,1703,69,233257
1614,2.9e-05,172.31.40.0-255,66,1769,69,233257
1615,3.3e-05,74.125.24.0-255,1484,3253,69,233257
1616,3.5e-05,172.31.40.0-255,66,3319,69,233257
1617,5.4e-05,74.125.24.0-255,1484,4803,69,233257
1618,5.6e-05,172.31.40.0-255,66,4869,69,233257
1619,6.3e-05,74.125.24.0-255,5738,10607,69,233257
1620,6.6e-05,172.31.40.0-255,66,10673,69,233257
1621,7.1e-05,74.125.24.0-255,6355,17028,69,233257
1622,7.4e-05,172.31.40.0-255,66,17094,69,233257
1623,9.3e-05,74.125.24.0-255,4320,21414,69,233257
1624,9.6e-05,172.31.40.0-255,66,21480,69,233257
1625,0.000131,172.31.40.0-255,66,21546,69,233257
1626,0.000135,74.125.24.0-255,2902,24448,69,233257
1627,0.000137,172.31.40.0-255,66,24514,69,233257
1628,0.000141,74.125.24.0-255,4320,28834,69,233257
1629,0.000143,172.31.40.0-255,66,28900,69,233257
1630,0.000146,74.125.24.0-255,1484,30384,69,233257
1631,0.000148,172.31.40.0-255,66,30450,69,233257
1632,0.000174,74.125.24.0-255,7156,37606,69,233257
1633,0.000176,172.31.40.0-255,66,37672,69,233257
1634,0.000178,74.125.24.0-255,1125,38797,69,233257
1635,0.00018,172.31.40.0-255,66,38863,69,233257
1636,0.000265,74.125.24.0-255,1484,40347,69,233257
1637,0.000267,172.31.40.0-255,66,40413,69,233257
1638,0.000272,74.125.24.0-255,2902,43315,69,233257
1639,0.000274,172.31.40.0-255,66,43381,69,233257
1640,0.000277,74.125.24.0-255,1484,44865,69,233257
1641,0.000278,172.31.40.0-255,66,44931,69,233257
1642,0.00031,74.125.24.0-255,4320,49251,69,233257
1643,0.000337,74.125.24.0-255,7090,56341,69,233257
1644,0.000469,172.31.40.0-255,66,56407,69,233257
1645,0.000527,74.125.24.0-255,134,56541,69,233257
1646,0.000531,74.125.24.0-255,346,56887,69,233257
1647,0.000782,74.125.24.0-255,1484,58371,69,233257
1648,0.000788,74.125.24.0-255,2902,61273,69,233257
1649,0.000793,172.31.40.0-255,66,61339,69,233257
1650,0.000802,74.125.24.0-255,1484,62823,69,233257
1651,0.000819,74.125.24.0-255,4320,67143,69,233257
1652,0.000829,172.31.40.0-255,66,67209,69,233257
1653,0.000841,74.125.24.0-255,7156,74365,69,233257
1654,0.000845,172.31.40.0-255,66,74431,69,233257
1655,0.000861,74.125.24.0-255,5738,80169,69,233257
1656,0.00089,172.31.40.0-255,66,80235,69,233257
1657,0.000915,74.125.24.0-255,1484,81719,69,233257
1658,0.00093,74.125.24.0-255,2902,84621,69,233257
1659,0.000942,172.31.40.0-255,66,84687,69,233257
1660,0.000947,74.125.24.0-255,4320,89007,69,233257
1661,0.000951,172.31.40.0-255,66,89073,69,233257
1662,0.000965,74.125.24.0-255,1484,90557,69,233257
1663,0.00097,74.125.24.0-255,4320,94877,69,233257
1664,0.000988,74.125.24.0-255,4320,99197,69,233257
1665,0.000992,172.31.40.0-255,66,99263,69,233257
1666,0.001023,74.125.24.0-255,7156,106419,69,233257
1667,0.001043,172.31.40.0-255,66,106485,69,233257
1668,0.001137,74.125.24.0-255,1484,107969,69,233257
1669,0.001153,74.125.24.0-255,2902,110871,69,233257
1670,0.001162,172.31.40.0-255,66,110937,69,233257
1671,0.001187,74.125.24.0-255,5738,116675,69,233257
1672,0.001195,172.31.40.0-255,66,116741,69,233257
1673,0.001202,74.125.24.0-255,1484,118225,69,233257
1674,0.001232,74.125.24.0-255,4320,122545,69,233257
1675,0.001245,74.125.24.0-255,1484,124029,69,233257
1676,0.00125,172.31.40.0-255,66,124095,69,233257
1677,0.001289,74.125.24.0-255,5020,129115,69,233257
1678,0.001303,172.31.40.0-255,66,129181,69,233257
1679,0.001323,74.125.24.0-255,1484,130665,69,233257
1680,0.001335,74.125.24.0-255,1484,132149,69,233257
1681,0.001341,172.31.40.0-255,66,132215,69,233257
1682,0.001351,74.125.24.0-255,1484,133699,69,233257
1683,0.001367,74.125.24.0-255,5738,139437,69,233257
1684,0.001375,74.125.24.0-255,7156,146593,69,233257
1685,0.001405,74.125.24.0-255,7156,153749,69,233257
1686,0.00141,172.31.40.0-255,66,153815,69,233257
1687,0.001446,74.125.24.0-255,7156,160971,69,233257
1688,0.001451,74.125.24.0-255,2184,163155,69,233257
1689,0.001499,172.31.40.0-255,66,163221,69,233257
1690,0.001665,74.125.24.0-255,1484,164705,69,233257
1691,0.001669,74.125.24.0-255,1484,166189,69,233257
1692,0.001676,172.31.40.0-255,66,166255,69,233257
1693,0.001685,74.125.24.0-255,1484,167739,69,233257
1694,0.001697,74.125.24.0-255,5738,173477,69,233257
1695,0.001709,74.125.24.0-255,2902,176379,69,233257
1696,0.001742,172.31.40.0-255,66,176445,69,233257
1697,0.001748,172.31.40.0-255,66,176511,69,233257
1698,0.001802,172.31.40.0-255,66,176577,69,233257
1699,0.001866,172.31.40.0-255,66,176643,69,233257
1700,0.001875,74.125.24.0-255,1484,178127,69,233257
1701,0.001922,172.31.40.0-255,66,178193,69,233257
1702,0.00197,172.31.40.0-255,66,178259,69,233257
1703,0.001981,74.125.24.0-255,2902,181161,69,233257
1704,0.002013,74.125.24.0-255,5738,186899,69,233257
1705,0.002029,172.31.40.0-255,66,186965,69,233257
1706,0.002078,172.31.40.0-255,66,187031,69,233257
1707,0.002092,74.125.24.0-255,5020,192051,69,233257
1708,0.002117,74.125.24.0-255,7156,199207,69,233257
1709,0.002124,172.31.40.0-255,66,199273,69,233257
1710,0.002131,74.125.24.0-255,1484,200757,69,233257
1711,0.002163,74.125.24.0-255,1484,202241,69,233257
1712,0.002246,172.31.40.0-255,66,202307,69,233257
1713,0.002267,74.125.24.0-255,4320,206627,69,233257
1714,0.002281,74.125.24.0-255,4320,210947,69,233257
1715,0.002284,172.31.40.0-255,66,211013,69,233257
1716,0.002294,74.125.24.0-255,3602,214615,69,233257
1717,0.002315,74.125.24.0-255,5738,220353,69,233257
1718,0.00233,74.125.24.0-255,3455,223808,69,233257
1719,0.002337,172.31.40.0-255,66,223874,69,233257
1720,0.002361,74.125.24.0-255,105,223979,69,233257
1721,0.009965,172.31.40.0-255,66,224045,69,233257
1722,0.010004,172.31.40.0-255,105,224150,69,233257
1723,0.01258,74.125.24.0-255,66,224216,69,233257
1724,0.033944,172.31.40.0-255,172,224388,69,233257
1725,0.03397,172.31.40.0-255,1114,225502,69,233257
1726,0.034047,172.31.40.0-255,1514,227016,69,233257
1727,0.034049,172.31.40.0-255,1514,228530,69,233257
1728,0.03405,172.31.40.0-255,1514,230044,69,233257
1729,0.034055,172.31.40.0-255,1514,231558,69,233257
1730,0.034056,172.31.40.0-255,1501,233059,69,233257
1731,0.035484,104.244.42.0-255,66,233125,69,233257
1732,0.035542,104.244.42.0-255,66,233191,69,233257
1733,0.035649,104.244.42.0-255,66,233257,69,233257
1734,0.0,74.125.24.0-255,146,146,69,214636
1735,1.5e-05,172.31.40.0-255,66,212,69,214636
1736,2.1e-05,74.125.24.0-255,1484,1696,69,214636
1737,2.5e-05,172.31.40.0-255,66,1762,69,214636
1738,3e-05,74.125.24.0-255,2902,4664,69,214636
1739,3.3e-05,172.31.40.0-255,66,4730,69,214636
1740,7e-05,74.125.24.0-255,7156,11886,69,214636
1741,7.4e-05,172.31.40.0-255,66,11952,69,214636
1742,7.8e-05,74.125.24.0-255,2076,14028,69,214636
1743,8e-05,172.31.40.0-255,66,14094,69,214636
1744,0.000151,74.125.24.0-255,1484,15578,69,214636
1745,0.000154,172.31.40.0-255,66,15644,69,214636
1746,0.000158,74.125.24.0-255,1484,17128,69,214636
1747,0.00016,172.31.40.0-255,66,17194,69,214636
1748,0.000173,74.125.24.0-255,1484,18678,69,214636
1749,0.000176,172.31.40.0-255,66,18744,69,214636
1750,0.000183,74.125.24.0-255,5738,24482,69,214636
1751,0.000186,172.31.40.0-255,66,24548,69,214636
1752,0.000215,172.31.40.0-255,66,24614,69,214636
1753,0.00022,74.125.24.0-255,2902,27516,69,214636
1754,0.000223,172.31.40.0-255,66,27582,69,214636
1755,0.000245,74.125.24.0-255,5738,33320,69,214636
1756,0.000248,172.31.40.0-255,66,33386,69,214636
1757,0.000279,74.125.24.0-255,6797,40183,69,214636
1758,0.000281,172.31.40.0-255,66,40249,69,214636
1759,0.000381,74.125.24.0-255,1484,41733,69,214636
1760,0.000385,172.31.40.0-255,66,41799,69,214636
1761,0.000389,74.125.24.0-255,1484,43283,69,214636
1762,0.000391,172.31.40.0-255,66,43349,69,214636
1763,0.000405,74.125.24.0-255,1484,44833,69,214636
1764,0.000408,172.31.40.0-255,66,44899,69,214636
1765,0.000414,74.125.24.0-255,5738,50637,69,214636
1766,0.000417,172.31.40.0-255,66,50703,69,214636
1767,0.000419,74.125.24.0-255,1484,52187,69,214636
1768,0.000458,74.125.24.0-255,5711,57898,69,214636
1769,0.000477,172.31.40.0-255,66,57964,69,214636
1770,0.000515,74.125.24.0-255,347,58311,69,214636
1771,0.000955,74.125.24.0-255,1484,59795,69,214636
1772,0.000961,74.125.24.0-255,2902,62697,69,214636
1773,0.000963,74.125.24.0-255,1484,64181,69,214636
1774,0.000968,172.31.40.0-255,66,64247,69,214636
1775,0.000988,74.125.24.0-255,4320,68567,69,214636
1776,0.000996,74.125.24.0-255,7156,75723,69,214636
1777,0.001005,172.31.40.0-255,66,75789,69,214636
1778,0.001017,74.125.24.0-255,5738,81527,69,214636
1779,0.001021,74.125.24.0-255,2902,84429,69,214636
1780,0.001025,172.31.40.0-255,66,84495,69,214636
1781,0.001059,172.31.40.0-255,66,84561,69,214636
1782,0.001852,74.125.24.0-255,1484,86045,69,214636
1783,0.00186,172.31.40.0-255,66,86111,69,214636
1784,0.001869,74.125.24.0-255,2902,89013,69,214636
1785,0.001901,74.125.24.0-255,5738,94751,69,214636
1786,0.001904,74.125.24.0-255,1484,96235,69,214636
1787,0.00191,74.125.24.0-255,5738,101973,69,214636
1788,0.001934,74.125.24.0-255,7156,109129,69,214636
1789,0.001955,74.125.24.0-255,2902,112031,69,214636
1790,0.001971,74.125.24.0-255,6438,118469,69,214636
1791,0.006152,172.31.40.0-255,66,118535,69,214636
1792,0.008246,74.125.24.0-255,5738,124273,69,214636
1793,0.008253,172.31.40.0-255,66,124339,69,214636
1794,0.01032,74.125.24.0-255,5738,130077,69,214636
1795,0.012938,172.31.40.0-255,66,130143,69,214636
1796,0.015012,74.125.24.0-255,5738,135881,69,214636
1797,0.015023,172.31.40.0-255,66,135947,69,214636
1798,0.017086,74.125.24.0-255,5738,141685,69,214636
1799,0.017093,172.31.40.0-255,66,141751,69,214636
1800,0.01916,74.125.24.0-255,5738,147489,69,214636
1801,0.019166,172.31.40.0-255,66,147555,69,214636
1802,0.02121,74.125.24.0-255,5738,153293,69,214636
1803,0.021218,172.31.40.0-255,66,153359,69,214636
1804,0.023325,74.125.24.0-255,5738,159097,69,214636
1805,0.023334,172.31.40.0-255,66,159163,69,214636
1806,0.025406,74.125.24.0-255,5738,164901,69,214636
1807,0.025414,172.31.40.0-255,66,164967,69,214636
1808,0.027458,74.125.24.0-255,5738,170705,69,214636
1809,0.027466,172.31.40.0-255,66,170771,69,214636
1810,0.029509,74.125.24.0-255,5738,176509,69,214636
1811,0.029517,172.31.40.0-255,66,176575,69,214636
1812,0.030703,172.31.40.0-255,172,176747,69,214636
1813,0.030737,172.31.40.0-255,1116,177863,69,214636
1814,0.030798,172.31.40.0-255,1514,179377,69,214636
1815,0.0308,172.31.40.0-255,1514,180891,69,214636
1816,0.030801,172.31.40.0-255,1514,182405,69,214636
1817,0.030802,172.31.40.0-255,1514,183919,69,214636
1818,0.030836,172.31.40.0-255,1499,185418,69,214636
1819,0.031569,74.125.24.0-255,5738,191156,69,214636
1820,0.031576,172.31.40.0-255,66,191222,69,214636
1821,0.032225,104.244.42.0-255,66,191288,69,214636
1822,0.03235,104.244.42.0-255,66,191354,69,214636
1823,0.03241,104.244.42.0-255,66,191420,69,214636
1824,0.0336,74.125.24.0-255,5738,197158,69,214636
1825,0.033607,172.31.40.0-255,66,197224,69,214636
1826,0.035661,74.125.24.0-255,5738,202962,69,214636
1827,0.035668,172.31.40.0-255,66,203028,69,214636
1828,0.037691,74.125.24.0-255,5738,208766,69,214636
1829,0.037697,172.31.40.0-255,66,208832,69,214636
1830,0.039727,74.125.24.0-255,5738,214570,69,214636
1831,0.039733,172.31.40.0-255,66,214636,69,214636
1832,0.0,74.125.200.0-255,153,153,69,258221
1833,1.2e-05,172.31.40.0-255,66,219,69,258221
1834,1.8e-05,74.125.200.0-255,1484,1703,69,258221
1835,2.3e-05,172.31.40.0-255,66,1769,69,258221
1836,2.6e-05,74.125.200.0-255,1484,3253,69,258221
1837,2.8e-05,172.31.40.0-255,66,3319,69,258221
1838,5.3e-05,74.125.200.0-255,1484,4803,69,258221
1839,5.5e-05,172.31.40.0-255,66,4869,69,258221
1840,6.3e-05,74.125.200.0-255,4320,9189,69,258221
1841,6.9e-05,172.31.40.0-255,66,9255,69,258221
1842,9.2e-05,74.125.200.0-255,2902,12157,69,258221
1843,9.4e-05,172.31.40.0-255,66,12223,69,258221
1844,0.000116,74.125.200.0-255,2039,14262,69,258221
1845,0.000118,172.31.40.0-255,66,14328,69,258221
1846,0.000123,74.125.200.0-255,2902,17230,69,258221
1847,0.000125,172.31.40.0-255,66,17296,69,258221
1848,0.000149,74.125.200.0-255,4320,21616,69,258221
1849,0.000152,172.31.40.0-255,66,21682,69,258221
1850,0.000182,74.125.200.0-255,2902,24584,69,258221
1851,0.000185,172.31.40.0-255,66,24650,69,258221
1852,0.000191,74.125.200.0-255,5738,30388,69,258221
1853,0.000193,172.31.40.0-255,66,30454,69,258221
1854,0.000215,74.125.200.0-255,1125,31579,69,258221
1855,0.000217,172.31.40.0-255,66,31645,69,258221
1856,0.000235,74.125.200.0-255,1484,33129,69,258221
1857,0.000237,172.31.40.0-255,66,33195,69,258221
1858,0.000239,74.125.200.0-255,1484,34679,69,258221
1859,0.000241,172.31.40.0-255,66,34745,69,258221
1860,0.000264,74.125.200.0-255,2902,37647,69,258221
1861,0.000269,172.31.40.0-255,66,37713,69,258221
1862,0.000276,74.125.200.0-255,7156,44869,69,258221
1863,0.000278,172.31.40.0-255,66,44935,69,258221
1864,0.000305,74.125.200.0-255,1484,46419,69,258221
1865,0.000319,74.125.200.0-255,2543,48962,69,258221
1866,0.000321,172.31.40.0-255,66,49028,69,258221
1867,0.000686,74.125.200.0-255,1484,50512,69,258221
1868,0.000702,74.125.200.0-255,2902,53414,69,258221
1869,0.000706,172.31.40.0-255,66,53480,69,258221
1870,0.00071,74.125.200.0-255,1484,54964,69,258221
1871,0.000736,74.125.200.0-255,4320,59284,69,258221
1872,0.00074,74.125.200.0-255,2902,62186,69,258221
1873,0.000743,172.31.40.0-255,66,62252,69,258221
1874,0.000746,172.31.40.0-255,66,62318,69,258221
1875,0.000817,74.125.200.0-255,1484,63802,69,258221
1876,0.000836,74.125.200.0-255,3122,66924,69,258221
1877,0.000839,172.31.40.0-255,66,66990,69,258221
1878,0.000912,74.125.200.0-255,1484,68474,69,258221
1879,0.000921,74.125.200.0-255,1484,69958,69,258221
1880,0.000924,172.31.40.0-255,66,70024,69,258221
1881,0.000953,74.125.200.0-255,1484,71508,69,258221
1882,0.000959,74.125.200.0-255,5738,77246,69,258221
1883,0.000961,172.31.40.0-255,66,77312,69,258221
1884,0.000966,74.125.200.0-255,4320,81632,69,258221
1885,0.000968,172.31.40.0-255,66,81698,69,258221
1886,0.000971,74.125.200.0-255,2543,84241,69,258221
1887,0.000973,172.31.40.0-255,66,84307,69,258221
1888,0.001015,74.125.200.0-255,2902,87209,69,258221
1889,0.001017,172.31.40.0-255,66,87275,69,258221
1890,0.001048,74.125.200.0-255,4320,91595,69,258221
1891,0.00105,172.31.40.0-255,66,91661,69,258221
1892,0.001057,74.125.200.0-255,7156,98817,69,258221
1893,0.001059,172.31.40.0-255,66,98883,69,258221
1894,0.001084,74.125.200.0-255,1484,100367,69,258221
1895,0.001087,74.125.200.0-255,1125,101492,69,258221
1896,0.001089,172.31.40.0-255,66,101558,69,258221
1897,0.001144,74.125.200.0-255,1484,103042,69,258221
1898,0.001162,74.125.200.0-255,2902,105944,69,258221
1899,0.001164,172.31.40.0-255,66,106010,69,258221
1900,0.001194,74.125.200.0-255,5738,111748,69,258221
1901,0.001196,172.31.40.0-255,66,111814,69,258221
1902,0.0012,74.125.200.0-255,2902,114716,69,258221
1903,0.001202,172.31.40.0-255,66,114782,69,258221
1904,0.001222,74.125.200.0-255,2902,117684,69,258221
1905,0.001224,172.31.40.0-255,66,117750,69,258221
1906,0.001258,74.125.200.0-255,4320,122070,69,258221
1907,0.001263,172.31.40.0-255,66,122136,69,258221
1908,0.001265,172.31.40.0-255,66,122202,69,258221
1909,0.001299,172.31.40.0-255,66,122268,69,258221
1910,0.001319,74.125.200.0-255,4320,126588,69,258221
1911,0.001321,172.31.40.0-255,66,126654,69,258221
1912,0.001327,74.125.200.0-255,5020,131674,69,258221
1913,0.001329,172.31.40.0-255,66,131740,69,258221
1914,0.00208,74.125.200.0-255,1484,133224,69,258221
1915,0.002091,74.125.200.0-255,2902,136126,69,258221
1916,0.002095,172.31.40.0-255,66,136192,69,258221
1917,0.0021,74.125.200.0-255,1484,137676,69,258221
1918,0.002127,74.125.200.0-255,4320,141996,69,258221
1919,0.002129,172.31.40.0-255,66,142062,69,258221
1920,0.002176,74.125.200.0-255,5738,147800,69,258221
1921,0.002179,172.31.40.0-255,66,147866,69,258221
1922,0.002188,74.125.200.0-255,7156,155022,69,258221
1923,0.00219,172.31.40.0-255,66,155088,69,258221
1924,0.002201,74.125.200.0-255,4320,159408,69,258221
1925,0.002203,172.31.40.0-255,66,159474,69,258221
1926,0.002258,74.125.200.0-255,5738,165212,69,258221
1927,0.002261,172.31.40.0-255,66,165278,69,258221
1928,0.002264,74.125.200.0-255,766,166044,69,258221
1929,0.004095,172.31.40.0-255,66,166110,69,258221
1930,0.004674,74.125.200.0-255,4320,170430,69,258221
1931,0.004679,172.31.40.0-255,66,170496,69,258221
1932,0.006531,74.125.200.0-255,1484,171980,69,258221
1933,0.007096,74.125.200.0-255,4320,176300,69,258221
1934,0.007101,172.31.40.0-255,66,176366,69,258221
1935,0.009594,74.125.200.0-255,5738,182104,69,258221
1936,0.009601,172.31.40.0-255,66,182170,69,258221
1937,0.012014,74.125.200.0-255,5738,187908,69,258221
1938,0.012022,172.31.40.0-255,66,187974,69,258221
1939,0.014437,74.125.200.0-255,5738,193712,69,258221
1940,0.014445,172.31.40.0-255,66,193778,69,258221
1941,0.016853,74.125.200.0-255,4320,198098,69,258221
1942,0.01686,172.31.40.0-255,66,198164,69,258221
1943,0.016887,74.125.200.0-255,1484,199648,69,258221
1944,0.019291,74.125.200.0-255,4320,203968,69,258221
1945,0.0193,172.31.40.0-255,66,204034,69,258221
1946,0.021748,74.125.200.0-255,4320,208354,69,258221
1947,0.021756,172.31.40.0-255,66,208420,69,258221
1948,0.021787,74.125.200.0-255,1484,209904,69,258221
1949,0.024172,74.125.200.0-255,4320,214224,69,258221
1950,0.024181,172.31.40.0-255,66,214290,69,258221
1951,0.026601,74.125.200.0-255,5738,220028,69,258221
1952,0.026609,172.31.40.0-255,66,220094,69,258221
1953,0.029039,74.125.200.0-255,5738,225832,69,258221
1954,0.029047,172.31.40.0-255,66,225898,69,258221
1955,0.029974,172.31.40.0-255,172,226070,69,258221
1956,0.030003,172.31.40.0-255,1116,227186,69,258221
1957,0.030074,172.31.40.0-255,1514,228700,69,258221
1958,0.030096,172.31.40.0-255,1514,230214,69,258221
1959,0.030101,172.31.40.0-255,1514,231728,69,258221
1960,0.030124,172.31.40.0-255,1514,233242,69,258221
1961,0.03013,172.31.40.0-255,1499,234741,69,258221
1962,0.031461,74.125.200.0-255,5738,240479,69,258221
1963,0.031467,172.31.40.0-255,66,240545,69,258221
1964,0.031662,104.244.42.0-255,66,240611,69,258221
1965,0.03169,104.244.42.0-255,66,240677,69,258221
1966,0.031769,104.244.42.0-255,66,240743,69,258221
1967,0.031807,104.244.42.0-255,66,240809,69,258221
1968,0.033897,74.125.200.0-255,5738,246547,69,258221
1969,0.033904,172.31.40.0-255,66,246613,69,258221
1970,0.036327,74.125.200.0-255,5738,252351,69,258221
1971,0.036334,172.31.40.0-255,66,252417,69,258221
1972,0.038777,74.125.200.0-255,5738,258155,69,258221
1973,0.038784,172.31.40.0-255,66,258221,69,258221
1974,0.0,172.217.194.0-255,152,152,69,159505
1975,2.2e-05,172.31.40.0-255,66,218,69,159505
1976,2.9e-05,172.217.194.0-255,1484,1702,69,159505
1977,3.3e-05,172.31.40.0-255,66,1768,69,159505
1978,4.9e-05,172.217.194.0-255,2902,4670,69,159505
1979,5.3e-05,172.31.40.0-255,66,4736,69,159505
1980,6e-05,172.217.194.0-255,7156,11892,69,159505
1981,6.3e-05,172.31.40.0-255,66,11958,69,159505
1982,0.00011,172.31.40.0-255,66,12024,69,159505
1983,0.000127,172.31.40.0-255,66,12090,69,159505
1984,0.000185,172.217.194.0-255,1484,13574,69,159505
1985,0.000188,172.31.40.0-255,66,13640,69,159505
1986,0.000218,172.217.194.0-255,2902,16542,69,159505
1987,0.000221,172.31.40.0-255,66,16608,69,159505
1988,0.000225,172.217.194.0-255,1484,18092,69,159505
1989,0.000227,172.31.40.0-255,66,18158,69,159505
1990,0.000247,172.217.194.0-255,4320,22478,69,159505
1991,0.000254,172.31.40.0-255,66,22544,69,159505
1992,0.000258,172.217.194.0-255,1484,24028,69,159505
1993,0.00026,172.31.40.0-255,66,24094,69,159505
1994,0.000277,172.217.194.0-255,5379,29473,69,159505
1995,0.00028,172.31.40.0-255,66,29539,69,159505
1996,0.000344,172.217.194.0-255,1484,31023,69,159505
1997,0.000348,172.31.40.0-255,66,31089,69,159505
1998,0.000353,172.217.194.0-255,2902,33991,69,159505
1999,0.000355,172.31.40.0-255,66,34057,69,159505
2000,0.000358,172.217.194.0-255,1484,35541,69,159505
2001,0.00036,172.31.40.0-255,66,35607,69,159505
2002,0.000396,172.217.194.0-255,4320,39927,69,159505
2003,0.000399,172.31.40.0-255,66,39993,69,159505
2004,0.000402,172.217.194.0-255,1484,41477,69,159505
2005,0.000425,172.217.194.0-255,5671,47148,69,159505
2006,0.000428,172.31.40.0-255,66,47214,69,159505
2007,0.000865,172.217.194.0-255,385,47599,69,159505
2008,0.00092,172.217.194.0-255,1484,49083,69,159505
2009,0.000925,172.31.40.0-255,66,49149,69,159505
2010,0.00093,172.217.194.0-255,2902,52051,69,159505
2011,0.000932,172.31.40.0-255,66,52117,69,159505
2012,0.000935,172.217.194.0-255,1484,53601,69,159505
2013,0.000957,172.217.194.0-255,4320,57921,69,159505
2014,0.000961,172.217.194.0-255,2902,60823,69,159505
2015,0.000971,172.31.40.0-255,66,60889,69,159505
2016,0.000974,172.31.40.0-255,66,60955,69,159505
2017,0.000999,172.31.40.0-255,66,61021,69,159505
2018,0.001032,172.31.40.0-255,66,61087,69,159505
2019,0.003319,172.217.194.0-255,5738,66825,69,159505
2020,0.003327,172.31.40.0-255,66,66891,69,159505
2021,0.005629,172.217.194.0-255,5738,72629,69,159505
2022,0.005636,172.31.40.0-255,66,72695,69,159505
2023,0.007945,172.217.194.0-255,5738,78433,69,159505
2024,0.007952,172.31.40.0-255,66,78499,69,159505
2025,0.010247,172.217.194.0-255,5738,84237,69,159505
2026,0.010255,172.31.40.0-255,66,84303,69,159505
2027,0.012554,172.217.194.0-255,5738,90041,69,159505
2028,0.012562,172.31.40.0-255,66,90107,69,159505
2029,0.014835,172.217.194.0-255,5738,95845,69,159505
2030,0.014842,172.31.40.0-255,66,95911,69,159505
2031,0.017132,172.217.194.0-255,5738,101649,69,159505
2032,0.017138,172.31.40.0-255,66,101715,69,159505
2033,0.019428,172.217.194.0-255,5738,107453,69,159505
2034,0.019434,172.31.40.0-255,66,107519,69,159505
2035,0.021732,172.217.194.0-255,5738,113257,69,159505
2036,0.021739,172.31.40.0-255,66,113323,69,159505
2037,0.024031,172.217.194.0-255,5738,119061,69,159505
2038,0.024038,172.31.40.0-255,66,119127,69,159505
2039,0.024241,172.31.40.0-255,172,119299,69,159505
2040,0.024269,172.31.40.0-255,1111,120410,69,159505
2041,0.02439,172.31.40.0-255,1514,121924,69,159505
2042,0.024392,172.31.40.0-255,1514,123438,69,159505
2043,0.024394,172.31.40.0-255,1514,124952,69,159505
2044,0.024395,172.31.40.0-255,1514,126466,69,159505
2045,0.024396,172.31.40.0-255,547,127013,69,159505
2046,0.02581,104.244.42.0-255,66,127079,69,159505
2047,0.025873,104.244.42.0-255,66,127145,69,159505
2048,0.026047,104.244.42.0-255,66,127211,69,159505
2049,0.026102,104.244.42.0-255,66,127277,69,159505
2050,0.026351,172.217.194.0-255,5738,133015,69,159505
2051,0.026357,172.31.40.0-255,66,133081,69,159505
2052,0.026778,104.244.42.0-255,108,133189,69,159505
2053,0.026787,172.31.40.0-255,66,133255,69,159505
2054,0.028652,172.217.194.0-255,4320,137575,69,159505
2055,0.028658,172.31.40.0-255,66,137641,69,159505
2056,0.028685,172.217.194.0-255,1484,139125,69,159505
2057,0.030945,172.217.194.0-255,2902,142027,69,159505
2058,0.030951,172.31.40.0-255,66,142093,69,159505
2059,0.033244,172.217.194.0-255,5738,147831,69,159505
2060,0.033251,172.31.40.0-255,66,147897,69,159505
2061,0.035533,172.217.194.0-255,5738,153635,69,159505
2062,0.03554,172.31.40.0-255,66,153701,69,159505
2063,0.037837,172.217.194.0-255,5738,159439,69,159505
2064,0.037844,172.31.40.0-255,66,159505,69,159505
2065,0.0,74.125.24.0-255,153,153,69,232479
2066,2.1e-05,172.31.40.0-255,66,219,69,232479
2067,2.9e-05,74.125.24.0-255,1484,1703,69,232479
2068,3.3e-05,172.31.40.0-255,66,1769,69,232479
2069,3.9e-05,74.125.24.0-255,2902,4671,69,232479
2070,4.3e-05,172.31.40.0-255,66,4737,69,232479
2071,5e-05,74.125.24.0-255,7156,11893,69,232479
2072,5.5e-05,172.31.40.0-255,66,11959,69,232479
2073,5.9e-05,74.125.24.0-255,2054,14013,69,232479
2074,6.3e-05,172.31.40.0-255,66,14079,69,232479
2075,0.000387,74.125.24.0-255,1484,15563,69,232479
2076,0.000393,172.31.40.0-255,66,15629,69,232479
2077,0.0004,74.125.24.0-255,2902,18531,69,232479
2078,0.000403,172.31.40.0-255,66,18597,69,232479
2079,0.000406,74.125.24.0-255,1484,20081,69,232479
2080,0.000408,172.31.40.0-255,66,20147,69,232479
2081,0.00044,74.125.24.0-255,4320,24467,69,232479
2082,0.000444,172.31.40.0-255,66,24533,69,232479
2083,0.000467,74.125.24.0-255,2902,27435,69,232479
2084,0.00047,172.31.40.0-255,66,27501,69,232479
2085,0.000491,74.125.24.0-255,3961,31462,69,232479
2086,0.000494,172.31.40.0-255,66,31528,69,232479
2087,0.00051,74.125.24.0-255,1484,33012,69,232479
2088,0.000512,172.31.40.0-255,66,33078,69,232479
2089,0.000518,74.125.24.0-255,2902,35980,69,232479
2090,0.00052,172.31.40.0-255,66,36046,69,232479
2091,0.000525,74.125.24.0-255,4320,40366,69,232479
2092,0.000527,172.31.40.0-255,66,40432,69,232479
2093,0.000545,74.125.24.0-255,1484,41916,69,232479
2094,0.000547,172.31.40.0-255,66,41982,69,232479
2095,0.000553,74.125.24.0-255,5738,47720,69,232479
2096,0.000556,172.31.40.0-255,66,47786,69,232479
2097,0.000589,172.31.40.0-255,66,47852,69,232479
2098,0.000642,172.31.40.0-255,66,47918,69,232479
2099,0.000754,74.125.24.0-255,116,48034,69,232479
2100,0.000775,74.125.24.0-255,1484,49518,69,232479
2101,0.000778,172.31.40.0-255,66,49584,69,232479
2102,0.000782,74.125.24.0-255,1484,51068,69,232479
2103,0.000794,74.125.24.0-255,1484,52552,69,232479
2104,0.000796,172.31.40.0-255,66,52618,69,232479
2105,0.000834,74.125.24.0-255,7156,59774,69,232479
2106,0.000837,172.31.40.0-255,66,59840,69,232479
2107,0.000843,74.125.24.0-255,5379,65219,69,232479
2108,0.000845,172.31.40.0-255,66,65285,69,232479
2109,0.000865,74.125.24.0-255,1484,66769,69,232479
2110,0.000908,172.31.40.0-255,66,66835,69,232479
2111,0.00093,74.125.24.0-255,2543,69378,69,232479
2112,0.000932,172.31.40.0-255,66,69444,69,232479
2113,0.001881,74.125.24.0-255,1484,70928,69,232479
2114,0.001891,74.125.24.0-255,2902,73830,69,232479
2115,0.001895,172.31.40.0-255,66,73896,69,232479
2116,0.001901,74.125.24.0-255,2902,76798,69,232479
2117,0.001903,172.31.40.0-255,66,76864,69,232479
2118,0.001921,74.125.24.0-255,2902,79766,69,232479
2119,0.001923,172.31.40.0-255,66,79832,69,232479
2120,0.00193,74.125.24.0-255,7156,86988,69,232479
2121,0.001932,172.31.40.0-255,66,87054,69,232479
2122,0.001963,74.125.24.0-255,5738,92792,69,232479
2123,0.001966,172.31.40.0-255,66,92858,69,232479
2124,0.001976,172.31.40.0-255,66,92924,69,232479
2125,0.001997,74.125.24.0-255,766,93690,69,232479
2126,0.002001,74.125.24.0-255,2902,96592,69,232479
2127,0.002003,172.31.40.0-255,66,96658,69,232479
2128,0.00203,172.31.40.0-255,66,96724,69,232479
2129,0.002042,172.31.40.0-255,66,96790,69,232479
2130,0.002082,74.125.24.0-255,4320,101110,69,232479
2131,0.002084,172.31.40.0-255,66,101176,69,232479
2132,0.002101,74.125.24.0-255,2902,104078,69,232479
2133,0.002103,172.31.40.0-255,66,104144,69,232479
2134,0.002116,74.125.24.0-255,1484,105628,69,232479
2135,0.002127,74.125.24.0-255,2902,108530,69,232479
2136,0.002128,172.31.40.0-255,66,108596,69,232479
2137,0.002141,74.125.24.0-255,2902,111498,69,232479
2138,0.002143,172.31.40.0-255,66,111564,69,232479
2139,0.002161,74.125.24.0-255,2902,114466,69,232479
2140,0.002163,172.31.40.0-255,66,114532,69,232479
2141,0.002177,74.125.24.0-255,4320,118852,69,232479
2142,0.002179,172.31.40.0-255,66,118918,69,232479
2143,0.002194,74.125.24.0-255,2184,121102,69,232479
2144,0.002196,172.31.40.0-255,66,121168,69,232479
2145,0.002201,74.125.24.0-255,5738,126906,69,232479
2146,0.002203,172.31.40.0-255,66,126972,69,232479
2147,0.002254,74.125.24.0-255,1484,128456,69,232479
2148,0.002257,74.125.24.0-255,2902,131358,69,232479
2149,0.002263,74.125.24.0-255,5738,137096,69,232479
2150,0.002275,74.125.24.0-255,1484,138580,69,232479
2151,0.002288,74.125.24.0-255,2902,141482,69,232479
2152,0.002307,74.125.24.0-255,6438,147920,69,232479
2153,0.007267,172.31.40.0-255,66,147986,69,232479
2154,0.009658,74.125.24.0-255,5738,153724,69,232479
2155,0.009666,172.31.40.0-255,66,153790,69,232479
2156,0.012064,74.125.24.0-255,5738,159528,69,232479
2157,0.012072,172.31.40.0-255,66,159594,69,232479
2158,0.014503,74.125.24.0-255,5738,165332,69,232479
2159,0.014514,172.31.40.0-255,66,165398,69,232479
2160,0.01689,74.125.24.0-255,5738,171136,69,232479
2161,0.016897,172.31.40.0-255,66,171202,69,232479
2162,0.019318,74.125.24.0-255,5738,176940,69,232479
2163,0.019326,172.31.40.0-255,66,177006,69,232479
2164,0.021731,74.125.24.0-255,5738,182744,69,232479
2165,0.021739,172.31.40.0-255,66,182810,69,232479
2166,0.024162,74.125.24.0-255,5738,188548,69,232479
2167,0.024171,172.31.40.0-255,66,188614,69,232479
2168,0.026578,74.125.24.0-255,5738,194352,69,232479
2169,0.026586,172.31.40.0-255,66,194418,69,232479
2170,0.028951,74.125.24.0-255,5738,200156,69,232479
2171,0.028959,172.31.40.0-255,66,200222,69,232479
2172,0.031353,74.125.24.0-255,5738,205960,69,232479
2173,0.031362,172.31.40.0-255,66,206026,69,232479
2174,0.033757,74.125.24.0-255,5738,211764,69,232479
2175,0.033764,172.31.40.0-255,66,211830,69,232479
2176,0.034487,172.31.40.0-255,172,212002,69,232479
2177,0.034516,172.31.40.0-255,1112,213114,69,232479
2178,0.034586,172.31.40.0-255,1514,214628,69,232479
2179,0.034588,172.31.40.0-255,1514,216142,69,232479
2180,0.034589,172.31.40.0-255,1514,217656,69,232479
2181,0.034594,172.31.40.0-255,1514,219170,69,232479
2182,0.034596,172.31.40.0-255,1503,220673,69,232479
2183,0.036133,74.125.24.0-255,5738,226411,69,232479
2184,0.03614,172.31.40.0-255,66,226477,69,232479
2185,0.036164,104.244.42.0-255,66,226543,69,232479
2186,0.036229,104.244.42.0-255,66,226609,69,232479
2187,0.036359,104.244.42.0-255,66,226675,69,232479
2188,0.038516,74.125.24.0-255,5738,232413,69,232479
2189,0.038524,172.31.40.0-255,66,232479,69,232479
2190,0.0,172.217.194.0-255,151,151,69,162015
2191,2.4e-05,172.31.40.0-255,66,217,69,162015
2192,3.2e-05,172.217.194.0-255,1484,1701,69,162015
2193,3.6e-05,172.31.40.0-255,66,1767,69,162015
2194,4.2e-05,172.217.194.0-255,2902,4669,69,162015
2195,4.5e-05,172.31.40.0-255,66,4735,69,162015
2196,5.1e-05,172.217.194.0-255,4320,9055,69,162015
2197,5.4e-05,172.31.40.0-255,66,9121,69,162015
2198,7.5e-05,172.217.194.0-255,4320,13441,69,162015
2199,7.8e-05,172.31.40.0-255,66,13507,69,162015
2200,9.4e-05,172.217.194.0-255,657,14164,69,162015
2201,9.6e-05,172.31.40.0-255,66,14230,69,162015
2202,0.000119,172.217.194.0-255,1484,15714,69,162015
2203,0.000121,172.31.40.0-255,66,15780,69,162015
2204,0.000147,172.217.194.0-255,4320,20100,69,162015
2205,0.000149,172.31.40.0-255,66,20166,69,162015
2206,0.000152,172.217.194.0-255,1484,21650,69,162015
2207,0.000154,172.31.40.0-255,66,21716,69,162015
2208,0.000165,172.31.40.0-255,66,21782,69,162015
2209,0.000168,172.217.194.0-255,1125,22907,69,162015
2210,0.00017,172.31.40.0-255,66,22973,69,162015
2211,0.000264,172.217.194.0-255,1484,24457,69,162015
2212,0.000269,172.31.40.0-255,66,24523,69,162015
2213,0.000291,172.217.194.0-255,2902,27425,69,162015
2214,0.000294,172.31.40.0-255,66,27491,69,162015
2215,0.0003,172.217.194.0-255,5738,33229,69,162015
2216,0.000302,172.31.40.0-255,66,33295,69,162015
2217,0.000342,172.217.194.0-255,6797,40092,69,162015
2218,0.000346,172.31.40.0-255,66,40158,69,162015
2219,0.000512,172.217.194.0-255,1484,41642,69,162015
2220,0.000517,172.31.40.0-255,66,41708,69,162015
2221,0.000523,172.217.194.0-255,2902,44610,69,162015
2222,0.000525,172.31.40.0-255,66,44676,69,162015
2223,0.000532,172.217.194.0-255,5738,50414,69,162015
2224,0.000535,172.31.40.0-255,66,50480,69,162015
2225,0.000538,172.217.194.0-255,1484,51964,69,162015
2226,0.000568,172.217.194.0-255,4320,56284,69,162015
2227,0.000571,172.31.40.0-255,66,56350,69,162015
2228,0.0006,172.217.194.0-255,1706,58056,69,162015
2229,0.000603,172.31.40.0-255,66,58122,69,162015
2230,0.001688,172.217.194.0-255,1484,59606,69,162015
2231,0.001701,172.217.194.0-255,2902,62508,69,162015
2232,0.001705,172.31.40.0-255,66,62574,69,162015
2233,0.001714,172.217.194.0-255,5738,68312,69,162015
2234,0.001716,172.31.40.0-255,66,68378,69,162015
2235,0.001729,172.217.194.0-255,1484,69862,69,162015
2236,0.001772,172.31.40.0-255,66,69928,69,162015
2237,0.001775,172.217.194.0-255,1484,71412,69,162015
2238,0.001796,172.31.40.0-255,66,71478,69,162015
2239,0.004354,172.217.194.0-255,5738,77216,69,162015
2240,0.004359,172.31.40.0-255,66,77282,69,162015
2241,0.006995,172.217.194.0-255,5738,83020,69,162015
2242,0.007004,172.31.40.0-255,66,83086,69,162015
2243,0.009606,172.217.194.0-255,5738,88824,69,162015
2244,0.009618,172.31.40.0-255,66,88890,69,162015
2245,0.012218,172.217.194.0-255,5738,94628,69,162015
2246,0.012232,172.31.40.0-255,66,94694,69,162015
2247,0.014796,172.217.194.0-255,5738,100432,69,162015
2248,0.014813,172.31.40.0-255,66,100498,69,162015
2249,0.017395,172.217.194.0-255,5738,106236,69,162015
2250,0.017409,172.31.40.0-255,66,106302,69,162015
2251,0.020013,172.217.194.0-255,5738,112040,69,162015
2252,0.020029,172.31.40.0-255,66,112106,69,162015
2253,0.022628,172.217.194.0-255,5738,117844,69,162015
2254,0.022643,172.31.40.0-255,66,117910,69,162015
2255,0.025207,172.217.194.0-255,5738,123648,69,162015
2256,0.025219,172.31.40.0-255,66,123714,69,162015
2257,0.0278,172.217.194.0-255,5738,129452,69,162015
2258,0.02781,172.31.40.0-255,66,129518,69,162015
2259,0.03044,172.217.194.0-255,5738,135256,69,162015
2260,0.03045,172.31.40.0-255,66,135322,69,162015
2261,0.033024,172.217.194.0-255,5738,141060,69,162015
2262,0.033029,172.31.40.0-255,66,141126,69,162015
2263,0.033389,172.31.40.0-255,172,141298,69,162015
2264,0.033419,172.31.40.0-255,1116,142414,69,162015
2265,0.033486,172.31.40.0-255,1514,143928,69,162015
2266,0.033488,172.31.40.0-255,1514,145442,69,162015
2267,0.033489,172.31.40.0-255,1514,146956,69,162015
2268,0.03349,172.31.40.0-255,1514,148470,69,162015
2269,0.03352,172.31.40.0-255,1499,149969,69,162015
2270,0.034964,104.244.42.0-255,66,150035,69,162015
2271,0.035003,104.244.42.0-255,66,150101,69,162015
2272,0.035106,104.244.42.0-255,66,150167,69,162015
2273,0.035154,104.244.42.0-255,66,150233,69,162015
2274,0.035604,172.217.194.0-255,5738,155971,69,162015
2275,0.035611,172.31.40.0-255,66,156037,69,162015
2276,0.036097,104.244.42.0-255,108,156145,69,162015
2277,0.036104,172.31.40.0-255,66,156211,69,162015
2278,0.038231,172.217.194.0-255,5738,161949,69,162015
2279,0.038238,172.31.40.0-255,66,162015,69,162015
2280,0.0,74.125.24.0-255,153,153,69,205279
2281,2.6e-05,172.31.40.0-255,66,219,69,205279
2282,3.3e-05,74.125.24.0-255,1484,1703,69,205279
2283,3.8e-05,172.31.40.0-255,66,1769,69,205279
2284,5.2e-05,74.125.24.0-255,2902,4671,69,205279
2285,5.6e-05,172.31.40.0-255,66,4737,69,205279
2286,6.1e-05,74.125.24.0-255,2902,7639,69,205279
2287,6.3e-05,172.31.40.0-255,66,7705,69,205279
2288,8.7e-05,74.125.24.0-255,6307,14012,69,205279
2289,9.4e-05,172.31.40.0-255,66,14078,69,205279
2290,0.00023,74.125.24.0-255,1484,15562,69,205279
2291,0.000234,172.31.40.0-255,66,15628,69,205279
2292,0.00024,74.125.24.0-255,2902,18530,69,205279
2293,0.000242,172.31.40.0-255,66,18596,69,205279
2294,0.000249,74.125.24.0-255,5738,24334,69,205279
2295,0.000256,172.31.40.0-255,66,24400,69,205279
2296,0.000294,74.125.24.0-255,6797,31197,69,205279
2297,0.000296,172.31.40.0-255,66,31263,69,205279
2298,0.00044,74.125.24.0-255,1484,32747,69,205279
2299,0.000444,172.31.40.0-255,66,32813,69,205279
2300,0.00045,74.125.24.0-255,2902,35715,69,205279
2301,0.000452,172.31.40.0-255,66,35781,69,205279
2302,0.000456,74.125.24.0-255,2902,38683,69,205279
2303,0.000464,172.31.40.0-255,66,38749,69,205279
2304,0.000506,74.125.24.0-255,2902,41651,69,205279
2305,0.000509,172.31.40.0-255,66,41717,69,205279
2306,0.000526,172.31.40.0-255,66,41783,69,205279
2307,0.000538,172.31.40.0-255,66,41849,69,205279
2308,0.000543,74.125.24.0-255,3961,45810,69,205279
2309,0.000545,172.31.40.0-255,66,45876,69,205279
2310,0.000926,74.125.24.0-255,646,46522,69,205279
2311,0.00108,172.31.40.0-255,66,46588,69,205279
2312,0.001113,74.125.24.0-255,1484,48072,69,205279
2313,0.001129,74.125.24.0-255,2902,50974,69,205279
2314,0.001132,172.31.40.0-255,66,51040,69,205279
2315,0.001167,74.125.24.0-255,5738,56778,69,205279
2316,0.001169,172.31.40.0-255,66,56844,69,205279
2317,0.001175,74.125.24.0-255,5738,62582,69,205279
2318,0.001177,172.31.40.0-255,66,62648,69,205279
2319,0.001194,172.31.40.0-255,66,62714,69,205279
2320,0.0012,74.125.24.0-255,5020,67734,69,205279
2321,0.001202,172.31.40.0-255,66,67800,69,205279
2322,0.001755,74.125.24.0-255,1484,69284,69,205279
2323,0.001765,74.125.24.0-255,2902,72186,69,205279
2324,0.001769,172.31.40.0-255,66,72252,69,205279
2325,0.001777,74.125.24.0-255,5738,77990,69,205279
2326,0.001779,172.31.40.0-255,66,78056,69,205279
2327,0.001822,172.31.40.0-255,66,78122,69,205279
2328,0.001829,74.125.24.0-255,7156,85278,69,205279
2329,0.001831,172.31.40.0-255,66,85344,69,205279
2330,0.001863,74.125.24.0-255,3602,88946,69,205279
2331,0.001866,172.31.40.0-255,66,89012,69,205279
2332,0.00206,74.125.24.0-255,1484,90496,69,205279
2333,0.002067,74.125.24.0-255,2902,93398,69,205279
2334,0.002071,172.31.40.0-255,66,93464,69,205279
2335,0.002076,74.125.24.0-255,2902,96366,69,205279
2336,0.002079,172.31.40.0-255,66,96432,69,205279
2337,0.002102,74.125.24.0-255,2902,99334,69,205279
2338,0.002109,172.31.40.0-255,66,99400,69,205279
2339,0.002123,172.31.40.0-255,66,99466,69,205279
2340,0.00213,74.125.24.0-255,5738,105204,69,205279
2341,0.002132,172.31.40.0-255,66,105270,69,205279
2342,0.002165,74.125.24.0-255,4320,109590,69,205279
2343,0.002167,172.31.40.0-255,66,109656,69,205279
2344,0.00217,74.125.24.0-255,766,110422,69,205279
2345,0.004615,74.125.24.0-255,4320,114742,69,205279
2346,0.004623,172.31.40.0-255,66,114808,69,205279
2347,0.007078,74.125.24.0-255,5738,120546,69,205279
2348,0.007085,172.31.40.0-255,66,120612,69,205279
2349,0.009551,74.125.24.0-255,5738,126350,69,205279
2350,0.00956,172.31.40.0-255,66,126416,69,205279
2351,0.012008,74.125.24.0-255,5738,132154,69,205279
2352,0.012019,172.31.40.0-255,66,132220,69,205279
2353,0.01449,74.125.24.0-255,5738,137958,69,205279
2354,0.014504,172.31.40.0-255,66,138024,69,205279
2355,0.016948,74.125.24.0-255,5738,143762,69,205279
2356,0.016965,172.31.40.0-255,66,143828,69,205279
2357,0.019423,74.125.24.0-255,5738,149566,69,205279
2358,0.019433,172.31.40.0-255,66,149632,69,205279
2359,0.021898,74.125.24.0-255,5738,155370,69,205279
2360,0.021908,172.31.40.0-255,66,155436,69,205279
2361,0.024337,74.125.24.0-255,5738,161174,69,205279
2362,0.024345,172.31.40.0-255,66,161240,69,205279
2363,0.026828,74.125.24.0-255,5738,166978,69,205279
2364,0.026839,172.31.40.0-255,66,167044,69,205279
2365,0.029288,74.125.24.0-255,5738,172782,69,205279
2366,0.029298,172.31.40.0-255,66,172848,69,205279
2367,0.031748,74.125.24.0-255,5738,178586,69,205279
2368,0.03176,172.31.40.0-255,66,178652,69,205279
2369,0.033228,172.31.40.0-255,172,178824,69,205279
2370,0.033261,172.31.40.0-255,1112,179936,69,205279
2371,0.033326,172.31.40.0-255,1514,181450,69,205279
2372,0.033327,172.31.40.0-255,1514,182964,69,205279
2373,0.033329,172.31.40.0-255,1514,184478,69,205279
2374,0.033334,172.31.40.0-255,1514,185992,69,205279
2375,0.033335,172.31.40.0-255,1503,187495,69,205279
2376,0.034226,74.125.24.0-255,5738,193233,69,205279
2377,0.034234,172.31.40.0-255,66,193299,69,205279
2378,0.034876,104.244.42.0-255,66,193365,69,205279
2379,0.034923,104.244.42.0-255,66,193431,69,205279
2380,0.03502,104.244.42.0-255,66,193497,69,205279
2381,0.035667,104.244.42.0-255,108,193605,69,205279
2382,0.035677,172.31.40.0-255,66,193671,69,205279
2383,0.03669,74.125.24.0-255,5738,199409,69,205279
2384,0.036696,172.31.40.0-255,66,199475,69,205279
2385,0.039174,74.125.24.0-255,5738,205213,69,205279
2386,0.039184,172.31.40.0-255,66,205279,69,205279
2387,0.0,74.125.24.0-255,152,152,69,256567
2388,2.4e-05,172.31.40.0-255,66,218,69,256567
2389,3.1e-05,74.125.24.0-255,1484,1702,69,256567
2390,3.6e-05,172.31.40.0-255,66,1768,69,256567
2391,4.2e-05,74.125.24.0-255,2902,4670,69,256567
2392,4.6e-05,172.31.40.0-255,66,4736,69,256567
2393,4.9e-05,74.125.24.0-255,1484,6220,69,256567
2394,5.1e-05,172.31.40.0-255,66,6286,69,256567
2395,8.9e-05,74.125.24.0-255,5738,12024,69,256567
2396,9.1e-05,172.31.40.0-255,66,12090,69,256567
2397,0.000112,74.125.24.0-255,2128,14218,69,256567
2398,0.000114,172.31.40.0-255,66,14284,69,256567
2399,0.000128,74.125.24.0-255,2902,17186,69,256567
2400,0.000131,172.31.40.0-255,66,17252,69,256567
2401,0.000151,74.125.24.0-255,5738,22990,69,256567
2402,0.000154,172.31.40.0-255,66,23056,69,256567
2403,0.00019,74.125.24.0-255,4320,27376,69,256567
2404,0.000193,172.31.40.0-255,66,27442,69,256567
2405,0.000213,74.125.24.0-255,3961,31403,69,256567
2406,0.000215,172.31.40.0-255,66,31469,69,256567
2407,0.000283,74.125.24.0-255,1484,32953,69,256567
2408,0.000287,172.31.40.0-255,66,33019,69,256567
2409,0.00029,74.125.24.0-255,1484,34503,69,256567
2410,0.000292,172.31.40.0-255,66,34569,69,256567
2411,0.000316,74.125.24.0-255,1484,36053,69,256567
2412,0.000318,172.31.40.0-255,66,36119,69,256567
2413,0.000324,74.125.24.0-255,5738,41857,69,256567
2414,0.000327,172.31.40.0-255,66,41923,69,256567
2415,0.000344,74.125.24.0-255,4320,46243,69,256567
2416,0.000347,172.31.40.0-255,66,46309,69,256567
2417,0.00038,172.31.40.0-255,66,46375,69,256567
2418,0.000396,74.125.24.0-255,5738,52113,69,256567
2419,0.000399,172.31.40.0-255,66,52179,69,256567
2420,0.000418,74.125.24.0-255,3961,56140,69,256567
2421,0.000421,172.31.40.0-255,66,56206,69,256567
2422,0.000456,74.125.24.0-255,414,56620,69,256567
2423,0.000522,74.125.24.0-255,331,56951,69,256567
2424,0.000768,74.125.24.0-255,1484,58435,69,256567
2425,0.000773,172.31.40.0-255,66,58501,69,256567
2426,0.00078,74.125.24.0-255,2902,61403,69,256567
2427,0.000783,172.31.40.0-255,66,61469,69,256567
2428,0.000786,74.125.24.0-255,1484,62953,69,256567
2429,0.000801,74.125.24.0-255,1484,64437,69,256567
2430,0.000803,172.31.40.0-255,66,64503,69,256567
2431,0.000806,74.125.24.0-255,1484,65987,69,256567
2432,0.000829,74.125.24.0-255,5738,71725,69,256567
2433,0.000835,172.31.40.0-255,66,71791,69,256567
2434,0.000862,172.31.40.0-255,66,71857,69,256567
2435,0.000881,74.125.24.0-255,2902,74759,69,256567
2436,0.000885,172.31.40.0-255,66,74825,69,256567
2437,0.000925,74.125.24.0-255,5020,79845,69,256567
2438,0.000929,172.31.40.0-255,66,79911,69,256567
2439,0.001063,74.125.24.0-255,1484,81395,69,256567
2440,0.001067,74.125.24.0-255,1484,82879,69,256567
2441,0.00107,172.31.40.0-255,66,82945,69,256567
2442,0.001092,74.125.24.0-255,1484,84429,69,256567
2443,0.001099,74.125.24.0-255,5738,90167,69,256567
2444,0.001102,172.31.40.0-255,66,90233,69,256567
2445,0.001108,74.125.24.0-255,2902,93135,69,256567
2446,0.00111,172.31.40.0-255,66,93201,69,256567
2447,0.001155,172.31.40.0-255,66,93267,69,256567
2448,0.001167,172.31.40.0-255,66,93333,69,256567
2449,0.001187,74.125.24.0-255,766,94099,69,256567
2450,0.001203,74.125.24.0-255,1484,95583,69,256567
2451,0.001205,172.31.40.0-255,66,95649,69,256567
2452,0.001241,74.125.24.0-255,4320,99969,69,256567
2453,0.001244,172.31.40.0-255,66,100035,69,256567
2454,0.001251,74.125.24.0-255,5738,105773,69,256567
2455,0.001253,172.31.40.0-255,66,105839,69,256567
2456,0.00129,74.125.24.0-255,5738,111577,69,256567
2457,0.001293,172.31.40.0-255,66,111643,69,256567
2458,0.001323,74.125.24.0-255,5738,117381,69,256567
2459,0.001326,172.31.40.0-255,66,117447,69,256567
2460,0.001338,172.31.40.0-255,66,117513,69,256567
2461,0.001341,74.125.24.0-255,766,118279,69,256567
2462,0.001364,74.125.24.0-255,1484,119763,69,256567
2463,0.001366,172.31.40.0-255,66,119829,69,256567
2464,0.001383,74.125.24.0-255,4320,124149,69,256567
2465,0.001385,172.31.40.0-255,66,124215,69,256567
2466,0.001425,172.31.40.0-255,66,124281,69,256567
2467,0.001431,74.125.24.0-255,5738,130019,69,256567
2468,0.001434,172.31.40.0-255,66,130085,69,256567
2469,0.001465,172.31.40.0-255,66,130151,69,256567
2470,0.001469,74.125.24.0-255,2184,132335,69,256567
2471,0.001471,172.31.40.0-255,66,132401,69,256567
2472,0.002009,74.125.24.0-255,1484,133885,69,256567
2473,0.002029,74.125.24.0-255,2902,136787,69,256567
2474,0.002033,172.31.40.0-255,66,136853,69,256567
2475,0.002039,74.125.24.0-255,4320,141173,69,256567
2476,0.002041,172.31.40.0-255,66,141239,69,256567
2477,0.002054,74.125.24.0-255,1484,142723,69,256567
2478,0.00207,74.125.24.0-255,5738,148461,69,256567
2479,0.002073,172.31.40.0-255,66,148527,69,256567
2480,0.002097,74.125.24.0-255,7156,155683,69,256567
2481,0.0021,172.31.40.0-255,66,155749,69,256567
2482,0.002112,172.31.40.0-255,66,155815,69,256567
2483,0.002114,74.125.24.0-255,766,156581,69,256567
2484,0.002142,74.125.24.0-255,1484,158065,69,256567
2485,0.002144,172.31.40.0-255,66,158131,69,256567
2486,0.00215,74.125.24.0-255,4320,162451,69,256567
2487,0.002153,172.31.40.0-255,66,162517,69,256567
2488,0.002204,172.31.40.0-255,66,162583,69,256567
2489,0.002212,74.125.24.0-255,7156,169739,69,256567
2490,0.002214,172.31.40.0-255,66,169805,69,256567
2491,0.002237,172.31.40.0-255,66,169871,69,256567
2492,0.002241,74.125.24.0-255,2184,172055,69,256567
2493,0.002243,172.31.40.0-255,66,172121,69,256567
2494,0.00254,74.125.24.0-255,1484,173605,69,256567
2495,0.002568,74.125.24.0-255,2902,176507,69,256567
2496,0.002571,172.31.40.0-255,66,176573,69,256567
2497,0.002587,74.125.24.0-255,5738,182311,69,256567
2498,0.002589,172.31.40.0-255,66,182377,69,256567
2499,0.002624,172.31.40.0-255,66,182443,69,256567
2500,0.00263,74.125.24.0-255,5738,188181,69,256567
2501,0.002633,172.31.40.0-255,66,188247,69,256567
2502,0.002679,74.125.24.0-255,5020,193267,69,256567
2503,0.002682,172.31.40.0-255,66,193333,69,256567
2504,0.002768,74.125.24.0-255,1484,194817,69,256567
2505,0.002791,74.125.24.0-255,2902,197719,69,256567
2506,0.002794,172.31.40.0-255,66,197785,69,256567
2507,0.002801,74.125.24.0-255,5738,203523,69,256567
2508,0.002804,172.31.40.0-255,66,203589,69,256567
2509,0.002807,74.125.24.0-255,1484,205073,69,256567
2510,0.002834,74.125.24.0-255,5738,210811,69,256567
2511,0.002837,172.31.40.0-255,66,210877,69,256567
2512,0.002839,74.125.24.0-255,1484,212361,69,256567
2513,0.002851,172.31.40.0-255,66,212427,69,256567
2514,0.002856,74.125.24.0-255,4320,216747,69,256567
2515,0.002859,172.31.40.0-255,66,216813,69,256567
2516,0.002861,74.125.24.0-255,766,217579,69,256567
2517,0.002884,74.125.24.0-255,1484,219063,69,256567
2518,0.002886,172.31.40.0-255,66,219129,69,256567
2519,0.002902,74.125.24.0-255,4320,223449,69,256567
2520,0.002905,172.31.40.0-255,66,223515,69,256567
2521,0.002907,74.125.24.0-255,1484,224999,69,256567
2522,0.00291,74.125.24.0-255,1484,226483,69,256567
2523,0.002912,172.31.40.0-255,66,226549,69,256567
2524,0.002919,74.125.24.0-255,5738,232287,69,256567
2525,0.002921,172.31.40.0-255,66,232353,69,256567
2526,0.002961,74.125.24.0-255,2902,235255,69,256567
2527,0.002964,172.31.40.0-255,66,235321,69,256567
2528,0.002969,74.125.24.0-255,4320,239641,69,256567
2529,0.002972,172.31.40.0-255,66,239707,69,256567
2530,0.002984,172.31.40.0-255,66,239773,69,256567
2531,0.002987,74.125.24.0-255,766,240539,69,256567
2532,0.003033,172.31.40.0-255,66,240605,69,256567
2533,0.003044,172.31.40.0-255,66,240671,69,256567
2534,0.003062,74.125.24.0-255,1484,242155,69,256567
2535,0.003094,172.31.40.0-255,66,242221,69,256567
2536,0.003105,172.31.40.0-255,66,242287,69,256567
2537,0.003129,74.125.24.0-255,2902,245189,69,256567
2538,0.003132,172.31.40.0-255,66,245255,69,256567
2539,0.003136,74.125.24.0-255,1960,247215,69,256567
2540,0.003138,172.31.40.0-255,66,247281,69,256567
2541,0.003173,74.125.24.0-255,105,247386,69,256567
2542,0.003192,74.125.24.0-255,129,247515,69,256567
2543,0.013685,172.31.40.0-255,105,247620,69,256567
2544,0.013737,172.31.40.0-255,105,247725,69,256567
2545,0.013918,74.125.24.0-255,129,247854,69,256567
2546,0.01393,172.31.40.0-255,78,247932,69,256567
2547,0.01401,172.31.40.0-255,90,248022,69,256567
2548,0.014027,172.31.40.0-255,66,248088,69,256567
2549,0.016161,74.125.24.0-255,66,248154,69,256567
2550,0.016208,74.125.24.0-255,66,248220,69,256567
2551,0.016497,74.125.24.0-255,66,248286,69,256567
2552,0.016518,74.125.24.0-255,66,248352,69,256567
2553,0.016524,172.31.40.0-255,66,248418,69,256567
2554,0.037349,172.31.40.0-255,172,248590,69,256567
2555,0.037385,172.31.40.0-255,1111,249701,69,256567
2556,0.037453,172.31.40.0-255,1514,251215,69,256567
2557,0.037455,172.31.40.0-255,1514,252729,69,256567
2558,0.037457,172.31.40.0-255,1514,254243,69,256567
2559,0.037458,172.31.40.0-255,1514,255757,69,256567
2560,0.037459,172.31.40.0-255,546,256303,69,256567
2561,0.038902,104.244.42.0-255,66,256369,69,256567
2562,0.038978,104.244.42.0-255,66,256435,69,256567
2563,0.039045,104.244.42.0-255,66,256501,69,256567
2564,0.039068,104.244.42.0-255,66,256567,69,256567
2565,0.0,74.125.24.0-255,146,146,69,128728
2566,1.5e-05,172.31.40.0-255,66,212,69,128728
2567,2.2e-05,74.125.24.0-255,1484,1696,69,128728
2568,2.6e-05,172.31.40.0-255,66,1762,69,128728
2569,5.2e-05,74.125.24.0-255,2902,4664,69,128728
2570,5.9e-05,172.31.40.0-255,66,4730,69,128728
2571,0.000164,74.125.24.0-255,1484,6214,69,128728
2572,0.000167,172.31.40.0-255,66,6280,69,128728
2573,0.000196,74.125.24.0-255,5738,12018,69,128728
2574,0.0002,172.31.40.0-255,66,12084,69,128728
2575,0.000474,74.125.24.0-255,2075,14159,69,128728
2576,0.000478,172.31.40.0-255,66,14225,69,128728
2577,0.000566,74.125.24.0-255,5738,19963,69,128728
2578,0.00057,172.31.40.0-255,66,20029,69,128728
2579,0.000611,172.31.40.0-255,66,20095,69,128728
2580,0.001268,172.31.40.0-255,66,20161,69,128728
2581,0.001302,172.31.40.0-255,66,20227,69,128728
2582,0.002039,74.125.24.0-255,7156,27383,69,128728
2583,0.002045,172.31.40.0-255,66,27449,69,128728
2584,0.002085,172.31.40.0-255,66,27515,69,128728
2585,0.002783,74.125.24.0-255,1484,28999,69,128728
2586,0.002786,172.31.40.0-255,66,29065,69,128728
2587,0.002831,172.31.40.0-255,66,29131,69,128728
2588,0.003788,74.125.24.0-255,4320,33451,69,128728
2589,0.003791,172.31.40.0-255,66,33517,69,128728
2590,0.003805,74.125.24.0-255,7156,40673,69,128728
2591,0.003807,172.31.40.0-255,66,40739,69,128728
2592,0.005653,172.31.40.0-255,66,40805,69,128728
2593,0.008005,74.125.24.0-255,1484,42289,69,128728
2594,0.008026,74.125.24.0-255,4320,46609,69,128728
2595,0.008032,172.31.40.0-255,66,46675,69,128728
2596,0.01042,74.125.24.0-255,5738,52413,69,128728
2597,0.010429,172.31.40.0-255,66,52479,69,128728
2598,0.012821,74.125.24.0-255,5738,58217,69,128728
2599,0.012831,172.31.40.0-255,66,58283,69,128728
2600,0.015199,74.125.24.0-255,5738,64021,69,128728
2601,0.015208,172.31.40.0-255,66,64087,69,128728
2602,0.017568,74.125.24.0-255,5738,69825,69,128728
2603,0.017575,172.31.40.0-255,66,69891,69,128728
2604,0.019927,74.125.24.0-255,5738,75629,69,128728
2605,0.019934,172.31.40.0-255,66,75695,69,128728
2606,0.022296,74.125.24.0-255,5738,81433,69,128728
2607,0.022305,172.31.40.0-255,66,81499,69,128728
2608,0.024703,74.125.24.0-255,5738,87237,69,128728
2609,0.024711,172.31.40.0-255,66,87303,69,128728
2610,0.027086,74.125.24.0-255,5738,93041,69,128728
2611,0.027094,172.31.40.0-255,66,93107,69,128728
2612,0.028851,172.31.40.0-255,171,93278,69,128728
2613,0.028882,172.31.40.0-255,1140,94418,69,128728
2614,0.028948,172.31.40.0-255,1514,95932,69,128728
2615,0.02895,172.31.40.0-255,1514,97446,69,128728
2616,0.028955,172.31.40.0-255,1514,98960,69,128728
2617,0.028957,172.31.40.0-255,1514,100474,69,128728
2618,0.028977,172.31.40.0-255,322,100796,69,128728
2619,0.029469,74.125.24.0-255,5738,106534,69,128728
2620,0.029476,172.31.40.0-255,66,106600,69,128728
2621,0.030552,104.244.42.0-255,66,106666,69,128728
2622,0.030561,104.244.42.0-255,66,106732,69,128728
2623,0.030658,104.244.42.0-255,66,106798,69,128728
2624,0.030671,104.244.42.0-255,66,106864,69,128728
2625,0.032006,74.125.24.0-255,5738,112602,69,128728
2626,0.032013,172.31.40.0-255,66,112668,69,128728
2627,0.034421,74.125.24.0-255,4320,116988,69,128728
2628,0.034428,172.31.40.0-255,66,117054,69,128728
2629,0.034474,74.125.24.0-255,1484,118538,69,128728
2630,0.036812,74.125.24.0-255,4320,122858,69,128728
2631,0.036818,172.31.40.0-255,66,122924,69,128728
2632,0.039211,74.125.24.0-255,5738,128662,69,128728
2633,0.039261,172.31.40.0-255,66,128728,69,128728
2634,0.0,172.217.194.0-255,152,152,69,155543
2635,2.2e-05,172.31.40.0-255,66,218,69,155543
2636,3e-05,172.217.194.0-255,1484,1702,69,155543
2637,3.4e-05,172.31.40.0-255,66,1768,69,155543
2638,4.7e-05,172.217.194.0-255,2902,4670,69,155543
2639,5e-05,172.31.40.0-255,66,4736,69,155543
2640,5.9e-05,172.217.194.0-255,7156,11892,69,155543
2641,6.2e-05,172.31.40.0-255,66,11958,69,155543
2642,9e-05,172.31.40.0-255,66,12024,69,155543
2643,0.000131,172.217.194.0-255,5738,17762,69,155543
2644,0.000134,172.31.40.0-255,66,17828,69,155543
2645,0.000159,172.217.194.0-255,3961,21789,69,155543
2646,0.000162,172.31.40.0-255,66,21855,69,155543
2647,0.000165,172.217.194.0-255,1484,23339,69,155543
2648,0.000171,172.31.40.0-255,66,23405,69,155543
2649,0.000177,172.217.194.0-255,2902,26307,69,155543
2650,0.000179,172.31.40.0-255,66,26373,69,155543
2651,0.000182,172.217.194.0-255,1484,27857,69,155543
2652,0.000184,172.31.40.0-255,66,27923,69,155543
2653,0.00022,172.217.194.0-255,4320,32243,69,155543
2654,0.000223,172.31.40.0-255,66,32309,69,155543
2655,0.000237,172.31.40.0-255,66,32375,69,155543
2656,0.000255,172.31.40.0-255,66,32441,69,155543
2657,0.000274,172.217.194.0-255,364,32805,69,155543
2658,0.000276,172.31.40.0-255,66,32871,69,155543
2659,0.000482,172.217.194.0-255,1484,34355,69,155543
2660,0.000488,172.31.40.0-255,66,34421,69,155543
2661,0.000495,172.217.194.0-255,2902,37323,69,155543
2662,0.000498,172.31.40.0-255,66,37389,69,155543
2663,0.000507,172.217.194.0-255,2902,40291,69,155543
2664,0.00051,172.31.40.0-255,66,40357,69,155543
2665,0.000556,172.217.194.0-255,2902,43259,69,155543
2666,0.000559,172.31.40.0-255,66,43325,69,155543
2667,0.000578,172.31.40.0-255,66,43391,69,155543
2668,0.000591,172.31.40.0-255,66,43457,69,155543
2669,0.00097,172.31.40.0-255,101,43558,69,155543
2670,0.001148,172.217.194.0-255,1484,45042,69,155543
2671,0.001154,172.217.194.0-255,1484,46526,69,155543
2672,0.001157,172.31.40.0-255,66,46592,69,155543
2673,0.001186,172.217.194.0-255,1484,48076,69,155543
2674,0.001194,172.217.194.0-255,5738,53814,69,155543
2675,0.001196,172.31.40.0-255,66,53880,69,155543
2676,0.001204,172.217.194.0-255,7156,61036,69,155543
2677,0.001206,172.31.40.0-255,66,61102,69,155543
2678,0.00124,172.217.194.0-255,5738,66840,69,155543
2679,0.001242,172.217.194.0-255,1484,68324,69,155543
2680,0.001247,172.217.194.0-255,2902,71226,69,155543
2681,0.00125,172.31.40.0-255,66,71292,69,155543
2682,0.001254,172.31.40.0-255,66,71358,69,155543
2683,0.001283,172.217.194.0-255,6438,77796,69,155543
2684,0.00129,172.31.40.0-255,66,77862,69,155543
2685,0.001363,172.217.194.0-255,1484,79346,69,155543
2686,0.001369,172.217.194.0-255,2902,82248,69,155543
2687,0.001371,172.31.40.0-255,66,82314,69,155543
2688,0.001376,172.217.194.0-255,2902,85216,69,155543
2689,0.001378,172.31.40.0-255,66,85282,69,155543
2690,0.001413,172.217.194.0-255,2902,88184,69,155543
2691,0.001416,172.31.40.0-255,66,88250,69,155543
2692,0.001422,172.217.194.0-255,2902,91152,69,155543
2693,0.001424,172.31.40.0-255,66,91218,69,155543
2694,0.00144,172.31.40.0-255,66,91284,69,155543
2695,0.001495,172.31.40.0-255,66,91350,69,155543
2696,0.001672,172.217.194.0-255,1484,92834,69,155543
2697,0.001677,172.217.194.0-255,1484,94318,69,155543
2698,0.00168,172.31.40.0-255,66,94384,69,155543
2699,0.001706,172.217.194.0-255,1484,95868,69,155543
2700,0.001714,172.217.194.0-255,5738,101606,69,155543
2701,0.001716,172.31.40.0-255,66,101672,69,155543
2702,0.001745,172.217.194.0-255,7156,108828,69,155543
2703,0.001748,172.31.40.0-255,66,108894,69,155543
2704,0.001753,172.217.194.0-255,2902,111796,69,155543
2705,0.001755,172.31.40.0-255,66,111862,69,155543
2706,0.001794,172.31.40.0-255,66,111928,69,155543
2707,0.001798,172.217.194.0-255,2184,114112,69,155543
2708,0.001801,172.31.40.0-255,66,114178,69,155543
2709,0.001876,172.217.194.0-255,1484,115662,69,155543
2710,0.001894,172.217.194.0-255,2902,118564,69,155543
2711,0.001897,172.31.40.0-255,66,118630,69,155543
2712,0.001935,172.217.194.0-255,4320,122950,69,155543
2713,0.001937,172.31.40.0-255,66,123016,69,155543
2714,0.001965,172.217.194.0-255,1484,124500,69,155543
2715,0.00198,172.31.40.0-255,66,124566,69,155543
2716,0.001998,172.31.40.0-255,66,124632,69,155543
2717,0.002001,172.217.194.0-255,1484,126116,69,155543
2718,0.002026,172.217.194.0-255,2902,129018,69,155543
2719,0.002028,172.31.40.0-255,66,129084,69,155543
2720,0.002035,172.217.194.0-255,5738,134822,69,155543
2721,0.002038,172.31.40.0-255,66,134888,69,155543
2722,0.002042,172.217.194.0-255,2902,137790,69,155543
2723,0.002051,172.31.40.0-255,66,137856,69,155543
2724,0.0021,172.31.40.0-255,66,137922,69,155543
2725,0.002112,172.31.40.0-255,66,137988,69,155543
2726,0.002119,172.217.194.0-255,4320,142308,69,155543
2727,0.002122,172.31.40.0-255,66,142374,69,155543
2728,0.002175,172.31.40.0-255,66,142440,69,155543
2729,0.002192,172.31.40.0-255,66,142506,69,155543
2730,0.002228,172.31.40.0-255,66,142572,69,155543
2731,0.002245,172.31.40.0-255,66,142638,69,155543
2732,0.002273,172.217.194.0-255,2184,144822,69,155543
2733,0.002275,172.31.40.0-255,66,144888,69,155543
2734,0.002294,172.31.40.0-255,66,144954,69,155543
2735,0.002346,172.31.40.0-255,66,145020,69,155543
2736,0.002372,172.31.40.0-255,66,145086,69,155543
2737,0.002395,172.31.40.0-255,66,145152,69,155543
2738,0.003204,172.217.194.0-255,66,145218,69,155543
2739,0.004671,172.217.194.0-255,1111,146329,69,155543
2740,0.006727,172.31.40.0-255,105,146434,69,155543
2741,0.013338,172.217.194.0-255,66,146500,69,155543
2742,0.034263,172.31.40.0-255,172,146672,69,155543
2743,0.034294,172.31.40.0-255,1116,147788,69,155543
2744,0.034357,172.31.40.0-255,1514,149302,69,155543
2745,0.034359,172.31.40.0-255,1514,150816,69,155543
2746,0.03436,172.31.40.0-255,1514,152330,69,155543
2747,0.034365,172.31.40.0-255,1514,153844,69,155543
2748,0.034366,172.31.40.0-255,1501,155345,69,155543
2749,0.035838,104.244.42.0-255,66,155411,69,155543
2750,0.035876,104.244.42.0-255,66,155477,69,155543
2751,0.035936,104.244.42.0-255,66,155543,69,155543
2752,0.0,74.125.24.0-255,301,301,69,242525
2753,1.2e-05,172.31.40.0-255,66,367,69,242525
2754,1.8e-05,74.125.24.0-255,1484,1851,69,242525
2755,2.2e-05,172.31.40.0-255,66,1917,69,242525
2756,2.8e-05,74.125.24.0-255,4320,6237,69,242525
2757,3e-05,172.31.40.0-255,66,6303,69,242525
2758,4.6e-05,74.125.24.0-255,5738,12041,69,242525
2759,4.8e-05,172.31.40.0-255,66,12107,69,242525
2760,6.1e-05,74.125.24.0-255,1867,13974,69,242525
2761,6.2e-05,172.31.40.0-255,66,14040,69,242525
2762,6.8e-05,74.125.24.0-255,5738,19778,69,242525
2763,7e-05,172.31.40.0-255,66,19844,69,242525
2764,9.6e-05,74.125.24.0-255,2902,22746,69,242525
2765,9.8e-05,172.31.40.0-255,66,22812,69,242525
2766,0.000109,172.31.40.0-255,66,22878,69,242525
2767,0.000132,74.125.24.0-255,7156,30034,69,242525
2768,0.000134,172.31.40.0-255,66,30100,69,242525
2769,0.00014,74.125.24.0-255,5738,35838,69,242525
2770,0.000142,172.31.40.0-255,66,35904,69,242525
2771,0.000155,74.125.24.0-255,766,36670,69,242525
2772,0.000157,172.31.40.0-255,66,36736,69,242525
2773,0.00016,74.125.24.0-255,2902,39638,69,242525
2774,0.000163,172.31.40.0-255,66,39704,69,242525
2775,0.000168,74.125.24.0-255,4320,44024,69,242525
2776,0.00017,172.31.40.0-255,66,44090,69,242525
2777,0.000175,74.125.24.0-255,4320,48410,69,242525
2778,0.000177,172.31.40.0-255,66,48476,69,242525
2779,0.000204,74.125.24.0-255,4320,52796,69,242525
2780,0.000206,172.31.40.0-255,66,52862,69,242525
2781,0.000209,74.125.24.0-255,1457,54319,69,242525
2782,0.00021,172.31.40.0-255,66,54385,69,242525
2783,0.000281,74.125.24.0-255,344,54729,69,242525
2784,0.000559,74.125.24.0-255,1484,56213,69,242525
2785,0.000563,172.31.40.0-255,66,56279,69,242525
2786,0.000568,74.125.24.0-255,2902,59181,69,242525
2787,0.00057,172.31.40.0-255,66,59247,69,242525
2788,0.000573,74.125.24.0-255,1484,60731,69,242525
2789,0.000587,74.125.24.0-255,2902,63633,69,242525
2790,0.000589,172.31.40.0-255,66,63699,69,242525
2791,0.000604,74.125.24.0-255,1484,65183,69,242525
2792,0.000615,74.125.24.0-255,1484,66667,69,242525
2793,0.000617,172.31.40.0-255,66,66733,69,242525
2794,0.000637,74.125.24.0-255,1484,68217,69,242525
2795,0.000642,74.125.24.0-255,4320,72537,69,242525
2796,0.000644,172.31.40.0-255,66,72603,69,242525
2797,0.000653,172.31.40.0-255,66,72669,69,242525
2798,0.000656,74.125.24.0-255,1484,74153,69,242525
2799,0.000678,74.125.24.0-255,6438,80591,69,242525
2800,0.000681,172.31.40.0-255,66,80657,69,242525
2801,0.00116,74.125.24.0-255,1484,82141,69,242525
2802,0.001165,74.125.24.0-255,1484,83625,69,242525
2803,0.001168,172.31.40.0-255,66,83691,69,242525
2804,0.001187,74.125.24.0-255,1484,85175,69,242525
2805,0.001194,74.125.24.0-255,5738,90913,69,242525
2806,0.00122,74.125.24.0-255,2902,93815,69,242525
2807,0.001225,172.31.40.0-255,66,93881,69,242525
2808,0.001228,172.31.40.0-255,66,93947,69,242525
2809,0.001254,172.31.40.0-255,66,94013,69,242525
2810,0.001264,172.31.40.0-255,66,94079,69,242525
2811,0.001267,74.125.24.0-255,766,94845,69,242525
2812,0.001508,74.125.24.0-255,1484,96329,69,242525
2813,0.001513,172.31.40.0-255,66,96395,69,242525
2814,0.001528,74.125.24.0-255,2902,99297,69,242525
2815,0.00153,172.31.40.0-255,66,99363,69,242525
2816,0.001534,74.125.24.0-255,2902,102265,69,242525
2817,0.001536,172.31.40.0-255,66,102331,69,242525
2818,0.001552,74.125.24.0-255,2902,105233,69,242525
2819,0.001554,172.31.40.0-255,66,105299,69,242525
2820,0.001571,74.125.24.0-255,4320,109619,69,242525
2821,0.001573,172.31.40.0-255,66,109685,69,242525
2822,0.001592,74.125.24.0-255,5738,115423,69,242525
2823,0.001595,172.31.40.0-255,66,115489,69,242525
2824,0.001626,74.125.24.0-255,2902,118391,69,242525
2825,0.001629,172.31.40.0-255,66,118457,69,242525
2826,0.00164,172.31.40.0-255,66,118523,69,242525
2827,0.001643,74.125.24.0-255,766,119289,69,242525
2828,0.001739,74.125.24.0-255,1484,120773,69,242525
2829,0.001742,74.125.24.0-255,1484,122257,69,242525
2830,0.001746,172.31.40.0-255,66,122323,69,242525
2831,0.001755,74.125.24.0-255,1484,123807,69,242525
2832,0.001757,172.31.40.0-255,66,123873,69,242525
2833,0.001764,74.125.24.0-255,5738,129611,69,242525
2834,0.001766,172.31.40.0-255,66,129677,69,242525
2835,0.001772,74.125.24.0-255,4320,133997,69,242525
2836,0.001774,172.31.40.0-255,66,134063,69,242525
2837,0.001802,172.31.40.0-255,66,134129,69,242525
2838,0.001812,172.31.40.0-255,66,134195,69,242525
2839,0.001855,74.125.24.0-255,2184,136379,69,242525
2840,0.001858,172.31.40.0-255,66,136445,69,242525
2841,0.001888,74.125.24.0-255,1484,137929,69,242525
2842,0.001891,74.125.24.0-255,1484,139413,69,242525
2843,0.001894,172.31.40.0-255,66,139479,69,242525
2844,0.001917,74.125.24.0-255,1484,140963,69,242525
2845,0.001924,74.125.24.0-255,5738,146701,69,242525
2846,0.001926,172.31.40.0-255,66,146767,69,242525
2847,0.001931,74.125.24.0-255,2902,149669,69,242525
2848,0.001933,172.31.40.0-255,66,149735,69,242525
2849,0.001968,172.31.40.0-255,66,149801,69,242525
2850,0.001986,74.125.24.0-255,4320,154121,69,242525
2851,0.001989,172.31.40.0-255,66,154187,69,242525
2852,0.002018,74.125.24.0-255,6438,160625,69,242525
2853,0.002021,172.31.40.0-255,66,160691,69,242525
2854,0.002036,74.125.24.0-255,1484,162175,69,242525
2855,0.002091,172.31.40.0-255,66,162241,69,242525
2856,0.002108,172.31.40.0-255,66,162307,69,242525
2857,0.00212,172.31.40.0-255,66,162373,69,242525
2858,0.002174,172.31.40.0-255,66,162439,69,242525
2859,0.002194,74.125.24.0-255,5738,168177,69,242525
2860,0.002196,172.31.40.0-255,66,168243,69,242525
2861,0.002244,172.31.40.0-255,66,168309,69,242525
2862,0.002265,74.125.24.0-255,766,169075,69,242525
2863,0.002282,172.31.40.0-255,66,169141,69,242525
2864,0.002293,172.31.40.0-255,66,169207,69,242525
2865,0.002297,74.125.24.0-255,2902,172109,69,242525
2866,0.002299,172.31.40.0-255,66,172175,69,242525
2867,0.002332,172.31.40.0-255,66,172241,69,242525
2868,0.002364,74.125.24.0-255,6438,178679,69,242525
2869,0.002367,172.31.40.0-255,66,178745,69,242525
2870,0.002388,74.125.24.0-255,5738,184483,69,242525
2871,0.002391,172.31.40.0-255,66,184549,69,242525
2872,0.00242,172.31.40.0-255,66,184615,69,242525
2873,0.003567,74.125.24.0-255,1484,186099,69,242525
2874,0.003584,74.125.24.0-255,2902,189001,69,242525
2875,0.00359,172.31.40.0-255,66,189067,69,242525
2876,0.003618,74.125.24.0-255,5738,194805,69,242525
2877,0.003621,172.31.40.0-255,66,194871,69,242525
2878,0.003629,74.125.24.0-255,7156,202027,69,242525
2879,0.00363,172.31.40.0-255,66,202093,69,242525
2880,0.003636,74.125.24.0-255,4320,206413,69,242525
2881,0.003638,172.31.40.0-255,66,206479,69,242525
2882,0.00364,74.125.24.0-255,1484,207963,69,242525
2883,0.003677,74.125.24.0-255,1484,209447,69,242525
2884,0.00368,172.31.40.0-255,66,209513,69,242525
2885,0.003722,74.125.24.0-255,4320,213833,69,242525
2886,0.003726,172.31.40.0-255,66,213899,69,242525
2887,0.003742,74.125.24.0-255,2902,216801,69,242525
2888,0.003744,172.31.40.0-255,66,216867,69,242525
2889,0.003778,74.125.24.0-255,2184,219051,69,242525
2890,0.003782,172.31.40.0-255,66,219117,69,242525
2891,0.005075,74.125.24.0-255,1484,220601,69,242525
2892,0.005087,74.125.24.0-255,2902,223503,69,242525
2893,0.005091,172.31.40.0-255,66,223569,69,242525
2894,0.005096,74.125.24.0-255,1484,225053,69,242525
2895,0.005164,74.125.24.0-255,5738,230791,69,242525
2896,0.005167,172.31.40.0-255,66,230857,69,242525
2897,0.005172,74.125.24.0-255,2153,233010,69,242525
2898,0.005174,172.31.40.0-255,66,233076,69,242525
2899,0.005227,74.125.24.0-255,105,233181,69,242525
2900,0.01044,172.31.40.0-255,66,233247,69,242525
2901,0.010481,172.31.40.0-255,105,233352,69,242525
2902,0.012855,74.125.24.0-255,66,233418,69,242525
2903,0.0356,172.31.40.0-255,172,233590,69,242525
2904,0.035634,172.31.40.0-255,1114,234704,69,242525
2905,0.03573,172.31.40.0-255,1514,236218,69,242525
2906,0.03575,172.31.40.0-255,1514,237732,69,242525
2907,0.035752,172.31.40.0-255,1514,239246,69,242525
2908,0.035774,172.31.40.0-255,1514,240760,69,242525
2909,0.035775,172.31.40.0-255,1501,242261,69,242525
2910,0.037236,104.244.42.0-255,66,242327,69,242525
2911,0.037266,104.244.42.0-255,66,242393,69,242525
2912,0.037429,104.244.42.0-255,66,242459,69,242525
2913,0.03748,104.244.42.0-255,66,242525,69,242525
2914,0.0,74.125.68.0-255,149,149,69,394301
2915,2.3e-05,172.31.40.0-255,66,215,69,394301
2916,3e-05,74.125.68.0-255,1484,1699,69,394301
2917,3.4e-05,172.31.40.0-255,66,1765,69,394301
2918,3.9e-05,74.125.68.0-255,2902,4667,69,394301
2919,4.2e-05,172.31.40.0-255,66,4733,69,394301
2920,4.9e-05,74.125.68.0-255,5738,10471,69,394301
2921,5.2e-05,172.31.40.0-255,66,10537,69,394301
2922,7.6e-05,74.125.68.0-255,2902,13439,69,394301
2923,7.9e-05,172.31.40.0-255,66,13505,69,394301
2924,0.0001,74.125.68.0-255,646,14151,69,394301
2925,0.000102,172.31.40.0-255,66,14217,69,394301
2926,0.000122,74.125.68.0-255,1484,15701,69,394301
2927,0.000124,172.31.40.0-255,66,15767,69,394301
2928,0.000146,74.125.68.0-255,2902,18669,69,394301
2929,0.000149,172.31.40.0-255,66,18735,69,394301
2930,0.000155,74.125.68.0-255,5738,24473,69,394301
2931,0.000157,172.31.40.0-255,66,24539,69,394301
2932,0.000178,74.125.68.0-255,1484,26023,69,394301
2933,0.00018,172.31.40.0-255,66,26089,69,394301
2934,0.000201,74.125.68.0-255,5379,31468,69,394301
2935,0.000204,172.31.40.0-255,66,31534,69,394301
2936,0.000211,74.125.68.0-255,7156,38690,69,394301
2937,0.000214,172.31.40.0-255,66,38756,69,394301
2938,0.000236,74.125.68.0-255,1484,40240,69,394301
2939,0.000238,172.31.40.0-255,66,40306,69,394301
2940,0.000268,172.31.40.0-255,66,40372,69,394301
2941,0.000287,74.125.68.0-255,1484,41856,69,394301
2942,0.000289,172.31.40.0-255,66,41922,69,394301
2943,0.000304,74.125.68.0-255,1484,43406,69,394301
2944,0.000306,172.31.40.0-255,66,43472,69,394301
2945,0.000321,74.125.68.0-255,1484,44956,69,394301
2946,0.000329,74.125.68.0-255,5738,50694,69,394301
2947,0.000331,172.31.40.0-255,66,50760,69,394301
2948,0.000336,74.125.68.0-255,2902,53662,69,394301
2949,0.000337,172.31.40.0-255,66,53728,69,394301
2950,0.00034,74.125.68.0-255,1484,55212,69,394301
2951,0.000364,74.125.68.0-255,2543,57755,69,394301
2952,0.00038,172.31.40.0-255,66,57821,69,394301
2953,0.000383,74.125.68.0-255,402,58223,69,394301
2954,0.000489,74.125.68.0-255,1484,59707,69,394301
2955,0.000493,172.31.40.0-255,66,59773,69,394301
2956,0.000498,74.125.68.0-255,2902,62675,69,394301
2957,0.000501,172.31.40.0-255,66,62741,69,394301
2958,0.000517,74.125.68.0-255,4320,67061,69,394301
2959,0.00052,172.31.40.0-255,66,67127,69,394301
2960,0.000538,74.125.68.0-255,1484,68611,69,394301
2961,0.000544,74.125.68.0-255,4320,72931,69,394301
2962,0.000547,172.31.40.0-255,66,72997,69,394301
2963,0.000584,74.125.68.0-255,4237,77234,69,394301
2964,0.000598,74.125.68.0-255,4320,81554,69,394301
2965,0.000652,74.125.68.0-255,4320,85874,69,394301
2966,0.000671,74.125.68.0-255,5738,91612,69,394301
2967,0.000674,74.125.68.0-255,1125,92737,69,394301
2968,0.000731,74.125.68.0-255,1484,94221,69,394301
2969,0.000736,74.125.68.0-255,2902,97123,69,394301
2970,0.000755,74.125.68.0-255,5738,102861,69,394301
2971,0.000789,74.125.68.0-255,4320,107181,69,394301
2972,0.000811,74.125.68.0-255,7156,114337,69,394301
2973,0.000828,74.125.68.0-255,1484,115821,69,394301
2974,0.000834,74.125.68.0-255,4320,120141,69,394301
2975,0.000851,74.125.68.0-255,1484,121625,69,394301
2976,0.000865,74.125.68.0-255,5020,126645,69,394301
2977,0.000882,172.31.40.0-255,66,126711,69,394301
2978,0.000932,74.125.68.0-255,1484,128195,69,394301
2979,0.000938,74.125.68.0-255,2902,131097,69,394301
2980,0.000943,172.31.40.0-255,66,131163,69,394301
2981,0.000962,74.125.68.0-255,4320,135483,69,394301
2982,0.000984,74.125.68.0-255,4320,139803,69,394301
2983,0.00099,172.31.40.0-255,66,139869,69,394301
2984,0.001008,74.125.68.0-255,4320,144189,69,394301
2985,0.001015,74.125.68.0-255,7156,151345,69,394301
2986,0.001018,74.125.68.0-255,1484,152829,69,394301
2987,0.001029,172.31.40.0-255,66,152895,69,394301
2988,0.001044,74.125.68.0-255,7156,160051,69,394301
2989,0.001048,74.125.68.0-255,766,160817,69,394301
2990,0.001068,172.31.40.0-255,66,160883,69,394301
2991,0.001156,74.125.68.0-255,1484,162367,69,394301
2992,0.001179,74.125.68.0-255,2902,165269,69,394301
2993,0.001184,74.125.68.0-255,4320,169589,69,394301
2994,0.001188,172.31.40.0-255,66,169655,69,394301
2995,0.001195,74.125.68.0-255,1484,171139,69,394301
2996,0.001215,74.125.68.0-255,1484,172623,69,394301
2997,0.001225,74.125.68.0-255,2902,175525,69,394301
2998,0.001236,74.125.68.0-255,2902,178427,69,394301
2999,0.001239,172.31.40.0-255,66,178493,69,394301
3000,0.001248,74.125.68.0-255,2902,181395,69,394301
3001,0.00126,74.125.68.0-255,1484,182879,69,394301
3002,0.001281,74.125.68.0-255,2184,185063,69,394301
3003,0.001298,172.31.40.0-255,66,185129,69,394301
3004,0.001345,74.125.68.0-255,1484,186613,69,394301
3005,0.001359,74.125.68.0-255,2902,189515,69,394301
3006,0.001364,172.31.40.0-255,66,189581,69,394301
3007,0.001375,74.125.68.0-255,4320,193901,69,394301
3008,0.001384,172.31.40.0-255,66,193967,69,394301
3009,0.001397,74.125.68.0-255,5738,199705,69,394301
3010,0.00141,74.125.68.0-255,2902,202607,69,394301
3011,0.001416,74.125.68.0-255,5738,208345,69,394301
3012,0.001426,74.125.68.0-255,1484,209829,69,394301
3013,0.001437,74.125.68.0-255,2902,212731,69,394301
3014,0.001445,172.31.40.0-255,66,212797,69,394301
3015,0.001461,74.125.68.0-255,5738,218535,69,394301
3016,0.001464,74.125.68.0-255,766,219301,69,394301
3017,0.001487,172.31.40.0-255,66,219367,69,394301
3018,0.001533,74.125.68.0-255,1484,220851,69,394301
3019,0.001552,74.125.68.0-255,2902,223753,69,394301
3020,0.00157,74.125.68.0-255,2902,226655,69,394301
3021,0.001578,172.31.40.0-255,66,226721,69,394301
3022,0.001583,74.125.68.0-255,2902,229623,69,394301
3023,0.001587,74.125.68.0-255,2902,232525,69,394301
3024,0.001593,172.31.40.0-255,66,232591,69,394301
3025,0.001611,74.125.68.0-255,2902,235493,69,394301
3026,0.001637,74.125.68.0-255,7156,242649,69,394301
3027,0.001659,172.31.40.0-255,66,242715,69,394301
3028,0.001696,74.125.68.0-255,1484,244199,69,394301
3029,0.001713,74.125.68.0-255,2902,247101,69,394301
3030,0.001715,74.125.68.0-255,1484,248585,69,394301
3031,0.001767,172.31.40.0-255,66,248651,69,394301
3032,0.001774,74.125.68.0-255,2902,251553,69,394301
3033,0.001779,74.125.68.0-255,5738,257291,69,394301
3034,0.001793,172.31.40.0-255,66,257357,69,394301
3035,0.001802,74.125.68.0-255,1484,258841,69,394301
3036,0.001826,74.125.68.0-255,4320,263161,69,394301
3037,0.001835,172.31.40.0-255,66,263227,69,394301
3038,0.001854,74.125.68.0-255,6438,269665,69,394301
3039,0.001857,74.125.68.0-255,1484,271149,69,394301
3040,0.001871,172.31.40.0-255,66,271215,69,394301
3041,0.001877,74.125.68.0-255,2902,274117,69,394301
3042,0.001881,172.31.40.0-255,66,274183,69,394301
3043,0.001892,74.125.68.0-255,4320,278503,69,394301
3044,0.001911,74.125.68.0-255,7156,285659,69,394301
3045,0.001918,74.125.68.0-255,7156,292815,69,394301
3046,0.001923,74.125.68.0-255,2902,295717,69,394301
3047,0.001942,74.125.68.0-255,5738,301455,69,394301
3048,0.001945,74.125.68.0-255,766,302221,69,394301
3049,0.001949,172.31.40.0-255,66,302287,69,394301
3050,0.004062,74.125.68.0-255,5738,308025,69,394301
3051,0.004068,172.31.40.0-255,66,308091,69,394301
3052,0.006183,74.125.68.0-255,5738,313829,69,394301
3053,0.006193,172.31.40.0-255,66,313895,69,394301
3054,0.008311,74.125.68.0-255,5738,319633,69,394301
3055,0.008316,172.31.40.0-255,66,319699,69,394301
3056,0.010434,74.125.68.0-255,5738,325437,69,394301
3057,0.010442,172.31.40.0-255,66,325503,69,394301
3058,0.012562,74.125.68.0-255,5738,331241,69,394301
3059,0.01257,172.31.40.0-255,66,331307,69,394301
3060,0.014693,74.125.68.0-255,5738,337045,69,394301
3061,0.014701,172.31.40.0-255,66,337111,69,394301
3062,0.01682,74.125.68.0-255,2902,340013,69,394301
3063,0.01683,172.31.40.0-255,66,340079,69,394301
3064,0.016852,74.125.68.0-255,2902,342981,69,394301
3065,0.016854,172.31.40.0-255,66,343047,69,394301
3066,0.018946,74.125.68.0-255,2902,345949,69,394301
3067,0.018952,172.31.40.0-255,66,346015,69,394301
3068,0.018974,74.125.68.0-255,2902,348917,69,394301
3069,0.018976,172.31.40.0-255,66,348983,69,394301
3070,0.021067,74.125.68.0-255,2902,351885,69,394301
3071,0.021077,172.31.40.0-255,66,351951,69,394301
3072,0.021098,74.125.68.0-255,2902,354853,69,394301
3073,0.0211,172.31.40.0-255,66,354919,69,394301
3074,0.023192,74.125.68.0-255,2902,357821,69,394301
3075,0.023199,172.31.40.0-255,66,357887,69,394301
3076,0.023222,74.125.68.0-255,2902,360789,69,394301
3077,0.023224,172.31.40.0-255,66,360855,69,394301
3078,0.025308,74.125.68.0-255,2902,363757,69,394301
3079,0.025317,172.31.40.0-255,66,363823,69,394301
3080,0.02534,74.125.68.0-255,2902,366725,69,394301
3081,0.025343,172.31.40.0-255,66,366791,69,394301
3082,0.027422,74.125.68.0-255,2902,369693,69,394301
3083,0.027428,172.31.40.0-255,66,369759,69,394301
3084,0.027446,74.125.68.0-255,2902,372661,69,394301
3085,0.027449,172.31.40.0-255,66,372727,69,394301
3086,0.029558,74.125.68.0-255,4320,377047,69,394301
3087,0.029563,172.31.40.0-255,66,377113,69,394301
3088,0.029583,74.125.68.0-255,1484,378597,69,394301
3089,0.03168,74.125.68.0-255,4320,382917,69,394301
3090,0.031687,172.31.40.0-255,66,382983,69,394301
3091,0.033801,74.125.68.0-255,1974,384957,69,394301
3092,0.033808,172.31.40.0-255,66,385023,69,394301
3093,0.033985,172.31.40.0-255,105,385128,69,394301
3094,0.036068,74.125.68.0-255,66,385194,69,394301
3095,0.038013,172.31.40.0-255,172,385366,69,394301
3096,0.038043,172.31.40.0-255,1114,386480,69,394301
3097,0.038104,172.31.40.0-255,1514,387994,69,394301
3098,0.038106,172.31.40.0-255,1514,389508,69,394301
3099,0.038111,172.31.40.0-255,1514,391022,69,394301
3100,0.038112,172.31.40.0-255,1514,392536,69,394301
3101,0.038134,172.31.40.0-255,1501,394037,69,394301
3102,0.039706,104.244.42.0-255,66,394103,69,394301
3103,0.039735,104.244.42.0-255,66,394169,69,394301
3104,0.039778,104.244.42.0-255,66,394235,69,394301
3105,0.039883,104.244.42.0-255,66,394301,69,394301
3106,0.0,74.125.68.0-255,153,153,69,259436
3107,2.2e-05,172.31.40.0-255,66,219,69,259436
3108,2.9e-05,74.125.68.0-255,1484,1703,69,259436
3109,3.4e-05,172.31.40.0-255,66,1769,69,259436
3110,3.7e-05,74.125.68.0-255,1484,3253,69,259436
3111,4e-05,172.31.40.0-255,66,3319,69,259436
3112,6.8e-05,74.125.68.0-255,2902,6221,69,259436
3113,7.2e-05,172.31.40.0-255,66,6287,69,259436
3114,7.9e-05,74.125.68.0-255,5738,12025,69,259436
3115,8.2e-05,172.31.40.0-255,66,12091,69,259436
3116,8.5e-05,74.125.68.0-255,1484,13575,69,259436
3117,8.7e-05,172.31.40.0-255,66,13641,69,259436
3118,0.000104,74.125.68.0-255,645,14286,69,259436
3119,0.000107,172.31.40.0-255,66,14352,69,259436
3120,0.000551,74.125.68.0-255,1484,15836,69,259436
3121,0.000557,172.31.40.0-255,66,15902,69,259436
3122,0.000566,74.125.68.0-255,2902,18804,69,259436
3123,0.000569,172.31.40.0-255,66,18870,69,259436
3124,0.000574,74.125.68.0-255,2902,21772,69,259436
3125,0.000576,172.31.40.0-255,66,21838,69,259436
3126,0.000594,74.125.68.0-255,2902,24740,69,259436
3127,0.000597,172.31.40.0-255,66,24806,69,259436
3128,0.000613,74.125.68.0-255,4320,29126,69,259436
3129,0.000616,172.31.40.0-255,66,29192,69,259436
3130,0.000638,74.125.68.0-255,1484,30676,69,259436
3131,0.000641,172.31.40.0-255,66,30742,69,259436
3132,0.000644,74.125.68.0-255,1125,31867,69,259436
3133,0.000646,172.31.40.0-255,66,31933,69,259436
3134,0.00107,74.125.68.0-255,1484,33417,69,259436
3135,0.001078,172.31.40.0-255,66,33483,69,259436
3136,0.001084,74.125.68.0-255,2902,36385,69,259436
3137,0.001087,172.31.40.0-255,66,36451,69,259436
3138,0.001091,74.125.68.0-255,2902,39353,69,259436
3139,0.001094,172.31.40.0-255,66,39419,69,259436
3140,0.001108,74.125.68.0-255,2902,42321,69,259436
3141,0.001111,172.31.40.0-255,66,42387,69,259436
3142,0.001115,74.125.68.0-255,2902,45289,69,259436
3143,0.001117,172.31.40.0-255,66,45355,69,259436
3144,0.001151,172.31.40.0-255,66,45421,69,259436
3145,0.001164,74.125.68.0-255,2543,47964,69,259436
3146,0.001166,172.31.40.0-255,66,48030,69,259436
3147,0.001171,74.125.68.0-255,4320,52350,69,259436
3148,0.001173,172.31.40.0-255,66,52416,69,259436
3149,0.001208,74.125.68.0-255,5690,58106,69,259436
3150,0.001211,172.31.40.0-255,66,58172,69,259436
3151,0.001248,74.125.68.0-255,111,58283,69,259436
3152,0.001403,74.125.68.0-255,1484,59767,69,259436
3153,0.001408,172.31.40.0-255,66,59833,69,259436
3154,0.001412,74.125.68.0-255,1484,61317,69,259436
3155,0.001427,74.125.68.0-255,1484,62801,69,259436
3156,0.00143,172.31.40.0-255,66,62867,69,259436
3157,0.001433,74.125.68.0-255,1484,64351,69,259436
3158,0.001452,74.125.68.0-255,4320,68671,69,259436
3159,0.001455,172.31.40.0-255,66,68737,69,259436
3160,0.001476,74.125.68.0-255,7156,75893,69,259436
3161,0.001479,172.31.40.0-255,66,75959,69,259436
3162,0.001501,74.125.68.0-255,1125,77084,69,259436
3163,0.001512,172.31.40.0-255,66,77150,69,259436
3164,0.00152,74.125.68.0-255,6797,83947,69,259436
3165,0.001522,172.31.40.0-255,66,84013,69,259436
3166,0.001666,74.125.68.0-255,1484,85497,69,259436
3167,0.001688,74.125.68.0-255,2902,88399,69,259436
3168,0.001692,172.31.40.0-255,66,88465,69,259436
3169,0.00172,74.125.68.0-255,1484,89949,69,259436
3170,0.001739,74.125.68.0-255,2902,92851,69,259436
3171,0.001742,172.31.40.0-255,66,92917,69,259436
3172,0.001757,74.125.68.0-255,2902,95819,69,259436
3173,0.00176,172.31.40.0-255,66,95885,69,259436
3174,0.001785,74.125.68.0-255,2902,98787,69,259436
3175,0.001788,172.31.40.0-255,66,98853,69,259436
3176,0.001796,74.125.68.0-255,7156,106009,69,259436
3177,0.001798,172.31.40.0-255,66,106075,69,259436
3178,0.001823,74.125.68.0-255,7156,113231,69,259436
3179,0.001826,172.31.40.0-255,66,113297,69,259436
3180,0.001847,74.125.68.0-255,5020,118317,69,259436
3181,0.00185,172.31.40.0-255,66,118383,69,259436
3182,0.001867,74.125.68.0-255,1484,119867,69,259436
3183,0.001883,74.125.68.0-255,2902,122769,69,259436
3184,0.001886,172.31.40.0-255,66,122835,69,259436
3185,0.001889,74.125.68.0-255,1484,124319,69,259436
3186,0.001906,74.125.68.0-255,4320,128639,69,259436
3187,0.00191,172.31.40.0-255,66,128705,69,259436
3188,0.001916,74.125.68.0-255,5738,134443,69,259436
3189,0.001948,172.31.40.0-255,66,134509,69,259436
3190,0.001955,74.125.68.0-255,5738,140247,69,259436
3191,0.00196,172.31.40.0-255,66,140313,69,259436
3192,0.001967,74.125.68.0-255,1484,141797,69,259436
3193,0.00197,74.125.68.0-255,1484,143281,69,259436
3194,0.00199,74.125.68.0-255,5738,149019,69,259436
3195,0.002002,172.31.40.0-255,66,149085,69,259436
3196,0.002021,74.125.68.0-255,1484,150569,69,259436
3197,0.002038,74.125.68.0-255,2184,152753,69,259436
3198,0.00206,172.31.40.0-255,66,152819,69,259436
3199,0.002289,74.125.68.0-255,1484,154303,69,259436
3200,0.002335,74.125.68.0-255,1484,155787,69,259436
3201,0.002338,172.31.40.0-255,66,155853,69,259436
3202,0.002343,74.125.68.0-255,1484,157337,69,259436
3203,0.004372,74.125.68.0-255,1484,158821,69,259436
3204,0.004377,172.31.40.0-255,66,158887,69,259436
3205,0.004662,74.125.68.0-255,2902,161789,69,259436
3206,0.004665,172.31.40.0-255,66,161855,69,259436
3207,0.006707,74.125.68.0-255,2902,164757,69,259436
3208,0.006714,172.31.40.0-255,66,164823,69,259436
3209,0.00699,74.125.68.0-255,2902,167725,69,259436
3210,0.006997,172.31.40.0-255,66,167791,69,259436
3211,0.009073,74.125.68.0-255,2902,170693,69,259436
3212,0.009082,172.31.40.0-255,66,170759,69,259436
3213,0.009313,74.125.68.0-255,2902,173661,69,259436
3214,0.009316,172.31.40.0-255,66,173727,69,259436
3215,0.011405,74.125.68.0-255,2902,176629,69,259436
3216,0.011412,172.31.40.0-255,66,176695,69,259436
3217,0.011633,74.125.68.0-255,2902,179597,69,259436
3218,0.011638,172.31.40.0-255,66,179663,69,259436
3219,0.013732,74.125.68.0-255,2902,182565,69,259436
3220,0.013741,172.31.40.0-255,66,182631,69,259436
3221,0.013984,74.125.68.0-255,2902,185533,69,259436
3222,0.01399,172.31.40.0-255,66,185599,69,259436
3223,0.016078,74.125.68.0-255,2902,188501,69,259436
3224,0.016086,172.31.40.0-255,66,188567,69,259436
3225,0.016321,74.125.68.0-255,2902,191469,69,259436
3226,0.016326,172.31.40.0-255,66,191535,69,259436
3227,0.018424,74.125.68.0-255,2902,194437,69,259436
3228,0.018434,172.31.40.0-255,66,194503,69,259436
3229,0.018702,74.125.68.0-255,2902,197405,69,259436
3230,0.018708,172.31.40.0-255,66,197471,69,259436
3231,0.020762,74.125.68.0-255,2902,200373,69,259436
3232,0.020769,172.31.40.0-255,66,200439,69,259436
3233,0.021045,74.125.68.0-255,2902,203341,69,259436
3234,0.021053,172.31.40.0-255,66,203407,69,259436
3235,0.023109,74.125.68.0-255,2902,206309,69,259436
3236,0.023117,172.31.40.0-255,66,206375,69,259436
3237,0.023379,74.125.68.0-255,2902,209277,69,259436
3238,0.023385,172.31.40.0-255,66,209343,69,259436
3239,0.025442,74.125.68.0-255,2902,212245,69,259436
3240,0.025451,172.31.40.0-255,66,212311,69,259436
3241,0.025714,74.125.68.0-255,2902,215213,69,259436
3242,0.025721,172.31.40.0-255,66,215279,69,259436
3243,0.027768,74.125.68.0-255,1484,216763,69,259436
3244,0.027793,74.125.68.0-255,1484,218247,69,259436
3245,0.027798,172.31.40.0-255,66,218313,69,259436
3246,0.028041,74.125.68.0-255,2902,221215,69,259436
3247,0.028047,172.31.40.0-255,66,221281,69,259436
3248,0.030123,74.125.68.0-255,1484,222765,69,259436
3249,0.030369,74.125.68.0-255,4320,227085,69,259436
3250,0.030378,172.31.40.0-255,66,227151,69,259436
3251,0.032713,74.125.68.0-255,5738,232889,69,259436
3252,0.032721,172.31.40.0-255,66,232955,69,259436
3253,0.034632,172.31.40.0-255,199,233154,69,259436
3254,0.034663,172.31.40.0-255,1114,234268,69,259436
3255,0.034734,172.31.40.0-255,1514,235782,69,259436
3256,0.034736,172.31.40.0-255,1514,237296,69,259436
3257,0.034737,172.31.40.0-255,1514,238810,69,259436
3258,0.034742,172.31.40.0-255,1514,240324,69,259436
3259,0.034744,172.31.40.0-255,1502,241826,69,259436
3260,0.035049,74.125.68.0-255,5738,247564,69,259436
3261,0.035054,172.31.40.0-255,66,247630,69,259436
3262,0.036158,104.244.42.0-255,66,247696,69,259436
3263,0.036223,104.244.42.0-255,66,247762,69,259436
3264,0.03631,104.244.42.0-255,66,247828,69,259436
3265,0.037393,74.125.68.0-255,5738,253566,69,259436
3266,0.0374,172.31.40.0-255,66,253632,69,259436
3267,0.039733,74.125.68.0-255,5738,259370,69,259436
3268,0.03974,172.31.40.0-255,66,259436,69,259436
3269,0.0,172.217.194.0-255,152,152,69,264426
3270,1.6e-05,172.31.40.0-255,66,218,69,264426
3271,2.3e-05,172.217.194.0-255,1484,1702,69,264426
3272,2.8e-05,172.31.40.0-255,66,1768,69,264426
3273,4.2e-05,172.217.194.0-255,2902,4670,69,264426
3274,4.7e-05,172.31.40.0-255,66,4736,69,264426
3275,5.5e-05,172.217.194.0-255,7156,11892,69,264426
3276,5.8e-05,172.31.40.0-255,66,11958,69,264426
3277,9.2e-05,172.217.194.0-255,2102,14060,69,264426
3278,9.5e-05,172.31.40.0-255,66,14126,69,264426
3279,0.000132,172.217.194.0-255,1484,15610,69,264426
3280,0.000135,172.31.40.0-255,66,15676,69,264426
3281,0.000139,172.217.194.0-255,1484,17160,69,264426
3282,0.000142,172.31.40.0-255,66,17226,69,264426
3283,0.000175,172.217.194.0-255,1484,18710,69,264426
3284,0.000178,172.31.40.0-255,66,18776,69,264426
3285,0.000185,172.217.194.0-255,5738,24514,69,264426
3286,0.000188,172.31.40.0-255,66,24580,69,264426
3287,0.000199,172.217.194.0-255,6797,31377,69,264426
3288,0.000202,172.31.40.0-255,66,31443,69,264426
3289,0.000253,172.217.194.0-255,1484,32927,69,264426
3290,0.000257,172.31.40.0-255,66,32993,69,264426
3291,0.000262,172.217.194.0-255,2902,35895,69,264426
3292,0.000264,172.31.40.0-255,66,35961,69,264426
3293,0.000269,172.217.194.0-255,2902,38863,69,264426
3294,0.000276,172.31.40.0-255,66,38929,69,264426
3295,0.00031,172.217.194.0-255,2902,41831,69,264426
3296,0.000313,172.31.40.0-255,66,41897,69,264426
3297,0.000319,172.217.194.0-255,4320,46217,69,264426
3298,0.000321,172.31.40.0-255,66,46283,69,264426
3299,0.000329,172.217.194.0-255,7156,53439,69,264426
3300,0.000332,172.31.40.0-255,66,53505,69,264426
3301,0.000368,172.217.194.0-255,5379,58884,69,264426
3302,0.000372,172.31.40.0-255,66,58950,69,264426
3303,0.000379,172.217.194.0-255,7049,65999,69,264426
3304,0.000381,172.31.40.0-255,66,66065,69,264426
3305,0.000385,172.217.194.0-255,118,66183,69,264426
3306,0.000388,172.217.194.0-255,381,66564,69,264426
3307,0.000751,172.217.194.0-255,1484,68048,69,264426
3308,0.000757,172.31.40.0-255,66,68114,69,264426
3309,0.000763,172.217.194.0-255,2902,71016,69,264426
3310,0.000766,172.31.40.0-255,66,71082,69,264426
3311,0.000769,172.217.194.0-255,1484,72566,69,264426
3312,0.000803,172.217.194.0-255,4320,76886,69,264426
3313,0.000806,172.31.40.0-255,66,76952,69,264426
3314,0.00082,172.31.40.0-255,66,77018,69,264426
3315,0.000822,172.217.194.0-255,1484,78502,69,264426
3316,0.000868,172.31.40.0-255,66,78568,69,264426
3317,0.001124,172.217.194.0-255,1484,80052,69,264426
3318,0.001146,172.217.194.0-255,2902,82954,69,264426
3319,0.001149,172.31.40.0-255,66,83020,69,264426
3320,0.001156,172.217.194.0-255,5738,88758,69,264426
3321,0.001158,172.31.40.0-255,66,88824,69,264426
3322,0.001197,172.31.40.0-255,66,88890,69,264426
3323,0.001209,172.31.40.0-255,66,88956,69,264426
3324,0.001219,172.217.194.0-255,5020,93976,69,264426
3325,0.001223,172.31.40.0-255,66,94042,69,264426
3326,0.001266,172.217.194.0-255,1484,95526,69,264426
3327,0.00128,172.217.194.0-255,2902,98428,69,264426
3328,0.001283,172.31.40.0-255,66,98494,69,264426
3329,0.001287,172.217.194.0-255,1484,99978,69,264426
3330,0.00131,172.217.194.0-255,4320,104298,69,264426
3331,0.001313,172.31.40.0-255,66,104364,69,264426
3332,0.001316,172.217.194.0-255,1484,105848,69,264426
3333,0.001333,172.217.194.0-255,7156,113004,69,264426
3334,0.001336,172.31.40.0-255,66,113070,69,264426
3335,0.001367,172.217.194.0-255,1484,114554,69,264426
3336,0.001429,172.31.40.0-255,66,114620,69,264426
3337,0.001459,172.217.194.0-255,2184,116804,69,264426
3338,0.001462,172.31.40.0-255,66,116870,69,264426
3339,0.001643,172.217.194.0-255,1484,118354,69,264426
3340,0.00165,172.217.194.0-255,2902,121256,69,264426
3341,0.001653,172.31.40.0-255,66,121322,69,264426
3342,0.001659,172.217.194.0-255,5738,127060,69,264426
3343,0.001661,172.31.40.0-255,66,127126,69,264426
3344,0.001693,172.217.194.0-255,7156,134282,69,264426
3345,0.001696,172.31.40.0-255,66,134348,69,264426
3346,0.001701,172.217.194.0-255,2902,137250,69,264426
3347,0.001703,172.31.40.0-255,66,137316,69,264426
3348,0.001744,172.31.40.0-255,66,137382,69,264426
3349,0.001748,172.217.194.0-255,2184,139566,69,264426
3350,0.00175,172.31.40.0-255,66,139632,69,264426
3351,0.001755,172.217.194.0-255,2902,142534,69,264426
3352,0.001762,172.31.40.0-255,66,142600,69,264426
3353,0.001769,172.217.194.0-255,7156,149756,69,264426
3354,0.001771,172.31.40.0-255,66,149822,69,264426
3355,0.001779,172.217.194.0-255,7156,156978,69,264426
3356,0.001782,172.31.40.0-255,66,157044,69,264426
3357,0.001831,172.31.40.0-255,66,157110,69,264426
3358,0.001834,172.217.194.0-255,766,157876,69,264426
3359,0.002338,172.217.194.0-255,1484,159360,69,264426
3360,0.002343,172.31.40.0-255,66,159426,69,264426
3361,0.002348,172.217.194.0-255,2902,162328,69,264426
3362,0.002351,172.31.40.0-255,66,162394,69,264426
3363,0.002361,172.217.194.0-255,5738,168132,69,264426
3364,0.002364,172.31.40.0-255,66,168198,69,264426
3365,0.002417,172.31.40.0-255,66,168264,69,264426
3366,0.00243,172.31.40.0-255,66,168330,69,264426
3367,0.002489,172.217.194.0-255,1484,169814,69,264426
3368,0.002493,172.217.194.0-255,1484,171298,69,264426
3369,0.002496,172.31.40.0-255,66,171364,69,264426
3370,0.00251,172.217.194.0-255,1484,172848,69,264426
3371,0.002521,172.217.194.0-255,5738,178586,69,264426
3372,0.002523,172.31.40.0-255,66,178652,69,264426
3373,0.002529,172.217.194.0-255,4320,182972,69,264426
3374,0.002531,172.31.40.0-255,66,183038,69,264426
3375,0.002579,172.31.40.0-255,66,183104,69,264426
3376,0.002591,172.31.40.0-255,66,183170,69,264426
3377,0.005145,172.217.194.0-255,5738,188908,69,264426
3378,0.005154,172.31.40.0-255,66,188974,69,264426
3379,0.007718,172.217.194.0-255,5738,194712,69,264426
3380,0.007723,172.31.40.0-255,66,194778,69,264426
3381,0.010301,172.217.194.0-255,5738,200516,69,264426
3382,0.010308,172.31.40.0-255,66,200582,69,264426
3383,0.012888,172.217.194.0-255,5738,206320,69,264426
3384,0.012897,172.31.40.0-255,66,206386,69,264426
3385,0.01547,172.217.194.0-255,5738,212124,69,264426
3386,0.015477,172.31.40.0-255,66,212190,69,264426
3387,0.018028,172.217.194.0-255,5738,217928,69,264426
3388,0.018036,172.31.40.0-255,66,217994,69,264426
3389,0.020617,172.217.194.0-255,5738,223732,69,264426
3390,0.020628,172.31.40.0-255,66,223798,69,264426
3391,0.023247,172.217.194.0-255,5738,229536,69,264426
3392,0.023255,172.31.40.0-255,66,229602,69,264426
3393,0.025834,172.217.194.0-255,5738,235340,69,264426
3394,0.025841,172.31.40.0-255,66,235406,69,264426
3395,0.028408,172.217.194.0-255,5738,241144,69,264426
3396,0.028414,172.31.40.0-255,66,241210,69,264426
3397,0.030993,172.217.194.0-255,5738,246948,69,264426
3398,0.031001,172.31.40.0-255,66,247014,69,264426
3399,0.033594,172.217.194.0-255,5738,252752,69,264426
3400,0.033601,172.31.40.0-255,66,252818,69,264426
3401,0.036155,172.217.194.0-255,5738,258556,69,264426
3402,0.036163,172.31.40.0-255,66,258622,69,264426
3403,0.038744,172.217.194.0-255,5738,264360,69,264426
3404,0.038757,172.31.40.0-255,66,264426,69,264426
3405,0.0,172.217.194.0-255,167,167,69,152602
3406,2.8e-05,172.31.40.0-255,66,233,69,152602
3407,3.6e-05,172.217.194.0-255,1484,1717,69,152602
3408,4.1e-05,172.31.40.0-255,66,1783,69,152602
3409,5.5e-05,172.217.194.0-255,2902,4685,69,152602
3410,5.9e-05,172.31.40.0-255,66,4751,69,152602
3411,6.7e-05,172.217.194.0-255,7156,11907,69,152602
3412,7e-05,172.31.40.0-255,66,11973,69,152602
3413,0.000116,172.217.194.0-255,2056,14029,69,152602
3414,0.00012,172.31.40.0-255,66,14095,69,152602
3415,0.000126,172.217.194.0-255,2902,16997,69,152602
3416,0.000129,172.31.40.0-255,66,17063,69,152602
3417,0.000158,172.217.194.0-255,7156,24219,69,152602
3418,0.000161,172.31.40.0-255,66,24285,69,152602
3419,0.000236,172.217.194.0-255,4320,28605,69,152602
3420,0.000239,172.31.40.0-255,66,28671,69,152602
3421,0.000266,172.217.194.0-255,2543,31214,69,152602
3422,0.000269,172.31.40.0-255,66,31280,69,152602
3423,0.000302,172.217.194.0-255,2902,34182,69,152602
3424,0.000304,172.31.40.0-255,66,34248,69,152602
3425,0.000332,172.217.194.0-255,4320,38568,69,152602
3426,0.000335,172.31.40.0-255,66,38634,69,152602
3427,0.000391,172.217.194.0-255,5738,44372,69,152602
3428,0.000394,172.31.40.0-255,66,44438,69,152602
3429,0.000428,172.31.40.0-255,66,44504,69,152602
3430,0.000584,172.31.40.0-255,66,44570,69,152602
3431,0.000603,172.217.194.0-255,2832,47402,69,152602
3432,0.000606,172.31.40.0-255,66,47468,69,152602
3433,0.000652,172.217.194.0-255,398,47866,69,152602
3434,0.000655,172.31.40.0-255,66,47932,69,152602
3435,0.000686,172.217.194.0-255,1484,49416,69,152602
3436,0.000703,172.217.194.0-255,4320,53736,69,152602
3437,0.000723,172.217.194.0-255,4320,58056,69,152602
3438,0.00074,172.217.194.0-255,4320,62376,69,152602
3439,0.000758,172.31.40.0-255,66,62442,69,152602
3440,0.000853,172.217.194.0-255,4320,66762,69,152602
3441,0.000869,172.217.194.0-255,5738,72500,69,152602
3442,0.000884,172.31.40.0-255,66,72566,69,152602
3443,0.000893,172.217.194.0-255,7156,79722,69,152602
3444,0.000907,172.31.40.0-255,66,79788,69,152602
3445,0.000911,172.217.194.0-255,2184,81972,69,152602
3446,0.000934,172.31.40.0-255,66,82038,69,152602
3447,0.001056,172.217.194.0-255,2902,84940,69,152602
3448,0.001077,172.31.40.0-255,66,85006,69,152602
3449,0.001145,172.31.40.0-255,66,85072,69,152602
3450,0.001367,172.217.194.0-255,7156,92228,69,152602
3451,0.001382,172.31.40.0-255,66,92294,69,152602
3452,0.00145,172.31.40.0-255,66,92360,69,152602
3453,0.001808,172.217.194.0-255,2902,95262,69,152602
3454,0.001814,172.31.40.0-255,66,95328,69,152602
3455,0.001836,172.217.194.0-255,7156,102484,69,152602
3456,0.001875,172.31.40.0-255,66,102550,69,152602
3457,0.001901,172.31.40.0-255,66,102616,69,152602
3458,0.002183,172.217.194.0-255,5738,108354,69,152602
3459,0.002187,172.31.40.0-255,66,108420,69,152602
3460,0.002261,172.31.40.0-255,66,108486,69,152602
3461,0.002917,172.217.194.0-255,7156,115642,69,152602
3462,0.003643,172.217.194.0-255,4320,119962,69,152602
3463,0.00367,172.217.194.0-255,7156,127118,69,152602
3464,0.003712,172.217.194.0-255,7156,134274,69,152602
3465,0.008551,172.31.40.0-255,66,134340,69,152602
3466,0.011052,172.217.194.0-255,5738,140078,69,152602
3467,0.011065,172.31.40.0-255,66,140144,69,152602
3468,0.0136,172.217.194.0-255,5738,145882,69,152602
3469,0.013613,172.31.40.0-255,66,145948,69,152602
3470,0.0161,172.217.194.0-255,5738,151686,69,152602
3471,0.016108,172.31.40.0-255,66,151752,69,152602
3472,0.018543,172.217.194.0-255,613,152365,69,152602
3473,0.020986,172.31.40.0-255,66,152431,69,152602
3474,0.021041,172.31.40.0-255,105,152536,69,152602
3475,0.023465,172.217.194.0-255,66,152602,69,152602
3476,0.0,74.125.24.0-255,150,150,69,210206
3477,1.5e-05,172.31.40.0-255,66,216,69,210206
3478,3.6e-05,74.125.24.0-255,1484,1700,69,210206
3479,4.1e-05,172.31.40.0-255,66,1766,69,210206
3480,4.6e-05,74.125.24.0-255,2902,4668,69,210206
3481,4.9e-05,172.31.40.0-255,66,4734,69,210206
3482,5.4e-05,74.125.24.0-255,2902,7636,69,210206
3483,5.8e-05,172.31.40.0-255,66,7702,69,210206
3484,7.9e-05,74.125.24.0-255,4320,12022,69,210206
3485,8.2e-05,172.31.40.0-255,66,12088,69,210206
3486,9.7e-05,74.125.24.0-255,2062,14150,69,210206
3487,0.0001,172.31.40.0-255,66,14216,69,210206
3488,0.000158,74.125.24.0-255,1484,15700,69,210206
3489,0.00016,172.31.40.0-255,66,15766,69,210206
3490,0.000163,74.125.24.0-255,1484,17250,69,210206
3491,0.000165,172.31.40.0-255,66,17316,69,210206
3492,0.00018,74.125.24.0-255,1484,18800,69,210206
3493,0.000182,172.31.40.0-255,66,18866,69,210206
3494,0.000188,74.125.24.0-255,5738,24604,69,210206
3495,0.00019,172.31.40.0-255,66,24670,69,210206
3496,0.000195,74.125.24.0-255,5738,30408,69,210206
3497,0.000198,172.31.40.0-255,66,30474,69,210206
3498,0.000234,74.125.24.0-255,1484,31958,69,210206
3499,0.000237,172.31.40.0-255,66,32024,69,210206
3500,0.000269,172.31.40.0-255,66,32090,69,210206
3501,0.000274,74.125.24.0-255,3961,36051,69,210206
3502,0.000275,172.31.40.0-255,66,36117,69,210206
3503,0.0003,74.125.24.0-255,4320,40437,69,210206
3504,0.000302,172.31.40.0-255,66,40503,69,210206
3505,0.000305,74.125.24.0-255,1484,41987,69,210206
3506,0.000306,172.31.40.0-255,66,42053,69,210206
3507,0.000324,74.125.24.0-255,4320,46373,69,210206
3508,0.000326,172.31.40.0-255,66,46439,69,210206
3509,0.000362,74.125.24.0-255,6797,53236,69,210206
3510,0.000365,172.31.40.0-255,66,53302,69,210206
3511,0.000573,74.125.24.0-255,414,53716,69,210206
3512,0.000629,74.125.24.0-255,328,54044,69,210206
3513,0.00093,172.31.40.0-255,66,54110,69,210206
3514,0.001161,74.125.24.0-255,1484,55594,69,210206
3515,0.00117,74.125.24.0-255,2902,58496,69,210206
3516,0.001174,172.31.40.0-255,66,58562,69,210206
3517,0.001182,74.125.24.0-255,5738,64300,69,210206
3518,0.001185,172.31.40.0-255,66,64366,69,210206
3519,0.001228,172.31.40.0-255,66,64432,69,210206
3520,0.001235,74.125.24.0-255,5738,70170,69,210206
3521,0.001237,172.31.40.0-255,66,70236,69,210206
3522,0.001255,74.125.24.0-255,5020,75256,69,210206
3523,0.001258,172.31.40.0-255,66,75322,69,210206
3524,0.001897,74.125.24.0-255,1484,76806,69,210206
3525,0.001906,74.125.24.0-255,2902,79708,69,210206
3526,0.00191,172.31.40.0-255,66,79774,69,210206
3527,0.001919,74.125.24.0-255,5738,85512,69,210206
3528,0.001921,172.31.40.0-255,66,85578,69,210206
3529,0.001955,172.31.40.0-255,66,85644,69,210206
3530,0.001984,172.31.40.0-255,66,85710,69,210206
3531,0.002018,74.125.24.0-255,1484,87194,69,210206
3532,0.002022,74.125.24.0-255,1484,88678,69,210206
3533,0.002024,172.31.40.0-255,66,88744,69,210206
3534,0.002047,74.125.24.0-255,1484,90228,69,210206
3535,0.002053,74.125.24.0-255,5738,95966,69,210206
3536,0.002056,172.31.40.0-255,66,96032,69,210206
3537,0.002114,172.31.40.0-255,66,96098,69,210206
3538,0.002117,74.125.24.0-255,1484,97582,69,210206
3539,0.002133,74.125.24.0-255,1484,99066,69,210206
3540,0.002136,172.31.40.0-255,66,99132,69,210206
3541,0.002165,172.31.40.0-255,66,99198,69,210206
3542,0.002206,172.31.40.0-255,66,99264,69,210206
3543,0.00221,74.125.24.0-255,2902,102166,69,210206
3544,0.002212,172.31.40.0-255,66,102232,69,210206
3545,0.002232,172.31.40.0-255,66,102298,69,210206
3546,0.002235,74.125.24.0-255,1484,103782,69,210206
3547,0.004431,74.125.24.0-255,4320,108102,69,210206
3548,0.004436,172.31.40.0-255,66,108168,69,210206
3549,0.006615,74.125.24.0-255,1484,109652,69,210206
3550,0.006638,74.125.24.0-255,4320,113972,69,210206
3551,0.006642,172.31.40.0-255,66,114038,69,210206
3552,0.008839,74.125.24.0-255,5738,119776,69,210206
3553,0.008846,172.31.40.0-255,66,119842,69,210206
3554,0.011053,74.125.24.0-255,5738,125580,69,210206
3555,0.01106,172.31.40.0-255,66,125646,69,210206
3556,0.013247,74.125.24.0-255,5738,131384,69,210206
3557,0.013254,172.31.40.0-255,66,131450,69,210206
3558,0.015534,74.125.24.0-255,5738,137188,69,210206
3559,0.015541,172.31.40.0-255,66,137254,69,210206
3560,0.017756,74.125.24.0-255,5738,142992,69,210206
3561,0.017772,172.31.40.0-255,66,143058,69,210206
3562,0.019981,74.125.24.0-255,5738,148796,69,210206
3563,0.019988,172.31.40.0-255,66,148862,69,210206
3564,0.022188,74.125.24.0-255,5738,154600,69,210206
3565,0.022196,172.31.40.0-255,66,154666,69,210206
3566,0.024405,74.125.24.0-255,5738,160404,69,210206
3567,0.024412,172.31.40.0-255,66,160470,69,210206
3568,0.026611,74.125.24.0-255,5738,166208,69,210206
3569,0.026618,172.31.40.0-255,66,166274,69,210206
3570,0.028819,74.125.24.0-255,5738,172012,69,210206
3571,0.028827,172.31.40.0-255,66,172078,69,210206
3572,0.031003,74.125.24.0-255,5738,177816,69,210206
3573,0.03101,172.31.40.0-255,66,177882,69,210206
3574,0.033224,74.125.24.0-255,5738,183620,69,210206
3575,0.033231,172.31.40.0-255,66,183686,69,210206
3576,0.035451,74.125.24.0-255,5738,189424,69,210206
3577,0.035458,172.31.40.0-255,66,189490,69,210206
3578,0.036828,172.31.40.0-255,172,189662,69,210206
3579,0.036863,172.31.40.0-255,1114,190776,69,210206
3580,0.036925,172.31.40.0-255,1514,192290,69,210206
3581,0.036926,172.31.40.0-255,1514,193804,69,210206
3582,0.036928,172.31.40.0-255,1514,195318,69,210206
3583,0.036929,172.31.40.0-255,1514,196832,69,210206
3584,0.036957,172.31.40.0-255,1502,198334,69,210206
3585,0.037669,74.125.24.0-255,5738,204072,69,210206
3586,0.037676,172.31.40.0-255,66,204138,69,210206
3587,0.038482,104.244.42.0-255,66,204204,69,210206
3588,0.0385,104.244.42.0-255,66,204270,69,210206
3589,0.038588,104.244.42.0-255,66,204336,69,210206
3590,0.038733,104.244.42.0-255,66,204402,69,210206
3591,0.039879,74.125.24.0-255,5738,210140,69,210206
3592,0.039886,172.31.40.0-255,66,210206,69,210206
3593,0.0,172.217.194.0-255,146,146,69,135029
3594,2.1e-05,172.31.40.0-255,66,212,69,135029
3595,2.9e-05,172.217.194.0-255,1484,1696,69,135029
3596,3.4e-05,172.31.40.0-255,66,1762,69,135029
3597,4e-05,172.217.194.0-255,2902,4664,69,135029
3598,5.1e-05,172.31.40.0-255,66,4730,69,135029
3599,5.7e-05,172.217.194.0-255,5738,10468,69,135029
3600,6.2e-05,172.31.40.0-255,66,10534,69,135029
3601,7.6e-05,172.31.40.0-255,66,10600,69,135029
3602,8.8e-05,172.31.40.0-255,66,10666,69,135029
3603,0.000127,172.217.194.0-255,1484,12150,69,135029
3604,0.00013,172.31.40.0-255,66,12216,69,135029
3605,0.000135,172.217.194.0-255,2902,15118,69,135029
3606,0.000137,172.31.40.0-255,66,15184,69,135029
3607,0.000144,172.217.194.0-255,5738,20922,69,135029
3608,0.000147,172.31.40.0-255,66,20988,69,135029
3609,0.000177,172.217.194.0-255,7156,28144,69,135029
3610,0.00018,172.31.40.0-255,66,28210,69,135029
3611,0.000212,172.217.194.0-255,6797,35007,69,135029
3612,0.000214,172.31.40.0-255,66,35073,69,135029
3613,0.000226,172.31.40.0-255,66,35139,69,135029
3614,0.000233,172.217.194.0-255,398,35537,69,135029
3615,0.000236,172.31.40.0-255,66,35603,69,135029
3616,0.000328,172.217.194.0-255,1484,37087,69,135029
3617,0.000332,172.31.40.0-255,66,37153,69,135029
3618,0.000337,172.217.194.0-255,2902,40055,69,135029
3619,0.000339,172.31.40.0-255,66,40121,69,135029
3620,0.000345,172.217.194.0-255,4320,44441,69,135029
3621,0.000352,172.31.40.0-255,66,44507,69,135029
3622,0.000391,172.217.194.0-255,1484,45991,69,135029
3623,0.000407,172.31.40.0-255,66,46057,69,135029
3624,0.000419,172.31.40.0-255,66,46123,69,135029
3625,0.00058,172.217.194.0-255,1484,47607,69,135029
3626,0.000601,172.217.194.0-255,2902,50509,69,135029
3627,0.000606,172.31.40.0-255,66,50575,69,135029
3628,0.000613,172.217.194.0-255,5738,56313,69,135029
3629,0.000615,172.31.40.0-255,66,56379,69,135029
3630,0.000628,172.217.194.0-255,7156,63535,69,135029
3631,0.00063,172.31.40.0-255,66,63601,69,135029
3632,0.000671,172.217.194.0-255,5738,69339,69,135029
3633,0.000675,172.31.40.0-255,66,69405,69,135029
3634,0.000688,172.31.40.0-255,66,69471,69,135029
3635,0.000701,172.31.40.0-255,66,69537,69,135029
3636,0.000713,172.31.40.0-255,66,69603,69,135029
3637,0.000782,172.31.40.0-255,66,69669,69,135029
3638,0.001091,172.217.194.0-255,1484,71153,69,135029
3639,0.001098,172.217.194.0-255,2902,74055,69,135029
3640,0.001101,172.31.40.0-255,66,74121,69,135029
3641,0.001106,172.217.194.0-255,2902,77023,69,135029
3642,0.001108,172.31.40.0-255,66,77089,69,135029
3643,0.001152,172.217.194.0-255,2902,79991,69,135029
3644,0.001154,172.31.40.0-255,66,80057,69,135029
3645,0.001169,172.31.40.0-255,66,80123,69,135029
3646,0.001181,172.31.40.0-255,66,80189,69,135029
3647,0.001308,172.217.194.0-255,1484,81673,69,135029
3648,0.001328,172.217.194.0-255,2902,84575,69,135029
3649,0.001332,172.31.40.0-255,66,84641,69,135029
3650,0.001338,172.217.194.0-255,2902,87543,69,135029
3651,0.00134,172.31.40.0-255,66,87609,69,135029
3652,0.00136,172.217.194.0-255,2902,90511,69,135029
3653,0.001362,172.31.40.0-255,66,90577,69,135029
3654,0.001368,172.217.194.0-255,4320,94897,69,135029
3655,0.00137,172.31.40.0-255,66,94963,69,135029
3656,0.001403,172.217.194.0-255,4320,99283,69,135029
3657,0.001406,172.31.40.0-255,66,99349,69,135029
3658,0.001422,172.31.40.0-255,66,99415,69,135029
3659,0.001435,172.31.40.0-255,66,99481,69,135029
3660,0.00146,172.217.194.0-255,2902,102383,69,135029
3661,0.001463,172.31.40.0-255,66,102449,69,135029
3662,0.001468,172.217.194.0-255,2902,105351,69,135029
3663,0.00147,172.31.40.0-255,66,105417,69,135029
3664,0.001526,172.31.40.0-255,66,105483,69,135029
3665,0.001533,172.217.194.0-255,7156,112639,69,135029
3666,0.001535,172.31.40.0-255,66,112705,69,135029
3667,0.001581,172.31.40.0-255,66,112771,69,135029
3668,0.001587,172.217.194.0-255,4320,117091,69,135029
3669,0.001589,172.31.40.0-255,66,117157,69,135029
3670,0.001679,172.217.194.0-255,1484,118641,69,135029
3671,0.001737,172.31.40.0-255,66,118707,69,135029
3672,0.00174,172.31.40.0-255,66,118773,69,135029
3673,0.001743,172.31.40.0-255,66,118839,69,135029
3674,0.001788,172.31.40.0-255,66,118905,69,135029
3675,0.001795,172.217.194.0-255,6673,125578,69,135029
3676,0.001799,172.31.40.0-255,66,125644,69,135029
3677,0.001801,172.217.194.0-255,105,125749,69,135029
3678,0.009423,172.31.40.0-255,66,125815,69,135029
3679,0.009461,172.31.40.0-255,105,125920,69,135029
3680,0.011892,172.217.194.0-255,66,125986,69,135029
3681,0.036567,172.31.40.0-255,172,126158,69,135029
3682,0.036601,172.31.40.0-255,1112,127270,69,135029
3683,0.036668,172.31.40.0-255,1514,128784,69,135029
3684,0.03667,172.31.40.0-255,1514,130298,69,135029
3685,0.036671,172.31.40.0-255,1514,131812,69,135029
3686,0.036676,172.31.40.0-255,1514,133326,69,135029
3687,0.036678,172.31.40.0-255,1505,134831,69,135029
3688,0.038249,104.244.42.0-255,66,134897,69,135029
3689,0.038275,104.244.42.0-255,66,134963,69,135029
3690,0.038342,104.244.42.0-255,66,135029,69,135029
3691,0.0,172.217.194.0-255,146,146,69,250596
3692,1.4e-05,172.31.40.0-255,66,212,69,250596
3693,2.1e-05,172.217.194.0-255,1484,1696,69,250596
3694,2.5e-05,172.31.40.0-255,66,1762,69,250596
3695,3.9e-05,172.217.194.0-255,2902,4664,69,250596
3696,4.3e-05,172.31.40.0-255,66,4730,69,250596
3697,4.6e-05,172.217.194.0-255,1484,6214,69,250596
3698,4.8e-05,172.31.40.0-255,66,6280,69,250596
3699,5.5e-05,172.217.194.0-255,5738,12018,69,250596
3700,5.8e-05,172.31.40.0-255,66,12084,69,250596
3701,7.7e-05,172.217.194.0-255,5738,17822,69,250596
3702,8e-05,172.31.40.0-255,66,17888,69,250596
3703,0.000117,172.31.40.0-255,66,17954,69,250596
3704,0.000124,172.217.194.0-255,5379,23333,69,250596
3705,0.000126,172.31.40.0-255,66,23399,69,250596
3706,0.000167,172.217.194.0-255,1484,24883,69,250596
3707,0.00017,172.31.40.0-255,66,24949,69,250596
3708,0.000174,172.217.194.0-255,2902,27851,69,250596
3709,0.000177,172.31.40.0-255,66,27917,69,250596
3710,0.000212,172.217.194.0-255,5738,33655,69,250596
3711,0.000215,172.31.40.0-255,66,33721,69,250596
3712,0.000226,172.31.40.0-255,66,33787,69,250596
3713,0.000254,172.217.194.0-255,3961,37748,69,250596
3714,0.000257,172.31.40.0-255,66,37814,69,250596
3715,0.000274,172.31.40.0-255,66,37880,69,250596
3716,0.000276,172.217.194.0-255,377,38257,69,250596
3717,0.000278,172.31.40.0-255,66,38323,69,250596
3718,0.000315,172.217.194.0-255,98,38421,69,250596
3719,0.000318,172.31.40.0-255,66,38487,69,250596
3720,0.000396,172.217.194.0-255,1484,39971,69,250596
3721,0.000403,172.217.194.0-255,2902,42873,69,250596
3722,0.000405,172.31.40.0-255,66,42939,69,250596
3723,0.000413,172.217.194.0-255,5738,48677,69,250596
3724,0.000416,172.31.40.0-255,66,48743,69,250596
3725,0.000442,172.217.194.0-255,2902,51645,69,250596
3726,0.000446,172.31.40.0-255,66,51711,69,250596
3727,0.000478,172.217.194.0-255,4261,55972,69,250596
3728,0.000481,172.31.40.0-255,66,56038,69,250596
3729,0.000594,172.217.194.0-255,1484,57522,69,250596
3730,0.0006,172.217.194.0-255,2902,60424,69,250596
3731,0.000603,172.31.40.0-255,66,60490,69,250596
3732,0.000609,172.217.194.0-255,5738,66228,69,250596
3733,0.000612,172.31.40.0-255,66,66294,69,250596
3734,0.000651,172.31.40.0-255,66,66360,69,250596
3735,0.000661,172.31.40.0-255,66,66426,69,250596
3736,0.000693,172.217.194.0-255,1634,68060,69,250596
3737,0.000696,172.31.40.0-255,66,68126,69,250596
3738,0.000778,172.217.194.0-255,1484,69610,69,250596
3739,0.000785,172.217.194.0-255,2902,72512,69,250596
3740,0.000789,172.31.40.0-255,66,72578,69,250596
3741,0.000796,172.217.194.0-255,5738,78316,69,250596
3742,0.000799,172.31.40.0-255,66,78382,69,250596
3743,0.000807,172.217.194.0-255,1484,79866,69,250596
3744,0.000811,172.217.194.0-255,2902,82768,69,250596
3745,0.000814,172.31.40.0-255,66,82834,69,250596
3746,0.000854,172.31.40.0-255,66,82900,69,250596
3747,0.000865,172.31.40.0-255,66,82966,69,250596
3748,0.000882,172.31.40.0-255,66,83032,69,250596
3749,0.000911,172.217.194.0-255,6797,89829,69,250596
3750,0.000918,172.31.40.0-255,66,89895,69,250596
3751,0.000957,172.217.194.0-255,1484,91379,69,250596
3752,0.000961,172.217.194.0-255,2902,94281,69,250596
3753,0.000964,172.31.40.0-255,66,94347,69,250596
3754,0.00097,172.217.194.0-255,5738,100085,69,250596
3755,0.000972,172.31.40.0-255,66,100151,69,250596
3756,0.001053,172.31.40.0-255,66,100217,69,250596
3757,0.00107,172.31.40.0-255,66,100283,69,250596
3758,0.001206,172.217.194.0-255,1484,101767,69,250596
3759,0.001212,172.217.194.0-255,2902,104669,69,250596
3760,0.001215,172.31.40.0-255,66,104735,69,250596
3761,0.001219,172.217.194.0-255,1484,106219,69,250596
3762,0.001245,172.217.194.0-255,4320,110539,69,250596
3763,0.001247,172.31.40.0-255,66,110605,69,250596
3764,0.001264,172.217.194.0-255,4320,114925,69,250596
3765,0.001277,172.31.40.0-255,66,114991,69,250596
3766,0.001296,172.217.194.0-255,6438,121429,69,250596
3767,0.001306,172.31.40.0-255,66,121495,69,250596
3768,0.001618,172.217.194.0-255,1484,122979,69,250596
3769,0.001623,172.217.194.0-255,2902,125881,69,250596
3770,0.001627,172.31.40.0-255,66,125947,69,250596
3771,0.001632,172.217.194.0-255,2902,128849,69,250596
3772,0.001652,172.31.40.0-255,66,128915,69,250596
3773,0.001657,172.217.194.0-255,2902,131817,69,250596
3774,0.001661,172.217.194.0-255,4320,136137,69,250596
3775,0.001683,172.31.40.0-255,66,136203,69,250596
3776,0.001749,172.31.40.0-255,66,136269,69,250596
3777,0.001782,172.217.194.0-255,1484,137753,69,250596
3778,0.001789,172.217.194.0-255,5738,143491,69,250596
3779,0.001795,172.217.194.0-255,6438,149929,69,250596
3780,0.001798,172.31.40.0-255,66,149995,69,250596
3781,0.00184,172.31.40.0-255,66,150061,69,250596
3782,0.001907,172.217.194.0-255,1484,151545,69,250596
3783,0.001912,172.217.194.0-255,2902,154447,69,250596
3784,0.001927,172.217.194.0-255,5738,160185,69,250596
3785,0.001941,172.31.40.0-255,66,160251,69,250596
3786,0.001945,172.217.194.0-255,1484,161735,69,250596
3787,0.001983,172.31.40.0-255,66,161801,69,250596
3788,0.002027,172.31.40.0-255,66,161867,69,250596
3789,0.004035,172.217.194.0-255,5738,167605,69,250596
3790,0.00404,172.31.40.0-255,66,167671,69,250596
3791,0.006083,172.217.194.0-255,5738,173409,69,250596
3792,0.006089,172.31.40.0-255,66,173475,69,250596
3793,0.008148,172.217.194.0-255,5738,179213,69,250596
3794,0.008155,172.31.40.0-255,66,179279,69,250596
3795,0.010216,172.217.194.0-255,5738,185017,69,250596
3796,0.010221,172.31.40.0-255,66,185083,69,250596
3797,0.012243,172.217.194.0-255,5738,190821,69,250596
3798,0.01225,172.31.40.0-255,66,190887,69,250596
3799,0.014264,172.217.194.0-255,5738,196625,69,250596
3800,0.014271,172.31.40.0-255,66,196691,69,250596
3801,0.016276,172.217.194.0-255,5738,202429,69,250596
3802,0.016283,172.31.40.0-255,66,202495,69,250596
3803,0.018346,172.217.194.0-255,5738,208233,69,250596
3804,0.018353,172.31.40.0-255,66,208299,69,250596
3805,0.020383,172.217.194.0-255,5738,214037,69,250596
3806,0.020391,172.31.40.0-255,66,214103,69,250596
3807,0.022398,172.217.194.0-255,5738,219841,69,250596
3808,0.022408,172.31.40.0-255,66,219907,69,250596
3809,0.024429,172.217.194.0-255,5738,225645,69,250596
3810,0.024435,172.31.40.0-255,66,225711,69,250596
3811,0.026468,172.217.194.0-255,5738,231449,69,250596
3812,0.026474,172.31.40.0-255,66,231515,69,250596
3813,0.02853,172.217.194.0-255,5738,237253,69,250596
3814,0.028537,172.31.40.0-255,66,237319,69,250596
3815,0.030587,172.217.194.0-255,4889,242208,69,250596
3816,0.030594,172.31.40.0-255,66,242274,69,250596
3817,0.03091,172.31.40.0-255,105,242379,69,250596
3818,0.031813,172.31.40.0-255,172,242551,69,250596
3819,0.031844,172.31.40.0-255,1111,243662,69,250596
3820,0.031909,172.31.40.0-255,1514,245176,69,250596
3821,0.031911,172.31.40.0-255,1514,246690,69,250596
3822,0.031912,172.31.40.0-255,1514,248204,69,250596
3823,0.031913,172.31.40.0-255,1514,249718,69,250596
3824,0.031914,172.31.40.0-255,548,250266,69,250596
3825,0.032924,172.217.194.0-255,66,250332,69,250596
3826,0.03334,104.244.42.0-255,66,250398,69,250596
3827,0.033353,104.244.42.0-255,66,250464,69,250596
3828,0.03346,104.244.42.0-255,66,250530,69,250596
3829,0.033464,104.244.42.0-255,66,250596,69,250596
3830,0.0,74.125.24.0-255,147,147,69,208552
3831,2e-05,172.31.40.0-255,66,213,69,208552
3832,2.6e-05,74.125.24.0-255,1484,1697,69,208552
3833,3.1e-05,172.31.40.0-255,66,1763,69,208552
3834,3.7e-05,74.125.24.0-255,2902,4665,69,208552
3835,4e-05,172.31.40.0-255,66,4731,69,208552
3836,4.8e-05,74.125.24.0-255,7156,11887,69,208552
3837,5e-05,172.31.40.0-255,66,11953,69,208552
3838,9.4e-05,172.31.40.0-255,66,12019,69,208552
3839,9.7e-05,74.125.24.0-255,1484,13503,69,208552
3840,9.9e-05,172.31.40.0-255,66,13569,69,208552
3841,0.000121,74.125.24.0-255,7156,20725,69,208552
3842,0.000123,172.31.40.0-255,66,20791,69,208552
3843,0.000126,74.125.24.0-255,2543,23334,69,208552
3844,0.000128,172.31.40.0-255,66,23400,69,208552
3845,0.000249,74.125.24.0-255,1484,24884,69,208552
3846,0.000253,172.31.40.0-255,66,24950,69,208552
3847,0.000257,74.125.24.0-255,1484,26434,69,208552
3848,0.000258,172.31.40.0-255,66,26500,69,208552
3849,0.000272,74.125.24.0-255,1484,27984,69,208552
3850,0.000275,172.31.40.0-255,66,28050,69,208552
3851,0.00029,74.125.24.0-255,1484,29534,69,208552
3852,0.000292,172.31.40.0-255,66,29600,69,208552
3853,0.000305,74.125.24.0-255,4320,33920,69,208552
3854,0.000307,172.31.40.0-255,66,33986,69,208552
3855,0.000328,74.125.24.0-255,1484,35470,69,208552
3856,0.000329,172.31.40.0-255,66,35536,69,208552
3857,0.000353,74.125.24.0-255,5379,40915,69,208552
3858,0.000355,172.31.40.0-255,66,40981,69,208552
3859,0.00036,74.125.24.0-255,4320,45301,69,208552
3860,0.000362,172.31.40.0-255,66,45367,69,208552
3861,0.000376,74.125.24.0-255,2902,48269,69,208552
3862,0.000378,172.31.40.0-255,66,48335,69,208552
3863,0.000384,74.125.24.0-255,5738,54073,69,208552
3864,0.000386,172.31.40.0-255,66,54139,69,208552
3865,0.000403,74.125.24.0-255,3961,58100,69,208552
3866,0.000406,172.31.40.0-255,66,58166,69,208552
3867,0.000709,74.125.24.0-255,645,58811,69,208552
3868,0.000717,172.31.40.0-255,101,58912,69,208552
3869,0.001417,74.125.24.0-255,1484,60396,69,208552
3870,0.001424,172.31.40.0-255,66,60462,69,208552
3871,0.001434,74.125.24.0-255,2902,63364,69,208552
3872,0.001437,172.31.40.0-255,66,63430,69,208552
3873,0.001463,74.125.24.0-255,4320,67750,69,208552
3874,0.001466,172.31.40.0-255,66,67816,69,208552
3875,0.001472,74.125.24.0-255,5738,73554,69,208552
3876,0.001475,172.31.40.0-255,66,73620,69,208552
3877,0.001502,74.125.24.0-255,2902,76522,69,208552
3878,0.001505,172.31.40.0-255,66,76588,69,208552
3879,0.001512,74.125.24.0-255,7156,83744,69,208552
3880,0.001514,172.31.40.0-255,66,83810,69,208552
3881,0.001547,172.31.40.0-255,66,83876,69,208552
3882,0.00155,74.125.24.0-255,766,84642,69,208552
3883,0.002243,74.125.24.0-255,1484,86126,69,208552
3884,0.00225,172.31.40.0-255,66,86192,69,208552
3885,0.002255,74.125.24.0-255,1484,87676,69,208552
3886,0.002269,74.125.24.0-255,2902,90578,69,208552
3887,0.002272,172.31.40.0-255,66,90644,69,208552
3888,0.002279,74.125.24.0-255,4320,94964,69,208552
3889,0.00228,172.31.40.0-255,66,95030,69,208552
3890,0.002297,74.125.24.0-255,1484,96514,69,208552
3891,0.002301,74.125.24.0-255,1484,97998,69,208552
3892,0.002303,172.31.40.0-255,66,98064,69,208552
3893,0.002331,172.31.40.0-255,66,98130,69,208552
3894,0.002334,74.125.24.0-255,1484,99614,69,208552
3895,0.002397,172.31.40.0-255,66,99680,69,208552
3896,0.002403,74.125.24.0-255,5738,105418,69,208552
3897,0.002406,172.31.40.0-255,66,105484,69,208552
3898,0.002422,74.125.24.0-255,7156,112640,69,208552
3899,0.002425,172.31.40.0-255,66,112706,69,208552
3900,0.002461,172.31.40.0-255,66,112772,69,208552
3901,0.002464,74.125.24.0-255,766,113538,69,208552
3902,0.002467,74.125.24.0-255,1484,115022,69,208552
3903,0.002469,172.31.40.0-255,66,115088,69,208552
3904,0.003051,74.125.24.0-255,66,115154,69,208552
3905,0.004839,74.125.24.0-255,4320,119474,69,208552
3906,0.004844,172.31.40.0-255,66,119540,69,208552
3907,0.004861,74.125.24.0-255,1484,121024,69,208552
3908,0.007218,74.125.24.0-255,2902,123926,69,208552
3909,0.007224,172.31.40.0-255,66,123992,69,208552
3910,0.00724,74.125.24.0-255,1484,125476,69,208552
3911,0.0096,74.125.24.0-255,4320,129796,69,208552
3912,0.009607,172.31.40.0-255,66,129862,69,208552
3913,0.011993,74.125.24.0-255,5738,135600,69,208552
3914,0.012002,172.31.40.0-255,66,135666,69,208552
3915,0.014404,74.125.24.0-255,5738,141404,69,208552
3916,0.014414,172.31.40.0-255,66,141470,69,208552
3917,0.016816,74.125.24.0-255,5738,147208,69,208552
3918,0.016824,172.31.40.0-255,66,147274,69,208552
3919,0.019181,74.125.24.0-255,5738,153012,69,208552
3920,0.019187,172.31.40.0-255,66,153078,69,208552
3921,0.021562,74.125.24.0-255,5738,158816,69,208552
3922,0.02157,172.31.40.0-255,66,158882,69,208552
3923,0.023944,74.125.24.0-255,5738,164620,69,208552
3924,0.023951,172.31.40.0-255,66,164686,69,208552
3925,0.026328,74.125.24.0-255,5738,170424,69,208552
3926,0.026336,172.31.40.0-255,66,170490,69,208552
3927,0.028738,74.125.24.0-255,5738,176228,69,208552
3928,0.028747,172.31.40.0-255,66,176294,69,208552
3929,0.031104,74.125.24.0-255,5738,182032,69,208552
3930,0.031112,172.31.40.0-255,66,182098,69,208552
3931,0.033499,74.125.24.0-255,5738,187836,69,208552
3932,0.033507,172.31.40.0-255,66,187902,69,208552
3933,0.033844,172.31.40.0-255,172,188074,69,208552
3934,0.033874,172.31.40.0-255,1116,189190,69,208552
3935,0.033935,172.31.40.0-255,1514,190704,69,208552
3936,0.033936,172.31.40.0-255,1514,192218,69,208552
3937,0.033938,172.31.40.0-255,1514,193732,69,208552
3938,0.033942,172.31.40.0-255,1514,195246,69,208552
3939,0.033949,172.31.40.0-255,1500,196746,69,208552
3940,0.035526,104.244.42.0-255,66,196812,69,208552
3941,0.035534,104.244.42.0-255,66,196878,69,208552
3942,0.035624,104.244.42.0-255,66,196944,69,208552
3943,0.035889,74.125.24.0-255,5738,202682,69,208552
3944,0.035895,172.31.40.0-255,66,202748,69,208552
3945,0.03828,74.125.24.0-255,5738,208486,69,208552
3946,0.038286,172.31.40.0-255,66,208552,69,208552
3947,0.0,172.217.194.0-255,153,153,69,154230
3948,2.2e-05,172.31.40.0-255,66,219,69,154230
3949,2.9e-05,172.217.194.0-255,1484,1703,69,154230
3950,3.4e-05,172.31.40.0-255,66,1769,69,154230
3951,4e-05,172.217.194.0-255,2902,4671,69,154230
3952,4.3e-05,172.31.40.0-255,66,4737,69,154230
3953,4.8e-05,172.217.194.0-255,4320,9057,69,154230
3954,5.1e-05,172.31.40.0-255,66,9123,69,154230
3955,7e-05,172.217.194.0-255,4320,13443,69,154230
3956,7.2e-05,172.31.40.0-255,66,13509,69,154230
3957,9.7e-05,172.31.40.0-255,66,13575,69,154230
3958,0.000103,172.217.194.0-255,5738,19313,69,154230
3959,0.000106,172.31.40.0-255,66,19379,69,154230
3960,0.00013,172.217.194.0-255,3961,23340,69,154230
3961,0.000133,172.31.40.0-255,66,23406,69,154230
3962,0.000181,172.217.194.0-255,1484,24890,69,154230
3963,0.000183,172.31.40.0-255,66,24956,69,154230
3964,0.000187,172.217.194.0-255,1484,26440,69,154230
3965,0.000189,172.31.40.0-255,66,26506,69,154230
3966,0.000205,172.217.194.0-255,1484,27990,69,154230
3967,0.000207,172.31.40.0-255,66,28056,69,154230
3968,0.000212,172.217.194.0-255,2902,30958,69,154230
3969,0.000215,172.31.40.0-255,66,31024,69,154230
3970,0.000236,172.217.194.0-255,2902,33926,69,154230
3971,0.000239,172.31.40.0-255,66,33992,69,154230
3972,0.000277,172.31.40.0-255,66,34058,69,154230
3973,0.000285,172.217.194.0-255,5738,39796,69,154230
3974,0.000288,172.31.40.0-255,66,39862,69,154230
3975,0.000305,172.217.194.0-255,4249,44111,69,154230
3976,0.000308,172.31.40.0-255,66,44177,69,154230
3977,0.000311,172.217.194.0-255,100,44277,69,154230
3978,0.000314,172.217.194.0-255,364,44641,69,154230
3979,0.000428,172.217.194.0-255,1484,46125,69,154230
3980,0.000431,172.31.40.0-255,66,46191,69,154230
3981,0.000436,172.217.194.0-255,2902,49093,69,154230
3982,0.000439,172.31.40.0-255,66,49159,69,154230
3983,0.000444,172.217.194.0-255,4320,53479,69,154230
3984,0.000446,172.31.40.0-255,66,53545,69,154230
3985,0.000469,172.217.194.0-255,1484,55029,69,154230
3986,0.000476,172.217.194.0-255,5738,60767,69,154230
3987,0.000479,172.31.40.0-255,66,60833,69,154230
3988,0.000507,172.217.194.0-255,7156,67989,69,154230
3989,0.000509,172.31.40.0-255,66,68055,69,154230
3990,0.00052,172.31.40.0-255,66,68121,69,154230
3991,0.000973,172.217.194.0-255,1484,69605,69,154230
3992,0.000991,172.217.194.0-255,2902,72507,69,154230
3993,0.000995,172.31.40.0-255,66,72573,69,154230
3994,0.001001,172.217.194.0-255,4320,76893,69,154230
3995,0.001003,172.31.40.0-255,66,76959,69,154230
3996,0.001018,172.217.194.0-255,1484,78443,69,154230
3997,0.00103,172.31.40.0-255,66,78509,69,154230
3998,0.00104,172.31.40.0-255,66,78575,69,154230
3999,0.001059,172.217.194.0-255,2184,80759,69,154230
4000,0.001061,172.31.40.0-255,66,80825,69,154230
4001,0.001077,172.217.194.0-255,1484,82309,69,154230
4002,0.001096,172.217.194.0-255,2902,85211,69,154230
4003,0.001099,172.31.40.0-255,66,85277,69,154230
4004,0.001105,172.217.194.0-255,5738,91015,69,154230
4005,0.001107,172.31.40.0-255,66,91081,69,154230
4006,0.001119,172.217.194.0-255,1484,92565,69,154230
4007,0.00115,172.31.40.0-255,66,92631,69,154230
4008,0.00119,172.31.40.0-255,66,92697,69,154230
4009,0.001201,172.217.194.0-255,1484,94181,69,154230
4010,0.001203,172.217.194.0-255,766,94947,69,154230
4011,0.001205,172.31.40.0-255,66,95013,69,154230
4012,0.001208,172.217.194.0-255,1484,96497,69,154230
4013,0.001212,172.217.194.0-255,4320,100817,69,154230
4014,0.001215,172.31.40.0-255,66,100883,69,154230
4015,0.001218,172.217.194.0-255,2902,103785,69,154230
4016,0.00122,172.31.40.0-255,66,103851,69,154230
4017,0.001252,172.217.194.0-255,7156,111007,69,154230
4018,0.001255,172.31.40.0-255,66,111073,69,154230
4019,0.001265,172.31.40.0-255,66,111139,69,154230
4020,0.0013,172.31.40.0-255,66,111205,69,154230
4021,0.001377,172.217.194.0-255,1484,112689,69,154230
4022,0.001387,172.217.194.0-255,1484,114173,69,154230
4023,0.00139,172.31.40.0-255,66,114239,69,154230
4024,0.001409,172.217.194.0-255,1484,115723,69,154230
4025,0.001414,172.217.194.0-255,5738,121461,69,154230
4026,0.001417,172.31.40.0-255,66,121527,69,154230
4027,0.001421,172.217.194.0-255,4320,125847,69,154230
4028,0.001423,172.31.40.0-255,66,125913,69,154230
4029,0.001449,172.31.40.0-255,66,125979,69,154230
4030,0.001463,172.31.40.0-255,66,126045,69,154230
4031,0.001643,172.217.194.0-255,1484,127529,69,154230
4032,0.001649,172.217.194.0-255,2902,130431,69,154230
4033,0.001652,172.31.40.0-255,66,130497,69,154230
4034,0.00167,172.217.194.0-255,5738,136235,69,154230
4035,0.001672,172.31.40.0-255,66,136301,69,154230
4036,0.001676,172.217.194.0-255,1484,137785,69,154230
4037,0.001716,172.31.40.0-255,66,137851,69,154230
4038,0.001728,172.31.40.0-255,66,137917,69,154230
4039,0.001788,172.31.40.0-255,66,137983,69,154230
4040,0.001805,172.217.194.0-255,3602,141585,69,154230
4041,0.001808,172.31.40.0-255,66,141651,69,154230
4042,0.001813,172.217.194.0-255,4320,145971,69,154230
4043,0.001816,172.31.40.0-255,66,146037,69,154230
4044,0.001839,172.217.194.0-255,7156,153193,69,154230
4045,0.001842,172.31.40.0-255,66,153259,69,154230
4046,0.001872,172.31.40.0-255,66,153325,69,154230
4047,0.001884,172.31.40.0-255,66,153391,69,154230
4048,0.001918,172.31.40.0-255,66,153457,69,154230
4049,0.001929,172.31.40.0-255,66,153523,69,154230
4050,0.001958,172.31.40.0-255,66,153589,69,154230
4051,0.002042,172.31.40.0-255,66,153655,69,154230
4052,0.002057,172.31.40.0-255,66,153721,69,154230
4053,0.002083,172.31.40.0-255,66,153787,69,154230
4054,0.002086,172.217.194.0-255,105,153892,69,154230
4055,0.002602,172.31.40.0-255,101,153993,69,154230
4056,0.005255,172.217.194.0-255,66,154059,69,154230
4057,0.010502,172.31.40.0-255,105,154164,69,154230
4058,0.013166,172.217.194.0-255,66,154230,69,154230
4059,0.0,172.217.194.0-255,297,297,69,132043
4060,2.2e-05,172.31.40.0-255,66,363,69,132043
4061,2.9e-05,172.217.194.0-255,1484,1847,69,132043
4062,3.2e-05,172.31.40.0-255,66,1913,69,132043
4063,4.7e-05,172.217.194.0-255,4320,6233,69,132043
4064,5e-05,172.31.40.0-255,66,6299,69,132043
4065,0.000146,172.217.194.0-255,7156,13455,69,132043
4066,0.00015,172.31.40.0-255,66,13521,69,132043
4067,0.000174,172.217.194.0-255,517,14038,69,132043
4068,0.000177,172.31.40.0-255,66,14104,69,132043
4069,0.000362,172.217.194.0-255,2902,17006,69,132043
4070,0.000367,172.31.40.0-255,66,17072,69,132043
4071,0.000397,172.217.194.0-255,5738,22810,69,132043
4072,0.000403,172.31.40.0-255,66,22876,69,132043
4073,0.000622,172.217.194.0-255,7156,30032,69,132043
4074,0.000627,172.31.40.0-255,66,30098,69,132043
4075,0.000653,172.217.194.0-255,1125,31223,69,132043
4076,0.000656,172.31.40.0-255,66,31289,69,132043
4077,0.000871,172.31.40.0-255,66,31355,69,132043
4078,0.000908,172.31.40.0-255,66,31421,69,132043
4079,0.001413,172.31.40.0-255,66,31487,69,132043
4080,0.001866,172.31.40.0-255,66,31553,69,132043
4081,0.001913,172.31.40.0-255,66,31619,69,132043
4082,0.002833,172.217.194.0-255,4320,35939,69,132043
4083,0.002847,172.31.40.0-255,66,36005,69,132043
4084,0.002909,172.31.40.0-255,66,36071,69,132043
4085,0.003829,172.31.40.0-255,66,36137,69,132043
4086,0.003865,172.31.40.0-255,66,36203,69,132043
4087,0.006213,172.217.194.0-255,5738,41941,69,132043
4088,0.00622,172.31.40.0-255,66,42007,69,132043
4089,0.008558,172.217.194.0-255,5738,47745,69,132043
4090,0.008566,172.31.40.0-255,66,47811,69,132043
4091,0.010913,172.217.194.0-255,5738,53549,69,132043
4092,0.010924,172.31.40.0-255,66,53615,69,132043
4093,0.013269,172.217.194.0-255,5738,59353,69,132043
4094,0.013278,172.31.40.0-255,66,59419,69,132043
4095,0.015582,172.217.194.0-255,5738,65157,69,132043
4096,0.015592,172.31.40.0-255,66,65223,69,132043
4097,0.017961,172.217.194.0-255,5738,70961,69,132043
4098,0.017971,172.31.40.0-255,66,71027,69,132043
4099,0.020294,172.217.194.0-255,5738,76765,69,132043
4100,0.020304,172.31.40.0-255,66,76831,69,132043
4101,0.022618,172.217.194.0-255,5738,82569,69,132043
4102,0.022627,172.31.40.0-255,66,82635,69,132043
4103,0.02498,172.217.194.0-255,5738,88373,69,132043
4104,0.024989,172.31.40.0-255,66,88439,69,132043
4105,0.025501,172.31.40.0-255,167,88606,69,132043
4106,0.025532,172.31.40.0-255,1111,89717,69,132043
4107,0.0256,172.31.40.0-255,1514,91231,69,132043
4108,0.025602,172.31.40.0-255,1514,92745,69,132043
4109,0.025603,172.31.40.0-255,1514,94259,69,132043
4110,0.025604,172.31.40.0-255,1514,95773,69,132043
4111,0.025605,172.31.40.0-255,546,96319,69,132043
4112,0.02705,104.244.42.0-255,66,96385,69,132043
4113,0.027105,104.244.42.0-255,66,96451,69,132043
4114,0.02715,104.244.42.0-255,66,96517,69,132043
4115,0.027194,104.244.42.0-255,66,96583,69,132043
4116,0.027309,172.217.194.0-255,5738,102321,69,132043
4117,0.027315,172.31.40.0-255,66,102387,69,132043
4118,0.027782,104.244.42.0-255,108,102495,69,132043
4119,0.027791,172.31.40.0-255,66,102561,69,132043
4120,0.029709,172.217.194.0-255,5738,108299,69,132043
4121,0.029715,172.31.40.0-255,66,108365,69,132043
4122,0.032045,172.217.194.0-255,2902,111267,69,132043
4123,0.032053,172.31.40.0-255,66,111333,69,132043
4124,0.032081,172.217.194.0-255,2902,114235,69,132043
4125,0.032103,172.31.40.0-255,66,114301,69,132043
4126,0.034397,172.217.194.0-255,2902,117203,69,132043
4127,0.034402,172.31.40.0-255,66,117269,69,132043
4128,0.034432,172.217.194.0-255,2902,120171,69,132043
4129,0.034464,172.31.40.0-255,66,120237,69,132043
4130,0.036718,172.217.194.0-255,2902,123139,69,132043
4131,0.036725,172.31.40.0-255,66,123205,69,132043
4132,0.036798,172.217.194.0-255,2902,126107,69,132043
4133,0.036825,172.31.40.0-255,66,126173,69,132043
4134,0.039074,172.217.194.0-255,2902,129075,69,132043
4135,0.039093,172.31.40.0-255,66,129141,69,132043
4136,0.039146,172.217.194.0-255,2902,132043,69,132043
4137,0.0,172.31.40.0-255,105,105,69,276
4138,0.001896,157.240.7.0-255,105,210,69,276
4139,0.00191,172.31.40.0-255,66,276,69,276
4140,0.0,74.125.130.0-255,219,219,69,245545
4141,1.9e-05,172.31.40.0-255,66,285,69,245545
4142,2.6e-05,74.125.130.0-255,1484,1769,69,245545
4143,3.1e-05,172.31.40.0-255,66,1835,69,245545
4144,3.7e-05,74.125.130.0-255,2902,4737,69,245545
4145,4.8e-05,172.31.40.0-255,66,4803,69,245545
4146,5.5e-05,74.125.130.0-255,4320,9123,69,245545
4147,5.8e-05,172.31.40.0-255,66,9189,69,245545
4148,0.000104,74.125.130.0-255,4731,13920,69,245545
4149,0.000113,172.31.40.0-255,66,13986,69,245545
4150,0.00012,74.125.130.0-255,5738,19724,69,245545
4151,0.000122,172.31.40.0-255,66,19790,69,245545
4152,0.000125,74.125.130.0-255,1484,21274,69,245545
4153,0.000128,172.31.40.0-255,66,21340,69,245545
4154,0.000166,74.125.130.0-255,7156,28496,69,245545
4155,0.000169,172.31.40.0-255,66,28562,69,245545
4156,0.000172,74.125.130.0-255,1484,30046,69,245545
4157,0.000174,172.31.40.0-255,66,30112,69,245545
4158,0.000196,74.125.130.0-255,1125,31237,69,245545
4159,0.000198,172.31.40.0-255,66,31303,69,245545
4160,0.000272,74.125.130.0-255,1484,32787,69,245545
4161,0.000275,172.31.40.0-255,66,32853,69,245545
4162,0.000303,74.125.130.0-255,2902,35755,69,245545
4163,0.000306,172.31.40.0-255,66,35821,69,245545
4164,0.000334,74.125.130.0-255,5738,41559,69,245545
4165,0.000337,172.31.40.0-255,66,41625,69,245545
4166,0.00034,74.125.130.0-255,1484,43109,69,245545
4167,0.000342,172.31.40.0-255,66,43175,69,245545
4168,0.000346,74.125.130.0-255,2902,46077,69,245545
4169,0.000348,172.31.40.0-255,66,46143,69,245545
4170,0.000385,74.125.130.0-255,2543,48686,69,245545
4171,0.000388,172.31.40.0-255,66,48752,69,245545
4172,0.000492,74.125.130.0-255,1484,50236,69,245545
4173,0.000513,74.125.130.0-255,2902,53138,69,245545
4174,0.000534,74.125.130.0-255,1484,54622,69,245545
4175,0.000548,74.125.130.0-255,2902,57524,69,245545
4176,0.00058,74.125.130.0-255,2902,60426,69,245545
4177,0.000593,74.125.130.0-255,2902,63328,69,245545
4178,0.000633,74.125.130.0-255,2543,65871,69,245545
4179,0.000646,172.31.40.0-255,66,65937,69,245545
4180,0.000701,74.125.130.0-255,645,66582,69,245545
4181,0.000739,74.125.130.0-255,1484,68066,69,245545
4182,0.000747,172.31.40.0-255,66,68132,69,245545
4183,0.000766,74.125.130.0-255,2902,71034,69,245545
4184,0.000782,74.125.130.0-255,4320,75354,69,245545
4185,0.000798,74.125.130.0-255,1484,76838,69,245545
4186,0.000804,172.31.40.0-255,66,76904,69,245545
4187,0.000826,74.125.130.0-255,5738,82642,69,245545
4188,0.000837,74.125.130.0-255,1125,83767,69,245545
4189,0.000846,172.31.40.0-255,66,83833,69,245545
4190,0.000873,74.125.130.0-255,1484,85317,69,245545
4191,0.000877,74.125.130.0-255,1484,86801,69,245545
4192,0.000883,172.31.40.0-255,66,86867,69,245545
4193,0.000895,74.125.130.0-255,2902,89769,69,245545
4194,0.000917,74.125.130.0-255,5738,95507,69,245545
4195,0.000937,172.31.40.0-255,66,95573,69,245545
4196,0.000962,74.125.130.0-255,2902,98475,69,245545
4197,0.000978,74.125.130.0-255,2543,101018,69,245545
4198,0.000985,172.31.40.0-255,66,101084,69,245545
4199,0.001759,74.125.130.0-255,1484,102568,69,245545
4200,0.001771,74.125.130.0-255,2902,105470,69,245545
4201,0.001775,172.31.40.0-255,66,105536,69,245545
4202,0.00178,74.125.130.0-255,1484,107020,69,245545
4203,0.001805,74.125.130.0-255,4320,111340,69,245545
4204,0.00181,74.125.130.0-255,2902,114242,69,245545
4205,0.001834,74.125.130.0-255,4320,118562,69,245545
4206,0.001842,74.125.130.0-255,7156,125718,69,245545
4207,0.001855,74.125.130.0-255,1484,127202,69,245545
4208,0.001868,74.125.130.0-255,1484,128686,69,245545
4209,0.001881,74.125.130.0-255,2902,131588,69,245545
4210,0.001901,74.125.130.0-255,3602,135190,69,245545
4211,0.002188,74.125.130.0-255,1484,136674,69,245545
4212,0.002194,74.125.130.0-255,1484,138158,69,245545
4213,0.002213,74.125.130.0-255,1484,139642,69,245545
4214,0.002224,74.125.130.0-255,1484,141126,69,245545
4215,0.002227,74.125.130.0-255,1484,142610,69,245545
4216,0.002246,74.125.130.0-255,2902,145512,69,245545
4217,0.002259,74.125.130.0-255,1484,146996,69,245545
4218,0.002282,74.125.130.0-255,5738,152734,69,245545
4219,0.002294,74.125.130.0-255,1484,154218,69,245545
4220,0.002306,74.125.130.0-255,1484,155702,69,245545
4221,0.002325,74.125.130.0-255,5738,161440,69,245545
4222,0.00234,74.125.130.0-255,1484,162924,69,245545
4223,0.002367,74.125.130.0-255,1484,164408,69,245545
4224,0.002382,74.125.130.0-255,5020,169428,69,245545
4225,0.006032,172.31.40.0-255,66,169494,69,245545
4226,0.008654,74.125.130.0-255,1484,170978,69,245545
4227,0.008672,74.125.130.0-255,2902,173880,69,245545
4228,0.008675,172.31.40.0-255,66,173946,69,245545
4229,0.008687,74.125.130.0-255,1484,175430,69,245545
4230,0.011288,74.125.130.0-255,4320,179750,69,245545
4231,0.011296,172.31.40.0-255,66,179816,69,245545
4232,0.013911,74.125.130.0-255,5738,185554,69,245545
4233,0.013966,172.31.40.0-255,66,185620,69,245545
4234,0.01658,74.125.130.0-255,5738,191358,69,245545
4235,0.01659,172.31.40.0-255,66,191424,69,245545
4236,0.019243,74.125.130.0-255,5738,197162,69,245545
4237,0.019251,172.31.40.0-255,66,197228,69,245545
4238,0.02186,74.125.130.0-255,5738,202966,69,245545
4239,0.021869,172.31.40.0-255,66,203032,69,245545
4240,0.0245,74.125.130.0-255,5738,208770,69,245545
4241,0.024508,172.31.40.0-255,66,208836,69,245545
4242,0.027201,74.125.130.0-255,5738,214574,69,245545
4243,0.02721,172.31.40.0-255,66,214640,69,245545
4244,0.029825,74.125.130.0-255,5738,220378,69,245545
4245,0.029833,172.31.40.0-255,66,220444,69,245545
4246,0.032481,74.125.130.0-255,5738,226182,69,245545
4247,0.032491,172.31.40.0-255,66,226248,69,245545
4248,0.034987,172.31.40.0-255,172,226420,69,245545
4249,0.035023,172.31.40.0-255,1116,227536,69,245545
4250,0.035089,172.31.40.0-255,1514,229050,69,245545
4251,0.035091,172.31.40.0-255,1514,230564,69,245545
4252,0.035092,172.31.40.0-255,1514,232078,69,245545
4253,0.035097,172.31.40.0-255,1514,233592,69,245545
4254,0.035098,172.31.40.0-255,1499,235091,69,245545
4255,0.035137,74.125.130.0-255,4320,239411,69,245545
4256,0.035142,172.31.40.0-255,66,239477,69,245545
4257,0.035169,74.125.130.0-255,1484,240961,69,245545
4258,0.036649,104.244.42.0-255,66,241027,69,245545
4259,0.036696,104.244.42.0-255,66,241093,69,245545
4260,0.036819,104.244.42.0-255,66,241159,69,245545
4261,0.037758,74.125.130.0-255,4320,245479,69,245545
4262,0.037765,172.31.40.0-255,66,245545,69,245545
4263,0.0,74.125.68.0-255,153,153,69,345681
4264,2.4e-05,172.31.40.0-255,66,219,69,345681
4265,3.1e-05,74.125.68.0-255,1484,1703,69,345681
4266,3.6e-05,172.31.40.0-255,66,1769,69,345681
4267,4.2e-05,74.125.68.0-255,2902,4671,69,345681
4268,4.5e-05,172.31.40.0-255,66,4737,69,345681
4269,8.3e-05,74.125.68.0-255,4320,9057,69,345681
4270,8.7e-05,172.31.40.0-255,66,9123,69,345681
4271,9.8e-05,74.125.68.0-255,1484,10607,69,345681
4272,0.0001,172.31.40.0-255,66,10673,69,345681
4273,0.000105,74.125.68.0-255,2902,13575,69,345681
4274,0.000108,172.31.40.0-255,66,13641,69,345681
4275,0.000135,74.125.68.0-255,2902,16543,69,345681
4276,0.000138,172.31.40.0-255,66,16609,69,345681
4277,0.000159,74.125.68.0-255,3573,20182,69,345681
4278,0.000162,172.31.40.0-255,66,20248,69,345681
4279,0.000166,74.125.68.0-255,2902,23150,69,345681
4280,0.000168,172.31.40.0-255,66,23216,69,345681
4281,0.000202,74.125.68.0-255,5738,28954,69,345681
4282,0.000205,172.31.40.0-255,66,29020,69,345681
4283,0.000223,74.125.68.0-255,2543,31563,69,345681
4284,0.000227,172.31.40.0-255,66,31629,69,345681
4285,0.000301,74.125.68.0-255,1484,33113,69,345681
4286,0.000304,172.31.40.0-255,66,33179,69,345681
4287,0.000322,74.125.68.0-255,2902,36081,69,345681
4288,0.000325,172.31.40.0-255,66,36147,69,345681
4289,0.000353,74.125.68.0-255,5738,41885,69,345681
4290,0.000356,172.31.40.0-255,66,41951,69,345681
4291,0.000361,74.125.68.0-255,2902,44853,69,345681
4292,0.000363,172.31.40.0-255,66,44919,69,345681
4293,0.000368,74.125.68.0-255,3961,48880,69,345681
4294,0.000371,172.31.40.0-255,66,48946,69,345681
4295,0.000412,74.125.68.0-255,1484,50430,69,345681
4296,0.000437,74.125.68.0-255,2902,53332,69,345681
4297,0.000441,172.31.40.0-255,66,53398,69,345681
4298,0.000444,74.125.68.0-255,1484,54882,69,345681
4299,0.00046,74.125.68.0-255,1484,56366,69,345681
4300,0.000462,172.31.40.0-255,66,56432,69,345681
4301,0.000466,74.125.68.0-255,1484,57916,69,345681
4302,0.000484,74.125.68.0-255,2902,60818,69,345681
4303,0.000487,172.31.40.0-255,66,60884,69,345681
4304,0.000505,74.125.68.0-255,1484,62368,69,345681
4305,0.000518,74.125.68.0-255,4236,66604,69,345681
4306,0.000522,172.31.40.0-255,66,66670,69,345681
4307,0.000524,74.125.68.0-255,132,66802,69,345681
4308,0.000616,74.125.68.0-255,1484,68286,69,345681
4309,0.000619,172.31.40.0-255,66,68352,69,345681
4310,0.000663,74.125.68.0-255,2902,71254,69,345681
4311,0.000667,172.31.40.0-255,66,71320,69,345681
4312,0.000683,74.125.68.0-255,4320,75640,69,345681
4313,0.000686,172.31.40.0-255,66,75706,69,345681
4314,0.000706,74.125.68.0-255,1484,77190,69,345681
4315,0.000732,74.125.68.0-255,7156,84346,69,345681
4316,0.000736,172.31.40.0-255,66,84412,69,345681
4317,0.000741,74.125.68.0-255,4320,88732,69,345681
4318,0.000743,172.31.40.0-255,66,88798,69,345681
4319,0.00076,74.125.68.0-255,5738,94536,69,345681
4320,0.000763,172.31.40.0-255,66,94602,69,345681
4321,0.000768,74.125.68.0-255,2902,97504,69,345681
4322,0.00077,172.31.40.0-255,66,97570,69,345681
4323,0.000795,74.125.68.0-255,2902,100472,69,345681
4324,0.000797,172.31.40.0-255,66,100538,69,345681
4325,0.00083,74.125.68.0-255,766,101304,69,345681
4326,0.000846,74.125.68.0-255,1765,103069,69,345681
4327,0.000849,172.31.40.0-255,66,103135,69,345681
4328,0.000854,74.125.68.0-255,4320,107455,69,345681
4329,0.000856,172.31.40.0-255,66,107521,69,345681
4330,0.000884,74.125.68.0-255,5738,113259,69,345681
4331,0.000887,172.31.40.0-255,66,113325,69,345681
4332,0.000891,74.125.68.0-255,1484,114809,69,345681
4333,0.000918,172.31.40.0-255,66,114875,69,345681
4334,0.000923,74.125.68.0-255,4320,119195,69,345681
4335,0.000925,172.31.40.0-255,66,119261,69,345681
4336,0.000965,74.125.68.0-255,4320,123581,69,345681
4337,0.000968,172.31.40.0-255,66,123647,69,345681
4338,0.000984,74.125.68.0-255,2184,125831,69,345681
4339,0.000987,172.31.40.0-255,66,125897,69,345681
4340,0.001302,74.125.68.0-255,1484,127381,69,345681
4341,0.001322,74.125.68.0-255,2902,130283,69,345681
4342,0.001326,172.31.40.0-255,66,130349,69,345681
4343,0.001349,74.125.68.0-255,5738,136087,69,345681
4344,0.001352,172.31.40.0-255,66,136153,69,345681
4345,0.001367,74.125.68.0-255,4320,140473,69,345681
4346,0.00137,172.31.40.0-255,66,140539,69,345681
4347,0.001386,74.125.68.0-255,5738,146277,69,345681
4348,0.001388,172.31.40.0-255,66,146343,69,345681
4349,0.001414,74.125.68.0-255,4320,150663,69,345681
4350,0.001417,172.31.40.0-255,66,150729,69,345681
4351,0.001433,74.125.68.0-255,7156,157885,69,345681
4352,0.001437,172.31.40.0-255,66,157951,69,345681
4353,0.001475,74.125.68.0-255,2184,160135,69,345681
4354,0.001478,172.31.40.0-255,66,160201,69,345681
4355,0.001561,74.125.68.0-255,1484,161685,69,345681
4356,0.001565,74.125.68.0-255,1484,163169,69,345681
4357,0.001567,172.31.40.0-255,66,163235,69,345681
4358,0.001583,74.125.68.0-255,1484,164719,69,345681
4359,0.001589,74.125.68.0-255,4320,169039,69,345681
4360,0.001591,172.31.40.0-255,66,169105,69,345681
4361,0.001607,74.125.68.0-255,1484,170589,69,345681
4362,0.001622,74.125.68.0-255,1484,172073,69,345681
4363,0.001625,172.31.40.0-255,66,172139,69,345681
4364,0.00165,74.125.68.0-255,2902,175041,69,345681
4365,0.001654,172.31.40.0-255,66,175107,69,345681
4366,0.00169,74.125.68.0-255,1484,176591,69,345681
4367,0.001695,74.125.68.0-255,2902,179493,69,345681
4368,0.001697,172.31.40.0-255,66,179559,69,345681
4369,0.001724,74.125.68.0-255,4320,183879,69,345681
4370,0.001727,172.31.40.0-255,66,183945,69,345681
4371,0.001748,74.125.68.0-255,5738,189683,69,345681
4372,0.00175,172.31.40.0-255,66,189749,69,345681
4373,0.001767,74.125.68.0-255,1484,191233,69,345681
4374,0.001781,74.125.68.0-255,1484,192717,69,345681
4375,0.001784,172.31.40.0-255,66,192783,69,345681
4376,0.001821,74.125.68.0-255,2184,194967,69,345681
4377,0.001824,172.31.40.0-255,66,195033,69,345681
4378,0.002025,74.125.68.0-255,1484,196517,69,345681
4379,0.002038,74.125.68.0-255,1484,198001,69,345681
4380,0.002042,172.31.40.0-255,66,198067,69,345681
4381,0.002059,74.125.68.0-255,1484,199551,69,345681
4382,0.002066,74.125.68.0-255,5738,205289,69,345681
4383,0.002068,172.31.40.0-255,66,205355,69,345681
4384,0.002089,74.125.68.0-255,7156,212511,69,345681
4385,0.002092,172.31.40.0-255,66,212577,69,345681
4386,0.002096,74.125.68.0-255,2902,215479,69,345681
4387,0.002098,172.31.40.0-255,66,215545,69,345681
4388,0.002118,74.125.68.0-255,5738,221283,69,345681
4389,0.002122,172.31.40.0-255,66,221349,69,345681
4390,0.002156,74.125.68.0-255,1484,222833,69,345681
4391,0.002175,74.125.68.0-255,6438,229271,69,345681
4392,0.002178,172.31.40.0-255,66,229337,69,345681
4393,0.002233,74.125.68.0-255,1484,230821,69,345681
4394,0.00225,74.125.68.0-255,2902,233723,69,345681
4395,0.002253,172.31.40.0-255,66,233789,69,345681
4396,0.002275,74.125.68.0-255,5738,239527,69,345681
4397,0.002278,172.31.40.0-255,66,239593,69,345681
4398,0.002287,74.125.68.0-255,2902,242495,69,345681
4399,0.00229,172.31.40.0-255,66,242561,69,345681
4400,0.00231,74.125.68.0-255,2902,245463,69,345681
4401,0.002312,172.31.40.0-255,66,245529,69,345681
4402,0.002319,74.125.68.0-255,7156,252685,69,345681
4403,0.002322,172.31.40.0-255,66,252751,69,345681
4404,0.00236,172.31.40.0-255,66,252817,69,345681
4405,0.004676,74.125.68.0-255,5738,258555,69,345681
4406,0.0047,172.31.40.0-255,66,258621,69,345681
4407,0.007027,74.125.68.0-255,5738,264359,69,345681
4408,0.007048,172.31.40.0-255,66,264425,69,345681
4409,0.009373,74.125.68.0-255,5738,270163,69,345681
4410,0.009396,172.31.40.0-255,66,270229,69,345681
4411,0.011739,74.125.68.0-255,5738,275967,69,345681
4412,0.011752,172.31.40.0-255,66,276033,69,345681
4413,0.014117,74.125.68.0-255,5738,281771,69,345681
4414,0.014128,172.31.40.0-255,66,281837,69,345681
4415,0.016434,74.125.68.0-255,5738,287575,69,345681
4416,0.016442,172.31.40.0-255,66,287641,69,345681
4417,0.018774,74.125.68.0-255,5738,293379,69,345681
4418,0.018797,172.31.40.0-255,66,293445,69,345681
4419,0.021118,74.125.68.0-255,5738,299183,69,345681
4420,0.021134,172.31.40.0-255,66,299249,69,345681
4421,0.023464,74.125.68.0-255,5738,304987,69,345681
4422,0.023482,172.31.40.0-255,66,305053,69,345681
4423,0.025813,74.125.68.0-255,5738,310791,69,345681
4424,0.025831,172.31.40.0-255,66,310857,69,345681
4425,0.028155,74.125.68.0-255,5738,316595,69,345681
4426,0.028171,172.31.40.0-255,66,316661,69,345681
4427,0.030501,74.125.68.0-255,5738,322399,69,345681
4428,0.030518,172.31.40.0-255,66,322465,69,345681
4429,0.03284,74.125.68.0-255,5738,328203,69,345681
4430,0.032856,172.31.40.0-255,66,328269,69,345681
4431,0.035181,74.125.68.0-255,5738,334007,69,345681
4432,0.035199,172.31.40.0-255,66,334073,69,345681
4433,0.037529,74.125.68.0-255,5738,339811,69,345681
4434,0.037548,172.31.40.0-255,66,339877,69,345681
4435,0.03987,74.125.68.0-255,5738,345615,69,345681
4436,0.039886,172.31.40.0-255,66,345681,69,345681
4437,0.0,74.125.68.0-255,150,150,69,264568
4438,2.1e-05,172.31.40.0-255,66,216,69,264568
4439,2.8e-05,74.125.68.0-255,1484,1700,69,264568
4440,3.2e-05,172.31.40.0-255,66,1766,69,264568
4441,3.6e-05,74.125.68.0-255,2902,4668,69,264568
4442,4.8e-05,172.31.40.0-255,66,4734,69,264568
4443,5.6e-05,74.125.68.0-255,7156,11890,69,264568
4444,5.9e-05,172.31.40.0-255,66,11956,69,264568
4445,0.0001,172.31.40.0-255,66,12022,69,264568
4446,0.000111,172.31.40.0-255,66,12088,69,264568
4447,0.00015,74.125.68.0-255,2543,14631,69,264568
4448,0.000152,172.31.40.0-255,66,14697,69,264568
4449,0.000213,74.125.68.0-255,1484,16181,69,264568
4450,0.000217,172.31.40.0-255,66,16247,69,264568
4451,0.000244,74.125.68.0-255,2902,19149,69,264568
4452,0.000246,172.31.40.0-255,66,19215,69,264568
4453,0.00025,74.125.68.0-255,1484,20699,69,264568
4454,0.000252,172.31.40.0-255,66,20765,69,264568
4455,0.000272,74.125.68.0-255,2902,23667,69,264568
4456,0.000274,172.31.40.0-255,66,23733,69,264568
4457,0.000282,74.125.68.0-255,7156,30889,69,264568
4458,0.000285,172.31.40.0-255,66,30955,69,264568
4459,0.000318,74.125.68.0-255,1484,32439,69,264568
4460,0.000321,172.31.40.0-255,66,32505,69,264568
4461,0.000334,172.31.40.0-255,66,32571,69,264568
4462,0.000373,74.125.68.0-255,2902,35473,69,264568
4463,0.000376,172.31.40.0-255,66,35539,69,264568
4464,0.000403,74.125.68.0-255,2477,38016,69,264568
4465,0.000406,172.31.40.0-255,66,38082,69,264568
4466,0.000409,74.125.68.0-255,133,38215,69,264568
4467,0.000413,74.125.68.0-255,347,38562,69,264568
4468,0.000658,74.125.68.0-255,1484,40046,69,264568
4469,0.000665,172.31.40.0-255,66,40112,69,264568
4470,0.000684,74.125.68.0-255,2902,43014,69,264568
4471,0.000708,74.125.68.0-255,5738,48752,69,264568
4472,0.000714,172.31.40.0-255,66,48818,69,264568
4473,0.000725,74.125.68.0-255,4320,53138,69,264568
4474,0.000739,74.125.68.0-255,2543,55681,69,264568
4475,0.000742,172.31.40.0-255,66,55747,69,264568
4476,0.000768,172.31.40.0-255,66,55813,69,264568
4477,0.000858,74.125.68.0-255,1484,57297,69,264568
4478,0.000888,74.125.68.0-255,1484,58781,69,264568
4479,0.000893,172.31.40.0-255,66,58847,69,264568
4480,0.0009,74.125.68.0-255,1484,60331,69,264568
4481,0.000902,74.125.68.0-255,1484,61815,69,264568
4482,0.000931,74.125.68.0-255,1484,63299,69,264568
4483,0.000945,74.125.68.0-255,1484,64783,69,264568
4484,0.000951,74.125.68.0-255,5738,70521,69,264568
4485,0.000954,74.125.68.0-255,1484,72005,69,264568
4486,0.000968,74.125.68.0-255,1484,73489,69,264568
4487,0.000982,74.125.68.0-255,4320,77809,69,264568
4488,0.000988,172.31.40.0-255,66,77875,69,264568
4489,0.001019,74.125.68.0-255,4320,82195,69,264568
4490,0.001029,172.31.40.0-255,66,82261,69,264568
4491,0.001037,74.125.68.0-255,2902,85163,69,264568
4492,0.001042,172.31.40.0-255,66,85229,69,264568
4493,0.001066,74.125.68.0-255,5020,90249,69,264568
4494,0.001089,172.31.40.0-255,66,90315,69,264568
4495,0.001419,74.125.68.0-255,1484,91799,69,264568
4496,0.001438,74.125.68.0-255,2902,94701,69,264568
4497,0.001441,172.31.40.0-255,66,94767,69,264568
4498,0.001447,74.125.68.0-255,5738,100505,69,264568
4499,0.001468,74.125.68.0-255,6249,106754,69,264568
4500,0.001483,172.31.40.0-255,66,106820,69,264568
4501,0.001489,74.125.68.0-255,1484,108304,69,264568
4502,0.001509,74.125.68.0-255,5738,114042,69,264568
4503,0.001521,172.31.40.0-255,66,114108,69,264568
4504,0.001539,74.125.68.0-255,7156,121264,69,264568
4505,0.001543,74.125.68.0-255,2902,124166,69,264568
4506,0.001548,172.31.40.0-255,66,124232,69,264568
4507,0.001564,74.125.68.0-255,5738,129970,69,264568
4508,0.001582,74.125.68.0-255,5738,135708,69,264568
4509,0.001591,172.31.40.0-255,66,135774,69,264568
4510,0.001597,74.125.68.0-255,5020,140794,69,264568
4511,0.0016,172.31.40.0-255,66,140860,69,264568
4512,0.001887,74.125.68.0-255,1484,142344,69,264568
4513,0.001893,74.125.68.0-255,2902,145246,69,264568
4514,0.001895,172.31.40.0-255,66,145312,69,264568
4515,0.001925,74.125.68.0-255,5738,151050,69,264568
4516,0.001939,74.125.68.0-255,2902,153952,69,264568
4517,0.001945,172.31.40.0-255,66,154018,69,264568
4518,0.001962,74.125.68.0-255,4320,158338,69,264568
4519,0.001966,74.125.68.0-255,2902,161240,69,264568
4520,0.001972,172.31.40.0-255,66,161306,69,264568
4521,0.001998,74.125.68.0-255,4320,165626,69,264568
4522,0.002003,74.125.68.0-255,4320,169946,69,264568
4523,0.002009,172.31.40.0-255,66,170012,69,264568
4524,0.002027,74.125.68.0-255,4320,174332,69,264568
4525,0.00203,74.125.68.0-255,766,175098,69,264568
4526,0.00204,172.31.40.0-255,66,175164,69,264568
4527,0.004332,74.125.68.0-255,5738,180902,69,264568
4528,0.004338,172.31.40.0-255,66,180968,69,264568
4529,0.006631,74.125.68.0-255,5738,186706,69,264568
4530,0.007704,172.31.40.0-255,66,186772,69,264568
4531,0.010021,74.125.68.0-255,5738,192510,69,264568
4532,0.010029,172.31.40.0-255,66,192576,69,264568
4533,0.012339,74.125.68.0-255,5738,198314,69,264568
4534,0.015675,172.31.40.0-255,66,198380,69,264568
4535,0.017991,74.125.68.0-255,5738,204118,69,264568
4536,0.018001,172.31.40.0-255,66,204184,69,264568
4537,0.020304,74.125.68.0-255,5738,209922,69,264568
4538,0.020312,172.31.40.0-255,66,209988,69,264568
4539,0.022621,74.125.68.0-255,5738,215726,69,264568
4540,0.022629,172.31.40.0-255,66,215792,69,264568
4541,0.024934,74.125.68.0-255,5738,221530,69,264568
4542,0.02494,172.31.40.0-255,66,221596,69,264568
4543,0.026881,172.31.40.0-255,172,221768,69,264568
4544,0.026909,172.31.40.0-255,1116,222884,69,264568
4545,0.026964,172.31.40.0-255,1514,224398,69,264568
4546,0.02697,172.31.40.0-255,1514,225912,69,264568
4547,0.026971,172.31.40.0-255,1514,227426,69,264568
4548,0.026971,172.31.40.0-255,1514,228940,69,264568
4549,0.026972,172.31.40.0-255,540,229480,69,264568
4550,0.027233,74.125.68.0-255,5738,235218,69,264568
4551,0.027239,172.31.40.0-255,66,235284,69,264568
4552,0.02846,104.244.42.0-255,66,235350,69,264568
4553,0.028495,104.244.42.0-255,66,235416,69,264568
4554,0.028557,104.244.42.0-255,66,235482,69,264568
4555,0.028579,104.244.42.0-255,66,235548,69,264568
4556,0.029537,74.125.68.0-255,5738,241286,69,264568
4557,0.029543,172.31.40.0-255,66,241352,69,264568
4558,0.031853,74.125.68.0-255,5738,247090,69,264568
4559,0.031859,172.31.40.0-255,66,247156,69,264568
4560,0.034214,74.125.68.0-255,5738,252894,69,264568
4561,0.034219,172.31.40.0-255,66,252960,69,264568
4562,0.036523,74.125.68.0-255,5738,258698,69,264568
4563,0.036529,172.31.40.0-255,66,258764,69,264568
4564,0.03885,74.125.68.0-255,5738,264502,69,264568
4565,0.038857,172.31.40.0-255,66,264568,69,264568
4566,0.0,172.217.160.0-255,153,153,69,256180
4567,2e-05,172.31.40.0-255,66,219,69,256180
4568,2.6e-05,172.217.160.0-255,1484,1703,69,256180
4569,2.9e-05,172.31.40.0-255,66,1769,69,256180
4570,3.4e-05,172.217.160.0-255,2902,4671,69,256180
4571,3.6e-05,172.31.40.0-255,66,4737,69,256180
4572,4.2e-05,172.217.160.0-255,7156,11893,69,256180
4573,4.5e-05,172.31.40.0-255,66,11959,69,256180
4574,6.9e-05,172.217.160.0-255,2077,14036,69,256180
4575,7.2e-05,172.31.40.0-255,66,14102,69,256180
4576,0.000104,172.217.160.0-255,2902,17004,69,256180
4577,0.000106,172.31.40.0-255,66,17070,69,256180
4578,0.00011,172.217.160.0-255,1484,18554,69,256180
4579,0.000111,172.31.40.0-255,66,18620,69,256180
4580,0.000126,172.217.160.0-255,1484,20104,69,256180
4581,0.000128,172.31.40.0-255,66,20170,69,256180
4582,0.000135,172.217.160.0-255,7156,27326,69,256180
4583,0.000137,172.31.40.0-255,66,27392,69,256180
4584,0.000165,172.217.160.0-255,2902,30294,69,256180
4585,0.000169,172.31.40.0-255,66,30360,69,256180
4586,0.000195,172.31.40.0-255,66,30426,69,256180
4587,0.000214,172.217.160.0-255,2543,32969,69,256180
4588,0.000216,172.31.40.0-255,66,33035,69,256180
4589,0.000222,172.217.160.0-255,6797,39832,69,256180
4590,0.000223,172.31.40.0-255,66,39898,69,256180
4591,0.000627,172.217.160.0-255,1484,41382,69,256180
4592,0.000633,172.31.40.0-255,66,41448,69,256180
4593,0.000638,172.217.160.0-255,2902,44350,69,256180
4594,0.00064,172.31.40.0-255,66,44416,69,256180
4595,0.000643,172.217.160.0-255,1484,45900,69,256180
4596,0.000646,172.31.40.0-255,66,45966,69,256180
4597,0.000666,172.217.160.0-255,4320,50286,69,256180
4598,0.00067,172.31.40.0-255,66,50352,69,256180
4599,0.000673,172.217.160.0-255,1484,51836,69,256180
4600,0.00069,172.217.160.0-255,5646,57482,69,256180
4601,0.000693,172.31.40.0-255,66,57548,69,256180
4602,0.000706,172.217.160.0-255,409,57957,69,256180
4603,0.000794,172.217.160.0-255,1484,59441,69,256180
4604,0.000797,172.31.40.0-255,66,59507,69,256180
4605,0.000802,172.217.160.0-255,2902,62409,69,256180
4606,0.000804,172.217.160.0-255,1484,63893,69,256180
4607,0.000806,172.31.40.0-255,66,63959,69,256180
4608,0.000822,172.217.160.0-255,4320,68279,69,256180
4609,0.000824,172.31.40.0-255,66,68345,69,256180
4610,0.000828,172.217.160.0-255,1484,69829,69,256180
4611,0.000848,172.217.160.0-255,5379,75208,69,256180
4612,0.000852,172.31.40.0-255,66,75274,69,256180
4613,0.000873,172.217.160.0-255,5738,81012,69,256180
4614,0.000876,172.31.40.0-255,66,81078,69,256180
4615,0.000896,172.31.40.0-255,66,81144,69,256180
4616,0.0009,172.217.160.0-255,1995,83139,69,256180
4617,0.000903,172.31.40.0-255,66,83205,69,256180
4618,0.000942,172.217.160.0-255,4320,87525,69,256180
4619,0.000946,172.31.40.0-255,66,87591,69,256180
4620,0.00097,172.31.40.0-255,66,87657,69,256180
4621,0.001068,172.217.160.0-255,200,87857,69,256180
4622,0.001374,172.217.160.0-255,1484,89341,69,256180
4623,0.00138,172.31.40.0-255,66,89407,69,256180
4624,0.001386,172.217.160.0-255,2902,92309,69,256180
4625,0.001389,172.31.40.0-255,66,92375,69,256180
4626,0.001395,172.217.160.0-255,5738,98113,69,256180
4627,0.001398,172.31.40.0-255,66,98179,69,256180
4628,0.001427,172.31.40.0-255,66,98245,69,256180
4629,0.001449,172.217.160.0-255,4320,102565,69,256180
4630,0.001452,172.31.40.0-255,66,102631,69,256180
4631,0.001486,172.217.160.0-255,2902,105533,69,256180
4632,0.001491,172.31.40.0-255,66,105599,69,256180
4633,0.001516,172.31.40.0-255,66,105665,69,256180
4634,0.001711,172.217.160.0-255,1484,107149,69,256180
4635,0.001717,172.217.160.0-255,2902,110051,69,256180
4636,0.001721,172.31.40.0-255,66,110117,69,256180
4637,0.001746,172.217.160.0-255,5738,115855,69,256180
4638,0.001751,172.31.40.0-255,66,115921,69,256180
4639,0.001756,172.217.160.0-255,5738,121659,69,256180
4640,0.001759,172.31.40.0-255,66,121725,69,256180
4641,0.001774,172.217.160.0-255,2902,124627,69,256180
4642,0.001777,172.31.40.0-255,66,124693,69,256180
4643,0.001803,172.217.160.0-255,4320,129013,69,256180
4644,0.001807,172.31.40.0-255,66,129079,69,256180
4645,0.00183,172.31.40.0-255,66,129145,69,256180
4646,0.003603,172.217.160.0-255,4320,133465,69,256180
4647,0.00361,172.31.40.0-255,66,133531,69,256180
4648,0.003625,172.217.160.0-255,1484,135015,69,256180
4649,0.005374,172.217.160.0-255,2902,137917,69,256180
4650,0.005379,172.31.40.0-255,66,137983,69,256180
4651,0.005397,172.217.160.0-255,1484,139467,69,256180
4652,0.007148,172.217.160.0-255,4320,143787,69,256180
4653,0.007153,172.31.40.0-255,66,143853,69,256180
4654,0.008927,172.217.160.0-255,4320,148173,69,256180
4655,0.008933,172.31.40.0-255,66,148239,69,256180
4656,0.008954,172.217.160.0-255,1484,149723,69,256180
4657,0.0107,172.217.160.0-255,4320,154043,69,256180
4658,0.010708,172.31.40.0-255,66,154109,69,256180
4659,0.012476,172.217.160.0-255,4320,158429,69,256180
4660,0.012482,172.31.40.0-255,66,158495,69,256180
4661,0.012509,172.217.160.0-255,1484,159979,69,256180
4662,0.014272,172.217.160.0-255,4320,164299,69,256180
4663,0.01428,172.31.40.0-255,66,164365,69,256180
4664,0.016062,172.217.160.0-255,5738,170103,69,256180
4665,0.016069,172.31.40.0-255,66,170169,69,256180
4666,0.017843,172.217.160.0-255,5738,175907,69,256180
4667,0.017849,172.31.40.0-255,66,175973,69,256180
4668,0.019645,172.217.160.0-255,5738,181711,69,256180
4669,0.01965,172.31.40.0-255,66,181777,69,256180
4670,0.021463,172.217.160.0-255,2902,184679,69,256180
4671,0.021468,172.31.40.0-255,66,184745,69,256180
4672,0.0215,172.217.160.0-255,2902,187647,69,256180
4673,0.021503,172.31.40.0-255,66,187713,69,256180
4674,0.023266,172.217.160.0-255,2902,190615,69,256180
4675,0.023272,172.31.40.0-255,66,190681,69,256180
4676,0.023314,172.217.160.0-255,1484,192165,69,256180
4677,0.023328,172.217.160.0-255,1484,193649,69,256180
4678,0.023331,172.31.40.0-255,66,193715,69,256180
4679,0.02512,172.217.160.0-255,2902,196617,69,256180
4680,0.025126,172.31.40.0-255,66,196683,69,256180
4681,0.025151,172.217.160.0-255,2902,199585,69,256180
4682,0.025154,172.31.40.0-255,66,199651,69,256180
4683,0.026985,172.217.160.0-255,2902,202553,69,256180
4684,0.026993,172.31.40.0-255,66,202619,69,256180
4685,0.027031,172.217.160.0-255,2902,205521,69,256180
4686,0.027035,172.31.40.0-255,66,205587,69,256180
4687,0.02879,172.217.160.0-255,2902,208489,69,256180
4688,0.028797,172.31.40.0-255,66,208555,69,256180
4689,0.028831,172.217.160.0-255,2902,211457,69,256180
4690,0.028835,172.31.40.0-255,66,211523,69,256180
4691,0.03057,172.217.160.0-255,2902,214425,69,256180
4692,0.030577,172.31.40.0-255,66,214491,69,256180
4693,0.030608,172.217.160.0-255,2902,217393,69,256180
4694,0.030612,172.31.40.0-255,66,217459,69,256180
4695,0.032346,172.217.160.0-255,2902,220361,69,256180
4696,0.032351,172.31.40.0-255,66,220427,69,256180
4697,0.032376,172.217.160.0-255,2902,223329,69,256180
4698,0.032379,172.31.40.0-255,66,223395,69,256180
4699,0.033659,172.31.40.0-255,172,223567,69,256180
4700,0.033686,172.31.40.0-255,1112,224679,69,256180
4701,0.033722,172.31.40.0-255,1514,226193,69,256180
4702,0.033723,172.31.40.0-255,1514,227707,69,256180
4703,0.033727,172.31.40.0-255,1514,229221,69,256180
4704,0.033729,172.31.40.0-255,1514,230735,69,256180
4705,0.033756,172.31.40.0-255,1503,232238,69,256180
4706,0.034133,172.217.160.0-255,2902,235140,69,256180
4707,0.034138,172.31.40.0-255,66,235206,69,256180
4708,0.034162,172.217.160.0-255,2902,238108,69,256180
4709,0.034165,172.31.40.0-255,66,238174,69,256180
4710,0.035323,104.244.42.0-255,66,238240,69,256180
4711,0.035381,104.244.42.0-255,66,238306,69,256180
4712,0.035432,104.244.42.0-255,66,238372,69,256180
4713,0.03592,172.217.160.0-255,2902,241274,69,256180
4714,0.035924,172.31.40.0-255,66,241340,69,256180
4715,0.035951,172.217.160.0-255,2902,244242,69,256180
4716,0.035953,172.31.40.0-255,66,244308,69,256180
4717,0.037691,172.217.160.0-255,2902,247210,69,256180
4718,0.037695,172.31.40.0-255,66,247276,69,256180
4719,0.037719,172.217.160.0-255,2902,250178,69,256180
4720,0.037721,172.31.40.0-255,66,250244,69,256180
4721,0.039474,172.217.160.0-255,2902,253146,69,256180
4722,0.03948,172.31.40.0-255,66,253212,69,256180
4723,0.039508,172.217.160.0-255,2902,256114,69,256180
4724,0.03951,172.31.40.0-255,66,256180,69,256180
4725,0.0,172.31.40.0-255,105,105,69,459
4726,0.000206,172.31.40.0-255,90,195,69,459
4727,0.000217,172.31.40.0-255,66,261,69,459
4728,0.002548,74.125.130.0-255,66,327,69,459
4729,0.002576,74.125.130.0-255,66,393,69,459
4730,0.002596,172.31.40.0-255,66,459,69,459
4731,0.0,74.125.24.0-255,295,295,69,224746
4732,2.3e-05,172.31.40.0-255,66,361,69,224746
4733,2.9e-05,74.125.24.0-255,1484,1845,69,224746
4734,3.4e-05,172.31.40.0-255,66,1911,69,224746
4735,3.9e-05,74.125.24.0-255,2902,4813,69,224746
4736,4.2e-05,172.31.40.0-255,66,4879,69,224746
4737,4.9e-05,74.125.24.0-255,5738,10617,69,224746
4738,5.2e-05,172.31.40.0-255,66,10683,69,224746
4739,7.1e-05,74.125.24.0-255,5738,16421,69,224746
4740,7.3e-05,172.31.40.0-255,66,16487,69,224746
4741,0.000111,172.31.40.0-255,66,16553,69,224746
4742,0.000118,74.125.24.0-255,6797,23350,69,224746
4743,0.00012,172.31.40.0-255,66,23416,69,224746
4744,0.000164,74.125.24.0-255,1484,24900,69,224746
4745,0.000167,172.31.40.0-255,66,24966,69,224746
4746,0.000179,74.125.24.0-255,2902,27868,69,224746
4747,0.000181,172.31.40.0-255,66,27934,69,224746
4748,0.000184,74.125.24.0-255,1484,29418,69,224746
4749,0.000185,172.31.40.0-255,66,29484,69,224746
4750,0.000213,74.125.24.0-255,4320,33804,69,224746
4751,0.000216,172.31.40.0-255,66,33870,69,224746
4752,0.000223,74.125.24.0-255,7156,41026,69,224746
4753,0.000225,172.31.40.0-255,66,41092,69,224746
4754,0.000242,74.125.24.0-255,5738,46830,69,224746
4755,0.000244,172.31.40.0-255,66,46896,69,224746
4756,0.00025,74.125.24.0-255,7156,54052,69,224746
4757,0.000252,172.31.40.0-255,66,54118,69,224746
4758,0.00028,74.125.24.0-255,3902,58020,69,224746
4759,0.000282,172.31.40.0-255,66,58086,69,224746
4760,0.000512,74.125.24.0-255,131,58217,69,224746
4761,0.000518,172.31.40.0-255,66,58283,69,224746
4762,0.000692,74.125.24.0-255,1484,59767,69,224746
4763,0.000699,74.125.24.0-255,2902,62669,69,224746
4764,0.000702,172.31.40.0-255,66,62735,69,224746
4765,0.000709,74.125.24.0-255,4320,67055,69,224746
4766,0.000711,172.31.40.0-255,66,67121,69,224746
4767,0.000724,74.125.24.0-255,1484,68605,69,224746
4768,0.000731,74.125.24.0-255,7156,75761,69,224746
4769,0.000734,172.31.40.0-255,66,75827,69,224746
4770,0.000771,172.31.40.0-255,66,75893,69,224746
4771,0.000776,74.125.24.0-255,2184,78077,69,224746
4772,0.000778,172.31.40.0-255,66,78143,69,224746
4773,0.000828,74.125.24.0-255,5738,83881,69,224746
4774,0.000832,172.31.40.0-255,66,83947,69,224746
4775,0.000857,74.125.24.0-255,7156,91103,69,224746
4776,0.00086,172.31.40.0-255,66,91169,69,224746
4777,0.000875,172.31.40.0-255,66,91235,69,224746
4778,0.000917,172.31.40.0-255,66,91301,69,224746
4779,0.000967,172.31.40.0-255,66,91367,69,224746
4780,0.000994,74.125.24.0-255,5738,97105,69,224746
4781,0.000996,172.31.40.0-255,66,97171,69,224746
4782,0.001004,74.125.24.0-255,6718,103889,69,224746
4783,0.001006,172.31.40.0-255,66,103955,69,224746
4784,0.001331,74.125.24.0-255,1484,105439,69,224746
4785,0.001364,74.125.24.0-255,2902,108341,69,224746
4786,0.001368,172.31.40.0-255,66,108407,69,224746
4787,0.001375,74.125.24.0-255,5738,114145,69,224746
4788,0.001377,172.31.40.0-255,66,114211,69,224746
4789,0.001383,74.125.24.0-255,4320,118531,69,224746
4790,0.001385,172.31.40.0-255,66,118597,69,224746
4791,0.001406,74.125.24.0-255,2902,121499,69,224746
4792,0.001408,172.31.40.0-255,66,121565,69,224746
4793,0.001437,74.125.24.0-255,7156,128721,69,224746
4794,0.00144,172.31.40.0-255,66,128787,69,224746
4795,0.00147,172.31.40.0-255,66,128853,69,224746
4796,0.001477,74.125.24.0-255,5738,134591,69,224746
4797,0.001479,172.31.40.0-255,66,134657,69,224746
4798,0.001483,74.125.24.0-255,2902,137559,69,224746
4799,0.001485,172.31.40.0-255,66,137625,69,224746
4800,0.00151,74.125.24.0-255,4320,141945,69,224746
4801,0.001513,172.31.40.0-255,66,142011,69,224746
4802,0.001525,172.31.40.0-255,66,142077,69,224746
4803,0.001549,74.125.24.0-255,4320,146397,69,224746
4804,0.001552,172.31.40.0-255,66,146463,69,224746
4805,0.001559,74.125.24.0-255,6438,152901,69,224746
4806,0.001562,172.31.40.0-255,66,152967,69,224746
4807,0.00166,74.125.24.0-255,1484,154451,69,224746
4808,0.001666,74.125.24.0-255,2902,157353,69,224746
4809,0.00167,172.31.40.0-255,66,157419,69,224746
4810,0.001696,74.125.24.0-255,5738,163157,69,224746
4811,0.001698,172.31.40.0-255,66,163223,69,224746
4812,0.001705,74.125.24.0-255,5738,168961,69,224746
4813,0.001707,172.31.40.0-255,66,169027,69,224746
4814,0.001733,74.125.24.0-255,7156,176183,69,224746
4815,0.001735,172.31.40.0-255,66,176249,69,224746
4816,0.001749,172.31.40.0-255,66,176315,69,224746
4817,0.001976,74.125.24.0-255,1484,177799,69,224746
4818,0.001983,74.125.24.0-255,2902,180701,69,224746
4819,0.001986,172.31.40.0-255,66,180767,69,224746
4820,0.001992,74.125.24.0-255,4320,185087,69,224746
4821,0.001995,172.31.40.0-255,66,185153,69,224746
4822,0.002009,74.125.24.0-255,1484,186637,69,224746
4823,0.002013,74.125.24.0-255,2902,189539,69,224746
4824,0.002016,172.31.40.0-255,66,189605,69,224746
4825,0.002047,172.31.40.0-255,66,189671,69,224746
4826,0.00206,172.31.40.0-255,66,189737,69,224746
4827,0.002106,74.125.24.0-255,1484,191221,69,224746
4828,0.002112,74.125.24.0-255,2902,194123,69,224746
4829,0.002115,172.31.40.0-255,66,194189,69,224746
4830,0.002119,74.125.24.0-255,2902,197091,69,224746
4831,0.002121,172.31.40.0-255,66,197157,69,224746
4832,0.002135,74.125.24.0-255,2902,200059,69,224746
4833,0.002138,172.31.40.0-255,66,200125,69,224746
4834,0.002145,74.125.24.0-255,5738,205863,69,224746
4835,0.002148,172.31.40.0-255,66,205929,69,224746
4836,0.002154,74.125.24.0-255,4320,210249,69,224746
4837,0.002155,172.31.40.0-255,66,210315,69,224746
4838,0.002188,172.31.40.0-255,66,210381,69,224746
4839,0.002192,74.125.24.0-255,2902,213283,69,224746
4840,0.002194,172.31.40.0-255,66,213349,69,224746
4841,0.002238,172.31.40.0-255,66,213415,69,224746
4842,0.002253,172.31.40.0-255,66,213481,69,224746
4843,0.002269,172.31.40.0-255,66,213547,69,224746
4844,0.002361,172.31.40.0-255,66,213613,69,224746
4845,0.002365,74.125.24.0-255,1617,215230,69,224746
4846,0.002368,172.31.40.0-255,66,215296,69,224746
4847,0.002371,74.125.24.0-255,105,215401,69,224746
4848,0.011402,172.31.40.0-255,66,215467,69,224746
4849,0.011448,172.31.40.0-255,105,215572,69,224746
4850,0.014017,74.125.24.0-255,66,215638,69,224746
4851,0.03813,172.31.40.0-255,172,215810,69,224746
4852,0.038163,172.31.40.0-255,1116,216926,69,224746
4853,0.038226,172.31.40.0-255,1514,218440,69,224746
4854,0.038228,172.31.40.0-255,1514,219954,69,224746
4855,0.03823,172.31.40.0-255,1514,221468,69,224746
4856,0.038231,172.31.40.0-255,1514,222982,69,224746
4857,0.038263,172.31.40.0-255,1500,224482,69,224746
4858,0.039632,104.244.42.0-255,66,224548,69,224746
4859,0.03973,104.244.42.0-255,66,224614,69,224746
4860,0.039775,104.244.42.0-255,66,224680,69,224746
4861,0.039829,104.244.42.0-255,66,224746,69,224746
4862,0.0,172.217.194.0-255,146,146,69,237831
4863,2.3e-05,172.31.40.0-255,66,212,69,237831
4864,3e-05,172.217.194.0-255,1484,1696,69,237831
4865,3.5e-05,172.31.40.0-255,66,1762,69,237831
4866,6.1e-05,172.217.194.0-255,2902,4664,69,237831
4867,6.5e-05,172.31.40.0-255,66,4730,69,237831
4868,7.7e-05,172.217.194.0-255,7156,11886,69,237831
4869,7.9e-05,172.31.40.0-255,66,11952,69,237831
4870,8.4e-05,172.217.194.0-255,2161,14113,69,237831
4871,8.6e-05,172.31.40.0-255,66,14179,69,237831
4872,0.000172,172.217.194.0-255,1484,15663,69,237831
4873,0.000175,172.31.40.0-255,66,15729,69,237831
4874,0.000181,172.217.194.0-255,2902,18631,69,237831
4875,0.000183,172.31.40.0-255,66,18697,69,237831
4876,0.000204,172.217.194.0-255,5738,24435,69,237831
4877,0.000208,172.31.40.0-255,66,24501,69,237831
4878,0.000242,172.217.194.0-255,6797,31298,69,237831
4879,0.000245,172.31.40.0-255,66,31364,69,237831
4880,0.000275,172.217.194.0-255,7156,38520,69,237831
4881,0.000278,172.31.40.0-255,66,38586,69,237831
4882,0.000283,172.217.194.0-255,4320,42906,69,237831
4883,0.000286,172.31.40.0-255,66,42972,69,237831
4884,0.000338,172.217.194.0-255,1484,44456,69,237831
4885,0.000341,172.31.40.0-255,66,44522,69,237831
4886,0.000369,172.217.194.0-255,3961,48483,69,237831
4887,0.000371,172.31.40.0-255,66,48549,69,237831
4888,0.000378,172.217.194.0-255,2902,51451,69,237831
4889,0.000381,172.31.40.0-255,66,51517,69,237831
4890,0.00041,172.217.194.0-255,2902,54419,69,237831
4891,0.000413,172.31.40.0-255,66,54485,69,237831
4892,0.000421,172.217.194.0-255,7156,61641,69,237831
4893,0.000423,172.31.40.0-255,66,61707,69,237831
4894,0.000453,172.217.194.0-255,3961,65668,69,237831
4895,0.000456,172.31.40.0-255,66,65734,69,237831
4896,0.000512,172.217.194.0-255,362,66096,69,237831
4897,0.000555,172.217.194.0-255,380,66476,69,237831
4898,0.000995,172.217.194.0-255,1484,67960,69,237831
4899,0.000999,172.31.40.0-255,66,68026,69,237831
4900,0.001005,172.217.194.0-255,2902,70928,69,237831
4901,0.001007,172.31.40.0-255,66,70994,69,237831
4902,0.001037,172.217.194.0-255,5738,76732,69,237831
4903,0.00104,172.31.40.0-255,66,76798,69,237831
4904,0.001045,172.217.194.0-255,2902,79700,69,237831
4905,0.001047,172.31.40.0-255,66,79766,69,237831
4906,0.001085,172.31.40.0-255,66,79832,69,237831
4907,0.001133,172.31.40.0-255,66,79898,69,237831
4908,0.001137,172.217.194.0-255,1484,81382,69,237831
4909,0.001167,172.217.194.0-255,1484,82866,69,237831
4910,0.001172,172.217.194.0-255,4320,87186,69,237831
4911,0.00119,172.31.40.0-255,66,87252,69,237831
4912,0.001194,172.31.40.0-255,66,87318,69,237831
4913,0.001197,172.31.40.0-255,66,87384,69,237831
4914,0.001203,172.217.194.0-255,4320,91704,69,237831
4915,0.001205,172.31.40.0-255,66,91770,69,237831
4916,0.001238,172.31.40.0-255,66,91836,69,237831
4917,0.001756,172.217.194.0-255,1484,93320,69,237831
4918,0.001762,172.217.194.0-255,2902,96222,69,237831
4919,0.001766,172.31.40.0-255,66,96288,69,237831
4920,0.00177,172.217.194.0-255,1484,97772,69,237831
4921,0.001798,172.217.194.0-255,4320,102092,69,237831
4922,0.001801,172.31.40.0-255,66,102158,69,237831
4923,0.001815,172.31.40.0-255,66,102224,69,237831
4924,0.001846,172.217.194.0-255,1484,103708,69,237831
4925,0.001858,172.31.40.0-255,66,103774,69,237831
4926,0.001894,172.217.194.0-255,5738,109512,69,237831
4927,0.001898,172.31.40.0-255,66,109578,69,237831
4928,0.001939,172.31.40.0-255,66,109644,69,237831
4929,0.001959,172.31.40.0-255,66,109710,69,237831
4930,0.001969,172.31.40.0-255,66,109776,69,237831
4931,0.002006,172.217.194.0-255,1484,111260,69,237831
4932,0.00201,172.217.194.0-255,1484,112744,69,237831
4933,0.002013,172.31.40.0-255,66,112810,69,237831
4934,0.002039,172.217.194.0-255,1484,114294,69,237831
4935,0.002046,172.217.194.0-255,5738,120032,69,237831
4936,0.002048,172.31.40.0-255,66,120098,69,237831
4937,0.002054,172.217.194.0-255,4320,124418,69,237831
4938,0.002056,172.31.40.0-255,66,124484,69,237831
4939,0.002078,172.217.194.0-255,1484,125968,69,237831
4940,0.004099,172.217.194.0-255,4320,130288,69,237831
4941,0.00411,172.31.40.0-255,66,130354,69,237831
4942,0.006112,172.217.194.0-255,2902,133256,69,237831
4943,0.006116,172.31.40.0-255,66,133322,69,237831
4944,0.006142,172.217.194.0-255,2902,136224,69,237831
4945,0.006144,172.31.40.0-255,66,136290,69,237831
4946,0.008093,172.217.194.0-255,2902,139192,69,237831
4947,0.008096,172.31.40.0-255,66,139258,69,237831
4948,0.00814,172.217.194.0-255,2902,142160,69,237831
4949,0.008142,172.31.40.0-255,66,142226,69,237831
4950,0.010097,172.217.194.0-255,2902,145128,69,237831
4951,0.010108,172.31.40.0-255,66,145194,69,237831
4952,0.010192,172.217.194.0-255,2902,148096,69,237831
4953,0.010197,172.31.40.0-255,66,148162,69,237831
4954,0.012117,172.217.194.0-255,2902,151064,69,237831
4955,0.012126,172.31.40.0-255,66,151130,69,237831
4956,0.012207,172.217.194.0-255,2902,154032,69,237831
4957,0.012211,172.31.40.0-255,66,154098,69,237831
4958,0.014165,172.217.194.0-255,2902,157000,69,237831
4959,0.014175,172.31.40.0-255,66,157066,69,237831
4960,0.014212,172.217.194.0-255,2902,159968,69,237831
4961,0.014215,172.31.40.0-255,66,160034,69,237831
4962,0.016163,172.217.194.0-255,5738,165772,69,237831
4963,0.016184,172.31.40.0-255,66,165838,69,237831
4964,0.018192,172.217.194.0-255,5738,171576,69,237831
4965,0.018209,172.31.40.0-255,66,171642,69,237831
4966,0.020216,172.217.194.0-255,5738,177380,69,237831
4967,0.020234,172.31.40.0-255,66,177446,69,237831
4968,0.022248,172.217.194.0-255,5738,183184,69,237831
4969,0.022259,172.31.40.0-255,66,183250,69,237831
4970,0.024288,172.217.194.0-255,5738,188988,69,237831
4971,0.024301,172.31.40.0-255,66,189054,69,237831
4972,0.026336,172.217.194.0-255,5738,194792,69,237831
4973,0.026353,172.31.40.0-255,66,194858,69,237831
4974,0.028417,172.217.194.0-255,5738,200596,69,237831
4975,0.028427,172.31.40.0-255,66,200662,69,237831
4976,0.030423,172.217.194.0-255,5738,206400,69,237831
4977,0.030431,172.31.40.0-255,66,206466,69,237831
4978,0.032442,172.217.194.0-255,5738,212204,69,237831
4979,0.032453,172.31.40.0-255,66,212270,69,237831
4980,0.034493,172.217.194.0-255,5738,218008,69,237831
4981,0.034504,172.31.40.0-255,66,218074,69,237831
4982,0.03654,172.217.194.0-255,5738,223812,69,237831
4983,0.036549,172.31.40.0-255,66,223878,69,237831
4984,0.037599,172.31.40.0-255,172,224050,69,237831
4985,0.037635,172.31.40.0-255,1111,225161,69,237831
4986,0.0377,172.31.40.0-255,1514,226675,69,237831
4987,0.037702,172.31.40.0-255,1514,228189,69,237831
4988,0.037703,172.31.40.0-255,1514,229703,69,237831
4989,0.037704,172.31.40.0-255,1514,231217,69,237831
4990,0.037705,172.31.40.0-255,546,231763,69,237831
4991,0.038535,172.217.194.0-255,5738,237501,69,237831
4992,0.038543,172.31.40.0-255,66,237567,69,237831
4993,0.039124,104.244.42.0-255,66,237633,69,237831
4994,0.039186,104.244.42.0-255,66,237699,69,237831
4995,0.039297,104.244.42.0-255,66,237765,69,237831
4996,0.0393,104.244.42.0-255,66,237831,69,237831
4997,0.0,172.217.194.0-255,146,146,69,153188
4998,2.3e-05,172.31.40.0-255,66,212,69,153188
4999,3e-05,172.217.194.0-255,1484,1696,69,153188
5000,3.4e-05,172.31.40.0-255,66,1762,69,153188
5001,3.9e-05,172.217.194.0-255,2902,4664,69,153188
5002,4.2e-05,172.31.40.0-255,66,4730,69,153188
5003,5e-05,172.217.194.0-255,7156,11886,69,153188
5004,5.2e-05,172.31.40.0-255,66,11952,69,153188
5005,5.6e-05,172.217.194.0-255,2138,14090,69,153188
5006,6e-05,172.31.40.0-255,66,14156,69,153188
5007,9.5e-05,172.31.40.0-255,66,14222,69,153188
5008,0.000125,172.217.194.0-255,2902,17124,69,153188
5009,0.000127,172.31.40.0-255,66,17190,69,153188
5010,0.000134,172.217.194.0-255,5379,22569,69,153188
5011,0.000137,172.31.40.0-255,66,22635,69,153188
5012,0.000143,172.217.194.0-255,5738,28373,69,153188
5013,0.000146,172.31.40.0-255,66,28439,69,153188
5014,0.000152,172.217.194.0-255,7156,35595,69,153188
5015,0.000155,172.31.40.0-255,66,35661,69,153188
5016,0.000179,172.217.194.0-255,3961,39622,69,153188
5017,0.000181,172.31.40.0-255,66,39688,69,153188
5018,0.000338,172.217.194.0-255,1484,41172,69,153188
5019,0.000342,172.31.40.0-255,66,41238,69,153188
5020,0.00037,172.217.194.0-255,2902,44140,69,153188
5021,0.000373,172.31.40.0-255,66,44206,69,153188
5022,0.000378,172.217.194.0-255,4320,48526,69,153188
5023,0.00038,172.31.40.0-255,66,48592,69,153188
5024,0.000396,172.217.194.0-255,1484,50076,69,153188
5025,0.000398,172.31.40.0-255,66,50142,69,153188
5026,0.000405,172.217.194.0-255,5738,55880,69,153188
5027,0.000407,172.31.40.0-255,66,55946,69,153188
5028,0.000428,172.217.194.0-255,1739,57685,69,153188
5029,0.00043,172.31.40.0-255,66,57751,69,153188
5030,0.000517,172.217.194.0-255,1484,59235,69,153188
5031,0.000522,172.217.194.0-255,1484,60719,69,153188
5032,0.000525,172.31.40.0-255,66,60785,69,153188
5033,0.000539,172.217.194.0-255,1484,62269,69,153188
5034,0.000546,172.217.194.0-255,5738,68007,69,153188
5035,0.000549,172.31.40.0-255,66,68073,69,153188
5036,0.000553,172.217.194.0-255,2902,70975,69,153188
5037,0.000555,172.31.40.0-255,66,71041,69,153188
5038,0.00058,172.217.194.0-255,3961,75002,69,153188
5039,0.000583,172.31.40.0-255,66,75068,69,153188
5040,0.000626,172.31.40.0-255,66,75134,69,153188
5041,0.000641,172.217.194.0-255,1484,76618,69,153188
5042,0.000648,172.217.194.0-255,3961,80579,69,153188
5043,0.00065,172.31.40.0-255,66,80645,69,153188
5044,0.000935,172.217.194.0-255,1484,82129,69,153188
5045,0.000942,172.217.194.0-255,2902,85031,69,153188
5046,0.000945,172.31.40.0-255,66,85097,69,153188
5047,0.000952,172.217.194.0-255,5738,90835,69,153188
5048,0.000955,172.31.40.0-255,66,90901,69,153188
5049,0.000981,172.31.40.0-255,66,90967,69,153188
5050,0.001004,172.217.194.0-255,4320,95287,69,153188
5051,0.001007,172.31.40.0-255,66,95353,69,153188
5052,0.001015,172.217.194.0-255,7156,102509,69,153188
5053,0.001017,172.31.40.0-255,66,102575,69,153188
5054,0.001033,172.217.194.0-255,3602,106177,69,153188
5055,0.001036,172.31.40.0-255,66,106243,69,153188
5056,0.001155,172.217.194.0-255,1484,107727,69,153188
5057,0.001162,172.217.194.0-255,2902,110629,69,153188
5058,0.001165,172.31.40.0-255,66,110695,69,153188
5059,0.001172,172.217.194.0-255,5738,116433,69,153188
5060,0.001174,172.31.40.0-255,66,116499,69,153188
5061,0.001208,172.31.40.0-255,66,116565,69,153188
5062,0.00123,172.217.194.0-255,1484,118049,69,153188
5063,0.001243,172.31.40.0-255,66,118115,69,153188
5064,0.001306,172.217.194.0-255,1484,119599,69,153188
5065,0.001321,172.217.194.0-255,2902,122501,69,153188
5066,0.001324,172.31.40.0-255,66,122567,69,153188
5067,0.001331,172.217.194.0-255,5738,128305,69,153188
5068,0.001333,172.31.40.0-255,66,128371,69,153188
5069,0.001346,172.217.194.0-255,1484,129855,69,153188
5070,0.001374,172.31.40.0-255,66,129921,69,153188
5071,0.001387,172.31.40.0-255,66,129987,69,153188
5072,0.00177,172.217.194.0-255,1484,131471,69,153188
5073,0.001777,172.217.194.0-255,2902,134373,69,153188
5074,0.001781,172.31.40.0-255,66,134439,69,153188
5075,0.001788,172.217.194.0-255,5738,140177,69,153188
5076,0.001791,172.31.40.0-255,66,140243,69,153188
5077,0.001805,172.31.40.0-255,66,140309,69,153188
5078,0.001911,172.31.40.0-255,66,140375,69,153188
5079,0.001958,172.31.40.0-255,66,140441,69,153188
5080,0.002044,172.31.40.0-255,66,140507,69,153188
5081,0.002076,172.217.194.0-255,4320,144827,69,153188
5082,0.002101,172.31.40.0-255,66,144893,69,153188
5083,0.002142,172.31.40.0-255,66,144959,69,153188
5084,0.002205,172.217.194.0-255,105,145064,69,153188
5085,0.002226,172.31.40.0-255,66,145130,69,153188
5086,0.012944,172.31.40.0-255,105,145235,69,153188
5087,0.015188,172.217.194.0-255,66,145301,69,153188
5088,0.039817,172.31.40.0-255,172,145473,69,153188
5089,0.039852,172.31.40.0-255,1111,146584,69,153188
5090,0.039916,172.31.40.0-255,1514,148098,69,153188
5091,0.039918,172.31.40.0-255,1514,149612,69,153188
5092,0.03992,172.31.40.0-255,1514,151126,69,153188
5093,0.039921,172.31.40.0-255,1514,152640,69,153188
5094,0.039946,172.31.40.0-255,548,153188,69,153188
5095,0.0,216.58.221.0-255,153,153,69,254517
5096,2.5e-05,172.31.40.0-255,66,219,69,254517
5097,3e-05,216.58.221.0-255,1484,1703,69,254517
5098,3.4e-05,172.31.40.0-255,66,1769,69,254517
5099,3.8e-05,216.58.221.0-255,2902,4671,69,254517
5100,4e-05,172.31.40.0-255,66,4737,69,254517
5101,7.2e-05,216.58.221.0-255,7156,11893,69,254517
5102,7.5e-05,172.31.40.0-255,66,11959,69,254517
5103,9.8e-05,216.58.221.0-255,1484,13443,69,254517
5104,0.0001,172.31.40.0-255,66,13509,69,254517
5105,0.000116,216.58.221.0-255,687,14196,69,254517
5106,0.000118,172.31.40.0-255,66,14262,69,254517
5107,0.000212,216.58.221.0-255,1484,15746,69,254517
5108,0.000215,172.31.40.0-255,66,15812,69,254517
5109,0.000218,216.58.221.0-255,1484,17296,69,254517
5110,0.00022,172.31.40.0-255,66,17362,69,254517
5111,0.000246,216.58.221.0-255,1484,18846,69,254517
5112,0.000248,172.31.40.0-255,66,18912,69,254517
5113,0.000253,216.58.221.0-255,2902,21814,69,254517
5114,0.000257,216.58.221.0-255,4320,26134,69,254517
5115,0.000257,172.31.40.0-255,66,26200,69,254517
5116,0.000259,172.31.40.0-255,66,26266,69,254517
5117,0.000285,216.58.221.0-255,1484,27750,69,254517
5118,0.000288,172.31.40.0-255,66,27816,69,254517
5119,0.000322,172.31.40.0-255,66,27882,69,254517
5120,0.000359,216.58.221.0-255,4320,32202,69,254517
5121,0.000363,172.31.40.0-255,66,32268,69,254517
5122,0.00039,216.58.221.0-255,5738,38006,69,254517
5123,0.000394,172.31.40.0-255,66,38072,69,254517
5124,0.000436,216.58.221.0-255,2543,40615,69,254517
5125,0.000439,172.31.40.0-255,66,40681,69,254517
5126,0.000443,216.58.221.0-255,2902,43583,69,254517
5127,0.000445,172.31.40.0-255,66,43649,69,254517
5128,0.000474,216.58.221.0-255,7156,50805,69,254517
5129,0.000477,172.31.40.0-255,66,50871,69,254517
5130,0.000517,216.58.221.0-255,1484,52355,69,254517
5131,0.000533,216.58.221.0-255,5669,58024,69,254517
5132,0.000536,172.31.40.0-255,66,58090,69,254517
5133,0.001163,216.58.221.0-255,135,58225,69,254517
5134,0.001327,216.58.221.0-255,1484,59709,69,254517
5135,0.001332,172.31.40.0-255,66,59775,69,254517
5136,0.001338,216.58.221.0-255,2902,62677,69,254517
5137,0.00134,172.31.40.0-255,66,62743,69,254517
5138,0.001345,216.58.221.0-255,4320,67063,69,254517
5139,0.001351,172.31.40.0-255,66,67129,69,254517
5140,0.001373,216.58.221.0-255,1484,68613,69,254517
5141,0.001376,216.58.221.0-255,1484,70097,69,254517
5142,0.001377,172.31.40.0-255,66,70163,69,254517
5143,0.001399,216.58.221.0-255,2902,73065,69,254517
5144,0.001401,172.31.40.0-255,66,73131,69,254517
5145,0.001405,216.58.221.0-255,2543,75674,69,254517
5146,0.001407,172.31.40.0-255,66,75740,69,254517
5147,0.001452,216.58.221.0-255,2902,78642,69,254517
5148,0.001454,172.31.40.0-255,66,78708,69,254517
5149,0.001476,216.58.221.0-255,2902,81610,69,254517
5150,0.001477,172.31.40.0-255,66,81676,69,254517
5151,0.001483,216.58.221.0-255,7156,88832,69,254517
5152,0.001485,172.31.40.0-255,66,88898,69,254517
5153,0.001534,216.58.221.0-255,3961,92859,69,254517
5154,0.001536,172.31.40.0-255,66,92925,69,254517
5155,0.001848,216.58.221.0-255,1484,94409,69,254517
5156,0.001864,216.58.221.0-255,2902,97311,69,254517
5157,0.001866,172.31.40.0-255,66,97377,69,254517
5158,0.001876,216.58.221.0-255,1484,98861,69,254517
5159,0.001896,216.58.221.0-255,4320,103181,69,254517
5160,0.001898,172.31.40.0-255,66,103247,69,254517
5161,0.00191,216.58.221.0-255,1484,104731,69,254517
5162,0.001928,216.58.221.0-255,7156,111887,69,254517
5163,0.001931,172.31.40.0-255,66,111953,69,254517
5164,0.001954,216.58.221.0-255,4320,116273,69,254517
5165,0.001956,172.31.40.0-255,66,116339,69,254517
5166,0.00201,216.58.221.0-255,4320,120659,69,254517
5167,0.002012,172.31.40.0-255,66,120725,69,254517
5168,0.00203,216.58.221.0-255,5738,126463,69,254517
5169,0.002032,172.31.40.0-255,66,126529,69,254517
5170,0.002055,216.58.221.0-255,766,127295,69,254517
5171,0.002086,216.58.221.0-255,1484,128779,69,254517
5172,0.002088,172.31.40.0-255,66,128845,69,254517
5173,0.002119,172.31.40.0-255,66,128911,69,254517
5174,0.002174,216.58.221.0-255,1484,130395,69,254517
5175,0.002183,216.58.221.0-255,2902,133297,69,254517
5176,0.002185,172.31.40.0-255,66,133363,69,254517
5177,0.002204,172.31.40.0-255,66,133429,69,254517
5178,0.002226,172.31.40.0-255,66,133495,69,254517
5179,0.002331,216.58.221.0-255,2902,136397,69,254517
5180,0.002332,172.31.40.0-255,66,136463,69,254517
5181,0.002354,216.58.221.0-255,4320,140783,69,254517
5182,0.002357,172.31.40.0-255,66,140849,69,254517
5183,0.002376,216.58.221.0-255,1484,142333,69,254517
5184,0.002391,216.58.221.0-255,2902,145235,69,254517
5185,0.002393,172.31.40.0-255,66,145301,69,254517
5186,0.002418,172.31.40.0-255,66,145367,69,254517
5187,0.002444,216.58.221.0-255,4320,149687,69,254517
5188,0.002446,172.31.40.0-255,66,149753,69,254517
5189,0.002506,216.58.221.0-255,1484,151237,69,254517
5190,0.002524,216.58.221.0-255,6438,157675,69,254517
5191,0.002526,172.31.40.0-255,66,157741,69,254517
5192,0.002586,216.58.221.0-255,5738,163479,69,254517
5193,0.002589,172.31.40.0-255,66,163545,69,254517
5194,0.002625,172.31.40.0-255,66,163611,69,254517
5195,0.002672,216.58.221.0-255,1484,165095,69,254517
5196,0.002703,172.31.40.0-255,66,165161,69,254517
5197,0.002781,216.58.221.0-255,2902,168063,69,254517
5198,0.002785,172.31.40.0-255,66,168129,69,254517
5199,0.00281,216.58.221.0-255,1484,169613,69,254517
5200,0.002813,216.58.221.0-255,766,170379,69,254517
5201,0.002815,172.31.40.0-255,66,170445,69,254517
5202,0.002822,216.58.221.0-255,7156,177601,69,254517
5203,0.002824,172.31.40.0-255,66,177667,69,254517
5204,0.002866,172.31.40.0-255,66,177733,69,254517
5205,0.002891,216.58.221.0-255,1484,179217,69,254517
5206,0.002973,216.58.221.0-255,1484,180701,69,254517
5207,0.002976,172.31.40.0-255,66,180767,69,254517
5208,0.002998,172.31.40.0-255,66,180833,69,254517
5209,0.003037,216.58.221.0-255,766,181599,69,254517
5210,0.003063,216.58.221.0-255,4320,185919,69,254517
5211,0.003065,172.31.40.0-255,66,185985,69,254517
5212,0.003099,172.31.40.0-255,66,186051,69,254517
5213,0.003148,216.58.221.0-255,2902,188953,69,254517
5214,0.003151,172.31.40.0-255,66,189019,69,254517
5215,0.003186,172.31.40.0-255,66,189085,69,254517
5216,0.003262,216.58.221.0-255,2902,191987,69,254517
5217,0.003265,172.31.40.0-255,66,192053,69,254517
5218,0.003295,216.58.221.0-255,5020,197073,69,254517
5219,0.003298,172.31.40.0-255,66,197139,69,254517
5220,0.003339,216.58.221.0-255,4320,201459,69,254517
5221,0.003343,172.31.40.0-255,66,201525,69,254517
5222,0.003388,172.31.40.0-255,66,201591,69,254517
5223,0.003512,216.58.221.0-255,2902,204493,69,254517
5224,0.003516,172.31.40.0-255,66,204559,69,254517
5225,0.003539,216.58.221.0-255,2184,206743,69,254517
5226,0.003542,172.31.40.0-255,66,206809,69,254517
5227,0.003571,216.58.221.0-255,5738,212547,69,254517
5228,0.003574,172.31.40.0-255,66,212613,69,254517
5229,0.003608,172.31.40.0-255,66,212679,69,254517
5230,0.003632,216.58.221.0-255,4320,216999,69,254517
5231,0.003634,172.31.40.0-255,66,217065,69,254517
5232,0.003709,216.58.221.0-255,1484,218549,69,254517
5233,0.003723,216.58.221.0-255,4320,222869,69,254517
5234,0.003726,172.31.40.0-255,66,222935,69,254517
5235,0.003762,172.31.40.0-255,66,223001,69,254517
5236,0.003785,216.58.221.0-255,1484,224485,69,254517
5237,0.003811,216.58.221.0-255,1484,225969,69,254517
5238,0.003814,172.31.40.0-255,66,226035,69,254517
5239,0.003821,216.58.221.0-255,7156,233191,69,254517
5240,0.003823,172.31.40.0-255,66,233257,69,254517
5241,0.003843,216.58.221.0-255,5738,238995,69,254517
5242,0.003847,172.31.40.0-255,66,239061,69,254517
5243,0.003904,216.58.221.0-255,1484,240545,69,254517
5244,0.00393,172.31.40.0-255,66,240611,69,254517
5245,0.003982,216.58.221.0-255,1484,242095,69,254517
5246,0.003998,216.58.221.0-255,2902,244997,69,254517
5247,0.004001,172.31.40.0-255,66,245063,69,254517
5248,0.004037,172.31.40.0-255,66,245129,69,254517
5249,0.004116,216.58.221.0-255,105,245234,69,254517
5250,0.004991,172.31.40.0-255,66,245300,69,254517
5251,0.005014,172.31.40.0-255,105,245405,69,254517
5252,0.007056,216.58.221.0-255,66,245471,69,254517
5253,0.033072,172.31.40.0-255,176,245647,69,254517
5254,0.033102,172.31.40.0-255,1114,246761,69,254517
5255,0.033146,172.31.40.0-255,1514,248275,69,254517
5256,0.033148,172.31.40.0-255,1514,249789,69,254517
5257,0.033153,172.31.40.0-255,1514,251303,69,254517
5258,0.033154,172.31.40.0-255,1514,252817,69,254517
5259,0.033171,172.31.40.0-255,1502,254319,69,254517
5260,0.034746,104.244.42.0-255,66,254385,69,254517
5261,0.034781,104.244.42.0-255,66,254451,69,254517
5262,0.034866,104.244.42.0-255,66,254517,69,254517
5263,0.0,172.217.194.0-255,153,153,69,214061
5264,2.1e-05,172.31.40.0-255,66,219,69,214061
5265,2.8e-05,172.217.194.0-255,1484,1703,69,214061
5266,3.2e-05,172.31.40.0-255,66,1769,69,214061
5267,3.9e-05,172.217.194.0-255,2902,4671,69,214061
5268,4.2e-05,172.31.40.0-255,66,4737,69,214061
5269,5.8e-05,172.217.194.0-255,7156,11893,69,214061
5270,6.1e-05,172.31.40.0-255,66,11959,69,214061
5271,6.5e-05,172.217.194.0-255,2095,14054,69,214061
5272,6.8e-05,172.31.40.0-255,66,14120,69,214061
5273,0.000111,172.31.40.0-255,66,14186,69,214061
5274,0.000117,172.217.194.0-255,5379,19565,69,214061
5275,0.000119,172.31.40.0-255,66,19631,69,214061
5276,0.00027,172.217.194.0-255,1484,21115,69,214061
5277,0.000274,172.31.40.0-255,66,21181,69,214061
5278,0.00028,172.217.194.0-255,2902,24083,69,214061
5279,0.000282,172.31.40.0-255,66,24149,69,214061
5280,0.000314,172.217.194.0-255,5738,29887,69,214061
5281,0.000317,172.31.40.0-255,66,29953,69,214061
5282,0.000325,172.217.194.0-255,6797,36750,69,214061
5283,0.000327,172.31.40.0-255,66,36816,69,214061
5284,0.000394,172.31.40.0-255,66,36882,69,214061
5285,0.000422,172.217.194.0-255,2902,39784,69,214061
5286,0.000424,172.31.40.0-255,66,39850,69,214061
5287,0.000428,172.217.194.0-255,2844,42694,69,214061
5288,0.00043,172.31.40.0-255,66,42760,69,214061
5289,0.000867,172.217.194.0-255,384,43144,69,214061
5290,0.000872,172.31.40.0-255,66,43210,69,214061
5291,0.001189,172.217.194.0-255,1484,44694,69,214061
5292,0.001195,172.31.40.0-255,66,44760,69,214061
5293,0.001203,172.217.194.0-255,2902,47662,69,214061
5294,0.001205,172.31.40.0-255,66,47728,69,214061
5295,0.001212,172.217.194.0-255,5738,53466,69,214061
5296,0.001219,172.31.40.0-255,66,53532,69,214061
5297,0.001226,172.217.194.0-255,7156,60688,69,214061
5298,0.001229,172.31.40.0-255,66,60754,69,214061
5299,0.001276,172.31.40.0-255,66,60820,69,214061
5300,0.00128,172.217.194.0-255,2184,63004,69,214061
5301,0.001282,172.31.40.0-255,66,63070,69,214061
5302,0.001735,172.217.194.0-255,1484,64554,69,214061
5303,0.001744,172.217.194.0-255,2902,67456,69,214061
5304,0.001748,172.31.40.0-255,66,67522,69,214061
5305,0.001756,172.217.194.0-255,5738,73260,69,214061
5306,0.001758,172.31.40.0-255,66,73326,69,214061
5307,0.001779,172.31.40.0-255,66,73392,69,214061
5308,0.001831,172.31.40.0-255,66,73458,69,214061
5309,0.002288,172.217.194.0-255,1484,74942,69,214061
5310,0.002297,172.217.194.0-255,2902,77844,69,214061
5311,0.002302,172.31.40.0-255,66,77910,69,214061
5312,0.002308,172.217.194.0-255,4320,82230,69,214061
5313,0.002311,172.31.40.0-255,66,82296,69,214061
5314,0.002337,172.217.194.0-255,1484,83780,69,214061
5315,0.002351,172.31.40.0-255,66,83846,69,214061
5316,0.002359,172.217.194.0-255,7156,91002,69,214061
5317,0.002361,172.31.40.0-255,66,91068,69,214061
5318,0.002387,172.217.194.0-255,2902,93970,69,214061
5319,0.002389,172.31.40.0-255,66,94036,69,214061
5320,0.002392,172.217.194.0-255,766,94802,69,214061
5321,0.00243,172.217.194.0-255,1484,96286,69,214061
5322,0.002433,172.31.40.0-255,66,96352,69,214061
5323,0.002436,172.217.194.0-255,1484,97836,69,214061
5324,0.002456,172.217.194.0-255,1484,99320,69,214061
5325,0.002459,172.31.40.0-255,66,99386,69,214061
5326,0.002465,172.217.194.0-255,5738,105124,69,214061
5327,0.002468,172.31.40.0-255,66,105190,69,214061
5328,0.002478,172.217.194.0-255,4320,109510,69,214061
5329,0.002481,172.31.40.0-255,66,109576,69,214061
5330,0.00251,172.31.40.0-255,66,109642,69,214061
5331,0.002515,172.217.194.0-255,4320,113962,69,214061
5332,0.002521,172.31.40.0-255,66,114028,69,214061
5333,0.002555,172.217.194.0-255,6438,120466,69,214061
5334,0.002562,172.31.40.0-255,66,120532,69,214061
5335,0.00502,172.217.194.0-255,4320,124852,69,214061
5336,0.005029,172.31.40.0-255,66,124918,69,214061
5337,0.005047,172.217.194.0-255,1484,126402,69,214061
5338,0.007494,172.217.194.0-255,4320,130722,69,214061
5339,0.007499,172.31.40.0-255,66,130788,69,214061
5340,0.009984,172.217.194.0-255,1484,132272,69,214061
5341,0.01001,172.217.194.0-255,4320,136592,69,214061
5342,0.010014,172.31.40.0-255,66,136658,69,214061
5343,0.012485,172.217.194.0-255,5738,142396,69,214061
5344,0.012495,172.31.40.0-255,66,142462,69,214061
5345,0.015001,172.217.194.0-255,5738,148200,69,214061
5346,0.01501,172.31.40.0-255,66,148266,69,214061
5347,0.017498,172.217.194.0-255,4320,152586,69,214061
5348,0.017507,172.31.40.0-255,66,152652,69,214061
5349,0.017547,172.217.194.0-255,1484,154136,69,214061
5350,0.019967,172.217.194.0-255,4320,158456,69,214061
5351,0.019975,172.31.40.0-255,66,158522,69,214061
5352,0.022482,172.217.194.0-255,5738,164260,69,214061
5353,0.02249,172.31.40.0-255,66,164326,69,214061
5354,0.024953,172.217.194.0-255,5738,170064,69,214061
5355,0.024961,172.31.40.0-255,66,170130,69,214061
5356,0.027481,172.217.194.0-255,5738,175868,69,214061
5357,0.027489,172.31.40.0-255,66,175934,69,214061
5358,0.029965,172.217.194.0-255,5738,181672,69,214061
5359,0.029972,172.31.40.0-255,66,181738,69,214061
5360,0.032463,172.217.194.0-255,5738,187476,69,214061
5361,0.032471,172.31.40.0-255,66,187542,69,214061
5362,0.03423,172.31.40.0-255,172,187714,69,214061
5363,0.034263,172.31.40.0-255,1112,188826,69,214061
5364,0.034329,172.31.40.0-255,1514,190340,69,214061
5365,0.03433,172.31.40.0-255,1514,191854,69,214061
5366,0.034332,172.31.40.0-255,1514,193368,69,214061
5367,0.034332,172.31.40.0-255,1514,194882,69,214061
5368,0.034363,172.31.40.0-255,1503,196385,69,214061
5369,0.03495,172.217.194.0-255,5738,202123,69,214061
5370,0.034957,172.31.40.0-255,66,202189,69,214061
5371,0.035857,104.244.42.0-255,66,202255,69,214061
5372,0.035955,104.244.42.0-255,66,202321,69,214061
5373,0.036021,104.244.42.0-255,66,202387,69,214061
5374,0.036059,104.244.42.0-255,66,202453,69,214061
5375,0.037417,172.217.194.0-255,5738,208191,69,214061
5376,0.037424,172.31.40.0-255,66,208257,69,214061
5377,0.039879,172.217.194.0-255,5738,213995,69,214061
5378,0.039885,172.31.40.0-255,66,214061,69,214061
5379,0.0,172.217.194.0-255,143,143,69,210145
5380,2.2e-05,172.31.40.0-255,66,209,69,210145
5381,3e-05,172.217.194.0-255,1484,1693,69,210145
5382,3.5e-05,172.31.40.0-255,66,1759,69,210145
5383,4.1e-05,172.217.194.0-255,2902,4661,69,210145
5384,4.4e-05,172.31.40.0-255,66,4727,69,210145
5385,5e-05,172.217.194.0-255,4320,9047,69,210145
5386,5.3e-05,172.31.40.0-255,66,9113,69,210145
5387,5.9e-05,172.217.194.0-255,4320,13433,69,210145
5388,6.3e-05,172.31.40.0-255,66,13499,69,210145
5389,9.1e-05,172.217.194.0-255,4933,18432,69,210145
5390,9.3e-05,172.31.40.0-255,66,18498,69,210145
5391,0.000104,172.31.40.0-255,66,18564,69,210145
5392,0.000123,172.217.194.0-255,1484,20048,69,210145
5393,0.000126,172.31.40.0-255,66,20114,69,210145
5394,0.000143,172.217.194.0-255,2543,22657,69,210145
5395,0.000146,172.31.40.0-255,66,22723,69,210145
5396,0.000167,172.217.194.0-255,2902,25625,69,210145
5397,0.00017,172.31.40.0-255,66,25691,69,210145
5398,0.000178,172.217.194.0-255,7156,32847,69,210145
5399,0.00018,172.31.40.0-255,66,32913,69,210145
5400,0.000183,172.217.194.0-255,1484,34397,69,210145
5401,0.000185,172.31.40.0-255,66,34463,69,210145
5402,0.000215,172.217.194.0-255,5379,39842,69,210145
5403,0.000217,172.31.40.0-255,66,39908,69,210145
5404,0.000232,172.31.40.0-255,66,39974,69,210145
5405,0.000247,172.217.194.0-255,2902,42876,69,210145
5406,0.000249,172.31.40.0-255,66,42942,69,210145
5407,0.000252,172.217.194.0-255,1383,44325,69,210145
5408,0.000255,172.31.40.0-255,66,44391,69,210145
5409,0.000257,172.217.194.0-255,428,44819,69,210145
5410,0.000529,172.217.194.0-255,1484,46303,69,210145
5411,0.000533,172.31.40.0-255,66,46369,69,210145
5412,0.000538,172.217.194.0-255,2902,49271,69,210145
5413,0.00054,172.31.40.0-255,66,49337,69,210145
5414,0.000544,172.217.194.0-255,2902,52239,69,210145
5415,0.000546,172.31.40.0-255,66,52305,69,210145
5416,0.000571,172.217.194.0-255,2902,55207,69,210145
5417,0.000574,172.31.40.0-255,66,55273,69,210145
5418,0.00059,172.31.40.0-255,66,55339,69,210145
5419,0.000624,172.31.40.0-255,66,55405,69,210145
5420,0.00071,172.217.194.0-255,1484,56889,69,210145
5421,0.000715,172.217.194.0-255,2902,59791,69,210145
5422,0.000718,172.31.40.0-255,66,59857,69,210145
5423,0.000744,172.217.194.0-255,5738,65595,69,210145
5424,0.000746,172.31.40.0-255,66,65661,69,210145
5425,0.000751,172.217.194.0-255,2902,68563,69,210145
5426,0.000754,172.31.40.0-255,66,68629,69,210145
5427,0.000776,172.31.40.0-255,66,68695,69,210145
5428,0.000818,172.217.194.0-255,4320,73015,69,210145
5429,0.000821,172.31.40.0-255,66,73081,69,210145
5430,0.000846,172.217.194.0-255,6438,79519,69,210145
5431,0.000849,172.31.40.0-255,66,79585,69,210145
5432,0.000876,172.217.194.0-255,1484,81069,69,210145
5433,0.000891,172.217.194.0-255,2902,83971,69,210145
5434,0.000894,172.31.40.0-255,66,84037,69,210145
5435,0.0009,172.217.194.0-255,5738,89775,69,210145
5436,0.000903,172.31.40.0-255,66,89841,69,210145
5437,0.000906,172.217.194.0-255,1484,91325,69,210145
5438,0.000922,172.217.194.0-255,1484,92809,69,210145
5439,0.000924,172.31.40.0-255,66,92875,69,210145
5440,0.000936,172.31.40.0-255,66,92941,69,210145
5441,0.000954,172.217.194.0-255,1484,94425,69,210145
5442,0.00097,172.217.194.0-255,5738,100163,69,210145
5443,0.000972,172.31.40.0-255,66,100229,69,210145
5444,0.000992,172.217.194.0-255,5020,105249,69,210145
5445,0.000995,172.31.40.0-255,66,105315,69,210145
5446,0.001157,172.217.194.0-255,1484,106799,69,210145
5447,0.001164,172.217.194.0-255,2902,109701,69,210145
5448,0.001167,172.31.40.0-255,66,109767,69,210145
5449,0.001173,172.217.194.0-255,2902,112669,69,210145
5450,0.001175,172.31.40.0-255,66,112735,69,210145
5451,0.00119,172.217.194.0-255,2902,115637,69,210145
5452,0.001192,172.31.40.0-255,66,115703,69,210145
5453,0.001197,172.217.194.0-255,2902,118605,69,210145
5454,0.001199,172.31.40.0-255,66,118671,69,210145
5455,0.001234,172.31.40.0-255,66,118737,69,210145
5456,0.001252,172.217.194.0-255,4320,123057,69,210145
5457,0.001254,172.31.40.0-255,66,123123,69,210145
5458,0.00127,172.217.194.0-255,6438,129561,69,210145
5459,0.001272,172.31.40.0-255,66,129627,69,210145
5460,0.001332,172.31.40.0-255,66,129693,69,210145
5461,0.001346,172.31.40.0-255,66,129759,69,210145
5462,0.001368,172.217.194.0-255,1484,131243,69,210145
5463,0.001375,172.217.194.0-255,5738,136981,69,210145
5464,0.001377,172.31.40.0-255,66,137047,69,210145
5465,0.001392,172.217.194.0-255,2184,139231,69,210145
5466,0.001395,172.31.40.0-255,66,139297,69,210145
5467,0.001559,172.217.194.0-255,1484,140781,69,210145
5468,0.001566,172.217.194.0-255,2902,143683,69,210145
5469,0.00157,172.31.40.0-255,66,143749,69,210145
5470,0.001573,172.217.194.0-255,1484,145233,69,210145
5471,0.00159,172.217.194.0-255,4320,149553,69,210145
5472,0.001593,172.31.40.0-255,66,149619,69,210145
5473,0.001604,172.217.194.0-255,5738,155357,69,210145
5474,0.001607,172.31.40.0-255,66,155423,69,210145
5475,0.001654,172.217.194.0-255,7156,162579,69,210145
5476,0.001658,172.31.40.0-255,66,162645,69,210145
5477,0.001671,172.31.40.0-255,66,162711,69,210145
5478,0.001798,172.217.194.0-255,1484,164195,69,210145
5479,0.001802,172.217.194.0-255,1484,165679,69,210145
5480,0.001805,172.31.40.0-255,66,165745,69,210145
5481,0.001821,172.217.194.0-255,1484,167229,69,210145
5482,0.001828,172.217.194.0-255,5738,172967,69,210145
5483,0.00183,172.31.40.0-255,66,173033,69,210145
5484,0.001876,172.31.40.0-255,66,173099,69,210145
5485,0.001902,172.217.194.0-255,1484,174583,69,210145
5486,0.001934,172.31.40.0-255,66,174649,69,210145
5487,0.001996,172.217.194.0-255,1484,176133,69,210145
5488,0.001999,172.217.194.0-255,1484,177617,69,210145
5489,0.002002,172.31.40.0-255,66,177683,69,210145
5490,0.002008,172.31.40.0-255,66,177749,69,210145
5491,0.002022,172.217.194.0-255,1484,179233,69,210145
5492,0.002029,172.217.194.0-255,5738,184971,69,210145
5493,0.002034,172.217.194.0-255,4320,189291,69,210145
5494,0.002046,172.31.40.0-255,66,189357,69,210145
5495,0.002058,172.217.194.0-255,4320,193677,69,210145
5496,0.002063,172.31.40.0-255,66,193743,69,210145
5497,0.002089,172.217.194.0-255,2902,196645,69,210145
5498,0.002098,172.31.40.0-255,66,196711,69,210145
5499,0.002146,172.31.40.0-255,66,196777,69,210145
5500,0.002158,172.217.194.0-255,5738,202515,69,210145
5501,0.002175,172.31.40.0-255,66,202581,69,210145
5502,0.002199,172.217.194.0-255,7156,209737,69,210145
5503,0.002208,172.31.40.0-255,66,209803,69,210145
5504,0.002237,172.217.194.0-255,105,209908,69,210145
5505,0.002272,172.31.40.0-255,66,209974,69,210145
5506,0.004834,172.31.40.0-255,105,210079,69,210145
5507,0.007196,172.217.194.0-255,66,210145,69,210145
5508,0.0,74.125.200.0-255,152,152,69,253106
5509,1.6e-05,172.31.40.0-255,66,218,69,253106
5510,2.2e-05,74.125.200.0-255,1484,1702,69,253106
5511,2.5e-05,172.31.40.0-255,66,1768,69,253106
5512,3.1e-05,74.125.200.0-255,2902,4670,69,253106
5513,3.4e-05,172.31.40.0-255,66,4736,69,253106
5514,5.4e-05,74.125.200.0-255,4320,9056,69,253106
5515,5.6e-05,172.31.40.0-255,66,9122,69,253106
5516,8.8e-05,74.125.200.0-255,5738,14860,69,253106
5517,9e-05,172.31.40.0-255,66,14926,69,253106
5518,0.000103,74.125.200.0-255,3402,18328,69,253106
5519,0.000105,172.31.40.0-255,66,18394,69,253106
5520,0.00011,74.125.200.0-255,4320,22714,69,253106
5521,0.000112,172.31.40.0-255,66,22780,69,253106
5522,0.000138,74.125.200.0-255,5738,28518,69,253106
5523,0.00014,172.31.40.0-255,66,28584,69,253106
5524,0.000144,74.125.200.0-255,2543,31127,69,253106
5525,0.000145,172.31.40.0-255,66,31193,69,253106
5526,0.000183,74.125.200.0-255,1484,32677,69,253106
5527,0.000185,172.31.40.0-255,66,32743,69,253106
5528,0.000196,74.125.200.0-255,2902,35645,69,253106
5529,0.000198,172.31.40.0-255,66,35711,69,253106
5530,0.000227,74.125.200.0-255,5738,41449,69,253106
5531,0.00023,172.31.40.0-255,66,41515,69,253106
5532,0.000247,74.125.200.0-255,1484,42999,69,253106
5533,0.000249,172.31.40.0-255,66,43065,69,253106
5534,0.000268,74.125.200.0-255,5379,48444,69,253106
5535,0.00027,172.31.40.0-255,66,48510,69,253106
5536,0.000607,74.125.200.0-255,1484,49994,69,253106
5537,0.000612,172.31.40.0-255,66,50060,69,253106
5538,0.000618,74.125.200.0-255,2902,52962,69,253106
5539,0.00062,172.31.40.0-255,66,53028,69,253106
5540,0.000653,74.125.200.0-255,4320,57348,69,253106
5541,0.000656,74.125.200.0-255,1484,58832,69,253106
5542,0.00067,74.125.200.0-255,4320,63152,69,253106
5543,0.000673,172.31.40.0-255,66,63218,69,253106
5544,0.000697,74.125.200.0-255,2543,65761,69,253106
5545,0.000704,172.31.40.0-255,66,65827,69,253106
5546,0.000735,74.125.200.0-255,2902,68729,69,253106
5547,0.000752,172.31.40.0-255,66,68795,69,253106
5548,0.000771,74.125.200.0-255,4320,73115,69,253106
5549,0.000785,74.125.200.0-255,2902,76017,69,253106
5550,0.000789,172.31.40.0-255,66,76083,69,253106
5551,0.000802,74.125.200.0-255,4320,80403,69,253106
5552,0.000818,74.125.200.0-255,2543,82946,69,253106
5553,0.000825,172.31.40.0-255,66,83012,69,253106
5554,0.000855,74.125.200.0-255,645,83657,69,253106
5555,0.000982,74.125.200.0-255,1484,85141,69,253106
5556,0.000986,172.31.40.0-255,66,85207,69,253106
5557,0.000991,74.125.200.0-255,2902,88109,69,253106
5558,0.000998,74.125.200.0-255,5738,93847,69,253106
5559,0.001,74.125.200.0-255,1484,95331,69,253106
5560,0.001015,172.31.40.0-255,66,95397,69,253106
5561,0.001026,74.125.200.0-255,4320,99717,69,253106
5562,0.001028,74.125.200.0-255,1484,101201,69,253106
5563,0.001033,172.31.40.0-255,66,101267,69,253106
5564,0.001059,74.125.200.0-255,5738,107005,69,253106
5565,0.001064,74.125.200.0-255,4320,111325,69,253106
5566,0.001078,74.125.200.0-255,1484,112809,69,253106
5567,0.001081,172.31.40.0-255,66,112875,69,253106
5568,0.001092,74.125.200.0-255,4320,117195,69,253106
5569,0.001094,74.125.200.0-255,103,117298,69,253106
5570,0.001105,74.125.200.0-255,198,117496,69,253106
5571,0.001149,172.31.40.0-255,66,117562,69,253106
5572,0.001475,74.125.200.0-255,1484,119046,69,253106
5573,0.001481,74.125.200.0-255,1484,120530,69,253106
5574,0.001484,172.31.40.0-255,66,120596,69,253106
5575,0.001506,74.125.200.0-255,1484,122080,69,253106
5576,0.001513,74.125.200.0-255,5738,127818,69,253106
5577,0.001531,172.31.40.0-255,66,127884,69,253106
5578,0.001564,172.31.40.0-255,66,127950,69,253106
5579,0.001569,74.125.200.0-255,2902,130852,69,253106
5580,0.001588,74.125.200.0-255,2184,133036,69,253106
5581,0.001591,172.31.40.0-255,66,133102,69,253106
5582,0.001604,172.31.40.0-255,66,133168,69,253106
5583,0.001878,74.125.200.0-255,1484,134652,69,253106
5584,0.001885,74.125.200.0-255,2902,137554,69,253106
5585,0.001888,172.31.40.0-255,66,137620,69,253106
5586,0.001906,74.125.200.0-255,5738,143358,69,253106
5587,0.001917,172.31.40.0-255,66,143424,69,253106
5588,0.00194,74.125.200.0-255,7156,150580,69,253106
5589,0.001958,74.125.200.0-255,4320,154900,69,253106
5590,0.001962,74.125.200.0-255,2902,157802,69,253106
5591,0.001969,172.31.40.0-255,66,157868,69,253106
5592,0.002025,172.31.40.0-255,66,157934,69,253106
5593,0.002222,172.31.40.0-255,101,158035,69,253106
5594,0.004298,74.125.200.0-255,5738,163773,69,253106
5595,0.004305,172.31.40.0-255,66,163839,69,253106
5596,0.004457,74.125.200.0-255,66,163905,69,253106
5597,0.00657,74.125.200.0-255,5738,169643,69,253106
5598,0.008192,172.31.40.0-255,66,169709,69,253106
5599,0.010476,74.125.200.0-255,5738,175447,69,253106
5600,0.010483,172.31.40.0-255,66,175513,69,253106
5601,0.012773,74.125.200.0-255,5738,181251,69,253106
5602,0.01278,172.31.40.0-255,66,181317,69,253106
5603,0.015056,74.125.200.0-255,5738,187055,69,253106
5604,0.015063,172.31.40.0-255,66,187121,69,253106
5605,0.017349,74.125.200.0-255,5738,192859,69,253106
5606,0.017357,172.31.40.0-255,66,192925,69,253106
5607,0.019643,74.125.200.0-255,5738,198663,69,253106
5608,0.01965,172.31.40.0-255,66,198729,69,253106
5609,0.021927,74.125.200.0-255,5738,204467,69,253106
5610,0.021934,172.31.40.0-255,66,204533,69,253106
5611,0.02422,74.125.200.0-255,5738,210271,69,253106
5612,0.024227,172.31.40.0-255,66,210337,69,253106
5613,0.025698,172.31.40.0-255,167,210504,69,253106
5614,0.025726,172.31.40.0-255,1116,211620,69,253106
5615,0.025782,172.31.40.0-255,1514,213134,69,253106
5616,0.025783,172.31.40.0-255,1514,214648,69,253106
5617,0.025784,172.31.40.0-255,1514,216162,69,253106
5618,0.025785,172.31.40.0-255,1514,217676,69,253106
5619,0.025786,172.31.40.0-255,540,218216,69,253106
5620,0.026511,74.125.200.0-255,5738,223954,69,253106
5621,0.026522,172.31.40.0-255,66,224020,69,253106
5622,0.028469,104.244.42.0-255,66,224086,69,253106
5623,0.028796,74.125.200.0-255,5738,229824,69,253106
5624,0.028801,172.31.40.0-255,66,229890,69,253106
5625,0.031092,74.125.200.0-255,5738,235628,69,253106
5626,0.031098,172.31.40.0-255,66,235694,69,253106
5627,0.033377,74.125.200.0-255,5738,241432,69,253106
5628,0.033383,172.31.40.0-255,66,241498,69,253106
5629,0.035667,74.125.200.0-255,5738,247236,69,253106
5630,0.035674,172.31.40.0-255,66,247302,69,253106
5631,0.03796,74.125.200.0-255,5738,253040,69,253106
5632,0.037967,172.31.40.0-255,66,253106,69,253106
5633,0.0,172.217.194.0-255,146,146,69,262142
5634,1.6e-05,172.31.40.0-255,66,212,69,262142
5635,2.3e-05,172.217.194.0-255,1484,1696,69,262142
5636,2.8e-05,172.31.40.0-255,66,1762,69,262142
5637,3.5e-05,172.217.194.0-255,2902,4664,69,262142
5638,3.8e-05,172.31.40.0-255,66,4730,69,262142
5639,5.4e-05,172.217.194.0-255,7156,11886,69,262142
5640,5.7e-05,172.31.40.0-255,66,11952,69,262142
5641,6.1e-05,172.217.194.0-255,1484,13436,69,262142
5642,6.3e-05,172.31.40.0-255,66,13502,69,262142
5643,0.000105,172.217.194.0-255,4891,18393,69,262142
5644,0.000109,172.31.40.0-255,66,18459,69,262142
5645,0.000115,172.217.194.0-255,5738,24197,69,262142
5646,0.000118,172.31.40.0-255,66,24263,69,262142
5647,0.000148,172.217.194.0-255,6797,31060,69,262142
5648,0.000151,172.31.40.0-255,66,31126,69,262142
5649,0.0002,172.217.194.0-255,1484,32610,69,262142
5650,0.000203,172.31.40.0-255,66,32676,69,262142
5651,0.000208,172.217.194.0-255,2902,35578,69,262142
5652,0.00021,172.31.40.0-255,66,35644,69,262142
5653,0.000216,172.217.194.0-255,5738,41382,69,262142
5654,0.000219,172.31.40.0-255,66,41448,69,262142
5655,0.000262,172.31.40.0-255,66,41514,69,262142
5656,0.000291,172.217.194.0-255,3961,45475,69,262142
5657,0.000294,172.31.40.0-255,66,45541,69,262142
5658,0.000307,172.31.40.0-255,66,45607,69,262142
5659,0.000314,172.217.194.0-255,364,45971,69,262142
5660,0.000316,172.31.40.0-255,66,46037,69,262142
5661,0.000582,172.217.194.0-255,1484,47521,69,262142
5662,0.000588,172.31.40.0-255,66,47587,69,262142
5663,0.000594,172.217.194.0-255,2902,50489,69,262142
5664,0.000596,172.31.40.0-255,66,50555,69,262142
5665,0.000602,172.217.194.0-255,5738,56293,69,262142
5666,0.000605,172.31.40.0-255,66,56359,69,262142
5667,0.00068,172.31.40.0-255,66,56425,69,262142
5668,0.000692,172.31.40.0-255,66,56491,69,262142
5669,0.000884,172.217.194.0-255,1484,57975,69,262142
5670,0.000892,172.217.194.0-255,2902,60877,69,262142
5671,0.000895,172.31.40.0-255,66,60943,69,262142
5672,0.000929,172.217.194.0-255,5738,66681,69,262142
5673,0.000932,172.31.40.0-255,66,66747,69,262142
5674,0.000946,172.31.40.0-255,66,66813,69,262142
5675,0.000952,172.217.194.0-255,5738,72551,69,262142
5676,0.000955,172.31.40.0-255,66,72617,69,262142
5677,0.000981,172.217.194.0-255,5020,77637,69,262142
5678,0.000984,172.31.40.0-255,66,77703,69,262142
5679,0.001239,172.217.194.0-255,1484,79187,69,262142
5680,0.001246,172.217.194.0-255,2902,82089,69,262142
5681,0.001249,172.31.40.0-255,66,82155,69,262142
5682,0.001283,172.217.194.0-255,5738,87893,69,262142
5683,0.001286,172.31.40.0-255,66,87959,69,262142
5684,0.001299,172.31.40.0-255,66,88025,69,262142
5685,0.00131,172.217.194.0-255,1484,89509,69,262142
5686,0.001339,172.31.40.0-255,66,89575,69,262142
5687,0.001364,172.217.194.0-255,766,90341,69,262142
5688,0.001397,172.217.194.0-255,1484,91825,69,262142
5689,0.001401,172.31.40.0-255,66,91891,69,262142
5690,0.001405,172.217.194.0-255,2902,94793,69,262142
5691,0.001407,172.31.40.0-255,66,94859,69,262142
5692,0.001434,172.217.194.0-255,5738,100597,69,262142
5693,0.001441,172.31.40.0-255,66,100663,69,262142
5694,0.001453,172.31.40.0-255,66,100729,69,262142
5695,0.00149,172.217.194.0-255,4320,105049,69,262142
5696,0.001493,172.31.40.0-255,66,105115,69,262142
5697,0.001506,172.31.40.0-255,66,105181,69,262142
5698,0.001878,172.217.194.0-255,1484,106665,69,262142
5699,0.001884,172.217.194.0-255,2902,109567,69,262142
5700,0.001888,172.31.40.0-255,66,109633,69,262142
5701,0.001923,172.217.194.0-255,5738,115371,69,262142
5702,0.001926,172.31.40.0-255,66,115437,69,262142
5703,0.001937,172.31.40.0-255,66,115503,69,262142
5704,0.00197,172.217.194.0-255,2902,118405,69,262142
5705,0.001973,172.31.40.0-255,66,118471,69,262142
5706,0.001999,172.31.40.0-255,66,118537,69,262142
5707,0.002022,172.217.194.0-255,2184,120721,69,262142
5708,0.002024,172.31.40.0-255,66,120787,69,262142
5709,0.002036,172.217.194.0-255,1484,122271,69,262142
5710,0.002057,172.217.194.0-255,2902,125173,69,262142
5711,0.00206,172.31.40.0-255,66,125239,69,262142
5712,0.002067,172.217.194.0-255,5738,130977,69,262142
5713,0.002069,172.31.40.0-255,66,131043,69,262142
5714,0.002088,172.217.194.0-255,4320,135363,69,262142
5715,0.002096,172.31.40.0-255,66,135429,69,262142
5716,0.002137,172.31.40.0-255,66,135495,69,262142
5717,0.002171,172.217.194.0-255,1484,136979,69,262142
5718,0.002194,172.217.194.0-255,6438,143417,69,262142
5719,0.002196,172.31.40.0-255,66,143483,69,262142
5720,0.00229,172.217.194.0-255,1484,144967,69,262142
5721,0.002313,172.217.194.0-255,2902,147869,69,262142
5722,0.002317,172.31.40.0-255,66,147935,69,262142
5723,0.002323,172.217.194.0-255,4320,152255,69,262142
5724,0.002325,172.31.40.0-255,66,152321,69,262142
5725,0.002347,172.217.194.0-255,1484,153805,69,262142
5726,0.002357,172.217.194.0-255,4320,158125,69,262142
5727,0.00236,172.31.40.0-255,66,158191,69,262142
5728,0.002374,172.31.40.0-255,66,158257,69,262142
5729,0.002407,172.31.40.0-255,66,158323,69,262142
5730,0.002458,172.31.40.0-255,66,158389,69,262142
5731,0.002463,172.217.194.0-255,4320,162709,69,262142
5732,0.002465,172.31.40.0-255,66,162775,69,262142
5733,0.002489,172.217.194.0-255,4320,167095,69,262142
5734,0.002495,172.31.40.0-255,66,167161,69,262142
5735,0.004904,172.217.194.0-255,5738,172899,69,262142
5736,0.004913,172.31.40.0-255,66,172965,69,262142
5737,0.007353,172.217.194.0-255,2902,175867,69,262142
5738,0.007358,172.31.40.0-255,66,175933,69,262142
5739,0.007383,172.217.194.0-255,2902,178835,69,262142
5740,0.009488,172.31.40.0-255,66,178901,69,262142
5741,0.009792,172.217.194.0-255,2902,181803,69,262142
5742,0.009797,172.31.40.0-255,66,181869,69,262142
5743,0.011918,172.217.194.0-255,2902,184771,69,262142
5744,0.011923,172.31.40.0-255,66,184837,69,262142
5745,0.012238,172.217.194.0-255,2902,187739,69,262142
5746,0.012243,172.31.40.0-255,66,187805,69,262142
5747,0.014373,172.217.194.0-255,2902,190707,69,262142
5748,0.01438,172.31.40.0-255,66,190773,69,262142
5749,0.014671,172.217.194.0-255,2902,193675,69,262142
5750,0.014674,172.31.40.0-255,66,193741,69,262142
5751,0.016802,172.217.194.0-255,2902,196643,69,262142
5752,0.01681,172.31.40.0-255,66,196709,69,262142
5753,0.017101,172.217.194.0-255,2902,199611,69,262142
5754,0.017107,172.31.40.0-255,66,199677,69,262142
5755,0.019259,172.217.194.0-255,2902,202579,69,262142
5756,0.019268,172.31.40.0-255,66,202645,69,262142
5757,0.019555,172.217.194.0-255,2902,205547,69,262142
5758,0.01956,172.31.40.0-255,66,205613,69,262142
5759,0.021706,172.217.194.0-255,2902,208515,69,262142
5760,0.021712,172.31.40.0-255,66,208581,69,262142
5761,0.021996,172.217.194.0-255,2902,211483,69,262142
5762,0.022001,172.31.40.0-255,66,211549,69,262142
5763,0.024177,172.217.194.0-255,2902,214451,69,262142
5764,0.024184,172.31.40.0-255,66,214517,69,262142
5765,0.024421,172.217.194.0-255,2902,217419,69,262142
5766,0.024426,172.31.40.0-255,66,217485,69,262142
5767,0.026618,172.217.194.0-255,2902,220387,69,262142
5768,0.026627,172.31.40.0-255,66,220453,69,262142
5769,0.026857,172.217.194.0-255,2902,223355,69,262142
5770,0.026862,172.31.40.0-255,66,223421,69,262142
5771,0.029066,172.217.194.0-255,2902,226323,69,262142
5772,0.029073,172.31.40.0-255,66,226389,69,262142
5773,0.029299,172.217.194.0-255,2902,229291,69,262142
5774,0.029306,172.31.40.0-255,66,229357,69,262142
5775,0.031516,172.217.194.0-255,2902,232259,69,262142
5776,0.031523,172.31.40.0-255,66,232325,69,262142
5777,0.031774,172.217.194.0-255,2902,235227,69,262142
5778,0.03178,172.31.40.0-255,66,235293,69,262142
5779,0.03397,172.217.194.0-255,2902,238195,69,262142
5780,0.033978,172.31.40.0-255,66,238261,69,262142
5781,0.034209,172.217.194.0-255,2902,241163,69,262142
5782,0.034214,172.31.40.0-255,66,241229,69,262142
5783,0.036405,172.217.194.0-255,2902,244131,69,262142
5784,0.036412,172.31.40.0-255,66,244197,69,262142
5785,0.036632,172.217.194.0-255,2902,247099,69,262142
5786,0.036638,172.31.40.0-255,66,247165,69,262142
5787,0.037612,172.31.40.0-255,172,247337,69,262142
5788,0.037645,172.31.40.0-255,1116,248453,69,262142
5789,0.037712,172.31.40.0-255,1514,249967,69,262142
5790,0.037713,172.31.40.0-255,1514,251481,69,262142
5791,0.037715,172.31.40.0-255,1514,252995,69,262142
5792,0.037719,172.31.40.0-255,1514,254509,69,262142
5793,0.037721,172.31.40.0-255,1499,256008,69,262142
5794,0.038846,172.217.194.0-255,2902,258910,69,262142
5795,0.038853,172.31.40.0-255,66,258976,69,262142
5796,0.039067,172.217.194.0-255,2902,261878,69,262142
5797,0.039073,172.31.40.0-255,66,261944,69,262142
5798,0.039296,104.244.42.0-255,66,262010,69,262142
5799,0.039377,104.244.42.0-255,66,262076,69,262142
5800,0.039422,104.244.42.0-255,66,262142,69,262142
5801,0.0,74.125.24.0-255,146,146,69,177942
5802,3.3e-05,172.31.40.0-255,66,212,69,177942
5803,4e-05,74.125.24.0-255,1484,1696,69,177942
5804,4.5e-05,172.31.40.0-255,66,1762,69,177942
5805,5.8e-05,74.125.24.0-255,2902,4664,69,177942
5806,6.3e-05,172.31.40.0-255,66,4730,69,177942
5807,7e-05,74.125.24.0-255,5738,10468,69,177942
5808,7.4e-05,172.31.40.0-255,66,10534,69,177942
5809,7.9e-05,74.125.24.0-255,3474,14008,69,177942
5810,8.1e-05,172.31.40.0-255,66,14074,69,177942
5811,0.000419,74.125.24.0-255,1484,15558,69,177942
5812,0.000426,172.31.40.0-255,66,15624,69,177942
5813,0.000432,74.125.24.0-255,2902,18526,69,177942
5814,0.000435,172.31.40.0-255,66,18592,69,177942
5815,0.000467,74.125.24.0-255,2902,21494,69,177942
5816,0.00047,172.31.40.0-255,66,21560,69,177942
5817,0.000479,74.125.24.0-255,7156,28716,69,177942
5818,0.000481,172.31.40.0-255,66,28782,69,177942
5819,0.000492,74.125.24.0-255,2543,31325,69,177942
5820,0.000495,172.31.40.0-255,66,31391,69,177942
5821,0.000529,74.125.24.0-255,2902,34293,69,177942
5822,0.000531,172.31.40.0-255,66,34359,69,177942
5823,0.00054,74.125.24.0-255,7156,41515,69,177942
5824,0.000542,172.31.40.0-255,66,41581,69,177942
5825,0.000575,74.125.24.0-255,4320,45901,69,177942
5826,0.000577,172.31.40.0-255,66,45967,69,177942
5827,0.000604,74.125.24.0-255,2543,48510,69,177942
5828,0.00061,172.31.40.0-255,66,48576,69,177942
5829,0.001178,74.125.24.0-255,1484,50060,69,177942
5830,0.001184,172.31.40.0-255,66,50126,69,177942
5831,0.001193,74.125.24.0-255,2902,53028,69,177942
5832,0.001195,172.31.40.0-255,66,53094,69,177942
5833,0.001207,74.125.24.0-255,4320,57414,69,177942
5834,0.001209,172.31.40.0-255,66,57480,69,177942
5835,0.001236,74.125.24.0-255,1484,58964,69,177942
5836,0.001249,74.125.24.0-255,6797,65761,69,177942
5837,0.001252,172.31.40.0-255,66,65827,69,177942
5838,0.001307,74.125.24.0-255,1484,67311,69,177942
5839,0.001313,74.125.24.0-255,2902,70213,69,177942
5840,0.001315,172.31.40.0-255,66,70279,69,177942
5841,0.001346,74.125.24.0-255,5738,76017,69,177942
5842,0.001349,172.31.40.0-255,66,76083,69,177942
5843,0.001353,74.125.24.0-255,1484,77567,69,177942
5844,0.001377,74.125.24.0-255,4320,81887,69,177942
5845,0.001379,172.31.40.0-255,66,81953,69,177942
5846,0.001419,172.31.40.0-255,66,82019,69,177942
5847,0.001438,172.31.40.0-255,66,82085,69,177942
5848,0.001577,74.125.24.0-255,646,82731,69,177942
5849,0.002633,74.125.24.0-255,1484,84215,69,177942
5850,0.00264,172.31.40.0-255,66,84281,69,177942
5851,0.002648,74.125.24.0-255,2902,87183,69,177942
5852,0.00265,172.31.40.0-255,66,87249,69,177942
5853,0.002653,74.125.24.0-255,1484,88733,69,177942
5854,0.002691,74.125.24.0-255,4320,93053,69,177942
5855,0.002695,172.31.40.0-255,66,93119,69,177942
5856,0.002715,172.31.40.0-255,66,93185,69,177942
5857,0.002728,172.31.40.0-255,66,93251,69,177942
5858,0.005381,74.125.24.0-255,1484,94735,69,177942
5859,0.005402,74.125.24.0-255,4320,99055,69,177942
5860,0.005406,172.31.40.0-255,66,99121,69,177942
5861,0.008064,74.125.24.0-255,2902,102023,69,177942
5862,0.008077,172.31.40.0-255,66,102089,69,177942
5863,0.008083,74.125.24.0-255,2902,104991,69,177942
5864,0.008086,172.31.40.0-255,66,105057,69,177942
5865,0.01077,74.125.24.0-255,5738,110795,69,177942
5866,0.010776,172.31.40.0-255,66,110861,69,177942
5867,0.013439,74.125.24.0-255,5738,116599,69,177942
5868,0.013448,172.31.40.0-255,66,116665,69,177942
5869,0.016132,74.125.24.0-255,5738,122403,69,177942
5870,0.016146,172.31.40.0-255,66,122469,69,177942
5871,0.018856,74.125.24.0-255,5738,128207,69,177942
5872,0.018868,172.31.40.0-255,66,128273,69,177942
5873,0.02156,74.125.24.0-255,5738,134011,69,177942
5874,0.021572,172.31.40.0-255,66,134077,69,177942
5875,0.024261,74.125.24.0-255,5738,139815,69,177942
5876,0.024269,172.31.40.0-255,66,139881,69,177942
5877,0.026971,74.125.24.0-255,5738,145619,69,177942
5878,0.026978,172.31.40.0-255,66,145685,69,177942
5879,0.029661,74.125.24.0-255,5738,151423,69,177942
5880,0.029669,172.31.40.0-255,66,151489,69,177942
5881,0.032347,74.125.24.0-255,5738,157227,69,177942
5882,0.032357,172.31.40.0-255,66,157293,69,177942
5883,0.035037,74.125.24.0-255,5738,163031,69,177942
5884,0.035043,172.31.40.0-255,66,163097,69,177942
5885,0.035074,172.31.40.0-255,172,163269,69,177942
5886,0.035097,172.31.40.0-255,1116,164385,69,177942
5887,0.03521,172.31.40.0-255,1514,165899,69,177942
5888,0.035212,172.31.40.0-255,1514,167413,69,177942
5889,0.035217,172.31.40.0-255,1514,168927,69,177942
5890,0.035219,172.31.40.0-255,1514,170441,69,177942
5891,0.035237,172.31.40.0-255,1499,171940,69,177942
5892,0.036741,104.244.42.0-255,66,172006,69,177942
5893,0.03679,104.244.42.0-255,66,172072,69,177942
5894,0.036917,104.244.42.0-255,66,172138,69,177942
5895,0.037705,74.125.24.0-255,5738,177876,69,177942
5896,0.037711,172.31.40.0-255,66,177942,69,177942
5897,0.0,74.125.68.0-255,149,149,69,360171
5898,3e-05,172.31.40.0-255,66,215,69,360171
5899,3.7e-05,74.125.68.0-255,1484,1699,69,360171
5900,4.1e-05,172.31.40.0-255,66,1765,69,360171
5901,4.7e-05,74.125.68.0-255,2902,4667,69,360171
5902,5.6e-05,172.31.40.0-255,66,4733,69,360171
5903,6.2e-05,74.125.68.0-255,4320,9053,69,360171
5904,6.5e-05,172.31.40.0-255,66,9119,69,360171
5905,9.4e-05,74.125.68.0-255,2902,12021,69,360171
5906,9.7e-05,172.31.40.0-255,66,12087,69,360171
5907,0.000102,74.125.68.0-255,2063,14150,69,360171
5908,0.000104,172.31.40.0-255,66,14216,69,360171
5909,0.000108,74.125.68.0-255,2902,17118,69,360171
5910,0.000111,172.31.40.0-255,66,17184,69,360171
5911,0.000118,74.125.68.0-255,7156,24340,69,360171
5912,0.000121,172.31.40.0-255,66,24406,69,360171
5913,0.000134,74.125.68.0-255,1484,25890,69,360171
5914,0.000136,172.31.40.0-255,66,25956,69,360171
5915,0.000169,74.125.68.0-255,5379,31335,69,360171
5916,0.000172,172.31.40.0-255,66,31401,69,360171
5917,0.000243,74.125.68.0-255,1484,32885,69,360171
5918,0.000248,172.31.40.0-255,66,32951,69,360171
5919,0.000252,74.125.68.0-255,2902,35853,69,360171
5920,0.000255,172.31.40.0-255,66,35919,69,360171
5921,0.000301,74.125.68.0-255,5738,41657,69,360171
5922,0.000305,172.31.40.0-255,66,41723,69,360171
5923,0.00031,74.125.68.0-255,2902,44625,69,360171
5924,0.000312,172.31.40.0-255,66,44691,69,360171
5925,0.000317,74.125.68.0-255,3961,48652,69,360171
5926,0.00032,172.31.40.0-255,66,48718,69,360171
5927,0.000358,74.125.68.0-255,2902,51620,69,360171
5928,0.00036,172.31.40.0-255,66,51686,69,360171
5929,0.000364,172.31.40.0-255,66,51752,69,360171
5930,0.000394,74.125.68.0-255,4320,56072,69,360171
5931,0.000398,172.31.40.0-255,66,56138,69,360171
5932,0.000419,74.125.68.0-255,1439,57577,69,360171
5933,0.000422,74.125.68.0-255,108,57685,69,360171
5934,0.0005,74.125.68.0-255,1484,59169,69,360171
5935,0.000503,172.31.40.0-255,66,59235,69,360171
5936,0.000509,74.125.68.0-255,2902,62137,69,360171
5937,0.000511,172.31.40.0-255,66,62203,69,360171
5938,0.000545,74.125.68.0-255,5738,67941,69,360171
5939,0.000548,172.31.40.0-255,66,68007,69,360171
5940,0.000551,74.125.68.0-255,1484,69491,69,360171
5941,0.000557,74.125.68.0-255,2902,72393,69,360171
5942,0.000559,172.31.40.0-255,66,72459,69,360171
5943,0.000595,74.125.68.0-255,2806,75265,69,360171
5944,0.000598,172.31.40.0-255,66,75331,69,360171
5945,0.000625,74.125.68.0-255,1484,76815,69,360171
5946,0.000635,74.125.68.0-255,1484,78299,69,360171
5947,0.000638,172.31.40.0-255,66,78365,69,360171
5948,0.000641,74.125.68.0-255,1484,79849,69,360171
5949,0.000664,74.125.68.0-255,2902,82751,69,360171
5950,0.000668,172.31.40.0-255,66,82817,69,360171
5951,0.000674,74.125.68.0-255,5738,88555,69,360171
5952,0.000676,172.31.40.0-255,66,88621,69,360171
5953,0.000707,74.125.68.0-255,3961,92582,69,360171
5954,0.00071,172.31.40.0-255,66,92648,69,360171
5955,0.000744,74.125.68.0-255,1484,94132,69,360171
5956,0.00077,74.125.68.0-255,2902,97034,69,360171
5957,0.000775,74.125.68.0-255,4320,101354,69,360171
5958,0.000775,172.31.40.0-255,66,101420,69,360171
5959,0.000778,172.31.40.0-255,66,101486,69,360171
5960,0.000808,74.125.68.0-255,1484,102970,69,360171
5961,0.000816,74.125.68.0-255,5738,108708,69,360171
5962,0.000819,172.31.40.0-255,66,108774,69,360171
5963,0.000826,74.125.68.0-255,7156,115930,69,360171
5964,0.000829,172.31.40.0-255,66,115996,69,360171
5965,0.000859,74.125.68.0-255,2902,118898,69,360171
5966,0.000862,172.31.40.0-255,66,118964,69,360171
5967,0.000898,172.31.40.0-255,66,119030,69,360171
5968,0.001179,74.125.68.0-255,1484,120514,69,360171
5969,0.001199,74.125.68.0-255,2902,123416,69,360171
5970,0.001202,172.31.40.0-255,66,123482,69,360171
5971,0.001207,74.125.68.0-255,2902,126384,69,360171
5972,0.001209,172.31.40.0-255,66,126450,69,360171
5973,0.001229,74.125.68.0-255,1484,127934,69,360171
5974,0.001235,74.125.68.0-255,4320,132254,69,360171
5975,0.001238,172.31.40.0-255,66,132320,69,360171
5976,0.00127,74.125.68.0-255,4320,136640,69,360171
5977,0.001274,172.31.40.0-255,66,136706,69,360171
5978,0.001279,74.125.68.0-255,4320,141026,69,360171
5979,0.001282,172.31.40.0-255,66,141092,69,360171
5980,0.001287,74.125.68.0-255,5738,146830,69,360171
5981,0.00129,172.31.40.0-255,66,146896,69,360171
5982,0.001329,74.125.68.0-255,6438,153334,69,360171
5983,0.001334,172.31.40.0-255,66,153400,69,360171
5984,0.001449,74.125.68.0-255,1484,154884,69,360171
5985,0.001453,74.125.68.0-255,1484,156368,69,360171
5986,0.001456,172.31.40.0-255,66,156434,69,360171
5987,0.001472,74.125.68.0-255,1484,157918,69,360171
5988,0.001483,74.125.68.0-255,5738,163656,69,360171
5989,0.001486,172.31.40.0-255,66,163722,69,360171
5990,0.001581,172.31.40.0-255,66,163788,69,360171
5991,0.001593,172.31.40.0-255,66,163854,69,360171
5992,0.001597,74.125.68.0-255,2184,166038,69,360171
5993,0.001599,172.31.40.0-255,66,166104,69,360171
5994,0.001603,74.125.68.0-255,2902,169006,69,360171
5995,0.001604,172.31.40.0-255,66,169072,69,360171
5996,0.001608,74.125.68.0-255,2902,171974,69,360171
5997,0.001612,172.31.40.0-255,66,172040,69,360171
5998,0.001647,74.125.68.0-255,1484,173524,69,360171
5999,0.001682,74.125.68.0-255,2902,176426,69,360171
6000,0.001686,172.31.40.0-255,66,176492,69,360171
6001,0.001698,172.31.40.0-255,66,176558,69,360171
6002,0.001703,74.125.68.0-255,5738,182296,69,360171
6003,0.001705,172.31.40.0-255,66,182362,69,360171
6004,0.001712,74.125.68.0-255,7156,189518,69,360171
6005,0.001716,74.125.68.0-255,2184,191702,69,360171
6006,0.001716,172.31.40.0-255,66,191768,69,360171
6007,0.001719,172.31.40.0-255,66,191834,69,360171
6008,0.001748,74.125.68.0-255,1484,193318,69,360171
6009,0.001777,74.125.68.0-255,2902,196220,69,360171
6010,0.001781,172.31.40.0-255,66,196286,69,360171
6011,0.001786,74.125.68.0-255,2902,199188,69,360171
6012,0.001788,172.31.40.0-255,66,199254,69,360171
6013,0.001806,74.125.68.0-255,2902,202156,69,360171
6014,0.001809,172.31.40.0-255,66,202222,69,360171
6015,0.001822,74.125.68.0-255,7156,209378,69,360171
6016,0.001825,172.31.40.0-255,66,209444,69,360171
6017,0.001871,74.125.68.0-255,4320,213764,69,360171
6018,0.001874,172.31.40.0-255,66,213830,69,360171
6019,0.001909,74.125.68.0-255,2902,216732,69,360171
6020,0.001912,172.31.40.0-255,66,216798,69,360171
6021,0.001923,172.31.40.0-255,66,216864,69,360171
6022,0.001926,74.125.68.0-255,766,217630,69,360171
6023,0.00206,74.125.68.0-255,1484,219114,69,360171
6024,0.002064,172.31.40.0-255,66,219180,69,360171
6025,0.002069,74.125.68.0-255,2902,222082,69,360171
6026,0.002071,172.31.40.0-255,66,222148,69,360171
6027,0.002097,74.125.68.0-255,5738,227886,69,360171
6028,0.0021,172.31.40.0-255,66,227952,69,360171
6029,0.002126,74.125.68.0-255,7156,235108,69,360171
6030,0.002129,172.31.40.0-255,66,235174,69,360171
6031,0.002133,74.125.68.0-255,2902,238076,69,360171
6032,0.002136,172.31.40.0-255,66,238142,69,360171
6033,0.002156,74.125.68.0-255,5738,243880,69,360171
6034,0.002159,172.31.40.0-255,66,243946,69,360171
6035,0.002164,74.125.68.0-255,4320,248266,69,360171
6036,0.002165,172.31.40.0-255,66,248332,69,360171
6037,0.002195,74.125.68.0-255,3602,251934,69,360171
6038,0.002198,172.31.40.0-255,66,252000,69,360171
6039,0.002274,74.125.68.0-255,1484,253484,69,360171
6040,0.002287,74.125.68.0-255,2902,256386,69,360171
6041,0.00229,172.31.40.0-255,66,256452,69,360171
6042,0.002319,74.125.68.0-255,5738,262190,69,360171
6043,0.002322,172.31.40.0-255,66,262256,69,360171
6044,0.004605,74.125.68.0-255,5738,267994,69,360171
6045,0.004612,172.31.40.0-255,66,268060,69,360171
6046,0.00691,74.125.68.0-255,5738,273798,69,360171
6047,0.006914,172.31.40.0-255,66,273864,69,360171
6048,0.009215,74.125.68.0-255,5738,279602,69,360171
6049,0.009222,172.31.40.0-255,66,279668,69,360171
6050,0.011514,74.125.68.0-255,5738,285406,69,360171
6051,0.01152,172.31.40.0-255,66,285472,69,360171
6052,0.013865,74.125.68.0-255,5738,291210,69,360171
6053,0.013873,172.31.40.0-255,66,291276,69,360171
6054,0.016182,74.125.68.0-255,4320,295596,69,360171
6055,0.016191,172.31.40.0-255,66,295662,69,360171
6056,0.016231,74.125.68.0-255,1484,297146,69,360171
6057,0.018491,74.125.68.0-255,4320,301466,69,360171
6058,0.018498,172.31.40.0-255,66,301532,69,360171
6059,0.020811,74.125.68.0-255,5738,307270,69,360171
6060,0.020817,172.31.40.0-255,66,307336,69,360171
6061,0.023114,74.125.68.0-255,5738,313074,69,360171
6062,0.023121,172.31.40.0-255,66,313140,69,360171
6063,0.025426,74.125.68.0-255,5738,318878,69,360171
6064,0.025433,172.31.40.0-255,66,318944,69,360171
6065,0.027735,74.125.68.0-255,5738,324682,69,360171
6066,0.027743,172.31.40.0-255,66,324748,69,360171
6067,0.030031,74.125.68.0-255,4320,329068,69,360171
6068,0.030038,172.31.40.0-255,66,329134,69,360171
6069,0.030078,74.125.68.0-255,1484,330618,69,360171
6070,0.032333,74.125.68.0-255,4320,334938,69,360171
6071,0.032342,172.31.40.0-255,66,335004,69,360171
6072,0.034321,172.31.40.0-255,172,335176,69,360171
6073,0.034353,172.31.40.0-255,1114,336290,69,360171
6074,0.034393,172.31.40.0-255,1514,337804,69,360171
6075,0.034395,172.31.40.0-255,1514,339318,69,360171
6076,0.034402,172.31.40.0-255,1514,340832,69,360171
6077,0.034403,172.31.40.0-255,1514,342346,69,360171
6078,0.034427,172.31.40.0-255,1501,343847,69,360171
6079,0.034713,74.125.68.0-255,4320,348167,69,360171
6080,0.034719,172.31.40.0-255,66,348233,69,360171
6081,0.034747,74.125.68.0-255,1484,349717,69,360171
6082,0.035876,104.244.42.0-255,66,349783,69,360171
6083,0.035933,104.244.42.0-255,66,349849,69,360171
6084,0.035983,104.244.42.0-255,66,349915,69,360171
6085,0.037002,74.125.68.0-255,4320,354235,69,360171
6086,0.037008,172.31.40.0-255,66,354301,69,360171
6087,0.039311,74.125.68.0-255,4320,358621,69,360171
6088,0.039315,172.31.40.0-255,66,358687,69,360171
6089,0.039351,74.125.68.0-255,1484,360171,69,360171
6090,0.0,172.31.40.0-255,162,162,69,228
6091,0.007192,74.125.24.0-255,66,228,69,228
6092,0.0,74.125.24.0-255,153,153,69,300651
6093,1.8e-05,172.31.40.0-255,66,219,69,300651
6094,3.3e-05,74.125.24.0-255,1484,1703,69,300651
6095,3.7e-05,172.31.40.0-255,66,1769,69,300651
6096,6.1e-05,74.125.24.0-255,1484,3253,69,300651
6097,6.4e-05,172.31.40.0-255,66,3319,69,300651
6098,6.9e-05,74.125.24.0-255,2902,6221,69,300651
6099,7.2e-05,172.31.40.0-255,66,6287,69,300651
6100,0.000104,74.125.24.0-255,1484,7771,69,300651
6101,0.000106,172.31.40.0-255,66,7837,69,300651
6102,0.000118,74.125.24.0-255,2902,10739,69,300651
6103,0.00012,172.31.40.0-255,66,10805,69,300651
6104,0.000148,74.125.24.0-255,6355,17160,69,300651
6105,0.00015,172.31.40.0-255,66,17226,69,300651
6106,0.000156,74.125.24.0-255,5738,22964,69,300651
6107,0.000158,172.31.40.0-255,66,23030,69,300651
6108,0.000173,74.125.24.0-255,4320,27350,69,300651
6109,0.000175,172.31.40.0-255,66,27416,69,300651
6110,0.000207,74.125.24.0-255,3961,31377,69,300651
6111,0.000209,172.31.40.0-255,66,31443,69,300651
6112,0.000281,74.125.24.0-255,1484,32927,69,300651
6113,0.000284,172.31.40.0-255,66,32993,69,300651
6114,0.000289,74.125.24.0-255,2902,35895,69,300651
6115,0.000291,172.31.40.0-255,66,35961,69,300651
6116,0.000312,74.125.24.0-255,4320,40281,69,300651
6117,0.000314,172.31.40.0-255,66,40347,69,300651
6118,0.00033,74.125.24.0-255,1484,41831,69,300651
6119,0.000331,172.31.40.0-255,66,41897,69,300651
6120,0.000338,74.125.24.0-255,7156,49053,69,300651
6121,0.00034,172.31.40.0-255,66,49119,69,300651
6122,0.000368,172.31.40.0-255,66,49185,69,300651
6123,0.00039,74.125.24.0-255,5738,54923,69,300651
6124,0.000393,172.31.40.0-255,66,54989,69,300651
6125,0.000397,74.125.24.0-255,2184,57173,69,300651
6126,0.0004,172.31.40.0-255,66,57239,69,300651
6127,0.000403,74.125.24.0-255,362,57601,69,300651
6128,0.000455,74.125.24.0-255,126,57727,69,300651
6129,0.000688,74.125.24.0-255,1484,59211,69,300651
6130,0.000693,172.31.40.0-255,66,59277,69,300651
6131,0.000699,74.125.24.0-255,2902,62179,69,300651
6132,0.000702,172.31.40.0-255,66,62245,69,300651
6133,0.000709,74.125.24.0-255,5738,67983,69,300651
6134,0.000711,172.31.40.0-255,66,68049,69,300651
6135,0.000714,74.125.24.0-255,1484,69533,69,300651
6136,0.000739,74.125.24.0-255,4320,73853,69,300651
6137,0.000742,172.31.40.0-255,66,73919,69,300651
6138,0.000747,74.125.24.0-255,4320,78239,69,300651
6139,0.000749,172.31.40.0-255,66,78305,69,300651
6140,0.000764,74.125.24.0-255,5738,84043,69,300651
6141,0.000779,74.125.24.0-255,2902,86945,69,300651
6142,0.0008,74.125.24.0-255,5020,91965,69,300651
6143,0.000834,74.125.24.0-255,7156,99121,69,300651
6144,0.000863,74.125.24.0-255,5738,104859,69,300651
6145,0.000878,74.125.24.0-255,2902,107761,69,300651
6146,0.000912,74.125.24.0-255,1484,109245,69,300651
6147,0.000929,74.125.24.0-255,4726,113971,69,300651
6148,0.000988,74.125.24.0-255,1484,115455,69,300651
6149,0.00101,74.125.24.0-255,2902,118357,69,300651
6150,0.001026,74.125.24.0-255,2902,121259,69,300651
6151,0.00104,74.125.24.0-255,1484,122743,69,300651
6152,0.001078,74.125.24.0-255,5738,128481,69,300651
6153,0.001095,74.125.24.0-255,2902,131383,69,300651
6154,0.001102,74.125.24.0-255,5738,137121,69,300651
6155,0.001116,74.125.24.0-255,4320,141441,69,300651
6156,0.001131,74.125.24.0-255,6438,147879,69,300651
6157,0.001317,74.125.24.0-255,1484,149363,69,300651
6158,0.001331,74.125.24.0-255,2902,152265,69,300651
6159,0.001343,74.125.24.0-255,4320,156585,69,300651
6160,0.001355,74.125.24.0-255,1484,158069,69,300651
6161,0.001358,74.125.24.0-255,1484,159553,69,300651
6162,0.00142,74.125.24.0-255,2184,161737,69,300651
6163,0.002003,74.125.24.0-255,1484,163221,69,300651
6164,0.002024,74.125.24.0-255,2902,166123,69,300651
6165,0.002044,74.125.24.0-255,4320,170443,69,300651
6166,0.002061,74.125.24.0-255,1484,171927,69,300651
6167,0.002069,74.125.24.0-255,7156,179083,69,300651
6168,0.002084,74.125.24.0-255,2902,181985,69,300651
6169,0.00209,74.125.24.0-255,4320,186305,69,300651
6170,0.002112,74.125.24.0-255,7156,193461,69,300651
6171,0.002133,74.125.24.0-255,2184,195645,69,300651
6172,0.002367,74.125.24.0-255,1484,197129,69,300651
6173,0.00237,74.125.24.0-255,1484,198613,69,300651
6174,0.002384,74.125.24.0-255,1484,200097,69,300651
6175,0.002397,74.125.24.0-255,2902,202999,69,300651
6176,0.002412,74.125.24.0-255,2902,205901,69,300651
6177,0.002456,74.125.24.0-255,2902,208803,69,300651
6178,0.002459,74.125.24.0-255,1484,210287,69,300651
6179,0.004616,172.31.40.0-255,66,210353,69,300651
6180,0.007053,74.125.24.0-255,5738,216091,69,300651
6181,0.00706,172.31.40.0-255,66,216157,69,300651
6182,0.009489,74.125.24.0-255,5738,221895,69,300651
6183,0.009495,172.31.40.0-255,66,221961,69,300651
6184,0.011942,74.125.24.0-255,5738,227699,69,300651
6185,0.011949,172.31.40.0-255,66,227765,69,300651
6186,0.014453,74.125.24.0-255,5738,233503,69,300651
6187,0.014462,172.31.40.0-255,66,233569,69,300651
6188,0.016893,74.125.24.0-255,5738,239307,69,300651
6189,0.016899,172.31.40.0-255,66,239373,69,300651
6190,0.019374,74.125.24.0-255,5738,245111,69,300651
6191,0.019384,172.31.40.0-255,66,245177,69,300651
6192,0.02185,74.125.24.0-255,5738,250915,69,300651
6193,0.021858,172.31.40.0-255,66,250981,69,300651
6194,0.02431,74.125.24.0-255,5738,256719,69,300651
6195,0.024317,172.31.40.0-255,66,256785,69,300651
6196,0.026795,74.125.24.0-255,5738,262523,69,300651
6197,0.026802,172.31.40.0-255,66,262589,69,300651
6198,0.029244,74.125.24.0-255,5738,268327,69,300651
6199,0.029251,172.31.40.0-255,66,268393,69,300651
6200,0.0309,172.31.40.0-255,172,268565,69,300651
6201,0.030931,172.31.40.0-255,1114,269679,69,300651
6202,0.030999,172.31.40.0-255,1514,271193,69,300651
6203,0.031001,172.31.40.0-255,1514,272707,69,300651
6204,0.031003,172.31.40.0-255,1514,274221,69,300651
6205,0.031008,172.31.40.0-255,1514,275735,69,300651
6206,0.031009,172.31.40.0-255,1502,277237,69,300651
6207,0.03171,74.125.24.0-255,5738,282975,69,300651
6208,0.031718,172.31.40.0-255,66,283041,69,300651
6209,0.032576,104.244.42.0-255,66,283107,69,300651
6210,0.032605,104.244.42.0-255,66,283173,69,300651
6211,0.032675,104.244.42.0-255,66,283239,69,300651
6212,0.034161,74.125.24.0-255,5738,288977,69,300651
6213,0.034169,172.31.40.0-255,66,289043,69,300651
6214,0.036666,74.125.24.0-255,5738,294781,69,300651
6215,0.036672,172.31.40.0-255,66,294847,69,300651
6216,0.039116,74.125.24.0-255,5738,300585,69,300651
6217,0.039123,172.31.40.0-255,66,300651,69,300651
6218,0.0,172.31.40.0-255,66,66,69,66
6219,0.0,74.125.68.0-255,153,153,69,145327
6220,1.2e-05,172.31.40.0-255,66,219,69,145327
6221,4.6e-05,74.125.68.0-255,1484,1703,69,145327
6222,5e-05,172.31.40.0-255,66,1769,69,145327
6223,5.6e-05,74.125.68.0-255,2902,4671,69,145327
6224,5.9e-05,172.31.40.0-255,66,4737,69,145327
6225,0.000159,74.125.68.0-255,7156,11893,69,145327
6226,0.000163,172.31.40.0-255,66,11959,69,145327
6227,0.000412,74.125.68.0-255,2076,14035,69,145327
6228,0.000417,172.31.40.0-255,66,14101,69,145327
6229,0.000479,74.125.68.0-255,7156,21257,69,145327
6230,0.000483,172.31.40.0-255,66,21323,69,145327
6231,0.000514,74.125.68.0-255,4320,25643,69,145327
6232,0.000517,172.31.40.0-255,66,25709,69,145327
6233,0.000879,74.125.68.0-255,1484,27193,69,145327
6234,0.000886,172.31.40.0-255,66,27259,69,145327
6235,0.000922,74.125.68.0-255,3961,31220,69,145327
6236,0.000925,172.31.40.0-255,66,31286,69,145327
6237,0.00112,74.125.68.0-255,7156,38442,69,145327
6238,0.001127,172.31.40.0-255,66,38508,69,145327
6239,0.001169,172.31.40.0-255,66,38574,69,145327
6240,0.001837,172.31.40.0-255,66,38640,69,145327
6241,0.001875,172.31.40.0-255,66,38706,69,145327
6242,0.002771,74.125.68.0-255,7156,45862,69,145327
6243,0.002774,172.31.40.0-255,66,45928,69,145327
6244,0.002819,172.31.40.0-255,66,45994,69,145327
6245,0.003719,74.125.68.0-255,4320,50314,69,145327
6246,0.003725,172.31.40.0-255,66,50380,69,145327
6247,0.004489,172.31.40.0-255,66,50446,69,145327
6248,0.006759,74.125.68.0-255,1484,51930,69,145327
6249,0.006787,74.125.68.0-255,4320,56250,69,145327
6250,0.006792,172.31.40.0-255,66,56316,69,145327
6251,0.009067,74.125.68.0-255,5738,62054,69,145327
6252,0.009074,172.31.40.0-255,66,62120,69,145327
6253,0.01137,74.125.68.0-255,5738,67858,69,145327
6254,0.011379,172.31.40.0-255,66,67924,69,145327
6255,0.013656,74.125.68.0-255,5738,73662,69,145327
6256,0.013665,172.31.40.0-255,66,73728,69,145327
6257,0.015929,74.125.68.0-255,4320,78048,69,145327
6258,0.015936,172.31.40.0-255,66,78114,69,145327
6259,0.015964,74.125.68.0-255,1484,79598,69,145327
6260,0.018229,74.125.68.0-255,4320,83918,69,145327
6261,0.018238,172.31.40.0-255,66,83984,69,145327
6262,0.020513,74.125.68.0-255,5738,89722,69,145327
6263,0.020522,172.31.40.0-255,66,89788,69,145327
6264,0.022792,74.125.68.0-255,5738,95526,69,145327
6265,0.022801,172.31.40.0-255,66,95592,69,145327
6266,0.02507,74.125.68.0-255,5738,101330,69,145327
6267,0.025078,172.31.40.0-255,66,101396,69,145327
6268,0.027356,74.125.68.0-255,5738,107134,69,145327
6269,0.027363,172.31.40.0-255,66,107200,69,145327
6270,0.029629,74.125.68.0-255,5738,112938,69,145327
6271,0.029636,172.31.40.0-255,66,113004,69,145327
6272,0.031906,74.125.68.0-255,1484,114488,69,145327
6273,0.03193,74.125.68.0-255,4320,118808,69,145327
6274,0.031935,172.31.40.0-255,66,118874,69,145327
6275,0.033772,172.31.40.0-255,172,119046,69,145327
6276,0.033797,172.31.40.0-255,1116,120162,69,145327
6277,0.033851,172.31.40.0-255,1514,121676,69,145327
6278,0.033853,172.31.40.0-255,1514,123190,69,145327
6279,0.033857,172.31.40.0-255,1514,124704,69,145327
6280,0.033858,172.31.40.0-255,1514,126218,69,145327
6281,0.033876,172.31.40.0-255,1499,127717,69,145327
6282,0.034199,74.125.68.0-255,5738,133455,69,145327
6283,0.034204,172.31.40.0-255,66,133521,69,145327
6284,0.035331,104.244.42.0-255,66,133587,69,145327
6285,0.035377,104.244.42.0-255,66,133653,69,145327
6286,0.035419,104.244.42.0-255,66,133719,69,145327
6287,0.036475,74.125.68.0-255,5738,139457,69,145327
6288,0.036482,172.31.40.0-255,66,139523,69,145327
6289,0.038749,74.125.68.0-255,5738,145261,69,145327
6290,0.038756,172.31.40.0-255,66,145327,69,145327
6291,0.0,74.125.24.0-255,149,149,69,260599
6292,2.2e-05,172.31.40.0-255,66,215,69,260599
6293,2.9e-05,74.125.24.0-255,1484,1699,69,260599
6294,3.3e-05,172.31.40.0-255,66,1765,69,260599
6295,3.9e-05,74.125.24.0-255,2902,4667,69,260599
6296,4.2e-05,172.31.40.0-255,66,4733,69,260599
6297,4.9e-05,74.125.24.0-255,5738,10471,69,260599
6298,5.3e-05,172.31.40.0-255,66,10537,69,260599
6299,5.6e-05,74.125.24.0-255,1484,12021,69,260599
6300,5.9e-05,172.31.40.0-255,66,12087,69,260599
6301,0.000104,172.31.40.0-255,66,12153,69,260599
6302,0.000131,74.125.24.0-255,6797,18950,69,260599
6303,0.000134,172.31.40.0-255,66,19016,69,260599
6304,0.000199,74.125.24.0-255,1484,20500,69,260599
6305,0.000202,172.31.40.0-255,66,20566,69,260599
6306,0.000206,74.125.24.0-255,1484,22050,69,260599
6307,0.000208,172.31.40.0-255,66,22116,69,260599
6308,0.000223,74.125.24.0-255,1484,23600,69,260599
6309,0.000226,172.31.40.0-255,66,23666,69,260599
6310,0.000233,74.125.24.0-255,5738,29404,69,260599
6311,0.000236,172.31.40.0-255,66,29470,69,260599
6312,0.000256,74.125.24.0-255,2902,32372,69,260599
6313,0.000259,172.31.40.0-255,66,32438,69,260599
6314,0.000289,172.31.40.0-255,66,32504,69,260599
6315,0.000299,172.31.40.0-255,66,32570,69,260599
6316,0.000322,74.125.24.0-255,1424,33994,69,260599
6317,0.000325,172.31.40.0-255,66,34060,69,260599
6318,0.000342,74.125.24.0-255,126,34186,69,260599
6319,0.000344,172.31.40.0-255,66,34252,69,260599
6320,0.000426,74.125.24.0-255,350,34602,69,260599
6321,0.000762,74.125.24.0-255,1484,36086,69,260599
6322,0.000768,172.31.40.0-255,66,36152,69,260599
6323,0.000773,74.125.24.0-255,2902,39054,69,260599
6324,0.000775,172.31.40.0-255,66,39120,69,260599
6325,0.000778,74.125.24.0-255,1484,40604,69,260599
6326,0.000798,74.125.24.0-255,4320,44924,69,260599
6327,0.0008,172.31.40.0-255,66,44990,69,260599
6328,0.000833,172.31.40.0-255,66,45056,69,260599
6329,0.000839,74.125.24.0-255,4320,49376,69,260599
6330,0.000842,172.31.40.0-255,66,49442,69,260599
6331,0.000855,74.125.24.0-255,2902,52344,69,260599
6332,0.000857,172.31.40.0-255,66,52410,69,260599
6333,0.00089,74.125.24.0-255,3602,56012,69,260599
6334,0.000894,172.31.40.0-255,66,56078,69,260599
6335,0.001404,74.125.24.0-255,1484,57562,69,260599
6336,0.00141,74.125.24.0-255,2902,60464,69,260599
6337,0.001414,172.31.40.0-255,66,60530,69,260599
6338,0.001418,74.125.24.0-255,1484,62014,69,260599
6339,0.001442,74.125.24.0-255,4320,66334,69,260599
6340,0.001445,172.31.40.0-255,66,66400,69,260599
6341,0.001451,74.125.24.0-255,5738,72138,69,260599
6342,0.001453,172.31.40.0-255,66,72204,69,260599
6343,0.00148,74.125.24.0-255,7156,79360,69,260599
6344,0.001483,172.31.40.0-255,66,79426,69,260599
6345,0.001518,172.31.40.0-255,66,79492,69,260599
6346,0.001534,74.125.24.0-255,2184,81676,69,260599
6347,0.001536,172.31.40.0-255,66,81742,69,260599
6348,0.00154,74.125.24.0-255,1484,83226,69,260599
6349,0.001543,74.125.24.0-255,1484,84710,69,260599
6350,0.001545,172.31.40.0-255,66,84776,69,260599
6351,0.00156,74.125.24.0-255,1484,86260,69,260599
6352,0.001567,74.125.24.0-255,5738,91998,69,260599
6353,0.001569,172.31.40.0-255,66,92064,69,260599
6354,0.001574,74.125.24.0-255,4320,96384,69,260599
6355,0.001576,172.31.40.0-255,66,96450,69,260599
6356,0.001613,172.31.40.0-255,66,96516,69,260599
6357,0.001617,74.125.24.0-255,2902,99418,69,260599
6358,0.001619,172.31.40.0-255,66,99484,69,260599
6359,0.001636,74.125.24.0-255,5020,104504,69,260599
6360,0.001639,172.31.40.0-255,66,104570,69,260599
6361,0.001686,74.125.24.0-255,2902,107472,69,260599
6362,0.00169,172.31.40.0-255,66,107538,69,260599
6363,0.001712,74.125.24.0-255,4320,111858,69,260599
6364,0.001715,172.31.40.0-255,66,111924,69,260599
6365,0.001745,172.31.40.0-255,66,111990,69,260599
6366,0.001753,74.125.24.0-255,7156,119146,69,260599
6367,0.001755,172.31.40.0-255,66,119212,69,260599
6368,0.001801,172.31.40.0-255,66,119278,69,260599
6369,0.001918,74.125.24.0-255,1484,120762,69,260599
6370,0.001923,74.125.24.0-255,2902,123664,69,260599
6371,0.001926,172.31.40.0-255,66,123730,69,260599
6372,0.001938,74.125.24.0-255,2902,126632,69,260599
6373,0.001941,172.31.40.0-255,66,126698,69,260599
6374,0.001956,74.125.24.0-255,2902,129600,69,260599
6375,0.001958,172.31.40.0-255,66,129666,69,260599
6376,0.001963,74.125.24.0-255,2902,132568,69,260599
6377,0.001964,172.31.40.0-255,66,132634,69,260599
6378,0.002008,172.31.40.0-255,66,132700,69,260599
6379,0.002019,172.31.40.0-255,66,132766,69,260599
6380,0.002022,74.125.24.0-255,766,133532,69,260599
6381,0.00218,74.125.24.0-255,1484,135016,69,260599
6382,0.002183,172.31.40.0-255,66,135082,69,260599
6383,0.002188,74.125.24.0-255,2902,137984,69,260599
6384,0.00219,172.31.40.0-255,66,138050,69,260599
6385,0.002216,74.125.24.0-255,5738,143788,69,260599
6386,0.002218,172.31.40.0-255,66,143854,69,260599
6387,0.002229,74.125.24.0-255,5738,149592,69,260599
6388,0.002231,172.31.40.0-255,66,149658,69,260599
6389,0.002263,74.125.24.0-255,7156,156814,69,260599
6390,0.002265,172.31.40.0-255,66,156880,69,260599
6391,0.002277,172.31.40.0-255,66,156946,69,260599
6392,0.002293,74.125.24.0-255,1484,158430,69,260599
6393,0.002319,172.31.40.0-255,66,158496,69,260599
6394,0.002349,172.31.40.0-255,66,158562,69,260599
6395,0.002357,172.31.40.0-255,66,158628,69,260599
6396,0.004645,74.125.24.0-255,5738,164366,69,260599
6397,0.004656,172.31.40.0-255,66,164432,69,260599
6398,0.006988,74.125.24.0-255,5738,170170,69,260599
6399,0.006994,172.31.40.0-255,66,170236,69,260599
6400,0.009293,74.125.24.0-255,5738,175974,69,260599
6401,0.0093,172.31.40.0-255,66,176040,69,260599
6402,0.011611,74.125.24.0-255,5738,181778,69,260599
6403,0.011626,172.31.40.0-255,66,181844,69,260599
6404,0.013938,74.125.24.0-255,5738,187582,69,260599
6405,0.013951,172.31.40.0-255,66,187648,69,260599
6406,0.016262,74.125.24.0-255,5738,193386,69,260599
6407,0.016276,172.31.40.0-255,66,193452,69,260599
6408,0.018594,74.125.24.0-255,5738,199190,69,260599
6409,0.018608,172.31.40.0-255,66,199256,69,260599
6410,0.020911,74.125.24.0-255,5738,204994,69,260599
6411,0.020919,172.31.40.0-255,66,205060,69,260599
6412,0.023252,74.125.24.0-255,5738,210798,69,260599
6413,0.023259,172.31.40.0-255,66,210864,69,260599
6414,0.025571,74.125.24.0-255,5738,216602,69,260599
6415,0.025583,172.31.40.0-255,66,216668,69,260599
6416,0.027894,74.125.24.0-255,5738,222406,69,260599
6417,0.027907,172.31.40.0-255,66,222472,69,260599
6418,0.030203,74.125.24.0-255,5738,228210,69,260599
6419,0.030212,172.31.40.0-255,66,228276,69,260599
6420,0.032535,74.125.24.0-255,5738,234014,69,260599
6421,0.032547,172.31.40.0-255,66,234080,69,260599
6422,0.034868,74.125.24.0-255,5738,239818,69,260599
6423,0.03488,172.31.40.0-255,66,239884,69,260599
6424,0.036984,172.31.40.0-255,172,240056,69,260599
6425,0.037017,172.31.40.0-255,1116,241172,69,260599
6426,0.037082,172.31.40.0-255,1514,242686,69,260599
6427,0.037084,172.31.40.0-255,1514,244200,69,260599
6428,0.037085,172.31.40.0-255,1514,245714,69,260599
6429,0.037086,172.31.40.0-255,1514,247228,69,260599
6430,0.037115,172.31.40.0-255,1499,248727,69,260599
6431,0.037196,74.125.24.0-255,5738,254465,69,260599
6432,0.037202,172.31.40.0-255,66,254531,69,260599
6433,0.038533,104.244.42.0-255,66,254597,69,260599
6434,0.038585,104.244.42.0-255,66,254663,69,260599
6435,0.038648,104.244.42.0-255,66,254729,69,260599
6436,0.038719,104.244.42.0-255,66,254795,69,260599
6437,0.039513,74.125.24.0-255,5738,260533,69,260599
6438,0.039524,172.31.40.0-255,66,260599,69,260599
6439,0.0,172.217.194.0-255,153,153,69,246993
6440,1.6e-05,172.31.40.0-255,66,219,69,246993
6441,2.3e-05,172.217.194.0-255,1484,1703,69,246993
6442,2.8e-05,172.31.40.0-255,66,1769,69,246993
6443,6.3e-05,172.217.194.0-255,2902,4671,69,246993
6444,6.6e-05,172.31.40.0-255,66,4737,69,246993
6445,7.8e-05,172.217.194.0-255,7156,11893,69,246993
6446,8.1e-05,172.31.40.0-255,66,11959,69,246993
6447,8.5e-05,172.217.194.0-255,2057,14016,69,246993
6448,8.8e-05,172.31.40.0-255,66,14082,69,246993
6449,9.3e-05,172.217.194.0-255,2902,16984,69,246993
6450,9.6e-05,172.31.40.0-255,66,17050,69,246993
6451,0.000103,172.217.194.0-255,7156,24206,69,246993
6452,0.000105,172.31.40.0-255,66,24272,69,246993
6453,0.000147,172.217.194.0-255,6797,31069,69,246993
6454,0.000151,172.31.40.0-255,66,31135,69,246993
6455,0.000295,172.217.194.0-255,1484,32619,69,246993
6456,0.0003,172.31.40.0-255,66,32685,69,246993
6457,0.000308,172.217.194.0-255,2902,35587,69,246993
6458,0.00031,172.31.40.0-255,66,35653,69,246993
6459,0.000316,172.217.194.0-255,2902,38555,69,246993
6460,0.000318,172.31.40.0-255,66,38621,69,246993
6461,0.000349,172.217.194.0-255,2902,41523,69,246993
6462,0.000351,172.31.40.0-255,66,41589,69,246993
6463,0.000357,172.217.194.0-255,4320,45909,69,246993
6464,0.000359,172.31.40.0-255,66,45975,69,246993
6465,0.000381,172.217.194.0-255,2543,48518,69,246993
6466,0.000384,172.31.40.0-255,66,48584,69,246993
6467,0.000388,172.217.194.0-255,2902,51486,69,246993
6468,0.00039,172.31.40.0-255,66,51552,69,246993
6469,0.000401,172.217.194.0-255,7156,58708,69,246993
6470,0.000404,172.31.40.0-255,66,58774,69,246993
6471,0.000439,172.217.194.0-255,6797,65571,69,246993
6472,0.000442,172.31.40.0-255,66,65637,69,246993
6473,0.001419,172.217.194.0-255,646,66283,69,246993
6474,0.00159,172.217.194.0-255,1484,67767,69,246993
6475,0.001597,172.31.40.0-255,66,67833,69,246993
6476,0.001603,172.217.194.0-255,2902,70735,69,246993
6477,0.001606,172.31.40.0-255,66,70801,69,246993
6478,0.001617,172.217.194.0-255,5738,76539,69,246993
6479,0.001619,172.31.40.0-255,66,76605,69,246993
6480,0.001622,172.217.194.0-255,1484,78089,69,246993
6481,0.001674,172.31.40.0-255,66,78155,69,246993
6482,0.001686,172.31.40.0-255,66,78221,69,246993
6483,0.001785,172.217.194.0-255,1484,79705,69,246993
6484,0.001791,172.217.194.0-255,2902,82607,69,246993
6485,0.001794,172.31.40.0-255,66,82673,69,246993
6486,0.001831,172.217.194.0-255,5738,88411,69,246993
6487,0.001833,172.31.40.0-255,66,88477,69,246993
6488,0.001842,172.217.194.0-255,7156,95633,69,246993
6489,0.001844,172.31.40.0-255,66,95699,69,246993
6490,0.001867,172.217.194.0-255,5738,101437,69,246993
6491,0.001873,172.31.40.0-255,66,101503,69,246993
6492,0.001886,172.31.40.0-255,66,101569,69,246993
6493,0.001891,172.217.194.0-255,2902,104471,69,246993
6494,0.001893,172.31.40.0-255,66,104537,69,246993
6495,0.001923,172.217.194.0-255,1484,106021,69,246993
6496,0.00193,172.217.194.0-255,5738,111759,69,246993
6497,0.001937,172.31.40.0-255,66,111825,69,246993
6498,0.001952,172.31.40.0-255,66,111891,69,246993
6499,0.001965,172.31.40.0-255,66,111957,69,246993
6500,0.001996,172.217.194.0-255,1484,113441,69,246993
6501,0.002008,172.217.194.0-255,2902,116343,69,246993
6502,0.002011,172.31.40.0-255,66,116409,69,246993
6503,0.002027,172.217.194.0-255,2902,119311,69,246993
6504,0.002033,172.31.40.0-255,66,119377,69,246993
6505,0.002057,172.217.194.0-255,2902,122279,69,246993
6506,0.002059,172.31.40.0-255,66,122345,69,246993
6507,0.002074,172.31.40.0-255,66,122411,69,246993
6508,0.002082,172.217.194.0-255,2902,125313,69,246993
6509,0.002084,172.31.40.0-255,66,125379,69,246993
6510,0.002122,172.31.40.0-255,66,125445,69,246993
6511,0.002157,172.217.194.0-255,1484,126929,69,246993
6512,0.002163,172.217.194.0-255,2902,129831,69,246993
6513,0.002165,172.31.40.0-255,66,129897,69,246993
6514,0.002171,172.217.194.0-255,4320,134217,69,246993
6515,0.002173,172.31.40.0-255,66,134283,69,246993
6516,0.002204,172.217.194.0-255,1484,135767,69,246993
6517,0.002219,172.31.40.0-255,66,135833,69,246993
6518,0.002232,172.31.40.0-255,66,135899,69,246993
6519,0.002258,172.217.194.0-255,766,136665,69,246993
6520,0.002293,172.217.194.0-255,1484,138149,69,246993
6521,0.002296,172.31.40.0-255,66,138215,69,246993
6522,0.0023,172.217.194.0-255,1484,139699,69,246993
6523,0.002315,172.217.194.0-255,1484,141183,69,246993
6524,0.002321,172.31.40.0-255,66,141249,69,246993
6525,0.002328,172.217.194.0-255,5738,146987,69,246993
6526,0.002331,172.31.40.0-255,66,147053,69,246993
6527,0.002381,172.31.40.0-255,66,147119,69,246993
6528,0.002394,172.31.40.0-255,66,147185,69,246993
6529,0.002485,172.31.40.0-255,66,147251,69,246993
6530,0.002497,172.31.40.0-255,66,147317,69,246993
6531,0.002502,172.217.194.0-255,4320,151637,69,246993
6532,0.002504,172.31.40.0-255,66,151703,69,246993
6533,0.002555,172.31.40.0-255,66,151769,69,246993
6534,0.002566,172.31.40.0-255,66,151835,69,246993
6535,0.005043,172.217.194.0-255,4320,156155,69,246993
6536,0.005047,172.31.40.0-255,66,156221,69,246993
6537,0.00507,172.217.194.0-255,1484,157705,69,246993
6538,0.007542,172.217.194.0-255,4320,162025,69,246993
6539,0.00755,172.31.40.0-255,66,162091,69,246993
6540,0.009544,172.31.40.0-255,101,162192,69,246993
6541,0.010045,172.217.194.0-255,5738,167930,69,246993
6542,0.010051,172.31.40.0-255,66,167996,69,246993
6543,0.01198,172.217.194.0-255,66,168062,69,246993
6544,0.01253,172.217.194.0-255,5738,173800,69,246993
6545,0.012537,172.31.40.0-255,66,173866,69,246993
6546,0.015046,172.217.194.0-255,5738,179604,69,246993
6547,0.015053,172.31.40.0-255,66,179670,69,246993
6548,0.01754,172.217.194.0-255,5738,185408,69,246993
6549,0.017551,172.31.40.0-255,66,185474,69,246993
6550,0.020063,172.217.194.0-255,5738,191212,69,246993
6551,0.020072,172.31.40.0-255,66,191278,69,246993
6552,0.022547,172.217.194.0-255,5738,197016,69,246993
6553,0.022553,172.31.40.0-255,66,197082,69,246993
6554,0.02504,172.217.194.0-255,5738,202820,69,246993
6555,0.025047,172.31.40.0-255,66,202886,69,246993
6556,0.027538,172.217.194.0-255,5738,208624,69,246993
6557,0.027547,172.31.40.0-255,66,208690,69,246993
6558,0.030025,172.217.194.0-255,5738,214428,69,246993
6559,0.030032,172.31.40.0-255,66,214494,69,246993
6560,0.032522,172.217.194.0-255,5738,220232,69,246993
6561,0.032533,172.31.40.0-255,66,220298,69,246993
6562,0.035017,172.217.194.0-255,5738,226036,69,246993
6563,0.035026,172.31.40.0-255,66,226102,69,246993
6564,0.037506,172.217.194.0-255,5738,231840,69,246993
6565,0.037513,172.31.40.0-255,66,231906,69,246993
6566,0.037521,172.31.40.0-255,172,232078,69,246993
6567,0.03757,172.31.40.0-255,1112,233190,69,246993
6568,0.037688,172.31.40.0-255,1514,234704,69,246993
6569,0.037691,172.31.40.0-255,1514,236218,69,246993
6570,0.037692,172.31.40.0-255,1514,237732,69,246993
6571,0.037693,172.31.40.0-255,1514,239246,69,246993
6572,0.037723,172.31.40.0-255,1505,240751,69,246993
6573,0.039147,104.244.42.0-255,66,240817,69,246993
6574,0.03917,104.244.42.0-255,66,240883,69,246993
6575,0.039331,104.244.42.0-255,66,240949,69,246993
6576,0.039361,104.244.42.0-255,66,241015,69,246993
6577,0.039896,104.244.42.0-255,108,241123,69,246993
6578,0.039903,172.31.40.0-255,66,241189,69,246993
6579,0.039994,172.217.194.0-255,5738,246927,69,246993
6580,0.039998,172.31.40.0-255,66,246993,69,246993
6581,0.0,172.31.40.0-255,105,105,69,276
6582,0.00185,157.240.7.0-255,105,210,69,276
6583,0.001864,172.31.40.0-255,66,276,69,276
6584,0.0,74.125.24.0-255,146,146,69,230888
6585,2.2e-05,172.31.40.0-255,66,212,69,230888
6586,2.9e-05,74.125.24.0-255,1484,1696,69,230888
6587,3.3e-05,172.31.40.0-255,66,1762,69,230888
6588,3.9e-05,74.125.24.0-255,2902,4664,69,230888
6589,4.2e-05,172.31.40.0-255,66,4730,69,230888
6590,4.9e-05,74.125.24.0-255,7156,11886,69,230888
6591,5.2e-05,172.31.40.0-255,66,11952,69,230888
6592,5.5e-05,74.125.24.0-255,1484,13436,69,230888
6593,5.7e-05,172.31.40.0-255,66,13502,69,230888
6594,7.9e-05,74.125.24.0-255,646,14148,69,230888
6595,8.1e-05,172.31.40.0-255,66,14214,69,230888
6596,0.000526,74.125.24.0-255,1484,15698,69,230888
6597,0.000532,172.31.40.0-255,66,15764,69,230888
6598,0.00054,74.125.24.0-255,2902,18666,69,230888
6599,0.000543,172.31.40.0-255,66,18732,69,230888
6600,0.000548,74.125.24.0-255,2902,21634,69,230888
6601,0.000549,172.31.40.0-255,66,21700,69,230888
6602,0.000578,74.125.24.0-255,7156,28856,69,230888
6603,0.00058,172.31.40.0-255,66,28922,69,230888
6604,0.0006,74.125.24.0-255,2543,31465,69,230888
6605,0.000604,172.31.40.0-255,66,31531,69,230888
6606,0.000635,74.125.24.0-255,2902,34433,69,230888
6607,0.000637,172.31.40.0-255,66,34499,69,230888
6608,0.000657,74.125.24.0-255,2902,37401,69,230888
6609,0.00066,172.31.40.0-255,66,37467,69,230888
6610,0.00068,74.125.24.0-255,2902,40369,69,230888
6611,0.000682,172.31.40.0-255,66,40435,69,230888
6612,0.000687,74.125.24.0-255,2902,43337,69,230888
6613,0.000689,172.31.40.0-255,66,43403,69,230888
6614,0.000708,74.125.24.0-255,4320,47723,69,230888
6615,0.000711,172.31.40.0-255,66,47789,69,230888
6616,0.000714,74.125.24.0-255,1125,48914,69,230888
6617,0.000764,74.125.24.0-255,1484,50398,69,230888
6618,0.000769,172.31.40.0-255,66,50464,69,230888
6619,0.000773,74.125.24.0-255,1484,51948,69,230888
6620,0.000789,74.125.24.0-255,1484,53432,69,230888
6621,0.000792,172.31.40.0-255,66,53498,69,230888
6622,0.000798,74.125.24.0-255,4320,57818,69,230888
6623,0.0008,172.31.40.0-255,66,57884,69,230888
6624,0.00082,74.125.24.0-255,1484,59368,69,230888
6625,0.000825,74.125.24.0-255,2902,62270,69,230888
6626,0.000827,172.31.40.0-255,66,62336,69,230888
6627,0.000866,74.125.24.0-255,3961,66297,69,230888
6628,0.000869,172.31.40.0-255,66,66363,69,230888
6629,0.000887,74.125.24.0-255,411,66774,69,230888
6630,0.000938,74.125.24.0-255,331,67105,69,230888
6631,0.001431,74.125.24.0-255,1484,68589,69,230888
6632,0.001438,172.31.40.0-255,66,68655,69,230888
6633,0.001445,74.125.24.0-255,2902,71557,69,230888
6634,0.001448,172.31.40.0-255,66,71623,69,230888
6635,0.001455,74.125.24.0-255,5738,77361,69,230888
6636,0.001457,172.31.40.0-255,66,77427,69,230888
6637,0.001488,74.125.24.0-255,7156,84583,69,230888
6638,0.001491,172.31.40.0-255,66,84649,69,230888
6639,0.001499,74.125.24.0-255,7156,91805,69,230888
6640,0.001501,172.31.40.0-255,66,91871,69,230888
6641,0.001525,74.125.24.0-255,1484,93355,69,230888
6642,0.001536,172.31.40.0-255,66,93421,69,230888
6643,0.00157,74.125.24.0-255,1484,94905,69,230888
6644,0.001573,74.125.24.0-255,1484,96389,69,230888
6645,0.001575,172.31.40.0-255,66,96455,69,230888
6646,0.001593,74.125.24.0-255,1484,97939,69,230888
6647,0.001598,74.125.24.0-255,4320,102259,69,230888
6648,0.0016,172.31.40.0-255,66,102325,69,230888
6649,0.001616,74.125.24.0-255,1484,103809,69,230888
6650,0.001621,74.125.24.0-255,5738,109547,69,230888
6651,0.001624,172.31.40.0-255,66,109613,69,230888
6652,0.001656,74.125.24.0-255,7156,116769,69,230888
6653,0.001659,172.31.40.0-255,66,116835,69,230888
6654,0.001672,172.31.40.0-255,66,116901,69,230888
6655,0.001674,74.125.24.0-255,766,117667,69,230888
6656,0.002269,74.125.24.0-255,1484,119151,69,230888
6657,0.002272,172.31.40.0-255,66,119217,69,230888
6658,0.002278,74.125.24.0-255,2902,122119,69,230888
6659,0.002281,172.31.40.0-255,66,122185,69,230888
6660,0.002283,74.125.24.0-255,1484,123669,69,230888
6661,0.002297,74.125.24.0-255,4320,127989,69,230888
6662,0.002527,74.125.24.0-255,1484,129473,69,230888
6663,0.002544,74.125.24.0-255,2902,132375,69,230888
6664,0.00256,74.125.24.0-255,5738,138113,69,230888
6665,0.002567,74.125.24.0-255,5738,143851,69,230888
6666,0.002581,74.125.24.0-255,1484,145335,69,230888
6667,0.002611,74.125.24.0-255,2902,148237,69,230888
6668,0.002614,74.125.24.0-255,1484,149721,69,230888
6669,0.002632,74.125.24.0-255,3602,153323,69,230888
6670,0.003831,172.31.40.0-255,66,153389,69,230888
6671,0.006399,74.125.24.0-255,5738,159127,69,230888
6672,0.006406,172.31.40.0-255,66,159193,69,230888
6673,0.008989,74.125.24.0-255,5738,164931,69,230888
6674,0.008997,172.31.40.0-255,66,164997,69,230888
6675,0.011605,74.125.24.0-255,5738,170735,69,230888
6676,0.011613,172.31.40.0-255,66,170801,69,230888
6677,0.014204,74.125.24.0-255,5738,176539,69,230888
6678,0.014214,172.31.40.0-255,66,176605,69,230888
6679,0.016801,74.125.24.0-255,5738,182343,69,230888
6680,0.01681,172.31.40.0-255,66,182409,69,230888
6681,0.019378,74.125.24.0-255,5738,188147,69,230888
6682,0.019385,172.31.40.0-255,66,188213,69,230888
6683,0.021977,74.125.24.0-255,5738,193951,69,230888
6684,0.021984,172.31.40.0-255,66,194017,69,230888
6685,0.024557,74.125.24.0-255,5738,199755,69,230888
6686,0.024565,172.31.40.0-255,66,199821,69,230888
6687,0.027165,74.125.24.0-255,5738,205559,69,230888
6688,0.027172,172.31.40.0-255,66,205625,69,230888
6689,0.029754,74.125.24.0-255,5738,211363,69,230888
6690,0.029762,172.31.40.0-255,66,211429,69,230888
6691,0.032322,172.31.40.0-255,172,211601,69,230888
6692,0.032351,74.125.24.0-255,5738,217339,69,230888
6693,0.032357,172.31.40.0-255,66,217405,69,230888
6694,0.032366,172.31.40.0-255,1114,218519,69,230888
6695,0.032483,172.31.40.0-255,563,219082,69,230888
6696,0.033865,104.244.42.0-255,66,219148,69,230888
6697,0.033968,104.244.42.0-255,66,219214,69,230888
6698,0.034022,104.244.42.0-255,66,219280,69,230888
6699,0.034938,74.125.24.0-255,5738,225018,69,230888
6700,0.034957,172.31.40.0-255,66,225084,69,230888
6701,0.037556,74.125.24.0-255,5738,230822,69,230888
6702,0.037563,172.31.40.0-255,66,230888,69,230888
6703,0.0,74.125.200.0-255,153,153,69,186779
6704,1.5e-05,172.31.40.0-255,66,219,69,186779
6705,2.2e-05,74.125.200.0-255,1484,1703,69,186779
6706,2.6e-05,172.31.40.0-255,66,1769,69,186779
6707,5.4e-05,74.125.200.0-255,2902,4671,69,186779
6708,5.7e-05,172.31.40.0-255,66,4737,69,186779
6709,6.3e-05,74.125.200.0-255,5738,10475,69,186779
6710,6.6e-05,172.31.40.0-255,66,10541,69,186779
6711,0.000109,74.125.200.0-255,2902,13443,69,186779
6712,0.000112,172.31.40.0-255,66,13509,69,186779
6713,0.000126,74.125.200.0-255,658,14167,69,186779
6714,0.000128,172.31.40.0-255,66,14233,69,186779
6715,0.00044,74.125.200.0-255,1484,15717,69,186779
6716,0.000446,172.31.40.0-255,66,15783,69,186779
6717,0.000454,74.125.200.0-255,2902,18685,69,186779
6718,0.000456,172.31.40.0-255,66,18751,69,186779
6719,0.000483,74.125.200.0-255,5738,24489,69,186779
6720,0.000485,172.31.40.0-255,66,24555,69,186779
6721,0.000521,74.125.200.0-255,1484,26039,69,186779
6722,0.000524,172.31.40.0-255,66,26105,69,186779
6723,0.000548,74.125.200.0-255,4320,30425,69,186779
6724,0.000551,172.31.40.0-255,66,30491,69,186779
6725,0.000581,74.125.200.0-255,1125,31616,69,186779
6726,0.000583,172.31.40.0-255,66,31682,69,186779
6727,0.000746,74.125.200.0-255,1484,33166,69,186779
6728,0.00075,172.31.40.0-255,66,33232,69,186779
6729,0.000756,74.125.200.0-255,2902,36134,69,186779
6730,0.000759,172.31.40.0-255,66,36200,69,186779
6731,0.00079,74.125.200.0-255,5738,41938,69,186779
6732,0.000794,172.31.40.0-255,66,42004,69,186779
6733,0.000814,74.125.200.0-255,4320,46324,69,186779
6734,0.000817,172.31.40.0-255,66,46390,69,186779
6735,0.000838,74.125.200.0-255,3961,50351,69,186779
6736,0.000891,74.125.200.0-255,4320,54671,69,186779
6737,0.000908,74.125.200.0-255,4320,58991,69,186779
6738,0.000979,74.125.200.0-255,4320,63311,69,186779
6739,0.000997,74.125.200.0-255,2543,65854,69,186779
6740,0.001484,74.125.200.0-255,394,66248,69,186779
6741,0.001536,74.125.200.0-255,348,66596,69,186779
6742,0.002027,74.125.200.0-255,1484,68080,69,186779
6743,0.002041,74.125.200.0-255,2902,70982,69,186779
6744,0.002062,74.125.200.0-255,5738,76720,69,186779
6745,0.002111,74.125.200.0-255,2902,79622,69,186779
6746,0.00213,74.125.200.0-255,4320,83942,69,186779
6747,0.002186,74.125.200.0-255,5738,89680,69,186779
6748,0.002201,74.125.200.0-255,5738,95418,69,186779
6749,0.002218,74.125.200.0-255,1484,96902,69,186779
6750,0.002301,74.125.200.0-255,1484,98386,69,186779
6751,0.002315,74.125.200.0-255,2184,100570,69,186779
6752,0.003477,172.31.40.0-255,66,100636,69,186779
6753,0.006228,74.125.200.0-255,5738,106374,69,186779
6754,0.006235,172.31.40.0-255,66,106440,69,186779
6755,0.008965,74.125.200.0-255,2902,109342,69,186779
6756,0.008972,172.31.40.0-255,66,109408,69,186779
6757,0.008992,74.125.200.0-255,2902,112310,69,186779
6758,0.009006,172.31.40.0-255,66,112376,69,186779
6759,0.011687,74.125.200.0-255,2902,115278,69,186779
6760,0.011695,172.31.40.0-255,66,115344,69,186779
6761,0.011717,74.125.200.0-255,2902,118246,69,186779
6762,0.011751,172.31.40.0-255,66,118312,69,186779
6763,0.014424,74.125.200.0-255,2902,121214,69,186779
6764,0.014435,172.31.40.0-255,66,121280,69,186779
6765,0.014463,74.125.200.0-255,2902,124182,69,186779
6766,0.014493,172.31.40.0-255,66,124248,69,186779
6767,0.017162,74.125.200.0-255,2902,127150,69,186779
6768,0.017169,172.31.40.0-255,66,127216,69,186779
6769,0.017204,74.125.200.0-255,1484,128700,69,186779
6770,0.017217,74.125.200.0-255,1484,130184,69,186779
6771,0.017829,172.31.40.0-255,66,130250,69,186779
6772,0.019896,74.125.200.0-255,2902,133152,69,186779
6773,0.019904,172.31.40.0-255,66,133218,69,186779
6774,0.020544,74.125.200.0-255,2902,136120,69,186779
6775,0.02055,172.31.40.0-255,66,136186,69,186779
6776,0.022629,74.125.200.0-255,2902,139088,69,186779
6777,0.022636,172.31.40.0-255,66,139154,69,186779
6778,0.023278,74.125.200.0-255,2902,142056,69,186779
6779,0.023284,172.31.40.0-255,66,142122,69,186779
6780,0.025364,74.125.200.0-255,2902,145024,69,186779
6781,0.02537,172.31.40.0-255,66,145090,69,186779
6782,0.026003,74.125.200.0-255,2902,147992,69,186779
6783,0.026009,172.31.40.0-255,66,148058,69,186779
6784,0.028089,74.125.200.0-255,2902,150960,69,186779
6785,0.028097,172.31.40.0-255,66,151026,69,186779
6786,0.028729,74.125.200.0-255,2902,153928,69,186779
6787,0.028736,172.31.40.0-255,66,153994,69,186779
6788,0.029461,172.31.40.0-255,172,154166,69,186779
6789,0.02949,172.31.40.0-255,1116,155282,69,186779
6790,0.02954,172.31.40.0-255,1514,156796,69,186779
6791,0.029542,172.31.40.0-255,1514,158310,69,186779
6792,0.029546,172.31.40.0-255,1514,159824,69,186779
6793,0.029548,172.31.40.0-255,1514,161338,69,186779
6794,0.029565,172.31.40.0-255,1499,162837,69,186779
6795,0.030814,74.125.200.0-255,2902,165739,69,186779
6796,0.030821,172.31.40.0-255,66,165805,69,186779
6797,0.031177,104.244.42.0-255,66,165871,69,186779
6798,0.031201,104.244.42.0-255,66,165937,69,186779
6799,0.031299,104.244.42.0-255,66,166003,69,186779
6800,0.031461,74.125.200.0-255,2902,168905,69,186779
6801,0.031466,172.31.40.0-255,66,168971,69,186779
6802,0.033556,74.125.200.0-255,2902,171873,69,186779
6803,0.033563,172.31.40.0-255,66,171939,69,186779
6804,0.034185,74.125.200.0-255,2902,174841,69,186779
6805,0.034192,172.31.40.0-255,66,174907,69,186779
6806,0.036293,74.125.200.0-255,2902,177809,69,186779
6807,0.0363,172.31.40.0-255,66,177875,69,186779
6808,0.036921,74.125.200.0-255,2902,180777,69,186779
6809,0.036928,172.31.40.0-255,66,180843,69,186779
6810,0.039029,74.125.200.0-255,2902,183745,69,186779
6811,0.039036,172.31.40.0-255,66,183811,69,186779
6812,0.039656,74.125.200.0-255,2902,186713,69,186779
6813,0.039664,172.31.40.0-255,66,186779,69,186779
6814,0.0,172.31.40.0-255,105,105,69,105
6815,0.0,74.125.200.0-255,152,152,69,369063
6816,2e-05,172.31.40.0-255,66,218,69,369063
6817,2.7e-05,74.125.200.0-255,1484,1702,69,369063
6818,3.1e-05,172.31.40.0-255,66,1768,69,369063
6819,3.8e-05,74.125.200.0-255,2902,4670,69,369063
6820,4.1e-05,172.31.40.0-255,66,4736,69,369063
6821,7.4e-05,74.125.200.0-255,7156,11892,69,369063
6822,7.6e-05,172.31.40.0-255,66,11958,69,369063
6823,8e-05,74.125.200.0-255,2055,14013,69,369063
6824,8.2e-05,172.31.40.0-255,66,14079,69,369063
6825,0.000118,74.125.200.0-255,2902,16981,69,369063
6826,0.000121,172.31.40.0-255,66,17047,69,369063
6827,0.000143,74.125.200.0-255,4320,21367,69,369063
6828,0.000145,172.31.40.0-255,66,21433,69,369063
6829,0.000148,74.125.200.0-255,1484,22917,69,369063
6830,0.000151,172.31.40.0-255,66,22983,69,369063
6831,0.000174,74.125.200.0-255,7156,30139,69,369063
6832,0.000176,172.31.40.0-255,66,30205,69,369063
6833,0.00018,74.125.200.0-255,1125,31330,69,369063
6834,0.000182,172.31.40.0-255,66,31396,69,369063
6835,0.000319,74.125.200.0-255,1484,32880,69,369063
6836,0.000322,172.31.40.0-255,66,32946,69,369063
6837,0.000328,74.125.200.0-255,2902,35848,69,369063
6838,0.000331,172.31.40.0-255,66,35914,69,369063
6839,0.000342,74.125.200.0-255,2902,38816,69,369063
6840,0.000344,172.31.40.0-255,66,38882,69,369063
6841,0.000367,74.125.200.0-255,2902,41784,69,369063
6842,0.00037,172.31.40.0-255,66,41850,69,369063
6843,0.000375,74.125.200.0-255,4320,46170,69,369063
6844,0.000376,172.31.40.0-255,66,46236,69,369063
6845,0.0004,74.125.200.0-255,4320,50556,69,369063
6846,0.000402,172.31.40.0-255,66,50622,69,369063
6847,0.000418,74.125.200.0-255,1125,51747,69,369063
6848,0.000422,74.125.200.0-255,1484,53231,69,369063
6849,0.000424,172.31.40.0-255,66,53297,69,369063
6850,0.000452,172.31.40.0-255,66,53363,69,369063
6851,0.000475,74.125.200.0-255,4315,57678,69,369063
6852,0.000477,172.31.40.0-255,66,57744,69,369063
6853,0.000494,74.125.200.0-255,332,58076,69,369063
6854,0.000788,74.125.200.0-255,1484,59560,69,369063
6855,0.000792,172.31.40.0-255,66,59626,69,369063
6856,0.000797,74.125.200.0-255,2902,62528,69,369063
6857,0.000799,172.31.40.0-255,66,62594,69,369063
6858,0.00081,74.125.200.0-255,1484,64078,69,369063
6859,0.000819,74.125.200.0-255,1484,65562,69,369063
6860,0.000821,172.31.40.0-255,66,65628,69,369063
6861,0.000834,74.125.200.0-255,2902,68530,69,369063
6862,0.000836,172.31.40.0-255,66,68596,69,369063
6863,0.000839,74.125.200.0-255,1484,70080,69,369063
6864,0.000841,74.125.200.0-255,1484,71564,69,369063
6865,0.000843,172.31.40.0-255,66,71630,69,369063
6866,0.000871,74.125.200.0-255,7156,78786,69,369063
6867,0.000873,172.31.40.0-255,66,78852,69,369063
6868,0.000903,172.31.40.0-255,66,78918,69,369063
6869,0.001064,74.125.200.0-255,1484,80402,69,369063
6870,0.001068,74.125.200.0-255,1484,81886,69,369063
6871,0.001071,172.31.40.0-255,66,81952,69,369063
6872,0.001091,74.125.200.0-255,1484,83436,69,369063
6873,0.001096,74.125.200.0-255,4320,87756,69,369063
6874,0.001098,172.31.40.0-255,66,87822,69,369063
6875,0.001119,74.125.200.0-255,5738,93560,69,369063
6876,0.001121,172.31.40.0-255,66,93626,69,369063
6877,0.001135,74.125.200.0-255,2902,96528,69,369063
6878,0.001138,172.31.40.0-255,66,96594,69,369063
6879,0.001143,74.125.200.0-255,5738,102332,69,369063
6880,0.001145,172.31.40.0-255,66,102398,69,369063
6881,0.001149,74.125.200.0-255,2902,105300,69,369063
6882,0.001151,172.31.40.0-255,66,105366,69,369063
6883,0.001173,74.125.200.0-255,4320,109686,69,369063
6884,0.001176,172.31.40.0-255,66,109752,69,369063
6885,0.001219,74.125.200.0-255,3602,113354,69,369063
6886,0.001222,172.31.40.0-255,66,113420,69,369063
6887,0.001239,74.125.200.0-255,1484,114904,69,369063
6888,0.00126,74.125.200.0-255,2902,117806,69,369063
6889,0.001264,172.31.40.0-255,66,117872,69,369063
6890,0.00129,74.125.200.0-255,5738,123610,69,369063
6891,0.001293,172.31.40.0-255,66,123676,69,369063
6892,0.001315,74.125.200.0-255,5738,129414,69,369063
6893,0.001319,172.31.40.0-255,66,129480,69,369063
6894,0.001333,74.125.200.0-255,1484,130964,69,369063
6895,0.001339,74.125.200.0-255,4320,135284,69,369063
6896,0.001342,172.31.40.0-255,66,135350,69,369063
6897,0.001363,74.125.200.0-255,1484,136834,69,369063
6898,0.001369,74.125.200.0-255,4320,141154,69,369063
6899,0.001372,172.31.40.0-255,66,141220,69,369063
6900,0.001393,74.125.200.0-255,2902,144122,69,369063
6901,0.001396,172.31.40.0-255,66,144188,69,369063
6902,0.0014,74.125.200.0-255,2902,147090,69,369063
6903,0.001402,172.31.40.0-255,66,147156,69,369063
6904,0.001415,74.125.200.0-255,766,147922,69,369063
6905,0.002035,172.31.40.0-255,66,147988,69,369063
6906,0.002168,74.125.200.0-255,1484,149472,69,369063
6907,0.002177,74.125.200.0-255,2902,152374,69,369063
6908,0.002181,172.31.40.0-255,66,152440,69,369063
6909,0.002185,74.125.200.0-255,1484,153924,69,369063
6910,0.002202,74.125.200.0-255,2902,156826,69,369063
6911,0.002204,172.31.40.0-255,66,156892,69,369063
6912,0.002207,74.125.200.0-255,1484,158376,69,369063
6913,0.002223,74.125.200.0-255,4320,162696,69,369063
6914,0.002225,172.31.40.0-255,66,162762,69,369063
6915,0.002245,74.125.200.0-255,5738,168500,69,369063
6916,0.002247,172.31.40.0-255,66,168566,69,369063
6917,0.002276,74.125.200.0-255,4320,172886,69,369063
6918,0.002278,172.31.40.0-255,66,172952,69,369063
6919,0.002297,74.125.200.0-255,5738,178690,69,369063
6920,0.002299,172.31.40.0-255,66,178756,69,369063
6921,0.002321,74.125.200.0-255,3602,182358,69,369063
6922,0.002324,172.31.40.0-255,66,182424,69,369063
6923,0.002378,74.125.200.0-255,1484,183908,69,369063
6924,0.002394,74.125.200.0-255,1484,185392,69,369063
6925,0.002397,172.31.40.0-255,66,185458,69,369063
6926,0.002402,74.125.200.0-255,2902,188360,69,369063
6927,0.002404,172.31.40.0-255,66,188426,69,369063
6928,0.002424,74.125.200.0-255,2902,191328,69,369063
6929,0.002426,172.31.40.0-255,66,191394,69,369063
6930,0.002445,74.125.200.0-255,5738,197132,69,369063
6931,0.002447,172.31.40.0-255,66,197198,69,369063
6932,0.002464,74.125.200.0-255,1484,198682,69,369063
6933,0.00249,74.125.200.0-255,7156,205838,69,369063
6934,0.002493,172.31.40.0-255,66,205904,69,369063
6935,0.002498,74.125.200.0-255,2902,208806,69,369063
6936,0.0025,172.31.40.0-255,66,208872,69,369063
6937,0.002503,74.125.200.0-255,1484,210356,69,369063
6938,0.002506,74.125.200.0-255,1484,211840,69,369063
6939,0.002508,172.31.40.0-255,66,211906,69,369063
6940,0.00253,74.125.200.0-255,5020,216926,69,369063
6941,0.002533,172.31.40.0-255,66,216992,69,369063
6942,0.002539,74.125.200.0-255,5738,222730,69,369063
6943,0.002541,172.31.40.0-255,66,222796,69,369063
6944,0.002544,74.125.200.0-255,1484,224280,69,369063
6945,0.002565,74.125.200.0-255,1484,225764,69,369063
6946,0.002567,172.31.40.0-255,66,225830,69,369063
6947,0.002604,74.125.200.0-255,1484,227314,69,369063
6948,0.002614,74.125.200.0-255,5738,233052,69,369063
6949,0.002617,172.31.40.0-255,66,233118,69,369063
6950,0.002623,74.125.200.0-255,4320,237438,69,369063
6951,0.002625,172.31.40.0-255,66,237504,69,369063
6952,0.002631,74.125.200.0-255,5738,243242,69,369063
6953,0.002633,172.31.40.0-255,66,243308,69,369063
6954,0.002668,172.31.40.0-255,66,243374,69,369063
6955,0.002723,74.125.200.0-255,1484,244858,69,369063
6956,0.00273,74.125.200.0-255,2902,247760,69,369063
6957,0.002733,172.31.40.0-255,66,247826,69,369063
6958,0.002754,74.125.200.0-255,2902,250728,69,369063
6959,0.002757,172.31.40.0-255,66,250794,69,369063
6960,0.002761,74.125.200.0-255,1484,252278,69,369063
6961,0.002781,74.125.200.0-255,2902,255180,69,369063
6962,0.002784,172.31.40.0-255,66,255246,69,369063
6963,0.002787,74.125.200.0-255,1484,256730,69,369063
6964,0.002802,74.125.200.0-255,1484,258214,69,369063
6965,0.002804,172.31.40.0-255,66,258280,69,369063
6966,0.002822,74.125.200.0-255,1484,259764,69,369063
6967,0.00286,74.125.200.0-255,4320,264084,69,369063
6968,0.002865,172.31.40.0-255,66,264150,69,369063
6969,0.002868,74.125.200.0-255,1484,265634,69,369063
6970,0.002873,74.125.200.0-255,2902,268536,69,369063
6971,0.002876,172.31.40.0-255,66,268602,69,369063
6972,0.00288,74.125.200.0-255,4320,272922,69,369063
6973,0.002883,172.31.40.0-255,66,272988,69,369063
6974,0.002889,74.125.200.0-255,5020,278008,69,369063
6975,0.002891,172.31.40.0-255,66,278074,69,369063
6976,0.002955,74.125.200.0-255,1484,279558,69,369063
6977,0.002969,74.125.200.0-255,2902,282460,69,369063
6978,0.002972,172.31.40.0-255,66,282526,69,369063
6979,0.002976,74.125.200.0-255,1484,284010,69,369063
6980,0.002995,74.125.200.0-255,4320,288330,69,369063
6981,0.00303,74.125.200.0-255,4320,292650,69,369063
6982,0.003044,74.125.200.0-255,2902,295552,69,369063
6983,0.003112,74.125.200.0-255,4320,299872,69,369063
6984,0.003129,74.125.200.0-255,7156,307028,69,369063
6985,0.003167,74.125.200.0-255,2902,309930,69,369063
6986,0.00317,74.125.200.0-255,766,310696,69,369063
6987,0.003204,74.125.200.0-255,5738,316434,69,369063
6988,0.003207,74.125.200.0-255,1484,317918,69,369063
6989,0.003217,74.125.200.0-255,1484,319402,69,369063
6990,0.003246,74.125.200.0-255,4320,323722,69,369063
6991,0.003267,74.125.200.0-255,7156,330878,69,369063
6992,0.003284,74.125.200.0-255,7156,338034,69,369063
6993,0.003306,74.125.200.0-255,5738,343772,69,369063
6994,0.00331,74.125.200.0-255,2184,345956,69,369063
6995,0.003323,74.125.200.0-255,2902,348858,69,369063
6996,0.003348,74.125.200.0-255,7156,356014,69,369063
6997,0.003362,74.125.200.0-255,3664,359678,69,369063
6998,0.003411,74.125.200.0-255,105,359783,69,369063
6999,0.006001,172.31.40.0-255,66,359849,69,369063
7000,0.007747,172.31.40.0-255,105,359954,69,369063
7001,0.010088,74.125.200.0-255,66,360020,69,369063
7002,0.036591,172.31.40.0-255,172,360192,69,369063
7003,0.036626,172.31.40.0-255,1116,361308,69,369063
7004,0.036711,172.31.40.0-255,1514,362822,69,369063
7005,0.036714,172.31.40.0-255,1514,364336,69,369063
7006,0.036715,172.31.40.0-255,1514,365850,69,369063
7007,0.036716,172.31.40.0-255,1514,367364,69,369063
7008,0.036746,172.31.40.0-255,1501,368865,69,369063
7009,0.038194,104.244.42.0-255,66,368931,69,369063
7010,0.038225,104.244.42.0-255,66,368997,69,369063
7011,0.038368,104.244.42.0-255,66,369063,69,369063
7012,0.0,74.125.24.0-255,150,150,69,180313
7013,2.4e-05,172.31.40.0-255,66,216,69,180313
7014,3.1e-05,74.125.24.0-255,1484,1700,69,180313
7015,3.5e-05,172.31.40.0-255,66,1766,69,180313
7016,4.1e-05,74.125.24.0-255,2902,4668,69,180313
7017,4.4e-05,172.31.40.0-255,66,4734,69,180313
7018,5.3e-05,74.125.24.0-255,7156,11890,69,180313
7019,5.6e-05,172.31.40.0-255,66,11956,69,180313
7020,6.7e-05,172.31.40.0-255,66,12022,69,180313
7021,0.000107,172.31.40.0-255,66,12088,69,180313
7022,0.000144,74.125.24.0-255,1484,13572,69,180313
7023,0.000146,172.31.40.0-255,66,13638,69,180313
7024,0.000167,74.125.24.0-255,2902,16540,69,180313
7025,0.000169,172.31.40.0-255,66,16606,69,180313
7026,0.000175,74.125.24.0-255,5738,22344,69,180313
7027,0.000177,172.31.40.0-255,66,22410,69,180313
7028,0.000197,172.31.40.0-255,66,22476,69,180313
7029,0.000244,172.31.40.0-255,66,22542,69,180313
7030,0.000478,74.125.24.0-255,132,22674,69,180313
7031,0.000484,172.31.40.0-255,66,22740,69,180313
7032,0.000586,74.125.24.0-255,1484,24224,69,180313
7033,0.00059,172.31.40.0-255,66,24290,69,180313
7034,0.000596,74.125.24.0-255,2902,27192,69,180313
7035,0.000598,172.31.40.0-255,66,27258,69,180313
7036,0.00061,74.125.24.0-255,1484,28742,69,180313
7037,0.000612,172.31.40.0-255,66,28808,69,180313
7038,0.000635,74.125.24.0-255,4320,33128,69,180313
7039,0.000639,172.31.40.0-255,66,33194,69,180313
7040,0.000659,74.125.24.0-255,6797,39991,69,180313
7041,0.000662,172.31.40.0-255,66,40057,69,180313
7042,0.000669,74.125.24.0-255,7156,47213,69,180313
7043,0.000671,172.31.40.0-255,66,47279,69,180313
7044,0.000702,74.125.24.0-255,4320,51599,69,180313
7045,0.000705,172.31.40.0-255,66,51665,69,180313
7046,0.000728,74.125.24.0-255,5379,57044,69,180313
7047,0.000733,172.31.40.0-255,66,57110,69,180313
7048,0.001978,74.125.24.0-255,1484,58594,69,180313
7049,0.00199,74.125.24.0-255,2902,61496,69,180313
7050,0.001995,172.31.40.0-255,66,61562,69,180313
7051,0.002004,74.125.24.0-255,5738,67300,69,180313
7052,0.002006,172.31.40.0-255,66,67366,69,180313
7053,0.002034,172.31.40.0-255,66,67432,69,180313
7054,0.002077,74.125.24.0-255,4320,71752,69,180313
7055,0.002079,172.31.40.0-255,66,71818,69,180313
7056,0.002104,74.125.24.0-255,6438,78256,69,180313
7057,0.002107,172.31.40.0-255,66,78322,69,180313
7058,0.004378,74.125.24.0-255,5738,84060,69,180313
7059,0.004381,172.31.40.0-255,66,84126,69,180313
7060,0.006641,74.125.24.0-255,5738,89864,69,180313
7061,0.006646,172.31.40.0-255,66,89930,69,180313
7062,0.008877,74.125.24.0-255,5738,95668,69,180313
7063,0.008888,172.31.40.0-255,66,95734,69,180313
7064,0.011113,74.125.24.0-255,5738,101472,69,180313
7065,0.011128,172.31.40.0-255,66,101538,69,180313
7066,0.013351,74.125.24.0-255,5738,107276,69,180313
7067,0.013363,172.31.40.0-255,66,107342,69,180313
7068,0.015625,74.125.24.0-255,5738,113080,69,180313
7069,0.015639,172.31.40.0-255,66,113146,69,180313
7070,0.017866,74.125.24.0-255,5738,118884,69,180313
7071,0.017877,172.31.40.0-255,66,118950,69,180313
7072,0.020089,74.125.24.0-255,5738,124688,69,180313
7073,0.020098,172.31.40.0-255,66,124754,69,180313
7074,0.022337,74.125.24.0-255,5738,130492,69,180313
7075,0.022345,172.31.40.0-255,66,130558,69,180313
7076,0.024608,74.125.24.0-255,5738,136296,69,180313
7077,0.024618,172.31.40.0-255,66,136362,69,180313
7078,0.026853,74.125.24.0-255,5738,142100,69,180313
7079,0.026866,172.31.40.0-255,66,142166,69,180313
7080,0.029097,74.125.24.0-255,5738,147904,69,180313
7081,0.029109,172.31.40.0-255,66,147970,69,180313
7082,0.031326,74.125.24.0-255,5738,153708,69,180313
7083,0.031335,172.31.40.0-255,66,153774,69,180313
7084,0.032585,172.31.40.0-255,192,153966,69,180313
7085,0.032617,172.31.40.0-255,1116,155082,69,180313
7086,0.032692,172.31.40.0-255,1514,156596,69,180313
7087,0.032694,172.31.40.0-255,1514,158110,69,180313
7088,0.032699,172.31.40.0-255,1514,159624,69,180313
7089,0.032701,172.31.40.0-255,1514,161138,69,180313
7090,0.03272,172.31.40.0-255,1499,162637,69,180313
7091,0.033568,74.125.24.0-255,5738,168375,69,180313
7092,0.033576,172.31.40.0-255,66,168441,69,180313
7093,0.034169,104.244.42.0-255,66,168507,69,180313
7094,0.034178,104.244.42.0-255,66,168573,69,180313
7095,0.034298,104.244.42.0-255,66,168639,69,180313
7096,0.034339,104.244.42.0-255,66,168705,69,180313
7097,0.035807,74.125.24.0-255,5738,174443,69,180313
7098,0.035815,172.31.40.0-255,66,174509,69,180313
7099,0.038035,74.125.24.0-255,5738,180247,69,180313
7100,0.038043,172.31.40.0-255,66,180313,69,180313
7101,0.0,74.125.24.0-255,152,152,69,240512
7102,1.3e-05,172.31.40.0-255,66,218,69,240512
7103,1.9e-05,74.125.24.0-255,1484,1702,69,240512
7104,2.3e-05,172.31.40.0-255,66,1768,69,240512
7105,2.8e-05,74.125.24.0-255,2902,4670,69,240512
7106,3.1e-05,172.31.40.0-255,66,4736,69,240512
7107,3.6e-05,74.125.24.0-255,4320,9056,69,240512
7108,3.9e-05,172.31.40.0-255,66,9122,69,240512
7109,6.1e-05,74.125.24.0-255,2902,12024,69,240512
7110,6.3e-05,172.31.40.0-255,66,12090,69,240512
7111,8.4e-05,74.125.24.0-255,4320,16410,69,240512
7112,8.6e-05,172.31.40.0-255,66,16476,69,240512
7113,0.000108,74.125.24.0-255,6344,22820,69,240512
7114,0.00011,172.31.40.0-255,66,22886,69,240512
7115,0.000122,74.125.24.0-255,4320,27206,69,240512
7116,0.000124,172.31.40.0-255,66,27272,69,240512
7117,0.000142,74.125.24.0-255,3961,31233,69,240512
7118,0.000144,172.31.40.0-255,66,31299,69,240512
7119,0.000191,74.125.24.0-255,1484,32783,69,240512
7120,0.000194,172.31.40.0-255,66,32849,69,240512
7121,0.000198,74.125.24.0-255,2902,35751,69,240512
7122,0.000201,172.31.40.0-255,66,35817,69,240512
7123,0.000213,74.125.24.0-255,1484,37301,69,240512
7124,0.000215,172.31.40.0-255,66,37367,69,240512
7125,0.00023,74.125.24.0-255,4320,41687,69,240512
7126,0.000232,172.31.40.0-255,66,41753,69,240512
7127,0.000237,74.125.24.0-255,4320,46073,69,240512
7128,0.000239,172.31.40.0-255,66,46139,69,240512
7129,0.00026,74.125.24.0-255,1484,47623,69,240512
7130,0.000262,172.31.40.0-255,66,47689,69,240512
7131,0.000265,74.125.24.0-255,1125,48814,69,240512
7132,0.000267,172.31.40.0-255,66,48880,69,240512
7133,0.000841,74.125.24.0-255,1484,50364,69,240512
7134,0.00085,74.125.24.0-255,2902,53266,69,240512
7135,0.000854,172.31.40.0-255,66,53332,69,240512
7136,0.000858,74.125.24.0-255,1484,54816,69,240512
7137,0.000878,74.125.24.0-255,4320,59136,69,240512
7138,0.000881,172.31.40.0-255,66,59202,69,240512
7139,0.000887,74.125.24.0-255,6797,65999,69,240512
7140,0.00089,172.31.40.0-255,66,66065,69,240512
7141,0.001638,74.125.24.0-255,1484,67549,69,240512
7142,0.001654,74.125.24.0-255,2902,70451,69,240512
7143,0.001658,172.31.40.0-255,66,70517,69,240512
7144,0.001676,74.125.24.0-255,4320,74837,69,240512
7145,0.001679,172.31.40.0-255,66,74903,69,240512
7146,0.001689,74.125.24.0-255,1484,76387,69,240512
7147,0.001695,74.125.24.0-255,5738,82125,69,240512
7148,0.001697,172.31.40.0-255,66,82191,69,240512
7149,0.001724,74.125.24.0-255,7156,89347,69,240512
7150,0.001727,172.31.40.0-255,66,89413,69,240512
7151,0.001731,74.125.24.0-255,4320,93733,69,240512
7152,0.001733,172.31.40.0-255,66,93799,69,240512
7153,0.001767,74.125.24.0-255,2902,96701,69,240512
7154,0.001769,172.31.40.0-255,66,96767,69,240512
7155,0.001789,74.125.24.0-255,3602,100369,69,240512
7156,0.001791,172.31.40.0-255,66,100435,69,240512
7157,0.002562,74.125.24.0-255,1484,101919,69,240512
7158,0.002582,74.125.24.0-255,1484,103403,69,240512
7159,0.002584,172.31.40.0-255,66,103469,69,240512
7160,0.002594,74.125.24.0-255,1484,104953,69,240512
7161,0.002608,74.125.24.0-255,5738,110691,69,240512
7162,0.00261,172.31.40.0-255,66,110757,69,240512
7163,0.002621,74.125.24.0-255,2902,113659,69,240512
7164,0.002623,172.31.40.0-255,66,113725,69,240512
7165,0.002635,74.125.24.0-255,4320,118045,69,240512
7166,0.002637,172.31.40.0-255,66,118111,69,240512
7167,0.002657,74.125.24.0-255,2902,121013,69,240512
7168,0.00266,172.31.40.0-255,66,121079,69,240512
7169,0.002671,74.125.24.0-255,1484,122563,69,240512
7170,0.002683,74.125.24.0-255,1484,124047,69,240512
7171,0.002684,172.31.40.0-255,66,124113,69,240512
7172,0.002688,74.125.24.0-255,2902,127015,69,240512
7173,0.00269,172.31.40.0-255,66,127081,69,240512
7174,0.002705,74.125.24.0-255,2902,129983,69,240512
7175,0.002707,172.31.40.0-255,66,130049,69,240512
7176,0.002725,74.125.24.0-255,5020,135069,69,240512
7177,0.002727,172.31.40.0-255,66,135135,69,240512
7178,0.00275,74.125.24.0-255,4320,139455,69,240512
7179,0.002752,172.31.40.0-255,66,139521,69,240512
7180,0.002757,74.125.24.0-255,4320,143841,69,240512
7181,0.002759,172.31.40.0-255,66,143907,69,240512
7182,0.00277,74.125.24.0-255,1484,145391,69,240512
7183,0.002772,74.125.24.0-255,1484,146875,69,240512
7184,0.002774,172.31.40.0-255,66,146941,69,240512
7185,0.002791,74.125.24.0-255,4320,151261,69,240512
7186,0.002793,172.31.40.0-255,66,151327,69,240512
7187,0.002817,74.125.24.0-255,5738,157065,69,240512
7188,0.002819,172.31.40.0-255,66,157131,69,240512
7189,0.002822,74.125.24.0-255,1484,158615,69,240512
7190,0.00559,74.125.24.0-255,4320,162935,69,240512
7191,0.005598,172.31.40.0-255,66,163001,69,240512
7192,0.008343,74.125.24.0-255,4320,167321,69,240512
7193,0.008352,172.31.40.0-255,66,167387,69,240512
7194,0.008365,74.125.24.0-255,1484,168871,69,240512
7195,0.01106,74.125.24.0-255,4320,173191,69,240512
7196,0.01107,172.31.40.0-255,66,173257,69,240512
7197,0.013806,74.125.24.0-255,5738,178995,69,240512
7198,0.013815,172.31.40.0-255,66,179061,69,240512
7199,0.016553,74.125.24.0-255,5738,184799,69,240512
7200,0.016564,172.31.40.0-255,66,184865,69,240512
7201,0.019285,74.125.24.0-255,5738,190603,69,240512
7202,0.019294,172.31.40.0-255,66,190669,69,240512
7203,0.022024,74.125.24.0-255,5738,196407,69,240512
7204,0.022033,172.31.40.0-255,66,196473,69,240512
7205,0.02475,74.125.24.0-255,5738,202211,69,240512
7206,0.024759,172.31.40.0-255,66,202277,69,240512
7207,0.026961,172.31.40.0-255,172,202449,69,240512
7208,0.026992,172.31.40.0-255,1116,203565,69,240512
7209,0.027067,172.31.40.0-255,1514,205079,69,240512
7210,0.027069,172.31.40.0-255,1514,206593,69,240512
7211,0.027071,172.31.40.0-255,1514,208107,69,240512
7212,0.027072,172.31.40.0-255,1514,209621,69,240512
7213,0.0271,172.31.40.0-255,1499,211120,69,240512
7214,0.027477,74.125.24.0-255,5738,216858,69,240512
7215,0.027483,172.31.40.0-255,66,216924,69,240512
7216,0.028627,104.244.42.0-255,66,216990,69,240512
7217,0.028682,104.244.42.0-255,66,217056,69,240512
7218,0.028837,104.244.42.0-255,66,217122,69,240512
7219,0.029617,104.244.42.0-255,108,217230,69,240512
7220,0.029625,172.31.40.0-255,66,217296,69,240512
7221,0.03019,74.125.24.0-255,5738,223034,69,240512
7222,0.030195,172.31.40.0-255,66,223100,69,240512
7223,0.032962,74.125.24.0-255,5738,228838,69,240512
7224,0.032968,172.31.40.0-255,66,228904,69,240512
7225,0.035722,74.125.24.0-255,5738,234642,69,240512
7226,0.035729,172.31.40.0-255,66,234708,69,240512
7227,0.038508,74.125.24.0-255,5738,240446,69,240512
7228,0.038515,172.31.40.0-255,66,240512,69,240512
7229,0.0,74.125.200.0-255,153,153,69,292768
7230,1.9e-05,172.31.40.0-255,66,219,69,292768
7231,2.5e-05,74.125.200.0-255,1484,1703,69,292768
7232,2.9e-05,172.31.40.0-255,66,1769,69,292768
7233,3.4e-05,74.125.200.0-255,2902,4671,69,292768
7234,3.6e-05,172.31.40.0-255,66,4737,69,292768
7235,4.7e-05,74.125.200.0-255,4320,9057,69,292768
7236,5e-05,172.31.40.0-255,66,9123,69,292768
7237,8.5e-05,172.31.40.0-255,66,9189,69,292768
7238,9e-05,74.125.200.0-255,4320,13509,69,292768
7239,9.2e-05,172.31.40.0-255,66,13575,69,292768
7240,0.000132,74.125.200.0-255,7156,20731,69,292768
7241,0.000134,172.31.40.0-255,66,20797,69,292768
7242,0.000166,172.31.40.0-255,66,20863,69,292768
7243,0.00017,74.125.200.0-255,2902,23765,69,292768
7244,0.000172,172.31.40.0-255,66,23831,69,292768
7245,0.000176,74.125.200.0-255,4320,28151,69,292768
7246,0.000182,172.31.40.0-255,66,28217,69,292768
7247,0.000185,74.125.200.0-255,1484,29701,69,292768
7248,0.000189,172.31.40.0-255,66,29767,69,292768
7249,0.000203,74.125.200.0-255,766,30533,69,292768
7250,0.000205,172.31.40.0-255,66,30599,69,292768
7251,0.000596,74.125.200.0-255,1484,32083,69,292768
7252,0.000601,172.31.40.0-255,66,32149,69,292768
7253,0.000607,74.125.200.0-255,2902,35051,69,292768
7254,0.000609,172.31.40.0-255,66,35117,69,292768
7255,0.000653,74.125.200.0-255,5738,40855,69,292768
7256,0.000657,172.31.40.0-255,66,40921,69,292768
7257,0.000664,74.125.200.0-255,1484,42405,69,292768
7258,0.000666,172.31.40.0-255,66,42471,69,292768
7259,0.00067,74.125.200.0-255,2902,45373,69,292768
7260,0.000679,172.31.40.0-255,66,45439,69,292768
7261,0.000699,74.125.200.0-255,2899,48338,69,292768
7262,0.000719,172.31.40.0-255,66,48404,69,292768
7263,0.000811,74.125.200.0-255,1484,49888,69,292768
7264,0.000816,74.125.200.0-255,1484,51372,69,292768
7265,0.000828,74.125.200.0-255,1484,52856,69,292768
7266,0.000842,74.125.200.0-255,2902,55758,69,292768
7267,0.000859,74.125.200.0-255,2902,58660,69,292768
7268,0.000867,74.125.200.0-255,7156,65816,69,292768
7269,0.000879,172.31.40.0-255,66,65882,69,292768
7270,0.000933,172.31.40.0-255,66,65948,69,292768
7271,0.000941,74.125.200.0-255,2184,68132,69,292768
7272,0.000958,172.31.40.0-255,66,68198,69,292768
7273,0.001038,74.125.200.0-255,1484,69682,69,292768
7274,0.001062,74.125.200.0-255,2902,72584,69,292768
7275,0.001066,172.31.40.0-255,66,72650,69,292768
7276,0.001072,74.125.200.0-255,5738,78388,69,292768
7277,0.00109,74.125.200.0-255,2902,81290,69,292768
7278,0.001097,172.31.40.0-255,66,81356,69,292768
7279,0.001108,74.125.200.0-255,5063,86419,69,292768
7280,0.001113,74.125.200.0-255,5738,92157,69,292768
7281,0.001132,74.125.200.0-255,2902,95059,69,292768
7282,0.001136,172.31.40.0-255,66,95125,69,292768
7283,0.001146,74.125.200.0-255,2902,98027,69,292768
7284,0.001187,172.31.40.0-255,66,98093,69,292768
7285,0.001198,74.125.200.0-255,2902,100995,69,292768
7286,0.001223,74.125.200.0-255,6438,107433,69,292768
7287,0.00127,74.125.200.0-255,1484,108917,69,292768
7288,0.001274,74.125.200.0-255,2902,111819,69,292768
7289,0.001279,74.125.200.0-255,5738,117557,69,292768
7290,0.001282,172.31.40.0-255,66,117623,69,292768
7291,0.001288,172.31.40.0-255,66,117689,69,292768
7292,0.001342,172.31.40.0-255,66,117755,69,292768
7293,0.001355,74.125.200.0-255,5738,123493,69,292768
7294,0.001359,172.31.40.0-255,66,123559,69,292768
7295,0.00138,74.125.200.0-255,5020,128579,69,292768
7296,0.001402,172.31.40.0-255,66,128645,69,292768
7297,0.00146,74.125.200.0-255,1484,130129,69,292768
7298,0.001466,74.125.200.0-255,2902,133031,69,292768
7299,0.001486,74.125.200.0-255,4320,137351,69,292768
7300,0.001491,172.31.40.0-255,66,137417,69,292768
7301,0.001505,74.125.200.0-255,1484,138901,69,292768
7302,0.001516,74.125.200.0-255,5738,144639,69,292768
7303,0.001521,74.125.200.0-255,4320,148959,69,292768
7304,0.001533,74.125.200.0-255,2902,151861,69,292768
7305,0.001554,74.125.200.0-255,4320,156181,69,292768
7306,0.001558,172.31.40.0-255,66,156247,69,292768
7307,0.00157,74.125.200.0-255,6438,162685,69,292768
7308,0.00158,172.31.40.0-255,66,162751,69,292768
7309,0.001722,74.125.200.0-255,1484,164235,69,292768
7310,0.001754,74.125.200.0-255,1484,165719,69,292768
7311,0.001767,172.31.40.0-255,66,165785,69,292768
7312,0.001792,74.125.200.0-255,2902,168687,69,292768
7313,0.001797,172.31.40.0-255,66,168753,69,292768
7314,0.001825,74.125.200.0-255,4320,173073,69,292768
7315,0.001844,172.31.40.0-255,66,173139,69,292768
7316,0.001847,74.125.200.0-255,1484,174623,69,292768
7317,0.001849,74.125.200.0-255,1484,176107,69,292768
7318,0.001851,74.125.200.0-255,1484,177591,69,292768
7319,0.00187,74.125.200.0-255,7156,184747,69,292768
7320,0.001873,74.125.200.0-255,1484,186231,69,292768
7321,0.001876,172.31.40.0-255,66,186297,69,292768
7322,0.0019,74.125.200.0-255,7156,193453,69,292768
7323,0.001929,74.125.200.0-255,3602,197055,69,292768
7324,0.002242,74.125.200.0-255,1484,198539,69,292768
7325,0.002249,74.125.200.0-255,2902,201441,69,292768
7326,0.002262,74.125.200.0-255,1484,202925,69,292768
7327,0.002265,74.125.200.0-255,1484,204409,69,292768
7328,0.002282,74.125.200.0-255,1484,205893,69,292768
7329,0.002295,74.125.200.0-255,2902,208795,69,292768
7330,0.00231,74.125.200.0-255,2902,211697,69,292768
7331,0.002313,74.125.200.0-255,1484,213181,69,292768
7332,0.002343,74.125.200.0-255,1484,214665,69,292768
7333,0.006342,172.31.40.0-255,66,214731,69,292768
7334,0.008671,74.125.200.0-255,5738,220469,69,292768
7335,0.008678,172.31.40.0-255,66,220535,69,292768
7336,0.010982,74.125.200.0-255,5738,226273,69,292768
7337,0.010988,172.31.40.0-255,66,226339,69,292768
7338,0.013308,74.125.200.0-255,5738,232077,69,292768
7339,0.017636,172.31.40.0-255,66,232143,69,292768
7340,0.019958,74.125.200.0-255,5738,237881,69,292768
7341,0.01997,172.31.40.0-255,66,237947,69,292768
7342,0.022276,74.125.200.0-255,5738,243685,69,292768
7343,0.022283,172.31.40.0-255,66,243751,69,292768
7344,0.024589,74.125.200.0-255,5738,249489,69,292768
7345,0.024596,172.31.40.0-255,66,249555,69,292768
7346,0.026905,74.125.200.0-255,5738,255293,69,292768
7347,0.026912,172.31.40.0-255,66,255359,69,292768
7348,0.029223,74.125.200.0-255,5738,261097,69,292768
7349,0.029229,172.31.40.0-255,66,261163,69,292768
7350,0.031547,74.125.200.0-255,5738,266901,69,292768
7351,0.031555,172.31.40.0-255,66,266967,69,292768
7352,0.033377,172.31.40.0-255,172,267139,69,292768
7353,0.033417,172.31.40.0-255,1116,268255,69,292768
7354,0.033486,172.31.40.0-255,1514,269769,69,292768
7355,0.033513,172.31.40.0-255,1514,271283,69,292768
7356,0.033514,172.31.40.0-255,1514,272797,69,292768
7357,0.033538,172.31.40.0-255,1514,274311,69,292768
7358,0.033543,172.31.40.0-255,541,274852,69,292768
7359,0.033899,74.125.200.0-255,5738,280590,69,292768
7360,0.033929,172.31.40.0-255,66,280656,69,292768
7361,0.034968,104.244.42.0-255,66,280722,69,292768
7362,0.035017,104.244.42.0-255,66,280788,69,292768
7363,0.035044,104.244.42.0-255,66,280854,69,292768
7364,0.035105,104.244.42.0-255,66,280920,69,292768
7365,0.035126,104.244.42.0-255,66,280986,69,292768
7366,0.03571,104.244.42.0-255,108,281094,69,292768
7367,0.035714,172.31.40.0-255,66,281160,69,292768
7368,0.036284,74.125.200.0-255,5738,286898,69,292768
7369,0.036288,172.31.40.0-255,66,286964,69,292768
7370,0.038597,74.125.200.0-255,5738,292702,69,292768
7371,0.038604,172.31.40.0-255,66,292768,69,292768
7372,0.0,172.253.118.0-255,153,153,69,270587
7373,2.1e-05,172.31.40.0-255,66,219,69,270587
7374,2.7e-05,172.253.118.0-255,1484,1703,69,270587
7375,3.1e-05,172.31.40.0-255,66,1769,69,270587
7376,3.6e-05,172.253.118.0-255,2902,4671,69,270587
7377,4.5e-05,172.31.40.0-255,66,4737,69,270587
7378,7.7e-05,172.253.118.0-255,7156,11893,69,270587
7379,8e-05,172.31.40.0-255,66,11959,69,270587
7380,8.4e-05,172.253.118.0-255,2101,14060,69,270587
7381,8.6e-05,172.31.40.0-255,66,14126,69,270587
7382,9e-05,172.253.118.0-255,2902,17028,69,270587
7383,9.2e-05,172.31.40.0-255,66,17094,69,270587
7384,0.000133,172.31.40.0-255,66,17160,69,270587
7385,0.000151,172.253.118.0-255,4320,21480,69,270587
7386,0.000152,172.31.40.0-255,66,21546,69,270587
7387,0.000174,172.253.118.0-255,1125,22671,69,270587
7388,0.000177,172.31.40.0-255,66,22737,69,270587
7389,0.000226,172.253.118.0-255,1484,24221,69,270587
7390,0.000229,172.253.118.0-255,2902,27123,69,270587
7391,0.000233,172.31.40.0-255,66,27189,69,270587
7392,0.000236,172.31.40.0-255,66,27255,69,270587
7393,0.000245,172.253.118.0-255,5738,32993,69,270587
7394,0.000247,172.31.40.0-255,66,33059,69,270587
7395,0.000283,172.253.118.0-255,6797,39856,69,270587
7396,0.000286,172.31.40.0-255,66,39922,69,270587
7397,0.000323,172.253.118.0-255,1484,41406,69,270587
7398,0.000326,172.31.40.0-255,66,41472,69,270587
7399,0.000328,172.253.118.0-255,1484,42956,69,270587
7400,0.00033,172.31.40.0-255,66,43022,69,270587
7401,0.00036,172.253.118.0-255,1484,44506,69,270587
7402,0.000362,172.31.40.0-255,66,44572,69,270587
7403,0.000368,172.253.118.0-255,5738,50310,69,270587
7404,0.00037,172.31.40.0-255,66,50376,69,270587
7405,0.000375,172.253.118.0-255,5738,56114,69,270587
7406,0.000376,172.31.40.0-255,66,56180,69,270587
7407,0.000398,172.253.118.0-255,1418,57598,69,270587
7408,0.000402,172.253.118.0-255,383,57981,69,270587
7409,0.000403,172.31.40.0-255,66,58047,69,270587
7410,0.000446,172.253.118.0-255,1484,59531,69,270587
7411,0.000466,172.253.118.0-255,4320,63851,69,270587
7412,0.000468,172.31.40.0-255,66,63917,69,270587
7413,0.000474,172.253.118.0-255,5738,69655,69,270587
7414,0.000475,172.31.40.0-255,66,69721,69,270587
7415,0.000527,172.253.118.0-255,2902,72623,69,270587
7416,0.000529,172.31.40.0-255,66,72689,69,270587
7417,0.000554,172.253.118.0-255,2543,75232,69,270587
7418,0.000556,172.31.40.0-255,66,75298,69,270587
7419,0.000562,172.253.118.0-255,5738,81036,69,270587
7420,0.000563,172.31.40.0-255,66,81102,69,270587
7421,0.000596,172.31.40.0-255,66,81168,69,270587
7422,0.000621,172.253.118.0-255,7156,88324,69,270587
7423,0.000623,172.31.40.0-255,66,88390,69,270587
7424,0.000648,172.253.118.0-255,4320,92710,69,270587
7425,0.00065,172.31.40.0-255,66,92776,69,270587
7426,0.000683,172.253.118.0-255,5265,98041,69,270587
7427,0.000685,172.31.40.0-255,66,98107,69,270587
7428,0.000913,172.253.118.0-255,211,98318,69,270587
7429,0.001159,172.253.118.0-255,1484,99802,69,270587
7430,0.001164,172.31.40.0-255,66,99868,69,270587
7431,0.00117,172.253.118.0-255,2902,102770,69,270587
7432,0.001172,172.31.40.0-255,66,102836,69,270587
7433,0.001202,172.253.118.0-255,5738,108574,69,270587
7434,0.001204,172.31.40.0-255,66,108640,69,270587
7435,0.00121,172.253.118.0-255,5738,114378,69,270587
7436,0.001212,172.31.40.0-255,66,114444,69,270587
7437,0.001246,172.31.40.0-255,66,114510,69,270587
7438,0.001298,172.253.118.0-255,2902,117412,69,270587
7439,0.001302,172.31.40.0-255,66,117478,69,270587
7440,0.001333,172.253.118.0-255,2184,119662,69,270587
7441,0.001336,172.31.40.0-255,66,119728,69,270587
7442,0.001618,172.253.118.0-255,1484,121212,69,270587
7443,0.001625,172.253.118.0-255,2902,124114,69,270587
7444,0.001628,172.31.40.0-255,66,124180,69,270587
7445,0.001632,172.253.118.0-255,1484,125664,69,270587
7446,0.001652,172.253.118.0-255,4320,129984,69,270587
7447,0.001654,172.31.40.0-255,66,130050,69,270587
7448,0.001659,172.253.118.0-255,2902,132952,69,270587
7449,0.001661,172.31.40.0-255,66,133018,69,270587
7450,0.001691,172.253.118.0-255,1484,134502,69,270587
7451,0.001699,172.253.118.0-255,5738,140240,69,270587
7452,0.001702,172.31.40.0-255,66,140306,69,270587
7453,0.001707,172.253.118.0-255,4320,144626,69,270587
7454,0.001709,172.31.40.0-255,66,144692,69,270587
7455,0.001736,172.253.118.0-255,7156,151848,69,270587
7456,0.001744,172.31.40.0-255,66,151914,69,270587
7457,0.001773,172.253.118.0-255,2184,154098,69,270587
7458,0.001776,172.31.40.0-255,66,154164,69,270587
7459,0.002064,172.253.118.0-255,1484,155648,69,270587
7460,0.002068,172.253.118.0-255,1484,157132,69,270587
7461,0.002071,172.31.40.0-255,66,157198,69,270587
7462,0.002096,172.253.118.0-255,1484,158682,69,270587
7463,0.002102,172.253.118.0-255,5738,164420,69,270587
7464,0.002105,172.31.40.0-255,66,164486,69,270587
7465,0.002145,172.31.40.0-255,66,164552,69,270587
7466,0.002189,172.31.40.0-255,66,164618,69,270587
7467,0.002206,172.253.118.0-255,1484,166102,69,270587
7468,0.002211,172.253.118.0-255,2184,168286,69,270587
7469,0.002213,172.31.40.0-255,66,168352,69,270587
7470,0.004434,172.253.118.0-255,1484,169836,69,270587
7471,0.004458,172.253.118.0-255,1484,171320,69,270587
7472,0.004462,172.31.40.0-255,66,171386,69,270587
7473,0.004489,172.253.118.0-255,2902,174288,69,270587
7474,0.004491,172.31.40.0-255,66,174354,69,270587
7475,0.006705,172.253.118.0-255,2902,177256,69,270587
7476,0.00671,172.31.40.0-255,66,177322,69,270587
7477,0.006737,172.253.118.0-255,2902,180224,69,270587
7478,0.006739,172.31.40.0-255,66,180290,69,270587
7479,0.008967,172.253.118.0-255,5738,186028,69,270587
7480,0.008973,172.31.40.0-255,66,186094,69,270587
7481,0.011227,172.253.118.0-255,5738,191832,69,270587
7482,0.011234,172.31.40.0-255,66,191898,69,270587
7483,0.013498,172.253.118.0-255,5738,197636,69,270587
7484,0.013505,172.31.40.0-255,66,197702,69,270587
7485,0.015788,172.253.118.0-255,5738,203440,69,270587
7486,0.015798,172.31.40.0-255,66,203506,69,270587
7487,0.018064,172.253.118.0-255,5738,209244,69,270587
7488,0.018072,172.31.40.0-255,66,209310,69,270587
7489,0.020329,172.253.118.0-255,5738,215048,69,270587
7490,0.020337,172.31.40.0-255,66,215114,69,270587
7491,0.022601,172.253.118.0-255,5738,220852,69,270587
7492,0.022608,172.31.40.0-255,66,220918,69,270587
7493,0.024869,172.253.118.0-255,5738,226656,69,270587
7494,0.024877,172.31.40.0-255,66,226722,69,270587
7495,0.027146,172.253.118.0-255,5738,232460,69,270587
7496,0.027153,172.31.40.0-255,66,232526,69,270587
7497,0.029418,172.253.118.0-255,5738,238264,69,270587
7498,0.029426,172.31.40.0-255,66,238330,69,270587
7499,0.031691,172.253.118.0-255,5738,244068,69,270587
7500,0.031698,172.31.40.0-255,66,244134,69,270587
7501,0.033761,172.31.40.0-255,172,244306,69,270587
7502,0.033793,172.31.40.0-255,1114,245420,69,270587
7503,0.033872,172.31.40.0-255,1514,246934,69,270587
7504,0.033874,172.31.40.0-255,1514,248448,69,270587
7505,0.03388,172.31.40.0-255,1514,249962,69,270587
7506,0.033881,172.31.40.0-255,1514,251476,69,270587
7507,0.0339,172.31.40.0-255,1501,252977,69,270587
7508,0.03394,172.253.118.0-255,5738,258715,69,270587
7509,0.033944,172.31.40.0-255,66,258781,69,270587
7510,0.035323,104.244.42.0-255,66,258847,69,270587
7511,0.035331,104.244.42.0-255,66,258913,69,270587
7512,0.035435,104.244.42.0-255,66,258979,69,270587
7513,0.036183,172.253.118.0-255,5738,264717,69,270587
7514,0.036187,172.31.40.0-255,66,264783,69,270587
7515,0.03845,172.253.118.0-255,5738,270521,69,270587
7516,0.038455,172.31.40.0-255,66,270587,69,270587
7517,0.0,172.217.194.0-255,150,150,69,197655
7518,1.6e-05,172.31.40.0-255,66,216,69,197655
7519,2.4e-05,172.217.194.0-255,1484,1700,69,197655
7520,2.8e-05,172.31.40.0-255,66,1766,69,197655
7521,3.1e-05,172.217.194.0-255,1484,3250,69,197655
7522,4.2e-05,172.31.40.0-255,66,3316,69,197655
7523,7.1e-05,172.217.194.0-255,1484,4800,69,197655
7524,7.4e-05,172.31.40.0-255,66,4866,69,197655
7525,8.3e-05,172.217.194.0-255,7156,12022,69,197655
7526,8.5e-05,172.31.40.0-255,66,12088,69,197655
7527,9.1e-05,172.217.194.0-255,5738,17826,69,197655
7528,9.4e-05,172.31.40.0-255,66,17892,69,197655
7529,0.000141,172.31.40.0-255,66,17958,69,197655
7530,0.000145,172.217.194.0-255,2543,20501,69,197655
7531,0.000148,172.31.40.0-255,66,20567,69,197655
7532,0.000159,172.31.40.0-255,66,20633,69,197655
7533,0.000179,172.217.194.0-255,4320,24953,69,197655
7534,0.000182,172.31.40.0-255,66,25019,69,197655
7535,0.000208,172.217.194.0-255,5738,30757,69,197655
7536,0.000211,172.31.40.0-255,66,30823,69,197655
7537,0.000218,172.217.194.0-255,7156,37979,69,197655
7538,0.00022,172.31.40.0-255,66,38045,69,197655
7539,0.00026,172.31.40.0-255,66,38111,69,197655
7540,0.000263,172.217.194.0-255,367,38478,69,197655
7541,0.000265,172.31.40.0-255,66,38544,69,197655
7542,0.000268,172.217.194.0-255,1484,40028,69,197655
7543,0.000271,172.31.40.0-255,66,40094,69,197655
7544,0.000277,172.217.194.0-255,4320,44414,69,197655
7545,0.000279,172.31.40.0-255,66,44480,69,197655
7546,0.000282,172.217.194.0-255,1484,45964,69,197655
7547,0.000315,172.31.40.0-255,66,46030,69,197655
7548,0.000327,172.31.40.0-255,66,46096,69,197655
7549,0.000353,172.217.194.0-255,2902,48998,69,197655
7550,0.000356,172.31.40.0-255,66,49064,69,197655
7551,0.000394,172.31.40.0-255,66,49130,69,197655
7552,0.00041,172.31.40.0-255,66,49196,69,197655
7553,0.000425,172.31.40.0-255,66,49262,69,197655
7554,0.000521,172.217.194.0-255,1484,50746,69,197655
7555,0.000526,172.217.194.0-255,2902,53648,69,197655
7556,0.00053,172.31.40.0-255,66,53714,69,197655
7557,0.000535,172.217.194.0-255,2902,56616,69,197655
7558,0.000538,172.31.40.0-255,66,56682,69,197655
7559,0.000565,172.217.194.0-255,2902,59584,69,197655
7560,0.000568,172.31.40.0-255,66,59650,69,197655
7561,0.000575,172.217.194.0-255,7156,66806,69,197655
7562,0.000582,172.217.194.0-255,7156,73962,69,197655
7563,0.00061,172.217.194.0-255,7156,81118,69,197655
7564,0.000614,172.217.194.0-255,2184,83302,69,197655
7565,0.00071,172.31.40.0-255,66,83368,69,197655
7566,0.000862,172.217.194.0-255,1484,84852,69,197655
7567,0.000867,172.217.194.0-255,2902,87754,69,197655
7568,0.00087,172.217.194.0-255,1484,89238,69,197655
7569,0.000877,172.31.40.0-255,66,89304,69,197655
7570,0.000898,172.217.194.0-255,4320,93624,69,197655
7571,0.000919,172.217.194.0-255,7156,100780,69,197655
7572,0.000941,172.217.194.0-255,3602,104382,69,197655
7573,0.000946,172.31.40.0-255,66,104448,69,197655
7574,0.001049,172.217.194.0-255,1484,105932,69,197655
7575,0.001055,172.217.194.0-255,2902,108834,69,197655
7576,0.001058,172.217.194.0-255,1484,110318,69,197655
7577,0.001066,172.31.40.0-255,66,110384,69,197655
7578,0.001093,172.217.194.0-255,4320,114704,69,197655
7579,0.001101,172.217.194.0-255,5738,120442,69,197655
7580,0.001116,172.217.194.0-255,7156,127598,69,197655
7581,0.001128,172.31.40.0-255,66,127664,69,197655
7582,0.001183,172.217.194.0-255,4320,131984,69,197655
7583,0.00119,172.31.40.0-255,66,132050,69,197655
7584,0.001201,172.217.194.0-255,6438,138488,69,197655
7585,0.001234,172.217.194.0-255,2902,141390,69,197655
7586,0.001239,172.217.194.0-255,4320,145710,69,197655
7587,0.001262,172.217.194.0-255,4320,150030,69,197655
7588,0.001276,172.31.40.0-255,66,150096,69,197655
7589,0.001296,172.217.194.0-255,5020,155116,69,197655
7590,0.001326,172.217.194.0-255,7156,162272,69,197655
7591,0.001362,172.217.194.0-255,1484,163756,69,197655
7592,0.001365,172.217.194.0-255,1484,165240,69,197655
7593,0.001376,172.217.194.0-255,1484,166724,69,197655
7594,0.001382,172.217.194.0-255,5738,172462,69,197655
7595,0.001388,172.31.40.0-255,66,172528,69,197655
7596,0.001454,172.31.40.0-255,66,172594,69,197655
7597,0.001483,172.217.194.0-255,2184,174778,69,197655
7598,0.00149,172.31.40.0-255,66,174844,69,197655
7599,0.001509,172.217.194.0-255,2902,177746,69,197655
7600,0.001515,172.217.194.0-255,5738,183484,69,197655
7601,0.001526,172.217.194.0-255,1484,184968,69,197655
7602,0.001563,172.31.40.0-255,66,185034,69,197655
7603,0.001631,172.217.194.0-255,1484,186518,69,197655
7604,0.001635,172.31.40.0-255,66,186584,69,197655
7605,0.001641,172.31.40.0-255,66,186650,69,197655
7606,0.001673,172.217.194.0-255,1484,188134,69,197655
7607,0.001685,172.31.40.0-255,66,188200,69,197655
7608,0.001723,172.217.194.0-255,105,188305,69,197655
7609,0.001776,172.31.40.0-255,66,188371,69,197655
7610,0.008938,172.31.40.0-255,105,188476,69,197655
7611,0.011637,172.217.194.0-255,66,188542,69,197655
7612,0.037552,172.31.40.0-255,176,188718,69,197655
7613,0.037585,172.31.40.0-255,1116,189834,69,197655
7614,0.037677,172.31.40.0-255,1514,191348,69,197655
7615,0.037679,172.31.40.0-255,1514,192862,69,197655
7616,0.03768,172.31.40.0-255,1514,194376,69,197655
7617,0.037681,172.31.40.0-255,1514,195890,69,197655
7618,0.03771,172.31.40.0-255,1501,197391,69,197655
7619,0.039198,104.244.42.0-255,66,197457,69,197655
7620,0.039237,104.244.42.0-255,66,197523,69,197655
7621,0.039357,104.244.42.0-255,66,197589,69,197655
7622,0.039378,104.244.42.0-255,66,197655,69,197655
7623,0.0,172.217.194.0-255,153,153,69,199996
7624,2.1e-05,172.31.40.0-255,66,219,69,199996
7625,2.8e-05,172.217.194.0-255,1484,1703,69,199996
7626,3.2e-05,172.31.40.0-255,66,1769,69,199996
7627,3.8e-05,172.217.194.0-255,2902,4671,69,199996
7628,5e-05,172.31.40.0-255,66,4737,69,199996
7629,5.7e-05,172.217.194.0-255,7156,11893,69,199996
7630,6.1e-05,172.31.40.0-255,66,11959,69,199996
7631,8.3e-05,172.217.194.0-255,4938,16897,69,199996
7632,8.6e-05,172.31.40.0-255,66,16963,69,199996
7633,9.5e-05,172.217.194.0-255,5738,22701,69,199996
7634,9.7e-05,172.31.40.0-255,66,22767,69,199996
7635,0.000129,172.217.194.0-255,7156,29923,69,199996
7636,0.000131,172.31.40.0-255,66,29989,69,199996
7637,0.000147,172.217.194.0-255,1125,31114,69,199996
7638,0.000149,172.31.40.0-255,66,31180,69,199996
7639,0.000352,172.217.194.0-255,1484,32664,69,199996
7640,0.000357,172.31.40.0-255,66,32730,69,199996
7641,0.000362,172.217.194.0-255,2902,35632,69,199996
7642,0.000365,172.31.40.0-255,66,35698,69,199996
7643,0.000368,172.217.194.0-255,2902,38600,69,199996
7644,0.000375,172.31.40.0-255,66,38666,69,199996
7645,0.000386,172.217.194.0-255,1484,40150,69,199996
7646,0.000388,172.31.40.0-255,66,40216,69,199996
7647,0.000415,172.217.194.0-255,4320,44536,69,199996
7648,0.000418,172.31.40.0-255,66,44602,69,199996
7649,0.000445,172.217.194.0-255,5379,49981,69,199996
7650,0.000448,172.31.40.0-255,66,50047,69,199996
7651,0.00045,172.217.194.0-255,1484,51531,69,199996
7652,0.000452,172.31.40.0-255,66,51597,69,199996
7653,0.000475,172.217.194.0-255,2902,54499,69,199996
7654,0.000478,172.31.40.0-255,66,54565,69,199996
7655,0.000482,172.217.194.0-255,2902,57467,69,199996
7656,0.000485,172.31.40.0-255,66,57533,69,199996
7657,0.000524,172.31.40.0-255,66,57599,69,199996
7658,0.00073,172.217.194.0-255,115,57714,69,199996
7659,0.000817,172.217.194.0-255,1484,59198,69,199996
7660,0.000821,172.31.40.0-255,66,59264,69,199996
7661,0.00085,172.217.194.0-255,2902,62166,69,199996
7662,0.000853,172.31.40.0-255,66,62232,69,199996
7663,0.00086,172.217.194.0-255,5738,67970,69,199996
7664,0.000862,172.31.40.0-255,66,68036,69,199996
7665,0.000904,172.31.40.0-255,66,68102,69,199996
7666,0.000915,172.31.40.0-255,66,68168,69,199996
7667,0.000943,172.217.194.0-255,3342,71510,69,199996
7668,0.000946,172.31.40.0-255,66,71576,69,199996
7669,0.000973,172.217.194.0-255,1484,73060,69,199996
7670,0.000978,172.217.194.0-255,2902,75962,69,199996
7671,0.00098,172.31.40.0-255,66,76028,69,199996
7672,0.000987,172.217.194.0-255,5738,81766,69,199996
7673,0.000989,172.31.40.0-255,66,81832,69,199996
7674,0.001027,172.31.40.0-255,66,81898,69,199996
7675,0.00106,172.31.40.0-255,66,81964,69,199996
7676,0.0032,172.217.194.0-255,1484,83448,69,199996
7677,0.003222,172.217.194.0-255,2902,86350,69,199996
7678,0.003226,172.31.40.0-255,66,86416,69,199996
7679,0.003231,172.217.194.0-255,1484,87900,69,199996
7680,0.005186,172.217.194.0-255,4320,92220,69,199996
7681,0.005189,172.31.40.0-255,66,92286,69,199996
7682,0.00717,172.217.194.0-255,5738,98024,69,199996
7683,0.007177,172.31.40.0-255,66,98090,69,199996
7684,0.009176,172.217.194.0-255,5738,103828,69,199996
7685,0.009182,172.31.40.0-255,66,103894,69,199996
7686,0.011163,172.217.194.0-255,5738,109632,69,199996
7687,0.011171,172.31.40.0-255,66,109698,69,199996
7688,0.013191,172.217.194.0-255,5738,115436,69,199996
7689,0.013199,172.31.40.0-255,66,115502,69,199996
7690,0.015214,172.217.194.0-255,5738,121240,69,199996
7691,0.015224,172.31.40.0-255,66,121306,69,199996
7692,0.017215,172.217.194.0-255,5738,127044,69,199996
7693,0.017223,172.31.40.0-255,66,127110,69,199996
7694,0.019204,172.217.194.0-255,5738,132848,69,199996
7695,0.019212,172.31.40.0-255,66,132914,69,199996
7696,0.021237,172.217.194.0-255,5738,138652,69,199996
7697,0.021244,172.31.40.0-255,66,138718,69,199996
7698,0.023229,172.217.194.0-255,5738,144456,69,199996
7699,0.023237,172.31.40.0-255,66,144522,69,199996
7700,0.025205,172.217.194.0-255,5738,150260,69,199996
7701,0.025213,172.31.40.0-255,66,150326,69,199996
7702,0.027185,172.217.194.0-255,5738,156064,69,199996
7703,0.027192,172.31.40.0-255,66,156130,69,199996
7704,0.029186,172.217.194.0-255,5738,161868,69,199996
7705,0.029195,172.31.40.0-255,66,161934,69,199996
7706,0.031195,172.217.194.0-255,5738,167672,69,199996
7707,0.031203,172.31.40.0-255,66,167738,69,199996
7708,0.033173,172.217.194.0-255,5738,173476,69,199996
7709,0.033178,172.31.40.0-255,66,173542,69,199996
7710,0.033931,172.31.40.0-255,172,173714,69,199996
7711,0.033957,172.31.40.0-255,1114,174828,69,199996
7712,0.034011,172.31.40.0-255,1514,176342,69,199996
7713,0.034013,172.31.40.0-255,1514,177856,69,199996
7714,0.034014,172.31.40.0-255,1514,179370,69,199996
7715,0.034018,172.31.40.0-255,1514,180884,69,199996
7716,0.034019,172.31.40.0-255,1502,182386,69,199996
7717,0.03514,172.217.194.0-255,5738,188124,69,199996
7718,0.035147,172.31.40.0-255,66,188190,69,199996
7719,0.035514,104.244.42.0-255,66,188256,69,199996
7720,0.035588,104.244.42.0-255,66,188322,69,199996
7721,0.035638,104.244.42.0-255,66,188388,69,199996
7722,0.037142,172.217.194.0-255,5738,194126,69,199996
7723,0.037149,172.31.40.0-255,66,194192,69,199996
7724,0.039132,172.217.194.0-255,5738,199930,69,199996
7725,0.039139,172.31.40.0-255,66,199996,69,199996
7726,0.0,74.125.68.0-255,291,291,69,197062
7727,2.4e-05,172.31.40.0-255,66,357,69,197062
7728,3e-05,74.125.68.0-255,1484,1841,69,197062
7729,3.4e-05,172.31.40.0-255,66,1907,69,197062
7730,3.6e-05,74.125.68.0-255,1484,3391,69,197062
7731,3.9e-05,172.31.40.0-255,66,3457,69,197062
7732,6.1e-05,74.125.68.0-255,2902,6359,69,197062
7733,6.3e-05,172.31.40.0-255,66,6425,69,197062
7734,8.8e-05,74.125.68.0-255,2902,9327,69,197062
7735,9.1e-05,172.31.40.0-255,66,9393,69,197062
7736,0.000108,74.125.68.0-255,2902,12295,69,197062
7737,0.00011,172.31.40.0-255,66,12361,69,197062
7738,0.000152,74.125.68.0-255,1899,14260,69,197062
7739,0.000155,172.31.40.0-255,66,14326,69,197062
7740,0.00052,74.125.68.0-255,1484,15810,69,197062
7741,0.000526,172.31.40.0-255,66,15876,69,197062
7742,0.000536,74.125.68.0-255,2902,18778,69,197062
7743,0.000539,172.31.40.0-255,66,18844,69,197062
7744,0.000546,74.125.68.0-255,5738,24582,69,197062
7745,0.000548,172.31.40.0-255,66,24648,69,197062
7746,0.000553,74.125.68.0-255,2902,27550,69,197062
7747,0.000556,172.31.40.0-255,66,27616,69,197062
7748,0.000583,74.125.68.0-255,3961,31577,69,197062
7749,0.000587,172.31.40.0-255,66,31643,69,197062
7750,0.000704,74.125.68.0-255,1484,33127,69,197062
7751,0.000711,172.31.40.0-255,66,33193,69,197062
7752,0.000742,74.125.68.0-255,2902,36095,69,197062
7753,0.000747,172.31.40.0-255,66,36161,69,197062
7754,0.000767,74.125.68.0-255,1484,37645,69,197062
7755,0.00077,172.31.40.0-255,66,37711,69,197062
7756,0.000792,74.125.68.0-255,2902,40613,69,197062
7757,0.000796,172.31.40.0-255,66,40679,69,197062
7758,0.000826,74.125.68.0-255,1484,42163,69,197062
7759,0.000852,74.125.68.0-255,7156,49319,69,197062
7760,0.000857,74.125.68.0-255,4320,53639,69,197062
7761,0.000878,172.31.40.0-255,66,53705,69,197062
7762,0.000898,74.125.68.0-255,4306,58011,69,197062
7763,0.000931,172.31.40.0-255,66,58077,69,197062
7764,0.000999,74.125.68.0-255,341,58418,69,197062
7765,0.001311,74.125.68.0-255,1484,59902,69,197062
7766,0.001317,172.31.40.0-255,66,59968,69,197062
7767,0.001324,74.125.68.0-255,2902,62870,69,197062
7768,0.001326,172.31.40.0-255,66,62936,69,197062
7769,0.001332,74.125.68.0-255,5738,68674,69,197062
7770,0.001334,172.31.40.0-255,66,68740,69,197062
7771,0.001355,74.125.68.0-255,5738,74478,69,197062
7772,0.001358,172.31.40.0-255,66,74544,69,197062
7773,0.001386,74.125.68.0-255,5738,80282,69,197062
7774,0.001391,74.125.68.0-255,4320,84602,69,197062
7775,0.001417,172.31.40.0-255,66,84668,69,197062
7776,0.001429,172.31.40.0-255,66,84734,69,197062
7777,0.001602,172.31.40.0-255,101,84835,69,197062
7778,0.003553,74.125.68.0-255,5738,90573,69,197062
7779,0.003559,172.31.40.0-255,66,90639,69,197062
7780,0.003678,74.125.68.0-255,66,90705,69,197062
7781,0.005679,74.125.68.0-255,5738,96443,69,197062
7782,0.005683,172.31.40.0-255,66,96509,69,197062
7783,0.007801,74.125.68.0-255,5738,102247,69,197062
7784,0.007806,172.31.40.0-255,66,102313,69,197062
7785,0.009935,74.125.68.0-255,5738,108051,69,197062
7786,0.009941,172.31.40.0-255,66,108117,69,197062
7787,0.012081,74.125.68.0-255,5738,113855,69,197062
7788,0.012089,172.31.40.0-255,66,113921,69,197062
7789,0.014227,74.125.68.0-255,5738,119659,69,197062
7790,0.014238,172.31.40.0-255,66,119725,69,197062
7791,0.016399,74.125.68.0-255,5738,125463,69,197062
7792,0.016408,172.31.40.0-255,66,125529,69,197062
7793,0.01853,74.125.68.0-255,5738,131267,69,197062
7794,0.018534,172.31.40.0-255,66,131333,69,197062
7795,0.020666,74.125.68.0-255,5738,137071,69,197062
7796,0.020672,172.31.40.0-255,66,137137,69,197062
7797,0.022808,74.125.68.0-255,5738,142875,69,197062
7798,0.022815,172.31.40.0-255,66,142941,69,197062
7799,0.02495,74.125.68.0-255,5738,148679,69,197062
7800,0.024956,172.31.40.0-255,66,148745,69,197062
7801,0.02708,74.125.68.0-255,5738,154483,69,197062
7802,0.027087,172.31.40.0-255,66,154549,69,197062
7803,0.029218,74.125.68.0-255,5738,160287,69,197062
7804,0.029224,172.31.40.0-255,66,160353,69,197062
7805,0.029891,172.31.40.0-255,172,160525,69,197062
7806,0.029928,172.31.40.0-255,1114,161639,69,197062
7807,0.030057,172.31.40.0-255,1514,163153,69,197062
7808,0.030059,172.31.40.0-255,1514,164667,69,197062
7809,0.03006,172.31.40.0-255,1514,166181,69,197062
7810,0.030064,172.31.40.0-255,1514,167695,69,197062
7811,0.030065,172.31.40.0-255,1501,169196,69,197062
7812,0.031342,74.125.68.0-255,4320,173516,69,197062
7813,0.031348,172.31.40.0-255,66,173582,69,197062
7814,0.031362,74.125.68.0-255,1484,175066,69,197062
7815,0.031569,104.244.42.0-255,66,175132,69,197062
7816,0.031577,104.244.42.0-255,66,175198,69,197062
7817,0.031822,104.244.42.0-255,66,175264,69,197062
7818,0.033489,74.125.68.0-255,4320,179584,69,197062
7819,0.033493,172.31.40.0-255,66,179650,69,197062
7820,0.035616,74.125.68.0-255,5738,185388,69,197062
7821,0.035622,172.31.40.0-255,66,185454,69,197062
7822,0.037751,74.125.68.0-255,5738,191192,69,197062
7823,0.037756,172.31.40.0-255,66,191258,69,197062
7824,0.039884,74.125.68.0-255,5738,196996,69,197062
7825,0.039891,172.31.40.0-255,66,197062,69,197062
7826,0.0,74.125.24.0-255,152,152,69,148331
7827,2.2e-05,172.31.40.0-255,66,218,69,148331
7828,2.8e-05,74.125.24.0-255,1484,1702,69,148331
7829,3.2e-05,172.31.40.0-255,66,1768,69,148331
7830,3.7e-05,74.125.24.0-255,2902,4670,69,148331
7831,4.1e-05,172.31.40.0-255,66,4736,69,148331
7832,4.4e-05,74.125.24.0-255,1484,6220,69,148331
7833,4.6e-05,172.31.40.0-255,66,6286,69,148331
7834,7.7e-05,74.125.24.0-255,5738,12024,69,148331
7835,8e-05,172.31.40.0-255,66,12090,69,148331
7836,0.000101,172.31.40.0-255,66,12156,69,148331
7837,0.000118,74.125.24.0-255,2074,14230,69,148331
7838,0.00012,172.31.40.0-255,66,14296,69,148331
7839,0.000131,172.31.40.0-255,66,14362,69,148331
7840,0.000155,74.125.24.0-255,5738,20100,69,148331
7841,0.000158,172.31.40.0-255,66,20166,69,148331
7842,0.00018,172.31.40.0-255,66,20232,69,148331
7843,0.000559,74.125.24.0-255,1484,21716,69,148331
7844,0.000563,172.31.40.0-255,66,21782,69,148331
7845,0.000569,74.125.24.0-255,2902,24684,69,148331
7846,0.000572,172.31.40.0-255,66,24750,69,148331
7847,0.000576,74.125.24.0-255,2902,27652,69,148331
7848,0.000579,172.31.40.0-255,66,27718,69,148331
7849,0.000598,74.125.24.0-255,2902,30620,69,148331
7850,0.000601,172.31.40.0-255,66,30686,69,148331
7851,0.000607,74.125.24.0-255,4320,35006,69,148331
7852,0.000609,172.31.40.0-255,66,35072,69,148331
7853,0.000629,74.125.24.0-255,3132,38204,69,148331
7854,0.000632,172.31.40.0-255,66,38270,69,148331
7855,0.000897,74.125.24.0-255,1484,39754,69,148331
7856,0.000902,74.125.24.0-255,1484,41238,69,148331
7857,0.000905,172.31.40.0-255,66,41304,69,148331
7858,0.000918,74.125.24.0-255,1484,42788,69,148331
7859,0.000946,74.125.24.0-255,5738,48526,69,148331
7860,0.000949,172.31.40.0-255,66,48592,69,148331
7861,0.000977,172.31.40.0-255,66,48658,69,148331
7862,0.000994,74.125.24.0-255,2902,51560,69,148331
7863,0.000996,172.31.40.0-255,66,51626,69,148331
7864,0.00101,74.125.24.0-255,2902,54528,69,148331
7865,0.001013,172.31.40.0-255,66,54594,69,148331
7866,0.00104,172.31.40.0-255,66,54660,69,148331
7867,0.001075,172.31.40.0-255,66,54726,69,148331
7868,0.001081,74.125.24.0-255,5738,60464,69,148331
7869,0.001084,172.31.40.0-255,66,60530,69,148331
7870,0.001121,74.125.24.0-255,5738,66268,69,148331
7871,0.001124,172.31.40.0-255,66,66334,69,148331
7872,0.001155,172.31.40.0-255,66,66400,69,148331
7873,0.001162,74.125.24.0-255,7156,73556,69,148331
7874,0.001165,172.31.40.0-255,66,73622,69,148331
7875,0.001203,172.31.40.0-255,66,73688,69,148331
7876,0.001208,74.125.24.0-255,5738,79426,69,148331
7877,0.00121,172.31.40.0-255,66,79492,69,148331
7878,0.001231,172.31.40.0-255,66,79558,69,148331
7879,0.001276,172.31.40.0-255,66,79624,69,148331
7880,0.001295,172.31.40.0-255,66,79690,69,148331
7881,0.0013,74.125.24.0-255,3602,83292,69,148331
7882,0.001302,172.31.40.0-255,66,83358,69,148331
7883,0.001329,172.31.40.0-255,66,83424,69,148331
7884,0.00136,172.31.40.0-255,66,83490,69,148331
7885,0.001372,172.31.40.0-255,66,83556,69,148331
7886,0.001394,74.125.24.0-255,3602,87158,69,148331
7887,0.001396,172.31.40.0-255,66,87224,69,148331
7888,0.001402,74.125.24.0-255,4320,91544,69,148331
7889,0.001404,172.31.40.0-255,66,91610,69,148331
7890,0.001454,172.31.40.0-255,66,91676,69,148331
7891,0.001464,172.31.40.0-255,66,91742,69,148331
7892,0.001476,172.31.40.0-255,66,91808,69,148331
7893,0.001557,172.31.40.0-255,66,91874,69,148331
7894,0.001577,172.31.40.0-255,66,91940,69,148331
7895,0.001583,74.125.24.0-255,6438,98378,69,148331
7896,0.001585,172.31.40.0-255,66,98444,69,148331
7897,0.001721,74.125.24.0-255,1484,99928,69,148331
7898,0.001725,74.125.24.0-255,1484,101412,69,148331
7899,0.001728,172.31.40.0-255,66,101478,69,148331
7900,0.00175,74.125.24.0-255,1484,102962,69,148331
7901,0.001758,74.125.24.0-255,5738,108700,69,148331
7902,0.001761,172.31.40.0-255,66,108766,69,148331
7903,0.001787,172.31.40.0-255,66,108832,69,148331
7904,0.001815,74.125.24.0-255,4320,113152,69,148331
7905,0.001817,172.31.40.0-255,66,113218,69,148331
7906,0.001824,74.125.24.0-255,7156,120374,69,148331
7907,0.001827,172.31.40.0-255,66,120440,69,148331
7908,0.001845,74.125.24.0-255,3602,124042,69,148331
7909,0.001848,172.31.40.0-255,66,124108,69,148331
7910,0.00189,74.125.24.0-255,4320,128428,69,148331
7911,0.001893,172.31.40.0-255,66,128494,69,148331
7912,0.0019,74.125.24.0-255,7156,135650,69,148331
7913,0.001903,172.31.40.0-255,66,135716,69,148331
7914,0.001934,172.31.40.0-255,66,135782,69,148331
7915,0.001954,74.125.24.0-255,2902,138684,69,148331
7916,0.001956,172.31.40.0-255,66,138750,69,148331
7917,0.001968,172.31.40.0-255,66,138816,69,148331
7918,0.002021,172.31.40.0-255,66,138882,69,148331
7919,0.002039,74.125.24.0-255,105,138987,69,148331
7920,0.008731,172.31.40.0-255,66,139053,69,148331
7921,0.008771,172.31.40.0-255,105,139158,69,148331
7922,0.010782,74.125.24.0-255,66,139224,69,148331
7923,0.034169,172.31.40.0-255,172,139396,69,148331
7924,0.034201,172.31.40.0-255,1116,140512,69,148331
7925,0.034266,172.31.40.0-255,1514,142026,69,148331
7926,0.034268,172.31.40.0-255,1514,143540,69,148331
7927,0.034274,172.31.40.0-255,1514,145054,69,148331
7928,0.034275,172.31.40.0-255,1514,146568,69,148331
7929,0.034306,172.31.40.0-255,1499,148067,69,148331
7930,0.035729,104.244.42.0-255,66,148133,69,148331
7931,0.03578,104.244.42.0-255,66,148199,69,148331
7932,0.035816,104.244.42.0-255,66,148265,69,148331
7933,0.035903,104.244.42.0-255,66,148331,69,148331
7934,0.0,74.125.200.0-255,146,146,69,324143
7935,2e-05,172.31.40.0-255,66,212,69,324143
7936,5.2e-05,74.125.200.0-255,1484,1696,69,324143
7937,5.6e-05,172.31.40.0-255,66,1762,69,324143
7938,6.1e-05,74.125.200.0-255,2902,4664,69,324143
7939,6.4e-05,172.31.40.0-255,66,4730,69,324143
7940,6.6e-05,74.125.200.0-255,1484,6214,69,324143
7941,6.8e-05,172.31.40.0-255,66,6280,69,324143
7942,0.000104,74.125.200.0-255,2902,9182,69,324143
7943,0.000106,172.31.40.0-255,66,9248,69,324143
7944,0.000112,74.125.200.0-255,4938,14186,69,324143
7945,0.000114,172.31.40.0-255,66,14252,69,324143
7946,0.00015,74.125.200.0-255,4320,18572,69,324143
7947,0.000152,172.31.40.0-255,66,18638,69,324143
7948,0.000176,74.125.200.0-255,5738,24376,69,324143
7949,0.000178,172.31.40.0-255,66,24442,69,324143
7950,0.000181,74.125.200.0-255,1484,25926,69,324143
7951,0.000183,172.31.40.0-255,66,25992,69,324143
7952,0.000204,74.125.200.0-255,2902,28894,69,324143
7953,0.000211,172.31.40.0-255,66,28960,69,324143
7954,0.000234,74.125.200.0-255,2543,31503,69,324143
7955,0.000236,172.31.40.0-255,66,31569,69,324143
7956,0.000368,74.125.200.0-255,1484,33053,69,324143
7957,0.000372,172.31.40.0-255,66,33119,69,324143
7958,0.000375,74.125.200.0-255,1484,34603,69,324143
7959,0.000377,172.31.40.0-255,66,34669,69,324143
7960,0.000417,74.125.200.0-255,2902,37571,69,324143
7961,0.000421,172.31.40.0-255,66,37637,69,324143
7962,0.000427,74.125.200.0-255,5738,43375,69,324143
7963,0.000429,172.31.40.0-255,66,43441,69,324143
7964,0.000431,74.125.200.0-255,1484,44925,69,324143
7965,0.000437,172.31.40.0-255,66,44991,69,324143
7966,0.000441,74.125.200.0-255,1484,46475,69,324143
7967,0.000462,74.125.200.0-255,1484,47959,69,324143
7968,0.000464,172.31.40.0-255,66,48025,69,324143
7969,0.000471,74.125.200.0-255,1125,49150,69,324143
7970,0.000769,74.125.200.0-255,1484,50634,69,324143
7971,0.000773,172.31.40.0-255,66,50700,69,324143
7972,0.000791,74.125.200.0-255,2902,53602,69,324143
7973,0.000794,172.31.40.0-255,66,53668,69,324143
7974,0.000815,74.125.200.0-255,1484,55152,69,324143
7975,0.000825,74.125.200.0-255,1484,56636,69,324143
7976,0.000827,172.31.40.0-255,66,56702,69,324143
7977,0.00083,74.125.200.0-255,1484,58186,69,324143
7978,0.000858,74.125.200.0-255,2902,61088,69,324143
7979,0.00086,172.31.40.0-255,66,61154,69,324143
7980,0.000866,74.125.200.0-255,5379,66533,69,324143
7981,0.000867,172.31.40.0-255,66,66599,69,324143
7982,0.000995,74.125.200.0-255,1484,68083,69,324143
7983,0.001036,74.125.200.0-255,1484,69567,69,324143
7984,0.001039,172.31.40.0-255,66,69633,69,324143
7985,0.001065,74.125.200.0-255,1484,71117,69,324143
7986,0.001068,74.125.200.0-255,1484,72601,69,324143
7987,0.00107,172.31.40.0-255,66,72667,69,324143
7988,0.001074,74.125.200.0-255,2902,75569,69,324143
7989,0.001076,172.31.40.0-255,66,75635,69,324143
7990,0.001082,74.125.200.0-255,5738,81373,69,324143
7991,0.001087,172.31.40.0-255,66,81439,69,324143
7992,0.001091,74.125.200.0-255,2543,83982,69,324143
7993,0.001093,172.31.40.0-255,66,84048,69,324143
7994,0.001125,74.125.200.0-255,2902,86950,69,324143
7995,0.001128,172.31.40.0-255,66,87016,69,324143
7996,0.001154,74.125.200.0-255,7156,94172,69,324143
7997,0.001157,172.31.40.0-255,66,94238,69,324143
7998,0.001203,172.31.40.0-255,66,94304,69,324143
7999,0.001209,74.125.200.0-255,5738,100042,69,324143
8000,0.001212,172.31.40.0-255,66,100108,69,324143
8001,0.001245,74.125.200.0-255,7156,107264,69,324143
8002,0.001248,172.31.40.0-255,66,107330,69,324143
8003,0.001252,74.125.200.0-255,2170,109500,69,324143
8004,0.001254,172.31.40.0-255,66,109566,69,324143
8005,0.001339,74.125.200.0-255,1484,111050,69,324143
8006,0.001354,74.125.200.0-255,2902,113952,69,324143
8007,0.001358,172.31.40.0-255,66,114018,69,324143
8008,0.001387,74.125.200.0-255,5738,119756,69,324143
8009,0.001391,172.31.40.0-255,66,119822,69,324143
8010,0.001397,74.125.200.0-255,2902,122724,69,324143
8011,0.001398,172.31.40.0-255,66,122790,69,324143
8012,0.001422,74.125.200.0-255,2902,125692,69,324143
8013,0.001429,172.31.40.0-255,66,125758,69,324143
8014,0.001461,74.125.200.0-255,4320,130078,69,324143
8015,0.001465,172.31.40.0-255,66,130144,69,324143
8016,0.001491,74.125.200.0-255,2902,133046,69,324143
8017,0.001496,74.125.200.0-255,4320,137366,69,324143
8018,0.0015,172.31.40.0-255,66,137432,69,324143
8019,0.001503,172.31.40.0-255,66,137498,69,324143
8020,0.001519,74.125.200.0-255,4320,141818,69,324143
8021,0.001522,172.31.40.0-255,66,141884,69,324143
8022,0.001526,74.125.200.0-255,2184,144068,69,324143
8023,0.001528,172.31.40.0-255,66,144134,69,324143
8024,0.001623,74.125.200.0-255,1484,145618,69,324143
8025,0.001627,74.125.200.0-255,1484,147102,69,324143
8026,0.00163,172.31.40.0-255,66,147168,69,324143
8027,0.001658,74.125.200.0-255,1484,148652,69,324143
8028,0.001662,74.125.200.0-255,1484,150136,69,324143
8029,0.001664,172.31.40.0-255,66,150202,69,324143
8030,0.001669,74.125.200.0-255,2902,153104,69,324143
8031,0.001671,172.31.40.0-255,66,153170,69,324143
8032,0.001705,74.125.200.0-255,5738,158908,69,324143
8033,0.001709,172.31.40.0-255,66,158974,69,324143
8034,0.001713,74.125.200.0-255,2902,161876,69,324143
8035,0.001715,172.31.40.0-255,66,161942,69,324143
8036,0.001719,74.125.200.0-255,2902,164844,69,324143
8037,0.001721,172.31.40.0-255,66,164910,69,324143
8038,0.001748,74.125.200.0-255,1484,166394,69,324143
8039,0.001751,74.125.200.0-255,1484,167878,69,324143
8040,0.001753,172.31.40.0-255,66,167944,69,324143
8041,0.001773,74.125.200.0-255,7156,175100,69,324143
8042,0.001776,172.31.40.0-255,66,175166,69,324143
8043,0.001818,74.125.200.0-255,3602,178768,69,324143
8044,0.001821,172.31.40.0-255,66,178834,69,324143
8045,0.001846,74.125.200.0-255,4320,183154,69,324143
8046,0.001849,172.31.40.0-255,66,183220,69,324143
8047,0.001853,74.125.200.0-255,2902,186122,69,324143
8048,0.001855,172.31.40.0-255,66,186188,69,324143
8049,0.001885,74.125.200.0-255,4320,190508,69,324143
8050,0.001889,172.31.40.0-255,66,190574,69,324143
8051,0.001922,74.125.200.0-255,7156,197730,69,324143
8052,0.001926,172.31.40.0-255,66,197796,69,324143
8053,0.001975,74.125.200.0-255,2902,200698,69,324143
8054,0.001977,172.31.40.0-255,66,200764,69,324143
8055,0.001983,74.125.200.0-255,4320,205084,69,324143
8056,0.001985,172.31.40.0-255,66,205150,69,324143
8057,0.002021,172.31.40.0-255,66,205216,69,324143
8058,0.002071,74.125.200.0-255,1484,206700,69,324143
8059,0.002086,74.125.200.0-255,2902,209602,69,324143
8060,0.002092,172.31.40.0-255,66,209668,69,324143
8061,0.002127,74.125.200.0-255,4320,213988,69,324143
8062,0.002132,74.125.200.0-255,2902,216890,69,324143
8063,0.002135,172.31.40.0-255,66,216956,69,324143
8064,0.002138,172.31.40.0-255,66,217022,69,324143
8065,0.002159,74.125.200.0-255,2902,219924,69,324143
8066,0.002161,172.31.40.0-255,66,219990,69,324143
8067,0.002165,74.125.200.0-255,2902,222892,69,324143
8068,0.002168,172.31.40.0-255,66,222958,69,324143
8069,0.002204,172.31.40.0-255,66,223024,69,324143
8070,0.002214,74.125.200.0-255,4320,227344,69,324143
8071,0.002217,172.31.40.0-255,66,227410,69,324143
8072,0.002222,74.125.200.0-255,3602,231012,69,324143
8073,0.002224,172.31.40.0-255,66,231078,69,324143
8074,0.004505,74.125.200.0-255,1484,232562,69,324143
8075,0.004532,74.125.200.0-255,4320,236882,69,324143
8076,0.004538,172.31.40.0-255,66,236948,69,324143
8077,0.006848,74.125.200.0-255,4320,241268,69,324143
8078,0.006852,172.31.40.0-255,66,241334,69,324143
8079,0.006878,74.125.200.0-255,1484,242818,69,324143
8080,0.009147,74.125.200.0-255,4320,247138,69,324143
8081,0.009154,172.31.40.0-255,66,247204,69,324143
8082,0.011458,74.125.200.0-255,5738,252942,69,324143
8083,0.011466,172.31.40.0-255,66,253008,69,324143
8084,0.0138,74.125.200.0-255,2902,255910,69,324143
8085,0.013811,172.31.40.0-255,66,255976,69,324143
8086,0.01385,74.125.200.0-255,2902,258878,69,324143
8087,0.013852,172.31.40.0-255,66,258944,69,324143
8088,0.016117,74.125.200.0-255,2902,261846,69,324143
8089,0.016126,172.31.40.0-255,66,261912,69,324143
8090,0.016151,74.125.200.0-255,2902,264814,69,324143
8091,0.016154,172.31.40.0-255,66,264880,69,324143
8092,0.018435,74.125.200.0-255,2902,267782,69,324143
8093,0.018443,172.31.40.0-255,66,267848,69,324143
8094,0.018473,74.125.200.0-255,2902,270750,69,324143
8095,0.018476,172.31.40.0-255,66,270816,69,324143
8096,0.020739,74.125.200.0-255,2902,273718,69,324143
8097,0.020745,172.31.40.0-255,66,273784,69,324143
8098,0.020774,74.125.200.0-255,2902,276686,69,324143
8099,0.020777,172.31.40.0-255,66,276752,69,324143
8100,0.02306,74.125.200.0-255,5738,282490,69,324143
8101,0.023067,172.31.40.0-255,66,282556,69,324143
8102,0.025373,74.125.200.0-255,5738,288294,69,324143
8103,0.025379,172.31.40.0-255,66,288360,69,324143
8104,0.02771,74.125.200.0-255,5738,294098,69,324143
8105,0.027718,172.31.40.0-255,66,294164,69,324143
8106,0.030017,74.125.200.0-255,2902,297066,69,324143
8107,0.030026,172.31.40.0-255,66,297132,69,324143
8108,0.030071,74.125.200.0-255,2902,300034,69,324143
8109,0.030075,172.31.40.0-255,66,300100,69,324143
8110,0.032328,74.125.200.0-255,2902,303002,69,324143
8111,0.032336,172.31.40.0-255,66,303068,69,324143
8112,0.03236,74.125.200.0-255,2902,305970,69,324143
8113,0.032363,172.31.40.0-255,66,306036,69,324143
8114,0.034319,172.31.40.0-255,172,306208,69,324143
8115,0.034351,172.31.40.0-255,1114,307322,69,324143
8116,0.034406,172.31.40.0-255,563,307885,69,324143
8117,0.034648,74.125.200.0-255,4320,312205,69,324143
8118,0.034655,172.31.40.0-255,66,312271,69,324143
8119,0.034683,74.125.200.0-255,1484,313755,69,324143
8120,0.035853,104.244.42.0-255,66,313821,69,324143
8121,0.035899,104.244.42.0-255,66,313887,69,324143
8122,0.035949,104.244.42.0-255,66,313953,69,324143
8123,0.03696,74.125.200.0-255,4320,318273,69,324143
8124,0.036967,172.31.40.0-255,66,318339,69,324143
8125,0.03928,74.125.200.0-255,5738,324077,69,324143
8126,0.039286,172.31.40.0-255,66,324143,69,324143
8127,0.0,74.125.24.0-255,153,153,69,134991
8128,2.3e-05,172.31.40.0-255,66,219,69,134991
8129,3e-05,74.125.24.0-255,1484,1703,69,134991
8130,3.5e-05,172.31.40.0-255,66,1769,69,134991
8131,4.1e-05,74.125.24.0-255,2902,4671,69,134991
8132,5.2e-05,172.31.40.0-255,66,4737,69,134991
8133,6e-05,74.125.24.0-255,7156,11893,69,134991
8134,6.3e-05,172.31.40.0-255,66,11959,69,134991
8135,0.000111,172.31.40.0-255,66,12025,69,134991
8136,0.000124,172.31.40.0-255,66,12091,69,134991
8137,0.000149,74.125.24.0-255,4320,16411,69,134991
8138,0.000151,172.31.40.0-255,66,16477,69,134991
8139,0.000189,172.31.40.0-255,66,16543,69,134991
8140,0.000218,172.31.40.0-255,66,16609,69,134991
8141,0.000318,74.125.24.0-255,1484,18093,69,134991
8142,0.000322,172.31.40.0-255,66,18159,69,134991
8143,0.000328,74.125.24.0-255,2902,21061,69,134991
8144,0.00033,172.31.40.0-255,66,21127,69,134991
8145,0.000358,74.125.24.0-255,5738,26865,69,134991
8146,0.000362,172.31.40.0-255,66,26931,69,134991
8147,0.000395,172.31.40.0-255,66,26997,69,134991
8148,0.000425,74.125.24.0-255,2902,29899,69,134991
8149,0.000428,172.31.40.0-255,66,29965,69,134991
8150,0.000441,172.31.40.0-255,66,30031,69,134991
8151,0.000551,74.125.24.0-255,1484,31515,69,134991
8152,0.000556,172.31.40.0-255,66,31581,69,134991
8153,0.000561,74.125.24.0-255,2902,34483,69,134991
8154,0.000564,172.31.40.0-255,66,34549,69,134991
8155,0.00057,74.125.24.0-255,5738,40287,69,134991
8156,0.000577,172.31.40.0-255,66,40353,69,134991
8157,0.00058,74.125.24.0-255,1484,41837,69,134991
8158,0.000627,172.31.40.0-255,66,41903,69,134991
8159,0.000639,172.31.40.0-255,66,41969,69,134991
8160,0.000723,74.125.24.0-255,1484,43453,69,134991
8161,0.000728,74.125.24.0-255,2902,46355,69,134991
8162,0.000733,172.31.40.0-255,66,46421,69,134991
8163,0.000754,74.125.24.0-255,5738,52159,69,134991
8164,0.000757,172.31.40.0-255,66,52225,69,134991
8165,0.000769,172.31.40.0-255,66,52291,69,134991
8166,0.000805,172.31.40.0-255,66,52357,69,134991
8167,0.00084,172.31.40.0-255,66,52423,69,134991
8168,0.000863,172.31.40.0-255,66,52489,69,134991
8169,0.000893,172.31.40.0-255,66,52555,69,134991
8170,0.000997,74.125.24.0-255,1484,54039,69,134991
8171,0.001002,74.125.24.0-255,2902,56941,69,134991
8172,0.001012,172.31.40.0-255,66,57007,69,134991
8173,0.001032,74.125.24.0-255,5738,62745,69,134991
8174,0.00104,74.125.24.0-255,5738,68483,69,134991
8175,0.001046,172.31.40.0-255,66,68549,69,134991
8176,0.001075,74.125.24.0-255,7156,75705,69,134991
8177,0.001104,172.31.40.0-255,66,75771,69,134991
8178,0.001145,74.125.24.0-255,1484,77255,69,134991
8179,0.001169,74.125.24.0-255,2902,80157,69,134991
8180,0.001173,74.125.24.0-255,2902,83059,69,134991
8181,0.001179,172.31.40.0-255,66,83125,69,134991
8182,0.001204,74.125.24.0-255,2902,86027,69,134991
8183,0.001283,74.125.24.0-255,1484,87511,69,134991
8184,0.001398,74.125.24.0-255,4320,91831,69,134991
8185,0.00147,74.125.24.0-255,5020,96851,69,134991
8186,0.001472,74.125.24.0-255,1484,98335,69,134991
8187,0.001477,74.125.24.0-255,2902,101237,69,134991
8188,0.001497,74.125.24.0-255,5738,106975,69,134991
8189,0.001504,74.125.24.0-255,5738,112713,69,134991
8190,0.001536,74.125.24.0-255,7156,119869,69,134991
8191,0.001589,74.125.24.0-255,5738,125607,69,134991
8192,0.001627,74.125.24.0-255,105,125712,69,134991
8193,0.001876,172.31.40.0-255,66,125778,69,134991
8194,0.004843,172.31.40.0-255,105,125883,69,134991
8195,0.007122,74.125.24.0-255,66,125949,69,134991
8196,0.033511,172.31.40.0-255,172,126121,69,134991
8197,0.033554,172.31.40.0-255,1114,127235,69,134991
8198,0.033642,172.31.40.0-255,1514,128749,69,134991
8199,0.033644,172.31.40.0-255,1514,130263,69,134991
8200,0.033645,172.31.40.0-255,1514,131777,69,134991
8201,0.033649,172.31.40.0-255,1514,133291,69,134991
8202,0.033651,172.31.40.0-255,1502,134793,69,134991
8203,0.035066,104.244.42.0-255,66,134859,69,134991
8204,0.035154,104.244.42.0-255,66,134925,69,134991
8205,0.035251,104.244.42.0-255,66,134991,69,134991
8206,0.0,172.217.26.0-255,151,151,69,240234
8207,1.9e-05,172.31.40.0-255,66,217,69,240234
8208,2.5e-05,172.217.26.0-255,1484,1701,69,240234
8209,3e-05,172.31.40.0-255,66,1767,69,240234
8210,3.3e-05,172.217.26.0-255,1484,3251,69,240234
8211,3.6e-05,172.31.40.0-255,66,3317,69,240234
8212,3.9e-05,172.217.26.0-255,1484,4801,69,240234
8213,4.2e-05,172.31.40.0-255,66,4867,69,240234
8214,7e-05,172.217.26.0-255,1484,6351,69,240234
8215,7.2e-05,172.31.40.0-255,66,6417,69,240234
8216,7.9e-05,172.217.26.0-255,5738,12155,69,240234
8217,8.2e-05,172.31.40.0-255,66,12221,69,240234
8218,8.7e-05,172.217.26.0-255,3482,15703,69,240234
8219,8.9e-05,172.31.40.0-255,66,15769,69,240234
8220,9.3e-05,172.217.26.0-255,4320,20089,69,240234
8221,9.6e-05,172.31.40.0-255,66,20155,69,240234
8222,0.000102,172.217.26.0-255,5738,25893,69,240234
8223,0.000104,172.31.40.0-255,66,25959,69,240234
8224,0.000128,172.217.26.0-255,4320,30279,69,240234
8225,0.00013,172.31.40.0-255,66,30345,69,240234
8226,0.000133,172.217.26.0-255,1125,31470,69,240234
8227,0.000134,172.31.40.0-255,66,31536,69,240234
8228,0.000204,172.217.26.0-255,1484,33020,69,240234
8229,0.000208,172.31.40.0-255,66,33086,69,240234
8230,0.000212,172.217.26.0-255,2902,35988,69,240234
8231,0.000214,172.31.40.0-255,66,36054,69,240234
8232,0.000219,172.217.26.0-255,4320,40374,69,240234
8233,0.000221,172.31.40.0-255,66,40440,69,240234
8234,0.000243,172.217.26.0-255,1484,41924,69,240234
8235,0.000245,172.31.40.0-255,66,41990,69,240234
8236,0.000252,172.217.26.0-255,6797,48787,69,240234
8237,0.000254,172.31.40.0-255,66,48853,69,240234
8238,0.000284,172.31.40.0-255,66,48919,69,240234
8239,0.000287,172.217.26.0-255,2543,51462,69,240234
8240,0.000289,172.31.40.0-255,66,51528,69,240234
8241,0.000361,172.217.26.0-255,395,51923,69,240234
8242,0.000841,172.31.40.0-255,66,51989,69,240234
8243,0.001032,172.217.26.0-255,113,52102,69,240234
8244,0.00114,172.217.26.0-255,1484,53586,69,240234
8245,0.001145,172.31.40.0-255,66,53652,69,240234
8246,0.00115,172.217.26.0-255,2902,56554,69,240234
8247,0.001152,172.31.40.0-255,66,56620,69,240234
8248,0.001171,172.217.26.0-255,5738,62358,69,240234
8249,0.001172,172.31.40.0-255,66,62424,69,240234
8250,0.001197,172.217.26.0-255,6797,69221,69,240234
8251,0.001199,172.31.40.0-255,66,69287,69,240234
8252,0.001233,172.217.26.0-255,2902,72189,69,240234
8253,0.001235,172.31.40.0-255,66,72255,69,240234
8254,0.00125,172.217.26.0-255,4320,76575,69,240234
8255,0.001252,172.31.40.0-255,66,76641,69,240234
8256,0.001262,172.31.40.0-255,66,76707,69,240234
8257,0.001264,172.217.26.0-255,1125,77832,69,240234
8258,0.001379,172.217.26.0-255,1484,79316,69,240234
8259,0.001384,172.31.40.0-255,66,79382,69,240234
8260,0.001401,172.217.26.0-255,2902,82284,69,240234
8261,0.001403,172.31.40.0-255,66,82350,69,240234
8262,0.001406,172.217.26.0-255,1484,83834,69,240234
8263,0.001427,172.217.26.0-255,4320,88154,69,240234
8264,0.001429,172.31.40.0-255,66,88220,69,240234
8265,0.001456,172.31.40.0-255,66,88286,69,240234
8266,0.001463,172.217.26.0-255,5738,94024,69,240234
8267,0.001465,172.31.40.0-255,66,94090,69,240234
8268,0.001498,172.217.26.0-255,4320,98410,69,240234
8269,0.001501,172.31.40.0-255,66,98476,69,240234
8270,0.001507,172.217.26.0-255,5020,103496,69,240234
8271,0.001509,172.31.40.0-255,66,103562,69,240234
8272,0.00154,172.217.26.0-255,1484,105046,69,240234
8273,0.00157,172.217.26.0-255,1484,106530,69,240234
8274,0.001573,172.31.40.0-255,66,106596,69,240234
8275,0.00158,172.217.26.0-255,4320,110916,69,240234
8276,0.001582,172.31.40.0-255,66,110982,69,240234
8277,0.001593,172.31.40.0-255,66,111048,69,240234
8278,0.001595,172.217.26.0-255,1484,112532,69,240234
8279,0.001616,172.217.26.0-255,5738,118270,69,240234
8280,0.001619,172.31.40.0-255,66,118336,69,240234
8281,0.001629,172.31.40.0-255,66,118402,69,240234
8282,0.00165,172.217.26.0-255,2184,120586,69,240234
8283,0.001653,172.31.40.0-255,66,120652,69,240234
8284,0.003556,172.217.26.0-255,2902,123554,69,240234
8285,0.003561,172.31.40.0-255,66,123620,69,240234
8286,0.00358,172.217.26.0-255,2902,126522,69,240234
8287,0.003582,172.31.40.0-255,66,126588,69,240234
8288,0.005512,172.217.26.0-255,2902,129490,69,240234
8289,0.005515,172.31.40.0-255,66,129556,69,240234
8290,0.005534,172.217.26.0-255,2902,132458,69,240234
8291,0.005536,172.31.40.0-255,66,132524,69,240234
8292,0.007594,172.217.26.0-255,5738,138262,69,240234
8293,0.007601,172.31.40.0-255,66,138328,69,240234
8294,0.009544,172.217.26.0-255,5738,144066,69,240234
8295,0.009552,172.31.40.0-255,66,144132,69,240234
8296,0.011491,172.217.26.0-255,5738,149870,69,240234
8297,0.011498,172.31.40.0-255,66,149936,69,240234
8298,0.013438,172.217.26.0-255,5738,155674,69,240234
8299,0.013445,172.31.40.0-255,66,155740,69,240234
8300,0.015386,172.217.26.0-255,5738,161478,69,240234
8301,0.015393,172.31.40.0-255,66,161544,69,240234
8302,0.017335,172.217.26.0-255,5738,167282,69,240234
8303,0.017344,172.31.40.0-255,66,167348,69,240234
8304,0.019293,172.217.26.0-255,5738,173086,69,240234
8305,0.019301,172.31.40.0-255,66,173152,69,240234
8306,0.021257,172.217.26.0-255,5738,178890,69,240234
8307,0.021264,172.31.40.0-255,66,178956,69,240234
8308,0.023206,172.217.26.0-255,5738,184694,69,240234
8309,0.023213,172.31.40.0-255,66,184760,69,240234
8310,0.025157,172.217.26.0-255,5738,190498,69,240234
8311,0.025163,172.31.40.0-255,66,190564,69,240234
8312,0.027105,172.217.26.0-255,5738,196302,69,240234
8313,0.027114,172.31.40.0-255,66,196368,69,240234
8314,0.029064,172.217.26.0-255,5738,202106,69,240234
8315,0.029071,172.31.40.0-255,66,202172,69,240234
8316,0.031034,172.217.26.0-255,5738,207910,69,240234
8317,0.031042,172.31.40.0-255,66,207976,69,240234
8318,0.033005,172.217.26.0-255,5738,213714,69,240234
8319,0.033013,172.31.40.0-255,66,213780,69,240234
8320,0.034136,172.31.40.0-255,172,213952,69,240234
8321,0.034167,172.31.40.0-255,1114,215066,69,240234
8322,0.034231,172.31.40.0-255,1514,216580,69,240234
8323,0.034233,172.31.40.0-255,1514,218094,69,240234
8324,0.034234,172.31.40.0-255,1514,219608,69,240234
8325,0.034239,172.31.40.0-255,1514,221122,69,240234
8326,0.03424,172.31.40.0-255,1502,222624,69,240234
8327,0.034971,172.217.26.0-255,5738,228362,69,240234
8328,0.034978,172.31.40.0-255,66,228428,69,240234
8329,0.035709,104.244.42.0-255,66,228494,69,240234
8330,0.035829,104.244.42.0-255,66,228560,69,240234
8331,0.035835,104.244.42.0-255,66,228626,69,240234
8332,0.036924,172.217.26.0-255,5738,234364,69,240234
8333,0.036932,172.31.40.0-255,66,234430,69,240234
8334,0.038869,172.217.26.0-255,5738,240168,69,240234
8335,0.038879,172.31.40.0-255,66,240234,69,240234
8336,0.0,142.250.4.0-255,146,146,69,174687
8337,1.6e-05,172.31.40.0-255,66,212,69,174687
8338,2.2e-05,142.250.4.0-255,1484,1696,69,174687
8339,2.6e-05,172.31.40.0-255,66,1762,69,174687
8340,3.1e-05,142.250.4.0-255,2902,4664,69,174687
8341,4e-05,172.31.40.0-255,66,4730,69,174687
8342,4.3e-05,142.250.4.0-255,1484,6214,69,174687
8343,4.6e-05,172.31.40.0-255,66,6280,69,174687
8344,6.4e-05,142.250.4.0-255,5738,12018,69,174687
8345,6.6e-05,172.31.40.0-255,66,12084,69,174687
8346,7.3e-05,142.250.4.0-255,2095,14179,69,174687
8347,7.5e-05,172.31.40.0-255,66,14245,69,174687
8348,0.000109,172.31.40.0-255,66,14311,69,174687
8349,0.000114,142.250.4.0-255,5379,19690,69,174687
8350,0.000117,172.31.40.0-255,66,19756,69,174687
8351,0.000215,142.250.4.0-255,1484,21240,69,174687
8352,0.000218,172.31.40.0-255,66,21306,69,174687
8353,0.000222,142.250.4.0-255,2902,24208,69,174687
8354,0.000225,172.31.40.0-255,66,24274,69,174687
8355,0.000229,142.250.4.0-255,2902,27176,69,174687
8356,0.00023,172.31.40.0-255,66,27242,69,174687
8357,0.000258,142.250.4.0-255,2902,30144,69,174687
8358,0.000261,172.31.40.0-255,66,30210,69,174687
8359,0.000277,172.31.40.0-255,66,30276,69,174687
8360,0.000286,172.31.40.0-255,66,30342,69,174687
8361,0.000316,142.250.4.0-255,2482,32824,69,174687
8362,0.000322,172.31.40.0-255,66,32890,69,174687
8363,0.000362,142.250.4.0-255,380,33270,69,174687
8364,0.000364,172.31.40.0-255,66,33336,69,174687
8365,0.000701,142.250.4.0-255,1484,34820,69,174687
8366,0.000706,172.31.40.0-255,66,34886,69,174687
8367,0.000712,142.250.4.0-255,2902,37788,69,174687
8368,0.000714,172.31.40.0-255,66,37854,69,174687
8369,0.000764,142.250.4.0-255,4320,42174,69,174687
8370,0.000767,172.31.40.0-255,66,42240,69,174687
8371,0.000774,142.250.4.0-255,5738,47978,69,174687
8372,0.000776,172.31.40.0-255,66,48044,69,174687
8373,0.000793,172.31.40.0-255,66,48110,69,174687
8374,0.0008,142.250.4.0-255,5738,53848,69,174687
8375,0.000803,172.31.40.0-255,66,53914,69,174687
8376,0.000828,142.250.4.0-255,2184,56098,69,174687
8377,0.000831,172.31.40.0-255,66,56164,69,174687
8378,0.000962,142.250.4.0-255,1484,57648,69,174687
8379,0.00097,172.31.40.0-255,66,57714,69,174687
8380,0.000975,142.250.4.0-255,2902,60616,69,174687
8381,0.000978,172.31.40.0-255,66,60682,69,174687
8382,0.000981,142.250.4.0-255,1484,62166,69,174687
8383,0.000983,172.31.40.0-255,66,62232,69,174687
8384,0.001005,142.250.4.0-255,4320,66552,69,174687
8385,0.00101,172.31.40.0-255,66,66618,69,174687
8386,0.001045,172.31.40.0-255,66,66684,69,174687
8387,0.001081,142.250.4.0-255,4320,71004,69,174687
8388,0.001115,142.250.4.0-255,1484,72488,69,174687
8389,0.001132,142.250.4.0-255,2902,75390,69,174687
8390,0.001151,142.250.4.0-255,5020,80410,69,174687
8391,0.001161,172.31.40.0-255,66,80476,69,174687
8392,0.001279,142.250.4.0-255,1484,81960,69,174687
8393,0.001293,142.250.4.0-255,2902,84862,69,174687
8394,0.001295,142.250.4.0-255,1484,86346,69,174687
8395,0.001312,142.250.4.0-255,4320,90666,69,174687
8396,0.001321,172.31.40.0-255,66,90732,69,174687
8397,0.001351,172.31.40.0-255,66,90798,69,174687
8398,0.001359,142.250.4.0-255,2902,93700,69,174687
8399,0.001363,142.250.4.0-255,4320,98020,69,174687
8400,0.001384,142.250.4.0-255,4320,102340,69,174687
8401,0.001389,142.250.4.0-255,2184,104524,69,174687
8402,0.001404,172.31.40.0-255,66,104590,69,174687
8403,0.001563,142.250.4.0-255,1484,106074,69,174687
8404,0.001569,142.250.4.0-255,2902,108976,69,174687
8405,0.001571,172.31.40.0-255,66,109042,69,174687
8406,0.001575,142.250.4.0-255,1484,110526,69,174687
8407,0.001603,142.250.4.0-255,4320,114846,69,174687
8408,0.001608,142.250.4.0-255,4320,119166,69,174687
8409,0.001611,142.250.4.0-255,2902,122068,69,174687
8410,0.00162,172.31.40.0-255,66,122134,69,174687
8411,0.001656,142.250.4.0-255,4320,126454,69,174687
8412,0.00166,172.31.40.0-255,66,126520,69,174687
8413,0.001689,142.250.4.0-255,4320,130840,69,174687
8414,0.001692,172.31.40.0-255,66,130906,69,174687
8415,0.001705,172.31.40.0-255,66,130972,69,174687
8416,0.001741,142.250.4.0-255,7156,138128,69,174687
8417,0.001789,172.31.40.0-255,66,138194,69,174687
8418,0.001814,142.250.4.0-255,4320,142514,69,174687
8419,0.00182,172.31.40.0-255,66,142580,69,174687
8420,0.001865,142.250.4.0-255,5738,148318,69,174687
8421,0.001872,172.31.40.0-255,66,148384,69,174687
8422,0.001884,142.250.4.0-255,7156,155540,69,174687
8423,0.001918,172.31.40.0-255,66,155606,69,174687
8424,0.001929,142.250.4.0-255,5738,161344,69,174687
8425,0.001961,172.31.40.0-255,66,161410,69,174687
8426,0.00204,172.31.40.0-255,66,161476,69,174687
8427,0.002046,172.31.40.0-255,66,161542,69,174687
8428,0.002064,142.250.4.0-255,2902,164444,69,174687
8429,0.002073,172.31.40.0-255,66,164510,69,174687
8430,0.002111,172.31.40.0-255,66,164576,69,174687
8431,0.002126,142.250.4.0-255,1484,166060,69,174687
8432,0.002146,142.250.4.0-255,6172,172232,69,174687
8433,0.002158,172.31.40.0-255,66,172298,69,174687
8434,0.004184,142.250.4.0-255,105,172403,69,174687
8435,0.005229,172.31.40.0-255,66,172469,69,174687
8436,0.005269,172.31.40.0-255,105,172574,69,174687
8437,0.007283,142.250.4.0-255,66,172640,69,174687
8438,0.033358,172.31.40.0-255,172,172812,69,174687
8439,0.033387,172.31.40.0-255,1112,173924,69,174687
8440,0.033452,172.31.40.0-255,565,174489,69,174687
8441,0.035005,104.244.42.0-255,66,174555,69,174687
8442,0.035055,104.244.42.0-255,66,174621,69,174687
8443,0.035065,104.244.42.0-255,66,174687,69,174687
8444,0.0,172.217.194.0-255,152,152,69,221898
8445,2.1e-05,172.31.40.0-255,66,218,69,221898
8446,2.8e-05,172.217.194.0-255,1484,1702,69,221898
8447,3.3e-05,172.31.40.0-255,66,1768,69,221898
8448,3.9e-05,172.217.194.0-255,2902,4670,69,221898
8449,4.4e-05,172.31.40.0-255,66,4736,69,221898
8450,5.9e-05,172.217.194.0-255,7156,11892,69,221898
8451,6.2e-05,172.31.40.0-255,66,11958,69,221898
8452,6.7e-05,172.217.194.0-255,2902,14860,69,221898
8453,6.9e-05,172.31.40.0-255,66,14926,69,221898
8454,0.000108,172.31.40.0-255,66,14992,69,221898
8455,0.000134,172.217.194.0-255,3449,18441,69,221898
8456,0.000137,172.31.40.0-255,66,18507,69,221898
8457,0.000158,172.31.40.0-255,66,18573,69,221898
8458,0.000163,172.217.194.0-255,2902,21475,69,221898
8459,0.000165,172.31.40.0-255,66,21541,69,221898
8460,0.000188,172.217.194.0-255,1125,22666,69,221898
8461,0.00019,172.31.40.0-255,66,22732,69,221898
8462,0.000548,172.217.194.0-255,1484,24216,69,221898
8463,0.000553,172.31.40.0-255,66,24282,69,221898
8464,0.000559,172.217.194.0-255,2902,27184,69,221898
8465,0.000562,172.31.40.0-255,66,27250,69,221898
8466,0.000569,172.217.194.0-255,5738,32988,69,221898
8467,0.000576,172.31.40.0-255,66,33054,69,221898
8468,0.000583,172.217.194.0-255,5738,38792,69,221898
8469,0.000586,172.31.40.0-255,66,38858,69,221898
8470,0.000633,172.217.194.0-255,1125,39983,69,221898
8471,0.000637,172.31.40.0-255,66,40049,69,221898
8472,0.00066,172.217.194.0-255,1484,41533,69,221898
8473,0.000663,172.31.40.0-255,66,41599,69,221898
8474,0.00069,172.217.194.0-255,2902,44501,69,221898
8475,0.000693,172.31.40.0-255,66,44567,69,221898
8476,0.000698,172.217.194.0-255,4320,48887,69,221898
8477,0.000701,172.31.40.0-255,66,48953,69,221898
8478,0.000713,172.31.40.0-255,66,49019,69,221898
8479,0.000739,172.217.194.0-255,1484,50503,69,221898
8480,0.000766,172.217.194.0-255,2902,53405,69,221898
8481,0.000769,172.31.40.0-255,66,53471,69,221898
8482,0.000776,172.217.194.0-255,5738,59209,69,221898
8483,0.000778,172.31.40.0-255,66,59275,69,221898
8484,0.00079,172.217.194.0-255,6797,66072,69,221898
8485,0.000792,172.31.40.0-255,66,66138,69,221898
8486,0.001538,172.217.194.0-255,1484,67622,69,221898
8487,0.001547,172.217.194.0-255,2902,70524,69,221898
8488,0.001551,172.31.40.0-255,66,70590,69,221898
8489,0.001557,172.217.194.0-255,1484,72074,69,221898
8490,0.001592,172.217.194.0-255,4320,76394,69,221898
8491,0.001594,172.31.40.0-255,66,76460,69,221898
8492,0.001599,172.217.194.0-255,2902,79362,69,221898
8493,0.001601,172.31.40.0-255,66,79428,69,221898
8494,0.001624,172.217.194.0-255,3399,82827,69,221898
8495,0.001631,172.31.40.0-255,66,82893,69,221898
8496,0.001717,172.217.194.0-255,1484,84377,69,221898
8497,0.001723,172.217.194.0-255,2902,87279,69,221898
8498,0.001726,172.31.40.0-255,66,87345,69,221898
8499,0.001732,172.217.194.0-255,4320,91665,69,221898
8500,0.001734,172.31.40.0-255,66,91731,69,221898
8501,0.001768,172.217.194.0-255,1484,93215,69,221898
8502,0.00178,172.217.194.0-255,7156,100371,69,221898
8503,0.001783,172.31.40.0-255,66,100437,69,221898
8504,0.001797,172.31.40.0-255,66,100503,69,221898
8505,0.001801,172.217.194.0-255,2184,102687,69,221898
8506,0.001803,172.31.40.0-255,66,102753,69,221898
8507,0.002304,172.217.194.0-255,1484,104237,69,221898
8508,0.002313,172.217.194.0-255,2902,107139,69,221898
8509,0.002317,172.31.40.0-255,66,107205,69,221898
8510,0.002326,172.217.194.0-255,4320,111525,69,221898
8511,0.002327,172.31.40.0-255,66,111591,69,221898
8512,0.002352,172.217.194.0-255,1484,113075,69,221898
8513,0.00237,172.31.40.0-255,66,113141,69,221898
8514,0.002382,172.31.40.0-255,66,113207,69,221898
8515,0.002438,172.217.194.0-255,1484,114691,69,221898
8516,0.002449,172.217.194.0-255,1484,116175,69,221898
8517,0.002452,172.31.40.0-255,66,116241,69,221898
8518,0.00248,172.217.194.0-255,1484,117725,69,221898
8519,0.002487,172.217.194.0-255,5738,123463,69,221898
8520,0.002489,172.31.40.0-255,66,123529,69,221898
8521,0.002494,172.217.194.0-255,2902,126431,69,221898
8522,0.002496,172.31.40.0-255,66,126497,69,221898
8523,0.00253,172.31.40.0-255,66,126563,69,221898
8524,0.002543,172.31.40.0-255,66,126629,69,221898
8525,0.002583,172.217.194.0-255,1484,128113,69,221898
8526,0.002588,172.217.194.0-255,2902,131015,69,221898
8527,0.00259,172.31.40.0-255,66,131081,69,221898
8528,0.002595,172.217.194.0-255,2902,133983,69,221898
8529,0.002597,172.31.40.0-255,66,134049,69,221898
8530,0.005097,172.217.194.0-255,5738,139787,69,221898
8531,0.005104,172.31.40.0-255,66,139853,69,221898
8532,0.007642,172.217.194.0-255,5738,145591,69,221898
8533,0.007648,172.31.40.0-255,66,145657,69,221898
8534,0.010196,172.217.194.0-255,5738,151395,69,221898
8535,0.010204,172.31.40.0-255,66,151461,69,221898
8536,0.012752,172.217.194.0-255,4320,155781,69,221898
8537,0.012758,172.31.40.0-255,66,155847,69,221898
8538,0.012776,172.217.194.0-255,1484,157331,69,221898
8539,0.015338,172.217.194.0-255,4320,161651,69,221898
8540,0.015344,172.31.40.0-255,66,161717,69,221898
8541,0.017864,172.217.194.0-255,5738,167455,69,221898
8542,0.017872,172.31.40.0-255,66,167521,69,221898
8543,0.020448,172.217.194.0-255,5738,173259,69,221898
8544,0.020455,172.31.40.0-255,66,173325,69,221898
8545,0.023009,172.217.194.0-255,5738,179063,69,221898
8546,0.023015,172.31.40.0-255,66,179129,69,221898
8547,0.025539,172.217.194.0-255,5738,184867,69,221898
8548,0.025546,172.31.40.0-255,66,184933,69,221898
8549,0.028077,172.217.194.0-255,5738,190671,69,221898
8550,0.028085,172.31.40.0-255,66,190737,69,221898
8551,0.02961,172.31.40.0-255,167,190904,69,221898
8552,0.029643,172.31.40.0-255,1116,192020,69,221898
8553,0.029707,172.31.40.0-255,1514,193534,69,221898
8554,0.029709,172.31.40.0-255,1514,195048,69,221898
8555,0.02971,172.31.40.0-255,1514,196562,69,221898
8556,0.029712,172.31.40.0-255,1514,198076,69,221898
8557,0.029712,172.31.40.0-255,540,198616,69,221898
8558,0.030604,172.217.194.0-255,5738,204354,69,221898
8559,0.030612,172.31.40.0-255,66,204420,69,221898
8560,0.031803,104.244.42.0-255,66,204486,69,221898
8561,0.033138,172.217.194.0-255,5738,210224,69,221898
8562,0.033142,172.31.40.0-255,66,210290,69,221898
8563,0.035653,172.217.194.0-255,5738,216028,69,221898
8564,0.035659,172.31.40.0-255,66,216094,69,221898
8565,0.038187,172.217.194.0-255,5738,221832,69,221898
8566,0.038194,172.31.40.0-255,66,221898,69,221898
8567,0.0,172.217.194.0-255,150,150,69,236142
8568,2.3e-05,172.31.40.0-255,66,216,69,236142
8569,3e-05,172.217.194.0-255,1484,1700,69,236142
8570,3.5e-05,172.31.40.0-255,66,1766,69,236142
8571,4e-05,172.217.194.0-255,2902,4668,69,236142
8572,5.1e-05,172.31.40.0-255,66,4734,69,236142
8573,5.7e-05,172.217.194.0-255,4320,9054,69,236142
8574,6.1e-05,172.31.40.0-255,66,9120,69,236142
8575,9.7e-05,172.217.194.0-255,4892,14012,69,236142
8576,0.000101,172.31.40.0-255,66,14078,69,236142
8577,0.000188,172.217.194.0-255,1484,15562,69,236142
8578,0.000191,172.31.40.0-255,66,15628,69,236142
8579,0.000195,172.217.194.0-255,1484,17112,69,236142
8580,0.000197,172.31.40.0-255,66,17178,69,236142
8581,0.00023,172.217.194.0-255,1484,18662,69,236142
8582,0.000232,172.31.40.0-255,66,18728,69,236142
8583,0.000239,172.217.194.0-255,5738,24466,69,236142
8584,0.000242,172.31.40.0-255,66,24532,69,236142
8585,0.000246,172.217.194.0-255,2902,27434,69,236142
8586,0.000248,172.31.40.0-255,66,27500,69,236142
8587,0.000281,172.217.194.0-255,3961,31461,69,236142
8588,0.000284,172.31.40.0-255,66,31527,69,236142
8589,0.000693,172.217.194.0-255,1484,33011,69,236142
8590,0.000699,172.31.40.0-255,66,33077,69,236142
8591,0.000727,172.217.194.0-255,2902,35979,69,236142
8592,0.000729,172.31.40.0-255,66,36045,69,236142
8593,0.000736,172.217.194.0-255,5738,41783,69,236142
8594,0.000738,172.31.40.0-255,66,41849,69,236142
8595,0.000776,172.217.194.0-255,6797,48646,69,236142
8596,0.000779,172.31.40.0-255,66,48712,69,236142
8597,0.001183,172.217.194.0-255,1484,50196,69,236142
8598,0.001188,172.31.40.0-255,66,50262,69,236142
8599,0.001196,172.217.194.0-255,2902,53164,69,236142
8600,0.001198,172.31.40.0-255,66,53230,69,236142
8601,0.001209,172.217.194.0-255,5738,58968,69,236142
8602,0.001211,172.31.40.0-255,66,59034,69,236142
8603,0.001253,172.31.40.0-255,66,59100,69,236142
8604,0.001275,172.217.194.0-255,1484,60584,69,236142
8605,0.001287,172.217.194.0-255,1484,62068,69,236142
8606,0.00129,172.31.40.0-255,66,62134,69,236142
8607,0.001319,172.217.194.0-255,1484,63618,69,236142
8608,0.001324,172.217.194.0-255,5738,69356,69,236142
8609,0.001326,172.31.40.0-255,66,69422,69,236142
8610,0.001333,172.217.194.0-255,6797,76219,69,236142
8611,0.001336,172.31.40.0-255,66,76285,69,236142
8612,0.001381,172.217.194.0-255,5738,82023,69,236142
8613,0.001383,172.31.40.0-255,66,82089,69,236142
8614,0.001413,172.31.40.0-255,66,82155,69,236142
8615,0.002052,172.217.194.0-255,1484,83639,69,236142
8616,0.002059,172.217.194.0-255,1484,85123,69,236142
8617,0.002063,172.31.40.0-255,66,85189,69,236142
8618,0.002087,172.217.194.0-255,1484,86673,69,236142
8619,0.002093,172.217.194.0-255,5738,92411,69,236142
8620,0.002095,172.31.40.0-255,66,92477,69,236142
8621,0.002098,172.217.194.0-255,1484,93961,69,236142
8622,0.002124,172.217.194.0-255,5738,99699,69,236142
8623,0.002126,172.31.40.0-255,66,99765,69,236142
8624,0.002143,172.217.194.0-255,2902,102667,69,236142
8625,0.002145,172.31.40.0-255,66,102733,69,236142
8626,0.002162,172.31.40.0-255,66,102799,69,236142
8627,0.002375,172.217.194.0-255,1484,104283,69,236142
8628,0.002394,172.217.194.0-255,2902,107185,69,236142
8629,0.002396,172.31.40.0-255,66,107251,69,236142
8630,0.002401,172.217.194.0-255,2902,110153,69,236142
8631,0.002403,172.31.40.0-255,66,110219,69,236142
8632,0.002422,172.217.194.0-255,2902,113121,69,236142
8633,0.002424,172.31.40.0-255,66,113187,69,236142
8634,0.002449,172.31.40.0-255,66,113253,69,236142
8635,0.002474,172.217.194.0-255,4320,117573,69,236142
8636,0.002476,172.31.40.0-255,66,117639,69,236142
8637,0.002479,172.217.194.0-255,2902,120541,69,236142
8638,0.002481,172.31.40.0-255,66,120607,69,236142
8639,0.002506,172.217.194.0-255,2902,123509,69,236142
8640,0.002508,172.31.40.0-255,66,123575,69,236142
8641,0.002533,172.217.194.0-255,5020,128595,69,236142
8642,0.002536,172.31.40.0-255,66,128661,69,236142
8643,0.002551,172.217.194.0-255,1484,130145,69,236142
8644,0.002555,172.217.194.0-255,2902,133047,69,236142
8645,0.002557,172.31.40.0-255,66,133113,69,236142
8646,0.002585,172.217.194.0-255,5738,138851,69,236142
8647,0.002587,172.31.40.0-255,66,138917,69,236142
8648,0.002599,172.31.40.0-255,66,138983,69,236142
8649,0.002613,172.31.40.0-255,66,139049,69,236142
8650,0.002639,172.217.194.0-255,2184,141233,69,236142
8651,0.002641,172.31.40.0-255,66,141299,69,236142
8652,0.003199,172.217.194.0-255,1484,142783,69,236142
8653,0.003211,172.217.194.0-255,2902,145685,69,236142
8654,0.003213,172.31.40.0-255,66,145751,69,236142
8655,0.003217,172.217.194.0-255,2902,148653,69,236142
8656,0.003219,172.31.40.0-255,66,148719,69,236142
8657,0.003252,172.217.194.0-255,2902,151621,69,236142
8658,0.003254,172.31.40.0-255,66,151687,69,236142
8659,0.003265,172.31.40.0-255,66,151753,69,236142
8660,0.003295,172.217.194.0-255,2902,154655,69,236142
8661,0.003296,172.31.40.0-255,66,154721,69,236142
8662,0.003307,172.31.40.0-255,66,154787,69,236142
8663,0.003332,172.217.194.0-255,1484,156271,69,236142
8664,0.003335,172.217.194.0-255,2902,159173,69,236142
8665,0.003337,172.31.40.0-255,66,159239,69,236142
8666,0.003393,172.217.194.0-255,5738,164977,69,236142
8667,0.003396,172.31.40.0-255,66,165043,69,236142
8668,0.003404,172.217.194.0-255,5738,170781,69,236142
8669,0.003406,172.31.40.0-255,66,170847,69,236142
8670,0.003411,172.217.194.0-255,4320,175167,69,236142
8671,0.003413,172.31.40.0-255,66,175233,69,236142
8672,0.003416,172.217.194.0-255,1484,176717,69,236142
8673,0.003458,172.31.40.0-255,66,176783,69,236142
8674,0.003568,172.217.194.0-255,1484,178267,69,236142
8675,0.003587,172.217.194.0-255,2902,181169,69,236142
8676,0.00359,172.31.40.0-255,66,181235,69,236142
8677,0.003596,172.217.194.0-255,5738,186973,69,236142
8678,0.003598,172.31.40.0-255,66,187039,69,236142
8679,0.003629,172.217.194.0-255,4320,191359,69,236142
8680,0.003632,172.31.40.0-255,66,191425,69,236142
8681,0.00366,172.217.194.0-255,5738,197163,69,236142
8682,0.003662,172.31.40.0-255,66,197229,69,236142
8683,0.003673,172.31.40.0-255,66,197295,69,236142
8684,0.003676,172.217.194.0-255,2184,199479,69,236142
8685,0.003679,172.31.40.0-255,66,199545,69,236142
8686,0.00373,172.217.194.0-255,7156,206701,69,236142
8687,0.003733,172.31.40.0-255,66,206767,69,236142
8688,0.003739,172.217.194.0-255,5738,212505,69,236142
8689,0.003741,172.31.40.0-255,66,212571,69,236142
8690,0.003759,172.217.194.0-255,2902,215473,69,236142
8691,0.003762,172.31.40.0-255,66,215539,69,236142
8692,0.003767,172.217.194.0-255,4320,219859,69,236142
8693,0.003769,172.31.40.0-255,66,219925,69,236142
8694,0.003813,172.31.40.0-255,66,219991,69,236142
8695,0.003822,172.31.40.0-255,66,220057,69,236142
8696,0.003832,172.31.40.0-255,66,220123,69,236142
8697,0.003864,172.31.40.0-255,66,220189,69,236142
8698,0.003892,172.217.194.0-255,5020,225209,69,236142
8699,0.003894,172.31.40.0-255,66,225275,69,236142
8700,0.003925,172.217.194.0-255,1484,226759,69,236142
8701,0.003989,172.217.194.0-255,105,226864,69,236142
8702,0.004537,172.31.40.0-255,66,226930,69,236142
8703,0.007093,172.31.40.0-255,105,227035,69,236142
8704,0.009692,172.217.194.0-255,66,227101,69,236142
8705,0.038024,172.31.40.0-255,172,227273,69,236142
8706,0.038059,172.31.40.0-255,1112,228385,69,236142
8707,0.038128,172.31.40.0-255,1514,229899,69,236142
8708,0.03813,172.31.40.0-255,1514,231413,69,236142
8709,0.038131,172.31.40.0-255,1514,232927,69,236142
8710,0.038136,172.31.40.0-255,1514,234441,69,236142
8711,0.038159,172.31.40.0-255,1503,235944,69,236142
8712,0.039712,104.244.42.0-255,66,236010,69,236142
8713,0.039722,104.244.42.0-255,66,236076,69,236142
8714,0.039816,104.244.42.0-255,66,236142,69,236142
8715,0.0,172.31.40.0-255,105,105,69,105
8716,0.0,172.31.40.0-255,105,105,69,276
8717,0.001887,157.240.7.0-255,105,210,69,276
8718,0.001902,172.31.40.0-255,66,276,69,276
8719,0.0,172.31.40.0-255,105,105,69,276
8720,0.002169,157.240.7.0-255,105,210,69,276
8721,0.002178,172.31.40.0-255,66,276,69,276
8722,0.0,74.125.68.0-255,431,431,69,126315
8723,1.2e-05,74.125.68.0-255,1484,1915,69,126315
8724,1.9e-05,172.31.40.0-255,66,1981,69,126315
8725,2.9e-05,74.125.68.0-255,4320,6301,69,126315
8726,3.2e-05,172.31.40.0-255,66,6367,69,126315
8727,0.000188,74.125.68.0-255,4320,10687,69,126315
8728,0.000194,172.31.40.0-255,66,10753,69,126315
8729,0.000378,74.125.68.0-255,4875,15628,69,126315
8730,0.000382,172.31.40.0-255,66,15694,69,126315
8731,0.000605,172.31.40.0-255,66,15760,69,126315
8732,0.000625,74.125.68.0-255,2902,18662,69,126315
8733,0.000628,172.31.40.0-255,66,18728,69,126315
8734,0.001103,74.125.68.0-255,2902,21630,69,126315
8735,0.001109,172.31.40.0-255,66,21696,69,126315
8736,0.002306,74.125.68.0-255,5738,27434,69,126315
8737,0.00269,172.31.40.0-255,66,27500,69,126315
8738,0.002988,74.125.68.0-255,4320,31820,69,126315
8739,0.002993,172.31.40.0-255,66,31886,69,126315
8740,0.003051,172.31.40.0-255,66,31952,69,126315
8741,0.003736,74.125.68.0-255,4320,36272,69,126315
8742,0.00374,172.31.40.0-255,66,36338,69,126315
8743,0.00439,172.31.40.0-255,66,36404,69,126315
8744,0.004415,74.125.68.0-255,7156,43560,69,126315
8745,0.004437,172.31.40.0-255,66,43626,69,126315
8746,0.004999,74.125.68.0-255,7156,50782,69,126315
8747,0.005004,172.31.40.0-255,66,50848,69,126315
8748,0.005024,74.125.68.0-255,4320,55168,69,126315
8749,0.00509,74.125.68.0-255,5738,60906,69,126315
8750,0.005152,172.31.40.0-255,66,60972,69,126315
8751,0.005516,74.125.68.0-255,4320,65292,69,126315
8752,0.005522,172.31.40.0-255,66,65358,69,126315
8753,0.005555,172.31.40.0-255,66,65424,69,126315
8754,0.005577,74.125.68.0-255,7156,72580,69,126315
8755,0.00558,172.31.40.0-255,66,72646,69,126315
8756,0.006695,74.125.68.0-255,4320,76966,69,126315
8757,0.006703,172.31.40.0-255,66,77032,69,126315
8758,0.006757,172.31.40.0-255,66,77098,69,126315
8759,0.007299,74.125.68.0-255,1514,78612,69,126315
8760,0.007307,172.31.40.0-255,66,78678,69,126315
8761,0.007498,172.31.40.0-255,66,78744,69,126315
8762,0.007546,172.31.40.0-255,66,78810,69,126315
8763,0.007563,74.125.68.0-255,4320,83130,69,126315
8764,0.007566,172.31.40.0-255,66,83196,69,126315
8765,0.007581,74.125.68.0-255,2902,86098,69,126315
8766,0.007583,172.31.40.0-255,66,86164,69,126315
8767,0.007899,74.125.68.0-255,7156,93320,69,126315
8768,0.007904,172.31.40.0-255,66,93386,69,126315
8769,0.007944,172.31.40.0-255,66,93452,69,126315
8770,0.008032,172.31.40.0-255,66,93518,69,126315
8771,0.008522,172.31.40.0-255,66,93584,69,126315
8772,0.008561,172.31.40.0-255,66,93650,69,126315
8773,0.009058,74.125.68.0-255,5738,99388,69,126315
8774,0.009063,172.31.40.0-255,66,99454,69,126315
8775,0.009102,172.31.40.0-255,66,99520,69,126315
8776,0.009112,74.125.68.0-255,1590,101110,69,126315
8777,0.009128,172.31.40.0-255,66,101176,69,126315
8778,0.009611,74.125.68.0-255,2902,104078,69,126315
8779,0.009616,172.31.40.0-255,66,104144,69,126315
8780,0.009664,172.31.40.0-255,66,104210,69,126315
8781,0.009724,172.31.40.0-255,66,104276,69,126315
8782,0.009839,74.125.68.0-255,5738,110014,69,126315
8783,0.00985,172.31.40.0-255,66,110080,69,126315
8784,0.00987,74.125.68.0-255,6891,116971,69,126315
8785,0.009905,172.31.40.0-255,66,117037,69,126315
8786,0.013318,172.31.40.0-255,105,117142,69,126315
8787,0.015601,74.125.68.0-255,66,117208,69,126315
8788,0.031134,172.31.40.0-255,172,117380,69,126315
8789,0.031167,172.31.40.0-255,1116,118496,69,126315
8790,0.031249,172.31.40.0-255,1514,120010,69,126315
8791,0.031251,172.31.40.0-255,1514,121524,69,126315
8792,0.031257,172.31.40.0-255,1514,123038,69,126315
8793,0.031258,172.31.40.0-255,1514,124552,69,126315
8794,0.031288,172.31.40.0-255,1499,126051,69,126315
8795,0.032731,104.244.42.0-255,66,126117,69,126315
8796,0.032764,104.244.42.0-255,66,126183,69,126315
8797,0.032827,104.244.42.0-255,66,126249,69,126315
8798,0.032886,104.244.42.0-255,66,126315,69,126315
8799,0.0,172.31.40.0-255,105,105,69,459
8800,0.000185,172.31.40.0-255,90,195,69,459
8801,0.000195,172.31.40.0-255,66,261,69,459
8802,0.002185,74.125.130.0-255,66,327,69,459
8803,0.002217,74.125.130.0-255,66,393,69,459
8804,0.002239,172.31.40.0-255,66,459,69,459
8805,0.0,172.217.24.0-255,153,153,69,216937
8806,2.4e-05,172.31.40.0-255,66,219,69,216937
8807,3.1e-05,172.217.24.0-255,1484,1703,69,216937
8808,3.6e-05,172.31.40.0-255,66,1769,69,216937
8809,3.9e-05,172.217.24.0-255,1484,3253,69,216937
8810,4.9e-05,172.31.40.0-255,66,3319,69,216937
8811,5.5e-05,172.217.24.0-255,2902,6221,69,216937
8812,5.9e-05,172.31.40.0-255,66,6287,69,216937
8813,6.8e-05,172.217.24.0-255,5738,12025,69,216937
8814,7.2e-05,172.31.40.0-255,66,12091,69,216937
8815,7.6e-05,172.217.24.0-255,2092,14183,69,216937
8816,7.9e-05,172.31.40.0-255,66,14249,69,216937
8817,0.000111,172.217.24.0-255,2902,17151,69,216937
8818,0.000114,172.31.40.0-255,66,17217,69,216937
8819,0.000125,172.217.24.0-255,1484,18701,69,216937
8820,0.000127,172.31.40.0-255,66,18767,69,216937
8821,0.000158,172.217.24.0-255,2902,21669,69,216937
8822,0.000161,172.31.40.0-255,66,21735,69,216937
8823,0.000168,172.217.24.0-255,5738,27473,69,216937
8824,0.00017,172.31.40.0-255,66,27539,69,216937
8825,0.00018,172.217.24.0-255,3961,31500,69,216937
8826,0.000182,172.31.40.0-255,66,31566,69,216937
8827,0.000283,172.217.24.0-255,1484,33050,69,216937
8828,0.000286,172.31.40.0-255,66,33116,69,216937
8829,0.00029,172.217.24.0-255,1484,34600,69,216937
8830,0.000292,172.31.40.0-255,66,34666,69,216937
8831,0.000312,172.217.24.0-255,1484,36150,69,216937
8832,0.000314,172.31.40.0-255,66,36216,69,216937
8833,0.000321,172.217.24.0-255,5738,41954,69,216937
8834,0.000328,172.31.40.0-255,66,42020,69,216937
8835,0.000336,172.217.24.0-255,6797,48817,69,216937
8836,0.000339,172.31.40.0-255,66,48883,69,216937
8837,0.000387,172.217.24.0-255,1484,50367,69,216937
8838,0.000393,172.217.24.0-255,2902,53269,69,216937
8839,0.000395,172.31.40.0-255,66,53335,69,216937
8840,0.000422,172.217.24.0-255,5738,59073,69,216937
8841,0.000424,172.31.40.0-255,66,59139,69,216937
8842,0.000432,172.217.24.0-255,5738,64877,69,216937
8843,0.000434,172.31.40.0-255,66,64943,69,216937
8844,0.000449,172.217.24.0-255,1125,66068,69,216937
8845,0.00094,172.217.24.0-255,356,66424,69,216937
8846,0.001102,172.31.40.0-255,66,66490,69,216937
8847,0.001274,172.217.24.0-255,386,66876,69,216937
8848,0.00138,172.217.24.0-255,1484,68360,69,216937
8849,0.001385,172.31.40.0-255,66,68426,69,216937
8850,0.001393,172.217.24.0-255,2902,71328,69,216937
8851,0.001395,172.31.40.0-255,66,71394,69,216937
8852,0.001425,172.217.24.0-255,5738,77132,69,216937
8853,0.001427,172.31.40.0-255,66,77198,69,216937
8854,0.001453,172.217.24.0-255,5738,82936,69,216937
8855,0.001455,172.31.40.0-255,66,83002,69,216937
8856,0.001478,172.217.24.0-255,1125,84127,69,216937
8857,0.001498,172.217.24.0-255,1484,85611,69,216937
8858,0.001501,172.31.40.0-255,66,85677,69,216937
8859,0.001505,172.217.24.0-255,2902,88579,69,216937
8860,0.001507,172.31.40.0-255,66,88645,69,216937
8861,0.001534,172.217.24.0-255,1484,90129,69,216937
8862,0.00154,172.217.24.0-255,5738,95867,69,216937
8863,0.001542,172.31.40.0-255,66,95933,69,216937
8864,0.001564,172.217.24.0-255,1484,97417,69,216937
8865,0.001575,172.217.24.0-255,1484,98901,69,216937
8866,0.001577,172.31.40.0-255,66,98967,69,216937
8867,0.001605,172.217.24.0-255,2543,101510,69,216937
8868,0.001607,172.31.40.0-255,66,101576,69,216937
8869,0.003614,172.217.24.0-255,2902,104478,69,216937
8870,0.003621,172.31.40.0-255,66,104544,69,216937
8871,0.00365,172.217.24.0-255,2902,107446,69,216937
8872,0.003653,172.31.40.0-255,66,107512,69,216937
8873,0.005663,172.217.24.0-255,2902,110414,69,216937
8874,0.005671,172.31.40.0-255,66,110480,69,216937
8875,0.005705,172.217.24.0-255,2902,113382,69,216937
8876,0.005708,172.31.40.0-255,66,113448,69,216937
8877,0.007712,172.217.24.0-255,2902,116350,69,216937
8878,0.007718,172.31.40.0-255,66,116416,69,216937
8879,0.007751,172.217.24.0-255,2902,119318,69,216937
8880,0.007754,172.31.40.0-255,66,119384,69,216937
8881,0.009764,172.217.24.0-255,2902,122286,69,216937
8882,0.00977,172.31.40.0-255,66,122352,69,216937
8883,0.009794,172.217.24.0-255,2902,125254,69,216937
8884,0.009796,172.31.40.0-255,66,125320,69,216937
8885,0.011808,172.217.24.0-255,2902,128222,69,216937
8886,0.011813,172.31.40.0-255,66,128288,69,216937
8887,0.011843,172.217.24.0-255,2902,131190,69,216937
8888,0.011846,172.31.40.0-255,66,131256,69,216937
8889,0.013869,172.217.24.0-255,2902,134158,69,216937
8890,0.013876,172.31.40.0-255,66,134224,69,216937
8891,0.013904,172.217.24.0-255,2902,137126,69,216937
8892,0.013906,172.31.40.0-255,66,137192,69,216937
8893,0.015946,172.217.24.0-255,2902,140094,69,216937
8894,0.015952,172.31.40.0-255,66,140160,69,216937
8895,0.01598,172.217.24.0-255,2902,143062,69,216937
8896,0.015982,172.31.40.0-255,66,143128,69,216937
8897,0.017994,172.217.24.0-255,2902,146030,69,216937
8898,0.018002,172.31.40.0-255,66,146096,69,216937
8899,0.018034,172.217.24.0-255,2902,148998,69,216937
8900,0.018038,172.31.40.0-255,66,149064,69,216937
8901,0.020057,172.217.24.0-255,2902,151966,69,216937
8902,0.020066,172.31.40.0-255,66,152032,69,216937
8903,0.020104,172.217.24.0-255,2902,154934,69,216937
8904,0.020106,172.31.40.0-255,66,155000,69,216937
8905,0.022117,172.217.24.0-255,2902,157902,69,216937
8906,0.022123,172.31.40.0-255,66,157968,69,216937
8907,0.02215,172.217.24.0-255,2902,160870,69,216937
8908,0.022153,172.31.40.0-255,66,160936,69,216937
8909,0.024165,172.217.24.0-255,2902,163838,69,216937
8910,0.024173,172.31.40.0-255,66,163904,69,216937
8911,0.02421,172.217.24.0-255,2902,166806,69,216937
8912,0.024213,172.31.40.0-255,66,166872,69,216937
8913,0.026214,172.217.24.0-255,2902,169774,69,216937
8914,0.026221,172.31.40.0-255,66,169840,69,216937
8915,0.026246,172.217.24.0-255,2902,172742,69,216937
8916,0.026249,172.31.40.0-255,66,172808,69,216937
8917,0.028265,172.217.24.0-255,2902,175710,69,216937
8918,0.028272,172.31.40.0-255,66,175776,69,216937
8919,0.028305,172.217.24.0-255,2902,178678,69,216937
8920,0.028308,172.31.40.0-255,66,178744,69,216937
8921,0.030313,172.217.24.0-255,2902,181646,69,216937
8922,0.03032,172.31.40.0-255,66,181712,69,216937
8923,0.03035,172.217.24.0-255,2902,184614,69,216937
8924,0.030353,172.31.40.0-255,66,184680,69,216937
8925,0.032399,172.217.24.0-255,5738,190418,69,216937
8926,0.032405,172.31.40.0-255,66,190484,69,216937
8927,0.034452,172.217.24.0-255,5738,196222,69,216937
8928,0.034459,172.31.40.0-255,66,196288,69,216937
8929,0.035136,172.31.40.0-255,172,196460,69,216937
8930,0.035165,172.31.40.0-255,1116,197576,69,216937
8931,0.035231,172.31.40.0-255,1514,199090,69,216937
8932,0.035234,172.31.40.0-255,1514,200604,69,216937
8933,0.03524,172.31.40.0-255,1514,202118,69,216937
8934,0.035241,172.31.40.0-255,1514,203632,69,216937
8935,0.03526,172.31.40.0-255,1499,205131,69,216937
8936,0.03652,172.217.24.0-255,5738,210869,69,216937
8937,0.036527,172.31.40.0-255,66,210935,69,216937
8938,0.036807,104.244.42.0-255,66,211001,69,216937
8939,0.036815,104.244.42.0-255,66,211067,69,216937
8940,0.036913,104.244.42.0-255,66,211133,69,216937
8941,0.038568,172.217.24.0-255,5738,216871,69,216937
8942,0.038574,172.31.40.0-255,66,216937,69,216937
8943,0.0,172.31.40.0-255,105,105,69,459
8944,0.000213,172.31.40.0-255,90,195,69,459
8945,0.000223,172.31.40.0-255,66,261,69,459
8946,0.002294,74.125.24.0-255,66,327,69,459
8947,0.002325,74.125.24.0-255,66,393,69,459
8948,0.002346,172.31.40.0-255,66,459,69,459
8949,0.0,74.125.24.0-255,143,143,69,316556
8950,2.2e-05,172.31.40.0-255,66,209,69,316556
8951,2.9e-05,74.125.24.0-255,1484,1693,69,316556
8952,3.4e-05,172.31.40.0-255,66,1759,69,316556
8953,3.9e-05,74.125.24.0-255,2902,4661,69,316556
8954,4.2e-05,172.31.40.0-255,66,4727,69,316556
8955,5.1e-05,74.125.24.0-255,7156,11883,69,316556
8956,5.5e-05,172.31.40.0-255,66,11949,69,316556
8957,5.9e-05,74.125.24.0-255,2103,14052,69,316556
8958,6.1e-05,172.31.40.0-255,66,14118,69,316556
8959,0.000181,74.125.24.0-255,1484,15602,69,316556
8960,0.000186,172.31.40.0-255,66,15668,69,316556
8961,0.000192,74.125.24.0-255,2902,18570,69,316556
8962,0.000194,172.31.40.0-255,66,18636,69,316556
8963,0.000217,74.125.24.0-255,5738,24374,69,316556
8964,0.00022,172.31.40.0-255,66,24440,69,316556
8965,0.000223,74.125.24.0-255,1484,25924,69,316556
8966,0.000225,172.31.40.0-255,66,25990,69,316556
8967,0.000249,74.125.24.0-255,5379,31369,69,316556
8968,0.000251,172.31.40.0-255,66,31435,69,316556
8969,0.000369,74.125.24.0-255,1484,32919,69,316556
8970,0.000373,172.31.40.0-255,66,32985,69,316556
8971,0.000378,74.125.24.0-255,2902,35887,69,316556
8972,0.00038,172.31.40.0-255,66,35953,69,316556
8973,0.000385,74.125.24.0-255,2902,38855,69,316556
8974,0.000387,172.31.40.0-255,66,38921,69,316556
8975,0.000408,74.125.24.0-255,2902,41823,69,316556
8976,0.000411,172.31.40.0-255,66,41889,69,316556
8977,0.000432,74.125.24.0-255,4320,46209,69,316556
8978,0.000434,172.31.40.0-255,66,46275,69,316556
8979,0.000457,74.125.24.0-255,2543,48818,69,316556
8980,0.000459,172.31.40.0-255,66,48884,69,316556
8981,0.000964,74.125.24.0-255,1484,50368,69,316556
8982,0.000974,74.125.24.0-255,2902,53270,69,316556
8983,0.000979,172.31.40.0-255,66,53336,69,316556
8984,0.000999,74.125.24.0-255,1484,54820,69,316556
8985,0.001014,74.125.24.0-255,4320,59140,69,316556
8986,0.001016,172.31.40.0-255,66,59206,69,316556
8987,0.001055,74.125.24.0-255,6797,66003,69,316556
8988,0.001058,172.31.40.0-255,66,66069,69,316556
8989,0.001078,74.125.24.0-255,1484,67553,69,316556
8990,0.001083,74.125.24.0-255,2902,70455,69,316556
8991,0.001086,172.31.40.0-255,66,70521,69,316556
8992,0.00111,74.125.24.0-255,5738,76259,69,316556
8993,0.001113,172.31.40.0-255,66,76325,69,316556
8994,0.001126,74.125.24.0-255,2902,79227,69,316556
8995,0.001129,172.31.40.0-255,66,79293,69,316556
8996,0.001147,74.125.24.0-255,4541,83834,69,316556
8997,0.00115,172.31.40.0-255,66,83900,69,316556
8998,0.001222,74.125.24.0-255,1484,85384,69,316556
8999,0.001226,74.125.24.0-255,1484,86868,69,316556
9000,0.001229,172.31.40.0-255,66,86934,69,316556
9001,0.001255,74.125.24.0-255,1484,88418,69,316556
9002,0.001262,74.125.24.0-255,5738,94156,69,316556
9003,0.001265,172.31.40.0-255,66,94222,69,316556
9004,0.001285,74.125.24.0-255,4320,98542,69,316556
9005,0.001288,172.31.40.0-255,66,98608,69,316556
9006,0.001302,74.125.24.0-255,2543,101151,69,316556
9007,0.001304,172.31.40.0-255,66,101217,69,316556
9008,0.00151,74.125.24.0-255,1484,102701,69,316556
9009,0.001518,74.125.24.0-255,2902,105603,69,316556
9010,0.001523,172.31.40.0-255,66,105669,69,316556
9011,0.001528,74.125.24.0-255,2902,108571,69,316556
9012,0.001531,172.31.40.0-255,66,108637,69,316556
9013,0.001547,74.125.24.0-255,2902,111539,69,316556
9014,0.001549,172.31.40.0-255,66,111605,69,316556
9015,0.001553,74.125.24.0-255,1484,113089,69,316556
9016,0.001557,74.125.24.0-255,2902,115991,69,316556
9017,0.001559,172.31.40.0-255,66,116057,69,316556
9018,0.001605,172.31.40.0-255,66,116123,69,316556
9019,0.001616,172.31.40.0-255,66,116189,69,316556
9020,0.002374,74.125.24.0-255,1484,117673,69,316556
9021,0.002381,74.125.24.0-255,2902,120575,69,316556
9022,0.002385,172.31.40.0-255,66,120641,69,316556
9023,0.002391,74.125.24.0-255,2902,123543,69,316556
9024,0.002394,172.31.40.0-255,66,123609,69,316556
9025,0.002412,74.125.24.0-255,2902,126511,69,316556
9026,0.002414,172.31.40.0-255,66,126577,69,316556
9027,0.002419,74.125.24.0-255,2902,129479,69,316556
9028,0.00242,172.31.40.0-255,66,129545,69,316556
9029,0.002425,74.125.24.0-255,2902,132447,69,316556
9030,0.002427,172.31.40.0-255,66,132513,69,316556
9031,0.002452,74.125.24.0-255,7156,139669,69,316556
9032,0.002454,172.31.40.0-255,66,139735,69,316556
9033,0.002461,74.125.24.0-255,5738,145473,69,316556
9034,0.002463,172.31.40.0-255,66,145539,69,316556
9035,0.002482,74.125.24.0-255,5020,150559,69,316556
9036,0.002485,172.31.40.0-255,66,150625,69,316556
9037,0.0025,74.125.24.0-255,2902,153527,69,316556
9038,0.002503,172.31.40.0-255,66,153593,69,316556
9039,0.002527,172.31.40.0-255,66,153659,69,316556
9040,0.002532,74.125.24.0-255,4320,157979,69,316556
9041,0.002534,172.31.40.0-255,66,158045,69,316556
9042,0.00256,172.31.40.0-255,66,158111,69,316556
9043,0.002571,172.31.40.0-255,66,158177,69,316556
9044,0.002795,74.125.24.0-255,1484,159661,69,316556
9045,0.002812,74.125.24.0-255,2902,162563,69,316556
9046,0.002814,172.31.40.0-255,66,162629,69,316556
9047,0.00282,74.125.24.0-255,4320,166949,69,316556
9048,0.002823,172.31.40.0-255,66,167015,69,316556
9049,0.002835,74.125.24.0-255,1484,168499,69,316556
9050,0.00284,74.125.24.0-255,4320,172819,69,316556
9051,0.002842,172.31.40.0-255,66,172885,69,316556
9052,0.002865,74.125.24.0-255,7156,180041,69,316556
9053,0.002867,172.31.40.0-255,66,180107,69,316556
9054,0.002883,74.125.24.0-255,4320,184427,69,316556
9055,0.002885,172.31.40.0-255,66,184493,69,316556
9056,0.00293,74.125.24.0-255,4320,188813,69,316556
9057,0.002932,172.31.40.0-255,66,188879,69,316556
9058,0.002956,74.125.24.0-255,5020,193899,69,316556
9059,0.002958,172.31.40.0-255,66,193965,69,316556
9060,0.002969,172.31.40.0-255,66,194031,69,316556
9061,0.002981,74.125.24.0-255,5738,199769,69,316556
9062,0.002983,172.31.40.0-255,66,199835,69,316556
9063,0.003052,172.31.40.0-255,66,199901,69,316556
9064,0.003059,74.125.24.0-255,7156,207057,69,316556
9065,0.003061,172.31.40.0-255,66,207123,69,316556
9066,0.003064,74.125.24.0-255,1484,208607,69,316556
9067,0.003109,172.31.40.0-255,66,208673,69,316556
9068,0.003135,74.125.24.0-255,4320,212993,69,316556
9069,0.003138,172.31.40.0-255,66,213059,69,316556
9070,0.003141,74.125.24.0-255,1484,214543,69,316556
9071,0.003148,74.125.24.0-255,7156,221699,69,316556
9072,0.003151,172.31.40.0-255,66,221765,69,316556
9073,0.003156,74.125.24.0-255,3602,225367,69,316556
9074,0.003159,172.31.40.0-255,66,225433,69,316556
9075,0.003189,74.125.24.0-255,4320,229753,69,316556
9076,0.003193,172.31.40.0-255,66,229819,69,316556
9077,0.0032,74.125.24.0-255,5738,235557,69,316556
9078,0.003202,172.31.40.0-255,66,235623,69,316556
9079,0.003217,74.125.24.0-255,4320,239943,69,316556
9080,0.00322,172.31.40.0-255,66,240009,69,316556
9081,0.003234,74.125.24.0-255,5738,245747,69,316556
9082,0.003237,172.31.40.0-255,66,245813,69,316556
9083,0.003267,74.125.24.0-255,1484,247297,69,316556
9084,0.00328,172.31.40.0-255,66,247363,69,316556
9085,0.003285,74.125.24.0-255,3602,250965,69,316556
9086,0.003287,172.31.40.0-255,66,251031,69,316556
9087,0.00331,74.125.24.0-255,4320,255351,69,316556
9088,0.003313,172.31.40.0-255,66,255417,69,316556
9089,0.003349,172.31.40.0-255,66,255483,69,316556
9090,0.003356,74.125.24.0-255,7156,262639,69,316556
9091,0.003359,172.31.40.0-255,66,262705,69,316556
9092,0.003376,74.125.24.0-255,7156,269861,69,316556
9093,0.003379,172.31.40.0-255,66,269927,69,316556
9094,0.003385,74.125.24.0-255,6438,276365,69,316556
9095,0.003388,172.31.40.0-255,66,276431,69,316556
9096,0.003432,74.125.24.0-255,1484,277915,69,316556
9097,0.003435,74.125.24.0-255,1484,279399,69,316556
9098,0.003438,172.31.40.0-255,66,279465,69,316556
9099,0.003465,74.125.24.0-255,1484,280949,69,316556
9100,0.003472,74.125.24.0-255,5738,286687,69,316556
9101,0.003475,172.31.40.0-255,66,286753,69,316556
9102,0.003479,74.125.24.0-255,2902,289655,69,316556
9103,0.003481,172.31.40.0-255,66,289721,69,316556
9104,0.003505,74.125.24.0-255,7156,296877,69,316556
9105,0.003508,172.31.40.0-255,66,296943,69,316556
9106,0.003552,172.31.40.0-255,66,297009,69,316556
9107,0.003575,74.125.24.0-255,5020,302029,69,316556
9108,0.003579,172.31.40.0-255,66,302095,69,316556
9109,0.00359,172.31.40.0-255,66,302161,69,316556
9110,0.003608,74.125.24.0-255,4746,306907,69,316556
9111,0.003611,172.31.40.0-255,66,306973,69,316556
9112,0.003614,74.125.24.0-255,105,307078,69,316556
9113,0.00662,172.31.40.0-255,66,307144,69,316556
9114,0.006661,172.31.40.0-255,105,307249,69,316556
9115,0.009252,74.125.24.0-255,66,307315,69,316556
9116,0.03502,172.31.40.0-255,240,307555,69,316556
9117,0.035053,172.31.40.0-255,1114,308669,69,316556
9118,0.035134,172.31.40.0-255,1514,310183,69,316556
9119,0.035135,172.31.40.0-255,1514,311697,69,316556
9120,0.035141,172.31.40.0-255,1514,313211,69,316556
9121,0.035142,172.31.40.0-255,1514,314725,69,316556
9122,0.035172,172.31.40.0-255,1501,316226,69,316556
9123,0.036523,104.244.42.0-255,66,316292,69,316556
9124,0.036618,104.244.42.0-255,66,316358,69,316556
9125,0.036678,104.244.42.0-255,66,316424,69,316556
9126,0.036763,104.244.42.0-255,66,316490,69,316556
9127,0.03678,104.244.42.0-255,66,316556,69,316556
9128,0.0,74.125.24.0-255,297,297,69,232032
9129,2.3e-05,172.31.40.0-255,66,363,69,232032
9130,2.8e-05,74.125.24.0-255,1484,1847,69,232032
9131,3.3e-05,172.31.40.0-255,66,1913,69,232032
9132,4e-05,74.125.24.0-255,4320,6233,69,232032
9133,4.4e-05,172.31.40.0-255,66,6299,69,232032
9134,5.6e-05,172.31.40.0-255,66,6365,69,232032
9135,6e-05,74.125.24.0-255,2902,9267,69,232032
9136,6.3e-05,172.31.40.0-255,66,9333,69,232032
9137,0.0001,172.31.40.0-255,66,9399,69,232032
9138,0.000104,74.125.24.0-255,2543,11942,69,232032
9139,0.000106,172.31.40.0-255,66,12008,69,232032
9140,0.000153,74.125.24.0-255,1484,13492,69,232032
9141,0.000156,172.31.40.0-255,66,13558,69,232032
9142,0.000169,74.125.24.0-255,2902,16460,69,232032
9143,0.000172,172.31.40.0-255,66,16526,69,232032
9144,0.000198,74.125.24.0-255,5738,22264,69,232032
9145,0.000201,172.31.40.0-255,66,22330,69,232032
9146,0.000204,74.125.24.0-255,1484,23814,69,232032
9147,0.000206,172.31.40.0-255,66,23880,69,232032
9148,0.000234,172.31.40.0-255,66,23946,69,232032
9149,0.000288,172.31.40.0-255,66,24012,69,232032
9150,0.000301,74.125.24.0-255,135,24147,69,232032
9151,0.000303,172.31.40.0-255,66,24213,69,232032
9152,0.000395,74.125.24.0-255,1484,25697,69,232032
9153,0.000399,172.31.40.0-255,66,25763,69,232032
9154,0.000404,74.125.24.0-255,2902,28665,69,232032
9155,0.000406,172.31.40.0-255,66,28731,69,232032
9156,0.000411,74.125.24.0-255,2902,31633,69,232032
9157,0.000413,172.31.40.0-255,66,31699,69,232032
9158,0.000433,74.125.24.0-255,2902,34601,69,232032
9159,0.000435,172.31.40.0-255,66,34667,69,232032
9160,0.00046,74.125.24.0-255,4320,38987,69,232032
9161,0.000462,172.31.40.0-255,66,39053,69,232032
9162,0.000474,74.125.24.0-255,2543,41596,69,232032
9163,0.000476,172.31.40.0-255,66,41662,69,232032
9164,0.000495,74.125.24.0-255,7156,48818,69,232032
9165,0.000498,172.31.40.0-255,66,48884,69,232032
9166,0.000534,172.31.40.0-255,66,48950,69,232032
9167,0.001254,74.125.24.0-255,1484,50434,69,232032
9168,0.001274,74.125.24.0-255,2902,53336,69,232032
9169,0.001278,172.31.40.0-255,66,53402,69,232032
9170,0.001286,74.125.24.0-255,5738,59140,69,232032
9171,0.001288,172.31.40.0-255,66,59206,69,232032
9172,0.001318,74.125.24.0-255,4320,63526,69,232032
9173,0.00132,172.31.40.0-255,66,63592,69,232032
9174,0.001345,172.31.40.0-255,66,63658,69,232032
9175,0.001355,172.31.40.0-255,66,63724,69,232032
9176,0.001371,74.125.24.0-255,2184,65908,69,232032
9177,0.001373,172.31.40.0-255,66,65974,69,232032
9178,0.001467,74.125.24.0-255,1484,67458,69,232032
9179,0.001473,74.125.24.0-255,2902,70360,69,232032
9180,0.001477,172.31.40.0-255,66,70426,69,232032
9181,0.001483,74.125.24.0-255,4320,74746,69,232032
9182,0.001484,172.31.40.0-255,66,74812,69,232032
9183,0.001497,74.125.24.0-255,1484,76296,69,232032
9184,0.001503,74.125.24.0-255,2902,79198,69,232032
9185,0.001505,172.31.40.0-255,66,79264,69,232032
9186,0.001535,172.31.40.0-255,66,79330,69,232032
9187,0.001546,172.31.40.0-255,66,79396,69,232032
9188,0.001566,74.125.24.0-255,766,80162,69,232032
9189,0.001595,74.125.24.0-255,1484,81646,69,232032
9190,0.001598,172.31.40.0-255,66,81712,69,232032
9191,0.001605,74.125.24.0-255,4320,86032,69,232032
9192,0.001607,172.31.40.0-255,66,86098,69,232032
9193,0.001627,74.125.24.0-255,2902,89000,69,232032
9194,0.00163,172.31.40.0-255,66,89066,69,232032
9195,0.001646,74.125.24.0-255,7156,96222,69,232032
9196,0.001649,172.31.40.0-255,66,96288,69,232032
9197,0.001652,74.125.24.0-255,1484,97772,69,232032
9198,0.001682,172.31.40.0-255,66,97838,69,232032
9199,0.001689,74.125.24.0-255,6438,104276,69,232032
9200,0.001692,172.31.40.0-255,66,104342,69,232032
9201,0.001757,74.125.24.0-255,1484,105826,69,232032
9202,0.001763,74.125.24.0-255,2902,108728,69,232032
9203,0.001766,172.31.40.0-255,66,108794,69,232032
9204,0.001769,74.125.24.0-255,1484,110278,69,232032
9205,0.001789,74.125.24.0-255,4320,114598,69,232032
9206,0.001791,172.31.40.0-255,66,114664,69,232032
9207,0.001795,74.125.24.0-255,2902,117566,69,232032
9208,0.001798,172.31.40.0-255,66,117632,69,232032
9209,0.00182,172.31.40.0-255,66,117698,69,232032
9210,0.001849,172.31.40.0-255,66,117764,69,232032
9211,0.001995,74.125.24.0-255,1484,119248,69,232032
9212,0.002001,74.125.24.0-255,2902,122150,69,232032
9213,0.002005,172.31.40.0-255,66,122216,69,232032
9214,0.002011,74.125.24.0-255,4320,126536,69,232032
9215,0.002013,172.31.40.0-255,66,126602,69,232032
9216,0.002026,74.125.24.0-255,1484,128086,69,232032
9217,0.002061,172.31.40.0-255,66,128152,69,232032
9218,0.002068,74.125.24.0-255,5738,133890,69,232032
9219,0.00207,172.31.40.0-255,66,133956,69,232032
9220,0.002093,172.31.40.0-255,66,134022,69,232032
9221,0.002106,172.31.40.0-255,66,134088,69,232032
9222,0.002138,74.125.24.0-255,2902,136990,69,232032
9223,0.00214,172.31.40.0-255,66,137056,69,232032
9224,0.002174,172.31.40.0-255,66,137122,69,232032
9225,0.004473,74.125.24.0-255,5738,142860,69,232032
9226,0.00448,172.31.40.0-255,66,142926,69,232032
9227,0.006815,74.125.24.0-255,5738,148664,69,232032
9228,0.006822,172.31.40.0-255,66,148730,69,232032
9229,0.009094,74.125.24.0-255,5738,154468,69,232032
9230,0.0091,172.31.40.0-255,66,154534,69,232032
9231,0.011401,74.125.24.0-255,5738,160272,69,232032
9232,0.011408,172.31.40.0-255,66,160338,69,232032
9233,0.013693,74.125.24.0-255,5738,166076,69,232032
9234,0.0137,172.31.40.0-255,66,166142,69,232032
9235,0.015995,74.125.24.0-255,5738,171880,69,232032
9236,0.016003,172.31.40.0-255,66,171946,69,232032
9237,0.018322,74.125.24.0-255,5738,177684,69,232032
9238,0.018331,172.31.40.0-255,66,177750,69,232032
9239,0.02062,74.125.24.0-255,5738,183488,69,232032
9240,0.020628,172.31.40.0-255,66,183554,69,232032
9241,0.022902,74.125.24.0-255,5738,189292,69,232032
9242,0.022909,172.31.40.0-255,66,189358,69,232032
9243,0.025189,74.125.24.0-255,5738,195096,69,232032
9244,0.025199,172.31.40.0-255,66,195162,69,232032
9245,0.027502,74.125.24.0-255,5738,200900,69,232032
9246,0.02751,172.31.40.0-255,66,200966,69,232032
9247,0.029801,74.125.24.0-255,5738,206704,69,232032
9248,0.02981,172.31.40.0-255,66,206770,69,232032
9249,0.032109,74.125.24.0-255,5738,212508,69,232032
9250,0.032118,172.31.40.0-255,66,212574,69,232032
9251,0.03443,74.125.24.0-255,5738,218312,69,232032
9252,0.034438,172.31.40.0-255,66,218378,69,232032
9253,0.036743,74.125.24.0-255,5738,224116,69,232032
9254,0.036751,172.31.40.0-255,66,224182,69,232032
9255,0.03722,172.31.40.0-255,172,224354,69,232032
9256,0.037251,172.31.40.0-255,1114,225468,69,232032
9257,0.03731,172.31.40.0-255,562,226030,69,232032
9258,0.038775,104.244.42.0-255,66,226096,69,232032
9259,0.038818,104.244.42.0-255,66,226162,69,232032
9260,0.038859,104.244.42.0-255,66,226228,69,232032
9261,0.039052,74.125.24.0-255,5738,231966,69,232032
9262,0.039059,172.31.40.0-255,66,232032,69,232032
9263,0.0,74.125.24.0-255,153,153,69,189630
9264,2.4e-05,172.31.40.0-255,66,219,69,189630
9265,3.1e-05,74.125.24.0-255,1484,1703,69,189630
9266,3.7e-05,172.31.40.0-255,66,1769,69,189630
9267,4.3e-05,74.125.24.0-255,2902,4671,69,189630
9268,5.3e-05,172.31.40.0-255,66,4737,69,189630
9269,6.2e-05,74.125.24.0-255,7156,11893,69,189630
9270,6.5e-05,172.31.40.0-255,66,11959,69,189630
9271,6.9e-05,74.125.24.0-255,2063,14022,69,189630
9272,7.1e-05,172.31.40.0-255,66,14088,69,189630
9273,7.6e-05,74.125.24.0-255,2902,16990,69,189630
9274,7.9e-05,172.31.40.0-255,66,17056,69,189630
9275,0.000109,172.31.40.0-255,66,17122,69,189630
9276,0.000115,74.125.24.0-255,5379,22501,69,189630
9277,0.000118,172.31.40.0-255,66,22567,69,189630
9278,0.000238,74.125.24.0-255,1484,24051,69,189630
9279,0.000242,172.31.40.0-255,66,24117,69,189630
9280,0.000246,74.125.24.0-255,1484,25601,69,189630
9281,0.000248,172.31.40.0-255,66,25667,69,189630
9282,0.000281,74.125.24.0-255,1484,27151,69,189630
9283,0.000283,172.31.40.0-255,66,27217,69,189630
9284,0.00029,74.125.24.0-255,5738,32955,69,189630
9285,0.000292,172.31.40.0-255,66,33021,69,189630
9286,0.000309,172.31.40.0-255,66,33087,69,189630
9287,0.000337,74.125.24.0-255,3961,37048,69,189630
9288,0.000344,172.31.40.0-255,66,37114,69,189630
9289,0.000355,172.31.40.0-255,66,37180,69,189630
9290,0.000358,74.125.24.0-255,1438,38618,69,189630
9291,0.00036,172.31.40.0-255,66,38684,69,189630
9292,0.000465,74.125.24.0-255,111,38795,69,189630
9293,0.000641,74.125.24.0-255,1484,40279,69,189630
9294,0.000657,74.125.24.0-255,2902,43181,69,189630
9295,0.000664,74.125.24.0-255,5738,48919,69,189630
9296,0.000683,172.31.40.0-255,66,48985,69,189630
9297,0.000699,74.125.24.0-255,5738,54723,69,189630
9298,0.000718,74.125.24.0-255,5379,60102,69,189630
9299,0.000739,74.125.24.0-255,1484,61586,69,189630
9300,0.000748,172.31.40.0-255,66,61652,69,189630
9301,0.000777,74.125.24.0-255,1125,62777,69,189630
9302,0.000826,74.125.24.0-255,328,63105,69,189630
9303,0.000905,74.125.24.0-255,1484,64589,69,189630
9304,0.000911,74.125.24.0-255,2902,67491,69,189630
9305,0.000928,172.31.40.0-255,66,67557,69,189630
9306,0.000947,74.125.24.0-255,5738,73295,69,189630
9307,0.00099,172.31.40.0-255,66,73361,69,189630
9308,0.001322,74.125.24.0-255,1484,74845,69,189630
9309,0.001329,74.125.24.0-255,2902,77747,69,189630
9310,0.001332,172.31.40.0-255,66,77813,69,189630
9311,0.001336,74.125.24.0-255,1484,79297,69,189630
9312,0.001362,74.125.24.0-255,4320,83617,69,189630
9313,0.001368,74.125.24.0-255,5738,89355,69,189630
9314,0.001378,172.31.40.0-255,66,89421,69,189630
9315,0.00142,74.125.24.0-255,5020,94441,69,189630
9316,0.001458,172.31.40.0-255,66,94507,69,189630
9317,0.002117,74.125.24.0-255,1484,95991,69,189630
9318,0.002125,74.125.24.0-255,2902,98893,69,189630
9319,0.002129,172.31.40.0-255,66,98959,69,189630
9320,0.002133,74.125.24.0-255,1484,100443,69,189630
9321,0.002167,74.125.24.0-255,4320,104763,69,189630
9322,0.002184,172.31.40.0-255,66,104829,69,189630
9323,0.002233,172.31.40.0-255,66,104895,69,189630
9324,0.004766,74.125.24.0-255,5738,110633,69,189630
9325,0.004776,172.31.40.0-255,66,110699,69,189630
9326,0.007304,74.125.24.0-255,5738,116437,69,189630
9327,0.008866,172.31.40.0-255,66,116503,69,189630
9328,0.011432,74.125.24.0-255,5738,122241,69,189630
9329,0.011443,172.31.40.0-255,66,122307,69,189630
9330,0.013962,74.125.24.0-255,5738,128045,69,189630
9331,0.014482,172.31.40.0-255,66,128111,69,189630
9332,0.017003,74.125.24.0-255,5738,133849,69,189630
9333,0.017019,172.31.40.0-255,66,133915,69,189630
9334,0.019571,74.125.24.0-255,5738,139653,69,189630
9335,0.019578,172.31.40.0-255,66,139719,69,189630
9336,0.022151,74.125.24.0-255,5738,145457,69,189630
9337,0.022163,172.31.40.0-255,66,145523,69,189630
9338,0.024716,74.125.24.0-255,5738,151261,69,189630
9339,0.024728,172.31.40.0-255,66,151327,69,189630
9340,0.027253,74.125.24.0-255,5738,157065,69,189630
9341,0.027264,172.31.40.0-255,66,157131,69,189630
9342,0.029838,74.125.24.0-255,5738,162869,69,189630
9343,0.029854,172.31.40.0-255,66,162935,69,189630
9344,0.0324,74.125.24.0-255,5738,168673,69,189630
9345,0.032413,172.31.40.0-255,66,168739,69,189630
9346,0.034977,74.125.24.0-255,5738,174477,69,189630
9347,0.03499,172.31.40.0-255,66,174543,69,189630
9348,0.037532,172.31.40.0-255,172,174715,69,189630
9349,0.037566,172.31.40.0-255,1114,175829,69,189630
9350,0.037608,74.125.24.0-255,5738,181567,69,189630
9351,0.037613,172.31.40.0-255,66,181633,69,189630
9352,0.037727,172.31.40.0-255,1514,183147,69,189630
9353,0.037729,172.31.40.0-255,1514,184661,69,189630
9354,0.037735,172.31.40.0-255,1514,186175,69,189630
9355,0.037736,172.31.40.0-255,1514,187689,69,189630
9356,0.037754,172.31.40.0-255,1503,189192,69,189630
9357,0.039086,104.244.42.0-255,66,189258,69,189630
9358,0.039096,104.244.42.0-255,66,189324,69,189630
9359,0.039296,104.244.42.0-255,66,189390,69,189630
9360,0.039304,104.244.42.0-255,66,189456,69,189630
9361,0.039729,104.244.42.0-255,108,189564,69,189630
9362,0.039739,172.31.40.0-255,66,189630,69,189630
9363,0.0,74.125.200.0-255,153,153,69,318291
9364,2.3e-05,172.31.40.0-255,66,219,69,318291
9365,3e-05,74.125.200.0-255,1484,1703,69,318291
9366,3.5e-05,172.31.40.0-255,66,1769,69,318291
9367,4.8e-05,74.125.200.0-255,2902,4671,69,318291
9368,5.3e-05,172.31.40.0-255,66,4737,69,318291
9369,6e-05,74.125.200.0-255,7156,11893,69,318291
9370,6.4e-05,172.31.40.0-255,66,11959,69,318291
9371,6.7e-05,74.125.200.0-255,2038,13997,69,318291
9372,6.9e-05,172.31.40.0-255,66,14063,69,318291
9373,0.000615,74.125.200.0-255,1484,15547,69,318291
9374,0.000621,172.31.40.0-255,66,15613,69,318291
9375,0.000674,74.125.200.0-255,1484,17097,69,318291
9376,0.000677,172.31.40.0-255,66,17163,69,318291
9377,0.000702,74.125.200.0-255,2902,20065,69,318291
9378,0.000704,172.31.40.0-255,66,20131,69,318291
9379,0.000722,74.125.200.0-255,2902,23033,69,318291
9380,0.000724,172.31.40.0-255,66,23099,69,318291
9381,0.000728,74.125.200.0-255,1484,24583,69,318291
9382,0.000729,172.31.40.0-255,66,24649,69,318291
9383,0.000754,74.125.200.0-255,2902,27551,69,318291
9384,0.00076,172.31.40.0-255,66,27617,69,318291
9385,0.00079,74.125.200.0-255,3961,31578,69,318291
9386,0.000793,172.31.40.0-255,66,31644,69,318291
9387,0.000934,74.125.200.0-255,1484,33128,69,318291
9388,0.000938,172.31.40.0-255,66,33194,69,318291
9389,0.000944,74.125.200.0-255,2902,36096,69,318291
9390,0.000946,172.31.40.0-255,66,36162,69,318291
9391,0.000949,74.125.200.0-255,1484,37646,69,318291
9392,0.000951,172.31.40.0-255,66,37712,69,318291
9393,0.00098,74.125.200.0-255,4320,42032,69,318291
9394,0.000983,172.31.40.0-255,66,42098,69,318291
9395,0.000987,74.125.200.0-255,4320,46418,69,318291
9396,0.000989,172.31.40.0-255,66,46484,69,318291
9397,0.001033,74.125.200.0-255,2902,49386,69,318291
9398,0.001036,172.31.40.0-255,66,49452,69,318291
9399,0.001065,74.125.200.0-255,2543,51995,69,318291
9400,0.001068,172.31.40.0-255,66,52061,69,318291
9401,0.001075,74.125.200.0-255,5738,57799,69,318291
9402,0.001077,172.31.40.0-255,66,57865,69,318291
9403,0.001084,74.125.200.0-255,2902,60767,69,318291
9404,0.001085,172.31.40.0-255,66,60833,69,318291
9405,0.001113,74.125.200.0-255,5686,66519,69,318291
9406,0.001115,172.31.40.0-255,66,66585,69,318291
9407,0.001138,74.125.200.0-255,115,66700,69,318291
9408,0.001178,74.125.200.0-255,329,67029,69,318291
9409,0.001452,74.125.200.0-255,1484,68513,69,318291
9410,0.001457,172.31.40.0-255,66,68579,69,318291
9411,0.001461,74.125.200.0-255,2902,71481,69,318291
9412,0.001463,172.31.40.0-255,66,71547,69,318291
9413,0.001481,74.125.200.0-255,4320,75867,69,318291
9414,0.001483,172.31.40.0-255,66,75933,69,318291
9415,0.0015,74.125.200.0-255,1484,77417,69,318291
9416,0.001503,74.125.200.0-255,1484,78901,69,318291
9417,0.001505,172.31.40.0-255,66,78967,69,318291
9418,0.001509,74.125.200.0-255,2902,81869,69,318291
9419,0.001511,172.31.40.0-255,66,81935,69,318291
9420,0.001513,74.125.200.0-255,1484,83419,69,318291
9421,0.001544,74.125.200.0-255,4320,87739,69,318291
9422,0.001546,172.31.40.0-255,66,87805,69,318291
9423,0.001549,74.125.200.0-255,1484,89289,69,318291
9424,0.001573,74.125.200.0-255,4320,93609,69,318291
9425,0.001575,172.31.40.0-255,66,93675,69,318291
9426,0.001581,74.125.200.0-255,5738,99413,69,318291
9427,0.001583,172.31.40.0-255,66,99479,69,318291
9428,0.001609,74.125.200.0-255,1484,100963,69,318291
9429,0.001612,74.125.200.0-255,766,101729,69,318291
9430,0.001614,172.31.40.0-255,66,101795,69,318291
9431,0.001816,74.125.200.0-255,1484,103279,69,318291
9432,0.001836,74.125.200.0-255,1484,104763,69,318291
9433,0.001838,172.31.40.0-255,66,104829,69,318291
9434,0.001887,74.125.200.0-255,1484,106313,69,318291
9435,0.001899,74.125.200.0-255,1484,107797,69,318291
9436,0.001901,172.31.40.0-255,66,107863,69,318291
9437,0.001904,74.125.200.0-255,1484,109347,69,318291
9438,0.001931,74.125.200.0-255,2902,112249,69,318291
9439,0.001933,172.31.40.0-255,66,112315,69,318291
9440,0.001966,74.125.200.0-255,5738,118053,69,318291
9441,0.001969,172.31.40.0-255,66,118119,69,318291
9442,0.001993,74.125.200.0-255,2902,121021,69,318291
9443,0.001995,172.31.40.0-255,66,121087,69,318291
9444,0.002,74.125.200.0-255,4320,125407,69,318291
9445,0.002002,172.31.40.0-255,66,125473,69,318291
9446,0.002011,74.125.200.0-255,5738,131211,69,318291
9447,0.002013,172.31.40.0-255,66,131277,69,318291
9448,0.002016,74.125.200.0-255,1484,132761,69,318291
9449,0.00202,74.125.200.0-255,2902,135663,69,318291
9450,0.002022,172.31.40.0-255,66,135729,69,318291
9451,0.002059,74.125.200.0-255,766,136495,69,318291
9452,0.002154,74.125.200.0-255,1484,137979,69,318291
9453,0.002156,172.31.40.0-255,66,138045,69,318291
9454,0.002159,74.125.200.0-255,1484,139529,69,318291
9455,0.00218,74.125.200.0-255,1484,141013,69,318291
9456,0.002182,172.31.40.0-255,66,141079,69,318291
9457,0.002188,74.125.200.0-255,5738,146817,69,318291
9458,0.002191,172.31.40.0-255,66,146883,69,318291
9459,0.002194,74.125.200.0-255,2902,149785,69,318291
9460,0.0022,172.31.40.0-255,66,149851,69,318291
9461,0.002219,74.125.200.0-255,1484,151335,69,318291
9462,0.002228,74.125.200.0-255,5738,157073,69,318291
9463,0.002231,172.31.40.0-255,66,157139,69,318291
9464,0.002243,74.125.200.0-255,1484,158623,69,318291
9465,0.002269,172.31.40.0-255,66,158689,69,318291
9466,0.002303,74.125.200.0-255,2184,160873,69,318291
9467,0.002305,172.31.40.0-255,66,160939,69,318291
9468,0.00233,74.125.200.0-255,2902,163841,69,318291
9469,0.002332,172.31.40.0-255,66,163907,69,318291
9470,0.002356,74.125.200.0-255,7156,171063,69,318291
9471,0.002359,172.31.40.0-255,66,171129,69,318291
9472,0.002393,74.125.200.0-255,1484,172613,69,318291
9473,0.002408,74.125.200.0-255,1484,174097,69,318291
9474,0.00241,172.31.40.0-255,66,174163,69,318291
9475,0.002436,74.125.200.0-255,1484,175647,69,318291
9476,0.002442,74.125.200.0-255,5738,181385,69,318291
9477,0.002444,172.31.40.0-255,66,181451,69,318291
9478,0.002446,74.125.200.0-255,1484,182935,69,318291
9479,0.002474,74.125.200.0-255,7156,190091,69,318291
9480,0.002477,172.31.40.0-255,66,190157,69,318291
9481,0.002499,74.125.200.0-255,5020,195177,69,318291
9482,0.002501,172.31.40.0-255,66,195243,69,318291
9483,0.002525,74.125.200.0-255,1484,196727,69,318291
9484,0.002539,74.125.200.0-255,4320,201047,69,318291
9485,0.002542,172.31.40.0-255,66,201113,69,318291
9486,0.002546,74.125.200.0-255,1484,202597,69,318291
9487,0.002572,74.125.200.0-255,4320,206917,69,318291
9488,0.002575,172.31.40.0-255,66,206983,69,318291
9489,0.00258,74.125.200.0-255,4320,211303,69,318291
9490,0.002583,172.31.40.0-255,66,211369,69,318291
9491,0.002605,74.125.200.0-255,2902,214271,69,318291
9492,0.002612,172.31.40.0-255,66,214337,69,318291
9493,0.002618,74.125.200.0-255,5738,220075,69,318291
9494,0.00262,172.31.40.0-255,66,220141,69,318291
9495,0.002661,74.125.200.0-255,4320,224461,69,318291
9496,0.002663,172.31.40.0-255,66,224527,69,318291
9497,0.002689,74.125.200.0-255,2902,227429,69,318291
9498,0.002692,172.31.40.0-255,66,227495,69,318291
9499,0.005328,74.125.200.0-255,5738,233233,69,318291
9500,0.005338,172.31.40.0-255,66,233299,69,318291
9501,0.007991,74.125.200.0-255,5738,239037,69,318291
9502,0.007999,172.31.40.0-255,66,239103,69,318291
9503,0.010655,74.125.200.0-255,5738,244841,69,318291
9504,0.010664,172.31.40.0-255,66,244907,69,318291
9505,0.013318,74.125.200.0-255,5738,250645,69,318291
9506,0.013327,172.31.40.0-255,66,250711,69,318291
9507,0.015968,74.125.200.0-255,4320,255031,69,318291
9508,0.015975,172.31.40.0-255,66,255097,69,318291
9509,0.016006,74.125.200.0-255,1484,256581,69,318291
9510,0.018634,74.125.200.0-255,4320,260901,69,318291
9511,0.018644,172.31.40.0-255,66,260967,69,318291
9512,0.021287,74.125.200.0-255,5738,266705,69,318291
9513,0.021294,172.31.40.0-255,66,266771,69,318291
9514,0.023949,74.125.200.0-255,5738,272509,69,318291
9515,0.023959,172.31.40.0-255,66,272575,69,318291
9516,0.026617,74.125.200.0-255,5738,278313,69,318291
9517,0.026625,172.31.40.0-255,66,278379,69,318291
9518,0.029266,74.125.200.0-255,5738,284117,69,318291
9519,0.029273,172.31.40.0-255,66,284183,69,318291
9520,0.031919,74.125.200.0-255,5738,289921,69,318291
9521,0.031925,172.31.40.0-255,66,289987,69,318291
9522,0.034605,74.125.200.0-255,5738,295725,69,318291
9523,0.034613,172.31.40.0-255,66,295791,69,318291
9524,0.035113,172.31.40.0-255,171,295962,69,318291
9525,0.035145,172.31.40.0-255,1140,297102,69,318291
9526,0.035209,172.31.40.0-255,1514,298616,69,318291
9527,0.035211,172.31.40.0-255,1514,300130,69,318291
9528,0.035216,172.31.40.0-255,1514,301644,69,318291
9529,0.035217,172.31.40.0-255,1514,303158,69,318291
9530,0.035238,172.31.40.0-255,1514,304672,69,318291
9531,0.035239,172.31.40.0-255,1514,306186,69,318291
9532,0.03526,172.31.40.0-255,101,306287,69,318291
9533,0.03676,104.244.42.0-255,66,306353,69,318291
9534,0.036851,104.244.42.0-255,66,306419,69,318291
9535,0.036919,104.244.42.0-255,66,306485,69,318291
9536,0.036924,104.244.42.0-255,66,306551,69,318291
9537,0.037268,74.125.200.0-255,5738,312289,69,318291
9538,0.037273,172.31.40.0-255,66,312355,69,318291
9539,0.039915,74.125.200.0-255,2902,315257,69,318291
9540,0.039922,172.31.40.0-255,66,315323,69,318291
9541,0.039951,74.125.200.0-255,2902,318225,69,318291
9542,0.039953,172.31.40.0-255,66,318291,69,318291
9543,0.0,74.125.24.0-255,153,153,69,261199
9544,2.1e-05,172.31.40.0-255,66,219,69,261199
9545,2.8e-05,74.125.24.0-255,1484,1703,69,261199
9546,3.2e-05,172.31.40.0-255,66,1769,69,261199
9547,3.7e-05,74.125.24.0-255,2902,4671,69,261199
9548,4e-05,172.31.40.0-255,66,4737,69,261199
9549,4.7e-05,74.125.24.0-255,7156,11893,69,261199
9550,5e-05,172.31.40.0-255,66,11959,69,261199
9551,5.7e-05,74.125.24.0-255,5738,17697,69,261199
9552,6e-05,172.31.40.0-255,66,17763,69,261199
9553,8.7e-05,74.125.24.0-255,4900,22663,69,261199
9554,9e-05,172.31.40.0-255,66,22729,69,261199
9555,0.000122,172.31.40.0-255,66,22795,69,261199
9556,0.000278,74.125.24.0-255,1484,24279,69,261199
9557,0.000281,172.31.40.0-255,66,24345,69,261199
9558,0.000299,74.125.24.0-255,2902,27247,69,261199
9559,0.000301,172.31.40.0-255,66,27313,69,261199
9560,0.000307,74.125.24.0-255,5738,33051,69,261199
9561,0.000309,172.31.40.0-255,66,33117,69,261199
9562,0.000354,74.125.24.0-255,5738,38855,69,261199
9563,0.000357,172.31.40.0-255,66,38921,69,261199
9564,0.000372,74.125.24.0-255,1125,40046,69,261199
9565,0.000374,172.31.40.0-255,66,40112,69,261199
9566,0.000431,74.125.24.0-255,1484,41596,69,261199
9567,0.000433,172.31.40.0-255,66,41662,69,261199
9568,0.000437,74.125.24.0-255,2902,44564,69,261199
9569,0.00044,172.31.40.0-255,66,44630,69,261199
9570,0.000463,74.125.24.0-255,5738,50368,69,261199
9571,0.000466,172.31.40.0-255,66,50434,69,261199
9572,0.000506,74.125.24.0-255,5738,56172,69,261199
9573,0.000509,172.31.40.0-255,66,56238,69,261199
9574,0.00053,74.125.24.0-255,1504,57742,69,261199
9575,0.000532,172.31.40.0-255,66,57808,69,261199
9576,0.000535,74.125.24.0-255,329,58137,69,261199
9577,0.000773,74.125.24.0-255,1484,59621,69,261199
9578,0.000777,172.31.40.0-255,66,59687,69,261199
9579,0.000782,74.125.24.0-255,2902,62589,69,261199
9580,0.000801,74.125.24.0-255,5738,68327,69,261199
9581,0.000803,74.125.24.0-255,1484,69811,69,261199
9582,0.000823,74.125.24.0-255,5738,75549,69,261199
9583,0.000863,74.125.24.0-255,1484,77033,69,261199
9584,0.000866,74.125.24.0-255,2184,79217,69,261199
9585,0.000977,172.31.40.0-255,66,79283,69,261199
9586,0.00102,74.125.24.0-255,1484,80767,69,261199
9587,0.001025,74.125.24.0-255,1484,82251,69,261199
9588,0.001035,74.125.24.0-255,1484,83735,69,261199
9589,0.001038,74.125.24.0-255,1484,85219,69,261199
9590,0.001054,172.31.40.0-255,66,85285,69,261199
9591,0.00106,74.125.24.0-255,4320,89605,69,261199
9592,0.001086,74.125.24.0-255,1484,91089,69,261199
9593,0.001091,172.31.40.0-255,66,91155,69,261199
9594,0.001113,74.125.24.0-255,1484,92639,69,261199
9595,0.001143,172.31.40.0-255,66,92705,69,261199
9596,0.001175,74.125.24.0-255,1484,94189,69,261199
9597,0.001181,74.125.24.0-255,2902,97091,69,261199
9598,0.001189,172.31.40.0-255,66,97157,69,261199
9599,0.001199,74.125.24.0-255,5738,102895,69,261199
9600,0.001208,172.31.40.0-255,66,102961,69,261199
9601,0.001221,74.125.24.0-255,2902,105863,69,261199
9602,0.001246,172.31.40.0-255,66,105929,69,261199
9603,0.001273,74.125.24.0-255,5738,111667,69,261199
9604,0.001277,172.31.40.0-255,66,111733,69,261199
9605,0.001294,74.125.24.0-255,6438,118171,69,261199
9606,0.001301,172.31.40.0-255,66,118237,69,261199
9607,0.001419,74.125.24.0-255,1484,119721,69,261199
9608,0.001424,74.125.24.0-255,2902,122623,69,261199
9609,0.00143,172.31.40.0-255,66,122689,69,261199
9610,0.001448,74.125.24.0-255,5738,128427,69,261199
9611,0.001463,74.125.24.0-255,5738,134165,69,261199
9612,0.001465,172.31.40.0-255,66,134231,69,261199
9613,0.001469,172.31.40.0-255,66,134297,69,261199
9614,0.001484,74.125.24.0-255,2902,137199,69,261199
9615,0.001491,172.31.40.0-255,66,137265,69,261199
9616,0.001555,74.125.24.0-255,1484,138749,69,261199
9617,0.001559,74.125.24.0-255,2902,141651,69,261199
9618,0.001564,172.31.40.0-255,66,141717,69,261199
9619,0.001573,74.125.24.0-255,4320,146037,69,261199
9620,0.001577,172.31.40.0-255,66,146103,69,261199
9621,0.001584,74.125.24.0-255,1484,147587,69,261199
9622,0.001597,74.125.24.0-255,1484,149071,69,261199
9623,0.001604,172.31.40.0-255,66,149137,69,261199
9624,0.001652,172.31.40.0-255,66,149203,69,261199
9625,0.001666,74.125.24.0-255,2184,151387,69,261199
9626,0.001676,172.31.40.0-255,66,151453,69,261199
9627,0.001793,74.125.24.0-255,1484,152937,69,261199
9628,0.001805,74.125.24.0-255,2902,155839,69,261199
9629,0.001807,74.125.24.0-255,1484,157323,69,261199
9630,0.001823,172.31.40.0-255,66,157389,69,261199
9631,0.001828,74.125.24.0-255,4320,161709,69,261199
9632,0.00183,74.125.24.0-255,1484,163193,69,261199
9633,0.001834,172.31.40.0-255,66,163259,69,261199
9634,0.001869,172.31.40.0-255,66,163325,69,261199
9635,0.001913,172.31.40.0-255,66,163391,69,261199
9636,0.002068,74.125.24.0-255,1484,164875,69,261199
9637,0.00209,74.125.24.0-255,2902,167777,69,261199
9638,0.002096,74.125.24.0-255,5738,173515,69,261199
9639,0.002103,172.31.40.0-255,66,173581,69,261199
9640,0.00211,74.125.24.0-255,1484,175065,69,261199
9641,0.002134,172.31.40.0-255,66,175131,69,261199
9642,0.002158,74.125.24.0-255,1484,176615,69,261199
9643,0.002166,74.125.24.0-255,7156,183771,69,261199
9644,0.002205,74.125.24.0-255,3602,187373,69,261199
9645,0.002212,172.31.40.0-255,66,187439,69,261199
9646,0.00227,74.125.24.0-255,1484,188923,69,261199
9647,0.002276,74.125.24.0-255,2902,191825,69,261199
9648,0.00228,172.31.40.0-255,66,191891,69,261199
9649,0.002293,74.125.24.0-255,5738,197629,69,261199
9650,0.00232,74.125.24.0-255,5738,203367,69,261199
9651,0.002322,172.31.40.0-255,66,203433,69,261199
9652,0.002328,172.31.40.0-255,66,203499,69,261199
9653,0.00235,74.125.24.0-255,7156,210655,69,261199
9654,0.002378,74.125.24.0-255,3602,214257,69,261199
9655,0.00238,172.31.40.0-255,66,214323,69,261199
9656,0.002385,172.31.40.0-255,66,214389,69,261199
9657,0.002404,74.125.24.0-255,4320,218709,69,261199
9658,0.002412,74.125.24.0-255,7156,225865,69,261199
9659,0.002418,172.31.40.0-255,66,225931,69,261199
9660,0.002432,74.125.24.0-255,2902,228833,69,261199
9661,0.002449,74.125.24.0-255,5738,234571,69,261199
9662,0.002454,172.31.40.0-255,66,234637,69,261199
9663,0.002503,172.31.40.0-255,66,234703,69,261199
9664,0.002536,172.31.40.0-255,66,234769,69,261199
9665,0.002561,74.125.24.0-255,2184,236953,69,261199
9666,0.002585,74.125.24.0-255,7156,244109,69,261199
9667,0.002591,172.31.40.0-255,66,244175,69,261199
9668,0.002609,74.125.24.0-255,5738,249913,69,261199
9669,0.002614,74.125.24.0-255,1671,251584,69,261199
9670,0.002617,74.125.24.0-255,97,251681,69,261199
9671,0.002648,172.31.40.0-255,66,251747,69,261199
9672,0.00521,74.125.24.0-255,105,251852,69,261199
9673,0.009546,172.31.40.0-255,66,251918,69,261199
9674,0.009592,172.31.40.0-255,105,252023,69,261199
9675,0.012157,74.125.24.0-255,66,252089,69,261199
9676,0.036264,172.31.40.0-255,172,252261,69,261199
9677,0.0363,172.31.40.0-255,1114,253375,69,261199
9678,0.036366,172.31.40.0-255,1514,254889,69,261199
9679,0.036368,172.31.40.0-255,1514,256403,69,261199
9680,0.036369,172.31.40.0-255,1514,257917,69,261199
9681,0.03637,172.31.40.0-255,1514,259431,69,261199
9682,0.0364,172.31.40.0-255,1504,260935,69,261199
9683,0.037747,104.244.42.0-255,66,261001,69,261199
9684,0.037783,104.244.42.0-255,66,261067,69,261199
9685,0.037901,104.244.42.0-255,66,261133,69,261199
9686,0.037927,104.244.42.0-255,66,261199,69,261199
9687,0.0,172.217.194.0-255,153,153,69,218828
9688,3.9e-05,172.31.40.0-255,66,219,69,218828
9689,5e-05,172.217.194.0-255,1484,1703,69,218828
9690,5.7e-05,172.31.40.0-255,66,1769,69,218828
9691,6.4e-05,172.217.194.0-255,2902,4671,69,218828
9692,6.8e-05,172.31.40.0-255,66,4737,69,218828
9693,7.8e-05,172.217.194.0-255,7156,11893,69,218828
9694,8.2e-05,172.31.40.0-255,66,11959,69,218828
9695,8.8e-05,172.217.194.0-255,2136,14095,69,218828
9696,9.1e-05,172.31.40.0-255,66,14161,69,218828
9697,9.7e-05,172.217.194.0-255,2902,17063,69,218828
9698,0.0001,172.31.40.0-255,66,17129,69,218828
9699,0.000108,172.217.194.0-255,5738,22867,69,218828
9700,0.000111,172.31.40.0-255,66,22933,69,218828
9701,0.000171,172.31.40.0-255,66,22999,69,218828
9702,0.000251,172.217.194.0-255,1484,24483,69,218828
9703,0.000254,172.31.40.0-255,66,24549,69,218828
9704,0.000258,172.217.194.0-255,1484,26033,69,218828
9705,0.00026,172.31.40.0-255,66,26099,69,218828
9706,0.000273,172.217.194.0-255,1484,27583,69,218828
9707,0.000275,172.31.40.0-255,66,27649,69,218828
9708,0.000286,172.217.194.0-255,5738,33387,69,218828
9709,0.000289,172.31.40.0-255,66,33453,69,218828
9710,0.000293,172.217.194.0-255,1484,34937,69,218828
9711,0.000294,172.31.40.0-255,66,35003,69,218828
9712,0.000337,172.31.40.0-255,66,35069,69,218828
9713,0.000356,172.31.40.0-255,66,35135,69,218828
9714,0.000471,172.217.194.0-255,647,35782,69,218828
9715,0.000474,172.31.40.0-255,66,35848,69,218828
9716,0.000567,172.217.194.0-255,1484,37332,69,218828
9717,0.000587,172.217.194.0-255,2902,40234,69,218828
9718,0.000591,172.217.194.0-255,1484,41718,69,218828
9719,0.000614,172.217.194.0-255,4320,46038,69,218828
9720,0.000634,172.217.194.0-255,5738,51776,69,218828
9721,0.000652,172.217.194.0-255,4320,56096,69,218828
9722,0.000686,172.217.194.0-255,2902,58998,69,218828
9723,0.000691,172.217.194.0-255,2184,61182,69,218828
9724,0.000798,172.31.40.0-255,66,61248,69,218828
9725,0.001023,172.217.194.0-255,1484,62732,69,218828
9726,0.00103,172.217.194.0-255,1484,64216,69,218828
9727,0.001043,172.31.40.0-255,66,64282,69,218828
9728,0.001048,172.217.194.0-255,1484,65766,69,218828
9729,0.001056,172.217.194.0-255,5738,71504,69,218828
9730,0.001063,172.31.40.0-255,66,71570,69,218828
9731,0.001078,172.217.194.0-255,5738,77308,69,218828
9732,0.001109,172.217.194.0-255,7156,84464,69,218828
9733,0.001121,172.217.194.0-255,766,85230,69,218828
9734,0.001124,172.31.40.0-255,66,85296,69,218828
9735,0.00114,172.31.40.0-255,66,85362,69,218828
9736,0.00128,172.217.194.0-255,1484,86846,69,218828
9737,0.001288,172.217.194.0-255,2902,89748,69,218828
9738,0.001307,172.217.194.0-255,5738,95486,69,218828
9739,0.001325,172.217.194.0-255,1484,96970,69,218828
9740,0.00134,172.217.194.0-255,5738,102708,69,218828
9741,0.001357,172.217.194.0-255,5738,108446,69,218828
9742,0.001367,172.217.194.0-255,5738,114184,69,218828
9743,0.001378,172.31.40.0-255,66,114250,69,218828
9744,0.001408,172.217.194.0-255,5020,119270,69,218828
9745,0.001416,172.31.40.0-255,66,119336,69,218828
9746,0.00342,172.217.194.0-255,5738,125074,69,218828
9747,0.003432,172.31.40.0-255,66,125140,69,218828
9748,0.005427,172.217.194.0-255,4320,129460,69,218828
9749,0.005446,172.217.194.0-255,1484,130944,69,218828
9750,0.008213,172.31.40.0-255,66,131010,69,218828
9751,0.010182,172.217.194.0-255,5738,136748,69,218828
9752,0.010195,172.31.40.0-255,66,136814,69,218828
9753,0.012203,172.217.194.0-255,5738,142552,69,218828
9754,0.013633,172.31.40.0-255,66,142618,69,218828
9755,0.01563,172.217.194.0-255,2902,145520,69,218828
9756,0.015642,172.31.40.0-255,66,145586,69,218828
9757,0.015665,172.217.194.0-255,2902,148488,69,218828
9758,0.015707,172.31.40.0-255,66,148554,69,218828
9759,0.017603,172.217.194.0-255,2902,151456,69,218828
9760,0.017616,172.31.40.0-255,66,151522,69,218828
9761,0.017676,172.217.194.0-255,2902,154424,69,218828
9762,0.018203,172.31.40.0-255,66,154490,69,218828
9763,0.019639,172.217.194.0-255,2902,157392,69,218828
9764,0.019648,172.31.40.0-255,66,157458,69,218828
9765,0.020189,172.217.194.0-255,2902,160360,69,218828
9766,0.020196,172.31.40.0-255,66,160426,69,218828
9767,0.02163,172.217.194.0-255,2902,163328,69,218828
9768,0.021637,172.31.40.0-255,66,163394,69,218828
9769,0.022213,172.217.194.0-255,2902,166296,69,218828
9770,0.02222,172.31.40.0-255,66,166362,69,218828
9771,0.023599,172.217.194.0-255,2902,169264,69,218828
9772,0.023607,172.31.40.0-255,66,169330,69,218828
9773,0.024211,172.217.194.0-255,2902,172232,69,218828
9774,0.024217,172.31.40.0-255,66,172298,69,218828
9775,0.025561,172.31.40.0-255,167,172465,69,218828
9776,0.025595,172.217.194.0-255,2902,175367,69,218828
9777,0.025601,172.31.40.0-255,66,175433,69,218828
9778,0.025633,172.31.40.0-255,1111,176544,69,218828
9779,0.025703,172.31.40.0-255,1514,178058,69,218828
9780,0.025705,172.31.40.0-255,1514,179572,69,218828
9781,0.025706,172.31.40.0-255,1514,181086,69,218828
9782,0.025707,172.31.40.0-255,1514,182600,69,218828
9783,0.025708,172.31.40.0-255,546,183146,69,218828
9784,0.026229,172.217.194.0-255,2902,186048,69,218828
9785,0.026237,172.31.40.0-255,66,186114,69,218828
9786,0.027131,104.244.42.0-255,66,186180,69,218828
9787,0.027216,104.244.42.0-255,66,186246,69,218828
9788,0.027309,104.244.42.0-255,66,186312,69,218828
9789,0.027324,104.244.42.0-255,66,186378,69,218828
9790,0.027613,172.217.194.0-255,2902,189280,69,218828
9791,0.027631,172.31.40.0-255,66,189346,69,218828
9792,0.02823,172.217.194.0-255,2902,192248,69,218828
9793,0.028238,172.31.40.0-255,66,192314,69,218828
9794,0.029646,172.217.194.0-255,2902,195216,69,218828
9795,0.029656,172.31.40.0-255,66,195282,69,218828
9796,0.030236,172.217.194.0-255,2902,198184,69,218828
9797,0.030494,172.31.40.0-255,66,198250,69,218828
9798,0.031635,172.217.194.0-255,2902,201152,69,218828
9799,0.031644,172.31.40.0-255,66,201218,69,218828
9800,0.032501,172.217.194.0-255,2902,204120,69,218828
9801,0.032507,172.31.40.0-255,66,204186,69,218828
9802,0.033632,172.217.194.0-255,2902,207088,69,218828
9803,0.033643,172.31.40.0-255,66,207154,69,218828
9804,0.034488,172.217.194.0-255,2902,210056,69,218828
9805,0.035633,172.217.194.0-255,2902,212958,69,218828
9806,0.037278,172.31.40.0-255,66,213024,69,218828
9807,0.039289,172.217.194.0-255,5738,218762,69,218828
9808,0.039307,172.31.40.0-255,66,218828,69,218828
9809,0.0,74.125.68.0-255,148,148,69,278308
9810,1.4e-05,172.31.40.0-255,66,214,69,278308
9811,2e-05,74.125.68.0-255,1484,1698,69,278308
9812,2.4e-05,172.31.40.0-255,66,1764,69,278308
9813,2.9e-05,74.125.68.0-255,2902,4666,69,278308
9814,3.7e-05,172.31.40.0-255,66,4732,69,278308
9815,4.3e-05,74.125.68.0-255,4320,9052,69,278308
9816,4.6e-05,172.31.40.0-255,66,9118,69,278308
9817,7.9e-05,74.125.68.0-255,2902,12020,69,278308
9818,8.1e-05,172.31.40.0-255,66,12086,69,278308
9819,9.3e-05,74.125.68.0-255,2074,14160,69,278308
9820,9.9e-05,172.31.40.0-255,66,14226,69,278308
9821,0.000122,74.125.68.0-255,2902,17128,69,278308
9822,0.000124,172.31.40.0-255,66,17194,69,278308
9823,0.00016,74.125.68.0-255,7156,24350,69,278308
9824,0.000162,172.31.40.0-255,66,24416,69,278308
9825,0.000167,74.125.68.0-255,2902,27318,69,278308
9826,0.000172,172.31.40.0-255,66,27384,69,278308
9827,0.00021,74.125.68.0-255,3961,31345,69,278308
9828,0.000212,172.31.40.0-255,66,31411,69,278308
9829,0.000257,74.125.68.0-255,1484,32895,69,278308
9830,0.00026,172.31.40.0-255,66,32961,69,278308
9831,0.000263,74.125.68.0-255,1484,34445,69,278308
9832,0.000264,172.31.40.0-255,66,34511,69,278308
9833,0.000288,74.125.68.0-255,1484,35995,69,278308
9834,0.00029,172.31.40.0-255,66,36061,69,278308
9835,0.0003,74.125.68.0-255,5738,41799,69,278308
9836,0.000302,172.31.40.0-255,66,41865,69,278308
9837,0.000307,74.125.68.0-255,4320,46185,69,278308
9838,0.000309,172.31.40.0-255,66,46251,69,278308
9839,0.00034,74.125.68.0-255,5379,51630,69,278308
9840,0.000343,172.31.40.0-255,66,51696,69,278308
9841,0.000356,74.125.68.0-255,2902,54598,69,278308
9842,0.000374,74.125.68.0-255,7156,61754,69,278308
9843,0.000404,74.125.68.0-255,2902,64656,69,278308
9844,0.000414,74.125.68.0-255,1400,66056,69,278308
9845,0.000512,172.31.40.0-255,66,66122,69,278308
9846,0.000668,74.125.68.0-255,132,66254,69,278308
9847,0.000788,74.125.68.0-255,1484,67738,69,278308
9848,0.000791,172.31.40.0-255,66,67804,69,278308
9849,0.000797,74.125.68.0-255,2902,70706,69,278308
9850,0.000814,172.31.40.0-255,66,70772,69,278308
9851,0.000833,74.125.68.0-255,4320,75092,69,278308
9852,0.000843,172.31.40.0-255,66,75158,69,278308
9853,0.000859,74.125.68.0-255,1484,76642,69,278308
9854,0.000892,74.125.68.0-255,4320,80962,69,278308
9855,0.000895,172.31.40.0-255,66,81028,69,278308
9856,0.000924,74.125.68.0-255,2902,83930,69,278308
9857,0.00093,172.31.40.0-255,66,83996,69,278308
9858,0.000962,172.31.40.0-255,66,84062,69,278308
9859,0.000964,74.125.68.0-255,345,84407,69,278308
9860,0.001299,172.31.40.0-255,66,84473,69,278308
9861,0.001406,74.125.68.0-255,1484,85957,69,278308
9862,0.001421,74.125.68.0-255,2902,88859,69,278308
9863,0.001435,74.125.68.0-255,4320,93179,69,278308
9864,0.00145,74.125.68.0-255,1484,94663,69,278308
9865,0.001468,74.125.68.0-255,7156,101819,69,278308
9866,0.001473,74.125.68.0-255,5738,107557,69,278308
9867,0.001497,74.125.68.0-255,4320,111877,69,278308
9868,0.001517,74.125.68.0-255,2902,114779,69,278308
9869,0.001533,74.125.68.0-255,3602,118381,69,278308
9870,0.001594,74.125.68.0-255,1484,119865,69,278308
9871,0.001599,74.125.68.0-255,2902,122767,69,278308
9872,0.001606,74.125.68.0-255,5738,128505,69,278308
9873,0.001654,74.125.68.0-255,2902,131407,69,278308
9874,0.00167,74.125.68.0-255,7156,138563,69,278308
9875,0.001674,74.125.68.0-255,2902,141465,69,278308
9876,0.00169,74.125.68.0-255,2184,143649,69,278308
9877,0.001736,74.125.68.0-255,1484,145133,69,278308
9878,0.001749,74.125.68.0-255,2902,148035,69,278308
9879,0.001769,74.125.68.0-255,4320,152355,69,278308
9880,0.001781,74.125.68.0-255,1484,153839,69,278308
9881,0.001786,74.125.68.0-255,2902,156741,69,278308
9882,0.001789,74.125.68.0-255,1484,158225,69,278308
9883,0.001801,74.125.68.0-255,4320,162545,69,278308
9884,0.001816,74.125.68.0-255,4320,166865,69,278308
9885,0.001831,74.125.68.0-255,4320,171185,69,278308
9886,0.001846,74.125.68.0-255,6438,177623,69,278308
9887,0.00656,172.31.40.0-255,66,177689,69,278308
9888,0.008636,74.125.68.0-255,5738,183427,69,278308
9889,0.008644,172.31.40.0-255,66,183493,69,278308
9890,0.010664,74.125.68.0-255,5738,189231,69,278308
9891,0.010672,172.31.40.0-255,66,189297,69,278308
9892,0.012707,74.125.68.0-255,5738,195035,69,278308
9893,0.012714,172.31.40.0-255,66,195101,69,278308
9894,0.014726,74.125.68.0-255,5738,200839,69,278308
9895,0.014732,172.31.40.0-255,66,200905,69,278308
9896,0.01677,74.125.68.0-255,5738,206643,69,278308
9897,0.016776,172.31.40.0-255,66,206709,69,278308
9898,0.018797,74.125.68.0-255,5738,212447,69,278308
9899,0.018803,172.31.40.0-255,66,212513,69,278308
9900,0.020822,74.125.68.0-255,4320,216833,69,278308
9901,0.02083,172.31.40.0-255,66,216899,69,278308
9902,0.020859,74.125.68.0-255,1484,218383,69,278308
9903,0.022842,74.125.68.0-255,4320,222703,69,278308
9904,0.02285,172.31.40.0-255,66,222769,69,278308
9905,0.024911,74.125.68.0-255,5738,228507,69,278308
9906,0.025241,172.31.40.0-255,66,228573,69,278308
9907,0.027293,74.125.68.0-255,5738,234311,69,278308
9908,0.027301,172.31.40.0-255,66,234377,69,278308
9909,0.029347,74.125.68.0-255,5738,240115,69,278308
9910,0.029354,172.31.40.0-255,66,240181,69,278308
9911,0.03137,74.125.68.0-255,5738,245919,69,278308
9912,0.031377,172.31.40.0-255,66,245985,69,278308
9913,0.032768,172.31.40.0-255,172,246157,69,278308
9914,0.032796,172.31.40.0-255,1116,247273,69,278308
9915,0.032857,172.31.40.0-255,1514,248787,69,278308
9916,0.032859,172.31.40.0-255,1514,250301,69,278308
9917,0.03286,172.31.40.0-255,1514,251815,69,278308
9918,0.032864,172.31.40.0-255,1514,253329,69,278308
9919,0.032865,172.31.40.0-255,1499,254828,69,278308
9920,0.033381,74.125.68.0-255,1484,256312,69,278308
9921,0.033404,74.125.68.0-255,4320,260632,69,278308
9922,0.033408,172.31.40.0-255,66,260698,69,278308
9923,0.034343,104.244.42.0-255,66,260764,69,278308
9924,0.034424,104.244.42.0-255,66,260830,69,278308
9925,0.034471,104.244.42.0-255,66,260896,69,278308
9926,0.035429,74.125.68.0-255,5738,266634,69,278308
9927,0.035436,172.31.40.0-255,66,266700,69,278308
9928,0.037465,74.125.68.0-255,5738,272438,69,278308
9929,0.037472,172.31.40.0-255,66,272504,69,278308
9930,0.03951,74.125.68.0-255,5738,278242,69,278308
9931,0.039517,172.31.40.0-255,66,278308,69,278308
9932,0.0,172.217.194.0-255,153,153,69,247725
9933,2.5e-05,172.31.40.0-255,66,219,69,247725
9934,3.3e-05,172.217.194.0-255,1484,1703,69,247725
9935,3.7e-05,172.31.40.0-255,66,1769,69,247725
9936,4.3e-05,172.217.194.0-255,2902,4671,69,247725
9937,4.7e-05,172.31.40.0-255,66,4737,69,247725
9938,5.5e-05,172.217.194.0-255,7156,11893,69,247725
9939,5.8e-05,172.31.40.0-255,66,11959,69,247725
9940,6.2e-05,172.217.194.0-255,2030,13989,69,247725
9941,6.5e-05,172.31.40.0-255,66,14055,69,247725
9942,6.9e-05,172.217.194.0-255,2902,16957,69,247725
9943,7.2e-05,172.31.40.0-255,66,17023,69,247725
9944,8e-05,172.217.194.0-255,7156,24179,69,247725
9945,8.3e-05,172.31.40.0-255,66,24245,69,247725
9946,0.000131,172.217.194.0-255,2902,27147,69,247725
9947,0.000135,172.31.40.0-255,66,27213,69,247725
9948,0.000166,172.31.40.0-255,66,27279,69,247725
9949,0.000177,172.31.40.0-255,66,27345,69,247725
9950,0.000209,172.217.194.0-255,1484,28829,69,247725
9951,0.000212,172.31.40.0-255,66,28895,69,247725
9952,0.000217,172.217.194.0-255,2902,31797,69,247725
9953,0.000219,172.31.40.0-255,66,31863,69,247725
9954,0.000241,172.217.194.0-255,1484,33347,69,247725
9955,0.000244,172.31.40.0-255,66,33413,69,247725
9956,0.000269,172.217.194.0-255,4320,37733,69,247725
9957,0.000272,172.31.40.0-255,66,37799,69,247725
9958,0.00028,172.217.194.0-255,6797,44596,69,247725
9959,0.000282,172.31.40.0-255,66,44662,69,247725
9960,0.000314,172.217.194.0-255,1484,46146,69,247725
9961,0.000317,172.31.40.0-255,66,46212,69,247725
9962,0.000331,172.217.194.0-255,1484,47696,69,247725
9963,0.000352,172.217.194.0-255,1484,49180,69,247725
9964,0.000355,172.31.40.0-255,66,49246,69,247725
9965,0.000362,172.217.194.0-255,5738,54984,69,247725
9966,0.000364,172.31.40.0-255,66,55050,69,247725
9967,0.00037,172.217.194.0-255,4320,59370,69,247725
9968,0.000372,172.31.40.0-255,66,59436,69,247725
9969,0.000377,172.217.194.0-255,4320,63756,69,247725
9970,0.00038,172.31.40.0-255,66,63822,69,247725
9971,0.000405,172.217.194.0-255,7156,70978,69,247725
9972,0.000408,172.31.40.0-255,66,71044,69,247725
9973,0.000442,172.217.194.0-255,1484,72528,69,247725
9974,0.000468,172.217.194.0-255,6438,78966,69,247725
9975,0.000471,172.31.40.0-255,66,79032,69,247725
9976,0.000533,172.217.194.0-255,1484,80516,69,247725
9977,0.000553,172.217.194.0-255,2902,83418,69,247725
9978,0.000555,172.217.194.0-255,1484,84902,69,247725
9979,0.000573,172.217.194.0-255,2902,87804,69,247725
9980,0.00058,172.217.194.0-255,5738,93542,69,247725
9981,0.000658,172.31.40.0-255,66,93608,69,247725
9982,0.00067,172.217.194.0-255,2902,96510,69,247725
9983,0.000675,172.31.40.0-255,66,96576,69,247725
9984,0.000705,172.217.194.0-255,1125,97701,69,247725
9985,0.000708,172.217.194.0-255,1484,99185,69,247725
9986,0.000729,172.31.40.0-255,66,99251,69,247725
9987,0.000742,172.217.194.0-255,5738,104989,69,247725
9988,0.000761,172.31.40.0-255,66,105055,69,247725
9989,0.000777,172.217.194.0-255,4320,109375,69,247725
9990,0.000804,172.31.40.0-255,66,109441,69,247725
9991,0.000812,172.217.194.0-255,1484,110925,69,247725
9992,0.000815,172.217.194.0-255,766,111691,69,247725
9993,0.00082,172.31.40.0-255,66,111757,69,247725
9994,0.000874,172.217.194.0-255,1484,113241,69,247725
9995,0.00088,172.217.194.0-255,2902,116143,69,247725
9996,0.000885,172.31.40.0-255,66,116209,69,247725
9997,0.000909,172.217.194.0-255,5738,121947,69,247725
9998,0.000914,172.217.194.0-255,2902,124849,69,247725
9999,0.00093,172.217.194.0-255,3961,128810,69,247725
10000,0.000933,172.217.194.0-255,1484,130294,69,247725
10001,0.000936,172.31.40.0-255,66,130360,69,247725
10002,0.000942,172.31.40.0-255,66,130426,69,247725
10003,0.000962,172.217.194.0-255,2543,132969,69,247725
10004,0.000982,172.31.40.0-255,66,133035,69,247725
10005,0.001057,172.217.194.0-255,1484,134519,69,247725
10006,0.001071,172.217.194.0-255,2902,137421,69,247725
10007,0.001076,172.217.194.0-255,2902,140323,69,247725
10008,0.001095,172.217.194.0-255,2902,143225,69,247725
10009,0.001107,172.31.40.0-255,66,143291,69,247725
10010,0.001113,172.217.194.0-255,4320,147611,69,247725
10011,0.001119,172.31.40.0-255,66,147677,69,247725
10012,0.001201,172.217.194.0-255,1484,149161,69,247725
10013,0.001209,172.217.194.0-255,1484,150645,69,247725
10014,0.001214,172.31.40.0-255,66,150711,69,247725
10015,0.001235,172.217.194.0-255,1484,152195,69,247725
10016,0.001241,172.217.194.0-255,5738,157933,69,247725
10017,0.001255,172.217.194.0-255,4320,162253,69,247725
10018,0.001259,172.31.40.0-255,66,162319,69,247725
10019,0.001264,172.31.40.0-255,66,162385,69,247725
10020,0.001274,172.217.194.0-255,7156,169541,69,247725
10021,0.001294,172.217.194.0-255,2543,172084,69,247725
10022,0.001326,172.31.40.0-255,66,172150,69,247725
10023,0.001334,172.217.194.0-255,7156,179306,69,247725
10024,0.001341,172.31.40.0-255,66,179372,69,247725
10025,0.001377,172.217.194.0-255,2902,182274,69,247725
10026,0.001395,172.217.194.0-255,7156,189430,69,247725
10027,0.0014,172.31.40.0-255,66,189496,69,247725
10028,0.00141,172.217.194.0-255,5738,195234,69,247725
10029,0.001425,172.217.194.0-255,2902,198136,69,247725
10030,0.001441,172.217.194.0-255,4320,202456,69,247725
10031,0.001449,172.31.40.0-255,66,202522,69,247725
10032,0.001472,172.31.40.0-255,66,202588,69,247725
10033,0.001476,172.217.194.0-255,1484,204072,69,247725
10034,0.001493,172.217.194.0-255,2902,206974,69,247725
10035,0.001496,172.217.194.0-255,1484,208458,69,247725
10036,0.001511,172.217.194.0-255,4320,212778,69,247725
10037,0.001521,172.31.40.0-255,66,212844,69,247725
10038,0.001545,172.31.40.0-255,66,212910,69,247725
10039,0.00158,172.217.194.0-255,1484,214394,69,247725
10040,0.001639,172.217.194.0-255,1484,215878,69,247725
10041,0.001644,172.217.194.0-255,2902,218780,69,247725
10042,0.001647,172.31.40.0-255,66,218846,69,247725
10043,0.001653,172.31.40.0-255,66,218912,69,247725
10044,0.001674,172.217.194.0-255,5738,224650,69,247725
10045,0.001677,172.217.194.0-255,1484,226134,69,247725
10046,0.001685,172.31.40.0-255,66,226200,69,247725
10047,0.001719,172.217.194.0-255,1484,227684,69,247725
10048,0.00173,172.31.40.0-255,66,227750,69,247725
10049,0.001738,172.217.194.0-255,7156,234906,69,247725
10050,0.001743,172.31.40.0-255,66,234972,69,247725
10051,0.001767,172.217.194.0-255,4101,239073,69,247725
10052,0.00177,172.217.194.0-255,105,239178,69,247725
10053,0.0018,172.31.40.0-255,66,239244,69,247725
10054,0.003636,172.31.40.0-255,101,239345,69,247725
10055,0.004673,172.31.40.0-255,105,239450,69,247725
10056,0.005626,172.217.194.0-255,66,239516,69,247725
10057,0.006602,172.217.194.0-255,66,239582,69,247725
10058,0.032223,172.31.40.0-255,167,239749,69,247725
10059,0.032258,172.31.40.0-255,1116,240865,69,247725
10060,0.032322,172.31.40.0-255,1514,242379,69,247725
10061,0.032324,172.31.40.0-255,1514,243893,69,247725
10062,0.032325,172.31.40.0-255,1514,245407,69,247725
10063,0.032326,172.31.40.0-255,1514,246921,69,247725
10064,0.032327,172.31.40.0-255,540,247461,69,247725
10065,0.033794,104.244.42.0-255,66,247527,69,247725
10066,0.033852,104.244.42.0-255,66,247593,69,247725
10067,0.033911,104.244.42.0-255,66,247659,69,247725
10068,0.033915,104.244.42.0-255,66,247725,69,247725
10069,0.0,74.125.130.0-255,153,153,69,263034
10070,2e-05,172.31.40.0-255,66,219,69,263034
10071,2.7e-05,74.125.130.0-255,1484,1703,69,263034
10072,3.3e-05,172.31.40.0-255,66,1769,69,263034
10073,3.9e-05,74.125.130.0-255,2902,4671,69,263034
10074,4.3e-05,172.31.40.0-255,66,4737,69,263034
10075,4.8e-05,74.125.130.0-255,2902,7639,69,263034
10076,5.1e-05,172.31.40.0-255,66,7705,69,263034
10077,7.9e-05,74.125.130.0-255,4320,12025,69,263034
10078,8.2e-05,172.31.40.0-255,66,12091,69,263034
10079,8.6e-05,74.125.130.0-255,2064,14155,69,263034
10080,8.9e-05,172.31.40.0-255,66,14221,69,263034
10081,0.000111,74.125.130.0-255,1484,15705,69,263034
10082,0.000113,172.31.40.0-255,66,15771,69,263034
10083,0.000133,74.125.130.0-255,2902,18673,69,263034
10084,0.000136,172.31.40.0-255,66,18739,69,263034
10085,0.000142,74.125.130.0-255,5738,24477,69,263034
10086,0.000145,172.31.40.0-255,66,24543,69,263034
10087,0.00016,74.125.130.0-255,2902,27445,69,263034
10088,0.000162,172.31.40.0-255,66,27511,69,263034
10089,0.000179,74.125.130.0-255,3961,31472,69,263034
10090,0.000182,172.31.40.0-255,66,31538,69,263034
10091,0.000277,74.125.130.0-255,1484,33022,69,263034
10092,0.00028,172.31.40.0-255,66,33088,69,263034
10093,0.000285,74.125.130.0-255,2902,35990,69,263034
10094,0.000287,172.31.40.0-255,66,36056,69,263034
10095,0.000319,74.125.130.0-255,5738,41794,69,263034
10096,0.000322,172.31.40.0-255,66,41860,69,263034
10097,0.000328,74.125.130.0-255,5738,47598,69,263034
10098,0.00033,172.31.40.0-255,66,47664,69,263034
10099,0.000338,74.125.130.0-255,6797,54461,69,263034
10100,0.000341,172.31.40.0-255,66,54527,69,263034
10101,0.000384,172.31.40.0-255,66,54593,69,263034
10102,0.000398,74.125.130.0-255,2543,57136,69,263034
10103,0.0004,172.31.40.0-255,66,57202,69,263034
10104,0.000608,74.125.130.0-255,645,57847,69,263034
10105,0.000792,74.125.130.0-255,1484,59331,69,263034
10106,0.000798,172.31.40.0-255,66,59397,69,263034
10107,0.000804,74.125.130.0-255,2902,62299,69,263034
10108,0.000806,172.31.40.0-255,66,62365,69,263034
10109,0.000813,74.125.130.0-255,5738,68103,69,263034
10110,0.000816,172.31.40.0-255,66,68169,69,263034
10111,0.000821,74.125.130.0-255,4320,72489,69,263034
10112,0.000823,172.31.40.0-255,66,72555,69,263034
10113,0.00084,74.125.130.0-255,4320,76875,69,263034
10114,0.000843,172.31.40.0-255,66,76941,69,263034
10115,0.000873,74.125.130.0-255,7156,84097,69,263034
10116,0.000876,172.31.40.0-255,66,84163,69,263034
10117,0.000881,74.125.130.0-255,4320,88483,69,263034
10118,0.000883,172.31.40.0-255,66,88549,69,263034
10119,0.000901,74.125.130.0-255,3054,91603,69,263034
10120,0.000904,172.31.40.0-255,66,91669,69,263034
10121,0.001126,74.125.130.0-255,1484,93153,69,263034
10122,0.001132,74.125.130.0-255,2902,96055,69,263034
10123,0.001136,172.31.40.0-255,66,96121,69,263034
10124,0.001142,74.125.130.0-255,2902,99023,69,263034
10125,0.001144,172.31.40.0-255,66,99089,69,263034
10126,0.001159,74.125.130.0-255,2902,101991,69,263034
10127,0.001161,172.31.40.0-255,66,102057,69,263034
10128,0.001168,74.125.130.0-255,5738,107795,69,263034
10129,0.001171,172.31.40.0-255,66,107861,69,263034
10130,0.0012,74.125.130.0-255,7156,115017,69,263034
10131,0.001202,172.31.40.0-255,66,115083,69,263034
10132,0.001209,74.125.130.0-255,7156,122239,69,263034
10133,0.001211,172.31.40.0-255,66,122305,69,263034
10134,0.00124,74.125.130.0-255,3602,125907,69,263034
10135,0.001243,172.31.40.0-255,66,125973,69,263034
10136,0.001827,74.125.130.0-255,1484,127457,69,263034
10137,0.001834,74.125.130.0-255,2902,130359,69,263034
10138,0.001838,172.31.40.0-255,66,130425,69,263034
10139,0.001844,74.125.130.0-255,4320,134745,69,263034
10140,0.001847,172.31.40.0-255,66,134811,69,263034
10141,0.001862,74.125.130.0-255,5738,140549,69,263034
10142,0.001864,172.31.40.0-255,66,140615,69,263034
10143,0.001879,74.125.130.0-255,2902,143517,69,263034
10144,0.001881,172.31.40.0-255,66,143583,69,263034
10145,0.001903,74.125.130.0-255,7156,150739,69,263034
10146,0.001905,172.31.40.0-255,66,150805,69,263034
10147,0.001932,172.31.40.0-255,66,150871,69,263034
10148,0.004027,74.125.130.0-255,5738,156609,69,263034
10149,0.004035,172.31.40.0-255,66,156675,69,263034
10150,0.006126,74.125.130.0-255,5738,162413,69,263034
10151,0.00613,172.31.40.0-255,66,162479,69,263034
10152,0.00823,74.125.130.0-255,4320,166799,69,263034
10153,0.008233,172.31.40.0-255,66,166865,69,263034
10154,0.008252,74.125.130.0-255,1484,168349,69,263034
10155,0.010331,74.125.130.0-255,4320,172669,69,263034
10156,0.010338,172.31.40.0-255,66,172735,69,263034
10157,0.012491,74.125.130.0-255,5738,178473,69,263034
10158,0.012499,172.31.40.0-255,66,178539,69,263034
10159,0.014589,74.125.130.0-255,5738,184277,69,263034
10160,0.014597,172.31.40.0-255,66,184343,69,263034
10161,0.016707,74.125.130.0-255,5738,190081,69,263034
10162,0.016715,172.31.40.0-255,66,190147,69,263034
10163,0.018816,74.125.130.0-255,5738,195885,69,263034
10164,0.018825,172.31.40.0-255,66,195951,69,263034
10165,0.021009,74.125.130.0-255,5738,201689,69,263034
10166,0.021015,172.31.40.0-255,66,201755,69,263034
10167,0.023105,74.125.130.0-255,5738,207493,69,263034
10168,0.023113,172.31.40.0-255,66,207559,69,263034
10169,0.025214,74.125.130.0-255,5738,213297,69,263034
10170,0.025221,172.31.40.0-255,66,213363,69,263034
10171,0.027326,74.125.130.0-255,5738,219101,69,263034
10172,0.027335,172.31.40.0-255,66,219167,69,263034
10173,0.02943,74.125.130.0-255,5738,224905,69,263034
10174,0.029439,172.31.40.0-255,66,224971,69,263034
10175,0.031545,74.125.130.0-255,5738,230709,69,263034
10176,0.031552,172.31.40.0-255,66,230775,69,263034
10177,0.033517,172.31.40.0-255,172,230947,69,263034
10178,0.033548,172.31.40.0-255,1114,232061,69,263034
10179,0.033647,74.125.130.0-255,5738,237799,69,263034
10180,0.033654,172.31.40.0-255,66,237865,69,263034
10181,0.033703,172.31.40.0-255,1514,239379,69,263034
10182,0.033705,172.31.40.0-255,1514,240893,69,263034
10183,0.033706,172.31.40.0-255,1514,242407,69,263034
10184,0.033711,172.31.40.0-255,1514,243921,69,263034
10185,0.033712,172.31.40.0-255,1503,245424,69,263034
10186,0.035086,104.244.42.0-255,66,245490,69,263034
10187,0.035095,104.244.42.0-255,66,245556,69,263034
10188,0.035279,104.244.42.0-255,66,245622,69,263034
10189,0.035748,74.125.130.0-255,5738,251360,69,263034
10190,0.035756,172.31.40.0-255,66,251426,69,263034
10191,0.037857,74.125.130.0-255,5738,257164,69,263034
10192,0.037864,172.31.40.0-255,66,257230,69,263034
10193,0.039966,74.125.130.0-255,5738,262968,69,263034
10194,0.039973,172.31.40.0-255,66,263034,69,263034
10195,0.0,172.31.40.0-255,105,105,69,276
10196,0.002328,157.240.7.0-255,105,210,69,276
10197,0.00234,172.31.40.0-255,66,276,69,276
10198,0.0,74.125.24.0-255,153,153,69,240984
10199,2.2e-05,172.31.40.0-255,66,219,69,240984
10200,2.8e-05,74.125.24.0-255,1484,1703,69,240984
10201,3.3e-05,172.31.40.0-255,66,1769,69,240984
10202,3.9e-05,74.125.24.0-255,2902,4671,69,240984
10203,4.2e-05,172.31.40.0-255,66,4737,69,240984
10204,4.8e-05,74.125.24.0-255,5738,10475,69,240984
10205,5.1e-05,172.31.40.0-255,66,10541,69,240984
10206,7.2e-05,74.125.24.0-255,1484,12025,69,240984
10207,7.4e-05,172.31.40.0-255,66,12091,69,240984
10208,7.8e-05,74.125.24.0-255,1484,13575,69,240984
10209,8e-05,172.31.40.0-255,66,13641,69,240984
10210,9.8e-05,74.125.24.0-255,3507,17148,69,240984
10211,0.000101,172.31.40.0-255,66,17214,69,240984
10212,0.000107,74.125.24.0-255,5738,22952,69,240984
10213,0.000109,172.31.40.0-255,66,23018,69,240984
10214,0.000126,74.125.24.0-255,7156,30174,69,240984
10215,0.000128,172.31.40.0-255,66,30240,69,240984
10216,0.000146,74.125.24.0-255,5738,35978,69,240984
10217,0.000148,172.31.40.0-255,66,36044,69,240984
10218,0.000155,74.125.24.0-255,7156,43200,69,240984
10219,0.000157,172.31.40.0-255,66,43266,69,240984
10220,0.000174,74.125.24.0-255,2902,46168,69,240984
10221,0.000176,172.31.40.0-255,66,46234,69,240984
10222,0.000195,74.125.24.0-255,2184,48418,69,240984
10223,0.000196,172.31.40.0-255,66,48484,69,240984
10224,0.000365,74.125.24.0-255,1484,49968,69,240984
10225,0.00037,172.31.40.0-255,66,50034,69,240984
10226,0.000375,74.125.24.0-255,2902,52936,69,240984
10227,0.000377,172.31.40.0-255,66,53002,69,240984
10228,0.000392,74.125.24.0-255,4320,57322,69,240984
10229,0.000394,172.31.40.0-255,66,57388,69,240984
10230,0.0004,74.125.24.0-255,5738,63126,69,240984
10231,0.000402,172.31.40.0-255,66,63192,69,240984
10232,0.000447,74.125.24.0-255,2883,66075,69,240984
10233,0.00045,172.31.40.0-255,66,66141,69,240984
10234,0.000947,74.125.24.0-255,1484,67625,69,240984
10235,0.000955,74.125.24.0-255,2902,70527,69,240984
10236,0.000959,172.31.40.0-255,66,70593,69,240984
10237,0.000984,74.125.24.0-255,5738,76331,69,240984
10238,0.000988,74.125.24.0-255,2902,79233,69,240984
10239,0.000991,172.31.40.0-255,66,79299,69,240984
10240,0.000994,172.31.40.0-255,66,79365,69,240984
10241,0.001011,172.31.40.0-255,66,79431,69,240984
10242,0.001056,74.125.24.0-255,1484,80915,69,240984
10243,0.001077,74.125.24.0-255,7156,88071,69,240984
10244,0.00108,172.31.40.0-255,66,88137,69,240984
10245,0.001102,74.125.24.0-255,2184,90321,69,240984
10246,0.001105,172.31.40.0-255,66,90387,69,240984
10247,0.001388,74.125.24.0-255,1484,91871,69,240984
10248,0.001404,74.125.24.0-255,2902,94773,69,240984
10249,0.001408,172.31.40.0-255,66,94839,69,240984
10250,0.001414,74.125.24.0-255,4320,99159,69,240984
10251,0.001416,172.31.40.0-255,66,99225,69,240984
10252,0.001427,74.125.24.0-255,1484,100709,69,240984
10253,0.001455,172.31.40.0-255,66,100775,69,240984
10254,0.001497,74.125.24.0-255,4320,105095,69,240984
10255,0.0015,172.31.40.0-255,66,105161,69,240984
10256,0.001513,172.31.40.0-255,66,105227,69,240984
10257,0.001555,172.31.40.0-255,66,105293,69,240984
10258,0.001583,74.125.24.0-255,5738,111031,69,240984
10259,0.001586,172.31.40.0-255,66,111097,69,240984
10260,0.0016,172.31.40.0-255,66,111163,69,240984
10261,0.002131,74.125.24.0-255,1484,112647,69,240984
10262,0.002153,74.125.24.0-255,2902,115549,69,240984
10263,0.002157,172.31.40.0-255,66,115615,69,240984
10264,0.002186,74.125.24.0-255,4320,119935,69,240984
10265,0.002188,172.31.40.0-255,66,120001,69,240984
10266,0.002218,74.125.24.0-255,5738,125739,69,240984
10267,0.002221,172.31.40.0-255,66,125805,69,240984
10268,0.002236,74.125.24.0-255,2902,128707,69,240984
10269,0.002238,172.31.40.0-255,66,128773,69,240984
10270,0.002258,74.125.24.0-255,4320,133093,69,240984
10271,0.00226,172.31.40.0-255,66,133159,69,240984
10272,0.002292,74.125.24.0-255,4320,137479,69,240984
10273,0.002295,172.31.40.0-255,66,137545,69,240984
10274,0.002314,74.125.24.0-255,2902,140447,69,240984
10275,0.002316,172.31.40.0-255,66,140513,69,240984
10276,0.002329,74.125.24.0-255,2902,143415,69,240984
10277,0.002331,172.31.40.0-255,66,143481,69,240984
10278,0.002335,74.125.24.0-255,2184,145665,69,240984
10279,0.002337,172.31.40.0-255,66,145731,69,240984
10280,0.004751,74.125.24.0-255,5738,151469,69,240984
10281,0.004758,172.31.40.0-255,66,151535,69,240984
10282,0.007152,74.125.24.0-255,5738,157273,69,240984
10283,0.007155,172.31.40.0-255,66,157339,69,240984
10284,0.00958,74.125.24.0-255,5738,163077,69,240984
10285,0.009587,172.31.40.0-255,66,163143,69,240984
10286,0.011961,74.125.24.0-255,5738,168881,69,240984
10287,0.011969,172.31.40.0-255,66,168947,69,240984
10288,0.014353,74.125.24.0-255,5738,174685,69,240984
10289,0.014361,172.31.40.0-255,66,174751,69,240984
10290,0.01676,74.125.24.0-255,5738,180489,69,240984
10291,0.01677,172.31.40.0-255,66,180555,69,240984
10292,0.019165,74.125.24.0-255,5738,186293,69,240984
10293,0.019175,172.31.40.0-255,66,186359,69,240984
10294,0.021529,74.125.24.0-255,2902,189261,69,240984
10295,0.021536,172.31.40.0-255,66,189327,69,240984
10296,0.021558,74.125.24.0-255,2902,192229,69,240984
10297,0.021561,172.31.40.0-255,66,192295,69,240984
10298,0.0239,74.125.24.0-255,2902,195197,69,240984
10299,0.023908,172.31.40.0-255,66,195263,69,240984
10300,0.02394,74.125.24.0-255,2902,198165,69,240984
10301,0.023944,172.31.40.0-255,66,198231,69,240984
10302,0.026311,74.125.24.0-255,5738,203969,69,240984
10303,0.026318,172.31.40.0-255,66,204035,69,240984
10304,0.02871,74.125.24.0-255,5738,209773,69,240984
10305,0.028718,172.31.40.0-255,66,209839,69,240984
10306,0.031085,74.125.24.0-255,5738,215577,69,240984
10307,0.031094,172.31.40.0-255,66,215643,69,240984
10308,0.033727,74.125.24.0-255,4320,219963,69,240984
10309,0.033734,172.31.40.0-255,66,220029,69,240984
10310,0.033751,74.125.24.0-255,1484,221513,69,240984
10311,0.034164,172.31.40.0-255,172,221685,69,240984
10312,0.034192,172.31.40.0-255,1116,222801,69,240984
10313,0.034259,172.31.40.0-255,1514,224315,69,240984
10314,0.03426,172.31.40.0-255,1514,225829,69,240984
10315,0.034267,172.31.40.0-255,1514,227343,69,240984
10316,0.034268,172.31.40.0-255,1514,228857,69,240984
10317,0.034298,172.31.40.0-255,1499,230356,69,240984
10318,0.035833,104.244.42.0-255,66,230422,69,240984
10319,0.035887,104.244.42.0-255,66,230488,69,240984
10320,0.03592,104.244.42.0-255,66,230554,69,240984
10321,0.035991,104.244.42.0-255,66,230620,69,240984
10322,0.036093,74.125.24.0-255,4320,234940,69,240984
10323,0.036099,172.31.40.0-255,66,235006,69,240984
10324,0.038508,74.125.24.0-255,5738,240744,69,240984
10325,0.038514,172.31.40.0-255,66,240810,69,240984
10326,0.038895,104.244.42.0-255,108,240918,69,240984
10327,0.038901,172.31.40.0-255,66,240984,69,240984
10328,0.0,172.217.194.0-255,153,153,69,260873
10329,2.4e-05,172.31.40.0-255,66,219,69,260873
10330,3.1e-05,172.217.194.0-255,1484,1703,69,260873
10331,3.6e-05,172.31.40.0-255,66,1769,69,260873
10332,4.3e-05,172.217.194.0-255,2902,4671,69,260873
10333,4.6e-05,172.31.40.0-255,66,4737,69,260873
10334,5.2e-05,172.217.194.0-255,5738,10475,69,260873
10335,5.7e-05,172.31.40.0-255,66,10541,69,260873
10336,9.6e-05,172.31.40.0-255,66,10607,69,260873
10337,0.000117,172.217.194.0-255,2080,12687,69,260873
10338,0.00012,172.31.40.0-255,66,12753,69,260873
10339,0.000128,172.217.194.0-255,6797,19550,69,260873
10340,0.000131,172.31.40.0-255,66,19616,69,260873
10341,0.000178,172.217.194.0-255,1484,21100,69,260873
10342,0.00018,172.31.40.0-255,66,21166,69,260873
10343,0.000185,172.217.194.0-255,2902,24068,69,260873
10344,0.000187,172.31.40.0-255,66,24134,69,260873
10345,0.000191,172.217.194.0-255,2902,27036,69,260873
10346,0.000194,172.31.40.0-255,66,27102,69,260873
10347,0.000225,172.217.194.0-255,7156,34258,69,260873
10348,0.000228,172.31.40.0-255,66,34324,69,260873
10349,0.000273,172.31.40.0-255,66,34390,69,260873
10350,0.000292,172.217.194.0-255,3961,38351,69,260873
10351,0.000294,172.31.40.0-255,66,38417,69,260873
10352,0.0003,172.217.194.0-255,5738,44155,69,260873
10353,0.000303,172.31.40.0-255,66,44221,69,260873
10354,0.000319,172.217.194.0-255,1714,45935,69,260873
10355,0.000322,172.31.40.0-255,66,46001,69,260873
10356,0.000551,172.217.194.0-255,1484,47485,69,260873
10357,0.000557,172.31.40.0-255,66,47551,69,260873
10358,0.000563,172.217.194.0-255,2902,50453,69,260873
10359,0.000566,172.31.40.0-255,66,50519,69,260873
10360,0.000571,172.217.194.0-255,5738,56257,69,260873
10361,0.000574,172.31.40.0-255,66,56323,69,260873
10362,0.000602,172.31.40.0-255,66,56389,69,260873
10363,0.000627,172.217.194.0-255,2902,59291,69,260873
10364,0.00063,172.31.40.0-255,66,59357,69,260873
10365,0.00064,172.31.40.0-255,66,59423,69,260873
10366,0.000661,172.217.194.0-255,2184,61607,69,260873
10367,0.000663,172.31.40.0-255,66,61673,69,260873
10368,0.001158,172.217.194.0-255,1484,63157,69,260873
10369,0.001166,172.217.194.0-255,2902,66059,69,260873
10370,0.00117,172.31.40.0-255,66,66125,69,260873
10371,0.001175,172.217.194.0-255,2902,69027,69,260873
10372,0.001177,172.31.40.0-255,66,69093,69,260873
10373,0.001193,172.217.194.0-255,2902,71995,69,260873
10374,0.001195,172.31.40.0-255,66,72061,69,260873
10375,0.001198,172.217.194.0-255,1484,73545,69,260873
10376,0.001231,172.31.40.0-255,66,73611,69,260873
10377,0.001237,172.217.194.0-255,5738,79349,69,260873
10378,0.001239,172.31.40.0-255,66,79415,69,260873
10379,0.001256,172.217.194.0-255,4320,83735,69,260873
10380,0.001258,172.31.40.0-255,66,83801,69,260873
10381,0.001261,172.217.194.0-255,766,84567,69,260873
10382,0.001275,172.217.194.0-255,1484,86051,69,260873
10383,0.001277,172.31.40.0-255,66,86117,69,260873
10384,0.001302,172.217.194.0-255,4320,90437,69,260873
10385,0.001305,172.31.40.0-255,66,90503,69,260873
10386,0.001315,172.31.40.0-255,66,90569,69,260873
10387,0.001339,172.217.194.0-255,1484,92053,69,260873
10388,0.00135,172.31.40.0-255,66,92119,69,260873
10389,0.001371,172.217.194.0-255,5738,97857,69,260873
10390,0.001373,172.31.40.0-255,66,97923,69,260873
10391,0.001396,172.217.194.0-255,3602,101525,69,260873
10392,0.001398,172.31.40.0-255,66,101591,69,260873
10393,0.001436,172.217.194.0-255,1484,103075,69,260873
10394,0.00144,172.217.194.0-255,2902,105977,69,260873
10395,0.001451,172.31.40.0-255,66,106043,69,260873
10396,0.001464,172.217.194.0-255,4320,110363,69,260873
10397,0.001467,172.31.40.0-255,66,110429,69,260873
10398,0.001491,172.217.194.0-255,1484,111913,69,260873
10399,0.001498,172.217.194.0-255,5738,117651,69,260873
10400,0.001501,172.31.40.0-255,66,117717,69,260873
10401,0.001507,172.217.194.0-255,5738,123455,69,260873
10402,0.00151,172.31.40.0-255,66,123521,69,260873
10403,0.001546,172.217.194.0-255,7156,130677,69,260873
10404,0.001549,172.31.40.0-255,66,130743,69,260873
10405,0.001555,172.217.194.0-255,5020,135763,69,260873
10406,0.001557,172.31.40.0-255,66,135829,69,260873
10407,0.00158,172.217.194.0-255,5738,141567,69,260873
10408,0.001583,172.31.40.0-255,66,141633,69,260873
10409,0.001597,172.31.40.0-255,66,141699,69,260873
10410,0.001625,172.217.194.0-255,1484,143183,69,260873
10411,0.001653,172.31.40.0-255,66,143249,69,260873
10412,0.001709,172.217.194.0-255,7156,150405,69,260873
10413,0.001711,172.31.40.0-255,66,150471,69,260873
10414,0.001723,172.31.40.0-255,66,150537,69,260873
10415,0.001743,172.31.40.0-255,66,150603,69,260873
10416,0.001766,172.217.194.0-255,4320,154923,69,260873
10417,0.001768,172.31.40.0-255,66,154989,69,260873
10418,0.001771,172.217.194.0-255,766,155755,69,260873
10419,0.001792,172.217.194.0-255,5738,161493,69,260873
10420,0.001794,172.31.40.0-255,66,161559,69,260873
10421,0.001827,172.31.40.0-255,66,161625,69,260873
10422,0.001843,172.31.40.0-255,66,161691,69,260873
10423,0.001848,172.217.194.0-255,3602,165293,69,260873
10424,0.00185,172.31.40.0-255,66,165359,69,260873
10425,0.001906,172.217.194.0-255,1484,166843,69,260873
10426,0.001922,172.217.194.0-255,2902,169745,69,260873
10427,0.001925,172.31.40.0-255,66,169811,69,260873
10428,0.00193,172.217.194.0-255,2902,172713,69,260873
10429,0.001932,172.31.40.0-255,66,172779,69,260873
10430,0.001948,172.217.194.0-255,2902,175681,69,260873
10431,0.00195,172.31.40.0-255,66,175747,69,260873
10432,0.001955,172.217.194.0-255,2902,178649,69,260873
10433,0.001956,172.31.40.0-255,66,178715,69,260873
10434,0.001994,172.31.40.0-255,66,178781,69,260873
10435,0.002006,172.31.40.0-255,66,178847,69,260873
10436,0.002044,172.217.194.0-255,1484,180331,69,260873
10437,0.002059,172.217.194.0-255,2902,183233,69,260873
10438,0.002062,172.31.40.0-255,66,183299,69,260873
10439,0.002066,172.217.194.0-255,1484,184783,69,260873
10440,0.002087,172.217.194.0-255,4320,189103,69,260873
10441,0.00209,172.31.40.0-255,66,189169,69,260873
10442,0.002096,172.217.194.0-255,5738,194907,69,260873
10443,0.002098,172.31.40.0-255,66,194973,69,260873
10444,0.002117,172.217.194.0-255,7156,202129,69,260873
10445,0.002142,172.217.194.0-255,4320,206449,69,260873
10446,0.002166,172.217.194.0-255,6438,212887,69,260873
10447,0.00218,172.217.194.0-255,1484,214371,69,260873
10448,0.005975,172.31.40.0-255,66,214437,69,260873
10449,0.008167,172.217.194.0-255,5738,220175,69,260873
10450,0.008178,172.31.40.0-255,66,220241,69,260873
10451,0.010317,172.217.194.0-255,5738,225979,69,260873
10452,0.010325,172.31.40.0-255,66,226045,69,260873
10453,0.012487,172.217.194.0-255,5738,231783,69,260873
10454,0.012496,172.31.40.0-255,66,231849,69,260873
10455,0.014705,172.217.194.0-255,5738,237587,69,260873
10456,0.014716,172.31.40.0-255,66,237653,69,260873
10457,0.016869,172.217.194.0-255,5738,243391,69,260873
10458,0.016883,172.31.40.0-255,66,243457,69,260873
10459,0.019072,172.217.194.0-255,5738,249195,69,260873
10460,0.019083,172.31.40.0-255,66,249261,69,260873
10461,0.021305,172.217.194.0-255,5738,254999,69,260873
10462,0.021317,172.31.40.0-255,66,255065,69,260873
10463,0.023466,172.217.194.0-255,5571,260636,69,260873
10464,0.023474,172.31.40.0-255,66,260702,69,260873
10465,0.023725,172.31.40.0-255,105,260807,69,260873
10466,0.025842,172.217.194.0-255,66,260873,69,260873
10467,0.0,172.31.40.0-255,105,105,69,276
10468,0.001893,157.240.7.0-255,105,210,69,276
10469,0.001906,172.31.40.0-255,66,276,69,276
10470,0.0,74.125.68.0-255,153,153,69,355868
10471,1.5e-05,172.31.40.0-255,66,219,69,355868
10472,2.1e-05,74.125.68.0-255,1484,1703,69,355868
10473,2.5e-05,172.31.40.0-255,66,1769,69,355868
10474,4.5e-05,74.125.68.0-255,2902,4671,69,355868
10475,4.8e-05,172.31.40.0-255,66,4737,69,355868
10476,5.2e-05,74.125.68.0-255,1484,6221,69,355868
10477,5.4e-05,172.31.40.0-255,66,6287,69,355868
10478,0.000116,74.125.68.0-255,2902,9189,69,355868
10479,0.00012,172.31.40.0-255,66,9255,69,355868
10480,0.000126,74.125.68.0-255,4874,14129,69,355868
10481,0.000129,172.31.40.0-255,66,14195,69,355868
10482,0.00043,74.125.68.0-255,1484,15679,69,355868
10483,0.000436,172.31.40.0-255,66,15745,69,355868
10484,0.000442,74.125.68.0-255,2902,18647,69,355868
10485,0.000444,172.31.40.0-255,66,18713,69,355868
10486,0.000447,74.125.68.0-255,1484,20197,69,355868
10487,0.00045,172.31.40.0-255,66,20263,69,355868
10488,0.000479,74.125.68.0-255,2902,23165,69,355868
10489,0.000482,172.31.40.0-255,66,23231,69,355868
10490,0.000489,74.125.68.0-255,5738,28969,69,355868
10491,0.000492,172.31.40.0-255,66,29035,69,355868
10492,0.000497,74.125.68.0-255,2543,31578,69,355868
10493,0.000499,172.31.40.0-255,66,31644,69,355868
10494,0.000519,74.125.68.0-255,2902,34546,69,355868
10495,0.000522,172.31.40.0-255,66,34612,69,355868
10496,0.000526,74.125.68.0-255,2902,37514,69,355868
10497,0.000528,172.31.40.0-255,66,37580,69,355868
10498,0.000549,74.125.68.0-255,4320,41900,69,355868
10499,0.000552,172.31.40.0-255,66,41966,69,355868
10500,0.000558,74.125.68.0-255,5738,47704,69,355868
10501,0.00056,172.31.40.0-255,66,47770,69,355868
10502,0.000581,74.125.68.0-255,1125,48895,69,355868
10503,0.000615,74.125.68.0-255,1484,50379,69,355868
10504,0.000618,172.31.40.0-255,66,50445,69,355868
10505,0.000646,74.125.68.0-255,1484,51929,69,355868
10506,0.000651,74.125.68.0-255,2902,54831,69,355868
10507,0.000653,172.31.40.0-255,66,54897,69,355868
10508,0.000676,74.125.68.0-255,5738,60635,69,355868
10509,0.000679,172.31.40.0-255,66,60701,69,355868
10510,0.000701,74.125.68.0-255,5704,66405,69,355868
10511,0.000705,172.31.40.0-255,66,66471,69,355868
10512,0.000775,74.125.68.0-255,1484,67955,69,355868
10513,0.000781,74.125.68.0-255,2902,70857,69,355868
10514,0.000784,172.31.40.0-255,66,70923,69,355868
10515,0.000811,74.125.68.0-255,4320,75243,69,355868
10516,0.000813,172.31.40.0-255,66,75309,69,355868
10517,0.00082,74.125.68.0-255,5738,81047,69,355868
10518,0.000823,172.31.40.0-255,66,81113,69,355868
10519,0.000854,74.125.68.0-255,4320,85433,69,355868
10520,0.000857,172.31.40.0-255,66,85499,69,355868
10521,0.000875,74.125.68.0-255,6797,92296,69,355868
10522,0.000878,172.31.40.0-255,66,92362,69,355868
10523,0.000904,74.125.68.0-255,5738,98100,69,355868
10524,0.000907,172.31.40.0-255,66,98166,69,355868
10525,0.000923,74.125.68.0-255,2227,100393,69,355868
10526,0.000951,172.31.40.0-255,66,100459,69,355868
10527,0.00096,74.125.68.0-255,1484,101943,69,355868
10528,0.000975,74.125.68.0-255,2902,104845,69,355868
10529,0.000977,172.31.40.0-255,66,104911,69,355868
10530,0.001001,74.125.68.0-255,5738,110649,69,355868
10531,0.001004,172.31.40.0-255,66,110715,69,355868
10532,0.001008,74.125.68.0-255,2902,113617,69,355868
10533,0.001011,172.31.40.0-255,66,113683,69,355868
10534,0.001014,74.125.68.0-255,1484,115167,69,355868
10535,0.001031,74.125.68.0-255,2902,118069,69,355868
10536,0.001033,172.31.40.0-255,66,118135,69,355868
10537,0.001048,74.125.68.0-255,5738,123873,69,355868
10538,0.001051,172.31.40.0-255,66,123939,69,355868
10539,0.001067,74.125.68.0-255,2902,126841,69,355868
10540,0.00107,172.31.40.0-255,66,126907,69,355868
10541,0.001074,74.125.68.0-255,2902,129809,69,355868
10542,0.001077,172.31.40.0-255,66,129875,69,355868
10543,0.00112,74.125.68.0-255,5020,134895,69,355868
10544,0.001123,172.31.40.0-255,66,134961,69,355868
10545,0.001271,74.125.68.0-255,1484,136445,69,355868
10546,0.001303,74.125.68.0-255,2902,139347,69,355868
10547,0.001308,74.125.68.0-255,2902,142249,69,355868
10548,0.001312,172.31.40.0-255,66,142315,69,355868
10549,0.001316,172.31.40.0-255,66,142381,69,355868
10550,0.001337,74.125.68.0-255,4320,146701,69,355868
10551,0.001339,172.31.40.0-255,66,146767,69,355868
10552,0.00135,172.31.40.0-255,66,146833,69,355868
10553,0.001383,74.125.68.0-255,7156,153989,69,355868
10554,0.001385,172.31.40.0-255,66,154055,69,355868
10555,0.001418,74.125.68.0-255,2902,156957,69,355868
10556,0.001421,172.31.40.0-255,66,157023,69,355868
10557,0.001441,74.125.68.0-255,3602,160625,69,355868
10558,0.001445,172.31.40.0-255,66,160691,69,355868
10559,0.001465,74.125.68.0-255,1484,162175,69,355868
10560,0.00148,74.125.68.0-255,1484,163659,69,355868
10561,0.001483,172.31.40.0-255,66,163725,69,355868
10562,0.001503,74.125.68.0-255,1484,165209,69,355868
10563,0.00151,74.125.68.0-255,5738,170947,69,355868
10564,0.001512,172.31.40.0-255,66,171013,69,355868
10565,0.001516,74.125.68.0-255,2902,173915,69,355868
10566,0.001519,172.31.40.0-255,66,173981,69,355868
10567,0.00153,74.125.68.0-255,1484,175465,69,355868
10568,0.001537,74.125.68.0-255,5738,181203,69,355868
10569,0.001539,172.31.40.0-255,66,181269,69,355868
10570,0.001568,172.31.40.0-255,66,181335,69,355868
10571,0.001571,74.125.68.0-255,2184,183519,69,355868
10572,0.001573,172.31.40.0-255,66,183585,69,355868
10573,0.001665,74.125.68.0-255,1484,185069,69,355868
10574,0.001679,74.125.68.0-255,2902,187971,69,355868
10575,0.001683,172.31.40.0-255,66,188037,69,355868
10576,0.001693,74.125.68.0-255,1484,189521,69,355868
10577,0.001709,74.125.68.0-255,4320,193841,69,355868
10578,0.001711,172.31.40.0-255,66,193907,69,355868
10579,0.001714,74.125.68.0-255,1484,195391,69,355868
10580,0.001736,74.125.68.0-255,7156,202547,69,355868
10581,0.001738,172.31.40.0-255,66,202613,69,355868
10582,0.001764,74.125.68.0-255,1484,204097,69,355868
10583,0.001785,172.31.40.0-255,66,204163,69,355868
10584,0.001791,74.125.68.0-255,5020,209183,69,355868
10585,0.001793,172.31.40.0-255,66,209249,69,355868
10586,0.001986,74.125.68.0-255,1484,210733,69,355868
10587,0.002005,74.125.68.0-255,2902,213635,69,355868
10588,0.002008,172.31.40.0-255,66,213701,69,355868
10589,0.002022,74.125.68.0-255,5738,219439,69,355868
10590,0.002024,172.31.40.0-255,66,219505,69,355868
10591,0.002037,74.125.68.0-255,2902,222407,69,355868
10592,0.002043,172.31.40.0-255,66,222473,69,355868
10593,0.00206,74.125.68.0-255,4320,226793,69,355868
10594,0.002062,172.31.40.0-255,66,226859,69,355868
10595,0.002098,172.31.40.0-255,66,226925,69,355868
10596,0.002144,172.31.40.0-255,66,226991,69,355868
10597,0.002152,74.125.68.0-255,3602,230593,69,355868
10598,0.002154,172.31.40.0-255,66,230659,69,355868
10599,0.002166,74.125.68.0-255,1484,232143,69,355868
10600,0.002198,172.31.40.0-255,66,232209,69,355868
10601,0.002203,74.125.68.0-255,4320,236529,69,355868
10602,0.002204,172.31.40.0-255,66,236595,69,355868
10603,0.002271,172.31.40.0-255,66,236661,69,355868
10604,0.002278,74.125.68.0-255,7156,243817,69,355868
10605,0.00228,172.31.40.0-255,66,243883,69,355868
10606,0.002295,74.125.68.0-255,5738,249621,69,355868
10607,0.002297,172.31.40.0-255,66,249687,69,355868
10608,0.002313,74.125.68.0-255,4320,254007,69,355868
10609,0.002316,172.31.40.0-255,66,254073,69,355868
10610,0.00458,74.125.68.0-255,1484,255557,69,355868
10611,0.004601,74.125.68.0-255,4320,259877,69,355868
10612,0.004605,172.31.40.0-255,66,259943,69,355868
10613,0.006892,74.125.68.0-255,5738,265681,69,355868
10614,0.006895,172.31.40.0-255,66,265747,69,355868
10615,0.009201,74.125.68.0-255,5738,271485,69,355868
10616,0.009208,172.31.40.0-255,66,271551,69,355868
10617,0.011505,74.125.68.0-255,5738,277289,69,355868
10618,0.011514,172.31.40.0-255,66,277355,69,355868
10619,0.013814,74.125.68.0-255,5738,283093,69,355868
10620,0.013821,172.31.40.0-255,66,283159,69,355868
10621,0.016127,74.125.68.0-255,5738,288897,69,355868
10622,0.016135,172.31.40.0-255,66,288963,69,355868
10623,0.018435,74.125.68.0-255,5738,294701,69,355868
10624,0.018441,172.31.40.0-255,66,294767,69,355868
10625,0.020737,74.125.68.0-255,5738,300505,69,355868
10626,0.020744,172.31.40.0-255,66,300571,69,355868
10627,0.023045,74.125.68.0-255,5738,306309,69,355868
10628,0.023055,172.31.40.0-255,66,306375,69,355868
10629,0.025352,74.125.68.0-255,5738,312113,69,355868
10630,0.02536,172.31.40.0-255,66,312179,69,355868
10631,0.027661,74.125.68.0-255,5738,317917,69,355868
10632,0.027668,172.31.40.0-255,66,317983,69,355868
10633,0.02996,74.125.68.0-255,5738,323721,69,355868
10634,0.029968,172.31.40.0-255,66,323787,69,355868
10635,0.032293,74.125.68.0-255,5738,329525,69,355868
10636,0.032302,172.31.40.0-255,66,329591,69,355868
10637,0.034603,74.125.68.0-255,5738,335329,69,355868
10638,0.03461,172.31.40.0-255,66,335395,69,355868
10639,0.03692,74.125.68.0-255,5738,341133,69,355868
10640,0.036928,172.31.40.0-255,66,341199,69,355868
10641,0.038871,172.31.40.0-255,192,341391,69,355868
10642,0.038905,172.31.40.0-255,1116,342507,69,355868
10643,0.038971,172.31.40.0-255,1514,344021,69,355868
10644,0.038973,172.31.40.0-255,1514,345535,69,355868
10645,0.038974,172.31.40.0-255,1514,347049,69,355868
10646,0.038978,172.31.40.0-255,1514,348563,69,355868
10647,0.038979,172.31.40.0-255,1501,350064,69,355868
10648,0.039219,74.125.68.0-255,5738,355802,69,355868
10649,0.039226,172.31.40.0-255,66,355868,69,355868
10650,0.0,74.125.200.0-255,147,147,69,245052
10651,1.4e-05,172.31.40.0-255,66,213,69,245052
10652,4.3e-05,74.125.200.0-255,1484,1697,69,245052
10653,4.9e-05,172.31.40.0-255,66,1763,69,245052
10654,5.5e-05,74.125.200.0-255,2902,4665,69,245052
10655,5.9e-05,172.31.40.0-255,66,4731,69,245052
10656,8.9e-05,74.125.200.0-255,5738,10469,69,245052
10657,9.7e-05,172.31.40.0-255,66,10535,69,245052
10658,0.000101,74.125.200.0-255,2902,13437,69,245052
10659,0.000103,172.31.40.0-255,66,13503,69,245052
10660,0.000109,74.125.200.0-255,3543,17046,69,245052
10661,0.000111,172.31.40.0-255,66,17112,69,245052
10662,0.000143,172.31.40.0-255,66,17178,69,245052
10663,0.000148,74.125.200.0-255,4320,21498,69,245052
10664,0.000151,172.31.40.0-255,66,21564,69,245052
10665,0.000187,74.125.200.0-255,1125,22689,69,245052
10666,0.00019,172.31.40.0-255,66,22755,69,245052
10667,0.000463,74.125.200.0-255,1484,24239,69,245052
10668,0.000469,172.31.40.0-255,66,24305,69,245052
10669,0.000476,74.125.200.0-255,2902,27207,69,245052
10670,0.000479,172.31.40.0-255,66,27273,69,245052
10671,0.00049,74.125.200.0-255,5738,33011,69,245052
10672,0.000492,172.31.40.0-255,66,33077,69,245052
10673,0.00052,74.125.200.0-255,6797,39874,69,245052
10674,0.000527,172.31.40.0-255,66,39940,69,245052
10675,0.000556,172.31.40.0-255,66,40006,69,245052
10676,0.000581,74.125.200.0-255,2902,42908,69,245052
10677,0.000584,172.31.40.0-255,66,42974,69,245052
10678,0.000591,74.125.200.0-255,5691,48665,69,245052
10679,0.000593,172.31.40.0-255,66,48731,69,245052
10680,0.00069,74.125.200.0-255,112,48843,69,245052
10681,0.000772,74.125.200.0-255,1484,50327,69,245052
10682,0.000787,172.31.40.0-255,66,50393,69,245052
10683,0.000793,74.125.200.0-255,2902,53295,69,245052
10684,0.000797,74.125.200.0-255,2902,56197,69,245052
10685,0.000812,172.31.40.0-255,66,56263,69,245052
10686,0.000814,74.125.200.0-255,1484,57747,69,245052
10687,0.000841,74.125.200.0-255,4320,62067,69,245052
10688,0.00086,172.31.40.0-255,66,62133,69,245052
10689,0.000924,74.125.200.0-255,3602,65735,69,245052
10690,0.000936,172.31.40.0-255,66,65801,69,245052
10691,0.001172,74.125.200.0-255,1484,67285,69,245052
10692,0.001199,74.125.200.0-255,1484,68769,69,245052
10693,0.001202,172.31.40.0-255,66,68835,69,245052
10694,0.001236,74.125.200.0-255,2902,71737,69,245052
10695,0.001254,74.125.200.0-255,4320,76057,69,245052
10696,0.001266,172.31.40.0-255,66,76123,69,245052
10697,0.001279,74.125.200.0-255,1484,77607,69,245052
10698,0.001305,74.125.200.0-255,7156,84763,69,245052
10699,0.00131,74.125.200.0-255,5738,90501,69,245052
10700,0.001318,74.125.200.0-255,7156,97657,69,245052
10701,0.001333,172.31.40.0-255,66,97723,69,245052
10702,0.001337,74.125.200.0-255,2184,99907,69,245052
10703,0.001355,172.31.40.0-255,66,99973,69,245052
10704,0.001379,74.125.200.0-255,2902,102875,69,245052
10705,0.001395,74.125.200.0-255,1484,104359,69,245052
10706,0.0014,74.125.200.0-255,2902,107261,69,245052
10707,0.001415,172.31.40.0-255,66,107327,69,245052
10708,0.001423,74.125.200.0-255,5738,113065,69,245052
10709,0.001443,172.31.40.0-255,66,113131,69,245052
10710,0.001529,172.31.40.0-255,66,113197,69,245052
10711,0.001534,74.125.200.0-255,2902,116099,69,245052
10712,0.001539,172.31.40.0-255,66,116165,69,245052
10713,0.001595,172.31.40.0-255,66,116231,69,245052
10714,0.00183,74.125.200.0-255,1484,117715,69,245052
10715,0.001846,74.125.200.0-255,2902,120617,69,245052
10716,0.00185,172.31.40.0-255,66,120683,69,245052
10717,0.001862,74.125.200.0-255,4320,125003,69,245052
10718,0.001875,74.125.200.0-255,2902,127905,69,245052
10719,0.001891,74.125.200.0-255,5738,133643,69,245052
10720,0.001894,74.125.200.0-255,1484,135127,69,245052
10721,0.001898,172.31.40.0-255,66,135193,69,245052
10722,0.001907,74.125.200.0-255,4320,139513,69,245052
10723,0.001911,172.31.40.0-255,66,139579,69,245052
10724,0.001932,74.125.200.0-255,1484,141063,69,245052
10725,0.001946,74.125.200.0-255,766,141829,69,245052
10726,0.001952,172.31.40.0-255,66,141895,69,245052
10727,0.002083,74.125.200.0-255,1484,143379,69,245052
10728,0.002096,74.125.200.0-255,1484,144863,69,245052
10729,0.002099,172.31.40.0-255,66,144929,69,245052
10730,0.002103,74.125.200.0-255,1484,146413,69,245052
10731,0.002123,74.125.200.0-255,1484,147897,69,245052
10732,0.002156,74.125.200.0-255,4320,152217,69,245052
10733,0.002171,74.125.200.0-255,1484,153701,69,245052
10734,0.002184,172.31.40.0-255,66,153767,69,245052
10735,0.002189,172.31.40.0-255,66,153833,69,245052
10736,0.002199,74.125.200.0-255,1484,155317,69,245052
10737,0.002231,172.31.40.0-255,66,155383,69,245052
10738,0.00227,74.125.200.0-255,1484,156867,69,245052
10739,0.002291,74.125.200.0-255,2902,159769,69,245052
10740,0.002295,172.31.40.0-255,66,159835,69,245052
10741,0.002326,74.125.200.0-255,4320,164155,69,245052
10742,0.002339,172.31.40.0-255,66,164221,69,245052
10743,0.002343,74.125.200.0-255,2902,167123,69,245052
10744,0.002347,172.31.40.0-255,66,167189,69,245052
10745,0.004662,74.125.200.0-255,5738,172927,69,245052
10746,0.004669,172.31.40.0-255,66,172993,69,245052
10747,0.006985,74.125.200.0-255,5738,178731,69,245052
10748,0.012377,172.31.40.0-255,66,178797,69,245052
10749,0.013982,74.125.200.0-255,1484,180281,69,245052
10750,0.014713,74.125.200.0-255,4320,184601,69,245052
10751,0.01472,172.31.40.0-255,66,184667,69,245052
10752,0.017044,74.125.200.0-255,5738,190405,69,245052
10753,0.017094,172.31.40.0-255,66,190471,69,245052
10754,0.019425,74.125.200.0-255,5738,196209,69,245052
10755,0.019437,172.31.40.0-255,66,196275,69,245052
10756,0.021769,74.125.200.0-255,5738,202013,69,245052
10757,0.024031,172.31.40.0-255,66,202079,69,245052
10758,0.02637,74.125.200.0-255,5738,207817,69,245052
10759,0.026381,172.31.40.0-255,66,207883,69,245052
10760,0.028716,74.125.200.0-255,5738,213621,69,245052
10761,0.028724,172.31.40.0-255,66,213687,69,245052
10762,0.031048,74.125.200.0-255,5738,219425,69,245052
10763,0.031055,172.31.40.0-255,66,219491,69,245052
10764,0.033372,74.125.200.0-255,5738,225229,69,245052
10765,0.03338,172.31.40.0-255,66,225295,69,245052
10766,0.035696,74.125.200.0-255,5738,231033,69,245052
10767,0.035704,172.31.40.0-255,66,231099,69,245052
10768,0.03696,172.31.40.0-255,172,231271,69,245052
10769,0.03699,172.31.40.0-255,1111,232382,69,245052
10770,0.037046,172.31.40.0-255,1514,233896,69,245052
10771,0.037048,172.31.40.0-255,1514,235410,69,245052
10772,0.037049,172.31.40.0-255,1514,236924,69,245052
10773,0.03705,172.31.40.0-255,1514,238438,69,245052
10774,0.037051,172.31.40.0-255,546,238984,69,245052
10775,0.03804,74.125.200.0-255,5738,244722,69,245052
10776,0.038046,172.31.40.0-255,66,244788,69,245052
10777,0.03851,104.244.42.0-255,66,244854,69,245052
10778,0.038537,104.244.42.0-255,66,244920,69,245052
10779,0.038666,104.244.42.0-255,66,244986,69,245052
10780,0.038679,104.244.42.0-255,66,245052,69,245052
10781,0.0,74.125.24.0-255,153,153,69,223855
10782,3.1e-05,172.31.40.0-255,66,219,69,223855
10783,3.8e-05,74.125.24.0-255,1484,1703,69,223855
10784,4.2e-05,172.31.40.0-255,66,1769,69,223855
10785,4.7e-05,74.125.24.0-255,2902,4671,69,223855
10786,5.1e-05,172.31.40.0-255,66,4737,69,223855
10787,5.8e-05,74.125.24.0-255,7156,11893,69,223855
10788,6.1e-05,172.31.40.0-255,66,11959,69,223855
10789,9.5e-05,74.125.24.0-255,2100,14059,69,223855
10790,9.8e-05,172.31.40.0-255,66,14125,69,223855
10791,0.000197,74.125.24.0-255,1484,15609,69,223855
10792,0.000202,172.31.40.0-255,66,15675,69,223855
10793,0.000207,74.125.24.0-255,2902,18577,69,223855
10794,0.000211,172.31.40.0-255,66,18643,69,223855
10795,0.000217,74.125.24.0-255,5738,24381,69,223855
10796,0.000219,172.31.40.0-255,66,24447,69,223855
10797,0.000265,74.125.24.0-255,6797,31244,69,223855
10798,0.00027,172.31.40.0-255,66,31310,69,223855
10799,0.00038,74.125.24.0-255,1484,32794,69,223855
10800,0.000385,172.31.40.0-255,66,32860,69,223855
10801,0.000391,74.125.24.0-255,2902,35762,69,223855
10802,0.000396,172.31.40.0-255,66,35828,69,223855
10803,0.000408,74.125.24.0-255,5738,41566,69,223855
10804,0.000412,172.31.40.0-255,66,41632,69,223855
10805,0.000438,74.125.24.0-255,7156,48788,69,223855
10806,0.000442,172.31.40.0-255,66,48854,69,223855
10807,0.000469,74.125.24.0-255,6797,55651,69,223855
10808,0.000473,172.31.40.0-255,66,55717,69,223855
10809,0.000478,74.125.24.0-255,4320,60037,69,223855
10810,0.000482,172.31.40.0-255,66,60103,69,223855
10811,0.000504,74.125.24.0-255,4320,64423,69,223855
10812,0.000508,172.31.40.0-255,66,64489,69,223855
10813,0.000526,74.125.24.0-255,1458,65947,69,223855
10814,0.000528,74.125.24.0-255,376,66323,69,223855
10815,0.000531,172.31.40.0-255,66,66389,69,223855
10816,0.00079,74.125.24.0-255,1484,67873,69,223855
10817,0.000797,74.125.24.0-255,2902,70775,69,223855
10818,0.000801,172.31.40.0-255,66,70841,69,223855
10819,0.000808,74.125.24.0-255,4320,75161,69,223855
10820,0.00081,172.31.40.0-255,66,75227,69,223855
10821,0.000825,74.125.24.0-255,1484,76711,69,223855
10822,0.000838,172.31.40.0-255,66,76777,69,223855
10823,0.000852,74.125.24.0-255,2902,79679,69,223855
10824,0.000855,172.31.40.0-255,66,79745,69,223855
10825,0.000859,74.125.24.0-255,2902,82647,69,223855
10826,0.000863,172.31.40.0-255,66,82713,69,223855
10827,0.000895,172.31.40.0-255,66,82779,69,223855
10828,0.002,74.125.24.0-255,1484,84263,69,223855
10829,0.002009,74.125.24.0-255,1484,85747,69,223855
10830,0.002014,172.31.40.0-255,66,85813,69,223855
10831,0.002037,74.125.24.0-255,1484,87297,69,223855
10832,0.002043,74.125.24.0-255,4320,91617,69,223855
10833,0.002045,172.31.40.0-255,66,91683,69,223855
10834,0.002056,172.31.40.0-255,66,91749,69,223855
10835,0.002084,74.125.24.0-255,2902,94651,69,223855
10836,0.002086,172.31.40.0-255,66,94717,69,223855
10837,0.002117,172.31.40.0-255,66,94783,69,223855
10838,0.002121,74.125.24.0-255,2902,97685,69,223855
10839,0.002123,172.31.40.0-255,66,97751,69,223855
10840,0.002145,74.125.24.0-255,1484,99235,69,223855
10841,0.002152,74.125.24.0-255,5738,104973,69,223855
10842,0.002154,172.31.40.0-255,66,105039,69,223855
10843,0.002173,74.125.24.0-255,7156,112195,69,223855
10844,0.002176,172.31.40.0-255,66,112261,69,223855
10845,0.002194,74.125.24.0-255,4320,116581,69,223855
10846,0.002196,172.31.40.0-255,66,116647,69,223855
10847,0.002203,74.125.24.0-255,7156,123803,69,223855
10848,0.002206,172.31.40.0-255,66,123869,69,223855
10849,0.002255,172.31.40.0-255,66,123935,69,223855
10850,0.002267,172.31.40.0-255,66,124001,69,223855
10851,0.002286,74.125.24.0-255,4320,128321,69,223855
10852,0.002288,172.31.40.0-255,66,128387,69,223855
10853,0.002341,172.31.40.0-255,66,128453,69,223855
10854,0.002389,172.31.40.0-255,66,128519,69,223855
10855,0.00242,172.31.40.0-255,66,128585,69,223855
10856,0.002439,172.31.40.0-255,66,128651,69,223855
10857,0.004792,74.125.24.0-255,5738,134389,69,223855
10858,0.00481,172.31.40.0-255,66,134455,69,223855
10859,0.007185,74.125.24.0-255,5738,140193,69,223855
10860,0.007205,172.31.40.0-255,66,140259,69,223855
10861,0.009549,74.125.24.0-255,5738,145997,69,223855
10862,0.009569,172.31.40.0-255,66,146063,69,223855
10863,0.0119,74.125.24.0-255,5738,151801,69,223855
10864,0.011908,172.31.40.0-255,66,151867,69,223855
10865,0.014213,74.125.24.0-255,5738,157605,69,223855
10866,0.01422,172.31.40.0-255,66,157671,69,223855
10867,0.016561,74.125.24.0-255,5738,163409,69,223855
10868,0.016568,172.31.40.0-255,66,163475,69,223855
10869,0.018922,74.125.24.0-255,5738,169213,69,223855
10870,0.018931,172.31.40.0-255,66,169279,69,223855
10871,0.021286,74.125.24.0-255,5738,175017,69,223855
10872,0.021296,172.31.40.0-255,66,175083,69,223855
10873,0.02362,74.125.24.0-255,5738,180821,69,223855
10874,0.023627,172.31.40.0-255,66,180887,69,223855
10875,0.025958,74.125.24.0-255,5738,186625,69,223855
10876,0.025972,172.31.40.0-255,66,186691,69,223855
10877,0.028321,74.125.24.0-255,5738,192429,69,223855
10878,0.028331,172.31.40.0-255,66,192495,69,223855
10879,0.030643,74.125.24.0-255,5738,198233,69,223855
10880,0.03065,172.31.40.0-255,66,198299,69,223855
10881,0.033002,74.125.24.0-255,5738,204037,69,223855
10882,0.03301,172.31.40.0-255,66,204103,69,223855
10883,0.035331,74.125.24.0-255,5738,209841,69,223855
10884,0.035338,172.31.40.0-255,66,209907,69,223855
10885,0.036192,172.31.40.0-255,167,210074,69,223855
10886,0.036227,172.31.40.0-255,1111,211185,69,223855
10887,0.036341,172.31.40.0-255,1514,212699,69,223855
10888,0.036343,172.31.40.0-255,1514,214213,69,223855
10889,0.036344,172.31.40.0-255,1514,215727,69,223855
10890,0.036345,172.31.40.0-255,1514,217241,69,223855
10891,0.036346,172.31.40.0-255,546,217787,69,223855
10892,0.037709,74.125.24.0-255,5738,223525,69,223855
10893,0.037716,172.31.40.0-255,66,223591,69,223855
10894,0.037753,104.244.42.0-255,66,223657,69,223855
10895,0.037808,104.244.42.0-255,66,223723,69,223855
10896,0.037903,104.244.42.0-255,66,223789,69,223855
10897,0.037908,104.244.42.0-255,66,223855,69,223855
10898,0.0,172.31.40.0-255,105,105,69,459
10899,0.000151,172.31.40.0-255,90,195,69,459
10900,0.00016,172.31.40.0-255,66,261,69,459
10901,0.002567,74.125.24.0-255,66,327,69,459
10902,0.002597,74.125.24.0-255,66,393,69,459
10903,0.002619,172.31.40.0-255,66,459,69,459
10904,0.0,172.217.194.0-255,149,149,69,164627
10905,2.2e-05,172.31.40.0-255,66,215,69,164627
10906,2.9e-05,172.217.194.0-255,1484,1699,69,164627
10907,3.3e-05,172.31.40.0-255,66,1765,69,164627
10908,3.9e-05,172.217.194.0-255,2902,4667,69,164627
10909,5.1e-05,172.31.40.0-255,66,4733,69,164627
10910,5.8e-05,172.217.194.0-255,7156,11889,69,164627
10911,6.2e-05,172.31.40.0-255,66,11955,69,164627
10912,9.5e-05,172.217.194.0-255,2099,14054,69,164627
10913,9.7e-05,172.31.40.0-255,66,14120,69,164627
10914,0.000504,172.217.194.0-255,1484,15604,69,164627
10915,0.00051,172.31.40.0-255,66,15670,69,164627
10916,0.000516,172.217.194.0-255,2902,18572,69,164627
10917,0.000519,172.31.40.0-255,66,18638,69,164627
10918,0.000531,172.217.194.0-255,5738,24376,69,164627
10919,0.000534,172.31.40.0-255,66,24442,69,164627
10920,0.00058,172.31.40.0-255,66,24508,69,164627
10921,0.000592,172.31.40.0-255,66,24574,69,164627
10922,0.000639,172.217.194.0-255,5738,30312,69,164627
10923,0.000642,172.31.40.0-255,66,30378,69,164627
10924,0.000683,172.31.40.0-255,66,30444,69,164627
10925,0.00098,172.217.194.0-255,646,31090,69,164627
10926,0.000987,172.31.40.0-255,66,31156,69,164627
10927,0.001105,172.217.194.0-255,1484,32640,69,164627
10928,0.001109,172.31.40.0-255,66,32706,69,164627
10929,0.001114,172.217.194.0-255,2902,35608,69,164627
10930,0.001117,172.31.40.0-255,66,35674,69,164627
10931,0.00112,172.217.194.0-255,1484,37158,69,164627
10932,0.001122,172.31.40.0-255,66,37224,69,164627
10933,0.001158,172.217.194.0-255,4320,41544,69,164627
10934,0.001166,172.217.194.0-255,7156,48700,69,164627
10935,0.001182,172.31.40.0-255,66,48766,69,164627
10936,0.001189,172.217.194.0-255,5738,54504,69,164627
10937,0.001195,172.217.194.0-255,5738,60242,69,164627
10938,0.001215,172.217.194.0-255,2902,63144,69,164627
10939,0.001219,172.217.194.0-255,2184,65328,69,164627
10940,0.001222,172.31.40.0-255,66,65394,69,164627
10941,0.001249,172.31.40.0-255,66,65460,69,164627
10942,0.001526,172.217.194.0-255,1484,66944,69,164627
10943,0.001533,172.217.194.0-255,2902,69846,69,164627
10944,0.001537,172.31.40.0-255,66,69912,69,164627
10945,0.001542,172.217.194.0-255,2902,72814,69,164627
10946,0.001548,172.31.40.0-255,66,72880,69,164627
10947,0.001567,172.217.194.0-255,2902,75782,69,164627
10948,0.001591,172.217.194.0-255,7156,82938,69,164627
10949,0.001596,172.31.40.0-255,66,83004,69,164627
10950,0.001607,172.217.194.0-255,1484,84488,69,164627
10951,0.001649,172.217.194.0-255,2184,86672,69,164627
10952,0.001665,172.31.40.0-255,66,86738,69,164627
10953,0.001891,172.217.194.0-255,1484,88222,69,164627
10954,0.00191,172.217.194.0-255,2902,91124,69,164627
10955,0.001914,172.31.40.0-255,66,91190,69,164627
10956,0.001921,172.217.194.0-255,5738,96928,69,164627
10957,0.001944,172.217.194.0-255,5738,102666,69,164627
10958,0.001956,172.31.40.0-255,66,102732,69,164627
10959,0.001964,172.217.194.0-255,7156,109888,69,164627
10960,0.001966,172.217.194.0-255,1484,111372,69,164627
10961,0.001978,172.217.194.0-255,5738,117110,69,164627
10962,0.001984,172.31.40.0-255,66,117176,69,164627
10963,0.00204,172.217.194.0-255,1484,118660,69,164627
10964,0.002045,172.31.40.0-255,66,118726,69,164627
10965,0.002057,172.217.194.0-255,5738,124464,69,164627
10966,0.002064,172.31.40.0-255,66,124530,69,164627
10967,0.002101,172.217.194.0-255,6438,130968,69,164627
10968,0.00211,172.217.194.0-255,7156,138124,69,164627
10969,0.002112,172.217.194.0-255,1484,139608,69,164627
10970,0.002116,172.31.40.0-255,78,139686,69,164627
10971,0.002176,172.217.194.0-255,4320,144006,69,164627
10972,0.002183,172.31.40.0-255,66,144072,69,164627
10973,0.002298,172.217.194.0-255,7156,151228,69,164627
10974,0.002334,172.217.194.0-255,1484,152712,69,164627
10975,0.002376,172.217.194.0-255,7156,159868,69,164627
10976,0.002415,172.217.194.0-255,4320,164188,69,164627
10977,0.002448,172.217.194.0-255,97,164285,69,164627
10978,0.002497,172.217.194.0-255,105,164390,69,164627
10979,0.012103,172.31.40.0-255,66,164456,69,164627
10980,0.014469,172.31.40.0-255,105,164561,69,164627
10981,0.016437,172.217.194.0-255,66,164627,69,164627
10982,0.0,74.125.24.0-255,298,298,69,211386
10983,1.6e-05,172.31.40.0-255,66,364,69,211386
10984,2.2e-05,74.125.24.0-255,1484,1848,69,211386
10985,2.7e-05,172.31.40.0-255,66,1914,69,211386
10986,3.4e-05,74.125.24.0-255,4320,6234,69,211386
10987,3.7e-05,172.31.40.0-255,66,6300,69,211386
10988,6.2e-05,74.125.24.0-255,4320,10620,69,211386
10989,6.5e-05,172.31.40.0-255,66,10686,69,211386
10990,8.6e-05,74.125.24.0-255,3257,13943,69,211386
10991,8.9e-05,172.31.40.0-255,66,14009,69,211386
10992,0.0001,74.125.24.0-255,1484,15493,69,211386
10993,0.000103,172.31.40.0-255,66,15559,69,211386
10994,0.000127,74.125.24.0-255,2902,18461,69,211386
10995,0.00013,172.31.40.0-255,66,18527,69,211386
10996,0.000136,74.125.24.0-255,5738,24265,69,211386
10997,0.000139,172.31.40.0-255,66,24331,69,211386
10998,0.000161,74.125.24.0-255,2902,27233,69,211386
10999,0.000164,172.31.40.0-255,66,27299,69,211386
11000,0.000176,74.125.24.0-255,3961,31260,69,211386
11001,0.000179,172.31.40.0-255,66,31326,69,211386
11002,0.00083,74.125.24.0-255,1484,32810,69,211386
11003,0.000837,172.31.40.0-255,66,32876,69,211386
11004,0.000845,74.125.24.0-255,2902,35778,69,211386
11005,0.000848,172.31.40.0-255,66,35844,69,211386
11006,0.000855,74.125.24.0-255,5738,41582,69,211386
11007,0.000857,172.31.40.0-255,66,41648,69,211386
11008,0.00089,74.125.24.0-255,6797,48445,69,211386
11009,0.000893,172.31.40.0-255,66,48511,69,211386
11010,0.000901,74.125.24.0-255,7156,55667,69,211386
11011,0.000903,172.31.40.0-255,66,55733,69,211386
11012,0.000946,172.31.40.0-255,66,55799,69,211386
11013,0.000978,74.125.24.0-255,342,56141,69,211386
11014,0.001066,74.125.24.0-255,1484,57625,69,211386
11015,0.001072,172.31.40.0-255,66,57691,69,211386
11016,0.001078,74.125.24.0-255,2902,60593,69,211386
11017,0.001081,172.31.40.0-255,66,60659,69,211386
11018,0.001086,74.125.24.0-255,4320,64979,69,211386
11019,0.001088,172.31.40.0-255,66,65045,69,211386
11020,0.001106,74.125.24.0-255,1484,66529,69,211386
11021,0.001122,74.125.24.0-255,2902,69431,69,211386
11022,0.001125,172.31.40.0-255,66,69497,69,211386
11023,0.001146,74.125.24.0-255,3961,73458,69,211386
11024,0.001149,172.31.40.0-255,66,73524,69,211386
11025,0.00119,74.125.24.0-255,1484,75008,69,211386
11026,0.001231,74.125.24.0-255,2902,77910,69,211386
11027,0.001235,172.31.40.0-255,66,77976,69,211386
11028,0.001238,74.125.24.0-255,1484,79460,69,211386
11029,0.001263,74.125.24.0-255,1484,80944,69,211386
11030,0.001265,172.31.40.0-255,66,81010,69,211386
11031,0.001274,74.125.24.0-255,7156,88166,69,211386
11032,0.001277,172.31.40.0-255,66,88232,69,211386
11033,0.001281,74.125.24.0-255,2543,90775,69,211386
11034,0.001284,172.31.40.0-255,66,90841,69,211386
11035,0.001417,74.125.24.0-255,1484,92325,69,211386
11036,0.001424,74.125.24.0-255,2902,95227,69,211386
11037,0.001428,172.31.40.0-255,66,95293,69,211386
11038,0.001451,74.125.24.0-255,5738,101031,69,211386
11039,0.001454,172.31.40.0-255,66,101097,69,211386
11040,0.001478,74.125.24.0-255,4320,105417,69,211386
11041,0.001481,172.31.40.0-255,66,105483,69,211386
11042,0.001508,172.31.40.0-255,66,105549,69,211386
11043,0.00153,74.125.24.0-255,4320,109869,69,211386
11044,0.001532,172.31.40.0-255,66,109935,69,211386
11045,0.001553,74.125.24.0-255,6438,116373,69,211386
11046,0.001557,172.31.40.0-255,66,116439,69,211386
11047,0.003949,74.125.24.0-255,5738,122177,69,211386
11048,0.003958,172.31.40.0-255,66,122243,69,211386
11049,0.006339,74.125.24.0-255,5738,127981,69,211386
11050,0.006348,172.31.40.0-255,66,128047,69,211386
11051,0.008763,74.125.24.0-255,5738,133785,69,211386
11052,0.008771,172.31.40.0-255,66,133851,69,211386
11053,0.01119,74.125.24.0-255,5738,139589,69,211386
11054,0.011198,172.31.40.0-255,66,139655,69,211386
11055,0.01362,74.125.24.0-255,5738,145393,69,211386
11056,0.013629,172.31.40.0-255,66,145459,69,211386
11057,0.016062,74.125.24.0-255,2902,148361,69,211386
11058,0.016073,172.31.40.0-255,66,148427,69,211386
11059,0.016096,74.125.24.0-255,2902,151329,69,211386
11060,0.016099,172.31.40.0-255,66,151395,69,211386
11061,0.018511,74.125.24.0-255,5738,157133,69,211386
11062,0.018519,172.31.40.0-255,66,157199,69,211386
11063,0.020916,74.125.24.0-255,5738,162937,69,211386
11064,0.020924,172.31.40.0-255,66,163003,69,211386
11065,0.023317,74.125.24.0-255,5738,168741,69,211386
11066,0.023324,172.31.40.0-255,66,168807,69,211386
11067,0.025733,74.125.24.0-255,5738,174545,69,211386
11068,0.025741,172.31.40.0-255,66,174611,69,211386
11069,0.028143,74.125.24.0-255,5738,180349,69,211386
11070,0.028151,172.31.40.0-255,66,180415,69,211386
11071,0.029551,172.31.40.0-255,172,180587,69,211386
11072,0.029584,172.31.40.0-255,1116,181703,69,211386
11073,0.029658,172.31.40.0-255,1514,183217,69,211386
11074,0.02966,172.31.40.0-255,1514,184731,69,211386
11075,0.029666,172.31.40.0-255,1514,186245,69,211386
11076,0.029667,172.31.40.0-255,1514,187759,69,211386
11077,0.029697,172.31.40.0-255,1499,189258,69,211386
11078,0.030613,74.125.24.0-255,5738,194996,69,211386
11079,0.03062,172.31.40.0-255,66,195062,69,211386
11080,0.031243,104.244.42.0-255,66,195128,69,211386
11081,0.031285,104.244.42.0-255,66,195194,69,211386
11082,0.031354,104.244.42.0-255,66,195260,69,211386
11083,0.031393,104.244.42.0-255,66,195326,69,211386
11084,0.033054,74.125.24.0-255,4320,199646,69,211386
11085,0.033061,172.31.40.0-255,66,199712,69,211386
11086,0.03308,74.125.24.0-255,1484,201196,69,211386
11087,0.035469,74.125.24.0-255,4320,205516,69,211386
11088,0.035476,172.31.40.0-255,66,205582,69,211386
11089,0.037886,74.125.24.0-255,5738,211320,69,211386
11090,0.037893,172.31.40.0-255,66,211386,69,211386
11091,0.0,172.217.194.0-255,153,153,69,264849
11092,1.3e-05,172.31.40.0-255,66,219,69,264849
11093,2.1e-05,172.217.194.0-255,1484,1703,69,264849
11094,2.6e-05,172.31.40.0-255,66,1769,69,264849
11095,3.2e-05,172.217.194.0-255,2902,4671,69,264849
11096,3.6e-05,172.31.40.0-255,66,4737,69,264849
11097,4.2e-05,172.217.194.0-255,4320,9057,69,264849
11098,4.4e-05,172.31.40.0-255,66,9123,69,264849
11099,6.3e-05,172.217.194.0-255,2902,12025,69,264849
11100,6.6e-05,172.31.40.0-255,66,12091,69,264849
11101,0.000104,172.217.194.0-255,3507,15598,69,264849
11102,0.000107,172.31.40.0-255,66,15664,69,264849
11103,0.000111,172.217.194.0-255,2902,18566,69,264849
11104,0.000113,172.31.40.0-255,66,18632,69,264849
11105,0.000126,172.217.194.0-255,1484,20116,69,264849
11106,0.000128,172.31.40.0-255,66,20182,69,264849
11107,0.00015,172.217.194.0-255,7156,27338,69,264849
11108,0.000152,172.31.40.0-255,66,27404,69,264849
11109,0.000173,172.217.194.0-255,2902,30306,69,264849
11110,0.000176,172.31.40.0-255,66,30372,69,264849
11111,0.000179,172.217.194.0-255,1125,31497,69,264849
11112,0.000181,172.31.40.0-255,66,31563,69,264849
11113,0.000195,172.217.194.0-255,1484,33047,69,264849
11114,0.000197,172.31.40.0-255,66,33113,69,264849
11115,0.000215,172.217.194.0-255,2902,36015,69,264849
11116,0.000218,172.31.40.0-255,66,36081,69,264849
11117,0.000224,172.217.194.0-255,4320,40401,69,264849
11118,0.000226,172.31.40.0-255,66,40467,69,264849
11119,0.00024,172.217.194.0-255,1484,41951,69,264849
11120,0.000243,172.31.40.0-255,66,42017,69,264849
11121,0.00028,172.31.40.0-255,66,42083,69,264849
11122,0.000292,172.31.40.0-255,66,42149,69,264849
11123,0.000297,172.217.194.0-255,3961,46110,69,264849
11124,0.0003,172.31.40.0-255,66,46176,69,264849
11125,0.00034,172.217.194.0-255,346,46522,69,264849
11126,0.000393,172.217.194.0-255,119,46641,69,264849
11127,0.000436,172.217.194.0-255,376,47017,69,264849
11128,0.000639,172.217.194.0-255,1484,48501,69,264849
11129,0.000644,172.31.40.0-255,66,48567,69,264849
11130,0.00065,172.217.194.0-255,2902,51469,69,264849
11131,0.000653,172.31.40.0-255,66,51535,69,264849
11132,0.000657,172.217.194.0-255,2902,54437,69,264849
11133,0.000659,172.31.40.0-255,66,54503,69,264849
11134,0.000694,172.217.194.0-255,2902,57405,69,264849
11135,0.000697,172.31.40.0-255,66,57471,69,264849
11136,0.000712,172.31.40.0-255,66,57537,69,264849
11137,0.000717,172.217.194.0-255,2902,60439,69,264849
11138,0.000719,172.31.40.0-255,66,60505,69,264849
11139,0.000758,172.31.40.0-255,66,60571,69,264849
11140,0.000991,172.217.194.0-255,1484,62055,69,264849
11141,0.000998,172.217.194.0-255,2902,64957,69,264849
11142,0.001001,172.31.40.0-255,66,65023,69,264849
11143,0.001008,172.217.194.0-255,5738,70761,69,264849
11144,0.001011,172.31.40.0-255,66,70827,69,264849
11145,0.001038,172.217.194.0-255,5738,76565,69,264849
11146,0.001041,172.31.40.0-255,66,76631,69,264849
11147,0.001066,172.217.194.0-255,7156,83787,69,264849
11148,0.001069,172.31.40.0-255,66,83853,69,264849
11149,0.001081,172.31.40.0-255,66,83919,69,264849
11150,0.001137,172.217.194.0-255,1484,85403,69,264849
11151,0.001143,172.217.194.0-255,2902,88305,69,264849
11152,0.001153,172.31.40.0-255,66,88371,69,264849
11153,0.001167,172.217.194.0-255,4320,92691,69,264849
11154,0.001177,172.217.194.0-255,1484,94175,69,264849
11155,0.001183,172.217.194.0-255,5738,99913,69,264849
11156,0.001195,172.31.40.0-255,66,99979,69,264849
11157,0.001207,172.217.194.0-255,7156,107135,69,264849
11158,0.001222,172.31.40.0-255,66,107201,69,264849
11159,0.001254,172.217.194.0-255,4320,111521,69,264849
11160,0.001269,172.31.40.0-255,66,111587,69,264849
11161,0.001281,172.217.194.0-255,7156,118743,69,264849
11162,0.001288,172.217.194.0-255,5738,124481,69,264849
11163,0.001297,172.31.40.0-255,66,124547,69,264849
11164,0.00135,172.217.194.0-255,6438,130985,69,264849
11165,0.001353,172.31.40.0-255,66,131051,69,264849
11166,0.001398,172.217.194.0-255,5738,136789,69,264849
11167,0.001403,172.31.40.0-255,66,136855,69,264849
11168,0.001428,172.217.194.0-255,5738,142593,69,264849
11169,0.001435,172.217.194.0-255,5738,148331,69,264849
11170,0.001451,172.217.194.0-255,5020,153351,69,264849
11171,0.001465,172.31.40.0-255,66,153417,69,264849
11172,0.001623,172.217.194.0-255,1484,154901,69,264849
11173,0.001628,172.217.194.0-255,2902,157803,69,264849
11174,0.00166,172.217.194.0-255,5738,163541,69,264849
11175,0.001675,172.217.194.0-255,2902,166443,69,264849
11176,0.001679,172.31.40.0-255,66,166509,69,264849
11177,0.001689,172.31.40.0-255,66,166575,69,264849
11178,0.001733,172.217.194.0-255,2902,169477,69,264849
11179,0.001738,172.31.40.0-255,66,169543,69,264849
11180,0.001765,172.31.40.0-255,66,169609,69,264849
11181,0.002471,172.217.194.0-255,1484,171093,69,264849
11182,0.002489,172.217.194.0-255,2902,173995,69,264849
11183,0.002493,172.31.40.0-255,66,174061,69,264849
11184,0.0025,172.217.194.0-255,5738,179799,69,264849
11185,0.002511,172.217.194.0-255,1484,181283,69,264849
11186,0.002535,172.31.40.0-255,66,181349,69,264849
11187,0.002572,172.217.194.0-255,1484,182833,69,264849
11188,0.002618,172.31.40.0-255,66,182899,69,264849
11189,0.005243,172.217.194.0-255,5738,188637,69,264849
11190,0.00525,172.31.40.0-255,66,188703,69,264849
11191,0.007877,172.217.194.0-255,5738,194441,69,264849
11192,0.007884,172.31.40.0-255,66,194507,69,264849
11193,0.010511,172.217.194.0-255,5738,200245,69,264849
11194,0.010517,172.31.40.0-255,66,200311,69,264849
11195,0.013139,172.217.194.0-255,5738,206049,69,264849
11196,0.013147,172.31.40.0-255,66,206115,69,264849
11197,0.015825,172.217.194.0-255,5738,211853,69,264849
11198,0.015834,172.31.40.0-255,66,211919,69,264849
11199,0.018451,172.217.194.0-255,5738,217657,69,264849
11200,0.01846,172.31.40.0-255,66,217723,69,264849
11201,0.021112,172.217.194.0-255,5738,223461,69,264849
11202,0.02112,172.31.40.0-255,66,223527,69,264849
11203,0.023758,172.217.194.0-255,5738,229265,69,264849
11204,0.023765,172.31.40.0-255,66,229331,69,264849
11205,0.0264,172.217.194.0-255,5738,235069,69,264849
11206,0.02641,172.31.40.0-255,66,235135,69,264849
11207,0.029038,172.217.194.0-255,4320,239455,69,264849
11208,0.029046,172.31.40.0-255,66,239521,69,264849
11209,0.029066,172.217.194.0-255,1484,241005,69,264849
11210,0.031703,172.217.194.0-255,4320,245325,69,264849
11211,0.03171,172.31.40.0-255,66,245391,69,264849
11212,0.0341,172.31.40.0-255,172,245563,69,264849
11213,0.034133,172.31.40.0-255,1116,246679,69,264849
11214,0.034191,172.31.40.0-255,560,247239,69,264849
11215,0.034373,172.217.194.0-255,5738,252977,69,264849
11216,0.034379,172.31.40.0-255,66,253043,69,264849
11217,0.03569,104.244.42.0-255,66,253109,69,264849
11218,0.035723,104.244.42.0-255,66,253175,69,264849
11219,0.035775,104.244.42.0-255,66,253241,69,264849
11220,0.037011,172.217.194.0-255,5738,258979,69,264849
11221,0.037018,172.31.40.0-255,66,259045,69,264849
11222,0.039655,172.217.194.0-255,5738,264783,69,264849
11223,0.039662,172.31.40.0-255,66,264849,69,264849
11224,0.0,74.125.24.0-255,154,154,69,191371
11225,2.2e-05,172.31.40.0-255,66,220,69,191371
11226,2.9e-05,74.125.24.0-255,1484,1704,69,191371
11227,3.4e-05,172.31.40.0-255,66,1770,69,191371
11228,4e-05,74.125.24.0-255,2902,4672,69,191371
11229,4.4e-05,172.31.40.0-255,66,4738,69,191371
11230,5.1e-05,74.125.24.0-255,7156,11894,69,191371
11231,5.5e-05,172.31.40.0-255,66,11960,69,191371
11232,5.8e-05,74.125.24.0-255,1484,13444,69,191371
11233,6e-05,172.31.40.0-255,66,13510,69,191371
11234,0.000108,172.31.40.0-255,66,13576,69,191371
11235,0.000113,74.125.24.0-255,2543,16119,69,191371
11236,0.000114,172.31.40.0-255,66,16185,69,191371
11237,0.000259,74.125.24.0-255,1484,17669,69,191371
11238,0.000263,172.31.40.0-255,66,17735,69,191371
11239,0.000269,74.125.24.0-255,2902,20637,69,191371
11240,0.000271,172.31.40.0-255,66,20703,69,191371
11241,0.000274,74.125.24.0-255,1484,22187,69,191371
11242,0.000276,172.31.40.0-255,66,22253,69,191371
11243,0.000298,74.125.24.0-255,4320,26573,69,191371
11244,0.0003,172.31.40.0-255,66,26639,69,191371
11245,0.000304,74.125.24.0-255,2902,29541,69,191371
11246,0.000307,172.31.40.0-255,66,29607,69,191371
11247,0.000324,74.125.24.0-255,3961,33568,69,191371
11248,0.000326,172.31.40.0-255,66,33634,69,191371
11249,0.000343,74.125.24.0-255,1484,35118,69,191371
11250,0.000345,172.31.40.0-255,66,35184,69,191371
11251,0.000369,74.125.24.0-255,5738,40922,69,191371
11252,0.000371,172.31.40.0-255,66,40988,69,191371
11253,0.000376,74.125.24.0-255,2902,43890,69,191371
11254,0.000377,172.31.40.0-255,66,43956,69,191371
11255,0.000402,74.125.24.0-255,1484,45440,69,191371
11256,0.000417,74.125.24.0-255,5675,51115,69,191371
11257,0.00042,172.31.40.0-255,66,51181,69,191371
11258,0.000436,74.125.24.0-255,414,51595,69,191371
11259,0.000779,74.125.24.0-255,1484,53079,69,191371
11260,0.000784,172.31.40.0-255,66,53145,69,191371
11261,0.00079,74.125.24.0-255,2902,56047,69,191371
11262,0.000792,172.31.40.0-255,66,56113,69,191371
11263,0.000797,74.125.24.0-255,2902,59015,69,191371
11264,0.000799,172.31.40.0-255,66,59081,69,191371
11265,0.000821,74.125.24.0-255,2902,61983,69,191371
11266,0.000823,172.31.40.0-255,66,62049,69,191371
11267,0.000839,172.31.40.0-255,66,62115,69,191371
11268,0.00088,172.31.40.0-255,66,62181,69,191371
11269,0.000899,74.125.24.0-255,4320,66501,69,191371
11270,0.000901,172.31.40.0-255,66,66567,69,191371
11271,0.000909,74.125.24.0-255,5738,72305,69,191371
11272,0.000911,172.31.40.0-255,66,72371,69,191371
11273,0.000954,172.31.40.0-255,66,72437,69,191371
11274,0.000966,172.31.40.0-255,66,72503,69,191371
11275,0.000978,74.125.24.0-255,766,73269,69,191371
11276,0.000985,74.125.24.0-255,4320,77589,69,191371
11277,0.000987,172.31.40.0-255,66,77655,69,191371
11278,0.001023,172.31.40.0-255,66,77721,69,191371
11279,0.00104,172.31.40.0-255,66,77787,69,191371
11280,0.001076,74.125.24.0-255,5020,82807,69,191371
11281,0.00108,172.31.40.0-255,66,82873,69,191371
11282,0.001083,74.125.24.0-255,1484,84357,69,191371
11283,0.001087,74.125.24.0-255,2902,87259,69,191371
11284,0.001089,172.31.40.0-255,66,87325,69,191371
11285,0.001095,74.125.24.0-255,5738,93063,69,191371
11286,0.001098,172.31.40.0-255,66,93129,69,191371
11287,0.001174,172.31.40.0-255,66,93195,69,191371
11288,0.001191,74.125.24.0-255,1484,94679,69,191371
11289,0.001195,74.125.24.0-255,2902,97581,69,191371
11290,0.001201,74.125.24.0-255,5738,103319,69,191371
11291,0.00124,74.125.24.0-255,766,104085,69,191371
11292,0.001247,172.31.40.0-255,66,104151,69,191371
11293,0.001502,74.125.24.0-255,1484,105635,69,191371
11294,0.001508,74.125.24.0-255,2902,108537,69,191371
11295,0.001512,172.31.40.0-255,66,108603,69,191371
11296,0.001517,74.125.24.0-255,4320,112923,69,191371
11297,0.001527,172.31.40.0-255,66,112989,69,191371
11298,0.001537,74.125.24.0-255,1484,114473,69,191371
11299,0.001556,172.31.40.0-255,66,114539,69,191371
11300,0.001578,74.125.24.0-255,2902,117441,69,191371
11301,0.001597,172.31.40.0-255,66,117507,69,191371
11302,0.001903,74.125.24.0-255,1484,118991,69,191371
11303,0.001908,74.125.24.0-255,1484,120475,69,191371
11304,0.001911,172.31.40.0-255,66,120541,69,191371
11305,0.001934,74.125.24.0-255,1484,122025,69,191371
11306,0.001941,74.125.24.0-255,5738,127763,69,191371
11307,0.001945,74.125.24.0-255,2902,130665,69,191371
11308,0.001951,172.31.40.0-255,66,130731,69,191371
11309,0.002013,74.125.24.0-255,2184,132915,69,191371
11310,0.002028,172.31.40.0-255,66,132981,69,191371
11311,0.002207,74.125.24.0-255,1484,134465,69,191371
11312,0.002212,74.125.24.0-255,2902,137367,69,191371
11313,0.002215,172.31.40.0-255,66,137433,69,191371
11314,0.002219,74.125.24.0-255,1484,138917,69,191371
11315,0.00225,74.125.24.0-255,4320,143237,69,191371
11316,0.002265,74.125.24.0-255,1484,144721,69,191371
11317,0.002273,172.31.40.0-255,66,144787,69,191371
11318,0.002298,74.125.24.0-255,5738,150525,69,191371
11319,0.00232,74.125.24.0-255,5738,156263,69,191371
11320,0.002337,172.31.40.0-255,66,156329,69,191371
11321,0.002349,74.125.24.0-255,4320,160649,69,191371
11322,0.002363,74.125.24.0-255,4320,164969,69,191371
11323,0.002374,172.31.40.0-255,66,165035,69,191371
11324,0.002443,74.125.24.0-255,4320,169355,69,191371
11325,0.002471,172.31.40.0-255,66,169421,69,191371
11326,0.004873,74.125.24.0-255,5738,175159,69,191371
11327,0.004888,172.31.40.0-255,66,175225,69,191371
11328,0.007291,74.125.24.0-255,5738,180963,69,191371
11329,0.012333,172.31.40.0-255,66,181029,69,191371
11330,0.014715,74.125.24.0-255,1960,182989,69,191371
11331,0.014723,172.31.40.0-255,66,183055,69,191371
11332,0.01718,172.31.40.0-255,105,183160,69,191371
11333,0.019517,74.125.24.0-255,66,183226,69,191371
11334,0.037796,172.31.40.0-255,167,183393,69,191371
11335,0.037829,172.31.40.0-255,1111,184504,69,191371
11336,0.037881,172.31.40.0-255,1514,186018,69,191371
11337,0.037883,172.31.40.0-255,1514,187532,69,191371
11338,0.037884,172.31.40.0-255,1514,189046,69,191371
11339,0.037885,172.31.40.0-255,1514,190560,69,191371
11340,0.037886,172.31.40.0-255,547,191107,69,191371
11341,0.039321,104.244.42.0-255,66,191173,69,191371
11342,0.039474,104.244.42.0-255,66,191239,69,191371
11343,0.039477,104.244.42.0-255,66,191305,69,191371
11344,0.039481,104.244.42.0-255,66,191371,69,191371
11345,0.0,74.125.24.0-255,156,156,69,169536
11346,3.6e-05,172.31.40.0-255,66,222,69,169536
11347,4.3e-05,74.125.24.0-255,1484,1706,69,169536
11348,4.8e-05,172.31.40.0-255,66,1772,69,169536
11349,5.3e-05,74.125.24.0-255,2902,4674,69,169536
11350,6.3e-05,172.31.40.0-255,66,4740,69,169536
11351,7.1e-05,74.125.24.0-255,7156,11896,69,169536
11352,7.4e-05,172.31.40.0-255,66,11962,69,169536
11353,8e-05,74.125.24.0-255,4320,16282,69,169536
11354,8.3e-05,172.31.40.0-255,66,16348,69,169536
11355,0.000133,172.31.40.0-255,66,16414,69,169536
11356,0.000138,74.125.24.0-255,3961,20375,69,169536
11357,0.000141,172.31.40.0-255,66,20441,69,169536
11358,0.000176,74.125.24.0-255,1484,21925,69,169536
11359,0.000179,172.31.40.0-255,66,21991,69,169536
11360,0.000186,74.125.24.0-255,2902,24893,69,169536
11361,0.000188,172.31.40.0-255,66,24959,69,169536
11362,0.000222,74.125.24.0-255,5738,30697,69,169536
11363,0.000226,172.31.40.0-255,66,30763,69,169536
11364,0.000229,74.125.24.0-255,1484,32247,69,169536
11365,0.000232,172.31.40.0-255,66,32313,69,169536
11366,0.000269,172.31.40.0-255,66,32379,69,169536
11367,0.000283,172.31.40.0-255,66,32445,69,169536
11368,0.000313,74.125.24.0-255,1736,34181,69,169536
11369,0.000316,172.31.40.0-255,66,34247,69,169536
11370,0.000396,74.125.24.0-255,1484,35731,69,169536
11371,0.000399,172.31.40.0-255,66,35797,69,169536
11372,0.000405,74.125.24.0-255,2902,38699,69,169536
11373,0.000408,172.31.40.0-255,66,38765,69,169536
11374,0.000411,74.125.24.0-255,1484,40249,69,169536
11375,0.000431,74.125.24.0-255,4320,44569,69,169536
11376,0.000438,172.31.40.0-255,66,44635,69,169536
11377,0.000443,74.125.24.0-255,2902,47537,69,169536
11378,0.000446,172.31.40.0-255,66,47603,69,169536
11379,0.000494,172.31.40.0-255,66,47669,69,169536
11380,0.000506,172.31.40.0-255,66,47735,69,169536
11381,0.000975,74.125.24.0-255,1484,49219,69,169536
11382,0.000981,74.125.24.0-255,2902,52121,69,169536
11383,0.000985,172.31.40.0-255,66,52187,69,169536
11384,0.000991,74.125.24.0-255,4320,56507,69,169536
11385,0.000993,172.31.40.0-255,66,56573,69,169536
11386,0.001022,74.125.24.0-255,1484,58057,69,169536
11387,0.001035,172.31.40.0-255,66,58123,69,169536
11388,0.001052,74.125.24.0-255,2902,61025,69,169536
11389,0.001054,172.31.40.0-255,66,61091,69,169536
11390,0.001072,172.31.40.0-255,66,61157,69,169536
11391,0.001101,74.125.24.0-255,1484,62641,69,169536
11392,0.001105,74.125.24.0-255,2902,65543,69,169536
11393,0.001108,172.31.40.0-255,66,65609,69,169536
11394,0.001116,74.125.24.0-255,5738,71347,69,169536
11395,0.001118,172.31.40.0-255,66,71413,69,169536
11396,0.001146,74.125.24.0-255,5738,77151,69,169536
11397,0.001149,172.31.40.0-255,66,77217,69,169536
11398,0.001186,74.125.24.0-255,7156,84373,69,169536
11399,0.001189,172.31.40.0-255,66,84439,69,169536
11400,0.001196,74.125.24.0-255,5738,90177,69,169536
11401,0.001198,172.31.40.0-255,66,90243,69,169536
11402,0.001209,74.125.24.0-255,5020,95263,69,169536
11403,0.001212,172.31.40.0-255,66,95329,69,169536
11404,0.001258,74.125.24.0-255,1484,96813,69,169536
11405,0.001305,74.125.24.0-255,2902,99715,69,169536
11406,0.001308,172.31.40.0-255,66,99781,69,169536
11407,0.001314,74.125.24.0-255,4320,104101,69,169536
11408,0.001316,172.31.40.0-255,66,104167,69,169536
11409,0.00134,74.125.24.0-255,4320,108487,69,169536
11410,0.001343,172.31.40.0-255,66,108553,69,169536
11411,0.001369,74.125.24.0-255,4320,112873,69,169536
11412,0.001372,172.31.40.0-255,66,112939,69,169536
11413,0.001383,172.31.40.0-255,66,113005,69,169536
11414,0.001418,172.31.40.0-255,66,113071,69,169536
11415,0.00155,74.125.24.0-255,1484,114555,69,169536
11416,0.001557,74.125.24.0-255,2902,117457,69,169536
11417,0.001561,172.31.40.0-255,66,117523,69,169536
11418,0.001564,74.125.24.0-255,1484,119007,69,169536
11419,0.001592,74.125.24.0-255,4320,123327,69,169536
11420,0.001596,172.31.40.0-255,66,123393,69,169536
11421,0.001609,172.31.40.0-255,66,123459,69,169536
11422,0.001645,74.125.24.0-255,1484,124943,69,169536
11423,0.001657,172.31.40.0-255,66,125009,69,169536
11424,0.001661,74.125.24.0-255,2184,127193,69,169536
11425,0.001665,172.31.40.0-255,66,127259,69,169536
11426,0.001723,74.125.24.0-255,1484,128743,69,169536
11427,0.001745,74.125.24.0-255,2902,131645,69,169536
11428,0.001749,172.31.40.0-255,66,131711,69,169536
11429,0.001755,74.125.24.0-255,4320,136031,69,169536
11430,0.001757,172.31.40.0-255,66,136097,69,169536
11431,0.001782,74.125.24.0-255,1484,137581,69,169536
11432,0.001795,74.125.24.0-255,7156,144737,69,169536
11433,0.001799,172.31.40.0-255,66,144803,69,169536
11434,0.001848,172.31.40.0-255,66,144869,69,169536
11435,0.001854,74.125.24.0-255,4320,149189,69,169536
11436,0.001858,172.31.40.0-255,66,149255,69,169536
11437,0.001909,172.31.40.0-255,66,149321,69,169536
11438,0.001922,172.31.40.0-255,66,149387,69,169536
11439,0.001958,74.125.24.0-255,1484,150871,69,169536
11440,0.002001,172.31.40.0-255,66,150937,69,169536
11441,0.002024,172.31.40.0-255,66,151003,69,169536
11442,0.002036,172.31.40.0-255,66,151069,69,169536
11443,0.002079,172.31.40.0-255,66,151135,69,169536
11444,0.002084,74.125.24.0-255,2184,153319,69,169536
11445,0.002087,172.31.40.0-255,66,153385,69,169536
11446,0.002104,172.31.40.0-255,66,153451,69,169536
11447,0.002143,172.31.40.0-255,66,153517,69,169536
11448,0.002151,74.125.24.0-255,6438,159955,69,169536
11449,0.002153,172.31.40.0-255,66,160021,69,169536
11450,0.002166,172.31.40.0-255,66,160087,69,169536
11451,0.002168,74.125.24.0-255,105,160192,69,169536
11452,0.003656,172.31.40.0-255,66,160258,69,169536
11453,0.003683,172.31.40.0-255,105,160363,69,169536
11454,0.006117,74.125.24.0-255,66,160429,69,169536
11455,0.038006,172.31.40.0-255,172,160601,69,169536
11456,0.038035,172.31.40.0-255,1116,161717,69,169536
11457,0.038088,172.31.40.0-255,1514,163231,69,169536
11458,0.03809,172.31.40.0-255,1514,164745,69,169536
11459,0.038113,172.31.40.0-255,1514,166259,69,169536
11460,0.038114,172.31.40.0-255,1514,167773,69,169536
11461,0.038117,172.31.40.0-255,1499,169272,69,169536
11462,0.039657,104.244.42.0-255,66,169338,69,169536
11463,0.039668,104.244.42.0-255,66,169404,69,169536
11464,0.039735,104.244.42.0-255,66,169470,69,169536
11465,0.03978,104.244.42.0-255,66,169536,69,169536
11466,0.0,74.125.130.0-255,156,156,69,272993
11467,2e-05,172.31.40.0-255,66,222,69,272993
11468,3.8e-05,74.125.130.0-255,1484,1706,69,272993
11469,4.3e-05,172.31.40.0-255,66,1772,69,272993
11470,4.9e-05,74.125.130.0-255,2902,4674,69,272993
11471,5.2e-05,172.31.40.0-255,66,4740,69,272993
11472,5.5e-05,74.125.130.0-255,1484,6224,69,272993
11473,5.8e-05,172.31.40.0-255,66,6290,69,272993
11474,7.9e-05,74.125.130.0-255,4320,10610,69,272993
11475,8.2e-05,172.31.40.0-255,66,10676,69,272993
11476,8.7e-05,74.125.130.0-255,3482,14158,69,272993
11477,9e-05,172.31.40.0-255,66,14224,69,272993
11478,0.000123,172.31.40.0-255,66,14290,69,272993
11479,0.000142,74.125.130.0-255,5379,19669,69,272993
11480,0.000144,172.31.40.0-255,66,19735,69,272993
11481,0.000276,74.125.130.0-255,1484,21219,69,272993
11482,0.000281,172.31.40.0-255,66,21285,69,272993
11483,0.000304,74.125.130.0-255,2902,24187,69,272993
11484,0.000307,172.31.40.0-255,66,24253,69,272993
11485,0.000313,74.125.130.0-255,5738,29991,69,272993
11486,0.000315,172.31.40.0-255,66,30057,69,272993
11487,0.000345,74.125.130.0-255,6797,36854,69,272993
11488,0.000348,172.31.40.0-255,66,36920,69,272993
11489,0.000376,74.125.130.0-255,5738,42658,69,272993
11490,0.000379,172.31.40.0-255,66,42724,69,272993
11491,0.000396,74.125.130.0-255,1484,44208,69,272993
11492,0.000399,172.31.40.0-255,66,44274,69,272993
11493,0.000405,74.125.130.0-255,4320,48594,69,272993
11494,0.000407,172.31.40.0-255,66,48660,69,272993
11495,0.00043,74.125.130.0-255,4320,52980,69,272993
11496,0.000433,172.31.40.0-255,66,53046,69,272993
11497,0.000435,74.125.130.0-255,1415,54461,69,272993
11498,0.000518,74.125.130.0-255,365,54826,69,272993
11499,0.000522,172.31.40.0-255,66,54892,69,272993
11500,0.000774,74.125.130.0-255,1484,56376,69,272993
11501,0.000778,74.125.130.0-255,1484,57860,69,272993
11502,0.000781,172.31.40.0-255,66,57926,69,272993
11503,0.000803,74.125.130.0-255,1484,59410,69,272993
11504,0.000809,74.125.130.0-255,5738,65148,69,272993
11505,0.000811,172.31.40.0-255,66,65214,69,272993
11506,0.000844,172.31.40.0-255,66,65280,69,272993
11507,0.000864,74.125.130.0-255,1484,66764,69,272993
11508,0.000877,172.31.40.0-255,66,66830,69,272993
11509,0.000896,74.125.130.0-255,766,67596,69,272993
11510,0.001054,74.125.130.0-255,1484,69080,69,272993
11511,0.001058,172.31.40.0-255,66,69146,69,272993
11512,0.001065,74.125.130.0-255,2902,72048,69,272993
11513,0.001067,172.31.40.0-255,66,72114,69,272993
11514,0.00109,74.125.130.0-255,5738,77852,69,272993
11515,0.001092,172.31.40.0-255,66,77918,69,272993
11516,0.001108,74.125.130.0-255,1484,79402,69,272993
11517,0.00113,74.125.130.0-255,2902,82304,69,272993
11518,0.001133,172.31.40.0-255,66,82370,69,272993
11519,0.00115,74.125.130.0-255,5738,88108,69,272993
11520,0.001152,172.31.40.0-255,66,88174,69,272993
11521,0.00116,74.125.130.0-255,7156,95330,69,272993
11522,0.001162,172.31.40.0-255,66,95396,69,272993
11523,0.001216,172.31.40.0-255,66,95462,69,272993
11524,0.001272,74.125.130.0-255,2902,98364,69,272993
11525,0.001275,172.31.40.0-255,66,98430,69,272993
11526,0.001299,74.125.130.0-255,1484,99914,69,272993
11527,0.001306,74.125.130.0-255,5738,105652,69,272993
11528,0.001308,172.31.40.0-255,66,105718,69,272993
11529,0.001311,74.125.130.0-255,1484,107202,69,272993
11530,0.001316,74.125.130.0-255,2902,110104,69,272993
11531,0.001318,172.31.40.0-255,66,110170,69,272993
11532,0.001321,74.125.130.0-255,1484,111654,69,272993
11533,0.001338,74.125.130.0-255,4320,115974,69,272993
11534,0.001343,172.31.40.0-255,66,116040,69,272993
11535,0.001355,74.125.130.0-255,7156,123196,69,272993
11536,0.001357,172.31.40.0-255,66,123262,69,272993
11537,0.001376,74.125.130.0-255,4320,127582,69,272993
11538,0.001379,172.31.40.0-255,66,127648,69,272993
11539,0.001381,74.125.130.0-255,766,128414,69,272993
11540,0.001543,74.125.130.0-255,1484,129898,69,272993
11541,0.001554,172.31.40.0-255,66,129964,69,272993
11542,0.00156,74.125.130.0-255,2902,132866,69,272993
11543,0.001562,172.31.40.0-255,66,132932,69,272993
11544,0.001569,74.125.130.0-255,5738,138670,69,272993
11545,0.001572,172.31.40.0-255,66,138736,69,272993
11546,0.001585,74.125.130.0-255,1484,140220,69,272993
11547,0.001611,172.31.40.0-255,66,140286,69,272993
11548,0.001617,74.125.130.0-255,4320,144606,69,272993
11549,0.001619,172.31.40.0-255,66,144672,69,272993
11550,0.001634,74.125.130.0-255,4320,148992,69,272993
11551,0.001638,172.31.40.0-255,66,149058,69,272993
11552,0.001654,74.125.130.0-255,2184,151242,69,272993
11553,0.001657,172.31.40.0-255,66,151308,69,272993
11554,0.001987,74.125.130.0-255,1484,152792,69,272993
11555,0.001994,74.125.130.0-255,2902,155694,69,272993
11556,0.001997,172.31.40.0-255,66,155760,69,272993
11557,0.002003,74.125.130.0-255,2902,158662,69,272993
11558,0.002005,172.31.40.0-255,66,158728,69,272993
11559,0.002021,74.125.130.0-255,2902,161630,69,272993
11560,0.002024,172.31.40.0-255,66,161696,69,272993
11561,0.002026,74.125.130.0-255,1484,163180,69,272993
11562,0.002031,74.125.130.0-255,2902,166082,69,272993
11563,0.002032,172.31.40.0-255,66,166148,69,272993
11564,0.002053,74.125.130.0-255,5738,171886,69,272993
11565,0.002059,172.31.40.0-255,66,171952,69,272993
11566,0.002083,172.31.40.0-255,66,172018,69,272993
11567,0.002087,74.125.130.0-255,2902,174920,69,272993
11568,0.002089,172.31.40.0-255,66,174986,69,272993
11569,0.002108,74.125.130.0-255,6438,181424,69,272993
11570,0.00211,172.31.40.0-255,66,181490,69,272993
11571,0.002117,74.125.130.0-255,5738,187228,69,272993
11572,0.002119,172.31.40.0-255,66,187294,69,272993
11573,0.002151,74.125.130.0-255,5738,193032,69,272993
11574,0.002154,172.31.40.0-255,66,193098,69,272993
11575,0.002167,172.31.40.0-255,66,193164,69,272993
11576,0.002173,74.125.130.0-255,5020,198184,69,272993
11577,0.002176,172.31.40.0-255,66,198250,69,272993
11578,0.002182,74.125.130.0-255,4320,202570,69,272993
11579,0.002184,172.31.40.0-255,66,202636,69,272993
11580,0.00221,74.125.130.0-255,1484,204120,69,272993
11581,0.002225,172.31.40.0-255,66,204186,69,272993
11582,0.002231,74.125.130.0-255,5738,209924,69,272993
11583,0.002234,172.31.40.0-255,66,209990,69,272993
11584,0.002247,74.125.130.0-255,2902,212892,69,272993
11585,0.00225,172.31.40.0-255,66,212958,69,272993
11586,0.00228,74.125.130.0-255,1484,214442,69,272993
11587,0.002311,172.31.40.0-255,66,214508,69,272993
11588,0.002381,172.31.40.0-255,66,214574,69,272993
11589,0.002407,172.31.40.0-255,66,214640,69,272993
11590,0.002423,172.31.40.0-255,66,214706,69,272993
11591,0.002436,172.31.40.0-255,66,214772,69,272993
11592,0.00478,74.125.130.0-255,5738,220510,69,272993
11593,0.004787,172.31.40.0-255,66,220576,69,272993
11594,0.007133,74.125.130.0-255,4320,224896,69,272993
11595,0.007138,172.31.40.0-255,66,224962,69,272993
11596,0.007154,74.125.130.0-255,1484,226446,69,272993
11597,0.00947,74.125.130.0-255,4320,230766,69,272993
11598,0.009476,172.31.40.0-255,66,230832,69,272993
11599,0.011825,74.125.130.0-255,4320,235152,69,272993
11600,0.011832,172.31.40.0-255,66,235218,69,272993
11601,0.011853,74.125.130.0-255,1484,236702,69,272993
11602,0.014186,74.125.130.0-255,4320,241022,69,272993
11603,0.014196,172.31.40.0-255,66,241088,69,272993
11604,0.016548,74.125.130.0-255,5738,246826,69,272993
11605,0.016555,172.31.40.0-255,66,246892,69,272993
11606,0.018907,74.125.130.0-255,5738,252630,69,272993
11607,0.018916,172.31.40.0-255,66,252696,69,272993
11608,0.021252,74.125.130.0-255,5738,258434,69,272993
11609,0.021261,172.31.40.0-255,66,258500,69,272993
11610,0.023611,74.125.130.0-255,5147,263647,69,272993
11611,0.023618,172.31.40.0-255,66,263713,69,272993
11612,0.023814,172.31.40.0-255,105,263818,69,272993
11613,0.026121,74.125.130.0-255,66,263884,69,272993
11614,0.037049,172.31.40.0-255,172,264056,69,272993
11615,0.03708,172.31.40.0-255,1114,265170,69,272993
11616,0.037148,172.31.40.0-255,1514,266684,69,272993
11617,0.03715,172.31.40.0-255,1514,268198,69,272993
11618,0.037151,172.31.40.0-255,1514,269712,69,272993
11619,0.037152,172.31.40.0-255,1514,271226,69,272993
11620,0.03718,172.31.40.0-255,1503,272729,69,272993
11621,0.038567,104.244.42.0-255,66,272795,69,272993
11622,0.038676,104.244.42.0-255,66,272861,69,272993
11623,0.03868,104.244.42.0-255,66,272927,69,272993
11624,0.038768,104.244.42.0-255,66,272993,69,272993
11625,0.0,172.31.40.0-255,105,105,69,459
11626,0.000236,172.31.40.0-255,90,195,69,459
11627,0.000245,172.31.40.0-255,66,261,69,459
11628,0.002536,74.125.200.0-255,66,327,69,459
11629,0.002573,74.125.200.0-255,66,393,69,459
11630,0.002583,172.31.40.0-255,66,459,69,459
11631,0.0,74.125.130.0-255,146,146,69,315391
11632,2.2e-05,172.31.40.0-255,66,212,69,315391
11633,3e-05,74.125.130.0-255,1484,1696,69,315391
11634,3.4e-05,172.31.40.0-255,66,1762,69,315391
11635,4e-05,74.125.130.0-255,2902,4664,69,315391
11636,4.2e-05,172.31.40.0-255,66,4730,69,315391
11637,5.7e-05,74.125.130.0-255,5738,10468,69,315391
11638,5.9e-05,172.31.40.0-255,66,10534,69,315391
11639,8.3e-05,74.125.130.0-255,1484,12018,69,315391
11640,8.5e-05,172.31.40.0-255,66,12084,69,315391
11641,0.000108,74.125.130.0-255,3457,15541,69,315391
11642,0.00011,172.31.40.0-255,66,15607,69,315391
11643,0.000118,74.125.130.0-255,5738,21345,69,315391
11644,0.00012,172.31.40.0-255,66,21411,69,315391
11645,0.000123,74.125.130.0-255,1484,22895,69,315391
11646,0.000125,172.31.40.0-255,66,22961,69,315391
11647,0.000166,172.31.40.0-255,66,23027,69,315391
11648,0.000261,74.125.130.0-255,1484,24511,69,315391
11649,0.000264,172.31.40.0-255,66,24577,69,315391
11650,0.000268,74.125.130.0-255,1484,26061,69,315391
11651,0.000269,172.31.40.0-255,66,26127,69,315391
11652,0.000332,74.125.130.0-255,2902,29029,69,315391
11653,0.000335,172.31.40.0-255,66,29095,69,315391
11654,0.000342,74.125.130.0-255,5738,34833,69,315391
11655,0.000345,172.31.40.0-255,66,34899,69,315391
11656,0.000355,74.125.130.0-255,5379,40278,69,315391
11657,0.000357,172.31.40.0-255,66,40344,69,315391
11658,0.000364,74.125.130.0-255,5738,46082,69,315391
11659,0.000366,172.31.40.0-255,66,46148,69,315391
11660,0.000401,74.125.130.0-255,5738,51886,69,315391
11661,0.000404,172.31.40.0-255,66,51952,69,315391
11662,0.000435,74.125.130.0-255,5668,57620,69,315391
11663,0.000437,172.31.40.0-255,66,57686,69,315391
11664,0.000465,74.125.130.0-255,98,57784,69,315391
11665,0.000609,74.125.130.0-255,1484,59268,69,315391
11666,0.000615,172.31.40.0-255,66,59334,69,315391
11667,0.00062,74.125.130.0-255,2902,62236,69,315391
11668,0.000623,172.31.40.0-255,66,62302,69,315391
11669,0.000648,74.125.130.0-255,4320,66622,69,315391
11670,0.00065,172.31.40.0-255,66,66688,69,315391
11671,0.000661,74.125.130.0-255,5738,72426,69,315391
11672,0.000664,172.31.40.0-255,66,72492,69,315391
11673,0.000688,74.125.130.0-255,2902,75394,69,315391
11674,0.00069,172.31.40.0-255,66,75460,69,315391
11675,0.000697,74.125.130.0-255,5738,81198,69,315391
11676,0.000699,172.31.40.0-255,66,81264,69,315391
11677,0.000729,74.125.130.0-255,7156,88420,69,315391
11678,0.000732,172.31.40.0-255,66,88486,69,315391
11679,0.00077,74.125.130.0-255,3321,91807,69,315391
11680,0.000773,172.31.40.0-255,66,91873,69,315391
11681,0.000796,74.125.130.0-255,1484,93357,69,315391
11682,0.000809,74.125.130.0-255,2902,96259,69,315391
11683,0.000811,172.31.40.0-255,66,96325,69,315391
11684,0.00084,74.125.130.0-255,2902,99227,69,315391
11685,0.000843,172.31.40.0-255,66,99293,69,315391
11686,0.000848,74.125.130.0-255,4320,103613,69,315391
11687,0.000851,172.31.40.0-255,66,103679,69,315391
11688,0.000855,74.125.130.0-255,2902,106581,69,315391
11689,0.000857,172.31.40.0-255,66,106647,69,315391
11690,0.000889,74.125.130.0-255,5738,112385,69,315391
11691,0.000896,172.31.40.0-255,66,112451,69,315391
11692,0.000899,74.125.130.0-255,1484,113935,69,315391
11693,0.000923,74.125.130.0-255,4320,118255,69,315391
11694,0.000926,172.31.40.0-255,66,118321,69,315391
11695,0.00093,74.125.130.0-255,2902,121223,69,315391
11696,0.000933,172.31.40.0-255,66,121289,69,315391
11697,0.000955,74.125.130.0-255,4320,125609,69,315391
11698,0.000958,172.31.40.0-255,66,125675,69,315391
11699,0.000964,74.125.130.0-255,766,126441,69,315391
11700,0.001176,74.125.130.0-255,1484,127925,69,315391
11701,0.001181,172.31.40.0-255,66,127991,69,315391
11702,0.001195,74.125.130.0-255,2902,130893,69,315391
11703,0.001202,172.31.40.0-255,66,130959,69,315391
11704,0.001221,74.125.130.0-255,5738,136697,69,315391
11705,0.001228,172.31.40.0-255,66,136763,69,315391
11706,0.001235,74.125.130.0-255,7156,143919,69,315391
11707,0.001237,172.31.40.0-255,66,143985,69,315391
11708,0.00127,74.125.130.0-255,7156,151141,69,315391
11709,0.001273,172.31.40.0-255,66,151207,69,315391
11710,0.001298,74.125.130.0-255,1484,152691,69,315391
11711,0.001314,74.125.130.0-255,5738,158429,69,315391
11712,0.001316,172.31.40.0-255,66,158495,69,315391
11713,0.001341,74.125.130.0-255,2184,160679,69,315391
11714,0.001344,172.31.40.0-255,66,160745,69,315391
11715,0.001511,74.125.130.0-255,1484,162229,69,315391
11716,0.001518,74.125.130.0-255,2902,165131,69,315391
11717,0.001521,172.31.40.0-255,66,165197,69,315391
11718,0.001552,74.125.130.0-255,2902,168099,69,315391
11719,0.001555,172.31.40.0-255,66,168165,69,315391
11720,0.001561,74.125.130.0-255,4320,172485,69,315391
11721,0.001564,172.31.40.0-255,66,172551,69,315391
11722,0.001578,172.31.40.0-255,66,172617,69,315391
11723,0.001607,74.125.130.0-255,4320,176937,69,315391
11724,0.00161,172.31.40.0-255,66,177003,69,315391
11725,0.001635,74.125.130.0-255,1484,178487,69,315391
11726,0.001644,74.125.130.0-255,7156,185643,69,315391
11727,0.001647,172.31.40.0-255,66,185709,69,315391
11728,0.0017,74.125.130.0-255,766,186475,69,315391
11729,0.001866,74.125.130.0-255,1484,187959,69,315391
11730,0.001869,74.125.130.0-255,1484,189443,69,315391
11731,0.001873,172.31.40.0-255,66,189509,69,315391
11732,0.001883,74.125.130.0-255,1484,190993,69,315391
11733,0.001885,172.31.40.0-255,66,191059,69,315391
11734,0.001889,74.125.130.0-255,1484,192543,69,315391
11735,0.001908,74.125.130.0-255,2902,195445,69,315391
11736,0.00191,172.31.40.0-255,66,195511,69,315391
11737,0.001926,172.31.40.0-255,66,195577,69,315391
11738,0.001979,74.125.130.0-255,4320,199897,69,315391
11739,0.001982,172.31.40.0-255,66,199963,69,315391
11740,0.001989,74.125.130.0-255,5738,205701,69,315391
11741,0.001992,172.31.40.0-255,66,205767,69,315391
11742,0.002021,74.125.130.0-255,6438,212205,69,315391
11743,0.002024,172.31.40.0-255,66,212271,69,315391
11744,0.0041,74.125.130.0-255,5738,218009,69,315391
11745,0.004108,172.31.40.0-255,66,218075,69,315391
11746,0.006176,74.125.130.0-255,4320,222395,69,315391
11747,0.006181,172.31.40.0-255,66,222461,69,315391
11748,0.0062,74.125.130.0-255,1484,223945,69,315391
11749,0.008268,74.125.130.0-255,4320,228265,69,315391
11750,0.008276,172.31.40.0-255,66,228331,69,315391
11751,0.010359,74.125.130.0-255,5738,234069,69,315391
11752,0.010367,172.31.40.0-255,66,234135,69,315391
11753,0.012454,74.125.130.0-255,5738,239873,69,315391
11754,0.012468,172.31.40.0-255,66,239939,69,315391
11755,0.014559,74.125.130.0-255,5738,245677,69,315391
11756,0.014574,172.31.40.0-255,66,245743,69,315391
11757,0.01666,74.125.130.0-255,5738,251481,69,315391
11758,0.01667,172.31.40.0-255,66,251547,69,315391
11759,0.018767,74.125.130.0-255,5738,257285,69,315391
11760,0.018778,172.31.40.0-255,66,257351,69,315391
11761,0.020859,74.125.130.0-255,5738,263089,69,315391
11762,0.020866,172.31.40.0-255,66,263155,69,315391
11763,0.022949,74.125.130.0-255,5738,268893,69,315391
11764,0.022961,172.31.40.0-255,66,268959,69,315391
11765,0.025039,74.125.130.0-255,5738,274697,69,315391
11766,0.025048,172.31.40.0-255,66,274763,69,315391
11767,0.027116,74.125.130.0-255,5738,280501,69,315391
11768,0.027124,172.31.40.0-255,66,280567,69,315391
11769,0.029205,74.125.130.0-255,5738,286305,69,315391
11770,0.029213,172.31.40.0-255,66,286371,69,315391
11771,0.031284,74.125.130.0-255,5738,292109,69,315391
11772,0.031292,172.31.40.0-255,66,292175,69,315391
11773,0.033395,74.125.130.0-255,5738,297913,69,315391
11774,0.033405,172.31.40.0-255,66,297979,69,315391
11775,0.035492,74.125.130.0-255,5738,303717,69,315391
11776,0.035501,172.31.40.0-255,66,303783,69,315391
11777,0.03758,74.125.130.0-255,5738,309521,69,315391
11778,0.037591,172.31.40.0-255,66,309587,69,315391
11779,0.039684,74.125.130.0-255,5738,315325,69,315391
11780,0.039711,172.31.40.0-255,66,315391,69,315391
11781,0.0,74.125.68.0-255,153,153,69,200557
11782,2.2e-05,172.31.40.0-255,66,219,69,200557
11783,2.9e-05,74.125.68.0-255,1484,1703,69,200557
11784,3.5e-05,172.31.40.0-255,66,1769,69,200557
11785,4.7e-05,74.125.68.0-255,2902,4671,69,200557
11786,5.1e-05,172.31.40.0-255,66,4737,69,200557
11787,5.8e-05,74.125.68.0-255,5738,10475,69,200557
11788,6.2e-05,172.31.40.0-255,66,10541,69,200557
11789,7.8e-05,74.125.68.0-255,1484,12025,69,200557
11790,8.1e-05,172.31.40.0-255,66,12091,69,200557
11791,9e-05,74.125.68.0-255,2066,14157,69,200557
11792,9.3e-05,172.31.40.0-255,66,14223,69,200557
11793,0.000127,74.125.68.0-255,1484,15707,69,200557
11794,0.000129,172.31.40.0-255,66,15773,69,200557
11795,0.000171,74.125.68.0-255,2902,18675,69,200557
11796,0.000173,172.31.40.0-255,66,18741,69,200557
11797,0.00018,74.125.68.0-255,5738,24479,69,200557
11798,0.000183,172.31.40.0-255,66,24545,69,200557
11799,0.000187,74.125.68.0-255,2902,27447,69,200557
11800,0.000189,172.31.40.0-255,66,27513,69,200557
11801,0.000199,74.125.68.0-255,3961,31474,69,200557
11802,0.000202,172.31.40.0-255,66,31540,69,200557
11803,0.000435,74.125.68.0-255,1484,33024,69,200557
11804,0.000442,172.31.40.0-255,66,33090,69,200557
11805,0.000459,74.125.68.0-255,2902,35992,69,200557
11806,0.000466,172.31.40.0-255,66,36058,69,200557
11807,0.000472,74.125.68.0-255,4320,40378,69,200557
11808,0.000474,172.31.40.0-255,66,40444,69,200557
11809,0.000498,74.125.68.0-255,1484,41928,69,200557
11810,0.000505,172.31.40.0-255,66,41994,69,200557
11811,0.000509,74.125.68.0-255,1484,43478,69,200557
11812,0.000511,172.31.40.0-255,66,43544,69,200557
11813,0.000516,74.125.68.0-255,2902,46446,69,200557
11814,0.000524,74.125.68.0-255,6797,53243,69,200557
11815,0.000532,74.125.68.0-255,5738,58981,69,200557
11816,0.000538,172.31.40.0-255,66,59047,69,200557
11817,0.00054,172.31.40.0-255,66,59113,69,200557
11818,0.000541,172.31.40.0-255,66,59179,69,200557
11819,0.000571,74.125.68.0-255,6797,65976,69,200557
11820,0.000578,172.31.40.0-255,66,66042,69,200557
11821,0.000879,74.125.68.0-255,412,66454,69,200557
11822,0.0009,74.125.68.0-255,330,66784,69,200557
11823,0.001152,172.31.40.0-255,66,66850,69,200557
11824,0.001736,74.125.68.0-255,1484,68334,69,200557
11825,0.001747,74.125.68.0-255,2902,71236,69,200557
11826,0.001752,172.31.40.0-255,66,71302,69,200557
11827,0.001758,74.125.68.0-255,1484,72786,69,200557
11828,0.001806,74.125.68.0-255,2902,75688,69,200557
11829,0.001809,172.31.40.0-255,66,75754,69,200557
11830,0.001816,74.125.68.0-255,5738,81492,69,200557
11831,0.001818,172.31.40.0-255,66,81558,69,200557
11832,0.001825,74.125.68.0-255,5738,87296,69,200557
11833,0.001827,172.31.40.0-255,66,87362,69,200557
11834,0.001839,74.125.68.0-255,7156,94518,69,200557
11835,0.001841,172.31.40.0-255,66,94584,69,200557
11836,0.001873,74.125.68.0-255,2902,97486,69,200557
11837,0.001875,172.31.40.0-255,66,97552,69,200557
11838,0.001894,74.125.68.0-255,3602,101154,69,200557
11839,0.001897,172.31.40.0-255,66,101220,69,200557
11840,0.004168,74.125.68.0-255,1484,102704,69,200557
11841,0.004185,74.125.68.0-255,4320,107024,69,200557
11842,0.004188,172.31.40.0-255,66,107090,69,200557
11843,0.006472,74.125.68.0-255,5738,112828,69,200557
11844,0.006475,172.31.40.0-255,66,112894,69,200557
11845,0.008763,74.125.68.0-255,5738,118632,69,200557
11846,0.008769,172.31.40.0-255,66,118698,69,200557
11847,0.011066,74.125.68.0-255,5738,124436,69,200557
11848,0.011075,172.31.40.0-255,66,124502,69,200557
11849,0.013364,74.125.68.0-255,5738,130240,69,200557
11850,0.013372,172.31.40.0-255,66,130306,69,200557
11851,0.015691,74.125.68.0-255,5738,136044,69,200557
11852,0.015703,172.31.40.0-255,66,136110,69,200557
11853,0.017994,74.125.68.0-255,5738,141848,69,200557
11854,0.018002,172.31.40.0-255,66,141914,69,200557
11855,0.020326,74.125.68.0-255,5738,147652,69,200557
11856,0.020334,172.31.40.0-255,66,147718,69,200557
11857,0.022627,74.125.68.0-255,5738,153456,69,200557
11858,0.022634,172.31.40.0-255,66,153522,69,200557
11859,0.024928,74.125.68.0-255,4320,157842,69,200557
11860,0.024936,172.31.40.0-255,66,157908,69,200557
11861,0.024977,74.125.68.0-255,1484,159392,69,200557
11862,0.02724,74.125.68.0-255,4320,163712,69,200557
11863,0.027248,172.31.40.0-255,66,163778,69,200557
11864,0.02953,74.125.68.0-255,4320,168098,69,200557
11865,0.029536,172.31.40.0-255,66,168164,69,200557
11866,0.029565,74.125.68.0-255,1484,169648,69,200557
11867,0.031833,74.125.68.0-255,4320,173968,69,200557
11868,0.03184,172.31.40.0-255,66,174034,69,200557
11869,0.032707,172.31.40.0-255,176,174210,69,200557
11870,0.032739,172.31.40.0-255,1114,175324,69,200557
11871,0.032809,172.31.40.0-255,1514,176838,69,200557
11872,0.032811,172.31.40.0-255,1514,178352,69,200557
11873,0.032817,172.31.40.0-255,1514,179866,69,200557
11874,0.032819,172.31.40.0-255,1514,181380,69,200557
11875,0.032854,172.31.40.0-255,1501,182881,69,200557
11876,0.034133,74.125.68.0-255,5738,188619,69,200557
11877,0.03414,172.31.40.0-255,66,188685,69,200557
11878,0.034266,104.244.42.0-255,66,188751,69,200557
11879,0.034273,104.244.42.0-255,66,188817,69,200557
11880,0.03437,104.244.42.0-255,66,188883,69,200557
11881,0.034519,104.244.42.0-255,66,188949,69,200557
11882,0.03643,74.125.68.0-255,5738,194687,69,200557
11883,0.036437,172.31.40.0-255,66,194753,69,200557
11884,0.038733,74.125.68.0-255,5738,200491,69,200557
11885,0.038741,172.31.40.0-255,66,200557,69,200557
11886,0.0,74.125.68.0-255,153,153,69,312251
11887,1.2e-05,172.31.40.0-255,66,219,69,312251
11888,1.7e-05,74.125.68.0-255,1484,1703,69,312251
11889,2.1e-05,172.31.40.0-255,66,1769,69,312251
11890,2.6e-05,74.125.68.0-255,2902,4671,69,312251
11891,2.9e-05,172.31.40.0-255,66,4737,69,312251
11892,6e-05,74.125.68.0-255,5738,10475,69,312251
11893,6.3e-05,172.31.40.0-255,66,10541,69,312251
11894,8.4e-05,74.125.68.0-255,3520,14061,69,312251
11895,8.6e-05,172.31.40.0-255,66,14127,69,312251
11896,0.000223,74.125.68.0-255,1484,15611,69,312251
11897,0.000227,172.31.40.0-255,66,15677,69,312251
11898,0.000241,74.125.68.0-255,2902,18579,69,312251
11899,0.000243,172.31.40.0-255,66,18645,69,312251
11900,0.000246,74.125.68.0-255,1484,20129,69,312251
11901,0.000247,172.31.40.0-255,66,20195,69,312251
11902,0.000261,74.125.68.0-255,4320,24515,69,312251
11903,0.000264,172.31.40.0-255,66,24581,69,312251
11904,0.000294,74.125.68.0-255,2902,27483,69,312251
11905,0.000296,172.31.40.0-255,66,27549,69,312251
11906,0.000308,74.125.68.0-255,3961,31510,69,312251
11907,0.00031,172.31.40.0-255,66,31576,69,312251
11908,0.000317,74.125.68.0-255,7156,38732,69,312251
11909,0.000319,172.31.40.0-255,66,38798,69,312251
11910,0.000323,74.125.68.0-255,2902,41700,69,312251
11911,0.000324,172.31.40.0-255,66,41766,69,312251
11912,0.000355,74.125.68.0-255,7156,48922,69,312251
11913,0.000357,172.31.40.0-255,66,48988,69,312251
11914,0.000361,74.125.68.0-255,4320,53308,69,312251
11915,0.000363,172.31.40.0-255,66,53374,69,312251
11916,0.00038,74.125.68.0-255,7156,60530,69,312251
11917,0.000382,172.31.40.0-255,66,60596,69,312251
11918,0.000388,74.125.68.0-255,5020,65616,69,312251
11919,0.000389,172.31.40.0-255,66,65682,69,312251
11920,0.000428,74.125.68.0-255,359,66041,69,312251
11921,0.000893,74.125.68.0-255,384,66425,69,312251
11922,0.000922,172.31.40.0-255,66,66491,69,312251
11923,0.001085,74.125.68.0-255,1484,67975,69,312251
11924,0.001093,74.125.68.0-255,2902,70877,69,312251
11925,0.001096,172.31.40.0-255,66,70943,69,312251
11926,0.001116,74.125.68.0-255,5738,76681,69,312251
11927,0.001119,172.31.40.0-255,66,76747,69,312251
11928,0.001142,74.125.68.0-255,2902,79649,69,312251
11929,0.001145,172.31.40.0-255,66,79715,69,312251
11930,0.001166,74.125.68.0-255,4320,84035,69,312251
11931,0.001168,172.31.40.0-255,66,84101,69,312251
11932,0.001177,172.31.40.0-255,66,84167,69,312251
11933,0.00119,74.125.68.0-255,2902,87069,69,312251
11934,0.001192,172.31.40.0-255,66,87135,69,312251
11935,0.001232,74.125.68.0-255,4320,91455,69,312251
11936,0.001235,172.31.40.0-255,66,91521,69,312251
11937,0.001246,74.125.68.0-255,766,92287,69,312251
11938,0.001573,74.125.68.0-255,1484,93771,69,312251
11939,0.001578,172.31.40.0-255,66,93837,69,312251
11940,0.001584,74.125.68.0-255,2902,96739,69,312251
11941,0.001586,172.31.40.0-255,66,96805,69,312251
11942,0.001589,74.125.68.0-255,1484,98289,69,312251
11943,0.00161,74.125.68.0-255,4320,102609,69,312251
11944,0.001612,172.31.40.0-255,66,102675,69,312251
11945,0.001624,74.125.68.0-255,2902,105577,69,312251
11946,0.001626,172.31.40.0-255,66,105643,69,312251
11947,0.001644,74.125.68.0-255,4320,109963,69,312251
11948,0.001646,172.31.40.0-255,66,110029,69,312251
11949,0.001651,74.125.68.0-255,4320,114349,69,312251
11950,0.001653,172.31.40.0-255,66,114415,69,312251
11951,0.001679,74.125.68.0-255,4320,118735,69,312251
11952,0.001681,172.31.40.0-255,66,118801,69,312251
11953,0.001688,74.125.68.0-255,5738,124539,69,312251
11954,0.001689,172.31.40.0-255,66,124605,69,312251
11955,0.001705,74.125.68.0-255,2184,126789,69,312251
11956,0.001707,172.31.40.0-255,66,126855,69,312251
11957,0.001773,74.125.68.0-255,1484,128339,69,312251
11958,0.001785,74.125.68.0-255,1484,129823,69,312251
11959,0.001788,172.31.40.0-255,66,129889,69,312251
11960,0.001802,74.125.68.0-255,1484,131373,69,312251
11961,0.001834,74.125.68.0-255,5738,137111,69,312251
11962,0.001836,172.31.40.0-255,66,137177,69,312251
11963,0.001841,74.125.68.0-255,2902,140079,69,312251
11964,0.001843,172.31.40.0-255,66,140145,69,312251
11965,0.001848,74.125.68.0-255,4320,144465,69,312251
11966,0.001851,172.31.40.0-255,66,144531,69,312251
11967,0.001857,74.125.68.0-255,5738,150269,69,312251
11968,0.00186,172.31.40.0-255,66,150335,69,312251
11969,0.001887,74.125.68.0-255,2902,153237,69,312251
11970,0.00189,172.31.40.0-255,66,153303,69,312251
11971,0.001895,74.125.68.0-255,5738,159041,69,312251
11972,0.001898,172.31.40.0-255,66,159107,69,312251
11973,0.001931,74.125.68.0-255,2184,161291,69,312251
11974,0.001933,172.31.40.0-255,66,161357,69,312251
11975,0.00204,74.125.68.0-255,1484,162841,69,312251
11976,0.002043,74.125.68.0-255,1484,164325,69,312251
11977,0.002045,172.31.40.0-255,66,164391,69,312251
11978,0.002058,74.125.68.0-255,1484,165875,69,312251
11979,0.002096,74.125.68.0-255,5738,171613,69,312251
11980,0.002099,172.31.40.0-255,66,171679,69,312251
11981,0.002103,74.125.68.0-255,2902,174581,69,312251
11982,0.002106,172.31.40.0-255,66,174647,69,312251
11983,0.002119,74.125.68.0-255,2902,177549,69,312251
11984,0.002121,172.31.40.0-255,66,177615,69,312251
11985,0.002137,74.125.68.0-255,5738,183353,69,312251
11986,0.002139,172.31.40.0-255,66,183419,69,312251
11987,0.002164,74.125.68.0-255,1484,184903,69,312251
11988,0.002175,172.31.40.0-255,66,184969,69,312251
11989,0.002178,74.125.68.0-255,766,185735,69,312251
11990,0.002315,74.125.68.0-255,1484,187219,69,312251
11991,0.002318,172.31.40.0-255,66,187285,69,312251
11992,0.002331,74.125.68.0-255,2902,190187,69,312251
11993,0.002334,172.31.40.0-255,66,190253,69,312251
11994,0.002354,74.125.68.0-255,1484,191737,69,312251
11995,0.002358,74.125.68.0-255,2902,194639,69,312251
11996,0.002361,172.31.40.0-255,66,194705,69,312251
11997,0.002377,74.125.68.0-255,5738,200443,69,312251
11998,0.00238,172.31.40.0-255,66,200509,69,312251
11999,0.002401,74.125.68.0-255,4320,204829,69,312251
12000,0.002403,172.31.40.0-255,66,204895,69,312251
12001,0.002427,74.125.68.0-255,7156,212051,69,312251
12002,0.00243,172.31.40.0-255,66,212117,69,312251
12003,0.002435,74.125.68.0-255,5738,217855,69,312251
12004,0.002437,172.31.40.0-255,66,217921,69,312251
12005,0.002469,74.125.68.0-255,6438,224359,69,312251
12006,0.002471,172.31.40.0-255,66,224425,69,312251
12007,0.002474,74.125.68.0-255,1484,225909,69,312251
12008,0.004886,74.125.68.0-255,1484,227393,69,312251
12009,0.004889,172.31.40.0-255,66,227459,69,312251
12010,0.004932,74.125.68.0-255,2902,230361,69,312251
12011,0.004946,172.31.40.0-255,66,230427,69,312251
12012,0.007319,74.125.68.0-255,2902,233329,69,312251
12013,0.007325,172.31.40.0-255,66,233395,69,312251
12014,0.007358,74.125.68.0-255,2902,236297,69,312251
12015,0.007362,172.31.40.0-255,66,236363,69,312251
12016,0.009754,74.125.68.0-255,2902,239265,69,312251
12017,0.00976,172.31.40.0-255,66,239331,69,312251
12018,0.00979,74.125.68.0-255,2902,242233,69,312251
12019,0.009793,172.31.40.0-255,66,242299,69,312251
12020,0.012177,74.125.68.0-255,2902,245201,69,312251
12021,0.012185,172.31.40.0-255,66,245267,69,312251
12022,0.012208,74.125.68.0-255,2902,248169,69,312251
12023,0.01221,172.31.40.0-255,66,248235,69,312251
12024,0.014617,74.125.68.0-255,5738,253973,69,312251
12025,0.014624,172.31.40.0-255,66,254039,69,312251
12026,0.017055,74.125.68.0-255,5738,259777,69,312251
12027,0.017065,172.31.40.0-255,66,259843,69,312251
12028,0.019496,74.125.68.0-255,5738,265581,69,312251
12029,0.019504,172.31.40.0-255,66,265647,69,312251
12030,0.021935,74.125.68.0-255,5738,271385,69,312251
12031,0.021943,172.31.40.0-255,66,271451,69,312251
12032,0.024375,74.125.68.0-255,5738,277189,69,312251
12033,0.024382,172.31.40.0-255,66,277255,69,312251
12034,0.026806,74.125.68.0-255,5738,282993,69,312251
12035,0.026814,172.31.40.0-255,66,283059,69,312251
12036,0.029233,74.125.68.0-255,5738,288797,69,312251
12037,0.02924,172.31.40.0-255,66,288863,69,312251
12038,0.031661,74.125.68.0-255,5738,294601,69,312251
12039,0.031669,172.31.40.0-255,66,294667,69,312251
12040,0.034098,74.125.68.0-255,5738,300405,69,312251
12041,0.034106,172.31.40.0-255,66,300471,69,312251
12042,0.036542,74.125.68.0-255,5738,306209,69,312251
12043,0.03655,172.31.40.0-255,66,306275,69,312251
12044,0.038982,74.125.68.0-255,5738,312013,69,312251
12045,0.038989,172.31.40.0-255,66,312079,69,312251
12046,0.03996,172.31.40.0-255,172,312251,69,312251
12047,0.0,172.253.118.0-255,153,153,69,235062
12048,1.7e-05,172.31.40.0-255,66,219,69,235062
12049,2.4e-05,172.253.118.0-255,1484,1703,69,235062
12050,2.8e-05,172.31.40.0-255,66,1769,69,235062
12051,4.7e-05,172.253.118.0-255,2902,4671,69,235062
12052,5.1e-05,172.31.40.0-255,66,4737,69,235062
12053,5.4e-05,172.253.118.0-255,1484,6221,69,235062
12054,5.6e-05,172.31.40.0-255,66,6287,69,235062
12055,8.1e-05,172.253.118.0-255,4320,10607,69,235062
12056,8.3e-05,172.31.40.0-255,66,10673,69,235062
12057,0.000113,172.253.118.0-255,2902,13575,69,235062
12058,0.000115,172.31.40.0-255,66,13641,69,235062
12059,0.000131,172.253.118.0-255,675,14316,69,235062
12060,0.000133,172.31.40.0-255,66,14382,69,235062
12061,0.000278,172.253.118.0-255,1484,15866,69,235062
12062,0.000282,172.31.40.0-255,66,15932,69,235062
12063,0.000301,172.253.118.0-255,2902,18834,69,235062
12064,0.000303,172.31.40.0-255,66,18900,69,235062
12065,0.000308,172.253.118.0-255,4320,23220,69,235062
12066,0.000311,172.31.40.0-255,66,23286,69,235062
12067,0.000331,172.253.118.0-255,1484,24770,69,235062
12068,0.000334,172.31.40.0-255,66,24836,69,235062
12069,0.000372,172.31.40.0-255,66,24902,69,235062
12070,0.000391,172.253.118.0-255,1125,26027,69,235062
12071,0.000394,172.31.40.0-255,66,26093,69,235062
12072,0.000405,172.31.40.0-255,66,26159,69,235062
12073,0.00044,172.31.40.0-255,66,26225,69,235062
12074,0.00047,172.253.118.0-255,2902,29127,69,235062
12075,0.000473,172.31.40.0-255,66,29193,69,235062
12076,0.000502,172.31.40.0-255,66,29259,69,235062
12077,0.000504,172.253.118.0-255,646,29905,69,235062
12078,0.000638,172.253.118.0-255,1484,31389,69,235062
12079,0.000642,172.31.40.0-255,66,31455,69,235062
12080,0.000672,172.253.118.0-255,2902,34357,69,235062
12081,0.000675,172.31.40.0-255,66,34423,69,235062
12082,0.000678,172.253.118.0-255,1484,35907,69,235062
12083,0.000696,172.253.118.0-255,4320,40227,69,235062
12084,0.000698,172.31.40.0-255,66,40293,69,235062
12085,0.000719,172.253.118.0-255,5738,46031,69,235062
12086,0.000721,172.31.40.0-255,66,46097,69,235062
12087,0.00074,172.253.118.0-255,2902,48999,69,235062
12088,0.000742,172.31.40.0-255,66,49065,69,235062
12089,0.000767,172.253.118.0-255,4320,53385,69,235062
12090,0.00077,172.31.40.0-255,66,53451,69,235062
12091,0.000778,172.253.118.0-255,7156,60607,69,235062
12092,0.00078,172.31.40.0-255,66,60673,69,235062
12093,0.000797,172.253.118.0-255,2902,63575,69,235062
12094,0.000799,172.31.40.0-255,66,63641,69,235062
12095,0.000802,172.253.118.0-255,766,64407,69,235062
12096,0.000965,172.253.118.0-255,1484,65891,69,235062
12097,0.000969,172.31.40.0-255,66,65957,69,235062
12098,0.000975,172.253.118.0-255,2902,68859,69,235062
12099,0.000977,172.31.40.0-255,66,68925,69,235062
12100,0.001001,172.253.118.0-255,5738,74663,69,235062
12101,0.001003,172.31.40.0-255,66,74729,69,235062
12102,0.00102,172.253.118.0-255,1484,76213,69,235062
12103,0.001045,172.31.40.0-255,66,76279,69,235062
12104,0.001112,172.31.40.0-255,66,76345,69,235062
12105,0.001772,172.253.118.0-255,1484,77829,69,235062
12106,0.001781,172.253.118.0-255,2902,80731,69,235062
12107,0.001785,172.31.40.0-255,66,80797,69,235062
12108,0.00181,172.253.118.0-255,5738,86535,69,235062
12109,0.001812,172.31.40.0-255,66,86601,69,235062
12110,0.001826,172.253.118.0-255,2902,89503,69,235062
12111,0.001828,172.31.40.0-255,66,89569,69,235062
12112,0.001862,172.31.40.0-255,66,89635,69,235062
12113,0.00187,172.253.118.0-255,7156,96791,69,235062
12114,0.001872,172.31.40.0-255,66,96857,69,235062
12115,0.001888,172.253.118.0-255,5020,101877,69,235062
12116,0.00189,172.31.40.0-255,66,101943,69,235062
12117,0.001975,172.253.118.0-255,1484,103427,69,235062
12118,0.001981,172.253.118.0-255,2902,106329,69,235062
12119,0.001984,172.31.40.0-255,66,106395,69,235062
12120,0.002005,172.253.118.0-255,5738,112133,69,235062
12121,0.002007,172.31.40.0-255,66,112199,69,235062
12122,0.002037,172.253.118.0-255,2902,115101,69,235062
12123,0.00204,172.31.40.0-255,66,115167,69,235062
12124,0.002067,172.31.40.0-255,66,115233,69,235062
12125,0.002087,172.253.118.0-255,5738,120971,69,235062
12126,0.002089,172.31.40.0-255,66,121037,69,235062
12127,0.002109,172.253.118.0-255,5020,126057,69,235062
12128,0.002111,172.31.40.0-255,66,126123,69,235062
12129,0.002198,172.253.118.0-255,1484,127607,69,235062
12130,0.002229,172.253.118.0-255,2902,130509,69,235062
12131,0.002232,172.31.40.0-255,66,130575,69,235062
12132,0.002241,172.253.118.0-255,5738,136313,69,235062
12133,0.002243,172.31.40.0-255,66,136379,69,235062
12134,0.002275,172.31.40.0-255,66,136445,69,235062
12135,0.002307,172.31.40.0-255,66,136511,69,235062
12136,0.002329,172.253.118.0-255,1484,137995,69,235062
12137,0.002346,172.253.118.0-255,766,138761,69,235062
12138,0.002349,172.31.40.0-255,66,138827,69,235062
12139,0.004807,172.253.118.0-255,2902,141729,69,235062
12140,0.004816,172.31.40.0-255,66,141795,69,235062
12141,0.004845,172.253.118.0-255,2902,144697,69,235062
12142,0.004847,172.31.40.0-255,66,144763,69,235062
12143,0.007312,172.253.118.0-255,5738,150501,69,235062
12144,0.007318,172.31.40.0-255,66,150567,69,235062
12145,0.009823,172.253.118.0-255,5738,156305,69,235062
12146,0.00983,172.31.40.0-255,66,156371,69,235062
12147,0.012307,172.253.118.0-255,5738,162109,69,235062
12148,0.012318,172.31.40.0-255,66,162175,69,235062
12149,0.014812,172.253.118.0-255,5738,167913,69,235062
12150,0.01482,172.31.40.0-255,66,167979,69,235062
12151,0.017315,172.253.118.0-255,5738,173717,69,235062
12152,0.017324,172.31.40.0-255,66,173783,69,235062
12153,0.019816,172.253.118.0-255,5738,179521,69,235062
12154,0.019826,172.31.40.0-255,66,179587,69,235062
12155,0.022316,172.253.118.0-255,5738,185325,69,235062
12156,0.022324,172.31.40.0-255,66,185391,69,235062
12157,0.024821,172.253.118.0-255,5738,191129,69,235062
12158,0.024828,172.31.40.0-255,66,191195,69,235062
12159,0.02733,172.253.118.0-255,5738,196933,69,235062
12160,0.027337,172.31.40.0-255,66,196999,69,235062
12161,0.029831,172.253.118.0-255,5738,202737,69,235062
12162,0.029838,172.31.40.0-255,66,202803,69,235062
12163,0.032342,172.253.118.0-255,5738,208541,69,235062
12164,0.03235,172.31.40.0-255,66,208607,69,235062
12165,0.034337,172.31.40.0-255,172,208779,69,235062
12166,0.034366,172.31.40.0-255,1112,209891,69,235062
12167,0.034432,172.31.40.0-255,1514,211405,69,235062
12168,0.034434,172.31.40.0-255,1514,212919,69,235062
12169,0.034435,172.31.40.0-255,1514,214433,69,235062
12170,0.034437,172.31.40.0-255,1514,215947,69,235062
12171,0.034465,172.31.40.0-255,1505,217452,69,235062
12172,0.034853,172.253.118.0-255,5738,223190,69,235062
12173,0.034859,172.31.40.0-255,66,223256,69,235062
12174,0.035997,104.244.42.0-255,66,223322,69,235062
12175,0.03605,104.244.42.0-255,66,223388,69,235062
12176,0.036209,104.244.42.0-255,66,223454,69,235062
12177,0.037384,172.253.118.0-255,5738,229192,69,235062
12178,0.03739,172.31.40.0-255,66,229258,69,235062
12179,0.039893,172.253.118.0-255,5738,234996,69,235062
12180,0.039901,172.31.40.0-255,66,235062,69,235062
12181,0.0,74.125.130.0-255,296,296,69,337422
12182,2.1e-05,172.31.40.0-255,66,362,69,337422
12183,2.8e-05,74.125.130.0-255,1484,1846,69,337422
12184,3.2e-05,172.31.40.0-255,66,1912,69,337422
12185,3.9e-05,74.125.130.0-255,2902,4814,69,337422
12186,4.3e-05,172.31.40.0-255,66,4880,69,337422
12187,5e-05,74.125.130.0-255,5738,10618,69,337422
12188,5.4e-05,172.31.40.0-255,66,10684,69,337422
12189,6e-05,74.125.130.0-255,4704,15388,69,337422
12190,6.3e-05,172.31.40.0-255,66,15454,69,337422
12191,8.8e-05,74.125.130.0-255,4320,19774,69,337422
12192,9.1e-05,172.31.40.0-255,66,19840,69,337422
12193,0.000115,74.125.130.0-255,1484,21324,69,337422
12194,0.000118,172.31.40.0-255,66,21390,69,337422
12195,0.000143,172.31.40.0-255,66,21456,69,337422
12196,0.000229,74.125.130.0-255,1484,22940,69,337422
12197,0.000233,172.31.40.0-255,66,23006,69,337422
12198,0.000237,74.125.130.0-255,1484,24490,69,337422
12199,0.00024,172.31.40.0-255,66,24556,69,337422
12200,0.000251,74.125.130.0-255,1484,26040,69,337422
12201,0.000254,172.31.40.0-255,66,26106,69,337422
12202,0.000257,74.125.130.0-255,1484,27590,69,337422
12203,0.000259,172.31.40.0-255,66,27656,69,337422
12204,0.000264,74.125.130.0-255,2902,30558,69,337422
12205,0.000267,172.31.40.0-255,66,30624,69,337422
12206,0.000294,74.125.130.0-255,5738,36362,69,337422
12207,0.000296,172.31.40.0-255,66,36428,69,337422
12208,0.000324,172.31.40.0-255,66,36494,69,337422
12209,0.00035,172.31.40.0-255,66,36560,69,337422
12210,0.000372,74.125.130.0-255,2833,39393,69,337422
12211,0.000375,172.31.40.0-255,66,39459,69,337422
12212,0.000378,74.125.130.0-255,98,39557,69,337422
12213,0.000527,74.125.130.0-255,1484,41041,69,337422
12214,0.000532,172.31.40.0-255,66,41107,69,337422
12215,0.000538,74.125.130.0-255,2902,44009,69,337422
12216,0.00054,172.31.40.0-255,66,44075,69,337422
12217,0.000552,74.125.130.0-255,1484,45559,69,337422
12218,0.000567,74.125.130.0-255,4320,49879,69,337422
12219,0.00057,172.31.40.0-255,66,49945,69,337422
12220,0.000573,74.125.130.0-255,1484,51429,69,337422
12221,0.000587,74.125.130.0-255,2902,54331,69,337422
12222,0.00059,172.31.40.0-255,66,54397,69,337422
12223,0.00061,74.125.130.0-255,2543,56940,69,337422
12224,0.000612,172.31.40.0-255,66,57006,69,337422
12225,0.000624,172.31.40.0-255,66,57072,69,337422
12226,0.00066,74.125.130.0-255,2902,59974,69,337422
12227,0.000664,172.31.40.0-255,66,60040,69,337422
12228,0.000681,74.125.130.0-255,5379,65419,69,337422
12229,0.000684,172.31.40.0-255,66,65485,69,337422
12230,0.000732,74.125.130.0-255,1484,66969,69,337422
12231,0.00075,74.125.130.0-255,1484,68453,69,337422
12232,0.000755,172.31.40.0-255,66,68519,69,337422
12233,0.000763,74.125.130.0-255,1484,70003,69,337422
12234,0.000777,74.125.130.0-255,1484,71487,69,337422
12235,0.00078,172.31.40.0-255,66,71553,69,337422
12236,0.000808,74.125.130.0-255,4320,75873,69,337422
12237,0.000811,172.31.40.0-255,66,75939,69,337422
12238,0.000815,74.125.130.0-255,2902,78841,69,337422
12239,0.000817,172.31.40.0-255,66,78907,69,337422
12240,0.000825,74.125.130.0-255,7156,86063,69,337422
12241,0.000827,172.31.40.0-255,66,86129,69,337422
12242,0.000852,74.125.130.0-255,2902,89031,69,337422
12243,0.000856,172.31.40.0-255,66,89097,69,337422
12244,0.000867,172.31.40.0-255,66,89163,69,337422
12245,0.000893,74.125.130.0-255,2481,91644,69,337422
12246,0.000896,172.31.40.0-255,66,91710,69,337422
12247,0.000977,74.125.130.0-255,1484,93194,69,337422
12248,0.000996,74.125.130.0-255,2902,96096,69,337422
12249,0.001007,172.31.40.0-255,66,96162,69,337422
12250,0.001013,74.125.130.0-255,4320,100482,69,337422
12251,0.001016,172.31.40.0-255,66,100548,69,337422
12252,0.001038,74.125.130.0-255,1484,102032,69,337422
12253,0.001048,74.125.130.0-255,7156,109188,69,337422
12254,0.001051,172.31.40.0-255,66,109254,69,337422
12255,0.001069,74.125.130.0-255,5738,114992,69,337422
12256,0.001072,172.31.40.0-255,66,115058,69,337422
12257,0.0011,74.125.130.0-255,5738,120796,69,337422
12258,0.001104,172.31.40.0-255,66,120862,69,337422
12259,0.001118,74.125.130.0-255,5020,125882,69,337422
12260,0.001121,172.31.40.0-255,66,125948,69,337422
12261,0.001238,74.125.130.0-255,1484,127432,69,337422
12262,0.001256,74.125.130.0-255,2902,130334,69,337422
12263,0.001259,172.31.40.0-255,66,130400,69,337422
12264,0.001283,74.125.130.0-255,4320,134720,69,337422
12265,0.001286,172.31.40.0-255,66,134786,69,337422
12266,0.001291,74.125.130.0-255,4320,139106,69,337422
12267,0.001294,172.31.40.0-255,66,139172,69,337422
12268,0.001315,74.125.130.0-255,4320,143492,69,337422
12269,0.001318,172.31.40.0-255,66,143558,69,337422
12270,0.001325,74.125.130.0-255,5738,149296,69,337422
12271,0.001328,172.31.40.0-255,66,149362,69,337422
12272,0.001334,74.125.130.0-255,5738,155100,69,337422
12273,0.001337,172.31.40.0-255,66,155166,69,337422
12274,0.001359,74.125.130.0-255,1484,156650,69,337422
12275,0.001365,74.125.130.0-255,3602,160252,69,337422
12276,0.001367,172.31.40.0-255,66,160318,69,337422
12277,0.001418,74.125.130.0-255,1484,161802,69,337422
12278,0.001439,74.125.130.0-255,2902,164704,69,337422
12279,0.001442,172.31.40.0-255,66,164770,69,337422
12280,0.001445,74.125.130.0-255,1484,166254,69,337422
12281,0.00146,74.125.130.0-255,2902,169156,69,337422
12282,0.001463,172.31.40.0-255,66,169222,69,337422
12283,0.00148,74.125.130.0-255,1484,170706,69,337422
12284,0.001485,74.125.130.0-255,2902,173608,69,337422
12285,0.001488,172.31.40.0-255,66,173674,69,337422
12286,0.001493,74.125.130.0-255,4320,177994,69,337422
12287,0.001495,172.31.40.0-255,66,178060,69,337422
12288,0.001498,74.125.130.0-255,1484,179544,69,337422
12289,0.001532,74.125.130.0-255,7156,186700,69,337422
12290,0.001536,172.31.40.0-255,66,186766,69,337422
12291,0.001542,74.125.130.0-255,5738,192504,69,337422
12292,0.001544,172.31.40.0-255,66,192570,69,337422
12293,0.001566,74.125.130.0-255,2184,194754,69,337422
12294,0.001568,172.31.40.0-255,66,194820,69,337422
12295,0.001671,74.125.130.0-255,1484,196304,69,337422
12296,0.001696,74.125.130.0-255,2902,199206,69,337422
12297,0.0017,172.31.40.0-255,66,199272,69,337422
12298,0.001707,74.125.130.0-255,5738,205010,69,337422
12299,0.001709,172.31.40.0-255,66,205076,69,337422
12300,0.001711,74.125.130.0-255,1484,206560,69,337422
12301,0.001745,74.125.130.0-255,5738,212298,69,337422
12302,0.001749,172.31.40.0-255,66,212364,69,337422
12303,0.00176,172.31.40.0-255,66,212430,69,337422
12304,0.0018,172.31.40.0-255,66,212496,69,337422
12305,0.001963,74.125.130.0-255,1484,213980,69,337422
12306,0.001969,74.125.130.0-255,2902,216882,69,337422
12307,0.001972,172.31.40.0-255,66,216948,69,337422
12308,0.001995,74.125.130.0-255,4320,221268,69,337422
12309,0.001998,172.31.40.0-255,66,221334,69,337422
12310,0.002002,74.125.130.0-255,2902,224236,69,337422
12311,0.002004,172.31.40.0-255,66,224302,69,337422
12312,0.002019,74.125.130.0-255,2902,227204,69,337422
12313,0.002023,172.31.40.0-255,66,227270,69,337422
12314,0.002033,74.125.130.0-255,2902,230172,69,337422
12315,0.002035,172.31.40.0-255,66,230238,69,337422
12316,0.00204,74.125.130.0-255,2902,233140,69,337422
12317,0.002042,172.31.40.0-255,66,233206,69,337422
12318,0.002077,172.31.40.0-255,66,233272,69,337422
12319,0.00209,74.125.130.0-255,1484,234756,69,337422
12320,0.002093,74.125.130.0-255,766,235522,69,337422
12321,0.002096,172.31.40.0-255,66,235588,69,337422
12322,0.00415,74.125.130.0-255,5738,241326,69,337422
12323,0.004157,172.31.40.0-255,66,241392,69,337422
12324,0.006219,74.125.130.0-255,5738,247130,69,337422
12325,0.006227,172.31.40.0-255,66,247196,69,337422
12326,0.008292,74.125.130.0-255,4320,251516,69,337422
12327,0.008297,172.31.40.0-255,66,251582,69,337422
12328,0.008315,74.125.130.0-255,1484,253066,69,337422
12329,0.010346,74.125.130.0-255,4320,257386,69,337422
12330,0.010352,172.31.40.0-255,66,257452,69,337422
12331,0.012407,74.125.130.0-255,5738,263190,69,337422
12332,0.012413,172.31.40.0-255,66,263256,69,337422
12333,0.014476,74.125.130.0-255,5738,268994,69,337422
12334,0.014488,172.31.40.0-255,66,269060,69,337422
12335,0.016545,74.125.130.0-255,5738,274798,69,337422
12336,0.016558,172.31.40.0-255,66,274864,69,337422
12337,0.018619,74.125.130.0-255,4320,279184,69,337422
12338,0.018626,172.31.40.0-255,66,279250,69,337422
12339,0.018641,74.125.130.0-255,1484,280734,69,337422
12340,0.020689,74.125.130.0-255,4320,285054,69,337422
12341,0.020696,172.31.40.0-255,66,285120,69,337422
12342,0.022771,74.125.130.0-255,5738,290858,69,337422
12343,0.022777,172.31.40.0-255,66,290924,69,337422
12344,0.024843,74.125.130.0-255,5738,296662,69,337422
12345,0.024855,172.31.40.0-255,66,296728,69,337422
12346,0.026912,74.125.130.0-255,5738,302466,69,337422
12347,0.02692,172.31.40.0-255,66,302532,69,337422
12348,0.028987,74.125.130.0-255,5738,308270,69,337422
12349,0.028997,172.31.40.0-255,66,308336,69,337422
12350,0.031057,74.125.130.0-255,5738,314074,69,337422
12351,0.031064,172.31.40.0-255,66,314140,69,337422
12352,0.033168,74.125.130.0-255,5738,319878,69,337422
12353,0.033176,172.31.40.0-255,66,319944,69,337422
12354,0.035244,74.125.130.0-255,5738,325682,69,337422
12355,0.035253,172.31.40.0-255,66,325748,69,337422
12356,0.037318,74.125.130.0-255,5738,331486,69,337422
12357,0.03733,172.31.40.0-255,66,331552,69,337422
12358,0.039393,74.125.130.0-255,4320,335872,69,337422
12359,0.039399,172.31.40.0-255,66,335938,69,337422
12360,0.039427,74.125.130.0-255,1484,337422,69,337422
12361,0.0,74.125.24.0-255,156,156,69,283815
12362,1.4e-05,172.31.40.0-255,66,222,69,283815
12363,4.3e-05,74.125.24.0-255,1484,1706,69,283815
12364,4.7e-05,172.31.40.0-255,66,1772,69,283815
12365,5.2e-05,74.125.24.0-255,2902,4674,69,283815
12366,5.4e-05,172.31.40.0-255,66,4740,69,283815
12367,6.4e-05,74.125.24.0-255,7156,11896,69,283815
12368,6.7e-05,172.31.40.0-255,66,11962,69,283815
12369,7e-05,74.125.24.0-255,2103,14065,69,283815
12370,7.3e-05,172.31.40.0-255,66,14131,69,283815
12371,0.000104,74.125.24.0-255,5738,19869,69,283815
12372,0.000107,172.31.40.0-255,66,19935,69,283815
12373,0.000126,74.125.24.0-255,5738,25673,69,283815
12374,0.000128,172.31.40.0-255,66,25739,69,283815
12375,0.000131,74.125.24.0-255,1484,27223,69,283815
12376,0.000132,172.31.40.0-255,66,27289,69,283815
12377,0.000152,74.125.24.0-255,3961,31250,69,283815
12378,0.000156,172.31.40.0-255,66,31316,69,283815
12379,0.000325,74.125.24.0-255,1484,32800,69,283815
12380,0.00033,172.31.40.0-255,66,32866,69,283815
12381,0.000335,74.125.24.0-255,2902,35768,69,283815
12382,0.000337,172.31.40.0-255,66,35834,69,283815
12383,0.00034,74.125.24.0-255,1484,37318,69,283815
12384,0.000342,172.31.40.0-255,66,37384,69,283815
12385,0.000359,74.125.24.0-255,4320,41704,69,283815
12386,0.000361,172.31.40.0-255,66,41770,69,283815
12387,0.000386,74.125.24.0-255,5738,47508,69,283815
12388,0.000389,172.31.40.0-255,66,47574,69,283815
12389,0.000413,74.125.24.0-255,6797,54371,69,283815
12390,0.000416,172.31.40.0-255,66,54437,69,283815
12391,0.000433,74.125.24.0-255,1484,55921,69,283815
12392,0.000436,172.31.40.0-255,66,55987,69,283815
12393,0.000462,172.31.40.0-255,66,56053,69,283815
12394,0.001136,74.125.24.0-255,646,56699,69,283815
12395,0.001332,74.125.24.0-255,1484,58183,69,283815
12396,0.001338,172.31.40.0-255,66,58249,69,283815
12397,0.001356,74.125.24.0-255,1484,59733,69,283815
12398,0.001371,74.125.24.0-255,1484,61217,69,283815
12399,0.001373,172.31.40.0-255,66,61283,69,283815
12400,0.00138,74.125.24.0-255,5738,67021,69,283815
12401,0.001381,172.31.40.0-255,66,67087,69,283815
12402,0.001388,74.125.24.0-255,7156,74243,69,283815
12403,0.00139,172.31.40.0-255,66,74309,69,283815
12404,0.001406,74.125.24.0-255,5738,80047,69,283815
12405,0.001408,172.31.40.0-255,66,80113,69,283815
12406,0.001413,74.125.24.0-255,4320,84433,69,283815
12407,0.001415,172.31.40.0-255,66,84499,69,283815
12408,0.00144,74.125.24.0-255,4320,88819,69,283815
12409,0.001442,172.31.40.0-255,66,88885,69,283815
12410,0.001446,74.125.24.0-255,2184,91069,69,283815
12411,0.001448,172.31.40.0-255,66,91135,69,283815
12412,0.002559,74.125.24.0-255,1484,92619,69,283815
12413,0.002565,74.125.24.0-255,2902,95521,69,283815
12414,0.002568,172.31.40.0-255,66,95587,69,283815
12415,0.002572,74.125.24.0-255,1484,97071,69,283815
12416,0.002587,74.125.24.0-255,2902,99973,69,283815
12417,0.002589,172.31.40.0-255,66,100039,69,283815
12418,0.002612,74.125.24.0-255,1484,101523,69,283815
12419,0.002619,74.125.24.0-255,7156,108679,69,283815
12420,0.002621,172.31.40.0-255,66,108745,69,283815
12421,0.002624,74.125.24.0-255,1484,110229,69,283815
12422,0.002638,74.125.24.0-255,4320,114549,69,283815
12423,0.00264,172.31.40.0-255,66,114615,69,283815
12424,0.002656,74.125.24.0-255,5738,120353,69,283815
12425,0.002658,172.31.40.0-255,66,120419,69,283815
12426,0.002662,74.125.24.0-255,1484,121903,69,283815
12427,0.002685,74.125.24.0-255,3602,125505,69,283815
12428,0.002686,172.31.40.0-255,66,125571,69,283815
12429,0.0027,74.125.24.0-255,1484,127055,69,283815
12430,0.002703,74.125.24.0-255,1484,128539,69,283815
12431,0.002706,172.31.40.0-255,66,128605,69,283815
12432,0.002734,74.125.24.0-255,1484,130089,69,283815
12433,0.002741,74.125.24.0-255,5738,135827,69,283815
12434,0.002743,172.31.40.0-255,66,135893,69,283815
12435,0.002747,74.125.24.0-255,2902,138795,69,283815
12436,0.002749,172.31.40.0-255,66,138861,69,283815
12437,0.002785,172.31.40.0-255,66,138927,69,283815
12438,0.002796,172.31.40.0-255,66,138993,69,283815
12439,0.002819,74.125.24.0-255,766,139759,69,283815
12440,0.002841,74.125.24.0-255,1484,141243,69,283815
12441,0.002843,172.31.40.0-255,66,141309,69,283815
12442,0.002848,74.125.24.0-255,2902,144211,69,283815
12443,0.002851,172.31.40.0-255,66,144277,69,283815
12444,0.002868,74.125.24.0-255,1484,145761,69,283815
12445,0.002876,74.125.24.0-255,7156,152917,69,283815
12446,0.002879,172.31.40.0-255,66,152983,69,283815
12447,0.002884,74.125.24.0-255,4320,157303,69,283815
12448,0.002886,172.31.40.0-255,66,157369,69,283815
12449,0.002918,172.31.40.0-255,66,157435,69,283815
12450,0.00292,74.125.24.0-255,1484,158919,69,283815
12451,0.002945,74.125.24.0-255,6438,165357,69,283815
12452,0.002947,172.31.40.0-255,66,165423,69,283815
12453,0.003003,74.125.24.0-255,1484,166907,69,283815
12454,0.003018,74.125.24.0-255,2902,169809,69,283815
12455,0.00302,172.31.40.0-255,66,169875,69,283815
12456,0.003046,74.125.24.0-255,1484,171359,69,283815
12457,0.003062,74.125.24.0-255,4320,175679,69,283815
12458,0.003064,172.31.40.0-255,66,175745,69,283815
12459,0.003067,74.125.24.0-255,1484,177229,69,283815
12460,0.003086,74.125.24.0-255,4320,181549,69,283815
12461,0.003088,172.31.40.0-255,66,181615,69,283815
12462,0.003108,74.125.24.0-255,2902,184517,69,283815
12463,0.00311,172.31.40.0-255,66,184583,69,283815
12464,0.003142,172.31.40.0-255,66,184649,69,283815
12465,0.003165,74.125.24.0-255,6438,191087,69,283815
12466,0.003168,172.31.40.0-255,66,191153,69,283815
12467,0.003225,74.125.24.0-255,1484,192637,69,283815
12468,0.003245,74.125.24.0-255,2902,195539,69,283815
12469,0.003247,172.31.40.0-255,66,195605,69,283815
12470,0.003254,74.125.24.0-255,5738,201343,69,283815
12471,0.003257,172.31.40.0-255,66,201409,69,283815
12472,0.003259,74.125.24.0-255,1484,202893,69,283815
12473,0.003281,74.125.24.0-255,4320,207213,69,283815
12474,0.003284,172.31.40.0-255,66,207279,69,283815
12475,0.00334,74.125.24.0-255,2902,210181,69,283815
12476,0.003343,172.31.40.0-255,66,210247,69,283815
12477,0.003378,172.31.40.0-255,66,210313,69,283815
12478,0.003391,172.31.40.0-255,66,210379,69,283815
12479,0.003405,172.31.40.0-255,66,210445,69,283815
12480,0.00342,172.31.40.0-255,66,210511,69,283815
12481,0.003437,74.125.24.0-255,1484,211995,69,283815
12482,0.003441,74.125.24.0-255,1484,213479,69,283815
12483,0.003443,172.31.40.0-255,66,213545,69,283815
12484,0.00346,74.125.24.0-255,1484,215029,69,283815
12485,0.003466,74.125.24.0-255,4320,219349,69,283815
12486,0.003468,172.31.40.0-255,66,219415,69,283815
12487,0.003471,74.125.24.0-255,1484,220899,69,283815
12488,0.003488,74.125.24.0-255,4320,225219,69,283815
12489,0.003491,172.31.40.0-255,66,225285,69,283815
12490,0.00351,74.125.24.0-255,2902,228187,69,283815
12491,0.003513,172.31.40.0-255,66,228253,69,283815
12492,0.003515,74.125.24.0-255,1484,229737,69,283815
12493,0.003545,172.31.40.0-255,66,229803,69,283815
12494,0.003548,74.125.24.0-255,1484,231287,69,283815
12495,0.003553,74.125.24.0-255,3602,234889,69,283815
12496,0.003556,172.31.40.0-255,66,234955,69,283815
12497,0.003606,74.125.24.0-255,1484,236439,69,283815
12498,0.00361,74.125.24.0-255,1484,237923,69,283815
12499,0.003612,172.31.40.0-255,66,237989,69,283815
12500,0.00363,74.125.24.0-255,1484,239473,69,283815
12501,0.003635,74.125.24.0-255,2902,242375,69,283815
12502,0.003637,172.31.40.0-255,66,242441,69,283815
12503,0.003654,74.125.24.0-255,2902,245343,69,283815
12504,0.003656,172.31.40.0-255,66,245409,69,283815
12505,0.003663,74.125.24.0-255,4320,249729,69,283815
12506,0.003665,172.31.40.0-255,66,249795,69,283815
12507,0.003692,172.31.40.0-255,66,249861,69,283815
12508,0.003697,74.125.24.0-255,2902,252763,69,283815
12509,0.003699,172.31.40.0-255,66,252829,69,283815
12510,0.003722,74.125.24.0-255,4320,257149,69,283815
12511,0.003726,172.31.40.0-255,66,257215,69,283815
12512,0.003733,74.125.24.0-255,7156,264371,69,283815
12513,0.003735,172.31.40.0-255,66,264437,69,283815
12514,0.003771,172.31.40.0-255,66,264503,69,283815
12515,0.003782,172.31.40.0-255,66,264569,69,283815
12516,0.003821,172.31.40.0-255,66,264635,69,283815
12517,0.003839,74.125.24.0-255,2184,266819,69,283815
12518,0.003842,172.31.40.0-255,66,266885,69,283815
12519,0.003847,74.125.24.0-255,2902,269787,69,283815
12520,0.003849,172.31.40.0-255,66,269853,69,283815
12521,0.003876,74.125.24.0-255,4711,274564,69,283815
12522,0.003879,172.31.40.0-255,66,274630,69,283815
12523,0.003896,74.125.24.0-255,105,274735,69,283815
12524,0.006519,172.31.40.0-255,66,274801,69,283815
12525,0.006552,172.31.40.0-255,105,274906,69,283815
12526,0.008619,74.125.24.0-255,66,274972,69,283815
12527,0.038394,172.31.40.0-255,172,275144,69,283815
12528,0.038445,172.31.40.0-255,1114,276258,69,283815
12529,0.038511,172.31.40.0-255,1514,277772,69,283815
12530,0.038512,172.31.40.0-255,1514,279286,69,283815
12531,0.038514,172.31.40.0-255,1514,280800,69,283815
12532,0.038519,172.31.40.0-255,1514,282314,69,283815
12533,0.03852,172.31.40.0-255,1501,283815,69,283815
12534,0.0,172.217.194.0-255,150,150,69,243545
12535,1.7e-05,172.31.40.0-255,66,216,69,243545
12536,2.3e-05,172.217.194.0-255,1484,1700,69,243545
12537,2.8e-05,172.31.40.0-255,66,1766,69,243545
12538,5.7e-05,172.217.194.0-255,2902,4668,69,243545
12539,6.1e-05,172.31.40.0-255,66,4734,69,243545
12540,6.7e-05,172.217.194.0-255,4320,9054,69,243545
12541,7e-05,172.31.40.0-255,66,9120,69,243545
12542,9.7e-05,172.31.40.0-255,66,9186,69,243545
12543,0.000105,172.217.194.0-255,7156,16342,69,243545
12544,0.000108,172.31.40.0-255,66,16408,69,243545
12545,0.000152,172.217.194.0-255,4320,20728,69,243545
12546,0.000155,172.31.40.0-255,66,20794,69,243545
12547,0.000172,172.217.194.0-255,1125,21919,69,243545
12548,0.000175,172.31.40.0-255,66,21985,69,243545
12549,0.000204,172.217.194.0-255,1484,23469,69,243545
12550,0.000207,172.31.40.0-255,66,23535,69,243545
12551,0.000212,172.217.194.0-255,2902,26437,69,243545
12552,0.000214,172.31.40.0-255,66,26503,69,243545
12553,0.00022,172.217.194.0-255,4320,30823,69,243545
12554,0.000222,172.31.40.0-255,66,30889,69,243545
12555,0.000246,172.217.194.0-255,1484,32373,69,243545
12556,0.000248,172.31.40.0-255,66,32439,69,243545
12557,0.000262,172.31.40.0-255,66,32505,69,243545
12558,0.000268,172.217.194.0-255,5738,38243,69,243545
12559,0.000271,172.31.40.0-255,66,38309,69,243545
12560,0.000293,172.217.194.0-255,5738,44047,69,243545
12561,0.000296,172.31.40.0-255,66,44113,69,243545
12562,0.000299,172.217.194.0-255,1429,45542,69,243545
12563,0.000301,172.31.40.0-255,66,45608,69,243545
12564,0.000384,172.217.194.0-255,1484,47092,69,243545
12565,0.000389,172.217.194.0-255,2902,49994,69,243545
12566,0.000393,172.31.40.0-255,66,50060,69,243545
12567,0.000397,172.217.194.0-255,2902,52962,69,243545
12568,0.000399,172.31.40.0-255,66,53028,69,243545
12569,0.000417,172.217.194.0-255,2902,55930,69,243545
12570,0.00042,172.31.40.0-255,66,55996,69,243545
12571,0.000437,172.217.194.0-255,7156,63152,69,243545
12572,0.00044,172.31.40.0-255,66,63218,69,243545
12573,0.000461,172.217.194.0-255,6533,69751,69,243545
12574,0.000464,172.31.40.0-255,66,69817,69,243545
12575,0.000476,172.31.40.0-255,66,69883,69,243545
12576,0.00067,172.217.194.0-255,1484,71367,69,243545
12577,0.000677,172.217.194.0-255,2902,74269,69,243545
12578,0.000681,172.31.40.0-255,66,74335,69,243545
12579,0.000686,172.217.194.0-255,2902,77237,69,243545
12580,0.000689,172.31.40.0-255,66,77303,69,243545
12581,0.000705,172.217.194.0-255,2902,80205,69,243545
12582,0.000713,172.217.194.0-255,7156,87361,69,243545
12583,0.000732,172.217.194.0-255,5738,93099,69,243545
12584,0.000741,172.31.40.0-255,66,93165,69,243545
12585,0.000754,172.217.194.0-255,5738,98903,69,243545
12586,0.00077,172.217.194.0-255,5020,103923,69,243545
12587,0.000784,172.31.40.0-255,66,103989,69,243545
12588,0.000983,172.217.194.0-255,1484,105473,69,243545
12589,0.000989,172.217.194.0-255,2902,108375,69,243545
12590,0.000992,172.31.40.0-255,66,108441,69,243545
12591,0.000996,172.217.194.0-255,1484,109925,69,243545
12592,0.001018,172.217.194.0-255,4320,114245,69,243545
12593,0.001042,172.217.194.0-255,2902,117147,69,243545
12594,0.001045,172.31.40.0-255,66,117213,69,243545
12595,0.0011,172.31.40.0-255,66,117279,69,243545
12596,0.001119,172.217.194.0-255,1484,118763,69,243545
12597,0.001137,172.217.194.0-255,2902,121665,69,243545
12598,0.001142,172.217.194.0-255,2902,124567,69,243545
12599,0.001158,172.217.194.0-255,2902,127469,69,243545
12600,0.001161,172.217.194.0-255,1484,128953,69,243545
12601,0.001166,172.217.194.0-255,2902,131855,69,243545
12602,0.00118,172.217.194.0-255,5738,137593,69,243545
12603,0.001213,172.217.194.0-255,1484,139077,69,243545
12604,0.001232,172.217.194.0-255,7156,146233,69,243545
12605,0.001254,172.217.194.0-255,5020,151253,69,243545
12606,0.001269,172.217.194.0-255,5738,156991,69,243545
12607,0.001271,172.217.194.0-255,1484,158475,69,243545
12608,0.001285,172.217.194.0-255,5738,164213,69,243545
12609,0.001288,172.217.194.0-255,1484,165697,69,243545
12610,0.001332,172.217.194.0-255,6438,172135,69,243545
12611,0.001366,172.217.194.0-255,1484,173619,69,243545
12612,0.00137,172.217.194.0-255,1484,175103,69,243545
12613,0.001384,172.217.194.0-255,1484,176587,69,243545
12614,0.001391,172.217.194.0-255,5738,182325,69,243545
12615,0.001518,172.217.194.0-255,2902,185227,69,243545
12616,0.00154,172.217.194.0-255,1484,186711,69,243545
12617,0.001566,172.217.194.0-255,1484,188195,69,243545
12618,0.001602,172.217.194.0-255,1484,189679,69,243545
12619,0.001653,172.217.194.0-255,1484,191163,69,243545
12620,0.001692,172.217.194.0-255,1484,192647,69,243545
12621,0.001696,172.217.194.0-255,1484,194131,69,243545
12622,0.001708,172.217.194.0-255,1484,195615,69,243545
12623,0.001715,172.217.194.0-255,5738,201353,69,243545
12624,0.001722,172.217.194.0-255,5738,207091,69,243545
12625,0.001735,172.217.194.0-255,2902,209993,69,243545
12626,0.001796,172.217.194.0-255,6438,216431,69,243545
12627,0.001809,172.217.194.0-255,1484,217915,69,243545
12628,0.001846,172.217.194.0-255,7156,225071,69,243545
12629,0.001863,172.217.194.0-255,1484,226555,69,243545
12630,0.001885,172.217.194.0-255,2902,229457,69,243545
12631,0.001936,172.217.194.0-255,4734,234191,69,243545
12632,0.001939,172.217.194.0-255,105,234296,69,243545
12633,0.006337,172.31.40.0-255,66,234362,69,243545
12634,0.006723,172.31.40.0-255,101,234463,69,243545
12635,0.00902,172.217.194.0-255,66,234529,69,243545
12636,0.009301,172.31.40.0-255,105,234634,69,243545
12637,0.011612,172.217.194.0-255,66,234700,69,243545
12638,0.039781,172.31.40.0-255,172,234872,69,243545
12639,0.039816,172.31.40.0-255,1114,235986,69,243545
12640,0.039881,172.31.40.0-255,1514,237500,69,243545
12641,0.039883,172.31.40.0-255,1514,239014,69,243545
12642,0.039884,172.31.40.0-255,1514,240528,69,243545
12643,0.039886,172.31.40.0-255,1514,242042,69,243545
12644,0.039914,172.31.40.0-255,1503,243545,69,243545
12645,0.0,172.217.24.0-255,150,150,69,177180
12646,2e-05,172.31.40.0-255,66,216,69,177180
12647,2.6e-05,172.217.24.0-255,1484,1700,69,177180
12648,3.1e-05,172.31.40.0-255,66,1766,69,177180
12649,3.6e-05,172.217.24.0-255,2902,4668,69,177180
12650,4e-05,172.31.40.0-255,66,4734,69,177180
12651,6.6e-05,172.217.24.0-255,1484,6218,69,177180
12652,6.9e-05,172.31.40.0-255,66,6284,69,177180
12653,8.9e-05,172.217.24.0-255,2902,9186,69,177180
12654,9.2e-05,172.31.40.0-255,66,9252,69,177180
12655,9.5e-05,172.217.24.0-255,1484,10736,69,177180
12656,9.7e-05,172.31.40.0-255,66,10802,69,177180
12657,0.000125,172.31.40.0-255,66,10868,69,177180
12658,0.000149,172.217.24.0-255,2902,13770,69,177180
12659,0.000152,172.31.40.0-255,66,13836,69,177180
12660,0.000168,172.217.24.0-255,4320,18156,69,177180
12661,0.00017,172.31.40.0-255,66,18222,69,177180
12662,0.000188,172.217.24.0-255,2902,21124,69,177180
12663,0.00019,172.31.40.0-255,66,21190,69,177180
12664,0.000205,172.217.24.0-255,2543,23733,69,177180
12665,0.000207,172.31.40.0-255,66,23799,69,177180
12666,0.000301,172.217.24.0-255,1484,25283,69,177180
12667,0.000304,172.31.40.0-255,66,25349,69,177180
12668,0.000326,172.217.24.0-255,2902,28251,69,177180
12669,0.000328,172.31.40.0-255,66,28317,69,177180
12670,0.000334,172.217.24.0-255,5738,34055,69,177180
12671,0.000336,172.31.40.0-255,66,34121,69,177180
12672,0.000339,172.217.24.0-255,1484,35605,69,177180
12673,0.000341,172.31.40.0-255,66,35671,69,177180
12674,0.000365,172.217.24.0-255,4320,39991,69,177180
12675,0.000368,172.31.40.0-255,66,40057,69,177180
12676,0.000375,172.217.24.0-255,6797,46854,69,177180
12677,0.000577,172.31.40.0-255,66,46920,69,177180
12678,0.001275,172.217.24.0-255,118,47038,69,177180
12679,0.001376,172.217.24.0-255,1484,48522,69,177180
12680,0.001381,172.31.40.0-255,66,48588,69,177180
12681,0.001387,172.217.24.0-255,2902,51490,69,177180
12682,0.001391,172.217.24.0-255,2902,54392,69,177180
12683,0.001409,172.217.24.0-255,2902,57294,69,177180
12684,0.001414,172.217.24.0-255,4320,61614,69,177180
12685,0.001453,172.217.24.0-255,5379,66993,69,177180
12686,0.001478,172.217.24.0-255,5738,72731,69,177180
12687,0.001506,172.217.24.0-255,2902,75633,69,177180
12688,0.00152,172.217.24.0-255,5379,81012,69,177180
12689,0.008764,172.31.40.0-255,66,81078,69,177180
12690,0.010801,172.217.24.0-255,5738,86816,69,177180
12691,0.010809,172.31.40.0-255,66,86882,69,177180
12692,0.012864,172.217.24.0-255,5738,92620,69,177180
12693,0.012875,172.31.40.0-255,66,92686,69,177180
12694,0.014911,172.217.24.0-255,5738,98424,69,177180
12695,0.014919,172.31.40.0-255,66,98490,69,177180
12696,0.016957,172.217.24.0-255,5738,104228,69,177180
12697,0.016975,172.31.40.0-255,66,104294,69,177180
12698,0.019018,172.217.24.0-255,5738,110032,69,177180
12699,0.019034,172.31.40.0-255,66,110098,69,177180
12700,0.021072,172.217.24.0-255,5738,115836,69,177180
12701,0.021081,172.31.40.0-255,66,115902,69,177180
12702,0.02311,172.217.24.0-255,5738,121640,69,177180
12703,0.023118,172.31.40.0-255,66,121706,69,177180
12704,0.025146,172.217.24.0-255,5738,127444,69,177180
12705,0.025153,172.31.40.0-255,66,127510,69,177180
12706,0.027183,172.217.24.0-255,5738,133248,69,177180
12707,0.027189,172.31.40.0-255,66,133314,69,177180
12708,0.029232,172.217.24.0-255,5738,139052,69,177180
12709,0.029246,172.31.40.0-255,66,139118,69,177180
12710,0.031284,172.217.24.0-255,5738,144856,69,177180
12711,0.031293,172.31.40.0-255,66,144922,69,177180
12712,0.033342,172.217.24.0-255,5738,150660,69,177180
12713,0.033351,172.31.40.0-255,66,150726,69,177180
12714,0.035383,172.217.24.0-255,5738,156464,69,177180
12715,0.035392,172.31.40.0-255,66,156530,69,177180
12716,0.036288,172.31.40.0-255,172,156702,69,177180
12717,0.036318,172.31.40.0-255,1116,157818,69,177180
12718,0.0364,172.31.40.0-255,1514,159332,69,177180
12719,0.036402,172.31.40.0-255,1514,160846,69,177180
12720,0.036403,172.31.40.0-255,1514,162360,69,177180
12721,0.036408,172.31.40.0-255,1514,163874,69,177180
12722,0.036409,172.31.40.0-255,1500,165374,69,177180
12723,0.037424,172.217.24.0-255,5738,171112,69,177180
12724,0.037431,172.31.40.0-255,66,171178,69,177180
12725,0.037939,104.244.42.0-255,66,171244,69,177180
12726,0.037948,104.244.42.0-255,66,171310,69,177180
12727,0.038124,104.244.42.0-255,66,171376,69,177180
12728,0.039462,172.217.24.0-255,5738,177114,69,177180
12729,0.039469,172.31.40.0-255,66,177180,69,177180
12730,0.0,74.125.24.0-255,152,152,69,226765
12731,2.4e-05,172.31.40.0-255,66,218,69,226765
12732,3.1e-05,74.125.24.0-255,1484,1702,69,226765
12733,3.6e-05,172.31.40.0-255,66,1768,69,226765
12734,4.9e-05,74.125.24.0-255,2902,4670,69,226765
12735,5.2e-05,172.31.40.0-255,66,4736,69,226765
12736,6e-05,74.125.24.0-255,7156,11892,69,226765
12737,6.3e-05,172.31.40.0-255,66,11958,69,226765
12738,6.7e-05,74.125.24.0-255,2134,14092,69,226765
12739,7e-05,172.31.40.0-255,66,14158,69,226765
12740,0.00012,74.125.24.0-255,1484,15642,69,226765
12741,0.000122,172.31.40.0-255,66,15708,69,226765
12742,0.000127,74.125.24.0-255,2902,18610,69,226765
12743,0.00013,172.31.40.0-255,66,18676,69,226765
12744,0.000134,74.125.24.0-255,2902,21578,69,226765
12745,0.000136,172.31.40.0-255,66,21644,69,226765
12746,0.000154,74.125.24.0-255,2902,24546,69,226765
12747,0.000156,172.31.40.0-255,66,24612,69,226765
12748,0.000164,74.125.24.0-255,6797,31409,69,226765
12749,0.00017,172.31.40.0-255,66,31475,69,226765
12750,0.000259,74.125.24.0-255,1484,32959,69,226765
12751,0.000263,172.31.40.0-255,66,33025,69,226765
12752,0.00027,74.125.24.0-255,2902,35927,69,226765
12753,0.000272,172.31.40.0-255,66,35993,69,226765
12754,0.000278,74.125.24.0-255,5738,41731,69,226765
12755,0.000285,172.31.40.0-255,66,41797,69,226765
12756,0.00032,172.31.40.0-255,66,41863,69,226765
12757,0.000366,74.125.24.0-255,5379,47242,69,226765
12758,0.000369,172.31.40.0-255,66,47308,69,226765
12759,0.000386,172.31.40.0-255,66,47374,69,226765
12760,0.000492,74.125.24.0-255,647,48021,69,226765
12761,0.000811,74.125.24.0-255,1484,49505,69,226765
12762,0.000816,172.31.40.0-255,66,49571,69,226765
12763,0.000822,74.125.24.0-255,2902,52473,69,226765
12764,0.000824,172.31.40.0-255,66,52539,69,226765
12765,0.000847,74.125.24.0-255,5738,58277,69,226765
12766,0.000854,172.31.40.0-255,66,58343,69,226765
12767,0.000859,74.125.24.0-255,2902,61245,69,226765
12768,0.000861,172.31.40.0-255,66,61311,69,226765
12769,0.000873,172.31.40.0-255,66,61377,69,226765
12770,0.000898,74.125.24.0-255,1484,62861,69,226765
12771,0.000961,172.31.40.0-255,66,62927,69,226765
12772,0.00114,74.125.24.0-255,1484,64411,69,226765
12773,0.001147,74.125.24.0-255,2902,67313,69,226765
12774,0.00115,172.31.40.0-255,66,67379,69,226765
12775,0.001182,74.125.24.0-255,5738,73117,69,226765
12776,0.001185,172.31.40.0-255,66,73183,69,226765
12777,0.001198,172.31.40.0-255,66,73249,69,226765
12778,0.001229,74.125.24.0-255,1484,74733,69,226765
12779,0.001232,74.125.24.0-255,766,75499,69,226765
12780,0.001248,172.31.40.0-255,66,75565,69,226765
12781,0.001292,74.125.24.0-255,1484,77049,69,226765
12782,0.001304,74.125.24.0-255,2902,79951,69,226765
12783,0.001322,172.31.40.0-255,66,80017,69,226765
12784,0.001329,74.125.24.0-255,5738,85755,69,226765
12785,0.001335,172.31.40.0-255,66,85821,69,226765
12786,0.001396,172.31.40.0-255,66,85887,69,226765
12787,0.001424,74.125.24.0-255,2184,88071,69,226765
12788,0.001429,172.31.40.0-255,66,88137,69,226765
12789,0.001478,74.125.24.0-255,1484,89621,69,226765
12790,0.001482,74.125.24.0-255,1484,91105,69,226765
12791,0.001494,172.31.40.0-255,66,91171,69,226765
12792,0.001498,74.125.24.0-255,1484,92655,69,226765
12793,0.001504,74.125.24.0-255,5738,98393,69,226765
12794,0.001519,172.31.40.0-255,66,98459,69,226765
12795,0.001546,74.125.24.0-255,4320,102779,69,226765
12796,0.001561,172.31.40.0-255,66,102845,69,226765
12797,0.001584,74.125.24.0-255,7156,110001,69,226765
12798,0.001597,172.31.40.0-255,66,110067,69,226765
12799,0.001606,74.125.24.0-255,3602,113669,69,226765
12800,0.00164,74.125.24.0-255,4320,117989,69,226765
12801,0.001643,74.125.24.0-255,1484,119473,69,226765
12802,0.001654,172.31.40.0-255,66,119539,69,226765
12803,0.001683,74.125.24.0-255,5738,125277,69,226765
12804,0.001704,172.31.40.0-255,66,125343,69,226765
12805,0.001757,172.31.40.0-255,66,125409,69,226765
12806,0.00405,74.125.24.0-255,5738,131147,69,226765
12807,0.004057,172.31.40.0-255,66,131213,69,226765
12808,0.006351,74.125.24.0-255,5738,136951,69,226765
12809,0.006358,172.31.40.0-255,66,137017,69,226765
12810,0.008671,74.125.24.0-255,5738,142755,69,226765
12811,0.008677,172.31.40.0-255,66,142821,69,226765
12812,0.010075,172.31.40.0-255,101,142922,69,226765
12813,0.010992,74.125.24.0-255,5738,148660,69,226765
12814,0.010999,172.31.40.0-255,66,148726,69,226765
12815,0.012334,74.125.24.0-255,66,148792,69,226765
12816,0.01331,74.125.24.0-255,5738,154530,69,226765
12817,0.013321,172.31.40.0-255,66,154596,69,226765
12818,0.015664,74.125.24.0-255,5738,160334,69,226765
12819,0.01568,172.31.40.0-255,66,160400,69,226765
12820,0.018005,74.125.24.0-255,5738,166138,69,226765
12821,0.018022,172.31.40.0-255,66,166204,69,226765
12822,0.020374,74.125.24.0-255,5738,171942,69,226765
12823,0.020382,172.31.40.0-255,66,172008,69,226765
12824,0.02269,74.125.24.0-255,5738,177746,69,226765
12825,0.022698,172.31.40.0-255,66,177812,69,226765
12826,0.025033,74.125.24.0-255,5738,183550,69,226765
12827,0.02504,172.31.40.0-255,66,183616,69,226765
12828,0.027356,74.125.24.0-255,5738,189354,69,226765
12829,0.027364,172.31.40.0-255,66,189420,69,226765
12830,0.029664,74.125.24.0-255,5738,195158,69,226765
12831,0.029671,172.31.40.0-255,66,195224,69,226765
12832,0.031987,74.125.24.0-255,5738,200962,69,226765
12833,0.031995,172.31.40.0-255,66,201028,69,226765
12834,0.034293,74.125.24.0-255,5738,206766,69,226765
12835,0.034301,172.31.40.0-255,66,206832,69,226765
12836,0.036033,172.31.40.0-255,172,207004,69,226765
12837,0.036063,172.31.40.0-255,1111,208115,69,226765
12838,0.036129,172.31.40.0-255,1514,209629,69,226765
12839,0.036131,172.31.40.0-255,1514,211143,69,226765
12840,0.036133,172.31.40.0-255,1514,212657,69,226765
12841,0.036134,172.31.40.0-255,1514,214171,69,226765
12842,0.036135,172.31.40.0-255,548,214719,69,226765
12843,0.036606,74.125.24.0-255,5738,220457,69,226765
12844,0.036613,172.31.40.0-255,66,220523,69,226765
12845,0.037578,104.244.42.0-255,66,220589,69,226765
12846,0.037626,104.244.42.0-255,66,220655,69,226765
12847,0.037728,104.244.42.0-255,66,220721,69,226765
12848,0.037733,104.244.42.0-255,66,220787,69,226765
12849,0.03891,74.125.24.0-255,5738,226525,69,226765
12850,0.038917,172.31.40.0-255,66,226591,69,226765
12851,0.038944,104.244.42.0-255,108,226699,69,226765
12852,0.038948,172.31.40.0-255,66,226765,69,226765
12853,0.0,74.125.24.0-255,152,152,69,159995
12854,2.8e-05,172.31.40.0-255,66,218,69,159995
12855,3.6e-05,74.125.24.0-255,1484,1702,69,159995
12856,4.1e-05,172.31.40.0-255,66,1768,69,159995
12857,4.6e-05,74.125.24.0-255,2902,4670,69,159995
12858,4.8e-05,172.31.40.0-255,66,4736,69,159995
12859,5.1e-05,74.125.24.0-255,1484,6220,69,159995
12860,5.4e-05,172.31.40.0-255,66,6286,69,159995
12861,7.2e-05,74.125.24.0-255,1484,7770,69,159995
12862,7.5e-05,172.31.40.0-255,66,7836,69,159995
12863,0.000105,74.125.24.0-255,6317,14153,69,159995
12864,0.000109,172.31.40.0-255,66,14219,69,159995
12865,0.000751,74.125.24.0-255,1484,15703,69,159995
12866,0.000757,172.31.40.0-255,66,15769,69,159995
12867,0.000767,74.125.24.0-255,2902,18671,69,159995
12868,0.00077,172.31.40.0-255,66,18737,69,159995
12869,0.000774,74.125.24.0-255,1484,20221,69,159995
12870,0.000775,172.31.40.0-255,66,20287,69,159995
12871,0.000778,74.125.24.0-255,1484,21771,69,159995
12872,0.00078,172.31.40.0-255,66,21837,69,159995
12873,0.000801,74.125.24.0-255,1484,23321,69,159995
12874,0.000803,172.31.40.0-255,66,23387,69,159995
12875,0.00081,74.125.24.0-255,5738,29125,69,159995
12876,0.000812,172.31.40.0-255,66,29191,69,159995
12877,0.000827,74.125.24.0-255,2543,31734,69,159995
12878,0.000831,172.31.40.0-255,66,31800,69,159995
12879,0.000861,74.125.24.0-255,2902,34702,69,159995
12880,0.000863,172.31.40.0-255,66,34768,69,159995
12881,0.000866,74.125.24.0-255,1484,36252,69,159995
12882,0.000869,172.31.40.0-255,66,36318,69,159995
12883,0.000883,74.125.24.0-255,1484,37802,69,159995
12884,0.000885,172.31.40.0-255,66,37868,69,159995
12885,0.000919,74.125.24.0-255,7156,45024,69,159995
12886,0.000922,172.31.40.0-255,66,45090,69,159995
12887,0.000938,74.125.24.0-255,3961,49051,69,159995
12888,0.000941,172.31.40.0-255,66,49117,69,159995
12889,0.002972,74.125.24.0-255,4320,53437,69,159995
12890,0.00298,172.31.40.0-255,66,53503,69,159995
12891,0.002999,74.125.24.0-255,1484,54987,69,159995
12892,0.005037,74.125.24.0-255,4320,59307,69,159995
12893,0.005044,172.31.40.0-255,66,59373,69,159995
12894,0.007124,74.125.24.0-255,5738,65111,69,159995
12895,0.007131,172.31.40.0-255,66,65177,69,159995
12896,0.009192,74.125.24.0-255,5738,70915,69,159995
12897,0.0092,172.31.40.0-255,66,70981,69,159995
12898,0.011235,74.125.24.0-255,5738,76719,69,159995
12899,0.011242,172.31.40.0-255,66,76785,69,159995
12900,0.013311,74.125.24.0-255,5738,82523,69,159995
12901,0.013319,172.31.40.0-255,66,82589,69,159995
12902,0.015372,74.125.24.0-255,5738,88327,69,159995
12903,0.015383,172.31.40.0-255,66,88393,69,159995
12904,0.017453,74.125.24.0-255,5738,94131,69,159995
12905,0.017459,172.31.40.0-255,66,94197,69,159995
12906,0.019525,74.125.24.0-255,5738,99935,69,159995
12907,0.019532,172.31.40.0-255,66,100001,69,159995
12908,0.021572,74.125.24.0-255,4320,104321,69,159995
12909,0.02158,172.31.40.0-255,66,104387,69,159995
12910,0.021601,74.125.24.0-255,1484,105871,69,159995
12911,0.023632,74.125.24.0-255,4320,110191,69,159995
12912,0.023637,172.31.40.0-255,66,110257,69,159995
12913,0.025719,74.125.24.0-255,5738,115995,69,159995
12914,0.025726,172.31.40.0-255,66,116061,69,159995
12915,0.027803,74.125.24.0-255,5738,121799,69,159995
12916,0.02781,172.31.40.0-255,66,121865,69,159995
12917,0.02855,172.31.40.0-255,172,122037,69,159995
12918,0.028579,172.31.40.0-255,1114,123151,69,159995
12919,0.028644,172.31.40.0-255,1514,124665,69,159995
12920,0.028645,172.31.40.0-255,1514,126179,69,159995
12921,0.028646,172.31.40.0-255,1514,127693,69,159995
12922,0.028651,172.31.40.0-255,1514,129207,69,159995
12923,0.028652,172.31.40.0-255,1504,130711,69,159995
12924,0.029875,74.125.24.0-255,5738,136449,69,159995
12925,0.029882,172.31.40.0-255,66,136515,69,159995
12926,0.030188,104.244.42.0-255,66,136581,69,159995
12927,0.030196,104.244.42.0-255,66,136647,69,159995
12928,0.030336,104.244.42.0-255,66,136713,69,159995
12929,0.030343,104.244.42.0-255,66,136779,69,159995
12930,0.031933,74.125.24.0-255,5738,142517,69,159995
12931,0.03194,172.31.40.0-255,66,142583,69,159995
12932,0.03399,74.125.24.0-255,5738,148321,69,159995
12933,0.033996,172.31.40.0-255,66,148387,69,159995
12934,0.036072,74.125.24.0-255,5738,154125,69,159995
12935,0.03608,172.31.40.0-255,66,154191,69,159995
12936,0.038129,74.125.24.0-255,5738,159929,69,159995
12937,0.038136,172.31.40.0-255,66,159995,69,159995
12938,0.0,74.125.200.0-255,146,146,69,191442
12939,1.8e-05,172.31.40.0-255,66,212,69,191442
12940,2.5e-05,74.125.200.0-255,1484,1696,69,191442
12941,2.9e-05,172.31.40.0-255,66,1762,69,191442
12942,3.4e-05,74.125.200.0-255,2902,4664,69,191442
12943,3.7e-05,172.31.40.0-255,66,4730,69,191442
12944,4e-05,74.125.200.0-255,1484,6214,69,191442
12945,4.3e-05,172.31.40.0-255,66,6280,69,191442
12946,7e-05,74.125.200.0-255,5738,12018,69,191442
12947,7.3e-05,172.31.40.0-255,66,12084,69,191442
12948,7.7e-05,74.125.200.0-255,2056,14140,69,191442
12949,7.9e-05,172.31.40.0-255,66,14206,69,191442
12950,8.3e-05,74.125.200.0-255,2902,17108,69,191442
12951,8.5e-05,172.31.40.0-255,66,17174,69,191442
12952,0.000106,74.125.200.0-255,1484,18658,69,191442
12953,0.000108,172.31.40.0-255,66,18724,69,191442
12954,0.000123,74.125.200.0-255,5738,24462,69,191442
12955,0.000126,172.31.40.0-255,66,24528,69,191442
12956,0.000164,74.125.200.0-255,6797,31325,69,191442
12957,0.000166,172.31.40.0-255,66,31391,69,191442
12958,0.001523,74.125.200.0-255,1484,32875,69,191442
12959,0.001531,172.31.40.0-255,66,32941,69,191442
12960,0.00154,74.125.200.0-255,2902,35843,69,191442
12961,0.001542,172.31.40.0-255,66,35909,69,191442
12962,0.001548,74.125.200.0-255,4320,40229,69,191442
12963,0.001551,172.31.40.0-255,66,40295,69,191442
12964,0.001568,74.125.200.0-255,1484,41779,69,191442
12965,0.00157,172.31.40.0-255,66,41845,69,191442
12966,0.001578,74.125.200.0-255,6797,48642,69,191442
12967,0.00158,172.31.40.0-255,66,48708,69,191442
12968,0.001611,74.125.200.0-255,5738,54446,69,191442
12969,0.001613,172.31.40.0-255,66,54512,69,191442
12970,0.001634,74.125.200.0-255,1484,55996,69,191442
12971,0.001637,172.31.40.0-255,66,56062,69,191442
12972,0.001643,74.125.200.0-255,5738,61800,69,191442
12973,0.001645,172.31.40.0-255,66,61866,69,191442
12974,0.001689,74.125.200.0-255,2902,64768,69,191442
12975,0.001691,172.31.40.0-255,66,64834,69,191442
12976,0.001707,74.125.200.0-255,1432,66266,69,191442
12977,0.001709,172.31.40.0-255,66,66332,69,191442
12978,0.001712,74.125.200.0-255,113,66445,69,191442
12979,0.001714,172.31.40.0-255,66,66511,69,191442
12980,0.001971,74.125.200.0-255,1484,67995,69,191442
12981,0.001975,172.31.40.0-255,66,68061,69,191442
12982,0.001996,74.125.200.0-255,2902,70963,69,191442
12983,0.001999,172.31.40.0-255,66,71029,69,191442
12984,0.002002,74.125.200.0-255,1484,72513,69,191442
12985,0.002004,172.31.40.0-255,66,72579,69,191442
12986,0.002025,74.125.200.0-255,4320,76899,69,191442
12987,0.002028,172.31.40.0-255,66,76965,69,191442
12988,0.002031,74.125.200.0-255,1484,78449,69,191442
12989,0.002033,172.31.40.0-255,66,78515,69,191442
12990,0.002038,74.125.200.0-255,2902,81417,69,191442
12991,0.00204,172.31.40.0-255,66,81483,69,191442
12992,0.002062,74.125.200.0-255,2902,84385,69,191442
12993,0.002079,74.125.200.0-255,3961,88346,69,191442
12994,0.002086,74.125.200.0-255,5738,94084,69,191442
12995,0.002089,74.125.200.0-255,1484,95568,69,191442
12996,0.002103,74.125.200.0-255,5379,100947,69,191442
12997,0.005284,172.31.40.0-255,66,101013,69,191442
12998,0.007629,74.125.200.0-255,2902,103915,69,191442
12999,0.007635,172.31.40.0-255,66,103981,69,191442
13000,0.007653,74.125.200.0-255,2902,106883,69,191442
13001,0.007655,172.31.40.0-255,66,106949,69,191442
13002,0.009989,74.125.200.0-255,5738,112687,69,191442
13003,0.009997,172.31.40.0-255,66,112753,69,191442
13004,0.012339,74.125.200.0-255,5738,118491,69,191442
13005,0.012348,172.31.40.0-255,66,118557,69,191442
13006,0.014701,74.125.200.0-255,5738,124295,69,191442
13007,0.014711,172.31.40.0-255,66,124361,69,191442
13008,0.017053,74.125.200.0-255,5738,130099,69,191442
13009,0.01706,172.31.40.0-255,66,130165,69,191442
13010,0.019413,74.125.200.0-255,5738,135903,69,191442
13011,0.019421,172.31.40.0-255,66,135969,69,191442
13012,0.021757,74.125.200.0-255,5738,141707,69,191442
13013,0.021764,172.31.40.0-255,66,141773,69,191442
13014,0.02411,74.125.200.0-255,5738,147511,69,191442
13015,0.024119,172.31.40.0-255,66,147577,69,191442
13016,0.026461,74.125.200.0-255,5738,153315,69,191442
13017,0.02647,172.31.40.0-255,66,153381,69,191442
13018,0.028825,74.125.200.0-255,5738,159119,69,191442
13019,0.028836,172.31.40.0-255,66,159185,69,191442
13020,0.030077,172.31.40.0-255,172,159357,69,191442
13021,0.030132,172.31.40.0-255,1116,160473,69,191442
13022,0.030205,172.31.40.0-255,1514,161987,69,191442
13023,0.030207,172.31.40.0-255,1514,163501,69,191442
13024,0.030208,172.31.40.0-255,1514,165015,69,191442
13025,0.030214,172.31.40.0-255,1514,166529,69,191442
13026,0.030215,172.31.40.0-255,1499,168028,69,191442
13027,0.03121,74.125.200.0-255,5738,173766,69,191442
13028,0.031217,172.31.40.0-255,66,173832,69,191442
13029,0.031742,104.244.42.0-255,66,173898,69,191442
13030,0.031791,104.244.42.0-255,66,173964,69,191442
13031,0.031889,104.244.42.0-255,66,174030,69,191442
13032,0.033576,74.125.200.0-255,5738,179768,69,191442
13033,0.033585,172.31.40.0-255,66,179834,69,191442
13034,0.035949,74.125.200.0-255,5738,185572,69,191442
13035,0.035955,172.31.40.0-255,66,185638,69,191442
13036,0.038306,74.125.200.0-255,5738,191376,69,191442
13037,0.038313,172.31.40.0-255,66,191442,69,191442
13038,0.0,172.31.40.0-255,105,105,69,276
13039,0.001919,157.240.7.0-255,105,210,69,276
13040,0.001933,172.31.40.0-255,66,276,69,276
13041,0.0,74.125.24.0-255,146,146,69,187083
13042,2.3e-05,172.31.40.0-255,66,212,69,187083
13043,3.1e-05,74.125.24.0-255,1484,1696,69,187083
13044,3.5e-05,172.31.40.0-255,66,1762,69,187083
13045,4e-05,74.125.24.0-255,2902,4664,69,187083
13046,4.3e-05,172.31.40.0-255,66,4730,69,187083
13047,5e-05,74.125.24.0-255,7156,11886,69,187083
13048,5.4e-05,172.31.40.0-255,66,11952,69,187083
13049,8.9e-05,74.125.24.0-255,2064,14016,69,187083
13050,9.2e-05,172.31.40.0-255,66,14082,69,187083
13051,0.000122,74.125.24.0-255,2902,16984,69,187083
13052,0.000124,172.31.40.0-255,66,17050,69,187083
13053,0.000127,74.125.24.0-255,1484,18534,69,187083
13054,0.000129,172.31.40.0-255,66,18600,69,187083
13055,0.000147,74.125.24.0-255,5738,24338,69,187083
13056,0.00015,172.31.40.0-255,66,24404,69,187083
13057,0.000186,74.125.24.0-255,4320,28724,69,187083
13058,0.000188,172.31.40.0-255,66,28790,69,187083
13059,0.000216,74.125.24.0-255,2543,31333,69,187083
13060,0.000218,172.31.40.0-255,66,31399,69,187083
13061,0.0004,74.125.24.0-255,1484,32883,69,187083
13062,0.000404,172.31.40.0-255,66,32949,69,187083
13063,0.000423,74.125.24.0-255,2902,35851,69,187083
13064,0.000427,172.31.40.0-255,66,35917,69,187083
13065,0.00045,74.125.24.0-255,5738,41655,69,187083
13066,0.000452,172.31.40.0-255,66,41721,69,187083
13067,0.000473,74.125.24.0-255,5738,47459,69,187083
13068,0.000475,172.31.40.0-255,66,47525,69,187083
13069,0.000494,74.125.24.0-255,1125,48650,69,187083
13070,0.000496,172.31.40.0-255,66,48716,69,187083
13071,0.000504,74.125.24.0-255,7156,55872,69,187083
13072,0.000506,172.31.40.0-255,66,55938,69,187083
13073,0.000545,172.31.40.0-255,66,56004,69,187083
13074,0.000587,74.125.24.0-255,344,56348,69,187083
13075,0.001061,172.31.40.0-255,66,56414,69,187083
13076,0.001302,74.125.24.0-255,1484,57898,69,187083
13077,0.001312,74.125.24.0-255,2902,60800,69,187083
13078,0.001316,172.31.40.0-255,66,60866,69,187083
13079,0.001323,74.125.24.0-255,5738,66604,69,187083
13080,0.001325,172.31.40.0-255,66,66670,69,187083
13081,0.001355,74.125.24.0-255,5738,72408,69,187083
13082,0.001358,172.31.40.0-255,66,72474,69,187083
13083,0.001374,74.125.24.0-255,7156,79630,69,187083
13084,0.001377,172.31.40.0-255,66,79696,69,187083
13085,0.001389,172.31.40.0-255,66,79762,69,187083
13086,0.001408,74.125.24.0-255,766,80528,69,187083
13087,0.003572,74.125.24.0-255,4320,84848,69,187083
13088,0.003579,172.31.40.0-255,66,84914,69,187083
13089,0.005785,74.125.24.0-255,5738,90652,69,187083
13090,0.005791,172.31.40.0-255,66,90718,69,187083
13091,0.007973,74.125.24.0-255,5738,96456,69,187083
13092,0.00798,172.31.40.0-255,66,96522,69,187083
13093,0.010169,74.125.24.0-255,5738,102260,69,187083
13094,0.010176,172.31.40.0-255,66,102326,69,187083
13095,0.012362,74.125.24.0-255,5738,108064,69,187083
13096,0.01237,172.31.40.0-255,66,108130,69,187083
13097,0.01455,74.125.24.0-255,1484,109614,69,187083
13098,0.014577,74.125.24.0-255,4320,113934,69,187083
13099,0.014584,172.31.40.0-255,66,114000,69,187083
13100,0.01678,74.125.24.0-255,5738,119738,69,187083
13101,0.016789,172.31.40.0-255,66,119804,69,187083
13102,0.018979,74.125.24.0-255,5738,125542,69,187083
13103,0.018986,172.31.40.0-255,66,125608,69,187083
13104,0.021196,74.125.24.0-255,5738,131346,69,187083
13105,0.021203,172.31.40.0-255,66,131412,69,187083
13106,0.023379,74.125.24.0-255,5738,137150,69,187083
13107,0.023385,172.31.40.0-255,66,137216,69,187083
13108,0.025585,74.125.24.0-255,5738,142954,69,187083
13109,0.025592,172.31.40.0-255,66,143020,69,187083
13110,0.027783,74.125.24.0-255,2902,145922,69,187083
13111,0.027791,172.31.40.0-255,66,145988,69,187083
13112,0.027817,74.125.24.0-255,2902,148890,69,187083
13113,0.02782,172.31.40.0-255,66,148956,69,187083
13114,0.029982,74.125.24.0-255,5738,154694,69,187083
13115,0.029987,172.31.40.0-255,66,154760,69,187083
13116,0.03074,172.31.40.0-255,172,154932,69,187083
13117,0.030773,172.31.40.0-255,1114,156046,69,187083
13118,0.030839,172.31.40.0-255,1514,157560,69,187083
13119,0.030841,172.31.40.0-255,1514,159074,69,187083
13120,0.030843,172.31.40.0-255,1514,160588,69,187083
13121,0.030844,172.31.40.0-255,1514,162102,69,187083
13122,0.030874,172.31.40.0-255,1501,163603,69,187083
13123,0.032198,74.125.24.0-255,5738,169341,69,187083
13124,0.032205,172.31.40.0-255,66,169407,69,187083
13125,0.032561,104.244.42.0-255,66,169473,69,187083
13126,0.032596,104.244.42.0-255,66,169539,69,187083
13127,0.032617,104.244.42.0-255,66,169605,69,187083
13128,0.03263,104.244.42.0-255,66,169671,69,187083
13129,0.034414,74.125.24.0-255,5738,175409,69,187083
13130,0.034425,172.31.40.0-255,66,175475,69,187083
13131,0.036605,74.125.24.0-255,5738,181213,69,187083
13132,0.036611,172.31.40.0-255,66,181279,69,187083
13133,0.038783,74.125.24.0-255,5738,187017,69,187083
13134,0.038788,172.31.40.0-255,66,187083,69,187083
13135,0.0,74.125.200.0-255,153,153,69,379793
13136,1e-05,172.31.40.0-255,66,219,69,379793
13137,3.8e-05,74.125.200.0-255,1484,1703,69,379793
13138,4.2e-05,172.31.40.0-255,66,1769,69,379793
13139,4.7e-05,74.125.200.0-255,2902,4671,69,379793
13140,4.9e-05,172.31.40.0-255,66,4737,69,379793
13141,6.9e-05,74.125.200.0-255,1484,6221,69,379793
13142,7e-05,172.31.40.0-255,66,6287,69,379793
13143,8.4e-05,74.125.200.0-255,2902,9189,69,379793
13144,8.6e-05,172.31.40.0-255,66,9255,69,379793
13145,9.8e-05,74.125.200.0-255,1484,10739,69,379793
13146,0.0001,172.31.40.0-255,66,10805,69,379793
13147,0.000105,74.125.200.0-255,3493,14298,69,379793
13148,0.000108,172.31.40.0-255,66,14364,69,379793
13149,0.000132,74.125.200.0-255,4320,18684,69,379793
13150,0.000134,172.31.40.0-255,66,18750,69,379793
13151,0.000139,74.125.200.0-255,4320,23070,69,379793
13152,0.000141,172.31.40.0-255,66,23136,69,379793
13153,0.000156,74.125.200.0-255,5738,28874,69,379793
13154,0.000158,172.31.40.0-255,66,28940,69,379793
13155,0.000162,74.125.200.0-255,2543,31483,69,379793
13156,0.000164,172.31.40.0-255,66,31549,69,379793
13157,0.000324,74.125.200.0-255,1484,33033,69,379793
13158,0.000328,172.31.40.0-255,66,33099,69,379793
13159,0.000332,74.125.200.0-255,1484,34583,69,379793
13160,0.000334,172.31.40.0-255,66,34649,69,379793
13161,0.000348,74.125.200.0-255,2902,37551,69,379793
13162,0.00035,172.31.40.0-255,66,37617,69,379793
13163,0.000373,74.125.200.0-255,5738,43355,69,379793
13164,0.000375,172.31.40.0-255,66,43421,69,379793
13165,0.000402,74.125.200.0-255,4320,47741,69,379793
13166,0.000404,172.31.40.0-255,66,47807,69,379793
13167,0.000426,74.125.200.0-255,3961,51768,69,379793
13168,0.000428,172.31.40.0-255,66,51834,69,379793
13169,0.000434,74.125.200.0-255,5738,57572,69,379793
13170,0.000437,172.31.40.0-255,66,57638,69,379793
13171,0.000451,74.125.200.0-255,2902,60540,69,379793
13172,0.000453,172.31.40.0-255,66,60606,69,379793
13173,0.000459,74.125.200.0-255,5379,65985,69,379793
13174,0.000461,172.31.40.0-255,66,66051,69,379793
13175,0.000463,74.125.200.0-255,645,66696,69,379793
13176,0.000621,74.125.200.0-255,1484,68180,69,379793
13177,0.000624,172.31.40.0-255,66,68246,69,379793
13178,0.000646,74.125.200.0-255,2902,71148,69,379793
13179,0.000649,172.31.40.0-255,66,71214,69,379793
13180,0.000658,74.125.200.0-255,1484,72698,69,379793
13181,0.00067,74.125.200.0-255,2902,75600,69,379793
13182,0.000672,172.31.40.0-255,66,75666,69,379793
13183,0.000689,74.125.200.0-255,1484,77150,69,379793
13184,0.000691,74.125.200.0-255,1484,78634,69,379793
13185,0.000695,172.31.40.0-255,66,78700,69,379793
13186,0.000729,74.125.200.0-255,4320,83020,69,379793
13187,0.000732,172.31.40.0-255,66,83086,69,379793
13188,0.000744,74.125.200.0-255,1125,84211,69,379793
13189,0.000857,74.125.200.0-255,1484,85695,69,379793
13190,0.000861,172.31.40.0-255,66,85761,69,379793
13191,0.000878,74.125.200.0-255,2902,88663,69,379793
13192,0.00088,172.31.40.0-255,66,88729,69,379793
13193,0.000904,74.125.200.0-255,4320,93049,69,379793
13194,0.000906,172.31.40.0-255,66,93115,69,379793
13195,0.000952,74.125.200.0-255,2902,96017,69,379793
13196,0.000955,172.31.40.0-255,66,96083,69,379793
13197,0.000971,74.125.200.0-255,5379,101462,69,379793
13198,0.000974,172.31.40.0-255,66,101528,69,379793
13199,0.001591,74.125.200.0-255,1484,103012,69,379793
13200,0.0016,74.125.200.0-255,2902,105914,69,379793
13201,0.001604,172.31.40.0-255,66,105980,69,379793
13202,0.00164,74.125.200.0-255,5738,111718,69,379793
13203,0.001642,172.31.40.0-255,66,111784,69,379793
13204,0.001662,74.125.200.0-255,1484,113268,69,379793
13205,0.001679,74.125.200.0-255,5738,119006,69,379793
13206,0.001681,172.31.40.0-255,66,119072,69,379793
13207,0.001685,74.125.200.0-255,2902,121974,69,379793
13208,0.001687,172.31.40.0-255,66,122040,69,379793
13209,0.001705,74.125.200.0-255,5738,127778,69,379793
13210,0.001706,172.31.40.0-255,66,127844,69,379793
13211,0.001737,74.125.200.0-255,4320,132164,69,379793
13212,0.001739,172.31.40.0-255,66,132230,69,379793
13213,0.001759,74.125.200.0-255,3602,135832,69,379793
13214,0.001761,172.31.40.0-255,66,135898,69,379793
13215,0.00326,74.125.200.0-255,1484,137382,69,379793
13216,0.003284,74.125.200.0-255,2902,140284,69,379793
13217,0.003288,172.31.40.0-255,66,140350,69,379793
13218,0.003302,74.125.200.0-255,1484,141834,69,379793
13219,0.003305,74.125.200.0-255,1484,143318,69,379793
13220,0.003307,172.31.40.0-255,66,143384,69,379793
13221,0.003331,74.125.200.0-255,4320,147704,69,379793
13222,0.003334,172.31.40.0-255,66,147770,69,379793
13223,0.003366,74.125.200.0-255,1484,149254,69,379793
13224,0.003371,74.125.200.0-255,2902,152156,69,379793
13225,0.003373,172.31.40.0-255,66,152222,69,379793
13226,0.003401,74.125.200.0-255,5738,157960,69,379793
13227,0.003403,172.31.40.0-255,66,158026,69,379793
13228,0.003406,74.125.200.0-255,1484,159510,69,379793
13229,0.003422,74.125.200.0-255,1484,160994,69,379793
13230,0.003424,172.31.40.0-255,66,161060,69,379793
13231,0.00343,74.125.200.0-255,4320,165380,69,379793
13232,0.003432,172.31.40.0-255,66,165446,69,379793
13233,0.003435,74.125.200.0-255,1484,166930,69,379793
13234,0.003451,74.125.200.0-255,1484,168414,69,379793
13235,0.003453,172.31.40.0-255,66,168480,69,379793
13236,0.003472,74.125.200.0-255,1484,169964,69,379793
13237,0.003475,74.125.200.0-255,766,170730,69,379793
13238,0.003477,172.31.40.0-255,66,170796,69,379793
13239,0.003726,74.125.200.0-255,1484,172280,69,379793
13240,0.003741,74.125.200.0-255,2902,175182,69,379793
13241,0.003744,172.31.40.0-255,66,175248,69,379793
13242,0.003758,74.125.200.0-255,4320,179568,69,379793
13243,0.00376,172.31.40.0-255,66,179634,69,379793
13244,0.003771,74.125.200.0-255,1484,181118,69,379793
13245,0.003776,74.125.200.0-255,2902,184020,69,379793
13246,0.003778,172.31.40.0-255,66,184086,69,379793
13247,0.003801,74.125.200.0-255,4320,188406,69,379793
13248,0.003804,172.31.40.0-255,66,188472,69,379793
13249,0.003818,74.125.200.0-255,5738,194210,69,379793
13250,0.003821,172.31.40.0-255,66,194276,69,379793
13251,0.003849,172.31.40.0-255,66,194342,69,379793
13252,0.003852,74.125.200.0-255,1484,195826,69,379793
13253,0.003855,74.125.200.0-255,766,196592,69,379793
13254,0.003857,172.31.40.0-255,66,196658,69,379793
13255,0.003891,74.125.200.0-255,1484,198142,69,379793
13256,0.003906,74.125.200.0-255,4320,202462,69,379793
13257,0.003908,172.31.40.0-255,66,202528,69,379793
13258,0.003934,74.125.200.0-255,5738,208266,69,379793
13259,0.003937,172.31.40.0-255,66,208332,69,379793
13260,0.003965,74.125.200.0-255,2902,211234,69,379793
13261,0.003968,172.31.40.0-255,66,211300,69,379793
13262,0.003982,74.125.200.0-255,4320,215620,69,379793
13263,0.003984,172.31.40.0-255,66,215686,69,379793
13264,0.003987,74.125.200.0-255,1484,217170,69,379793
13265,0.004015,74.125.200.0-255,2902,220072,69,379793
13266,0.004017,172.31.40.0-255,66,220138,69,379793
13267,0.004024,74.125.200.0-255,5738,225876,69,379793
13268,0.004026,172.31.40.0-255,66,225942,69,379793
13269,0.00403,74.125.200.0-255,2902,228844,69,379793
13270,0.004033,172.31.40.0-255,66,228910,69,379793
13271,0.004036,74.125.200.0-255,2184,231094,69,379793
13272,0.004039,172.31.40.0-255,66,231160,69,379793
13273,0.004166,74.125.200.0-255,1484,232644,69,379793
13274,0.004183,74.125.200.0-255,1484,234128,69,379793
13275,0.004186,172.31.40.0-255,66,234194,69,379793
13276,0.004201,74.125.200.0-255,2902,237096,69,379793
13277,0.004204,172.31.40.0-255,66,237162,69,379793
13278,0.004223,74.125.200.0-255,1484,238646,69,379793
13279,0.004246,74.125.200.0-255,2902,241548,69,379793
13280,0.004249,172.31.40.0-255,66,241614,69,379793
13281,0.004252,74.125.200.0-255,1484,243098,69,379793
13282,0.00427,74.125.200.0-255,4320,247418,69,379793
13283,0.004273,172.31.40.0-255,66,247484,69,379793
13284,0.004276,74.125.200.0-255,1484,248968,69,379793
13285,0.00429,74.125.200.0-255,1484,250452,69,379793
13286,0.004292,172.31.40.0-255,66,250518,69,379793
13287,0.004298,74.125.200.0-255,4320,254838,69,379793
13288,0.0043,172.31.40.0-255,66,254904,69,379793
13289,0.004322,74.125.200.0-255,1484,256388,69,379793
13290,0.004338,74.125.200.0-255,4320,260708,69,379793
13291,0.00434,172.31.40.0-255,66,260774,69,379793
13292,0.004383,74.125.200.0-255,1484,262258,69,379793
13293,0.004398,74.125.200.0-255,1484,263742,69,379793
13294,0.004401,172.31.40.0-255,66,263808,69,379793
13295,0.004412,74.125.200.0-255,2184,265992,69,379793
13296,0.004415,172.31.40.0-255,66,266058,69,379793
13297,0.004441,74.125.200.0-255,1484,267542,69,379793
13298,0.004445,74.125.200.0-255,1484,269026,69,379793
13299,0.004447,172.31.40.0-255,66,269092,69,379793
13300,0.004463,74.125.200.0-255,1484,270576,69,379793
13301,0.00447,74.125.200.0-255,5738,276314,69,379793
13302,0.004473,172.31.40.0-255,66,276380,69,379793
13303,0.004509,74.125.200.0-255,2902,279282,69,379793
13304,0.004512,172.31.40.0-255,66,279348,69,379793
13305,0.004534,74.125.200.0-255,1484,280832,69,379793
13306,0.004541,74.125.200.0-255,5738,286570,69,379793
13307,0.004544,172.31.40.0-255,66,286636,69,379793
13308,0.004555,172.31.40.0-255,66,286702,69,379793
13309,0.004571,74.125.200.0-255,1484,288186,69,379793
13310,0.004607,172.31.40.0-255,66,288252,69,379793
13311,0.004612,74.125.200.0-255,2902,291154,69,379793
13312,0.004613,172.31.40.0-255,66,291220,69,379793
13313,0.004633,74.125.200.0-255,1484,292704,69,379793
13314,0.004672,172.31.40.0-255,66,292770,69,379793
13315,0.004678,74.125.200.0-255,5738,298508,69,379793
13316,0.004681,172.31.40.0-255,66,298574,69,379793
13317,0.0047,74.125.200.0-255,2184,300758,69,379793
13318,0.004703,172.31.40.0-255,66,300824,69,379793
13319,0.004737,74.125.200.0-255,1484,302308,69,379793
13320,0.004754,74.125.200.0-255,1484,303792,69,379793
13321,0.004757,172.31.40.0-255,66,303858,69,379793
13322,0.004759,74.125.200.0-255,1484,305342,69,379793
13323,0.004764,74.125.200.0-255,2902,308244,69,379793
13324,0.004767,172.31.40.0-255,66,308310,69,379793
13325,0.004791,74.125.200.0-255,5738,314048,69,379793
13326,0.004795,172.31.40.0-255,66,314114,69,379793
13327,0.004817,74.125.200.0-255,5738,319852,69,379793
13328,0.00482,172.31.40.0-255,66,319918,69,379793
13329,0.004827,74.125.200.0-255,7156,327074,69,379793
13330,0.004829,172.31.40.0-255,66,327140,69,379793
13331,0.004848,74.125.200.0-255,1484,328624,69,379793
13332,0.004865,74.125.200.0-255,6438,335062,69,379793
13333,0.004868,172.31.40.0-255,66,335128,69,379793
13334,0.004886,74.125.200.0-255,1484,336612,69,379793
13335,0.004908,74.125.200.0-255,7156,343768,69,379793
13336,0.004911,172.31.40.0-255,66,343834,69,379793
13337,0.004915,74.125.200.0-255,2902,346736,69,379793
13338,0.004918,172.31.40.0-255,66,346802,69,379793
13339,0.004958,172.31.40.0-255,66,346868,69,379793
13340,0.004965,74.125.200.0-255,7156,354024,69,379793
13341,0.004968,172.31.40.0-255,66,354090,69,379793
13342,0.004989,74.125.200.0-255,4320,358410,69,379793
13343,0.004992,172.31.40.0-255,66,358476,69,379793
13344,0.005016,74.125.200.0-255,3602,362078,69,379793
13345,0.00502,172.31.40.0-255,66,362144,69,379793
13346,0.005025,74.125.200.0-255,4320,366464,69,379793
13347,0.005027,172.31.40.0-255,66,366530,69,379793
13348,0.005061,74.125.200.0-255,3713,370243,69,379793
13349,0.005064,172.31.40.0-255,66,370309,69,379793
13350,0.005089,74.125.200.0-255,105,370414,69,379793
13351,0.006427,172.31.40.0-255,101,370515,69,379793
13352,0.007942,172.31.40.0-255,105,370620,69,379793
13353,0.008788,74.125.200.0-255,66,370686,69,379793
13354,0.010305,74.125.200.0-255,66,370752,69,379793
13355,0.036332,172.31.40.0-255,172,370924,69,379793
13356,0.036367,172.31.40.0-255,1112,372036,69,379793
13357,0.036433,172.31.40.0-255,1514,373550,69,379793
13358,0.036435,172.31.40.0-255,1514,375064,69,379793
13359,0.036436,172.31.40.0-255,1514,376578,69,379793
13360,0.03644,172.31.40.0-255,1514,378092,69,379793
13361,0.036441,172.31.40.0-255,1503,379595,69,379793
13362,0.038001,104.244.42.0-255,66,379661,69,379793
13363,0.038061,104.244.42.0-255,66,379727,69,379793
13364,0.038159,104.244.42.0-255,66,379793,69,379793
13365,0.0,172.217.194.0-255,151,151,69,178683
13366,2.3e-05,172.31.40.0-255,66,217,69,178683
13367,3e-05,172.217.194.0-255,1484,1701,69,178683
13368,3.5e-05,172.31.40.0-255,66,1767,69,178683
13369,3.8e-05,172.217.194.0-255,1484,3251,69,178683
13370,4.2e-05,172.31.40.0-255,66,3317,69,178683
13371,6.9e-05,172.217.194.0-255,1484,4801,69,178683
13372,7.2e-05,172.31.40.0-255,66,4867,69,178683
13373,8e-05,172.217.194.0-255,5738,10605,69,178683
13374,8.3e-05,172.31.40.0-255,66,10671,69,178683
13375,0.000116,172.217.194.0-255,3580,14251,69,178683
13376,0.000119,172.31.40.0-255,66,14317,69,178683
13377,0.000457,172.217.194.0-255,1484,15801,69,178683
13378,0.000464,172.31.40.0-255,66,15867,69,178683
13379,0.000469,172.217.194.0-255,2902,18769,69,178683
13380,0.000472,172.31.40.0-255,66,18835,69,178683
13381,0.000478,172.217.194.0-255,4320,23155,69,178683
13382,0.00048,172.31.40.0-255,66,23221,69,178683
13383,0.000503,172.217.194.0-255,1484,24705,69,178683
13384,0.000505,172.31.40.0-255,66,24771,69,178683
13385,0.000534,172.31.40.0-255,66,24837,69,178683
13386,0.000564,172.217.194.0-255,3961,28798,69,178683
13387,0.000567,172.31.40.0-255,66,28864,69,178683
13388,0.00058,172.31.40.0-255,66,28930,69,178683
13389,0.000584,172.217.194.0-255,1484,30414,69,178683
13390,0.000586,172.31.40.0-255,66,30480,69,178683
13391,0.000626,172.31.40.0-255,66,30546,69,178683
13392,0.000653,172.217.194.0-255,3602,34148,69,178683
13393,0.000656,172.31.40.0-255,66,34214,69,178683
13394,0.000659,172.217.194.0-255,676,34890,69,178683
13395,0.000693,172.217.194.0-255,1484,36374,69,178683
13396,0.000696,172.31.40.0-255,66,36440,69,178683
13397,0.0007,172.217.194.0-255,1484,37924,69,178683
13398,0.000733,172.217.194.0-255,1484,39408,69,178683
13399,0.000736,172.31.40.0-255,66,39474,69,178683
13400,0.000744,172.217.194.0-255,5738,45212,69,178683
13401,0.000747,172.31.40.0-255,66,45278,69,178683
13402,0.000759,172.31.40.0-255,66,45344,69,178683
13403,0.000834,172.31.40.0-255,66,45410,69,178683
13404,0.001549,172.217.194.0-255,1484,46894,69,178683
13405,0.001559,172.217.194.0-255,2902,49796,69,178683
13406,0.001563,172.31.40.0-255,66,49862,69,178683
13407,0.001582,172.217.194.0-255,2902,52764,69,178683
13408,0.001584,172.31.40.0-255,66,52830,69,178683
13409,0.001613,172.217.194.0-255,2902,55732,69,178683
13410,0.001617,172.31.40.0-255,66,55798,69,178683
13411,0.001625,172.217.194.0-255,7156,62954,69,178683
13412,0.001627,172.31.40.0-255,66,63020,69,178683
13413,0.001639,172.31.40.0-255,66,63086,69,178683
13414,0.001656,172.217.194.0-255,2902,65988,69,178683
13415,0.001659,172.31.40.0-255,66,66054,69,178683
13416,0.001663,172.217.194.0-255,2184,68238,69,178683
13417,0.001664,172.31.40.0-255,66,68304,69,178683
13418,0.001735,172.217.194.0-255,1484,69788,69,178683
13419,0.001741,172.217.194.0-255,2902,72690,69,178683
13420,0.001744,172.31.40.0-255,66,72756,69,178683
13421,0.001749,172.217.194.0-255,2902,75658,69,178683
13422,0.001751,172.31.40.0-255,66,75724,69,178683
13423,0.001767,172.217.194.0-255,2902,78626,69,178683
13424,0.001769,172.31.40.0-255,66,78692,69,178683
13425,0.001774,172.217.194.0-255,4320,83012,69,178683
13426,0.001776,172.31.40.0-255,66,83078,69,178683
13427,0.001806,172.217.194.0-255,5738,88816,69,178683
13428,0.001808,172.31.40.0-255,66,88882,69,178683
13429,0.001823,172.217.194.0-255,2902,91784,69,178683
13430,0.001825,172.31.40.0-255,66,91850,69,178683
13431,0.001851,172.31.40.0-255,66,91916,69,178683
13432,0.004438,172.217.194.0-255,4320,96236,69,178683
13433,0.004445,172.31.40.0-255,66,96302,69,178683
13434,0.004464,172.217.194.0-255,1484,97786,69,178683
13435,0.007013,172.217.194.0-255,4320,102106,69,178683
13436,0.007019,172.31.40.0-255,66,102172,69,178683
13437,0.009629,172.217.194.0-255,5738,107910,69,178683
13438,0.009636,172.31.40.0-255,66,107976,69,178683
13439,0.012258,172.217.194.0-255,5738,113714,69,178683
13440,0.012266,172.31.40.0-255,66,113780,69,178683
13441,0.014891,172.217.194.0-255,5738,119518,69,178683
13442,0.014899,172.31.40.0-255,66,119584,69,178683
13443,0.017463,172.217.194.0-255,5738,125322,69,178683
13444,0.017473,172.31.40.0-255,66,125388,69,178683
13445,0.020034,172.217.194.0-255,5738,131126,69,178683
13446,0.020041,172.31.40.0-255,66,131192,69,178683
13447,0.022603,172.217.194.0-255,1484,132676,69,178683
13448,0.022625,172.217.194.0-255,4320,136996,69,178683
13449,0.022629,172.31.40.0-255,66,137062,69,178683
13450,0.025261,172.217.194.0-255,5738,142800,69,178683
13451,0.025267,172.31.40.0-255,66,142866,69,178683
13452,0.02563,172.31.40.0-255,172,143038,69,178683
13453,0.02567,172.31.40.0-255,1111,144149,69,178683
13454,0.025742,172.31.40.0-255,1514,145663,69,178683
13455,0.025744,172.31.40.0-255,1514,147177,69,178683
13456,0.025746,172.31.40.0-255,1514,148691,69,178683
13457,0.025747,172.31.40.0-255,1514,150205,69,178683
13458,0.025748,172.31.40.0-255,546,150751,69,178683
13459,0.027176,104.244.42.0-255,66,150817,69,178683
13460,0.027229,104.244.42.0-255,66,150883,69,178683
13461,0.027317,104.244.42.0-255,66,150949,69,178683
13462,0.027321,104.244.42.0-255,66,151015,69,178683
13463,0.027889,172.217.194.0-255,4320,155335,69,178683
13464,0.027894,172.31.40.0-255,66,155401,69,178683
13465,0.027913,172.217.194.0-255,1484,156885,69,178683
13466,0.030515,172.217.194.0-255,4320,161205,69,178683
13467,0.030521,172.31.40.0-255,66,161271,69,178683
13468,0.033147,172.217.194.0-255,5738,167009,69,178683
13469,0.033159,172.31.40.0-255,66,167075,69,178683
13470,0.035797,172.217.194.0-255,5738,172813,69,178683
13471,0.035805,172.31.40.0-255,66,172879,69,178683
13472,0.038382,172.217.194.0-255,5738,178617,69,178683
13473,0.038389,172.31.40.0-255,66,178683,69,178683
13474,0.0,172.217.194.0-255,297,297,69,265104
13475,2.1e-05,172.31.40.0-255,66,363,69,265104
13476,2.8e-05,172.217.194.0-255,1484,1847,69,265104
13477,3.1e-05,172.31.40.0-255,66,1913,69,265104
13478,3.8e-05,172.217.194.0-255,4320,6233,69,265104
13479,4.1e-05,172.31.40.0-255,66,6299,69,265104
13480,4.8e-05,172.217.194.0-255,7156,13455,69,265104
13481,5.2e-05,172.31.40.0-255,66,13521,69,265104
13482,5.4e-05,172.217.194.0-255,407,13928,69,265104
13483,5.7e-05,172.31.40.0-255,66,13994,69,265104
13484,0.000127,172.217.194.0-255,1484,15478,69,265104
13485,0.00013,172.31.40.0-255,66,15544,69,265104
13486,0.000148,172.217.194.0-255,4320,19864,69,265104
13487,0.000151,172.31.40.0-255,66,19930,69,265104
13488,0.000157,172.217.194.0-255,5738,25668,69,265104
13489,0.000159,172.31.40.0-255,66,25734,69,265104
13490,0.000181,172.217.194.0-255,1484,27218,69,265104
13491,0.000183,172.31.40.0-255,66,27284,69,265104
13492,0.000191,172.217.194.0-255,6797,34081,69,265104
13493,0.000193,172.31.40.0-255,66,34147,69,265104
13494,0.000208,172.217.194.0-255,2902,37049,69,265104
13495,0.00021,172.31.40.0-255,66,37115,69,265104
13496,0.000227,172.217.194.0-255,4320,41435,69,265104
13497,0.00023,172.31.40.0-255,66,41501,69,265104
13498,0.000232,172.217.194.0-255,1484,42985,69,265104
13499,0.000234,172.31.40.0-255,66,43051,69,265104
13500,0.000256,172.217.194.0-255,5379,48430,69,265104
13501,0.000259,172.31.40.0-255,66,48496,69,265104
13502,0.00028,172.217.194.0-255,2902,51398,69,265104
13503,0.000282,172.31.40.0-255,66,51464,69,265104
13504,0.000304,172.217.194.0-255,4320,55784,69,265104
13505,0.000307,172.31.40.0-255,66,55850,69,265104
13506,0.000313,172.217.194.0-255,5738,61588,69,265104
13507,0.000315,172.31.40.0-255,66,61654,69,265104
13508,0.000341,172.217.194.0-255,2902,64556,69,265104
13509,0.000344,172.31.40.0-255,66,64622,69,265104
13510,0.000355,172.217.194.0-255,1451,66073,69,265104
13511,0.000373,172.217.194.0-255,381,66454,69,265104
13512,0.000375,172.31.40.0-255,66,66520,69,265104
13513,0.000724,172.217.194.0-255,1484,68004,69,265104
13514,0.00073,172.217.194.0-255,2902,70906,69,265104
13515,0.000734,172.31.40.0-255,66,70972,69,265104
13516,0.00074,172.217.194.0-255,4320,75292,69,265104
13517,0.000742,172.31.40.0-255,66,75358,69,265104
13518,0.000754,172.217.194.0-255,1484,76842,69,265104
13519,0.00076,172.217.194.0-255,2902,79744,69,265104
13520,0.000762,172.31.40.0-255,66,79810,69,265104
13521,0.000787,172.217.194.0-255,7156,86966,69,265104
13522,0.000789,172.31.40.0-255,66,87032,69,265104
13523,0.000802,172.217.194.0-255,4320,91352,69,265104
13524,0.000804,172.31.40.0-255,66,91418,69,265104
13525,0.000843,172.31.40.0-255,66,91484,69,265104
13526,0.001068,172.217.194.0-255,1484,92968,69,265104
13527,0.001074,172.217.194.0-255,2902,95870,69,265104
13528,0.001078,172.31.40.0-255,66,95936,69,265104
13529,0.001084,172.217.194.0-255,4320,100256,69,265104
13530,0.001086,172.31.40.0-255,66,100322,69,265104
13531,0.001097,172.217.194.0-255,1484,101806,69,265104
13532,0.001104,172.217.194.0-255,5738,107544,69,265104
13533,0.001106,172.31.40.0-255,66,107610,69,265104
13534,0.001128,172.217.194.0-255,2902,110512,69,265104
13535,0.001131,172.31.40.0-255,66,110578,69,265104
13536,0.001164,172.217.194.0-255,1484,112062,69,265104
13537,0.001201,172.31.40.0-255,66,112128,69,265104
13538,0.001207,172.217.194.0-255,1484,113612,69,265104
13539,0.001209,172.217.194.0-255,1484,115096,69,265104
13540,0.001214,172.31.40.0-255,66,115162,69,265104
13541,0.001221,172.217.194.0-255,1484,116646,69,265104
13542,0.001227,172.217.194.0-255,4320,120966,69,265104
13543,0.00124,172.217.194.0-255,1484,122450,69,265104
13544,0.001242,172.217.194.0-255,1484,123934,69,265104
13545,0.001252,172.217.194.0-255,2902,126836,69,265104
13546,0.001271,172.31.40.0-255,66,126902,69,265104
13547,0.001275,172.31.40.0-255,66,126968,69,265104
13548,0.001288,172.217.194.0-255,2902,129870,69,265104
13549,0.001301,172.217.194.0-255,4320,134190,69,265104
13550,0.001305,172.31.40.0-255,66,134256,69,265104
13551,0.001329,172.217.194.0-255,4320,138576,69,265104
13552,0.001339,172.31.40.0-255,66,138642,69,265104
13553,0.001364,172.217.194.0-255,4320,142962,69,265104
13554,0.001376,172.31.40.0-255,66,143028,69,265104
13555,0.00141,172.217.194.0-255,1484,144512,69,265104
13556,0.001417,172.31.40.0-255,66,144578,69,265104
13557,0.001425,172.217.194.0-255,2902,147480,69,265104
13558,0.001429,172.31.40.0-255,66,147546,69,265104
13559,0.001451,172.217.194.0-255,1484,149030,69,265104
13560,0.001458,172.31.40.0-255,66,149096,69,265104
13561,0.001488,172.31.40.0-255,66,149162,69,265104
13562,0.001495,172.217.194.0-255,5738,154900,69,265104
13563,0.001499,172.217.194.0-255,3602,158502,69,265104
13564,0.001504,172.31.40.0-255,66,158568,69,265104
13565,0.001527,172.217.194.0-255,1484,160052,69,265104
13566,0.001531,172.217.194.0-255,2902,162954,69,265104
13567,0.001536,172.217.194.0-255,5738,168692,69,265104
13568,0.001549,172.31.40.0-255,66,168758,69,265104
13569,0.001552,172.217.194.0-255,1484,170242,69,265104
13570,0.001583,172.217.194.0-255,2902,173144,69,265104
13571,0.001588,172.31.40.0-255,66,173210,69,265104
13572,0.001619,172.217.194.0-255,2902,176112,69,265104
13573,0.001625,172.31.40.0-255,66,176178,69,265104
13574,0.001649,172.217.194.0-255,5020,181198,69,265104
13575,0.001654,172.31.40.0-255,66,181264,69,265104
13576,0.001791,172.217.194.0-255,1484,182748,69,265104
13577,0.001805,172.217.194.0-255,2902,185650,69,265104
13578,0.001822,172.217.194.0-255,5738,191388,69,265104
13579,0.00183,172.31.40.0-255,66,191454,69,265104
13580,0.001955,172.31.40.0-255,66,191520,69,265104
13581,0.001999,172.31.40.0-255,66,191586,69,265104
13582,0.002062,172.217.194.0-255,1484,193070,69,265104
13583,0.002066,172.217.194.0-255,1484,194554,69,265104
13584,0.002071,172.31.40.0-255,66,194620,69,265104
13585,0.002088,172.217.194.0-255,1484,196104,69,265104
13586,0.002095,172.217.194.0-255,5738,201842,69,265104
13587,0.002101,172.31.40.0-255,66,201908,69,265104
13588,0.00212,172.31.40.0-255,66,201974,69,265104
13589,0.002129,172.217.194.0-255,4320,206294,69,265104
13590,0.002137,172.217.194.0-255,7156,213450,69,265104
13591,0.002151,172.217.194.0-255,3602,217052,69,265104
13592,0.002167,172.31.40.0-255,66,217118,69,265104
13593,0.002244,172.217.194.0-255,1484,218602,69,265104
13594,0.002259,172.217.194.0-255,2902,221504,69,265104
13595,0.002262,172.217.194.0-255,1484,222988,69,265104
13596,0.002275,172.217.194.0-255,2902,225890,69,265104
13597,0.002284,172.31.40.0-255,66,225956,69,265104
13598,0.002297,172.217.194.0-255,1484,227440,69,265104
13599,0.002303,172.217.194.0-255,5738,233178,69,265104
13600,0.002327,172.217.194.0-255,2902,236080,69,265104
13601,0.002341,172.217.194.0-255,5020,241100,69,265104
13602,0.002345,172.31.40.0-255,66,241166,69,265104
13603,0.004619,172.217.194.0-255,5738,246904,69,265104
13604,0.004623,172.31.40.0-255,66,246970,69,265104
13605,0.00692,172.217.194.0-255,5738,252708,69,265104
13606,0.006927,172.31.40.0-255,66,252774,69,265104
13607,0.009221,172.217.194.0-255,4142,256916,69,265104
13608,0.009226,172.31.40.0-255,66,256982,69,265104
13609,0.011954,172.31.40.0-255,105,257087,69,265104
13610,0.014183,172.217.194.0-255,66,257153,69,265104
13611,0.032428,172.31.40.0-255,172,257325,69,265104
13612,0.032462,172.31.40.0-255,1116,258441,69,265104
13613,0.032535,172.31.40.0-255,1514,259955,69,265104
13614,0.032537,172.31.40.0-255,1514,261469,69,265104
13615,0.032538,172.31.40.0-255,1514,262983,69,265104
13616,0.032539,172.31.40.0-255,1514,264497,69,265104
13617,0.03254,172.31.40.0-255,541,265038,69,265104
13618,0.034118,104.244.42.0-255,66,265104,69,265104
13619,0.0,74.125.68.0-255,153,153,69,358953
13620,1.8e-05,172.31.40.0-255,66,219,69,358953
13621,2.6e-05,74.125.68.0-255,1484,1703,69,358953
13622,3.1e-05,172.31.40.0-255,66,1769,69,358953
13623,3.5e-05,74.125.68.0-255,1484,3253,69,358953
13624,4.6e-05,172.31.40.0-255,66,3319,69,358953
13625,5.3e-05,74.125.68.0-255,2902,6221,69,358953
13626,5.6e-05,172.31.40.0-255,66,6287,69,358953
13627,5.9e-05,74.125.68.0-255,1484,7771,69,358953
13628,6.1e-05,172.31.40.0-255,66,7837,69,358953
13629,8.5e-05,74.125.68.0-255,4320,12157,69,358953
13630,8.8e-05,172.31.40.0-255,66,12223,69,358953
13631,9.8e-05,74.125.68.0-255,2055,14278,69,358953
13632,0.0001,172.31.40.0-255,66,14344,69,358953
13633,0.000104,74.125.68.0-255,2902,17246,69,358953
13634,0.000106,172.31.40.0-255,66,17312,69,358953
13635,0.000111,74.125.68.0-255,2902,20214,69,358953
13636,0.000114,172.31.40.0-255,66,20280,69,358953
13637,0.000148,74.125.68.0-255,4320,24600,69,358953
13638,0.000151,172.31.40.0-255,66,24666,69,358953
13639,0.000158,74.125.68.0-255,6797,31463,69,358953
13640,0.00016,172.31.40.0-255,66,31529,69,358953
13641,0.000216,74.125.68.0-255,1484,33013,69,358953
13642,0.000219,172.31.40.0-255,66,33079,69,358953
13643,0.000224,74.125.68.0-255,2902,35981,69,358953
13644,0.000226,172.31.40.0-255,66,36047,69,358953
13645,0.000242,74.125.68.0-255,1484,37531,69,358953
13646,0.000245,172.31.40.0-255,66,37597,69,358953
13647,0.000268,74.125.68.0-255,4320,41917,69,358953
13648,0.00027,172.31.40.0-255,66,41983,69,358953
13649,0.00028,74.125.68.0-255,4320,46303,69,358953
13650,0.000283,172.31.40.0-255,66,46369,69,358953
13651,0.000303,74.125.68.0-255,1484,47853,69,358953
13652,0.000305,74.125.68.0-255,1125,48978,69,358953
13653,0.000324,172.31.40.0-255,66,49044,69,358953
13654,0.000349,74.125.68.0-255,1484,50528,69,358953
13655,0.000355,74.125.68.0-255,2902,53430,69,358953
13656,0.000371,74.125.68.0-255,5738,59168,69,358953
13657,0.000394,74.125.68.0-255,6797,65965,69,358953
13658,0.000428,74.125.68.0-255,646,66611,69,358953
13659,0.000571,172.31.40.0-255,66,66677,69,358953
13660,0.00064,74.125.68.0-255,1484,68161,69,358953
13661,0.000645,74.125.68.0-255,1484,69645,69,358953
13662,0.00065,172.31.40.0-255,66,69711,69,358953
13663,0.000658,74.125.68.0-255,1484,71195,69,358953
13664,0.000669,74.125.68.0-255,2902,74097,69,358953
13665,0.000674,172.31.40.0-255,66,74163,69,358953
13666,0.000693,74.125.68.0-255,2902,77065,69,358953
13667,0.000697,74.125.68.0-255,1484,78549,69,358953
13668,0.000713,74.125.68.0-255,5738,84287,69,358953
13669,0.000735,172.31.40.0-255,66,84353,69,358953
13670,0.000745,74.125.68.0-255,4320,88673,69,358953
13671,0.000749,172.31.40.0-255,66,88739,69,358953
13672,0.000792,74.125.68.0-255,3602,92341,69,358953
13673,0.000805,172.31.40.0-255,66,92407,69,358953
13674,0.000836,74.125.68.0-255,4320,96727,69,358953
13675,0.000841,74.125.68.0-255,2902,99629,69,358953
13676,0.000861,172.31.40.0-255,66,99695,69,358953
13677,0.000904,74.125.68.0-255,5738,105433,69,358953
13678,0.000914,172.31.40.0-255,66,105499,69,358953
13679,0.000942,74.125.68.0-255,5738,111237,69,358953
13680,0.000961,74.125.68.0-255,4320,115557,69,358953
13681,0.000976,74.125.68.0-255,5738,121295,69,358953
13682,0.000993,172.31.40.0-255,66,121361,69,358953
13683,0.001034,74.125.68.0-255,7156,128517,69,358953
13684,0.001048,74.125.68.0-255,2184,130701,69,358953
13685,0.001055,172.31.40.0-255,66,130767,69,358953
13686,0.00117,74.125.68.0-255,1484,132251,69,358953
13687,0.001174,74.125.68.0-255,1484,133735,69,358953
13688,0.001187,74.125.68.0-255,1484,135219,69,358953
13689,0.001197,172.31.40.0-255,66,135285,69,358953
13690,0.001204,74.125.68.0-255,5738,141023,69,358953
13691,0.001209,172.31.40.0-255,66,141089,69,358953
13692,0.001251,74.125.68.0-255,7156,148245,69,358953
13693,0.001256,74.125.68.0-255,2902,151147,69,358953
13694,0.001289,172.31.40.0-255,66,151213,69,358953
13695,0.001297,74.125.68.0-255,1484,152697,69,358953
13696,0.001317,74.125.68.0-255,2184,154881,69,358953
13697,0.001319,172.31.40.0-255,66,154947,69,358953
13698,0.001355,172.31.40.0-255,66,155013,69,358953
13699,0.001406,74.125.68.0-255,1484,156497,69,358953
13700,0.001423,74.125.68.0-255,2902,159399,69,358953
13701,0.001439,172.31.40.0-255,66,159465,69,358953
13702,0.001467,74.125.68.0-255,5738,165203,69,358953
13703,0.001472,74.125.68.0-255,2902,168105,69,358953
13704,0.001479,172.31.40.0-255,66,168171,69,358953
13705,0.00149,74.125.68.0-255,5738,173909,69,358953
13706,0.001495,74.125.68.0-255,4320,178229,69,358953
13707,0.001514,74.125.68.0-255,4320,182549,69,358953
13708,0.001516,172.31.40.0-255,66,182615,69,358953
13709,0.001541,74.125.68.0-255,1484,184099,69,358953
13710,0.001544,74.125.68.0-255,1484,185583,69,358953
13711,0.001552,172.31.40.0-255,66,185649,69,358953
13712,0.001565,74.125.68.0-255,3602,189251,69,358953
13713,0.001575,172.31.40.0-255,66,189317,69,358953
13714,0.00161,74.125.68.0-255,1484,190801,69,358953
13715,0.001615,74.125.68.0-255,2902,193703,69,358953
13716,0.001627,172.31.40.0-255,66,193769,69,358953
13717,0.001664,74.125.68.0-255,1484,195253,69,358953
13718,0.001679,74.125.68.0-255,1484,196737,69,358953
13719,0.00169,172.31.40.0-255,66,196803,69,358953
13720,0.0017,74.125.68.0-255,2902,199705,69,358953
13721,0.00171,172.31.40.0-255,66,199771,69,358953
13722,0.001717,74.125.68.0-255,1484,201255,69,358953
13723,0.001804,74.125.68.0-255,7156,208411,69,358953
13724,0.00182,74.125.68.0-255,6438,214849,69,358953
13725,0.001824,74.125.68.0-255,2902,217751,69,358953
13726,0.001844,74.125.68.0-255,4320,222071,69,358953
13727,0.001856,74.125.68.0-255,1484,223555,69,358953
13728,0.00186,172.31.40.0-255,66,223621,69,358953
13729,0.001888,74.125.68.0-255,2902,226523,69,358953
13730,0.001896,74.125.68.0-255,5738,232261,69,358953
13731,0.001903,74.125.68.0-255,7156,239417,69,358953
13732,0.001906,74.125.68.0-255,2902,242319,69,358953
13733,0.001912,74.125.68.0-255,4320,246639,69,358953
13734,0.001915,74.125.68.0-255,2184,248823,69,358953
13735,0.001925,172.31.40.0-255,66,248889,69,358953
13736,0.001969,74.125.68.0-255,1484,250373,69,358953
13737,0.001987,74.125.68.0-255,2902,253275,69,358953
13738,0.001992,172.31.40.0-255,66,253341,69,358953
13739,0.002022,74.125.68.0-255,5738,259079,69,358953
13740,0.00203,74.125.68.0-255,7156,266235,69,358953
13741,0.002037,172.31.40.0-255,66,266301,69,358953
13742,0.002076,74.125.68.0-255,5738,272039,69,358953
13743,0.00209,172.31.40.0-255,66,272105,69,358953
13744,0.002095,74.125.68.0-255,2902,275007,69,358953
13745,0.002113,172.31.40.0-255,66,275073,69,358953
13746,0.002118,74.125.68.0-255,4320,279393,69,358953
13747,0.002123,74.125.68.0-255,3602,282995,69,358953
13748,0.002152,172.31.40.0-255,66,283061,69,358953
13749,0.002165,74.125.68.0-255,1484,284545,69,358953
13750,0.002185,74.125.68.0-255,1484,286029,69,358953
13751,0.002191,74.125.68.0-255,4320,290349,69,358953
13752,0.002194,74.125.68.0-255,1484,291833,69,358953
13753,0.002198,172.31.40.0-255,66,291899,69,358953
13754,0.002246,74.125.68.0-255,7156,299055,69,358953
13755,0.002253,74.125.68.0-255,5738,304793,69,358953
13756,0.00226,74.125.68.0-255,7156,311949,69,358953
13757,0.002265,74.125.68.0-255,4320,316269,69,358953
13758,0.002283,74.125.68.0-255,3602,319871,69,358953
13759,0.00229,74.125.68.0-255,7156,327027,69,358953
13760,0.002295,172.31.40.0-255,66,327093,69,358953
13761,0.002302,74.125.68.0-255,1484,328577,69,358953
13762,0.00233,74.125.68.0-255,2902,331479,69,358953
13763,0.002343,172.31.40.0-255,66,331545,69,358953
13764,0.00235,74.125.68.0-255,7156,338701,69,358953
13765,0.002355,172.31.40.0-255,66,338767,69,358953
13766,0.002379,74.125.68.0-255,1484,340251,69,358953
13767,0.002398,74.125.68.0-255,2184,342435,69,358953
13768,0.00242,74.125.68.0-255,5738,348173,69,358953
13769,0.002445,74.125.68.0-255,5738,353911,69,358953
13770,0.002449,74.125.68.0-255,2587,356498,69,358953
13771,0.002456,172.31.40.0-255,66,356564,69,358953
13772,0.002489,74.125.68.0-255,105,356669,69,358953
13773,0.011117,172.31.40.0-255,66,356735,69,358953
13774,0.011158,172.31.40.0-255,105,356840,69,358953
13775,0.013847,74.125.68.0-255,66,356906,69,358953
13776,0.035157,172.31.40.0-255,172,357078,69,358953
13777,0.035194,172.31.40.0-255,1116,358194,69,358953
13778,0.035252,172.31.40.0-255,561,358755,69,358953
13779,0.036807,104.244.42.0-255,66,358821,69,358953
13780,0.036915,104.244.42.0-255,66,358887,69,358953
13781,0.036929,104.244.42.0-255,66,358953,69,358953
